0,7,10,5,6,1,8,8,2,3,1,2,6,5,0,10,8,2,4,9,2,2,9,5,4,4,9,5,6,8,7,4,6,0,8,4,10,8,1,2,3,6,7,8,5,2,0,11,7,6,0,5,8,8,6,9,9,4,3,8,2,3,7,4,5,4,6,11,6,7,10,1,5,4,7,0,6,9,6,5,8,10,1,5,8,6,2,7,8,6,5,9,6,6,2,5,11,6,9,2,7,0,7,2,9,6,8,0,3,1,0,7,2,2,8,2,4,7,1,2,6,9,2,0,9,7,9,7,4,7,8,9,2,3,5,9,2,6,4,6,6,5,4,7,8,0,10,0,6,7
2,8,11,6,7,2,9,9,3,4,2,3,7,6,2,11,9,3,5,10,3,3,10,6,5,5,10,6,7,9,8,5,7,2,9,5,11,9,2,3,4,7,8,9,6,3,2,0,8,7,2,6,9,9,7,10,10,5,4,9,3,4,8,5,6,5,7,0,7,8,11,2,6,5,8,2,7,10,7,6,9,11,2,6,9,7,3,8,9,7,6,10,7,7,3,6,0,7,10,3,8,2,8,3,10,7,9,2,4,2,2,8,3,3,9,3,5,8,2,3,7,10,3,2,10,8,10,8,5,8,9,10,3,4,6,10,3,7,5,7,7,6,5,8,9,2,11,2,7,8
3,9,0,7,8,3,10,10,4,5,3,4,8,7,3,0,10,4,6,11,4,4,11,7,6,6,11,7,8,10,9,6,8,3,10,6,0,10,3,4,5,8,9,10,7,4,3,2,9,8,3,7,10,10,8,11,11,6,5,10,4,5,9,6,7,6,8,2,8,9,0,3,7,6,9,3,8,11,8,7,10,0,3,7,10,8,4,9,10,8,7,11,8,8,4,7,2,8,11,4,9,3,9,4,11,8,10,3,5,3,3,9,4,4,10,4,6,9,3,4,8,11,4,3,11,9,11,9,6,9,10,11,4,5,7,11,4,8,6,8,8,7,6,9,10,3,0,3,8,9
4,10,2,8,9,4,11,11,5,6,4,5,9,8,4,2,11,5,7,0,5,5,0,8,7,7,0,8,9,11,10,7,9,4,11,7,2,11,4,5,6,9,10,11,8,5,4,3,10,9,4,8,11,11,9,0,0,7,6,11,5,6,10,7,8,7,9,3,9,10,2,4,8,7,10,4,9,0,9,8,11,2,4,8,11,9,5,10,11,9,8,0,9,9,5,8,3,9,0,5,10,4,10,5,0,9,11,4,6,4,4,10,5,5,11,5,7,10,4,5,9,0,5,4,0,10,0,10,7,10,11,0,5,6,8,0,5,9,7,9,9,8,7,10,11,4,2,4,9,10
5,11,3,9,10,5,0,0,6,7,5,6,10,9,5,3,0,6,8,2,6,6,2,9,8,8,2,9,10,0,11,8,10,5,0,8,3,0,5,6,7,10,11,0,9,6,5,4,11,10,5,9,0,0,10,2,2,8,7,0,6,7,11,8,9,8,10,4,10,11,3,5,9,8,11,5,10,2,10,9,0,3,5,9,0,10,6,11,0,10,9,2,10,10,6,9,4,10,2,6,11,5,11,6,2,10,0,5,7,5,5,11,6,6,0,6,8,11,5,6,10,2,6,5,2,11,2,11,8,11,0,2,6,7,9,2,6,10,8,10,10,9,8,11,0,5,3,5,10,11
6,0,4,10,11,6,2,2,7,8,6,7,11,10,6,4,2,7,9,3,7,7,3,10,9,9,3,10,11,2,0,9,11,6,2,9,4,2,6,7,8,11,0,2,10,7,6,5,0,11,6,10,2,2,11,3,3,9,8,2,7,8,0,9,10,9,11,5,11,0,4,6,10,9,0,6,11,3,11,10,2,4,6,10,2,11,7,0,2,11,10,3,11,11,7,10,5,11,3,7,0,6,0,7,3,11,2,6,8,6,6,0,7,7,2,7,9,0,6,7,11,3,7,6,3,0,3,0,9,0,2,3,7,8,10,3,7,11,9,11,11,10,9,0,2,6,4,6,11,0
7,2,5,11,0,7,3,3,8,9,7,8,0,11,7,5,3,8,10,4,8,8,4,11,10,10,4,11,0,3,2,10,0,7,3,10,5,3,7,8,9,0,2,3,11,8,7,6,2,0,7,11,3,3,0,4,4,10,9,3,8,9,2,10,11,10,0,6,0,2,5,7,11,10,2,7,0,4,0,11,3,5,7,11,3,0,8,2,3,0,11,4,0,0,8,11,6,0,4,8,2,7,2,8,4,0,3,7,9,7,7,2,8,8,3,8,10,2,7,8,0,4,8,7,4,2,4,2,10,2,3,4,8,9,11,4,8,0,10,0,0,11,10,2,3,7,5,7,0,2
8,3,6,0,2,8,4,4,9,10,8,9,2,0,8,6,4,9,11,5,9,9,5,0,11,11,5,0,2,4,3,11,2,8,4,11,6,4,8,9,10,2,3,4,0,9,8,7,3,2,8,0,4,4,2,5,5,11,10,4,9,10,3,11,0,11,2,7,2,3,6,8,0,11,3,8,2,5,2,0,4,6,8,0,4,2,9,3,4,2,0,5,2,2,9,0,7,2,5,9,3,8,3,9,5,2,4,8,10,8,8,3,9,9,4,9,11,3,8,9,2,5,9,8,5,3,5,3,11,3,4,5,9,10,0,5,9,2,11,2,2,0,11,3,4,8,6,8,2,3
9,4,7,2,3,9,5,5,10,11,9,10,3,2,9,7,5,10,0,6,10,10,6,2,0,0,6,2,3,5,4,0,3,9,5,0,7,5,9,10,11,3,4,5,2,10,9,8,4,3,9,2,5,5,3,6,6,0,11,5,10,11,4,0,2,0,3,8,3,4,7,9,2,0,4,9,3,6,3,2,5,7,9,2,5,3,10,4,5,3,2,6,3,3,10,2,8,3,6,10,4,9,4,10,6,3,5,9,11,9,9,4,10,10,5,10,0,4,9,10,3,6,10,9,6,4,6,4,0,4,5,6,10,11,2,6,10,3,0,3,3,2,0,4,5,9,7,9,3,4
10,5,8,3,4,10,6,6,11,0,10,11,4,3,10,8,6,11,2,7,11,11,7,3,2,2,7,3,4,6,5,2,4,10,6,2,8,6,10,11,0,4,5,6,3,11,10,9,5,4,10,3,6,6,4,7,7,2,0,6,11,0,5,2,3,2,4,9,4,5,8,10,3,2,5,10,4,7,4,3,6,8,10,3,6,4,11,5,6,4,3,7,4,4,11,3,9,4,7,11,5,10,5,11,7,4,6,10,0,10,10,5,11,11,6,11,2,5,10,11,4,7,11,10,7,5,7,5,2,5,6,7,11,0,3,7,11,4,2,4,4,3,2,5,6,10,8,10,4,5
11,6,9,4,5,11,7,7,0,2,11,0,5,4,11,9,7,0,3,8,0,0,8,4,3,3,8,4,5,7,6,3,5,11,7,3,9,7,11,0,2,5,6,7,4,0,11,10,6,5,11,4,7,7,5,8,8,3,2,7,0,2,6,3,4,3,5,10,5,6,9,11,4,3,6,11,5,8,5,4,7,9,11,4,7,5,0,6,7,5,4,8,5,5,0,4,10,5,8,0,6,11,6,0,8,5,7,11,2,11,11,6,0,0,7,0,3,6,11,0,5,8,0,11,8,6,8,6,3,6,7,8,0,2,4,8,0,5,3,5,5,4,3,6,7,11,9,11,5,6
0,7,10,5,6,0,8,8,2,3,0,2,6,5,0,10,8,2,4,9,2,2,9,5,4,4,9,5,6,8,7,4,6,0,8,4,10,8,0,2,3,6,7,8,5,2,0,11,7,6,0,5,8,8,6,9,9,4,3,8,2,3,7,4,5,4,6,11,6,7,10,0,5,4,7,0,6,9,6,5,8,10,0,5,8,6,2,7,8,6,5,9,6,6,2,5,11,6,9,2,7,0,7,2,9,6,8,0,3,0,0,7,2,2,8,2,4,7,0,2,6,9,2,0,9,7,9,7,4,7,8,9,2,3,5,9,2,6,4,6,6,5,4,7,8,0,10,0,6,7
2,8,11,6,7,2,9,9,3,4,2,3,7,6,2,11,9,3,5,10,3,3,10,6,5,5,10,6,7,9,8,5,7,2,9,5,11,9,2,3,4,7,8,9,6,3,2,0,8,7,2,6,9,9,7,10,10,5,4,9,3,4,8,5,6,5,7,0,7,8,11,2,6,5,8,2,7,10,7,6,9,11,2,6,9,7,3,8,9,7,6,10,7,7,3,6,0,7,10,3,8,2,8,3,10,7,9,2,4,2,2,8,3,3,9,3,5,8,2,3,7,10,3,2,10,8,10,8,5,8,9,10,3,4,6,10,3,7,5,7,7,6,5,8,9,2,11,2,7,8
3,9,0,7,8,3,10,10,4,5,3,4,8,7,3,0,10,4,6,11,4,4,11,7,6,6,11,7,8,10,9,6,8,3,10,6,0,10,3,4,5,8,9,10,7,4,3,2,9,8,3,7,10,10,8,11,11,6,5,10,4,5,9,6,7,6,8,2,8,9,0,3,7,6,9,3,8,11,8,7,10,0,3,7,10,8,4,9,10,8,7,11,8,8,4,7,2,8,11,4,9,3,9,4,11,8,10,3,5,3,3,9,4,4,10,4,6,9,3,4,8,11,4,3,11,9,11,9,6,9,10,11,4,5,7,11,4,8,6,8,8,7,6,9,10,3,0,3,8,9
4,10,2,8,9,4,11,11,5,6,4,5,9,8,4,2,11,5,7,0,5,5,0,8,7,7,0,8,9,11,10,7,9,4,11,7,2,11,4,5,6,9,10,11,8,5,4,3,10,9,4,8,11,11,9,0,0,7,6,11,5,6,10,7,8,7,9,3,9,10,2,4,8,7,10,4,9,0,9,8,11,2,4,8,11,9,5,10,11,9,8,0,9,9,5,8,3,9,0,5,10,4,10,5,0,9,11,4,6,4,4,10,5,5,11,5,7,10,4,5,9,0,5,4,0,10,0,10,7,10,11,0,5,6,8,0,5,9,7,9,9,8,7,10,11,4,2,4,9,10
5,11,3,9,10,5,0,0,6,7,5,6,10,9,5,3,0,6,8,2,6,6,2,9,8,8,2,9,10,0,11,8,10,5,0,8,3,0,5,6,7,10,11,0,9,6,5,4,11,10,5,9,0,0,10,2,2,8,7,0,6,7,11,8,9,8,10,4,10,11,3,5,9,8,11,5,10,2,10,9,0,3,5,9,0,10,6,11,0,10,9,2,10,10,6,9,4,10,2,6,11,5,11,6,2,10,0,5,7,5,5,11,6,6,0,6,8,11,5,6,10,2,6,5,2,11,2,11,8,11,0,2,6,7,9,2,6,10,8,10,10,9,8,11,0,5,3,5,10,11
6,0,4,10,11,6,2,2,7,8,6,7,11,10,6,4,2,7,9,3,7,7,3,10,9,9,3,10,11,2,0,9,11,6,2,9,4,2,6,7,8,11,0,2,10,7,6,5,0,11,6,10,2,2,11,3,3,9,8,2,7,8,0,9,10,9,11,5,11,0,4,6,10,9,0,6,11,3,11,10,2,4,6,10,2,11,7,0,2,11,10,3,11,11,7,10,5,11,3,7,0,6,0,7,3,11,2,6,8,6,6,0,7,7,2,7,9,0,6,7,11,3,7,6,3,0,3,0,9,0,2,3,7,8,10,3,7,11,9,11,11,10,9,0,2,6,4,6,11,0
7,2,5,11,0,7,3,3,8,9,7,8,0,11,7,5,3,8,10,4,8,8,4,11,10,10,4,11,0,3,2,10,0,7,3,10,5,3,7,8,9,0,2,3,11,8,7,6,2,0,7,11,3,3,0,4,4,10,9,3,8,9,2,10,11,10,0,6,0,2,5,7,11,10,2,7,0,4,0,11,3,5,7,11,3,0,8,2,3,0,11,4,0,0,8,11,6,0,4,8,2,7,2,8,4,0,3,7,9,7,7,2,8,8,3,8,10,2,7,8,0,4,8,7,4,2,4,2,10,2,3,4,8,9,11,4,8,0,10,0,0,11,10,2,3,7,5,7,0,2
8,3,6,0,2,8,4,4,9,10,8,9,2,0,8,6,4,9,11,5,9,9,5,0,11,11,5,0,2,4,3,11,2,8,4,11,6,4,8,9,10,2,3,4,0,9,8,7,3,2,8,0,4,4,2,5,5,11,10,4,9,10,3,11,0,11,2,7,2,3,6,8,0,11,3,8,2,5,2,0,4,6,8,0,4,2,9,3,4,2,0,5,2,2,9,0,7,2,5,9,3,8,3,9,5,2,4,8,10,8,8,3,9,9,4,9,11,3,8,9,2,5,9,8,5,3,5,3,11,3,4,5,9,10,0,5,9,2,11,2,2,0,11,3,4,8,6,8,2,3
9,4,7,2,3,9,5,5,10,11,9,10,3,2,9,7,5,10,0,6,10,10,6,2,0,0,6,2,3,5,4,0,3,9,5,0,7,5,9,10,11,3,4,5,2,10,9,8,4,3,9,2,5,5,3,6,6,0,11,5,10,11,4,0,2,0,3,8,3,4,7,9,2,0,4,9,3,6,3,2,5,7,9,2,5,3,10,4,5,3,2,6,3,3,10,2,8,3,6,10,4,9,4,10,6,3,5,9,11,9,9,4,10,10,5,10,0,4,9,10,3,6,10,9,6,4,6,4,0,4,5,6,10,11,2,6,10,3,0,3,3,2,0,4,5,9,7,9,3,4
10,5,8,3,4,10,6,6,11,0,10,11,4,3,10,8,6,11,2,7,11,11,7,3,2,2,7,3,4,6,5,2,4,10,6,2,8,6,10,11,0,4,5,6,3,11,10,9,5,4,10,3,6,6,4,7,7,2,0,6,11,0,5,2,3,2,4,9,4,5,8,10,3,2,5,10,4,7,4,3,6,8,10,3,6,4,11,5,6,4,3,7,4,4,11,3,9,4,7,11,5,10,5,11,7,4,6,10,0,10,10,5,11,11,6,11,2,5,10,11,4,7,11,10,7,5,7,5,2,5,6,7,11,0,3,7,11,4,2,4,4,3,2,5,6,10,8,10,4,5
11,6,9,4,5,11,7,7,0,2,11,0,5,4,11,9,7,0,3,8,0,0,8,4,3,3,8,4,5,7,6,3,5,11,7,3,9,7,11,0,2,5,6,7,4,0,11,10,6,5,11,4,7,7,5,8,8,3,2,7,0,2,6,3,4,3,5,10,5,6,9,11,4,3,6,11,5,8,5,4,7,9,11,4,7,5,0,6,7,5,4,8,5,5,0,4,10,5,8,0,6,11,6,0,8,5,7,11,2,11,11,6,0,0,7,0,3,6,11,0,5,8,0,11,8,6,8,6,3,6,7,8,0,2,4,8,0,5,3,5,5,4,3,6,7,11,9,11,5,6
0,7,10,5,6,0,8,8,2,3,0,2,6,5,0,10,8,2,4,9,2,2,9,5,4,4,9,5,6,8,7,4,6,0,8,4,10,8,0,2,3,6,7,8,5,2,0,11,7,6,0,5,8,8,6,9,9,4,3,8,2,3,7,4,5,4,6,11,6,7,10,0,5,4,7,0,6,9,6,5,8,10,0,5,8,6,2,7,8,6,5,9,6,6,2,5,11,6,9,2,7,0,7,2,9,6,8,0,3,0,0,7,2,2,8,2,4,7,0,2,6,9,2,0,9,7,9,7,4,7,8,9,2,3,5,9,2,6,4,6,6,5,4,7,8,0,10,0,6,7
2,8,11,6,7,2,9,9,3,4,2,3,7,6,2,11,9,3,5,10,3,3,10,6,5,5,10,6,7,9,8,5,7,2,9,5,11,9,2,3,4,7,8,9,6,3,2,0,8,7,2,6,9,9,7,10,10,5,4,9,3,4,8,5,6,5,7,0,7,8,11,2,6,5,8,2,7,10,7,6,9,11,2,6,9,7,3,8,9,7,6,10,7,7,3,6,0,7,10,3,8,2,8,3,10,7,9,2,4,2,2,8,3,3,9,3,5,8,2,3,7,10,3,2,10,8,10,8,5,8,9,10,3,4,6,10,3,7,5,7,7,6,5,8,9,2,11,2,7,8
3,9,0,7,8,3,10,10,4,5,3,4,8,7,3,0,10,4,6,11,4,4,11,7,6,6,11,7,8,10,9,6,8,3,10,6,0,10,3,4,5,8,9,10,7,4,3,2,9,8,3,7,10,10,8,11,11,6,5,10,4,5,9,6,7,6,8,2,8,9,0,3,7,6,9,3,8,11,8,7,10,0,3,7,10,8,4,9,10,8,7,11,8,8,4,7,2,8,11,4,9,3,9,4,11,8,10,3,5,3,3,9,4,4,10,4,6,9,3,4,8,11,4,3,11,9,11,9,6,9,10,11,4,5,7,11,4,8,6,8,8,7,6,9,10,3,0,3,8,9
4,10,2,8,9,4,11,11,5,6,4,5,9,8,4,2,11,5,7,0,5,5,0,8,7,7,0,8,9,11,10,7,9,4,11,7,2,11,4,5,6,9,10,11,8,5,4,3,10,9,4,8,11,11,9,0,0,7,6,11,5,6,10,7,8,7,9,3,9,10,2,4,8,7,10,4,9,0,9,8,11,2,4,8,11,9,5,10,11,9,8,0,9,9,5,8,3,9,0,5,10,4,10,5,0,9,11,4,6,4,4,10,5,5,11,5,7,10,4,5,9,0,5,4,0,10,0,10,7,10,11,0,5,6,8,0,5,9,7,9,9,8,7,10,11,4,2,4,9,10
5,11,3,9,10,5,0,0,6,7,5,6,10,9,5,3,0,6,8,2,6,6,2,9,8,8,2,9,10,0,11,8,10,5,0,8,3,0,5,6,7,10,11,0,9,6,5,4,11,10,5,9,0,0,10,2,2,8,7,0,6,7,11,8,9,8,10,4,10,11,3,5,9,8,11,5,10,2,10,9,0,3,5,9,0,10,6,11,0,10,9,2,10,10,6,9,4,10,2,6,11,5,11,6,2,10,0,5,7,5,5,11,6,6,0,6,8,11,5,6,10,2,6,5,2,11,2,11,8,11,0,2,6,7,9,2,6,10,8,10,10,9,8,11,0,5,3,5,10,11
6,0,4,10,11,6,2,2,7,8,6,7,11,10,6,4,2,7,9,3,7,7,3,10,9,9,3,10,11,2,0,9,11,6,2,9,4,2,6,7,8,11,0,2,10,7,6,5,0,11,6,10,2,2,11,3,3,9,8,2,7,8,0,9,10,9,11,5,11,0,4,6,10,9,0,6,11,3,11,10,2,4,6,10,2,11,7,0,2,11,10,3,11,11,7,10,5,11,3,7,0,6,0,7,3,11,2,6,8,6,6,0,7,7,2,7,9,0,6,7,11,3,7,6,3,0,3,0,9,0,2,3,7,8,10,3,7,11,9,11,11,10,9,0,2,6,4,6,11,0
7,2,5,11,0,7,3,3,8,9,7,8,0,11,7,5,3,8,10,4,8,8,4,11,10,10,4,11,0,3,2,10,0,7,3,10,5,3,7,8,9,0,2,3,11,8,7,6,2,0,7,11,3,3,0,4,4,10,9,3,8,9,2,10,11,10,0,6,0,2,5,7,11,10,2,7,0,4,0,11,3,5,7,11,3,0,8,2,3,0,11,4,0,0,8,11,6,0,4,8,2,7,2,8,4,0,3,7,9,7,7,2,8,8,3,8,10,2,7,8,0,4,8,7,4,2,4,2,10,2,3,4,8,9,11,4,8,0,10,0,0,11,10,2,3,7,5,7,0,2
8,3,6,0,2,8,4,4,9,10,8,9,2,0,8,6,4,9,11,5,9,9,5,0,11,11,5,0,2,4,3,11,2,8,4,11,6,4,8,9,10,2,3,4,0,9,8,7,3,2,8,0,4,4,2,5,5,11,10,4,9,10,3,11,0,11,2,7,2,3,6,8,0,11,3,8,2,5,2,0,4,6,8,0,4,2,9,3,4,2,0,5,2,2,9,0,7,2,5,9,3,8,3,9,5,2,4,8,10,8,8,3,9,9,4,9,11,3,8,9,2,5,9,8,5,3,5,3,11,3,4,5,9,10,0,5,9,2,11,2,2,0,11,3,4,8,6,8,2,3
9,4,7,2,3,9,5,5,10,11,9,10,3,2,9,7,5,10,0,6,10,10,6,2,0,0,6,2,3,5,4,0,3,9,5,0,7,5,9,10,11,3,4,5,2,10,9,8,4,3,9,2,5,5,3,6,6,0,11,5,10,11,4,0,2,0,3,8,3,4,7,9,2,0,4,9,3,6,3,2,5,7,9,2,5,3,10,4,5,3,2,6,3,3,10,2,8,3,6,10,4,9,4,10,6,3,5,9,11,9,9,4,10,10,5,10,0,4,9,10,3,6,10,9,6,4,6,4,0,4,5,6,10,11,2,6,10,3,0,3,3,2,0,4,5,9,7,9,3,4
10,5,8,3,4,10,6,6,11,0,10,11,4,3,10,8,6,11,2,7,11,11,7,3,2,2,7,3,4,6,5,2,4,10,6,2,8,6,10,11,0,4,5,6,3,11,10,9,5,4,10,3,6,6,4,7,7,2,0,6,11,0,5,2,3,2,4,9,4,5,8,10,3,2,5,10,4,7,4,3,6,8,10,3,6,4,11,5,6,4,3,7,4,4,11,3,9,4,7,11,5,10,5,11,7,4,6,10,0,10,10,5,11,11,6,11,2,5,10,11,4,7,11,10,7,5,7,5,2,5,6,7,11,0,3,7,11,4,2,4,4,3,2,5,6,10,8,10,4,5
11,6,9,4,5,11,7,7,0,2,11,0,5,4,11,9,7,0,3,8,0,0,8,4,3,3,8,4,5,7,6,3,5,11,7,3,9,7,11,0,2,5,6,7,4,0,11,10,6,5,11,4,7,7,5,8,8,3,2,7,0,2,6,3,4,3,5,10,5,6,9,11,4,3,6,11,5,8,5,4,7,9,11,4,7,5,0,6,7,5,4,8,5,5,0,4,10,5,8,0,6,11,6,0,8,5,7,11,2,11,11,6,0,0,7,0,3,6,11,0,5,8,0,11,8,6,8,6,3,6,7,8,0,2,4,8,0,5,3,5,5,4,3,6,7,11,9,11,5,6
0,7,10,5,6,0,8,8,2,3,0,2,6,5,0,10,8,2,4,9,2,2,9,5,4,4,9,5,6,8,7,4,6,0,8,4,10,8,0,2,3,6,7,8,5,2,0,11,7,6,0,5,8,8,6,9,9,4,3,8,2,3,7,4,5,4,6,11,6,7,10,0,5,4,7,0,6,9,6,5,8,10,0,5,8,6,2,7,8,6,5,9,6,6,2,5,11,6,9,2,7,0,7,2,9,6,8,0,3,0,0,7,2,2,8,2,4,7,0,2,6,9,2,0,9,7,9,7,4,7,8,9,2,3,5,9,2,6,4,6,6,5,4,7,8,0,10,0,6,7
2,8,11,6,7,2,9,9,3,4,2,3,7,6,2,11,9,3,5,10,3,3,10,6,5,5,10,6,7,9,8,5,7,2,9,5,11,9,2,3,4,7,8,9,6,3,2,0,8,7,2,6,9,9,7,10,10,5,4,9,3,4,8,5,6,5,7,0,7,8,11,2,6,5,8,2,7,10,7,6,9,11,2,6,9,7,3,8,9,7,6,10,7,7,3,6,0,7,10,3,8,2,8,3,10,7,9,2,4,2,2,8,3,3,9,3,5,8,2,3,7,10,3,2,10,8,10,8,5,8,9,10,3,4,6,10,3,7,5,7,7,6,5,8,9,2,11,2,7,8
3,9,0,7,8,3,10,10,4,5,3,4,8,7,3,0,10,4,6,11,4,4,11,7,6,6,11,7,8,10,9,6,8,3,10,6,0,10,3,4,5,8,9,10,7,4,3,2,9,8,3,7,10,10,8,11,11,6,5,10,4,5,9,6,7,6,8,2,8,9,0,3,7,6,9,3,8,11,8,7,10,0,3,7,10,8,4,9,10,8,7,11,8,8,4,7,2,8,11,4,9,3,9,4,11,8,10,3,5,3,3,9,4,4,10,4,6,9,3,4,8,11,4,3,11,9,11,9,6,9,10,11,4,5,7,11,4,8,6,8,8,7,6,9,10,3,0,3,8,9
4,10,2,8,9,4,11,11,5,6,4,5,9,8,4,2,11,5,7,0,5,5,0,8,7,7,0,8,9,11,10,7,9,4,11,7,2,11,4,5,6,9,10,11,8,5,4,3,10,9,4,8,11,11,9,0,0,7,6,11,5,6,10,7,8,7,9,3,9,10,2,4,8,7,10,4,9,0,9,8,11,2,4,8,11,9,5,10,11,9,8,0,9,9,5,8,3,9,0,5,10,4,10,5,0,9,11,4,6,4,4,10,5,5,11,5,7,10,4,5,9,0,5,4,0,10,0,10,7,10,11,0,5,6,8,0,5,9,7,9,9,8,7,10,11,4,2,4,9,10
5,11,3,9,10,5,0,0,6,7,5,6,10,9,5,3,0,6,8,2,6,6,2,9,8,8,2,9,10,0,11,8,10,5,0,8,3,0,5,6,7,10,11,0,9,6,5,4,11,10,5,9,0,0,10,2,2,8,7,0,6,7,11,8,9,8,10,4,10,11,3,5,9,8,11,5,10,2,10,9,0,3,5,9,0,10,6,11,0,10,9,2,10,10,6,9,4,10,2,6,11,5,11,6,2,10,0,5,7,5,5,11,6,6,0,6,8,11,5,6,10,2,6,5,2,11,2,11,8,11,0,2,6,7,9,2,6,10,8,10,10,9,8,11,0,5,3,5,10,11
6,0,4,10,11,6,2,2,7,8,6,7,11,10,6,4,2,7,9,3,7,7,3,10,9,9,3,10,11,2,0,9,11,6,2,9,4,2,6,7,8,11,0,2,10,7,6,5,0,11,6,10,2,2,11,3,3,9,8,2,7,8,0,9,10,9,11,5,11,0,4,6,10,9,0,6,11,3,11,10,2,4,6,10,2,11,7,0,2,11,10,3,11,11,7,10,5,11,3,7,0,6,0,7,3,11,2,6,8,6,6,0,7,7,2,7,9,0,6,7,11,3,7,6,3,0,3,0,9,0,2,3,7,8,10,3,7,11,9,11,11,10,9,0,2,6,4,6,11,0
7,2,5,11,0,7,3,3,8,9,7,8,0,11,7,5,3,8,10,4,8,8,4,11,10,10,4,11,0,3,2,10,0,7,3,10,5,3,7,8,9,0,2,3,11,8,7,6,2,0,7,11,3,3,0,4,4,10,9,3,8,9,2,10,11,10,0,6,0,2,5,7,11,10,2,7,0,4,0,11,3,5,7,11,3,0,8,2,3,0,11,4,0,0,8,11,6,0,4,8,2,7,2,8,4,0,3,7,9,7,7,2,8,8,3,8,10,2,7,8,0,4,8,7,4,2,4,2,10,2,3,4,8,9,11,4,8,0,10,0,0,11,10,2,3,7,5,7,0,2
8,3,6,0,2,8,4,4,9,10,8,9,2,0,8,6,4,9,11,5,9,9,5,0,11,11,5,0,2,4,3,11,2,8,4,11,6,4,8,9,10,2,3,4,0,9,8,7,3,2,8,0,4,4,2,5,5,11,10,4,9,10,3,11,0,11,2,7,2,3,6,8,0,11,3,8,2,5,2,0,4,6,8,0,4,2,9,3,4,2,0,5,2,2,9,0,7,2,5,9,3,8,3,9,5,2,4,8,10,8,8,3,9,9,4,9,11,3,8,9,2,5,9,8,5,3,5,3,11,3,4,5,9,10,0,5,9,2,11,2,2,0,11,3,4,8,6,8,2,3
9,4,7,2,3,9,5,5,10,11,9,10,3,2,9,7,5,10,0,6,10,10,6,2,0,0,6,2,3,5,4,0,3,9,5,0,7,5,9,10,11,3,4,5,2,10,9,8,4,3,9,2,5,5,3,6,6,0,11,5,10,11,4,0,2,0,3,8,3,4,7,9,2,0,4,9,3,6,3,2,5,7,9,2,5,3,10,4,5,3,2,6,3,3,10,2,8,3,6,10,4,9,4,10,6,3,5,9,11,9,9,4,10,10,5,10,0,4,9,10,3,6,10,9,6,4,6,4,0,4,5,6,10,11,2,6,10,3,0,3,3,2,0,4,5,9,7,9,3,4
10,5,8,3,4,10,6,6,11,0,10,11,4,3,10,8,6,11,2,7,11,11,7,3,2,2,7,3,4,6,5,2,4,10,6,2,8,6,10,11,0,4,5,6,3,11,10,9,5,4,10,3,6,6,4,7,7,2,0,6,11,0,5,2,3,2,4,9,4,5,8,10,3,2,5,10,4,7,4,3,6,8,10,3,6,4,11,5,6,4,3,7,4,4,11,3,9,4,7,11,5,10,5,11,7,4,6,10,0,10,10,5,11,11,6,11,2,5,10,11,4,7,11,10,7,5,7,5,2,5,6,7,11,0,3,7,11,4,2,4,4,3,2,5,6,10,8,10,4,5
11,6,9,4,5,11,7,7,0,2,11,0,5,4,11,9,7,0,3,8,0,0,8,4,3,3,8,4,5,7,6,3,5,11,7,3,9,7,11,0,2,5,6,7,4,0,11,10,6,5,11,4,7,7,5,8,8,3,2,7,0,2,6,3,4,3,5,10,5,6,9,11,4,3,6,11,5,8,5,4,7,9,11,4,7,5,0,6,7,5,4,8,5,5,0,4,10,5,8,0,6,11,6,0,8,5,7,11,2,11,11,6,0,0,7,0,3,6,11,0,5,8,0,11,8,6,8,6,3,6,7,8,0,2,4,8,0,5,3,5,5,4,3,6,7,11,9,11,5,6
0,7,10,5,6,0,8,8,2,3,0,2,6,5,0,10,8,2,4,9,2,2,9,5,4,4,9,5,6,8,7,4,6,0,8,4,10,8,0,2,3,6,7,8,5,2,0,11,7,6,0,5,8,8,6,9,9,4,3,8,2,3,7,4,5,4,6,11,6,7,10,0,5,4,7,0,6,9,6,5,8,10,0,5,8,6,2,7,8,6,5,9,6,6,2,5,11,6,9,2,7,0,7,2,9,6,8,0,3,0,0,7,2,2,8,2,4,7,0,2,6,9,2,0,9,7,9,7,4,7,8,9,2,3,5,9,2,6,4,6,6,5,4,7,8,0,10,0,6,7
2,8,11,6,7,2,9,9,3,4,2,3,7,6,2,11,9,3,5,10,3,3,10,6,5,5,10,6,7,9,8,5,7,2,9,5,11,9,2,3,4,7,8,9,6,3,2,0,8,7,2,6,9,9,7,10,10,5,4,9,3,4,8,5,6,5,7,0,7,8,11,2,6,5,8,2,7,10,7,6,9,11,2,6,9,7,3,8,9,7,6,10,7,7,3,6,0,7,10,3,8,2,8,3,10,7,9,2,4,2,2,8,3,3,9,3,5,8,2,3,7,10,3,2,10,8,10,8,5,8,9,10,3,4,6,10,3,7,5,7,7,6,5,8,9,2,11,2,7,8
3,9,0,7,8,3,10,10,4,5,3,4,8,7,3,0,10,4,6,11,4,4,11,7,6,6,11,7,8,10,9,6,8,3,10,6,0,10,3,4,5,8,9,10,7,4,3,2,9,8,3,7,10,10,8,11,11,6,5,10,4,5,9,6,7,6,8,2,8,9,0,3,7,6,9,3,8,11,8,7,10,0,3,7,10,8,4,9,10,8,7,11,8,8,4,7,2,8,11,4,9,3,9,4,11,8,10,3,5,3,3,9,4,4,10,4,6,9,3,4,8,11,4,3,11,9,11,9,6,9,10,11,4,5,7,11,4,8,6,8,8,7,6,9,10,3,0,3,8,9
4,10,2,8,9,4,11,11,5,6,4,5,9,8,4,2,11,5,7,0,5,5,0,8,7,7,0,8,9,11,10,7,9,4,11,7,2,11,4,5,6,9,10,11,8,5,4,3,10,9,4,8,11,11,9,0,0,7,6,11,5,6,10,7,8,7,9,3,9,10,2,4,8,7,10,4,9,0,9,8,11,2,4,8,11,9,5,10,11,9,8,0,9,9,5,8,3,9,0,5,10,4,10,5,0,9,11,4,6,4,4,10,5,5,11,5,7,10,4,5,9,0,5,4,0,10,0,10,7,10,11,0,5,6,8,0,5,9,7,9,9,8,7,10,11,4,2,4,9,10
5,11,3,9,10,5,0,0,6,7,5,6,10,9,5,3,0,6,8,2,6,6,2,9,8,8,2,9,10,0,11,8,10,5,0,8,3,0,5,6,7,10,11,0,9,6,5,4,11,10,5,9,0,0,10,2,2,8,7,0,6,7,11,8,9,8,10,4,10,11,3,5,9,8,11,5,10,2,10,9,0,3,5,9,0,10,6,11,0,10,9,2,10,10,6,9,4,10,2,6,11,5,11,6,2,10,0,5,7,5,5,11,6,6,0,6,8,11,5,6,10,2,6,5,2,11,2,11,8,11,0,2,6,7,9,2,6,10,8,10,10,9,8,11,0,5,3,5,10,11
6,0,4,10,11,6,2,2,7,8,6,7,11,10,6,4,2,7,9,3,7,7,3,10,9,9,3,10,11,2,0,9,11,6,2,9,4,2,6,7,8,11,0,2,10,7,6,5,0,11,6,10,2,2,11,3,3,9,8,2,7,8,0,9,10,9,11,5,11,0,4,6,10,9,0,6,11,3,11,10,2,4,6,10,2,11,7,0,2,11,10,3,11,11,7,10,5,11,3,7,0,6,0,7,3,11,2,6,8,6,6,0,7,7,2,7,9,0,6,7,11,3,7,6,3,0,3,0,9,0,2,3,7,8,10,3,7,11,9,11,11,10,9,0,2,6,4,6,11,0
7,2,5,11,0,7,3,3,8,9,7,8,0,11,7,5,3,8,10,4,8,8,4,11,10,10,4,11,0,3,2,10,0,7,3,10,5,3,7,8,9,0,2,3,11,8,7,6,2,0,7,11,3,3,0,4,4,10,9,3,8,9,2,10,11,10,0,6,0,2,5,7,11,10,2,7,0,4,0,11,3,5,7,11,3,0,8,2,3,0,11,4,0,0,8,11,6,0,4,8,2,7,2,8,4,0,3,7,9,7,7,2,8,8,3,8,10,2,7,8,0,4,8,7,4,2,4,2,10,2,3,4,8,9,11,4,8,0,10,0,0,11,10,2,3,7,5,7,0,2
8,3,6,0,2,8,4,4,9,10,8,9,2,0,8,6,4,9,11,5,9,9,5,0,11,11,5,0,2,4,3,11,2,8,4,11,6,4,8,9,10,2,3,4,0,9,8,7,3,2,8,0,4,4,2,5,5,11,10,4,9,10,3,11,0,11,2,7,2,3,6,8,0,11,3,8,2,5,2,0,4,6,8,0,4,2,9,3,4,2,0,5,2,2,9,0,7,2,5,9,3,8,3,9,5,2,4,8,10,8,8,3,9,9,4,9,11,3,8,9,2,5,9,8,5,3,5,3,11,3,4,5,9,10,0,5,9,2,11,2,2,0,11,3,4,8,6,8,2,3
9,4,7,2,3,9,5,5,10,11,9,10,3,2,9,7,5,10,0,6,10,10,6,2,0,0,6,2,3,5,4,0,3,9,5,0,7,5,9,10,11,3,4,5,2,10,9,8,4,3,9,2,5,5,3,6,6,0,11,5,10,11,4,0,2,0,3,8,3,4,7,9,2,0,4,9,3,6,3,2,5,7,9,2,5,3,10,4,5,3,2,6,3,3,10,2,8,3,6,10,4,9,4,10,6,3,5,9,11,9,9,4,10,10,5,10,0,4,9,10,3,6,10,9,6,4,6,4,0,4,5,6,10,11,2,6,10,3,0,3,3,2,0,4,5,9,7,9,3,4
10,5,8,3,4,10,6,6,11,0,10,11,4,3,10,8,6,11,2,7,11,11,7,3,2,2,7,3,4,6,5,2,4,10,6,2,8,6,10,11,0,4,5,6,3,11,10,9,5,4,10,3,6,6,4,7,7,2,0,6,11,0,5,2,3,2,4,9,4,5,8,10,3,2,5,10,4,7,4,3,6,8,10,3,6,4,11,5,6,4,3,7,4,4,11,3,9,4,7,11,5,10,5,11,7,4,6,10,0,10,10,5,11,11,6,11,2,5,10,11,4,7,11,10,7,5,7,5,2,5,6,7,11,0,3,7,11,4,2,4,4,3,2,5,6,10,8,10,4,5
11,6,9,4,5,11,7,7,0,2,11,0,5,4,11,9,7,0,3,8,0,0,8,4,3,3,8,4,5,7,6,3,5,11,7,3,9,7,11,0,2,5,6,7,4,0,11,10,6,5,11,4,7,7,5,8,8,3,2,7,0,2,6,3,4,3,5,10,5,6,9,11,4,3,6,11,5,8,5,4,7,9,11,4,7,5,0,6,7,5,4,8,5,5,0,4,10,5,8,0,6,11,6,0,8,5,7,11,2,11,11,6,0,0,7,0,3,6,11,0,5,8,0,11,8,6,8,6,3,6,7,8,0,2,4,8,0,5,3,5,5,4,3,6,7,11,9,11,5,6
0,7,10,5,6,0,8,8,2,3,0,2,6,5,0,10,8,2,4,9,2,2,9,5,4,4,9,5,6,8,7,4,6,0,8,4,10,8,0,2,3,6,7,8,5,2,0,11,7,6,0,5,8,8,6,9,9,4,3,8,2,3,7,4,5,4,6,11,6,7,10,0,5,4,7,0,6,9,6,5,8,10,0,5,8,6,2,7,8,6,5,9,6,6,2,5,11,6,9,2,7,0,7,2,9,6,8,0,3,0,0,7,2,2,8,2,4,7,0,2,6,9,2,0,9,7,9,7,4,7,8,9,2,3,5,9,2,6,4,6,6,5,4,7,8,0,10,0,6,7
2,8,11,6,7,2,9,9,3,4,2,3,7,6,2,11,9,3,5,10,3,3,10,6,5,5,10,6,7,9,8,5,7,2,9,5,11,9,2,3,4,7,8,9,6,3,2,0,8,7,2,6,9,9,7,10,10,5,4,9,3,4,8,5,6,5,7,0,7,8,11,2,6,5,8,2,7,10,7,6,9,11,2,6,9,7,3,8,9,7,6,10,7,7,3,6,0,7,10,3,8,2,8,3,10,7,9,2,4,2,2,8,3,3,9,3,5,8,2,3,7,10,3,2,10,8,10,8,5,8,9,10,3,4,6,10,3,7,5,7,7,6,5,8,9,2,11,2,7,8
3,9,0,7,8,3,10,10,4,5,3,4,8,7,3,0,10,4,6,11,4,4,11,7,6,6,11,7,8,10,9,6,8,3,10,6,0,10,3,4,5,8,9,10,7,4,3,2,9,8,3,7,10,10,8,11,11,6,5,10,4,5,9,6,7,6,8,2,8,9,0,3,7,6,9,3,8,11,8,7,10,0,3,7,10,8,4,9,10,8,7,11,8,8,4,7,2,8,11,4,9,3,9,4,11,8,10,3,5,3,3,9,4,4,10,4,6,9,3,4,8,11,4,3,11,9,11,9,6,9,10,11,4,5,7,11,4,8,6,8,8,7,6,9,10,3,0,3,8,9
4,10,2,8,9,4,11,11,5,6,4,5,9,8,4,2,11,5,7,0,5,5,0,8,7,7,0,8,9,11,10,7,9,4,11,7,2,11,4,5,6,9,10,11,8,5,4,3,10,9,4,8,11,11,9,0,0,7,6,11,5,6,10,7,8,7,9,3,9,10,2,4,8,7,10,4,9,0,9,8,11,2,4,8,11,9,5,10,11,9,8,0,9,9,5,8,3,9,0,5,10,4,10,5,0,9,11,4,6,4,4,10,5,5,11,5,7,10,4,5,9,0,5,4,0,10,0,10,7,10,11,0,5,6,8,0,5,9,7,9,9,8,7,10,11,4,2,4,9,10
5,11,3,9,10,5,0,0,6,7,5,6,10,9,5,3,0,6,8,2,6,6,2,9,8,8,2,9,10,0,11,8,10,5,0,8,3,0,5,6,7,10,11,0,9,6,5,4,11,10,5,9,0,0,10,2,2,8,7,0,6,7,11,8,9,8,10,4,10,11,3,5,9,8,11,5,10,2,10,9,0,3,5,9,0,10,6,11,0,10,9,2,10,10,6,9,4,10,2,6,11,5,11,6,2,10,0,5,7,5,5,11,6,6,0,6,8,11,5,6,10,2,6,5,2,11,2,11,8,11,0,2,6,7,9,2,6,10,8,10,10,9,8,11,0,5,3,5,10,11
6,0,4,10,11,6,2,2,7,8,6,7,11,10,6,4,2,7,9,3,7,7,3,10,9,9,3,10,11,2,0,9,11,6,2,9,4,2,6,7,8,11,0,2,10,7,6,5,0,11,6,10,2,2,11,3,3,9,8,2,7,8,0,9,10,9,11,5,11,0,4,6,10,9,0,6,11,3,11,10,2,4,6,10,2,11,7,0,2,11,10,3,11,11,7,10,5,11,3,7,0,6,0,7,3,11,2,6,8,6,6,0,7,7,2,7,9,0,6,7,11,3,7,6,3,0,3,0,9,0,2,3,7,8,10,3,7,11,9,11,11,10,9,0,2,6,4,6,11,0
7,2,5,11,0,7,3,3,8,9,7,8,0,11,7,5,3,8,10,4,8,8,4,11,10,10,4,11,0,3,2,10,0,7,3,10,5,3,7,8,9,0,2,3,11,8,7,6,2,0,7,11,3,3,0,4,4,10,9,3,8,9,2,10,11,10,0,6,0,2,5,7,11,10,2,7,0,4,0,11,3,5,7,11,3,0,8,2,3,0,11,4,0,0,8,11,6,0,4,8,2,7,2,8,4,0,3,7,9,7,7,2,8,8,3,8,10,2,7,8,0,4,8,7,4,2,4,2,10,2,3,4,8,9,11,4,8,0,10,0,0,11,10,2,3,7,5,7,0,2
8,3,6,0,2,8,4,4,9,10,8,9,2,0,8,6,4,9,11,5,9,9,5,0,11,11,5,0,2,4,3,11,2,8,4,11,6,4,8,9,10,2,3,4,0,9,8,7,3,2,8,0,4,4,2,5,5,11,10,4,9,10,3,11,0,11,2,7,2,3,6,8,0,11,3,8,2,5,2,0,4,6,8,0,4,2,9,3,4,2,0,5,2,2,9,0,7,2,5,9,3,8,3,9,5,2,4,8,10,8,8,3,9,9,4,9,11,3,8,9,2,5,9,8,5,3,5,3,11,3,4,5,9,10,0,5,9,2,11,2,2,0,11,3,4,8,6,8,2,3
9,4,7,2,3,9,5,5,10,11,9,10,3,2,9,7,5,10,0,6,10,10,6,2,0,0,6,2,3,5,4,0,3,9,5,0,7,5,9,10,11,3,4,5,2,10,9,8,4,3,9,2,5,5,3,6,6,0,11,5,10,11,4,0,2,0,3,8,3,4,7,9,2,0,4,9,3,6,3,2,5,7,9,2,5,3,10,4,5,3,2,6,3,3,10,2,8,3,6,10,4,9,4,10,6,3,5,9,11,9,9,4,10,10,5,10,0,4,9,10,3,6,10,9,6,4,6,4,0,4,5,6,10,11,2,6,10,3,0,3,3,2,0,4,5,9,7,9,3,4
10,5,8,3,4,10,6,6,11,0,10,11,4,3,10,8,6,11,2,7,11,11,7,3,2,2,7,3,4,6,5,2,4,10,6,2,8,6,10,11,0,4,5,6,3,11,10,9,5,4,10,3,6,6,4,7,7,2,0,6,11,0,5,2,3,2,4,9,4,5,8,10,3,2,5,10,4,7,4,3,6,8,10,3,6,4,11,5,6,4,3,7,4,4,11,3,9,4,7,11,5,10,5,11,7,4,6,10,0,10,10,5,11,11,6,11,2,5,10,11,4,7,11,10,7,5,7,5,2,5,6,7,11,0,3,7,11,4,2,4,4,3,2,5,6,10,8,10,4,5
11,6,9,4,5,11,7,7,0,2,11,0,5,4,11,9,7,0,3,8,0,0,8,4,3,3,8,4,5,7,6,3,5,11,7,3,9,7,11,0,2,5,6,7,4,0,11,10,6,5,11,4,7,7,5,8,8,3,2,7,0,2,6,3,4,3,5,10,5,6,9,11,4,3,6,11,5,8,5,4,7,9,11,4,7,5,0,6,7,5,4,8,5,5,0,4,10,5,8,0,6,11,6,0,8,5,7,11,2,11,11,6,0,0,7,0,3,6,11,0,5,8,0,11,8,6,8,6,3,6,7,8,0,2,4,8,0,5,3,5,5,4,3,6,7,11,9,11,5,6
0,7,10,5,6,0,8,8,2,3,0,2,6,5,0,10,8,2,4,9,2,2,9,5,4,4,9,5,6,8,7,4,6,0,8,4,10,8,0,2,3,6,7,8,5,2,0,11,7,6,0,5,8,8,6,9,9,4,3,8,2,3,7,4,5,4,6,11,6,7,10,0,5,4,7,0,6,9,6,5,8,10,0,5,8,6,2,7,8,6,5,9,6,6,2,5,11,6,9,2,7,0,7,2,9,6,8,0,3,0,0,7,2,2,8,2,4,7,0,2,6,9,2,0,9,7,9,7,4,7,8,9,2,3,5,9,2,6,4,6,6,5,4,7,8,0,10,0,6,7
2,8,11,6,7,2,9,9,3,4,2,3,7,6,2,11,9,3,5,10,3,3,10,6,5,5,10,6,7,9,8,5,7,2,9,5,11,9,2,3,4,7,8,9,6,3,2,0,8,7,2,6,9,9,7,10,10,5,4,9,3,4,8,5,6,5,7,0,7,8,11,2,6,5,8,2,7,10,7,6,9,11,2,6,9,7,3,8,9,7,6,10,7,7,3,6,0,7,10,3,8,2,8,3,10,7,9,2,4,2,2,8,3,3,9,3,5,8,2,3,7,10,3,2,10,8,10,8,5,8,9,10,3,4,6,10,3,7,5,7,7,6,5,8,9,2,11,2,7,8
3,9,0,7,8,3,10,10,4,5,3,4,8,7,3,0,10,4,6,11,4,4,11,7,6,6,11,7,8,10,9,6,8,3,10,6,0,10,3,4,5,8,9,10,7,4,3,2,9,8,3,7,10,10,8,11,11,6,5,10,4,5,9,6,7,6,8,2,8,9,0,3,7,6,9,3,8,11,8,7,10,0,3,7,10,8,4,9,10,8,7,11,8,8,4,7,2,8,11,4,9,3,9,4,11,8,10,3,5,3,3,9,4,4,10,4,6,9,3,4,8,11,4,3,11,9,11,9,6,9,10,11,4,5,7,11,4,8,6,8,8,7,6,9,10,3,0,3,8,9
4,10,2,8,9,4,11,11,5,6,4,5,9,8,4,2,11,5,7,0,5,5,0,8,7,7,0,8,9,11,10,7,9,4,11,7,2,11,4,5,6,9,10,11,8,5,4,3,10,9,4,8,11,11,9,0,0,7,6,11,5,6,10,7,8,7,9,3,9,10,2,4,8,7,10,4,9,0,9,8,11,2,4,8,11,9,5,10,11,9,8,0,9,9,5,8,3,9,0,5,10,4,10,5,0,9,11,4,6,4,4,10,5,5,11,5,7,10,4,5,9,0,5,4,0,10,0,10,7,10,11,0,5,6,8,0,5,9,7,9,9,8,7,10,11,4,2,4,9,10
5,11,3,9,10,5,0,0,6,7,5,6,10,9,5,3,0,6,8,2,6,6,2,9,8,8,2,9,10,0,11,8,10,5,0,8,3,0,5,6,7,10,11,0,9,6,5,4,11,10,5,9,0,0,10,2,2,8,7,0,6,7,11,8,9,8,10,4,10,11,3,5,9,8,11,5,10,2,10,9,0,3,5,9,0,10,6,11,0,10,9,2,10,10,6,9,4,10,2,6,11,5,11,6,2,10,0,5,7,5,5,11,6,6,0,6,8,11,5,6,10,2,6,5,2,11,2,11,8,11,0,2,6,7,9,2,6,10,8,10,10,9,8,11,0,5,3,5,10,11
6,0,4,10,11,6,2,2,7,8,6,7,11,10,6,4,2,7,9,3,7,7,3,10,9,9,3,10,11,2,0,9,11,6,2,9,4,2,6,7,8,11,0,2,10,7,6,5,0,11,6,10,2,2,11,3,3,9,8,2,7,8,0,9,10,9,11,5,11,0,4,6,10,9,0,6,11,3,11,10,2,4,6,10,2,11,7,0,2,11,10,3,11,11,7,10,5,11,3,7,0,6,0,7,3,11,2,6,8,6,6,0,7,7,2,7,9,0,6,7,11,3,7,6,3,0,3,0,9,0,2,3,7,8,10,3,7,11,9,11,11,10,9,0,2,6,4,6,11,0
7,2,5,11,0,7,3,3,8,9,7,8,0,11,7,5,3,8,10,4,8,8,4,11,10,10,4,11,0,3,2,10,0,7,3,10,5,3,7,8,9,0,2,3,11,8,7,6,2,0,7,11,3,3,0,4,4,10,9,3,8,9,2,10,11,10,0,6,0,2,5,7,11,10,2,7,0,4,0,11,3,5,7,11,3,0,8,2,3,0,11,4,0,0,8,11,6,0,4,8,2,7,2,8,4,0,3,7,9,7,7,2,8,8,3,8,10,2,7,8,0,4,8,7,4,2,4,2,10,2,3,4,8,9,11,4,8,0,10,0,0,11,10,2,3,7,5,7,0,2
8,3,6,0,2,8,4,4,9,10,8,9,2,0,8,6,4,9,11,5,9,9,5,0,11,11,5,0,2,4,3,11,2,8,4,11,6,4,8,9,10,2,3,4,0,9,8,7,3,2,8,0,4,4,2,5,5,11,10,4,9,10,3,11,0,11,2,7,2,3,6,8,0,11,3,8,2,5,2,0,4,6,8,0,4,2,9,3,4,2,0,5,2,2,9,0,7,2,5,9,3,8,3,9,5,2,4,8,10,8,8,3,9,9,4,9,11,3,8,9,2,5,9,8,5,3,5,3,11,3,4,5,9,10,0,5,9,2,11,2,2,0,11,3,4,8,6,8,2,3
9,4,7,2,3,9,5,5,10,11,9,10,3,2,9,7,5,10,0,6,10,10,6,2,0,0,6,2,3,5,4,0,3,9,5,0,7,5,9,10,11,3,4,5,2,10,9,8,4,3,9,2,5,5,3,6,6,0,11,5,10,11,4,0,2,0,3,8,3,4,7,9,2,0,4,9,3,6,3,2,5,7,9,2,5,3,10,4,5,3,2,6,3,3,10,2,8,3,6,10,4,9,4,10,6,3,5,9,11,9,9,4,10,10,5,10,0,4,9,10,3,6,10,9,6,4,6,4,0,4,5,6,10,11,2,6,10,3,0,3,3,2,0,4,5,9,7,9,3,4
10,5,8,3,4,10,6,6,11,0,10,11,4,3,10,8,6,11,2,7,11,11,7,3,2,2,7,3,4,6,5,2,4,10,6,2,8,6,10,11,0,4,5,6,3,11,10,9,5,4,10,3,6,6,4,7,7,2,0,6,11,0,5,2,3,2,4,9,4,5,8,10,3,2,5,10,4,7,4,3,6,8,10,3,6,4,11,5,6,4,3,7,4,4,11,3,9,4,7,11,5,10,5,11,7,4,6,10,0,10,10,5,11,11,6,11,2,5,10,11,4,7,11,10,7,5,7,5,2,5,6,7,11,0,3,7,11,4,2,4,4,3,2,5,6,10,8,10,4,5
11,6,9,4,5,11,7,7,0,2,11,0,5,4,11,9,7,0,3,8,0,0,8,4,3,3,8,4,5,7,6,3,5,11,7,3,9,7,11,0,2,5,6,7,4,0,11,10,6,5,11,4,7,7,5,8,8,3,2,7,0,2,6,3,4,3,5,10,5,6,9,11,4,3,6,11,5,8,5,4,7,9,11,4,7,5,0,6,7,5,4,8,5,5,0,4,10,5,8,0,6,11,6,0,8,5,7,11,2,11,11,6,0,0,7,0,3,6,11,0,5,8,0,11,8,6,8,6,3,6,7,8,0,2,4,8,0,5,3,5,5,4,3,6,7,11,9,11,5,6
0,7,10,5,6,0,8,8,2,3,0,2,6,5,0,10,8,2,4,9,2,2,9,5,4,4,9,5,6,8,7,4,6,0,8,4,10,8,0,2,3,6,7,8,5,2,0,11,7,6,0,5,8,8,6,9,9,4,3,8,2,3,7,4,5,4,6,11,6,7,10,0,5,4,7,0,6,9,6,5,8,10,0,5,8,6,2,7,8,6,5,9,6,6,2,5,11,6,9,2,7,0,7,2,9,6,8,0,3,0,0,7,2,2,8,2,4,7,0,2,6,9,2,0,9,7,9,7,4,7,8,9,2,3,5,9,2,6,4,6,6,5,4,7,8,0,10,0,6,7
2,8,11,6,7,2,9,9,3,4,2,3,7,6,2,11,9,3,5,10,3,3,10,6,5,5,10,6,7,9,8,5,7,2,9,5,11,9,2,3,4,7,8,9,6,3,2,0,8,7,2,6,9,9,7,10,10,5,4,9,3,4,8,5,6,5,7,0,7,8,11,2,6,5,8,2,7,10,7,6,9,11,2,6,9,7,3,8,9,7,6,10,7,7,3,6,0,7,10,3,8,2,8,3,10,7,9,2,4,2,2,8,3,3,9,3,5,8,2,3,7,10,3,2,10,8,10,8,5,8,9,10,3,4,6,10,3,7,5,7,7,6,5,8,9,2,11,2,7,8
3,9,0,7,8,3,10,10,4,5,3,4,8,7,3,0,10,4,6,11,4,4,11,7,6,6,11,7,8,10,9,6,8,3,10,6,0,10,3,4,5,8,9,10,7,4,3,2,9,8,3,7,10,10,8,11,11,6,5,10,4,5,9,6,7,6,8,2,8,9,0,3,7,6,9,3,8,11,8,7,10,0,3,7,10,8,4,9,10,8,7,11,8,8,4,7,2,8,11,4,9,3,9,4,11,8,10,3,5,3,3,9,4,4,10,4,6,9,3,4,8,11,4,3,11,9,11,9,6,9,10,11,4,5,7,11,4,8,6,8,8,7,6,9,10,3,0,3,8,9
4,10,2,8,9,4,11,11,5,6,4,5,9,8,4,2,11,5,7,0,5,5,0,8,7,7,0,8,9,11,10,7,9,4,11,7,2,11,4,5,6,9,10,11,8,5,4,3,10,9,4,8,11,11,9,0,0,7,6,11,5,6,10,7,8,7,9,3,9,10,2,4,8,7,10,4,9,0,9,8,11,2,4,8,11,9,5,10,11,9,8,0,9,9,5,8,3,9,0,5,10,4,10,5,0,9,11,4,6,4,4,10,5,5,11,5,7,10,4,5,9,0,5,4,0,10,0,10,7,10,11,0,5,6,8,0,5,9,7,9,9,8,7,10,11,4,2,4,9,10
5,11,3,9,10,5,0,0,6,7,5,6,10,9,5,3,0,6,8,2,6,6,2,9,8,8,2,9,10,0,11,8,10,5,0,8,3,0,5,6,7,10,11,0,9,6,5,4,11,10,5,9,0,0,10,2,2,8,7,0,6,7,11,8,9,8,10,4,10,11,3,5,9,8,11,5,10,2,10,9,0,3,5,9,0,10,6,11,0,10,9,2,10,10,6,9,4,10,2,6,11,5,11,6,2,10,0,5,7,5,5,11,6,6,0,6,8,11,5,6,10,2,6,5,2,11,2,11,8,11,0,2,6,7,9,2,6,10,8,10,10,9,8,11,0,5,3,5,10,11
6,0,4,10,11,6,2,2,7,8,6,7,11,10,6,4,2,7,9,3,7,7,3,10,9,9,3,10,11,2,0,9,11,6,2,9,4,2,6,7,8,11,0,2,10,7,6,5,0,11,6,10,2,2,11,3,3,9,8,2,7,8,0,9,10,9,11,5,11,0,4,6,10,9,0,6,11,3,11,10,2,4,6,10,2,11,7,0,2,11,10,3,11,11,7,10,5,11,3,7,0,6,0,7,3,11,2,6,8,6,6,0,7,7,2,7,9,0,6,7,11,3,7,6,3,0,3,0,9,0,2,3,7,8,10,3,7,11,9,11,11,10,9,0,2,6,4,6,11,0
7,2,5,11,0,7,3,3,8,9,7,8,0,11,7,5,3,8,10,4,8,8,4,11,10,10,4,11,0,3,2,10,0,7,3,10,5,3,7,8,9,0,2,3,11,8,7,6,2,0,7,11,3,3,0,4,4,10,9,3,8,9,2,10,11,10,0,6,0,2,5,7,11,10,2,7,0,4,0,11,3,5,7,11,3,0,8,2,3,0,11,4,0,0,8,11,6,0,4,8,2,7,2,8,4,0,3,7,9,7,7,2,8,8,3,8,10,2,7,8,0,4,8,7,4,2,4,2,10,2,3,4,8,9,11,4,8,0,10,0,0,11,10,2,3,7,5,7,0,2
8,3,6,0,2,8,4,4,9,10,8,9,2,0,8,6,4,9,11,5,9,9,5,0,11,11,5,0,2,4,3,11,2,8,4,11,6,4,8,9,10,2,3,4,0,9,8,7,3,2,8,0,4,4,2,5,5,11,10,4,9,10,3,11,0,11,2,7,2,3,6,8,0,11,3,8,2,5,2,0,4,6,8,0,4,2,9,3,4,2,0,5,2,2,9,0,7,2,5,9,3,8,3,9,5,2,4,8,10,8,8,3,9,9,4,9,11,3,8,9,2,5,9,8,5,3,5,3,11,3,4,5,9,10,0,5,9,2,11,2,2,0,11,3,4,8,6,8,2,3
9,4,7,2,3,9,5,5,10,11,9,10,3,2,9,7,5,10,0,6,10,10,6,2,0,0,6,2,3,5,4,0,3,9,5,0,7,5,9,10,11,3,4,5,2,10,9,8,4,3,9,2,5,5,3,6,6,0,11,5,10,11,4,0,2,0,3,8,3,4,7,9,2,0,4,9,3,6,3,2,5,7,9,2,5,3,10,4,5,3,2,6,3,3,10,2,8,3,6,10,4,9,4,10,6,3,5,9,11,9,9,4,10,10,5,10,0,4,9,10,3,6,10,9,6,4,6,4,0,4,5,6,10,11,2,6,10,3,0,3,3,2,0,4,5,9,7,9,3,4
10,5,8,3,4,10,6,6,11,0,10,11,4,3,10,8,6,11,2,7,11,11,7,3,2,2,7,3,4,6,5,2,4,10,6,2,8,6,10,11,0,4,5,6,3,11,10,9,5,4,10,3,6,6,4,7,7,2,0,6,11,0,5,2,3,2,4,9,4,5,8,10,3,2,5,10,4,7,4,3,6,8,10,3,6,4,11,5,6,4,3,7,4,4,11,3,9,4,7,11,5,10,5,11,7,4,6,10,0,10,10,5,11,11,6,11,2,5,10,11,4,7,11,10,7,5,7,5,2,5,6,7,11,0,3,7,11,4,2,4,4,3,2,5,6,10,8,10,4,5
11,6,9,4,5,11,7,7,0,2,11,0,5,4,11,9,7,0,3,8,0,0,8,4,3,3,8,4,5,7,6,3,5,11,7,3,9,7,11,0,2,5,6,7,4,0,11,10,6,5,11,4,7,7,5,8,8,3,2,7,0,2,6,3,4,3,5,10,5,6,9,11,4,3,6,11,5,8,5,4,7,9,11,4,7,5,0,6,7,5,4,8,5,5,0,4,10,5,8,0,6,11,6,0,8,5,7,11,2,11,11,6,0,0,7,0,3,6,11,0,5,8,0,11,8,6,8,6,3,6,7,8,0,2,4,8,0,5,3,5,5,4,3,6,7,11,9,11,5,6
0,7,10,5,6,0,8,8,2,3,0,2,6,5,0,10,8,2,4,9,2,2,9,5,4,4,9,5,6,8,7,4,6,0,8,4,10,8,0,2,3,6,7,8,5,2,0,11,7,6,0,5,8,8,6,9,9,4,3,8,2,3,7,4,5,4,6,11,6,7,10,0,5,4,7,0,6,9,6,5,8,10,0,5,8,6,2,7,8,6,5,9,6,6,2,5,11,6,9,2,7,0,7,2,9,6,8,0,3,0,0,7,2,2,8,2,4,7,0,2,6,9,2,0,9,7,9,7,4,7,8,9,2,3,5,9,2,6,4,6,6,5,4,7,8,0,10,0,6,7
2,8,11,6,7,2,9,9,3,4,2,3,7,6,2,11,9,3,5,10,3,3,10,6,5,5,10,6,7,9,8,5,7,2,9,5,11,9,2,3,4,7,8,9,6,3,2,0,8,7,2,6,9,9,7,10,10,5,4,9,3,4,8,5,6,5,7,0,7,8,11,2,6,5,8,2,7,10,7,6,9,11,2,6,9,7,3,8,9,7,6,10,7,7,3,6,0,7,10,3,8,2,8,3,10,7,9,2,4,2,2,8,3,3,9,3,5,8,2,3,7,10,3,2,10,8,10,8,5,8,9,10,3,4,6,10,3,7,5,7,7,6,5,8,9,2,11,2,7,8
3,9,0,7,8,3,10,10,4,5,3,4,8,7,3,0,10,4,6,11,4,4,11,7,6,6,11,7,8,10,9,6,8,3,10,6,0,10,3,4,5,8,9,10,7,4,3,2,9,8,3,7,10,10,8,11,11,6,5,10,4,5,9,6,7,6,8,2,8,9,0,3,7,6,9,3,8,11,8,7,10,0,3,7,10,8,4,9,10,8,7,11,8,8,4,7,2,8,11,4,9,3,9,4,11,8,10,3,5,3,3,9,4,4,10,4,6,9,3,4,8,11,4,3,11,9,11,9,6,9,10,11,4,5,7,11,4,8,6,8,8,7,6,9,10,3,0,3,8,9
4,10,2,8,9,4,11,11,5,6,4,5,9,8,4,2,11,5,7,0,5,5,0,8,7,7,0,8,9,11,10,7,9,4,11,7,2,11,4,5,6,9,10,11,8,5,4,3,10,9,4,8,11,11,9,0,0,7,6,11,5,6,10,7,8,7,9,3,9,10,2,4,8,7,10,4,9,0,9,8,11,2,4,8,11,9,5,10,11,9,8,0,9,9,5,8,3,9,0,5,10,4,10,5,0,9,11,4,6,4,4,10,5,5,11,5,7,10,4,5,9,0,5,4,0,10,0,10,7,10,11,0,5,6,8,0,5,9,7,9,9,8,7,10,11,4,2,4,9,10
5,11,3,9,10,5,0,0,6,7,5,6,10,9,5,3,0,6,8,2,6,6,2,9,8,8,2,9,10,0,11,8,10,5,0,8,3,0,5,6,7,10,11,0,9,6,5,4,11,10,5,9,0,0,10,2,2,8,7,0,6,7,11,8,9,8,10,4,10,11,3,5,9,8,11,5,10,2,10,9,0,3,5,9,0,10,6,11,0,10,9,2,10,10,6,9,4,10,2,6,11,5,11,6,2,10,0,5,7,5,5,11,6,6,0,6,8,11,5,6,10,2,6,5,2,11,2,11,8,11,0,2,6,7,9,2,6,10,8,10,10,9,8,11,0,5,3,5,10,11
6,0,4,10,11,6,2,2,7,8,6,7,11,10,6,4,2,7,9,3,7,7,3,10,9,9,3,10,11,2,0,9,11,6,2,9,4,2,6,7,8,11,0,2,10,7,6,5,0,11,6,10,2,2,11,3,3,9,8,2,7,8,0,9,10,9,11,5,11,0,4,6,10,9,0,6,11,3,11,10,2,4,6,10,2,11,7,0,2,11,10,3,11,11,7,10,5,11,3,7,0,6,0,7,3,11,2,6,8,6,6,0,7,7,2,7,9,0,6,7,11,3,7,6,3,0,3,0,9,0,2,3,7,8,10,3,7,11,9,11,11,10,9,0,2,6,4,6,11,0
7,2,5,11,0,7,3,3,8,9,7,8,0,11,7,5,3,8,10,4,8,8,4,11,10,10,4,11,0,3,2,10,0,7,3,10,5,3,7,8,9,0,2,3,11,8,7,6,2,0,7,11,3,3,0,4,4,10,9,3,8,9,2,10,11,10,0,6,0,2,5,7,11,10,2,7,0,4,0,11,3,5,7,11,3,0,8,2,3,0,11,4,0,0,8,11,6,0,4,8,2,7,2,8,4,0,3,7,9,7,7,2,8,8,3,8,10,2,7,8,0,4,8,7,4,2,4,2,10,2,3,4,8,9,11,4,8,0,10,0,0,11,10,2,3,7,5,7,0,2
8,3,6,0,2,8,4,4,9,10,8,9,2,0,8,6,4,9,11,5,9,9,5,0,11,11,5,0,2,4,3,11,2,8,4,11,6,4,8,9,10,2,3,4,0,9,8,7,3,2,8,0,4,4,2,5,5,11,10,4,9,10,3,11,0,11,2,7,2,3,6,8,0,11,3,8,2,5,2,0,4,6,8,0,4,2,9,3,4,2,0,5,2,2,9,0,7,2,5,9,3,8,3,9,5,2,4,8,10,8,8,3,9,9,4,9,11,3,8,9,2,5,9,8,5,3,5,3,11,3,4,5,9,10,0,5,9,2,11,2,2,0,11,3,4,8,6,8,2,3
9,4,7,2,3,9,5,5,10,11,9,10,3,2,9,7,5,10,0,6,10,10,6,2,0,0,6,2,3,5,4,0,3,9,5,0,7,5,9,10,11,3,4,5,2,10,9,8,4,3,9,2,5,5,3,6,6,0,11,5,10,11,4,0,2,0,3,8,3,4,7,9,2,0,4,9,3,6,3,2,5,7,9,2,5,3,10,4,5,3,2,6,3,3,10,2,8,3,6,10,4,9,4,10,6,3,5,9,11,9,9,4,10,10,5,10,0,4,9,10,3,6,10,9,6,4,6,4,0,4,5,6,10,11,2,6,10,3,0,3,3,2,0,4,5,9,7,9,3,4
10,5,8,3,4,10,6,6,11,0,10,11,4,3,10,8,6,11,2,7,11,11,7,3,2,2,7,3,4,6,5,2,4,10,6,2,8,6,10,11,0,4,5,6,3,11,10,9,5,4,10,3,6,6,4,7,7,2,0,6,11,0,5,2,3,2,4,9,4,5,8,10,3,2,5,10,4,7,4,3,6,8,10,3,6,4,11,5,6,4,3,7,4,4,11,3,9,4,7,11,5,10,5,11,7,4,6,10,0,10,10,5,11,11,6,11,2,5,10,11,4,7,11,10,7,5,7,5,2,5,6,7,11,0,3,7,11,4,2,4,4,3,2,5,6,10,8,10,4,5
11,6,9,4,5,11,7,7,0,2,11,0,5,4,11,9,7,0,3,8,0,0,8,4,3,3,8,4,5,7,6,3,5,11,7,3,9,7,11,0,2,5,6,7,4,0,11,10,6,5,11,4,7,7,5,8,8,3,2,7,0,2,6,3,4,3,5,10,5,6,9,11,4,3,6,11,5,8,5,4,7,9,11,4,7,5,0,6,7,5,4,8,5,5,0,4,10,5,8,0,6,11,6,0,8,5,7,11,2,11,11,6,0,0,7,0,3,6,11,0,5,8,0,11,8,6,8,6,3,6,7,8,0,2,4,8,0,5,3,5,5,4,3,6,7,11,9,11,5,6
0,7,10,5,6,0,8,8,2,3,0,2,6,5,0,10,8,2,4,9,2,2,9,5,4,4,9,5,6,8,7,4,6,0,8,4,10,8,0,2,3,6,7,8,5,2,0,11,7,6,0,5,8,8,6,9,9,4,3,8,2,3,7,4,5,4,6,11,6,7,10,0,5,4,7,0,6,9,6,5,8,10,0,5,8,6,2,7,8,6,5,9,6,6,2,5,11,6,9,2,7,0,7,2,9,6,8,0,3,0,0,7,2,2,8,2,4,7,0,2,6,9,2,0,9,7,9,7,4,7,8,9,2,3,5,9,2,6,4,6,6,5,4,7,8,0,10,0,6,7
2,8,11,6,7,2,9,9,3,4,2,3,7,6,2,11,9,3,5,10,3,3,10,6,5,5,10,6,7,9,8,5,7,2,9,5,11,9,2,3,4,7,8,9,6,3,2,0,8,7,2,6,9,9,7,10,10,5,4,9,3,4,8,5,6,5,7,0,7,8,11,2,6,5,8,2,7,10,7,6,9,11,2,6,9,7,3,8,9,7,6,10,7,7,3,6,0,7,10,3,8,2,8,3,10,7,9,2,4,2,2,8,3,3,9,3,5,8,2,3,7,10,3,2,10,8,10,8,5,8,9,10,3,4,6,10,3,7,5,7,7,6,5,8,9,2,11,2,7,8
3,9,0,7,8,3,10,10,4,5,3,4,8,7,3,0,10,4,6,11,4,4,11,7,6,6,11,7,8,10,9,6,8,3,10,6,0,10,3,4,5,8,9,10,7,4,3,2,9,8,3,7,10,10,8,11,11,6,5,10,4,5,9,6,7,6,8,2,8,9,0,3,7,6,9,3,8,11,8,7,10,0,3,7,10,8,4,9,10,8,7,11,8,8,4,7,2,8,11,4,9,3,9,4,11,8,10,3,5,3,3,9,4,4,10,4,6,9,3,4,8,11,4,3,11,9,11,9,6,9,10,11,4,5,7,11,4,8,6,8,8,7,6,9,10,3,0,3,8,9
4,10,2,8,9,4,11,11,5,6,4,5,9,8,4,2,11,5,7,0,5,5,0,8,7,7,0,8,9,11,10,7,9,4,11,7,2,11,4,5,6,9,10,11,8,5,4,3,10,9,4,8,11,11,9,0,0,7,6,11,5,6,10,7,8,7,9,3,9,10,2,4,8,7,10,4,9,0,9,8,11,2,4,8,11,9,5,10,11,9,8,0,9,9,5,8,3,9,0,5,10,4,10,5,0,9,11,4,6,4,4,10,5,5,11,5,7,10,4,5,9,0,5,4,0,10,0,10,7,10,11,0,5,6,8,0,5,9,7,9,9,8,7,10,11,4,2,4,9,10
5,11,3,9,10,5,0,0,6,7,5,6,10,9,5,3,0,6,8,2,6,6,2,9,8,8,2,9,10,0,11,8,10,5,0,8,3,0,5,6,7,10,11,0,9,6,5,4,11,10,5,9,0,0,10,2,2,8,7,0,6,7,11,8,9,8,10,4,10,11,3,5,9,8,11,5,10,2,10,9,0,3,5,9,0,10,6,11,0,10,9,2,10,10,6,9,4,10,2,6,11,5,11,6,2,10,0,5,7,5,5,11,6,6,0,6,8,11,5,6,10,2,6,5,2,11,2,11,8,11,0,2,6,7,9,2,6,10,8,10,10,9,8,11,0,5,3,5,10,11
6,0,4,10,11,6,2,2,7,8,6,7,11,10,6,4,2,7,9,3,7,7,3,10,9,9,3,10,11,2,0,9,11,6,2,9,4,2,6,7,8,11,0,2,10,7,6,5,0,11,6,10,2,2,11,3,3,9,8,2,7,8,0,9,10,9,11,5,11,0,4,6,10,9,0,6,11,3,11,10,2,4,6,10,2,11,7,0,2,11,10,3,11,11,7,10,5,11,3,7,0,6,0,7,3,11,2,6,8,6,6,0,7,7,2,7,9,0,6,7,11,3,7,6,3,0,3,0,9,0,2,3,7,8,10,3,7,11,9,11,11,10,9,0,2,6,4,6,11,0
7,2,5,11,0,7,3,3,8,9,7,8,0,11,7,5,3,8,10,4,8,8,4,11,10,10,4,11,0,3,2,10,0,7,3,10,5,3,7,8,9,0,2,3,11,8,7,6,2,0,7,11,3,3,0,4,4,10,9,3,8,9,2,10,11,10,0,6,0,2,5,7,11,10,2,7,0,4,0,11,3,5,7,11,3,0,8,2,3,0,11,4,0,0,8,11,6,0,4,8,2,7,2,8,4,0,3,7,9,7,7,2,8,8,3,8,10,2,7,8,0,4,8,7,4,2,4,2,10,2,3,4,8,9,11,4,8,0,10,0,0,11,10,2,3,7,5,7,0,2
8,3,6,0,2,8,4,4,9,10,8,9,2,0,8,6,4,9,11,5,9,9,5,0,11,11,5,0,2,4,3,11,2,8,4,11,6,4,8,9,10,2,3,4,0,9,8,7,3,2,8,0,4,4,2,5,5,11,10,4,9,10,3,11,0,11,2,7,2,3,6,8,0,11,3,8,2,5,2,0,4,6,8,0,4,2,9,3,4,2,0,5,2,2,9,0,7,2,5,9,3,8,3,9,5,2,4,8,10,8,8,3,9,9,4,9,11,3,8,9,2,5,9,8,5,3,5,3,11,3,4,5,9,10,0,5,9,2,11,2,2,0,11,3,4,8,6,8,2,3
9,4,7,2,3,9,5,5,10,11,9,10,3,2,9,7,5,10,0,6,10,10,6,2,0,0,6,2,3,5,4,0,3,9,5,0,7,5,9,10,11,3,4,5,2,10,9,8,4,3,9,2,5,5,3,6,6,0,11,5,10,11,4,0,2,0,3,8,3,4,7,9,2,0,4,9,3,6,3,2,5,7,9,2,5,3,10,4,5,3,2,6,3,3,10,2,8,3,6,10,4,9,4,10,6,3,5,9,11,9,9,4,10,10,5,10,0,4,9,10,3,6,10,9,6,4,6,4,0,4,5,6,10,11,2,6,10,3,0,3,3,2,0,4,5,9,7,9,3,4
10,5,8,3,4,10,6,6,11,0,10,11,4,3,10,8,6,11,2,7,11,11,7,3,2,2,7,3,4,6,5,2,4,10,6,2,8,6,10,11,0,4,5,6,3,11,10,9,5,4,10,3,6,6,4,7,7,2,0,6,11,0,5,2,3,2,4,9,4,5,8,10,3,2,5,10,4,7,4,3,6,8,10,3,6,4,11,5,6,4,3,7,4,4,11,3,9,4,7,11,5,10,5,11,7,4,6,10,0,10,10,5,11,11,6,11,2,5,10,11,4,7,11,10,7,5,7,5,2,5,6,7,11,0,3,7,11,4,2,4,4,3,2,5,6,10,8,10,4,5
11,6,9,4,5,11,7,7,0,2,11,0,5,4,11,9,7,0,3,8,0,0,8,4,3,3,8,4,5,7,6,3,5,11,7,3,9,7,11,0,2,5,6,7,4,0,11,10,6,5,11,4,7,7,5,8,8,3,2,7,0,2,6,3,4,3,5,10,5,6,9,11,4,3,6,11,5,8,5,4,7,9,11,4,7,5,0,6,7,5,4,8,5,5,0,4,10,5,8,0,6,11,6,0,8,5,7,11,2,11,11,6,0,0,7,0,3,6,11,0,5,8,0,11,8,6,8,6,3,6,7,8,0,2,4,8,0,5,3,5,5,4,3,6,7,11,9,11,5,6
0,7,10,5,6,0,8,8,2,3,0,2,6,5,0,10,8,2,4,9,2,2,9,5,4,4,9,5,6,8,7,4,6,0,8,4,10,8,0,2,3,6,7,8,5,2,0,11,7,6,0,5,8,8,6,9,9,4,3,8,2,3,7,4,5,4,6,11,6,7,10,0,5,4,7,0,6,9,6,5,8,10,0,5,8,6,2,7,8,6,5,9,6,6,2,5,11,6,9,2,7,0,7,2,9,6,8,0,3,0,0,7,2,2,8,2,4,7,0,2,6,9,2,0,9,7,9,7,4,7,8,9,2,3,5,9,2,6,4,6,6,5,4,7,8,0,10,0,6,7
2,8,11,6,7,2,9,9,3,4,2,3,7,6,2,11,9,3,5,10,3,3,10,6,5,5,10,6,7,9,8,5,7,2,9,5,11,9,2,3,4,7,8,9,6,3,2,0,8,7,2,6,9,9,7,10,10,5,4,9,3,4,8,5,6,5,7,0,7,8,11,2,6,5,8,2,7,10,7,6,9,11,2,6,9,7,3,8,9,7,6,10,7,7,3,6,0,7,10,3,8,2,8,3,10,7,9,2,4,2,2,8,3,3,9,3,5,8,2,3,7,10,3,2,10,8,10,8,5,8,9,10,3,4,6,10,3,7,5,7,7,6,5,8,9,2,11,2,7,8
3,9,0,7,8,3,10,10,4,5,3,4,8,7,3,0,10,4,6,11,4,4,11,7,6,6,11,7,8,10,9,6,8,3,10,6,0,10,3,4,5,8,9,10,7,4,3,2,9,8,3,7,10,10,8,11,11,6,5,10,4,5,9,6,7,6,8,2,8,9,0,3,7,6,9,3,8,11,8,7,10,0,3,7,10,8,4,9,10,8,7,11,8,8,4,7,2,8,11,4,9,3,9,4,11,8,10,3,5,3,3,9,4,4,10,4,6,9,3,4,8,11,4,3,11,9,11,9,6,9,10,11,4,5,7,11,4,8,6,8,8,7,6,9,10,3,0,3,8,9
4,10,2,8,9,4,11,11,5,6,4,5,9,8,4,2,11,5,7,0,5,5,0,8,7,7,0,8,9,11,10,7,9,4,11,7,2,11,4,5,6,9,10,11,8,5,4,3,10,9,4,8,11,11,9,0,0,7,6,11,5,6,10,7,8,7,9,3,9,10,2,4,8,7,10,4,9,0,9,8,11,2,4,8,11,9,5,10,11,9,8,0,9,9,5,8,3,9,0,5,10,4,10,5,0,9,11,4,6,4,4,10,5,5,11,5,7,10,4,5,9,0,5,4,0,10,0,10,7,10,11,0,5,6,8,0,5,9,7,9,9,8,7,10,11,4,2,4,9,10
5,11,3,9,10,5,0,0,6,7,5,6,10,9,5,3,0,6,8,2,6,6,2,9,8,8,2,9,10,0,11,8,10,5,0,8,3,0,5,6,7,10,11,0,9,6,5,4,11,10,5,9,0,0,10,2,2,8,7,0,6,7,11,8,9,8,10,4,10,11,3,5,9,8,11,5,10,2,10,9,0,3,5,9,0,10,6,11,0,10,9,2,10,10,6,9,4,10,2,6,11,5,11,6,2,10,0,5,7,5,5,11,6,6,0,6,8,11,5,6,10,2,6,5,2,11,2,11,8,11,0,2,6,7,9,2,6,10,8,10,10,9,8,11,0,5,3,5,10,11
6,0,4,10,11,6,2,2,7,8,6,7,11,10,6,4,2,7,9,3,7,7,3,10,9,9,3,10,11,2,0,9,11,6,2,9,4,2,6,7,8,11,0,2,10,7,6,5,0,11,6,10,2,2,11,3,3,9,8,2,7,8,0,9,10,9,11,5,11,0,4,6,10,9,0,6,11,3,11,10,2,4,6,10,2,11,7,0,2,11,10,3,11,11,7,10,5,11,3,7,0,6,0,7,3,11,2,6,8,6,6,0,7,7,2,7,9,0,6,7,11,3,7,6,3,0,3,0,9,0,2,3,7,8,10,3,7,11,9,11,11,10,9,0,2,6,4,6,11,0
7,2,5,11,0,7,3,3,8,9,7,8,0,11,7,5,3,8,10,4,8,8,4,11,10,10,4,11,0,3,2,10,0,7,3,10,5,3,7,8,9,0,2,3,11,8,7,6,2,0,7,11,3,3,0,4,4,10,9,3,8,9,2,10,11,10,0,6,0,2,5,7,11,10,2,7,0,4,0,11,3,5,7,11,3,0,8,2,3,0,11,4,0,0,8,11,6,0,4,8,2,7,2,8,4,0,3,7,9,7,7,2,8,8,3,8,10,2,7,8,0,4,8,7,4,2,4,2,10,2,3,4,8,9,11,4,8,0,10,0,0,11,10,2,3,7,5,7,0,2
8,3,6,0,2,8,4,4,9,10,8,9,2,0,8,6,4,9,11,5,9,9,5,0,11,11,5,0,2,4,3,11,2,8,4,11,6,4,8,9,10,2,3,4,0,9,8,7,3,2,8,0,4,4,2,5,5,11,10,4,9,10,3,11,0,11,2,7,2,3,6,8,0,11,3,8,2,5,2,0,4,6,8,0,4,2,9,3,4,2,0,5,2,2,9,0,7,2,5,9,3,8,3,9,5,2,4,8,10,8,8,3,9,9,4,9,11,3,8,9,2,5,9,8,5,3,5,3,11,3,4,5,9,10,0,5,9,2,11,2,2,0,11,3,4,8,6,8,2,3
9,4,7,2,3,9,5,5,10,11,9,10,3,2,9,7,5,10,0,6,10,10,6,2,0,0,6,2,3,5,4,0,3,9,5,0,7,5,9,10,11,3,4,5,2,10,9,8,4,3,9,2,5,5,3,6,6,0,11,5,10,11,4,0,2,0,3,8,3,4,7,9,2,0,4,9,3,6,3,2,5,7,9,2,5,3,10,4,5,3,2,6,3,3,10,2,8,3,6,10,4,9,4,10,6,3,5,9,11,9,9,4,10,10,5,10,0,4,9,10,3,6,10,9,6,4,6,4,0,4,5,6,10,11,2,6,10,3,0,3,3,2,0,4,5,9,7,9,3,4
10,5,8,3,4,10,6,6,11,0,10,11,4,3,10,8,6,11,2,7,11,11,7,3,2,2,7,3,4,6,5,2,4,10,6,2,8,6,10,11,0,4,5,6,3,11,10,9,5,4,10,3,6,6,4,7,7,2,0,6,11,0,5,2,3,2,4,9,4,5,8,10,3,2,5,10,4,7,4,3,6,8,10,3,6,4,11,5,6,4,3,7,4,4,11,3,9,4,7,11,5,10,5,11,7,4,6,10,0,10,10,5,11,11,6,11,2,5,10,11,4,7,11,10,7,5,7,5,2,5,6,7,11,0,3,7,11,4,2,4,4,3,2,5,6,10,8,10,4,5
11,6,9,4,5,11,7,7,0,2,11,0,5,4,11,9,7,0,3,8,0,0,8,4,3,3,8,4,5,7,6,3,5,11,7,3,9,7,11,0,2,5,6,7,4,0,11,10,6,5,11,4,7,7,5,8,8,3,2,7,0,2,6,3,4,3,5,10,5,6,9,11,4,3,6,11,5,8,5,4,7,9,11,4,7,5,0,6,7,5,4,8,5,5,0,4,10,5,8,0,6,11,6,0,8,5,7,11,2,11,11,6,0,0,7,0,3,6,11,0,5,8,0,11,8,6,8,6,3,6,7,8,0,2,4,8,0,5,3,5,5,4,3,6,7,11,9,11,5,6
0,7,10,5,6,0,8,8,2,3,0,2,6,5,0,10,8,2,4,9,2,2,9,5,4,4,9,5,6,8,7,4,6,0,8,4,10,8,0,2,3,6,7,8,5,2,0,11,7,6,0,5,8,8,6,9,9,4,3,8,2,3,7,4,5,4,6,11,6,7,10,0,5,4,7,0,6,9,6,5,8,10,0,5,8,6,2,7,8,6,5,9,6,6,2,5,11,6,9,2,7,0,7,2,9,6,8,0,3,0,0,7,2,2,8,2,4,7,0,2,6,9,2,0,9,7,9,7,4,7,8,9,2,3,5,9,2,6,4,6,6,5,4,7,8,0,10,0,6,7
2,8,11,6,7,2,9,9,3,4,2,3,7,6,2,11,9,3,5,10,3,3,10,6,5,5,10,6,7,9,8,5,7,2,9,5,11,9,2,3,4,7,8,9,6,3,2,0,8,7,2,6,9,9,7,10,10,5,4,9,3,4,8,5,6,5,7,0,7,8,11,2,6,5,8,2,7,10,7,6,9,11,2,6,9,7,3,8,9,7,6,10,7,7,3,6,0,7,10,3,8,2,8,3,10,7,9,2,4,2,2,8,3,3,9,3,5,8,2,3,7,10,3,2,10,8,10,8,5,8,9,10,3,4,6,10,3,7,5,7,7,6,5,8,9,2,11,2,7,8
3,9,0,7,8,3,10,10,4,5,3,4,8,7,3,0,10,4,6,11,4,4,11,7,6,6,11,7,8,10,9,6,8,3,10,6,0,10,3,4,5,8,9,10,7,4,3,2,9,8,3,7,10,10,8,11,11,6,5,10,4,5,9,6,7,6,8,2,8,9,0,3,7,6,9,3,8,11,8,7,10,0,3,7,10,8,4,9,10,8,7,11,8,8,4,7,2,8,11,4,9,3,9,4,11,8,10,3,5,3,3,9,4,4,10,4,6,9,3,4,8,11,4,3,11,9,11,9,6,9,10,11,4,5,7,11,4,8,6,8,8,7,6,9,10,3,0,3,8,9
4,10,2,8,9,4,11,11,5,6,4,5,9,8,4,2,11,5,7,0,5,5,0,8,7,7,0,8,9,11,10,7,9,4,11,7,2,11,4,5,6,9,10,11,8,5,4,3,10,9,4,8,11,11,9,0,0,7,6,11,5,6,10,7,8,7,9,3,9,10,2,4,8,7,10,4,9,0,9,8,11,2,4,8,11,9,5,10,11,9,8,0,9,9,5,8,3,9,0,5,10,4,10,5,0,9,11,4,6,4,4,10,5,5,11,5,7,10,4,5,9,0,5,4,0,10,0,10,7,10,11,0,5,6,8,0,5,9,7,9,9,8,7,10,11,4,2,4,9,10
5,11,3,9,10,5,0,0,6,7,5,6,10,9,5,3,0,6,8,2,6,6,2,9,8,8,2,9,10,0,11,8,10,5,0,8,3,0,5,6,7,10,11,0,9,6,5,4,11,10,5,9,0,0,10,2,2,8,7,0,6,7,11,8,9,8,10,4,10,11,3,5,9,8,11,5,10,2,10,9,0,3,5,9,0,10,6,11,0,10,9,2,10,10,6,9,4,10,2,6,11,5,11,6,2,10,0,5,7,5,5,11,6,6,0,6,8,11,5,6,10,2,6,5,2,11,2,11,8,11,0,2,6,7,9,2,6,10,8,10,10,9,8,11,0,5,3,5,10,11
6,0,4,10,11,6,2,2,7,8,6,7,11,10,6,4,2,7,9,3,7,7,3,10,9,9,3,10,11,2,0,9,11,6,2,9,4,2,6,7,8,11,0,2,10,7,6,5,0,11,6,10,2,2,11,3,3,9,8,2,7,8,0,9,10,9,11,5,11,0,4,6,10,9,0,6,11,3,11,10,2,4,6,10,2,11,7,0,2,11,10,3,11,11,7,10,5,11,3,7,0,6,0,7,3,11,2,6,8,6,6,0,7,7,2,7,9,0,6,7,11,3,7,6,3,0,3,0,9,0,2,3,7,8,10,3,7,11,9,11,11,10,9,0,2,6,4,6,11,0
7,2,5,11,0,7,3,3,8,9,7,8,0,11,7,5,3,8,10,4,8,8,4,11,10,10,4,11,0,3,2,10,0,7,3,10,5,3,7,8,9,0,2,3,11,8,7,6,2,0,7,11,3,3,0,4,4,10,9,3,8,9,2,10,11,10,0,6,0,2,5,7,11,10,2,7,0,4,0,11,3,5,7,11,3,0,8,2,3,0,11,4,0,0,8,11,6,0,4,8,2,7,2,8,4,0,3,7,9,7,7,2,8,8,3,8,10,2,7,8,0,4,8,7,4,2,4,2,10,2,3,4,8,9,11,4,8,0,10,0,0,11,10,2,3,7,5,7,0,2
8,3,6,0,2,8,4,4,9,10,8,9,2,0,8,6,4,9,11,5,9,9,5,0,11,11,5,0,2,4,3,11,2,8,4,11,6,4,8,9,10,2,3,4,0,9,8,7,3,2,8,0,4,4,2,5,5,11,10,4,9,10,3,11,0,11,2,7,2,3,6,8,0,11,3,8,2,5,2,0,4,6,8,0,4,2,9,3,4,2,0,5,2,2,9,0,7,2,5,9,3,8,3,9,5,2,4,8,10,8,8,3,9,9,4,9,11,3,8,9,2,5,9,8,5,3,5,3,11,3,4,5,9,10,0,5,9,2,11,2,2,0,11,3,4,8,6,8,2,3
9,4,7,2,3,9,5,5,10,11,9,10,3,2,9,7,5,10,0,6,10,10,6,2,0,0,6,2,3,5,4,0,3,9,5,0,7,5,9,10,11,3,4,5,2,10,9,8,4,3,9,2,5,5,3,6,6,0,11,5,10,11,4,0,2,0,3,8,3,4,7,9,2,0,4,9,3,6,3,2,5,7,9,2,5,3,10,4,5,3,2,6,3,3,10,2,8,3,6,10,4,9,4,10,6,3,5,9,11,9,9,4,10,10,5,10,0,4,9,10,3,6,10,9,6,4,6,4,0,4,5,6,10,11,2,6,10,3,0,3,3,2,0,4,5,9,7,9,3,4
10,5,8,3,4,10,6,6,11,0,10,11,4,3,10,8,6,11,2,7,11,11,7,3,2,2,7,3,4,6,5,2,4,10,6,2,8,6,10,11,0,4,5,6,3,11,10,9,5,4,10,3,6,6,4,7,7,2,0,6,11,0,5,2,3,2,4,9,4,5,8,10,3,2,5,10,4,7,4,3,6,8,10,3,6,4,11,5,6,4,3,7,4,4,11,3,9,4,7,11,5,10,5,11,7,4,6,10,0,10,10,5,11,11,6,11,2,5,10,11,4,7,11,10,7,5,7,5,2,5,6,7,11,0,3,7,11,4,2,4,4,3,2,5,6,10,8,10,4,5
11,6,9,4,5,11,7,7,0,2,11,0,5,4,11,9,7,0,3,8,0,0,8,4,3,3,8,4,5,7,6,3,5,11,7,3,9,7,11,0,2,5,6,7,4,0,11,10,6,5,11,4,7,7,5,8,8,3,2,7,0,2,6,3,4,3,5,10,5,6,9,11,4,3,6,11,5,8,5,4,7,9,11,4,7,5,0,6,7,5,4,8,5,5,0,4,10,5,8,0,6,11,6,0,8,5,7,11,2,11,11,6,0,0,7,0,3,6,11,0,5,8,0,11,8,6,8,6,3,6,7,8,0,2,4,8,0,5,3,5,5,4,3,6,7,11,9,11,5,6
0,7,10,5,6,0,8,8,2,3,0,2,6,5,0,10,8,2,4,9,2,2,9,5,4,4,9,5,6,8,7,4,6,0,8,4,10,8,0,2,3,6,7,8,5,2,0,11,7,6,0,5,8,8,6,9,9,4,3,8,2,3,7,4,5,4,6,11,6,7,10,0,5,4,7,0,6,9,6,5,8,10,0,5,8,6,2,7,8,6,5,9,6,6,2,5,11,6,9,2,7,0,7,2,9,6,8,0,3,0,0,7,2,2,8,2,4,7,0,2,6,9,2,0,9,7,9,7,4,7,8,9,2,3,5,9,2,6,4,6,6,5,4,7,8,0,10,0,6,7
2,8,11,6,7,2,9,9,3,4,2,3,7,6,2,11,9,3,5,10,3,3,10,6,5,5,10,6,7,9,8,5,7,2,9,5,11,9,2,3,4,7,8,9,6,3,2,0,8,7,2,6,9,9,7,10,10,5,4,9,3,4,8,5,6,5,7,0,7,8,11,2,6,5,8,2,7,10,7,6,9,11,2,6,9,7,3,8,9,7,6,10,7,7,3,6,0,7,10,3,8,2,8,3,10,7,9,2,4,2,2,8,3,3,9,3,5,8,2,3,7,10,3,2,10,8,10,8,5,8,9,10,3,4,6,10,3,7,5,7,7,6,5,8,9,2,11,2,7,8
3,9,0,7,8,3,10,10,4,5,3,4,8,7,3,0,10,4,6,11,4,4,11,7,6,6,11,7,8,10,9,6,8,3,10,6,0,10,3,4,5,8,9,10,7,4,3,2,9,8,3,7,10,10,8,11,11,6,5,10,4,5,9,6,7,6,8,2,8,9,0,3,7,6,9,3,8,11,8,7,10,0,3,7,10,8,4,9,10,8,7,11,8,8,4,7,2,8,11,4,9,3,9,4,11,8,10,3,5,3,3,9,4,4,10,4,6,9,3,4,8,11,4,3,11,9,11,9,6,9,10,11,4,5,7,11,4,8,6,8,8,7,6,9,10,3,0,3,8,9
4,10,2,8,9,4,11,11,5,6,4,5,9,8,4,2,11,5,7,0,5,5,0,8,7,7,0,8,9,11,10,7,9,4,11,7,2,11,4,5,6,9,10,11,8,5,4,3,10,9,4,8,11,11,9,0,0,7,6,11,5,6,10,7,8,7,9,3,9,10,2,4,8,7,10,4,9,0,9,8,11,2,4,8,11,9,5,10,11,9,8,0,9,9,5,8,3,9,0,5,10,4,10,5,0,9,11,4,6,4,4,10,5,5,11,5,7,10,4,5,9,0,5,4,0,10,0,10,7,10,11,0,5,6,8,0,5,9,7,9,9,8,7,10,11,4,2,4,9,10
5,11,3,9,10,5,0,0,6,7,5,6,10,9,5,3,0,6,8,2,6,6,2,9,8,8,2,9,10,0,11,8,10,5,0,8,3,0,5,6,7,10,11,0,9,6,5,4,11,10,5,9,0,0,10,2,2,8,7,0,6,7,11,8,9,8,10,4,10,11,3,5,9,8,11,5,10,2,10,9,0,3,5,9,0,10,6,11,0,10,9,2,10,10,6,9,4,10,2,6,11,5,11,6,2,10,0,5,7,5,5,11,6,6,0,6,8,11,5,6,10,2,6,5,2,11,2,11,8,11,0,2,6,7,9,2,6,10,8,10,10,9,8,11,0,5,3,5,10,11
6,0,4,10,11,6,2,2,7,8,6,7,11,10,6,4,2,7,9,3,7,7,3,10,9,9,3,10,11,2,0,9,11,6,2,9,4,2,6,7,8,11,0,2,10,7,6,5,0,11,6,10,2,2,11,3,3,9,8,2,7,8,0,9,10,9,11,5,11,0,4,6,10,9,0,6,11,3,11,10,2,4,6,10,2,11,7,0,2,11,10,3,11,11,7,10,5,11,3,7,0,6,0,7,3,11,2,6,8,6,6,0,7,7,2,7,9,0,6,7,11,3,7,6,3,0,3,0,9,0,2,3,7,8,10,3,7,11,9,11,11,10,9,0,2,6,4,6,11,0
7,2,5,11,0,7,3,3,8,9,7,8,0,11,7,5,3,8,10,4,8,8,4,11,10,10,4,11,0,3,2,10,0,7,3,10,5,3,7,8,9,0,2,3,11,8,7,6,2,0,7,11,3,3,0,4,4,10,9,3,8,9,2,10,11,10,0,6,0,2,5,7,11,10,2,7,0,4,0,11,3,5,7,11,3,0,8,2,3,0,11,4,0,0,8,11,6,0,4,8,2,7,2,8,4,0,3,7,9,7,7,2,8,8,3,8,10,2,7,8,0,4,8,7,4,2,4,2,10,2,3,4,8,9,11,4,8,0,10,0,0,11,10,2,3,7,5,7,0,2
8,3,6,0,2,8,4,4,9,10,8,9,2,0,8,6,4,9,11,5,9,9,5,0,11,11,5,0,2,4,3,11,2,8,4,11,6,4,8,9,10,2,3,4,0,9,8,7,3,2,8,0,4,4,2,5,5,11,10,4,9,10,3,11,0,11,2,7,2,3,6,8,0,11,3,8,2,5,2,0,4,6,8,0,4,2,9,3,4,2,0,5,2,2,9,0,7,2,5,9,3,8,3,9,5,2,4,8,10,8,8,3,9,9,4,9,11,3,8,9,2,5,9,8,5,3,5,3,11,3,4,5,9,10,0,5,9,2,11,2,2,0,11,3,4,8,6,8,2,3
9,4,7,2,3,9,5,5,10,11,9,10,3,2,9,7,5,10,0,6,10,10,6,2,0,0,6,2,3,5,4,0,3,9,5,0,7,5,9,10,11,3,4,5,2,10,9,8,4,3,9,2,5,5,3,6,6,0,11,5,10,11,4,0,2,0,3,8,3,4,7,9,2,0,4,9,3,6,3,2,5,7,9,2,5,3,10,4,5,3,2,6,3,3,10,2,8,3,6,10,4,9,4,10,6,3,5,9,11,9,9,4,10,10,5,10,0,4,9,10,3,6,10,9,6,4,6,4,0,4,5,6,10,11,2,6,10,3,0,3,3,2,0,4,5,9,7,9,3,4
10,5,8,3,4,10,6,6,11,0,10,11,4,3,10,8,6,11,2,7,11,11,7,3,2,2,7,3,4,6,5,2,4,10,6,2,8,6,10,11,0,4,5,6,3,11,10,9,5,4,10,3,6,6,4,7,7,2,0,6,11,0,5,2,3,2,4,9,4,5,8,10,3,2,5,10,4,7,4,3,6,8,10,3,6,4,11,5,6,4,3,7,4,4,11,3,9,4,7,11,5,10,5,11,7,4,6,10,0,10,10,5,11,11,6,11,2,5,10,11,4,7,11,10,7,5,7,5,2,5,6,7,11,0,3,7,11,4,2,4,4,3,2,5,6,10,8,10,4,5
11,6,9,4,5,11,7,7,0,2,11,0,5,4,11,9,7,0,3,8,0,0,8,4,3,3,8,4,5,7,6,3,5,11,7,3,9,7,11,0,2,5,6,7,4,0,11,10,6,5,11,4,7,7,5,8,8,3,2,7,0,2,6,3,4,3,5,10,5,6,9,11,4,3,6,11,5,8,5,4,7,9,11,4,7,5,0,6,7,5,4,8,5,5,0,4,10,5,8,0,6,11,6,0,8,5,7,11,2,11,11,6,0,0,7,0,3,6,11,0,5,8,0,11,8,6,8,6,3,6,7,8,0,2,4,8,0,5,3,5,5,4,3,6,7,11,9,11,5,6
0,7,10,5,6,0,8,8,2,3,0,2,6,5,0,10,8,2,4,9,2,2,9,5,4,4,9,5,6,8,7,4,6,0,8,4,10,8,0,2,3,6,7,8,5,2,0,11,7,6,0,5,8,8,6,9,9,4,3,8,2,3,7,4,5,4,6,11,6,7,10,0,5,4,7,0,6,9,6,5,8,10,0,5,8,6,2,7,8,6,5,9,6,6,2,5,11,6,9,2,7,0,7,2,9,6,8,0,3,0,0,7,2,2,8,2,4,7,0,2,6,9,2,0,9,7,9,7,4,7,8,9,2,3,5,9,2,6,4,6,6,5,4,7,8,0,10,0,6,7
2,8,11,6,7,2,9,9,3,4,2,3,7,6,2,11,9,3,5,10,3,3,10,6,5,5,10,6,7,9,8,5,7,2,9,5,11,9,2,3,4,7,8,9,6,3,2,0,8,7,2,6,9,9,7,10,10,5,4,9,3,4,8,5,6,5,7,0,7,8,11,2,6,5,8,2,7,10,7,6,9,11,2,6,9,7,3,8,9,7,6,10,7,7,3,6,0,7,10,3,8,2,8,3,10,7,9,2,4,2,2,8,3,3,9,3,5,8,2,3,7,10,3,2,10,8,10,8,5,8,9,10,3,4,6,10,3,7,5,7,7,6,5,8,9,2,11,2,7,8
3,9,0,7,8,3,10,10,4,5,3,4,8,7,3,0,10,4,6,11,4,4,11,7,6,6,11,7,8,10,9,6,8,3,10,6,0,10,3,4,5,8,9,10,7,4,3,2,9,8,3,7,10,10,8,11,11,6,5,10,4,5,9,6,7,6,8,2,8,9,0,3,7,6,9,3,8,11,8,7,10,0,3,7,10,8,4,9,10,8,7,11,8,8,4,7,2,8,11,4,9,3,9,4,11,8,10,3,5,3,3,9,4,4,10,4,6,9,3,4,8,11,4,3,11,9,11,9,6,9,10,11,4,5,7,11,4,8,6,8,8,7,6,9,10,3,0,3,8,9
4,10,2,8,9,4,11,11,5,6,4,5,9,8,4,2,11,5,7,0,5,5,0,8,7,7,0,8,9,11,10,7,9,4,11,7,2,11,4,5,6,9,10,11,8,5,4,3,10,9,4,8,11,11,9,0,0,7,6,11,5,6,10,7,8,7,9,3,9,10,2,4,8,7,10,4,9,0,9,8,11,2,4,8,11,9,5,10,11,9,8,0,9,9,5,8,3,9,0,5,10,4,10,5,0,9,11,4,6,4,4,10,5,5,11,5,7,10,4,5,9,0,5,4,0,10,0,10,7,10,11,0,5,6,8,0,5,9,7,9,9,8,7,10,11,4,2,4,9,10
5,11,3,9,10,5,0,0,6,7,5,6,10,9,5,3,0,6,8,2,6,6,2,9,8,8,2,9,10,0,11,8,10,5,0,8,3,0,5,6,7,10,11,0,9,6,5,4,11,10,5,9,0,0,10,2,2,8,7,0,6,7,11,8,9,8,10,4,10,11,3,5,9,8,11,5,10,2,10,9,0,3,5,9,0,10,6,11,0,10,9,2,10,10,6,9,4,10,2,6,11,5,11,6,2,10,0,5,7,5,5,11,6,6,0,6,8,11,5,6,10,2,6,5,2,11,2,11,8,11,0,2,6,7,9,2,6,10,8,10,10,9,8,11,0,5,3,5,10,11
6,0,4,10,11,6,2,2,7,8,6,7,11,10,6,4,2,7,9,3,7,7,3,10,9,9,3,10,11,2,0,9,11,6,2,9,4,2,6,7,8,11,0,2,10,7,6,5,0,11,6,10,2,2,11,3,3,9,8,2,7,8,0,9,10,9,11,5,11,0,4,6,10,9,0,6,11,3,11,10,2,4,6,10,2,11,7,0,2,11,10,3,11,11,7,10,5,11,3,7,0,6,0,7,3,11,2,6,8,6,6,0,7,7,2,7,9,0,6,7,11,3,7,6,3,0,3,0,9,0,2,3,7,8,10,3,7,11,9,11,11,10,9,0,2,6,4,6,11,0
7,2,5,11,0,7,3,3,8,9,7,8,0,11,7,5,3,8,10,4,8,8,4,11,10,10,4,11,0,3,2,10,0,7,3,10,5,3,7,8,9,0,2,3,11,8,7,6,2,0,7,11,3,3,0,4,4,10,9,3,8,9,2,10,11,10,0,6,0,2,5,7,11,10,2,7,0,4,0,11,3,5,7,11,3,0,8,2,3,0,11,4,0,0,8,11,6,0,4,8,2,7,2,8,4,0,3,7,9,7,7,2,8,8,3,8,10,2,7,8,0,4,8,7,4,2,4,2,10,2,3,4,8,9,11,4,8,0,10,0,0,11,10,2,3,7,5,7,0,2
8,3,6,0,2,8,4,4,9,10,8,9,2,0,8,6,4,9,11,5,9,9,5,0,11,11,5,0,2,4,3,11,2,8,4,11,6,4,8,9,10,2,3,4,0,9,8,7,3,2,8,0,4,4,2,5,5,11,10,4,9,10,3,11,0,11,2,7,2,3,6,8,0,11,3,8,2,5,2,0,4,6,8,0,4,2,9,3,4,2,0,5,2,2,9,0,7,2,5,9,3,8,3,9,5,2,4,8,10,8,8,3,9,9,4,9,11,3,8,9,2,5,9,8,5,3,5,3,11,3,4,5,9,10,0,5,9,2,11,2,2,0,11,3,4,8,6,8,2,3
9,4,7,2,3,9,5,5,10,11,9,10,3,2,9,7,5,10,0,6,10,10,6,2,0,0,6,2,3,5,4,0,3,9,5,0,7,5,9,10,11,3,4,5,2,10,9,8,4,3,9,2,5,5,3,6,6,0,11,5,10,11,4,0,2,0,3,8,3,4,7,9,2,0,4,9,3,6,3,2,5,7,9,2,5,3,10,4,5,3,2,6,3,3,10,2,8,3,6,10,4,9,4,10,6,3,5,9,11,9,9,4,10,10,5,10,0,4,9,10,3,6,10,9,6,4,6,4,0,4,5,6,10,11,2,6,10,3,0,3,3,2,0,4,5,9,7,9,3,4
10,5,8,3,4,10,6,6,11,0,10,11,4,3,10,8,6,11,2,7,11,11,7,3,2,2,7,3,4,6,5,2,4,10,6,2,8,6,10,11,0,4,5,6,3,11,10,9,5,4,10,3,6,6,4,7,7,2,0,6,11,0,5,2,3,2,4,9,4,5,8,10,3,2,5,10,4,7,4,3,6,8,10,3,6,4,11,5,6,4,3,7,4,4,11,3,9,4,7,11,5,10,5,11,7,4,6,10,0,10,10,5,11,11,6,11,2,5,10,11,4,7,11,10,7,5,7,5,2,5,6,7,11,0,3,7,11,4,2,4,4,3,2,5,6,10,8,10,4,5
11,6,9,4,5,11,7,7,0,2,11,0,5,4,11,9,7,0,3,8,0,0,8,4,3,3,8,4,5,7,6,3,5,11,7,3,9,7,11,0,2,5,6,7,4,0,11,10,6,5,11,4,7,7,5,8,8,3,2,7,0,2,6,3,4,3,5,10,5,6,9,11,4,3,6,11,5,8,5,4,7,9,11,4,7,5,0,6,7,5,4,8,5,5,0,4,10,5,8,0,6,11,6,0,8,5,7,11,2,11,11,6,0,0,7,0,3,6,11,0,5,8,0,11,8,6,8,6,3,6,7,8,0,2,4,8,0,5,3,5,5,4,3,6,7,11,9,11,5,6
0,7,10,5,6,0,8,8,2,3,0,2,6,5,0,10,8,2,4,9,2,2,9,5,4,4,9,5,6,8,7,4,6,0,8,4,10,8,0,2,3,6,7,8,5,2,0,11,7,6,0,5,8,8,6,9,9,4,3,8,2,3,7,4,5,4,6,11,6,7,10,0,5,4,7,0,6,9,6,5,8,10,0,5,8,6,2,7,8,6,5,9,6,6,2,5,11,6,9,2,7,0,7,2,9,6,8,0,3,0,0,7,2,2,8,2,4,7,0,2,6,9,2,0,9,7,9,7,4,7,8,9,2,3,5,9,2,6,4,6,6,5,4,7,8,0,10,0,6,7
2,8,11,6,7,2,9,9,3,4,2,3,7,6,2,11,9,3,5,10,3,3,10,6,5,5,10,6,7,9,8,5,7,2,9,5,11,9,2,3,4,7,8,9,6,3,2,0,8,7,2,6,9,9,7,10,10,5,4,9,3,4,8,5,6,5,7,0,7,8,11,2,6,5,8,2,7,10,7,6,9,11,2,6,9,7,3,8,9,7,6,10,7,7,3,6,0,7,10,3,8,2,8,3,10,7,9,2,4,2,2,8,3,3,9,3,5,8,2,3,7,10,3,2,10,8,10,8,5,8,9,10,3,4,6,10,3,7,5,7,7,6,5,8,9,2,11,2,7,8
3,9,0,7,8,3,10,10,4,5,3,4,8,7,3,0,10,4,6,11,4,4,11,7,6,6,11,7,8,10,9,6,8,3,10,6,0,10,3,4,5,8,9,10,7,4,3,2,9,8,3,7,10,10,8,11,11,6,5,10,4,5,9,6,7,6,8,2,8,9,0,3,7,6,9,3,8,11,8,7,10,0,3,7,10,8,4,9,10,8,7,11,8,8,4,7,2,8,11,4,9,3,9,4,11,8,10,3,5,3,3,9,4,4,10,4,6,9,3,4,8,11,4,3,11,9,11,9,6,9,10,11,4,5,7,11,4,8,6,8,8,7,6,9,10,3,0,3,8,9
4,10,2,8,9,4,11,11,5,6,4,5,9,8,4,2,11,5,7,0,5,5,0,8,7,7,0,8,9,11,10,7,9,4,11,7,2,11,4,5,6,9,10,11,8,5,4,3,10,9,4,8,11,11,9,0,0,7,6,11,5,6,10,7,8,7,9,3,9,10,2,4,8,7,10,4,9,0,9,8,11,2,4,8,11,9,5,10,11,9,8,0,9,9,5,8,3,9,0,5,10,4,10,5,0,9,11,4,6,4,4,10,5,5,11,5,7,10,4,5,9,0,5,4,0,10,0,10,7,10,11,0,5,6,8,0,5,9,7,9,9,8,7,10,11,4,2,4,9,10
5,11,3,9,10,5,0,0,6,7,5,6,10,9,5,3,0,6,8,2,6,6,2,9,8,8,2,9,10,0,11,8,10,5,0,8,3,0,5,6,7,10,11,0,9,6,5,4,11,10,5,9,0,0,10,2,2,8,7,0,6,7,11,8,9,8,10,4,10,11,3,5,9,8,11,5,10,2,10,9,0,3,5,9,0,10,6,11,0,10,9,2,10,10,6,9,4,10,2,6,11,5,11,6,2,10,0,5,7,5,5,11,6,6,0,6,8,11,5,6,10,2,6,5,2,11,2,11,8,11,0,2,6,7,9,2,6,10,8,10,10,9,8,11,0,5,3,5,10,11
6,0,4,10,11,6,2,2,7,8,6,7,11,10,6,4,2,7,9,3,7,7,3,10,9,9,3,10,11,2,0,9,11,6,2,9,4,2,6,7,8,11,0,2,10,7,6,5,0,11,6,10,2,2,11,3,3,9,8,2,7,8,0,9,10,9,11,5,11,0,4,6,10,9,0,6,11,3,11,10,2,4,6,10,2,11,7,0,2,11,10,3,11,11,7,10,5,11,3,7,0,6,0,7,3,11,2,6,8,6,6,0,7,7,2,7,9,0,6,7,11,3,7,6,3,0,3,0,9,0,2,3,7,8,10,3,7,11,9,11,11,10,9,0,2,6,4,6,11,0
7,2,5,11,0,7,3,3,8,9,7,8,0,11,7,5,3,8,10,4,8,8,4,11,10,10,4,11,0,3,2,10,0,7,3,10,5,3,7,8,9,0,2,3,11,8,7,6,2,0,7,11,3,3,0,4,4,10,9,3,8,9,2,10,11,10,0,6,0,2,5,7,11,10,2,7,0,4,0,11,3,5,7,11,3,0,8,2,3,0,11,4,0,0,8,11,6,0,4,8,2,7,2,8,4,0,3,7,9,7,7,2,8,8,3,8,10,2,7,8,0,4,8,7,4,2,4,2,10,2,3,4,8,9,11,4,8,0,10,0,0,11,10,2,3,7,5,7,0,2
8,3,6,0,2,8,4,4,9,10,8,9,2,0,8,6,4,9,11,5,9,9,5,0,11,11,5,0,2,4,3,11,2,8,4,11,6,4,8,9,10,2,3,4,0,9,8,7,3,2,8,0,4,4,2,5,5,11,10,4,9,10,3,11,0,11,2,7,2,3,6,8,0,11,3,8,2,5,2,0,4,6,8,0,4,2,9,3,4,2,0,5,2,2,9,0,7,2,5,9,3,8,3,9,5,2,4,8,10,8,8,3,9,9,4,9,11,3,8,9,2,5,9,8,5,3,5,3,11,3,4,5,9,10,0,5,9,2,11,2,2,0,11,3,4,8,6,8,2,3
9,4,7,2,3,9,5,5,10,11,9,10,3,2,9,7,5,10,0,6,10,10,6,2,0,0,6,2,3,5,4,0,3,9,5,0,7,5,9,10,11,3,4,5,2,10,9,8,4,3,9,2,5,5,3,6,6,0,11,5,10,11,4,0,2,0,3,8,3,4,7,9,2,0,4,9,3,6,3,2,5,7,9,2,5,3,10,4,5,3,2,6,3,3,10,2,8,3,6,10,4,9,4,10,6,3,5,9,11,9,9,4,10,10,5,10,0,4,9,10,3,6,10,9,6,4,6,4,0,4,5,6,10,11,2,6,10,3,0,3,3,2,0,4,5,9,7,9,3,4
10,5,8,3,4,10,6,6,11,0,10,11,4,3,10,8,6,11,2,7,11,11,7,3,2,2,7,3,4,6,5,2,4,10,6,2,8,6,10,11,0,4,5,6,3,11,10,9,5,4,10,3,6,6,4,7,7,2,0,6,11,0,5,2,3,2,4,9,4,5,8,10,3,2,5,10,4,7,4,3,6,8,10,3,6,4,11,5,6,4,3,7,4,4,11,3,9,4,7,11,5,10,5,11,7,4,6,10,0,10,10,5,11,11,6,11,2,5,10,11,4,7,11,10,7,5,7,5,2,5,6,7,11,0,3,7,11,4,2,4,4,3,2,5,6,10,8,10,4,5
11,6,9,4,5,11,7,7,0,2,11,0,5,4,11,9,7,0,3,8,0,0,8,4,3,3,8,4,5,7,6,3,5,11,7,3,9,7,11,0,2,5,6,7,4,0,11,10,6,5,11,4,7,7,5,8,8,3,2,7,0,2,6,3,4,3,5,10,5,6,9,11,4,3,6,11,5,8,5,4,7,9,11,4,7,5,0,6,7,5,4,8,5,5,0,4,10,5,8,0,6,11,6,0,8,5,7,11,2,11,11,6,0,0,7,0,3,6,11,0,5,8,0,11,8,6,8,6,3,6,7,8,0,2,4,8,0,5,3,5,5,4,3,6,7,11,9,11,5,6
0,7,10,5,6,0,8,8,2,3,0,2,6,5,0,10,8,2,4,9,2,2,9,5,4,4,9,5,6,8,7,4,6,0,8,4,10,8,0,2,3,6,7,8,5,2,0,11,7,6,0,5,8,8,6,9,9,4,3,8,2,3,7,4,5,4,6,11,6,7,10,0,5,4,7,0,6,9,6,5,8,10,0,5,8,6,2,7,8,6,5,9,6,6,2,5,11,6,9,2,7,0,7,2,9,6,8,0,3,0,0,7,2,2,8,2,4,7,0,2,6,9,2,0,9,7,9,7,4,7,8,9,2,3,5,9,2,6,4,6,6,5,4,7,8,0,10,0,6,7
2,8,11,6,7,2,9,9,3,4,2,3,7,6,2,11,9,3,5,10,3,3,10,6,5,5,10,6,7,9,8,5,7,2,9,5,11,9,2,3,4,7,8,9,6,3,2,0,8,7,2,6,9,9,7,10,10,5,4,9,3,4,8,5,6,5,7,0,7,8,11,2,6,5,8,2,7,10,7,6,9,11,2,6,9,7,3,8,9,7,6,10,7,7,3,6,0,7,10,3,8,2,8,3,10,7,9,2,4,2,2,8,3,3,9,3,5,8,2,3,7,10,3,2,10,8,10,8,5,8,9,10,3,4,6,10,3,7,5,7,7,6,5,8,9,2,11,2,7,8
3,9,0,7,8,3,10,10,4,5,3,4,8,7,3,0,10,4,6,11,4,4,11,7,6,6,11,7,8,10,9,6,8,3,10,6,0,10,3,4,5,8,9,10,7,4,3,2,9,8,3,7,10,10,8,11,11,6,5,10,4,5,9,6,7,6,8,2,8,9,0,3,7,6,9,3,8,11,8,7,10,0,3,7,10,8,4,9,10,8,7,11,8,8,4,7,2,8,11,4,9,3,9,4,11,8,10,3,5,3,3,9,4,4,10,4,6,9,3,4,8,11,4,3,11,9,11,9,6,9,10,11,4,5,7,11,4,8,6,8,8,7,6,9,10,3,0,3,8,9
4,10,2,8,9,4,11,11,5,6,4,5,9,8,4,2,11,5,7,0,5,5,0,8,7,7,0,8,9,11,10,7,9,4,11,7,2,11,4,5,6,9,10,11,8,5,4,3,10,9,4,8,11,11,9,0,0,7,6,11,5,6,10,7,8,7,9,3,9,10,2,4,8,7,10,4,9,0,9,8,11,2,4,8,11,9,5,10,11,9,8,0,9,9,5,8,3,9,0,5,10,4,10,5,0,9,11,4,6,4,4,10,5,5,11,5,7,10,4,5,9,0,5,4,0,10,0,10,7,10,11,0,5,6,8,0,5,9,7,9,9,8,7,10,11,4,2,4,9,10
5,11,3,9,10,5,0,0,6,7,5,6,10,9,5,3,0,6,8,2,6,6,2,9,8,8,2,9,10,0,11,8,10,5,0,8,3,0,5,6,7,10,11,0,9,6,5,4,11,10,5,9,0,0,10,2,2,8,7,0,6,7,11,8,9,8,10,4,10,11,3,5,9,8,11,5,10,2,10,9,0,3,5,9,0,10,6,11,0,10,9,2,10,10,6,9,4,10,2,6,11,5,11,6,2,10,0,5,7,5,5,11,6,6,0,6,8,11,5,6,10,2,6,5,2,11,2,11,8,11,0,2,6,7,9,2,6,10,8,10,10,9,8,11,0,5,3,5,10,11
6,0,4,10,11,6,2,2,7,8,6,7,11,10,6,4,2,7,9,3,7,7,3,10,9,9,3,10,11,2,0,9,11,6,2,9,4,2,6,7,8,11,0,2,10,7,6,5,0,11,6,10,2,2,11,3,3,9,8,2,7,8,0,9,10,9,11,5,11,0,4,6,10,9,0,6,11,3,11,10,2,4,6,10,2,11,7,0,2,11,10,3,11,11,7,10,5,11,3,7,0,6,0,7,3,11,2,6,8,6,6,0,7,7,2,7,9,0,6,7,11,3,7,6,3,0,3,0,9,0,2,3,7,8,10,3,7,11,9,11,11,10,9,0,2,6,4,6,11,0
7,2,5,11,0,7,3,3,8,9,7,8,0,11,7,5,3,8,10,4,8,8,4,11,10,10,4,11,0,3,2,10,0,7,3,10,5,3,7,8,9,0,2,3,11,8,7,6,2,0,7,11,3,3,0,4,4,10,9,3,8,9,2,10,11,10,0,6,0,2,5,7,11,10,2,7,0,4,0,11,3,5,7,11,3,0,8,2,3,0,11,4,0,0,8,11,6,0,4,8,2,7,2,8,4,0,3,7,9,7,7,2,8,8,3,8,10,2,7,8,0,4,8,7,4,2,4,2,10,2,3,4,8,9,11,4,8,0,10,0,0,11,10,2,3,7,5,7,0,2
8,3,6,0,2,8,4,4,9,10,8,9,2,0,8,6,4,9,11,5,9,9,5,0,11,11,5,0,2,4,3,11,2,8,4,11,6,4,8,9,10,2,3,4,0,9,8,7,3,2,8,0,4,4,2,5,5,11,10,4,9,10,3,11,0,11,2,7,2,3,6,8,0,11,3,8,2,5,2,0,4,6,8,0,4,2,9,3,4,2,0,5,2,2,9,0,7,2,5,9,3,8,3,9,5,2,4,8,10,8,8,3,9,9,4,9,11,3,8,9,2,5,9,8,5,3,5,3,11,3,4,5,9,10,0,5,9,2,11,2,2,0,11,3,4,8,6,8,2,3
9,4,7,2,3,9,5,5,10,11,9,10,3,2,9,7,5,10,0,6,10,10,6,2,0,0,6,2,3,5,4,0,3,9,5,0,7,5,9,10,11,3,4,5,2,10,9,8,4,3,9,2,5,5,3,6,6,0,11,5,10,11,4,0,2,0,3,8,3,4,7,9,2,0,4,9,3,6,3,2,5,7,9,2,5,3,10,4,5,3,2,6,3,3,10,2,8,3,6,10,4,9,4,10,6,3,5,9,11,9,9,4,10,10,5,10,0,4,9,10,3,6,10,9,6,4,6,4,0,4,5,6,10,11,2,6,10,3,0,3,3,2,0,4,5,9,7,9,3,4
10,5,8,3,4,10,6,6,11,0,10,11,4,3,10,8,6,11,2,7,11,11,7,3,2,2,7,3,4,6,5,2,4,10,6,2,8,6,10,11,0,4,5,6,3,11,10,9,5,4,10,3,6,6,4,7,7,2,0,6,11,0,5,2,3,2,4,9,4,5,8,10,3,2,5,10,4,7,4,3,6,8,10,3,6,4,11,5,6,4,3,7,4,4,11,3,9,4,7,11,5,10,5,11,7,4,6,10,0,10,10,5,11,11,6,11,2,5,10,11,4,7,11,10,7,5,7,5,2,5,6,7,11,0,3,7,11,4,2,4,4,3,2,5,6,10,8,10,4,5
11,6,9,4,5,11,7,7,0,2,11,0,5,4,11,9,7,0,3,8,0,0,8,4,3,3,8,4,5,7,6,3,5,11,7,3,9,7,11,0,2,5,6,7,4,0,11,10,6,5,11,4,7,7,5,8,8,3,2,7,0,2,6,3,4,3,5,10,5,6,9,11,4,3,6,11,5,8,5,4,7,9,11,4,7,5,0,6,7,5,4,8,5,5,0,4,10,5,8,0,6,11,6,0,8,5,7,11,2,11,11,6,0,0,7,0,3,6,11,0,5,8,0,11,8,6,8,6,3,6,7,8,0,2,4,8,0,5,3,5,5,4,3,6,7,11,9,11,5,6
0,7,10,5,6,0,8,8,2,3,0,2,6,5,0,10,8,2,4,9,2,2,9,5,4,4,9,5,6,8,7,4,6,0,8,4,10,8,0,2,3,6,7,8,5,2,0,11,7,6,0,5,8,8,6,9,9,4,3,8,2,3,7,4,5,4,6,11,6,7,10,0,5,4,7,0,6,9,6,5,8,10,0,5,8,6,2,7,8,6,5,9,6,6,2,5,11,6,9,2,7,0,7,2,9,6,8,0,3,0,0,7,2,2,8,2,4,7,0,2,6,9,2,0,9,7,9,7,4,7,8,9,2,3,5,9,2,6,4,6,6,5,4,7,8,0,10,0,6,7
2,8,11,6,7,2,9,9,3,4,2,3,7,6,2,11,9,3,5,10,3,3,10,6,5,5,10,6,7,9,8,5,7,2,9,5,11,9,2,3,4,7,8,9,6,3,2,0,8,7,2,6,9,9,7,10,10,5,4,9,3,4,8,5,6,5,7,0,7,8,11,2,6,5,8,2,7,10,7,6,9,11,2,6,9,7,3,8,9,7,6,10,7,7,3,6,0,7,10,3,8,2,8,3,10,7,9,2,4,2,2,8,3,3,9,3,5,8,2,3,7,10,3,2,10,8,10,8,5,8,9,10,3,4,6,10,3,7,5,7,7,6,5,8,9,2,11,2,7,8
3,9,0,7,8,3,10,10,4,5,3,4,8,7,3,0,10,4,6,11,4,4,11,7,6,6,11,7,8,10,9,6,8,3,10,6,0,10,3,4,5,8,9,10,7,4,3,2,9,8,3,7,10,10,8,11,11,6,5,10,4,5,9,6,7,6,8,2,8,9,0,3,7,6,9,3,8,11,8,7,10,0,3,7,10,8,4,9,10,8,7,11,8,8,4,7,2,8,11,4,9,3,9,4,11,8,10,3,5,3,3,9,4,4,10,4,6,9,3,4,8,11,4,3,11,9,11,9,6,9,10,11,4,5,7,11,4,8,6,8,8,7,6,9,10,3,0,3,8,9
4,10,2,8,9,4,11,11,5,6,4,5,9,8,4,2,11,5,7,0,5,5,0,8,7,7,0,8,9,11,10,7,9,4,11,7,2,11,4,5,6,9,10,11,8,5,4,3,10,9,4,8,11,11,9,0,0,7,6,11,5,6,10,7,8,7,9,3,9,10,2,4,8,7,10,4,9,0,9,8,11,2,4,8,11,9,5,10,11,9,8,0,9,9,5,8,3,9,0,5,10,4,10,5,0,9,11,4,6,4,4,10,5,5,11,5,7,10,4,5,9,0,5,4,0,10,0,10,7,10,11,0,5,6,8,0,5,9,7,9,9,8,7,10,11,4,2,4,9,10
5,11,3,9,10,5,0,0,6,7,5,6,10,9,5,3,0,6,8,2,6,6,2,9,8,8,2,9,10,0,11,8,10,5,0,8,3,0,5,6,7,10,11,0,9,6,5,4,11,10,5,9,0,0,10,2,2,8,7,0,6,7,11,8,9,8,10,4,10,11,3,5,9,8,11,5,10,2,10,9,0,3,5,9,0,10,6,11,0,10,9,2,10,10,6,9,4,10,2,6,11,5,11,6,2,10,0,5,7,5,5,11,6,6,0,6,8,11,5,6,10,2,6,5,2,11,2,11,8,11,0,2,6,7,9,2,6,10,8,10,10,9,8,11,0,5,3,5,10,11
6,0,4,10,11,6,2,2,7,8,6,7,11,10,6,4,2,7,9,3,7,7,3,10,9,9,3,10,11,2,0,9,11,6,2,9,4,2,6,7,8,11,0,2,10,7,6,5,0,11,6,10,2,2,11,3,3,9,8,2,7,8,0,9,10,9,11,5,11,0,4,6,10,9,0,6,11,3,11,10,2,4,6,10,2,11,7,0,2,11,10,3,11,11,7,10,5,11,3,7,0,6,0,7,3,11,2,6,8,6,6,0,7,7,2,7,9,0,6,7,11,3,7,6,3,0,3,0,9,0,2,3,7,8,10,3,7,11,9,11,11,10,9,0,2,6,4,6,11,0
7,2,5,11,0,7,3,3,8,9,7,8,0,11,7,5,3,8,10,4,8,8,4,11,10,10,4,11,0,3,2,10,0,7,3,10,5,3,7,8,9,0,2,3,11,8,7,6,2,0,7,11,3,3,0,4,4,10,9,3,8,9,2,10,11,10,0,6,0,2,5,7,11,10,2,7,0,4,0,11,3,5,7,11,3,0,8,2,3,0,11,4,0,0,8,11,6,0,4,8,2,7,2,8,4,0,3,7,9,7,7,2,8,8,3,8,10,2,7,8,0,4,8,7,4,2,4,2,10,2,3,4,8,9,11,4,8,0,10,0,0,11,10,2,3,7,5,7,0,2
8,3,6,0,2,8,4,4,9,10,8,9,2,0,8,6,4,9,11,5,9,9,5,0,11,11,5,0,2,4,3,11,2,8,4,11,6,4,8,9,10,2,3,4,0,9,8,7,3,2,8,0,4,4,2,5,5,11,10,4,9,10,3,11,0,11,2,7,2,3,6,8,0,11,3,8,2,5,2,0,4,6,8,0,4,2,9,3,4,2,0,5,2,2,9,0,7,2,5,9,3,8,3,9,5,2,4,8,10,8,8,3,9,9,4,9,11,3,8,9,2,5,9,8,5,3,5,3,11,3,4,5,9,10,0,5,9,2,11,2,2,0,11,3,4,8,6,8,2,3
9,4,7,2,3,9,5,5,10,11,9,10,3,2,9,7,5,10,0,6,10,10,6,2,0,0,6,2,3,5,4,0,3,9,5,0,7,5,9,10,11,3,4,5,2,10,9,8,4,3,9,2,5,5,3,6,6,0,11,5,10,11,4,0,2,0,3,8,3,4,7,9,2,0,4,9,3,6,3,2,5,7,9,2,5,3,10,4,5,3,2,6,3,3,10,2,8,3,6,10,4,9,4,10,6,3,5,9,11,9,9,4,10,10,5,10,0,4,9,10,3,6,10,9,6,4,6,4,0,4,5,6,10,11,2,6,10,3,0,3,3,2,0,4,5,9,7,9,3,4
10,5,8,3,4,10,6,6,11,0,10,11,4,3,10,8,6,11,2,7,11,11,7,3,2,2,7,3,4,6,5,2,4,10,6,2,8,6,10,11,0,4,5,6,3,11,10,9,5,4,10,3,6,6,4,7,7,2,0,6,11,0,5,2,3,2,4,9,4,5,8,10,3,2,5,10,4,7,4,3,6,8,10,3,6,4,11,5,6,4,3,7,4,4,11,3,9,4,7,11,5,10,5,11,7,4,6,10,0,10,10,5,11,11,6,11,2,5,10,11,4,7,11,10,7,5,7,5,2,5,6,7,11,0,3,7,11,4,2,4,4,3,2,5,6,10,8,10,4,5
11,6,9,4,5,11,7,7,0,2,11,0,5,4,11,9,7,0,3,8,0,0,8,4,3,3,8,4,5,7,6,3,5,11,7,3,9,7,11,0,2,5,6,7,4,0,11,10,6,5,11,4,7,7,5,8,8,3,2,7,0,2,6,3,4,3,5,10,5,6,9,11,4,3,6,11,5,8,5,4,7,9,11,4,7,5,0,6,7,5,4,8,5,5,0,4,10,5,8,0,6,11,6,0,8,5,7,11,2,11,11,6,0,0,7,0,3,6,11,0,5,8,0,11,8,6,8,6,3,6,7,8,0,2,4,8,0,5,3,5,5,4,3,6,7,11,9,11,5,6
0,7,10,5,6,0,8,8,2,3,0,2,6,5,0,10,8,2,4,9,2,2,9,5,4,4,9,5,6,8,7,4,6,0,8,4,10,8,0,2,3,6,7,8,5,2,0,11,7,6,0,5,8,8,6,9,9,4,3,8,2,3,7,4,5,4,6,11,6,7,10,0,5,4,7,0,6,9,6,5,8,10,0,5,8,6,2,7,8,6,5,9,6,6,2,5,11,6,9,2,7,0,7,2,9,6,8,0,3,0,0,7,2,2,8,2,4,7,0,2,6,9,2,0,9,7,9,7,4,7,8,9,2,3,5,9,2,6,4,6,6,5,4,7,8,0,10,0,6,7
2,8,11,6,7,2,9,9,3,4,2,3,7,6,2,11,9,3,5,10,3,3,10,6,5,5,10,6,7,9,8,5,7,2,9,5,11,9,2,3,4,7,8,9,6,3,2,0,8,7,2,6,9,9,7,10,10,5,4,9,3,4,8,5,6,5,7,0,7,8,11,2,6,5,8,2,7,10,7,6,9,11,2,6,9,7,3,8,9,7,6,10,7,7,3,6,0,7,10,3,8,2,8,3,10,7,9,2,4,2,2,8,3,3,9,3,5,8,2,3,7,10,3,2,10,8,10,8,5,8,9,10,3,4,6,10,3,7,5,7,7,6,5,8,9,2,11,2,7,8
3,9,0,7,8,3,10,10,4,5,3,4,8,7,3,0,10,4,6,11,4,4,11,7,6,6,11,7,8,10,9,6,8,3,10,6,0,10,3,4,5,8,9,10,7,4,3,2,9,8,3,7,10,10,8,11,11,6,5,10,4,5,9,6,7,6,8,2,8,9,0,3,7,6,9,3,8,11,8,7,10,0,3,7,10,8,4,9,10,8,7,11,8,8,4,7,2,8,11,4,9,3,9,4,11,8,10,3,5,3,3,9,4,4,10,4,6,9,3,4,8,11,4,3,11,9,11,9,6,9,10,11,4,5,7,11,4,8,6,8,8,7,6,9,10,3,0,3,8,9
4,10,2,8,9,4,11,11,5,6,4,5,9,8,4,2,11,5,7,0,5,5,0,8,7,7,0,8,9,11,10,7,9,4,11,7,2,11,4,5,6,9,10,11,8,5,4,3,10,9,4,8,11,11,9,0,0,7,6,11,5,6,10,7,8,7,9,3,9,10,2,4,8,7,10,4,9,0,9,8,11,2,4,8,11,9,5,10,11,9,8,0,9,9,5,8,3,9,0,5,10,4,10,5,0,9,11,4,6,4,4,10,5,5,11,5,7,10,4,5,9,0,5,4,0,10,0,10,7,10,11,0,5,6,8,0,5,9,7,9,9,8,7,10,11,4,2,4,9,10
5,11,3,9,10,5,0,0,6,7,5,6,10,9,5,3,0,6,8,2,6,6,2,9,8,8,2,9,10,0,11,8,10,5,0,8,3,0,5,6,7,10,11,0,9,6,5,4,11,10,5,9,0,0,10,2,2,8,7,0,6,7,11,8,9,8,10,4,10,11,3,5,9,8,11,5,10,2,10,9,0,3,5,9,0,10,6,11,0,10,9,2,10,10,6,9,4,10,2,6,11,5,11,6,2,10,0,5,7,5,5,11,6,6,0,6,8,11,5,6,10,2,6,5,2,11,2,11,8,11,0,2,6,7,9,2,6,10,8,10,10,9,8,11,0,5,3,5,10,11
6,0,4,10,11,6,2,2,7,8,6,7,11,10,6,4,2,7,9,3,7,7,3,10,9,9,3,10,11,2,0,9,11,6,2,9,4,2,6,7,8,11,0,2,10,7,6,5,0,11,6,10,2,2,11,3,3,9,8,2,7,8,0,9,10,9,11,5,11,0,4,6,10,9,0,6,11,3,11,10,2,4,6,10,2,11,7,0,2,11,10,3,11,11,7,10,5,11,3,7,0,6,0,7,3,11,2,6,8,6,6,0,7,7,2,7,9,0,6,7,11,3,7,6,3,0,3,0,9,0,2,3,7,8,10,3,7,11,9,11,11,10,9,0,2,6,4,6,11,0
7,2,5,11,0,7,3,3,8,9,7,8,0,11,7,5,3,8,10,4,8,8,4,11,10,10,4,11,0,3,2,10,0,7,3,10,5,3,7,8,9,0,2,3,11,8,7,6,2,0,7,11,3,3,0,4,4,10,9,3,8,9,2,10,11,10,0,6,0,2,5,7,11,10,2,7,0,4,0,11,3,5,7,11,3,0,8,2,3,0,11,4,0,0,8,11,6,0,4,8,2,7,2,8,4,0,3,7,9,7,7,2,8,8,3,8,10,2,7,8,0,4,8,7,4,2,4,2,10,2,3,4,8,9,11,4,8,0,10,0,0,11,10,2,3,7,5,7,0,2
8,3,6,0,2,8,4,4,9,10,8,9,2,0,8,6,4,9,11,5,9,9,5,0,11,11,5,0,2,4,3,11,2,8,4,11,6,4,8,9,10,2,3,4,0,9,8,7,3,2,8,0,4,4,2,5,5,11,10,4,9,10,3,11,0,11,2,7,2,3,6,8,0,11,3,8,2,5,2,0,4,6,8,0,4,2,9,3,4,2,0,5,2,2,9,0,7,2,5,9,3,8,3,9,5,2,4,8,10,8,8,3,9,9,4,9,11,3,8,9,2,5,9,8,5,3,5,3,11,3,4,5,9,10,0,5,9,2,11,2,2,0,11,3,4,8,6,8,2,3
9,4,7,2,3,9,5,5,10,11,9,10,3,2,9,7,5,10,0,6,10,10,6,2,0,0,6,2,3,5,4,0,3,9,5,0,7,5,9,10,11,3,4,5,2,10,9,8,4,3,9,2,5,5,3,6,6,0,11,5,10,11,4,0,2,0,3,8,3,4,7,9,2,0,4,9,3,6,3,2,5,7,9,2,5,3,10,4,5,3,2,6,3,3,10,2,8,3,6,10,4,9,4,10,6,3,5,9,11,9,9,4,10,10,5,10,0,4,9,10,3,6,10,9,6,4,6,4,0,4,5,6,10,11,2,6,10,3,0,3,3,2,0,4,5,9,7,9,3,4
10,5,8,3,4,10,6,6,11,0,10,11,4,3,10,8,6,11,2,7,11,11,7,3,2,2,7,3,4,6,5,2,4,10,6,2,8,6,10,11,0,4,5,6,3,11,10,9,5,4,10,3,6,6,4,7,7,2,0,6,11,0,5,2,3,2,4,9,4,5,8,10,3,2,5,10,4,7,4,3,6,8,10,3,6,4,11,5,6,4,3,7,4,4,11,3,9,4,7,11,5,10,5,11,7,4,6,10,0,10,10,5,11,11,6,11,2,5,10,11,4,7,11,10,7,5,7,5,2,5,6,7,11,0,3,7,11,4,2,4,4,3,2,5,6,10,8,10,4,5
11,6,9,4,5,11,7,7,0,2,11,0,5,4,11,9,7,0,3,8,0,0,8,4,3,3,8,4,5,7,6,3,5,11,7,3,9,7,11,0,2,5,6,7,4,0,11,10,6,5,11,4,7,7,5,8,8,3,2,7,0,2,6,3,4,3,5,10,5,6,9,11,4,3,6,11,5,8,5,4,7,9,11,4,7,5,0,6,7,5,4,8,5,5,0,4,10,5,8,0,6,11,6,0,8,5,7,11,2,11,11,6,0,0,7,0,3,6,11,0,5,8,0,11,8,6,8,6,3,6,7,8,0,2,4,8,0,5,3,5,5,4,3,6,7,11,9,11,5,6
0,7,10,5,6,0,8,8,2,3,0,2,6,5,0,10,8,2,4,9,2,2,9,5,4,4,9,5,6,8,7,4,6,0,8,4,10,8,0,2,3,6,7,8,5,2,0,11,7,6,0,5,8,8,6,9,9,4,3,8,2,3,7,4,5,4,6,11,6,7,10,0,5,4,7,0,6,9,6,5,8,10,0,5,8,6,2,7,8,6,5,9,6,6,2,5,11,6,9,2,7,0,7,2,9,6,8,0,3,0,0,7,2,2,8,2,4,7,0,2,6,9,2,0,9,7,9,7,4,7,8,9,2,3,5,9,2,6,4,6,6,5,4,7,8,0,10,0,6,7
2,8,11,6,7,2,9,9,3,4,2,3,7,6,2,11,9,3,5,10,3,3,10,6,5,5,10,6,7,9,8,5,7,2,9,5,11,9,2,3,4,7,8,9,6,3,2,0,8,7,2,6,9,9,7,10,10,5,4,9,3,4,8,5,6,5,7,0,7,8,11,2,6,5,8,2,7,10,7,6,9,11,2,6,9,7,3,8,9,7,6,10,7,7,3,6,0,7,10,3,8,2,8,3,10,7,9,2,4,2,2,8,3,3,9,3,5,8,2,3,7,10,3,2,10,8,10,8,5,8,9,10,3,4,6,10,3,7,5,7,7,6,5,8,9,2,11,2,7,8
3,9,0,7,8,3,10,10,4,5,3,4,8,7,3,0,10,4,6,11,4,4,11,7,6,6,11,7,8,10,9,6,8,3,10,6,0,10,3,4,5,8,9,10,7,4,3,2,9,8,3,7,10,10,8,11,11,6,5,10,4,5,9,6,7,6,8,2,8,9,0,3,7,6,9,3,8,11,8,7,10,0,3,7,10,8,4,9,10,8,7,11,8,8,4,7,2,8,11,4,9,3,9,4,11,8,10,3,5,3,3,9,4,4,10,4,6,9,3,4,8,11,4,3,11,9,11,9,6,9,10,11,4,5,7,11,4,8,6,8,8,7,6,9,10,3,0,3,8,9
4,10,2,8,9,4,11,11,5,6,4,5,9,8,4,2,11,5,7,0,5,5,0,8,7,7,0,8,9,11,10,7,9,4,11,7,2,11,4,5,6,9,10,11,8,5,4,3,10,9,4,8,11,11,9,0,0,7,6,11,5,6,10,7,8,7,9,3,9,10,2,4,8,7,10,4,9,0,9,8,11,2,4,8,11,9,5,10,11,9,8,0,9,9,5,8,3,9,0,5,10,4,10,5,0,9,11,4,6,4,4,10,5,5,11,5,7,10,4,5,9,0,5,4,0,10,0,10,7,10,11,0,5,6,8,0,5,9,7,9,9,8,7,10,11,4,2,4,9,10
5,11,3,9,10,5,0,0,6,7,5,6,10,9,5,3,0,6,8,2,6,6,2,9,8,8,2,9,10,0,11,8,10,5,0,8,3,0,5,6,7,10,11,0,9,6,5,4,11,10,5,9,0,0,10,2,2,8,7,0,6,7,11,8,9,8,10,4,10,11,3,5,9,8,11,5,10,2,10,9,0,3,5,9,0,10,6,11,0,10,9,2,10,10,6,9,4,10,2,6,11,5,11,6,2,10,0,5,7,5,5,11,6,6,0,6,8,11,5,6,10,2,6,5,2,11,2,11,8,11,0,2,6,7,9,2,6,10,8,10,10,9,8,11,0,5,3,5,10,11
6,0,4,10,11,6,2,2,7,8,6,7,11,10,6,4,2,7,9,3,7,7,3,10,9,9,3,10,11,2,0,9,11,6,2,9,4,2,6,7,8,11,0,2,10,7,6,5,0,11,6,10,2,2,11,3,3,9,8,2,7,8,0,9,10,9,11,5,11,0,4,6,10,9,0,6,11,3,11,10,2,4,6,10,2,11,7,0,2,11,10,3,11,11,7,10,5,11,3,7,0,6,0,7,3,11,2,6,8,6,6,0,7,7,2,7,9,0,6,7,11,3,7,6,3,0,3,0,9,0,2,3,7,8,10,3,7,11,9,11,11,10,9,0,2,6,4,6,11,0
7,2,5,11,0,7,3,3,8,9,7,8,0,11,7,5,3,8,10,4,8,8,4,11,10,10,4,11,0,3,2,10,0,7,3,10,5,3,7,8,9,0,2,3,11,8,7,6,2,0,7,11,3,3,0,4,4,10,9,3,8,9,2,10,11,10,0,6,0,2,5,7,11,10,2,7,0,4,0,11,3,5,7,11,3,0,8,2,3,0,11,4,0,0,8,11,6,0,4,8,2,7,2,8,4,0,3,7,9,7,7,2,8,8,3,8,10,2,7,8,0,4,8,7,4,2,4,2,10,2,3,4,8,9,11,4,8,0,10,0,0,11,10,2,3,7,5,7,0,2
8,3,6,0,2,8,4,4,9,10,8,9,2,0,8,6,4,9,11,5,9,9,5,0,11,11,5,0,2,4,3,11,2,8,4,11,6,4,8,9,10,2,3,4,0,9,8,7,3,2,8,0,4,4,2,5,5,11,10,4,9,10,3,11,0,11,2,7,2,3,6,8,0,11,3,8,2,5,2,0,4,6,8,0,4,2,9,3,4,2,0,5,2,2,9,0,7,2,5,9,3,8,3,9,5,2,4,8,10,8,8,3,9,9,4,9,11,3,8,9,2,5,9,8,5,3,5,3,11,3,4,5,9,10,0,5,9,2,11,2,2,0,11,3,4,8,6,8,2,3
9,4,7,2,3,9,5,5,10,11,9,10,3,2,9,7,5,10,0,6,10,10,6,2,0,0,6,2,3,5,4,0,3,9,5,0,7,5,9,10,11,3,4,5,2,10,9,8,4,3,9,2,5,5,3,6,6,0,11,5,10,11,4,0,2,0,3,8,3,4,7,9,2,0,4,9,3,6,3,2,5,7,9,2,5,3,10,4,5,3,2,6,3,3,10,2,8,3,6,10,4,9,4,10,6,3,5,9,11,9,9,4,10,10,5,10,0,4,9,10,3,6,10,9,6,4,6,4,0,4,5,6,10,11,2,6,10,3,0,3,3,2,0,4,5,9,7,9,3,4
10,5,8,3,4,10,6,6,11,0,10,11,4,3,10,8,6,11,2,7,11,11,7,3,2,2,7,3,4,6,5,2,4,10,6,2,8,6,10,11,0,4,5,6,3,11,10,9,5,4,10,3,6,6,4,7,7,2,0,6,11,0,5,2,3,2,4,9,4,5,8,10,3,2,5,10,4,7,4,3,6,8,10,3,6,4,11,5,6,4,3,7,4,4,11,3,9,4,7,11,5,10,5,11,7,4,6,10,0,10,10,5,11,11,6,11,2,5,10,11,4,7,11,10,7,5,7,5,2,5,6,7,11,0,3,7,11,4,2,4,4,3,2,5,6,10,8,10,4,5
11,6,9,4,5,11,7,7,0,2,11,0,5,4,11,9,7,0,3,8,0,0,8,4,3,3,8,4,5,7,6,3,5,11,7,3,9,7,11,0,2,5,6,7,4,0,11,10,6,5,11,4,7,7,5,8,8,3,2,7,0,2,6,3,4,3,5,10,5,6,9,11,4,3,6,11,5,8,5,4,7,9,11,4,7,5,0,6,7,5,4,8,5,5,0,4,10,5,8,0,6,11,6,0,8,5,7,11,2,11,11,6,0,0,7,0,3,6,11,0,5,8,0,11,8,6,8,6,3,6,7,8,0,2,4,8,0,5,3,5,5,4,3,6,7,11,9,11,5,6
0,7,10,5,6,0,8,8,2,3,0,2,6,5,0,10,8,2,4,9,2,2,9,5,4,4,9,5,6,8,7,4,6,0,8,4,10,8,0,2,3,6,7,8,5,2,0,11,7,6,0,5,8,8,6,9,9,4,3,8,2,3,7,4,5,4,6,11,6,7,10,0,5,4,7,0,6,9,6,5,8,10,0,5,8,6,2,7,8,6,5,9,6,6,2,5,11,6,9,2,7,0,7,2,9,6,8,0,3,0,0,7,2,2,8,2,4,7,0,2,6,9,2,0,9,7,9,7,4,7,8,9,2,3,5,9,2,6,4,6,6,5,4,7,8,0,10,0,6,7
2,8,11,6,7,2,9,9,3,4,2,3,7,6,2,11,9,3,5,10,3,3,10,6,5,5,10,6,7,9,8,5,7,2,9,5,11,9,2,3,4,7,8,9,6,3,2,0,8,7,2,6,9,9,7,10,10,5,4,9,3,4,8,5,6,5,7,0,7,8,11,2,6,5,8,2,7,10,7,6,9,11,2,6,9,7,3,8,9,7,6,10,7,7,3,6,0,7,10,3,8,2,8,3,10,7,9,2,4,2,2,8,3,3,9,3,5,8,2,3,7,10,3,2,10,8,10,8,5,8,9,10,3,4,6,10,3,7,5,7,7,6,5,8,9,2,11,2,7,8
3,9,0,7,8,3,10,10,4,5,3,4,8,7,3,0,10,4,6,11,4,4,11,7,6,6,11,7,8,10,9,6,8,3,10,6,0,10,3,4,5,8,9,10,7,4,3,2,9,8,3,7,10,10,8,11,11,6,5,10,4,5,9,6,7,6,8,2,8,9,0,3,7,6,9,3,8,11,8,7,10,0,3,7,10,8,4,9,10,8,7,11,8,8,4,7,2,8,11,4,9,3,9,4,11,8,10,3,5,3,3,9,4,4,10,4,6,9,3,4,8,11,4,3,11,9,11,9,6,9,10,11,4,5,7,11,4,8,6,8,8,7,6,9,10,3,0,3,8,9
4,10,2,8,9,4,11,11,5,6,4,5,9,8,4,2,11,5,7,0,5,5,0,8,7,7,0,8,9,11,10,7,9,4,11,7,2,11,4,5,6,9,10,11,8,5,4,3,10,9,4,8,11,11,9,0,0,7,6,11,5,6,10,7,8,7,9,3,9,10,2,4,8,7,10,4,9,0,9,8,11,2,4,8,11,9,5,10,11,9,8,0,9,9,5,8,3,9,0,5,10,4,10,5,0,9,11,4,6,4,4,10,5,5,11,5,7,10,4,5,9,0,5,4,0,10,0,10,7,10,11,0,5,6,8,0,5,9,7,9,9,8,7,10,11,4,2,4,9,10
5,11,3,9,10,5,0,0,6,7,5,6,10,9,5,3,0,6,8,2,6,6,2,9,8,8,2,9,10,0,11,8,10,5,0,8,3,0,5,6,7,10,11,0,9,6,5,4,11,10,5,9,0,0,10,2,2,8,7,0,6,7,11,8,9,8,10,4,10,11,3,5,9,8,11,5,10,2,10,9,0,3,5,9,0,10,6,11,0,10,9,2,10,10,6,9,4,10,2,6,11,5,11,6,2,10,0,5,7,5,5,11,6,6,0,6,8,11,5,6,10,2,6,5,2,11,2,11,8,11,0,2,6,7,9,2,6,10,8,10,10,9,8,11,0,5,3,5,10,11
6,0,4,10,11,6,2,2,7,8,6,7,11,10,6,4,2,7,9,3,7,7,3,10,9,9,3,10,11,2,0,9,11,6,2,9,4,2,6,7,8,11,0,2,10,7,6,5,0,11,6,10,2,2,11,3,3,9,8,2,7,8,0,9,10,9,11,5,11,0,4,6,10,9,0,6,11,3,11,10,2,4,6,10,2,11,7,0,2,11,10,3,11,11,7,10,5,11,3,7,0,6,0,7,3,11,2,6,8,6,6,0,7,7,2,7,9,0,6,7,11,3,7,6,3,0,3,0,9,0,2,3,7,8,10,3,7,11,9,11,11,10,9,0,2,6,4,6,11,0
7,2,5,11,0,7,3,3,8,9,7,8,0,11,7,5,3,8,10,4,8,8,4,11,10,10,4,11,0,3,2,10,0,7,3,10,5,3,7,8,9,0,2,3,11,8,7,6,2,0,7,11,3,3,0,4,4,10,9,3,8,9,2,10,11,10,0,6,0,2,5,7,11,10,2,7,0,4,0,11,3,5,7,11,3,0,8,2,3,0,11,4,0,0,8,11,6,0,4,8,2,7,2,8,4,0,3,7,9,7,7,2,8,8,3,8,10,2,7,8,0,4,8,7,4,2,4,2,10,2,3,4,8,9,11,4,8,0,10,0,0,11,10,2,3,7,5,7,0,2
8,3,6,0,2,8,4,4,9,10,8,9,2,0,8,6,4,9,11,5,9,9,5,0,11,11,5,0,2,4,3,11,2,8,4,11,6,4,8,9,10,2,3,4,0,9,8,7,3,2,8,0,4,4,2,5,5,11,10,4,9,10,3,11,0,11,2,7,2,3,6,8,0,11,3,8,2,5,2,0,4,6,8,0,4,2,9,3,4,2,0,5,2,2,9,0,7,2,5,9,3,8,3,9,5,2,4,8,10,8,8,3,9,9,4,9,11,3,8,9,2,5,9,8,5,3,5,3,11,3,4,5,9,10,0,5,9,2,11,2,2,0,11,3,4,8,6,8,2,3
9,4,7,2,3,9,5,5,10,11,9,10,3,2,9,7,5,10,0,6,10,10,6,2,0,0,6,2,3,5,4,0,3,9,5,0,7,5,9,10,11,3,4,5,2,10,9,8,4,3,9,2,5,5,3,6,6,0,11,5,10,11,4,0,2,0,3,8,3,4,7,9,2,0,4,9,3,6,3,2,5,7,9,2,5,3,10,4,5,3,2,6,3,3,10,2,8,3,6,10,4,9,4,10,6,3,5,9,11,9,9,4,10,10,5,10,0,4,9,10,3,6,10,9,6,4,6,4,0,4,5,6,10,11,2,6,10,3,0,3,3,2,0,4,5,9,7,9,3,4
10,5,8,3,4,10,6,6,11,0,10,11,4,3,10,8,6,11,2,7,11,11,7,3,2,2,7,3,4,6,5,2,4,10,6,2,8,6,10,11,0,4,5,6,3,11,10,9,5,4,10,3,6,6,4,7,7,2,0,6,11,0,5,2,3,2,4,9,4,5,8,10,3,2,5,10,4,7,4,3,6,8,10,3,6,4,11,5,6,4,3,7,4,4,11,3,9,4,7,11,5,10,5,11,7,4,6,10,0,10,10,5,11,11,6,11,2,5,10,11,4,7,11,10,7,5,7,5,2,5,6,7,11,0,3,7,11,4,2,4,4,3,2,5,6,10,8,10,4,5
11,6,9,4,5,11,7,7,0,2,11,0,5,4,11,9,7,0,3,8,0,0,8,4,3,3,8,4,5,7,6,3,5,11,7,3,9,7,11,0,2,5,6,7,4,0,11,10,6,5,11,4,7,7,5,8,8,3,2,7,0,2,6,3,4,3,5,10,5,6,9,11,4,3,6,11,5,8,5,4,7,9,11,4,7,5,0,6,7,5,4,8,5,5,0,4,10,5,8,0,6,11,6,0,8,5,7,11,2,11,11,6,0,0,7,0,3,6,11,0,5,8,0,11,8,6,8,6,3,6,7,8,0,2,4,8,0,5,3,5,5,4,3,6,7,11,9,11,5,6
0,7,10,5,6,0,8,8,2,3,0,2,6,5,0,10,8,2,4,9,2,2,9,5,4,4,9,5,6,8,7,4,6,0,8,4,10,8,0,2,3,6,7,8,5,2,0,11,7,6,0,5,8,8,6,9,9,4,3,8,2,3,7,4,5,4,6,11,6,7,10,0,5,4,7,0,6,9,6,5,8,10,0,5,8,6,2,7,8,6,5,9,6,6,2,5,11,6,9,2,7,0,7,2,9,6,8,0,3,0,0,7,2,2,8,2,4,7,0,2,6,9,2,0,9,7,9,7,4,7,8,9,2,3,5,9,2,6,4,6,6,5,4,7,8,0,10,0,6,7
2,8,11,6,7,2,9,9,3,4,2,3,7,6,2,11,9,3,5,10,3,3,10,6,5,5,10,6,7,9,8,5,7,2,9,5,11,9,2,3,4,7,8,9,6,3,2,0,8,7,2,6,9,9,7,10,10,5,4,9,3,4,8,5,6,5,7,0,7,8,11,2,6,5,8,2,7,10,7,6,9,11,2,6,9,7,3,8,9,7,6,10,7,7,3,6,0,7,10,3,8,2,8,3,10,7,9,2,4,2,2,8,3,3,9,3,5,8,2,3,7,10,3,2,10,8,10,8,5,8,9,10,3,4,6,10,3,7,5,7,7,6,5,8,9,2,11,2,7,8
3,9,0,7,8,3,10,10,4,5,3,4,8,7,3,0,10,4,6,11,4,4,11,7,6,6,11,7,8,10,9,6,8,3,10,6,0,10,3,4,5,8,9,10,7,4,3,2,9,8,3,7,10,10,8,11,11,6,5,10,4,5,9,6,7,6,8,2,8,9,0,3,7,6,9,3,8,11,8,7,10,0,3,7,10,8,4,9,10,8,7,11,8,8,4,7,2,8,11,4,9,3,9,4,11,8,10,3,5,3,3,9,4,4,10,4,6,9,3,4,8,11,4,3,11,9,11,9,6,9,10,11,4,5,7,11,4,8,6,8,8,7,6,9,10,3,0,3,8,9
4,10,2,8,9,4,11,11,5,6,4,5,9,8,4,2,11,5,7,0,5,5,0,8,7,7,0,8,9,11,10,7,9,4,11,7,2,11,4,5,6,9,10,11,8,5,4,3,10,9,4,8,11,11,9,0,0,7,6,11,5,6,10,7,8,7,9,3,9,10,2,4,8,7,10,4,9,0,9,8,11,2,4,8,11,9,5,10,11,9,8,0,9,9,5,8,3,9,0,5,10,4,10,5,0,9,11,4,6,4,4,10,5,5,11,5,7,10,4,5,9,0,5,4,0,10,0,10,7,10,11,0,5,6,8,0,5,9,7,9,9,8,7,10,11,4,2,4,9,10
5,11,3,9,10,5,0,0,6,7,5,6,10,9,5,3,0,6,8,2,6,6,2,9,8,8,2,9,10,0,11,8,10,5,0,8,3,0,5,6,7,10,11,0,9,6,5,4,11,10,5,9,0,0,10,2,2,8,7,0,6,7,11,8,9,8,10,4,10,11,3,5,9,8,11,5,10,2,10,9,0,3,5,9,0,10,6,11,0,10,9,2,10,10,6,9,4,10,2,6,11,5,11,6,2,10,0,5,7,5,5,11,6,6,0,6,8,11,5,6,10,2,6,5,2,11,2,11,8,11,0,2,6,7,9,2,6,10,8,10,10,9,8,11,0,5,3,5,10,11
6,0,4,10,11,6,2,2,7,8,6,7,11,10,6,4,2,7,9,3,7,7,3,10,9,9,3,10,11,2,0,9,11,6,2,9,4,2,6,7,8,11,0,2,10,7,6,5,0,11,6,10,2,2,11,3,3,9,8,2,7,8,0,9,10,9,11,5,11,0,4,6,10,9,0,6,11,3,11,10,2,4,6,10,2,11,7,0,2,11,10,3,11,11,7,10,5,11,3,7,0,6,0,7,3,11,2,6,8,6,6,0,7,7,2,7,9,0,6,7,11,3,7,6,3,0,3,0,9,0,2,3,7,8,10,3,7,11,9,11,11,10,9,0,2,6,4,6,11,0
7,2,5,11,0,7,3,3,8,9,7,8,0,11,7,5,3,8,10,4,8,8,4,11,10,10,4,11,0,3,2,10,0,7,3,10,5,3,7,8,9,0,2,3,11,8,7,6,2,0,7,11,3,3,0,4,4,10,9,3,8,9,2,10,11,10,0,6,0,2,5,7,11,10,2,7,0,4,0,11,3,5,7,11,3,0,8,2,3,0,11,4,0,0,8,11,6,0,4,8,2,7,2,8,4,0,3,7,9,7,7,2,8,8,3,8,10,2,7,8,0,4,8,7,4,2,4,2,10,2,3,4,8,9,11,4,8,0,10,0,0,11,10,2,3,7,5,7,0,2
8,3,6,0,2,8,4,4,9,10,8,9,2,0,8,6,4,9,11,5,9,9,5,0,11,11,5,0,2,4,3,11,2,8,4,11,6,4,8,9,10,2,3,4,0,9,8,7,3,2,8,0,4,4,2,5,5,11,10,4,9,10,3,11,0,11,2,7,2,3,6,8,0,11,3,8,2,5,2,0,4,6,8,0,4,2,9,3,4,2,0,5,2,2,9,0,7,2,5,9,3,8,3,9,5,2,4,8,10,8,8,3,9,9,4,9,11,3,8,9,2,5,9,8,5,3,5,3,11,3,4,5,9,10,0,5,9,2,11,2,2,0,11,3,4,8,6,8,2,3
9,4,7,2,3,9,5,5,10,11,9,10,3,2,9,7,5,10,0,6,10,10,6,2,0,0,6,2,3,5,4,0,3,9,5,0,7,5,9,10,11,3,4,5,2,10,9,8,4,3,9,2,5,5,3,6,6,0,11,5,10,11,4,0,2,0,3,8,3,4,7,9,2,0,4,9,3,6,3,2,5,7,9,2,5,3,10,4,5,3,2,6,3,3,10,2,8,3,6,10,4,9,4,10,6,3,5,9,11,9,9,4,10,10,5,10,0,4,9,10,3,6,10,9,6,4,6,4,0,4,5,6,10,11,2,6,10,3,0,3,3,2,0,4,5,9,7,9,3,4
10,5,8,3,4,10,6,6,11,0,10,11,4,3,10,8,6,11,2,7,11,11,7,3,2,2,7,3,4,6,5,2,4,10,6,2,8,6,10,11,0,4,5,6,3,11,10,9,5,4,10,3,6,6,4,7,7,2,0,6,11,0,5,2,3,2,4,9,4,5,8,10,3,2,5,10,4,7,4,3,6,8,10,3,6,4,11,5,6,4,3,7,4,4,11,3,9,4,7,11,5,10,5,11,7,4,6,10,0,10,10,5,11,11,6,11,2,5,10,11,4,7,11,10,7,5,7,5,2,5,6,7,11,0,3,7,11,4,2,4,4,3,2,5,6,10,8,10,4,5
11,6,9,4,5,11,7,7,0,2,11,0,5,4,11,9,7,0,3,8,0,0,8,4,3,3,8,4,5,7,6,3,5,11,7,3,9,7,11,0,2,5,6,7,4,0,11,10,6,5,11,4,7,7,5,8,8,3,2,7,0,2,6,3,4,3,5,10,5,6,9,11,4,3,6,11,5,8,5,4,7,9,11,4,7,5,0,6,7,5,4,8,5,5,0,4,10,5,8,0,6,11,6,0,8,5,7,11,2,11,11,6,0,0,7,0,3,6,11,0,5,8,0,11,8,6,8,6,3,6,7,8,0,2,4,8,0,5,3,5,5,4,3,6,7,11,9,11,5,6
0,7,10,5,6,0,8,8,2,3,0,2,6,5,0,10,8,2,4,9,2,2,9,5,4,4,9,5,6,8,7,4,6,0,8,4,10,8,0,2,3,6,7,8,5,2,0,11,7,6,0,5,8,8,6,9,9,4,3,8,2,3,7,4,5,4,6,11,6,7,10,0,5,4,7,0,6,9,6,5,8,10,0,5,8,6,2,7,8,6,5,9,6,6,2,5,11,6,9,2,7,0,7,2,9,6,8,0,3,0,0,7,2,2,8,2,4,7,0,2,6,9,2,0,9,7,9,7,4,7,8,9,2,3,5,9,2,6,4,6,6,5,4,7,8,0,10,0,6,7
2,8,11,6,7,2,9,9,3,4,2,3,7,6,2,11,9,3,5,10,3,3,10,6,5,5,10,6,7,9,8,5,7,2,9,5,11,9,2,3,4,7,8,9,6,3,2,0,8,7,2,6,9,9,7,10,10,5,4,9,3,4,8,5,6,5,7,0,7,8,11,2,6,5,8,2,7,10,7,6,9,11,2,6,9,7,3,8,9,7,6,10,7,7,3,6,0,7,10,3,8,2,8,3,10,7,9,2,4,2,2,8,3,3,9,3,5,8,2,3,7,10,3,2,10,8,10,8,5,8,9,10,3,4,6,10,3,7,5,7,7,6,5,8,9,2,11,2,7,8
3,9,0,7,8,3,10,10,4,5,3,4,8,7,3,0,10,4,6,11,4,4,11,7,6,6,11,7,8,10,9,6,8,3,10,6,0,10,3,4,5,8,9,10,7,4,3,2,9,8,3,7,10,10,8,11,11,6,5,10,4,5,9,6,7,6,8,2,8,9,0,3,7,6,9,3,8,11,8,7,10,0,3,7,10,8,4,9,10,8,7,11,8,8,4,7,2,8,11,4,9,3,9,4,11,8,10,3,5,3,3,9,4,4,10,4,6,9,3,4,8,11,4,3,11,9,11,9,6,9,10,11,4,5,7,11,4,8,6,8,8,7,6,9,10,3,0,3,8,9
4,10,2,8,9,4,11,11,5,6,4,5,9,8,4,2,11,5,7,0,5,5,0,8,7,7,0,8,9,11,10,7,9,4,11,7,2,11,4,5,6,9,10,11,8,5,4,3,10,9,4,8,11,11,9,0,0,7,6,11,5,6,10,7,8,7,9,3,9,10,2,4,8,7,10,4,9,0,9,8,11,2,4,8,11,9,5,10,11,9,8,0,9,9,5,8,3,9,0,5,10,4,10,5,0,9,11,4,6,4,4,10,5,5,11,5,7,10,4,5,9,0,5,4,0,10,0,10,7,10,11,0,5,6,8,0,5,9,7,9,9,8,7,10,11,4,2,4,9,10
5,11,3,9,10,5,0,0,6,7,5,6,10,9,5,3,0,6,8,2,6,6,2,9,8,8,2,9,10,0,11,8,10,5,0,8,3,0,5,6,7,10,11,0,9,6,5,4,11,10,5,9,0,0,10,2,2,8,7,0,6,7,11,8,9,8,10,4,10,11,3,5,9,8,11,5,10,2,10,9,0,3,5,9,0,10,6,11,0,10,9,2,10,10,6,9,4,10,2,6,11,5,11,6,2,10,0,5,7,5,5,11,6,6,0,6,8,11,5,6,10,2,6,5,2,11,2,11,8,11,0,2,6,7,9,2,6,10,8,10,10,9,8,11,0,5,3,5,10,11
6,0,4,10,11,6,2,2,7,8,6,7,11,10,6,4,2,7,9,3,7,7,3,10,9,9,3,10,11,2,0,9,11,6,2,9,4,2,6,7,8,11,0,2,10,7,6,5,0,11,6,10,2,2,11,3,3,9,8,2,7,8,0,9,10,9,11,5,11,0,4,6,10,9,0,6,11,3,11,10,2,4,6,10,2,11,7,0,2,11,10,3,11,11,7,10,5,11,3,7,0,6,0,7,3,11,2,6,8,6,6,0,7,7,2,7,9,0,6,7,11,3,7,6,3,0,3,0,9,0,2,3,7,8,10,3,7,11,9,11,11,10,9,0,2,6,4,6,11,0
7,2,5,11,0,7,3,3,8,9,7,8,0,11,7,5,3,8,10,4,8,8,4,11,10,10,4,11,0,3,2,10,0,7,3,10,5,3,7,8,9,0,2,3,11,8,7,6,2,0,7,11,3,3,0,4,4,10,9,3,8,9,2,10,11,10,0,6,0,2,5,7,11,10,2,7,0,4,0,11,3,5,7,11,3,0,8,2,3,0,11,4,0,0,8,11,6,0,4,8,2,7,2,8,4,0,3,7,9,7,7,2,8,8,3,8,10,2,7,8,0,4,8,7,4,2,4,2,10,2,3,4,8,9,11,4,8,0,10,0,0,11,10,2,3,7,5,7,0,2
8,3,6,0,2,8,4,4,9,10,8,9,2,0,8,6,4,9,11,5,9,9,5,0,11,11,5,0,2,4,3,11,2,8,4,11,6,4,8,9,10,2,3,4,0,9,8,7,3,2,8,0,4,4,2,5,5,11,10,4,9,10,3,11,0,11,2,7,2,3,6,8,0,11,3,8,2,5,2,0,4,6,8,0,4,2,9,3,4,2,0,5,2,2,9,0,7,2,5,9,3,8,3,9,5,2,4,8,10,8,8,3,9,9,4,9,11,3,8,9,2,5,9,8,5,3,5,3,11,3,4,5,9,10,0,5,9,2,11,2,2,0,11,3,4,8,6,8,2,3
9,4,7,2,3,9,5,5,10,11,9,10,3,2,9,7,5,10,0,6,10,10,6,2,0,0,6,2,3,5,4,0,3,9,5,0,7,5,9,10,11,3,4,5,2,10,9,8,4,3,9,2,5,5,3,6,6,0,11,5,10,11,4,0,2,0,3,8,3,4,7,9,2,0,4,9,3,6,3,2,5,7,9,2,5,3,10,4,5,3,2,6,3,3,10,2,8,3,6,10,4,9,4,10,6,3,5,9,11,9,9,4,10,10,5,10,0,4,9,10,3,6,10,9,6,4,6,4,0,4,5,6,10,11,2,6,10,3,0,3,3,2,0,4,5,9,7,9,3,4
10,5,8,3,4,10,6,6,11,0,10,11,4,3,10,8,6,11,2,7,11,11,7,3,2,2,7,3,4,6,5,2,4,10,6,2,8,6,10,11,0,4,5,6,3,11,10,9,5,4,10,3,6,6,4,7,7,2,0,6,11,0,5,2,3,2,4,9,4,5,8,10,3,2,5,10,4,7,4,3,6,8,10,3,6,4,11,5,6,4,3,7,4,4,11,3,9,4,7,11,5,10,5,11,7,4,6,10,0,10,10,5,11,11,6,11,2,5,10,11,4,7,11,10,7,5,7,5,2,5,6,7,11,0,3,7,11,4,2,4,4,3,2,5,6,10,8,10,4,5
11,6,9,4,5,11,7,7,0,2,11,0,5,4,11,9,7,0,3,8,0,0,8,4,3,3,8,4,5,7,6,3,5,11,7,3,9,7,11,0,2,5,6,7,4,0,11,10,6,5,11,4,7,7,5,8,8,3,2,7,0,2,6,3,4,3,5,10,5,6,9,11,4,3,6,11,5,8,5,4,7,9,11,4,7,5,0,6,7,5,4,8,5,5,0,4,10,5,8,0,6,11,6,0,8,5,7,11,2,11,11,6,0,0,7,0,3,6,11,0,5,8,0,11,8,6,8,6,3,6,7,8,0,2,4,8,0,5,3,5,5,4,3,6,7,11,9,11,5,6
0,7,10,5,6,0,8,8,2,3,0,2,6,5,0,10,8,2,4,9,2,2,9,5,4,4,9,5,6,8,7,4,6,0,8,4,10,8,0,2,3,6,7,8,5,2,0,11,7,6,0,5,8,8,6,9,9,4,3,8,2,3,7,4,5,4,6,11,6,7,10,0,5,4,7,0,6,9,6,5,8,10,0,5,8,6,2,7,8,6,5,9,6,6,2,5,11,6,9,2,7,0,7,2,9,6,8,0,3,0,0,7,2,2,8,2,4,7,0,2,6,9,2,0,9,7,9,7,4,7,8,9,2,3,5,9,2,6,4,6,6,5,4,7,8,0,10,0,6,7
2,8,11,6,7,2,9,9,3,4,2,3,7,6,2,11,9,3,5,10,3,3,10,6,5,5,10,6,7,9,8,5,7,2,9,5,11,9,2,3,4,7,8,9,6,3,2,0,8,7,2,6,9,9,7,10,10,5,4,9,3,4,8,5,6,5,7,0,7,8,11,2,6,5,8,2,7,10,7,6,9,11,2,6,9,7,3,8,9,7,6,10,7,7,3,6,0,7,10,3,8,2,8,3,10,7,9,2,4,2,2,8,3,3,9,3,5,8,2,3,7,10,3,2,10,8,10,8,5,8,9,10,3,4,6,10,3,7,5,7,7,6,5,8,9,2,11,2,7,8
3,9,0,7,8,3,10,10,4,5,3,4,8,7,3,0,10,4,6,11,4,4,11,7,6,6,11,7,8,10,9,6,8,3,10,6,0,10,3,4,5,8,9,10,7,4,3,2,9,8,3,7,10,10,8,11,11,6,5,10,4,5,9,6,7,6,8,2,8,9,0,3,7,6,9,3,8,11,8,7,10,0,3,7,10,8,4,9,10,8,7,11,8,8,4,7,2,8,11,4,9,3,9,4,11,8,10,3,5,3,3,9,4,4,10,4,6,9,3,4,8,11,4,3,11,9,11,9,6,9,10,11,4,5,7,11,4,8,6,8,8,7,6,9,10,3,0,3,8,9
4,10,2,8,9,4,11,11,5,6,4,5,9,8,4,2,11,5,7,0,5,5,0,8,7,7,0,8,9,11,10,7,9,4,11,7,2,11,4,5,6,9,10,11,8,5,4,3,10,9,4,8,11,11,9,0,0,7,6,11,5,6,10,7,8,7,9,3,9,10,2,4,8,7,10,4,9,0,9,8,11,2,4,8,11,9,5,10,11,9,8,0,9,9,5,8,3,9,0,5,10,4,10,5,0,9,11,4,6,4,4,10,5,5,11,5,7,10,4,5,9,0,5,4,0,10,0,10,7,10,11,0,5,6,8,0,5,9,7,9,9,8,7,10,11,4,2,4,9,10
5,11,3,9,10,5,0,0,6,7,5,6,10,9,5,3,0,6,8,2,6,6,2,9,8,8,2,9,10,0,11,8,10,5,0,8,3,0,5,6,7,10,11,0,9,6,5,4,11,10,5,9,0,0,10,2,2,8,7,0,6,7,11,8,9,8,10,4,10,11,3,5,9,8,11,5,10,2,10,9,0,3,5,9,0,10,6,11,0,10,9,2,10,10,6,9,4,10,2,6,11,5,11,6,2,10,0,5,7,5,5,11,6,6,0,6,8,11,5,6,10,2,6,5,2,11,2,11,8,11,0,2,6,7,9,2,6,10,8,10,10,9,8,11,0,5,3,5,10,11
6,0,4,10,11,6,2,2,7,8,6,7,11,10,6,4,2,7,9,3,7,7,3,10,9,9,3,10,11,2,0,9,11,6,2,9,4,2,6,7,8,11,0,2,10,7,6,5,0,11,6,10,2,2,11,3,3,9,8,2,7,8,0,9,10,9,11,5,11,0,4,6,10,9,0,6,11,3,11,10,2,4,6,10,2,11,7,0,2,11,10,3,11,11,7,10,5,11,3,7,0,6,0,7,3,11,2,6,8,6,6,0,7,7,2,7,9,0,6,7,11,3,7,6,3,0,3,0,9,0,2,3,7,8,10,3,7,11,9,11,11,10,9,0,2,6,4,6,11,0
7,2,5,11,0,7,3,3,8,9,7,8,0,11,7,5,3,8,10,4,8,8,4,11,10,10,4,11,0,3,2,10,0,7,3,10,5,3,7,8,9,0,2,3,11,8,7,6,2,0,7,11,3,3,0,4,4,10,9,3,8,9,2,10,11,10,0,6,0,2,5,7,11,10,2,7,0,4,0,11,3,5,7,11,3,0,8,2,3,0,11,4,0,0,8,11,6,0,4,8,2,7,2,8,4,0,3,7,9,7,7,2,8,8,3,8,10,2,7,8,0,4,8,7,4,2,4,2,10,2,3,4,8,9,11,4,8,0,10,0,0,11,10,2,3,7,5,7,0,2
8,3,6,0,2,8,4,4,9,10,8,9,2,0,8,6,4,9,11,5,9,9,5,0,11,11,5,0,2,4,3,11,2,8,4,11,6,4,8,9,10,2,3,4,0,9,8,7,3,2,8,0,4,4,2,5,5,11,10,4,9,10,3,11,0,11,2,7,2,3,6,8,0,11,3,8,2,5,2,0,4,6,8,0,4,2,9,3,4,2,0,5,2,2,9,0,7,2,5,9,3,8,3,9,5,2,4,8,10,8,8,3,9,9,4,9,11,3,8,9,2,5,9,8,5,3,5,3,11,3,4,5,9,10,0,5,9,2,11,2,2,0,11,3,4,8,6,8,2,3
9,4,7,2,3,9,5,5,10,11,9,10,3,2,9,7,5,10,0,6,10,10,6,2,0,0,6,2,3,5,4,0,3,9,5,0,7,5,9,10,11,3,4,5,2,10,9,8,4,3,9,2,5,5,3,6,6,0,11,5,10,11,4,0,2,0,3,8,3,4,7,9,2,0,4,9,3,6,3,2,5,7,9,2,5,3,10,4,5,3,2,6,3,3,10,2,8,3,6,10,4,9,4,10,6,3,5,9,11,9,9,4,10,10,5,10,0,4,9,10,3,6,10,9,6,4,6,4,0,4,5,6,10,11,2,6,10,3,0,3,3,2,0,4,5,9,7,9,3,4
10,5,8,3,4,10,6,6,11,0,10,11,4,3,10,8,6,11,2,7,11,11,7,3,2,2,7,3,4,6,5,2,4,10,6,2,8,6,10,11,0,4,5,6,3,11,10,9,5,4,10,3,6,6,4,7,7,2,0,6,11,0,5,2,3,2,4,9,4,5,8,10,3,2,5,10,4,7,4,3,6,8,10,3,6,4,11,5,6,4,3,7,4,4,11,3,9,4,7,11,5,10,5,11,7,4,6,10,0,10,10,5,11,11,6,11,2,5,10,11,4,7,11,10,7,5,7,5,2,5,6,7,11,0,3,7,11,4,2,4,4,3,2,5,6,10,8,10,4,5
11,6,9,4,5,11,7,7,0,2,11,0,5,4,11,9,7,0,3,8,0,0,8,4,3,3,8,4,5,7,6,3,5,11,7,3,9,7,11,0,2,5,6,7,4,0,11,10,6,5,11,4,7,7,5,8,8,3,2,7,0,2,6,3,4,3,5,10,5,6,9,11,4,3,6,11,5,8,5,4,7,9,11,4,7,5,0,6,7,5,4,8,5,5,0,4,10,5,8,0,6,11,6,0,8,5,7,11,2,11,11,6,0,0,7,0,3,6,11,0,5,8,0,11,8,6,8,6,3,6,7,8,0,2,4,8,0,5,3,5,5,4,3,6,7,11,9,11,5,6
0,7,10,5,6,0,8,8,2,3,0,2,6,5,0,10,8,2,4,9,2,2,9,5,4,4,9,5,6,8,7,4,6,0,8,4,10,8,0,2,3,6,7,8,5,2,0,11,7,6,0,5,8,8,6,9,9,4,3,8,2,3,7,4,5,4,6,11,6,7,10,0,5,4,7,0,6,9,6,5,8,10,0,5,8,6,2,7,8,6,5,9,6,6,2,5,11,6,9,2,7,0,7,2,9,6,8,0,3,0,0,7,2,2,8,2,4,7,0,2,6,9,2,0,9,7,9,7,4,7,8,9,2,3,5,9,2,6,4,6,6,5,4,7,8,0,10,0,6,7
2,8,11,6,7,2,9,9,3,4,2,3,7,6,2,11,9,3,5,10,3,3,10,6,5,5,10,6,7,9,8,5,7,2,9,5,11,9,2,3,4,7,8,9,6,3,2,0,8,7,2,6,9,9,7,10,10,5,4,9,3,4,8,5,6,5,7,0,7,8,11,2,6,5,8,2,7,10,7,6,9,11,2,6,9,7,3,8,9,7,6,10,7,7,3,6,0,7,10,3,8,2,8,3,10,7,9,2,4,2,2,8,3,3,9,3,5,8,2,3,7,10,3,2,10,8,10,8,5,8,9,10,3,4,6,10,3,7,5,7,7,6,5,8,9,2,11,2,7,8
3,9,0,7,8,3,10,10,4,5,3,4,8,7,3,0,10,4,6,11,4,4,11,7,6,6,11,7,8,10,9,6,8,3,10,6,0,10,3,4,5,8,9,10,7,4,3,2,9,8,3,7,10,10,8,11,11,6,5,10,4,5,9,6,7,6,8,2,8,9,0,3,7,6,9,3,8,11,8,7,10,0,3,7,10,8,4,9,10,8,7,11,8,8,4,7,2,8,11,4,9,3,9,4,11,8,10,3,5,3,3,9,4,4,10,4,6,9,3,4,8,11,4,3,11,9,11,9,6,9,10,11,4,5,7,11,4,8,6,8,8,7,6,9,10,3,0,3,8,9
4,10,2,8,9,4,11,11,5,6,4,5,9,8,4,2,11,5,7,0,5,5,0,8,7,7,0,8,9,11,10,7,9,4,11,7,2,11,4,5,6,9,10,11,8,5,4,3,10,9,4,8,11,11,9,0,0,7,6,11,5,6,10,7,8,7,9,3,9,10,2,4,8,7,10,4,9,0,9,8,11,2,4,8,11,9,5,10,11,9,8,0,9,9,5,8,3,9,0,5,10,4,10,5,0,9,11,4,6,4,4,10,5,5,11,5,7,10,4,5,9,0,5,4,0,10,0,10,7,10,11,0,5,6,8,0,5,9,7,9,9,8,7,10,11,4,2,4,9,10
5,11,3,9,10,5,0,0,6,7,5,6,10,9,5,3,0,6,8,2,6,6,2,9,8,8,2,9,10,0,11,8,10,5,0,8,3,0,5,6,7,10,11,0,9,6,5,4,11,10,5,9,0,0,10,2,2,8,7,0,6,7,11,8,9,8,10,4,10,11,3,5,9,8,11,5,10,2,10,9,0,3,5,9,0,10,6,11,0,10,9,2,10,10,6,9,4,10,2,6,11,5,11,6,2,10,0,5,7,5,5,11,6,6,0,6,8,11,5,6,10,2,6,5,2,11,2,11,8,11,0,2,6,7,9,2,6,10,8,10,10,9,8,11,0,5,3,5,10,11
6,0,4,10,11,6,2,2,7,8,6,7,11,10,6,4,2,7,9,3,7,7,3,10,9,9,3,10,11,2,0,9,11,6,2,9,4,2,6,7,8,11,0,2,10,7,6,5,0,11,6,10,2,2,11,3,3,9,8,2,7,8,0,9,10,9,11,5,11,0,4,6,10,9,0,6,11,3,11,10,2,4,6,10,2,11,7,0,2,11,10,3,11,11,7,10,5,11,3,7,0,6,0,7,3,11,2,6,8,6,6,0,7,7,2,7,9,0,6,7,11,3,7,6,3,0,3,0,9,0,2,3,7,8,10,3,7,11,9,11,11,10,9,0,2,6,4,6,11,0
7,2,5,11,0,7,3,3,8,9,7,8,0,11,7,5,3,8,10,4,8,8,4,11,10,10,4,11,0,3,2,10,0,7,3,10,5,3,7,8,9,0,2,3,11,8,7,6,2,0,7,11,3,3,0,4,4,10,9,3,8,9,2,10,11,10,0,6,0,2,5,7,11,10,2,7,0,4,0,11,3,5,7,11,3,0,8,2,3,0,11,4,0,0,8,11,6,0,4,8,2,7,2,8,4,0,3,7,9,7,7,2,8,8,3,8,10,2,7,8,0,4,8,7,4,2,4,2,10,2,3,4,8,9,11,4,8,0,10,0,0,11,10,2,3,7,5,7,0,2
8,3,6,0,2,8,4,4,9,10,8,9,2,0,8,6,4,9,11,5,9,9,5,0,11,11,5,0,2,4,3,11,2,8,4,11,6,4,8,9,10,2,3,4,0,9,8,7,3,2,8,0,4,4,2,5,5,11,10,4,9,10,3,11,0,11,2,7,2,3,6,8,0,11,3,8,2,5,2,0,4,6,8,0,4,2,9,3,4,2,0,5,2,2,9,0,7,2,5,9,3,8,3,9,5,2,4,8,10,8,8,3,9,9,4,9,11,3,8,9,2,5,9,8,5,3,5,3,11,3,4,5,9,10,0,5,9,2,11,2,2,0,11,3,4,8,6,8,2,3
9,4,7,2,3,9,5,5,10,11,9,10,3,2,9,7,5,10,0,6,10,10,6,2,0,0,6,2,3,5,4,0,3,9,5,0,7,5,9,10,11,3,4,5,2,10,9,8,4,3,9,2,5,5,3,6,6,0,11,5,10,11,4,0,2,0,3,8,3,4,7,9,2,0,4,9,3,6,3,2,5,7,9,2,5,3,10,4,5,3,2,6,3,3,10,2,8,3,6,10,4,9,4,10,6,3,5,9,11,9,9,4,10,10,5,10,0,4,9,10,3,6,10,9,6,4,6,4,0,4,5,6,10,11,2,6,10,3,0,3,3,2,0,4,5,9,7,9,3,4
10,5,8,3,4,10,6,6,11,0,10,11,4,3,10,8,6,11,2,7,11,11,7,3,2,2,7,3,4,6,5,2,4,10,6,2,8,6,10,11,0,4,5,6,3,11,10,9,5,4,10,3,6,6,4,7,7,2,0,6,11,0,5,2,3,2,4,9,4,5,8,10,3,2,5,10,4,7,4,3,6,8,10,3,6,4,11,5,6,4,3,7,4,4,11,3,9,4,7,11,5,10,5,11,7,4,6,10,0,10,10,5,11,11,6,11,2,5,10,11,4,7,11,10,7,5,7,5,2,5,6,7,11,0,3,7,11,4,2,4,4,3,2,5,6,10,8,10,4,5
11,6,9,4,5,11,7,7,0,2,11,0,5,4,11,9,7,0,3,8,0,0,8,4,3,3,8,4,5,7,6,3,5,11,7,3,9,7,11,0,2,5,6,7,4,0,11,10,6,5,11,4,7,7,5,8,8,3,2,7,0,2,6,3,4,3,5,10,5,6,9,11,4,3,6,11,5,8,5,4,7,9,11,4,7,5,0,6,7,5,4,8,5,5,0,4,10,5,8,0,6,11,6,0,8,5,7,11,2,11,11,6,0,0,7,0,3,6,11,0,5,8,0,11,8,6,8,6,3,6,7,8,0,2,4,8,0,5,3,5,5,4,3,6,7,11,9,11,5,6
0,7,10,5,6,0,8,8,2,3,0,2,6,5,0,10,8,2,4,9,2,2,9,5,4,4,9,5,6,8,7,4,6,0,8,4,10,8,0,2,3,6,7,8,5,2,0,11,7,6,0,5,8,8,6,9,9,4,3,8,2,3,7,4,5,4,6,11,6,7,10,0,5,4,7,0,6,9,6,5,8,10,0,5,8,6,2,7,8,6,5,9,6,6,2,5,11,6,9,2,7,0,7,2,9,6,8,0,3,0,0,7,2,2,8,2,4,7,0,2,6,9,2,0,9,7,9,7,4,7,8,9,2,3,5,9,2,6,4,6,6,5,4,7,8,0,10,0,6,7
2,8,11,6,7,2,9,9,3,4,2,3,7,6,2,11,9,3,5,10,3,3,10,6,5,5,10,6,7,9,8,5,7,2,9,5,11,9,2,3,4,7,8,9,6,3,2,0,8,7,2,6,9,9,7,10,10,5,4,9,3,4,8,5,6,5,7,0,7,8,11,2,6,5,8,2,7,10,7,6,9,11,2,6,9,7,3,8,9,7,6,10,7,7,3,6,0,7,10,3,8,2,8,3,10,7,9,2,4,2,2,8,3,3,9,3,5,8,2,3,7,10,3,2,10,8,10,8,5,8,9,10,3,4,6,10,3,7,5,7,7,6,5,8,9,2,11,2,7,8
3,9,0,7,8,3,10,10,4,5,3,4,8,7,3,0,10,4,6,11,4,4,11,7,6,6,11,7,8,10,9,6,8,3,10,6,0,10,3,4,5,8,9,10,7,4,3,2,9,8,3,7,10,10,8,11,11,6,5,10,4,5,9,6,7,6,8,2,8,9,0,3,7,6,9,3,8,11,8,7,10,0,3,7,10,8,4,9,10,8,7,11,8,8,4,7,2,8,11,4,9,3,9,4,11,8,10,3,5,3,3,9,4,4,10,4,6,9,3,4,8,11,4,3,11,9,11,9,6,9,10,11,4,5,7,11,4,8,6,8,8,7,6,9,10,3,0,3,8,9
4,10,2,8,9,4,11,11,5,6,4,5,9,8,4,2,11,5,7,0,5,5,0,8,7,7,0,8,9,11,10,7,9,4,11,7,2,11,4,5,6,9,10,11,8,5,4,3,10,9,4,8,11,11,9,0,0,7,6,11,5,6,10,7,8,7,9,3,9,10,2,4,8,7,10,4,9,0,9,8,11,2,4,8,11,9,5,10,11,9,8,0,9,9,5,8,3,9,0,5,10,4,10,5,0,9,11,4,6,4,4,10,5,5,11,5,7,10,4,5,9,0,5,4,0,10,0,10,7,10,11,0,5,6,8,0,5,9,7,9,9,8,7,10,11,4,2,4,9,10
5,11,3,9,10,5,0,0,6,7,5,6,10,9,5,3,0,6,8,2,6,6,2,9,8,8,2,9,10,0,11,8,10,5,0,8,3,0,5,6,7,10,11,0,9,6,5,4,11,10,5,9,0,0,10,2,2,8,7,0,6,7,11,8,9,8,10,4,10,11,3,5,9,8,11,5,10,2,10,9,0,3,5,9,0,10,6,11,0,10,9,2,10,10,6,9,4,10,2,6,11,5,11,6,2,10,0,5,7,5,5,11,6,6,0,6,8,11,5,6,10,2,6,5,2,11,2,11,8,11,0,2,6,7,9,2,6,10,8,10,10,9,8,11,0,5,3,5,10,11
6,0,4,10,11,6,2,2,7,8,6,7,11,10,6,4,2,7,9,3,7,7,3,10,9,9,3,10,11,2,0,9,11,6,2,9,4,2,6,7,8,11,0,2,10,7,6,5,0,11,6,10,2,2,11,3,3,9,8,2,7,8,0,9,10,9,11,5,11,0,4,6,10,9,0,6,11,3,11,10,2,4,6,10,2,11,7,0,2,11,10,3,11,11,7,10,5,11,3,7,0,6,0,7,3,11,2,6,8,6,6,0,7,7,2,7,9,0,6,7,11,3,7,6,3,0,3,0,9,0,2,3,7,8,10,3,7,11,9,11,11,10,9,0,2,6,4,6,11,0
7,2,5,11,0,7,3,3,8,9,7,8,0,11,7,5,3,8,10,4,8,8,4,11,10,10,4,11,0,3,2,10,0,7,3,10,5,3,7,8,9,0,2,3,11,8,7,6,2,0,7,11,3,3,0,4,4,10,9,3,8,9,2,10,11,10,0,6,0,2,5,7,11,10,2,7,0,4,0,11,3,5,7,11,3,0,8,2,3,0,11,4,0,0,8,11,6,0,4,8,2,7,2,8,4,0,3,7,9,7,7,2,8,8,3,8,10,2,7,8,0,4,8,7,4,2,4,2,10,2,3,4,8,9,11,4,8,0,10,0,0,11,10,2,3,7,5,7,0,2
8,3,6,0,2,8,4,4,9,10,8,9,2,0,8,6,4,9,11,5,9,9,5,0,11,11,5,0,2,4,3,11,2,8,4,11,6,4,8,9,10,2,3,4,0,9,8,7,3,2,8,0,4,4,2,5,5,11,10,4,9,10,3,11,0,11,2,7,2,3,6,8,0,11,3,8,2,5,2,0,4,6,8,0,4,2,9,3,4,2,0,5,2,2,9,0,7,2,5,9,3,8,3,9,5,2,4,8,10,8,8,3,9,9,4,9,11,3,8,9,2,5,9,8,5,3,5,3,11,3,4,5,9,10,0,5,9,2,11,2,2,0,11,3,4,8,6,8,2,3
9,4,7,2,3,9,5,5,10,11,9,10,3,2,9,7,5,10,0,6,10,10,6,2,0,0,6,2,3,5,4,0,3,9,5,0,7,5,9,10,11,3,4,5,2,10,9,8,4,3,9,2,5,5,3,6,6,0,11,5,10,11,4,0,2,0,3,8,3,4,7,9,2,0,4,9,3,6,3,2,5,7,9,2,5,3,10,4,5,3,2,6,3,3,10,2,8,3,6,10,4,9,4,10,6,3,5,9,11,9,9,4,10,10,5,10,0,4,9,10,3,6,10,9,6,4,6,4,0,4,5,6,10,11,2,6,10,3,0,3,3,2,0,4,5,9,7,9,3,4
10,5,8,3,4,10,6,6,11,0,10,11,4,3,10,8,6,11,2,7,11,11,7,3,2,2,7,3,4,6,5,2,4,10,6,2,8,6,10,11,0,4,5,6,3,11,10,9,5,4,10,3,6,6,4,7,7,2,0,6,11,0,5,2,3,2,4,9,4,5,8,10,3,2,5,10,4,7,4,3,6,8,10,3,6,4,11,5,6,4,3,7,4,4,11,3,9,4,7,11,5,10,5,11,7,4,6,10,0,10,10,5,11,11,6,11,2,5,10,11,4,7,11,10,7,5,7,5,2,5,6,7,11,0,3,7,11,4,2,4,4,3,2,5,6,10,8,10,4,5
11,6,9,4,5,11,7,7,0,2,11,0,5,4,11,9,7,0,3,8,0,0,8,4,3,3,8,4,5,7,6,3,5,11,7,3,9,7,11,0,2,5,6,7,4,0,11,10,6,5,11,4,7,7,5,8,8,3,2,7,0,2,6,3,4,3,5,10,5,6,9,11,4,3,6,11,5,8,5,4,7,9,11,4,7,5,0,6,7,5,4,8,5,5,0,4,10,5,8,0,6,11,6,0,8,5,7,11,2,11,11,6,0,0,7,0,3,6,11,0,5,8,0,11,8,6,8,6,3,6,7,8,0,2,4,8,0,5,3,5,5,4,3,6,7,11,9,11,5,6
0,7,10,5,6,0,8,8,2,3,0,2,6,5,0,10,8,2,4,9,2,2,9,5,4,4,9,5,6,8,7,4,6,0,8,4,10,8,0,2,3,6,7,8,5,2,0,11,7,6,0,5,8,8,6,9,9,4,3,8,2,3,7,4,5,4,6,11,6,7,10,0,5,4,7,0,6,9,6,5,8,10,0,5,8,6,2,7,8,6,5,9,6,6,2,5,11,6,9,2,7,0,7,2,9,6,8,0,3,0,0,7,2,2,8,2,4,7,0,2,6,9,2,0,9,7,9,7,4,7,8,9,2,3,5,9,2,6,4,6,6,5,4,7,8,0,10,0,6,7
2,8,11,6,7,2,9,9,3,4,2,3,7,6,2,11,9,3,5,10,3,3,10,6,5,5,10,6,7,9,8,5,7,2,9,5,11,9,2,3,4,7,8,9,6,3,2,0,8,7,2,6,9,9,7,10,10,5,4,9,3,4,8,5,6,5,7,0,7,8,11,2,6,5,8,2,7,10,7,6,9,11,2,6,9,7,3,8,9,7,6,10,7,7,3,6,0,7,10,3,8,2,8,3,10,7,9,2,4,2,2,8,3,3,9,3,5,8,2,3,7,10,3,2,10,8,10,8,5,8,9,10,3,4,6,10,3,7,5,7,7,6,5,8,9,2,11,2,7,8
3,9,0,7,8,3,10,10,4,5,3,4,8,7,3,0,10,4,6,11,4,4,11,7,6,6,11,7,8,10,9,6,8,3,10,6,0,10,3,4,5,8,9,10,7,4,3,2,9,8,3,7,10,10,8,11,11,6,5,10,4,5,9,6,7,6,8,2,8,9,0,3,7,6,9,3,8,11,8,7,10,0,3,7,10,8,4,9,10,8,7,11,8,8,4,7,2,8,11,4,9,3,9,4,11,8,10,3,5,3,3,9,4,4,10,4,6,9,3,4,8,11,4,3,11,9,11,9,6,9,10,11,4,5,7,11,4,8,6,8,8,7,6,9,10,3,0,3,8,9
4,10,2,8,9,4,11,11,5,6,4,5,9,8,4,2,11,5,7,0,5,5,0,8,7,7,0,8,9,11,10,7,9,4,11,7,2,11,4,5,6,9,10,11,8,5,4,3,10,9,4,8,11,11,9,0,0,7,6,11,5,6,10,7,8,7,9,3,9,10,2,4,8,7,10,4,9,0,9,8,11,2,4,8,11,9,5,10,11,9,8,0,9,9,5,8,3,9,0,5,10,4,10,5,0,9,11,4,6,4,4,10,5,5,11,5,7,10,4,5,9,0,5,4,0,10,0,10,7,10,11,0,5,6,8,0,5,9,7,9,9,8,7,10,11,4,2,4,9,10
5,11,3,9,10,5,0,0,6,7,5,6,10,9,5,3,0,6,8,2,6,6,2,9,8,8,2,9,10,0,11,8,10,5,0,8,3,0,5,6,7,10,11,0,9,6,5,4,11,10,5,9,0,0,10,2,2,8,7,0,6,7,11,8,9,8,10,4,10,11,3,5,9,8,11,5,10,2,10,9,0,3,5,9,0,10,6,11,0,10,9,2,10,10,6,9,4,10,2,6,11,5,11,6,2,10,0,5,7,5,5,11,6,6,0,6,8,11,5,6,10,2,6,5,2,11,2,11,8,11,0,2,6,7,9,2,6,10,8,10,10,9,8,11,0,5,3,5,10,11
6,0,4,10,11,6,2,2,7,8,6,7,11,10,6,4,2,7,9,3,7,7,3,10,9,9,3,10,11,2,0,9,11,6,2,9,4,2,6,7,8,11,0,2,10,7,6,5,0,11,6,10,2,2,11,3,3,9,8,2,7,8,0,9,10,9,11,5,11,0,4,6,10,9,0,6,11,3,11,10,2,4,6,10,2,11,7,0,2,11,10,3,11,11,7,10,5,11,3,7,0,6,0,7,3,11,2,6,8,6,6,0,7,7,2,7,9,0,6,7,11,3,7,6,3,0,3,0,9,0,2,3,7,8,10,3,7,11,9,11,11,10,9,0,2,6,4,6,11,0
7,2,5,11,0,7,3,3,8,9,7,8,0,11,7,5,3,8,10,4,8,8,4,11,10,10,4,11,0,3,2,10,0,7,3,10,5,3,7,8,9,0,2,3,11,8,7,6,2,0,7,11,3,3,0,4,4,10,9,3,8,9,2,10,11,10,0,6,0,2,5,7,11,10,2,7,0,4,0,11,3,5,7,11,3,0,8,2,3,0,11,4,0,0,8,11,6,0,4,8,2,7,2,8,4,0,3,7,9,7,7,2,8,8,3,8,10,2,7,8,0,4,8,7,4,2,4,2,10,2,3,4,8,9,11,4,8,0,10,0,0,11,10,2,3,7,5,7,0,2
8,3,6,0,2,8,4,4,9,10,8,9,2,0,8,6,4,9,11,5,9,9,5,0,11,11,5,0,2,4,3,11,2,8,4,11,6,4,8,9,10,2,3,4,0,9,8,7,3,2,8,0,4,4,2,5,5,11,10,4,9,10,3,11,0,11,2,7,2,3,6,8,0,11,3,8,2,5,2,0,4,6,8,0,4,2,9,3,4,2,0,5,2,2,9,0,7,2,5,9,3,8,3,9,5,2,4,8,10,8,8,3,9,9,4,9,11,3,8,9,2,5,9,8,5,3,5,3,11,3,4,5,9,10,0,5,9,2,11,2,2,0,11,3,4,8,6,8,2,3
9,4,7,2,3,9,5,5,10,11,9,10,3,2,9,7,5,10,0,6,10,10,6,2,0,0,6,2,3,5,4,0,3,9,5,0,7,5,9,10,11,3,4,5,2,10,9,8,4,3,9,2,5,5,3,6,6,0,11,5,10,11,4,0,2,0,3,8,3,4,7,9,2,0,4,9,3,6,3,2,5,7,9,2,5,3,10,4,5,3,2,6,3,3,10,2,8,3,6,10,4,9,4,10,6,3,5,9,11,9,9,4,10,10,5,10,0,4,9,10,3,6,10,9,6,4,6,4,0,4,5,6,10,11,2,6,10,3,0,3,3,2,0,4,5,9,7,9,3,4
10,5,8,3,4,10,6,6,11,0,10,11,4,3,10,8,6,11,2,7,11,11,7,3,2,2,7,3,4,6,5,2,4,10,6,2,8,6,10,11,0,4,5,6,3,11,10,9,5,4,10,3,6,6,4,7,7,2,0,6,11,0,5,2,3,2,4,9,4,5,8,10,3,2,5,10,4,7,4,3,6,8,10,3,6,4,11,5,6,4,3,7,4,4,11,3,9,4,7,11,5,10,5,11,7,4,6,10,0,10,10,5,11,11,6,11,2,5,10,11,4,7,11,10,7,5,7,5,2,5,6,7,11,0,3,7,11,4,2,4,4,3,2,5,6,10,8,10,4,5
11,6,9,4,5,11,7,7,0,2,11,0,5,4,11,9,7,0,3,8,0,0,8,4,3,3,8,4,5,7,6,3,5,11,7,3,9,7,11,0,2,5,6,7,4,0,11,10,6,5,11,4,7,7,5,8,8,3,2,7,0,2,6,3,4,3,5,10,5,6,9,11,4,3,6,11,5,8,5,4,7,9,11,4,7,5,0,6,7,5,4,8,5,5,0,4,10,5,8,0,6,11,6,0,8,5,7,11,2,11,11,6,0,0,7,0,3,6,11,0,5,8,0,11,8,6,8,6,3,6,7,8,0,2,4,8,0,5,3,5,5,4,3,6,7,11,9,11,5,6
0,7,10,5,6,0,8,8,2,3,0,2,6,5,0,10,8,2,4,9,2,2,9,5,4,4,9,5,6,8,7,4,6,0,8,4,10,8,0,2,3,6,7,8,5,2,0,11,7,6,0,5,8,8,6,9,9,4,3,8,2,3,7,4,5,4,6,11,6,7,10,0,5,4,7,0,6,9,6,5,8,10,0,5,8,6,2,7,8,6,5,9,6,6,2,5,11,6,9,2,7,0,7,2,9,6,8,0,3,0,0,7,2,2,8,2,4,7,0,2,6,9,2,0,9,7,9,7,4,7,8,9,2,3,5,9,2,6,4,6,6,5,4,7,8,0,10,0,6,7
2,8,11,6,7,2,9,9,3,4,2,3,7,6,2,11,9,3,5,10,3,3,10,6,5,5,10,6,7,9,8,5,7,2,9,5,11,9,2,3,4,7,8,9,6,3,2,0,8,7,2,6,9,9,7,10,10,5,4,9,3,4,8,5,6,5,7,0,7,8,11,2,6,5,8,2,7,10,7,6,9,11,2,6,9,7,3,8,9,7,6,10,7,7,3,6,0,7,10,3,8,2,8,3,10,7,9,2,4,2,2,8,3,3,9,3,5,8,2,3,7,10,3,2,10,8,10,8,5,8,9,10,3,4,6,10,3,7,5,7,7,6,5,8,9,2,11,2,7,8
3,9,0,7,8,3,10,10,4,5,3,4,8,7,3,0,10,4,6,11,4,4,11,7,6,6,11,7,8,10,9,6,8,3,10,6,0,10,3,4,5,8,9,10,7,4,3,2,9,8,3,7,10,10,8,11,11,6,5,10,4,5,9,6,7,6,8,2,8,9,0,3,7,6,9,3,8,11,8,7,10,0,3,7,10,8,4,9,10,8,7,11,8,8,4,7,2,8,11,4,9,3,9,4,11,8,10,3,5,3,3,9,4,4,10,4,6,9,3,4,8,11,4,3,11,9,11,9,6,9,10,11,4,5,7,11,4,8,6,8,8,7,6,9,10,3,0,3,8,9
4,10,2,8,9,4,11,11,5,6,4,5,9,8,4,2,11,5,7,0,5,5,0,8,7,7,0,8,9,11,10,7,9,4,11,7,2,11,4,5,6,9,10,11,8,5,4,3,10,9,4,8,11,11,9,0,0,7,6,11,5,6,10,7,8,7,9,3,9,10,2,4,8,7,10,4,9,0,9,8,11,2,4,8,11,9,5,10,11,9,8,0,9,9,5,8,3,9,0,5,10,4,10,5,0,9,11,4,6,4,4,10,5,5,11,5,7,10,4,5,9,0,5,4,0,10,0,10,7,10,11,0,5,6,8,0,5,9,7,9,9,8,7,10,11,4,2,4,9,10
5,11,3,9,10,5,0,0,6,7,5,6,10,9,5,3,0,6,8,2,6,6,2,9,8,8,2,9,10,0,11,8,10,5,0,8,3,0,5,6,7,10,11,0,9,6,5,4,11,10,5,9,0,0,10,2,2,8,7,0,6,7,11,8,9,8,10,4,10,11,3,5,9,8,11,5,10,2,10,9,0,3,5,9,0,10,6,11,0,10,9,2,10,10,6,9,4,10,2,6,11,5,11,6,2,10,0,5,7,5,5,11,6,6,0,6,8,11,5,6,10,2,6,5,2,11,2,11,8,11,0,2,6,7,9,2,6,10,8,10,10,9,8,11,0,5,3,5,10,11
6,0,4,10,11,6,2,2,7,8,6,7,11,10,6,4,2,7,9,3,7,7,3,10,9,9,3,10,11,2,0,9,11,6,2,9,4,2,6,7,8,11,0,2,10,7,6,5,0,11,6,10,2,2,11,3,3,9,8,2,7,8,0,9,10,9,11,5,11,0,4,6,10,9,0,6,11,3,11,10,2,4,6,10,2,11,7,0,2,11,10,3,11,11,7,10,5,11,3,7,0,6,0,7,3,11,2,6,8,6,6,0,7,7,2,7,9,0,6,7,11,3,7,6,3,0,3,0,9,0,2,3,7,8,10,3,7,11,9,11,11,10,9,0,2,6,4,6,11,0
7,2,5,11,0,7,3,3,8,9,7,8,0,11,7,5,3,8,10,4,8,8,4,11,10,10,4,11,0,3,2,10,0,7,3,10,5,3,7,8,9,0,2,3,11,8,7,6,2,0,7,11,3,3,0,4,4,10,9,3,8,9,2,10,11,10,0,6,0,2,5,7,11,10,2,7,0,4,0,11,3,5,7,11,3,0,8,2,3,0,11,4,0,0,8,11,6,0,4,8,2,7,2,8,4,0,3,7,9,7,7,2,8,8,3,8,10,2,7,8,0,4,8,7,4,2,4,2,10,2,3,4,8,9,11,4,8,0,10,0,0,11,10,2,3,7,5,7,0,2
8,3,6,0,2,8,4,4,9,10,8,9,2,0,8,6,4,9,11,5,9,9,5,0,11,11,5,0,2,4,3,11,2,8,4,11,6,4,8,9,10,2,3,4,0,9,8,7,3,2,8,0,4,4,2,5,5,11,10,4,9,10,3,11,0,11,2,7,2,3,6,8,0,11,3,8,2,5,2,0,4,6,8,0,4,2,9,3,4,2,0,5,2,2,9,0,7,2,5,9,3,8,3,9,5,2,4,8,10,8,8,3,9,9,4,9,11,3,8,9,2,5,9,8,5,3,5,3,11,3,4,5,9,10,0,5,9,2,11,2,2,0,11,3,4,8,6,8,2,3
9,4,7,2,3,9,5,5,10,11,9,10,3,2,9,7,5,10,0,6,10,10,6,2,0,0,6,2,3,5,4,0,3,9,5,0,7,5,9,10,11,3,4,5,2,10,9,8,4,3,9,2,5,5,3,6,6,0,11,5,10,11,4,0,2,0,3,8,3,4,7,9,2,0,4,9,3,6,3,2,5,7,9,2,5,3,10,4,5,3,2,6,3,3,10,2,8,3,6,10,4,9,4,10,6,3,5,9,11,9,9,4,10,10,5,10,0,4,9,10,3,6,10,9,6,4,6,4,0,4,5,6,10,11,2,6,10,3,0,3,3,2,0,4,5,9,7,9,3,4
10,5,8,3,4,10,6,6,11,0,10,11,4,3,10,8,6,11,2,7,11,11,7,3,2,2,7,3,4,6,5,2,4,10,6,2,8,6,10,11,0,4,5,6,3,11,10,9,5,4,10,3,6,6,4,7,7,2,0,6,11,0,5,2,3,2,4,9,4,5,8,10,3,2,5,10,4,7,4,3,6,8,10,3,6,4,11,5,6,4,3,7,4,4,11,3,9,4,7,11,5,10,5,11,7,4,6,10,0,10,10,5,11,11,6,11,2,5,10,11,4,7,11,10,7,5,7,5,2,5,6,7,11,0,3,7,11,4,2,4,4,3,2,5,6,10,8,10,4,5
11,6,9,4,5,11,7,7,0,2,11,0,5,4,11,9,7,0,3,8,0,0,8,4,3,3,8,4,5,7,6,3,5,11,7,3,9,7,11,0,2,5,6,7,4,0,11,10,6,5,11,4,7,7,5,8,8,3,2,7,0,2,6,3,4,3,5,10,5,6,9,11,4,3,6,11,5,8,5,4,7,9,11,4,7,5,0,6,7,5,4,8,5,5,0,4,10,5,8,0,6,11,6,0,8,5,7,11,2,11,11,6,0,0,7,0,3,6,11,0,5,8,0,11,8,6,8,6,3,6,7,8,0,2,4,8,0,5,3,5,5,4,3,6,7,11,9,11,5,6
0,7,10,5,6,0,8,8,2,3,0,2,6,5,0,10,8,2,4,9,2,2,9,5,4,4,9,5,6,8,7,4,6,0,8,4,10,8,0,2,3,6,7,8,5,2,0,11,7,6,0,5,8,8,6,9,9,4,3,8,2,3,7,4,5,4,6,11,6,7,10,0,5,4,7,0,6,9,6,5,8,10,0,5,8,6,2,7,8,6,5,9,6,6,2,5,11,6,9,2,7,0,7,2,9,6,8,0,3,0,0,7,2,2,8,2,4,7,0,2,6,9,2,0,9,7,9,7,4,7,8,9,2,3,5,9,2,6,4,6,6,5,4,7,8,0,10,0,6,7
2,8,11,6,7,2,9,9,3,4,2,3,7,6,2,11,9,3,5,10,3,3,10,6,5,5,10,6,7,9,8,5,7,2,9,5,11,9,2,3,4,7,8,9,6,3,2,0,8,7,2,6,9,9,7,10,10,5,4,9,3,4,8,5,6,5,7,0,7,8,11,2,6,5,8,2,7,10,7,6,9,11,2,6,9,7,3,8,9,7,6,10,7,7,3,6,0,7,10,3,8,2,8,3,10,7,9,2,4,2,2,8,3,3,9,3,5,8,2,3,7,10,3,2,10,8,10,8,5,8,9,10,3,4,6,10,3,7,5,7,7,6,5,8,9,2,11,2,7,8
3,9,0,7,8,3,10,10,4,5,3,4,8,7,3,0,10,4,6,11,4,4,11,7,6,6,11,7,8,10,9,6,8,3,10,6,0,10,3,4,5,8,9,10,7,4,3,2,9,8,3,7,10,10,8,11,11,6,5,10,4,5,9,6,7,6,8,2,8,9,0,3,7,6,9,3,8,11,8,7,10,0,3,7,10,8,4,9,10,8,7,11,8,8,4,7,2,8,11,4,9,3,9,4,11,8,10,3,5,3,3,9,4,4,10,4,6,9,3,4,8,11,4,3,11,9,11,9,6,9,10,11,4,5,7,11,4,8,6,8,8,7,6,9,10,3,0,3,8,9
4,10,2,8,9,4,11,11,5,6,4,5,9,8,4,2,11,5,7,0,5,5,0,8,7,7,0,8,9,11,10,7,9,4,11,7,2,11,4,5,6,9,10,11,8,5,4,3,10,9,4,8,11,11,9,0,0,7,6,11,5,6,10,7,8,7,9,3,9,10,2,4,8,7,10,4,9,0,9,8,11,2,4,8,11,9,5,10,11,9,8,0,9,9,5,8,3,9,0,5,10,4,10,5,0,9,11,4,6,4,4,10,5,5,11,5,7,10,4,5,9,0,5,4,0,10,0,10,7,10,11,0,5,6,8,0,5,9,7,9,9,8,7,10,11,4,2,4,9,10
5,11,3,9,10,5,0,0,6,7,5,6,10,9,5,3,0,6,8,2,6,6,2,9,8,8,2,9,10,0,11,8,10,5,0,8,3,0,5,6,7,10,11,0,9,6,5,4,11,10,5,9,0,0,10,2,2,8,7,0,6,7,11,8,9,8,10,4,10,11,3,5,9,8,11,5,10,2,10,9,0,3,5,9,0,10,6,11,0,10,9,2,10,10,6,9,4,10,2,6,11,5,11,6,2,10,0,5,7,5,5,11,6,6,0,6,8,11,5,6,10,2,6,5,2,11,2,11,8,11,0,2,6,7,9,2,6,10,8,10,10,9,8,11,0,5,3,5,10,11
6,0,4,10,11,6,2,2,7,8,6,7,11,10,6,4,2,7,9,3,7,7,3,10,9,9,3,10,11,2,0,9,11,6,2,9,4,2,6,7,8,11,0,2,10,7,6,5,0,11,6,10,2,2,11,3,3,9,8,2,7,8,0,9,10,9,11,5,11,0,4,6,10,9,0,6,11,3,11,10,2,4,6,10,2,11,7,0,2,11,10,3,11,11,7,10,5,11,3,7,0,6,0,7,3,11,2,6,8,6,6,0,7,7,2,7,9,0,6,7,11,3,7,6,3,0,3,0,9,0,2,3,7,8,10,3,7,11,9,11,11,10,9,0,2,6,4,6,11,0
7,2,5,11,0,7,3,3,8,9,7,8,0,11,7,5,3,8,10,4,8,8,4,11,10,10,4,11,0,3,2,10,0,7,3,10,5,3,7,8,9,0,2,3,11,8,7,6,2,0,7,11,3,3,0,4,4,10,9,3,8,9,2,10,11,10,0,6,0,2,5,7,11,10,2,7,0,4,0,11,3,5,7,11,3,0,8,2,3,0,11,4,0,0,8,11,6,0,4,8,2,7,2,8,4,0,3,7,9,7,7,2,8,8,3,8,10,2,7,8,0,4,8,7,4,2,4,2,10,2,3,4,8,9,11,4,8,0,10,0,0,11,10,2,3,7,5,7,0,2
8,3,6,0,2,8,4,4,9,10,8,9,2,0,8,6,4,9,11,5,9,9,5,0,11,11,5,0,2,4,3,11,2,8,4,11,6,4,8,9,10,2,3,4,0,9,8,7,3,2,8,0,4,4,2,5,5,11,10,4,9,10,3,11,0,11,2,7,2,3,6,8,0,11,3,8,2,5,2,0,4,6,8,0,4,2,9,3,4,2,0,5,2,2,9,0,7,2,5,9,3,8,3,9,5,2,4,8,10,8,8,3,9,9,4,9,11,3,8,9,2,5,9,8,5,3,5,3,11,3,4,5,9,10,0,5,9,2,11,2,2,0,11,3,4,8,6,8,2,3
9,4,7,2,3,9,5,5,10,11,9,10,3,2,9,7,5,10,0,6,10,10,6,2,0,0,6,2,3,5,4,0,3,9,5,0,7,5,9,10,11,3,4,5,2,10,9,8,4,3,9,2,5,5,3,6,6,0,11,5,10,11,4,0,2,0,3,8,3,4,7,9,2,0,4,9,3,6,3,2,5,7,9,2,5,3,10,4,5,3,2,6,3,3,10,2,8,3,6,10,4,9,4,10,6,3,5,9,11,9,9,4,10,10,5,10,0,4,9,10,3,6,10,9,6,4,6,4,0,4,5,6,10,11,2,6,10,3,0,3,3,2,0,4,5,9,7,9,3,4
10,5,8,3,4,10,6,6,11,0,10,11,4,3,10,8,6,11,2,7,11,11,7,3,2,2,7,3,4,6,5,2,4,10,6,2,8,6,10,11,0,4,5,6,3,11,10,9,5,4,10,3,6,6,4,7,7,2,0,6,11,0,5,2,3,2,4,9,4,5,8,10,3,2,5,10,4,7,4,3,6,8,10,3,6,4,11,5,6,4,3,7,4,4,11,3,9,4,7,11,5,10,5,11,7,4,6,10,0,10,10,5,11,11,6,11,2,5,10,11,4,7,11,10,7,5,7,5,2,5,6,7,11,0,3,7,11,4,2,4,4,3,2,5,6,10,8,10,4,5
11,6,9,4,5,11,7,7,0,2,11,0,5,4,11,9,7,0,3,8,0,0,8,4,3,3,8,4,5,7,6,3,5,11,7,3,9,7,11,0,2,5,6,7,4,0,11,10,6,5,11,4,7,7,5,8,8,3,2,7,0,2,6,3,4,3,5,10,5,6,9,11,4,3,6,11,5,8,5,4,7,9,11,4,7,5,0,6,7,5,4,8,5,5,0,4,10,5,8,0,6,11,6,0,8,5,7,11,2,11,11,6,0,0,7,0,3,6,11,0,5,8,0,11,8,6,8,6,3,6,7,8,0,2,4,8,0,5,3,5,5,4,3,6,7,11,9,11,5,6
0,7,10,5,6,0,8,8,2,3,0,2,6,5,0,10,8,2,4,9,2,2,9,5,4,4,9,5,6,8,7,4,6,0,8,4,10,8,0,2,3,6,7,8,5,2,0,11,7,6,0,5,8,8,6,9,9,4,3,8,2,3,7,4,5,4,6,11,6,7,10,0,5,4,7,0,6,9,6,5,8,10,0,5,8,6,2,7,8,6,5,9,6,6,2,5,11,6,9,2,7,0,7,2,9,6,8,0,3,0,0,7,2,2,8,2,4,7,0,2,6,9,2,0,9,7,9,7,4,7,8,9,2,3,5,9,2,6,4,6,6,5,4,7,8,0,10,0,6,7
2,8,11,6,7,2,9,9,3,4,2,3,7,6,2,11,9,3,5,10,3,3,10,6,5,5,10,6,7,9,8,5,7,2,9,5,11,9,2,3,4,7,8,9,6,3,2,0,8,7,2,6,9,9,7,10,10,5,4,9,3,4,8,5,6,5,7,0,7,8,11,2,6,5,8,2,7,10,7,6,9,11,2,6,9,7,3,8,9,7,6,10,7,7,3,6,0,7,10,3,8,2,8,3,10,7,9,2,4,2,2,8,3,3,9,3,5,8,2,3,7,10,3,2,10,8,10,8,5,8,9,10,3,4,6,10,3,7,5,7,7,6,5,8,9,2,11,2,7,8
3,9,0,7,8,3,10,10,4,5,3,4,8,7,3,0,10,4,6,11,4,4,11,7,6,6,11,7,8,10,9,6,8,3,10,6,0,10,3,4,5,8,9,10,7,4,3,2,9,8,3,7,10,10,8,11,11,6,5,10,4,5,9,6,7,6,8,2,8,9,0,3,7,6,9,3,8,11,8,7,10,0,3,7,10,8,4,9,10,8,7,11,8,8,4,7,2,8,11,4,9,3,9,4,11,8,10,3,5,3,3,9,4,4,10,4,6,9,3,4,8,11,4,3,11,9,11,9,6,9,10,11,4,5,7,11,4,8,6,8,8,7,6,9,10,3,0,3,8,9
4,10,2,8,9,4,11,11,5,6,4,5,9,8,4,2,11,5,7,0,5,5,0,8,7,7,0,8,9,11,10,7,9,4,11,7,2,11,4,5,6,9,10,11,8,5,4,3,10,9,4,8,11,11,9,0,0,7,6,11,5,6,10,7,8,7,9,3,9,10,2,4,8,7,10,4,9,0,9,8,11,2,4,8,11,9,5,10,11,9,8,0,9,9,5,8,3,9,0,5,10,4,10,5,0,9,11,4,6,4,4,10,5,5,11,5,7,10,4,5,9,0,5,4,0,10,0,10,7,10,11,0,5,6,8,0,5,9,7,9,9,8,7,10,11,4,2,4,9,10
5,11,3,9,10,5,0,0,6,7,5,6,10,9,5,3,0,6,8,2,6,6,2,9,8,8,2,9,10,0,11,8,10,5,0,8,3,0,5,6,7,10,11,0,9,6,5,4,11,10,5,9,0,0,10,2,2,8,7,0,6,7,11,8,9,8,10,4,10,11,3,5,9,8,11,5,10,2,10,9,0,3,5,9,0,10,6,11,0,10,9,2,10,10,6,9,4,10,2,6,11,5,11,6,2,10,0,5,7,5,5,11,6,6,0,6,8,11,5,6,10,2,6,5,2,11,2,11,8,11,0,2,6,7,9,2,6,10,8,10,10,9,8,11,0,5,3,5,10,11
6,0,4,10,11,6,2,2,7,8,6,7,11,10,6,4,2,7,9,3,7,7,3,10,9,9,3,10,11,2,0,9,11,6,2,9,4,2,6,7,8,11,0,2,10,7,6,5,0,11,6,10,2,2,11,3,3,9,8,2,7,8,0,9,10,9,11,5,11,0,4,6,10,9,0,6,11,3,11,10,2,4,6,10,2,11,7,0,2,11,10,3,11,11,7,10,5,11,3,7,0,6,0,7,3,11,2,6,8,6,6,0,7,7,2,7,9,0,6,7,11,3,7,6,3,0,3,0,9,0,2,3,7,8,10,3,7,11,9,11,11,10,9,0,2,6,4,6,11,0
7,2,5,11,0,7,3,3,8,9,7,8,0,11,7,5,3,8,10,4,8,8,4,11,10,10,4,11,0,3,2,10,0,7,3,10,5,3,7,8,9,0,2,3,11,8,7,6,2,0,7,11,3,3,0,4,4,10,9,3,8,9,2,10,11,10,0,6,0,2,5,7,11,10,2,7,0,4,0,11,3,5,7,11,3,0,8,2,3,0,11,4,0,0,8,11,6,0,4,8,2,7,2,8,4,0,3,7,9,7,7,2,8,8,3,8,10,2,7,8,0,4,8,7,4,2,4,2,10,2,3,4,8,9,11,4,8,0,10,0,0,11,10,2,3,7,5,7,0,2
8,3,6,0,2,8,4,4,9,10,8,9,2,0,8,6,4,9,11,5,9,9,5,0,11,11,5,0,2,4,3,11,2,8,4,11,6,4,8,9,10,2,3,4,0,9,8,7,3,2,8,0,4,4,2,5,5,11,10,4,9,10,3,11,0,11,2,7,2,3,6,8,0,11,3,8,2,5,2,0,4,6,8,0,4,2,9,3,4,2,0,5,2,2,9,0,7,2,5,9,3,8,3,9,5,2,4,8,10,8,8,3,9,9,4,9,11,3,8,9,2,5,9,8,5,3,5,3,11,3,4,5,9,10,0,5,9,2,11,2,2,0,11,3,4,8,6,8,2,3
9,4,7,2,3,9,5,5,10,11,9,10,3,2,9,7,5,10,0,6,10,10,6,2,0,0,6,2,3,5,4,0,3,9,5,0,7,5,9,10,11,3,4,5,2,10,9,8,4,3,9,2,5,5,3,6,6,0,11,5,10,11,4,0,2,0,3,8,3,4,7,9,2,0,4,9,3,6,3,2,5,7,9,2,5,3,10,4,5,3,2,6,3,3,10,2,8,3,6,10,4,9,4,10,6,3,5,9,11,9,9,4,10,10,5,10,0,4,9,10,3,6,10,9,6,4,6,4,0,4,5,6,10,11,2,6,10,3,0,3,3,2,0,4,5,9,7,9,3,4
10,5,8,3,4,10,6,6,11,0,10,11,4,3,10,8,6,11,2,7,11,11,7,3,2,2,7,3,4,6,5,2,4,10,6,2,8,6,10,11,0,4,5,6,3,11,10,9,5,4,10,3,6,6,4,7,7,2,0,6,11,0,5,2,3,2,4,9,4,5,8,10,3,2,5,10,4,7,4,3,6,8,10,3,6,4,11,5,6,4,3,7,4,4,11,3,9,4,7,11,5,10,5,11,7,4,6,10,0,10,10,5,11,11,6,11,2,5,10,11,4,7,11,10,7,5,7,5,2,5,6,7,11,0,3,7,11,4,2,4,4,3,2,5,6,10,8,10,4,5
11,6,9,4,5,11,7,7,0,2,11,0,5,4,11,9,7,0,3,8,0,0,8,4,3,3,8,4,5,7,6,3,5,11,7,3,9,7,11,0,2,5,6,7,4,0,11,10,6,5,11,4,7,7,5,8,8,3,2,7,0,2,6,3,4,3,5,10,5,6,9,11,4,3,6,11,5,8,5,4,7,9,11,4,7,5,0,6,7,5,4,8,5,5,0,4,10,5,8,0,6,11,6,0,8,5,7,11,2,11,11,6,0,0,7,0,3,6,11,0,5,8,0,11,8,6,8,6,3,6,7,8,0,2,4,8,0,5,3,5,5,4,3,6,7,11,9,11,5,6
0,7,10,5,6,0,8,8,2,3,0,2,6,5,0,10,8,2,4,9,2,2,9,5,4,4,9,5,6,8,7,4,6,0,8,4,10,8,0,2,3,6,7,8,5,2,0,11,7,6,0,5,8,8,6,9,9,4,3,8,2,3,7,4,5,4,6,11,6,7,10,0,5,4,7,0,6,9,6,5,8,10,0,5,8,6,2,7,8,6,5,9,6,6,2,5,11,6,9,2,7,0,7,2,9,6,8,0,3,0,0,7,2,2,8,2,4,7,0,2,6,9,2,0,9,7,9,7,4,7,8,9,2,3,5,9,2,6,4,6,6,5,4,7,8,0,10,0,6,7
2,8,11,6,7,2,9,9,3,4,2,3,7,6,2,11,9,3,5,10,3,3,10,6,5,5,10,6,7,9,8,5,7,2,9,5,11,9,2,3,4,7,8,9,6,3,2,0,8,7,2,6,9,9,7,10,10,5,4,9,3,4,8,5,6,5,7,0,7,8,11,2,6,5,8,2,7,10,7,6,9,11,2,6,9,7,3,8,9,7,6,10,7,7,3,6,0,7,10,3,8,2,8,3,10,7,9,2,4,2,2,8,3,3,9,3,5,8,2,3,7,10,3,2,10,8,10,8,5,8,9,10,3,4,6,10,3,7,5,7,7,6,5,8,9,2,11,2,7,8
3,9,0,7,8,3,10,10,4,5,3,4,8,7,3,0,10,4,6,11,4,4,11,7,6,6,11,7,8,10,9,6,8,3,10,6,0,10,3,4,5,8,9,10,7,4,3,2,9,8,3,7,10,10,8,11,11,6,5,10,4,5,9,6,7,6,8,2,8,9,0,3,7,6,9,3,8,11,8,7,10,0,3,7,10,8,4,9,10,8,7,11,8,8,4,7,2,8,11,4,9,3,9,4,11,8,10,3,5,3,3,9,4,4,10,4,6,9,3,4,8,11,4,3,11,9,11,9,6,9,10,11,4,5,7,11,4,8,6,8,8,7,6,9,10,3,0,3,8,9
4,10,2,8,9,4,11,11,5,6,4,5,9,8,4,2,11,5,7,0,5,5,0,8,7,7,0,8,9,11,10,7,9,4,11,7,2,11,4,5,6,9,10,11,8,5,4,3,10,9,4,8,11,11,9,0,0,7,6,11,5,6,10,7,8,7,9,3,9,10,2,4,8,7,10,4,9,0,9,8,11,2,4,8,11,9,5,10,11,9,8,0,9,9,5,8,3,9,0,5,10,4,10,5,0,9,11,4,6,4,4,10,5,5,11,5,7,10,4,5,9,0,5,4,0,10,0,10,7,10,11,0,5,6,8,0,5,9,7,9,9,8,7,10,11,4,2,4,9,10
5,11,3,9,10,5,0,0,6,7,5,6,10,9,5,3,0,6,8,2,6,6,2,9,8,8,2,9,10,0,11,8,10,5,0,8,3,0,5,6,7,10,11,0,9,6,5,4,11,10,5,9,0,0,10,2,2,8,7,0,6,7,11,8,9,8,10,4,10,11,3,5,9,8,11,5,10,2,10,9,0,3,5,9,0,10,6,11,0,10,9,2,10,10,6,9,4,10,2,6,11,5,11,6,2,10,0,5,7,5,5,11,6,6,0,6,8,11,5,6,10,2,6,5,2,11,2,11,8,11,0,2,6,7,9,2,6,10,8,10,10,9,8,11,0,5,3,5,10,11
6,0,4,10,11,6,2,2,7,8,6,7,11,10,6,4,2,7,9,3,7,7,3,10,9,9,3,10,11,2,0,9,11,6,2,9,4,2,6,7,8,11,0,2,10,7,6,5,0,11,6,10,2,2,11,3,3,9,8,2,7,8,0,9,10,9,11,5,11,0,4,6,10,9,0,6,11,3,11,10,2,4,6,10,2,11,7,0,2,11,10,3,11,11,7,10,5,11,3,7,0,6,0,7,3,11,2,6,8,6,6,0,7,7,2,7,9,0,6,7,11,3,7,6,3,0,3,0,9,0,2,3,7,8,10,3,7,11,9,11,11,10,9,0,2,6,4,6,11,0
7,2,5,11,0,7,3,3,8,9,7,8,0,11,7,5,3,8,10,4,8,8,4,11,10,10,4,11,0,3,2,10,0,7,3,10,5,3,7,8,9,0,2,3,11,8,7,6,2,0,7,11,3,3,0,4,4,10,9,3,8,9,2,10,11,10,0,6,0,2,5,7,11,10,2,7,0,4,0,11,3,5,7,11,3,0,8,2,3,0,11,4,0,0,8,11,6,0,4,8,2,7,2,8,4,0,3,7,9,7,7,2,8,8,3,8,10,2,7,8,0,4,8,7,4,2,4,2,10,2,3,4,8,9,11,4,8,0,10,0,0,11,10,2,3,7,5,7,0,2
8,3,6,0,2,8,4,4,9,10,8,9,2,0,8,6,4,9,11,5,9,9,5,0,11,11,5,0,2,4,3,11,2,8,4,11,6,4,8,9,10,2,3,4,0,9,8,7,3,2,8,0,4,4,2,5,5,11,10,4,9,10,3,11,0,11,2,7,2,3,6,8,0,11,3,8,2,5,2,0,4,6,8,0,4,2,9,3,4,2,0,5,2,2,9,0,7,2,5,9,3,8,3,9,5,2,4,8,10,8,8,3,9,9,4,9,11,3,8,9,2,5,9,8,5,3,5,3,11,3,4,5,9,10,0,5,9,2,11,2,2,0,11,3,4,8,6,8,2,3
9,4,7,2,3,9,5,5,10,11,9,10,3,2,9,7,5,10,0,6,10,10,6,2,0,0,6,2,3,5,4,0,3,9,5,0,7,5,9,10,11,3,4,5,2,10,9,8,4,3,9,2,5,5,3,6,6,0,11,5,10,11,4,0,2,0,3,8,3,4,7,9,2,0,4,9,3,6,3,2,5,7,9,2,5,3,10,4,5,3,2,6,3,3,10,2,8,3,6,10,4,9,4,10,6,3,5,9,11,9,9,4,10,10,5,10,0,4,9,10,3,6,10,9,6,4,6,4,0,4,5,6,10,11,2,6,10,3,0,3,3,2,0,4,5,9,7,9,3,4
10,5,8,3,4,10,6,6,11,0,10,11,4,3,10,8,6,11,2,7,11,11,7,3,2,2,7,3,4,6,5,2,4,10,6,2,8,6,10,11,0,4,5,6,3,11,10,9,5,4,10,3,6,6,4,7,7,2,0,6,11,0,5,2,3,2,4,9,4,5,8,10,3,2,5,10,4,7,4,3,6,8,10,3,6,4,11,5,6,4,3,7,4,4,11,3,9,4,7,11,5,10,5,11,7,4,6,10,0,10,10,5,11,11,6,11,2,5,10,11,4,7,11,10,7,5,7,5,2,5,6,7,11,0,3,7,11,4,2,4,4,3,2,5,6,10,8,10,4,5
11,6,9,4,5,11,7,7,0,2,11,0,5,4,11,9,7,0,3,8,0,0,8,4,3,3,8,4,5,7,6,3,5,11,7,3,9,7,11,0,2,5,6,7,4,0,11,10,6,5,11,4,7,7,5,8,8,3,2,7,0,2,6,3,4,3,5,10,5,6,9,11,4,3,6,11,5,8,5,4,7,9,11,4,7,5,0,6,7,5,4,8,5,5,0,4,10,5,8,0,6,11,6,0,8,5,7,11,2,11,11,6,0,0,7,0,3,6,11,0,5,8,0,11,8,6,8,6,3,6,7,8,0,2,4,8,0,5,3,5,5,4,3,6,7,11,9,11,5,6
0,7,10,5,6,0,8,8,2,3,0,2,6,5,0,10,8,2,4,9,2,2,9,5,4,4,9,5,6,8,7,4,6,0,8,4,10,8,0,2,3,6,7,8,5,2,0,11,7,6,0,5,8,8,6,9,9,4,3,8,2,3,7,4,5,4,6,11,6,7,10,0,5,4,7,0,6,9,6,5,8,10,0,5,8,6,2,7,8,6,5,9,6,6,2,5,11,6,9,2,7,0,7,2,9,6,8,0,3,0,0,7,2,2,8,2,4,7,0,2,6,9,2,0,9,7,9,7,4,7,8,9,2,3,5,9,2,6,4,6,6,5,4,7,8,0,10,0,6,7
2,8,11,6,7,2,9,9,3,4,2,3,7,6,2,11,9,3,5,10,3,3,10,6,5,5,10,6,7,9,8,5,7,2,9,5,11,9,2,3,4,7,8,9,6,3,2,0,8,7,2,6,9,9,7,10,10,5,4,9,3,4,8,5,6,5,7,0,7,8,11,2,6,5,8,2,7,10,7,6,9,11,2,6,9,7,3,8,9,7,6,10,7,7,3,6,0,7,10,3,8,2,8,3,10,7,9,2,4,2,2,8,3,3,9,3,5,8,2,3,7,10,3,2,10,8,10,8,5,8,9,10,3,4,6,10,3,7,5,7,7,6,5,8,9,2,11,2,7,8
3,9,0,7,8,3,10,10,4,5,3,4,8,7,3,0,10,4,6,11,4,4,11,7,6,6,11,7,8,10,9,6,8,3,10,6,0,10,3,4,5,8,9,10,7,4,3,2,9,8,3,7,10,10,8,11,11,6,5,10,4,5,9,6,7,6,8,2,8,9,0,3,7,6,9,3,8,11,8,7,10,0,3,7,10,8,4,9,10,8,7,11,8,8,4,7,2,8,11,4,9,3,9,4,11,8,10,3,5,3,3,9,4,4,10,4,6,9,3,4,8,11,4,3,11,9,11,9,6,9,10,11,4,5,7,11,4,8,6,8,8,7,6,9,10,3,0,3,8,9
4,10,2,8,9,4,11,11,5,6,4,5,9,8,4,2,11,5,7,0,5,5,0,8,7,7,0,8,9,11,10,7,9,4,11,7,2,11,4,5,6,9,10,11,8,5,4,3,10,9,4,8,11,11,9,0,0,7,6,11,5,6,10,7,8,7,9,3,9,10,2,4,8,7,10,4,9,0,9,8,11,2,4,8,11,9,5,10,11,9,8,0,9,9,5,8,3,9,0,5,10,4,10,5,0,9,11,4,6,4,4,10,5,5,11,5,7,10,4,5,9,0,5,4,0,10,0,10,7,10,11,0,5,6,8,0,5,9,7,9,9,8,7,10,11,4,2,4,9,10
5,11,3,9,10,5,0,0,6,7,5,6,10,9,5,3,0,6,8,2,6,6,2,9,8,8,2,9,10,0,11,8,10,5,0,8,3,0,5,6,7,10,11,0,9,6,5,4,11,10,5,9,0,0,10,2,2,8,7,0,6,7,11,8,9,8,10,4,10,11,3,5,9,8,11,5,10,2,10,9,0,3,5,9,0,10,6,11,0,10,9,2,10,10,6,9,4,10,2,6,11,5,11,6,2,10,0,5,7,5,5,11,6,6,0,6,8,11,5,6,10,2,6,5,2,11,2,11,8,11,0,2,6,7,9,2,6,10,8,10,10,9,8,11,0,5,3,5,10,11
6,0,4,10,11,6,2,2,7,8,6,7,11,10,6,4,2,7,9,3,7,7,3,10,9,9,3,10,11,2,0,9,11,6,2,9,4,2,6,7,8,11,0,2,10,7,6,5,0,11,6,10,2,2,11,3,3,9,8,2,7,8,0,9,10,9,11,5,11,0,4,6,10,9,0,6,11,3,11,10,2,4,6,10,2,11,7,0,2,11,10,3,11,11,7,10,5,11,3,7,0,6,0,7,3,11,2,6,8,6,6,0,7,7,2,7,9,0,6,7,11,3,7,6,3,0,3,0,9,0,2,3,7,8,10,3,7,11,9,11,11,10,9,0,2,6,4,6,11,0
7,2,5,11,0,7,3,3,8,9,7,8,0,11,7,5,3,8,10,4,8,8,4,11,10,10,4,11,0,3,2,10,0,7,3,10,5,3,7,8,9,0,2,3,11,8,7,6,2,0,7,11,3,3,0,4,4,10,9,3,8,9,2,10,11,10,0,6,0,2,5,7,11,10,2,7,0,4,0,11,3,5,7,11,3,0,8,2,3,0,11,4,0,0,8,11,6,0,4,8,2,7,2,8,4,0,3,7,9,7,7,2,8,8,3,8,10,2,7,8,0,4,8,7,4,2,4,2,10,2,3,4,8,9,11,4,8,0,10,0,0,11,10,2,3,7,5,7,0,2
8,3,6,0,2,8,4,4,9,10,8,9,2,0,8,6,4,9,11,5,9,9,5,0,11,11,5,0,2,4,3,11,2,8,4,11,6,4,8,9,10,2,3,4,0,9,8,7,3,2,8,0,4,4,2,5,5,11,10,4,9,10,3,11,0,11,2,7,2,3,6,8,0,11,3,8,2,5,2,0,4,6,8,0,4,2,9,3,4,2,0,5,2,2,9,0,7,2,5,9,3,8,3,9,5,2,4,8,10,8,8,3,9,9,4,9,11,3,8,9,2,5,9,8,5,3,5,3,11,3,4,5,9,10,0,5,9,2,11,2,2,0,11,3,4,8,6,8,2,3
9,4,7,2,3,9,5,5,10,11,9,10,3,2,9,7,5,10,0,6,10,10,6,2,0,0,6,2,3,5,4,0,3,9,5,0,7,5,9,10,11,3,4,5,2,10,9,8,4,3,9,2,5,5,3,6,6,0,11,5,10,11,4,0,2,0,3,8,3,4,7,9,2,0,4,9,3,6,3,2,5,7,9,2,5,3,10,4,5,3,2,6,3,3,10,2,8,3,6,10,4,9,4,10,6,3,5,9,11,9,9,4,10,10,5,10,0,4,9,10,3,6,10,9,6,4,6,4,0,4,5,6,10,11,2,6,10,3,0,3,3,2,0,4,5,9,7,9,3,4
10,5,8,3,4,10,6,6,11,0,10,11,4,3,10,8,6,11,2,7,11,11,7,3,2,2,7,3,4,6,5,2,4,10,6,2,8,6,10,11,0,4,5,6,3,11,10,9,5,4,10,3,6,6,4,7,7,2,0,6,11,0,5,2,3,2,4,9,4,5,8,10,3,2,5,10,4,7,4,3,6,8,10,3,6,4,11,5,6,4,3,7,4,4,11,3,9,4,7,11,5,10,5,11,7,4,6,10,0,10,10,5,11,11,6,11,2,5,10,11,4,7,11,10,7,5,7,5,2,5,6,7,11,0,3,7,11,4,2,4,4,3,2,5,6,10,8,10,4,5
11,6,9,4,5,11,7,7,0,2,11,0,5,4,11,9,7,0,3,8,0,0,8,4,3,3,8,4,5,7,6,3,5,11,7,3,9,7,11,0,2,5,6,7,4,0,11,10,6,5,11,4,7,7,5,8,8,3,2,7,0,2,6,3,4,3,5,10,5,6,9,11,4,3,6,11,5,8,5,4,7,9,11,4,7,5,0,6,7,5,4,8,5,5,0,4,10,5,8,0,6,11,6,0,8,5,7,11,2,11,11,6,0,0,7,0,3,6,11,0,5,8,0,11,8,6,8,6,3,6,7,8,0,2,4,8,0,5,3,5,5,4,3,6,7,11,9,11,5,6
0,7,10,5,6,0,8,8,2,3,0,2,6,5,0,10,8,2,4,9,2,2,9,5,4,4,9,5,6,8,7,4,6,0,8,4,10,8,0,2,3,6,7,8,5,2,0,11,7,6,0,5,8,8,6,9,9,4,3,8,2,3,7,4,5,4,6,11,6,7,10,0,5,4,7,0,6,9,6,5,8,10,0,5,8,6,2,7,8,6,5,9,6,6,2,5,11,6,9,2,7,0,7,2,9,6,8,0,3,0,0,7,2,2,8,2,4,7,0,2,6,9,2,0,9,7,9,7,4,7,8,9,2,3,5,9,2,6,4,6,6,5,4,7,8,0,10,0,6,7
2,8,11,6,7,2,9,9,3,4,2,3,7,6,2,11,9,3,5,10,3,3,10,6,5,5,10,6,7,9,8,5,7,2,9,5,11,9,2,3,4,7,8,9,6,3,2,0,8,7,2,6,9,9,7,10,10,5,4,9,3,4,8,5,6,5,7,0,7,8,11,2,6,5,8,2,7,10,7,6,9,11,2,6,9,7,3,8,9,7,6,10,7,7,3,6,0,7,10,3,8,2,8,3,10,7,9,2,4,2,2,8,3,3,9,3,5,8,2,3,7,10,3,2,10,8,10,8,5,8,9,10,3,4,6,10,3,7,5,7,7,6,5,8,9,2,11,2,7,8
3,9,0,7,8,3,10,10,4,5,3,4,8,7,3,0,10,4,6,11,4,4,11,7,6,6,11,7,8,10,9,6,8,3,10,6,0,10,3,4,5,8,9,10,7,4,3,2,9,8,3,7,10,10,8,11,11,6,5,10,4,5,9,6,7,6,8,2,8,9,0,3,7,6,9,3,8,11,8,7,10,0,3,7,10,8,4,9,10,8,7,11,8,8,4,7,2,8,11,4,9,3,9,4,11,8,10,3,5,3,3,9,4,4,10,4,6,9,3,4,8,11,4,3,11,9,11,9,6,9,10,11,4,5,7,11,4,8,6,8,8,7,6,9,10,3,0,3,8,9
4,10,2,8,9,4,11,11,5,6,4,5,9,8,4,2,11,5,7,0,5,5,0,8,7,7,0,8,9,11,10,7,9,4,11,7,2,11,4,5,6,9,10,11,8,5,4,3,10,9,4,8,11,11,9,0,0,7,6,11,5,6,10,7,8,7,9,3,9,10,2,4,8,7,10,4,9,0,9,8,11,2,4,8,11,9,5,10,11,9,8,0,9,9,5,8,3,9,0,5,10,4,10,5,0,9,11,4,6,4,4,10,5,5,11,5,7,10,4,5,9,0,5,4,0,10,0,10,7,10,11,0,5,6,8,0,5,9,7,9,9,8,7,10,11,4,2,4,9,10
5,11,3,9,10,5,0,0,6,7,5,6,10,9,5,3,0,6,8,2,6,6,2,9,8,8,2,9,10,0,11,8,10,5,0,8,3,0,5,6,7,10,11,0,9,6,5,4,11,10,5,9,0,0,10,2,2,8,7,0,6,7,11,8,9,8,10,4,10,11,3,5,9,8,11,5,10,2,10,9,0,3,5,9,0,10,6,11,0,10,9,2,10,10,6,9,4,10,2,6,11,5,11,6,2,10,0,5,7,5,5,11,6,6,0,6,8,11,5,6,10,2,6,5,2,11,2,11,8,11,0,2,6,7,9,2,6,10,8,10,10,9,8,11,0,5,3,5,10,11
6,0,4,10,11,6,2,2,7,8,6,7,11,10,6,4,2,7,9,3,7,7,3,10,9,9,3,10,11,2,0,9,11,6,2,9,4,2,6,7,8,11,0,2,10,7,6,5,0,11,6,10,2,2,11,3,3,9,8,2,7,8,0,9,10,9,11,5,11,0,4,6,10,9,0,6,11,3,11,10,2,4,6,10,2,11,7,0,2,11,10,3,11,11,7,10,5,11,3,7,0,6,0,7,3,11,2,6,8,6,6,0,7,7,2,7,9,0,6,7,11,3,7,6,3,0,3,0,9,0,2,3,7,8,10,3,7,11,9,11,11,10,9,0,2,6,4,6,11,0
7,2,5,11,0,7,3,3,8,9,7,8,0,11,7,5,3,8,10,4,8,8,4,11,10,10,4,11,0,3,2,10,0,7,3,10,5,3,7,8,9,0,2,3,11,8,7,6,2,0,7,11,3,3,0,4,4,10,9,3,8,9,2,10,11,10,0,6,0,2,5,7,11,10,2,7,0,4,0,11,3,5,7,11,3,0,8,2,3,0,11,4,0,0,8,11,6,0,4,8,2,7,2,8,4,0,3,7,9,7,7,2,8,8,3,8,10,2,7,8,0,4,8,7,4,2,4,2,10,2,3,4,8,9,11,4,8,0,10,0,0,11,10,2,3,7,5,7,0,2
8,3,6,0,2,8,4,4,9,10,8,9,2,0,8,6,4,9,11,5,9,9,5,0,11,11,5,0,2,4,3,11,2,8,4,11,6,4,8,9,10,2,3,4,0,9,8,7,3,2,8,0,4,4,2,5,5,11,10,4,9,10,3,11,0,11,2,7,2,3,6,8,0,11,3,8,2,5,2,0,4,6,8,0,4,2,9,3,4,2,0,5,2,2,9,0,7,2,5,9,3,8,3,9,5,2,4,8,10,8,8,3,9,9,4,9,11,3,8,9,2,5,9,8,5,3,5,3,11,3,4,5,9,10,0,5,9,2,11,2,2,0,11,3,4,8,6,8,2,3
9,4,7,2,3,9,5,5,10,11,9,10,3,2,9,7,5,10,0,6,10,10,6,2,0,0,6,2,3,5,4,0,3,9,5,0,7,5,9,10,11,3,4,5,2,10,9,8,4,3,9,2,5,5,3,6,6,0,11,5,10,11,4,0,2,0,3,8,3,4,7,9,2,0,4,9,3,6,3,2,5,7,9,2,5,3,10,4,5,3,2,6,3,3,10,2,8,3,6,10,4,9,4,10,6,3,5,9,11,9,9,4,10,10,5,10,0,4,9,10,3,6,10,9,6,4,6,4,0,4,5,6,10,11,2,6,10,3,0,3,3,2,0,4,5,9,7,9,3,4
10,5,8,3,4,10,6,6,11,0,10,11,4,3,10,8,6,11,2,7,11,11,7,3,2,2,7,3,4,6,5,2,4,10,6,2,8,6,10,11,0,4,5,6,3,11,10,9,5,4,10,3,6,6,4,7,7,2,0,6,11,0,5,2,3,2,4,9,4,5,8,10,3,2,5,10,4,7,4,3,6,8,10,3,6,4,11,5,6,4,3,7,4,4,11,3,9,4,7,11,5,10,5,11,7,4,6,10,0,10,10,5,11,11,6,11,2,5,10,11,4,7,11,10,7,5,7,5,2,5,6,7,11,0,3,7,11,4,2,4,4,3,2,5,6,10,8,10,4,5
11,6,9,4,5,11,7,7,0,2,11,0,5,4,11,9,7,0,3,8,0,0,8,4,3,3,8,4,5,7,6,3,5,11,7,3,9,7,11,0,2,5,6,7,4,0,11,10,6,5,11,4,7,7,5,8,8,3,2,7,0,2,6,3,4,3,5,10,5,6,9,11,4,3,6,11,5,8,5,4,7,9,11,4,7,5,0,6,7,5,4,8,5,5,0,4,10,5,8,0,6,11,6,0,8,5,7,11,2,11,11,6,0,0,7,0,3,6,11,0,5,8,0,11,8,6,8,6,3,6,7,8,0,2,4,8,0,5,3,5,5,4,3,6,7,11,9,11,5,6
0,7,10,5,6,0,8,8,2,3,0,2,6,5,0,10,8,2,4,9,2,2,9,5,4,4,9,5,6,8,7,4,6,0,8,4,10,8,0,2,3,6,7,8,5,2,0,11,7,6,0,5,8,8,6,9,9,4,3,8,2,3,7,4,5,4,6,11,6,7,10,0,5,4,7,0,6,9,6,5,8,10,0,5,8,6,2,7,8,6,5,9,6,6,2,5,11,6,9,2,7,0,7,2,9,6,8,0,3,0,0,7,2,2,8,2,4,7,0,2,6,9,2,0,9,7,9,7,4,7,8,9,2,3,5,9,2,6,4,6,6,5,4,7,8,0,10,0,6,7
2,8,11,6,7,2,9,9,3,4,2,3,7,6,2,11,9,3,5,10,3,3,10,6,5,5,10,6,7,9,8,5,7,2,9,5,11,9,2,3,4,7,8,9,6,3,2,0,8,7,2,6,9,9,7,10,10,5,4,9,3,4,8,5,6,5,7,0,7,8,11,2,6,5,8,2,7,10,7,6,9,11,2,6,9,7,3,8,9,7,6,10,7,7,3,6,0,7,10,3,8,2,8,3,10,7,9,2,4,2,2,8,3,3,9,3,5,8,2,3,7,10,3,2,10,8,10,8,5,8,9,10,3,4,6,10,3,7,5,7,7,6,5,8,9,2,11,2,7,8
3,9,0,7,8,3,10,10,4,5,3,4,8,7,3,0,10,4,6,11,4,4,11,7,6,6,11,7,8,10,9,6,8,3,10,6,0,10,3,4,5,8,9,10,7,4,3,2,9,8,3,7,10,10,8,11,11,6,5,10,4,5,9,6,7,6,8,2,8,9,0,3,7,6,9,3,8,11,8,7,10,0,3,7,10,8,4,9,10,8,7,11,8,8,4,7,2,8,11,4,9,3,9,4,11,8,10,3,5,3,3,9,4,4,10,4,6,9,3,4,8,11,4,3,11,9,11,9,6,9,10,11,4,5,7,11,4,8,6,8,8,7,6,9,10,3,0,3,8,9
4,10,2,8,9,4,11,11,5,6,4,5,9,8,4,2,11,5,7,0,5,5,0,8,7,7,0,8,9,11,10,7,9,4,11,7,2,11,4,5,6,9,10,11,8,5,4,3,10,9,4,8,11,11,9,0,0,7,6,11,5,6,10,7,8,7,9,3,9,10,2,4,8,7,10,4,9,0,9,8,11,2,4,8,11,9,5,10,11,9,8,0,9,9,5,8,3,9,0,5,10,4,10,5,0,9,11,4,6,4,4,10,5,5,11,5,7,10,4,5,9,0,5,4,0,10,0,10,7,10,11,0,5,6,8,0,5,9,7,9,9,8,7,10,11,4,2,4,9,10
5,11,3,9,10,5,0,0,6,7,5,6,10,9,5,3,0,6,8,2,6,6,2,9,8,8,2,9,10,0,11,8,10,5,0,8,3,0,5,6,7,10,11,0,9,6,5,4,11,10,5,9,0,0,10,2,2,8,7,0,6,7,11,8,9,8,10,4,10,11,3,5,9,8,11,5,10,2,10,9,0,3,5,9,0,10,6,11,0,10,9,2,10,10,6,9,4,10,2,6,11,5,11,6,2,10,0,5,7,5,5,11,6,6,0,6,8,11,5,6,10,2,6,5,2,11,2,11,8,11,0,2,6,7,9,2,6,10,8,10,10,9,8,11,0,5,3,5,10,11
6,0,4,10,11,6,2,2,7,8,6,7,11,10,6,4,2,7,9,3,7,7,3,10,9,9,3,10,11,2,0,9,11,6,2,9,4,2,6,7,8,11,0,2,10,7,6,5,0,11,6,10,2,2,11,3,3,9,8,2,7,8,0,9,10,9,11,5,11,0,4,6,10,9,0,6,11,3,11,10,2,4,6,10,2,11,7,0,2,11,10,3,11,11,7,10,5,11,3,7,0,6,0,7,3,11,2,6,8,6,6,0,7,7,2,7,9,0,6,7,11,3,7,6,3,0,3,0,9,0,2,3,7,8,10,3,7,11,9,11,11,10,9,0,2,6,4,6,11,0
7,2,5,11,0,7,3,3,8,9,7,8,0,11,7,5,3,8,10,4,8,8,4,11,10,10,4,11,0,3,2,10,0,7,3,10,5,3,7,8,9,0,2,3,11,8,7,6,2,0,7,11,3,3,0,4,4,10,9,3,8,9,2,10,11,10,0,6,0,2,5,7,11,10,2,7,0,4,0,11,3,5,7,11,3,0,8,2,3,0,11,4,0,0,8,11,6,0,4,8,2,7,2,8,4,0,3,7,9,7,7,2,8,8,3,8,10,2,7,8,0,4,8,7,4,2,4,2,10,2,3,4,8,9,11,4,8,0,10,0,0,11,10,2,3,7,5,7,0,2
8,3,6,0,2,8,4,4,9,10,8,9,2,0,8,6,4,9,11,5,9,9,5,0,11,11,5,0,2,4,3,11,2,8,4,11,6,4,8,9,10,2,3,4,0,9,8,7,3,2,8,0,4,4,2,5,5,11,10,4,9,10,3,11,0,11,2,7,2,3,6,8,0,11,3,8,2,5,2,0,4,6,8,0,4,2,9,3,4,2,0,5,2,2,9,0,7,2,5,9,3,8,3,9,5,2,4,8,10,8,8,3,9,9,4,9,11,3,8,9,2,5,9,8,5,3,5,3,11,3,4,5,9,10,0,5,9,2,11,2,2,0,11,3,4,8,6,8,2,3
9,4,7,2,3,9,5,5,10,11,9,10,3,2,9,7,5,10,0,6,10,10,6,2,0,0,6,2,3,5,4,0,3,9,5,0,7,5,9,10,11,3,4,5,2,10,9,8,4,3,9,2,5,5,3,6,6,0,11,5,10,11,4,0,2,0,3,8,3,4,7,9,2,0,4,9,3,6,3,2,5,7,9,2,5,3,10,4,5,3,2,6,3,3,10,2,8,3,6,10,4,9,4,10,6,3,5,9,11,9,9,4,10,10,5,10,0,4,9,10,3,6,10,9,6,4,6,4,0,4,5,6,10,11,2,6,10,3,0,3,3,2,0,4,5,9,7,9,3,4
10,5,8,3,4,10,6,6,11,0,10,11,4,3,10,8,6,11,2,7,11,11,7,3,2,2,7,3,4,6,5,2,4,10,6,2,8,6,10,11,0,4,5,6,3,11,10,9,5,4,10,3,6,6,4,7,7,2,0,6,11,0,5,2,3,2,4,9,4,5,8,10,3,2,5,10,4,7,4,3,6,8,10,3,6,4,11,5,6,4,3,7,4,4,11,3,9,4,7,11,5,10,5,11,7,4,6,10,0,10,10,5,11,11,6,11,2,5,10,11,4,7,11,10,7,5,7,5,2,5,6,7,11,0,3,7,11,4,2,4,4,3,2,5,6,10,8,10,4,5
11,6,9,4,5,11,7,7,0,2,11,0,5,4,11,9,7,0,3,8,0,0,8,4,3,3,8,4,5,7,6,3,5,11,7,3,9,7,11,0,2,5,6,7,4,0,11,10,6,5,11,4,7,7,5,8,8,3,2,7,0,2,6,3,4,3,5,10,5,6,9,11,4,3,6,11,5,8,5,4,7,9,11,4,7,5,0,6,7,5,4,8,5,5,0,4,10,5,8,0,6,11,6,0,8,5,7,11,2,11,11,6,0,0,7,0,3,6,11,0,5,8,0,11,8,6,8,6,3,6,7,8,0,2,4,8,0,5,3,5,5,4,3,6,7,11,9,11,5,6
0,7,10,5,6,0,8,8,2,3,0,2,6,5,0,10,8,2,4,9,2,2,9,5,4,4,9,5,6,8,7,4,6,0,8,4,10,8,0,2,3,6,7,8,5,2,0,11,7,6,0,5,8,8,6,9,9,4,3,8,2,3,7,4,5,4,6,11,6,7,10,0,5,4,7,0,6,9,6,5,8,10,0,5,8,6,2,7,8,6,5,9,6,6,2,5,11,6,9,2,7,0,7,2,9,6,8,0,3,0,0,7,2,2,8,2,4,7,0,2,6,9,2,0,9,7,9,7,4,7,8,9,2,3,5,9,2,6,4,6,6,5,4,7,8,0,10,0,6,7
2,8,11,6,7,2,9,9,3,4,2,3,7,6,2,11,9,3,5,10,3,3,10,6,5,5,10,6,7,9,8,5,7,2,9,5,11,9,2,3,4,7,8,9,6,3,2,0,8,7,2,6,9,9,7,10,10,5,4,9,3,4,8,5,6,5,7,0,7,8,11,2,6,5,8,2,7,10,7,6,9,11,2,6,9,7,3,8,9,7,6,10,7,7,3,6,0,7,10,3,8,2,8,3,10,7,9,2,4,2,2,8,3,3,9,3,5,8,2,3,7,10,3,2,10,8,10,8,5,8,9,10,3,4,6,10,3,7,5,7,7,6,5,8,9,2,11,2,7,8
3,9,0,7,8,3,10,10,4,5,3,4,8,7,3,0,10,4,6,11,4,4,11,7,6,6,11,7,8,10,9,6,8,3,10,6,0,10,3,4,5,8,9,10,7,4,3,2,9,8,3,7,10,10,8,11,11,6,5,10,4,5,9,6,7,6,8,2,8,9,0,3,7,6,9,3,8,11,8,7,10,0,3,7,10,8,4,9,10,8,7,11,8,8,4,7,2,8,11,4,9,3,9,4,11,8,10,3,5,3,3,9,4,4,10,4,6,9,3,4,8,11,4,3,11,9,11,9,6,9,10,11,4,5,7,11,4,8,6,8,8,7,6,9,10,3,0,3,8,9
4,10,2,8,9,4,11,11,5,6,4,5,9,8,4,2,11,5,7,0,5,5,0,8,7,7,0,8,9,11,10,7,9,4,11,7,2,11,4,5,6,9,10,11,8,5,4,3,10,9,4,8,11,11,9,0,0,7,6,11,5,6,10,7,8,7,9,3,9,10,2,4,8,7,10,4,9,0,9,8,11,2,4,8,11,9,5,10,11,9,8,0,9,9,5,8,3,9,0,5,10,4,10,5,0,9,11,4,6,4,4,10,5,5,11,5,7,10,4,5,9,0,5,4,0,10,0,10,7,10,11,0,5,6,8,0,5,9,7,9,9,8,7,10,11,4,2,4,9,10
5,11,3,9,10,5,0,0,6,7,5,6,10,9,5,3,0,6,8,2,6,6,2,9,8,8,2,9,10,0,11,8,10,5,0,8,3,0,5,6,7,10,11,0,9,6,5,4,11,10,5,9,0,0,10,2,2,8,7,0,6,7,11,8,9,8,10,4,10,11,3,5,9,8,11,5,10,2,10,9,0,3,5,9,0,10,6,11,0,10,9,2,10,10,6,9,4,10,2,6,11,5,11,6,2,10,0,5,7,5,5,11,6,6,0,6,8,11,5,6,10,2,6,5,2,11,2,11,8,11,0,2,6,7,9,2,6,10,8,10,10,9,8,11,0,5,3,5,10,11
6,0,4,10,11,6,2,2,7,8,6,7,11,10,6,4,2,7,9,3,7,7,3,10,9,9,3,10,11,2,0,9,11,6,2,9,4,2,6,7,8,11,0,2,10,7,6,5,0,11,6,10,2,2,11,3,3,9,8,2,7,8,0,9,10,9,11,5,11,0,4,6,10,9,0,6,11,3,11,10,2,4,6,10,2,11,7,0,2,11,10,3,11,11,7,10,5,11,3,7,0,6,0,7,3,11,2,6,8,6,6,0,7,7,2,7,9,0,6,7,11,3,7,6,3,0,3,0,9,0,2,3,7,8,10,3,7,11,9,11,11,10,9,0,2,6,4,6,11,0
7,2,5,11,0,7,3,3,8,9,7,8,0,11,7,5,3,8,10,4,8,8,4,11,10,10,4,11,0,3,2,10,0,7,3,10,5,3,7,8,9,0,2,3,11,8,7,6,2,0,7,11,3,3,0,4,4,10,9,3,8,9,2,10,11,10,0,6,0,2,5,7,11,10,2,7,0,4,0,11,3,5,7,11,3,0,8,2,3,0,11,4,0,0,8,11,6,0,4,8,2,7,2,8,4,0,3,7,9,7,7,2,8,8,3,8,10,2,7,8,0,4,8,7,4,2,4,2,10,2,3,4,8,9,11,4,8,0,10,0,0,11,10,2,3,7,5,7,0,2
8,3,6,0,2,8,4,4,9,10,8,9,2,0,8,6,4,9,11,5,9,9,5,0,11,11,5,0,2,4,3,11,2,8,4,11,6,4,8,9,10,2,3,4,0,9,8,7,3,2,8,0,4,4,2,5,5,11,10,4,9,10,3,11,0,11,2,7,2,3,6,8,0,11,3,8,2,5,2,0,4,6,8,0,4,2,9,3,4,2,0,5,2,2,9,0,7,2,5,9,3,8,3,9,5,2,4,8,10,8,8,3,9,9,4,9,11,3,8,9,2,5,9,8,5,3,5,3,11,3,4,5,9,10,0,5,9,2,11,2,2,0,11,3,4,8,6,8,2,3
9,4,7,2,3,9,5,5,10,11,9,10,3,2,9,7,5,10,0,6,10,10,6,2,0,0,6,2,3,5,4,0,3,9,5,0,7,5,9,10,11,3,4,5,2,10,9,8,4,3,9,2,5,5,3,6,6,0,11,5,10,11,4,0,2,0,3,8,3,4,7,9,2,0,4,9,3,6,3,2,5,7,9,2,5,3,10,4,5,3,2,6,3,3,10,2,8,3,6,10,4,9,4,10,6,3,5,9,11,9,9,4,10,10,5,10,0,4,9,10,3,6,10,9,6,4,6,4,0,4,5,6,10,11,2,6,10,3,0,3,3,2,0,4,5,9,7,9,3,4
10,5,8,3,4,10,6,6,11,0,10,11,4,3,10,8,6,11,2,7,11,11,7,3,2,2,7,3,4,6,5,2,4,10,6,2,8,6,10,11,0,4,5,6,3,11,10,9,5,4,10,3,6,6,4,7,7,2,0,6,11,0,5,2,3,2,4,9,4,5,8,10,3,2,5,10,4,7,4,3,6,8,10,3,6,4,11,5,6,4,3,7,4,4,11,3,9,4,7,11,5,10,5,11,7,4,6,10,0,10,10,5,11,11,6,11,2,5,10,11,4,7,11,10,7,5,7,5,2,5,6,7,11,0,3,7,11,4,2,4,4,3,2,5,6,10,8,10,4,5
11,6,9,4,5,11,7,7,0,2,11,0,5,4,11,9,7,0,3,8,0,0,8,4,3,3,8,4,5,7,6,3,5,11,7,3,9,7,11,0,2,5,6,7,4,0,11,10,6,5,11,4,7,7,5,8,8,3,2,7,0,2,6,3,4,3,5,10,5,6,9,11,4,3,6,11,5,8,5,4,7,9,11,4,7,5,0,6,7,5,4,8,5,5,0,4,10,5,8,0,6,11,6,0,8,5,7,11,2,11,11,6,0,0,7,0,3,6,11,0,5,8,0,11,8,6,8,6,3,6,7,8,0,2,4,8,0,5,3,5,5,4,3,6,7,11,9,11,5,6
0,7,10,5,6,0,8,8,2,3,0,2,6,5,0,10,8,2,4,9,2,2,9,5,4,4,9,5,6,8,7,4,6,0,8,4,10,8,0,2,3,6,7,8,5,2,0,11,7,6,0,5,8,8,6,9,9,4,3,8,2,3,7,4,5,4,6,11,6,7,10,0,5,4,7,0,6,9,6,5,8,10,0,5,8,6,2,7,8,6,5,9,6,6,2,5,11,6,9,2,7,0,7,2,9,6,8,0,3,0,0,7,2,2,8,2,4,7,0,2,6,9,2,0,9,7,9,7,4,7,8,9,2,3,5,9,2,6,4,6,6,5,4,7,8,0,10,0,6,7
2,8,11,6,7,2,9,9,3,4,2,3,7,6,2,11,9,3,5,10,3,3,10,6,5,5,10,6,7,9,8,5,7,2,9,5,11,9,2,3,4,7,8,9,6,3,2,0,8,7,2,6,9,9,7,10,10,5,4,9,3,4,8,5,6,5,7,0,7,8,11,2,6,5,8,2,7,10,7,6,9,11,2,6,9,7,3,8,9,7,6,10,7,7,3,6,0,7,10,3,8,2,8,3,10,7,9,2,4,2,2,8,3,3,9,3,5,8,2,3,7,10,3,2,10,8,10,8,5,8,9,10,3,4,6,10,3,7,5,7,7,6,5,8,9,2,11,2,7,8
3,9,0,7,8,3,10,10,4,5,3,4,8,7,3,0,10,4,6,11,4,4,11,7,6,6,11,7,8,10,9,6,8,3,10,6,0,10,3,4,5,8,9,10,7,4,3,2,9,8,3,7,10,10,8,11,11,6,5,10,4,5,9,6,7,6,8,2,8,9,0,3,7,6,9,3,8,11,8,7,10,0,3,7,10,8,4,9,10,8,7,11,8,8,4,7,2,8,11,4,9,3,9,4,11,8,10,3,5,3,3,9,4,4,10,4,6,9,3,4,8,11,4,3,11,9,11,9,6,9,10,11,4,5,7,11,4,8,6,8,8,7,6,9,10,3,0,3,8,9
4,10,2,8,9,4,11,11,5,6,4,5,9,8,4,2,11,5,7,0,5,5,0,8,7,7,0,8,9,11,10,7,9,4,11,7,2,11,4,5,6,9,10,11,8,5,4,3,10,9,4,8,11,11,9,0,0,7,6,11,5,6,10,7,8,7,9,3,9,10,2,4,8,7,10,4,9,0,9,8,11,2,4,8,11,9,5,10,11,9,8,0,9,9,5,8,3,9,0,5,10,4,10,5,0,9,11,4,6,4,4,10,5,5,11,5,7,10,4,5,9,0,5,4,0,10,0,10,7,10,11,0,5,6,8,0,5,9,7,9,9,8,7,10,11,4,2,4,9,10
5,11,3,9,10,5,0,0,6,7,5,6,10,9,5,3,0,6,8,2,6,6,2,9,8,8,2,9,10,0,11,8,10,5,0,8,3,0,5,6,7,10,11,0,9,6,5,4,11,10,5,9,0,0,10,2,2,8,7,0,6,7,11,8,9,8,10,4,10,11,3,5,9,8,11,5,10,2,10,9,0,3,5,9,0,10,6,11,0,10,9,2,10,10,6,9,4,10,2,6,11,5,11,6,2,10,0,5,7,5,5,11,6,6,0,6,8,11,5,6,10,2,6,5,2,11,2,11,8,11,0,2,6,7,9,2,6,10,8,10,10,9,8,11,0,5,3,5,10,11
6,0,4,10,11,6,2,2,7,8,6,7,11,10,6,4,2,7,9,3,7,7,3,10,9,9,3,10,11,2,0,9,11,6,2,9,4,2,6,7,8,11,0,2,10,7,6,5,0,11,6,10,2,2,11,3,3,9,8,2,7,8,0,9,10,9,11,5,11,0,4,6,10,9,0,6,11,3,11,10,2,4,6,10,2,11,7,0,2,11,10,3,11,11,7,10,5,11,3,7,0,6,0,7,3,11,2,6,8,6,6,0,7,7,2,7,9,0,6,7,11,3,7,6,3,0,3,0,9,0,2,3,7,8,10,3,7,11,9,11,11,10,9,0,2,6,4,6,11,0
7,2,5,11,0,7,3,3,8,9,7,8,0,11,7,5,3,8,10,4,8,8,4,11,10,10,4,11,0,3,2,10,0,7,3,10,5,3,7,8,9,0,2,3,11,8,7,6,2,0,7,11,3,3,0,4,4,10,9,3,8,9,2,10,11,10,0,6,0,2,5,7,11,10,2,7,0,4,0,11,3,5,7,11,3,0,8,2,3,0,11,4,0,0,8,11,6,0,4,8,2,7,2,8,4,0,3,7,9,7,7,2,8,8,3,8,10,2,7,8,0,4,8,7,4,2,4,2,10,2,3,4,8,9,11,4,8,0,10,0,0,11,10,2,3,7,5,7,0,2
8,3,6,0,2,8,4,4,9,10,8,9,2,0,8,6,4,9,11,5,9,9,5,0,11,11,5,0,2,4,3,11,2,8,4,11,6,4,8,9,10,2,3,4,0,9,8,7,3,2,8,0,4,4,2,5,5,11,10,4,9,10,3,11,0,11,2,7,2,3,6,8,0,11,3,8,2,5,2,0,4,6,8,0,4,2,9,3,4,2,0,5,2,2,9,0,7,2,5,9,3,8,3,9,5,2,4,8,10,8,8,3,9,9,4,9,11,3,8,9,2,5,9,8,5,3,5,3,11,3,4,5,9,10,0,5,9,2,11,2,2,0,11,3,4,8,6,8,2,3
9,4,7,2,3,9,5,5,10,11,9,10,3,2,9,7,5,10,0,6,10,10,6,2,0,0,6,2,3,5,4,0,3,9,5,0,7,5,9,10,11,3,4,5,2,10,9,8,4,3,9,2,5,5,3,6,6,0,11,5,10,11,4,0,2,0,3,8,3,4,7,9,2,0,4,9,3,6,3,2,5,7,9,2,5,3,10,4,5,3,2,6,3,3,10,2,8,3,6,10,4,9,4,10,6,3,5,9,11,9,9,4,10,10,5,10,0,4,9,10,3,6,10,9,6,4,6,4,0,4,5,6,10,11,2,6,10,3,0,3,3,2,0,4,5,9,7,9,3,4
10,5,8,3,4,10,6,6,11,0,10,11,4,3,10,8,6,11,2,7,11,11,7,3,2,2,7,3,4,6,5,2,4,10,6,2,8,6,10,11,0,4,5,6,3,11,10,9,5,4,10,3,6,6,4,7,7,2,0,6,11,0,5,2,3,2,4,9,4,5,8,10,3,2,5,10,4,7,4,3,6,8,10,3,6,4,11,5,6,4,3,7,4,4,11,3,9,4,7,11,5,10,5,11,7,4,6,10,0,10,10,5,11,11,6,11,2,5,10,11,4,7,11,10,7,5,7,5,2,5,6,7,11,0,3,7,11,4,2,4,4,3,2,5,6,10,8,10,4,5
11,6,9,4,5,11,7,7,0,2,11,0,5,4,11,9,7,0,3,8,0,0,8,4,3,3,8,4,5,7,6,3,5,11,7,3,9,7,11,0,2,5,6,7,4,0,11,10,6,5,11,4,7,7,5,8,8,3,2,7,0,2,6,3,4,3,5,10,5,6,9,11,4,3,6,11,5,8,5,4,7,9,11,4,7,5,0,6,7,5,4,8,5,5,0,4,10,5,8,0,6,11,6,0,8,5,7,11,2,11,11,6,0,0,7,0,3,6,11,0,5,8,0,11,8,6,8,6,3,6,7,8,0,2,4,8,0,5,3,5,5,4,3,6,7,11,9,11,5,6
0,7,10,5,6,0,8,8,2,3,0,2,6,5,0,10,8,2,4,9,2,2,9,5,4,4,9,5,6,8,7,4,6,0,8,4,10,8,0,2,3,6,7,8,5,2,0,11,7,6,0,5,8,8,6,9,9,4,3,8,2,3,7,4,5,4,6,11,6,7,10,0,5,4,7,0,6,9,6,5,8,10,0,5,8,6,2,7,8,6,5,9,6,6,2,5,11,6,9,2,7,0,7,2,9,6,8,0,3,0,0,7,2,2,8,2,4,7,0,2,6,9,2,0,9,7,9,7,4,7,8,9,2,3,5,9,2,6,4,6,6,5,4,7,8,0,10,0,6,7
2,8,11,6,7,2,9,9,3,4,2,3,7,6,2,11,9,3,5,10,3,3,10,6,5,5,10,6,7,9,8,5,7,2,9,5,11,9,2,3,4,7,8,9,6,3,2,0,8,7,2,6,9,9,7,10,10,5,4,9,3,4,8,5,6,5,7,0,7,8,11,2,6,5,8,2,7,10,7,6,9,11,2,6,9,7,3,8,9,7,6,10,7,7,3,6,0,7,10,3,8,2,8,3,10,7,9,2,4,2,2,8,3,3,9,3,5,8,2,3,7,10,3,2,10,8,10,8,5,8,9,10,3,4,6,10,3,7,5,7,7,6,5,8,9,2,11,2,7,8
3,9,0,7,8,3,10,10,4,5,3,4,8,7,3,0,10,4,6,11,4,4,11,7,6,6,11,7,8,10,9,6,8,3,10,6,0,10,3,4,5,8,9,10,7,4,3,2,9,8,3,7,10,10,8,11,11,6,5,10,4,5,9,6,7,6,8,2,8,9,0,3,7,6,9,3,8,11,8,7,10,0,3,7,10,8,4,9,10,8,7,11,8,8,4,7,2,8,11,4,9,3,9,4,11,8,10,3,5,3,3,9,4,4,10,4,6,9,3,4,8,11,4,3,11,9,11,9,6,9,10,11,4,5,7,11,4,8,6,8,8,7,6,9,10,3,0,3,8,9
4,10,2,8,9,4,11,11,5,6,4,5,9,8,4,2,11,5,7,0,5,5,0,8,7,7,0,8,9,11,10,7,9,4,11,7,2,11,4,5,6,9,10,11,8,5,4,3,10,9,4,8,11,11,9,0,0,7,6,11,5,6,10,7,8,7,9,3,9,10,2,4,8,7,10,4,9,0,9,8,11,2,4,8,11,9,5,10,11,9,8,0,9,9,5,8,3,9,0,5,10,4,10,5,0,9,11,4,6,4,4,10,5,5,11,5,7,10,4,5,9,0,5,4,0,10,0,10,7,10,11,0,5,6,8,0,5,9,7,9,9,8,7,10,11,4,2,4,9,10
5,11,3,9,10,5,0,0,6,7,5,6,10,9,5,3,0,6,8,2,6,6,2,9,8,8,2,9,10,0,11,8,10,5,0,8,3,0,5,6,7,10,11,0,9,6,5,4,11,10,5,9,0,0,10,2,2,8,7,0,6,7,11,8,9,8,10,4,10,11,3,5,9,8,11,5,10,2,10,9,0,3,5,9,0,10,6,11,0,10,9,2,10,10,6,9,4,10,2,6,11,5,11,6,2,10,0,5,7,5,5,11,6,6,0,6,8,11,5,6,10,2,6,5,2,11,2,11,8,11,0,2,6,7,9,2,6,10,8,10,10,9,8,11,0,5,3,5,10,11
6,0,4,10,11,6,2,2,7,8,6,7,11,10,6,4,2,7,9,3,7,7,3,10,9,9,3,10,11,2,0,9,11,6,2,9,4,2,6,7,8,11,0,2,10,7,6,5,0,11,6,10,2,2,11,3,3,9,8,2,7,8,0,9,10,9,11,5,11,0,4,6,10,9,0,6,11,3,11,10,2,4,6,10,2,11,7,0,2,11,10,3,11,11,7,10,5,11,3,7,0,6,0,7,3,11,2,6,8,6,6,0,7,7,2,7,9,0,6,7,11,3,7,6,3,0,3,0,9,0,2,3,7,8,10,3,7,11,9,11,11,10,9,0,2,6,4,6,11,0
7,2,5,11,0,7,3,3,8,9,7,8,0,11,7,5,3,8,10,4,8,8,4,11,10,10,4,11,0,3,2,10,0,7,3,10,5,3,7,8,9,0,2,3,11,8,7,6,2,0,7,11,3,3,0,4,4,10,9,3,8,9,2,10,11,10,0,6,0,2,5,7,11,10,2,7,0,4,0,11,3,5,7,11,3,0,8,2,3,0,11,4,0,0,8,11,6,0,4,8,2,7,2,8,4,0,3,7,9,7,7,2,8,8,3,8,10,2,7,8,0,4,8,7,4,2,4,2,10,2,3,4,8,9,11,4,8,0,10,0,0,11,10,2,3,7,5,7,0,2
8,3,6,0,2,8,4,4,9,10,8,9,2,0,8,6,4,9,11,5,9,9,5,0,11,11,5,0,2,4,3,11,2,8,4,11,6,4,8,9,10,2,3,4,0,9,8,7,3,2,8,0,4,4,2,5,5,11,10,4,9,10,3,11,0,11,2,7,2,3,6,8,0,11,3,8,2,5,2,0,4,6,8,0,4,2,9,3,4,2,0,5,2,2,9,0,7,2,5,9,3,8,3,9,5,2,4,8,10,8,8,3,9,9,4,9,11,3,8,9,2,5,9,8,5,3,5,3,11,3,4,5,9,10,0,5,9,2,11,2,2,0,11,3,4,8,6,8,2,3
9,4,7,2,3,9,5,5,10,11,9,10,3,2,9,7,5,10,0,6,10,10,6,2,0,0,6,2,3,5,4,0,3,9,5,0,7,5,9,10,11,3,4,5,2,10,9,8,4,3,9,2,5,5,3,6,6,0,11,5,10,11,4,0,2,0,3,8,3,4,7,9,2,0,4,9,3,6,3,2,5,7,9,2,5,3,10,4,5,3,2,6,3,3,10,2,8,3,6,10,4,9,4,10,6,3,5,9,11,9,9,4,10,10,5,10,0,4,9,10,3,6,10,9,6,4,6,4,0,4,5,6,10,11,2,6,10,3,0,3,3,2,0,4,5,9,7,9,3,4
10,5,8,3,4,10,6,6,11,0,10,11,4,3,10,8,6,11,2,7,11,11,7,3,2,2,7,3,4,6,5,2,4,10,6,2,8,6,10,11,0,4,5,6,3,11,10,9,5,4,10,3,6,6,4,7,7,2,0,6,11,0,5,2,3,2,4,9,4,5,8,10,3,2,5,10,4,7,4,3,6,8,10,3,6,4,11,5,6,4,3,7,4,4,11,3,9,4,7,11,5,10,5,11,7,4,6,10,0,10,10,5,11,11,6,11,2,5,10,11,4,7,11,10,7,5,7,5,2,5,6,7,11,0,3,7,11,4,2,4,4,3,2,5,6,10,8,10,4,5
11,6,9,4,5,11,7,7,0,2,11,0,5,4,11,9,7,0,3,8,0,0,8,4,3,3,8,4,5,7,6,3,5,11,7,3,9,7,11,0,2,5,6,7,4,0,11,10,6,5,11,4,7,7,5,8,8,3,2,7,0,2,6,3,4,3,5,10,5,6,9,11,4,3,6,11,5,8,5,4,7,9,11,4,7,5,0,6,7,5,4,8,5,5,0,4,10,5,8,0,6,11,6,0,8,5,7,11,2,11,11,6,0,0,7,0,3,6,11,0,5,8,0,11,8,6,8,6,3,6,7,8,0,2,4,8,0,5,3,5,5,4,3,6,7,11,9,11,5,6
0,7,10,5,6,0,8,8,2,3,0,2,6,5,0,10,8,2,4,9,2,2,9,5,4,4,9,5,6,8,7,4,6,0,8,4,10,8,0,2,3,6,7,8,5,2,0,11,7,6,0,5,8,8,6,9,9,4,3,8,2,3,7,4,5,4,6,11,6,7,10,0,5,4,7,0,6,9,6,5,8,10,0,5,8,6,2,7,8,6,5,9,6,6,2,5,11,6,9,2,7,0,7,2,9,6,8,0,3,0,0,7,2,2,8,2,4,7,0,2,6,9,2,0,9,7,9,7,4,7,8,9,2,3,5,9,2,6,4,6,6,5,4,7,8,0,10,0,6,7
2,8,11,6,7,2,9,9,3,4,2,3,7,6,2,11,9,3,5,10,3,3,10,6,5,5,10,6,7,9,8,5,7,2,9,5,11,9,2,3,4,7,8,9,6,3,2,0,8,7,2,6,9,9,7,10,10,5,4,9,3,4,8,5,6,5,7,0,7,8,11,2,6,5,8,2,7,10,7,6,9,11,2,6,9,7,3,8,9,7,6,10,7,7,3,6,0,7,10,3,8,2,8,3,10,7,9,2,4,2,2,8,3,3,9,3,5,8,2,3,7,10,3,2,10,8,10,8,5,8,9,10,3,4,6,10,3,7,5,7,7,6,5,8,9,2,11,2,7,8
3,9,0,7,8,3,10,10,4,5,3,4,8,7,3,0,10,4,6,11,4,4,11,7,6,6,11,7,8,10,9,6,8,3,10,6,0,10,3,4,5,8,9,10,7,4,3,2,9,8,3,7,10,10,8,11,11,6,5,10,4,5,9,6,7,6,8,2,8,9,0,3,7,6,9,3,8,11,8,7,10,0,3,7,10,8,4,9,10,8,7,11,8,8,4,7,2,8,11,4,9,3,9,4,11,8,10,3,5,3,3,9,4,4,10,4,6,9,3,4,8,11,4,3,11,9,11,9,6,9,10,11,4,5,7,11,4,8,6,8,8,7,6,9,10,3,0,3,8,9
4,10,2,8,9,4,11,11,5,6,4,5,9,8,4,2,11,5,7,0,5,5,0,8,7,7,0,8,9,11,10,7,9,4,11,7,2,11,4,5,6,9,10,11,8,5,4,3,10,9,4,8,11,11,9,0,0,7,6,11,5,6,10,7,8,7,9,3,9,10,2,4,8,7,10,4,9,0,9,8,11,2,4,8,11,9,5,10,11,9,8,0,9,9,5,8,3,9,0,5,10,4,10,5,0,9,11,4,6,4,4,10,5,5,11,5,7,10,4,5,9,0,5,4,0,10,0,10,7,10,11,0,5,6,8,0,5,9,7,9,9,8,7,10,11,4,2,4,9,10
5,11,3,9,10,5,0,0,6,7,5,6,10,9,5,3,0,6,8,2,6,6,2,9,8,8,2,9,10,0,11,8,10,5,0,8,3,0,5,6,7,10,11,0,9,6,5,4,11,10,5,9,0,0,10,2,2,8,7,0,6,7,11,8,9,8,10,4,10,11,3,5,9,8,11,5,10,2,10,9,0,3,5,9,0,10,6,11,0,10,9,2,10,10,6,9,4,10,2,6,11,5,11,6,2,10,0,5,7,5,5,11,6,6,0,6,8,11,5,6,10,2,6,5,2,11,2,11,8,11,0,2,6,7,9,2,6,10,8,10,10,9,8,11,0,5,3,5,10,11
6,0,4,10,11,6,2,2,7,8,6,7,11,10,6,4,2,7,9,3,7,7,3,10,9,9,3,10,11,2,0,9,11,6,2,9,4,2,6,7,8,11,0,2,10,7,6,5,0,11,6,10,2,2,11,3,3,9,8,2,7,8,0,9,10,9,11,5,11,0,4,6,10,9,0,6,11,3,11,10,2,4,6,10,2,11,7,0,2,11,10,3,11,11,7,10,5,11,3,7,0,6,0,7,3,11,2,6,8,6,6,0,7,7,2,7,9,0,6,7,11,3,7,6,3,0,3,0,9,0,2,3,7,8,10,3,7,11,9,11,11,10,9,0,2,6,4,6,11,0
7,2,5,11,0,7,3,3,8,9,7,8,0,11,7,5,3,8,10,4,8,8,4,11,10,10,4,11,0,3,2,10,0,7,3,10,5,3,7,8,9,0,2,3,11,8,7,6,2,0,7,11,3,3,0,4,4,10,9,3,8,9,2,10,11,10,0,6,0,2,5,7,11,10,2,7,0,4,0,11,3,5,7,11,3,0,8,2,3,0,11,4,0,0,8,11,6,0,4,8,2,7,2,8,4,0,3,7,9,7,7,2,8,8,3,8,10,2,7,8,0,4,8,7,4,2,4,2,10,2,3,4,8,9,11,4,8,0,10,0,0,11,10,2,3,7,5,7,0,2
8,3,6,0,2,8,4,4,9,10,8,9,2,0,8,6,4,9,11,5,9,9,5,0,11,11,5,0,2,4,3,11,2,8,4,11,6,4,8,9,10,2,3,4,0,9,8,7,3,2,8,0,4,4,2,5,5,11,10,4,9,10,3,11,0,11,2,7,2,3,6,8,0,11,3,8,2,5,2,0,4,6,8,0,4,2,9,3,4,2,0,5,2,2,9,0,7,2,5,9,3,8,3,9,5,2,4,8,10,8,8,3,9,9,4,9,11,3,8,9,2,5,9,8,5,3,5,3,11,3,4,5,9,10,0,5,9,2,11,2,2,0,11,3,4,8,6,8,2,3
9,4,7,2,3,9,5,5,10,11,9,10,3,2,9,7,5,10,0,6,10,10,6,2,0,0,6,2,3,5,4,0,3,9,5,0,7,5,9,10,11,3,4,5,2,10,9,8,4,3,9,2,5,5,3,6,6,0,11,5,10,11,4,0,2,0,3,8,3,4,7,9,2,0,4,9,3,6,3,2,5,7,9,2,5,3,10,4,5,3,2,6,3,3,10,2,8,3,6,10,4,9,4,10,6,3,5,9,11,9,9,4,10,10,5,10,0,4,9,10,3,6,10,9,6,4,6,4,0,4,5,6,10,11,2,6,10,3,0,3,3,2,0,4,5,9,7,9,3,4
10,5,8,3,4,10,6,6,11,0,10,11,4,3,10,8,6,11,2,7,11,11,7,3,2,2,7,3,4,6,5,2,4,10,6,2,8,6,10,11,0,4,5,6,3,11,10,9,5,4,10,3,6,6,4,7,7,2,0,6,11,0,5,2,3,2,4,9,4,5,8,10,3,2,5,10,4,7,4,3,6,8,10,3,6,4,11,5,6,4,3,7,4,4,11,3,9,4,7,11,5,10,5,11,7,4,6,10,0,10,10,5,11,11,6,11,2,5,10,11,4,7,11,10,7,5,7,5,2,5,6,7,11,0,3,7,11,4,2,4,4,3,2,5,6,10,8,10,4,5
11,6,9,4,5,11,7,7,0,2,11,0,5,4,11,9,7,0,3,8,0,0,8,4,3,3,8,4,5,7,6,3,5,11,7,3,9,7,11,0,2,5,6,7,4,0,11,10,6,5,11,4,7,7,5,8,8,3,2,7,0,2,6,3,4,3,5,10,5,6,9,11,4,3,6,11,5,8,5,4,7,9,11,4,7,5,0,6,7,5,4,8,5,5,0,4,10,5,8,0,6,11,6,0,8,5,7,11,2,11,11,6,0,0,7,0,3,6,11,0,5,8,0,11,8,6,8,6,3,6,7,8,0,2,4,8,0,5,3,5,5,4,3,6,7,11,9,11,5,6
0,7,10,5,6,0,8,8,2,3,0,2,6,5,0,10,8,2,4,9,2,2,9,5,4,4,9,5,6,8,7,4,6,0,8,4,10,8,0,2,3,6,7,8,5,2,0,11,7,6,0,5,8,8,6,9,9,4,3,8,2,3,7,4,5,4,6,11,6,7,10,0,5,4,7,0,6,9,6,5,8,10,0,5,8,6,2,7,8,6,5,9,6,6,2,5,11,6,9,2,7,0,7,2,9,6,8,0,3,0,0,7,2,2,8,2,4,7,0,2,6,9,2,0,9,7,9,7,4,7,8,9,2,3,5,9,2,6,4,6,6,5,4,7,8,0,10,0,6,7
2,8,11,6,7,2,9,9,3,4,2,3,7,6,2,11,9,3,5,10,3,3,10,6,5,5,10,6,7,9,8,5,7,2,9,5,11,9,2,3,4,7,8,9,6,3,2,0,8,7,2,6,9,9,7,10,10,5,4,9,3,4,8,5,6,5,7,0,7,8,11,2,6,5,8,2,7,10,7,6,9,11,2,6,9,7,3,8,9,7,6,10,7,7,3,6,0,7,10,3,8,2,8,3,10,7,9,2,4,2,2,8,3,3,9,3,5,8,2,3,7,10,3,2,10,8,10,8,5,8,9,10,3,4,6,10,3,7,5,7,7,6,5,8,9,2,11,2,7,8
3,9,0,7,8,3,10,10,4,5,3,4,8,7,3,0,10,4,6,11,4,4,11,7,6,6,11,7,8,10,9,6,8,3,10,6,0,10,3,4,5,8,9,10,7,4,3,2,9,8,3,7,10,10,8,11,11,6,5,10,4,5,9,6,7,6,8,2,8,9,0,3,7,6,9,3,8,11,8,7,10,0,3,7,10,8,4,9,10,8,7,11,8,8,4,7,2,8,11,4,9,3,9,4,11,8,10,3,5,3,3,9,4,4,10,4,6,9,3,4,8,11,4,3,11,9,11,9,6,9,10,11,4,5,7,11,4,8,6,8,8,7,6,9,10,3,0,3,8,9
4,10,2,8,9,4,11,11,5,6,4,5,9,8,4,2,11,5,7,0,5,5,0,8,7,7,0,8,9,11,10,7,9,4,11,7,2,11,4,5,6,9,10,11,8,5,4,3,10,9,4,8,11,11,9,0,0,7,6,11,5,6,10,7,8,7,9,3,9,10,2,4,8,7,10,4,9,0,9,8,11,2,4,8,11,9,5,10,11,9,8,0,9,9,5,8,3,9,0,5,10,4,10,5,0,9,11,4,6,4,4,10,5,5,11,5,7,10,4,5,9,0,5,4,0,10,0,10,7,10,11,0,5,6,8,0,5,9,7,9,9,8,7,10,11,4,2,4,9,10
5,11,3,9,10,5,0,0,6,7,5,6,10,9,5,3,0,6,8,2,6,6,2,9,8,8,2,9,10,0,11,8,10,5,0,8,3,0,5,6,7,10,11,0,9,6,5,4,11,10,5,9,0,0,10,2,2,8,7,0,6,7,11,8,9,8,10,4,10,11,3,5,9,8,11,5,10,2,10,9,0,3,5,9,0,10,6,11,0,10,9,2,10,10,6,9,4,10,2,6,11,5,11,6,2,10,0,5,7,5,5,11,6,6,0,6,8,11,5,6,10,2,6,5,2,11,2,11,8,11,0,2,6,7,9,2,6,10,8,10,10,9,8,11,0,5,3,5,10,11
6,0,4,10,11,6,2,2,7,8,6,7,11,10,6,4,2,7,9,3,7,7,3,10,9,9,3,10,11,2,0,9,11,6,2,9,4,2,6,7,8,11,0,2,10,7,6,5,0,11,6,10,2,2,11,3,3,9,8,2,7,8,0,9,10,9,11,5,11,0,4,6,10,9,0,6,11,3,11,10,2,4,6,10,2,11,7,0,2,11,10,3,11,11,7,10,5,11,3,7,0,6,0,7,3,11,2,6,8,6,6,0,7,7,2,7,9,0,6,7,11,3,7,6,3,0,3,0,9,0,2,3,7,8,10,3,7,11,9,11,11,10,9,0,2,6,4,6,11,0
7,2,5,11,0,7,3,3,8,9,7,8,0,11,7,5,3,8,10,4,8,8,4,11,10,10,4,11,0,3,2,10,0,7,3,10,5,3,7,8,9,0,2,3,11,8,7,6,2,0,7,11,3,3,0,4,4,10,9,3,8,9,2,10,11,10,0,6,0,2,5,7,11,10,2,7,0,4,0,11,3,5,7,11,3,0,8,2,3,0,11,4,0,0,8,11,6,0,4,8,2,7,2,8,4,0,3,7,9,7,7,2,8,8,3,8,10,2,7,8,0,4,8,7,4,2,4,2,10,2,3,4,8,9,11,4,8,0,10,0,0,11,10,2,3,7,5,7,0,2
8,3,6,0,2,8,4,4,9,10,8,9,2,0,8,6,4,9,11,5,9,9,5,0,11,11,5,0,2,4,3,11,2,8,4,11,6,4,8,9,10,2,3,4,0,9,8,7,3,2,8,0,4,4,2,5,5,11,10,4,9,10,3,11,0,11,2,7,2,3,6,8,0,11,3,8,2,5,2,0,4,6,8,0,4,2,9,3,4,2,0,5,2,2,9,0,7,2,5,9,3,8,3,9,5,2,4,8,10,8,8,3,9,9,4,9,11,3,8,9,2,5,9,8,5,3,5,3,11,3,4,5,9,10,0,5,9,2,11,2,2,0,11,3,4,8,6,8,2,3
9,4,7,2,3,9,5,5,10,11,9,10,3,2,9,7,5,10,0,6,10,10,6,2,0,0,6,2,3,5,4,0,3,9,5,0,7,5,9,10,11,3,4,5,2,10,9,8,4,3,9,2,5,5,3,6,6,0,11,5,10,11,4,0,2,0,3,8,3,4,7,9,2,0,4,9,3,6,3,2,5,7,9,2,5,3,10,4,5,3,2,6,3,3,10,2,8,3,6,10,4,9,4,10,6,3,5,9,11,9,9,4,10,10,5,10,0,4,9,10,3,6,10,9,6,4,6,4,0,4,5,6,10,11,2,6,10,3,0,3,3,2,0,4,5,9,7,9,3,4
10,5,8,3,4,10,6,6,11,0,10,11,4,3,10,8,6,11,2,7,11,11,7,3,2,2,7,3,4,6,5,2,4,10,6,2,8,6,10,11,0,4,5,6,3,11,10,9,5,4,10,3,6,6,4,7,7,2,0,6,11,0,5,2,3,2,4,9,4,5,8,10,3,2,5,10,4,7,4,3,6,8,10,3,6,4,11,5,6,4,3,7,4,4,11,3,9,4,7,11,5,10,5,11,7,4,6,10,0,10,10,5,11,11,6,11,2,5,10,11,4,7,11,10,7,5,7,5,2,5,6,7,11,0,3,7,11,4,2,4,4,3,2,5,6,10,8,10,4,5
11,6,9,4,5,11,7,7,0,2,11,0,5,4,11,9,7,0,3,8,0,0,8,4,3,3,8,4,5,7,6,3,5,11,7,3,9,7,11,0,2,5,6,7,4,0,11,10,6,5,11,4,7,7,5,8,8,3,2,7,0,2,6,3,4,3,5,10,5,6,9,11,4,3,6,11,5,8,5,4,7,9,11,4,7,5,0,6,7,5,4,8,5,5,0,4,10,5,8,0,6,11,6,0,8,5,7,11,2,11,11,6,0,0,7,0,3,6,11,0,5,8,0,11,8,6,8,6,3,6,7,8,0,2,4,8,0,5,3,5,5,4,3,6,7,11,9,11,5,6
0,7,10,5,6,0,8,8,2,3,0,2,6,5,0,10,8,2,4,9,2,2,9,5,4,4,9,5,6,8,7,4,6,0,8,4,10,8,0,2,3,6,7,8,5,2,0,11,7,6,0,5,8,8,6,9,9,4,3,8,2,3,7,4,5,4,6,11,6,7,10,0,5,4,7,0,6,9,6,5,8,10,0,5,8,6,2,7,8,6,5,9,6,6,2,5,11,6,9,2,7,0,7,2,9,6,8,0,3,0,0,7,2,2,8,2,4,7,0,2,6,9,2,0,9,7,9,7,4,7,8,9,2,3,5,9,2,6,4,6,6,5,4,7,8,0,10,0,6,7
2,8,11,6,7,2,9,9,3,4,2,3,7,6,2,11,9,3,5,10,3,3,10,6,5,5,10,6,7,9,8,5,7,2,9,5,11,9,2,3,4,7,8,9,6,3,2,0,8,7,2,6,9,9,7,10,10,5,4,9,3,4,8,5,6,5,7,0,7,8,11,2,6,5,8,2,7,10,7,6,9,11,2,6,9,7,3,8,9,7,6,10,7,7,3,6,0,7,10,3,8,2,8,3,10,7,9,2,4,2,2,8,3,3,9,3,5,8,2,3,7,10,3,2,10,8,10,8,5,8,9,10,3,4,6,10,3,7,5,7,7,6,5,8,9,2,11,2,7,8
3,9,0,7,8,3,10,10,4,5,3,4,8,7,3,0,10,4,6,11,4,4,11,7,6,6,11,7,8,10,9,6,8,3,10,6,0,10,3,4,5,8,9,10,7,4,3,2,9,8,3,7,10,10,8,11,11,6,5,10,4,5,9,6,7,6,8,2,8,9,0,3,7,6,9,3,8,11,8,7,10,0,3,7,10,8,4,9,10,8,7,11,8,8,4,7,2,8,11,4,9,3,9,4,11,8,10,3,5,3,3,9,4,4,10,4,6,9,3,4,8,11,4,3,11,9,11,9,6,9,10,11,4,5,7,11,4,8,6,8,8,7,6,9,10,3,0,3,8,9
4,10,2,8,9,4,11,11,5,6,4,5,9,8,4,2,11,5,7,0,5,5,0,8,7,7,0,8,9,11,10,7,9,4,11,7,2,11,4,5,6,9,10,11,8,5,4,3,10,9,4,8,11,11,9,0,0,7,6,11,5,6,10,7,8,7,9,3,9,10,2,4,8,7,10,4,9,0,9,8,11,2,4,8,11,9,5,10,11,9,8,0,9,9,5,8,3,9,0,5,10,4,10,5,0,9,11,4,6,4,4,10,5,5,11,5,7,10,4,5,9,0,5,4,0,10,0,10,7,10,11,0,5,6,8,0,5,9,7,9,9,8,7,10,11,4,2,4,9,10
5,11,3,9,10,5,0,0,6,7,5,6,10,9,5,3,0,6,8,2,6,6,2,9,8,8,2,9,10,0,11,8,10,5,0,8,3,0,5,6,7,10,11,0,9,6,5,4,11,10,5,9,0,0,10,2,2,8,7,0,6,7,11,8,9,8,10,4,10,11,3,5,9,8,11,5,10,2,10,9,0,3,5,9,0,10,6,11,0,10,9,2,10,10,6,9,4,10,2,6,11,5,11,6,2,10,0,5,7,5,5,11,6,6,0,6,8,11,5,6,10,2,6,5,2,11,2,11,8,11,0,2,6,7,9,2,6,10,8,10,10,9,8,11,0,5,3,5,10,11
6,0,4,10,11,6,2,2,7,8,6,7,11,10,6,4,2,7,9,3,7,7,3,10,9,9,3,10,11,2,0,9,11,6,2,9,4,2,6,7,8,11,0,2,10,7,6,5,0,11,6,10,2,2,11,3,3,9,8,2,7,8,0,9,10,9,11,5,11,0,4,6,10,9,0,6,11,3,11,10,2,4,6,10,2,11,7,0,2,11,10,3,11,11,7,10,5,11,3,7,0,6,0,7,3,11,2,6,8,6,6,0,7,7,2,7,9,0,6,7,11,3,7,6,3,0,3,0,9,0,2,3,7,8,10,3,7,11,9,11,11,10,9,0,2,6,4,6,11,0
7,2,5,11,0,7,3,3,8,9,7,8,0,11,7,5,3,8,10,4,8,8,4,11,10,10,4,11,0,3,2,10,0,7,3,10,5,3,7,8,9,0,2,3,11,8,7,6,2,0,7,11,3,3,0,4,4,10,9,3,8,9,2,10,11,10,0,6,0,2,5,7,11,10,2,7,0,4,0,11,3,5,7,11,3,0,8,2,3,0,11,4,0,0,8,11,6,0,4,8,2,7,2,8,4,0,3,7,9,7,7,2,8,8,3,8,10,2,7,8,0,4,8,7,4,2,4,2,10,2,3,4,8,9,11,4,8,0,10,0,0,11,10,2,3,7,5,7,0,2
8,3,6,0,2,8,4,4,9,10,8,9,2,0,8,6,4,9,11,5,9,9,5,0,11,11,5,0,2,4,3,11,2,8,4,11,6,4,8,9,10,2,3,4,0,9,8,7,3,2,8,0,4,4,2,5,5,11,10,4,9,10,3,11,0,11,2,7,2,3,6,8,0,11,3,8,2,5,2,0,4,6,8,0,4,2,9,3,4,2,0,5,2,2,9,0,7,2,5,9,3,8,3,9,5,2,4,8,10,8,8,3,9,9,4,9,11,3,8,9,2,5,9,8,5,3,5,3,11,3,4,5,9,10,0,5,9,2,11,2,2,0,11,3,4,8,6,8,2,3
9,4,7,2,3,9,5,5,10,11,9,10,3,2,9,7,5,10,0,6,10,10,6,2,0,0,6,2,3,5,4,0,3,9,5,0,7,5,9,10,11,3,4,5,2,10,9,8,4,3,9,2,5,5,3,6,6,0,11,5,10,11,4,0,2,0,3,8,3,4,7,9,2,0,4,9,3,6,3,2,5,7,9,2,5,3,10,4,5,3,2,6,3,3,10,2,8,3,6,10,4,9,4,10,6,3,5,9,11,9,9,4,10,10,5,10,0,4,9,10,3,6,10,9,6,4,6,4,0,4,5,6,10,11,2,6,10,3,0,3,3,2,0,4,5,9,7,9,3,4
10,5,8,3,4,10,6,6,11,0,10,11,4,3,10,8,6,11,2,7,11,11,7,3,2,2,7,3,4,6,5,2,4,10,6,2,8,6,10,11,0,4,5,6,3,11,10,9,5,4,10,3,6,6,4,7,7,2,0,6,11,0,5,2,3,2,4,9,4,5,8,10,3,2,5,10,4,7,4,3,6,8,10,3,6,4,11,5,6,4,3,7,4,4,11,3,9,4,7,11,5,10,5,11,7,4,6,10,0,10,10,5,11,11,6,11,2,5,10,11,4,7,11,10,7,5,7,5,2,5,6,7,11,0,3,7,11,4,2,4,4,3,2,5,6,10,8,10,4,5
11,6,9,4,5,11,7,7,0,2,11,0,5,4,11,9,7,0,3,8,0,0,8,4,3,3,8,4,5,7,6,3,5,11,7,3,9,7,11,0,2,5,6,7,4,0,11,10,6,5,11,4,7,7,5,8,8,3,2,7,0,2,6,3,4,3,5,10,5,6,9,11,4,3,6,11,5,8,5,4,7,9,11,4,7,5,0,6,7,5,4,8,5,5,0,4,10,5,8,0,6,11,6,0,8,5,7,11,2,11,11,6,0,0,7,0,3,6,11,0,5,8,0,11,8,6,8,6,3,6,7,8,0,2,4,8,0,5,3,5,5,4,3,6,7,11,9,11,5,6
0,7,10,5,6,0,8,8,2,3,0,2,6,5,0,10,8,2,4,9,2,2,9,5,4,4,9,5,6,8,7,4,6,0,8,4,10,8,0,2,3,6,7,8,5,2,0,11,7,6,0,5,8,8,6,9,9,4,3,8,2,3,7,4,5,4,6,11,6,7,10,0,5,4,7,0,6,9,6,5,8,10,0,5,8,6,2,7,8,6,5,9,6,6,2,5,11,6,9,2,7,0,7,2,9,6,8,0,3,0,0,7,2,2,8,2,4,7,0,2,6,9,2,0,9,7,9,7,4,7,8,9,2,3,5,9,2,6,4,6,6,5,4,7,8,0,10,0,6,7
2,8,11,6,7,2,9,9,3,4,2,3,7,6,2,11,9,3,5,10,3,3,10,6,5,5,10,6,7,9,8,5,7,2,9,5,11,9,2,3,4,7,8,9,6,3,2,0,8,7,2,6,9,9,7,10,10,5,4,9,3,4,8,5,6,5,7,0,7,8,11,2,6,5,8,2,7,10,7,6,9,11,2,6,9,7,3,8,9,7,6,10,7,7,3,6,0,7,10,3,8,2,8,3,10,7,9,2,4,2,2,8,3,3,9,3,5,8,2,3,7,10,3,2,10,8,10,8,5,8,9,10,3,4,6,10,3,7,5,7,7,6,5,8,9,2,11,2,7,8
3,9,0,7,8,3,10,10,4,5,3,4,8,7,3,0,10,4,6,11,4,4,11,7,6,6,11,7,8,10,9,6,8,3,10,6,0,10,3,4,5,8,9,10,7,4,3,2,9,8,3,7,10,10,8,11,11,6,5,10,4,5,9,6,7,6,8,2,8,9,0,3,7,6,9,3,8,11,8,7,10,0,3,7,10,8,4,9,10,8,7,11,8,8,4,7,2,8,11,4,9,3,9,4,11,8,10,3,5,3,3,9,4,4,10,4,6,9,3,4,8,11,4,3,11,9,11,9,6,9,10,11,4,5,7,11,4,8,6,8,8,7,6,9,10,3,0,3,8,9
4,10,2,8,9,4,11,11,5,6,4,5,9,8,4,2,11,5,7,0,5,5,0,8,7,7,0,8,9,11,10,7,9,4,11,7,2,11,4,5,6,9,10,11,8,5,4,3,10,9,4,8,11,11,9,0,0,7,6,11,5,6,10,7,8,7,9,3,9,10,2,4,8,7,10,4,9,0,9,8,11,2,4,8,11,9,5,10,11,9,8,0,9,9,5,8,3,9,0,5,10,4,10,5,0,9,11,4,6,4,4,10,5,5,11,5,7,10,4,5,9,0,5,4,0,10,0,10,7,10,11,0,5,6,8,0,5,9,7,9,9,8,7,10,11,4,2,4,9,10
5,11,3,9,10,5,0,0,6,7,5,6,10,9,5,3,0,6,8,2,6,6,2,9,8,8,2,9,10,0,11,8,10,5,0,8,3,0,5,6,7,10,11,0,9,6,5,4,11,10,5,9,0,0,10,2,2,8,7,0,6,7,11,8,9,8,10,4,10,11,3,5,9,8,11,5,10,2,10,9,0,3,5,9,0,10,6,11,0,10,9,2,10,10,6,9,4,10,2,6,11,5,11,6,2,10,0,5,7,5,5,11,6,6,0,6,8,11,5,6,10,2,6,5,2,11,2,11,8,11,0,2,6,7,9,2,6,10,8,10,10,9,8,11,0,5,3,5,10,11
6,0,4,10,11,6,2,2,7,8,6,7,11,10,6,4,2,7,9,3,7,7,3,10,9,9,3,10,11,2,0,9,11,6,2,9,4,2,6,7,8,11,0,2,10,7,6,5,0,11,6,10,2,2,11,3,3,9,8,2,7,8,0,9,10,9,11,5,11,0,4,6,10,9,0,6,11,3,11,10,2,4,6,10,2,11,7,0,2,11,10,3,11,11,7,10,5,11,3,7,0,6,0,7,3,11,2,6,8,6,6,0,7,7,2,7,9,0,6,7,11,3,7,6,3,0,3,0,9,0,2,3,7,8,10,3,7,11,9,11,11,10,9,0,2,6,4,6,11,0
7,2,5,11,0,7,3,3,8,9,7,8,0,11,7,5,3,8,10,4,8,8,4,11,10,10,4,11,0,3,2,10,0,7,3,10,5,3,7,8,9,0,2,3,11,8,7,6,2,0,7,11,3,3,0,4,4,10,9,3,8,9,2,10,11,10,0,6,0,2,5,7,11,10,2,7,0,4,0,11,3,5,7,11,3,0,8,2,3,0,11,4,0,0,8,11,6,0,4,8,2,7,2,8,4,0,3,7,9,7,7,2,8,8,3,8,10,2,7,8,0,4,8,7,4,2,4,2,10,2,3,4,8,9,11,4,8,0,10,0,0,11,10,2,3,7,5,7,0,2
8,3,6,0,2,8,4,4,9,10,8,9,2,0,8,6,4,9,11,5,9,9,5,0,11,11,5,0,2,4,3,11,2,8,4,11,6,4,8,9,10,2,3,4,0,9,8,7,3,2,8,0,4,4,2,5,5,11,10,4,9,10,3,11,0,11,2,7,2,3,6,8,0,11,3,8,2,5,2,0,4,6,8,0,4,2,9,3,4,2,0,5,2,2,9,0,7,2,5,9,3,8,3,9,5,2,4,8,10,8,8,3,9,9,4,9,11,3,8,9,2,5,9,8,5,3,5,3,11,3,4,5,9,10,0,5,9,2,11,2,2,0,11,3,4,8,6,8,2,3
9,4,7,2,3,9,5,5,10,11,9,10,3,2,9,7,5,10,0,6,10,10,6,2,0,0,6,2,3,5,4,0,3,9,5,0,7,5,9,10,11,3,4,5,2,10,9,8,4,3,9,2,5,5,3,6,6,0,11,5,10,11,4,0,2,0,3,8,3,4,7,9,2,0,4,9,3,6,3,2,5,7,9,2,5,3,10,4,5,3,2,6,3,3,10,2,8,3,6,10,4,9,4,10,6,3,5,9,11,9,9,4,10,10,5,10,0,4,9,10,3,6,10,9,6,4,6,4,0,4,5,6,10,11,2,6,10,3,0,3,3,2,0,4,5,9,7,9,3,4
10,5,8,3,4,10,6,6,11,0,10,11,4,3,10,8,6,11,2,7,11,11,7,3,2,2,7,3,4,6,5,2,4,10,6,2,8,6,10,11,0,4,5,6,3,11,10,9,5,4,10,3,6,6,4,7,7,2,0,6,11,0,5,2,3,2,4,9,4,5,8,10,3,2,5,10,4,7,4,3,6,8,10,3,6,4,11,5,6,4,3,7,4,4,11,3,9,4,7,11,5,10,5,11,7,4,6,10,0,10,10,5,11,11,6,11,2,5,10,11,4,7,11,10,7,5,7,5,2,5,6,7,11,0,3,7,11,4,2,4,4,3,2,5,6,10,8,10,4,5
11,6,9,4,5,11,7,7,0,2,11,0,5,4,11,9,7,0,3,8,0,0,8,4,3,3,8,4,5,7,6,3,5,11,7,3,9,7,11,0,2,5,6,7,4,0,11,10,6,5,11,4,7,7,5,8,8,3,2,7,0,2,6,3,4,3,5,10,5,6,9,11,4,3,6,11,5,8,5,4,7,9,11,4,7,5,0,6,7,5,4,8,5,5,0,4,10,5,8,0,6,11,6,0,8,5,7,11,2,11,11,6,0,0,7,0,3,6,11,0,5,8,0,11,8,6,8,6,3,6,7,8,0,2,4,8,0,5,3,5,5,4,3,6,7,11,9,11,5,6
0,7,10,5,6,0,8,8,2,3,0,2,6,5,0,10,8,2,4,9,2,2,9,5,4,4,9,5,6,8,7,4,6,0,8,4,10,8,0,2,3,6,7,8,5,2,0,11,7,6,0,5,8,8,6,9,9,4,3,8,2,3,7,4,5,4,6,11,6,7,10,0,5,4,7,0,6,9,6,5,8,10,0,5,8,6,2,7,8,6,5,9,6,6,2,5,11,6,9,2,7,0,7,2,9,6,8,0,3,0,0,7,2,2,8,2,4,7,0,2,6,9,2,0,9,7,9,7,4,7,8,9,2,3,5,9,2,6,4,6,6,5,4,7,8,0,10,0,6,7
2,8,11,6,7,2,9,9,3,4,2,3,7,6,2,11,9,3,5,10,3,3,10,6,5,5,10,6,7,9,8,5,7,2,9,5,11,9,2,3,4,7,8,9,6,3,2,0,8,7,2,6,9,9,7,10,10,5,4,9,3,4,8,5,6,5,7,0,7,8,11,2,6,5,8,2,7,10,7,6,9,11,2,6,9,7,3,8,9,7,6,10,7,7,3,6,0,7,10,3,8,2,8,3,10,7,9,2,4,2,2,8,3,3,9,3,5,8,2,3,7,10,3,2,10,8,10,8,5,8,9,10,3,4,6,10,3,7,5,7,7,6,5,8,9,2,11,2,7,8
3,9,0,7,8,3,10,10,4,5,3,4,8,7,3,0,10,4,6,11,4,4,11,7,6,6,11,7,8,10,9,6,8,3,10,6,0,10,3,4,5,8,9,10,7,4,3,2,9,8,3,7,10,10,8,11,11,6,5,10,4,5,9,6,7,6,8,2,8,9,0,3,7,6,9,3,8,11,8,7,10,0,3,7,10,8,4,9,10,8,7,11,8,8,4,7,2,8,11,4,9,3,9,4,11,8,10,3,5,3,3,9,4,4,10,4,6,9,3,4,8,11,4,3,11,9,11,9,6,9,10,11,4,5,7,11,4,8,6,8,8,7,6,9,10,3,0,3,8,9
4,10,2,8,9,4,11,11,5,6,4,5,9,8,4,2,11,5,7,0,5,5,0,8,7,7,0,8,9,11,10,7,9,4,11,7,2,11,4,5,6,9,10,11,8,5,4,3,10,9,4,8,11,11,9,0,0,7,6,11,5,6,10,7,8,7,9,3,9,10,2,4,8,7,10,4,9,0,9,8,11,2,4,8,11,9,5,10,11,9,8,0,9,9,5,8,3,9,0,5,10,4,10,5,0,9,11,4,6,4,4,10,5,5,11,5,7,10,4,5,9,0,5,4,0,10,0,10,7,10,11,0,5,6,8,0,5,9,7,9,9,8,7,10,11,4,2,4,9,10
5,11,3,9,10,5,0,0,6,7,5,6,10,9,5,3,0,6,8,2,6,6,2,9,8,8,2,9,10,0,11,8,10,5,0,8,3,0,5,6,7,10,11,0,9,6,5,4,11,10,5,9,0,0,10,2,2,8,7,0,6,7,11,8,9,8,10,4,10,11,3,5,9,8,11,5,10,2,10,9,0,3,5,9,0,10,6,11,0,10,9,2,10,10,6,9,4,10,2,6,11,5,11,6,2,10,0,5,7,5,5,11,6,6,0,6,8,11,5,6,10,2,6,5,2,11,2,11,8,11,0,2,6,7,9,2,6,10,8,10,10,9,8,11,0,5,3,5,10,11
6,0,4,10,11,6,2,2,7,8,6,7,11,10,6,4,2,7,9,3,7,7,3,10,9,9,3,10,11,2,0,9,11,6,2,9,4,2,6,7,8,11,0,2,10,7,6,5,0,11,6,10,2,2,11,3,3,9,8,2,7,8,0,9,10,9,11,5,11,0,4,6,10,9,0,6,11,3,11,10,2,4,6,10,2,11,7,0,2,11,10,3,11,11,7,10,5,11,3,7,0,6,0,7,3,11,2,6,8,6,6,0,7,7,2,7,9,0,6,7,11,3,7,6,3,0,3,0,9,0,2,3,7,8,10,3,7,11,9,11,11,10,9,0,2,6,4,6,11,0
7,2,5,11,0,7,3,3,8,9,7,8,0,11,7,5,3,8,10,4,8,8,4,11,10,10,4,11,0,3,2,10,0,7,3,10,5,3,7,8,9,0,2,3,11,8,7,6,2,0,7,11,3,3,0,4,4,10,9,3,8,9,2,10,11,10,0,6,0,2,5,7,11,10,2,7,0,4,0,11,3,5,7,11,3,0,8,2,3,0,11,4,0,0,8,11,6,0,4,8,2,7,2,8,4,0,3,7,9,7,7,2,8,8,3,8,10,2,7,8,0,4,8,7,4,2,4,2,10,2,3,4,8,9,11,4,8,0,10,0,0,11,10,2,3,7,5,7,0,2
8,3,6,0,2,8,4,4,9,10,8,9,2,0,8,6,4,9,11,5,9,9,5,0,11,11,5,0,2,4,3,11,2,8,4,11,6,4,8,9,10,2,3,4,0,9,8,7,3,2,8,0,4,4,2,5,5,11,10,4,9,10,3,11,0,11,2,7,2,3,6,8,0,11,3,8,2,5,2,0,4,6,8,0,4,2,9,3,4,2,0,5,2,2,9,0,7,2,5,9,3,8,3,9,5,2,4,8,10,8,8,3,9,9,4,9,11,3,8,9,2,5,9,8,5,3,5,3,11,3,4,5,9,10,0,5,9,2,11,2,2,0,11,3,4,8,6,8,2,3
9,4,7,2,3,9,5,5,10,11,9,10,3,2,9,7,5,10,0,6,10,10,6,2,0,0,6,2,3,5,4,0,3,9,5,0,7,5,9,10,11,3,4,5,2,10,9,8,4,3,9,2,5,5,3,6,6,0,11,5,10,11,4,0,2,0,3,8,3,4,7,9,2,0,4,9,3,6,3,2,5,7,9,2,5,3,10,4,5,3,2,6,3,3,10,2,8,3,6,10,4,9,4,10,6,3,5,9,11,9,9,4,10,10,5,10,0,4,9,10,3,6,10,9,6,4,6,4,0,4,5,6,10,11,2,6,10,3,0,3,3,2,0,4,5,9,7,9,3,4
10,5,8,3,4,10,6,6,11,0,10,11,4,3,10,8,6,11,2,7,11,11,7,3,2,2,7,3,4,6,5,2,4,10,6,2,8,6,10,11,0,4,5,6,3,11,10,9,5,4,10,3,6,6,4,7,7,2,0,6,11,0,5,2,3,2,4,9,4,5,8,10,3,2,5,10,4,7,4,3,6,8,10,3,6,4,11,5,6,4,3,7,4,4,11,3,9,4,7,11,5,10,5,11,7,4,6,10,0,10,10,5,11,11,6,11,2,5,10,11,4,7,11,10,7,5,7,5,2,5,6,7,11,0,3,7,11,4,2,4,4,3,2,5,6,10,8,10,4,5
11,6,9,4,5,11,7,7,0,2,11,0,5,4,11,9,7,0,3,8,0,0,8,4,3,3,8,4,5,7,6,3,5,11,7,3,9,7,11,0,2,5,6,7,4,0,11,10,6,5,11,4,7,7,5,8,8,3,2,7,0,2,6,3,4,3,5,10,5,6,9,11,4,3,6,11,5,8,5,4,7,9,11,4,7,5,0,6,7,5,4,8,5,5,0,4,10,5,8,0,6,11,6,0,8,5,7,11,2,11,11,6,0,0,7,0,3,6,11,0,5,8,0,11,8,6,8,6,3,6,7,8,0,2,4,8,0,5,3,5,5,4,3,6,7,11,9,11,5,6
0,7,10,5,6,0,8,8,2,3,0,2,6,5,0,10,8,2,4,9,2,2,9,5,4,4,9,5,6,8,7,4,6,0,8,4,10,8,0,2,3,6,7,8,5,2,0,11,7,6,0,5,8,8,6,9,9,4,3,8,2,3,7,4,5,4,6,11,6,7,10,0,5,4,7,0,6,9,6,5,8,10,0,5,8,6,2,7,8,6,5,9,6,6,2,5,11,6,9,2,7,0,7,2,9,6,8,0,3,0,0,7,2,2,8,2,4,7,0,2,6,9,2,0,9,7,9,7,4,7,8,9,2,3,5,9,2,6,4,6,6,5,4,7,8,0,10,0,6,7
2,8,11,6,7,2,9,9,3,4,2,3,7,6,2,11,9,3,5,10,3,3,10,6,5,5,10,6,7,9,8,5,7,2,9,5,11,9,2,3,4,7,8,9,6,3,2,0,8,7,2,6,9,9,7,10,10,5,4,9,3,4,8,5,6,5,7,0,7,8,11,2,6,5,8,2,7,10,7,6,9,11,2,6,9,7,3,8,9,7,6,10,7,7,3,6,0,7,10,3,8,2,8,3,10,7,9,2,4,2,2,8,3,3,9,3,5,8,2,3,7,10,3,2,10,8,10,8,5,8,9,10,3,4,6,10,3,7,5,7,7,6,5,8,9,2,11,2,7,8
3,9,0,7,8,3,10,10,4,5,3,4,8,7,3,0,10,4,6,11,4,4,11,7,6,6,11,7,8,10,9,6,8,3,10,6,0,10,3,4,5,8,9,10,7,4,3,2,9,8,3,7,10,10,8,11,11,6,5,10,4,5,9,6,7,6,8,2,8,9,0,3,7,6,9,3,8,11,8,7,10,0,3,7,10,8,4,9,10,8,7,11,8,8,4,7,2,8,11,4,9,3,9,4,11,8,10,3,5,3,3,9,4,4,10,4,6,9,3,4,8,11,4,3,11,9,11,9,6,9,10,11,4,5,7,11,4,8,6,8,8,7,6,9,10,3,0,3,8,9
4,10,2,8,9,4,11,11,5,6,4,5,9,8,4,2,11,5,7,0,5,5,0,8,7,7,0,8,9,11,10,7,9,4,11,7,2,11,4,5,6,9,10,11,8,5,4,3,10,9,4,8,11,11,9,0,0,7,6,11,5,6,10,7,8,7,9,3,9,10,2,4,8,7,10,4,9,0,9,8,11,2,4,8,11,9,5,10,11,9,8,0,9,9,5,8,3,9,0,5,10,4,10,5,0,9,11,4,6,4,4,10,5,5,11,5,7,10,4,5,9,0,5,4,0,10,0,10,7,10,11,0,5,6,8,0,5,9,7,9,9,8,7,10,11,4,2,4,9,10
5,11,3,9,10,5,0,0,6,7,5,6,10,9,5,3,0,6,8,2,6,6,2,9,8,8,2,9,10,0,11,8,10,5,0,8,3,0,5,6,7,10,11,0,9,6,5,4,11,10,5,9,0,0,10,2,2,8,7,0,6,7,11,8,9,8,10,4,10,11,3,5,9,8,11,5,10,2,10,9,0,3,5,9,0,10,6,11,0,10,9,2,10,10,6,9,4,10,2,6,11,5,11,6,2,10,0,5,7,5,5,11,6,6,0,6,8,11,5,6,10,2,6,5,2,11,2,11,8,11,0,2,6,7,9,2,6,10,8,10,10,9,8,11,0,5,3,5,10,11
6,0,4,10,11,6,2,2,7,8,6,7,11,10,6,4,2,7,9,3,7,7,3,10,9,9,3,10,11,2,0,9,11,6,2,9,4,2,6,7,8,11,0,2,10,7,6,5,0,11,6,10,2,2,11,3,3,9,8,2,7,8,0,9,10,9,11,5,11,0,4,6,10,9,0,6,11,3,11,10,2,4,6,10,2,11,7,0,2,11,10,3,11,11,7,10,5,11,3,7,0,6,0,7,3,11,2,6,8,6,6,0,7,7,2,7,9,0,6,7,11,3,7,6,3,0,3,0,9,0,2,3,7,8,10,3,7,11,9,11,11,10,9,0,2,6,4,6,11,0
7,2,5,11,0,7,3,3,8,9,7,8,0,11,7,5,3,8,10,4,8,8,4,11,10,10,4,11,0,3,2,10,0,7,3,10,5,3,7,8,9,0,2,3,11,8,7,6,2,0,7,11,3,3,0,4,4,10,9,3,8,9,2,10,11,10,0,6,0,2,5,7,11,10,2,7,0,4,0,11,3,5,7,11,3,0,8,2,3,0,11,4,0,0,8,11,6,0,4,8,2,7,2,8,4,0,3,7,9,7,7,2,8,8,3,8,10,2,7,8,0,4,8,7,4,2,4,2,10,2,3,4,8,9,11,4,8,0,10,0,0,11,10,2,3,7,5,7,0,2
8,3,6,0,2,8,4,4,9,10,8,9,2,0,8,6,4,9,11,5,9,9,5,0,11,11,5,0,2,4,3,11,2,8,4,11,6,4,8,9,10,2,3,4,0,9,8,7,3,2,8,0,4,4,2,5,5,11,10,4,9,10,3,11,0,11,2,7,2,3,6,8,0,11,3,8,2,5,2,0,4,6,8,0,4,2,9,3,4,2,0,5,2,2,9,0,7,2,5,9,3,8,3,9,5,2,4,8,10,8,8,3,9,9,4,9,11,3,8,9,2,5,9,8,5,3,5,3,11,3,4,5,9,10,0,5,9,2,11,2,2,0,11,3,4,8,6,8,2,3
9,4,7,2,3,9,5,5,10,11,9,10,3,2,9,7,5,10,0,6,10,10,6,2,0,0,6,2,3,5,4,0,3,9,5,0,7,5,9,10,11,3,4,5,2,10,9,8,4,3,9,2,5,5,3,6,6,0,11,5,10,11,4,0,2,0,3,8,3,4,7,9,2,0,4,9,3,6,3,2,5,7,9,2,5,3,10,4,5,3,2,6,3,3,10,2,8,3,6,10,4,9,4,10,6,3,5,9,11,9,9,4,10,10,5,10,0,4,9,10,3,6,10,9,6,4,6,4,0,4,5,6,10,11,2,6,10,3,0,3,3,2,0,4,5,9,7,9,3,4
10,5,8,3,4,10,6,6,11,0,10,11,4,3,10,8,6,11,2,7,11,11,7,3,2,2,7,3,4,6,5,2,4,10,6,2,8,6,10,11,0,4,5,6,3,11,10,9,5,4,10,3,6,6,4,7,7,2,0,6,11,0,5,2,3,2,4,9,4,5,8,10,3,2,5,10,4,7,4,3,6,8,10,3,6,4,11,5,6,4,3,7,4,4,11,3,9,4,7,11,5,10,5,11,7,4,6,10,0,10,10,5,11,11,6,11,2,5,10,11,4,7,11,10,7,5,7,5,2,5,6,7,11,0,3,7,11,4,2,4,4,3,2,5,6,10,8,10,4,5
11,6,9,4,5,11,7,7,0,2,11,0,5,4,11,9,7,0,3,8,0,0,8,4,3,3,8,4,5,7,6,3,5,11,7,3,9,7,11,0,2,5,6,7,4,0,11,10,6,5,11,4,7,7,5,8,8,3,2,7,0,2,6,3,4,3,5,10,5,6,9,11,4,3,6,11,5,8,5,4,7,9,11,4,7,5,0,6,7,5,4,8,5,5,0,4,10,5,8,0,6,11,6,0,8,5,7,11,2,11,11,6,0,0,7,0,3,6,11,0,5,8,0,11,8,6,8,6,3,6,7,8,0,2,4,8,0,5,3,5,5,4,3,6,7,11,9,11,5,6
0,7,10,5,6,0,8,8,2,3,0,2,6,5,0,10,8,2,4,9,2,2,9,5,4,4,9,5,6,8,7,4,6,0,8,4,10,8,0,2,3,6,7,8,5,2,0,11,7,6,0,5,8,8,6,9,9,4,3,8,2,3,7,4,5,4,6,11,6,7,10,0,5,4,7,0,6,9,6,5,8,10,0,5,8,6,2,7,8,6,5,9,6,6,2,5,11,6,9,2,7,0,7,2,9,6,8,0,3,0,0,7,2,2,8,2,4,7,0,2,6,9,2,0,9,7,9,7,4,7,8,9,2,3,5,9,2,6,4,6,6,5,4,7,8,0,10,0,6,7
2,8,11,6,7,2,9,9,3,4,2,3,7,6,2,11,9,3,5,10,3,3,10,6,5,5,10,6,7,9,8,5,7,2,9,5,11,9,2,3,4,7,8,9,6,3,2,0,8,7,2,6,9,9,7,10,10,5,4,9,3,4,8,5,6,5,7,0,7,8,11,2,6,5,8,2,7,10,7,6,9,11,2,6,9,7,3,8,9,7,6,10,7,7,3,6,0,7,10,3,8,2,8,3,10,7,9,2,4,2,2,8,3,3,9,3,5,8,2,3,7,10,3,2,10,8,10,8,5,8,9,10,3,4,6,10,3,7,5,7,7,6,5,8,9,2,11,2,7,8
3,9,0,7,8,3,10,10,4,5,3,4,8,7,3,0,10,4,6,11,4,4,11,7,6,6,11,7,8,10,9,6,8,3,10,6,0,10,3,4,5,8,9,10,7,4,3,2,9,8,3,7,10,10,8,11,11,6,5,10,4,5,9,6,7,6,8,2,8,9,0,3,7,6,9,3,8,11,8,7,10,0,3,7,10,8,4,9,10,8,7,11,8,8,4,7,2,8,11,4,9,3,9,4,11,8,10,3,5,3,3,9,4,4,10,4,6,9,3,4,8,11,4,3,11,9,11,9,6,9,10,11,4,5,7,11,4,8,6,8,8,7,6,9,10,3,0,3,8,9
4,10,2,8,9,4,11,11,5,6,4,5,9,8,4,2,11,5,7,0,5,5,0,8,7,7,0,8,9,11,10,7,9,4,11,7,2,11,4,5,6,9,10,11,8,5,4,3,10,9,4,8,11,11,9,0,0,7,6,11,5,6,10,7,8,7,9,3,9,10,2,4,8,7,10,4,9,0,9,8,11,2,4,8,11,9,5,10,11,9,8,0,9,9,5,8,3,9,0,5,10,4,10,5,0,9,11,4,6,4,4,10,5,5,11,5,7,10,4,5,9,0,5,4,0,10,0,10,7,10,11,0,5,6,8,0,5,9,7,9,9,8,7,10,11,4,2,4,9,10
5,11,3,9,10,5,0,0,6,7,5,6,10,9,5,3,0,6,8,2,6,6,2,9,8,8,2,9,10,0,11,8,10,5,0,8,3,0,5,6,7,10,11,0,9,6,5,4,11,10,5,9,0,0,10,2,2,8,7,0,6,7,11,8,9,8,10,4,10,11,3,5,9,8,11,5,10,2,10,9,0,3,5,9,0,10,6,11,0,10,9,2,10,10,6,9,4,10,2,6,11,5,11,6,2,10,0,5,7,5,5,11,6,6,0,6,8,11,5,6,10,2,6,5,2,11,2,11,8,11,0,2,6,7,9,2,6,10,8,10,10,9,8,11,0,5,3,5,10,11
6,0,4,10,11,6,2,2,7,8,6,7,11,10,6,4,2,7,9,3,7,7,3,10,9,9,3,10,11,2,0,9,11,6,2,9,4,2,6,7,8,11,0,2,10,7,6,5,0,11,6,10,2,2,11,3,3,9,8,2,7,8,0,9,10,9,11,5,11,0,4,6,10,9,0,6,11,3,11,10,2,4,6,10,2,11,7,0,2,11,10,3,11,11,7,10,5,11,3,7,0,6,0,7,3,11,2,6,8,6,6,0,7,7,2,7,9,0,6,7,11,3,7,6,3,0,3,0,9,0,2,3,7,8,10,3,7,11,9,11,11,10,9,0,2,6,4,6,11,0
7,2,5,11,0,7,3,3,8,9,7,8,0,11,7,5,3,8,10,4,8,8,4,11,10,10,4,11,0,3,2,10,0,7,3,10,5,3,7,8,9,0,2,3,11,8,7,6,2,0,7,11,3,3,0,4,4,10,9,3,8,9,2,10,11,10,0,6,0,2,5,7,11,10,2,7,0,4,0,11,3,5,7,11,3,0,8,2,3,0,11,4,0,0,8,11,6,0,4,8,2,7,2,8,4,0,3,7,9,7,7,2,8,8,3,8,10,2,7,8,0,4,8,7,4,2,4,2,10,2,3,4,8,9,11,4,8,0,10,0,0,11,10,2,3,7,5,7,0,2
8,3,6,0,2,8,4,4,9,10,8,9,2,0,8,6,4,9,11,5,9,9,5,0,11,11,5,0,2,4,3,11,2,8,4,11,6,4,8,9,10,2,3,4,0,9,8,7,3,2,8,0,4,4,2,5,5,11,10,4,9,10,3,11,0,11,2,7,2,3,6,8,0,11,3,8,2,5,2,0,4,6,8,0,4,2,9,3,4,2,0,5,2,2,9,0,7,2,5,9,3,8,3,9,5,2,4,8,10,8,8,3,9,9,4,9,11,3,8,9,2,5,9,8,5,3,5,3,11,3,4,5,9,10,0,5,9,2,11,2,2,0,11,3,4,8,6,8,2,3
9,4,7,2,3,9,5,5,10,11,9,10,3,2,9,7,5,10,0,6,10,10,6,2,0,0,6,2,3,5,4,0,3,9,5,0,7,5,9,10,11,3,4,5,2,10,9,8,4,3,9,2,5,5,3,6,6,0,11,5,10,11,4,0,2,0,3,8,3,4,7,9,2,0,4,9,3,6,3,2,5,7,9,2,5,3,10,4,5,3,2,6,3,3,10,2,8,3,6,10,4,9,4,10,6,3,5,9,11,9,9,4,10,10,5,10,0,4,9,10,3,6,10,9,6,4,6,4,0,4,5,6,10,11,2,6,10,3,0,3,3,2,0,4,5,9,7,9,3,4
10,5,8,3,4,10,6,6,11,0,10,11,4,3,10,8,6,11,2,7,11,11,7,3,2,2,7,3,4,6,5,2,4,10,6,2,8,6,10,11,0,4,5,6,3,11,10,9,5,4,10,3,6,6,4,7,7,2,0,6,11,0,5,2,3,2,4,9,4,5,8,10,3,2,5,10,4,7,4,3,6,8,10,3,6,4,11,5,6,4,3,7,4,4,11,3,9,4,7,11,5,10,5,11,7,4,6,10,0,10,10,5,11,11,6,11,2,5,10,11,4,7,11,10,7,5,7,5,2,5,6,7,11,0,3,7,11,4,2,4,4,3,2,5,6,10,8,10,4,5
11,6,9,4,5,11,7,7,0,2,11,0,5,4,11,9,7,0,3,8,0,0,8,4,3,3,8,4,5,7,6,3,5,11,7,3,9,7,11,0,2,5,6,7,4,0,11,10,6,5,11,4,7,7,5,8,8,3,2,7,0,2,6,3,4,3,5,10,5,6,9,11,4,3,6,11,5,8,5,4,7,9,11,4,7,5,0,6,7,5,4,8,5,5,0,4,10,5,8,0,6,11,6,0,8,5,7,11,2,11,11,6,0,0,7,0,3,6,11,0,5,8,0,11,8,6,8,6,3,6,7,8,0,2,4,8,0,5,3,5,5,4,3,6,7,11,9,11,5,6
0,7,10,5,6,0,8,8,2,3,0,2,6,5,0,10,8,2,4,9,2,2,9,5,4,4,9,5,6,8,7,4,6,0,8,4,10,8,0,2,3,6,7,8,5,2,0,11,7,6,0,5,8,8,6,9,9,4,3,8,2,3,7,4,5,4,6,11,6,7,10,0,5,4,7,0,6,9,6,5,8,10,0,5,8,6,2,7,8,6,5,9,6,6,2,5,11,6,9,2,7,0,7,2,9,6,8,0,3,0,0,7,2,2,8,2,4,7,0,2,6,9,2,0,9,7,9,7,4,7,8,9,2,3,5,9,2,6,4,6,6,5,4,7,8,0,10,0,6,7
2,8,11,6,7,2,9,9,3,4,2,3,7,6,2,11,9,3,5,10,3,3,10,6,5,5,10,6,7,9,8,5,7,2,9,5,11,9,2,3,4,7,8,9,6,3,2,0,8,7,2,6,9,9,7,10,10,5,4,9,3,4,8,5,6,5,7,0,7,8,11,2,6,5,8,2,7,10,7,6,9,11,2,6,9,7,3,8,9,7,6,10,7,7,3,6,0,7,10,3,8,2,8,3,10,7,9,2,4,2,2,8,3,3,9,3,5,8,2,3,7,10,3,2,10,8,10,8,5,8,9,10,3,4,6,10,3,7,5,7,7,6,5,8,9,2,11,2,7,8
3,9,0,7,8,3,10,10,4,5,3,4,8,7,3,0,10,4,6,11,4,4,11,7,6,6,11,7,8,10,9,6,8,3,10,6,0,10,3,4,5,8,9,10,7,4,3,2,9,8,3,7,10,10,8,11,11,6,5,10,4,5,9,6,7,6,8,2,8,9,0,3,7,6,9,3,8,11,8,7,10,0,3,7,10,8,4,9,10,8,7,11,8,8,4,7,2,8,11,4,9,3,9,4,11,8,10,3,5,3,3,9,4,4,10,4,6,9,3,4,8,11,4,3,11,9,11,9,6,9,10,11,4,5,7,11,4,8,6,8,8,7,6,9,10,3,0,3,8,9
4,10,2,8,9,4,11,11,5,6,4,5,9,8,4,2,11,5,7,0,5,5,0,8,7,7,0,8,9,11,10,7,9,4,11,7,2,11,4,5,6,9,10,11,8,5,4,3,10,9,4,8,11,11,9,0,0,7,6,11,5,6,10,7,8,7,9,3,9,10,2,4,8,7,10,4,9,0,9,8,11,2,4,8,11,9,5,10,11,9,8,0,9,9,5,8,3,9,0,5,10,4,10,5,0,9,11,4,6,4,4,10,5,5,11,5,7,10,4,5,9,0,5,4,0,10,0,10,7,10,11,0,5,6,8,0,5,9,7,9,9,8,7,10,11,4,2,4,9,10
5,11,3,9,10,5,0,0,6,7,5,6,10,9,5,3,0,6,8,2,6,6,2,9,8,8,2,9,10,0,11,8,10,5,0,8,3,0,5,6,7,10,11,0,9,6,5,4,11,10,5,9,0,0,10,2,2,8,7,0,6,7,11,8,9,8,10,4,10,11,3,5,9,8,11,5,10,2,10,9,0,3,5,9,0,10,6,11,0,10,9,2,10,10,6,9,4,10,2,6,11,5,11,6,2,10,0,5,7,5,5,11,6,6,0,6,8,11,5,6,10,2,6,5,2,11,2,11,8,11,0,2,6,7,9,2,6,10,8,10,10,9,8,11,0,5,3,5,10,11
6,0,4,10,11,6,2,2,7,8,6,7,11,10,6,4,2,7,9,3,7,7,3,10,9,9,3,10,11,2,0,9,11,6,2,9,4,2,6,7,8,11,0,2,10,7,6,5,0,11,6,10,2,2,11,3,3,9,8,2,7,8,0,9,10,9,11,5,11,0,4,6,10,9,0,6,11,3,11,10,2,4,6,10,2,11,7,0,2,11,10,3,11,11,7,10,5,11,3,7,0,6,0,7,3,11,2,6,8,6,6,0,7,7,2,7,9,0,6,7,11,3,7,6,3,0,3,0,9,0,2,3,7,8,10,3,7,11,9,11,11,10,9,0,2,6,4,6,11,0
7,2,5,11,0,7,3,3,8,9,7,8,0,11,7,5,3,8,10,4,8,8,4,11,10,10,4,11,0,3,2,10,0,7,3,10,5,3,7,8,9,0,2,3,11,8,7,6,2,0,7,11,3,3,0,4,4,10,9,3,8,9,2,10,11,10,0,6,0,2,5,7,11,10,2,7,0,4,0,11,3,5,7,11,3,0,8,2,3,0,11,4,0,0,8,11,6,0,4,8,2,7,2,8,4,0,3,7,9,7,7,2,8,8,3,8,10,2,7,8,0,4,8,7,4,2,4,2,10,2,3,4,8,9,11,4,8,0,10,0,0,11,10,2,3,7,5,7,0,2
8,3,6,0,2,8,4,4,9,10,8,9,2,0,8,6,4,9,11,5,9,9,5,0,11,11,5,0,2,4,3,11,2,8,4,11,6,4,8,9,10,2,3,4,0,9,8,7,3,2,8,0,4,4,2,5,5,11,10,4,9,10,3,11,0,11,2,7,2,3,6,8,0,11,3,8,2,5,2,0,4,6,8,0,4,2,9,3,4,2,0,5,2,2,9,0,7,2,5,9,3,8,3,9,5,2,4,8,10,8,8,3,9,9,4,9,11,3,8,9,2,5,9,8,5,3,5,3,11,3,4,5,9,10,0,5,9,2,11,2,2,0,11,3,4,8,6,8,2,3
9,4,7,2,3,9,5,5,10,11,9,10,3,2,9,7,5,10,0,6,10,10,6,2,0,0,6,2,3,5,4,0,3,9,5,0,7,5,9,10,11,3,4,5,2,10,9,8,4,3,9,2,5,5,3,6,6,0,11,5,10,11,4,0,2,0,3,8,3,4,7,9,2,0,4,9,3,6,3,2,5,7,9,2,5,3,10,4,5,3,2,6,3,3,10,2,8,3,6,10,4,9,4,10,6,3,5,9,11,9,9,4,10,10,5,10,0,4,9,10,3,6,10,9,6,4,6,4,0,4,5,6,10,11,2,6,10,3,0,3,3,2,0,4,5,9,7,9,3,4
10,5,8,3,4,10,6,6,11,0,10,11,4,3,10,8,6,11,2,7,11,11,7,3,2,2,7,3,4,6,5,2,4,10,6,2,8,6,10,11,0,4,5,6,3,11,10,9,5,4,10,3,6,6,4,7,7,2,0,6,11,0,5,2,3,2,4,9,4,5,8,10,3,2,5,10,4,7,4,3,6,8,10,3,6,4,11,5,6,4,3,7,4,4,11,3,9,4,7,11,5,10,5,11,7,4,6,10,0,10,10,5,11,11,6,11,2,5,10,11,4,7,11,10,7,5,7,5,2,5,6,7,11,0,3,7,11,4,2,4,4,3,2,5,6,10,8,10,4,5
11,6,9,4,5,11,7,7,0,2,11,0,5,4,11,9,7,0,3,8,0,0,8,4,3,3,8,4,5,7,6,3,5,11,7,3,9,7,11,0,2,5,6,7,4,0,11,10,6,5,11,4,7,7,5,8,8,3,2,7,0,2,6,3,4,3,5,10,5,6,9,11,4,3,6,11,5,8,5,4,7,9,11,4,7,5,0,6,7,5,4,8,5,5,0,4,10,5,8,0,6,11,6,0,8,5,7,11,2,11,11,6,0,0,7,0,3,6,11,0,5,8,0,11,8,6,8,6,3,6,7,8,0,2,4,8,0,5,3,5,5,4,3,6,7,11,9,11,5,6
0,7,10,5,6,0,8,8,2,3,0,2,6,5,0,10,8,2,4,9,2,2,9,5,4,4,9,5,6,8,7,4,6,0,8,4,10,8,0,2,3,6,7,8,5,2,0,11,7,6,0,5,8,8,6,9,9,4,3,8,2,3,7,4,5,4,6,11,6,7,10,0,5,4,7,0,6,9,6,5,8,10,0,5,8,6,2,7,8,6,5,9,6,6,2,5,11,6,9,2,7,0,7,2,9,6,8,0,3,0,0,7,2,2,8,2,4,7,0,2,6,9,2,0,9,7,9,7,4,7,8,9,2,3,5,9,2,6,4,6,6,5,4,7,8,0,10,0,6,7
2,8,11,6,7,2,9,9,3,4,2,3,7,6,2,11,9,3,5,10,3,3,10,6,5,5,10,6,7,9,8,5,7,2,9,5,11,9,2,3,4,7,8,9,6,3,2,0,8,7,2,6,9,9,7,10,10,5,4,9,3,4,8,5,6,5,7,0,7,8,11,2,6,5,8,2,7,10,7,6,9,11,2,6,9,7,3,8,9,7,6,10,7,7,3,6,0,7,10,3,8,2,8,3,10,7,9,2,4,2,2,8,3,3,9,3,5,8,2,3,7,10,3,2,10,8,10,8,5,8,9,10,3,4,6,10,3,7,5,7,7,6,5,8,9,2,11,2,7,8
3,9,0,7,8,3,10,10,4,5,3,4,8,7,3,0,10,4,6,11,4,4,11,7,6,6,11,7,8,10,9,6,8,3,10,6,0,10,3,4,5,8,9,10,7,4,3,2,9,8,3,7,10,10,8,11,11,6,5,10,4,5,9,6,7,6,8,2,8,9,0,3,7,6,9,3,8,11,8,7,10,0,3,7,10,8,4,9,10,8,7,11,8,8,4,7,2,8,11,4,9,3,9,4,11,8,10,3,5,3,3,9,4,4,10,4,6,9,3,4,8,11,4,3,11,9,11,9,6,9,10,11,4,5,7,11,4,8,6,8,8,7,6,9,10,3,0,3,8,9
4,10,2,8,9,4,11,11,5,6,4,5,9,8,4,2,11,5,7,0,5,5,0,8,7,7,0,8,9,11,10,7,9,4,11,7,2,11,4,5,6,9,10,11,8,5,4,3,10,9,4,8,11,11,9,0,0,7,6,11,5,6,10,7,8,7,9,3,9,10,2,4,8,7,10,4,9,0,9,8,11,2,4,8,11,9,5,10,11,9,8,0,9,9,5,8,3,9,0,5,10,4,10,5,0,9,11,4,6,4,4,10,5,5,11,5,7,10,4,5,9,0,5,4,0,10,0,10,7,10,11,0,5,6,8,0,5,9,7,9,9,8,7,10,11,4,2,4,9,10
5,11,3,9,10,5,0,0,6,7,5,6,10,9,5,3,0,6,8,2,6,6,2,9,8,8,2,9,10,0,11,8,10,5,0,8,3,0,5,6,7,10,11,0,9,6,5,4,11,10,5,9,0,0,10,2,2,8,7,0,6,7,11,8,9,8,10,4,10,11,3,5,9,8,11,5,10,2,10,9,0,3,5,9,0,10,6,11,0,10,9,2,10,10,6,9,4,10,2,6,11,5,11,6,2,10,0,5,7,5,5,11,6,6,0,6,8,11,5,6,10,2,6,5,2,11,2,11,8,11,0,2,6,7,9,2,6,10,8,10,10,9,8,11,0,5,3,5,10,11
6,0,4,10,11,6,2,2,7,8,6,7,11,10,6,4,2,7,9,3,7,7,3,10,9,9,3,10,11,2,0,9,11,6,2,9,4,2,6,7,8,11,0,2,10,7,6,5,0,11,6,10,2,2,11,3,3,9,8,2,7,8,0,9,10,9,11,5,11,0,4,6,10,9,0,6,11,3,11,10,2,4,6,10,2,11,7,0,2,11,10,3,11,11,7,10,5,11,3,7,0,6,0,7,3,11,2,6,8,6,6,0,7,7,2,7,9,0,6,7,11,3,7,6,3,0,3,0,9,0,2,3,7,8,10,3,7,11,9,11,11,10,9,0,2,6,4,6,11,0
7,2,5,11,0,7,3,3,8,9,7,8,0,11,7,5,3,8,10,4,8,8,4,11,10,10,4,11,0,3,2,10,0,7,3,10,5,3,7,8,9,0,2,3,11,8,7,6,2,0,7,11,3,3,0,4,4,10,9,3,8,9,2,10,11,10,0,6,0,2,5,7,11,10,2,7,0,4,0,11,3,5,7,11,3,0,8,2,3,0,11,4,0,0,8,11,6,0,4,8,2,7,2,8,4,0,3,7,9,7,7,2,8,8,3,8,10,2,7,8,0,4,8,7,4,2,4,2,10,2,3,4,8,9,11,4,8,0,10,0,0,11,10,2,3,7,5,7,0,2
8,3,6,0,2,8,4,4,9,10,8,9,2,0,8,6,4,9,11,5,9,9,5,0,11,11,5,0,2,4,3,11,2,8,4,11,6,4,8,9,10,2,3,4,0,9,8,7,3,2,8,0,4,4,2,5,5,11,10,4,9,10,3,11,0,11,2,7,2,3,6,8,0,11,3,8,2,5,2,0,4,6,8,0,4,2,9,3,4,2,0,5,2,2,9,0,7,2,5,9,3,8,3,9,5,2,4,8,10,8,8,3,9,9,4,9,11,3,8,9,2,5,9,8,5,3,5,3,11,3,4,5,9,10,0,5,9,2,11,2,2,0,11,3,4,8,6,8,2,3
9,4,7,2,3,9,5,5,10,11,9,10,3,2,9,7,5,10,0,6,10,10,6,2,0,0,6,2,3,5,4,0,3,9,5,0,7,5,9,10,11,3,4,5,2,10,9,8,4,3,9,2,5,5,3,6,6,0,11,5,10,11,4,0,2,0,3,8,3,4,7,9,2,0,4,9,3,6,3,2,5,7,9,2,5,3,10,4,5,3,2,6,3,3,10,2,8,3,6,10,4,9,4,10,6,3,5,9,11,9,9,4,10,10,5,10,0,4,9,10,3,6,10,9,6,4,6,4,0,4,5,6,10,11,2,6,10,3,0,3,3,2,0,4,5,9,7,9,3,4
10,5,8,3,4,10,6,6,11,0,10,11,4,3,10,8,6,11,2,7,11,11,7,3,2,2,7,3,4,6,5,2,4,10,6,2,8,6,10,11,0,4,5,6,3,11,10,9,5,4,10,3,6,6,4,7,7,2,0,6,11,0,5,2,3,2,4,9,4,5,8,10,3,2,5,10,4,7,4,3,6,8,10,3,6,4,11,5,6,4,3,7,4,4,11,3,9,4,7,11,5,10,5,11,7,4,6,10,0,10,10,5,11,11,6,11,2,5,10,11,4,7,11,10,7,5,7,5,2,5,6,7,11,0,3,7,11,4,2,4,4,3,2,5,6,10,8,10,4,5
11,6,9,4,5,11,7,7,0,2,11,0,5,4,11,9,7,0,3,8,0,0,8,4,3,3,8,4,5,7,6,3,5,11,7,3,9,7,11,0,2,5,6,7,4,0,11,10,6,5,11,4,7,7,5,8,8,3,2,7,0,2,6,3,4,3,5,10,5,6,9,11,4,3,6,11,5,8,5,4,7,9,11,4,7,5,0,6,7,5,4,8,5,5,0,4,10,5,8,0,6,11,6,0,8,5,7,11,2,11,11,6,0,0,7,0,3,6,11,0,5,8,0,11,8,6,8,6,3,6,7,8,0,2,4,8,0,5,3,5,5,4,3,6,7,11,9,11,5,6
0,7,10,5,6,0,8,8,2,3,0,2,6,5,0,10,8,2,4,9,2,2,9,5,4,4,9,5,6,8,7,4,6,0,8,4,10,8,0,2,3,6,7,8,5,2,0,11,7,6,0,5,8,8,6,9,9,4,3,8,2,3,7,4,5,4,6,11,6,7,10,0,5,4,7,0,6,9,6,5,8,10,0,5,8,6,2,7,8,6,5,9,6,6,2,5,11,6,9,2,7,0,7,2,9,6,8,0,3,0,0,7,2,2,8,2,4,7,0,2,6,9,2,0,9,7,9,7,4,7,8,9,2,3,5,9,2,6,4,6,6,5,4,7,8,0,10,0,6,7
2,8,11,6,7,2,9,9,3,4,2,3,7,6,2,11,9,3,5,10,3,3,10,6,5,5,10,6,7,9,8,5,7,2,9,5,11,9,2,3,4,7,8,9,6,3,2,0,8,7,2,6,9,9,7,10,10,5,4,9,3,4,8,5,6,5,7,0,7,8,11,2,6,5,8,2,7,10,7,6,9,11,2,6,9,7,3,8,9,7,6,10,7,7,3,6,0,7,10,3,8,2,8,3,10,7,9,2,4,2,2,8,3,3,9,3,5,8,2,3,7,10,3,2,10,8,10,8,5,8,9,10,3,4,6,10,3,7,5,7,7,6,5,8,9,2,11,2,7,8
3,9,0,7,8,3,10,10,4,5,3,4,8,7,3,0,10,4,6,11,4,4,11,7,6,6,11,7,8,10,9,6,8,3,10,6,0,10,3,4,5,8,9,10,7,4,3,2,9,8,3,7,10,10,8,11,11,6,5,10,4,5,9,6,7,6,8,2,8,9,0,3,7,6,9,3,8,11,8,7,10,0,3,7,10,8,4,9,10,8,7,11,8,8,4,7,2,8,11,4,9,3,9,4,11,8,10,3,5,3,3,9,4,4,10,4,6,9,3,4,8,11,4,3,11,9,11,9,6,9,10,11,4,5,7,11,4,8,6,8,8,7,6,9,10,3,0,3,8,9
4,10,2,8,9,4,11,11,5,6,4,5,9,8,4,2,11,5,7,0,5,5,0,8,7,7,0,8,9,11,10,7,9,4,11,7,2,11,4,5,6,9,10,11,8,5,4,3,10,9,4,8,11,11,9,0,0,7,6,11,5,6,10,7,8,7,9,3,9,10,2,4,8,7,10,4,9,0,9,8,11,2,4,8,11,9,5,10,11,9,8,0,9,9,5,8,3,9,0,5,10,4,10,5,0,9,11,4,6,4,4,10,5,5,11,5,7,10,4,5,9,0,5,4,0,10,0,10,7,10,11,0,5,6,8,0,5,9,7,9,9,8,7,10,11,4,2,4,9,10
5,11,3,9,10,5,0,0,6,7,5,6,10,9,5,3,0,6,8,2,6,6,2,9,8,8,2,9,10,0,11,8,10,5,0,8,3,0,5,6,7,10,11,0,9,6,5,4,11,10,5,9,0,0,10,2,2,8,7,0,6,7,11,8,9,8,10,4,10,11,3,5,9,8,11,5,10,2,10,9,0,3,5,9,0,10,6,11,0,10,9,2,10,10,6,9,4,10,2,6,11,5,11,6,2,10,0,5,7,5,5,11,6,6,0,6,8,11,5,6,10,2,6,5,2,11,2,11,8,11,0,2,6,7,9,2,6,10,8,10,10,9,8,11,0,5,3,5,10,11
6,0,4,10,11,6,2,2,7,8,6,7,11,10,6,4,2,7,9,3,7,7,3,10,9,9,3,10,11,2,0,9,11,6,2,9,4,2,6,7,8,11,0,2,10,7,6,5,0,11,6,10,2,2,11,3,3,9,8,2,7,8,0,9,10,9,11,5,11,0,4,6,10,9,0,6,11,3,11,10,2,4,6,10,2,11,7,0,2,11,10,3,11,11,7,10,5,11,3,7,0,6,0,7,3,11,2,6,8,6,6,0,7,7,2,7,9,0,6,7,11,3,7,6,3,0,3,0,9,0,2,3,7,8,10,3,7,11,9,11,11,10,9,0,2,6,4,6,11,0
7,2,5,11,0,7,3,3,8,9,7,8,0,11,7,5,3,8,10,4,8,8,4,11,10,10,4,11,0,3,2,10,0,7,3,10,5,3,7,8,9,0,2,3,11,8,7,6,2,0,7,11,3,3,0,4,4,10,9,3,8,9,2,10,11,10,0,6,0,2,5,7,11,10,2,7,0,4,0,11,3,5,7,11,3,0,8,2,3,0,11,4,0,0,8,11,6,0,4,8,2,7,2,8,4,0,3,7,9,7,7,2,8,8,3,8,10,2,7,8,0,4,8,7,4,2,4,2,10,2,3,4,8,9,11,4,8,0,10,0,0,11,10,2,3,7,5,7,0,2
8,3,6,0,2,8,4,4,9,10,8,9,2,0,8,6,4,9,11,5,9,9,5,0,11,11,5,0,2,4,3,11,2,8,4,11,6,4,8,9,10,2,3,4,0,9,8,7,3,2,8,0,4,4,2,5,5,11,10,4,9,10,3,11,0,11,2,7,2,3,6,8,0,11,3,8,2,5,2,0,4,6,8,0,4,2,9,3,4,2,0,5,2,2,9,0,7,2,5,9,3,8,3,9,5,2,4,8,10,8,8,3,9,9,4,9,11,3,8,9,2,5,9,8,5,3,5,3,11,3,4,5,9,10,0,5,9,2,11,2,2,0,11,3,4,8,6,8,2,3
9,4,7,2,3,9,5,5,10,11,9,10,3,2,9,7,5,10,0,6,10,10,6,2,0,0,6,2,3,5,4,0,3,9,5,0,7,5,9,10,11,3,4,5,2,10,9,8,4,3,9,2,5,5,3,6,6,0,11,5,10,11,4,0,2,0,3,8,3,4,7,9,2,0,4,9,3,6,3,2,5,7,9,2,5,3,10,4,5,3,2,6,3,3,10,2,8,3,6,10,4,9,4,10,6,3,5,9,11,9,9,4,10,10,5,10,0,4,9,10,3,6,10,9,6,4,6,4,0,4,5,6,10,11,2,6,10,3,0,3,3,2,0,4,5,9,7,9,3,4
10,5,8,3,4,10,6,6,11,0,10,11,4,3,10,8,6,11,2,7,11,11,7,3,2,2,7,3,4,6,5,2,4,10,6,2,8,6,10,11,0,4,5,6,3,11,10,9,5,4,10,3,6,6,4,7,7,2,0,6,11,0,5,2,3,2,4,9,4,5,8,10,3,2,5,10,4,7,4,3,6,8,10,3,6,4,11,5,6,4,3,7,4,4,11,3,9,4,7,11,5,10,5,11,7,4,6,10,0,10,10,5,11,11,6,11,2,5,10,11,4,7,11,10,7,5,7,5,2,5,6,7,11,0,3,7,11,4,2,4,4,3,2,5,6,10,8,10,4,5
11,6,9,4,5,11,7,7,0,2,11,0,5,4,11,9,7,0,3,8,0,0,8,4,3,3,8,4,5,7,6,3,5,11,7,3,9,7,11,0,2,5,6,7,4,0,11,10,6,5,11,4,7,7,5,8,8,3,2,7,0,2,6,3,4,3,5,10,5,6,9,11,4,3,6,11,5,8,5,4,7,9,11,4,7,5,0,6,7,5,4,8,5,5,0,4,10,5,8,0,6,11,6,0,8,5,7,11,2,11,11,6,0,0,7,0,3,6,11,0,5,8,0,11,8,6,8,6,3,6,7,8,0,2,4,8,0,5,3,5,5,4,3,6,7,11,9,11,5,6
0,7,10,5,6,0,8,8,2,3,0,2,6,5,0,10,8,2,4,9,2,2,9,5,4,4,9,5,6,8,7,4,6,0,8,4,10,8,0,2,3,6,7,8,5,2,0,11,7,6,0,5,8,8,6,9,9,4,3,8,2,3,7,4,5,4,6,11,6,7,10,0,5,4,7,0,6,9,6,5,8,10,0,5,8,6,2,7,8,6,5,9,6,6,2,5,11,6,9,2,7,0,7,2,9,6,8,0,3,0,0,7,2,2,8,2,4,7,0,2,6,9,2,0,9,7,9,7,4,7,8,9,2,3,5,9,2,6,4,6,6,5,4,7,8,0,10,0,6,7
2,8,11,6,7,2,9,9,3,4,2,3,7,6,2,11,9,3,5,10,3,3,10,6,5,5,10,6,7,9,8,5,7,2,9,5,11,9,2,3,4,7,8,9,6,3,2,0,8,7,2,6,9,9,7,10,10,5,4,9,3,4,8,5,6,5,7,0,7,8,11,2,6,5,8,2,7,10,7,6,9,11,2,6,9,7,3,8,9,7,6,10,7,7,3,6,0,7,10,3,8,2,8,3,10,7,9,2,4,2,2,8,3,3,9,3,5,8,2,3,7,10,3,2,10,8,10,8,5,8,9,10,3,4,6,10,3,7,5,7,7,6,5,8,9,2,11,2,7,8
3,9,0,7,8,3,10,10,4,5,3,4,8,7,3,0,10,4,6,11,4,4,11,7,6,6,11,7,8,10,9,6,8,3,10,6,0,10,3,4,5,8,9,10,7,4,3,2,9,8,3,7,10,10,8,11,11,6,5,10,4,5,9,6,7,6,8,2,8,9,0,3,7,6,9,3,8,11,8,7,10,0,3,7,10,8,4,9,10,8,7,11,8,8,4,7,2,8,11,4,9,3,9,4,11,8,10,3,5,3,3,9,4,4,10,4,6,9,3,4,8,11,4,3,11,9,11,9,6,9,10,11,4,5,7,11,4,8,6,8,8,7,6,9,10,3,0,3,8,9
4,10,2,8,9,4,11,11,5,6,4,5,9,8,4,2,11,5,7,0,5,5,0,8,7,7,0,8,9,11,10,7,9,4,11,7,2,11,4,5,6,9,10,11,8,5,4,3,10,9,4,8,11,11,9,0,0,7,6,11,5,6,10,7,8,7,9,3,9,10,2,4,8,7,10,4,9,0,9,8,11,2,4,8,11,9,5,10,11,9,8,0,9,9,5,8,3,9,0,5,10,4,10,5,0,9,11,4,6,4,4,10,5,5,11,5,7,10,4,5,9,0,5,4,0,10,0,10,7,10,11,0,5,6,8,0,5,9,7,9,9,8,7,10,11,4,2,4,9,10
5,11,3,9,10,5,0,0,6,7,5,6,10,9,5,3,0,6,8,2,6,6,2,9,8,8,2,9,10,0,11,8,10,5,0,8,3,0,5,6,7,10,11,0,9,6,5,4,11,10,5,9,0,0,10,2,2,8,7,0,6,7,11,8,9,8,10,4,10,11,3,5,9,8,11,5,10,2,10,9,0,3,5,9,0,10,6,11,0,10,9,2,10,10,6,9,4,10,2,6,11,5,11,6,2,10,0,5,7,5,5,11,6,6,0,6,8,11,5,6,10,2,6,5,2,11,2,11,8,11,0,2,6,7,9,2,6,10,8,10,10,9,8,11,0,5,3,5,10,11
6,0,4,10,11,6,2,2,7,8,6,7,11,10,6,4,2,7,9,3,7,7,3,10,9,9,3,10,11,2,0,9,11,6,2,9,4,2,6,7,8,11,0,2,10,7,6,5,0,11,6,10,2,2,11,3,3,9,8,2,7,8,0,9,10,9,11,5,11,0,4,6,10,9,0,6,11,3,11,10,2,4,6,10,2,11,7,0,2,11,10,3,11,11,7,10,5,11,3,7,0,6,0,7,3,11,2,6,8,6,6,0,7,7,2,7,9,0,6,7,11,3,7,6,3,0,3,0,9,0,2,3,7,8,10,3,7,11,9,11,11,10,9,0,2,6,4,6,11,0
7,2,5,11,0,7,3,3,8,9,7,8,0,11,7,5,3,8,10,4,8,8,4,11,10,10,4,11,0,3,2,10,0,7,3,10,5,3,7,8,9,0,2,3,11,8,7,6,2,0,7,11,3,3,0,4,4,10,9,3,8,9,2,10,11,10,0,6,0,2,5,7,11,10,2,7,0,4,0,11,3,5,7,11,3,0,8,2,3,0,11,4,0,0,8,11,6,0,4,8,2,7,2,8,4,0,3,7,9,7,7,2,8,8,3,8,10,2,7,8,0,4,8,7,4,2,4,2,10,2,3,4,8,9,11,4,8,0,10,0,0,11,10,2,3,7,5,7,0,2
8,3,6,0,2,8,4,4,9,10,8,9,2,0,8,6,4,9,11,5,9,9,5,0,11,11,5,0,2,4,3,11,2,8,4,11,6,4,8,9,10,2,3,4,0,9,8,7,3,2,8,0,4,4,2,5,5,11,10,4,9,10,3,11,0,11,2,7,2,3,6,8,0,11,3,8,2,5,2,0,4,6,8,0,4,2,9,3,4,2,0,5,2,2,9,0,7,2,5,9,3,8,3,9,5,2,4,8,10,8,8,3,9,9,4,9,11,3,8,9,2,5,9,8,5,3,5,3,11,3,4,5,9,10,0,5,9,2,11,2,2,0,11,3,4,8,6,8,2,3
9,4,7,2,3,9,5,5,10,11,9,10,3,2,9,7,5,10,0,6,10,10,6,2,0,0,6,2,3,5,4,0,3,9,5,0,7,5,9,10,11,3,4,5,2,10,9,8,4,3,9,2,5,5,3,6,6,0,11,5,10,11,4,0,2,0,3,8,3,4,7,9,2,0,4,9,3,6,3,2,5,7,9,2,5,3,10,4,5,3,2,6,3,3,10,2,8,3,6,10,4,9,4,10,6,3,5,9,11,9,9,4,10,10,5,10,0,4,9,10,3,6,10,9,6,4,6,4,0,4,5,6,10,11,2,6,10,3,0,3,3,2,0,4,5,9,7,9,3,4
10,5,8,3,4,10,6,6,11,0,10,11,4,3,10,8,6,11,2,7,11,11,7,3,2,2,7,3,4,6,5,2,4,10,6,2,8,6,10,11,0,4,5,6,3,11,10,9,5,4,10,3,6,6,4,7,7,2,0,6,11,0,5,2,3,2,4,9,4,5,8,10,3,2,5,10,4,7,4,3,6,8,10,3,6,4,11,5,6,4,3,7,4,4,11,3,9,4,7,11,5,10,5,11,7,4,6,10,0,10,10,5,11,11,6,11,2,5,10,11,4,7,11,10,7,5,7,5,2,5,6,7,11,0,3,7,11,4,2,4,4,3,2,5,6,10,8,10,4,5
11,6,9,4,5,11,7,7,0,2,11,0,5,4,11,9,7,0,3,8,0,0,8,4,3,3,8,4,5,7,6,3,5,11,7,3,9,7,11,0,2,5,6,7,4,0,11,10,6,5,11,4,7,7,5,8,8,3,2,7,0,2,6,3,4,3,5,10,5,6,9,11,4,3,6,11,5,8,5,4,7,9,11,4,7,5,0,6,7,5,4,8,5,5,0,4,10,5,8,0,6,11,6,0,8,5,7,11,2,11,11,6,0,0,7,0,3,6,11,0,5,8,0,11,8,6,8,6,3,6,7,8,0,2,4,8,0,5,3,5,5,4,3,6,7,11,9,11,5,6
0,7,10,5,6,0,8,8,2,3,0,2,6,5,0,10,8,2,4,9,2,2,9,5,4,4,9,5,6,8,7,4,6,0,8,4,10,8,0,2,3,6,7,8,5,2,0,11,7,6,0,5,8,8,6,9,9,4,3,8,2,3,7,4,5,4,6,11,6,7,10,0,5,4,7,0,6,9,6,5,8,10,0,5,8,6,2,7,8,6,5,9,6,6,2,5,11,6,9,2,7,0,7,2,9,6,8,0,3,0,0,7,2,2,8,2,4,7,0,2,6,9,2,0,9,7,9,7,4,7,8,9,2,3,5,9,2,6,4,6,6,5,4,7,8,0,10,0,6,7
2,8,11,6,7,2,9,9,3,4,2,3,7,6,2,11,9,3,5,10,3,3,10,6,5,5,10,6,7,9,8,5,7,2,9,5,11,9,2,3,4,7,8,9,6,3,2,0,8,7,2,6,9,9,7,10,10,5,4,9,3,4,8,5,6,5,7,0,7,8,11,2,6,5,8,2,7,10,7,6,9,11,2,6,9,7,3,8,9,7,6,10,7,7,3,6,0,7,10,3,8,2,8,3,10,7,9,2,4,2,2,8,3,3,9,3,5,8,2,3,7,10,3,2,10,8,10,8,5,8,9,10,3,4,6,10,3,7,5,7,7,6,5,8,9,2,11,2,7,8
3,9,0,7,8,3,10,10,4,5,3,4,8,7,3,0,10,4,6,11,4,4,11,7,6,6,11,7,8,10,9,6,8,3,10,6,0,10,3,4,5,8,9,10,7,4,3,2,9,8,3,7,10,10,8,11,11,6,5,10,4,5,9,6,7,6,8,2,8,9,0,3,7,6,9,3,8,11,8,7,10,0,3,7,10,8,4,9,10,8,7,11,8,8,4,7,2,8,11,4,9,3,9,4,11,8,10,3,5,3,3,9,4,4,10,4,6,9,3,4,8,11,4,3,11,9,11,9,6,9,10,11,4,5,7,11,4,8,6,8,8,7,6,9,10,3,0,3,8,9
4,10,2,8,9,4,11,11,5,6,4,5,9,8,4,2,11,5,7,0,5,5,0,8,7,7,0,8,9,11,10,7,9,4,11,7,2,11,4,5,6,9,10,11,8,5,4,3,10,9,4,8,11,11,9,0,0,7,6,11,5,6,10,7,8,7,9,3,9,10,2,4,8,7,10,4,9,0,9,8,11,2,4,8,11,9,5,10,11,9,8,0,9,9,5,8,3,9,0,5,10,4,10,5,0,9,11,4,6,4,4,10,5,5,11,5,7,10,4,5,9,0,5,4,0,10,0,10,7,10,11,0,5,6,8,0,5,9,7,9,9,8,7,10,11,4,2,4,9,10
5,11,3,9,10,5,0,0,6,7,5,6,10,9,5,3,0,6,8,2,6,6,2,9,8,8,2,9,10,0,11,8,10,5,0,8,3,0,5,6,7,10,11,0,9,6,5,4,11,10,5,9,0,0,10,2,2,8,7,0,6,7,11,8,9,8,10,4,10,11,3,5,9,8,11,5,10,2,10,9,0,3,5,9,0,10,6,11,0,10,9,2,10,10,6,9,4,10,2,6,11,5,11,6,2,10,0,5,7,5,5,11,6,6,0,6,8,11,5,6,10,2,6,5,2,11,2,11,8,11,0,2,6,7,9,2,6,10,8,10,10,9,8,11,0,5,3,5,10,11
6,0,4,10,11,6,2,2,7,8,6,7,11,10,6,4,2,7,9,3,7,7,3,10,9,9,3,10,11,2,0,9,11,6,2,9,4,2,6,7,8,11,0,2,10,7,6,5,0,11,6,10,2,2,11,3,3,9,8,2,7,8,0,9,10,9,11,5,11,0,4,6,10,9,0,6,11,3,11,10,2,4,6,10,2,11,7,0,2,11,10,3,11,11,7,10,5,11,3,7,0,6,0,7,3,11,2,6,8,6,6,0,7,7,2,7,9,0,6,7,11,3,7,6,3,0,3,0,9,0,2,3,7,8,10,3,7,11,9,11,11,10,9,0,2,6,4,6,11,0
7,2,5,11,0,7,3,3,8,9,7,8,0,11,7,5,3,8,10,4,8,8,4,11,10,10,4,11,0,3,2,10,0,7,3,10,5,3,7,8,9,0,2,3,11,8,7,6,2,0,7,11,3,3,0,4,4,10,9,3,8,9,2,10,11,10,0,6,0,2,5,7,11,10,2,7,0,4,0,11,3,5,7,11,3,0,8,2,3,0,11,4,0,0,8,11,6,0,4,8,2,7,2,8,4,0,3,7,9,7,7,2,8,8,3,8,10,2,7,8,0,4,8,7,4,2,4,2,10,2,3,4,8,9,11,4,8,0,10,0,0,11,10,2,3,7,5,7,0,2
8,3,6,0,2,8,4,4,9,10,8,9,2,0,8,6,4,9,11,5,9,9,5,0,11,11,5,0,2,4,3,11,2,8,4,11,6,4,8,9,10,2,3,4,0,9,8,7,3,2,8,0,4,4,2,5,5,11,10,4,9,10,3,11,0,11,2,7,2,3,6,8,0,11,3,8,2,5,2,0,4,6,8,0,4,2,9,3,4,2,0,5,2,2,9,0,7,2,5,9,3,8,3,9,5,2,4,8,10,8,8,3,9,9,4,9,11,3,8,9,2,5,9,8,5,3,5,3,11,3,4,5,9,10,0,5,9,2,11,2,2,0,11,3,4,8,6,8,2,3
9,4,7,2,3,9,5,5,10,11,9,10,3,2,9,7,5,10,0,6,10,10,6,2,0,0,6,2,3,5,4,0,3,9,5,0,7,5,9,10,11,3,4,5,2,10,9,8,4,3,9,2,5,5,3,6,6,0,11,5,10,11,4,0,2,0,3,8,3,4,7,9,2,0,4,9,3,6,3,2,5,7,9,2,5,3,10,4,5,3,2,6,3,3,10,2,8,3,6,10,4,9,4,10,6,3,5,9,11,9,9,4,10,10,5,10,0,4,9,10,3,6,10,9,6,4,6,4,0,4,5,6,10,11,2,6,10,3,0,3,3,2,0,4,5,9,7,9,3,4
10,5,8,3,4,10,6,6,11,0,10,11,4,3,10,8,6,11,2,7,11,11,7,3,2,2,7,3,4,6,5,2,4,10,6,2,8,6,10,11,0,4,5,6,3,11,10,9,5,4,10,3,6,6,4,7,7,2,0,6,11,0,5,2,3,2,4,9,4,5,8,10,3,2,5,10,4,7,4,3,6,8,10,3,6,4,11,5,6,4,3,7,4,4,11,3,9,4,7,11,5,10,5,11,7,4,6,10,0,10,10,5,11,11,6,11,2,5,10,11,4,7,11,10,7,5,7,5,2,5,6,7,11,0,3,7,11,4,2,4,4,3,2,5,6,10,8,10,4,5
11,6,9,4,5,11,7,7,0,2,11,0,5,4,11,9,7,0,3,8,0,0,8,4,3,3,8,4,5,7,6,3,5,11,7,3,9,7,11,0,2,5,6,7,4,0,11,10,6,5,11,4,7,7,5,8,8,3,2,7,0,2,6,3,4,3,5,10,5,6,9,11,4,3,6,11,5,8,5,4,7,9,11,4,7,5,0,6,7,5,4,8,5,5,0,4,10,5,8,0,6,11,6,0,8,5,7,11,2,11,11,6,0,0,7,0,3,6,11,0,5,8,0,11,8,6,8,6,3,6,7,8,0,2,4,8,0,5,3,5,5,4,3,6,7,11,9,11,5,6
0,7,10,5,6,0,8,8,2,3,0,2,6,5,0,10,8,2,4,9,2,2,9,5,4,4,9,5,6,8,7,4,6,0,8,4,10,8,0,2,3,6,7,8,5,2,0,11,7,6,0,5,8,8,6,9,9,4,3,8,2,3,7,4,5,4,6,11,6,7,10,0,5,4,7,0,6,9,6,5,8,10,0,5,8,6,2,7,8,6,5,9,6,6,2,5,11,6,9,2,7,0,7,2,9,6,8,0,3,0,0,7,2,2,8,2,4,7,0,2,6,9,2,0,9,7,9,7,4,7,8,9,2,3,5,9,2,6,4,6,6,5,4,7,8,0,10,0,6,7
2,8,11,6,7,2,9,9,3,4,2,3,7,6,2,11,9,3,5,10,3,3,10,6,5,5,10,6,7,9,8,5,7,2,9,5,11,9,2,3,4,7,8,9,6,3,2,0,8,7,2,6,9,9,7,10,10,5,4,9,3,4,8,5,6,5,7,0,7,8,11,2,6,5,8,2,7,10,7,6,9,11,2,6,9,7,3,8,9,7,6,10,7,7,3,6,0,7,10,3,8,2,8,3,10,7,9,2,4,2,2,8,3,3,9,3,5,8,2,3,7,10,3,2,10,8,10,8,5,8,9,10,3,4,6,10,3,7,5,7,7,6,5,8,9,2,11,2,7,8
3,9,0,7,8,3,10,10,4,5,3,4,8,7,3,0,10,4,6,11,4,4,11,7,6,6,11,7,8,10,9,6,8,3,10,6,0,10,3,4,5,8,9,10,7,4,3,2,9,8,3,7,10,10,8,11,11,6,5,10,4,5,9,6,7,6,8,2,8,9,0,3,7,6,9,3,8,11,8,7,10,0,3,7,10,8,4,9,10,8,7,11,8,8,4,7,2,8,11,4,9,3,9,4,11,8,10,3,5,3,3,9,4,4,10,4,6,9,3,4,8,11,4,3,11,9,11,9,6,9,10,11,4,5,7,11,4,8,6,8,8,7,6,9,10,3,0,3,8,9
4,10,2,8,9,4,11,11,5,6,4,5,9,8,4,2,11,5,7,0,5,5,0,8,7,7,0,8,9,11,10,7,9,4,11,7,2,11,4,5,6,9,10,11,8,5,4,3,10,9,4,8,11,11,9,0,0,7,6,11,5,6,10,7,8,7,9,3,9,10,2,4,8,7,10,4,9,0,9,8,11,2,4,8,11,9,5,10,11,9,8,0,9,9,5,8,3,9,0,5,10,4,10,5,0,9,11,4,6,4,4,10,5,5,11,5,7,10,4,5,9,0,5,4,0,10,0,10,7,10,11,0,5,6,8,0,5,9,7,9,9,8,7,10,11,4,2,4,9,10
5,11,3,9,10,5,0,0,6,7,5,6,10,9,5,3,0,6,8,2,6,6,2,9,8,8,2,9,10,0,11,8,10,5,0,8,3,0,5,6,7,10,11,0,9,6,5,4,11,10,5,9,0,0,10,2,2,8,7,0,6,7,11,8,9,8,10,4,10,11,3,5,9,8,11,5,10,2,10,9,0,3,5,9,0,10,6,11,0,10,9,2,10,10,6,9,4,10,2,6,11,5,11,6,2,10,0,5,7,5,5,11,6,6,0,6,8,11,5,6,10,2,6,5,2,11,2,11,8,11,0,2,6,7,9,2,6,10,8,10,10,9,8,11,0,5,3,5,10,11
6,0,4,10,11,6,2,2,7,8,6,7,11,10,6,4,2,7,9,3,7,7,3,10,9,9,3,10,11,2,0,9,11,6,2,9,4,2,6,7,8,11,0,2,10,7,6,5,0,11,6,10,2,2,11,3,3,9,8,2,7,8,0,9,10,9,11,5,11,0,4,6,10,9,0,6,11,3,11,10,2,4,6,10,2,11,7,0,2,11,10,3,11,11,7,10,5,11,3,7,0,6,0,7,3,11,2,6,8,6,6,0,7,7,2,7,9,0,6,7,11,3,7,6,3,0,3,0,9,0,2,3,7,8,10,3,7,11,9,11,11,10,9,0,2,6,4,6,11,0
7,2,5,11,0,7,3,3,8,9,7,8,0,11,7,5,3,8,10,4,8,8,4,11,10,10,4,11,0,3,2,10,0,7,3,10,5,3,7,8,9,0,2,3,11,8,7,6,2,0,7,11,3,3,0,4,4,10,9,3,8,9,2,10,11,10,0,6,0,2,5,7,11,10,2,7,0,4,0,11,3,5,7,11,3,0,8,2,3,0,11,4,0,0,8,11,6,0,4,8,2,7,2,8,4,0,3,7,9,7,7,2,8,8,3,8,10,2,7,8,0,4,8,7,4,2,4,2,10,2,3,4,8,9,11,4,8,0,10,0,0,11,10,2,3,7,5,7,0,2
8,3,6,0,2,8,4,4,9,10,8,9,2,0,8,6,4,9,11,5,9,9,5,0,11,11,5,0,2,4,3,11,2,8,4,11,6,4,8,9,10,2,3,4,0,9,8,7,3,2,8,0,4,4,2,5,5,11,10,4,9,10,3,11,0,11,2,7,2,3,6,8,0,11,3,8,2,5,2,0,4,6,8,0,4,2,9,3,4,2,0,5,2,2,9,0,7,2,5,9,3,8,3,9,5,2,4,8,10,8,8,3,9,9,4,9,11,3,8,9,2,5,9,8,5,3,5,3,11,3,4,5,9,10,0,5,9,2,11,2,2,0,11,3,4,8,6,8,2,3
9,4,7,2,3,9,5,5,10,11,9,10,3,2,9,7,5,10,0,6,10,10,6,2,0,0,6,2,3,5,4,0,3,9,5,0,7,5,9,10,11,3,4,5,2,10,9,8,4,3,9,2,5,5,3,6,6,0,11,5,10,11,4,0,2,0,3,8,3,4,7,9,2,0,4,9,3,6,3,2,5,7,9,2,5,3,10,4,5,3,2,6,3,3,10,2,8,3,6,10,4,9,4,10,6,3,5,9,11,9,9,4,10,10,5,10,0,4,9,10,3,6,10,9,6,4,6,4,0,4,5,6,10,11,2,6,10,3,0,3,3,2,0,4,5,9,7,9,3,4
10,5,8,3,4,10,6,6,11,0,10,11,4,3,10,8,6,11,2,7,11,11,7,3,2,2,7,3,4,6,5,2,4,10,6,2,8,6,10,11,0,4,5,6,3,11,10,9,5,4,10,3,6,6,4,7,7,2,0,6,11,0,5,2,3,2,4,9,4,5,8,10,3,2,5,10,4,7,4,3,6,8,10,3,6,4,11,5,6,4,3,7,4,4,11,3,9,4,7,11,5,10,5,11,7,4,6,10,0,10,10,5,11,11,6,11,2,5,10,11,4,7,11,10,7,5,7,5,2,5,6,7,11,0,3,7,11,4,2,4,4,3,2,5,6,10,8,10,4,5
11,6,9,4,5,11,7,7,0,2,11,0,5,4,11,9,7,0,3,8,0,0,8,4,3,3,8,4,5,7,6,3,5,11,7,3,9,7,11,0,2,5,6,7,4,0,11,10,6,5,11,4,7,7,5,8,8,3,2,7,0,2,6,3,4,3,5,10,5,6,9,11,4,3,6,11,5,8,5,4,7,9,11,4,7,5,0,6,7,5,4,8,5,5,0,4,10,5,8,0,6,11,6,0,8,5,7,11,2,11,11,6,0,0,7,0,3,6,11,0,5,8,0,11,8,6,8,6,3,6,7,8,0,2,4,8,0,5,3,5,5,4,3,6,7,11,9,11,5,6
0,7,10,5,6,0,8,8,2,3,0,2,6,5,0,10,8,2,4,9,2,2,9,5,4,4,9,5,6,8,7,4,6,0,8,4,10,8,0,2,3,6,7,8,5,2,0,11,7,6,0,5,8,8,6,9,9,4,3,8,2,3,7,4,5,4,6,11,6,7,10,0,5,4,7,0,6,9,6,5,8,10,0,5,8,6,2,7,8,6,5,9,6,6,2,5,11,6,9,2,7,0,7,2,9,6,8,0,3,0,0,7,2,2,8,2,4,7,0,2,6,9,2,0,9,7,9,7,4,7,8,9,2,3,5,9,2,6,4,6,6,5,4,7,8,0,10,0,6,7
2,8,11,6,7,2,9,9,3,4,2,3,7,6,2,11,9,3,5,10,3,3,10,6,5,5,10,6,7,9,8,5,7,2,9,5,11,9,2,3,4,7,8,9,6,3,2,0,8,7,2,6,9,9,7,10,10,5,4,9,3,4,8,5,6,5,7,0,7,8,11,2,6,5,8,2,7,10,7,6,9,11,2,6,9,7,3,8,9,7,6,10,7,7,3,6,0,7,10,3,8,2,8,3,10,7,9,2,4,2,2,8,3,3,9,3,5,8,2,3,7,10,3,2,10,8,10,8,5,8,9,10,3,4,6,10,3,7,5,7,7,6,5,8,9,2,11,2,7,8
3,9,0,7,8,3,10,10,4,5,3,4,8,7,3,0,10,4,6,11,4,4,11,7,6,6,11,7,8,10,9,6,8,3,10,6,0,10,3,4,5,8,9,10,7,4,3,2,9,8,3,7,10,10,8,11,11,6,5,10,4,5,9,6,7,6,8,2,8,9,0,3,7,6,9,3,8,11,8,7,10,0,3,7,10,8,4,9,10,8,7,11,8,8,4,7,2,8,11,4,9,3,9,4,11,8,10,3,5,3,3,9,4,4,10,4,6,9,3,4,8,11,4,3,11,9,11,9,6,9,10,11,4,5,7,11,4,8,6,8,8,7,6,9,10,3,0,3,8,9
4,10,2,8,9,4,11,11,5,6,4,5,9,8,4,2,11,5,7,0,5,5,0,8,7,7,0,8,9,11,10,7,9,4,11,7,2,11,4,5,6,9,10,11,8,5,4,3,10,9,4,8,11,11,9,0,0,7,6,11,5,6,10,7,8,7,9,3,9,10,2,4,8,7,10,4,9,0,9,8,11,2,4,8,11,9,5,10,11,9,8,0,9,9,5,8,3,9,0,5,10,4,10,5,0,9,11,4,6,4,4,10,5,5,11,5,7,10,4,5,9,0,5,4,0,10,0,10,7,10,11,0,5,6,8,0,5,9,7,9,9,8,7,10,11,4,2,4,9,10
5,11,3,9,10,5,0,0,6,7,5,6,10,9,5,3,0,6,8,2,6,6,2,9,8,8,2,9,10,0,11,8,10,5,0,8,3,0,5,6,7,10,11,0,9,6,5,4,11,10,5,9,0,0,10,2,2,8,7,0,6,7,11,8,9,8,10,4,10,11,3,5,9,8,11,5,10,2,10,9,0,3,5,9,0,10,6,11,0,10,9,2,10,10,6,9,4,10,2,6,11,5,11,6,2,10,0,5,7,5,5,11,6,6,0,6,8,11,5,6,10,2,6,5,2,11,2,11,8,11,0,2,6,7,9,2,6,10,8,10,10,9,8,11,0,5,3,5,10,11
6,0,4,10,11,6,2,2,7,8,6,7,11,10,6,4,2,7,9,3,7,7,3,10,9,9,3,10,11,2,0,9,11,6,2,9,4,2,6,7,8,11,0,2,10,7,6,5,0,11,6,10,2,2,11,3,3,9,8,2,7,8,0,9,10,9,11,5,11,0,4,6,10,9,0,6,11,3,11,10,2,4,6,10,2,11,7,0,2,11,10,3,11,11,7,10,5,11,3,7,0,6,0,7,3,11,2,6,8,6,6,0,7,7,2,7,9,0,6,7,11,3,7,6,3,0,3,0,9,0,2,3,7,8,10,3,7,11,9,11,11,10,9,0,2,6,4,6,11,0
7,2,5,11,0,7,3,3,8,9,7,8,0,11,7,5,3,8,10,4,8,8,4,11,10,10,4,11,0,3,2,10,0,7,3,10,5,3,7,8,9,0,2,3,11,8,7,6,2,0,7,11,3,3,0,4,4,10,9,3,8,9,2,10,11,10,0,6,0,2,5,7,11,10,2,7,0,4,0,11,3,5,7,11,3,0,8,2,3,0,11,4,0,0,8,11,6,0,4,8,2,7,2,8,4,0,3,7,9,7,7,2,8,8,3,8,10,2,7,8,0,4,8,7,4,2,4,2,10,2,3,4,8,9,11,4,8,0,10,0,0,11,10,2,3,7,5,7,0,2
8,3,6,0,2,8,4,4,9,10,8,9,2,0,8,6,4,9,11,5,9,9,5,0,11,11,5,0,2,4,3,11,2,8,4,11,6,4,8,9,10,2,3,4,0,9,8,7,3,2,8,0,4,4,2,5,5,11,10,4,9,10,3,11,0,11,2,7,2,3,6,8,0,11,3,8,2,5,2,0,4,6,8,0,4,2,9,3,4,2,0,5,2,2,9,0,7,2,5,9,3,8,3,9,5,2,4,8,10,8,8,3,9,9,4,9,11,3,8,9,2,5,9,8,5,3,5,3,11,3,4,5,9,10,0,5,9,2,11,2,2,0,11,3,4,8,6,8,2,3
9,4,7,2,3,9,5,5,10,11,9,10,3,2,9,7,5,10,0,6,10,10,6,2,0,0,6,2,3,5,4,0,3,9,5,0,7,5,9,10,11,3,4,5,2,10,9,8,4,3,9,2,5,5,3,6,6,0,11,5,10,11,4,0,2,0,3,8,3,4,7,9,2,0,4,9,3,6,3,2,5,7,9,2,5,3,10,4,5,3,2,6,3,3,10,2,8,3,6,10,4,9,4,10,6,3,5,9,11,9,9,4,10,10,5,10,0,4,9,10,3,6,10,9,6,4,6,4,0,4,5,6,10,11,2,6,10,3,0,3,3,2,0,4,5,9,7,9,3,4
10,5,8,3,4,10,6,6,11,0,10,11,4,3,10,8,6,11,2,7,11,11,7,3,2,2,7,3,4,6,5,2,4,10,6,2,8,6,10,11,0,4,5,6,3,11,10,9,5,4,10,3,6,6,4,7,7,2,0,6,11,0,5,2,3,2,4,9,4,5,8,10,3,2,5,10,4,7,4,3,6,8,10,3,6,4,11,5,6,4,3,7,4,4,11,3,9,4,7,11,5,10,5,11,7,4,6,10,0,10,10,5,11,11,6,11,2,5,10,11,4,7,11,10,7,5,7,5,2,5,6,7,11,0,3,7,11,4,2,4,4,3,2,5,6,10,8,10,4,5
11,6,9,4,5,11,7,7,0,2,11,0,5,4,11,9,7,0,3,8,0,0,8,4,3,3,8,4,5,7,6,3,5,11,7,3,9,7,11,0,2,5,6,7,4,0,11,10,6,5,11,4,7,7,5,8,8,3,2,7,0,2,6,3,4,3,5,10,5,6,9,11,4,3,6,11,5,8,5,4,7,9,11,4,7,5,0,6,7,5,4,8,5,5,0,4,10,5,8,0,6,11,6,0,8,5,7,11,2,11,11,6,0,0,7,0,3,6,11,0,5,8,0,11,8,6,8,6,3,6,7,8,0,2,4,8,0,5,3,5,5,4,3,6,7,11,9,11,5,6
0,7,10,5,6,0,8,8,2,3,0,2,6,5,0,10,8,2,4,9,2,2,9,5,4,4,9,5,6,8,7,4,6,0,8,4,10,8,0,2,3,6,7,8,5,2,0,11,7,6,0,5,8,8,6,9,9,4,3,8,2,3,7,4,5,4,6,11,6,7,10,0,5,4,7,0,6,9,6,5,8,10,0,5,8,6,2,7,8,6,5,9,6,6,2,5,11,6,9,2,7,0,7,2,9,6,8,0,3,0,0,7,2,2,8,2,4,7,0,2,6,9,2,0,9,7,9,7,4,7,8,9,2,3,5,9,2,6,4,6,6,5,4,7,8,0,10,0,6,7
2,8,11,6,7,2,9,9,3,4,2,3,7,6,2,11,9,3,5,10,3,3,10,6,5,5,10,6,7,9,8,5,7,2,9,5,11,9,2,3,4,7,8,9,6,3,2,0,8,7,2,6,9,9,7,10,10,5,4,9,3,4,8,5,6,5,7,0,7,8,11,2,6,5,8,2,7,10,7,6,9,11,2,6,9,7,3,8,9,7,6,10,7,7,3,6,0,7,10,3,8,2,8,3,10,7,9,2,4,2,2,8,3,3,9,3,5,8,2,3,7,10,3,2,10,8,10,8,5,8,9,10,3,4,6,10,3,7,5,7,7,6,5,8,9,2,11,2,7,8
3,9,0,7,8,3,10,10,4,5,3,4,8,7,3,0,10,4,6,11,4,4,11,7,6,6,11,7,8,10,9,6,8,3,10,6,0,10,3,4,5,8,9,10,7,4,3,2,9,8,3,7,10,10,8,11,11,6,5,10,4,5,9,6,7,6,8,2,8,9,0,3,7,6,9,3,8,11,8,7,10,0,3,7,10,8,4,9,10,8,7,11,8,8,4,7,2,8,11,4,9,3,9,4,11,8,10,3,5,3,3,9,4,4,10,4,6,9,3,4,8,11,4,3,11,9,11,9,6,9,10,11,4,5,7,11,4,8,6,8,8,7,6,9,10,3,0,3,8,9
4,10,2,8,9,4,11,11,5,6,4,5,9,8,4,2,11,5,7,0,5,5,0,8,7,7,0,8,9,11,10,7,9,4,11,7,2,11,4,5,6,9,10,11,8,5,4,3,10,9,4,8,11,11,9,0,0,7,6,11,5,6,10,7,8,7,9,3,9,10,2,4,8,7,10,4,9,0,9,8,11,2,4,8,11,9,5,10,11,9,8,0,9,9,5,8,3,9,0,5,10,4,10,5,0,9,11,4,6,4,4,10,5,5,11,5,7,10,4,5,9,0,5,4,0,10,0,10,7,10,11,0,5,6,8,0,5,9,7,9,9,8,7,10,11,4,2,4,9,10
5,11,3,9,10,5,0,0,6,7,5,6,10,9,5,3,0,6,8,2,6,6,2,9,8,8,2,9,10,0,11,8,10,5,0,8,3,0,5,6,7,10,11,0,9,6,5,4,11,10,5,9,0,0,10,2,2,8,7,0,6,7,11,8,9,8,10,4,10,11,3,5,9,8,11,5,10,2,10,9,0,3,5,9,0,10,6,11,0,10,9,2,10,10,6,9,4,10,2,6,11,5,11,6,2,10,0,5,7,5,5,11,6,6,0,6,8,11,5,6,10,2,6,5,2,11,2,11,8,11,0,2,6,7,9,2,6,10,8,10,10,9,8,11,0,5,3,5,10,11
6,0,4,10,11,6,2,2,7,8,6,7,11,10,6,4,2,7,9,3,7,7,3,10,9,9,3,10,11,2,0,9,11,6,2,9,4,2,6,7,8,11,0,2,10,7,6,5,0,11,6,10,2,2,11,3,3,9,8,2,7,8,0,9,10,9,11,5,11,0,4,6,10,9,0,6,11,3,11,10,2,4,6,10,2,11,7,0,2,11,10,3,11,11,7,10,5,11,3,7,0,6,0,7,3,11,2,6,8,6,6,0,7,7,2,7,9,0,6,7,11,3,7,6,3,0,3,0,9,0,2,3,7,8,10,3,7,11,9,11,11,10,9,0,2,6,4,6,11,0
7,2,5,11,0,7,3,3,8,9,7,8,0,11,7,5,3,8,10,4,8,8,4,11,10,10,4,11,0,3,2,10,0,7,3,10,5,3,7,8,9,0,2,3,11,8,7,6,2,0,7,11,3,3,0,4,4,10,9,3,8,9,2,10,11,10,0,6,0,2,5,7,11,10,2,7,0,4,0,11,3,5,7,11,3,0,8,2,3,0,11,4,0,0,8,11,6,0,4,8,2,7,2,8,4,0,3,7,9,7,7,2,8,8,3,8,10,2,7,8,0,4,8,7,4,2,4,2,10,2,3,4,8,9,11,4,8,0,10,0,0,11,10,2,3,7,5,7,0,2
8,3,6,0,2,8,4,4,9,10,8,9,2,0,8,6,4,9,11,5,9,9,5,0,11,11,5,0,2,4,3,11,2,8,4,11,6,4,8,9,10,2,3,4,0,9,8,7,3,2,8,0,4,4,2,5,5,11,10,4,9,10,3,11,0,11,2,7,2,3,6,8,0,11,3,8,2,5,2,0,4,6,8,0,4,2,9,3,4,2,0,5,2,2,9,0,7,2,5,9,3,8,3,9,5,2,4,8,10,8,8,3,9,9,4,9,11,3,8,9,2,5,9,8,5,3,5,3,11,3,4,5,9,10,0,5,9,2,11,2,2,0,11,3,4,8,6,8,2,3
9,4,7,2,3,9,5,5,10,11,9,10,3,2,9,7,5,10,0,6,10,10,6,2,0,0,6,2,3,5,4,0,3,9,5,0,7,5,9,10,11,3,4,5,2,10,9,8,4,3,9,2,5,5,3,6,6,0,11,5,10,11,4,0,2,0,3,8,3,4,7,9,2,0,4,9,3,6,3,2,5,7,9,2,5,3,10,4,5,3,2,6,3,3,10,2,8,3,6,10,4,9,4,10,6,3,5,9,11,9,9,4,10,10,5,10,0,4,9,10,3,6,10,9,6,4,6,4,0,4,5,6,10,11,2,6,10,3,0,3,3,2,0,4,5,9,7,9,3,4
10,5,8,3,4,10,6,6,11,0,10,11,4,3,10,8,6,11,2,7,11,11,7,3,2,2,7,3,4,6,5,2,4,10,6,2,8,6,10,11,0,4,5,6,3,11,10,9,5,4,10,3,6,6,4,7,7,2,0,6,11,0,5,2,3,2,4,9,4,5,8,10,3,2,5,10,4,7,4,3,6,8,10,3,6,4,11,5,6,4,3,7,4,4,11,3,9,4,7,11,5,10,5,11,7,4,6,10,0,10,10,5,11,11,6,11,2,5,10,11,4,7,11,10,7,5,7,5,2,5,6,7,11,0,3,7,11,4,2,4,4,3,2,5,6,10,8,10,4,5
11,6,9,4,5,11,7,7,0,2,11,0,5,4,11,9,7,0,3,8,0,0,8,4,3,3,8,4,5,7,6,3,5,11,7,3,9,7,11,0,2,5,6,7,4,0,11,10,6,5,11,4,7,7,5,8,8,3,2,7,0,2,6,3,4,3,5,10,5,6,9,11,4,3,6,11,5,8,5,4,7,9,11,4,7,5,0,6,7,5,4,8,5,5,0,4,10,5,8,0,6,11,6,0,8,5,7,11,2,11,11,6,0,0,7,0,3,6,11,0,5,8,0,11,8,6,8,6,3,6,7,8,0,2,4,8,0,5,3,5,5,4,3,6,7,11,9,11,5,6
0,7,10,5,6,0,8,8,2,3,0,2,6,5,0,10,8,2,4,9,2,2,9,5,4,4,9,5,6,8,7,4,6,0,8,4,10,8,0,2,3,6,7,8,5,2,0,11,7,6,0,5,8,8,6,9,9,4,3,8,2,3,7,4,5,4,6,11,6,7,10,0,5,4,7,0,6,9,6,5,8,10,0,5,8,6,2,7,8,6,5,9,6,6,2,5,11,6,9,2,7,0,7,2,9,6,8,0,3,0,0,7,2,2,8,2,4,7,0,2,6,9,2,0,9,7,9,7,4,7,8,9,2,3,5,9,2,6,4,6,6,5,4,7,8,0,10,0,6,7
2,8,11,6,7,2,9,9,3,4,2,3,7,6,2,11,9,3,5,10,3,3,10,6,5,5,10,6,7,9,8,5,7,2,9,5,11,9,2,3,4,7,8,9,6,3,2,0,8,7,2,6,9,9,7,10,10,5,4,9,3,4,8,5,6,5,7,0,7,8,11,2,6,5,8,2,7,10,7,6,9,11,2,6,9,7,3,8,9,7,6,10,7,7,3,6,0,7,10,3,8,2,8,3,10,7,9,2,4,2,2,8,3,3,9,3,5,8,2,3,7,10,3,2,10,8,10,8,5,8,9,10,3,4,6,10,3,7,5,7,7,6,5,8,9,2,11,2,7,8
3,9,0,7,8,3,10,10,4,5,3,4,8,7,3,0,10,4,6,11,4,4,11,7,6,6,11,7,8,10,9,6,8,3,10,6,0,10,3,4,5,8,9,10,7,4,3,2,9,8,3,7,10,10,8,11,11,6,5,10,4,5,9,6,7,6,8,2,8,9,0,3,7,6,9,3,8,11,8,7,10,0,3,7,10,8,4,9,10,8,7,11,8,8,4,7,2,8,11,4,9,3,9,4,11,8,10,3,5,3,3,9,4,4,10,4,6,9,3,4,8,11,4,3,11,9,11,9,6,9,10,11,4,5,7,11,4,8,6,8,8,7,6,9,10,3,0,3,8,9
4,10,2,8,9,4,11,11,5,6,4,5,9,8,4,2,11,5,7,0,5,5,0,8,7,7,0,8,9,11,10,7,9,4,11,7,2,11,4,5,6,9,10,11,8,5,4,3,10,9,4,8,11,11,9,0,0,7,6,11,5,6,10,7,8,7,9,3,9,10,2,4,8,7,10,4,9,0,9,8,11,2,4,8,11,9,5,10,11,9,8,0,9,9,5,8,3,9,0,5,10,4,10,5,0,9,11,4,6,4,4,10,5,5,11,5,7,10,4,5,9,0,5,4,0,10,0,10,7,10,11,0,5,6,8,0,5,9,7,9,9,8,7,10,11,4,2,4,9,10
5,11,3,9,10,5,0,0,6,7,5,6,10,9,5,3,0,6,8,2,6,6,2,9,8,8,2,9,10,0,11,8,10,5,0,8,3,0,5,6,7,10,11,0,9,6,5,4,11,10,5,9,0,0,10,2,2,8,7,0,6,7,11,8,9,8,10,4,10,11,3,5,9,8,11,5,10,2,10,9,0,3,5,9,0,10,6,11,0,10,9,2,10,10,6,9,4,10,2,6,11,5,11,6,2,10,0,5,7,5,5,11,6,6,0,6,8,11,5,6,10,2,6,5,2,11,2,11,8,11,0,2,6,7,9,2,6,10,8,10,10,9,8,11,0,5,3,5,10,11
6,0,4,10,11,6,2,2,7,8,6,7,11,10,6,4,2,7,9,3,7,7,3,10,9,9,3,10,11,2,0,9,11,6,2,9,4,2,6,7,8,11,0,2,10,7,6,5,0,11,6,10,2,2,11,3,3,9,8,2,7,8,0,9,10,9,11,5,11,0,4,6,10,9,0,6,11,3,11,10,2,4,6,10,2,11,7,0,2,11,10,3,11,11,7,10,5,11,3,7,0,6,0,7,3,11,2,6,8,6,6,0,7,7,2,7,9,0,6,7,11,3,7,6,3,0,3,0,9,0,2,3,7,8,10,3,7,11,9,11,11,10,9,0,2,6,4,6,11,0
7,2,5,11,0,7,3,3,8,9,7,8,0,11,7,5,3,8,10,4,8,8,4,11,10,10,4,11,0,3,2,10,0,7,3,10,5,3,7,8,9,0,2,3,11,8,7,6,2,0,7,11,3,3,0,4,4,10,9,3,8,9,2,10,11,10,0,6,0,2,5,7,11,10,2,7,0,4,0,11,3,5,7,11,3,0,8,2,3,0,11,4,0,0,8,11,6,0,4,8,2,7,2,8,4,0,3,7,9,7,7,2,8,8,3,8,10,2,7,8,0,4,8,7,4,2,4,2,10,2,3,4,8,9,11,4,8,0,10,0,0,11,10,2,3,7,5,7,0,2
8,3,6,0,2,8,4,4,9,10,8,9,2,0,8,6,4,9,11,5,9,9,5,0,11,11,5,0,2,4,3,11,2,8,4,11,6,4,8,9,10,2,3,4,0,9,8,7,3,2,8,0,4,4,2,5,5,11,10,4,9,10,3,11,0,11,2,7,2,3,6,8,0,11,3,8,2,5,2,0,4,6,8,0,4,2,9,3,4,2,0,5,2,2,9,0,7,2,5,9,3,8,3,9,5,2,4,8,10,8,8,3,9,9,4,9,11,3,8,9,2,5,9,8,5,3,5,3,11,3,4,5,9,10,0,5,9,2,11,2,2,0,11,3,4,8,6,8,2,3
9,4,7,2,3,9,5,5,10,11,9,10,3,2,9,7,5,10,0,6,10,10,6,2,0,0,6,2,3,5,4,0,3,9,5,0,7,5,9,10,11,3,4,5,2,10,9,8,4,3,9,2,5,5,3,6,6,0,11,5,10,11,4,0,2,0,3,8,3,4,7,9,2,0,4,9,3,6,3,2,5,7,9,2,5,3,10,4,5,3,2,6,3,3,10,2,8,3,6,10,4,9,4,10,6,3,5,9,11,9,9,4,10,10,5,10,0,4,9,10,3,6,10,9,6,4,6,4,0,4,5,6,10,11,2,6,10,3,0,3,3,2,0,4,5,9,7,9,3,4
10,5,8,3,4,10,6,6,11,0,10,11,4,3,10,8,6,11,2,7,11,11,7,3,2,2,7,3,4,6,5,2,4,10,6,2,8,6,10,11,0,4,5,6,3,11,10,9,5,4,10,3,6,6,4,7,7,2,0,6,11,0,5,2,3,2,4,9,4,5,8,10,3,2,5,10,4,7,4,3,6,8,10,3,6,4,11,5,6,4,3,7,4,4,11,3,9,4,7,11,5,10,5,11,7,4,6,10,0,10,10,5,11,11,6,11,2,5,10,11,4,7,11,10,7,5,7,5,2,5,6,7,11,0,3,7,11,4,2,4,4,3,2,5,6,10,8,10,4,5
11,6,9,4,5,11,7,7,0,2,11,0,5,4,11,9,7,0,3,8,0,0,8,4,3,3,8,4,5,7,6,3,5,11,7,3,9,7,11,0,2,5,6,7,4,0,11,10,6,5,11,4,7,7,5,8,8,3,2,7,0,2,6,3,4,3,5,10,5,6,9,11,4,3,6,11,5,8,5,4,7,9,11,4,7,5,0,6,7,5,4,8,5,5,0,4,10,5,8,0,6,11,6,0,8,5,7,11,2,11,11,6,0,0,7,0,3,6,11,0,5,8,0,11,8,6,8,6,3,6,7,8,0,2,4,8,0,5,3,5,5,4,3,6,7,11,9,11,5,6
0,7,10,5,6,0,8,8,2,3,0,2,6,5,0,10,8,2,4,9,2,2,9,5,4,4,9,5,6,8,7,4,6,0,8,4,10,8,0,2,3,6,7,8,5,2,0,11,7,6,0,5,8,8,6,9,9,4,3,8,2,3,7,4,5,4,6,11,6,7,10,0,5,4,7,0,6,9,6,5,8,10,0,5,8,6,2,7,8,6,5,9,6,6,2,5,11,6,9,2,7,0,7,2,9,6,8,0,3,0,0,7,2,2,8,2,4,7,0,2,6,9,2,0,9,7,9,7,4,7,8,9,2,3,5,9,2,6,4,6,6,5,4,7,8,0,10,0,6,7
2,8,11,6,7,2,9,9,3,4,2,3,7,6,2,11,9,3,5,10,3,3,10,6,5,5,10,6,7,9,8,5,7,2,9,5,11,9,2,3,4,7,8,9,6,3,2,0,8,7,2,6,9,9,7,10,10,5,4,9,3,4,8,5,6,5,7,0,7,8,11,2,6,5,8,2,7,10,7,6,9,11,2,6,9,7,3,8,9,7,6,10,7,7,3,6,0,7,10,3,8,2,8,3,10,7,9,2,4,2,2,8,3,3,9,3,5,8,2,3,7,10,3,2,10,8,10,8,5,8,9,10,3,4,6,10,3,7,5,7,7,6,5,8,9,2,11,2,7,8
3,9,0,7,8,3,10,10,4,5,3,4,8,7,3,0,10,4,6,11,4,4,11,7,6,6,11,7,8,10,9,6,8,3,10,6,0,10,3,4,5,8,9,10,7,4,3,2,9,8,3,7,10,10,8,11,11,6,5,10,4,5,9,6,7,6,8,2,8,9,0,3,7,6,9,3,8,11,8,7,10,0,3,7,10,8,4,9,10,8,7,11,8,8,4,7,2,8,11,4,9,3,9,4,11,8,10,3,5,3,3,9,4,4,10,4,6,9,3,4,8,11,4,3,11,9,11,9,6,9,10,11,4,5,7,11,4,8,6,8,8,7,6,9,10,3,0,3,8,9
4,10,2,8,9,4,11,11,5,6,4,5,9,8,4,2,11,5,7,0,5,5,0,8,7,7,0,8,9,11,10,7,9,4,11,7,2,11,4,5,6,9,10,11,8,5,4,3,10,9,4,8,11,11,9,0,0,7,6,11,5,6,10,7,8,7,9,3,9,10,2,4,8,7,10,4,9,0,9,8,11,2,4,8,11,9,5,10,11,9,8,0,9,9,5,8,3,9,0,5,10,4,10,5,0,9,11,4,6,4,4,10,5,5,11,5,7,10,4,5,9,0,5,4,0,10,0,10,7,10,11,0,5,6,8,0,5,9,7,9,9,8,7,10,11,4,2,4,9,10
5,11,3,9,10,5,0,0,6,7,5,6,10,9,5,3,0,6,8,2,6,6,2,9,8,8,2,9,10,0,11,8,10,5,0,8,3,0,5,6,7,10,11,0,9,6,5,4,11,10,5,9,0,0,10,2,2,8,7,0,6,7,11,8,9,8,10,4,10,11,3,5,9,8,11,5,10,2,10,9,0,3,5,9,0,10,6,11,0,10,9,2,10,10,6,9,4,10,2,6,11,5,11,6,2,10,0,5,7,5,5,11,6,6,0,6,8,11,5,6,10,2,6,5,2,11,2,11,8,11,0,2,6,7,9,2,6,10,8,10,10,9,8,11,0,5,3,5,10,11
6,0,4,10,11,6,2,2,7,8,6,7,11,10,6,4,2,7,9,3,7,7,3,10,9,9,3,10,11,2,0,9,11,6,2,9,4,2,6,7,8,11,0,2,10,7,6,5,0,11,6,10,2,2,11,3,3,9,8,2,7,8,0,9,10,9,11,5,11,0,4,6,10,9,0,6,11,3,11,10,2,4,6,10,2,11,7,0,2,11,10,3,11,11,7,10,5,11,3,7,0,6,0,7,3,11,2,6,8,6,6,0,7,7,2,7,9,0,6,7,11,3,7,6,3,0,3,0,9,0,2,3,7,8,10,3,7,11,9,11,11,10,9,0,2,6,4,6,11,0
7,2,5,11,0,7,3,3,8,9,7,8,0,11,7,5,3,8,10,4,8,8,4,11,10,10,4,11,0,3,2,10,0,7,3,10,5,3,7,8,9,0,2,3,11,8,7,6,2,0,7,11,3,3,0,4,4,10,9,3,8,9,2,10,11,10,0,6,0,2,5,7,11,10,2,7,0,4,0,11,3,5,7,11,3,0,8,2,3,0,11,4,0,0,8,11,6,0,4,8,2,7,2,8,4,0,3,7,9,7,7,2,8,8,3,8,10,2,7,8,0,4,8,7,4,2,4,2,10,2,3,4,8,9,11,4,8,0,10,0,0,11,10,2,3,7,5,7,0,2
8,3,6,0,2,8,4,4,9,10,8,9,2,0,8,6,4,9,11,5,9,9,5,0,11,11,5,0,2,4,3,11,2,8,4,11,6,4,8,9,10,2,3,4,0,9,8,7,3,2,8,0,4,4,2,5,5,11,10,4,9,10,3,11,0,11,2,7,2,3,6,8,0,11,3,8,2,5,2,0,4,6,8,0,4,2,9,3,4,2,0,5,2,2,9,0,7,2,5,9,3,8,3,9,5,2,4,8,10,8,8,3,9,9,4,9,11,3,8,9,2,5,9,8,5,3,5,3,11,3,4,5,9,10,0,5,9,2,11,2,2,0,11,3,4,8,6,8,2,3
9,4,7,2,3,9,5,5,10,11,9,10,3,2,9,7,5,10,0,6,10,10,6,2,0,0,6,2,3,5,4,0,3,9,5,0,7,5,9,10,11,3,4,5,2,10,9,8,4,3,9,2,5,5,3,6,6,0,11,5,10,11,4,0,2,0,3,8,3,4,7,9,2,0,4,9,3,6,3,2,5,7,9,2,5,3,10,4,5,3,2,6,3,3,10,2,8,3,6,10,4,9,4,10,6,3,5,9,11,9,9,4,10,10,5,10,0,4,9,10,3,6,10,9,6,4,6,4,0,4,5,6,10,11,2,6,10,3,0,3,3,2,0,4,5,9,7,9,3,4
10,5,8,3,4,10,6,6,11,0,10,11,4,3,10,8,6,11,2,7,11,11,7,3,2,2,7,3,4,6,5,2,4,10,6,2,8,6,10,11,0,4,5,6,3,11,10,9,5,4,10,3,6,6,4,7,7,2,0,6,11,0,5,2,3,2,4,9,4,5,8,10,3,2,5,10,4,7,4,3,6,8,10,3,6,4,11,5,6,4,3,7,4,4,11,3,9,4,7,11,5,10,5,11,7,4,6,10,0,10,10,5,11,11,6,11,2,5,10,11,4,7,11,10,7,5,7,5,2,5,6,7,11,0,3,7,11,4,2,4,4,3,2,5,6,10,8,10,4,5
11,6,9,4,5,11,7,7,0,2,11,0,5,4,11,9,7,0,3,8,0,0,8,4,3,3,8,4,5,7,6,3,5,11,7,3,9,7,11,0,2,5,6,7,4,0,11,10,6,5,11,4,7,7,5,8,8,3,2,7,0,2,6,3,4,3,5,10,5,6,9,11,4,3,6,11,5,8,5,4,7,9,11,4,7,5,0,6,7,5,4,8,5,5,0,4,10,5,8,0,6,11,6,0,8,5,7,11,2,11,11,6,0,0,7,0,3,6,11,0,5,8,0,11,8,6,8,6,3,6,7,8,0,2,4,8,0,5,3,5,5,4,3,6,7,11,9,11,5,6
0,7,10,5,6,0,8,8,2,3,0,2,6,5,0,10,8,2,4,9,2,2,9,5,4,4,9,5,6,8,7,4,6,0,8,4,10,8,0,2,3,6,7,8,5,2,0,11,7,6,0,5,8,8,6,9,9,4,3,8,2,3,7,4,5,4,6,11,6,7,10,0,5,4,7,0,6,9,6,5,8,10,0,5,8,6,2,7,8,6,5,9,6,6,2,5,11,6,9,2,7,0,7,2,9,6,8,0,3,0,0,7,2,2,8,2,4,7,0,2,6,9,2,0,9,7,9,7,4,7,8,9,2,3,5,9,2,6,4,6,6,5,4,7,8,0,10,0,6,7
2,8,11,6,7,2,9,9,3,4,2,3,7,6,2,11,9,3,5,10,3,3,10,6,5,5,10,6,7,9,8,5,7,2,9,5,11,9,2,3,4,7,8,9,6,3,2,0,8,7,2,6,9,9,7,10,10,5,4,9,3,4,8,5,6,5,7,0,7,8,11,2,6,5,8,2,7,10,7,6,9,11,2,6,9,7,3,8,9,7,6,10,7,7,3,6,0,7,10,3,8,2,8,3,10,7,9,2,4,2,2,8,3,3,9,3,5,8,2,3,7,10,3,2,10,8,10,8,5,8,9,10,3,4,6,10,3,7,5,7,7,6,5,8,9,2,11,2,7,8
3,9,0,7,8,3,10,10,4,5,3,4,8,7,3,0,10,4,6,11,4,4,11,7,6,6,11,7,8,10,9,6,8,3,10,6,0,10,3,4,5,8,9,10,7,4,3,2,9,8,3,7,10,10,8,11,11,6,5,10,4,5,9,6,7,6,8,2,8,9,0,3,7,6,9,3,8,11,8,7,10,0,3,7,10,8,4,9,10,8,7,11,8,8,4,7,2,8,11,4,9,3,9,4,11,8,10,3,5,3,3,9,4,4,10,4,6,9,3,4,8,11,4,3,11,9,11,9,6,9,10,11,4,5,7,11,4,8,6,8,8,7,6,9,10,3,0,3,8,9
4,10,2,8,9,4,11,11,5,6,4,5,9,8,4,2,11,5,7,0,5,5,0,8,7,7,0,8,9,11,10,7,9,4,11,7,2,11,4,5,6,9,10,11,8,5,4,3,10,9,4,8,11,11,9,0,0,7,6,11,5,6,10,7,8,7,9,3,9,10,2,4,8,7,10,4,9,0,9,8,11,2,4,8,11,9,5,10,11,9,8,0,9,9,5,8,3,9,0,5,10,4,10,5,0,9,11,4,6,4,4,10,5,5,11,5,7,10,4,5,9,0,5,4,0,10,0,10,7,10,11,0,5,6,8,0,5,9,7,9,9,8,7,10,11,4,2,4,9,10
5,11,3,9,10,5,0,0,6,7,5,6,10,9,5,3,0,6,8,2,6,6,2,9,8,8,2,9,10,0,11,8,10,5,0,8,3,0,5,6,7,10,11,0,9,6,5,4,11,10,5,9,0,0,10,2,2,8,7,0,6,7,11,8,9,8,10,4,10,11,3,5,9,8,11,5,10,2,10,9,0,3,5,9,0,10,6,11,0,10,9,2,10,10,6,9,4,10,2,6,11,5,11,6,2,10,0,5,7,5,5,11,6,6,0,6,8,11,5,6,10,2,6,5,2,11,2,11,8,11,0,2,6,7,9,2,6,10,8,10,10,9,8,11,0,5,3,5,10,11
6,0,4,10,11,6,2,2,7,8,6,7,11,10,6,4,2,7,9,3,7,7,3,10,9,9,3,10,11,2,0,9,11,6,2,9,4,2,6,7,8,11,0,2,10,7,6,5,0,11,6,10,2,2,11,3,3,9,8,2,7,8,0,9,10,9,11,5,11,0,4,6,10,9,0,6,11,3,11,10,2,4,6,10,2,11,7,0,2,11,10,3,11,11,7,10,5,11,3,7,0,6,0,7,3,11,2,6,8,6,6,0,7,7,2,7,9,0,6,7,11,3,7,6,3,0,3,0,9,0,2,3,7,8,10,3,7,11,9,11,11,10,9,0,2,6,4,6,11,0
7,2,5,11,0,7,3,3,8,9,7,8,0,11,7,5,3,8,10,4,8,8,4,11,10,10,4,11,0,3,2,10,0,7,3,10,5,3,7,8,9,0,2,3,11,8,7,6,2,0,7,11,3,3,0,4,4,10,9,3,8,9,2,10,11,10,0,6,0,2,5,7,11,10,2,7,0,4,0,11,3,5,7,11,3,0,8,2,3,0,11,4,0,0,8,11,6,0,4,8,2,7,2,8,4,0,3,7,9,7,7,2,8,8,3,8,10,2,7,8,0,4,8,7,4,2,4,2,10,2,3,4,8,9,11,4,8,0,10,0,0,11,10,2,3,7,5,7,0,2
8,3,6,0,2,8,4,4,9,10,8,9,2,0,8,6,4,9,11,5,9,9,5,0,11,11,5,0,2,4,3,11,2,8,4,11,6,4,8,9,10,2,3,4,0,9,8,7,3,2,8,0,4,4,2,5,5,11,10,4,9,10,3,11,0,11,2,7,2,3,6,8,0,11,3,8,2,5,2,0,4,6,8,0,4,2,9,3,4,2,0,5,2,2,9,0,7,2,5,9,3,8,3,9,5,2,4,8,10,8,8,3,9,9,4,9,11,3,8,9,2,5,9,8,5,3,5,3,11,3,4,5,9,10,0,5,9,2,11,2,2,0,11,3,4,8,6,8,2,3
9,4,7,2,3,9,5,5,10,11,9,10,3,2,9,7,5,10,0,6,10,10,6,2,0,0,6,2,3,5,4,0,3,9,5,0,7,5,9,10,11,3,4,5,2,10,9,8,4,3,9,2,5,5,3,6,6,0,11,5,10,11,4,0,2,0,3,8,3,4,7,9,2,0,4,9,3,6,3,2,5,7,9,2,5,3,10,4,5,3,2,6,3,3,10,2,8,3,6,10,4,9,4,10,6,3,5,9,11,9,9,4,10,10,5,10,0,4,9,10,3,6,10,9,6,4,6,4,0,4,5,6,10,11,2,6,10,3,0,3,3,2,0,4,5,9,7,9,3,4
10,5,8,3,4,10,6,6,11,0,10,11,4,3,10,8,6,11,2,7,11,11,7,3,2,2,7,3,4,6,5,2,4,10,6,2,8,6,10,11,0,4,5,6,3,11,10,9,5,4,10,3,6,6,4,7,7,2,0,6,11,0,5,2,3,2,4,9,4,5,8,10,3,2,5,10,4,7,4,3,6,8,10,3,6,4,11,5,6,4,3,7,4,4,11,3,9,4,7,11,5,10,5,11,7,4,6,10,0,10,10,5,11,11,6,11,2,5,10,11,4,7,11,10,7,5,7,5,2,5,6,7,11,0,3,7,11,4,2,4,4,3,2,5,6,10,8,10,4,5
11,6,9,4,5,11,7,7,0,2,11,0,5,4,11,9,7,0,3,8,0,0,8,4,3,3,8,4,5,7,6,3,5,11,7,3,9,7,11,0,2,5,6,7,4,0,11,10,6,5,11,4,7,7,5,8,8,3,2,7,0,2,6,3,4,3,5,10,5,6,9,11,4,3,6,11,5,8,5,4,7,9,11,4,7,5,0,6,7,5,4,8,5,5,0,4,10,5,8,0,6,11,6,0,8,5,7,11,2,11,11,6,0,0,7,0,3,6,11,0,5,8,0,11,8,6,8,6,3,6,7,8,0,2,4,8,0,5,3,5,5,4,3,6,7,11,9,11,5,6
0,7,10,5,6,0,8,8,2,3,0,2,6,5,0,10,8,2,4,9,2,2,9,5,4,4,9,5,6,8,7,4,6,0,8,4,10,8,0,2,3,6,7,8,5,2,0,11,7,6,0,5,8,8,6,9,9,4,3,8,2,3,7,4,5,4,6,11,6,7,10,0,5,4,7,0,6,9,6,5,8,10,0,5,8,6,2,7,8,6,5,9,6,6,2,5,11,6,9,2,7,0,7,2,9,6,8,0,3,0,0,7,2,2,8,2,4,7,0,2,6,9,2,0,9,7,9,7,4,7,8,9,2,3,5,9,2,6,4,6,6,5,4,7,8,0,10,0,6,7
2,8,11,6,7,2,9,9,3,4,2,3,7,6,2,11,9,3,5,10,3,3,10,6,5,5,10,6,7,9,8,5,7,2,9,5,11,9,2,3,4,7,8,9,6,3,2,0,8,7,2,6,9,9,7,10,10,5,4,9,3,4,8,5,6,5,7,0,7,8,11,2,6,5,8,2,7,10,7,6,9,11,2,6,9,7,3,8,9,7,6,10,7,7,3,6,0,7,10,3,8,2,8,3,10,7,9,2,4,2,2,8,3,3,9,3,5,8,2,3,7,10,3,2,10,8,10,8,5,8,9,10,3,4,6,10,3,7,5,7,7,6,5,8,9,2,11,2,7,8
3,9,0,7,8,3,10,10,4,5,3,4,8,7,3,0,10,4,6,11,4,4,11,7,6,6,11,7,8,10,9,6,8,3,10,6,0,10,3,4,5,8,9,10,7,4,3,2,9,8,3,7,10,10,8,11,11,6,5,10,4,5,9,6,7,6,8,2,8,9,0,3,7,6,9,3,8,11,8,7,10,0,3,7,10,8,4,9,10,8,7,11,8,8,4,7,2,8,11,4,9,3,9,4,11,8,10,3,5,3,3,9,4,4,10,4,6,9,3,4,8,11,4,3,11,9,11,9,6,9,10,11,4,5,7,11,4,8,6,8,8,7,6,9,10,3,0,3,8,9
4,10,2,8,9,4,11,11,5,6,4,5,9,8,4,2,11,5,7,0,5,5,0,8,7,7,0,8,9,11,10,7,9,4,11,7,2,11,4,5,6,9,10,11,8,5,4,3,10,9,4,8,11,11,9,0,0,7,6,11,5,6,10,7,8,7,9,3,9,10,2,4,8,7,10,4,9,0,9,8,11,2,4,8,11,9,5,10,11,9,8,0,9,9,5,8,3,9,0,5,10,4,10,5,0,9,11,4,6,4,4,10,5,5,11,5,7,10,4,5,9,0,5,4,0,10,0,10,7,10,11,0,5,6,8,0,5,9,7,9,9,8,7,10,11,4,2,4,9,10
5,11,3,9,10,5,0,0,6,7,5,6,10,9,5,3,0,6,8,2,6,6,2,9,8,8,2,9,10,0,11,8,10,5,0,8,3,0,5,6,7,10,11,0,9,6,5,4,11,10,5,9,0,0,10,2,2,8,7,0,6,7,11,8,9,8,10,4,10,11,3,5,9,8,11,5,10,2,10,9,0,3,5,9,0,10,6,11,0,10,9,2,10,10,6,9,4,10,2,6,11,5,11,6,2,10,0,5,7,5,5,11,6,6,0,6,8,11,5,6,10,2,6,5,2,11,2,11,8,11,0,2,6,7,9,2,6,10,8,10,10,9,8,11,0,5,3,5,10,11
6,0,4,10,11,6,2,2,7,8,6,7,11,10,6,4,2,7,9,3,7,7,3,10,9,9,3,10,11,2,0,9,11,6,2,9,4,2,6,7,8,11,0,2,10,7,6,5,0,11,6,10,2,2,11,3,3,9,8,2,7,8,0,9,10,9,11,5,11,0,4,6,10,9,0,6,11,3,11,10,2,4,6,10,2,11,7,0,2,11,10,3,11,11,7,10,5,11,3,7,0,6,0,7,3,11,2,6,8,6,6,0,7,7,2,7,9,0,6,7,11,3,7,6,3,0,3,0,9,0,2,3,7,8,10,3,7,11,9,11,11,10,9,0,2,6,4,6,11,0
7,2,5,11,0,7,3,3,8,9,7,8,0,11,7,5,3,8,10,4,8,8,4,11,10,10,4,11,0,3,2,10,0,7,3,10,5,3,7,8,9,0,2,3,11,8,7,6,2,0,7,11,3,3,0,4,4,10,9,3,8,9,2,10,11,10,0,6,0,2,5,7,11,10,2,7,0,4,0,11,3,5,7,11,3,0,8,2,3,0,11,4,0,0,8,11,6,0,4,8,2,7,2,8,4,0,3,7,9,7,7,2,8,8,3,8,10,2,7,8,0,4,8,7,4,2,4,2,10,2,3,4,8,9,11,4,8,0,10,0,0,11,10,2,3,7,5,7,0,2
8,3,6,0,2,8,4,4,9,10,8,9,2,0,8,6,4,9,11,5,9,9,5,0,11,11,5,0,2,4,3,11,2,8,4,11,6,4,8,9,10,2,3,4,0,9,8,7,3,2,8,0,4,4,2,5,5,11,10,4,9,10,3,11,0,11,2,7,2,3,6,8,0,11,3,8,2,5,2,0,4,6,8,0,4,2,9,3,4,2,0,5,2,2,9,0,7,2,5,9,3,8,3,9,5,2,4,8,10,8,8,3,9,9,4,9,11,3,8,9,2,5,9,8,5,3,5,3,11,3,4,5,9,10,0,5,9,2,11,2,2,0,11,3,4,8,6,8,2,3
9,4,7,2,3,9,5,5,10,11,9,10,3,2,9,7,5,10,0,6,10,10,6,2,0,0,6,2,3,5,4,0,3,9,5,0,7,5,9,10,11,3,4,5,2,10,9,8,4,3,9,2,5,5,3,6,6,0,11,5,10,11,4,0,2,0,3,8,3,4,7,9,2,0,4,9,3,6,3,2,5,7,9,2,5,3,10,4,5,3,2,6,3,3,10,2,8,3,6,10,4,9,4,10,6,3,5,9,11,9,9,4,10,10,5,10,0,4,9,10,3,6,10,9,6,4,6,4,0,4,5,6,10,11,2,6,10,3,0,3,3,2,0,4,5,9,7,9,3,4
10,5,8,3,4,10,6,6,11,0,10,11,4,3,10,8,6,11,2,7,11,11,7,3,2,2,7,3,4,6,5,2,4,10,6,2,8,6,10,11,0,4,5,6,3,11,10,9,5,4,10,3,6,6,4,7,7,2,0,6,11,0,5,2,3,2,4,9,4,5,8,10,3,2,5,10,4,7,4,3,6,8,10,3,6,4,11,5,6,4,3,7,4,4,11,3,9,4,7,11,5,10,5,11,7,4,6,10,0,10,10,5,11,11,6,11,2,5,10,11,4,7,11,10,7,5,7,5,2,5,6,7,11,0,3,7,11,4,2,4,4,3,2,5,6,10,8,10,4,5
11,6,9,4,5,11,7,7,0,2,11,0,5,4,11,9,7,0,3,8,0,0,8,4,3,3,8,4,5,7,6,3,5,11,7,3,9,7,11,0,2,5,6,7,4,0,11,10,6,5,11,4,7,7,5,8,8,3,2,7,0,2,6,3,4,3,5,10,5,6,9,11,4,3,6,11,5,8,5,4,7,9,11,4,7,5,0,6,7,5,4,8,5,5,0,4,10,5,8,0,6,11,6,0,8,5,7,11,2,11,11,6,0,0,7,0,3,6,11,0,5,8,0,11,8,6,8,6,3,6,7,8,0,2,4,8,0,5,3,5,5,4,3,6,7,11,9,11,5,6
0,7,10,5,6,0,8,8,2,3,0,2,6,5,0,10,8,2,4,9,2,2,9,5,4,4,9,5,6,8,7,4,6,0,8,4,10,8,0,2,3,6,7,8,5,2,0,11,7,6,0,5,8,8,6,9,9,4,3,8,2,3,7,4,5,4,6,11,6,7,10,0,5,4,7,0,6,9,6,5,8,10,0,5,8,6,2,7,8,6,5,9,6,6,2,5,11,6,9,2,7,0,7,2,9,6,8,0,3,0,0,7,2,2,8,2,4,7,0,2,6,9,2,0,9,7,9,7,4,7,8,9,2,3,5,9,2,6,4,6,6,5,4,7,8,0,10,0,6,7
2,8,11,6,7,2,9,9,3,4,2,3,7,6,2,11,9,3,5,10,3,3,10,6,5,5,10,6,7,9,8,5,7,2,9,5,11,9,2,3,4,7,8,9,6,3,2,0,8,7,2,6,9,9,7,10,10,5,4,9,3,4,8,5,6,5,7,0,7,8,11,2,6,5,8,2,7,10,7,6,9,11,2,6,9,7,3,8,9,7,6,10,7,7,3,6,0,7,10,3,8,2,8,3,10,7,9,2,4,2,2,8,3,3,9,3,5,8,2,3,7,10,3,2,10,8,10,8,5,8,9,10,3,4,6,10,3,7,5,7,7,6,5,8,9,2,11,2,7,8
3,9,0,7,8,3,10,10,4,5,3,4,8,7,3,0,10,4,6,11,4,4,11,7,6,6,11,7,8,10,9,6,8,3,10,6,0,10,3,4,5,8,9,10,7,4,3,2,9,8,3,7,10,10,8,11,11,6,5,10,4,5,9,6,7,6,8,2,8,9,0,3,7,6,9,3,8,11,8,7,10,0,3,7,10,8,4,9,10,8,7,11,8,8,4,7,2,8,11,4,9,3,9,4,11,8,10,3,5,3,3,9,4,4,10,4,6,9,3,4,8,11,4,3,11,9,11,9,6,9,10,11,4,5,7,11,4,8,6,8,8,7,6,9,10,3,0,3,8,9
4,10,2,8,9,4,11,11,5,6,4,5,9,8,4,2,11,5,7,0,5,5,0,8,7,7,0,8,9,11,10,7,9,4,11,7,2,11,4,5,6,9,10,11,8,5,4,3,10,9,4,8,11,11,9,0,0,7,6,11,5,6,10,7,8,7,9,3,9,10,2,4,8,7,10,4,9,0,9,8,11,2,4,8,11,9,5,10,11,9,8,0,9,9,5,8,3,9,0,5,10,4,10,5,0,9,11,4,6,4,4,10,5,5,11,5,7,10,4,5,9,0,5,4,0,10,0,10,7,10,11,0,5,6,8,0,5,9,7,9,9,8,7,10,11,4,2,4,9,10
5,11,3,9,10,5,0,0,6,7,5,6,10,9,5,3,0,6,8,2,6,6,2,9,8,8,2,9,10,0,11,8,10,5,0,8,3,0,5,6,7,10,11,0,9,6,5,4,11,10,5,9,0,0,10,2,2,8,7,0,6,7,11,8,9,8,10,4,10,11,3,5,9,8,11,5,10,2,10,9,0,3,5,9,0,10,6,11,0,10,9,2,10,10,6,9,4,10,2,6,11,5,11,6,2,10,0,5,7,5,5,11,6,6,0,6,8,11,5,6,10,2,6,5,2,11,2,11,8,11,0,2,6,7,9,2,6,10,8,10,10,9,8,11,0,5,3,5,10,11
6,0,4,10,11,6,2,2,7,8,6,7,11,10,6,4,2,7,9,3,7,7,3,10,9,9,3,10,11,2,0,9,11,6,2,9,4,2,6,7,8,11,0,2,10,7,6,5,0,11,6,10,2,2,11,3,3,9,8,2,7,8,0,9,10,9,11,5,11,0,4,6,10,9,0,6,11,3,11,10,2,4,6,10,2,11,7,0,2,11,10,3,11,11,7,10,5,11,3,7,0,6,0,7,3,11,2,6,8,6,6,0,7,7,2,7,9,0,6,7,11,3,7,6,3,0,3,0,9,0,2,3,7,8,10,3,7,11,9,11,11,10,9,0,2,6,4,6,11,0
7,2,5,11,0,7,3,3,8,9,7,8,0,11,7,5,3,8,10,4,8,8,4,11,10,10,4,11,0,3,2,10,0,7,3,10,5,3,7,8,9,0,2,3,11,8,7,6,2,0,7,11,3,3,0,4,4,10,9,3,8,9,2,10,11,10,0,6,0,2,5,7,11,10,2,7,0,4,0,11,3,5,7,11,3,0,8,2,3,0,11,4,0,0,8,11,6,0,4,8,2,7,2,8,4,0,3,7,9,7,7,2,8,8,3,8,10,2,7,8,0,4,8,7,4,2,4,2,10,2,3,4,8,9,11,4,8,0,10,0,0,11,10,2,3,7,5,7,0,2
8,3,6,0,2,8,4,4,9,10,8,9,2,0,8,6,4,9,11,5,9,9,5,0,11,11,5,0,2,4,3,11,2,8,4,11,6,4,8,9,10,2,3,4,0,9,8,7,3,2,8,0,4,4,2,5,5,11,10,4,9,10,3,11,0,11,2,7,2,3,6,8,0,11,3,8,2,5,2,0,4,6,8,0,4,2,9,3,4,2,0,5,2,2,9,0,7,2,5,9,3,8,3,9,5,2,4,8,10,8,8,3,9,9,4,9,11,3,8,9,2,5,9,8,5,3,5,3,11,3,4,5,9,10,0,5,9,2,11,2,2,0,11,3,4,8,6,8,2,3
9,4,7,2,3,9,5,5,10,11,9,10,3,2,9,7,5,10,0,6,10,10,6,2,0,0,6,2,3,5,4,0,3,9,5,0,7,5,9,10,11,3,4,5,2,10,9,8,4,3,9,2,5,5,3,6,6,0,11,5,10,11,4,0,2,0,3,8,3,4,7,9,2,0,4,9,3,6,3,2,5,7,9,2,5,3,10,4,5,3,2,6,3,3,10,2,8,3,6,10,4,9,4,10,6,3,5,9,11,9,9,4,10,10,5,10,0,4,9,10,3,6,10,9,6,4,6,4,0,4,5,6,10,11,2,6,10,3,0,3,3,2,0,4,5,9,7,9,3,4
10,5,8,3,4,10,6,6,11,0,10,11,4,3,10,8,6,11,2,7,11,11,7,3,2,2,7,3,4,6,5,2,4,10,6,2,8,6,10,11,0,4,5,6,3,11,10,9,5,4,10,3,6,6,4,7,7,2,0,6,11,0,5,2,3,2,4,9,4,5,8,10,3,2,5,10,4,7,4,3,6,8,10,3,6,4,11,5,6,4,3,7,4,4,11,3,9,4,7,11,5,10,5,11,7,4,6,10,0,10,10,5,11,11,6,11,2,5,10,11,4,7,11,10,7,5,7,5,2,5,6,7,11,0,3,7,11,4,2,4,4,3,2,5,6,10,8,10,4,5
11,6,9,4,5,11,7,7,0,2,11,0,5,4,11,9,7,0,3,8,0,0,8,4,3,3,8,4,5,7,6,3,5,11,7,3,9,7,11,0,2,5,6,7,4,0,11,10,6,5,11,4,7,7,5,8,8,3,2,7,0,2,6,3,4,3,5,10,5,6,9,11,4,3,6,11,5,8,5,4,7,9,11,4,7,5,0,6,7,5,4,8,5,5,0,4,10,5,8,0,6,11,6,0,8,5,7,11,2,11,11,6,0,0,7,0,3,6,11,0,5,8,0,11,8,6,8,6,3,6,7,8,0,2,4,8,0,5,3,5,5,4,3,6,7,11,9,11,5,6
0,7,10,5,6,0,8,8,2,3,0,2,6,5,0,10,8,2,4,9,2,2,9,5,4,4,9,5,6,8,7,4,6,0,8,4,10,8,0,2,3,6,7,8,5,2,0,11,7,6,0,5,8,8,6,9,9,4,3,8,2,3,7,4,5,4,6,11,6,7,10,0,5,4,7,0,6,9,6,5,8,10,0,5,8,6,2,7,8,6,5,9,6,6,2,5,11,6,9,2,7,0,7,2,9,6,8,0,3,0,0,7,2,2,8,2,4,7,0,2,6,9,2,0,9,7,9,7,4,7,8,9,2,3,5,9,2,6,4,6,6,5,4,7,8,0,10,0,6,7
2,8,11,6,7,2,9,9,3,4,2,3,7,6,2,11,9,3,5,10,3,3,10,6,5,5,10,6,7,9,8,5,7,2,9,5,11,9,2,3,4,7,8,9,6,3,2,0,8,7,2,6,9,9,7,10,10,5,4,9,3,4,8,5,6,5,7,0,7,8,11,2,6,5,8,2,7,10,7,6,9,11,2,6,9,7,3,8,9,7,6,10,7,7,3,6,0,7,10,3,8,2,8,3,10,7,9,2,4,2,2,8,3,3,9,3,5,8,2,3,7,10,3,2,10,8,10,8,5,8,9,10,3,4,6,10,3,7,5,7,7,6,5,8,9,2,11,2,7,8
3,9,0,7,8,3,10,10,4,5,3,4,8,7,3,0,10,4,6,11,4,4,11,7,6,6,11,7,8,10,9,6,8,3,10,6,0,10,3,4,5,8,9,10,7,4,3,2,9,8,3,7,10,10,8,11,11,6,5,10,4,5,9,6,7,6,8,2,8,9,0,3,7,6,9,3,8,11,8,7,10,0,3,7,10,8,4,9,10,8,7,11,8,8,4,7,2,8,11,4,9,3,9,4,11,8,10,3,5,3,3,9,4,4,10,4,6,9,3,4,8,11,4,3,11,9,11,9,6,9,10,11,4,5,7,11,4,8,6,8,8,7,6,9,10,3,0,3,8,9
4,10,2,8,9,4,11,11,5,6,4,5,9,8,4,2,11,5,7,0,5,5,0,8,7,7,0,8,9,11,10,7,9,4,11,7,2,11,4,5,6,9,10,11,8,5,4,3,10,9,4,8,11,11,9,0,0,7,6,11,5,6,10,7,8,7,9,3,9,10,2,4,8,7,10,4,9,0,9,8,11,2,4,8,11,9,5,10,11,9,8,0,9,9,5,8,3,9,0,5,10,4,10,5,0,9,11,4,6,4,4,10,5,5,11,5,7,10,4,5,9,0,5,4,0,10,0,10,7,10,11,0,5,6,8,0,5,9,7,9,9,8,7,10,11,4,2,4,9,10
5,11,3,9,10,5,0,0,6,7,5,6,10,9,5,3,0,6,8,2,6,6,2,9,8,8,2,9,10,0,11,8,10,5,0,8,3,0,5,6,7,10,11,0,9,6,5,4,11,10,5,9,0,0,10,2,2,8,7,0,6,7,11,8,9,8,10,4,10,11,3,5,9,8,11,5,10,2,10,9,0,3,5,9,0,10,6,11,0,10,9,2,10,10,6,9,4,10,2,6,11,5,11,6,2,10,0,5,7,5,5,11,6,6,0,6,8,11,5,6,10,2,6,5,2,11,2,11,8,11,0,2,6,7,9,2,6,10,8,10,10,9,8,11,0,5,3,5,10,11
6,0,4,10,11,6,2,2,7,8,6,7,11,10,6,4,2,7,9,3,7,7,3,10,9,9,3,10,11,2,0,9,11,6,2,9,4,2,6,7,8,11,0,2,10,7,6,5,0,11,6,10,2,2,11,3,3,9,8,2,7,8,0,9,10,9,11,5,11,0,4,6,10,9,0,6,11,3,11,10,2,4,6,10,2,11,7,0,2,11,10,3,11,11,7,10,5,11,3,7,0,6,0,7,3,11,2,6,8,6,6,0,7,7,2,7,9,0,6,7,11,3,7,6,3,0,3,0,9,0,2,3,7,8,10,3,7,11,9,11,11,10,9,0,2,6,4,6,11,0
7,2,5,11,0,7,3,3,8,9,7,8,0,11,7,5,3,8,10,4,8,8,4,11,10,10,4,11,0,3,2,10,0,7,3,10,5,3,7,8,9,0,2,3,11,8,7,6,2,0,7,11,3,3,0,4,4,10,9,3,8,9,2,10,11,10,0,6,0,2,5,7,11,10,2,7,0,4,0,11,3,5,7,11,3,0,8,2,3,0,11,4,0,0,8,11,6,0,4,8,2,7,2,8,4,0,3,7,9,7,7,2,8,8,3,8,10,2,7,8,0,4,8,7,4,2,4,2,10,2,3,4,8,9,11,4,8,0,10,0,0,11,10,2,3,7,5,7,0,2
8,3,6,0,2,8,4,4,9,10,8,9,2,0,8,6,4,9,11,5,9,9,5,0,11,11,5,0,2,4,3,11,2,8,4,11,6,4,8,9,10,2,3,4,0,9,8,7,3,2,8,0,4,4,2,5,5,11,10,4,9,10,3,11,0,11,2,7,2,3,6,8,0,11,3,8,2,5,2,0,4,6,8,0,4,2,9,3,4,2,0,5,2,2,9,0,7,2,5,9,3,8,3,9,5,2,4,8,10,8,8,3,9,9,4,9,11,3,8,9,2,5,9,8,5,3,5,3,11,3,4,5,9,10,0,5,9,2,11,2,2,0,11,3,4,8,6,8,2,3
9,4,7,2,3,9,5,5,10,11,9,10,3,2,9,7,5,10,0,6,10,10,6,2,0,0,6,2,3,5,4,0,3,9,5,0,7,5,9,10,11,3,4,5,2,10,9,8,4,3,9,2,5,5,3,6,6,0,11,5,10,11,4,0,2,0,3,8,3,4,7,9,2,0,4,9,3,6,3,2,5,7,9,2,5,3,10,4,5,3,2,6,3,3,10,2,8,3,6,10,4,9,4,10,6,3,5,9,11,9,9,4,10,10,5,10,0,4,9,10,3,6,10,9,6,4,6,4,0,4,5,6,10,11,2,6,10,3,0,3,3,2,0,4,5,9,7,9,3,4
10,5,8,3,4,10,6,6,11,0,10,11,4,3,10,8,6,11,2,7,11,11,7,3,2,2,7,3,4,6,5,2,4,10,6,2,8,6,10,11,0,4,5,6,3,11,10,9,5,4,10,3,6,6,4,7,7,2,0,6,11,0,5,2,3,2,4,9,4,5,8,10,3,2,5,10,4,7,4,3,6,8,10,3,6,4,11,5,6,4,3,7,4,4,11,3,9,4,7,11,5,10,5,11,7,4,6,10,0,10,10,5,11,11,6,11,2,5,10,11,4,7,11,10,7,5,7,5,2,5,6,7,11,0,3,7,11,4,2,4,4,3,2,5,6,10,8,10,4,5
11,6,9,4,5,11,7,7,0,2,11,0,5,4,11,9,7,0,3,8,0,0,8,4,3,3,8,4,5,7,6,3,5,11,7,3,9,7,11,0,2,5,6,7,4,0,11,10,6,5,11,4,7,7,5,8,8,3,2,7,0,2,6,3,4,3,5,10,5,6,9,11,4,3,6,11,5,8,5,4,7,9,11,4,7,5,0,6,7,5,4,8,5,5,0,4,10,5,8,0,6,11,6,0,8,5,7,11,2,11,11,6,0,0,7,0,3,6,11,0,5,8,0,11,8,6,8,6,3,6,7,8,0,2,4,8,0,5,3,5,5,4,3,6,7,11,9,11,5,6
0,7,10,5,6,0,8,8,2,3,0,2,6,5,0,10,8,2,4,9,2,2,9,5,4,4,9,5,6,8,7,4,6,0,8,4,10,8,0,2,3,6,7,8,5,2,0,11,7,6,0,5,8,8,6,9,9,4,3,8,2,3,7,4,5,4,6,11,6,7,10,0,5,4,7,0,6,9,6,5,8,10,0,5,8,6,2,7,8,6,5,9,6,6,2,5,11,6,9,2,7,0,7,2,9,6,8,0,3,0,0,7,2,2,8,2,4,7,0,2,6,9,2,0,9,7,9,7,4,7,8,9,2,3,5,9,2,6,4,6,6,5,4,7,8,0,10,0,6,7
2,8,11,6,7,2,9,9,3,4,2,3,7,6,2,11,9,3,5,10,3,3,10,6,5,5,10,6,7,9,8,5,7,2,9,5,11,9,2,3,4,7,8,9,6,3,2,0,8,7,2,6,9,9,7,10,10,5,4,9,3,4,8,5,6,5,7,0,7,8,11,2,6,5,8,2,7,10,7,6,9,11,2,6,9,7,3,8,9,7,6,10,7,7,3,6,0,7,10,3,8,2,8,3,10,7,9,2,4,2,2,8,3,3,9,3,5,8,2,3,7,10,3,2,10,8,10,8,5,8,9,10,3,4,6,10,3,7,5,7,7,6,5,8,9,2,11,2,7,8
3,9,0,7,8,3,10,10,4,5,3,4,8,7,3,0,10,4,6,11,4,4,11,7,6,6,11,7,8,10,9,6,8,3,10,6,0,10,3,4,5,8,9,10,7,4,3,2,9,8,3,7,10,10,8,11,11,6,5,10,4,5,9,6,7,6,8,2,8,9,0,3,7,6,9,3,8,11,8,7,10,0,3,7,10,8,4,9,10,8,7,11,8,8,4,7,2,8,11,4,9,3,9,4,11,8,10,3,5,3,3,9,4,4,10,4,6,9,3,4,8,11,4,3,11,9,11,9,6,9,10,11,4,5,7,11,4,8,6,8,8,7,6,9,10,3,0,3,8,9
4,10,2,8,9,4,11,11,5,6,4,5,9,8,4,2,11,5,7,0,5,5,0,8,7,7,0,8,9,11,10,7,9,4,11,7,2,11,4,5,6,9,10,11,8,5,4,3,10,9,4,8,11,11,9,0,0,7,6,11,5,6,10,7,8,7,9,3,9,10,2,4,8,7,10,4,9,0,9,8,11,2,4,8,11,9,5,10,11,9,8,0,9,9,5,8,3,9,0,5,10,4,10,5,0,9,11,4,6,4,4,10,5,5,11,5,7,10,4,5,9,0,5,4,0,10,0,10,7,10,11,0,5,6,8,0,5,9,7,9,9,8,7,10,11,4,2,4,9,10
5,11,3,9,10,5,0,0,6,7,5,6,10,9,5,3,0,6,8,2,6,6,2,9,8,8,2,9,10,0,11,8,10,5,0,8,3,0,5,6,7,10,11,0,9,6,5,4,11,10,5,9,0,0,10,2,2,8,7,0,6,7,11,8,9,8,10,4,10,11,3,5,9,8,11,5,10,2,10,9,0,3,5,9,0,10,6,11,0,10,9,2,10,10,6,9,4,10,2,6,11,5,11,6,2,10,0,5,7,5,5,11,6,6,0,6,8,11,5,6,10,2,6,5,2,11,2,11,8,11,0,2,6,7,9,2,6,10,8,10,10,9,8,11,0,5,3,5,10,11
6,0,4,10,11,6,2,2,7,8,6,7,11,10,6,4,2,7,9,3,7,7,3,10,9,9,3,10,11,2,0,9,11,6,2,9,4,2,6,7,8,11,0,2,10,7,6,5,0,11,6,10,2,2,11,3,3,9,8,2,7,8,0,9,10,9,11,5,11,0,4,6,10,9,0,6,11,3,11,10,2,4,6,10,2,11,7,0,2,11,10,3,11,11,7,10,5,11,3,7,0,6,0,7,3,11,2,6,8,6,6,0,7,7,2,7,9,0,6,7,11,3,7,6,3,0,3,0,9,0,2,3,7,8,10,3,7,11,9,11,11,10,9,0,2,6,4,6,11,0
7,2,5,11,0,7,3,3,8,9,7,8,0,11,7,5,3,8,10,4,8,8,4,11,10,10,4,11,0,3,2,10,0,7,3,10,5,3,7,8,9,0,2,3,11,8,7,6,2,0,7,11,3,3,0,4,4,10,9,3,8,9,2,10,11,10,0,6,0,2,5,7,11,10,2,7,0,4,0,11,3,5,7,11,3,0,8,2,3,0,11,4,0,0,8,11,6,0,4,8,2,7,2,8,4,0,3,7,9,7,7,2,8,8,3,8,10,2,7,8,0,4,8,7,4,2,4,2,10,2,3,4,8,9,11,4,8,0,10,0,0,11,10,2,3,7,5,7,0,2
8,3,6,0,2,8,4,4,9,10,8,9,2,0,8,6,4,9,11,5,9,9,5,0,11,11,5,0,2,4,3,11,2,8,4,11,6,4,8,9,10,2,3,4,0,9,8,7,3,2,8,0,4,4,2,5,5,11,10,4,9,10,3,11,0,11,2,7,2,3,6,8,0,11,3,8,2,5,2,0,4,6,8,0,4,2,9,3,4,2,0,5,2,2,9,0,7,2,5,9,3,8,3,9,5,2,4,8,10,8,8,3,9,9,4,9,11,3,8,9,2,5,9,8,5,3,5,3,11,3,4,5,9,10,0,5,9,2,11,2,2,0,11,3,4,8,6,8,2,3
9,4,7,2,3,9,5,5,10,11,9,10,3,2,9,7,5,10,0,6,10,10,6,2,0,0,6,2,3,5,4,0,3,9,5,0,7,5,9,10,11,3,4,5,2,10,9,8,4,3,9,2,5,5,3,6,6,0,11,5,10,11,4,0,2,0,3,8,3,4,7,9,2,0,4,9,3,6,3,2,5,7,9,2,5,3,10,4,5,3,2,6,3,3,10,2,8,3,6,10,4,9,4,10,6,3,5,9,11,9,9,4,10,10,5,10,0,4,9,10,3,6,10,9,6,4,6,4,0,4,5,6,10,11,2,6,10,3,0,3,3,2,0,4,5,9,7,9,3,4
10,5,8,3,4,10,6,6,11,0,10,11,4,3,10,8,6,11,2,7,11,11,7,3,2,2,7,3,4,6,5,2,4,10,6,2,8,6,10,11,0,4,5,6,3,11,10,9,5,4,10,3,6,6,4,7,7,2,0,6,11,0,5,2,3,2,4,9,4,5,8,10,3,2,5,10,4,7,4,3,6,8,10,3,6,4,11,5,6,4,3,7,4,4,11,3,9,4,7,11,5,10,5,11,7,4,6,10,0,10,10,5,11,11,6,11,2,5,10,11,4,7,11,10,7,5,7,5,2,5,6,7,11,0,3,7,11,4,2,4,4,3,2,5,6,10,8,10,4,5
11,6,9,4,5,11,7,7,0,2,11,0,5,4,11,9,7,0,3,8,0,0,8,4,3,3,8,4,5,7,6,3,5,11,7,3,9,7,11,0,2,5,6,7,4,0,11,10,6,5,11,4,7,7,5,8,8,3,2,7,0,2,6,3,4,3,5,10,5,6,9,11,4,3,6,11,5,8,5,4,7,9,11,4,7,5,0,6,7,5,4,8,5,5,0,4,10,5,8,0,6,11,6,0,8,5,7,11,2,11,11,6,0,0,7,0,3,6,11,0,5,8,0,11,8,6,8,6,3,6,7,8,0,2,4,8,0,5,3,5,5,4,3,6,7,11,9,11,5,6
0,7,10,5,6,0,8,8,2,3,0,2,6,5,0,10,8,2,4,9,2,2,9,5,4,4,9,5,6,8,7,4,6,0,8,4,10,8,0,2,3,6,7,8,5,2,0,11,7,6,0,5,8,8,6,9,9,4,3,8,2,3,7,4,5,4,6,11,6,7,10,0,5,4,7,0,6,9,6,5,8,10,0,5,8,6,2,7,8,6,5,9,6,6,2,5,11,6,9,2,7,0,7,2,9,6,8,0,3,0,0,7,2,2,8,2,4,7,0,2,6,9,2,0,9,7,9,7,4,7,8,9,2,3,5,9,2,6,4,6,6,5,4,7,8,0,10,0,6,7
2,8,11,6,7,2,9,9,3,4,2,3,7,6,2,11,9,3,5,10,3,3,10,6,5,5,10,6,7,9,8,5,7,2,9,5,11,9,2,3,4,7,8,9,6,3,2,0,8,7,2,6,9,9,7,10,10,5,4,9,3,4,8,5,6,5,7,0,7,8,11,2,6,5,8,2,7,10,7,6,9,11,2,6,9,7,3,8,9,7,6,10,7,7,3,6,0,7,10,3,8,2,8,3,10,7,9,2,4,2,2,8,3,3,9,3,5,8,2,3,7,10,3,2,10,8,10,8,5,8,9,10,3,4,6,10,3,7,5,7,7,6,5,8,9,2,11,2,7,8
3,9,0,7,8,3,10,10,4,5,3,4,8,7,3,0,10,4,6,11,4,4,11,7,6,6,11,7,8,10,9,6,8,3,10,6,0,10,3,4,5,8,9,10,7,4,3,2,9,8,3,7,10,10,8,11,11,6,5,10,4,5,9,6,7,6,8,2,8,9,0,3,7,6,9,3,8,11,8,7,10,0,3,7,10,8,4,9,10,8,7,11,8,8,4,7,2,8,11,4,9,3,9,4,11,8,10,3,5,3,3,9,4,4,10,4,6,9,3,4,8,11,4,3,11,9,11,9,6,9,10,11,4,5,7,11,4,8,6,8,8,7,6,9,10,3,0,3,8,9
4,10,2,8,9,4,11,11,5,6,4,5,9,8,4,2,11,5,7,0,5,5,0,8,7,7,0,8,9,11,10,7,9,4,11,7,2,11,4,5,6,9,10,11,8,5,4,3,10,9,4,8,11,11,9,0,0,7,6,11,5,6,10,7,8,7,9,3,9,10,2,4,8,7,10,4,9,0,9,8,11,2,4,8,11,9,5,10,11,9,8,0,9,9,5,8,3,9,0,5,10,4,10,5,0,9,11,4,6,4,4,10,5,5,11,5,7,10,4,5,9,0,5,4,0,10,0,10,7,10,11,0,5,6,8,0,5,9,7,9,9,8,7,10,11,4,2,4,9,10
5,11,3,9,10,5,0,0,6,7,5,6,10,9,5,3,0,6,8,2,6,6,2,9,8,8,2,9,10,0,11,8,10,5,0,8,3,0,5,6,7,10,11,0,9,6,5,4,11,10,5,9,0,0,10,2,2,8,7,0,6,7,11,8,9,8,10,4,10,11,3,5,9,8,11,5,10,2,10,9,0,3,5,9,0,10,6,11,0,10,9,2,10,10,6,9,4,10,2,6,11,5,11,6,2,10,0,5,7,5,5,11,6,6,0,6,8,11,5,6,10,2,6,5,2,11,2,11,8,11,0,2,6,7,9,2,6,10,8,10,10,9,8,11,0,5,3,5,10,11
6,0,4,10,11,6,2,2,7,8,6,7,11,10,6,4,2,7,9,3,7,7,3,10,9,9,3,10,11,2,0,9,11,6,2,9,4,2,6,7,8,11,0,2,10,7,6,5,0,11,6,10,2,2,11,3,3,9,8,2,7,8,0,9,10,9,11,5,11,0,4,6,10,9,0,6,11,3,11,10,2,4,6,10,2,11,7,0,2,11,10,3,11,11,7,10,5,11,3,7,0,6,0,7,3,11,2,6,8,6,6,0,7,7,2,7,9,0,6,7,11,3,7,6,3,0,3,0,9,0,2,3,7,8,10,3,7,11,9,11,11,10,9,0,2,6,4,6,11,0
7,2,5,11,0,7,3,3,8,9,7,8,0,11,7,5,3,8,10,4,8,8,4,11,10,10,4,11,0,3,2,10,0,7,3,10,5,3,7,8,9,0,2,3,11,8,7,6,2,0,7,11,3,3,0,4,4,10,9,3,8,9,2,10,11,10,0,6,0,2,5,7,11,10,2,7,0,4,0,11,3,5,7,11,3,0,8,2,3,0,11,4,0,0,8,11,6,0,4,8,2,7,2,8,4,0,3,7,9,7,7,2,8,8,3,8,10,2,7,8,0,4,8,7,4,2,4,2,10,2,3,4,8,9,11,4,8,0,10,0,0,11,10,2,3,7,5,7,0,2
8,3,6,0,2,8,4,4,9,10,8,9,2,0,8,6,4,9,11,5,9,9,5,0,11,11,5,0,2,4,3,11,2,8,4,11,6,4,8,9,10,2,3,4,0,9,8,7,3,2,8,0,4,4,2,5,5,11,10,4,9,10,3,11,0,11,2,7,2,3,6,8,0,11,3,8,2,5,2,0,4,6,8,0,4,2,9,3,4,2,0,5,2,2,9,0,7,2,5,9,3,8,3,9,5,2,4,8,10,8,8,3,9,9,4,9,11,3,8,9,2,5,9,8,5,3,5,3,11,3,4,5,9,10,0,5,9,2,11,2,2,0,11,3,4,8,6,8,2,3
9,4,7,2,3,9,5,5,10,11,9,10,3,2,9,7,5,10,0,6,10,10,6,2,0,0,6,2,3,5,4,0,3,9,5,0,7,5,9,10,11,3,4,5,2,10,9,8,4,3,9,2,5,5,3,6,6,0,11,5,10,11,4,0,2,0,3,8,3,4,7,9,2,0,4,9,3,6,3,2,5,7,9,2,5,3,10,4,5,3,2,6,3,3,10,2,8,3,6,10,4,9,4,10,6,3,5,9,11,9,9,4,10,10,5,10,0,4,9,10,3,6,10,9,6,4,6,4,0,4,5,6,10,11,2,6,10,3,0,3,3,2,0,4,5,9,7,9,3,4
10,5,8,3,4,10,6,6,11,0,10,11,4,3,10,8,6,11,2,7,11,11,7,3,2,2,7,3,4,6,5,2,4,10,6,2,8,6,10,11,0,4,5,6,3,11,10,9,5,4,10,3,6,6,4,7,7,2,0,6,11,0,5,2,3,2,4,9,4,5,8,10,3,2,5,10,4,7,4,3,6,8,10,3,6,4,11,5,6,4,3,7,4,4,11,3,9,4,7,11,5,10,5,11,7,4,6,10,0,10,10,5,11,11,6,11,2,5,10,11,4,7,11,10,7,5,7,5,2,5,6,7,11,0,3,7,11,4,2,4,4,3,2,5,6,10,8,10,4,5
11,6,9,4,5,11,7,7,0,2,11,0,5,4,11,9,7,0,3,8,0,0,8,4,3,3,8,4,5,7,6,3,5,11,7,3,9,7,11,0,2,5,6,7,4,0,11,10,6,5,11,4,7,7,5,8,8,3,2,7,0,2,6,3,4,3,5,10,5,6,9,11,4,3,6,11,5,8,5,4,7,9,11,4,7,5,0,6,7,5,4,8,5,5,0,4,10,5,8,0,6,11,6,0,8,5,7,11,2,11,11,6,0,0,7,0,3,6,11,0,5,8,0,11,8,6,8,6,3,6,7,8,0,2,4,8,0,5,3,5,5,4,3,6,7,11,9,11,5,6
0,7,10,5,6,0,8,8,2,3,0,2,6,5,0,10,8,2,4,9,2,2,9,5,4,4,9,5,6,8,7,4,6,0,8,4,10,8,0,2,3,6,7,8,5,2,0,11,7,6,0,5,8,8,6,9,9,4,3,8,2,3,7,4,5,4,6,11,6,7,10,0,5,4,7,0,6,9,6,5,8,10,0,5,8,6,2,7,8,6,5,9,6,6,2,5,11,6,9,2,7,0,7,2,9,6,8,0,3,0,0,7,2,2,8,2,4,7,0,2,6,9,2,0,9,7,9,7,4,7,8,9,2,3,5,9,2,6,4,6,6,5,4,7,8,0,10,0,6,7
2,8,11,6,7,2,9,9,3,4,2,3,7,6,2,11,9,3,5,10,3,3,10,6,5,5,10,6,7,9,8,5,7,2,9,5,11,9,2,3,4,7,8,9,6,3,2,0,8,7,2,6,9,9,7,10,10,5,4,9,3,4,8,5,6,5,7,0,7,8,11,2,6,5,8,2,7,10,7,6,9,11,2,6,9,7,3,8,9,7,6,10,7,7,3,6,0,7,10,3,8,2,8,3,10,7,9,2,4,2,2,8,3,3,9,3,5,8,2,3,7,10,3,2,10,8,10,8,5,8,9,10,3,4,6,10,3,7,5,7,7,6,5,8,9,2,11,2,7,8
3,9,0,7,8,3,10,10,4,5,3,4,8,7,3,0,10,4,6,11,4,4,11,7,6,6,11,7,8,10,9,6,8,3,10,6,0,10,3,4,5,8,9,10,7,4,3,2,9,8,3,7,10,10,8,11,11,6,5,10,4,5,9,6,7,6,8,2,8,9,0,3,7,6,9,3,8,11,8,7,10,0,3,7,10,8,4,9,10,8,7,11,8,8,4,7,2,8,11,4,9,3,9,4,11,8,10,3,5,3,3,9,4,4,10,4,6,9,3,4,8,11,4,3,11,9,11,9,6,9,10,11,4,5,7,11,4,8,6,8,8,7,6,9,10,3,0,3,8,9
4,10,2,8,9,4,11,11,5,6,4,5,9,8,4,2,11,5,7,0,5,5,0,8,7,7,0,8,9,11,10,7,9,4,11,7,2,11,4,5,6,9,10,11,8,5,4,3,10,9,4,8,11,11,9,0,0,7,6,11,5,6,10,7,8,7,9,3,9,10,2,4,8,7,10,4,9,0,9,8,11,2,4,8,11,9,5,10,11,9,8,0,9,9,5,8,3,9,0,5,10,4,10,5,0,9,11,4,6,4,4,10,5,5,11,5,7,10,4,5,9,0,5,4,0,10,0,10,7,10,11,0,5,6,8,0,5,9,7,9,9,8,7,10,11,4,2,4,9,10
5,11,3,9,10,5,0,0,6,7,5,6,10,9,5,3,0,6,8,2,6,6,2,9,8,8,2,9,10,0,11,8,10,5,0,8,3,0,5,6,7,10,11,0,9,6,5,4,11,10,5,9,0,0,10,2,2,8,7,0,6,7,11,8,9,8,10,4,10,11,3,5,9,8,11,5,10,2,10,9,0,3,5,9,0,10,6,11,0,10,9,2,10,10,6,9,4,10,2,6,11,5,11,6,2,10,0,5,7,5,5,11,6,6,0,6,8,11,5,6,10,2,6,5,2,11,2,11,8,11,0,2,6,7,9,2,6,10,8,10,10,9,8,11,0,5,3,5,10,11
6,0,4,10,11,6,2,2,7,8,6,7,11,10,6,4,2,7,9,3,7,7,3,10,9,9,3,10,11,2,0,9,11,6,2,9,4,2,6,7,8,11,0,2,10,7,6,5,0,11,6,10,2,2,11,3,3,9,8,2,7,8,0,9,10,9,11,5,11,0,4,6,10,9,0,6,11,3,11,10,2,4,6,10,2,11,7,0,2,11,10,3,11,11,7,10,5,11,3,7,0,6,0,7,3,11,2,6,8,6,6,0,7,7,2,7,9,0,6,7,11,3,7,6,3,0,3,0,9,0,2,3,7,8,10,3,7,11,9,11,11,10,9,0,2,6,4,6,11,0
7,2,5,11,0,7,3,3,8,9,7,8,0,11,7,5,3,8,10,4,8,8,4,11,10,10,4,11,0,3,2,10,0,7,3,10,5,3,7,8,9,0,2,3,11,8,7,6,2,0,7,11,3,3,0,4,4,10,9,3,8,9,2,10,11,10,0,6,0,2,5,7,11,10,2,7,0,4,0,11,3,5,7,11,3,0,8,2,3,0,11,4,0,0,8,11,6,0,4,8,2,7,2,8,4,0,3,7,9,7,7,2,8,8,3,8,10,2,7,8,0,4,8,7,4,2,4,2,10,2,3,4,8,9,11,4,8,0,10,0,0,11,10,2,3,7,5,7,0,2
8,3,6,0,2,8,4,4,9,10,8,9,2,0,8,6,4,9,11,5,9,9,5,0,11,11,5,0,2,4,3,11,2,8,4,11,6,4,8,9,10,2,3,4,0,9,8,7,3,2,8,0,4,4,2,5,5,11,10,4,9,10,3,11,0,11,2,7,2,3,6,8,0,11,3,8,2,5,2,0,4,6,8,0,4,2,9,3,4,2,0,5,2,2,9,0,7,2,5,9,3,8,3,9,5,2,4,8,10,8,8,3,9,9,4,9,11,3,8,9,2,5,9,8,5,3,5,3,11,3,4,5,9,10,0,5,9,2,11,2,2,0,11,3,4,8,6,8,2,3
9,4,7,2,3,9,5,5,10,11,9,10,3,2,9,7,5,10,0,6,10,10,6,2,0,0,6,2,3,5,4,0,3,9,5,0,7,5,9,10,11,3,4,5,2,10,9,8,4,3,9,2,5,5,3,6,6,0,11,5,10,11,4,0,2,0,3,8,3,4,7,9,2,0,4,9,3,6,3,2,5,7,9,2,5,3,10,4,5,3,2,6,3,3,10,2,8,3,6,10,4,9,4,10,6,3,5,9,11,9,9,4,10,10,5,10,0,4,9,10,3,6,10,9,6,4,6,4,0,4,5,6,10,11,2,6,10,3,0,3,3,2,0,4,5,9,7,9,3,4
10,5,8,3,4,10,6,6,11,0,10,11,4,3,10,8,6,11,2,7,11,11,7,3,2,2,7,3,4,6,5,2,4,10,6,2,8,6,10,11,0,4,5,6,3,11,10,9,5,4,10,3,6,6,4,7,7,2,0,6,11,0,5,2,3,2,4,9,4,5,8,10,3,2,5,10,4,7,4,3,6,8,10,3,6,4,11,5,6,4,3,7,4,4,11,3,9,4,7,11,5,10,5,11,7,4,6,10,0,10,10,5,11,11,6,11,2,5,10,11,4,7,11,10,7,5,7,5,2,5,6,7,11,0,3,7,11,4,2,4,4,3,2,5,6,10,8,10,4,5
11,6,9,4,5,11,7,7,0,2,11,0,5,4,11,9,7,0,3,8,0,0,8,4,3,3,8,4,5,7,6,3,5,11,7,3,9,7,11,0,2,5,6,7,4,0,11,10,6,5,11,4,7,7,5,8,8,3,2,7,0,2,6,3,4,3,5,10,5,6,9,11,4,3,6,11,5,8,5,4,7,9,11,4,7,5,0,6,7,5,4,8,5,5,0,4,10,5,8,0,6,11,6,0,8,5,7,11,2,11,11,6,0,0,7,0,3,6,11,0,5,8,0,11,8,6,8,6,3,6,7,8,0,2,4,8,0,5,3,5,5,4,3,6,7,11,9,11,5,6
0,7,10,5,6,0,8,8,2,3,0,2,6,5,0,10,8,2,4,9,2,2,9,5,4,4,9,5,6,8,7,4,6,0,8,4,10,8,0,2,3,6,7,8,5,2,0,11,7,6,0,5,8,8,6,9,9,4,3,8,2,3,7,4,5,4,6,11,6,7,10,0,5,4,7,0,6,9,6,5,8,10,0,5,8,6,2,7,8,6,5,9,6,6,2,5,11,6,9,2,7,0,7,2,9,6,8,0,3,0,0,7,2,2,8,2,4,7,0,2,6,9,2,0,9,7,9,7,4,7,8,9,2,3,5,9,2,6,4,6,6,5,4,7,8,0,10,0,6,7
2,8,11,6,7,2,9,9,3,4,2,3,7,6,2,11,9,3,5,10,3,3,10,6,5,5,10,6,7,9,8,5,7,2,9,5,11,9,2,3,4,7,8,9,6,3,2,0,8,7,2,6,9,9,7,10,10,5,4,9,3,4,8,5,6,5,7,0,7,8,11,2,6,5,8,2,7,10,7,6,9,11,2,6,9,7,3,8,9,7,6,10,7,7,3,6,0,7,10,3,8,2,8,3,10,7,9,2,4,2,2,8,3,3,9,3,5,8,2,3,7,10,3,2,10,8,10,8,5,8,9,10,3,4,6,10,3,7,5,7,7,6,5,8,9,2,11,2,7,8
3,9,0,7,8,3,10,10,4,5,3,4,8,7,3,0,10,4,6,11,4,4,11,7,6,6,11,7,8,10,9,6,8,3,10,6,0,10,3,4,5,8,9,10,7,4,3,2,9,8,3,7,10,10,8,11,11,6,5,10,4,5,9,6,7,6,8,2,8,9,0,3,7,6,9,3,8,11,8,7,10,0,3,7,10,8,4,9,10,8,7,11,8,8,4,7,2,8,11,4,9,3,9,4,11,8,10,3,5,3,3,9,4,4,10,4,6,9,3,4,8,11,4,3,11,9,11,9,6,9,10,11,4,5,7,11,4,8,6,8,8,7,6,9,10,3,0,3,8,9
4,10,2,8,9,4,11,11,5,6,4,5,9,8,4,2,11,5,7,0,5,5,0,8,7,7,0,8,9,11,10,7,9,4,11,7,2,11,4,5,6,9,10,11,8,5,4,3,10,9,4,8,11,11,9,0,0,7,6,11,5,6,10,7,8,7,9,3,9,10,2,4,8,7,10,4,9,0,9,8,11,2,4,8,11,9,5,10,11,9,8,0,9,9,5,8,3,9,0,5,10,4,10,5,0,9,11,4,6,4,4,10,5,5,11,5,7,10,4,5,9,0,5,4,0,10,0,10,7,10,11,0,5,6,8,0,5,9,7,9,9,8,7,10,11,4,2,4,9,10
5,11,3,9,10,5,0,0,6,7,5,6,10,9,5,3,0,6,8,2,6,6,2,9,8,8,2,9,10,0,11,8,10,5,0,8,3,0,5,6,7,10,11,0,9,6,5,4,11,10,5,9,0,0,10,2,2,8,7,0,6,7,11,8,9,8,10,4,10,11,3,5,9,8,11,5,10,2,10,9,0,3,5,9,0,10,6,11,0,10,9,2,10,10,6,9,4,10,2,6,11,5,11,6,2,10,0,5,7,5,5,11,6,6,0,6,8,11,5,6,10,2,6,5,2,11,2,11,8,11,0,2,6,7,9,2,6,10,8,10,10,9,8,11,0,5,3,5,10,11
6,0,4,10,11,6,2,2,7,8,6,7,11,10,6,4,2,7,9,3,7,7,3,10,9,9,3,10,11,2,0,9,11,6,2,9,4,2,6,7,8,11,0,2,10,7,6,5,0,11,6,10,2,2,11,3,3,9,8,2,7,8,0,9,10,9,11,5,11,0,4,6,10,9,0,6,11,3,11,10,2,4,6,10,2,11,7,0,2,11,10,3,11,11,7,10,5,11,3,7,0,6,0,7,3,11,2,6,8,6,6,0,7,7,2,7,9,0,6,7,11,3,7,6,3,0,3,0,9,0,2,3,7,8,10,3,7,11,9,11,11,10,9,0,2,6,4,6,11,0
7,2,5,11,0,7,3,3,8,9,7,8,0,11,7,5,3,8,10,4,8,8,4,11,10,10,4,11,0,3,2,10,0,7,3,10,5,3,7,8,9,0,2,3,11,8,7,6,2,0,7,11,3,3,0,4,4,10,9,3,8,9,2,10,11,10,0,6,0,2,5,7,11,10,2,7,0,4,0,11,3,5,7,11,3,0,8,2,3,0,11,4,0,0,8,11,6,0,4,8,2,7,2,8,4,0,3,7,9,7,7,2,8,8,3,8,10,2,7,8,0,4,8,7,4,2,4,2,10,2,3,4,8,9,11,4,8,0,10,0,0,11,10,2,3,7,5,7,0,2
8,3,6,0,2,8,4,4,9,10,8,9,2,0,8,6,4,9,11,5,9,9,5,0,11,11,5,0,2,4,3,11,2,8,4,11,6,4,8,9,10,2,3,4,0,9,8,7,3,2,8,0,4,4,2,5,5,11,10,4,9,10,3,11,0,11,2,7,2,3,6,8,0,11,3,8,2,5,2,0,4,6,8,0,4,2,9,3,4,2,0,5,2,2,9,0,7,2,5,9,3,8,3,9,5,2,4,8,10,8,8,3,9,9,4,9,11,3,8,9,2,5,9,8,5,3,5,3,11,3,4,5,9,10,0,5,9,2,11,2,2,0,11,3,4,8,6,8,2,3
9,4,7,2,3,9,5,5,10,11,9,10,3,2,9,7,5,10,0,6,10,10,6,2,0,0,6,2,3,5,4,0,3,9,5,0,7,5,9,10,11,3,4,5,2,10,9,8,4,3,9,2,5,5,3,6,6,0,11,5,10,11,4,0,2,0,3,8,3,4,7,9,2,0,4,9,3,6,3,2,5,7,9,2,5,3,10,4,5,3,2,6,3,3,10,2,8,3,6,10,4,9,4,10,6,3,5,9,11,9,9,4,10,10,5,10,0,4,9,10,3,6,10,9,6,4,6,4,0,4,5,6,10,11,2,6,10,3,0,3,3,2,0,4,5,9,7,9,3,4
10,5,8,3,4,10,6,6,11,0,10,11,4,3,10,8,6,11,2,7,11,11,7,3,2,2,7,3,4,6,5,2,4,10,6,2,8,6,10,11,0,4,5,6,3,11,10,9,5,4,10,3,6,6,4,7,7,2,0,6,11,0,5,2,3,2,4,9,4,5,8,10,3,2,5,10,4,7,4,3,6,8,10,3,6,4,11,5,6,4,3,7,4,4,11,3,9,4,7,11,5,10,5,11,7,4,6,10,0,10,10,5,11,11,6,11,2,5,10,11,4,7,11,10,7,5,7,5,2,5,6,7,11,0,3,7,11,4,2,4,4,3,2,5,6,10,8,10,4,5
11,6,9,4,5,11,7,7,0,2,11,0,5,4,11,9,7,0,3,8,0,0,8,4,3,3,8,4,5,7,6,3,5,11,7,3,9,7,11,0,2,5,6,7,4,0,11,10,6,5,11,4,7,7,5,8,8,3,2,7,0,2,6,3,4,3,5,10,5,6,9,11,4,3,6,11,5,8,5,4,7,9,11,4,7,5,0,6,7,5,4,8,5,5,0,4,10,5,8,0,6,11,6,0,8,5,7,11,2,11,11,6,0,0,7,0,3,6,11,0,5,8,0,11,8,6,8,6,3,6,7,8,0,2,4,8,0,5,3,5,5,4,3,6,7,11,9,11,5,6
0,7,10,5,6,0,8,8,2,3,0,2,6,5,0,10,8,2,4,9,2,2,9,5,4,4,9,5,6,8,7,4,6,0,8,4,10,8,0,2,3,6,7,8,5,2,0,11,7,6,0,5,8,8,6,9,9,4,3,8,2,3,7,4,5,4,6,11,6,7,10,0,5,4,7,0,6,9,6,5,8,10,0,5,8,6,2,7,8,6,5,9,6,6,2,5,11,6,9,2,7,0,7,2,9,6,8,0,3,0,0,7,2,2,8,2,4,7,0,2,6,9,2,0,9,7,9,7,4,7,8,9,2,3,5,9,2,6,4,6,6,5,4,7,8,0,10,0,6,7
2,8,11,6,7,2,9,9,3,4,2,3,7,6,2,11,9,3,5,10,3,3,10,6,5,5,10,6,7,9,8,5,7,2,9,5,11,9,2,3,4,7,8,9,6,3,2,0,8,7,2,6,9,9,7,10,10,5,4,9,3,4,8,5,6,5,7,0,7,8,11,2,6,5,8,2,7,10,7,6,9,11,2,6,9,7,3,8,9,7,6,10,7,7,3,6,0,7,10,3,8,2,8,3,10,7,9,2,4,2,2,8,3,3,9,3,5,8,2,3,7,10,3,2,10,8,10,8,5,8,9,10,3,4,6,10,3,7,5,7,7,6,5,8,9,2,11,2,7,8
3,9,0,7,8,3,10,10,4,5,3,4,8,7,3,0,10,4,6,11,4,4,11,7,6,6,11,7,8,10,9,6,8,3,10,6,0,10,3,4,5,8,9,10,7,4,3,2,9,8,3,7,10,10,8,11,11,6,5,10,4,5,9,6,7,6,8,2,8,9,0,3,7,6,9,3,8,11,8,7,10,0,3,7,10,8,4,9,10,8,7,11,8,8,4,7,2,8,11,4,9,3,9,4,11,8,10,3,5,3,3,9,4,4,10,4,6,9,3,4,8,11,4,3,11,9,11,9,6,9,10,11,4,5,7,11,4,8,6,8,8,7,6,9,10,3,0,3,8,9
4,10,2,8,9,4,11,11,5,6,4,5,9,8,4,2,11,5,7,0,5,5,0,8,7,7,0,8,9,11,10,7,9,4,11,7,2,11,4,5,6,9,10,11,8,5,4,3,10,9,4,8,11,11,9,0,0,7,6,11,5,6,10,7,8,7,9,3,9,10,2,4,8,7,10,4,9,0,9,8,11,2,4,8,11,9,5,10,11,9,8,0,9,9,5,8,3,9,0,5,10,4,10,5,0,9,11,4,6,4,4,10,5,5,11,5,7,10,4,5,9,0,5,4,0,10,0,10,7,10,11,0,5,6,8,0,5,9,7,9,9,8,7,10,11,4,2,4,9,10
5,11,3,9,10,5,0,0,6,7,5,6,10,9,5,3,0,6,8,2,6,6,2,9,8,8,2,9,10,0,11,8,10,5,0,8,3,0,5,6,7,10,11,0,9,6,5,4,11,10,5,9,0,0,10,2,2,8,7,0,6,7,11,8,9,8,10,4,10,11,3,5,9,8,11,5,10,2,10,9,0,3,5,9,0,10,6,11,0,10,9,2,10,10,6,9,4,10,2,6,11,5,11,6,2,10,0,5,7,5,5,11,6,6,0,6,8,11,5,6,10,2,6,5,2,11,2,11,8,11,0,2,6,7,9,2,6,10,8,10,10,9,8,11,0,5,3,5,10,11
6,0,4,10,11,6,2,2,7,8,6,7,11,10,6,4,2,7,9,3,7,7,3,10,9,9,3,10,11,2,0,9,11,6,2,9,4,2,6,7,8,11,0,2,10,7,6,5,0,11,6,10,2,2,11,3,3,9,8,2,7,8,0,9,10,9,11,5,11,0,4,6,10,9,0,6,11,3,11,10,2,4,6,10,2,11,7,0,2,11,10,3,11,11,7,10,5,11,3,7,0,6,0,7,3,11,2,6,8,6,6,0,7,7,2,7,9,0,6,7,11,3,7,6,3,0,3,0,9,0,2,3,7,8,10,3,7,11,9,11,11,10,9,0,2,6,4,6,11,0
7,2,5,11,0,7,3,3,8,9,7,8,0,11,7,5,3,8,10,4,8,8,4,11,10,10,4,11,0,3,2,10,0,7,3,10,5,3,7,8,9,0,2,3,11,8,7,6,2,0,7,11,3,3,0,4,4,10,9,3,8,9,2,10,11,10,0,6,0,2,5,7,11,10,2,7,0,4,0,11,3,5,7,11,3,0,8,2,3,0,11,4,0,0,8,11,6,0,4,8,2,7,2,8,4,0,3,7,9,7,7,2,8,8,3,8,10,2,7,8,0,4,8,7,4,2,4,2,10,2,3,4,8,9,11,4,8,0,10,0,0,11,10,2,3,7,5,7,0,2
8,3,6,0,2,8,4,4,9,10,8,9,2,0,8,6,4,9,11,5,9,9,5,0,11,11,5,0,2,4,3,11,2,8,4,11,6,4,8,9,10,2,3,4,0,9,8,7,3,2,8,0,4,4,2,5,5,11,10,4,9,10,3,11,0,11,2,7,2,3,6,8,0,11,3,8,2,5,2,0,4,6,8,0,4,2,9,3,4,2,0,5,2,2,9,0,7,2,5,9,3,8,3,9,5,2,4,8,10,8,8,3,9,9,4,9,11,3,8,9,2,5,9,8,5,3,5,3,11,3,4,5,9,10,0,5,9,2,11,2,2,0,11,3,4,8,6,8,2,3
9,4,7,2,3,9,5,5,10,11,9,10,3,2,9,7,5,10,0,6,10,10,6,2,0,0,6,2,3,5,4,0,3,9,5,0,7,5,9,10,11,3,4,5,2,10,9,8,4,3,9,2,5,5,3,6,6,0,11,5,10,11,4,0,2,0,3,8,3,4,7,9,2,0,4,9,3,6,3,2,5,7,9,2,5,3,10,4,5,3,2,6,3,3,10,2,8,3,6,10,4,9,4,10,6,3,5,9,11,9,9,4,10,10,5,10,0,4,9,10,3,6,10,9,6,4,6,4,0,4,5,6,10,11,2,6,10,3,0,3,3,2,0,4,5,9,7,9,3,4
10,5,8,3,4,10,6,6,11,0,10,11,4,3,10,8,6,11,2,7,11,11,7,3,2,2,7,3,4,6,5,2,4,10,6,2,8,6,10,11,0,4,5,6,3,11,10,9,5,4,10,3,6,6,4,7,7,2,0,6,11,0,5,2,3,2,4,9,4,5,8,10,3,2,5,10,4,7,4,3,6,8,10,3,6,4,11,5,6,4,3,7,4,4,11,3,9,4,7,11,5,10,5,11,7,4,6,10,0,10,10,5,11,11,6,11,2,5,10,11,4,7,11,10,7,5,7,5,2,5,6,7,11,0,3,7,11,4,2,4,4,3,2,5,6,10,8,10,4,5
11,6,9,4,5,11,7,7,0,2,11,0,5,4,11,9,7,0,3,8,0,0,8,4,3,3,8,4,5,7,6,3,5,11,7,3,9,7,11,0,2,5,6,7,4,0,11,10,6,5,11,4,7,7,5,8,8,3,2,7,0,2,6,3,4,3,5,10,5,6,9,11,4,3,6,11,5,8,5,4,7,9,11,4,7,5,0,6,7,5,4,8,5,5,0,4,10,5,8,0,6,11,6,0,8,5,7,11,2,11,11,6,0,0,7,0,3,6,11,0,5,8,0,11,8,6,8,6,3,6,7,8,0,2,4,8,0,5,3,5,5,4,3,6,7,11,9,11,5,6
0,7,10,5,6,0,8,8,2,3,0,2,6,5,0,10,8,2,4,9,2,2,9,5,4,4,9,5,6,8,7,4,6,0,8,4,10,8,0,2,3,6,7,8,5,2,0,11,7,6,0,5,8,8,6,9,9,4,3,8,2,3,7,4,5,4,6,11,6,7,10,0,5,4,7,0,6,9,6,5,8,10,0,5,8,6,2,7,8,6,5,9,6,6,2,5,11,6,9,2,7,0,7,2,9,6,8,0,3,0,0,7,2,2,8,2,4,7,0,2,6,9,2,0,9,7,9,7,4,7,8,9,2,3,5,9,2,6,4,6,6,5,4,7,8,0,10,0,6,7
2,8,11,6,7,2,9,9,3,4,2,3,7,6,2,11,9,3,5,10,3,3,10,6,5,5,10,6,7,9,8,5,7,2,9,5,11,9,2,3,4,7,8,9,6,3,2,0,8,7,2,6,9,9,7,10,10,5,4,9,3,4,8,5,6,5,7,0,7,8,11,2,6,5,8,2,7,10,7,6,9,11,2,6,9,7,3,8,9,7,6,10,7,7,3,6,0,7,10,3,8,2,8,3,10,7,9,2,4,2,2,8,3,3,9,3,5,8,2,3,7,10,3,2,10,8,10,8,5,8,9,10,3,4,6,10,3,7,5,7,7,6,5,8,9,2,11,2,7,8
3,9,0,7,8,3,10,10,4,5,3,4,8,7,3,0,10,4,6,11,4,4,11,7,6,6,11,7,8,10,9,6,8,3,10,6,0,10,3,4,5,8,9,10,7,4,3,2,9,8,3,7,10,10,8,11,11,6,5,10,4,5,9,6,7,6,8,2,8,9,0,3,7,6,9,3,8,11,8,7,10,0,3,7,10,8,4,9,10,8,7,11,8,8,4,7,2,8,11,4,9,3,9,4,11,8,10,3,5,3,3,9,4,4,10,4,6,9,3,4,8,11,4,3,11,9,11,9,6,9,10,11,4,5,7,11,4,8,6,8,8,7,6,9,10,3,0,3,8,9
4,10,2,8,9,4,11,11,5,6,4,5,9,8,4,2,11,5,7,0,5,5,0,8,7,7,0,8,9,11,10,7,9,4,11,7,2,11,4,5,6,9,10,11,8,5,4,3,10,9,4,8,11,11,9,0,0,7,6,11,5,6,10,7,8,7,9,3,9,10,2,4,8,7,10,4,9,0,9,8,11,2,4,8,11,9,5,10,11,9,8,0,9,9,5,8,3,9,0,5,10,4,10,5,0,9,11,4,6,4,4,10,5,5,11,5,7,10,4,5,9,0,5,4,0,10,0,10,7,10,11,0,5,6,8,0,5,9,7,9,9,8,7,10,11,4,2,4,9,10
5,11,3,9,10,5,0,0,6,7,5,6,10,9,5,3,0,6,8,2,6,6,2,9,8,8,2,9,10,0,11,8,10,5,0,8,3,0,5,6,7,10,11,0,9,6,5,4,11,10,5,9,0,0,10,2,2,8,7,0,6,7,11,8,9,8,10,4,10,11,3,5,9,8,11,5,10,2,10,9,0,3,5,9,0,10,6,11,0,10,9,2,10,10,6,9,4,10,2,6,11,5,11,6,2,10,0,5,7,5,5,11,6,6,0,6,8,11,5,6,10,2,6,5,2,11,2,11,8,11,0,2,6,7,9,2,6,10,8,10,10,9,8,11,0,5,3,5,10,11
6,0,4,10,11,6,2,2,7,8,6,7,11,10,6,4,2,7,9,3,7,7,3,10,9,9,3,10,11,2,0,9,11,6,2,9,4,2,6,7,8,11,0,2,10,7,6,5,0,11,6,10,2,2,11,3,3,9,8,2,7,8,0,9,10,9,11,5,11,0,4,6,10,9,0,6,11,3,11,10,2,4,6,10,2,11,7,0,2,11,10,3,11,11,7,10,5,11,3,7,0,6,0,7,3,11,2,6,8,6,6,0,7,7,2,7,9,0,6,7,11,3,7,6,3,0,3,0,9,0,2,3,7,8,10,3,7,11,9,11,11,10,9,0,2,6,4,6,11,0
7,2,5,11,0,7,3,3,8,9,7,8,0,11,7,5,3,8,10,4,8,8,4,11,10,10,4,11,0,3,2,10,0,7,3,10,5,3,7,8,9,0,2,3,11,8,7,6,2,0,7,11,3,3,0,4,4,10,9,3,8,9,2,10,11,10,0,6,0,2,5,7,11,10,2,7,0,4,0,11,3,5,7,11,3,0,8,2,3,0,11,4,0,0,8,11,6,0,4,8,2,7,2,8,4,0,3,7,9,7,7,2,8,8,3,8,10,2,7,8,0,4,8,7,4,2,4,2,10,2,3,4,8,9,11,4,8,0,10,0,0,11,10,2,3,7,5,7,0,2
8,3,6,0,2,8,4,4,9,10,8,9,2,0,8,6,4,9,11,5,9,9,5,0,11,11,5,0,2,4,3,11,2,8,4,11,6,4,8,9,10,2,3,4,0,9,8,7,3,2,8,0,4,4,2,5,5,11,10,4,9,10,3,11,0,11,2,7,2,3,6,8,0,11,3,8,2,5,2,0,4,6,8,0,4,2,9,3,4,2,0,5,2,2,9,0,7,2,5,9,3,8,3,9,5,2,4,8,10,8,8,3,9,9,4,9,11,3,8,9,2,5,9,8,5,3,5,3,11,3,4,5,9,10,0,5,9,2,11,2,2,0,11,3,4,8,6,8,2,3
9,4,7,2,3,9,5,5,10,11,9,10,3,2,9,7,5,10,0,6,10,10,6,2,0,0,6,2,3,5,4,0,3,9,5,0,7,5,9,10,11,3,4,5,2,10,9,8,4,3,9,2,5,5,3,6,6,0,11,5,10,11,4,0,2,0,3,8,3,4,7,9,2,0,4,9,3,6,3,2,5,7,9,2,5,3,10,4,5,3,2,6,3,3,10,2,8,3,6,10,4,9,4,10,6,3,5,9,11,9,9,4,10,10,5,10,0,4,9,10,3,6,10,9,6,4,6,4,0,4,5,6,10,11,2,6,10,3,0,3,3,2,0,4,5,9,7,9,3,4
10,5,8,3,4,10,6,6,11,0,10,11,4,3,10,8,6,11,2,7,11,11,7,3,2,2,7,3,4,6,5,2,4,10,6,2,8,6,10,11,0,4,5,6,3,11,10,9,5,4,10,3,6,6,4,7,7,2,0,6,11,0,5,2,3,2,4,9,4,5,8,10,3,2,5,10,4,7,4,3,6,8,10,3,6,4,11,5,6,4,3,7,4,4,11,3,9,4,7,11,5,10,5,11,7,4,6,10,0,10,10,5,11,11,6,11,2,5,10,11,4,7,11,10,7,5,7,5,2,5,6,7,11,0,3,7,11,4,2,4,4,3,2,5,6,10,8,10,4,5
11,6,9,4,5,11,7,7,0,2,11,0,5,4,11,9,7,0,3,8,0,0,8,4,3,3,8,4,5,7,6,3,5,11,7,3,9,7,11,0,2,5,6,7,4,0,11,10,6,5,11,4,7,7,5,8,8,3,2,7,0,2,6,3,4,3,5,10,5,6,9,11,4,3,6,11,5,8,5,4,7,9,11,4,7,5,0,6,7,5,4,8,5,5,0,4,10,5,8,0,6,11,6,0,8,5,7,11,2,11,11,6,0,0,7,0,3,6,11,0,5,8,0,11,8,6,8,6,3,6,7,8,0,2,4,8,0,5,3,5,5,4,3,6,7,11,9,11,5,6
0,7,10,5,6,0,8,8,2,3,0,2,6,5,0,10,8,2,4,9,2,2,9,5,4,4,9,5,6,8,7,4,6,0,8,4,10,8,0,2,3,6,7,8,5,2,0,11,7,6,0,5,8,8,6,9,9,4,3,8,2,3,7,4,5,4,6,11,6,7,10,0,5,4,7,0,6,9,6,5,8,10,0,5,8,6,2,7,8,6,5,9,6,6,2,5,11,6,9,2,7,0,7,2,9,6,8,0,3,0,0,7,2,2,8,2,4,7,0,2,6,9,2,0,9,7,9,7,4,7,8,9,2,3,5,9,2,6,4,6,6,5,4,7,8,0,10,0,6,7
2,8,11,6,7,2,9,9,3,4,2,3,7,6,2,11,9,3,5,10,3,3,10,6,5,5,10,6,7,9,8,5,7,2,9,5,11,9,2,3,4,7,8,9,6,3,2,0,8,7,2,6,9,9,7,10,10,5,4,9,3,4,8,5,6,5,7,0,7,8,11,2,6,5,8,2,7,10,7,6,9,11,2,6,9,7,3,8,9,7,6,10,7,7,3,6,0,7,10,3,8,2,8,3,10,7,9,2,4,2,2,8,3,3,9,3,5,8,2,3,7,10,3,2,10,8,10,8,5,8,9,10,3,4,6,10,3,7,5,7,7,6,5,8,9,2,11,2,7,8
3,9,0,7,8,3,10,10,4,5,3,4,8,7,3,0,10,4,6,11,4,4,11,7,6,6,11,7,8,10,9,6,8,3,10,6,0,10,3,4,5,8,9,10,7,4,3,2,9,8,3,7,10,10,8,11,11,6,5,10,4,5,9,6,7,6,8,2,8,9,0,3,7,6,9,3,8,11,8,7,10,0,3,7,10,8,4,9,10,8,7,11,8,8,4,7,2,8,11,4,9,3,9,4,11,8,10,3,5,3,3,9,4,4,10,4,6,9,3,4,8,11,4,3,11,9,11,9,6,9,10,11,4,5,7,11,4,8,6,8,8,7,6,9,10,3,0,3,8,9
4,10,2,8,9,4,11,11,5,6,4,5,9,8,4,2,11,5,7,0,5,5,0,8,7,7,0,8,9,11,10,7,9,4,11,7,2,11,4,5,6,9,10,11,8,5,4,3,10,9,4,8,11,11,9,0,0,7,6,11,5,6,10,7,8,7,9,3,9,10,2,4,8,7,10,4,9,0,9,8,11,2,4,8,11,9,5,10,11,9,8,0,9,9,5,8,3,9,0,5,10,4,10,5,0,9,11,4,6,4,4,10,5,5,11,5,7,10,4,5,9,0,5,4,0,10,0,10,7,10,11,0,5,6,8,0,5,9,7,9,9,8,7,10,11,4,2,4,9,10
5,11,3,9,10,5,0,0,6,7,5,6,10,9,5,3,0,6,8,2,6,6,2,9,8,8,2,9,10,0,11,8,10,5,0,8,3,0,5,6,7,10,11,0,9,6,5,4,11,10,5,9,0,0,10,2,2,8,7,0,6,7,11,8,9,8,10,4,10,11,3,5,9,8,11,5,10,2,10,9,0,3,5,9,0,10,6,11,0,10,9,2,10,10,6,9,4,10,2,6,11,5,11,6,2,10,0,5,7,5,5,11,6,6,0,6,8,11,5,6,10,2,6,5,2,11,2,11,8,11,0,2,6,7,9,2,6,10,8,10,10,9,8,11,0,5,3,5,10,11
6,0,4,10,11,6,2,2,7,8,6,7,11,10,6,4,2,7,9,3,7,7,3,10,9,9,3,10,11,2,0,9,11,6,2,9,4,2,6,7,8,11,0,2,10,7,6,5,0,11,6,10,2,2,11,3,3,9,8,2,7,8,0,9,10,9,11,5,11,0,4,6,10,9,0,6,11,3,11,10,2,4,6,10,2,11,7,0,2,11,10,3,11,11,7,10,5,11,3,7,0,6,0,7,3,11,2,6,8,6,6,0,7,7,2,7,9,0,6,7,11,3,7,6,3,0,3,0,9,0,2,3,7,8,10,3,7,11,9,11,11,10,9,0,2,6,4,6,11,0
7,2,5,11,0,7,3,3,8,9,7,8,0,11,7,5,3,8,10,4,8,8,4,11,10,10,4,11,0,3,2,10,0,7,3,10,5,3,7,8,9,0,2,3,11,8,7,6,2,0,7,11,3,3,0,4,4,10,9,3,8,9,2,10,11,10,0,6,0,2,5,7,11,10,2,7,0,4,0,11,3,5,7,11,3,0,8,2,3,0,11,4,0,0,8,11,6,0,4,8,2,7,2,8,4,0,3,7,9,7,7,2,8,8,3,8,10,2,7,8,0,4,8,7,4,2,4,2,10,2,3,4,8,9,11,4,8,0,10,0,0,11,10,2,3,7,5,7,0,2
8,3,6,0,2,8,4,4,9,10,8,9,2,0,8,6,4,9,11,5,9,9,5,0,11,11,5,0,2,4,3,11,2,8,4,11,6,4,8,9,10,2,3,4,0,9,8,7,3,2,8,0,4,4,2,5,5,11,10,4,9,10,3,11,0,11,2,7,2,3,6,8,0,11,3,8,2,5,2,0,4,6,8,0,4,2,9,3,4,2,0,5,2,2,9,0,7,2,5,9,3,8,3,9,5,2,4,8,10,8,8,3,9,9,4,9,11,3,8,9,2,5,9,8,5,3,5,3,11,3,4,5,9,10,0,5,9,2,11,2,2,0,11,3,4,8,6,8,2,3
9,4,7,2,3,9,5,5,10,11,9,10,3,2,9,7,5,10,0,6,10,10,6,2,0,0,6,2,3,5,4,0,3,9,5,0,7,5,9,10,11,3,4,5,2,10,9,8,4,3,9,2,5,5,3,6,6,0,11,5,10,11,4,0,2,0,3,8,3,4,7,9,2,0,4,9,3,6,3,2,5,7,9,2,5,3,10,4,5,3,2,6,3,3,10,2,8,3,6,10,4,9,4,10,6,3,5,9,11,9,9,4,10,10,5,10,0,4,9,10,3,6,10,9,6,4,6,4,0,4,5,6,10,11,2,6,10,3,0,3,3,2,0,4,5,9,7,9,3,4
10,5,8,3,4,10,6,6,11,0,10,11,4,3,10,8,6,11,2,7,11,11,7,3,2,2,7,3,4,6,5,2,4,10,6,2,8,6,10,11,0,4,5,6,3,11,10,9,5,4,10,3,6,6,4,7,7,2,0,6,11,0,5,2,3,2,4,9,4,5,8,10,3,2,5,10,4,7,4,3,6,8,10,3,6,4,11,5,6,4,3,7,4,4,11,3,9,4,7,11,5,10,5,11,7,4,6,10,0,10,10,5,11,11,6,11,2,5,10,11,4,7,11,10,7,5,7,5,2,5,6,7,11,0,3,7,11,4,2,4,4,3,2,5,6,10,8,10,4,5
11,6,9,4,5,11,7,7,0,2,11,0,5,4,11,9,7,0,3,8,0,0,8,4,3,3,8,4,5,7,6,3,5,11,7,3,9,7,11,0,2,5,6,7,4,0,11,10,6,5,11,4,7,7,5,8,8,3,2,7,0,2,6,3,4,3,5,10,5,6,9,11,4,3,6,11,5,8,5,4,7,9,11,4,7,5,0,6,7,5,4,8,5,5,0,4,10,5,8,0,6,11,6,0,8,5,7,11,2,11,11,6,0,0,7,0,3,6,11,0,5,8,0,11,8,6,8,6,3,6,7,8,0,2,4,8,0,5,3,5,5,4,3,6,7,11,9,11,5,6
0,7,10,5,6,0,8,8,2,3,0,2,6,5,0,10,8,2,4,9,2,2,9,5,4,4,9,5,6,8,7,4,6,0,8,4,10,8,0,2,3,6,7,8,5,2,0,11,7,6,0,5,8,8,6,9,9,4,3,8,2,3,7,4,5,4,6,11,6,7,10,0,5,4,7,0,6,9,6,5,8,10,0,5,8,6,2,7,8,6,5,9,6,6,2,5,11,6,9,2,7,0,7,2,9,6,8,0,3,0,0,7,2,2,8,2,4,7,0,2,6,9,2,0,9,7,9,7,4,7,8,9,2,3,5,9,2,6,4,6,6,5,4,7,8,0,10,0,6,7
2,8,11,6,7,2,9,9,3,4,2,3,7,6,2,11,9,3,5,10,3,3,10,6,5,5,10,6,7,9,8,5,7,2,9,5,11,9,2,3,4,7,8,9,6,3,2,0,8,7,2,6,9,9,7,10,10,5,4,9,3,4,8,5,6,5,7,0,7,8,11,2,6,5,8,2,7,10,7,6,9,11,2,6,9,7,3,8,9,7,6,10,7,7,3,6,0,7,10,3,8,2,8,3,10,7,9,2,4,2,2,8,3,3,9,3,5,8,2,3,7,10,3,2,10,8,10,8,5,8,9,10,3,4,6,10,3,7,5,7,7,6,5,8,9,2,11,2,7,8
3,9,0,7,8,3,10,10,4,5,3,4,8,7,3,0,10,4,6,11,4,4,11,7,6,6,11,7,8,10,9,6,8,3,10,6,0,10,3,4,5,8,9,10,7,4,3,2,9,8,3,7,10,10,8,11,11,6,5,10,4,5,9,6,7,6,8,2,8,9,0,3,7,6,9,3,8,11,8,7,10,0,3,7,10,8,4,9,10,8,7,11,8,8,4,7,2,8,11,4,9,3,9,4,11,8,10,3,5,3,3,9,4,4,10,4,6,9,3,4,8,11,4,3,11,9,11,9,6,9,10,11,4,5,7,11,4,8,6,8,8,7,6,9,10,3,0,3,8,9
4,10,2,8,9,4,11,11,5,6,4,5,9,8,4,2,11,5,7,0,5,5,0,8,7,7,0,8,9,11,10,7,9,4,11,7,2,11,4,5,6,9,10,11,8,5,4,3,10,9,4,8,11,11,9,0,0,7,6,11,5,6,10,7,8,7,9,3,9,10,2,4,8,7,10,4,9,0,9,8,11,2,4,8,11,9,5,10,11,9,8,0,9,9,5,8,3,9,0,5,10,4,10,5,0,9,11,4,6,4,4,10,5,5,11,5,7,10,4,5,9,0,5,4,0,10,0,10,7,10,11,0,5,6,8,0,5,9,7,9,9,8,7,10,11,4,2,4,9,10
5,11,3,9,10,5,0,0,6,7,5,6,10,9,5,3,0,6,8,2,6,6,2,9,8,8,2,9,10,0,11,8,10,5,0,8,3,0,5,6,7,10,11,0,9,6,5,4,11,10,5,9,0,0,10,2,2,8,7,0,6,7,11,8,9,8,10,4,10,11,3,5,9,8,11,5,10,2,10,9,0,3,5,9,0,10,6,11,0,10,9,2,10,10,6,9,4,10,2,6,11,5,11,6,2,10,0,5,7,5,5,11,6,6,0,6,8,11,5,6,10,2,6,5,2,11,2,11,8,11,0,2,6,7,9,2,6,10,8,10,10,9,8,11,0,5,3,5,10,11
6,0,4,10,11,6,2,2,7,8,6,7,11,10,6,4,2,7,9,3,7,7,3,10,9,9,3,10,11,2,0,9,11,6,2,9,4,2,6,7,8,11,0,2,10,7,6,5,0,11,6,10,2,2,11,3,3,9,8,2,7,8,0,9,10,9,11,5,11,0,4,6,10,9,0,6,11,3,11,10,2,4,6,10,2,11,7,0,2,11,10,3,11,11,7,10,5,11,3,7,0,6,0,7,3,11,2,6,8,6,6,0,7,7,2,7,9,0,6,7,11,3,7,6,3,0,3,0,9,0,2,3,7,8,10,3,7,11,9,11,11,10,9,0,2,6,4,6,11,0
7,2,5,11,0,7,3,3,8,9,7,8,0,11,7,5,3,8,10,4,8,8,4,11,10,10,4,11,0,3,2,10,0,7,3,10,5,3,7,8,9,0,2,3,11,8,7,6,2,0,7,11,3,3,0,4,4,10,9,3,8,9,2,10,11,10,0,6,0,2,5,7,11,10,2,7,0,4,0,11,3,5,7,11,3,0,8,2,3,0,11,4,0,0,8,11,6,0,4,8,2,7,2,8,4,0,3,7,9,7,7,2,8,8,3,8,10,2,7,8,0,4,8,7,4,2,4,2,10,2,3,4,8,9,11,4,8,0,10,0,0,11,10,2,3,7,5,7,0,2
8,3,6,0,2,8,4,4,9,10,8,9,2,0,8,6,4,9,11,5,9,9,5,0,11,11,5,0,2,4,3,11,2,8,4,11,6,4,8,9,10,2,3,4,0,9,8,7,3,2,8,0,4,4,2,5,5,11,10,4,9,10,3,11,0,11,2,7,2,3,6,8,0,11,3,8,2,5,2,0,4,6,8,0,4,2,9,3,4,2,0,5,2,2,9,0,7,2,5,9,3,8,3,9,5,2,4,8,10,8,8,3,9,9,4,9,11,3,8,9,2,5,9,8,5,3,5,3,11,3,4,5,9,10,0,5,9,2,11,2,2,0,11,3,4,8,6,8,2,3
9,4,7,2,3,9,5,5,10,11,9,10,3,2,9,7,5,10,0,6,10,10,6,2,0,0,6,2,3,5,4,0,3,9,5,0,7,5,9,10,11,3,4,5,2,10,9,8,4,3,9,2,5,5,3,6,6,0,11,5,10,11,4,0,2,0,3,8,3,4,7,9,2,0,4,9,3,6,3,2,5,7,9,2,5,3,10,4,5,3,2,6,3,3,10,2,8,3,6,10,4,9,4,10,6,3,5,9,11,9,9,4,10,10,5,10,0,4,9,10,3,6,10,9,6,4,6,4,0,4,5,6,10,11,2,6,10,3,0,3,3,2,0,4,5,9,7,9,3,4
10,5,8,3,4,10,6,6,11,0,10,11,4,3,10,8,6,11,2,7,11,11,7,3,2,2,7,3,4,6,5,2,4,10,6,2,8,6,10,11,0,4,5,6,3,11,10,9,5,4,10,3,6,6,4,7,7,2,0,6,11,0,5,2,3,2,4,9,4,5,8,10,3,2,5,10,4,7,4,3,6,8,10,3,6,4,11,5,6,4,3,7,4,4,11,3,9,4,7,11,5,10,5,11,7,4,6,10,0,10,10,5,11,11,6,11,2,5,10,11,4,7,11,10,7,5,7,5,2,5,6,7,11,0,3,7,11,4,2,4,4,3,2,5,6,10,8,10,4,5
11,6,9,4,5,11,7,7,0,2,11,0,5,4,11,9,7,0,3,8,0,0,8,4,3,3,8,4,5,7,6,3,5,11,7,3,9,7,11,0,2,5,6,7,4,0,11,10,6,5,11,4,7,7,5,8,8,3,2,7,0,2,6,3,4,3,5,10,5,6,9,11,4,3,6,11,5,8,5,4,7,9,11,4,7,5,0,6,7,5,4,8,5,5,0,4,10,5,8,0,6,11,6,0,8,5,7,11,2,11,11,6,0,0,7,0,3,6,11,0,5,8,0,11,8,6,8,6,3,6,7,8,0,2,4,8,0,5,3,5,5,4,3,6,7,11,9,11,5,6
0,7,10,5,6,0,8,8,2,3,0,2,6,5,0,10,8,2,4,9,2,2,9,5,4,4,9,5,6,8,7,4,6,0,8,4,10,8,0,2,3,6,7,8,5,2,0,11,7,6,0,5,8,8,6,9,9,4,3,8,2,3,7,4,5,4,6,11,6,7,10,0,5,4,7,0,6,9,6,5,8,10,0,5,8,6,2,7,8,6,5,9,6,6,2,5,11,6,9,2,7,0,7,2,9,6,8,0,3,0,0,7,2,2,8,2,4,7,0,2,6,9,2,0,9,7,9,7,4,7,8,9,2,3,5,9,2,6,4,6,6,5,4,7,8,0,10,0,6,7
2,8,11,6,7,2,9,9,3,4,2,3,7,6,2,11,9,3,5,10,3,3,10,6,5,5,10,6,7,9,8,5,7,2,9,5,11,9,2,3,4,7,8,9,6,3,2,0,8,7,2,6,9,9,7,10,10,5,4,9,3,4,8,5,6,5,7,0,7,8,11,2,6,5,8,2,7,10,7,6,9,11,2,6,9,7,3,8,9,7,6,10,7,7,3,6,0,7,10,3,8,2,8,3,10,7,9,2,4,2,2,8,3,3,9,3,5,8,2,3,7,10,3,2,10,8,10,8,5,8,9,10,3,4,6,10,3,7,5,7,7,6,5,8,9,2,11,2,7,8
3,9,0,7,8,3,10,10,4,5,3,4,8,7,3,0,10,4,6,11,4,4,11,7,6,6,11,7,8,10,9,6,8,3,10,6,0,10,3,4,5,8,9,10,7,4,3,2,9,8,3,7,10,10,8,11,11,6,5,10,4,5,9,6,7,6,8,2,8,9,0,3,7,6,9,3,8,11,8,7,10,0,3,7,10,8,4,9,10,8,7,11,8,8,4,7,2,8,11,4,9,3,9,4,11,8,10,3,5,3,3,9,4,4,10,4,6,9,3,4,8,11,4,3,11,9,11,9,6,9,10,11,4,5,7,11,4,8,6,8,8,7,6,9,10,3,0,3,8,9
4,10,2,8,9,4,11,11,5,6,4,5,9,8,4,2,11,5,7,0,5,5,0,8,7,7,0,8,9,11,10,7,9,4,11,7,2,11,4,5,6,9,10,11,8,5,4,3,10,9,4,8,11,11,9,0,0,7,6,11,5,6,10,7,8,7,9,3,9,10,2,4,8,7,10,4,9,0,9,8,11,2,4,8,11,9,5,10,11,9,8,0,9,9,5,8,3,9,0,5,10,4,10,5,0,9,11,4,6,4,4,10,5,5,11,5,7,10,4,5,9,0,5,4,0,10,0,10,7,10,11,0,5,6,8,0,5,9,7,9,9,8,7,10,11,4,2,4,9,10
5,11,3,9,10,5,0,0,6,7,5,6,10,9,5,3,0,6,8,2,6,6,2,9,8,8,2,9,10,0,11,8,10,5,0,8,3,0,5,6,7,10,11,0,9,6,5,4,11,10,5,9,0,0,10,2,2,8,7,0,6,7,11,8,9,8,10,4,10,11,3,5,9,8,11,5,10,2,10,9,0,3,5,9,0,10,6,11,0,10,9,2,10,10,6,9,4,10,2,6,11,5,11,6,2,10,0,5,7,5,5,11,6,6,0,6,8,11,5,6,10,2,6,5,2,11,2,11,8,11,0,2,6,7,9,2,6,10,8,10,10,9,8,11,0,5,3,5,10,11
6,0,4,10,11,6,2,2,7,8,6,7,11,10,6,4,2,7,9,3,7,7,3,10,9,9,3,10,11,2,0,9,11,6,2,9,4,2,6,7,8,11,0,2,10,7,6,5,0,11,6,10,2,2,11,3,3,9,8,2,7,8,0,9,10,9,11,5,11,0,4,6,10,9,0,6,11,3,11,10,2,4,6,10,2,11,7,0,2,11,10,3,11,11,7,10,5,11,3,7,0,6,0,7,3,11,2,6,8,6,6,0,7,7,2,7,9,0,6,7,11,3,7,6,3,0,3,0,9,0,2,3,7,8,10,3,7,11,9,11,11,10,9,0,2,6,4,6,11,0
7,2,5,11,0,7,3,3,8,9,7,8,0,11,7,5,3,8,10,4,8,8,4,11,10,10,4,11,0,3,2,10,0,7,3,10,5,3,7,8,9,0,2,3,11,8,7,6,2,0,7,11,3,3,0,4,4,10,9,3,8,9,2,10,11,10,0,6,0,2,5,7,11,10,2,7,0,4,0,11,3,5,7,11,3,0,8,2,3,0,11,4,0,0,8,11,6,0,4,8,2,7,2,8,4,0,3,7,9,7,7,2,8,8,3,8,10,2,7,8,0,4,8,7,4,2,4,2,10,2,3,4,8,9,11,4,8,0,10,0,0,11,10,2,3,7,5,7,0,2
8,3,6,0,2,8,4,4,9,10,8,9,2,0,8,6,4,9,11,5,9,9,5,0,11,11,5,0,2,4,3,11,2,8,4,11,6,4,8,9,10,2,3,4,0,9,8,7,3,2,8,0,4,4,2,5,5,11,10,4,9,10,3,11,0,11,2,7,2,3,6,8,0,11,3,8,2,5,2,0,4,6,8,0,4,2,9,3,4,2,0,5,2,2,9,0,7,2,5,9,3,8,3,9,5,2,4,8,10,8,8,3,9,9,4,9,11,3,8,9,2,5,9,8,5,3,5,3,11,3,4,5,9,10,0,5,9,2,11,2,2,0,11,3,4,8,6,8,2,3
9,4,7,2,3,9,5,5,10,11,9,10,3,2,9,7,5,10,0,6,10,10,6,2,0,0,6,2,3,5,4,0,3,9,5,0,7,5,9,10,11,3,4,5,2,10,9,8,4,3,9,2,5,5,3,6,6,0,11,5,10,11,4,0,2,0,3,8,3,4,7,9,2,0,4,9,3,6,3,2,5,7,9,2,5,3,10,4,5,3,2,6,3,3,10,2,8,3,6,10,4,9,4,10,6,3,5,9,11,9,9,4,10,10,5,10,0,4,9,10,3,6,10,9,6,4,6,4,0,4,5,6,10,11,2,6,10,3,0,3,3,2,0,4,5,9,7,9,3,4
10,5,8,3,4,10,6,6,11,0,10,11,4,3,10,8,6,11,2,7,11,11,7,3,2,2,7,3,4,6,5,2,4,10,6,2,8,6,10,11,0,4,5,6,3,11,10,9,5,4,10,3,6,6,4,7,7,2,0,6,11,0,5,2,3,2,4,9,4,5,8,10,3,2,5,10,4,7,4,3,6,8,10,3,6,4,11,5,6,4,3,7,4,4,11,3,9,4,7,11,5,10,5,11,7,4,6,10,0,10,10,5,11,11,6,11,2,5,10,11,4,7,11,10,7,5,7,5,2,5,6,7,11,0,3,7,11,4,2,4,4,3,2,5,6,10,8,10,4,5
11,6,9,4,5,11,7,7,0,2,11,0,5,4,11,9,7,0,3,8,0,0,8,4,3,3,8,4,5,7,6,3,5,11,7,3,9,7,11,0,2,5,6,7,4,0,11,10,6,5,11,4,7,7,5,8,8,3,2,7,0,2,6,3,4,3,5,10,5,6,9,11,4,3,6,11,5,8,5,4,7,9,11,4,7,5,0,6,7,5,4,8,5,5,0,4,10,5,8,0,6,11,6,0,8,5,7,11,2,11,11,6,0,0,7,0,3,6,11,0,5,8,0,11,8,6,8,6,3,6,7,8,0,2,4,8,0,5,3,5,5,4,3,6,7,11,9,11,5,6
0,7,10,5,6,0,8,8,2,3,0,2,6,5,0,10,8,2,4,9,2,2,9,5,4,4,9,5,6,8,7,4,6,0,8,4,10,8,0,2,3,6,7,8,5,2,0,11,7,6,0,5,8,8,6,9,9,4,3,8,2,3,7,4,5,4,6,11,6,7,10,0,5,4,7,0,6,9,6,5,8,10,0,5,8,6,2,7,8,6,5,9,6,6,2,5,11,6,9,2,7,0,7,2,9,6,8,0,3,0,0,7,2,2,8,2,4,7,0,2,6,9,2,0,9,7,9,7,4,7,8,9,2,3,5,9,2,6,4,6,6,5,4,7,8,0,10,0,6,7
2,8,11,6,7,2,9,9,3,4,2,3,7,6,2,11,9,3,5,10,3,3,10,6,5,5,10,6,7,9,8,5,7,2,9,5,11,9,2,3,4,7,8,9,6,3,2,0,8,7,2,6,9,9,7,10,10,5,4,9,3,4,8,5,6,5,7,0,7,8,11,2,6,5,8,2,7,10,7,6,9,11,2,6,9,7,3,8,9,7,6,10,7,7,3,6,0,7,10,3,8,2,8,3,10,7,9,2,4,2,2,8,3,3,9,3,5,8,2,3,7,10,3,2,10,8,10,8,5,8,9,10,3,4,6,10,3,7,5,7,7,6,5,8,9,2,11,2,7,8
3,9,0,7,8,3,10,10,4,5,3,4,8,7,3,0,10,4,6,11,4,4,11,7,6,6,11,7,8,10,9,6,8,3,10,6,0,10,3,4,5,8,9,10,7,4,3,2,9,8,3,7,10,10,8,11,11,6,5,10,4,5,9,6,7,6,8,2,8,9,0,3,7,6,9,3,8,11,8,7,10,0,3,7,10,8,4,9,10,8,7,11,8,8,4,7,2,8,11,4,9,3,9,4,11,8,10,3,5,3,3,9,4,4,10,4,6,9,3,4,8,11,4,3,11,9,11,9,6,9,10,11,4,5,7,11,4,8,6,8,8,7,6,9,10,3,0,3,8,9
4,10,2,8,9,4,11,11,5,6,4,5,9,8,4,2,11,5,7,0,5,5,0,8,7,7,0,8,9,11,10,7,9,4,11,7,2,11,4,5,6,9,10,11,8,5,4,3,10,9,4,8,11,11,9,0,0,7,6,11,5,6,10,7,8,7,9,3,9,10,2,4,8,7,10,4,9,0,9,8,11,2,4,8,11,9,5,10,11,9,8,0,9,9,5,8,3,9,0,5,10,4,10,5,0,9,11,4,6,4,4,10,5,5,11,5,7,10,4,5,9,0,5,4,0,10,0,10,7,10,11,0,5,6,8,0,5,9,7,9,9,8,7,10,11,4,2,4,9,10
5,11,3,9,10,5,0,0,6,7,5,6,10,9,5,3,0,6,8,2,6,6,2,9,8,8,2,9,10,0,11,8,10,5,0,8,3,0,5,6,7,10,11,0,9,6,5,4,11,10,5,9,0,0,10,2,2,8,7,0,6,7,11,8,9,8,10,4,10,11,3,5,9,8,11,5,10,2,10,9,0,3,5,9,0,10,6,11,0,10,9,2,10,10,6,9,4,10,2,6,11,5,11,6,2,10,0,5,7,5,5,11,6,6,0,6,8,11,5,6,10,2,6,5,2,11,2,11,8,11,0,2,6,7,9,2,6,10,8,10,10,9,8,11,0,5,3,5,10,11
6,0,4,10,11,6,2,2,7,8,6,7,11,10,6,4,2,7,9,3,7,7,3,10,9,9,3,10,11,2,0,9,11,6,2,9,4,2,6,7,8,11,0,2,10,7,6,5,0,11,6,10,2,2,11,3,3,9,8,2,7,8,0,9,10,9,11,5,11,0,4,6,10,9,0,6,11,3,11,10,2,4,6,10,2,11,7,0,2,11,10,3,11,11,7,10,5,11,3,7,0,6,0,7,3,11,2,6,8,6,6,0,7,7,2,7,9,0,6,7,11,3,7,6,3,0,3,0,9,0,2,3,7,8,10,3,7,11,9,11,11,10,9,0,2,6,4,6,11,0
7,2,5,11,0,7,3,3,8,9,7,8,0,11,7,5,3,8,10,4,8,8,4,11,10,10,4,11,0,3,2,10,0,7,3,10,5,3,7,8,9,0,2,3,11,8,7,6,2,0,7,11,3,3,0,4,4,10,9,3,8,9,2,10,11,10,0,6,0,2,5,7,11,10,2,7,0,4,0,11,3,5,7,11,3,0,8,2,3,0,11,4,0,0,8,11,6,0,4,8,2,7,2,8,4,0,3,7,9,7,7,2,8,8,3,8,10,2,7,8,0,4,8,7,4,2,4,2,10,2,3,4,8,9,11,4,8,0,10,0,0,11,10,2,3,7,5,7,0,2
8,3,6,0,2,8,4,4,9,10,8,9,2,0,8,6,4,9,11,5,9,9,5,0,11,11,5,0,2,4,3,11,2,8,4,11,6,4,8,9,10,2,3,4,0,9,8,7,3,2,8,0,4,4,2,5,5,11,10,4,9,10,3,11,0,11,2,7,2,3,6,8,0,11,3,8,2,5,2,0,4,6,8,0,4,2,9,3,4,2,0,5,2,2,9,0,7,2,5,9,3,8,3,9,5,2,4,8,10,8,8,3,9,9,4,9,11,3,8,9,2,5,9,8,5,3,5,3,11,3,4,5,9,10,0,5,9,2,11,2,2,0,11,3,4,8,6,8,2,3
9,4,7,2,3,9,5,5,10,11,9,10,3,2,9,7,5,10,0,6,10,10,6,2,0,0,6,2,3,5,4,0,3,9,5,0,7,5,9,10,11,3,4,5,2,10,9,8,4,3,9,2,5,5,3,6,6,0,11,5,10,11,4,0,2,0,3,8,3,4,7,9,2,0,4,9,3,6,3,2,5,7,9,2,5,3,10,4,5,3,2,6,3,3,10,2,8,3,6,10,4,9,4,10,6,3,5,9,11,9,9,4,10,10,5,10,0,4,9,10,3,6,10,9,6,4,6,4,0,4,5,6,10,11,2,6,10,3,0,3,3,2,0,4,5,9,7,9,3,4
10,5,8,3,4,10,6,6,11,0,10,11,4,3,10,8,6,11,2,7,11,11,7,3,2,2,7,3,4,6,5,2,4,10,6,2,8,6,10,11,0,4,5,6,3,11,10,9,5,4,10,3,6,6,4,7,7,2,0,6,11,0,5,2,3,2,4,9,4,5,8,10,3,2,5,10,4,7,4,3,6,8,10,3,6,4,11,5,6,4,3,7,4,4,11,3,9,4,7,11,5,10,5,11,7,4,6,10,0,10,10,5,11,11,6,11,2,5,10,11,4,7,11,10,7,5,7,5,2,5,6,7,11,0,3,7,11,4,2,4,4,3,2,5,6,10,8,10,4,5
11,6,9,4,5,11,7,7,0,2,11,0,5,4,11,9,7,0,3,8,0,0,8,4,3,3,8,4,5,7,6,3,5,11,7,3,9,7,11,0,2,5,6,7,4,0,11,10,6,5,11,4,7,7,5,8,8,3,2,7,0,2,6,3,4,3,5,10,5,6,9,11,4,3,6,11,5,8,5,4,7,9,11,4,7,5,0,6,7,5,4,8,5,5,0,4,10,5,8,0,6,11,6,0,8,5,7,11,2,11,11,6,0,0,7,0,3,6,11,0,5,8,0,11,8,6,8,6,3,6,7,8,0,2,4,8,0,5,3,5,5,4,3,6,7,11,9,11,5,6
0,7,10,5,6,0,8,8,2,3,0,2,6,5,0,10,8,2,4,9,2,2,9,5,4,4,9,5,6,8,7,4,6,0,8,4,10,8,0,2,3,6,7,8,5,2,0,11,7,6,0,5,8,8,6,9,9,4,3,8,2,3,7,4,5,4,6,11,6,7,10,0,5,4,7,0,6,9,6,5,8,10,0,5,8,6,2,7,8,6,5,9,6,6,2,5,11,6,9,2,7,0,7,2,9,6,8,0,3,0,0,7,2,2,8,2,4,7,0,2,6,9,2,0,9,7,9,7,4,7,8,9,2,3,5,9,2,6,4,6,6,5,4,7,8,0,10,0,6,7
2,8,11,6,7,2,9,9,3,4,2,3,7,6,2,11,9,3,5,10,3,3,10,6,5,5,10,6,7,9,8,5,7,2,9,5,11,9,2,3,4,7,8,9,6,3,2,0,8,7,2,6,9,9,7,10,10,5,4,9,3,4,8,5,6,5,7,0,7,8,11,2,6,5,8,2,7,10,7,6,9,11,2,6,9,7,3,8,9,7,6,10,7,7,3,6,0,7,10,3,8,2,8,3,10,7,9,2,4,2,2,8,3,3,9,3,5,8,2,3,7,10,3,2,10,8,10,8,5,8,9,10,3,4,6,10,3,7,5,7,7,6,5,8,9,2,11,2,7,8
3,9,0,7,8,3,10,10,4,5,3,4,8,7,3,0,10,4,6,11,4,4,11,7,6,6,11,7,8,10,9,6,8,3,10,6,0,10,3,4,5,8,9,10,7,4,3,2,9,8,3,7,10,10,8,11,11,6,5,10,4,5,9,6,7,6,8,2,8,9,0,3,7,6,9,3,8,11,8,7,10,0,3,7,10,8,4,9,10,8,7,11,8,8,4,7,2,8,11,4,9,3,9,4,11,8,10,3,5,3,3,9,4,4,10,4,6,9,3,4,8,11,4,3,11,9,11,9,6,9,10,11,4,5,7,11,4,8,6,8,8,7,6,9,10,3,0,3,8,9
4,10,2,8,9,4,11,11,5,6,4,5,9,8,4,2,11,5,7,0,5,5,0,8,7,7,0,8,9,11,10,7,9,4,11,7,2,11,4,5,6,9,10,11,8,5,4,3,10,9,4,8,11,11,9,0,0,7,6,11,5,6,10,7,8,7,9,3,9,10,2,4,8,7,10,4,9,0,9,8,11,2,4,8,11,9,5,10,11,9,8,0,9,9,5,8,3,9,0,5,10,4,10,5,0,9,11,4,6,4,4,10,5,5,11,5,7,10,4,5,9,0,5,4,0,10,0,10,7,10,11,0,5,6,8,0,5,9,7,9,9,8,7,10,11,4,2,4,9,10
5,11,3,9,10,5,0,0,6,7,5,6,10,9,5,3,0,6,8,2,6,6,2,9,8,8,2,9,10,0,11,8,10,5,0,8,3,0,5,6,7,10,11,0,9,6,5,4,11,10,5,9,0,0,10,2,2,8,7,0,6,7,11,8,9,8,10,4,10,11,3,5,9,8,11,5,10,2,10,9,0,3,5,9,0,10,6,11,0,10,9,2,10,10,6,9,4,10,2,6,11,5,11,6,2,10,0,5,7,5,5,11,6,6,0,6,8,11,5,6,10,2,6,5,2,11,2,11,8,11,0,2,6,7,9,2,6,10,8,10,10,9,8,11,0,5,3,5,10,11
6,0,4,10,11,6,2,2,7,8,6,7,11,10,6,4,2,7,9,3,7,7,3,10,9,9,3,10,11,2,0,9,11,6,2,9,4,2,6,7,8,11,0,2,10,7,6,5,0,11,6,10,2,2,11,3,3,9,8,2,7,8,0,9,10,9,11,5,11,0,4,6,10,9,0,6,11,3,11,10,2,4,6,10,2,11,7,0,2,11,10,3,11,11,7,10,5,11,3,7,0,6,0,7,3,11,2,6,8,6,6,0,7,7,2,7,9,0,6,7,11,3,7,6,3,0,3,0,9,0,2,3,7,8,10,3,7,11,9,11,11,10,9,0,2,6,4,6,11,0
7,2,5,11,0,7,3,3,8,9,7,8,0,11,7,5,3,8,10,4,8,8,4,11,10,10,4,11,0,3,2,10,0,7,3,10,5,3,7,8,9,0,2,3,11,8,7,6,2,0,7,11,3,3,0,4,4,10,9,3,8,9,2,10,11,10,0,6,0,2,5,7,11,10,2,7,0,4,0,11,3,5,7,11,3,0,8,2,3,0,11,4,0,0,8,11,6,0,4,8,2,7,2,8,4,0,3,7,9,7,7,2,8,8,3,8,10,2,7,8,0,4,8,7,4,2,4,2,10,2,3,4,8,9,11,4,8,0,10,0,0,11,10,2,3,7,5,7,0,2
8,3,6,0,2,8,4,4,9,10,8,9,2,0,8,6,4,9,11,5,9,9,5,0,11,11,5,0,2,4,3,11,2,8,4,11,6,4,8,9,10,2,3,4,0,9,8,7,3,2,8,0,4,4,2,5,5,11,10,4,9,10,3,11,0,11,2,7,2,3,6,8,0,11,3,8,2,5,2,0,4,6,8,0,4,2,9,3,4,2,0,5,2,2,9,0,7,2,5,9,3,8,3,9,5,2,4,8,10,8,8,3,9,9,4,9,11,3,8,9,2,5,9,8,5,3,5,3,11,3,4,5,9,10,0,5,9,2,11,2,2,0,11,3,4,8,6,8,2,3
9,4,7,2,3,9,5,5,10,11,9,10,3,2,9,7,5,10,0,6,10,10,6,2,0,0,6,2,3,5,4,0,3,9,5,0,7,5,9,10,11,3,4,5,2,10,9,8,4,3,9,2,5,5,3,6,6,0,11,5,10,11,4,0,2,0,3,8,3,4,7,9,2,0,4,9,3,6,3,2,5,7,9,2,5,3,10,4,5,3,2,6,3,3,10,2,8,3,6,10,4,9,4,10,6,3,5,9,11,9,9,4,10,10,5,10,0,4,9,10,3,6,10,9,6,4,6,4,0,4,5,6,10,11,2,6,10,3,0,3,3,2,0,4,5,9,7,9,3,4
10,5,8,3,4,10,6,6,11,0,10,11,4,3,10,8,6,11,2,7,11,11,7,3,2,2,7,3,4,6,5,2,4,10,6,2,8,6,10,11,0,4,5,6,3,11,10,9,5,4,10,3,6,6,4,7,7,2,0,6,11,0,5,2,3,2,4,9,4,5,8,10,3,2,5,10,4,7,4,3,6,8,10,3,6,4,11,5,6,4,3,7,4,4,11,3,9,4,7,11,5,10,5,11,7,4,6,10,0,10,10,5,11,11,6,11,2,5,10,11,4,7,11,10,7,5,7,5,2,5,6,7,11,0,3,7,11,4,2,4,4,3,2,5,6,10,8,10,4,5
11,6,9,4,5,11,7,7,0,2,11,0,5,4,11,9,7,0,3,8,0,0,8,4,3,3,8,4,5,7,6,3,5,11,7,3,9,7,11,0,2,5,6,7,4,0,11,10,6,5,11,4,7,7,5,8,8,3,2,7,0,2,6,3,4,3,5,10,5,6,9,11,4,3,6,11,5,8,5,4,7,9,11,4,7,5,0,6,7,5,4,8,5,5,0,4,10,5,8,0,6,11,6,0,8,5,7,11,2,11,11,6,0,0,7,0,3,6,11,0,5,8,0,11,8,6,8,6,3,6,7,8,0,2,4,8,0,5,3,5,5,4,3,6,7,11,9,11,5,6
0,7,10,5,6,0,8,8,2,3,0,2,6,5,0,10,8,2,4,9,2,2,9,5,4,4,9,5,6,8,7,4,6,0,8,4,10,8,0,2,3,6,7,8,5,2,0,11,7,6,0,5,8,8,6,9,9,4,3,8,2,3,7,4,5,4,6,11,6,7,10,0,5,4,7,0,6,9,6,5,8,10,0,5,8,6,2,7,8,6,5,9,6,6,2,5,11,6,9,2,7,0,7,2,9,6,8,0,3,0,0,7,2,2,8,2,4,7,0,2,6,9,2,0,9,7,9,7,4,7,8,9,2,3,5,9,2,6,4,6,6,5,4,7,8,0,10,0,6,7
2,8,11,6,7,2,9,9,3,4,2,3,7,6,2,11,9,3,5,10,3,3,10,6,5,5,10,6,7,9,8,5,7,2,9,5,11,9,2,3,4,7,8,9,6,3,2,0,8,7,2,6,9,9,7,10,10,5,4,9,3,4,8,5,6,5,7,0,7,8,11,2,6,5,8,2,7,10,7,6,9,11,2,6,9,7,3,8,9,7,6,10,7,7,3,6,0,7,10,3,8,2,8,3,10,7,9,2,4,2,2,8,3,3,9,3,5,8,2,3,7,10,3,2,10,8,10,8,5,8,9,10,3,4,6,10,3,7,5,7,7,6,5,8,9,2,11,2,7,8
3,9,0,7,8,3,10,10,4,5,3,4,8,7,3,0,10,4,6,11,4,4,11,7,6,6,11,7,8,10,9,6,8,3,10,6,0,10,3,4,5,8,9,10,7,4,3,2,9,8,3,7,10,10,8,11,11,6,5,10,4,5,9,6,7,6,8,2,8,9,0,3,7,6,9,3,8,11,8,7,10,0,3,7,10,8,4,9,10,8,7,11,8,8,4,7,2,8,11,4,9,3,9,4,11,8,10,3,5,3,3,9,4,4,10,4,6,9,3,4,8,11,4,3,11,9,11,9,6,9,10,11,4,5,7,11,4,8,6,8,8,7,6,9,10,3,0,3,8,9
4,10,2,8,9,4,11,11,5,6,4,5,9,8,4,2,11,5,7,0,5,5,0,8,7,7,0,8,9,11,10,7,9,4,11,7,2,11,4,5,6,9,10,11,8,5,4,3,10,9,4,8,11,11,9,0,0,7,6,11,5,6,10,7,8,7,9,3,9,10,2,4,8,7,10,4,9,0,9,8,11,2,4,8,11,9,5,10,11,9,8,0,9,9,5,8,3,9,0,5,10,4,10,5,0,9,11,4,6,4,4,10,5,5,11,5,7,10,4,5,9,0,5,4,0,10,0,10,7,10,11,0,5,6,8,0,5,9,7,9,9,8,7,10,11,4,2,4,9,10
5,11,3,9,10,5,0,0,6,7,5,6,10,9,5,3,0,6,8,2,6,6,2,9,8,8,2,9,10,0,11,8,10,5,0,8,3,0,5,6,7,10,11,0,9,6,5,4,11,10,5,9,0,0,10,2,2,8,7,0,6,7,11,8,9,8,10,4,10,11,3,5,9,8,11,5,10,2,10,9,0,3,5,9,0,10,6,11,0,10,9,2,10,10,6,9,4,10,2,6,11,5,11,6,2,10,0,5,7,5,5,11,6,6,0,6,8,11,5,6,10,2,6,5,2,11,2,11,8,11,0,2,6,7,9,2,6,10,8,10,10,9,8,11,0,5,3,5,10,11
6,0,4,10,11,6,2,2,7,8,6,7,11,10,6,4,2,7,9,3,7,7,3,10,9,9,3,10,11,2,0,9,11,6,2,9,4,2,6,7,8,11,0,2,10,7,6,5,0,11,6,10,2,2,11,3,3,9,8,2,7,8,0,9,10,9,11,5,11,0,4,6,10,9,0,6,11,3,11,10,2,4,6,10,2,11,7,0,2,11,10,3,11,11,7,10,5,11,3,7,0,6,0,7,3,11,2,6,8,6,6,0,7,7,2,7,9,0,6,7,11,3,7,6,3,0,3,0,9,0,2,3,7,8,10,3,7,11,9,11,11,10,9,0,2,6,4,6,11,0
7,2,5,11,0,7,3,3,8,9,7,8,0,11,7,5,3,8,10,4,8,8,4,11,10,10,4,11,0,3,2,10,0,7,3,10,5,3,7,8,9,0,2,3,11,8,7,6,2,0,7,11,3,3,0,4,4,10,9,3,8,9,2,10,11,10,0,6,0,2,5,7,11,10,2,7,0,4,0,11,3,5,7,11,3,0,8,2,3,0,11,4,0,0,8,11,6,0,4,8,2,7,2,8,4,0,3,7,9,7,7,2,8,8,3,8,10,2,7,8,0,4,8,7,4,2,4,2,10,2,3,4,8,9,11,4,8,0,10,0,0,11,10,2,3,7,5,7,0,2
8,3,6,0,2,8,4,4,9,10,8,9,2,0,8,6,4,9,11,5,9,9,5,0,11,11,5,0,2,4,3,11,2,8,4,11,6,4,8,9,10,2,3,4,0,9,8,7,3,2,8,0,4,4,2,5,5,11,10,4,9,10,3,11,0,11,2,7,2,3,6,8,0,11,3,8,2,5,2,0,4,6,8,0,4,2,9,3,4,2,0,5,2,2,9,0,7,2,5,9,3,8,3,9,5,2,4,8,10,8,8,3,9,9,4,9,11,3,8,9,2,5,9,8,5,3,5,3,11,3,4,5,9,10,0,5,9,2,11,2,2,0,11,3,4,8,6,8,2,3
9,4,7,2,3,9,5,5,10,11,9,10,3,2,9,7,5,10,0,6,10,10,6,2,0,0,6,2,3,5,4,0,3,9,5,0,7,5,9,10,11,3,4,5,2,10,9,8,4,3,9,2,5,5,3,6,6,0,11,5,10,11,4,0,2,0,3,8,3,4,7,9,2,0,4,9,3,6,3,2,5,7,9,2,5,3,10,4,5,3,2,6,3,3,10,2,8,3,6,10,4,9,4,10,6,3,5,9,11,9,9,4,10,10,5,10,0,4,9,10,3,6,10,9,6,4,6,4,0,4,5,6,10,11,2,6,10,3,0,3,3,2,0,4,5,9,7,9,3,4
10,5,8,3,4,10,6,6,11,0,10,11,4,3,10,8,6,11,2,7,11,11,7,3,2,2,7,3,4,6,5,2,4,10,6,2,8,6,10,11,0,4,5,6,3,11,10,9,5,4,10,3,6,6,4,7,7,2,0,6,11,0,5,2,3,2,4,9,4,5,8,10,3,2,5,10,4,7,4,3,6,8,10,3,6,4,11,5,6,4,3,7,4,4,11,3,9,4,7,11,5,10,5,11,7,4,6,10,0,10,10,5,11,11,6,11,2,5,10,11,4,7,11,10,7,5,7,5,2,5,6,7,11,0,3,7,11,4,2,4,4,3,2,5,6,10,8,10,4,5
11,6,9,4,5,11,7,7,0,2,11,0,5,4,11,9,7,0,3,8,0,0,8,4,3,3,8,4,5,7,6,3,5,11,7,3,9,7,11,0,2,5,6,7,4,0,11,10,6,5,11,4,7,7,5,8,8,3,2,7,0,2,6,3,4,3,5,10,5,6,9,11,4,3,6,11,5,8,5,4,7,9,11,4,7,5,0,6,7,5,4,8,5,5,0,4,10,5,8,0,6,11,6,0,8,5,7,11,2,11,11,6,0,0,7,0,3,6,11,0,5,8,0,11,8,6,8,6,3,6,7,8,0,2,4,8,0,5,3,5,5,4,3,6,7,11,9,11,5,6
0,7,10,5,6,0,8,8,2,3,0,2,6,5,0,10,8,2,4,9,2,2,9,5,4,4,9,5,6,8,7,4,6,0,8,4,10,8,0,2,3,6,7,8,5,2,0,11,7,6,0,5,8,8,6,9,9,4,3,8,2,3,7,4,5,4,6,11,6,7,10,0,5,4,7,0,6,9,6,5,8,10,0,5,8,6,2,7,8,6,5,9,6,6,2,5,11,6,9,2,7,0,7,2,9,6,8,0,3,0,0,7,2,2,8,2,4,7,0,2,6,9,2,0,9,7,9,7,4,7,8,9,2,3,5,9,2,6,4,6,6,5,4,7,8,0,10,0,6,7
2,8,11,6,7,2,9,9,3,4,2,3,7,6,2,11,9,3,5,10,3,3,10,6,5,5,10,6,7,9,8,5,7,2,9,5,11,9,2,3,4,7,8,9,6,3,2,0,8,7,2,6,9,9,7,10,10,5,4,9,3,4,8,5,6,5,7,0,7,8,11,2,6,5,8,2,7,10,7,6,9,11,2,6,9,7,3,8,9,7,6,10,7,7,3,6,0,7,10,3,8,2,8,3,10,7,9,2,4,2,2,8,3,3,9,3,5,8,2,3,7,10,3,2,10,8,10,8,5,8,9,10,3,4,6,10,3,7,5,7,7,6,5,8,9,2,11,2,7,8
3,9,0,7,8,3,10,10,4,5,3,4,8,7,3,0,10,4,6,11,4,4,11,7,6,6,11,7,8,10,9,6,8,3,10,6,0,10,3,4,5,8,9,10,7,4,3,2,9,8,3,7,10,10,8,11,11,6,5,10,4,5,9,6,7,6,8,2,8,9,0,3,7,6,9,3,8,11,8,7,10,0,3,7,10,8,4,9,10,8,7,11,8,8,4,7,2,8,11,4,9,3,9,4,11,8,10,3,5,3,3,9,4,4,10,4,6,9,3,4,8,11,4,3,11,9,11,9,6,9,10,11,4,5,7,11,4,8,6,8,8,7,6,9,10,3,0,3,8,9
4,10,2,8,9,4,11,11,5,6,4,5,9,8,4,2,11,5,7,0,5,5,0,8,7,7,0,8,9,11,10,7,9,4,11,7,2,11,4,5,6,9,10,11,8,5,4,3,10,9,4,8,11,11,9,0,0,7,6,11,5,6,10,7,8,7,9,3,9,10,2,4,8,7,10,4,9,0,9,8,11,2,4,8,11,9,5,10,11,9,8,0,9,9,5,8,3,9,0,5,10,4,10,5,0,9,11,4,6,4,4,10,5,5,11,5,7,10,4,5,9,0,5,4,0,10,0,10,7,10,11,0,5,6,8,0,5,9,7,9,9,8,7,10,11,4,2,4,9,10
5,11,3,9,10,5,0,0,6,7,5,6,10,9,5,3,0,6,8,2,6,6,2,9,8,8,2,9,10,0,11,8,10,5,0,8,3,0,5,6,7,10,11,0,9,6,5,4,11,10,5,9,0,0,10,2,2,8,7,0,6,7,11,8,9,8,10,4,10,11,3,5,9,8,11,5,10,2,10,9,0,3,5,9,0,10,6,11,0,10,9,2,10,10,6,9,4,10,2,6,11,5,11,6,2,10,0,5,7,5,5,11,6,6,0,6,8,11,5,6,10,2,6,5,2,11,2,11,8,11,0,2,6,7,9,2,6,10,8,10,10,9,8,11,0,5,3,5,10,11
6,0,4,10,11,6,2,2,7,8,6,7,11,10,6,4,2,7,9,3,7,7,3,10,9,9,3,10,11,2,0,9,11,6,2,9,4,2,6,7,8,11,0,2,10,7,6,5,0,11,6,10,2,2,11,3,3,9,8,2,7,8,0,9,10,9,11,5,11,0,4,6,10,9,0,6,11,3,11,10,2,4,6,10,2,11,7,0,2,11,10,3,11,11,7,10,5,11,3,7,0,6,0,7,3,11,2,6,8,6,6,0,7,7,2,7,9,0,6,7,11,3,7,6,3,0,3,0,9,0,2,3,7,8,10,3,7,11,9,11,11,10,9,0,2,6,4,6,11,0
7,2,5,11,0,7,3,3,8,9,7,8,0,11,7,5,3,8,10,4,8,8,4,11,10,10,4,11,0,3,2,10,0,7,3,10,5,3,7,8,9,0,2,3,11,8,7,6,2,0,7,11,3,3,0,4,4,10,9,3,8,9,2,10,11,10,0,6,0,2,5,7,11,10,2,7,0,4,0,11,3,5,7,11,3,0,8,2,3,0,11,4,0,0,8,11,6,0,4,8,2,7,2,8,4,0,3,7,9,7,7,2,8,8,3,8,10,2,7,8,0,4,8,7,4,2,4,2,10,2,3,4,8,9,11,4,8,0,10,0,0,11,10,2,3,7,5,7,0,2
8,3,6,0,2,8,4,4,9,10,8,9,2,0,8,6,4,9,11,5,9,9,5,0,11,11,5,0,2,4,3,11,2,8,4,11,6,4,8,9,10,2,3,4,0,9,8,7,3,2,8,0,4,4,2,5,5,11,10,4,9,10,3,11,0,11,2,7,2,3,6,8,0,11,3,8,2,5,2,0,4,6,8,0,4,2,9,3,4,2,0,5,2,2,9,0,7,2,5,9,3,8,3,9,5,2,4,8,10,8,8,3,9,9,4,9,11,3,8,9,2,5,9,8,5,3,5,3,11,3,4,5,9,10,0,5,9,2,11,2,2,0,11,3,4,8,6,8,2,3
9,4,7,2,3,9,5,5,10,11,9,10,3,2,9,7,5,10,0,6,10,10,6,2,0,0,6,2,3,5,4,0,3,9,5,0,7,5,9,10,11,3,4,5,2,10,9,8,4,3,9,2,5,5,3,6,6,0,11,5,10,11,4,0,2,0,3,8,3,4,7,9,2,0,4,9,3,6,3,2,5,7,9,2,5,3,10,4,5,3,2,6,3,3,10,2,8,3,6,10,4,9,4,10,6,3,5,9,11,9,9,4,10,10,5,10,0,4,9,10,3,6,10,9,6,4,6,4,0,4,5,6,10,11,2,6,10,3,0,3,3,2,0,4,5,9,7,9,3,4
10,5,8,3,4,10,6,6,11,0,10,11,4,3,10,8,6,11,2,7,11,11,7,3,2,2,7,3,4,6,5,2,4,10,6,2,8,6,10,11,0,4,5,6,3,11,10,9,5,4,10,3,6,6,4,7,7,2,0,6,11,0,5,2,3,2,4,9,4,5,8,10,3,2,5,10,4,7,4,3,6,8,10,3,6,4,11,5,6,4,3,7,4,4,11,3,9,4,7,11,5,10,5,11,7,4,6,10,0,10,10,5,11,11,6,11,2,5,10,11,4,7,11,10,7,5,7,5,2,5,6,7,11,0,3,7,11,4,2,4,4,3,2,5,6,10,8,10,4,5
11,6,9,4,5,11,7,7,0,2,11,0,5,4,11,9,7,0,3,8,0,0,8,4,3,3,8,4,5,7,6,3,5,11,7,3,9,7,11,0,2,5,6,7,4,0,11,10,6,5,11,4,7,7,5,8,8,3,2,7,0,2,6,3,4,3,5,10,5,6,9,11,4,3,6,11,5,8,5,4,7,9,11,4,7,5,0,6,7,5,4,8,5,5,0,4,10,5,8,0,6,11,6,0,8,5,7,11,2,11,11,6,0,0,7,0,3,6,11,0,5,8,0,11,8,6,8,6,3,6,7,8,0,2,4,8,0,5,3,5,5,4,3,6,7,11,9,11,5,6
0,7,10,5,6,0,8,8,2,3,0,2,6,5,0,10,8,2,4,9,2,2,9,5,4,4,9,5,6,8,7,4,6,0,8,4,10,8,0,2,3,6,7,8,5,2,0,11,7,6,0,5,8,8,6,9,9,4,3,8,2,3,7,4,5,4,6,11,6,7,10,0,5,4,7,0,6,9,6,5,8,10,0,5,8,6,2,7,8,6,5,9,6,6,2,5,11,6,9,2,7,0,7,2,9,6,8,0,3,0,0,7,2,2,8,2,4,7,0,2,6,9,2,0,9,7,9,7,4,7,8,9,2,3,5,9,2,6,4,6,6,5,4,7,8,0,10,0,6,7
2,8,11,6,7,2,9,9,3,4,2,3,7,6,2,11,9,3,5,10,3,3,10,6,5,5,10,6,7,9,8,5,7,2,9,5,11,9,2,3,4,7,8,9,6,3,2,0,8,7,2,6,9,9,7,10,10,5,4,9,3,4,8,5,6,5,7,0,7,8,11,2,6,5,8,2,7,10,7,6,9,11,2,6,9,7,3,8,9,7,6,10,7,7,3,6,0,7,10,3,8,2,8,3,10,7,9,2,4,2,2,8,3,3,9,3,5,8,2,3,7,10,3,2,10,8,10,8,5,8,9,10,3,4,6,10,3,7,5,7,7,6,5,8,9,2,11,2,7,8
3,9,0,7,8,3,10,10,4,5,3,4,8,7,3,0,10,4,6,11,4,4,11,7,6,6,11,7,8,10,9,6,8,3,10,6,0,10,3,4,5,8,9,10,7,4,3,2,9,8,3,7,10,10,8,11,11,6,5,10,4,5,9,6,7,6,8,2,8,9,0,3,7,6,9,3,8,11,8,7,10,0,3,7,10,8,4,9,10,8,7,11,8,8,4,7,2,8,11,4,9,3,9,4,11,8,10,3,5,3,3,9,4,4,10,4,6,9,3,4,8,11,4,3,11,9,11,9,6,9,10,11,4,5,7,11,4,8,6,8,8,7,6,9,10,3,0,3,8,9
4,10,2,8,9,4,11,11,5,6,4,5,9,8,4,2,11,5,7,0,5,5,0,8,7,7,0,8,9,11,10,7,9,4,11,7,2,11,4,5,6,9,10,11,8,5,4,3,10,9,4,8,11,11,9,0,0,7,6,11,5,6,10,7,8,7,9,3,9,10,2,4,8,7,10,4,9,0,9,8,11,2,4,8,11,9,5,10,11,9,8,0,9,9,5,8,3,9,0,5,10,4,10,5,0,9,11,4,6,4,4,10,5,5,11,5,7,10,4,5,9,0,5,4,0,10,0,10,7,10,11,0,5,6,8,0,5,9,7,9,9,8,7,10,11,4,2,4,9,10
5,11,3,9,10,5,0,0,6,7,5,6,10,9,5,3,0,6,8,2,6,6,2,9,8,8,2,9,10,0,11,8,10,5,0,8,3,0,5,6,7,10,11,0,9,6,5,4,11,10,5,9,0,0,10,2,2,8,7,0,6,7,11,8,9,8,10,4,10,11,3,5,9,8,11,5,10,2,10,9,0,3,5,9,0,10,6,11,0,10,9,2,10,10,6,9,4,10,2,6,11,5,11,6,2,10,0,5,7,5,5,11,6,6,0,6,8,11,5,6,10,2,6,5,2,11,2,11,8,11,0,2,6,7,9,2,6,10,8,10,10,9,8,11,0,5,3,5,10,11
6,0,4,10,11,6,2,2,7,8,6,7,11,10,6,4,2,7,9,3,7,7,3,10,9,9,3,10,11,2,0,9,11,6,2,9,4,2,6,7,8,11,0,2,10,7,6,5,0,11,6,10,2,2,11,3,3,9,8,2,7,8,0,9,10,9,11,5,11,0,4,6,10,9,0,6,11,3,11,10,2,4,6,10,2,11,7,0,2,11,10,3,11,11,7,10,5,11,3,7,0,6,0,7,3,11,2,6,8,6,6,0,7,7,2,7,9,0,6,7,11,3,7,6,3,0,3,0,9,0,2,3,7,8,10,3,7,11,9,11,11,10,9,0,2,6,4,6,11,0
7,2,5,11,0,7,3,3,8,9,7,8,0,11,7,5,3,8,10,4,8,8,4,11,10,10,4,11,0,3,2,10,0,7,3,10,5,3,7,8,9,0,2,3,11,8,7,6,2,0,7,11,3,3,0,4,4,10,9,3,8,9,2,10,11,10,0,6,0,2,5,7,11,10,2,7,0,4,0,11,3,5,7,11,3,0,8,2,3,0,11,4,0,0,8,11,6,0,4,8,2,7,2,8,4,0,3,7,9,7,7,2,8,8,3,8,10,2,7,8,0,4,8,7,4,2,4,2,10,2,3,4,8,9,11,4,8,0,10,0,0,11,10,2,3,7,5,7,0,2
8,3,6,0,2,8,4,4,9,10,8,9,2,0,8,6,4,9,11,5,9,9,5,0,11,11,5,0,2,4,3,11,2,8,4,11,6,4,8,9,10,2,3,4,0,9,8,7,3,2,8,0,4,4,2,5,5,11,10,4,9,10,3,11,0,11,2,7,2,3,6,8,0,11,3,8,2,5,2,0,4,6,8,0,4,2,9,3,4,2,0,5,2,2,9,0,7,2,5,9,3,8,3,9,5,2,4,8,10,8,8,3,9,9,4,9,11,3,8,9,2,5,9,8,5,3,5,3,11,3,4,5,9,10,0,5,9,2,11,2,2,0,11,3,4,8,6,8,2,3
9,4,7,2,3,9,5,5,10,11,9,10,3,2,9,7,5,10,0,6,10,10,6,2,0,0,6,2,3,5,4,0,3,9,5,0,7,5,9,10,11,3,4,5,2,10,9,8,4,3,9,2,5,5,3,6,6,0,11,5,10,11,4,0,2,0,3,8,3,4,7,9,2,0,4,9,3,6,3,2,5,7,9,2,5,3,10,4,5,3,2,6,3,3,10,2,8,3,6,10,4,9,4,10,6,3,5,9,11,9,9,4,10,10,5,10,0,4,9,10,3,6,10,9,6,4,6,4,0,4,5,6,10,11,2,6,10,3,0,3,3,2,0,4,5,9,7,9,3,4
10,5,8,3,4,10,6,6,11,0,10,11,4,3,10,8,6,11,2,7,11,11,7,3,2,2,7,3,4,6,5,2,4,10,6,2,8,6,10,11,0,4,5,6,3,11,10,9,5,4,10,3,6,6,4,7,7,2,0,6,11,0,5,2,3,2,4,9,4,5,8,10,3,2,5,10,4,7,4,3,6,8,10,3,6,4,11,5,6,4,3,7,4,4,11,3,9,4,7,11,5,10,5,11,7,4,6,10,0,10,10,5,11,11,6,11,2,5,10,11,4,7,11,10,7,5,7,5,2,5,6,7,11,0,3,7,11,4,2,4,4,3,2,5,6,10,8,10,4,5
11,6,9,4,5,11,7,7,0,2,11,0,5,4,11,9,7,0,3,8,0,0,8,4,3,3,8,4,5,7,6,3,5,11,7,3,9,7,11,0,2,5,6,7,4,0,11,10,6,5,11,4,7,7,5,8,8,3,2,7,0,2,6,3,4,3,5,10,5,6,9,11,4,3,6,11,5,8,5,4,7,9,11,4,7,5,0,6,7,5,4,8,5,5,0,4,10,5,8,0,6,11,6,0,8,5,7,11,2,11,11,6,0,0,7,0,3,6,11,0,5,8,0,11,8,6,8,6,3,6,7,8,0,2,4,8,0,5,3,5,5,4,3,6,7,11,9,11,5,6
0,7,10,5,6,0,8,8,2,3,0,2,6,5,0,10,8,2,4,9,2,2,9,5,4,4,9,5,6,8,7,4,6,0,8,4,10,8,0,2,3,6,7,8,5,2,0,11,7,6,0,5,8,8,6,9,9,4,3,8,2,3,7,4,5,4,6,11,6,7,10,0,5,4,7,0,6,9,6,5,8,10,0,5,8,6,2,7,8,6,5,9,6,6,2,5,11,6,9,2,7,0,7,2,9,6,8,0,3,0,0,7,2,2,8,2,4,7,0,2,6,9,2,0,9,7,9,7,4,7,8,9,2,3,5,9,2,6,4,6,6,5,4,7,8,0,10,0,6,7
2,8,11,6,7,2,9,9,3,4,2,3,7,6,2,11,9,3,5,10,3,3,10,6,5,5,10,6,7,9,8,5,7,2,9,5,11,9,2,3,4,7,8,9,6,3,2,0,8,7,2,6,9,9,7,10,10,5,4,9,3,4,8,5,6,5,7,0,7,8,11,2,6,5,8,2,7,10,7,6,9,11,2,6,9,7,3,8,9,7,6,10,7,7,3,6,0,7,10,3,8,2,8,3,10,7,9,2,4,2,2,8,3,3,9,3,5,8,2,3,7,10,3,2,10,8,10,8,5,8,9,10,3,4,6,10,3,7,5,7,7,6,5,8,9,2,11,2,7,8
3,9,0,7,8,3,10,10,4,5,3,4,8,7,3,0,10,4,6,11,4,4,11,7,6,6,11,7,8,10,9,6,8,3,10,6,0,10,3,4,5,8,9,10,7,4,3,2,9,8,3,7,10,10,8,11,11,6,5,10,4,5,9,6,7,6,8,2,8,9,0,3,7,6,9,3,8,11,8,7,10,0,3,7,10,8,4,9,10,8,7,11,8,8,4,7,2,8,11,4,9,3,9,4,11,8,10,3,5,3,3,9,4,4,10,4,6,9,3,4,8,11,4,3,11,9,11,9,6,9,10,11,4,5,7,11,4,8,6,8,8,7,6,9,10,3,0,3,8,9
4,10,2,8,9,4,11,11,5,6,4,5,9,8,4,2,11,5,7,0,5,5,0,8,7,7,0,8,9,11,10,7,9,4,11,7,2,11,4,5,6,9,10,11,8,5,4,3,10,9,4,8,11,11,9,0,0,7,6,11,5,6,10,7,8,7,9,3,9,10,2,4,8,7,10,4,9,0,9,8,11,2,4,8,11,9,5,10,11,9,8,0,9,9,5,8,3,9,0,5,10,4,10,5,0,9,11,4,6,4,4,10,5,5,11,5,7,10,4,5,9,0,5,4,0,10,0,10,7,10,11,0,5,6,8,0,5,9,7,9,9,8,7,10,11,4,2,4,9,10
5,11,3,9,10,5,0,0,6,7,5,6,10,9,5,3,0,6,8,2,6,6,2,9,8,8,2,9,10,0,11,8,10,5,0,8,3,0,5,6,7,10,11,0,9,6,5,4,11,10,5,9,0,0,10,2,2,8,7,0,6,7,11,8,9,8,10,4,10,11,3,5,9,8,11,5,10,2,10,9,0,3,5,9,0,10,6,11,0,10,9,2,10,10,6,9,4,10,2,6,11,5,11,6,2,10,0,5,7,5,5,11,6,6,0,6,8,11,5,6,10,2,6,5,2,11,2,11,8,11,0,2,6,7,9,2,6,10,8,10,10,9,8,11,0,5,3,5,10,11
6,0,4,10,11,6,2,2,7,8,6,7,11,10,6,4,2,7,9,3,7,7,3,10,9,9,3,10,11,2,0,9,11,6,2,9,4,2,6,7,8,11,0,2,10,7,6,5,0,11,6,10,2,2,11,3,3,9,8,2,7,8,0,9,10,9,11,5,11,0,4,6,10,9,0,6,11,3,11,10,2,4,6,10,2,11,7,0,2,11,10,3,11,11,7,10,5,11,3,7,0,6,0,7,3,11,2,6,8,6,6,0,7,7,2,7,9,0,6,7,11,3,7,6,3,0,3,0,9,0,2,3,7,8,10,3,7,11,9,11,11,10,9,0,2,6,4,6,11,0
7,2,5,11,0,7,3,3,8,9,7,8,0,11,7,5,3,8,10,4,8,8,4,11,10,10,4,11,0,3,2,10,0,7,3,10,5,3,7,8,9,0,2,3,11,8,7,6,2,0,7,11,3,3,0,4,4,10,9,3,8,9,2,10,11,10,0,6,0,2,5,7,11,10,2,7,0,4,0,11,3,5,7,11,3,0,8,2,3,0,11,4,0,0,8,11,6,0,4,8,2,7,2,8,4,0,3,7,9,7,7,2,8,8,3,8,10,2,7,8,0,4,8,7,4,2,4,2,10,2,3,4,8,9,11,4,8,0,10,0,0,11,10,2,3,7,5,7,0,2
8,3,6,0,2,8,4,4,9,10,8,9,2,0,8,6,4,9,11,5,9,9,5,0,11,11,5,0,2,4,3,11,2,8,4,11,6,4,8,9,10,2,3,4,0,9,8,7,3,2,8,0,4,4,2,5,5,11,10,4,9,10,3,11,0,11,2,7,2,3,6,8,0,11,3,8,2,5,2,0,4,6,8,0,4,2,9,3,4,2,0,5,2,2,9,0,7,2,5,9,3,8,3,9,5,2,4,8,10,8,8,3,9,9,4,9,11,3,8,9,2,5,9,8,5,3,5,3,11,3,4,5,9,10,0,5,9,2,11,2,2,0,11,3,4,8,6,8,2,3
9,4,7,2,3,9,5,5,10,11,9,10,3,2,9,7,5,10,0,6,10,10,6,2,0,0,6,2,3,5,4,0,3,9,5,0,7,5,9,10,11,3,4,5,2,10,9,8,4,3,9,2,5,5,3,6,6,0,11,5,10,11,4,0,2,0,3,8,3,4,7,9,2,0,4,9,3,6,3,2,5,7,9,2,5,3,10,4,5,3,2,6,3,3,10,2,8,3,6,10,4,9,4,10,6,3,5,9,11,9,9,4,10,10,5,10,0,4,9,10,3,6,10,9,6,4,6,4,0,4,5,6,10,11,2,6,10,3,0,3,3,2,0,4,5,9,7,9,3,4
10,5,8,3,4,10,6,6,11,0,10,11,4,3,10,8,6,11,2,7,11,11,7,3,2,2,7,3,4,6,5,2,4,10,6,2,8,6,10,11,0,4,5,6,3,11,10,9,5,4,10,3,6,6,4,7,7,2,0,6,11,0,5,2,3,2,4,9,4,5,8,10,3,2,5,10,4,7,4,3,6,8,10,3,6,4,11,5,6,4,3,7,4,4,11,3,9,4,7,11,5,10,5,11,7,4,6,10,0,10,10,5,11,11,6,11,2,5,10,11,4,7,11,10,7,5,7,5,2,5,6,7,11,0,3,7,11,4,2,4,4,3,2,5,6,10,8,10,4,5
11,6,9,4,5,11,7,7,0,2,11,0,5,4,11,9,7,0,3,8,0,0,8,4,3,3,8,4,5,7,6,3,5,11,7,3,9,7,11,0,2,5,6,7,4,0,11,10,6,5,11,4,7,7,5,8,8,3,2,7,0,2,6,3,4,3,5,10,5,6,9,11,4,3,6,11,5,8,5,4,7,9,11,4,7,5,0,6,7,5,4,8,5,5,0,4,10,5,8,0,6,11,6,0,8,5,7,11,2,11,11,6,0,0,7,0,3,6,11,0,5,8,0,11,8,6,8,6,3,6,7,8,0,2,4,8,0,5,3,5,5,4,3,6,7,11,9,11,5,6
0,7,10,5,6,0,8,8,2,3,0,2,6,5,0,10,8,2,4,9,2,2,9,5,4,4,9,5,6,8,7,4,6,0,8,4,10,8,0,2,3,6,7,8,5,2,0,11,7,6,0,5,8,8,6,9,9,4,3,8,2,3,7,4,5,4,6,11,6,7,10,0,5,4,7,0,6,9,6,5,8,10,0,5,8,6,2,7,8,6,5,9,6,6,2,5,11,6,9,2,7,0,7,2,9,6,8,0,3,0,0,7,2,2,8,2,4,7,0,2,6,9,2,0,9,7,9,7,4,7,8,9,2,3,5,9,2,6,4,6,6,5,4,7,8,0,10,0,6,7
2,8,11,6,7,2,9,9,3,4,2,3,7,6,2,11,9,3,5,10,3,3,10,6,5,5,10,6,7,9,8,5,7,2,9,5,11,9,2,3,4,7,8,9,6,3,2,0,8,7,2,6,9,9,7,10,10,5,4,9,3,4,8,5,6,5,7,0,7,8,11,2,6,5,8,2,7,10,7,6,9,11,2,6,9,7,3,8,9,7,6,10,7,7,3,6,0,7,10,3,8,2,8,3,10,7,9,2,4,2,2,8,3,3,9,3,5,8,2,3,7,10,3,2,10,8,10,8,5,8,9,10,3,4,6,10,3,7,5,7,7,6,5,8,9,2,11,2,7,8
3,9,0,7,8,3,10,10,4,5,3,4,8,7,3,0,10,4,6,11,4,4,11,7,6,6,11,7,8,10,9,6,8,3,10,6,0,10,3,4,5,8,9,10,7,4,3,2,9,8,3,7,10,10,8,11,11,6,5,10,4,5,9,6,7,6,8,2,8,9,0,3,7,6,9,3,8,11,8,7,10,0,3,7,10,8,4,9,10,8,7,11,8,8,4,7,2,8,11,4,9,3,9,4,11,8,10,3,5,3,3,9,4,4,10,4,6,9,3,4,8,11,4,3,11,9,11,9,6,9,10,11,4,5,7,11,4,8,6,8,8,7,6,9,10,3,0,3,8,9
4,10,2,8,9,4,11,11,5,6,4,5,9,8,4,2,11,5,7,0,5,5,0,8,7,7,0,8,9,11,10,7,9,4,11,7,2,11,4,5,6,9,10,11,8,5,4,3,10,9,4,8,11,11,9,0,0,7,6,11,5,6,10,7,8,7,9,3,9,10,2,4,8,7,10,4,9,0,9,8,11,2,4,8,11,9,5,10,11,9,8,0,9,9,5,8,3,9,0,5,10,4,10,5,0,9,11,4,6,4,4,10,5,5,11,5,7,10,4,5,9,0,5,4,0,10,0,10,7,10,11,0,5,6,8,0,5,9,7,9,9,8,7,10,11,4,2,4,9,10
5,11,3,9,10,5,0,0,6,7,5,6,10,9,5,3,0,6,8,2,6,6,2,9,8,8,2,9,10,0,11,8,10,5,0,8,3,0,5,6,7,10,11,0,9,6,5,4,11,10,5,9,0,0,10,2,2,8,7,0,6,7,11,8,9,8,10,4,10,11,3,5,9,8,11,5,10,2,10,9,0,3,5,9,0,10,6,11,0,10,9,2,10,10,6,9,4,10,2,6,11,5,11,6,2,10,0,5,7,5,5,11,6,6,0,6,8,11,5,6,10,2,6,5,2,11,2,11,8,11,0,2,6,7,9,2,6,10,8,10,10,9,8,11,0,5,3,5,10,11
6,0,4,10,11,6,2,2,7,8,6,7,11,10,6,4,2,7,9,3,7,7,3,10,9,9,3,10,11,2,0,9,11,6,2,9,4,2,6,7,8,11,0,2,10,7,6,5,0,11,6,10,2,2,11,3,3,9,8,2,7,8,0,9,10,9,11,5,11,0,4,6,10,9,0,6,11,3,11,10,2,4,6,10,2,11,7,0,2,11,10,3,11,11,7,10,5,11,3,7,0,6,0,7,3,11,2,6,8,6,6,0,7,7,2,7,9,0,6,7,11,3,7,6,3,0,3,0,9,0,2,3,7,8,10,3,7,11,9,11,11,10,9,0,2,6,4,6,11,0
7,2,5,11,0,7,3,3,8,9,7,8,0,11,7,5,3,8,10,4,8,8,4,11,10,10,4,11,0,3,2,10,0,7,3,10,5,3,7,8,9,0,2,3,11,8,7,6,2,0,7,11,3,3,0,4,4,10,9,3,8,9,2,10,11,10,0,6,0,2,5,7,11,10,2,7,0,4,0,11,3,5,7,11,3,0,8,2,3,0,11,4,0,0,8,11,6,0,4,8,2,7,2,8,4,0,3,7,9,7,7,2,8,8,3,8,10,2,7,8,0,4,8,7,4,2,4,2,10,2,3,4,8,9,11,4,8,0,10,0,0,11,10,2,3,7,5,7,0,2
8,3,6,0,2,8,4,4,9,10,8,9,2,0,8,6,4,9,11,5,9,9,5,0,11,11,5,0,2,4,3,11,2,8,4,11,6,4,8,9,10,2,3,4,0,9,8,7,3,2,8,0,4,4,2,5,5,11,10,4,9,10,3,11,0,11,2,7,2,3,6,8,0,11,3,8,2,5,2,0,4,6,8,0,4,2,9,3,4,2,0,5,2,2,9,0,7,2,5,9,3,8,3,9,5,2,4,8,10,8,8,3,9,9,4,9,11,3,8,9,2,5,9,8,5,3,5,3,11,3,4,5,9,10,0,5,9,2,11,2,2,0,11,3,4,8,6,8,2,3
9,4,7,2,3,9,5,5,10,11,9,10,3,2,9,7,5,10,0,6,10,10,6,2,0,0,6,2,3,5,4,0,3,9,5,0,7,5,9,10,11,3,4,5,2,10,9,8,4,3,9,2,5,5,3,6,6,0,11,5,10,11,4,0,2,0,3,8,3,4,7,9,2,0,4,9,3,6,3,2,5,7,9,2,5,3,10,4,5,3,2,6,3,3,10,2,8,3,6,10,4,9,4,10,6,3,5,9,11,9,9,4,10,10,5,10,0,4,9,10,3,6,10,9,6,4,6,4,0,4,5,6,10,11,2,6,10,3,0,3,3,2,0,4,5,9,7,9,3,4
10,5,8,3,4,10,6,6,11,0,10,11,4,3,10,8,6,11,2,7,11,11,7,3,2,2,7,3,4,6,5,2,4,10,6,2,8,6,10,11,0,4,5,6,3,11,10,9,5,4,10,3,6,6,4,7,7,2,0,6,11,0,5,2,3,2,4,9,4,5,8,10,3,2,5,10,4,7,4,3,6,8,10,3,6,4,11,5,6,4,3,7,4,4,11,3,9,4,7,11,5,10,5,11,7,4,6,10,0,10,10,5,11,11,6,11,2,5,10,11,4,7,11,10,7,5,7,5,2,5,6,7,11,0,3,7,11,4,2,4,4,3,2,5,6,10,8,10,4,5
11,6,9,4,5,11,7,7,0,2,11,0,5,4,11,9,7,0,3,8,0,0,8,4,3,3,8,4,5,7,6,3,5,11,7,3,9,7,11,0,2,5,6,7,4,0,11,10,6,5,11,4,7,7,5,8,8,3,2,7,0,2,6,3,4,3,5,10,5,6,9,11,4,3,6,11,5,8,5,4,7,9,11,4,7,5,0,6,7,5,4,8,5,5,0,4,10,5,8,0,6,11,6,0,8,5,7,11,2,11,11,6,0,0,7,0,3,6,11,0,5,8,0,11,8,6,8,6,3,6,7,8,0,2,4,8,0,5,3,5,5,4,3,6,7,11,9,11,5,6
0,7,10,5,6,0,8,8,2,3,0,2,6,5,0,10,8,2,4,9,2,2,9,5,4,4,9,5,6,8,7,4,6,0,8,4,10,8,0,2,3,6,7,8,5,2,0,11,7,6,0,5,8,8,6,9,9,4,3,8,2,3,7,4,5,4,6,11,6,7,10,0,5,4,7,0,6,9,6,5,8,10,0,5,8,6,2,7,8,6,5,9,6,6,2,5,11,6,9,2,7,0,7,2,9,6,8,0,3,0,0,7,2,2,8,2,4,7,0,2,6,9,2,0,9,7,9,7,4,7,8,9,2,3,5,9,2,6,4,6,6,5,4,7,8,0,10,0,6,7
2,8,11,6,7,2,9,9,3,4,2,3,7,6,2,11,9,3,5,10,3,3,10,6,5,5,10,6,7,9,8,5,7,2,9,5,11,9,2,3,4,7,8,9,6,3,2,0,8,7,2,6,9,9,7,10,10,5,4,9,3,4,8,5,6,5,7,0,7,8,11,2,6,5,8,2,7,10,7,6,9,11,2,6,9,7,3,8,9,7,6,10,7,7,3,6,0,7,10,3,8,2,8,3,10,7,9,2,4,2,2,8,3,3,9,3,5,8,2,3,7,10,3,2,10,8,10,8,5,8,9,10,3,4,6,10,3,7,5,7,7,6,5,8,9,2,11,2,7,8
3,9,0,7,8,3,10,10,4,5,3,4,8,7,3,0,10,4,6,11,4,4,11,7,6,6,11,7,8,10,9,6,8,3,10,6,0,10,3,4,5,8,9,10,7,4,3,2,9,8,3,7,10,10,8,11,11,6,5,10,4,5,9,6,7,6,8,2,8,9,0,3,7,6,9,3,8,11,8,7,10,0,3,7,10,8,4,9,10,8,7,11,8,8,4,7,2,8,11,4,9,3,9,4,11,8,10,3,5,3,3,9,4,4,10,4,6,9,3,4,8,11,4,3,11,9,11,9,6,9,10,11,4,5,7,11,4,8,6,8,8,7,6,9,10,3,0,3,8,9
4,10,2,8,9,4,11,11,5,6,4,5,9,8,4,2,11,5,7,0,5,5,0,8,7,7,0,8,9,11,10,7,9,4,11,7,2,11,4,5,6,9,10,11,8,5,4,3,10,9,4,8,11,11,9,0,0,7,6,11,5,6,10,7,8,7,9,3,9,10,2,4,8,7,10,4,9,0,9,8,11,2,4,8,11,9,5,10,11,9,8,0,9,9,5,8,3,9,0,5,10,4,10,5,0,9,11,4,6,4,4,10,5,5,11,5,7,10,4,5,9,0,5,4,0,10,0,10,7,10,11,0,5,6,8,0,5,9,7,9,9,8,7,10,11,4,2,4,9,10
5,11,3,9,10,5,0,0,6,7,5,6,10,9,5,3,0,6,8,2,6,6,2,9,8,8,2,9,10,0,11,8,10,5,0,8,3,0,5,6,7,10,11,0,9,6,5,4,11,10,5,9,0,0,10,2,2,8,7,0,6,7,11,8,9,8,10,4,10,11,3,5,9,8,11,5,10,2,10,9,0,3,5,9,0,10,6,11,0,10,9,2,10,10,6,9,4,10,2,6,11,5,11,6,2,10,0,5,7,5,5,11,6,6,0,6,8,11,5,6,10,2,6,5,2,11,2,11,8,11,0,2,6,7,9,2,6,10,8,10,10,9,8,11,0,5,3,5,10,11
6,0,4,10,11,6,2,2,7,8,6,7,11,10,6,4,2,7,9,3,7,7,3,10,9,9,3,10,11,2,0,9,11,6,2,9,4,2,6,7,8,11,0,2,10,7,6,5,0,11,6,10,2,2,11,3,3,9,8,2,7,8,0,9,10,9,11,5,11,0,4,6,10,9,0,6,11,3,11,10,2,4,6,10,2,11,7,0,2,11,10,3,11,11,7,10,5,11,3,7,0,6,0,7,3,11,2,6,8,6,6,0,7,7,2,7,9,0,6,7,11,3,7,6,3,0,3,0,9,0,2,3,7,8,10,3,7,11,9,11,11,10,9,0,2,6,4,6,11,0
7,2,5,11,0,7,3,3,8,9,7,8,0,11,7,5,3,8,10,4,8,8,4,11,10,10,4,11,0,3,2,10,0,7,3,10,5,3,7,8,9,0,2,3,11,8,7,6,2,0,7,11,3,3,0,4,4,10,9,3,8,9,2,10,11,10,0,6,0,2,5,7,11,10,2,7,0,4,0,11,3,5,7,11,3,0,8,2,3,0,11,4,0,0,8,11,6,0,4,8,2,7,2,8,4,0,3,7,9,7,7,2,8,8,3,8,10,2,7,8,0,4,8,7,4,2,4,2,10,2,3,4,8,9,11,4,8,0,10,0,0,11,10,2,3,7,5,7,0,2
8,3,6,0,2,8,4,4,9,10,8,9,2,0,8,6,4,9,11,5,9,9,5,0,11,11,5,0,2,4,3,11,2,8,4,11,6,4,8,9,10,2,3,4,0,9,8,7,3,2,8,0,4,4,2,5,5,11,10,4,9,10,3,11,0,11,2,7,2,3,6,8,0,11,3,8,2,5,2,0,4,6,8,0,4,2,9,3,4,2,0,5,2,2,9,0,7,2,5,9,3,8,3,9,5,2,4,8,10,8,8,3,9,9,4,9,11,3,8,9,2,5,9,8,5,3,5,3,11,3,4,5,9,10,0,5,9,2,11,2,2,0,11,3,4,8,6,8,2,3
9,4,7,2,3,9,5,5,10,11,9,10,3,2,9,7,5,10,0,6,10,10,6,2,0,0,6,2,3,5,4,0,3,9,5,0,7,5,9,10,11,3,4,5,2,10,9,8,4,3,9,2,5,5,3,6,6,0,11,5,10,11,4,0,2,0,3,8,3,4,7,9,2,0,4,9,3,6,3,2,5,7,9,2,5,3,10,4,5,3,2,6,3,3,10,2,8,3,6,10,4,9,4,10,6,3,5,9,11,9,9,4,10,10,5,10,0,4,9,10,3,6,10,9,6,4,6,4,0,4,5,6,10,11,2,6,10,3,0,3,3,2,0,4,5,9,7,9,3,4
10,5,8,3,4,10,6,6,11,0,10,11,4,3,10,8,6,11,2,7,11,11,7,3,2,2,7,3,4,6,5,2,4,10,6,2,8,6,10,11,0,4,5,6,3,11,10,9,5,4,10,3,6,6,4,7,7,2,0,6,11,0,5,2,3,2,4,9,4,5,8,10,3,2,5,10,4,7,4,3,6,8,10,3,6,4,11,5,6,4,3,7,4,4,11,3,9,4,7,11,5,10,5,11,7,4,6,10,0,10,10,5,11,11,6,11,2,5,10,11,4,7,11,10,7,5,7,5,2,5,6,7,11,0,3,7,11,4,2,4,4,3,2,5,6,10,8,10,4,5
11,6,9,4,5,11,7,7,0,2,11,0,5,4,11,9,7,0,3,8,0,0,8,4,3,3,8,4,5,7,6,3,5,11,7,3,9,7,11,0,2,5,6,7,4,0,11,10,6,5,11,4,7,7,5,8,8,3,2,7,0,2,6,3,4,3,5,10,5,6,9,11,4,3,6,11,5,8,5,4,7,9,11,4,7,5,0,6,7,5,4,8,5,5,0,4,10,5,8,0,6,11,6,0,8,5,7,11,2,11,11,6,0,0,7,0,3,6,11,0,5,8,0,11,8,6,8,6,3,6,7,8,0,2,4,8,0,5,3,5,5,4,3,6,7,11,9,11,5,6
0,7,10,5,6,0,8,8,2,3,0,2,6,5,0,10,8,2,4,9,2,2,9,5,4,4,9,5,6,8,7,4,6,0,8,4,10,8,0,2,3,6,7,8,5,2,0,11,7,6,0,5,8,8,6,9,9,4,3,8,2,3,7,4,5,4,6,11,6,7,10,0,5,4,7,0,6,9,6,5,8,10,0,5,8,6,2,7,8,6,5,9,6,6,2,5,11,6,9,2,7,0,7,2,9,6,8,0,3,0,0,7,2,2,8,2,4,7,0,2,6,9,2,0,9,7,9,7,4,7,8,9,2,3,5,9,2,6,4,6,6,5,4,7,8,0,10,0,6,7
2,8,11,6,7,2,9,9,3,4,2,3,7,6,2,11,9,3,5,10,3,3,10,6,5,5,10,6,7,9,8,5,7,2,9,5,11,9,2,3,4,7,8,9,6,3,2,0,8,7,2,6,9,9,7,10,10,5,4,9,3,4,8,5,6,5,7,0,7,8,11,2,6,5,8,2,7,10,7,6,9,11,2,6,9,7,3,8,9,7,6,10,7,7,3,6,0,7,10,3,8,2,8,3,10,7,9,2,4,2,2,8,3,3,9,3,5,8,2,3,7,10,3,2,10,8,10,8,5,8,9,10,3,4,6,10,3,7,5,7,7,6,5,8,9,2,11,2,7,8
3,9,0,7,8,3,10,10,4,5,3,4,8,7,3,0,10,4,6,11,4,4,11,7,6,6,11,7,8,10,9,6,8,3,10,6,0,10,3,4,5,8,9,10,7,4,3,2,9,8,3,7,10,10,8,11,11,6,5,10,4,5,9,6,7,6,8,2,8,9,0,3,7,6,9,3,8,11,8,7,10,0,3,7,10,8,4,9,10,8,7,11,8,8,4,7,2,8,11,4,9,3,9,4,11,8,10,3,5,3,3,9,4,4,10,4,6,9,3,4,8,11,4,3,11,9,11,9,6,9,10,11,4,5,7,11,4,8,6,8,8,7,6,9,10,3,0,3,8,9
4,10,2,8,9,4,11,11,5,6,4,5,9,8,4,2,11,5,7,0,5,5,0,8,7,7,0,8,9,11,10,7,9,4,11,7,2,11,4,5,6,9,10,11,8,5,4,3,10,9,4,8,11,11,9,0,0,7,6,11,5,6,10,7,8,7,9,3,9,10,2,4,8,7,10,4,9,0,9,8,11,2,4,8,11,9,5,10,11,9,8,0,9,9,5,8,3,9,0,5,10,4,10,5,0,9,11,4,6,4,4,10,5,5,11,5,7,10,4,5,9,0,5,4,0,10,0,10,7,10,11,0,5,6,8,0,5,9,7,9,9,8,7,10,11,4,2,4,9,10
5,11,3,9,10,5,0,0,6,7,5,6,10,9,5,3,0,6,8,2,6,6,2,9,8,8,2,9,10,0,11,8,10,5,0,8,3,0,5,6,7,10,11,0,9,6,5,4,11,10,5,9,0,0,10,2,2,8,7,0,6,7,11,8,9,8,10,4,10,11,3,5,9,8,11,5,10,2,10,9,0,3,5,9,0,10,6,11,0,10,9,2,10,10,6,9,4,10,2,6,11,5,11,6,2,10,0,5,7,5,5,11,6,6,0,6,8,11,5,6,10,2,6,5,2,11,2,11,8,11,0,2,6,7,9,2,6,10,8,10,10,9,8,11,0,5,3,5,10,11
6,0,4,10,11,6,2,2,7,8,6,7,11,10,6,4,2,7,9,3,7,7,3,10,9,9,3,10,11,2,0,9,11,6,2,9,4,2,6,7,8,11,0,2,10,7,6,5,0,11,6,10,2,2,11,3,3,9,8,2,7,8,0,9,10,9,11,5,11,0,4,6,10,9,0,6,11,3,11,10,2,4,6,10,2,11,7,0,2,11,10,3,11,11,7,10,5,11,3,7,0,6,0,7,3,11,2,6,8,6,6,0,7,7,2,7,9,0,6,7,11,3,7,6,3,0,3,0,9,0,2,3,7,8,10,3,7,11,9,11,11,10,9,0,2,6,4,6,11,0
7,2,5,11,0,7,3,3,8,9,7,8,0,11,7,5,3,8,10,4,8,8,4,11,10,10,4,11,0,3,2,10,0,7,3,10,5,3,7,8,9,0,2,3,11,8,7,6,2,0,7,11,3,3,0,4,4,10,9,3,8,9,2,10,11,10,0,6,0,2,5,7,11,10,2,7,0,4,0,11,3,5,7,11,3,0,8,2,3,0,11,4,0,0,8,11,6,0,4,8,2,7,2,8,4,0,3,7,9,7,7,2,8,8,3,8,10,2,7,8,0,4,8,7,4,2,4,2,10,2,3,4,8,9,11,4,8,0,10,0,0,11,10,2,3,7,5,7,0,2
8,3,6,0,2,8,4,4,9,10,8,9,2,0,8,6,4,9,11,5,9,9,5,0,11,11,5,0,2,4,3,11,2,8,4,11,6,4,8,9,10,2,3,4,0,9,8,7,3,2,8,0,4,4,2,5,5,11,10,4,9,10,3,11,0,11,2,7,2,3,6,8,0,11,3,8,2,5,2,0,4,6,8,0,4,2,9,3,4,2,0,5,2,2,9,0,7,2,5,9,3,8,3,9,5,2,4,8,10,8,8,3,9,9,4,9,11,3,8,9,2,5,9,8,5,3,5,3,11,3,4,5,9,10,0,5,9,2,11,2,2,0,11,3,4,8,6,8,2,3
9,4,7,2,3,9,5,5,10,11,9,10,3,2,9,7,5,10,0,6,10,10,6,2,0,0,6,2,3,5,4,0,3,9,5,0,7,5,9,10,11,3,4,5,2,10,9,8,4,3,9,2,5,5,3,6,6,0,11,5,10,11,4,0,2,0,3,8,3,4,7,9,2,0,4,9,3,6,3,2,5,7,9,2,5,3,10,4,5,3,2,6,3,3,10,2,8,3,6,10,4,9,4,10,6,3,5,9,11,9,9,4,10,10,5,10,0,4,9,10,3,6,10,9,6,4,6,4,0,4,5,6,10,11,2,6,10,3,0,3,3,2,0,4,5,9,7,9,3,4
10,5,8,3,4,10,6,6,11,0,10,11,4,3,10,8,6,11,2,7,11,11,7,3,2,2,7,3,4,6,5,2,4,10,6,2,8,6,10,11,0,4,5,6,3,11,10,9,5,4,10,3,6,6,4,7,7,2,0,6,11,0,5,2,3,2,4,9,4,5,8,10,3,2,5,10,4,7,4,3,6,8,10,3,6,4,11,5,6,4,3,7,4,4,11,3,9,4,7,11,5,10,5,11,7,4,6,10,0,10,10,5,11,11,6,11,2,5,10,11,4,7,11,10,7,5,7,5,2,5,6,7,11,0,3,7,11,4,2,4,4,3,2,5,6,10,8,10,4,5
11,6,9,4,5,11,7,7,0,2,11,0,5,4,11,9,7,0,3,8,0,0,8,4,3,3,8,4,5,7,6,3,5,11,7,3,9,7,11,0,2,5,6,7,4,0,11,10,6,5,11,4,7,7,5,8,8,3,2,7,0,2,6,3,4,3,5,10,5,6,9,11,4,3,6,11,5,8,5,4,7,9,11,4,7,5,0,6,7,5,4,8,5,5,0,4,10,5,8,0,6,11,6,0,8,5,7,11,2,11,11,6,0,0,7,0,3,6,11,0,5,8,0,11,8,6,8,6,3,6,7,8,0,2,4,8,0,5,3,5,5,4,3,6,7,11,9,11,5,6
0,7,10,5,6,0,8,8,2,3,0,2,6,5,0,10,8,2,4,9,2,2,9,5,4,4,9,5,6,8,7,4,6,0,8,4,10,8,0,2,3,6,7,8,5,2,0,11,7,6,0,5,8,8,6,9,9,4,3,8,2,3,7,4,5,4,6,11,6,7,10,0,5,4,7,0,6,9,6,5,8,10,0,5,8,6,2,7,8,6,5,9,6,6,2,5,11,6,9,2,7,0,7,2,9,6,8,0,3,0,0,7,2,2,8,2,4,7,0,2,6,9,2,0,9,7,9,7,4,7,8,9,2,3,5,9,2,6,4,6,6,5,4,7,8,0,10,0,6,7
2,8,11,6,7,2,9,9,3,4,2,3,7,6,2,11,9,3,5,10,3,3,10,6,5,5,10,6,7,9,8,5,7,2,9,5,11,9,2,3,4,7,8,9,6,3,2,0,8,7,2,6,9,9,7,10,10,5,4,9,3,4,8,5,6,5,7,0,7,8,11,2,6,5,8,2,7,10,7,6,9,11,2,6,9,7,3,8,9,7,6,10,7,7,3,6,0,7,10,3,8,2,8,3,10,7,9,2,4,2,2,8,3,3,9,3,5,8,2,3,7,10,3,2,10,8,10,8,5,8,9,10,3,4,6,10,3,7,5,7,7,6,5,8,9,2,11,2,7,8
3,9,0,7,8,3,10,10,4,5,3,4,8,7,3,0,10,4,6,11,4,4,11,7,6,6,11,7,8,10,9,6,8,3,10,6,0,10,3,4,5,8,9,10,7,4,3,2,9,8,3,7,10,10,8,11,11,6,5,10,4,5,9,6,7,6,8,2,8,9,0,3,7,6,9,3,8,11,8,7,10,0,3,7,10,8,4,9,10,8,7,11,8,8,4,7,2,8,11,4,9,3,9,4,11,8,10,3,5,3,3,9,4,4,10,4,6,9,3,4,8,11,4,3,11,9,11,9,6,9,10,11,4,5,7,11,4,8,6,8,8,7,6,9,10,3,0,3,8,9
4,10,2,8,9,4,11,11,5,6,4,5,9,8,4,2,11,5,7,0,5,5,0,8,7,7,0,8,9,11,10,7,9,4,11,7,2,11,4,5,6,9,10,11,8,5,4,3,10,9,4,8,11,11,9,0,0,7,6,11,5,6,10,7,8,7,9,3,9,10,2,4,8,7,10,4,9,0,9,8,11,2,4,8,11,9,5,10,11,9,8,0,9,9,5,8,3,9,0,5,10,4,10,5,0,9,11,4,6,4,4,10,5,5,11,5,7,10,4,5,9,0,5,4,0,10,0,10,7,10,11,0,5,6,8,0,5,9,7,9,9,8,7,10,11,4,2,4,9,10
5,11,3,9,10,5,0,0,6,7,5,6,10,9,5,3,0,6,8,2,6,6,2,9,8,8,2,9,10,0,11,8,10,5,0,8,3,0,5,6,7,10,11,0,9,6,5,4,11,10,5,9,0,0,10,2,2,8,7,0,6,7,11,8,9,8,10,4,10,11,3,5,9,8,11,5,10,2,10,9,0,3,5,9,0,10,6,11,0,10,9,2,10,10,6,9,4,10,2,6,11,5,11,6,2,10,0,5,7,5,5,11,6,6,0,6,8,11,5,6,10,2,6,5,2,11,2,11,8,11,0,2,6,7,9,2,6,10,8,10,10,9,8,11,0,5,3,5,10,11
6,0,4,10,11,6,2,2,7,8,6,7,11,10,6,4,2,7,9,3,7,7,3,10,9,9,3,10,11,2,0,9,11,6,2,9,4,2,6,7,8,11,0,2,10,7,6,5,0,11,6,10,2,2,11,3,3,9,8,2,7,8,0,9,10,9,11,5,11,0,4,6,10,9,0,6,11,3,11,10,2,4,6,10,2,11,7,0,2,11,10,3,11,11,7,10,5,11,3,7,0,6,0,7,3,11,2,6,8,6,6,0,7,7,2,7,9,0,6,7,11,3,7,6,3,0,3,0,9,0,2,3,7,8,10,3,7,11,9,11,11,10,9,0,2,6,4,6,11,0
7,2,5,11,0,7,3,3,8,9,7,8,0,11,7,5,3,8,10,4,8,8,4,11,10,10,4,11,0,3,2,10,0,7,3,10,5,3,7,8,9,0,2,3,11,8,7,6,2,0,7,11,3,3,0,4,4,10,9,3,8,9,2,10,11,10,0,6,0,2,5,7,11,10,2,7,0,4,0,11,3,5,7,11,3,0,8,2,3,0,11,4,0,0,8,11,6,0,4,8,2,7,2,8,4,0,3,7,9,7,7,2,8,8,3,8,10,2,7,8,0,4,8,7,4,2,4,2,10,2,3,4,8,9,11,4,8,0,10,0,0,11,10,2,3,7,5,7,0,2
8,3,6,0,2,8,4,4,9,10,8,9,2,0,8,6,4,9,11,5,9,9,5,0,11,11,5,0,2,4,3,11,2,8,4,11,6,4,8,9,10,2,3,4,0,9,8,7,3,2,8,0,4,4,2,5,5,11,10,4,9,10,3,11,0,11,2,7,2,3,6,8,0,11,3,8,2,5,2,0,4,6,8,0,4,2,9,3,4,2,0,5,2,2,9,0,7,2,5,9,3,8,3,9,5,2,4,8,10,8,8,3,9,9,4,9,11,3,8,9,2,5,9,8,5,3,5,3,11,3,4,5,9,10,0,5,9,2,11,2,2,0,11,3,4,8,6,8,2,3
9,4,7,2,3,9,5,5,10,11,9,10,3,2,9,7,5,10,0,6,10,10,6,2,0,0,6,2,3,5,4,0,3,9,5,0,7,5,9,10,11,3,4,5,2,10,9,8,4,3,9,2,5,5,3,6,6,0,11,5,10,11,4,0,2,0,3,8,3,4,7,9,2,0,4,9,3,6,3,2,5,7,9,2,5,3,10,4,5,3,2,6,3,3,10,2,8,3,6,10,4,9,4,10,6,3,5,9,11,9,9,4,10,10,5,10,0,4,9,10,3,6,10,9,6,4,6,4,0,4,5,6,10,11,2,6,10,3,0,3,3,2,0,4,5,9,7,9,3,4
10,5,8,3,4,10,6,6,11,0,10,11,4,3,10,8,6,11,2,7,11,11,7,3,2,2,7,3,4,6,5,2,4,10,6,2,8,6,10,11,0,4,5,6,3,11,10,9,5,4,10,3,6,6,4,7,7,2,0,6,11,0,5,2,3,2,4,9,4,5,8,10,3,2,5,10,4,7,4,3,6,8,10,3,6,4,11,5,6,4,3,7,4,4,11,3,9,4,7,11,5,10,5,11,7,4,6,10,0,10,10,5,11,11,6,11,2,5,10,11,4,7,11,10,7,5,7,5,2,5,6,7,11,0,3,7,11,4,2,4,4,3,2,5,6,10,8,10,4,5
11,6,9,4,5,11,7,7,0,2,11,0,5,4,11,9,7,0,3,8,0,0,8,4,3,3,8,4,5,7,6,3,5,11,7,3,9,7,11,0,2,5,6,7,4,0,11,10,6,5,11,4,7,7,5,8,8,3,2,7,0,2,6,3,4,3,5,10,5,6,9,11,4,3,6,11,5,8,5,4,7,9,11,4,7,5,0,6,7,5,4,8,5,5,0,4,10,5,8,0,6,11,6,0,8,5,7,11,2,11,11,6,0,0,7,0,3,6,11,0,5,8,0,11,8,6,8,6,3,6,7,8,0,2,4,8,0,5,3,5,5,4,3,6,7,11,9,11,5,6
0,7,10,5,6,0,8,8,2,3,0,2,6,5,0,10,8,2,4,9,2,2,9,5,4,4,9,5,6,8,7,4,6,0,8,4,10,8,0,2,3,6,7,8,5,2,0,11,7,6,0,5,8,8,6,9,9,4,3,8,2,3,7,4,5,4,6,11,6,7,10,0,5,4,7,0,6,9,6,5,8,10,0,5,8,6,2,7,8,6,5,9,6,6,2,5,11,6,9,2,7,0,7,2,9,6,8,0,3,0,0,7,2,2,8,2,4,7,0,2,6,9,2,0,9,7,9,7,4,7,8,9,2,3,5,9,2,6,4,6,6,5,4,7,8,0,10,0,6,7
2,8,11,6,7,2,9,9,3,4,2,3,7,6,2,11,9,3,5,10,3,3,10,6,5,5,10,6,7,9,8,5,7,2,9,5,11,9,2,3,4,7,8,9,6,3,2,0,8,7,2,6,9,9,7,10,10,5,4,9,3,4,8,5,6,5,7,0,7,8,11,2,6,5,8,2,7,10,7,6,9,11,2,6,9,7,3,8,9,7,6,10,7,7,3,6,0,7,10,3,8,2,8,3,10,7,9,2,4,2,2,8,3,3,9,3,5,8,2,3,7,10,3,2,10,8,10,8,5,8,9,10,3,4,6,10,3,7,5,7,7,6,5,8,9,2,11,2,7,8
3,9,0,7,8,3,10,10,4,5,3,4,8,7,3,0,10,4,6,11,4,4,11,7,6,6,11,7,8,10,9,6,8,3,10,6,0,10,3,4,5,8,9,10,7,4,3,2,9,8,3,7,10,10,8,11,11,6,5,10,4,5,9,6,7,6,8,2,8,9,0,3,7,6,9,3,8,11,8,7,10,0,3,7,10,8,4,9,10,8,7,11,8,8,4,7,2,8,11,4,9,3,9,4,11,8,10,3,5,3,3,9,4,4,10,4,6,9,3,4,8,11,4,3,11,9,11,9,6,9,10,11,4,5,7,11,4,8,6,8,8,7,6,9,10,3,0,3,8,9
4,10,2,8,9,4,11,11,5,6,4,5,9,8,4,2,11,5,7,0,5,5,0,8,7,7,0,8,9,11,10,7,9,4,11,7,2,11,4,5,6,9,10,11,8,5,4,3,10,9,4,8,11,11,9,0,0,7,6,11,5,6,10,7,8,7,9,3,9,10,2,4,8,7,10,4,9,0,9,8,11,2,4,8,11,9,5,10,11,9,8,0,9,9,5,8,3,9,0,5,10,4,10,5,0,9,11,4,6,4,4,10,5,5,11,5,7,10,4,5,9,0,5,4,0,10,0,10,7,10,11,0,5,6,8,0,5,9,7,9,9,8,7,10,11,4,2,4,9,10
5,11,3,9,10,5,0,0,6,7,5,6,10,9,5,3,0,6,8,2,6,6,2,9,8,8,2,9,10,0,11,8,10,5,0,8,3,0,5,6,7,10,11,0,9,6,5,4,11,10,5,9,0,0,10,2,2,8,7,0,6,7,11,8,9,8,10,4,10,11,3,5,9,8,11,5,10,2,10,9,0,3,5,9,0,10,6,11,0,10,9,2,10,10,6,9,4,10,2,6,11,5,11,6,2,10,0,5,7,5,5,11,6,6,0,6,8,11,5,6,10,2,6,5,2,11,2,11,8,11,0,2,6,7,9,2,6,10,8,10,10,9,8,11,0,5,3,5,10,11
6,0,4,10,11,6,2,2,7,8,6,7,11,10,6,4,2,7,9,3,7,7,3,10,9,9,3,10,11,2,0,9,11,6,2,9,4,2,6,7,8,11,0,2,10,7,6,5,0,11,6,10,2,2,11,3,3,9,8,2,7,8,0,9,10,9,11,5,11,0,4,6,10,9,0,6,11,3,11,10,2,4,6,10,2,11,7,0,2,11,10,3,11,11,7,10,5,11,3,7,0,6,0,7,3,11,2,6,8,6,6,0,7,7,2,7,9,0,6,7,11,3,7,6,3,0,3,0,9,0,2,3,7,8,10,3,7,11,9,11,11,10,9,0,2,6,4,6,11,0
7,2,5,11,0,7,3,3,8,9,7,8,0,11,7,5,3,8,10,4,8,8,4,11,10,10,4,11,0,3,2,10,0,7,3,10,5,3,7,8,9,0,2,3,11,8,7,6,2,0,7,11,3,3,0,4,4,10,9,3,8,9,2,10,11,10,0,6,0,2,5,7,11,10,2,7,0,4,0,11,3,5,7,11,3,0,8,2,3,0,11,4,0,0,8,11,6,0,4,8,2,7,2,8,4,0,3,7,9,7,7,2,8,8,3,8,10,2,7,8,0,4,8,7,4,2,4,2,10,2,3,4,8,9,11,4,8,0,10,0,0,11,10,2,3,7,5,7,0,2
8,3,6,0,2,8,4,4,9,10,8,9,2,0,8,6,4,9,11,5,9,9,5,0,11,11,5,0,2,4,3,11,2,8,4,11,6,4,8,9,10,2,3,4,0,9,8,7,3,2,8,0,4,4,2,5,5,11,10,4,9,10,3,11,0,11,2,7,2,3,6,8,0,11,3,8,2,5,2,0,4,6,8,0,4,2,9,3,4,2,0,5,2,2,9,0,7,2,5,9,3,8,3,9,5,2,4,8,10,8,8,3,9,9,4,9,11,3,8,9,2,5,9,8,5,3,5,3,11,3,4,5,9,10,0,5,9,2,11,2,2,0,11,3,4,8,6,8,2,3
9,4,7,2,3,9,5,5,10,11,9,10,3,2,9,7,5,10,0,6,10,10,6,2,0,0,6,2,3,5,4,0,3,9,5,0,7,5,9,10,11,3,4,5,2,10,9,8,4,3,9,2,5,5,3,6,6,0,11,5,10,11,4,0,2,0,3,8,3,4,7,9,2,0,4,9,3,6,3,2,5,7,9,2,5,3,10,4,5,3,2,6,3,3,10,2,8,3,6,10,4,9,4,10,6,3,5,9,11,9,9,4,10,10,5,10,0,4,9,10,3,6,10,9,6,4,6,4,0,4,5,6,10,11,2,6,10,3,0,3,3,2,0,4,5,9,7,9,3,4
10,5,8,3,4,10,6,6,11,0,10,11,4,3,10,8,6,11,2,7,11,11,7,3,2,2,7,3,4,6,5,2,4,10,6,2,8,6,10,11,0,4,5,6,3,11,10,9,5,4,10,3,6,6,4,7,7,2,0,6,11,0,5,2,3,2,4,9,4,5,8,10,3,2,5,10,4,7,4,3,6,8,10,3,6,4,11,5,6,4,3,7,4,4,11,3,9,4,7,11,5,10,5,11,7,4,6,10,0,10,10,5,11,11,6,11,2,5,10,11,4,7,11,10,7,5,7,5,2,5,6,7,11,0,3,7,11,4,2,4,4,3,2,5,6,10,8,10,4,5
11,6,9,4,5,11,7,7,0,2,11,0,5,4,11,9,7,0,3,8,0,0,8,4,3,3,8,4,5,7,6,3,5,11,7,3,9,7,11,0,2,5,6,7,4,0,11,10,6,5,11,4,7,7,5,8,8,3,2,7,0,2,6,3,4,3,5,10,5,6,9,11,4,3,6,11,5,8,5,4,7,9,11,4,7,5,0,6,7,5,4,8,5,5,0,4,10,5,8,0,6,11,6,0,8,5,7,11,2,11,11,6,0,0,7,0,3,6,11,0,5,8,0,11,8,6,8,6,3,6,7,8,0,2,4,8,0,5,3,5,5,4,3,6,7,11,9,11,5,6
0,7,10,5,6,0,8,8,2,3,0,2,6,5,0,10,8,2,4,9,2,2,9,5,4,4,9,5,6,8,7,4,6,0,8,4,10,8,0,2,3,6,7,8,5,2,0,11,7,6,0,5,8,8,6,9,9,4,3,8,2,3,7,4,5,4,6,11,6,7,10,0,5,4,7,0,6,9,6,5,8,10,0,5,8,6,2,7,8,6,5,9,6,6,2,5,11,6,9,2,7,0,7,2,9,6,8,0,3,0,0,7,2,2,8,2,4,7,0,2,6,9,2,0,9,7,9,7,4,7,8,9,2,3,5,9,2,6,4,6,6,5,4,7,8,0,10,0,6,7
2,8,11,6,7,2,9,9,3,4,2,3,7,6,2,11,9,3,5,10,3,3,10,6,5,5,10,6,7,9,8,5,7,2,9,5,11,9,2,3,4,7,8,9,6,3,2,0,8,7,2,6,9,9,7,10,10,5,4,9,3,4,8,5,6,5,7,0,7,8,11,2,6,5,8,2,7,10,7,6,9,11,2,6,9,7,3,8,9,7,6,10,7,7,3,6,0,7,10,3,8,2,8,3,10,7,9,2,4,2,2,8,3,3,9,3,5,8,2,3,7,10,3,2,10,8,10,8,5,8,9,10,3,4,6,10,3,7,5,7,7,6,5,8,9,2,11,2,7,8
3,9,0,7,8,3,10,10,4,5,3,4,8,7,3,0,10,4,6,11,4,4,11,7,6,6,11,7,8,10,9,6,8,3,10,6,0,10,3,4,5,8,9,10,7,4,3,2,9,8,3,7,10,10,8,11,11,6,5,10,4,5,9,6,7,6,8,2,8,9,0,3,7,6,9,3,8,11,8,7,10,0,3,7,10,8,4,9,10,8,7,11,8,8,4,7,2,8,11,4,9,3,9,4,11,8,10,3,5,3,3,9,4,4,10,4,6,9,3,4,8,11,4,3,11,9,11,9,6,9,10,11,4,5,7,11,4,8,6,8,8,7,6,9,10,3,0,3,8,9
4,10,2,8,9,4,11,11,5,6,4,5,9,8,4,2,11,5,7,0,5,5,0,8,7,7,0,8,9,11,10,7,9,4,11,7,2,11,4,5,6,9,10,11,8,5,4,3,10,9,4,8,11,11,9,0,0,7,6,11,5,6,10,7,8,7,9,3,9,10,2,4,8,7,10,4,9,0,9,8,11,2,4,8,11,9,5,10,11,9,8,0,9,9,5,8,3,9,0,5,10,4,10,5,0,9,11,4,6,4,4,10,5,5,11,5,7,10,4,5,9,0,5,4,0,10,0,10,7,10,11,0,5,6,8,0,5,9,7,9,9,8,7,10,11,4,2,4,9,10
5,11,3,9,10,5,0,0,6,7,5,6,10,9,5,3,0,6,8,2,6,6,2,9,8,8,2,9,10,0,11,8,10,5,0,8,3,0,5,6,7,10,11,0,9,6,5,4,11,10,5,9,0,0,10,2,2,8,7,0,6,7,11,8,9,8,10,4,10,11,3,5,9,8,11,5,10,2,10,9,0,3,5,9,0,10,6,11,0,10,9,2,10,10,6,9,4,10,2,6,11,5,11,6,2,10,0,5,7,5,5,11,6,6,0,6,8,11,5,6,10,2,6,5,2,11,2,11,8,11,0,2,6,7,9,2,6,10,8,10,10,9,8,11,0,5,3,5,10,11
6,0,4,10,11,6,2,2,7,8,6,7,11,10,6,4,2,7,9,3,7,7,3,10,9,9,3,10,11,2,0,9,11,6,2,9,4,2,6,7,8,11,0,2,10,7,6,5,0,11,6,10,2,2,11,3,3,9,8,2,7,8,0,9,10,9,11,5,11,0,4,6,10,9,0,6,11,3,11,10,2,4,6,10,2,11,7,0,2,11,10,3,11,11,7,10,5,11,3,7,0,6,0,7,3,11,2,6,8,6,6,0,7,7,2,7,9,0,6,7,11,3,7,6,3,0,3,0,9,0,2,3,7,8,10,3,7,11,9,11,11,10,9,0,2,6,4,6,11,0
7,2,5,11,0,7,3,3,8,9,7,8,0,11,7,5,3,8,10,4,8,8,4,11,10,10,4,11,0,3,2,10,0,7,3,10,5,3,7,8,9,0,2,3,11,8,7,6,2,0,7,11,3,3,0,4,4,10,9,3,8,9,2,10,11,10,0,6,0,2,5,7,11,10,2,7,0,4,0,11,3,5,7,11,3,0,8,2,3,0,11,4,0,0,8,11,6,0,4,8,2,7,2,8,4,0,3,7,9,7,7,2,8,8,3,8,10,2,7,8,0,4,8,7,4,2,4,2,10,2,3,4,8,9,11,4,8,0,10,0,0,11,10,2,3,7,5,7,0,2
8,3,6,0,2,8,4,4,9,10,8,9,2,0,8,6,4,9,11,5,9,9,5,0,11,11,5,0,2,4,3,11,2,8,4,11,6,4,8,9,10,2,3,4,0,9,8,7,3,2,8,0,4,4,2,5,5,11,10,4,9,10,3,11,0,11,2,7,2,3,6,8,0,11,3,8,2,5,2,0,4,6,8,0,4,2,9,3,4,2,0,5,2,2,9,0,7,2,5,9,3,8,3,9,5,2,4,8,10,8,8,3,9,9,4,9,11,3,8,9,2,5,9,8,5,3,5,3,11,3,4,5,9,10,0,5,9,2,11,2,2,0,11,3,4,8,6,8,2,3
9,4,7,2,3,9,5,5,10,11,9,10,3,2,9,7,5,10,0,6,10,10,6,2,0,0,6,2,3,5,4,0,3,9,5,0,7,5,9,10,11,3,4,5,2,10,9,8,4,3,9,2,5,5,3,6,6,0,11,5,10,11,4,0,2,0,3,8,3,4,7,9,2,0,4,9,3,6,3,2,5,7,9,2,5,3,10,4,5,3,2,6,3,3,10,2,8,3,6,10,4,9,4,10,6,3,5,9,11,9,9,4,10,10,5,10,0,4,9,10,3,6,10,9,6,4,6,4,0,4,5,6,10,11,2,6,10,3,0,3,3,2,0,4,5,9,7,9,3,4
10,5,8,3,4,10,6,6,11,0,10,11,4,3,10,8,6,11,2,7,11,11,7,3,2,2,7,3,4,6,5,2,4,10,6,2,8,6,10,11,0,4,5,6,3,11,10,9,5,4,10,3,6,6,4,7,7,2,0,6,11,0,5,2,3,2,4,9,4,5,8,10,3,2,5,10,4,7,4,3,6,8,10,3,6,4,11,5,6,4,3,7,4,4,11,3,9,4,7,11,5,10,5,11,7,4,6,10,0,10,10,5,11,11,6,11,2,5,10,11,4,7,11,10,7,5,7,5,2,5,6,7,11,0,3,7,11,4,2,4,4,3,2,5,6,10,8,10,4,5
11,6,9,4,5,11,7,7,0,2,11,0,5,4,11,9,7,0,3,8,0,0,8,4,3,3,8,4,5,7,6,3,5,11,7,3,9,7,11,0,2,5,6,7,4,0,11,10,6,5,11,4,7,7,5,8,8,3,2,7,0,2,6,3,4,3,5,10,5,6,9,11,4,3,6,11,5,8,5,4,7,9,11,4,7,5,0,6,7,5,4,8,5,5,0,4,10,5,8,0,6,11,6,0,8,5,7,11,2,11,11,6,0,0,7,0,3,6,11,0,5,8,0,11,8,6,8,6,3,6,7,8,0,2,4,8,0,5,3,5,5,4,3,6,7,11,9,11,5,6
0,7,10,5,6,0,8,8,2,3,0,2,6,5,0,10,8,2,4,9,2,2,9,5,4,4,9,5,6,8,7,4,6,0,8,4,10,8,0,2,3,6,7,8,5,2,0,11,7,6,0,5,8,8,6,9,9,4,3,8,2,3,7,4,5,4,6,11,6,7,10,0,5,4,7,0,6,9,6,5,8,10,0,5,8,6,2,7,8,6,5,9,6,6,2,5,11,6,9,2,7,0,7,2,9,6,8,0,3,0,0,7,2,2,8,2,4,7,0,2,6,9,2,0,9,7,9,7,4,7,8,9,2,3,5,9,2,6,4,6,6,5,4,7,8,0,10,0,6,7
2,8,11,6,7,2,9,9,3,4,2,3,7,6,2,11,9,3,5,10,3,3,10,6,5,5,10,6,7,9,8,5,7,2,9,5,11,9,2,3,4,7,8,9,6,3,2,0,8,7,2,6,9,9,7,10,10,5,4,9,3,4,8,5,6,5,7,0,7,8,11,2,6,5,8,2,7,10,7,6,9,11,2,6,9,7,3,8,9,7,6,10,7,7,3,6,0,7,10,3,8,2,8,3,10,7,9,2,4,2,2,8,3,3,9,3,5,8,2,3,7,10,3,2,10,8,10,8,5,8,9,10,3,4,6,10,3,7,5,7,7,6,5,8,9,2,11,2,7,8
3,9,0,7,8,3,10,10,4,5,3,4,8,7,3,0,10,4,6,11,4,4,11,7,6,6,11,7,8,10,9,6,8,3,10,6,0,10,3,4,5,8,9,10,7,4,3,2,9,8,3,7,10,10,8,11,11,6,5,10,4,5,9,6,7,6,8,2,8,9,0,3,7,6,9,3,8,11,8,7,10,0,3,7,10,8,4,9,10,8,7,11,8,8,4,7,2,8,11,4,9,3,9,4,11,8,10,3,5,3,3,9,4,4,10,4,6,9,3,4,8,11,4,3,11,9,11,9,6,9,10,11,4,5,7,11,4,8,6,8,8,7,6,9,10,3,0,3,8,9
4,10,2,8,9,4,11,11,5,6,4,5,9,8,4,2,11,5,7,0,5,5,0,8,7,7,0,8,9,11,10,7,9,4,11,7,2,11,4,5,6,9,10,11,8,5,4,3,10,9,4,8,11,11,9,0,0,7,6,11,5,6,10,7,8,7,9,3,9,10,2,4,8,7,10,4,9,0,9,8,11,2,4,8,11,9,5,10,11,9,8,0,9,9,5,8,3,9,0,5,10,4,10,5,0,9,11,4,6,4,4,10,5,5,11,5,7,10,4,5,9,0,5,4,0,10,0,10,7,10,11,0,5,6,8,0,5,9,7,9,9,8,7,10,11,4,2,4,9,10
5,11,3,9,10,5,0,0,6,7,5,6,10,9,5,3,0,6,8,2,6,6,2,9,8,8,2,9,10,0,11,8,10,5,0,8,3,0,5,6,7,10,11,0,9,6,5,4,11,10,5,9,0,0,10,2,2,8,7,0,6,7,11,8,9,8,10,4,10,11,3,5,9,8,11,5,10,2,10,9,0,3,5,9,0,10,6,11,0,10,9,2,10,10,6,9,4,10,2,6,11,5,11,6,2,10,0,5,7,5,5,11,6,6,0,6,8,11,5,6,10,2,6,5,2,11,2,11,8,11,0,2,6,7,9,2,6,10,8,10,10,9,8,11,0,5,3,5,10,11
6,0,4,10,11,6,2,2,7,8,6,7,11,10,6,4,2,7,9,3,7,7,3,10,9,9,3,10,11,2,0,9,11,6,2,9,4,2,6,7,8,11,0,2,10,7,6,5,0,11,6,10,2,2,11,3,3,9,8,2,7,8,0,9,10,9,11,5,11,0,4,6,10,9,0,6,11,3,11,10,2,4,6,10,2,11,7,0,2,11,10,3,11,11,7,10,5,11,3,7,0,6,0,7,3,11,2,6,8,6,6,0,7,7,2,7,9,0,6,7,11,3,7,6,3,0,3,0,9,0,2,3,7,8,10,3,7,11,9,11,11,10,9,0,2,6,4,6,11,0
7,2,5,11,0,7,3,3,8,9,7,8,0,11,7,5,3,8,10,4,8,8,4,11,10,10,4,11,0,3,2,10,0,7,3,10,5,3,7,8,9,0,2,3,11,8,7,6,2,0,7,11,3,3,0,4,4,10,9,3,8,9,2,10,11,10,0,6,0,2,5,7,11,10,2,7,0,4,0,11,3,5,7,11,3,0,8,2,3,0,11,4,0,0,8,11,6,0,4,8,2,7,2,8,4,0,3,7,9,7,7,2,8,8,3,8,10,2,7,8,0,4,8,7,4,2,4,2,10,2,3,4,8,9,11,4,8,0,10,0,0,11,10,2,3,7,5,7,0,2
8,3,6,0,2,8,4,4,9,10,8,9,2,0,8,6,4,9,11,5,9,9,5,0,11,11,5,0,2,4,3,11,2,8,4,11,6,4,8,9,10,2,3,4,0,9,8,7,3,2,8,0,4,4,2,5,5,11,10,4,9,10,3,11,0,11,2,7,2,3,6,8,0,11,3,8,2,5,2,0,4,6,8,0,4,2,9,3,4,2,0,5,2,2,9,0,7,2,5,9,3,8,3,9,5,2,4,8,10,8,8,3,9,9,4,9,11,3,8,9,2,5,9,8,5,3,5,3,11,3,4,5,9,10,0,5,9,2,11,2,2,0,11,3,4,8,6,8,2,3
9,4,7,2,3,9,5,5,10,11,9,10,3,2,9,7,5,10,0,6,10,10,6,2,0,0,6,2,3,5,4,0,3,9,5,0,7,5,9,10,11,3,4,5,2,10,9,8,4,3,9,2,5,5,3,6,6,0,11,5,10,11,4,0,2,0,3,8,3,4,7,9,2,0,4,9,3,6,3,2,5,7,9,2,5,3,10,4,5,3,2,6,3,3,10,2,8,3,6,10,4,9,4,10,6,3,5,9,11,9,9,4,10,10,5,10,0,4,9,10,3,6,10,9,6,4,6,4,0,4,5,6,10,11,2,6,10,3,0,3,3,2,0,4,5,9,7,9,3,4
10,5,8,3,4,10,6,6,11,0,10,11,4,3,10,8,6,11,2,7,11,11,7,3,2,2,7,3,4,6,5,2,4,10,6,2,8,6,10,11,0,4,5,6,3,11,10,9,5,4,10,3,6,6,4,7,7,2,0,6,11,0,5,2,3,2,4,9,4,5,8,10,3,2,5,10,4,7,4,3,6,8,10,3,6,4,11,5,6,4,3,7,4,4,11,3,9,4,7,11,5,10,5,11,7,4,6,10,0,10,10,5,11,11,6,11,2,5,10,11,4,7,11,10,7,5,7,5,2,5,6,7,11,0,3,7,11,4,2,4,4,3,2,5,6,10,8,10,4,5
11,6,9,4,5,11,7,7,0,2,11,0,5,4,11,9,7,0,3,8,0,0,8,4,3,3,8,4,5,7,6,3,5,11,7,3,9,7,11,0,2,5,6,7,4,0,11,10,6,5,11,4,7,7,5,8,8,3,2,7,0,2,6,3,4,3,5,10,5,6,9,11,4,3,6,11,5,8,5,4,7,9,11,4,7,5,0,6,7,5,4,8,5,5,0,4,10,5,8,0,6,11,6,0,8,5,7,11,2,11,11,6,0,0,7,0,3,6,11,0,5,8,0,11,8,6,8,6,3,6,7,8,0,2,4,8,0,5,3,5,5,4,3,6,7,11,9,11,5,6
0,7,10,5,6,0,8,8,2,3,0,2,6,5,0,10,8,2,4,9,2,2,9,5,4,4,9,5,6,8,7,4,6,0,8,4,10,8,0,2,3,6,7,8,5,2,0,11,7,6,0,5,8,8,6,9,9,4,3,8,2,3,7,4,5,4,6,11,6,7,10,0,5,4,7,0,6,9,6,5,8,10,0,5,8,6,2,7,8,6,5,9,6,6,2,5,11,6,9,2,7,0,7,2,9,6,8,0,3,0,0,7,2,2,8,2,4,7,0,2,6,9,2,0,9,7,9,7,4,7,8,9,2,3,5,9,2,6,4,6,6,5,4,7,8,0,10,0,6,7
2,8,11,6,7,2,9,9,3,4,2,3,7,6,2,11,9,3,5,10,3,3,10,6,5,5,10,6,7,9,8,5,7,2,9,5,11,9,2,3,4,7,8,9,6,3,2,0,8,7,2,6,9,9,7,10,10,5,4,9,3,4,8,5,6,5,7,0,7,8,11,2,6,5,8,2,7,10,7,6,9,11,2,6,9,7,3,8,9,7,6,10,7,7,3,6,0,7,10,3,8,2,8,3,10,7,9,2,4,2,2,8,3,3,9,3,5,8,2,3,7,10,3,2,10,8,10,8,5,8,9,10,3,4,6,10,3,7,5,7,7,6,5,8,9,2,11,2,7,8
3,9,0,7,8,3,10,10,4,5,3,4,8,7,3,0,10,4,6,11,4,4,11,7,6,6,11,7,8,10,9,6,8,3,10,6,0,10,3,4,5,8,9,10,7,4,3,2,9,8,3,7,10,10,8,11,11,6,5,10,4,5,9,6,7,6,8,2,8,9,0,3,7,6,9,3,8,11,8,7,10,0,3,7,10,8,4,9,10,8,7,11,8,8,4,7,2,8,11,4,9,3,9,4,11,8,10,3,5,3,3,9,4,4,10,4,6,9,3,4,8,11,4,3,11,9,11,9,6,9,10,11,4,5,7,11,4,8,6,8,8,7,6,9,10,3,0,3,8,9
4,10,2,8,9,4,11,11,5,6,4,5,9,8,4,2,11,5,7,0,5,5,0,8,7,7,0,8,9,11,10,7,9,4,11,7,2,11,4,5,6,9,10,11,8,5,4,3,10,9,4,8,11,11,9,0,0,7,6,11,5,6,10,7,8,7,9,3,9,10,2,4,8,7,10,4,9,0,9,8,11,2,4,8,11,9,5,10,11,9,8,0,9,9,5,8,3,9,0,5,10,4,10,5,0,9,11,4,6,4,4,10,5,5,11,5,7,10,4,5,9,0,5,4,0,10,0,10,7,10,11,0,5,6,8,0,5,9,7,9,9,8,7,10,11,4,2,4,9,10
5,11,3,9,10,5,0,0,6,7,5,6,10,9,5,3,0,6,8,2,6,6,2,9,8,8,2,9,10,0,11,8,10,5,0,8,3,0,5,6,7,10,11,0,9,6,5,4,11,10,5,9,0,0,10,2,2,8,7,0,6,7,11,8,9,8,10,4,10,11,3,5,9,8,11,5,10,2,10,9,0,3,5,9,0,10,6,11,0,10,9,2,10,10,6,9,4,10,2,6,11,5,11,6,2,10,0,5,7,5,5,11,6,6,0,6,8,11,5,6,10,2,6,5,2,11,2,11,8,11,0,2,6,7,9,2,6,10,8,10,10,9,8,11,0,5,3,5,10,11
6,0,4,10,11,6,2,2,7,8,6,7,11,10,6,4,2,7,9,3,7,7,3,10,9,9,3,10,11,2,0,9,11,6,2,9,4,2,6,7,8,11,0,2,10,7,6,5,0,11,6,10,2,2,11,3,3,9,8,2,7,8,0,9,10,9,11,5,11,0,4,6,10,9,0,6,11,3,11,10,2,4,6,10,2,11,7,0,2,11,10,3,11,11,7,10,5,11,3,7,0,6,0,7,3,11,2,6,8,6,6,0,7,7,2,7,9,0,6,7,11,3,7,6,3,0,3,0,9,0,2,3,7,8,10,3,7,11,9,11,11,10,9,0,2,6,4,6,11,0
7,2,5,11,0,7,3,3,8,9,7,8,0,11,7,5,3,8,10,4,8,8,4,11,10,10,4,11,0,3,2,10,0,7,3,10,5,3,7,8,9,0,2,3,11,8,7,6,2,0,7,11,3,3,0,4,4,10,9,3,8,9,2,10,11,10,0,6,0,2,5,7,11,10,2,7,0,4,0,11,3,5,7,11,3,0,8,2,3,0,11,4,0,0,8,11,6,0,4,8,2,7,2,8,4,0,3,7,9,7,7,2,8,8,3,8,10,2,7,8,0,4,8,7,4,2,4,2,10,2,3,4,8,9,11,4,8,0,10,0,0,11,10,2,3,7,5,7,0,2
8,3,6,0,2,8,4,4,9,10,8,9,2,0,8,6,4,9,11,5,9,9,5,0,11,11,5,0,2,4,3,11,2,8,4,11,6,4,8,9,10,2,3,4,0,9,8,7,3,2,8,0,4,4,2,5,5,11,10,4,9,10,3,11,0,11,2,7,2,3,6,8,0,11,3,8,2,5,2,0,4,6,8,0,4,2,9,3,4,2,0,5,2,2,9,0,7,2,5,9,3,8,3,9,5,2,4,8,10,8,8,3,9,9,4,9,11,3,8,9,2,5,9,8,5,3,5,3,11,3,4,5,9,10,0,5,9,2,11,2,2,0,11,3,4,8,6,8,2,3
9,4,7,2,3,9,5,5,10,11,9,10,3,2,9,7,5,10,0,6,10,10,6,2,0,0,6,2,3,5,4,0,3,9,5,0,7,5,9,10,11,3,4,5,2,10,9,8,4,3,9,2,5,5,3,6,6,0,11,5,10,11,4,0,2,0,3,8,3,4,7,9,2,0,4,9,3,6,3,2,5,7,9,2,5,3,10,4,5,3,2,6,3,3,10,2,8,3,6,10,4,9,4,10,6,3,5,9,11,9,9,4,10,10,5,10,0,4,9,10,3,6,10,9,6,4,6,4,0,4,5,6,10,11,2,6,10,3,0,3,3,2,0,4,5,9,7,9,3,4
10,5,8,3,4,10,6,6,11,0,10,11,4,3,10,8,6,11,2,7,11,11,7,3,2,2,7,3,4,6,5,2,4,10,6,2,8,6,10,11,0,4,5,6,3,11,10,9,5,4,10,3,6,6,4,7,7,2,0,6,11,0,5,2,3,2,4,9,4,5,8,10,3,2,5,10,4,7,4,3,6,8,10,3,6,4,11,5,6,4,3,7,4,4,11,3,9,4,7,11,5,10,5,11,7,4,6,10,0,10,10,5,11,11,6,11,2,5,10,11,4,7,11,10,7,5,7,5,2,5,6,7,11,0,3,7,11,4,2,4,4,3,2,5,6,10,8,10,4,5
11,6,9,4,5,11,7,7,0,2,11,0,5,4,11,9,7,0,3,8,0,0,8,4,3,3,8,4,5,7,6,3,5,11,7,3,9,7,11,0,2,5,6,7,4,0,11,10,6,5,11,4,7,7,5,8,8,3,2,7,0,2,6,3,4,3,5,10,5,6,9,11,4,3,6,11,5,8,5,4,7,9,11,4,7,5,0,6,7,5,4,8,5,5,0,4,10,5,8,0,6,11,6,0,8,5,7,11,2,11,11,6,0,0,7,0,3,6,11,0,5,8,0,11,8,6,8,6,3,6,7,8,0,2,4,8,0,5,3,5,5,4,3,6,7,11,9,11,5,6
0,7,10,5,6,0,8,8,2,3,0,2,6,5,0,10,8,2,4,9,2,2,9,5,4,4,9,5,6,8,7,4,6,0,8,4,10,8,0,2,3,6,7,8,5,2,0,11,7,6,0,5,8,8,6,9,9,4,3,8,2,3,7,4,5,4,6,11,6,7,10,0,5,4,7,0,6,9,6,5,8,10,0,5,8,6,2,7,8,6,5,9,6,6,2,5,11,6,9,2,7,0,7,2,9,6,8,0,3,0,0,7,2,2,8,2,4,7,0,2,6,9,2,0,9,7,9,7,4,7,8,9,2,3,5,9,2,6,4,6,6,5,4,7,8,0,10,0,6,7
2,8,11,6,7,2,9,9,3,4,2,3,7,6,2,11,9,3,5,10,3,3,10,6,5,5,10,6,7,9,8,5,7,2,9,5,11,9,2,3,4,7,8,9,6,3,2,0,8,7,2,6,9,9,7,10,10,5,4,9,3,4,8,5,6,5,7,0,7,8,11,2,6,5,8,2,7,10,7,6,9,11,2,6,9,7,3,8,9,7,6,10,7,7,3,6,0,7,10,3,8,2,8,3,10,7,9,2,4,2,2,8,3,3,9,3,5,8,2,3,7,10,3,2,10,8,10,8,5,8,9,10,3,4,6,10,3,7,5,7,7,6,5,8,9,2,11,2,7,8
3,9,0,7,8,3,10,10,4,5,3,4,8,7,3,0,10,4,6,11,4,4,11,7,6,6,11,7,8,10,9,6,8,3,10,6,0,10,3,4,5,8,9,10,7,4,3,2,9,8,3,7,10,10,8,11,11,6,5,10,4,5,9,6,7,6,8,2,8,9,0,3,7,6,9,3,8,11,8,7,10,0,3,7,10,8,4,9,10,8,7,11,8,8,4,7,2,8,11,4,9,3,9,4,11,8,10,3,5,3,3,9,4,4,10,4,6,9,3,4,8,11,4,3,11,9,11,9,6,9,10,11,4,5,7,11,4,8,6,8,8,7,6,9,10,3,0,3,8,9
4,10,2,8,9,4,11,11,5,6,4,5,9,8,4,2,11,5,7,0,5,5,0,8,7,7,0,8,9,11,10,7,9,4,11,7,2,11,4,5,6,9,10,11,8,5,4,3,10,9,4,8,11,11,9,0,0,7,6,11,5,6,10,7,8,7,9,3,9,10,2,4,8,7,10,4,9,0,9,8,11,2,4,8,11,9,5,10,11,9,8,0,9,9,5,8,3,9,0,5,10,4,10,5,0,9,11,4,6,4,4,10,5,5,11,5,7,10,4,5,9,0,5,4,0,10,0,10,7,10,11,0,5,6,8,0,5,9,7,9,9,8,7,10,11,4,2,4,9,10
5,11,3,9,10,5,0,0,6,7,5,6,10,9,5,3,0,6,8,2,6,6,2,9,8,8,2,9,10,0,11,8,10,5,0,8,3,0,5,6,7,10,11,0,9,6,5,4,11,10,5,9,0,0,10,2,2,8,7,0,6,7,11,8,9,8,10,4,10,11,3,5,9,8,11,5,10,2,10,9,0,3,5,9,0,10,6,11,0,10,9,2,10,10,6,9,4,10,2,6,11,5,11,6,2,10,0,5,7,5,5,11,6,6,0,6,8,11,5,6,10,2,6,5,2,11,2,11,8,11,0,2,6,7,9,2,6,10,8,10,10,9,8,11,0,5,3,5,10,11
6,0,4,10,11,6,2,2,7,8,6,7,11,10,6,4,2,7,9,3,7,7,3,10,9,9,3,10,11,2,0,9,11,6,2,9,4,2,6,7,8,11,0,2,10,7,6,5,0,11,6,10,2,2,11,3,3,9,8,2,7,8,0,9,10,9,11,5,11,0,4,6,10,9,0,6,11,3,11,10,2,4,6,10,2,11,7,0,2,11,10,3,11,11,7,10,5,11,3,7,0,6,0,7,3,11,2,6,8,6,6,0,7,7,2,7,9,0,6,7,11,3,7,6,3,0,3,0,9,0,2,3,7,8,10,3,7,11,9,11,11,10,9,0,2,6,4,6,11,0
7,2,5,11,0,7,3,3,8,9,7,8,0,11,7,5,3,8,10,4,8,8,4,11,10,10,4,11,0,3,2,10,0,7,3,10,5,3,7,8,9,0,2,3,11,8,7,6,2,0,7,11,3,3,0,4,4,10,9,3,8,9,2,10,11,10,0,6,0,2,5,7,11,10,2,7,0,4,0,11,3,5,7,11,3,0,8,2,3,0,11,4,0,0,8,11,6,0,4,8,2,7,2,8,4,0,3,7,9,7,7,2,8,8,3,8,10,2,7,8,0,4,8,7,4,2,4,2,10,2,3,4,8,9,11,4,8,0,10,0,0,11,10,2,3,7,5,7,0,2
8,3,6,0,2,8,4,4,9,10,8,9,2,0,8,6,4,9,11,5,9,9,5,0,11,11,5,0,2,4,3,11,2,8,4,11,6,4,8,9,10,2,3,4,0,9,8,7,3,2,8,0,4,4,2,5,5,11,10,4,9,10,3,11,0,11,2,7,2,3,6,8,0,11,3,8,2,5,2,0,4,6,8,0,4,2,9,3,4,2,0,5,2,2,9,0,7,2,5,9,3,8,3,9,5,2,4,8,10,8,8,3,9,9,4,9,11,3,8,9,2,5,9,8,5,3,5,3,11,3,4,5,9,10,0,5,9,2,11,2,2,0,11,3,4,8,6,8,2,3
9,4,7,2,3,9,5,5,10,11,9,10,3,2,9,7,5,10,0,6,10,10,6,2,0,0,6,2,3,5,4,0,3,9,5,0,7,5,9,10,11,3,4,5,2,10,9,8,4,3,9,2,5,5,3,6,6,0,11,5,10,11,4,0,2,0,3,8,3,4,7,9,2,0,4,9,3,6,3,2,5,7,9,2,5,3,10,4,5,3,2,6,3,3,10,2,8,3,6,10,4,9,4,10,6,3,5,9,11,9,9,4,10,10,5,10,0,4,9,10,3,6,10,9,6,4,6,4,0,4,5,6,10,11,2,6,10,3,0,3,3,2,0,4,5,9,7,9,3,4
10,5,8,3,4,10,6,6,11,0,10,11,4,3,10,8,6,11,2,7,11,11,7,3,2,2,7,3,4,6,5,2,4,10,6,2,8,6,10,11,0,4,5,6,3,11,10,9,5,4,10,3,6,6,4,7,7,2,0,6,11,0,5,2,3,2,4,9,4,5,8,10,3,2,5,10,4,7,4,3,6,8,10,3,6,4,11,5,6,4,3,7,4,4,11,3,9,4,7,11,5,10,5,11,7,4,6,10,0,10,10,5,11,11,6,11,2,5,10,11,4,7,11,10,7,5,7,5,2,5,6,7,11,0,3,7,11,4,2,4,4,3,2,5,6,10,8,10,4,5
11,6,9,4,5,11,7,7,0,2,11,0,5,4,11,9,7,0,3,8,0,0,8,4,3,3,8,4,5,7,6,3,5,11,7,3,9,7,11,0,2,5,6,7,4,0,11,10,6,5,11,4,7,7,5,8,8,3,2,7,0,2,6,3,4,3,5,10,5,6,9,11,4,3,6,11,5,8,5,4,7,9,11,4,7,5,0,6,7,5,4,8,5,5,0,4,10,5,8,0,6,11,6,0,8,5,7,11,2,11,11,6,0,0,7,0,3,6,11,0,5,8,0,11,8,6,8,6,3,6,7,8,0,2,4,8,0,5,3,5,5,4,3,6,7,11,9,11,5,6
0,7,10,5,6,0,8,8,2,3,0,2,6,5,0,10,8,2,4,9,2,2,9,5,4,4,9,5,6,8,7,4,6,0,8,4,10,8,0,2,3,6,7,8,5,2,0,11,7,6,0,5,8,8,6,9,9,4,3,8,2,3,7,4,5,4,6,11,6,7,10,0,5,4,7,0,6,9,6,5,8,10,0,5,8,6,2,7,8,6,5,9,6,6,2,5,11,6,9,2,7,0,7,2,9,6,8,0,3,0,0,7,2,2,8,2,4,7,0,2,6,9,2,0,9,7,9,7,4,7,8,9,2,3,5,9,2,6,4,6,6,5,4,7,8,0,10,0,6,7
2,8,11,6,7,2,9,9,3,4,2,3,7,6,2,11,9,3,5,10,3,3,10,6,5,5,10,6,7,9,8,5,7,2,9,5,11,9,2,3,4,7,8,9,6,3,2,0,8,7,2,6,9,9,7,10,10,5,4,9,3,4,8,5,6,5,7,0,7,8,11,2,6,5,8,2,7,10,7,6,9,11,2,6,9,7,3,8,9,7,6,10,7,7,3,6,0,7,10,3,8,2,8,3,10,7,9,2,4,2,2,8,3,3,9,3,5,8,2,3,7,10,3,2,10,8,10,8,5,8,9,10,3,4,6,10,3,7,5,7,7,6,5,8,9,2,11,2,7,8
3,9,0,7,8,3,10,10,4,5,3,4,8,7,3,0,10,4,6,11,4,4,11,7,6,6,11,7,8,10,9,6,8,3,10,6,0,10,3,4,5,8,9,10,7,4,3,2,9,8,3,7,10,10,8,11,11,6,5,10,4,5,9,6,7,6,8,2,8,9,0,3,7,6,9,3,8,11,8,7,10,0,3,7,10,8,4,9,10,8,7,11,8,8,4,7,2,8,11,4,9,3,9,4,11,8,10,3,5,3,3,9,4,4,10,4,6,9,3,4,8,11,4,3,11,9,11,9,6,9,10,11,4,5,7,11,4,8,6,8,8,7,6,9,10,3,0,3,8,9
4,10,2,8,9,4,11,11,5,6,4,5,9,8,4,2,11,5,7,0,5,5,0,8,7,7,0,8,9,11,10,7,9,4,11,7,2,11,4,5,6,9,10,11,8,5,4,3,10,9,4,8,11,11,9,0,0,7,6,11,5,6,10,7,8,7,9,3,9,10,2,4,8,7,10,4,9,0,9,8,11,2,4,8,11,9,5,10,11,9,8,0,9,9,5,8,3,9,0,5,10,4,10,5,0,9,11,4,6,4,4,10,5,5,11,5,7,10,4,5,9,0,5,4,0,10,0,10,7,10,11,0,5,6,8,0,5,9,7,9,9,8,7,10,11,4,2,4,9,10
5,11,3,9,10,5,0,0,6,7,5,6,10,9,5,3,0,6,8,2,6,6,2,9,8,8,2,9,10,0,11,8,10,5,0,8,3,0,5,6,7,10,11,0,9,6,5,4,11,10,5,9,0,0,10,2,2,8,7,0,6,7,11,8,9,8,10,4,10,11,3,5,9,8,11,5,10,2,10,9,0,3,5,9,0,10,6,11,0,10,9,2,10,10,6,9,4,10,2,6,11,5,11,6,2,10,0,5,7,5,5,11,6,6,0,6,8,11,5,6,10,2,6,5,2,11,2,11,8,11,0,2,6,7,9,2,6,10,8,10,10,9,8,11,0,5,3,5,10,11
6,0,4,10,11,6,2,2,7,8,6,7,11,10,6,4,2,7,9,3,7,7,3,10,9,9,3,10,11,2,0,9,11,6,2,9,4,2,6,7,8,11,0,2,10,7,6,5,0,11,6,10,2,2,11,3,3,9,8,2,7,8,0,9,10,9,11,5,11,0,4,6,10,9,0,6,11,3,11,10,2,4,6,10,2,11,7,0,2,11,10,3,11,11,7,10,5,11,3,7,0,6,0,7,3,11,2,6,8,6,6,0,7,7,2,7,9,0,6,7,11,3,7,6,3,0,3,0,9,0,2,3,7,8,10,3,7,11,9,11,11,10,9,0,2,6,4,6,11,0
7,2,5,11,0,7,3,3,8,9,7,8,0,11,7,5,3,8,10,4,8,8,4,11,10,10,4,11,0,3,2,10,0,7,3,10,5,3,7,8,9,0,2,3,11,8,7,6,2,0,7,11,3,3,0,4,4,10,9,3,8,9,2,10,11,10,0,6,0,2,5,7,11,10,2,7,0,4,0,11,3,5,7,11,3,0,8,2,3,0,11,4,0,0,8,11,6,0,4,8,2,7,2,8,4,0,3,7,9,7,7,2,8,8,3,8,10,2,7,8,0,4,8,7,4,2,4,2,10,2,3,4,8,9,11,4,8,0,10,0,0,11,10,2,3,7,5,7,0,2
8,3,6,0,2,8,4,4,9,10,8,9,2,0,8,6,4,9,11,5,9,9,5,0,11,11,5,0,2,4,3,11,2,8,4,11,6,4,8,9,10,2,3,4,0,9,8,7,3,2,8,0,4,4,2,5,5,11,10,4,9,10,3,11,0,11,2,7,2,3,6,8,0,11,3,8,2,5,2,0,4,6,8,0,4,2,9,3,4,2,0,5,2,2,9,0,7,2,5,9,3,8,3,9,5,2,4,8,10,8,8,3,9,9,4,9,11,3,8,9,2,5,9,8,5,3,5,3,11,3,4,5,9,10,0,5,9,2,11,2,2,0,11,3,4,8,6,8,2,3
9,4,7,2,3,9,5,5,10,11,9,10,3,2,9,7,5,10,0,6,10,10,6,2,0,0,6,2,3,5,4,0,3,9,5,0,7,5,9,10,11,3,4,5,2,10,9,8,4,3,9,2,5,5,3,6,6,0,11,5,10,11,4,0,2,0,3,8,3,4,7,9,2,0,4,9,3,6,3,2,5,7,9,2,5,3,10,4,5,3,2,6,3,3,10,2,8,3,6,10,4,9,4,10,6,3,5,9,11,9,9,4,10,10,5,10,0,4,9,10,3,6,10,9,6,4,6,4,0,4,5,6,10,11,2,6,10,3,0,3,3,2,0,4,5,9,7,9,3,4
10,5,8,3,4,10,6,6,11,0,10,11,4,3,10,8,6,11,2,7,11,11,7,3,2,2,7,3,4,6,5,2,4,10,6,2,8,6,10,11,0,4,5,6,3,11,10,9,5,4,10,3,6,6,4,7,7,2,0,6,11,0,5,2,3,2,4,9,4,5,8,10,3,2,5,10,4,7,4,3,6,8,10,3,6,4,11,5,6,4,3,7,4,4,11,3,9,4,7,11,5,10,5,11,7,4,6,10,0,10,10,5,11,11,6,11,2,5,10,11,4,7,11,10,7,5,7,5,2,5,6,7,11,0,3,7,11,4,2,4,4,3,2,5,6,10,8,10,4,5
11,6,9,4,5,11,7,7,0,2,11,0,5,4,11,9,7,0,3,8,0,0,8,4,3,3,8,4,5,7,6,3,5,11,7,3,9,7,11,0,2,5,6,7,4,0,11,10,6,5,11,4,7,7,5,8,8,3,2,7,0,2,6,3,4,3,5,10,5,6,9,11,4,3,6,11,5,8,5,4,7,9,11,4,7,5,0,6,7,5,4,8,5,5,0,4,10,5,8,0,6,11,6,0,8,5,7,11,2,11,11,6,0,0,7,0,3,6,11,0,5,8,0,11,8,6,8,6,3,6,7,8,0,2,4,8,0,5,3,5,5,4,3,6,7,11,9,11,5,6
0,7,10,5,6,0,8,8,2,3,0,2,6,5,0,10,8,2,4,9,2,2,9,5,4,4,9,5,6,8,7,4,6,0,8,4,10,8,0,2,3,6,7,8,5,2,0,11,7,6,0,5,8,8,6,9,9,4,3,8,2,3,7,4,5,4,6,11,6,7,10,0,5,4,7,0,6,9,6,5,8,10,0,5,8,6,2,7,8,6,5,9,6,6,2,5,11,6,9,2,7,0,7,2,9,6,8,0,3,0,0,7,2,2,8,2,4,7,0,2,6,9,2,0,9,7,9,7,4,7,8,9,2,3,5,9,2,6,4,6,6,5,4,7,8,0,10,0,6,7
2,8,11,6,7,2,9,9,3,4,2,3,7,6,2,11,9,3,5,10,3,3,10,6,5,5,10,6,7,9,8,5,7,2,9,5,11,9,2,3,4,7,8,9,6,3,2,0,8,7,2,6,9,9,7,10,10,5,4,9,3,4,8,5,6,5,7,0,7,8,11,2,6,5,8,2,7,10,7,6,9,11,2,6,9,7,3,8,9,7,6,10,7,7,3,6,0,7,10,3,8,2,8,3,10,7,9,2,4,2,2,8,3,3,9,3,5,8,2,3,7,10,3,2,10,8,10,8,5,8,9,10,3,4,6,10,3,7,5,7,7,6,5,8,9,2,11,2,7,8
3,9,0,7,8,3,10,10,4,5,3,4,8,7,3,0,10,4,6,11,4,4,11,7,6,6,11,7,8,10,9,6,8,3,10,6,0,10,3,4,5,8,9,10,7,4,3,2,9,8,3,7,10,10,8,11,11,6,5,10,4,5,9,6,7,6,8,2,8,9,0,3,7,6,9,3,8,11,8,7,10,0,3,7,10,8,4,9,10,8,7,11,8,8,4,7,2,8,11,4,9,3,9,4,11,8,10,3,5,3,3,9,4,4,10,4,6,9,3,4,8,11,4,3,11,9,11,9,6,9,10,11,4,5,7,11,4,8,6,8,8,7,6,9,10,3,0,3,8,9
4,10,2,8,9,4,11,11,5,6,4,5,9,8,4,2,11,5,7,0,5,5,0,8,7,7,0,8,9,11,10,7,9,4,11,7,2,11,4,5,6,9,10,11,8,5,4,3,10,9,4,8,11,11,9,0,0,7,6,11,5,6,10,7,8,7,9,3,9,10,2,4,8,7,10,4,9,0,9,8,11,2,4,8,11,9,5,10,11,9,8,0,9,9,5,8,3,9,0,5,10,4,10,5,0,9,11,4,6,4,4,10,5,5,11,5,7,10,4,5,9,0,5,4,0,10,0,10,7,10,11,0,5,6,8,0,5,9,7,9,9,8,7,10,11,4,2,4,9,10
5,11,3,9,10,5,0,0,6,7,5,6,10,9,5,3,0,6,8,2,6,6,2,9,8,8,2,9,10,0,11,8,10,5,0,8,3,0,5,6,7,10,11,0,9,6,5,4,11,10,5,9,0,0,10,2,2,8,7,0,6,7,11,8,9,8,10,4,10,11,3,5,9,8,11,5,10,2,10,9,0,3,5,9,0,10,6,11,0,10,9,2,10,10,6,9,4,10,2,6,11,5,11,6,2,10,0,5,7,5,5,11,6,6,0,6,8,11,5,6,10,2,6,5,2,11,2,11,8,11,0,2,6,7,9,2,6,10,8,10,10,9,8,11,0,5,3,5,10,11
6,0,4,10,11,6,2,2,7,8,6,7,11,10,6,4,2,7,9,3,7,7,3,10,9,9,3,10,11,2,0,9,11,6,2,9,4,2,6,7,8,11,0,2,10,7,6,5,0,11,6,10,2,2,11,3,3,9,8,2,7,8,0,9,10,9,11,5,11,0,4,6,10,9,0,6,11,3,11,10,2,4,6,10,2,11,7,0,2,11,10,3,11,11,7,10,5,11,3,7,0,6,0,7,3,11,2,6,8,6,6,0,7,7,2,7,9,0,6,7,11,3,7,6,3,0,3,0,9,0,2,3,7,8,10,3,7,11,9,11,11,10,9,0,2,6,4,6,11,0
7,2,5,11,0,7,3,3,8,9,7,8,0,11,7,5,3,8,10,4,8,8,4,11,10,10,4,11,0,3,2,10,0,7,3,10,5,3,7,8,9,0,2,3,11,8,7,6,2,0,7,11,3,3,0,4,4,10,9,3,8,9,2,10,11,10,0,6,0,2,5,7,11,10,2,7,0,4,0,11,3,5,7,11,3,0,8,2,3,0,11,4,0,0,8,11,6,0,4,8,2,7,2,8,4,0,3,7,9,7,7,2,8,8,3,8,10,2,7,8,0,4,8,7,4,2,4,2,10,2,3,4,8,9,11,4,8,0,10,0,0,11,10,2,3,7,5,7,0,2
8,3,6,0,2,8,4,4,9,10,8,9,2,0,8,6,4,9,11,5,9,9,5,0,11,11,5,0,2,4,3,11,2,8,4,11,6,4,8,9,10,2,3,4,0,9,8,7,3,2,8,0,4,4,2,5,5,11,10,4,9,10,3,11,0,11,2,7,2,3,6,8,0,11,3,8,2,5,2,0,4,6,8,0,4,2,9,3,4,2,0,5,2,2,9,0,7,2,5,9,3,8,3,9,5,2,4,8,10,8,8,3,9,9,4,9,11,3,8,9,2,5,9,8,5,3,5,3,11,3,4,5,9,10,0,5,9,2,11,2,2,0,11,3,4,8,6,8,2,3
9,4,7,2,3,9,5,5,10,11,9,10,3,2,9,7,5,10,0,6,10,10,6,2,0,0,6,2,3,5,4,0,3,9,5,0,7,5,9,10,11,3,4,5,2,10,9,8,4,3,9,2,5,5,3,6,6,0,11,5,10,11,4,0,2,0,3,8,3,4,7,9,2,0,4,9,3,6,3,2,5,7,9,2,5,3,10,4,5,3,2,6,3,3,10,2,8,3,6,10,4,9,4,10,6,3,5,9,11,9,9,4,10,10,5,10,0,4,9,10,3,6,10,9,6,4,6,4,0,4,5,6,10,11,2,6,10,3,0,3,3,2,0,4,5,9,7,9,3,4
10,5,8,3,4,10,6,6,11,0,10,11,4,3,10,8,6,11,2,7,11,11,7,3,2,2,7,3,4,6,5,2,4,10,6,2,8,6,10,11,0,4,5,6,3,11,10,9,5,4,10,3,6,6,4,7,7,2,0,6,11,0,5,2,3,2,4,9,4,5,8,10,3,2,5,10,4,7,4,3,6,8,10,3,6,4,11,5,6,4,3,7,4,4,11,3,9,4,7,11,5,10,5,11,7,4,6,10,0,10,10,5,11,11,6,11,2,5,10,11,4,7,11,10,7,5,7,5,2,5,6,7,11,0,3,7,11,4,2,4,4,3,2,5,6,10,8,10,4,5
11,6,9,4,5,11,7,7,0,2,11,0,5,4,11,9,7,0,3,8,0,0,8,4,3,3,8,4,5,7,6,3,5,11,7,3,9,7,11,0,2,5,6,7,4,0,11,10,6,5,11,4,7,7,5,8,8,3,2,7,0,2,6,3,4,3,5,10,5,6,9,11,4,3,6,11,5,8,5,4,7,9,11,4,7,5,0,6,7,5,4,8,5,5,0,4,10,5,8,0,6,11,6,0,8,5,7,11,2,11,11,6,0,0,7,0,3,6,11,0,5,8,0,11,8,6,8,6,3,6,7,8,0,2,4,8,0,5,3,5,5,4,3,6,7,11,9,11,5,6
0,7,10,5,6,0,8,8,2,3,0,2,6,5,0,10,8,2,4,9,2,2,9,5,4,4,9,5,6,8,7,4,6,0,8,4,10,8,0,2,3,6,7,8,5,2,0,11,7,6,0,5,8,8,6,9,9,4,3,8,2,3,7,4,5,4,6,11,6,7,10,0,5,4,7,0,6,9,6,5,8,10,0,5,8,6,2,7,8,6,5,9,6,6,2,5,11,6,9,2,7,0,7,2,9,6,8,0,3,0,0,7,2,2,8,2,4,7,0,2,6,9,2,0,9,7,9,7,4,7,8,9,2,3,5,9,2,6,4,6,6,5,4,7,8,0,10,0,6,7
2,8,11,6,7,2,9,9,3,4,2,3,7,6,2,11,9,3,5,10,3,3,10,6,5,5,10,6,7,9,8,5,7,2,9,5,11,9,2,3,4,7,8,9,6,3,2,0,8,7,2,6,9,9,7,10,10,5,4,9,3,4,8,5,6,5,7,0,7,8,11,2,6,5,8,2,7,10,7,6,9,11,2,6,9,7,3,8,9,7,6,10,7,7,3,6,0,7,10,3,8,2,8,3,10,7,9,2,4,2,2,8,3,3,9,3,5,8,2,3,7,10,3,2,10,8,10,8,5,8,9,10,3,4,6,10,3,7,5,7,7,6,5,8,9,2,11,2,7,8
3,9,0,7,8,3,10,10,4,5,3,4,8,7,3,0,10,4,6,11,4,4,11,7,6,6,11,7,8,10,9,6,8,3,10,6,0,10,3,4,5,8,9,10,7,4,3,2,9,8,3,7,10,10,8,11,11,6,5,10,4,5,9,6,7,6,8,2,8,9,0,3,7,6,9,3,8,11,8,7,10,0,3,7,10,8,4,9,10,8,7,11,8,8,4,7,2,8,11,4,9,3,9,4,11,8,10,3,5,3,3,9,4,4,10,4,6,9,3,4,8,11,4,3,11,9,11,9,6,9,10,11,4,5,7,11,4,8,6,8,8,7,6,9,10,3,0,3,8,9
4,10,2,8,9,4,11,11,5,6,4,5,9,8,4,2,11,5,7,0,5,5,0,8,7,7,0,8,9,11,10,7,9,4,11,7,2,11,4,5,6,9,10,11,8,5,4,3,10,9,4,8,11,11,9,0,0,7,6,11,5,6,10,7,8,7,9,3,9,10,2,4,8,7,10,4,9,0,9,8,11,2,4,8,11,9,5,10,11,9,8,0,9,9,5,8,3,9,0,5,10,4,10,5,0,9,11,4,6,4,4,10,5,5,11,5,7,10,4,5,9,0,5,4,0,10,0,10,7,10,11,0,5,6,8,0,5,9,7,9,9,8,7,10,11,4,2,4,9,10
5,11,3,9,10,5,0,0,6,7,5,6,10,9,5,3,0,6,8,2,6,6,2,9,8,8,2,9,10,0,11,8,10,5,0,8,3,0,5,6,7,10,11,0,9,6,5,4,11,10,5,9,0,0,10,2,2,8,7,0,6,7,11,8,9,8,10,4,10,11,3,5,9,8,11,5,10,2,10,9,0,3,5,9,0,10,6,11,0,10,9,2,10,10,6,9,4,10,2,6,11,5,11,6,2,10,0,5,7,5,5,11,6,6,0,6,8,11,5,6,10,2,6,5,2,11,2,11,8,11,0,2,6,7,9,2,6,10,8,10,10,9,8,11,0,5,3,5,10,11
6,0,4,10,11,6,2,2,7,8,6,7,11,10,6,4,2,7,9,3,7,7,3,10,9,9,3,10,11,2,0,9,11,6,2,9,4,2,6,7,8,11,0,2,10,7,6,5,0,11,6,10,2,2,11,3,3,9,8,2,7,8,0,9,10,9,11,5,11,0,4,6,10,9,0,6,11,3,11,10,2,4,6,10,2,11,7,0,2,11,10,3,11,11,7,10,5,11,3,7,0,6,0,7,3,11,2,6,8,6,6,0,7,7,2,7,9,0,6,7,11,3,7,6,3,0,3,0,9,0,2,3,7,8,10,3,7,11,9,11,11,10,9,0,2,6,4,6,11,0
7,2,5,11,0,7,3,3,8,9,7,8,0,11,7,5,3,8,10,4,8,8,4,11,10,10,4,11,0,3,2,10,0,7,3,10,5,3,7,8,9,0,2,3,11,8,7,6,2,0,7,11,3,3,0,4,4,10,9,3,8,9,2,10,11,10,0,6,0,2,5,7,11,10,2,7,0,4,0,11,3,5,7,11,3,0,8,2,3,0,11,4,0,0,8,11,6,0,4,8,2,7,2,8,4,0,3,7,9,7,7,2,8,8,3,8,10,2,7,8,0,4,8,7,4,2,4,2,10,2,3,4,8,9,11,4,8,0,10,0,0,11,10,2,3,7,5,7,0,2
8,3,6,0,2,8,4,4,9,10,8,9,2,0,8,6,4,9,11,5,9,9,5,0,11,11,5,0,2,4,3,11,2,8,4,11,6,4,8,9,10,2,3,4,0,9,8,7,3,2,8,0,4,4,2,5,5,11,10,4,9,10,3,11,0,11,2,7,2,3,6,8,0,11,3,8,2,5,2,0,4,6,8,0,4,2,9,3,4,2,0,5,2,2,9,0,7,2,5,9,3,8,3,9,5,2,4,8,10,8,8,3,9,9,4,9,11,3,8,9,2,5,9,8,5,3,5,3,11,3,4,5,9,10,0,5,9,2,11,2,2,0,11,3,4,8,6,8,2,3
9,4,7,2,3,9,5,5,10,11,9,10,3,2,9,7,5,10,0,6,10,10,6,2,0,0,6,2,3,5,4,0,3,9,5,0,7,5,9,10,11,3,4,5,2,10,9,8,4,3,9,2,5,5,3,6,6,0,11,5,10,11,4,0,2,0,3,8,3,4,7,9,2,0,4,9,3,6,3,2,5,7,9,2,5,3,10,4,5,3,2,6,3,3,10,2,8,3,6,10,4,9,4,10,6,3,5,9,11,9,9,4,10,10,5,10,0,4,9,10,3,6,10,9,6,4,6,4,0,4,5,6,10,11,2,6,10,3,0,3,3,2,0,4,5,9,7,9,3,4
10,5,8,3,4,10,6,6,11,0,10,11,4,3,10,8,6,11,2,7,11,11,7,3,2,2,7,3,4,6,5,2,4,10,6,2,8,6,10,11,0,4,5,6,3,11,10,9,5,4,10,3,6,6,4,7,7,2,0,6,11,0,5,2,3,2,4,9,4,5,8,10,3,2,5,10,4,7,4,3,6,8,10,3,6,4,11,5,6,4,3,7,4,4,11,3,9,4,7,11,5,10,5,11,7,4,6,10,0,10,10,5,11,11,6,11,2,5,10,11,4,7,11,10,7,5,7,5,2,5,6,7,11,0,3,7,11,4,2,4,4,3,2,5,6,10,8,10,4,5
11,6,9,4,5,11,7,7,0,2,11,0,5,4,11,9,7,0,3,8,0,0,8,4,3,3,8,4,5,7,6,3,5,11,7,3,9,7,11,0,2,5,6,7,4,0,11,10,6,5,11,4,7,7,5,8,8,3,2,7,0,2,6,3,4,3,5,10,5,6,9,11,4,3,6,11,5,8,5,4,7,9,11,4,7,5,0,6,7,5,4,8,5,5,0,4,10,5,8,0,6,11,6,0,8,5,7,11,2,11,11,6,0,0,7,0,3,6,11,0,5,8,0,11,8,6,8,6,3,6,7,8,0,2,4,8,0,5,3,5,5,4,3,6,7,11,9,11,5,6
0,7,10,5,6,0,8,8,2,3,0,2,6,5,0,10,8,2,4,9,2,2,9,5,4,4,9,5,6,8,7,4,6,0,8,4,10,8,0,2,3,6,7,8,5,2,0,11,7,6,0,5,8,8,6,9,9,4,3,8,2,3,7,4,5,4,6,11,6,7,10,0,5,4,7,0,6,9,6,5,8,10,0,5,8,6,2,7,8,6,5,9,6,6,2,5,11,6,9,2,7,0,7,2,9,6,8,0,3,0,0,7,2,2,8,2,4,7,0,2,6,9,2,0,9,7,9,7,4,7,8,9,2,3,5,9,2,6,4,6,6,5,4,7,8,0,10,0,6,7
2,8,11,6,7,2,9,9,3,4,2,3,7,6,2,11,9,3,5,10,3,3,10,6,5,5,10,6,7,9,8,5,7,2,9,5,11,9,2,3,4,7,8,9,6,3,2,0,8,7,2,6,9,9,7,10,10,5,4,9,3,4,8,5,6,5,7,0,7,8,11,2,6,5,8,2,7,10,7,6,9,11,2,6,9,7,3,8,9,7,6,10,7,7,3,6,0,7,10,3,8,2,8,3,10,7,9,2,4,2,2,8,3,3,9,3,5,8,2,3,7,10,3,2,10,8,10,8,5,8,9,10,3,4,6,10,3,7,5,7,7,6,5,8,9,2,11,2,7,8
3,9,0,7,8,3,10,10,4,5,3,4,8,7,3,0,10,4,6,11,4,4,11,7,6,6,11,7,8,10,9,6,8,3,10,6,0,10,3,4,5,8,9,10,7,4,3,2,9,8,3,7,10,10,8,11,11,6,5,10,4,5,9,6,7,6,8,2,8,9,0,3,7,6,9,3,8,11,8,7,10,0,3,7,10,8,4,9,10,8,7,11,8,8,4,7,2,8,11,4,9,3,9,4,11,8,10,3,5,3,3,9,4,4,10,4,6,9,3,4,8,11,4,3,11,9,11,9,6,9,10,11,4,5,7,11,4,8,6,8,8,7,6,9,10,3,0,3,8,9
4,10,2,8,9,4,11,11,5,6,4,5,9,8,4,2,11,5,7,0,5,5,0,8,7,7,0,8,9,11,10,7,9,4,11,7,2,11,4,5,6,9,10,11,8,5,4,3,10,9,4,8,11,11,9,0,0,7,6,11,5,6,10,7,8,7,9,3,9,10,2,4,8,7,10,4,9,0,9,8,11,2,4,8,11,9,5,10,11,9,8,0,9,9,5,8,3,9,0,5,10,4,10,5,0,9,11,4,6,4,4,10,5,5,11,5,7,10,4,5,9,0,5,4,0,10,0,10,7,10,11,0,5,6,8,0,5,9,7,9,9,8,7,10,11,4,2,4,9,10
5,11,3,9,10,5,0,0,6,7,5,6,10,9,5,3,0,6,8,2,6,6,2,9,8,8,2,9,10,0,11,8,10,5,0,8,3,0,5,6,7,10,11,0,9,6,5,4,11,10,5,9,0,0,10,2,2,8,7,0,6,7,11,8,9,8,10,4,10,11,3,5,9,8,11,5,10,2,10,9,0,3,5,9,0,10,6,11,0,10,9,2,10,10,6,9,4,10,2,6,11,5,11,6,2,10,0,5,7,5,5,11,6,6,0,6,8,11,5,6,10,2,6,5,2,11,2,11,8,11,0,2,6,7,9,2,6,10,8,10,10,9,8,11,0,5,3,5,10,11
6,0,4,10,11,6,2,2,7,8,6,7,11,10,6,4,2,7,9,3,7,7,3,10,9,9,3,10,11,2,0,9,11,6,2,9,4,2,6,7,8,11,0,2,10,7,6,5,0,11,6,10,2,2,11,3,3,9,8,2,7,8,0,9,10,9,11,5,11,0,4,6,10,9,0,6,11,3,11,10,2,4,6,10,2,11,7,0,2,11,10,3,11,11,7,10,5,11,3,7,0,6,0,7,3,11,2,6,8,6,6,0,7,7,2,7,9,0,6,7,11,3,7,6,3,0,3,0,9,0,2,3,7,8,10,3,7,11,9,11,11,10,9,0,2,6,4,6,11,0
7,2,5,11,0,7,3,3,8,9,7,8,0,11,7,5,3,8,10,4,8,8,4,11,10,10,4,11,0,3,2,10,0,7,3,10,5,3,7,8,9,0,2,3,11,8,7,6,2,0,7,11,3,3,0,4,4,10,9,3,8,9,2,10,11,10,0,6,0,2,5,7,11,10,2,7,0,4,0,11,3,5,7,11,3,0,8,2,3,0,11,4,0,0,8,11,6,0,4,8,2,7,2,8,4,0,3,7,9,7,7,2,8,8,3,8,10,2,7,8,0,4,8,7,4,2,4,2,10,2,3,4,8,9,11,4,8,0,10,0,0,11,10,2,3,7,5,7,0,2
8,3,6,0,2,8,4,4,9,10,8,9,2,0,8,6,4,9,11,5,9,9,5,0,11,11,5,0,2,4,3,11,2,8,4,11,6,4,8,9,10,2,3,4,0,9,8,7,3,2,8,0,4,4,2,5,5,11,10,4,9,10,3,11,0,11,2,7,2,3,6,8,0,11,3,8,2,5,2,0,4,6,8,0,4,2,9,3,4,2,0,5,2,2,9,0,7,2,5,9,3,8,3,9,5,2,4,8,10,8,8,3,9,9,4,9,11,3,8,9,2,5,9,8,5,3,5,3,11,3,4,5,9,10,0,5,9,2,11,2,2,0,11,3,4,8,6,8,2,3
9,4,7,2,3,9,5,5,10,11,9,10,3,2,9,7,5,10,0,6,10,10,6,2,0,0,6,2,3,5,4,0,3,9,5,0,7,5,9,10,11,3,4,5,2,10,9,8,4,3,9,2,5,5,3,6,6,0,11,5,10,11,4,0,2,0,3,8,3,4,7,9,2,0,4,9,3,6,3,2,5,7,9,2,5,3,10,4,5,3,2,6,3,3,10,2,8,3,6,10,4,9,4,10,6,3,5,9,11,9,9,4,10,10,5,10,0,4,9,10,3,6,10,9,6,4,6,4,0,4,5,6,10,11,2,6,10,3,0,3,3,2,0,4,5,9,7,9,3,4
10,5,8,3,4,10,6,6,11,0,10,11,4,3,10,8,6,11,2,7,11,11,7,3,2,2,7,3,4,6,5,2,4,10,6,2,8,6,10,11,0,4,5,6,3,11,10,9,5,4,10,3,6,6,4,7,7,2,0,6,11,0,5,2,3,2,4,9,4,5,8,10,3,2,5,10,4,7,4,3,6,8,10,3,6,4,11,5,6,4,3,7,4,4,11,3,9,4,7,11,5,10,5,11,7,4,6,10,0,10,10,5,11,11,6,11,2,5,10,11,4,7,11,10,7,5,7,5,2,5,6,7,11,0,3,7,11,4,2,4,4,3,2,5,6,10,8,10,4,5
11,6,9,4,5,11,7,7,0,2,11,0,5,4,11,9,7,0,3,8,0,0,8,4,3,3,8,4,5,7,6,3,5,11,7,3,9,7,11,0,2,5,6,7,4,0,11,10,6,5,11,4,7,7,5,8,8,3,2,7,0,2,6,3,4,3,5,10,5,6,9,11,4,3,6,11,5,8,5,4,7,9,11,4,7,5,0,6,7,5,4,8,5,5,0,4,10,5,8,0,6,11,6,0,8,5,7,11,2,11,11,6,0,0,7,0,3,6,11,0,5,8,0,11,8,6,8,6,3,6,7,8,0,2,4,8,0,5,3,5,5,4,3,6,7,11,9,11,5,6
0,7,10,5,6,0,8,8,2,3,0,2,6,5,0,10,8,2,4,9,2,2,9,5,4,4,9,5,6,8,7,4,6,0,8,4,10,8,0,2,3,6,7,8,5,2,0,11,7,6,0,5,8,8,6,9,9,4,3,8,2,3,7,4,5,4,6,11,6,7,10,0,5,4,7,0,6,9,6,5,8,10,0,5,8,6,2,7,8,6,5,9,6,6,2,5,11,6,9,2,7,0,7,2,9,6,8,0,3,0,0,7,2,2,8,2,4,7,0,2,6,9,2,0,9,7,9,7,4,7,8,9,2,3,5,9,2,6,4,6,6,5,4,7,8,0,10,0,6,7
2,8,11,6,7,2,9,9,3,4,2,3,7,6,2,11,9,3,5,10,3,3,10,6,5,5,10,6,7,9,8,5,7,2,9,5,11,9,2,3,4,7,8,9,6,3,2,0,8,7,2,6,9,9,7,10,10,5,4,9,3,4,8,5,6,5,7,0,7,8,11,2,6,5,8,2,7,10,7,6,9,11,2,6,9,7,3,8,9,7,6,10,7,7,3,6,0,7,10,3,8,2,8,3,10,7,9,2,4,2,2,8,3,3,9,3,5,8,2,3,7,10,3,2,10,8,10,8,5,8,9,10,3,4,6,10,3,7,5,7,7,6,5,8,9,2,11,2,7,8
3,9,0,7,8,3,10,10,4,5,3,4,8,7,3,0,10,4,6,11,4,4,11,7,6,6,11,7,8,10,9,6,8,3,10,6,0,10,3,4,5,8,9,10,7,4,3,2,9,8,3,7,10,10,8,11,11,6,5,10,4,5,9,6,7,6,8,2,8,9,0,3,7,6,9,3,8,11,8,7,10,0,3,7,10,8,4,9,10,8,7,11,8,8,4,7,2,8,11,4,9,3,9,4,11,8,10,3,5,3,3,9,4,4,10,4,6,9,3,4,8,11,4,3,11,9,11,9,6,9,10,11,4,5,7,11,4,8,6,8,8,7,6,9,10,3,0,3,8,9
4,10,2,8,9,4,11,11,5,6,4,5,9,8,4,2,11,5,7,0,5,5,0,8,7,7,0,8,9,11,10,7,9,4,11,7,2,11,4,5,6,9,10,11,8,5,4,3,10,9,4,8,11,11,9,0,0,7,6,11,5,6,10,7,8,7,9,3,9,10,2,4,8,7,10,4,9,0,9,8,11,2,4,8,11,9,5,10,11,9,8,0,9,9,5,8,3,9,0,5,10,4,10,5,0,9,11,4,6,4,4,10,5,5,11,5,7,10,4,5,9,0,5,4,0,10,0,10,7,10,11,0,5,6,8,0,5,9,7,9,9,8,7,10,11,4,2,4,9,10
5,11,3,9,10,5,0,0,6,7,5,6,10,9,5,3,0,6,8,2,6,6,2,9,8,8,2,9,10,0,11,8,10,5,0,8,3,0,5,6,7,10,11,0,9,6,5,4,11,10,5,9,0,0,10,2,2,8,7,0,6,7,11,8,9,8,10,4,10,11,3,5,9,8,11,5,10,2,10,9,0,3,5,9,0,10,6,11,0,10,9,2,10,10,6,9,4,10,2,6,11,5,11,6,2,10,0,5,7,5,5,11,6,6,0,6,8,11,5,6,10,2,6,5,2,11,2,11,8,11,0,2,6,7,9,2,6,10,8,10,10,9,8,11,0,5,3,5,10,11
6,0,4,10,11,6,2,2,7,8,6,7,11,10,6,4,2,7,9,3,7,7,3,10,9,9,3,10,11,2,0,9,11,6,2,9,4,2,6,7,8,11,0,2,10,7,6,5,0,11,6,10,2,2,11,3,3,9,8,2,7,8,0,9,10,9,11,5,11,0,4,6,10,9,0,6,11,3,11,10,2,4,6,10,2,11,7,0,2,11,10,3,11,11,7,10,5,11,3,7,0,6,0,7,3,11,2,6,8,6,6,0,7,7,2,7,9,0,6,7,11,3,7,6,3,0,3,0,9,0,2,3,7,8,10,3,7,11,9,11,11,10,9,0,2,6,4,6,11,0
7,2,5,11,0,7,3,3,8,9,7,8,0,11,7,5,3,8,10,4,8,8,4,11,10,10,4,11,0,3,2,10,0,7,3,10,5,3,7,8,9,0,2,3,11,8,7,6,2,0,7,11,3,3,0,4,4,10,9,3,8,9,2,10,11,10,0,6,0,2,5,7,11,10,2,7,0,4,0,11,3,5,7,11,3,0,8,2,3,0,11,4,0,0,8,11,6,0,4,8,2,7,2,8,4,0,3,7,9,7,7,2,8,8,3,8,10,2,7,8,0,4,8,7,4,2,4,2,10,2,3,4,8,9,11,4,8,0,10,0,0,11,10,2,3,7,5,7,0,2
8,3,6,0,2,8,4,4,9,10,8,9,2,0,8,6,4,9,11,5,9,9,5,0,11,11,5,0,2,4,3,11,2,8,4,11,6,4,8,9,10,2,3,4,0,9,8,7,3,2,8,0,4,4,2,5,5,11,10,4,9,10,3,11,0,11,2,7,2,3,6,8,0,11,3,8,2,5,2,0,4,6,8,0,4,2,9,3,4,2,0,5,2,2,9,0,7,2,5,9,3,8,3,9,5,2,4,8,10,8,8,3,9,9,4,9,11,3,8,9,2,5,9,8,5,3,5,3,11,3,4,5,9,10,0,5,9,2,11,2,2,0,11,3,4,8,6,8,2,3
9,4,7,2,3,9,5,5,10,11,9,10,3,2,9,7,5,10,0,6,10,10,6,2,0,0,6,2,3,5,4,0,3,9,5,0,7,5,9,10,11,3,4,5,2,10,9,8,4,3,9,2,5,5,3,6,6,0,11,5,10,11,4,0,2,0,3,8,3,4,7,9,2,0,4,9,3,6,3,2,5,7,9,2,5,3,10,4,5,3,2,6,3,3,10,2,8,3,6,10,4,9,4,10,6,3,5,9,11,9,9,4,10,10,5,10,0,4,9,10,3,6,10,9,6,4,6,4,0,4,5,6,10,11,2,6,10,3,0,3,3,2,0,4,5,9,7,9,3,4
10,5,8,3,4,10,6,6,11,0,10,11,4,3,10,8,6,11,2,7,11,11,7,3,2,2,7,3,4,6,5,2,4,10,6,2,8,6,10,11,0,4,5,6,3,11,10,9,5,4,10,3,6,6,4,7,7,2,0,6,11,0,5,2,3,2,4,9,4,5,8,10,3,2,5,10,4,7,4,3,6,8,10,3,6,4,11,5,6,4,3,7,4,4,11,3,9,4,7,11,5,10,5,11,7,4,6,10,0,10,10,5,11,11,6,11,2,5,10,11,4,7,11,10,7,5,7,5,2,5,6,7,11,0,3,7,11,4,2,4,4,3,2,5,6,10,8,10,4,5
11,6,9,4,5,11,7,7,0,2,11,0,5,4,11,9,7,0,3,8,0,0,8,4,3,3,8,4,5,7,6,3,5,11,7,3,9,7,11,0,2,5,6,7,4,0,11,10,6,5,11,4,7,7,5,8,8,3,2,7,0,2,6,3,4,3,5,10,5,6,9,11,4,3,6,11,5,8,5,4,7,9,11,4,7,5,0,6,7,5,4,8,5,5,0,4,10,5,8,0,6,11,6,0,8,5,7,11,2,11,11,6,0,0,7,0,3,6,11,0,5,8,0,11,8,6,8,6,3,6,7,8,0,2,4,8,0,5,3,5,5,4,3,6,7,11,9,11,5,6
0,7,10,5,6,0,8,8,2,3,0,2,6,5,0,10,8,2,4,9,2,2,9,5,4,4,9,5,6,8,7,4,6,0,8,4,10,8,0,2,3,6,7,8,5,2,0,11,7,6,0,5,8,8,6,9,9,4,3,8,2,3,7,4,5,4,6,11,6,7,10,0,5,4,7,0,6,9,6,5,8,10,0,5,8,6,2,7,8,6,5,9,6,6,2,5,11,6,9,2,7,0,7,2,9,6,8,0,3,0,0,7,2,2,8,2,4,7,0,2,6,9,2,0,9,7,9,7,4,7,8,9,2,3,5,9,2,6,4,6,6,5,4,7,8,0,10,0,6,7
2,8,11,6,7,2,9,9,3,4,2,3,7,6,2,11,9,3,5,10,3,3,10,6,5,5,10,6,7,9,8,5,7,2,9,5,11,9,2,3,4,7,8,9,6,3,2,0,8,7,2,6,9,9,7,10,10,5,4,9,3,4,8,5,6,5,7,0,7,8,11,2,6,5,8,2,7,10,7,6,9,11,2,6,9,7,3,8,9,7,6,10,7,7,3,6,0,7,10,3,8,2,8,3,10,7,9,2,4,2,2,8,3,3,9,3,5,8,2,3,7,10,3,2,10,8,10,8,5,8,9,10,3,4,6,10,3,7,5,7,7,6,5,8,9,2,11,2,7,8
3,9,0,7,8,3,10,10,4,5,3,4,8,7,3,0,10,4,6,11,4,4,11,7,6,6,11,7,8,10,9,6,8,3,10,6,0,10,3,4,5,8,9,10,7,4,3,2,9,8,3,7,10,10,8,11,11,6,5,10,4,5,9,6,7,6,8,2,8,9,0,3,7,6,9,3,8,11,8,7,10,0,3,7,10,8,4,9,10,8,7,11,8,8,4,7,2,8,11,4,9,3,9,4,11,8,10,3,5,3,3,9,4,4,10,4,6,9,3,4,8,11,4,3,11,9,11,9,6,9,10,11,4,5,7,11,4,8,6,8,8,7,6,9,10,3,0,3,8,9
4,10,2,8,9,4,11,11,5,6,4,5,9,8,4,2,11,5,7,0,5,5,0,8,7,7,0,8,9,11,10,7,9,4,11,7,2,11,4,5,6,9,10,11,8,5,4,3,10,9,4,8,11,11,9,0,0,7,6,11,5,6,10,7,8,7,9,3,9,10,2,4,8,7,10,4,9,0,9,8,11,2,4,8,11,9,5,10,11,9,8,0,9,9,5,8,3,9,0,5,10,4,10,5,0,9,11,4,6,4,4,10,5,5,11,5,7,10,4,5,9,0,5,4,0,10,0,10,7,10,11,0,5,6,8,0,5,9,7,9,9,8,7,10,11,4,2,4,9,10
5,11,3,9,10,5,0,0,6,7,5,6,10,9,5,3,0,6,8,2,6,6,2,9,8,8,2,9,10,0,11,8,10,5,0,8,3,0,5,6,7,10,11,0,9,6,5,4,11,10,5,9,0,0,10,2,2,8,7,0,6,7,11,8,9,8,10,4,10,11,3,5,9,8,11,5,10,2,10,9,0,3,5,9,0,10,6,11,0,10,9,2,10,10,6,9,4,10,2,6,11,5,11,6,2,10,0,5,7,5,5,11,6,6,0,6,8,11,5,6,10,2,6,5,2,11,2,11,8,11,0,2,6,7,9,2,6,10,8,10,10,9,8,11,0,5,3,5,10,11
6,0,4,10,11,6,2,2,7,8,6,7,11,10,6,4,2,7,9,3,7,7,3,10,9,9,3,10,11,2,0,9,11,6,2,9,4,2,6,7,8,11,0,2,10,7,6,5,0,11,6,10,2,2,11,3,3,9,8,2,7,8,0,9,10,9,11,5,11,0,4,6,10,9,0,6,11,3,11,10,2,4,6,10,2,11,7,0,2,11,10,3,11,11,7,10,5,11,3,7,0,6,0,7,3,11,2,6,8,6,6,0,7,7,2,7,9,0,6,7,11,3,7,6,3,0,3,0,9,0,2,3,7,8,10,3,7,11,9,11,11,10,9,0,2,6,4,6,11,0
7,2,5,11,0,7,3,3,8,9,7,8,0,11,7,5,3,8,10,4,8,8,4,11,10,10,4,11,0,3,2,10,0,7,3,10,5,3,7,8,9,0,2,3,11,8,7,6,2,0,7,11,3,3,0,4,4,10,9,3,8,9,2,10,11,10,0,6,0,2,5,7,11,10,2,7,0,4,0,11,3,5,7,11,3,0,8,2,3,0,11,4,0,0,8,11,6,0,4,8,2,7,2,8,4,0,3,7,9,7,7,2,8,8,3,8,10,2,7,8,0,4,8,7,4,2,4,2,10,2,3,4,8,9,11,4,8,0,10,0,0,11,10,2,3,7,5,7,0,2
8,3,6,0,2,8,4,4,9,10,8,9,2,0,8,6,4,9,11,5,9,9,5,0,11,11,5,0,2,4,3,11,2,8,4,11,6,4,8,9,10,2,3,4,0,9,8,7,3,2,8,0,4,4,2,5,5,11,10,4,9,10,3,11,0,11,2,7,2,3,6,8,0,11,3,8,2,5,2,0,4,6,8,0,4,2,9,3,4,2,0,5,2,2,9,0,7,2,5,9,3,8,3,9,5,2,4,8,10,8,8,3,9,9,4,9,11,3,8,9,2,5,9,8,5,3,5,3,11,3,4,5,9,10,0,5,9,2,11,2,2,0,11,3,4,8,6,8,2,3
9,4,7,2,3,9,5,5,10,11,9,10,3,2,9,7,5,10,0,6,10,10,6,2,0,0,6,2,3,5,4,0,3,9,5,0,7,5,9,10,11,3,4,5,2,10,9,8,4,3,9,2,5,5,3,6,6,0,11,5,10,11,4,0,2,0,3,8,3,4,7,9,2,0,4,9,3,6,3,2,5,7,9,2,5,3,10,4,5,3,2,6,3,3,10,2,8,3,6,10,4,9,4,10,6,3,5,9,11,9,9,4,10,10,5,10,0,4,9,10,3,6,10,9,6,4,6,4,0,4,5,6,10,11,2,6,10,3,0,3,3,2,0,4,5,9,7,9,3,4
10,5,8,3,4,10,6,6,11,0,10,11,4,3,10,8,6,11,2,7,11,11,7,3,2,2,7,3,4,6,5,2,4,10,6,2,8,6,10,11,0,4,5,6,3,11,10,9,5,4,10,3,6,6,4,7,7,2,0,6,11,0,5,2,3,2,4,9,4,5,8,10,3,2,5,10,4,7,4,3,6,8,10,3,6,4,11,5,6,4,3,7,4,4,11,3,9,4,7,11,5,10,5,11,7,4,6,10,0,10,10,5,11,11,6,11,2,5,10,11,4,7,11,10,7,5,7,5,2,5,6,7,11,0,3,7,11,4,2,4,4,3,2,5,6,10,8,10,4,5
11,6,9,4,5,11,7,7,0,2,11,0,5,4,11,9,7,0,3,8,0,0,8,4,3,3,8,4,5,7,6,3,5,11,7,3,9,7,11,0,2,5,6,7,4,0,11,10,6,5,11,4,7,7,5,8,8,3,2,7,0,2,6,3,4,3,5,10,5,6,9,11,4,3,6,11,5,8,5,4,7,9,11,4,7,5,0,6,7,5,4,8,5,5,0,4,10,5,8,0,6,11,6,0,8,5,7,11,2,11,11,6,0,0,7,0,3,6,11,0,5,8,0,11,8,6,8,6,3,6,7,8,0,2,4,8,0,5,3,5,5,4,3,6,7,11,9,11,5,6
0,7,10,5,6,0,8,8,2,3,0,2,6,5,0,10,8,2,4,9,2,2,9,5,4,4,9,5,6,8,7,4,6,0,8,4,10,8,0,2,3,6,7,8,5,2,0,11,7,6,0,5,8,8,6,9,9,4,3,8,2,3,7,4,5,4,6,11,6,7,10,0,5,4,7,0,6,9,6,5,8,10,0,5,8,6,2,7,8,6,5,9,6,6,2,5,11,6,9,2,7,0,7,2,9,6,8,0,3,0,0,7,2,2,8,2,4,7,0,2,6,9,2,0,9,7,9,7,4,7,8,9,2,3,5,9,2,6,4,6,6,5,4,7,8,0,10,0,6,7
2,8,11,6,7,2,9,9,3,4,2,3,7,6,2,11,9,3,5,10,3,3,10,6,5,5,10,6,7,9,8,5,7,2,9,5,11,9,2,3,4,7,8,9,6,3,2,0,8,7,2,6,9,9,7,10,10,5,4,9,3,4,8,5,6,5,7,0,7,8,11,2,6,5,8,2,7,10,7,6,9,11,2,6,9,7,3,8,9,7,6,10,7,7,3,6,0,7,10,3,8,2,8,3,10,7,9,2,4,2,2,8,3,3,9,3,5,8,2,3,7,10,3,2,10,8,10,8,5,8,9,10,3,4,6,10,3,7,5,7,7,6,5,8,9,2,11,2,7,8
3,9,0,7,8,3,10,10,4,5,3,4,8,7,3,0,10,4,6,11,4,4,11,7,6,6,11,7,8,10,9,6,8,3,10,6,0,10,3,4,5,8,9,10,7,4,3,2,9,8,3,7,10,10,8,11,11,6,5,10,4,5,9,6,7,6,8,2,8,9,0,3,7,6,9,3,8,11,8,7,10,0,3,7,10,8,4,9,10,8,7,11,8,8,4,7,2,8,11,4,9,3,9,4,11,8,10,3,5,3,3,9,4,4,10,4,6,9,3,4,8,11,4,3,11,9,11,9,6,9,10,11,4,5,7,11,4,8,6,8,8,7,6,9,10,3,0,3,8,9
4,10,2,8,9,4,11,11,5,6,4,5,9,8,4,2,11,5,7,0,5,5,0,8,7,7,0,8,9,11,10,7,9,4,11,7,2,11,4,5,6,9,10,11,8,5,4,3,10,9,4,8,11,11,9,0,0,7,6,11,5,6,10,7,8,7,9,3,9,10,2,4,8,7,10,4,9,0,9,8,11,2,4,8,11,9,5,10,11,9,8,0,9,9,5,8,3,9,0,5,10,4,10,5,0,9,11,4,6,4,4,10,5,5,11,5,7,10,4,5,9,0,5,4,0,10,0,10,7,10,11,0,5,6,8,0,5,9,7,9,9,8,7,10,11,4,2,4,9,10
5,11,3,9,10,5,0,0,6,7,5,6,10,9,5,3,0,6,8,2,6,6,2,9,8,8,2,9,10,0,11,8,10,5,0,8,3,0,5,6,7,10,11,0,9,6,5,4,11,10,5,9,0,0,10,2,2,8,7,0,6,7,11,8,9,8,10,4,10,11,3,5,9,8,11,5,10,2,10,9,0,3,5,9,0,10,6,11,0,10,9,2,10,10,6,9,4,10,2,6,11,5,11,6,2,10,0,5,7,5,5,11,6,6,0,6,8,11,5,6,10,2,6,5,2,11,2,11,8,11,0,2,6,7,9,2,6,10,8,10,10,9,8,11,0,5,3,5,10,11
6,0,4,10,11,6,2,2,7,8,6,7,11,10,6,4,2,7,9,3,7,7,3,10,9,9,3,10,11,2,0,9,11,6,2,9,4,2,6,7,8,11,0,2,10,7,6,5,0,11,6,10,2,2,11,3,3,9,8,2,7,8,0,9,10,9,11,5,11,0,4,6,10,9,0,6,11,3,11,10,2,4,6,10,2,11,7,0,2,11,10,3,11,11,7,10,5,11,3,7,0,6,0,7,3,11,2,6,8,6,6,0,7,7,2,7,9,0,6,7,11,3,7,6,3,0,3,0,9,0,2,3,7,8,10,3,7,11,9,11,11,10,9,0,2,6,4,6,11,0
7,2,5,11,0,7,3,3,8,9,7,8,0,11,7,5,3,8,10,4,8,8,4,11,10,10,4,11,0,3,2,10,0,7,3,10,5,3,7,8,9,0,2,3,11,8,7,6,2,0,7,11,3,3,0,4,4,10,9,3,8,9,2,10,11,10,0,6,0,2,5,7,11,10,2,7,0,4,0,11,3,5,7,11,3,0,8,2,3,0,11,4,0,0,8,11,6,0,4,8,2,7,2,8,4,0,3,7,9,7,7,2,8,8,3,8,10,2,7,8,0,4,8,7,4,2,4,2,10,2,3,4,8,9,11,4,8,0,10,0,0,11,10,2,3,7,5,7,0,2
8,3,6,0,2,8,4,4,9,10,8,9,2,0,8,6,4,9,11,5,9,9,5,0,11,11,5,0,2,4,3,11,2,8,4,11,6,4,8,9,10,2,3,4,0,9,8,7,3,2,8,0,4,4,2,5,5,11,10,4,9,10,3,11,0,11,2,7,2,3,6,8,0,11,3,8,2,5,2,0,4,6,8,0,4,2,9,3,4,2,0,5,2,2,9,0,7,2,5,9,3,8,3,9,5,2,4,8,10,8,8,3,9,9,4,9,11,3,8,9,2,5,9,8,5,3,5,3,11,3,4,5,9,10,0,5,9,2,11,2,2,0,11,3,4,8,6,8,2,3
9,4,7,2,3,9,5,5,10,11,9,10,3,2,9,7,5,10,0,6,10,10,6,2,0,0,6,2,3,5,4,0,3,9,5,0,7,5,9,10,11,3,4,5,2,10,9,8,4,3,9,2,5,5,3,6,6,0,11,5,10,11,4,0,2,0,3,8,3,4,7,9,2,0,4,9,3,6,3,2,5,7,9,2,5,3,10,4,5,3,2,6,3,3,10,2,8,3,6,10,4,9,4,10,6,3,5,9,11,9,9,4,10,10,5,10,0,4,9,10,3,6,10,9,6,4,6,4,0,4,5,6,10,11,2,6,10,3,0,3,3,2,0,4,5,9,7,9,3,4
10,5,8,3,4,10,6,6,11,0,10,11,4,3,10,8,6,11,2,7,11,11,7,3,2,2,7,3,4,6,5,2,4,10,6,2,8,6,10,11,0,4,5,6,3,11,10,9,5,4,10,3,6,6,4,7,7,2,0,6,11,0,5,2,3,2,4,9,4,5,8,10,3,2,5,10,4,7,4,3,6,8,10,3,6,4,11,5,6,4,3,7,4,4,11,3,9,4,7,11,5,10,5,11,7,4,6,10,0,10,10,5,11,11,6,11,2,5,10,11,4,7,11,10,7,5,7,5,2,5,6,7,11,0,3,7,11,4,2,4,4,3,2,5,6,10,8,10,4,5
11,6,9,4,5,11,7,7,0,2,11,0,5,4,11,9,7,0,3,8,0,0,8,4,3,3,8,4,5,7,6,3,5,11,7,3,9,7,11,0,2,5,6,7,4,0,11,10,6,5,11,4,7,7,5,8,8,3,2,7,0,2,6,3,4,3,5,10,5,6,9,11,4,3,6,11,5,8,5,4,7,9,11,4,7,5,0,6,7,5,4,8,5,5,0,4,10,5,8,0,6,11,6,0,8,5,7,11,2,11,11,6,0,0,7,0,3,6,11,0,5,8,0,11,8,6,8,6,3,6,7,8,0,2,4,8,0,5,3,5,5,4,3,6,7,11,9,11,5,6
0,7,10,5,6,0,8,8,2,3,0,2,6,5,0,10,8,2,4,9,2,2,9,5,4,4,9,5,6,8,7,4,6,0,8,4,10,8,0,2,3,6,7,8,5,2,0,11,7,6,0,5,8,8,6,9,9,4,3,8,2,3,7,4,5,4,6,11,6,7,10,0,5,4,7,0,6,9,6,5,8,10,0,5,8,6,2,7,8,6,5,9,6,6,2,5,11,6,9,2,7,0,7,2,9,6,8,0,3,0,0,7,2,2,8,2,4,7,0,2,6,9,2,0,9,7,9,7,4,7,8,9,2,3,5,9,2,6,4,6,6,5,4,7,8,0,10,0,6,7
2,8,11,6,7,2,9,9,3,4,2,3,7,6,2,11,9,3,5,10,3,3,10,6,5,5,10,6,7,9,8,5,7,2,9,5,11,9,2,3,4,7,8,9,6,3,2,0,8,7,2,6,9,9,7,10,10,5,4,9,3,4,8,5,6,5,7,0,7,8,11,2,6,5,8,2,7,10,7,6,9,11,2,6,9,7,3,8,9,7,6,10,7,7,3,6,0,7,10,3,8,2,8,3,10,7,9,2,4,2,2,8,3,3,9,3,5,8,2,3,7,10,3,2,10,8,10,8,5,8,9,10,3,4,6,10,3,7,5,7,7,6,5,8,9,2,11,2,7,8
3,9,0,7,8,3,10,10,4,5,3,4,8,7,3,0,10,4,6,11,4,4,11,7,6,6,11,7,8,10,9,6,8,3,10,6,0,10,3,4,5,8,9,10,7,4,3,2,9,8,3,7,10,10,8,11,11,6,5,10,4,5,9,6,7,6,8,2,8,9,0,3,7,6,9,3,8,11,8,7,10,0,3,7,10,8,4,9,10,8,7,11,8,8,4,7,2,8,11,4,9,3,9,4,11,8,10,3,5,3,3,9,4,4,10,4,6,9,3,4,8,11,4,3,11,9,11,9,6,9,10,11,4,5,7,11,4,8,6,8,8,7,6,9,10,3,0,3,8,9
4,10,2,8,9,4,11,11,5,6,4,5,9,8,4,2,11,5,7,0,5,5,0,8,7,7,0,8,9,11,10,7,9,4,11,7,2,11,4,5,6,9,10,11,8,5,4,3,10,9,4,8,11,11,9,0,0,7,6,11,5,6,10,7,8,7,9,3,9,10,2,4,8,7,10,4,9,0,9,8,11,2,4,8,11,9,5,10,11,9,8,0,9,9,5,8,3,9,0,5,10,4,10,5,0,9,11,4,6,4,4,10,5,5,11,5,7,10,4,5,9,0,5,4,0,10,0,10,7,10,11,0,5,6,8,0,5,9,7,9,9,8,7,10,11,4,2,4,9,10
5,11,3,9,10,5,0,0,6,7,5,6,10,9,5,3,0,6,8,2,6,6,2,9,8,8,2,9,10,0,11,8,10,5,0,8,3,0,5,6,7,10,11,0,9,6,5,4,11,10,5,9,0,0,10,2,2,8,7,0,6,7,11,8,9,8,10,4,10,11,3,5,9,8,11,5,10,2,10,9,0,3,5,9,0,10,6,11,0,10,9,2,10,10,6,9,4,10,2,6,11,5,11,6,2,10,0,5,7,5,5,11,6,6,0,6,8,11,5,6,10,2,6,5,2,11,2,11,8,11,0,2,6,7,9,2,6,10,8,10,10,9,8,11,0,5,3,5,10,11
6,0,4,10,11,6,2,2,7,8,6,7,11,10,6,4,2,7,9,3,7,7,3,10,9,9,3,10,11,2,0,9,11,6,2,9,4,2,6,7,8,11,0,2,10,7,6,5,0,11,6,10,2,2,11,3,3,9,8,2,7,8,0,9,10,9,11,5,11,0,4,6,10,9,0,6,11,3,11,10,2,4,6,10,2,11,7,0,2,11,10,3,11,11,7,10,5,11,3,7,0,6,0,7,3,11,2,6,8,6,6,0,7,7,2,7,9,0,6,7,11,3,7,6,3,0,3,0,9,0,2,3,7,8,10,3,7,11,9,11,11,10,9,0,2,6,4,6,11,0
7,2,5,11,0,7,3,3,8,9,7,8,0,11,7,5,3,8,10,4,8,8,4,11,10,10,4,11,0,3,2,10,0,7,3,10,5,3,7,8,9,0,2,3,11,8,7,6,2,0,7,11,3,3,0,4,4,10,9,3,8,9,2,10,11,10,0,6,0,2,5,7,11,10,2,7,0,4,0,11,3,5,7,11,3,0,8,2,3,0,11,4,0,0,8,11,6,0,4,8,2,7,2,8,4,0,3,7,9,7,7,2,8,8,3,8,10,2,7,8,0,4,8,7,4,2,4,2,10,2,3,4,8,9,11,4,8,0,10,0,0,11,10,2,3,7,5,7,0,2
8,3,6,0,2,8,4,4,9,10,8,9,2,0,8,6,4,9,11,5,9,9,5,0,11,11,5,0,2,4,3,11,2,8,4,11,6,4,8,9,10,2,3,4,0,9,8,7,3,2,8,0,4,4,2,5,5,11,10,4,9,10,3,11,0,11,2,7,2,3,6,8,0,11,3,8,2,5,2,0,4,6,8,0,4,2,9,3,4,2,0,5,2,2,9,0,7,2,5,9,3,8,3,9,5,2,4,8,10,8,8,3,9,9,4,9,11,3,8,9,2,5,9,8,5,3,5,3,11,3,4,5,9,10,0,5,9,2,11,2,2,0,11,3,4,8,6,8,2,3
9,4,7,2,3,9,5,5,10,11,9,10,3,2,9,7,5,10,0,6,10,10,6,2,0,0,6,2,3,5,4,0,3,9,5,0,7,5,9,10,11,3,4,5,2,10,9,8,4,3,9,2,5,5,3,6,6,0,11,5,10,11,4,0,2,0,3,8,3,4,7,9,2,0,4,9,3,6,3,2,5,7,9,2,5,3,10,4,5,3,2,6,3,3,10,2,8,3,6,10,4,9,4,10,6,3,5,9,11,9,9,4,10,10,5,10,0,4,9,10,3,6,10,9,6,4,6,4,0,4,5,6,10,11,2,6,10,3,0,3,3,2,0,4,5,9,7,9,3,4
10,5,8,3,4,10,6,6,11,0,10,11,4,3,10,8,6,11,2,7,11,11,7,3,2,2,7,3,4,6,5,2,4,10,6,2,8,6,10,11,0,4,5,6,3,11,10,9,5,4,10,3,6,6,4,7,7,2,0,6,11,0,5,2,3,2,4,9,4,5,8,10,3,2,5,10,4,7,4,3,6,8,10,3,6,4,11,5,6,4,3,7,4,4,11,3,9,4,7,11,5,10,5,11,7,4,6,10,0,10,10,5,11,11,6,11,2,5,10,11,4,7,11,10,7,5,7,5,2,5,6,7,11,0,3,7,11,4,2,4,4,3,2,5,6,10,8,10,4,5
11,6,9,4,5,11,7,7,0,2,11,0,5,4,11,9,7,0,3,8,0,0,8,4,3,3,8,4,5,7,6,3,5,11,7,3,9,7,11,0,2,5,6,7,4,0,11,10,6,5,11,4,7,7,5,8,8,3,2,7,0,2,6,3,4,3,5,10,5,6,9,11,4,3,6,11,5,8,5,4,7,9,11,4,7,5,0,6,7,5,4,8,5,5,0,4,10,5,8,0,6,11,6,0,8,5,7,11,2,11,11,6,0,0,7,0,3,6,11,0,5,8,0,11,8,6,8,6,3,6,7,8,0,2,4,8,0,5,3,5,5,4,3,6,7,11,9,11,5,6
0,7,10,5,6,0,8,8,2,3,0,2,6,5,0,10,8,2,4,9,2,2,9,5,4,4,9,5,6,8,7,4,6,0,8,4,10,8,0,2,3,6,7,8,5,2,0,11,7,6,0,5,8,8,6,9,9,4,3,8,2,3,7,4,5,4,6,11,6,7,10,0,5,4,7,0,6,9,6,5,8,10,0,5,8,6,2,7,8,6,5,9,6,6,2,5,11,6,9,2,7,0,7,2,9,6,8,0,3,0,0,7,2,2,8,2,4,7,0,2,6,9,2,0,9,7,9,7,4,7,8,9,2,3,5,9,2,6,4,6,6,5,4,7,8,0,10,0,6,7
2,8,11,6,7,2,9,9,3,4,2,3,7,6,2,11,9,3,5,10,3,3,10,6,5,5,10,6,7,9,8,5,7,2,9,5,11,9,2,3,4,7,8,9,6,3,2,0,8,7,2,6,9,9,7,10,10,5,4,9,3,4,8,5,6,5,7,0,7,8,11,2,6,5,8,2,7,10,7,6,9,11,2,6,9,7,3,8,9,7,6,10,7,7,3,6,0,7,10,3,8,2,8,3,10,7,9,2,4,2,2,8,3,3,9,3,5,8,2,3,7,10,3,2,10,8,10,8,5,8,9,10,3,4,6,10,3,7,5,7,7,6,5,8,9,2,11,2,7,8
3,9,0,7,8,3,10,10,4,5,3,4,8,7,3,0,10,4,6,11,4,4,11,7,6,6,11,7,8,10,9,6,8,3,10,6,0,10,3,4,5,8,9,10,7,4,3,2,9,8,3,7,10,10,8,11,11,6,5,10,4,5,9,6,7,6,8,2,8,9,0,3,7,6,9,3,8,11,8,7,10,0,3,7,10,8,4,9,10,8,7,11,8,8,4,7,2,8,11,4,9,3,9,4,11,8,10,3,5,3,3,9,4,4,10,4,6,9,3,4,8,11,4,3,11,9,11,9,6,9,10,11,4,5,7,11,4,8,6,8,8,7,6,9,10,3,0,3,8,9
4,10,2,8,9,4,11,11,5,6,4,5,9,8,4,2,11,5,7,0,5,5,0,8,7,7,0,8,9,11,10,7,9,4,11,7,2,11,4,5,6,9,10,11,8,5,4,3,10,9,4,8,11,11,9,0,0,7,6,11,5,6,10,7,8,7,9,3,9,10,2,4,8,7,10,4,9,0,9,8,11,2,4,8,11,9,5,10,11,9,8,0,9,9,5,8,3,9,0,5,10,4,10,5,0,9,11,4,6,4,4,10,5,5,11,5,7,10,4,5,9,0,5,4,0,10,0,10,7,10,11,0,5,6,8,0,5,9,7,9,9,8,7,10,11,4,2,4,9,10
5,11,3,9,10,5,0,0,6,7,5,6,10,9,5,3,0,6,8,2,6,6,2,9,8,8,2,9,10,0,11,8,10,5,0,8,3,0,5,6,7,10,11,0,9,6,5,4,11,10,5,9,0,0,10,2,2,8,7,0,6,7,11,8,9,8,10,4,10,11,3,5,9,8,11,5,10,2,10,9,0,3,5,9,0,10,6,11,0,10,9,2,10,10,6,9,4,10,2,6,11,5,11,6,2,10,0,5,7,5,5,11,6,6,0,6,8,11,5,6,10,2,6,5,2,11,2,11,8,11,0,2,6,7,9,2,6,10,8,10,10,9,8,11,0,5,3,5,10,11
6,0,4,10,11,6,2,2,7,8,6,7,11,10,6,4,2,7,9,3,7,7,3,10,9,9,3,10,11,2,0,9,11,6,2,9,4,2,6,7,8,11,0,2,10,7,6,5,0,11,6,10,2,2,11,3,3,9,8,2,7,8,0,9,10,9,11,5,11,0,4,6,10,9,0,6,11,3,11,10,2,4,6,10,2,11,7,0,2,11,10,3,11,11,7,10,5,11,3,7,0,6,0,7,3,11,2,6,8,6,6,0,7,7,2,7,9,0,6,7,11,3,7,6,3,0,3,0,9,0,2,3,7,8,10,3,7,11,9,11,11,10,9,0,2,6,4,6,11,0
7,2,5,11,0,7,3,3,8,9,7,8,0,11,7,5,3,8,10,4,8,8,4,11,10,10,4,11,0,3,2,10,0,7,3,10,5,3,7,8,9,0,2,3,11,8,7,6,2,0,7,11,3,3,0,4,4,10,9,3,8,9,2,10,11,10,0,6,0,2,5,7,11,10,2,7,0,4,0,11,3,5,7,11,3,0,8,2,3,0,11,4,0,0,8,11,6,0,4,8,2,7,2,8,4,0,3,7,9,7,7,2,8,8,3,8,10,2,7,8,0,4,8,7,4,2,4,2,10,2,3,4,8,9,11,4,8,0,10,0,0,11,10,2,3,7,5,7,0,2
8,3,6,0,2,8,4,4,9,10,8,9,2,0,8,6,4,9,11,5,9,9,5,0,11,11,5,0,2,4,3,11,2,8,4,11,6,4,8,9,10,2,3,4,0,9,8,7,3,2,8,0,4,4,2,5,5,11,10,4,9,10,3,11,0,11,2,7,2,3,6,8,0,11,3,8,2,5,2,0,4,6,8,0,4,2,9,3,4,2,0,5,2,2,9,0,7,2,5,9,3,8,3,9,5,2,4,8,10,8,8,3,9,9,4,9,11,3,8,9,2,5,9,8,5,3,5,3,11,3,4,5,9,10,0,5,9,2,11,2,2,0,11,3,4,8,6,8,2,3
9,4,7,2,3,9,5,5,10,11,9,10,3,2,9,7,5,10,0,6,10,10,6,2,0,0,6,2,3,5,4,0,3,9,5,0,7,5,9,10,11,3,4,5,2,10,9,8,4,3,9,2,5,5,3,6,6,0,11,5,10,11,4,0,2,0,3,8,3,4,7,9,2,0,4,9,3,6,3,2,5,7,9,2,5,3,10,4,5,3,2,6,3,3,10,2,8,3,6,10,4,9,4,10,6,3,5,9,11,9,9,4,10,10,5,10,0,4,9,10,3,6,10,9,6,4,6,4,0,4,5,6,10,11,2,6,10,3,0,3,3,2,0,4,5,9,7,9,3,4
10,5,8,3,4,10,6,6,11,0,10,11,4,3,10,8,6,11,2,7,11,11,7,3,2,2,7,3,4,6,5,2,4,10,6,2,8,6,10,11,0,4,5,6,3,11,10,9,5,4,10,3,6,6,4,7,7,2,0,6,11,0,5,2,3,2,4,9,4,5,8,10,3,2,5,10,4,7,4,3,6,8,10,3,6,4,11,5,6,4,3,7,4,4,11,3,9,4,7,11,5,10,5,11,7,4,6,10,0,10,10,5,11,11,6,11,2,5,10,11,4,7,11,10,7,5,7,5,2,5,6,7,11,0,3,7,11,4,2,4,4,3,2,5,6,10,8,10,4,5
11,6,9,4,5,11,7,7,0,2,11,0,5,4,11,9,7,0,3,8,0,0,8,4,3,3,8,4,5,7,6,3,5,11,7,3,9,7,11,0,2,5,6,7,4,0,11,10,6,5,11,4,7,7,5,8,8,3,2,7,0,2,6,3,4,3,5,10,5,6,9,11,4,3,6,11,5,8,5,4,7,9,11,4,7,5,0,6,7,5,4,8,5,5,0,4,10,5,8,0,6,11,6,0,8,5,7,11,2,11,11,6,0,0,7,0,3,6,11,0,5,8,0,11,8,6,8,6,3,6,7,8,0,2,4,8,0,5,3,5,5,4,3,6,7,11,9,11,5,6
0,7,10,5,6,0,8,8,2,3,0,2,6,5,0,10,8,2,4,9,2,2,9,5,4,4,9,5,6,8,7,4,6,0,8,4,10,8,0,2,3,6,7,8,5,2,0,11,7,6,0,5,8,8,6,9,9,4,3,8,2,3,7,4,5,4,6,11,6,7,10,0,5,4,7,0,6,9,6,5,8,10,0,5,8,6,2,7,8,6,5,9,6,6,2,5,11,6,9,2,7,0,7,2,9,6,8,0,3,0,0,7,2,2,8,2,4,7,0,2,6,9,2,0,9,7,9,7,4,7,8,9,2,3,5,9,2,6,4,6,6,5,4,7,8,0,10,0,6,7
2,8,11,6,7,2,9,9,3,4,2,3,7,6,2,11,9,3,5,10,3,3,10,6,5,5,10,6,7,9,8,5,7,2,9,5,11,9,2,3,4,7,8,9,6,3,2,0,8,7,2,6,9,9,7,10,10,5,4,9,3,4,8,5,6,5,7,0,7,8,11,2,6,5,8,2,7,10,7,6,9,11,2,6,9,7,3,8,9,7,6,10,7,7,3,6,0,7,10,3,8,2,8,3,10,7,9,2,4,2,2,8,3,3,9,3,5,8,2,3,7,10,3,2,10,8,10,8,5,8,9,10,3,4,6,10,3,7,5,7,7,6,5,8,9,2,11,2,7,8
3,9,0,7,8,3,10,10,4,5,3,4,8,7,3,0,10,4,6,11,4,4,11,7,6,6,11,7,8,10,9,6,8,3,10,6,0,10,3,4,5,8,9,10,7,4,3,2,9,8,3,7,10,10,8,11,11,6,5,10,4,5,9,6,7,6,8,2,8,9,0,3,7,6,9,3,8,11,8,7,10,0,3,7,10,8,4,9,10,8,7,11,8,8,4,7,2,8,11,4,9,3,9,4,11,8,10,3,5,3,3,9,4,4,10,4,6,9,3,4,8,11,4,3,11,9,11,9,6,9,10,11,4,5,7,11,4,8,6,8,8,7,6,9,10,3,0,3,8,9
4,10,2,8,9,4,11,11,5,6,4,5,9,8,4,2,11,5,7,0,5,5,0,8,7,7,0,8,9,11,10,7,9,4,11,7,2,11,4,5,6,9,10,11,8,5,4,3,10,9,4,8,11,11,9,0,0,7,6,11,5,6,10,7,8,7,9,3,9,10,2,4,8,7,10,4,9,0,9,8,11,2,4,8,11,9,5,10,11,9,8,0,9,9,5,8,3,9,0,5,10,4,10,5,0,9,11,4,6,4,4,10,5,5,11,5,7,10,4,5,9,0,5,4,0,10,0,10,7,10,11,0,5,6,8,0,5,9,7,9,9,8,7,10,11,4,2,4,9,10
5,11,3,9,10,5,0,0,6,7,5,6,10,9,5,3,0,6,8,2,6,6,2,9,8,8,2,9,10,0,11,8,10,5,0,8,3,0,5,6,7,10,11,0,9,6,5,4,11,10,5,9,0,0,10,2,2,8,7,0,6,7,11,8,9,8,10,4,10,11,3,5,9,8,11,5,10,2,10,9,0,3,5,9,0,10,6,11,0,10,9,2,10,10,6,9,4,10,2,6,11,5,11,6,2,10,0,5,7,5,5,11,6,6,0,6,8,11,5,6,10,2,6,5,2,11,2,11,8,11,0,2,6,7,9,2,6,10,8,10,10,9,8,11,0,5,3,5,10,11
6,0,4,10,11,6,2,2,7,8,6,7,11,10,6,4,2,7,9,3,7,7,3,10,9,9,3,10,11,2,0,9,11,6,2,9,4,2,6,7,8,11,0,2,10,7,6,5,0,11,6,10,2,2,11,3,3,9,8,2,7,8,0,9,10,9,11,5,11,0,4,6,10,9,0,6,11,3,11,10,2,4,6,10,2,11,7,0,2,11,10,3,11,11,7,10,5,11,3,7,0,6,0,7,3,11,2,6,8,6,6,0,7,7,2,7,9,0,6,7,11,3,7,6,3,0,3,0,9,0,2,3,7,8,10,3,7,11,9,11,11,10,9,0,2,6,4,6,11,0
7,2,5,11,0,7,3,3,8,9,7,8,0,11,7,5,3,8,10,4,8,8,4,11,10,10,4,11,0,3,2,10,0,7,3,10,5,3,7,8,9,0,2,3,11,8,7,6,2,0,7,11,3,3,0,4,4,10,9,3,8,9,2,10,11,10,0,6,0,2,5,7,11,10,2,7,0,4,0,11,3,5,7,11,3,0,8,2,3,0,11,4,0,0,8,11,6,0,4,8,2,7,2,8,4,0,3,7,9,7,7,2,8,8,3,8,10,2,7,8,0,4,8,7,4,2,4,2,10,2,3,4,8,9,11,4,8,0,10,0,0,11,10,2,3,7,5,7,0,2
8,3,6,0,2,8,4,4,9,10,8,9,2,0,8,6,4,9,11,5,9,9,5,0,11,11,5,0,2,4,3,11,2,8,4,11,6,4,8,9,10,2,3,4,0,9,8,7,3,2,8,0,4,4,2,5,5,11,10,4,9,10,3,11,0,11,2,7,2,3,6,8,0,11,3,8,2,5,2,0,4,6,8,0,4,2,9,3,4,2,0,5,2,2,9,0,7,2,5,9,3,8,3,9,5,2,4,8,10,8,8,3,9,9,4,9,11,3,8,9,2,5,9,8,5,3,5,3,11,3,4,5,9,10,0,5,9,2,11,2,2,0,11,3,4,8,6,8,2,3
9,4,7,2,3,9,5,5,10,11,9,10,3,2,9,7,5,10,0,6,10,10,6,2,0,0,6,2,3,5,4,0,3,9,5,0,7,5,9,10,11,3,4,5,2,10,9,8,4,3,9,2,5,5,3,6,6,0,11,5,10,11,4,0,2,0,3,8,3,4,7,9,2,0,4,9,3,6,3,2,5,7,9,2,5,3,10,4,5,3,2,6,3,3,10,2,8,3,6,10,4,9,4,10,6,3,5,9,11,9,9,4,10,10,5,10,0,4,9,10,3,6,10,9,6,4,6,4,0,4,5,6,10,11,2,6,10,3,0,3,3,2,0,4,5,9,7,9,3,4
10,5,8,3,4,10,6,6,11,0,10,11,4,3,10,8,6,11,2,7,11,11,7,3,2,2,7,3,4,6,5,2,4,10,6,2,8,6,10,11,0,4,5,6,3,11,10,9,5,4,10,3,6,6,4,7,7,2,0,6,11,0,5,2,3,2,4,9,4,5,8,10,3,2,5,10,4,7,4,3,6,8,10,3,6,4,11,5,6,4,3,7,4,4,11,3,9,4,7,11,5,10,5,11,7,4,6,10,0,10,10,5,11,11,6,11,2,5,10,11,4,7,11,10,7,5,7,5,2,5,6,7,11,0,3,7,11,4,2,4,4,3,2,5,6,10,8,10,4,5
11,6,9,4,5,11,7,7,0,2,11,0,5,4,11,9,7,0,3,8,0,0,8,4,3,3,8,4,5,7,6,3,5,11,7,3,9,7,11,0,2,5,6,7,4,0,11,10,6,5,11,4,7,7,5,8,8,3,2,7,0,2,6,3,4,3,5,10,5,6,9,11,4,3,6,11,5,8,5,4,7,9,11,4,7,5,0,6,7,5,4,8,5,5,0,4,10,5,8,0,6,11,6,0,8,5,7,11,2,11,11,6,0,0,7,0,3,6,11,0,5,8,0,11,8,6,8,6,3,6,7,8,0,2,4,8,0,5,3,5,5,4,3,6,7,11,9,11,5,6
0,7,10,5,6,0,8,8,2,3,0,2,6,5,0,10,8,2,4,9,2,2,9,5,4,4,9,5,6,8,7,4,6,0,8,4,10,8,0,2,3,6,7,8,5,2,0,11,7,6,0,5,8,8,6,9,9,4,3,8,2,3,7,4,5,4,6,11,6,7,10,0,5,4,7,0,6,9,6,5,8,10,0,5,8,6,2,7,8,6,5,9,6,6,2,5,11,6,9,2,7,0,7,2,9,6,8,0,3,0,0,7,2,2,8,2,4,7,0,2,6,9,2,0,9,7,9,7,4,7,8,9,2,3,5,9,2,6,4,6,6,5,4,7,8,0,10,0,6,7
2,8,11,6,7,2,9,9,3,4,2,3,7,6,2,11,9,3,5,10,3,3,10,6,5,5,10,6,7,9,8,5,7,2,9,5,11,9,2,3,4,7,8,9,6,3,2,0,8,7,2,6,9,9,7,10,10,5,4,9,3,4,8,5,6,5,7,0,7,8,11,2,6,5,8,2,7,10,7,6,9,11,2,6,9,7,3,8,9,7,6,10,7,7,3,6,0,7,10,3,8,2,8,3,10,7,9,2,4,2,2,8,3,3,9,3,5,8,2,3,7,10,3,2,10,8,10,8,5,8,9,10,3,4,6,10,3,7,5,7,7,6,5,8,9,2,11,2,7,8
3,9,0,7,8,3,10,10,4,5,3,4,8,7,3,0,10,4,6,11,4,4,11,7,6,6,11,7,8,10,9,6,8,3,10,6,0,10,3,4,5,8,9,10,7,4,3,2,9,8,3,7,10,10,8,11,11,6,5,10,4,5,9,6,7,6,8,2,8,9,0,3,7,6,9,3,8,11,8,7,10,0,3,7,10,8,4,9,10,8,7,11,8,8,4,7,2,8,11,4,9,3,9,4,11,8,10,3,5,3,3,9,4,4,10,4,6,9,3,4,8,11,4,3,11,9,11,9,6,9,10,11,4,5,7,11,4,8,6,8,8,7,6,9,10,3,0,3,8,9
4,10,2,8,9,4,11,11,5,6,4,5,9,8,4,2,11,5,7,0,5,5,0,8,7,7,0,8,9,11,10,7,9,4,11,7,2,11,4,5,6,9,10,11,8,5,4,3,10,9,4,8,11,11,9,0,0,7,6,11,5,6,10,7,8,7,9,3,9,10,2,4,8,7,10,4,9,0,9,8,11,2,4,8,11,9,5,10,11,9,8,0,9,9,5,8,3,9,0,5,10,4,10,5,0,9,11,4,6,4,4,10,5,5,11,5,7,10,4,5,9,0,5,4,0,10,0,10,7,10,11,0,5,6,8,0,5,9,7,9,9,8,7,10,11,4,2,4,9,10
5,11,3,9,10,5,0,0,6,7,5,6,10,9,5,3,0,6,8,2,6,6,2,9,8,8,2,9,10,0,11,8,10,5,0,8,3,0,5,6,7,10,11,0,9,6,5,4,11,10,5,9,0,0,10,2,2,8,7,0,6,7,11,8,9,8,10,4,10,11,3,5,9,8,11,5,10,2,10,9,0,3,5,9,0,10,6,11,0,10,9,2,10,10,6,9,4,10,2,6,11,5,11,6,2,10,0,5,7,5,5,11,6,6,0,6,8,11,5,6,10,2,6,5,2,11,2,11,8,11,0,2,6,7,9,2,6,10,8,10,10,9,8,11,0,5,3,5,10,11
6,0,4,10,11,6,2,2,7,8,6,7,11,10,6,4,2,7,9,3,7,7,3,10,9,9,3,10,11,2,0,9,11,6,2,9,4,2,6,7,8,11,0,2,10,7,6,5,0,11,6,10,2,2,11,3,3,9,8,2,7,8,0,9,10,9,11,5,11,0,4,6,10,9,0,6,11,3,11,10,2,4,6,10,2,11,7,0,2,11,10,3,11,11,7,10,5,11,3,7,0,6,0,7,3,11,2,6,8,6,6,0,7,7,2,7,9,0,6,7,11,3,7,6,3,0,3,0,9,0,2,3,7,8,10,3,7,11,9,11,11,10,9,0,2,6,4,6,11,0
7,2,5,11,0,7,3,3,8,9,7,8,0,11,7,5,3,8,10,4,8,8,4,11,10,10,4,11,0,3,2,10,0,7,3,10,5,3,7,8,9,0,2,3,11,8,7,6,2,0,7,11,3,3,0,4,4,10,9,3,8,9,2,10,11,10,0,6,0,2,5,7,11,10,2,7,0,4,0,11,3,5,7,11,3,0,8,2,3,0,11,4,0,0,8,11,6,0,4,8,2,7,2,8,4,0,3,7,9,7,7,2,8,8,3,8,10,2,7,8,0,4,8,7,4,2,4,2,10,2,3,4,8,9,11,4,8,0,10,0,0,11,10,2,3,7,5,7,0,2
8,3,6,0,2,8,4,4,9,10,8,9,2,0,8,6,4,9,11,5,9,9,5,0,11,11,5,0,2,4,3,11,2,8,4,11,6,4,8,9,10,2,3,4,0,9,8,7,3,2,8,0,4,4,2,5,5,11,10,4,9,10,3,11,0,11,2,7,2,3,6,8,0,11,3,8,2,5,2,0,4,6,8,0,4,2,9,3,4,2,0,5,2,2,9,0,7,2,5,9,3,8,3,9,5,2,4,8,10,8,8,3,9,9,4,9,11,3,8,9,2,5,9,8,5,3,5,3,11,3,4,5,9,10,0,5,9,2,11,2,2,0,11,3,4,8,6,8,2,3
9,4,7,2,3,9,5,5,10,11,9,10,3,2,9,7,5,10,0,6,10,10,6,2,0,0,6,2,3,5,4,0,3,9,5,0,7,5,9,10,11,3,4,5,2,10,9,8,4,3,9,2,5,5,3,6,6,0,11,5,10,11,4,0,2,0,3,8,3,4,7,9,2,0,4,9,3,6,3,2,5,7,9,2,5,3,10,4,5,3,2,6,3,3,10,2,8,3,6,10,4,9,4,10,6,3,5,9,11,9,9,4,10,10,5,10,0,4,9,10,3,6,10,9,6,4,6,4,0,4,5,6,10,11,2,6,10,3,0,3,3,2,0,4,5,9,7,9,3,4
10,5,8,3,4,10,6,6,11,0,10,11,4,3,10,8,6,11,2,7,11,11,7,3,2,2,7,3,4,6,5,2,4,10,6,2,8,6,10,11,0,4,5,6,3,11,10,9,5,4,10,3,6,6,4,7,7,2,0,6,11,0,5,2,3,2,4,9,4,5,8,10,3,2,5,10,4,7,4,3,6,8,10,3,6,4,11,5,6,4,3,7,4,4,11,3,9,4,7,11,5,10,5,11,7,4,6,10,0,10,10,5,11,11,6,11,2,5,10,11,4,7,11,10,7,5,7,5,2,5,6,7,11,0,3,7,11,4,2,4,4,3,2,5,6,10,8,10,4,5
11,6,9,4,5,11,7,7,0,2,11,0,5,4,11,9,7,0,3,8,0,0,8,4,3,3,8,4,5,7,6,3,5,11,7,3,9,7,11,0,2,5,6,7,4,0,11,10,6,5,11,4,7,7,5,8,8,3,2,7,0,2,6,3,4,3,5,10,5,6,9,11,4,3,6,11,5,8,5,4,7,9,11,4,7,5,0,6,7,5,4,8,5,5,0,4,10,5,8,0,6,11,6,0,8,5,7,11,2,11,11,6,0,0,7,0,3,6,11,0,5,8,0,11,8,6,8,6,3,6,7,8,0,2,4,8,0,5,3,5,5,4,3,6,7,11,9,11,5,6
0,7,10,5,6,0,8,8,2,3,0,2,6,5,0,10,8,2,4,9,2,2,9,5,4,4,9,5,6,8,7,4,6,0,8,4,10,8,0,2,3,6,7,8,5,2,0,11,7,6,0,5,8,8,6,9,9,4,3,8,2,3,7,4,5,4,6,11,6,7,10,0,5,4,7,0,6,9,6,5,8,10,0,5,8,6,2,7,8,6,5,9,6,6,2,5,11,6,9,2,7,0,7,2,9,6,8,0,3,0,0,7,2,2,8,2,4,7,0,2,6,9,2,0,9,7,9,7,4,7,8,9,2,3,5,9,2,6,4,6,6,5,4,7,8,0,10,0,6,7
2,8,11,6,7,2,9,9,3,4,2,3,7,6,2,11,9,3,5,10,3,3,10,6,5,5,10,6,7,9,8,5,7,2,9,5,11,9,2,3,4,7,8,9,6,3,2,0,8,7,2,6,9,9,7,10,10,5,4,9,3,4,8,5,6,5,7,0,7,8,11,2,6,5,8,2,7,10,7,6,9,11,2,6,9,7,3,8,9,7,6,10,7,7,3,6,0,7,10,3,8,2,8,3,10,7,9,2,4,2,2,8,3,3,9,3,5,8,2,3,7,10,3,2,10,8,10,8,5,8,9,10,3,4,6,10,3,7,5,7,7,6,5,8,9,2,11,2,7,8
3,9,0,7,8,3,10,10,4,5,3,4,8,7,3,0,10,4,6,11,4,4,11,7,6,6,11,7,8,10,9,6,8,3,10,6,0,10,3,4,5,8,9,10,7,4,3,2,9,8,3,7,10,10,8,11,11,6,5,10,4,5,9,6,7,6,8,2,8,9,0,3,7,6,9,3,8,11,8,7,10,0,3,7,10,8,4,9,10,8,7,11,8,8,4,7,2,8,11,4,9,3,9,4,11,8,10,3,5,3,3,9,4,4,10,4,6,9,3,4,8,11,4,3,11,9,11,9,6,9,10,11,4,5,7,11,4,8,6,8,8,7,6,9,10,3,0,3,8,9
4,10,2,8,9,4,11,11,5,6,4,5,9,8,4,2,11,5,7,0,5,5,0,8,7,7,0,8,9,11,10,7,9,4,11,7,2,11,4,5,6,9,10,11,8,5,4,3,10,9,4,8,11,11,9,0,0,7,6,11,5,6,10,7,8,7,9,3,9,10,2,4,8,7,10,4,9,0,9,8,11,2,4,8,11,9,5,10,11,9,8,0,9,9,5,8,3,9,0,5,10,4,10,5,0,9,11,4,6,4,4,10,5,5,11,5,7,10,4,5,9,0,5,4,0,10,0,10,7,10,11,0,5,6,8,0,5,9,7,9,9,8,7,10,11,4,2,4,9,10
5,11,3,9,10,5,0,0,6,7,5,6,10,9,5,3,0,6,8,2,6,6,2,9,8,8,2,9,10,0,11,8,10,5,0,8,3,0,5,6,7,10,11,0,9,6,5,4,11,10,5,9,0,0,10,2,2,8,7,0,6,7,11,8,9,8,10,4,10,11,3,5,9,8,11,5,10,2,10,9,0,3,5,9,0,10,6,11,0,10,9,2,10,10,6,9,4,10,2,6,11,5,11,6,2,10,0,5,7,5,5,11,6,6,0,6,8,11,5,6,10,2,6,5,2,11,2,11,8,11,0,2,6,7,9,2,6,10,8,10,10,9,8,11,0,5,3,5,10,11
6,0,4,10,11,6,2,2,7,8,6,7,11,10,6,4,2,7,9,3,7,7,3,10,9,9,3,10,11,2,0,9,11,6,2,9,4,2,6,7,8,11,0,2,10,7,6,5,0,11,6,10,2,2,11,3,3,9,8,2,7,8,0,9,10,9,11,5,11,0,4,6,10,9,0,6,11,3,11,10,2,4,6,10,2,11,7,0,2,11,10,3,11,11,7,10,5,11,3,7,0,6,0,7,3,11,2,6,8,6,6,0,7,7,2,7,9,0,6,7,11,3,7,6,3,0,3,0,9,0,2,3,7,8,10,3,7,11,9,11,11,10,9,0,2,6,4,6,11,0
7,2,5,11,0,7,3,3,8,9,7,8,0,11,7,5,3,8,10,4,8,8,4,11,10,10,4,11,0,3,2,10,0,7,3,10,5,3,7,8,9,0,2,3,11,8,7,6,2,0,7,11,3,3,0,4,4,10,9,3,8,9,2,10,11,10,0,6,0,2,5,7,11,10,2,7,0,4,0,11,3,5,7,11,3,0,8,2,3,0,11,4,0,0,8,11,6,0,4,8,2,7,2,8,4,0,3,7,9,7,7,2,8,8,3,8,10,2,7,8,0,4,8,7,4,2,4,2,10,2,3,4,8,9,11,4,8,0,10,0,0,11,10,2,3,7,5,7,0,2
8,3,6,0,2,8,4,4,9,10,8,9,2,0,8,6,4,9,11,5,9,9,5,0,11,11,5,0,2,4,3,11,2,8,4,11,6,4,8,9,10,2,3,4,0,9,8,7,3,2,8,0,4,4,2,5,5,11,10,4,9,10,3,11,0,11,2,7,2,3,6,8,0,11,3,8,2,5,2,0,4,6,8,0,4,2,9,3,4,2,0,5,2,2,9,0,7,2,5,9,3,8,3,9,5,2,4,8,10,8,8,3,9,9,4,9,11,3,8,9,2,5,9,8,5,3,5,3,11,3,4,5,9,10,0,5,9,2,11,2,2,0,11,3,4,8,6,8,2,3
9,4,7,2,3,9,5,5,10,11,9,10,3,2,9,7,5,10,0,6,10,10,6,2,0,0,6,2,3,5,4,0,3,9,5,0,7,5,9,10,11,3,4,5,2,10,9,8,4,3,9,2,5,5,3,6,6,0,11,5,10,11,4,0,2,0,3,8,3,4,7,9,2,0,4,9,3,6,3,2,5,7,9,2,5,3,10,4,5,3,2,6,3,3,10,2,8,3,6,10,4,9,4,10,6,3,5,9,11,9,9,4,10,10,5,10,0,4,9,10,3,6,10,9,6,4,6,4,0,4,5,6,10,11,2,6,10,3,0,3,3,2,0,4,5,9,7,9,3,4
10,5,8,3,4,10,6,6,11,0,10,11,4,3,10,8,6,11,2,7,11,11,7,3,2,2,7,3,4,6,5,2,4,10,6,2,8,6,10,11,0,4,5,6,3,11,10,9,5,4,10,3,6,6,4,7,7,2,0,6,11,0,5,2,3,2,4,9,4,5,8,10,3,2,5,10,4,7,4,3,6,8,10,3,6,4,11,5,6,4,3,7,4,4,11,3,9,4,7,11,5,10,5,11,7,4,6,10,0,10,10,5,11,11,6,11,2,5,10,11,4,7,11,10,7,5,7,5,2,5,6,7,11,0,3,7,11,4,2,4,4,3,2,5,6,10,8,10,4,5
11,6,9,4,5,11,7,7,0,2,11,0,5,4,11,9,7,0,3,8,0,0,8,4,3,3,8,4,5,7,6,3,5,11,7,3,9,7,11,0,2,5,6,7,4,0,11,10,6,5,11,4,7,7,5,8,8,3,2,7,0,2,6,3,4,3,5,10,5,6,9,11,4,3,6,11,5,8,5,4,7,9,11,4,7,5,0,6,7,5,4,8,5,5,0,4,10,5,8,0,6,11,6,0,8,5,7,11,2,11,11,6,0,0,7,0,3,6,11,0,5,8,0,11,8,6,8,6,3,6,7,8,0,2,4,8,0,5,3,5,5,4,3,6,7,11,9,11,5,6
0,7,10,5,6,0,8,8,2,3,0,2,6,5,0,10,8,2,4,9,2,2,9,5,4,4,9,5,6,8,7,4,6,0,8,4,10,8,0,2,3,6,7,8,5,2,0,11,7,6,0,5,8,8,6,9,9,4,3,8,2,3,7,4,5,4,6,11,6,7,10,0,5,4,7,0,6,9,6,5,8,10,0,5,8,6,2,7,8,6,5,9,6,6,2,5,11,6,9,2,7,0,7,2,9,6,8,0,3,0,0,7,2,2,8,2,4,7,0,2,6,9,2,0,9,7,9,7,4,7,8,9,2,3,5,9,2,6,4,6,6,5,4,7,8,0,10,0,6,7
2,8,11,6,7,2,9,9,3,4,2,3,7,6,2,11,9,3,5,10,3,3,10,6,5,5,10,6,7,9,8,5,7,2,9,5,11,9,2,3,4,7,8,9,6,3,2,0,8,7,2,6,9,9,7,10,10,5,4,9,3,4,8,5,6,5,7,0,7,8,11,2,6,5,8,2,7,10,7,6,9,11,2,6,9,7,3,8,9,7,6,10,7,7,3,6,0,7,10,3,8,2,8,3,10,7,9,2,4,2,2,8,3,3,9,3,5,8,2,3,7,10,3,2,10,8,10,8,5,8,9,10,3,4,6,10,3,7,5,7,7,6,5,8,9,2,11,2,7,8
3,9,0,7,8,3,10,10,4,5,3,4,8,7,3,0,10,4,6,11,4,4,11,7,6,6,11,7,8,10,9,6,8,3,10,6,0,10,3,4,5,8,9,10,7,4,3,2,9,8,3,7,10,10,8,11,11,6,5,10,4,5,9,6,7,6,8,2,8,9,0,3,7,6,9,3,8,11,8,7,10,0,3,7,10,8,4,9,10,8,7,11,8,8,4,7,2,8,11,4,9,3,9,4,11,8,10,3,5,3,3,9,4,4,10,4,6,9,3,4,8,11,4,3,11,9,11,9,6,9,10,11,4,5,7,11,4,8,6,8,8,7,6,9,10,3,0,3,8,9
4,10,2,8,9,4,11,11,5,6,4,5,9,8,4,2,11,5,7,0,5,5,0,8,7,7,0,8,9,11,10,7,9,4,11,7,2,11,4,5,6,9,10,11,8,5,4,3,10,9,4,8,11,11,9,0,0,7,6,11,5,6,10,7,8,7,9,3,9,10,2,4,8,7,10,4,9,0,9,8,11,2,4,8,11,9,5,10,11,9,8,0,9,9,5,8,3,9,0,5,10,4,10,5,0,9,11,4,6,4,4,10,5,5,11,5,7,10,4,5,9,0,5,4,0,10,0,10,7,10,11,0,5,6,8,0,5,9,7,9,9,8,7,10,11,4,2,4,9,10
5,11,3,9,10,5,0,0,6,7,5,6,10,9,5,3,0,6,8,2,6,6,2,9,8,8,2,9,10,0,11,8,10,5,0,8,3,0,5,6,7,10,11,0,9,6,5,4,11,10,5,9,0,0,10,2,2,8,7,0,6,7,11,8,9,8,10,4,10,11,3,5,9,8,11,5,10,2,10,9,0,3,5,9,0,10,6,11,0,10,9,2,10,10,6,9,4,10,2,6,11,5,11,6,2,10,0,5,7,5,5,11,6,6,0,6,8,11,5,6,10,2,6,5,2,11,2,11,8,11,0,2,6,7,9,2,6,10,8,10,10,9,8,11,0,5,3,5,10,11
6,0,4,10,11,6,2,2,7,8,6,7,11,10,6,4,2,7,9,3,7,7,3,10,9,9,3,10,11,2,0,9,11,6,2,9,4,2,6,7,8,11,0,2,10,7,6,5,0,11,6,10,2,2,11,3,3,9,8,2,7,8,0,9,10,9,11,5,11,0,4,6,10,9,0,6,11,3,11,10,2,4,6,10,2,11,7,0,2,11,10,3,11,11,7,10,5,11,3,7,0,6,0,7,3,11,2,6,8,6,6,0,7,7,2,7,9,0,6,7,11,3,7,6,3,0,3,0,9,0,2,3,7,8,10,3,7,11,9,11,11,10,9,0,2,6,4,6,11,0
7,2,5,11,0,7,3,3,8,9,7,8,0,11,7,5,3,8,10,4,8,8,4,11,10,10,4,11,0,3,2,10,0,7,3,10,5,3,7,8,9,0,2,3,11,8,7,6,2,0,7,11,3,3,0,4,4,10,9,3,8,9,2,10,11,10,0,6,0,2,5,7,11,10,2,7,0,4,0,11,3,5,7,11,3,0,8,2,3,0,11,4,0,0,8,11,6,0,4,8,2,7,2,8,4,0,3,7,9,7,7,2,8,8,3,8,10,2,7,8,0,4,8,7,4,2,4,2,10,2,3,4,8,9,11,4,8,0,10,0,0,11,10,2,3,7,5,7,0,2
8,3,6,0,2,8,4,4,9,10,8,9,2,0,8,6,4,9,11,5,9,9,5,0,11,11,5,0,2,4,3,11,2,8,4,11,6,4,8,9,10,2,3,4,0,9,8,7,3,2,8,0,4,4,2,5,5,11,10,4,9,10,3,11,0,11,2,7,2,3,6,8,0,11,3,8,2,5,2,0,4,6,8,0,4,2,9,3,4,2,0,5,2,2,9,0,7,2,5,9,3,8,3,9,5,2,4,8,10,8,8,3,9,9,4,9,11,3,8,9,2,5,9,8,5,3,5,3,11,3,4,5,9,10,0,5,9,2,11,2,2,0,11,3,4,8,6,8,2,3
9,4,7,2,3,9,5,5,10,11,9,10,3,2,9,7,5,10,0,6,10,10,6,2,0,0,6,2,3,5,4,0,3,9,5,0,7,5,9,10,11,3,4,5,2,10,9,8,4,3,9,2,5,5,3,6,6,0,11,5,10,11,4,0,2,0,3,8,3,4,7,9,2,0,4,9,3,6,3,2,5,7,9,2,5,3,10,4,5,3,2,6,3,3,10,2,8,3,6,10,4,9,4,10,6,3,5,9,11,9,9,4,10,10,5,10,0,4,9,10,3,6,10,9,6,4,6,4,0,4,5,6,10,11,2,6,10,3,0,3,3,2,0,4,5,9,7,9,3,4
10,5,8,3,4,10,6,6,11,0,10,11,4,3,10,8,6,11,2,7,11,11,7,3,2,2,7,3,4,6,5,2,4,10,6,2,8,6,10,11,0,4,5,6,3,11,10,9,5,4,10,3,6,6,4,7,7,2,0,6,11,0,5,2,3,2,4,9,4,5,8,10,3,2,5,10,4,7,4,3,6,8,10,3,6,4,11,5,6,4,3,7,4,4,11,3,9,4,7,11,5,10,5,11,7,4,6,10,0,10,10,5,11,11,6,11,2,5,10,11,4,7,11,10,7,5,7,5,2,5,6,7,11,0,3,7,11,4,2,4,4,3,2,5,6,10,8,10,4,5
11,6,9,4,5,11,7,7,0,2,11,0,5,4,11,9,7,0,3,8,0,0,8,4,3,3,8,4,5,7,6,3,5,11,7,3,9,7,11,0,2,5,6,7,4,0,11,10,6,5,11,4,7,7,5,8,8,3,2,7,0,2,6,3,4,3,5,10,5,6,9,11,4,3,6,11,5,8,5,4,7,9,11,4,7,5,0,6,7,5,4,8,5,5,0,4,10,5,8,0,6,11,6,0,8,5,7,11,2,11,11,6,0,0,7,0,3,6,11,0,5,8,0,11,8,6,8,6,3,6,7,8,0,2,4,8,0,5,3,5,5,4,3,6,7,11,9,11,5,6
0,7,10,5,6,0,8,8,2,3,0,2,6,5,0,10,8,2,4,9,2,2,9,5,4,4,9,5,6,8,7,4,6,0,8,4,10,8,0,2,3,6,7,8,5,2,0,11,7,6,0,5,8,8,6,9,9,4,3,8,2,3,7,4,5,4,6,11,6,7,10,0,5,4,7,0,6,9,6,5,8,10,0,5,8,6,2,7,8,6,5,9,6,6,2,5,11,6,9,2,7,0,7,2,9,6,8,0,3,0,0,7,2,2,8,2,4,7,0,2,6,9,2,0,9,7,9,7,4,7,8,9,2,3,5,9,2,6,4,6,6,5,4,7,8,0,10,0,6,7
2,8,11,6,7,2,9,9,3,4,2,3,7,6,2,11,9,3,5,10,3,3,10,6,5,5,10,6,7,9,8,5,7,2,9,5,11,9,2,3,4,7,8,9,6,3,2,0,8,7,2,6,9,9,7,10,10,5,4,9,3,4,8,5,6,5,7,0,7,8,11,2,6,5,8,2,7,10,7,6,9,11,2,6,9,7,3,8,9,7,6,10,7,7,3,6,0,7,10,3,8,2,8,3,10,7,9,2,4,2,2,8,3,3,9,3,5,8,2,3,7,10,3,2,10,8,10,8,5,8,9,10,3,4,6,10,3,7,5,7,7,6,5,8,9,2,11,2,7,8
3,9,0,7,8,3,10,10,4,5,3,4,8,7,3,0,10,4,6,11,4,4,11,7,6,6,11,7,8,10,9,6,8,3,10,6,0,10,3,4,5,8,9,10,7,4,3,2,9,8,3,7,10,10,8,11,11,6,5,10,4,5,9,6,7,6,8,2,8,9,0,3,7,6,9,3,8,11,8,7,10,0,3,7,10,8,4,9,10,8,7,11,8,8,4,7,2,8,11,4,9,3,9,4,11,8,10,3,5,3,3,9,4,4,10,4,6,9,3,4,8,11,4,3,11,9,11,9,6,9,10,11,4,5,7,11,4,8,6,8,8,7,6,9,10,3,0,3,8,9
4,10,2,8,9,4,11,11,5,6,4,5,9,8,4,2,11,5,7,0,5,5,0,8,7,7,0,8,9,11,10,7,9,4,11,7,2,11,4,5,6,9,10,11,8,5,4,3,10,9,4,8,11,11,9,0,0,7,6,11,5,6,10,7,8,7,9,3,9,10,2,4,8,7,10,4,9,0,9,8,11,2,4,8,11,9,5,10,11,9,8,0,9,9,5,8,3,9,0,5,10,4,10,5,0,9,11,4,6,4,4,10,5,5,11,5,7,10,4,5,9,0,5,4,0,10,0,10,7,10,11,0,5,6,8,0,5,9,7,9,9,8,7,10,11,4,2,4,9,10
5,11,3,9,10,5,0,0,6,7,5,6,10,9,5,3,0,6,8,2,6,6,2,9,8,8,2,9,10,0,11,8,10,5,0,8,3,0,5,6,7,10,11,0,9,6,5,4,11,10,5,9,0,0,10,2,2,8,7,0,6,7,11,8,9,8,10,4,10,11,3,5,9,8,11,5,10,2,10,9,0,3,5,9,0,10,6,11,0,10,9,2,10,10,6,9,4,10,2,6,11,5,11,6,2,10,0,5,7,5,5,11,6,6,0,6,8,11,5,6,10,2,6,5,2,11,2,11,8,11,0,2,6,7,9,2,6,10,8,10,10,9,8,11,0,5,3,5,10,11
6,0,4,10,11,6,2,2,7,8,6,7,11,10,6,4,2,7,9,3,7,7,3,10,9,9,3,10,11,2,0,9,11,6,2,9,4,2,6,7,8,11,0,2,10,7,6,5,0,11,6,10,2,2,11,3,3,9,8,2,7,8,0,9,10,9,11,5,11,0,4,6,10,9,0,6,11,3,11,10,2,4,6,10,2,11,7,0,2,11,10,3,11,11,7,10,5,11,3,7,0,6,0,7,3,11,2,6,8,6,6,0,7,7,2,7,9,0,6,7,11,3,7,6,3,0,3,0,9,0,2,3,7,8,10,3,7,11,9,11,11,10,9,0,2,6,4,6,11,0
7,2,5,11,0,7,3,3,8,9,7,8,0,11,7,5,3,8,10,4,8,8,4,11,10,10,4,11,0,3,2,10,0,7,3,10,5,3,7,8,9,0,2,3,11,8,7,6,2,0,7,11,3,3,0,4,4,10,9,3,8,9,2,10,11,10,0,6,0,2,5,7,11,10,2,7,0,4,0,11,3,5,7,11,3,0,8,2,3,0,11,4,0,0,8,11,6,0,4,8,2,7,2,8,4,0,3,7,9,7,7,2,8,8,3,8,10,2,7,8,0,4,8,7,4,2,4,2,10,2,3,4,8,9,11,4,8,0,10,0,0,11,10,2,3,7,5,7,0,2
8,3,6,0,2,8,4,4,9,10,8,9,2,0,8,6,4,9,11,5,9,9,5,0,11,11,5,0,2,4,3,11,2,8,4,11,6,4,8,9,10,2,3,4,0,9,8,7,3,2,8,0,4,4,2,5,5,11,10,4,9,10,3,11,0,11,2,7,2,3,6,8,0,11,3,8,2,5,2,0,4,6,8,0,4,2,9,3,4,2,0,5,2,2,9,0,7,2,5,9,3,8,3,9,5,2,4,8,10,8,8,3,9,9,4,9,11,3,8,9,2,5,9,8,5,3,5,3,11,3,4,5,9,10,0,5,9,2,11,2,2,0,11,3,4,8,6,8,2,3
9,4,7,2,3,9,5,5,10,11,9,10,3,2,9,7,5,10,0,6,10,10,6,2,0,0,6,2,3,5,4,0,3,9,5,0,7,5,9,10,11,3,4,5,2,10,9,8,4,3,9,2,5,5,3,6,6,0,11,5,10,11,4,0,2,0,3,8,3,4,7,9,2,0,4,9,3,6,3,2,5,7,9,2,5,3,10,4,5,3,2,6,3,3,10,2,8,3,6,10,4,9,4,10,6,3,5,9,11,9,9,4,10,10,5,10,0,4,9,10,3,6,10,9,6,4,6,4,0,4,5,6,10,11,2,6,10,3,0,3,3,2,0,4,5,9,7,9,3,4
10,5,8,3,4,10,6,6,11,0,10,11,4,3,10,8,6,11,2,7,11,11,7,3,2,2,7,3,4,6,5,2,4,10,6,2,8,6,10,11,0,4,5,6,3,11,10,9,5,4,10,3,6,6,4,7,7,2,0,6,11,0,5,2,3,2,4,9,4,5,8,10,3,2,5,10,4,7,4,3,6,8,10,3,6,4,11,5,6,4,3,7,4,4,11,3,9,4,7,11,5,10,5,11,7,4,6,10,0,10,10,5,11,11,6,11,2,5,10,11,4,7,11,10,7,5,7,5,2,5,6,7,11,0,3,7,11,4,2,4,4,3,2,5,6,10,8,10,4,5
11,6,9,4,5,11,7,7,0,2,11,0,5,4,11,9,7,0,3,8,0,0,8,4,3,3,8,4,5,7,6,3,5,11,7,3,9,7,11,0,2,5,6,7,4,0,11,10,6,5,11,4,7,7,5,8,8,3,2,7,0,2,6,3,4,3,5,10,5,6,9,11,4,3,6,11,5,8,5,4,7,9,11,4,7,5,0,6,7,5,4,8,5,5,0,4,10,5,8,0,6,11,6,0,8,5,7,11,2,11,11,6,0,0,7,0,3,6,11,0,5,8,0,11,8,6,8,6,3,6,7,8,0,2,4,8,0,5,3,5,5,4,3,6,7,11,9,11,5,6
0,7,10,5,6,0,8,8,2,3,0,2,6,5,0,10,8,2,4,9,2,2,9,5,4,4,9,5,6,8,7,4,6,0,8,4,10,8,0,2,3,6,7,8,5,2,0,11,7,6,0,5,8,8,6,9,9,4,3,8,2,3,7,4,5,4,6,11,6,7,10,0,5,4,7,0,6,9,6,5,8,10,0,5,8,6,2,7,8,6,5,9,6,6,2,5,11,6,9,2,7,0,7,2,9,6,8,0,3,0,0,7,2,2,8,2,4,7,0,2,6,9,2,0,9,7,9,7,4,7,8,9,2,3,5,9,2,6,4,6,6,5,4,7,8,0,10,0,6,7
2,8,11,6,7,2,9,9,3,4,2,3,7,6,2,11,9,3,5,10,3,3,10,6,5,5,10,6,7,9,8,5,7,2,9,5,11,9,2,3,4,7,8,9,6,3,2,0,8,7,2,6,9,9,7,10,10,5,4,9,3,4,8,5,6,5,7,0,7,8,11,2,6,5,8,2,7,10,7,6,9,11,2,6,9,7,3,8,9,7,6,10,7,7,3,6,0,7,10,3,8,2,8,3,10,7,9,2,4,2,2,8,3,3,9,3,5,8,2,3,7,10,3,2,10,8,10,8,5,8,9,10,3,4,6,10,3,7,5,7,7,6,5,8,9,2,11,2,7,8
3,9,0,7,8,3,10,10,4,5,3,4,8,7,3,0,10,4,6,11,4,4,11,7,6,6,11,7,8,10,9,6,8,3,10,6,0,10,3,4,5,8,9,10,7,4,3,2,9,8,3,7,10,10,8,11,11,6,5,10,4,5,9,6,7,6,8,2,8,9,0,3,7,6,9,3,8,11,8,7,10,0,3,7,10,8,4,9,10,8,7,11,8,8,4,7,2,8,11,4,9,3,9,4,11,8,10,3,5,3,3,9,4,4,10,4,6,9,3,4,8,11,4,3,11,9,11,9,6,9,10,11,4,5,7,11,4,8,6,8,8,7,6,9,10,3,0,3,8,9
4,10,2,8,9,4,11,11,5,6,4,5,9,8,4,2,11,5,7,0,5,5,0,8,7,7,0,8,9,11,10,7,9,4,11,7,2,11,4,5,6,9,10,11,8,5,4,3,10,9,4,8,11,11,9,0,0,7,6,11,5,6,10,7,8,7,9,3,9,10,2,4,8,7,10,4,9,0,9,8,11,2,4,8,11,9,5,10,11,9,8,0,9,9,5,8,3,9,0,5,10,4,10,5,0,9,11,4,6,4,4,10,5,5,11,5,7,10,4,5,9,0,5,4,0,10,0,10,7,10,11,0,5,6,8,0,5,9,7,9,9,8,7,10,11,4,2,4,9,10
5,11,3,9,10,5,0,0,6,7,5,6,10,9,5,3,0,6,8,2,6,6,2,9,8,8,2,9,10,0,11,8,10,5,0,8,3,0,5,6,7,10,11,0,9,6,5,4,11,10,5,9,0,0,10,2,2,8,7,0,6,7,11,8,9,8,10,4,10,11,3,5,9,8,11,5,10,2,10,9,0,3,5,9,0,10,6,11,0,10,9,2,10,10,6,9,4,10,2,6,11,5,11,6,2,10,0,5,7,5,5,11,6,6,0,6,8,11,5,6,10,2,6,5,2,11,2,11,8,11,0,2,6,7,9,2,6,10,8,10,10,9,8,11,0,5,3,5,10,11
6,0,4,10,11,6,2,2,7,8,6,7,11,10,6,4,2,7,9,3,7,7,3,10,9,9,3,10,11,2,0,9,11,6,2,9,4,2,6,7,8,11,0,2,10,7,6,5,0,11,6,10,2,2,11,3,3,9,8,2,7,8,0,9,10,9,11,5,11,0,4,6,10,9,0,6,11,3,11,10,2,4,6,10,2,11,7,0,2,11,10,3,11,11,7,10,5,11,3,7,0,6,0,7,3,11,2,6,8,6,6,0,7,7,2,7,9,0,6,7,11,3,7,6,3,0,3,0,9,0,2,3,7,8,10,3,7,11,9,11,11,10,9,0,2,6,4,6,11,0
7,2,5,11,0,7,3,3,8,9,7,8,0,11,7,5,3,8,10,4,8,8,4,11,10,10,4,11,0,3,2,10,0,7,3,10,5,3,7,8,9,0,2,3,11,8,7,6,2,0,7,11,3,3,0,4,4,10,9,3,8,9,2,10,11,10,0,6,0,2,5,7,11,10,2,7,0,4,0,11,3,5,7,11,3,0,8,2,3,0,11,4,0,0,8,11,6,0,4,8,2,7,2,8,4,0,3,7,9,7,7,2,8,8,3,8,10,2,7,8,0,4,8,7,4,2,4,2,10,2,3,4,8,9,11,4,8,0,10,0,0,11,10,2,3,7,5,7,0,2
8,3,6,0,2,8,4,4,9,10,8,9,2,0,8,6,4,9,11,5,9,9,5,0,11,11,5,0,2,4,3,11,2,8,4,11,6,4,8,9,10,2,3,4,0,9,8,7,3,2,8,0,4,4,2,5,5,11,10,4,9,10,3,11,0,11,2,7,2,3,6,8,0,11,3,8,2,5,2,0,4,6,8,0,4,2,9,3,4,2,0,5,2,2,9,0,7,2,5,9,3,8,3,9,5,2,4,8,10,8,8,3,9,9,4,9,11,3,8,9,2,5,9,8,5,3,5,3,11,3,4,5,9,10,0,5,9,2,11,2,2,0,11,3,4,8,6,8,2,3
9,4,7,2,3,9,5,5,10,11,9,10,3,2,9,7,5,10,0,6,10,10,6,2,0,0,6,2,3,5,4,0,3,9,5,0,7,5,9,10,11,3,4,5,2,10,9,8,4,3,9,2,5,5,3,6,6,0,11,5,10,11,4,0,2,0,3,8,3,4,7,9,2,0,4,9,3,6,3,2,5,7,9,2,5,3,10,4,5,3,2,6,3,3,10,2,8,3,6,10,4,9,4,10,6,3,5,9,11,9,9,4,10,10,5,10,0,4,9,10,3,6,10,9,6,4,6,4,0,4,5,6,10,11,2,6,10,3,0,3,3,2,0,4,5,9,7,9,3,4
10,5,8,3,4,10,6,6,11,0,10,11,4,3,10,8,6,11,2,7,11,11,7,3,2,2,7,3,4,6,5,2,4,10,6,2,8,6,10,11,0,4,5,6,3,11,10,9,5,4,10,3,6,6,4,7,7,2,0,6,11,0,5,2,3,2,4,9,4,5,8,10,3,2,5,10,4,7,4,3,6,8,10,3,6,4,11,5,6,4,3,7,4,4,11,3,9,4,7,11,5,10,5,11,7,4,6,10,0,10,10,5,11,11,6,11,2,5,10,11,4,7,11,10,7,5,7,5,2,5,6,7,11,0,3,7,11,4,2,4,4,3,2,5,6,10,8,10,4,5
11,6,9,4,5,11,7,7,0,2,11,0,5,4,11,9,7,0,3,8,0,0,8,4,3,3,8,4,5,7,6,3,5,11,7,3,9,7,11,0,2,5,6,7,4,0,11,10,6,5,11,4,7,7,5,8,8,3,2,7,0,2,6,3,4,3,5,10,5,6,9,11,4,3,6,11,5,8,5,4,7,9,11,4,7,5,0,6,7,5,4,8,5,5,0,4,10,5,8,0,6,11,6,0,8,5,7,11,2,11,11,6,0,0,7,0,3,6,11,0,5,8,0,11,8,6,8,6,3,6,7,8,0,2,4,8,0,5,3,5,5,4,3,6,7,11,9,11,5,6
0,7,10,5,6,0,8,8,2,3,0,2,6,5,0,10,8,2,4,9,2,2,9,5,4,4,9,5,6,8,7,4,6,0,8,4,10,8,0,2,3,6,7,8,5,2,0,11,7,6,0,5,8,8,6,9,9,4,3,8,2,3,7,4,5,4,6,11,6,7,10,0,5,4,7,0,6,9,6,5,8,10,0,5,8,6,2,7,8,6,5,9,6,6,2,5,11,6,9,2,7,0,7,2,9,6,8,0,3,0,0,7,2,2,8,2,4,7,0,2,6,9,2,0,9,7,9,7,4,7,8,9,2,3,5,9,2,6,4,6,6,5,4,7,8,0,10,0,6,7
2,8,11,6,7,2,9,9,3,4,2,3,7,6,2,11,9,3,5,10,3,3,10,6,5,5,10,6,7,9,8,5,7,2,9,5,11,9,2,3,4,7,8,9,6,3,2,0,8,7,2,6,9,9,7,10,10,5,4,9,3,4,8,5,6,5,7,0,7,8,11,2,6,5,8,2,7,10,7,6,9,11,2,6,9,7,3,8,9,7,6,10,7,7,3,6,0,7,10,3,8,2,8,3,10,7,9,2,4,2,2,8,3,3,9,3,5,8,2,3,7,10,3,2,10,8,10,8,5,8,9,10,3,4,6,10,3,7,5,7,7,6,5,8,9,2,11,2,7,8
3,9,0,7,8,3,10,10,4,5,3,4,8,7,3,0,10,4,6,11,4,4,11,7,6,6,11,7,8,10,9,6,8,3,10,6,0,10,3,4,5,8,9,10,7,4,3,2,9,8,3,7,10,10,8,11,11,6,5,10,4,5,9,6,7,6,8,2,8,9,0,3,7,6,9,3,8,11,8,7,10,0,3,7,10,8,4,9,10,8,7,11,8,8,4,7,2,8,11,4,9,3,9,4,11,8,10,3,5,3,3,9,4,4,10,4,6,9,3,4,8,11,4,3,11,9,11,9,6,9,10,11,4,5,7,11,4,8,6,8,8,7,6,9,10,3,0,3,8,9
4,10,2,8,9,4,11,11,5,6,4,5,9,8,4,2,11,5,7,0,5,5,0,8,7,7,0,8,9,11,10,7,9,4,11,7,2,11,4,5,6,9,10,11,8,5,4,3,10,9,4,8,11,11,9,0,0,7,6,11,5,6,10,7,8,7,9,3,9,10,2,4,8,7,10,4,9,0,9,8,11,2,4,8,11,9,5,10,11,9,8,0,9,9,5,8,3,9,0,5,10,4,10,5,0,9,11,4,6,4,4,10,5,5,11,5,7,10,4,5,9,0,5,4,0,10,0,10,7,10,11,0,5,6,8,0,5,9,7,9,9,8,7,10,11,4,2,4,9,10
5,11,3,9,10,5,0,0,6,7,5,6,10,9,5,3,0,6,8,2,6,6,2,9,8,8,2,9,10,0,11,8,10,5,0,8,3,0,5,6,7,10,11,0,9,6,5,4,11,10,5,9,0,0,10,2,2,8,7,0,6,7,11,8,9,8,10,4,10,11,3,5,9,8,11,5,10,2,10,9,0,3,5,9,0,10,6,11,0,10,9,2,10,10,6,9,4,10,2,6,11,5,11,6,2,10,0,5,7,5,5,11,6,6,0,6,8,11,5,6,10,2,6,5,2,11,2,11,8,11,0,2,6,7,9,2,6,10,8,10,10,9,8,11,0,5,3,5,10,11
6,0,4,10,11,6,2,2,7,8,6,7,11,10,6,4,2,7,9,3,7,7,3,10,9,9,3,10,11,2,0,9,11,6,2,9,4,2,6,7,8,11,0,2,10,7,6,5,0,11,6,10,2,2,11,3,3,9,8,2,7,8,0,9,10,9,11,5,11,0,4,6,10,9,0,6,11,3,11,10,2,4,6,10,2,11,7,0,2,11,10,3,11,11,7,10,5,11,3,7,0,6,0,7,3,11,2,6,8,6,6,0,7,7,2,7,9,0,6,7,11,3,7,6,3,0,3,0,9,0,2,3,7,8,10,3,7,11,9,11,11,10,9,0,2,6,4,6,11,0
7,2,5,11,0,7,3,3,8,9,7,8,0,11,7,5,3,8,10,4,8,8,4,11,10,10,4,11,0,3,2,10,0,7,3,10,5,3,7,8,9,0,2,3,11,8,7,6,2,0,7,11,3,3,0,4,4,10,9,3,8,9,2,10,11,10,0,6,0,2,5,7,11,10,2,7,0,4,0,11,3,5,7,11,3,0,8,2,3,0,11,4,0,0,8,11,6,0,4,8,2,7,2,8,4,0,3,7,9,7,7,2,8,8,3,8,10,2,7,8,0,4,8,7,4,2,4,2,10,2,3,4,8,9,11,4,8,0,10,0,0,11,10,2,3,7,5,7,0,2
8,3,6,0,2,8,4,4,9,10,8,9,2,0,8,6,4,9,11,5,9,9,5,0,11,11,5,0,2,4,3,11,2,8,4,11,6,4,8,9,10,2,3,4,0,9,8,7,3,2,8,0,4,4,2,5,5,11,10,4,9,10,3,11,0,11,2,7,2,3,6,8,0,11,3,8,2,5,2,0,4,6,8,0,4,2,9,3,4,2,0,5,2,2,9,0,7,2,5,9,3,8,3,9,5,2,4,8,10,8,8,3,9,9,4,9,11,3,8,9,2,5,9,8,5,3,5,3,11,3,4,5,9,10,0,5,9,2,11,2,2,0,11,3,4,8,6,8,2,3
9,4,7,2,3,9,5,5,10,11,9,10,3,2,9,7,5,10,0,6,10,10,6,2,0,0,6,2,3,5,4,0,3,9,5,0,7,5,9,10,11,3,4,5,2,10,9,8,4,3,9,2,5,5,3,6,6,0,11,5,10,11,4,0,2,0,3,8,3,4,7,9,2,0,4,9,3,6,3,2,5,7,9,2,5,3,10,4,5,3,2,6,3,3,10,2,8,3,6,10,4,9,4,10,6,3,5,9,11,9,9,4,10,10,5,10,0,4,9,10,3,6,10,9,6,4,6,4,0,4,5,6,10,11,2,6,10,3,0,3,3,2,0,4,5,9,7,9,3,4
10,5,8,3,4,10,6,6,11,0,10,11,4,3,10,8,6,11,2,7,11,11,7,3,2,2,7,3,4,6,5,2,4,10,6,2,8,6,10,11,0,4,5,6,3,11,10,9,5,4,10,3,6,6,4,7,7,2,0,6,11,0,5,2,3,2,4,9,4,5,8,10,3,2,5,10,4,7,4,3,6,8,10,3,6,4,11,5,6,4,3,7,4,4,11,3,9,4,7,11,5,10,5,11,7,4,6,10,0,10,10,5,11,11,6,11,2,5,10,11,4,7,11,10,7,5,7,5,2,5,6,7,11,0,3,7,11,4,2,4,4,3,2,5,6,10,8,10,4,5
11,6,9,4,5,11,7,7,0,2,11,0,5,4,11,9,7,0,3,8,0,0,8,4,3,3,8,4,5,7,6,3,5,11,7,3,9,7,11,0,2,5,6,7,4,0,11,10,6,5,11,4,7,7,5,8,8,3,2,7,0,2,6,3,4,3,5,10,5,6,9,11,4,3,6,11,5,8,5,4,7,9,11,4,7,5,0,6,7,5,4,8,5,5,0,4,10,5,8,0,6,11,6,0,8,5,7,11,2,11,11,6,0,0,7,0,3,6,11,0,5,8,0,11,8,6,8,6,3,6,7,8,0,2,4,8,0,5,3,5,5,4,3,6,7,11,9,11,5,6
0,7,10,5,6,0,8,8,2,3,0,2,6,5,0,10,8,2,4,9,2,2,9,5,4,4,9,5,6,8,7,4,6,0,8,4,10,8,0,2,3,6,7,8,5,2,0,11,7,6,0,5,8,8,6,9,9,4,3,8,2,3,7,4,5,4,6,11,6,7,10,0,5,4,7,0,6,9,6,5,8,10,0,5,8,6,2,7,8,6,5,9,6,6,2,5,11,6,9,2,7,0,7,2,9,6,8,0,3,0,0,7,2,2,8,2,4,7,0,2,6,9,2,0,9,7,9,7,4,7,8,9,2,3,5,9,2,6,4,6,6,5,4,7,8,0,10,0,6,7
2,8,11,6,7,2,9,9,3,4,2,3,7,6,2,11,9,3,5,10,3,3,10,6,5,5,10,6,7,9,8,5,7,2,9,5,11,9,2,3,4,7,8,9,6,3,2,0,8,7,2,6,9,9,7,10,10,5,4,9,3,4,8,5,6,5,7,0,7,8,11,2,6,5,8,2,7,10,7,6,9,11,2,6,9,7,3,8,9,7,6,10,7,7,3,6,0,7,10,3,8,2,8,3,10,7,9,2,4,2,2,8,3,3,9,3,5,8,2,3,7,10,3,2,10,8,10,8,5,8,9,10,3,4,6,10,3,7,5,7,7,6,5,8,9,2,11,2,7,8
3,9,0,7,8,3,10,10,4,5,3,4,8,7,3,0,10,4,6,11,4,4,11,7,6,6,11,7,8,10,9,6,8,3,10,6,0,10,3,4,5,8,9,10,7,4,3,2,9,8,3,7,10,10,8,11,11,6,5,10,4,5,9,6,7,6,8,2,8,9,0,3,7,6,9,3,8,11,8,7,10,0,3,7,10,8,4,9,10,8,7,11,8,8,4,7,2,8,11,4,9,3,9,4,11,8,10,3,5,3,3,9,4,4,10,4,6,9,3,4,8,11,4,3,11,9,11,9,6,9,10,11,4,5,7,11,4,8,6,8,8,7,6,9,10,3,0,3,8,9
4,10,2,8,9,4,11,11,5,6,4,5,9,8,4,2,11,5,7,0,5,5,0,8,7,7,0,8,9,11,10,7,9,4,11,7,2,11,4,5,6,9,10,11,8,5,4,3,10,9,4,8,11,11,9,0,0,7,6,11,5,6,10,7,8,7,9,3,9,10,2,4,8,7,10,4,9,0,9,8,11,2,4,8,11,9,5,10,11,9,8,0,9,9,5,8,3,9,0,5,10,4,10,5,0,9,11,4,6,4,4,10,5,5,11,5,7,10,4,5,9,0,5,4,0,10,0,10,7,10,11,0,5,6,8,0,5,9,7,9,9,8,7,10,11,4,2,4,9,10
5,11,3,9,10,5,0,0,6,7,5,6,10,9,5,3,0,6,8,2,6,6,2,9,8,8,2,9,10,0,11,8,10,5,0,8,3,0,5,6,7,10,11,0,9,6,5,4,11,10,5,9,0,0,10,2,2,8,7,0,6,7,11,8,9,8,10,4,10,11,3,5,9,8,11,5,10,2,10,9,0,3,5,9,0,10,6,11,0,10,9,2,10,10,6,9,4,10,2,6,11,5,11,6,2,10,0,5,7,5,5,11,6,6,0,6,8,11,5,6,10,2,6,5,2,11,2,11,8,11,0,2,6,7,9,2,6,10,8,10,10,9,8,11,0,5,3,5,10,11
6,0,4,10,11,6,2,2,7,8,6,7,11,10,6,4,2,7,9,3,7,7,3,10,9,9,3,10,11,2,0,9,11,6,2,9,4,2,6,7,8,11,0,2,10,7,6,5,0,11,6,10,2,2,11,3,3,9,8,2,7,8,0,9,10,9,11,5,11,0,4,6,10,9,0,6,11,3,11,10,2,4,6,10,2,11,7,0,2,11,10,3,11,11,7,10,5,11,3,7,0,6,0,7,3,11,2,6,8,6,6,0,7,7,2,7,9,0,6,7,11,3,7,6,3,0,3,0,9,0,2,3,7,8,10,3,7,11,9,11,11,10,9,0,2,6,4,6,11,0
7,2,5,11,0,7,3,3,8,9,7,8,0,11,7,5,3,8,10,4,8,8,4,11,10,10,4,11,0,3,2,10,0,7,3,10,5,3,7,8,9,0,2,3,11,8,7,6,2,0,7,11,3,3,0,4,4,10,9,3,8,9,2,10,11,10,0,6,0,2,5,7,11,10,2,7,0,4,0,11,3,5,7,11,3,0,8,2,3,0,11,4,0,0,8,11,6,0,4,8,2,7,2,8,4,0,3,7,9,7,7,2,8,8,3,8,10,2,7,8,0,4,8,7,4,2,4,2,10,2,3,4,8,9,11,4,8,0,10,0,0,11,10,2,3,7,5,7,0,2
8,3,6,0,2,8,4,4,9,10,8,9,2,0,8,6,4,9,11,5,9,9,5,0,11,11,5,0,2,4,3,11,2,8,4,11,6,4,8,9,10,2,3,4,0,9,8,7,3,2,8,0,4,4,2,5,5,11,10,4,9,10,3,11,0,11,2,7,2,3,6,8,0,11,3,8,2,5,2,0,4,6,8,0,4,2,9,3,4,2,0,5,2,2,9,0,7,2,5,9,3,8,3,9,5,2,4,8,10,8,8,3,9,9,4,9,11,3,8,9,2,5,9,8,5,3,5,3,11,3,4,5,9,10,0,5,9,2,11,2,2,0,11,3,4,8,6,8,2,3
9,4,7,2,3,9,5,5,10,11,9,10,3,2,9,7,5,10,0,6,10,10,6,2,0,0,6,2,3,5,4,0,3,9,5,0,7,5,9,10,11,3,4,5,2,10,9,8,4,3,9,2,5,5,3,6,6,0,11,5,10,11,4,0,2,0,3,8,3,4,7,9,2,0,4,9,3,6,3,2,5,7,9,2,5,3,10,4,5,3,2,6,3,3,10,2,8,3,6,10,4,9,4,10,6,3,5,9,11,9,9,4,10,10,5,10,0,4,9,10,3,6,10,9,6,4,6,4,0,4,5,6,10,11,2,6,10,3,0,3,3,2,0,4,5,9,7,9,3,4
10,5,8,3,4,10,6,6,11,0,10,11,4,3,10,8,6,11,2,7,11,11,7,3,2,2,7,3,4,6,5,2,4,10,6,2,8,6,10,11,0,4,5,6,3,11,10,9,5,4,10,3,6,6,4,7,7,2,0,6,11,0,5,2,3,2,4,9,4,5,8,10,3,2,5,10,4,7,4,3,6,8,10,3,6,4,11,5,6,4,3,7,4,4,11,3,9,4,7,11,5,10,5,11,7,4,6,10,0,10,10,5,11,11,6,11,2,5,10,11,4,7,11,10,7,5,7,5,2,5,6,7,11,0,3,7,11,4,2,4,4,3,2,5,6,10,8,10,4,5
11,6,9,4,5,11,7,7,0,2,11,0,5,4,11,9,7,0,3,8,0,0,8,4,3,3,8,4,5,7,6,3,5,11,7,3,9,7,11,0,2,5,6,7,4,0,11,10,6,5,11,4,7,7,5,8,8,3,2,7,0,2,6,3,4,3,5,10,5,6,9,11,4,3,6,11,5,8,5,4,7,9,11,4,7,5,0,6,7,5,4,8,5,5,0,4,10,5,8,0,6,11,6,0,8,5,7,11,2,11,11,6,0,0,7,0,3,6,11,0,5,8,0,11,8,6,8,6,3,6,7,8,0,2,4,8,0,5,3,5,5,4,3,6,7,11,9,11,5,6
0,7,10,5,6,0,8,8,2,3,0,2,6,5,0,10,8,2,4,9,2,2,9,5,4,4,9,5,6,8,7,4,6,0,8,4,10,8,0,2,3,6,7,8,5,2,0,11,7,6,0,5,8,8,6,9,9,4,3,8,2,3,7,4,5,4,6,11,6,7,10,0,5,4,7,0,6,9,6,5,8,10,0,5,8,6,2,7,8,6,5,9,6,6,2,5,11,6,9,2,7,0,7,2,9,6,8,0,3,0,0,7,2,2,8,2,4,7,0,2,6,9,2,0,9,7,9,7,4,7,8,9,2,3,5,9,2,6,4,6,6,5,4,7,8,0,10,0,6,7
2,8,11,6,7,2,9,9,3,4,2,3,7,6,2,11,9,3,5,10,3,3,10,6,5,5,10,6,7,9,8,5,7,2,9,5,11,9,2,3,4,7,8,9,6,3,2,0,8,7,2,6,9,9,7,10,10,5,4,9,3,4,8,5,6,5,7,0,7,8,11,2,6,5,8,2,7,10,7,6,9,11,2,6,9,7,3,8,9,7,6,10,7,7,3,6,0,7,10,3,8,2,8,3,10,7,9,2,4,2,2,8,3,3,9,3,5,8,2,3,7,10,3,2,10,8,10,8,5,8,9,10,3,4,6,10,3,7,5,7,7,6,5,8,9,2,11,2,7,8
3,9,0,7,8,3,10,10,4,5,3,4,8,7,3,0,10,4,6,11,4,4,11,7,6,6,11,7,8,10,9,6,8,3,10,6,0,10,3,4,5,8,9,10,7,4,3,2,9,8,3,7,10,10,8,11,11,6,5,10,4,5,9,6,7,6,8,2,8,9,0,3,7,6,9,3,8,11,8,7,10,0,3,7,10,8,4,9,10,8,7,11,8,8,4,7,2,8,11,4,9,3,9,4,11,8,10,3,5,3,3,9,4,4,10,4,6,9,3,4,8,11,4,3,11,9,11,9,6,9,10,11,4,5,7,11,4,8,6,8,8,7,6,9,10,3,0,3,8,9
4,10,2,8,9,4,11,11,5,6,4,5,9,8,4,2,11,5,7,0,5,5,0,8,7,7,0,8,9,11,10,7,9,4,11,7,2,11,4,5,6,9,10,11,8,5,4,3,10,9,4,8,11,11,9,0,0,7,6,11,5,6,10,7,8,7,9,3,9,10,2,4,8,7,10,4,9,0,9,8,11,2,4,8,11,9,5,10,11,9,8,0,9,9,5,8,3,9,0,5,10,4,10,5,0,9,11,4,6,4,4,10,5,5,11,5,7,10,4,5,9,0,5,4,0,10,0,10,7,10,11,0,5,6,8,0,5,9,7,9,9,8,7,10,11,4,2,4,9,10
5,11,3,9,10,5,0,0,6,7,5,6,10,9,5,3,0,6,8,2,6,6,2,9,8,8,2,9,10,0,11,8,10,5,0,8,3,0,5,6,7,10,11,0,9,6,5,4,11,10,5,9,0,0,10,2,2,8,7,0,6,7,11,8,9,8,10,4,10,11,3,5,9,8,11,5,10,2,10,9,0,3,5,9,0,10,6,11,0,10,9,2,10,10,6,9,4,10,2,6,11,5,11,6,2,10,0,5,7,5,5,11,6,6,0,6,8,11,5,6,10,2,6,5,2,11,2,11,8,11,0,2,6,7,9,2,6,10,8,10,10,9,8,11,0,5,3,5,10,11
6,0,4,10,11,6,2,2,7,8,6,7,11,10,6,4,2,7,9,3,7,7,3,10,9,9,3,10,11,2,0,9,11,6,2,9,4,2,6,7,8,11,0,2,10,7,6,5,0,11,6,10,2,2,11,3,3,9,8,2,7,8,0,9,10,9,11,5,11,0,4,6,10,9,0,6,11,3,11,10,2,4,6,10,2,11,7,0,2,11,10,3,11,11,7,10,5,11,3,7,0,6,0,7,3,11,2,6,8,6,6,0,7,7,2,7,9,0,6,7,11,3,7,6,3,0,3,0,9,0,2,3,7,8,10,3,7,11,9,11,11,10,9,0,2,6,4,6,11,0
7,2,5,11,0,7,3,3,8,9,7,8,0,11,7,5,3,8,10,4,8,8,4,11,10,10,4,11,0,3,2,10,0,7,3,10,5,3,7,8,9,0,2,3,11,8,7,6,2,0,7,11,3,3,0,4,4,10,9,3,8,9,2,10,11,10,0,6,0,2,5,7,11,10,2,7,0,4,0,11,3,5,7,11,3,0,8,2,3,0,11,4,0,0,8,11,6,0,4,8,2,7,2,8,4,0,3,7,9,7,7,2,8,8,3,8,10,2,7,8,0,4,8,7,4,2,4,2,10,2,3,4,8,9,11,4,8,0,10,0,0,11,10,2,3,7,5,7,0,2
8,3,6,0,2,8,4,4,9,10,8,9,2,0,8,6,4,9,11,5,9,9,5,0,11,11,5,0,2,4,3,11,2,8,4,11,6,4,8,9,10,2,3,4,0,9,8,7,3,2,8,0,4,4,2,5,5,11,10,4,9,10,3,11,0,11,2,7,2,3,6,8,0,11,3,8,2,5,2,0,4,6,8,0,4,2,9,3,4,2,0,5,2,2,9,0,7,2,5,9,3,8,3,9,5,2,4,8,10,8,8,3,9,9,4,9,11,3,8,9,2,5,9,8,5,3,5,3,11,3,4,5,9,10,0,5,9,2,11,2,2,0,11,3,4,8,6,8,2,3
9,4,7,2,3,9,5,5,10,11,9,10,3,2,9,7,5,10,0,6,10,10,6,2,0,0,6,2,3,5,4,0,3,9,5,0,7,5,9,10,11,3,4,5,2,10,9,8,4,3,9,2,5,5,3,6,6,0,11,5,10,11,4,0,2,0,3,8,3,4,7,9,2,0,4,9,3,6,3,2,5,7,9,2,5,3,10,4,5,3,2,6,3,3,10,2,8,3,6,10,4,9,4,10,6,3,5,9,11,9,9,4,10,10,5,10,0,4,9,10,3,6,10,9,6,4,6,4,0,4,5,6,10,11,2,6,10,3,0,3,3,2,0,4,5,9,7,9,3,4
10,5,8,3,4,10,6,6,11,0,10,11,4,3,10,8,6,11,2,7,11,11,7,3,2,2,7,3,4,6,5,2,4,10,6,2,8,6,10,11,0,4,5,6,3,11,10,9,5,4,10,3,6,6,4,7,7,2,0,6,11,0,5,2,3,2,4,9,4,5,8,10,3,2,5,10,4,7,4,3,6,8,10,3,6,4,11,5,6,4,3,7,4,4,11,3,9,4,7,11,5,10,5,11,7,4,6,10,0,10,10,5,11,11,6,11,2,5,10,11,4,7,11,10,7,5,7,5,2,5,6,7,11,0,3,7,11,4,2,4,4,3,2,5,6,10,8,10,4,5
11,6,9,4,5,11,7,7,0,2,11,0,5,4,11,9,7,0,3,8,0,0,8,4,3,3,8,4,5,7,6,3,5,11,7,3,9,7,11,0,2,5,6,7,4,0,11,10,6,5,11,4,7,7,5,8,8,3,2,7,0,2,6,3,4,3,5,10,5,6,9,11,4,3,6,11,5,8,5,4,7,9,11,4,7,5,0,6,7,5,4,8,5,5,0,4,10,5,8,0,6,11,6,0,8,5,7,11,2,11,11,6,0,0,7,0,3,6,11,0,5,8,0,11,8,6,8,6,3,6,7,8,0,2,4,8,0,5,3,5,5,4,3,6,7,11,9,11,5,6
0,7,10,5,6,0,8,8,2,3,0,2,6,5,0,10,8,2,4,9,2,2,9,5,4,4,9,5,6,8,7,4,6,0,8,4,10,8,0,2,3,6,7,8,5,2,0,11,7,6,0,5,8,8,6,9,9,4,3,8,2,3,7,4,5,4,6,11,6,7,10,0,5,4,7,0,6,9,6,5,8,10,0,5,8,6,2,7,8,6,5,9,6,6,2,5,11,6,9,2,7,0,7,2,9,6,8,0,3,0,0,7,2,2,8,2,4,7,0,2,6,9,2,0,9,7,9,7,4,7,8,9,2,3,5,9,2,6,4,6,6,5,4,7,8,0,10,0,6,7
2,8,11,6,7,2,9,9,3,4,2,3,7,6,2,11,9,3,5,10,3,3,10,6,5,5,10,6,7,9,8,5,7,2,9,5,11,9,2,3,4,7,8,9,6,3,2,0,8,7,2,6,9,9,7,10,10,5,4,9,3,4,8,5,6,5,7,0,7,8,11,2,6,5,8,2,7,10,7,6,9,11,2,6,9,7,3,8,9,7,6,10,7,7,3,6,0,7,10,3,8,2,8,3,10,7,9,2,4,2,2,8,3,3,9,3,5,8,2,3,7,10,3,2,10,8,10,8,5,8,9,10,3,4,6,10,3,7,5,7,7,6,5,8,9,2,11,2,7,8
3,9,0,7,8,3,10,10,4,5,3,4,8,7,3,0,10,4,6,11,4,4,11,7,6,6,11,7,8,10,9,6,8,3,10,6,0,10,3,4,5,8,9,10,7,4,3,2,9,8,3,7,10,10,8,11,11,6,5,10,4,5,9,6,7,6,8,2,8,9,0,3,7,6,9,3,8,11,8,7,10,0,3,7,10,8,4,9,10,8,7,11,8,8,4,7,2,8,11,4,9,3,9,4,11,8,10,3,5,3,3,9,4,4,10,4,6,9,3,4,8,11,4,3,11,9,11,9,6,9,10,11,4,5,7,11,4,8,6,8,8,7,6,9,10,3,0,3,8,9
4,10,2,8,9,4,11,11,5,6,4,5,9,8,4,2,11,5,7,0,5,5,0,8,7,7,0,8,9,11,10,7,9,4,11,7,2,11,4,5,6,9,10,11,8,5,4,3,10,9,4,8,11,11,9,0,0,7,6,11,5,6,10,7,8,7,9,3,9,10,2,4,8,7,10,4,9,0,9,8,11,2,4,8,11,9,5,10,11,9,8,0,9,9,5,8,3,9,0,5,10,4,10,5,0,9,11,4,6,4,4,10,5,5,11,5,7,10,4,5,9,0,5,4,0,10,0,10,7,10,11,0,5,6,8,0,5,9,7,9,9,8,7,10,11,4,2,4,9,10
5,11,3,9,10,5,0,0,6,7,5,6,10,9,5,3,0,6,8,2,6,6,2,9,8,8,2,9,10,0,11,8,10,5,0,8,3,0,5,6,7,10,11,0,9,6,5,4,11,10,5,9,0,0,10,2,2,8,7,0,6,7,11,8,9,8,10,4,10,11,3,5,9,8,11,5,10,2,10,9,0,3,5,9,0,10,6,11,0,10,9,2,10,10,6,9,4,10,2,6,11,5,11,6,2,10,0,5,7,5,5,11,6,6,0,6,8,11,5,6,10,2,6,5,2,11,2,11,8,11,0,2,6,7,9,2,6,10,8,10,10,9,8,11,0,5,3,5,10,11
6,0,4,10,11,6,2,2,7,8,6,7,11,10,6,4,2,7,9,3,7,7,3,10,9,9,3,10,11,2,0,9,11,6,2,9,4,2,6,7,8,11,0,2,10,7,6,5,0,11,6,10,2,2,11,3,3,9,8,2,7,8,0,9,10,9,11,5,11,0,4,6,10,9,0,6,11,3,11,10,2,4,6,10,2,11,7,0,2,11,10,3,11,11,7,10,5,11,3,7,0,6,0,7,3,11,2,6,8,6,6,0,7,7,2,7,9,0,6,7,11,3,7,6,3,0,3,0,9,0,2,3,7,8,10,3,7,11,9,11,11,10,9,0,2,6,4,6,11,0
7,2,5,11,0,7,3,3,8,9,7,8,0,11,7,5,3,8,10,4,8,8,4,11,10,10,4,11,0,3,2,10,0,7,3,10,5,3,7,8,9,0,2,3,11,8,7,6,2,0,7,11,3,3,0,4,4,10,9,3,8,9,2,10,11,10,0,6,0,2,5,7,11,10,2,7,0,4,0,11,3,5,7,11,3,0,8,2,3,0,11,4,0,0,8,11,6,0,4,8,2,7,2,8,4,0,3,7,9,7,7,2,8,8,3,8,10,2,7,8,0,4,8,7,4,2,4,2,10,2,3,4,8,9,11,4,8,0,10,0,0,11,10,2,3,7,5,7,0,2
8,3,6,0,2,8,4,4,9,10,8,9,2,0,8,6,4,9,11,5,9,9,5,0,11,11,5,0,2,4,3,11,2,8,4,11,6,4,8,9,10,2,3,4,0,9,8,7,3,2,8,0,4,4,2,5,5,11,10,4,9,10,3,11,0,11,2,7,2,3,6,8,0,11,3,8,2,5,2,0,4,6,8,0,4,2,9,3,4,2,0,5,2,2,9,0,7,2,5,9,3,8,3,9,5,2,4,8,10,8,8,3,9,9,4,9,11,3,8,9,2,5,9,8,5,3,5,3,11,3,4,5,9,10,0,5,9,2,11,2,2,0,11,3,4,8,6,8,2,3
9,4,7,2,3,9,5,5,10,11,9,10,3,2,9,7,5,10,0,6,10,10,6,2,0,0,6,2,3,5,4,0,3,9,5,0,7,5,9,10,11,3,4,5,2,10,9,8,4,3,9,2,5,5,3,6,6,0,11,5,10,11,4,0,2,0,3,8,3,4,7,9,2,0,4,9,3,6,3,2,5,7,9,2,5,3,10,4,5,3,2,6,3,3,10,2,8,3,6,10,4,9,4,10,6,3,5,9,11,9,9,4,10,10,5,10,0,4,9,10,3,6,10,9,6,4,6,4,0,4,5,6,10,11,2,6,10,3,0,3,3,2,0,4,5,9,7,9,3,4
10,5,8,3,4,10,6,6,11,0,10,11,4,3,10,8,6,11,2,7,11,11,7,3,2,2,7,3,4,6,5,2,4,10,6,2,8,6,10,11,0,4,5,6,3,11,10,9,5,4,10,3,6,6,4,7,7,2,0,6,11,0,5,2,3,2,4,9,4,5,8,10,3,2,5,10,4,7,4,3,6,8,10,3,6,4,11,5,6,4,3,7,4,4,11,3,9,4,7,11,5,10,5,11,7,4,6,10,0,10,10,5,11,11,6,11,2,5,10,11,4,7,11,10,7,5,7,5,2,5,6,7,11,0,3,7,11,4,2,4,4,3,2,5,6,10,8,10,4,5
11,6,9,4,5,11,7,7,0,2,11,0,5,4,11,9,7,0,3,8,0,0,8,4,3,3,8,4,5,7,6,3,5,11,7,3,9,7,11,0,2,5,6,7,4,0,11,10,6,5,11,4,7,7,5,8,8,3,2,7,0,2,6,3,4,3,5,10,5,6,9,11,4,3,6,11,5,8,5,4,7,9,11,4,7,5,0,6,7,5,4,8,5,5,0,4,10,5,8,0,6,11,6,0,8,5,7,11,2,11,11,6,0,0,7,0,3,6,11,0,5,8,0,11,8,6,8,6,3,6,7,8,0,2,4,8,0,5,3,5,5,4,3,6,7,11,9,11,5,6
0,7,10,5,6,0,8,8,2,3,0,2,6,5,0,10,8,2,4,9,2,2,9,5,4,4,9,5,6,8,7,4,6,0,8,4,10,8,0,2,3,6,7,8,5,2,0,11,7,6,0,5,8,8,6,9,9,4,3,8,2,3,7,4,5,4,6,11,6,7,10,0,5,4,7,0,6,9,6,5,8,10,0,5,8,6,2,7,8,6,5,9,6,6,2,5,11,6,9,2,7,0,7,2,9,6,8,0,3,0,0,7,2,2,8,2,4,7,0,2,6,9,2,0,9,7,9,7,4,7,8,9,2,3,5,9,2,6,4,6,6,5,4,7,8,0,10,0,6,7
2,8,11,6,7,2,9,9,3,4,2,3,7,6,2,11,9,3,5,10,3,3,10,6,5,5,10,6,7,9,8,5,7,2,9,5,11,9,2,3,4,7,8,9,6,3,2,0,8,7,2,6,9,9,7,10,10,5,4,9,3,4,8,5,6,5,7,0,7,8,11,2,6,5,8,2,7,10,7,6,9,11,2,6,9,7,3,8,9,7,6,10,7,7,3,6,0,7,10,3,8,2,8,3,10,7,9,2,4,2,2,8,3,3,9,3,5,8,2,3,7,10,3,2,10,8,10,8,5,8,9,10,3,4,6,10,3,7,5,7,7,6,5,8,9,2,11,2,7,8
3,9,0,7,8,3,10,10,4,5,3,4,8,7,3,0,10,4,6,11,4,4,11,7,6,6,11,7,8,10,9,6,8,3,10,6,0,10,3,4,5,8,9,10,7,4,3,2,9,8,3,7,10,10,8,11,11,6,5,10,4,5,9,6,7,6,8,2,8,9,0,3,7,6,9,3,8,11,8,7,10,0,3,7,10,8,4,9,10,8,7,11,8,8,4,7,2,8,11,4,9,3,9,4,11,8,10,3,5,3,3,9,4,4,10,4,6,9,3,4,8,11,4,3,11,9,11,9,6,9,10,11,4,5,7,11,4,8,6,8,8,7,6,9,10,3,0,3,8,9
4,10,2,8,9,4,11,11,5,6,4,5,9,8,4,2,11,5,7,0,5,5,0,8,7,7,0,8,9,11,10,7,9,4,11,7,2,11,4,5,6,9,10,11,8,5,4,3,10,9,4,8,11,11,9,0,0,7,6,11,5,6,10,7,8,7,9,3,9,10,2,4,8,7,10,4,9,0,9,8,11,2,4,8,11,9,5,10,11,9,8,0,9,9,5,8,3,9,0,5,10,4,10,5,0,9,11,4,6,4,4,10,5,5,11,5,7,10,4,5,9,0,5,4,0,10,0,10,7,10,11,0,5,6,8,0,5,9,7,9,9,8,7,10,11,4,2,4,9,10
5,11,3,9,10,5,0,0,6,7,5,6,10,9,5,3,0,6,8,2,6,6,2,9,8,8,2,9,10,0,11,8,10,5,0,8,3,0,5,6,7,10,11,0,9,6,5,4,11,10,5,9,0,0,10,2,2,8,7,0,6,7,11,8,9,8,10,4,10,11,3,5,9,8,11,5,10,2,10,9,0,3,5,9,0,10,6,11,0,10,9,2,10,10,6,9,4,10,2,6,11,5,11,6,2,10,0,5,7,5,5,11,6,6,0,6,8,11,5,6,10,2,6,5,2,11,2,11,8,11,0,2,6,7,9,2,6,10,8,10,10,9,8,11,0,5,3,5,10,11
6,0,4,10,11,6,2,2,7,8,6,7,11,10,6,4,2,7,9,3,7,7,3,10,9,9,3,10,11,2,0,9,11,6,2,9,4,2,6,7,8,11,0,2,10,7,6,5,0,11,6,10,2,2,11,3,3,9,8,2,7,8,0,9,10,9,11,5,11,0,4,6,10,9,0,6,11,3,11,10,2,4,6,10,2,11,7,0,2,11,10,3,11,11,7,10,5,11,3,7,0,6,0,7,3,11,2,6,8,6,6,0,7,7,2,7,9,0,6,7,11,3,7,6,3,0,3,0,9,0,2,3,7,8,10,3,7,11,9,11,11,10,9,0,2,6,4,6,11,0
7,2,5,11,0,7,3,3,8,9,7,8,0,11,7,5,3,8,10,4,8,8,4,11,10,10,4,11,0,3,2,10,0,7,3,10,5,3,7,8,9,0,2,3,11,8,7,6,2,0,7,11,3,3,0,4,4,10,9,3,8,9,2,10,11,10,0,6,0,2,5,7,11,10,2,7,0,4,0,11,3,5,7,11,3,0,8,2,3,0,11,4,0,0,8,11,6,0,4,8,2,7,2,8,4,0,3,7,9,7,7,2,8,8,3,8,10,2,7,8,0,4,8,7,4,2,4,2,10,2,3,4,8,9,11,4,8,0,10,0,0,11,10,2,3,7,5,7,0,2
8,3,6,0,2,8,4,4,9,10,8,9,2,0,8,6,4,9,11,5,9,9,5,0,11,11,5,0,2,4,3,11,2,8,4,11,6,4,8,9,10,2,3,4,0,9,8,7,3,2,8,0,4,4,2,5,5,11,10,4,9,10,3,11,0,11,2,7,2,3,6,8,0,11,3,8,2,5,2,0,4,6,8,0,4,2,9,3,4,2,0,5,2,2,9,0,7,2,5,9,3,8,3,9,5,2,4,8,10,8,8,3,9,9,4,9,11,3,8,9,2,5,9,8,5,3,5,3,11,3,4,5,9,10,0,5,9,2,11,2,2,0,11,3,4,8,6,8,2,3
9,4,7,2,3,9,5,5,10,11,9,10,3,2,9,7,5,10,0,6,10,10,6,2,0,0,6,2,3,5,4,0,3,9,5,0,7,5,9,10,11,3,4,5,2,10,9,8,4,3,9,2,5,5,3,6,6,0,11,5,10,11,4,0,2,0,3,8,3,4,7,9,2,0,4,9,3,6,3,2,5,7,9,2,5,3,10,4,5,3,2,6,3,3,10,2,8,3,6,10,4,9,4,10,6,3,5,9,11,9,9,4,10,10,5,10,0,4,9,10,3,6,10,9,6,4,6,4,0,4,5,6,10,11,2,6,10,3,0,3,3,2,0,4,5,9,7,9,3,4
10,5,8,3,4,10,6,6,11,0,10,11,4,3,10,8,6,11,2,7,11,11,7,3,2,2,7,3,4,6,5,2,4,10,6,2,8,6,10,11,0,4,5,6,3,11,10,9,5,4,10,3,6,6,4,7,7,2,0,6,11,0,5,2,3,2,4,9,4,5,8,10,3,2,5,10,4,7,4,3,6,8,10,3,6,4,11,5,6,4,3,7,4,4,11,3,9,4,7,11,5,10,5,11,7,4,6,10,0,10,10,5,11,11,6,11,2,5,10,11,4,7,11,10,7,5,7,5,2,5,6,7,11,0,3,7,11,4,2,4,4,3,2,5,6,10,8,10,4,5
11,6,9,4,5,11,7,7,0,2,11,0,5,4,11,9,7,0,3,8,0,0,8,4,3,3,8,4,5,7,6,3,5,11,7,3,9,7,11,0,2,5,6,7,4,0,11,10,6,5,11,4,7,7,5,8,8,3,2,7,0,2,6,3,4,3,5,10,5,6,9,11,4,3,6,11,5,8,5,4,7,9,11,4,7,5,0,6,7,5,4,8,5,5,0,4,10,5,8,0,6,11,6,0,8,5,7,11,2,11,11,6,0,0,7,0,3,6,11,0,5,8,0,11,8,6,8,6,3,6,7,8,0,2,4,8,0,5,3,5,5,4,3,6,7,11,9,11,5,6
0,7,10,5,6,0,8,8,2,3,0,2,6,5,0,10,8,2,4,9,2,2,9,5,4,4,9,5,6,8,7,4,6,0,8,4,10,8,0,2,3,6,7,8,5,2,0,11,7,6,0,5,8,8,6,9,9,4,3,8,2,3,7,4,5,4,6,11,6,7,10,0,5,4,7,0,6,9,6,5,8,10,0,5,8,6,2,7,8,6,5,9,6,6,2,5,11,6,9,2,7,0,7,2,9,6,8,0,3,0,0,7,2,2,8,2,4,7,0,2,6,9,2,0,9,7,9,7,4,7,8,9,2,3,5,9,2,6,4,6,6,5,4,7,8,0,10,0,6,7
2,8,11,6,7,2,9,9,3,4,2,3,7,6,2,11,9,3,5,10,3,3,10,6,5,5,10,6,7,9,8,5,7,2,9,5,11,9,2,3,4,7,8,9,6,3,2,0,8,7,2,6,9,9,7,10,10,5,4,9,3,4,8,5,6,5,7,0,7,8,11,2,6,5,8,2,7,10,7,6,9,11,2,6,9,7,3,8,9,7,6,10,7,7,3,6,0,7,10,3,8,2,8,3,10,7,9,2,4,2,2,8,3,3,9,3,5,8,2,3,7,10,3,2,10,8,10,8,5,8,9,10,3,4,6,10,3,7,5,7,7,6,5,8,9,2,11,2,7,8
3,9,0,7,8,3,10,10,4,5,3,4,8,7,3,0,10,4,6,11,4,4,11,7,6,6,11,7,8,10,9,6,8,3,10,6,0,10,3,4,5,8,9,10,7,4,3,2,9,8,3,7,10,10,8,11,11,6,5,10,4,5,9,6,7,6,8,2,8,9,0,3,7,6,9,3,8,11,8,7,10,0,3,7,10,8,4,9,10,8,7,11,8,8,4,7,2,8,11,4,9,3,9,4,11,8,10,3,5,3,3,9,4,4,10,4,6,9,3,4,8,11,4,3,11,9,11,9,6,9,10,11,4,5,7,11,4,8,6,8,8,7,6,9,10,3,0,3,8,9
4,10,2,8,9,4,11,11,5,6,4,5,9,8,4,2,11,5,7,0,5,5,0,8,7,7,0,8,9,11,10,7,9,4,11,7,2,11,4,5,6,9,10,11,8,5,4,3,10,9,4,8,11,11,9,0,0,7,6,11,5,6,10,7,8,7,9,3,9,10,2,4,8,7,10,4,9,0,9,8,11,2,4,8,11,9,5,10,11,9,8,0,9,9,5,8,3,9,0,5,10,4,10,5,0,9,11,4,6,4,4,10,5,5,11,5,7,10,4,5,9,0,5,4,0,10,0,10,7,10,11,0,5,6,8,0,5,9,7,9,9,8,7,10,11,4,2,4,9,10
5,11,3,9,10,5,0,0,6,7,5,6,10,9,5,3,0,6,8,2,6,6,2,9,8,8,2,9,10,0,11,8,10,5,0,8,3,0,5,6,7,10,11,0,9,6,5,4,11,10,5,9,0,0,10,2,2,8,7,0,6,7,11,8,9,8,10,4,10,11,3,5,9,8,11,5,10,2,10,9,0,3,5,9,0,10,6,11,0,10,9,2,10,10,6,9,4,10,2,6,11,5,11,6,2,10,0,5,7,5,5,11,6,6,0,6,8,11,5,6,10,2,6,5,2,11,2,11,8,11,0,2,6,7,9,2,6,10,8,10,10,9,8,11,0,5,3,5,10,11
6,0,4,10,11,6,2,2,7,8,6,7,11,10,6,4,2,7,9,3,7,7,3,10,9,9,3,10,11,2,0,9,11,6,2,9,4,2,6,7,8,11,0,2,10,7,6,5,0,11,6,10,2,2,11,3,3,9,8,2,7,8,0,9,10,9,11,5,11,0,4,6,10,9,0,6,11,3,11,10,2,4,6,10,2,11,7,0,2,11,10,3,11,11,7,10,5,11,3,7,0,6,0,7,3,11,2,6,8,6,6,0,7,7,2,7,9,0,6,7,11,3,7,6,3,0,3,0,9,0,2,3,7,8,10,3,7,11,9,11,11,10,9,0,2,6,4,6,11,0
7,2,5,11,0,7,3,3,8,9,7,8,0,11,7,5,3,8,10,4,8,8,4,11,10,10,4,11,0,3,2,10,0,7,3,10,5,3,7,8,9,0,2,3,11,8,7,6,2,0,7,11,3,3,0,4,4,10,9,3,8,9,2,10,11,10,0,6,0,2,5,7,11,10,2,7,0,4,0,11,3,5,7,11,3,0,8,2,3,0,11,4,0,0,8,11,6,0,4,8,2,7,2,8,4,0,3,7,9,7,7,2,8,8,3,8,10,2,7,8,0,4,8,7,4,2,4,2,10,2,3,4,8,9,11,4,8,0,10,0,0,11,10,2,3,7,5,7,0,2
8,3,6,0,2,8,4,4,9,10,8,9,2,0,8,6,4,9,11,5,9,9,5,0,11,11,5,0,2,4,3,11,2,8,4,11,6,4,8,9,10,2,3,4,0,9,8,7,3,2,8,0,4,4,2,5,5,11,10,4,9,10,3,11,0,11,2,7,2,3,6,8,0,11,3,8,2,5,2,0,4,6,8,0,4,2,9,3,4,2,0,5,2,2,9,0,7,2,5,9,3,8,3,9,5,2,4,8,10,8,8,3,9,9,4,9,11,3,8,9,2,5,9,8,5,3,5,3,11,3,4,5,9,10,0,5,9,2,11,2,2,0,11,3,4,8,6,8,2,3
9,4,7,2,3,9,5,5,10,11,9,10,3,2,9,7,5,10,0,6,10,10,6,2,0,0,6,2,3,5,4,0,3,9,5,0,7,5,9,10,11,3,4,5,2,10,9,8,4,3,9,2,5,5,3,6,6,0,11,5,10,11,4,0,2,0,3,8,3,4,7,9,2,0,4,9,3,6,3,2,5,7,9,2,5,3,10,4,5,3,2,6,3,3,10,2,8,3,6,10,4,9,4,10,6,3,5,9,11,9,9,4,10,10,5,10,0,4,9,10,3,6,10,9,6,4,6,4,0,4,5,6,10,11,2,6,10,3,0,3,3,2,0,4,5,9,7,9,3,4
10,5,8,3,4,10,6,6,11,0,10,11,4,3,10,8,6,11,2,7,11,11,7,3,2,2,7,3,4,6,5,2,4,10,6,2,8,6,10,11,0,4,5,6,3,11,10,9,5,4,10,3,6,6,4,7,7,2,0,6,11,0,5,2,3,2,4,9,4,5,8,10,3,2,5,10,4,7,4,3,6,8,10,3,6,4,11,5,6,4,3,7,4,4,11,3,9,4,7,11,5,10,5,11,7,4,6,10,0,10,10,5,11,11,6,11,2,5,10,11,4,7,11,10,7,5,7,5,2,5,6,7,11,0,3,7,11,4,2,4,4,3,2,5,6,10,8,10,4,5
11,6,9,4,5,11,7,7,0,2,11,0,5,4,11,9,7,0,3,8,0,0,8,4,3,3,8,4,5,7,6,3,5,11,7,3,9,7,11,0,2,5,6,7,4,0,11,10,6,5,11,4,7,7,5,8,8,3,2,7,0,2,6,3,4,3,5,10,5,6,9,11,4,3,6,11,5,8,5,4,7,9,11,4,7,5,0,6,7,5,4,8,5,5,0,4,10,5,8,0,6,11,6,0,8,5,7,11,2,11,11,6,0,0,7,0,3,6,11,0,5,8,0,11,8,6,8,6,3,6,7,8,0,2,4,8,0,5,3,5,5,4,3,6,7,11,9,11,5,6
0,7,10,5,6,0,8,8,2,3,0,2,6,5,0,10,8,2,4,9,2,2,9,5,4,4,9,5,6,8,7,4,6,0,8,4,10,8,0,2,3,6,7,8,5,2,0,11,7,6,0,5,8,8,6,9,9,4,3,8,2,3,7,4,5,4,6,11,6,7,10,0,5,4,7,0,6,9,6,5,8,10,0,5,8,6,2,7,8,6,5,9,6,6,2,5,11,6,9,2,7,0,7,2,9,6,8,0,3,0,0,7,2,2,8,2,4,7,0,2,6,9,2,0,9,7,9,7,4,7,8,9,2,3,5,9,2,6,4,6,6,5,4,7,8,0,10,0,6,7
2,8,11,6,7,2,9,9,3,4,2,3,7,6,2,11,9,3,5,10,3,3,10,6,5,5,10,6,7,9,8,5,7,2,9,5,11,9,2,3,4,7,8,9,6,3,2,0,8,7,2,6,9,9,7,10,10,5,4,9,3,4,8,5,6,5,7,0,7,8,11,2,6,5,8,2,7,10,7,6,9,11,2,6,9,7,3,8,9,7,6,10,7,7,3,6,0,7,10,3,8,2,8,3,10,7,9,2,4,2,2,8,3,3,9,3,5,8,2,3,7,10,3,2,10,8,10,8,5,8,9,10,3,4,6,10,3,7,5,7,7,6,5,8,9,2,11,2,7,8
3,9,0,7,8,3,10,10,4,5,3,4,8,7,3,0,10,4,6,11,4,4,11,7,6,6,11,7,8,10,9,6,8,3,10,6,0,10,3,4,5,8,9,10,7,4,3,2,9,8,3,7,10,10,8,11,11,6,5,10,4,5,9,6,7,6,8,2,8,9,0,3,7,6,9,3,8,11,8,7,10,0,3,7,10,8,4,9,10,8,7,11,8,8,4,7,2,8,11,4,9,3,9,4,11,8,10,3,5,3,3,9,4,4,10,4,6,9,3,4,8,11,4,3,11,9,11,9,6,9,10,11,4,5,7,11,4,8,6,8,8,7,6,9,10,3,0,3,8,9
4,10,2,8,9,4,11,11,5,6,4,5,9,8,4,2,11,5,7,0,5,5,0,8,7,7,0,8,9,11,10,7,9,4,11,7,2,11,4,5,6,9,10,11,8,5,4,3,10,9,4,8,11,11,9,0,0,7,6,11,5,6,10,7,8,7,9,3,9,10,2,4,8,7,10,4,9,0,9,8,11,2,4,8,11,9,5,10,11,9,8,0,9,9,5,8,3,9,0,5,10,4,10,5,0,9,11,4,6,4,4,10,5,5,11,5,7,10,4,5,9,0,5,4,0,10,0,10,7,10,11,0,5,6,8,0,5,9,7,9,9,8,7,10,11,4,2,4,9,10
5,11,3,9,10,5,0,0,6,7,5,6,10,9,5,3,0,6,8,2,6,6,2,9,8,8,2,9,10,0,11,8,10,5,0,8,3,0,5,6,7,10,11,0,9,6,5,4,11,10,5,9,0,0,10,2,2,8,7,0,6,7,11,8,9,8,10,4,10,11,3,5,9,8,11,5,10,2,10,9,0,3,5,9,0,10,6,11,0,10,9,2,10,10,6,9,4,10,2,6,11,5,11,6,2,10,0,5,7,5,5,11,6,6,0,6,8,11,5,6,10,2,6,5,2,11,2,11,8,11,0,2,6,7,9,2,6,10,8,10,10,9,8,11,0,5,3,5,10,11
6,0,4,10,11,6,2,2,7,8,6,7,11,10,6,4,2,7,9,3,7,7,3,10,9,9,3,10,11,2,0,9,11,6,2,9,4,2,6,7,8,11,0,2,10,7,6,5,0,11,6,10,2,2,11,3,3,9,8,2,7,8,0,9,10,9,11,5,11,0,4,6,10,9,0,6,11,3,11,10,2,4,6,10,2,11,7,0,2,11,10,3,11,11,7,10,5,11,3,7,0,6,0,7,3,11,2,6,8,6,6,0,7,7,2,7,9,0,6,7,11,3,7,6,3,0,3,0,9,0,2,3,7,8,10,3,7,11,9,11,11,10,9,0,2,6,4,6,11,0
7,2,5,11,0,7,3,3,8,9,7,8,0,11,7,5,3,8,10,4,8,8,4,11,10,10,4,11,0,3,2,10,0,7,3,10,5,3,7,8,9,0,2,3,11,8,7,6,2,0,7,11,3,3,0,4,4,10,9,3,8,9,2,10,11,10,0,6,0,2,5,7,11,10,2,7,0,4,0,11,3,5,7,11,3,0,8,2,3,0,11,4,0,0,8,11,6,0,4,8,2,7,2,8,4,0,3,7,9,7,7,2,8,8,3,8,10,2,7,8,0,4,8,7,4,2,4,2,10,2,3,4,8,9,11,4,8,0,10,0,0,11,10,2,3,7,5,7,0,2
8,3,6,0,2,8,4,4,9,10,8,9,2,0,8,6,4,9,11,5,9,9,5,0,11,11,5,0,2,4,3,11,2,8,4,11,6,4,8,9,10,2,3,4,0,9,8,7,3,2,8,0,4,4,2,5,5,11,10,4,9,10,3,11,0,11,2,7,2,3,6,8,0,11,3,8,2,5,2,0,4,6,8,0,4,2,9,3,4,2,0,5,2,2,9,0,7,2,5,9,3,8,3,9,5,2,4,8,10,8,8,3,9,9,4,9,11,3,8,9,2,5,9,8,5,3,5,3,11,3,4,5,9,10,0,5,9,2,11,2,2,0,11,3,4,8,6,8,2,3
9,4,7,2,3,9,5,5,10,11,9,10,3,2,9,7,5,10,0,6,10,10,6,2,0,0,6,2,3,5,4,0,3,9,5,0,7,5,9,10,11,3,4,5,2,10,9,8,4,3,9,2,5,5,3,6,6,0,11,5,10,11,4,0,2,0,3,8,3,4,7,9,2,0,4,9,3,6,3,2,5,7,9,2,5,3,10,4,5,3,2,6,3,3,10,2,8,3,6,10,4,9,4,10,6,3,5,9,11,9,9,4,10,10,5,10,0,4,9,10,3,6,10,9,6,4,6,4,0,4,5,6,10,11,2,6,10,3,0,3,3,2,0,4,5,9,7,9,3,4
10,5,8,3,4,10,6,6,11,0,10,11,4,3,10,8,6,11,2,7,11,11,7,3,2,2,7,3,4,6,5,2,4,10,6,2,8,6,10,11,0,4,5,6,3,11,10,9,5,4,10,3,6,6,4,7,7,2,0,6,11,0,5,2,3,2,4,9,4,5,8,10,3,2,5,10,4,7,4,3,6,8,10,3,6,4,11,5,6,4,3,7,4,4,11,3,9,4,7,11,5,10,5,11,7,4,6,10,0,10,10,5,11,11,6,11,2,5,10,11,4,7,11,10,7,5,7,5,2,5,6,7,11,0,3,7,11,4,2,4,4,3,2,5,6,10,8,10,4,5
11,6,9,4,5,11,7,7,0,2,11,0,5,4,11,9,7,0,3,8,0,0,8,4,3,3,8,4,5,7,6,3,5,11,7,3,9,7,11,0,2,5,6,7,4,0,11,10,6,5,11,4,7,7,5,8,8,3,2,7,0,2,6,3,4,3,5,10,5,6,9,11,4,3,6,11,5,8,5,4,7,9,11,4,7,5,0,6,7,5,4,8,5,5,0,4,10,5,8,0,6,11,6,0,8,5,7,11,2,11,11,6,0,0,7,0,3,6,11,0,5,8,0,11,8,6,8,6,3,6,7,8,0,2,4,8,0,5,3,5,5,4,3,6,7,11,9,11,5,6
0,7,10,5,6,0,8,8,2,3,0,2,6,5,0,10,8,2,4,9,2,2,9,5,4,4,9,5,6,8,7,4,6,0,8,4,10,8,0,2,3,6,7,8,5,2,0,11,7,6,0,5,8,8,6,9,9,4,3,8,2,3,7,4,5,4,6,11,6,7,10,0,5,4,7,0,6,9,6,5,8,10,0,5,8,6,2,7,8,6,5,9,6,6,2,5,11,6,9,2,7,0,7,2,9,6,8,0,3,0,0,7,2,2,8,2,4,7,0,2,6,9,2,0,9,7,9,7,4,7,8,9,2,3,5,9,2,6,4,6,6,5,4,7,8,0,10,0,6,7
2,8,11,6,7,2,9,9,3,4,2,3,7,6,2,11,9,3,5,10,3,3,10,6,5,5,10,6,7,9,8,5,7,2,9,5,11,9,2,3,4,7,8,9,6,3,2,0,8,7,2,6,9,9,7,10,10,5,4,9,3,4,8,5,6,5,7,0,7,8,11,2,6,5,8,2,7,10,7,6,9,11,2,6,9,7,3,8,9,7,6,10,7,7,3,6,0,7,10,3,8,2,8,3,10,7,9,2,4,2,2,8,3,3,9,3,5,8,2,3,7,10,3,2,10,8,10,8,5,8,9,10,3,4,6,10,3,7,5,7,7,6,5,8,9,2,11,2,7,8
3,9,0,7,8,3,10,10,4,5,3,4,8,7,3,0,10,4,6,11,4,4,11,7,6,6,11,7,8,10,9,6,8,3,10,6,0,10,3,4,5,8,9,10,7,4,3,2,9,8,3,7,10,10,8,11,11,6,5,10,4,5,9,6,7,6,8,2,8,9,0,3,7,6,9,3,8,11,8,7,10,0,3,7,10,8,4,9,10,8,7,11,8,8,4,7,2,8,11,4,9,3,9,4,11,8,10,3,5,3,3,9,4,4,10,4,6,9,3,4,8,11,4,3,11,9,11,9,6,9,10,11,4,5,7,11,4,8,6,8,8,7,6,9,10,3,0,3,8,9
4,10,2,8,9,4,11,11,5,6,4,5,9,8,4,2,11,5,7,0,5,5,0,8,7,7,0,8,9,11,10,7,9,4,11,7,2,11,4,5,6,9,10,11,8,5,4,3,10,9,4,8,11,11,9,0,0,7,6,11,5,6,10,7,8,7,9,3,9,10,2,4,8,7,10,4,9,0,9,8,11,2,4,8,11,9,5,10,11,9,8,0,9,9,5,8,3,9,0,5,10,4,10,5,0,9,11,4,6,4,4,10,5,5,11,5,7,10,4,5,9,0,5,4,0,10,0,10,7,10,11,0,5,6,8,0,5,9,7,9,9,8,7,10,11,4,2,4,9,10
5,11,3,9,10,5,0,0,6,7,5,6,10,9,5,3,0,6,8,2,6,6,2,9,8,8,2,9,10,0,11,8,10,5,0,8,3,0,5,6,7,10,11,0,9,6,5,4,11,10,5,9,0,0,10,2,2,8,7,0,6,7,11,8,9,8,10,4,10,11,3,5,9,8,11,5,10,2,10,9,0,3,5,9,0,10,6,11,0,10,9,2,10,10,6,9,4,10,2,6,11,5,11,6,2,10,0,5,7,5,5,11,6,6,0,6,8,11,5,6,10,2,6,5,2,11,2,11,8,11,0,2,6,7,9,2,6,10,8,10,10,9,8,11,0,5,3,5,10,11
6,0,4,10,11,6,2,2,7,8,6,7,11,10,6,4,2,7,9,3,7,7,3,10,9,9,3,10,11,2,0,9,11,6,2,9,4,2,6,7,8,11,0,2,10,7,6,5,0,11,6,10,2,2,11,3,3,9,8,2,7,8,0,9,10,9,11,5,11,0,4,6,10,9,0,6,11,3,11,10,2,4,6,10,2,11,7,0,2,11,10,3,11,11,7,10,5,11,3,7,0,6,0,7,3,11,2,6,8,6,6,0,7,7,2,7,9,0,6,7,11,3,7,6,3,0,3,0,9,0,2,3,7,8,10,3,7,11,9,11,11,10,9,0,2,6,4,6,11,0
7,2,5,11,0,7,3,3,8,9,7,8,0,11,7,5,3,8,10,4,8,8,4,11,10,10,4,11,0,3,2,10,0,7,3,10,5,3,7,8,9,0,2,3,11,8,7,6,2,0,7,11,3,3,0,4,4,10,9,3,8,9,2,10,11,10,0,6,0,2,5,7,11,10,2,7,0,4,0,11,3,5,7,11,3,0,8,2,3,0,11,4,0,0,8,11,6,0,4,8,2,7,2,8,4,0,3,7,9,7,7,2,8,8,3,8,10,2,7,8,0,4,8,7,4,2,4,2,10,2,3,4,8,9,11,4,8,0,10,0,0,11,10,2,3,7,5,7,0,2
8,3,6,0,2,8,4,4,9,10,8,9,2,0,8,6,4,9,11,5,9,9,5,0,11,11,5,0,2,4,3,11,2,8,4,11,6,4,8,9,10,2,3,4,0,9,8,7,3,2,8,0,4,4,2,5,5,11,10,4,9,10,3,11,0,11,2,7,2,3,6,8,0,11,3,8,2,5,2,0,4,6,8,0,4,2,9,3,4,2,0,5,2,2,9,0,7,2,5,9,3,8,3,9,5,2,4,8,10,8,8,3,9,9,4,9,11,3,8,9,2,5,9,8,5,3,5,3,11,3,4,5,9,10,0,5,9,2,11,2,2,0,11,3,4,8,6,8,2,3
9,4,7,2,3,9,5,5,10,11,9,10,3,2,9,7,5,10,0,6,10,10,6,2,0,0,6,2,3,5,4,0,3,9,5,0,7,5,9,10,11,3,4,5,2,10,9,8,4,3,9,2,5,5,3,6,6,0,11,5,10,11,4,0,2,0,3,8,3,4,7,9,2,0,4,9,3,6,3,2,5,7,9,2,5,3,10,4,5,3,2,6,3,3,10,2,8,3,6,10,4,9,4,10,6,3,5,9,11,9,9,4,10,10,5,10,0,4,9,10,3,6,10,9,6,4,6,4,0,4,5,6,10,11,2,6,10,3,0,3,3,2,0,4,5,9,7,9,3,4
10,5,8,3,4,10,6,6,11,0,10,11,4,3,10,8,6,11,2,7,11,11,7,3,2,2,7,3,4,6,5,2,4,10,6,2,8,6,10,11,0,4,5,6,3,11,10,9,5,4,10,3,6,6,4,7,7,2,0,6,11,0,5,2,3,2,4,9,4,5,8,10,3,2,5,10,4,7,4,3,6,8,10,3,6,4,11,5,6,4,3,7,4,4,11,3,9,4,7,11,5,10,5,11,7,4,6,10,0,10,10,5,11,11,6,11,2,5,10,11,4,7,11,10,7,5,7,5,2,5,6,7,11,0,3,7,11,4,2,4,4,3,2,5,6,10,8,10,4,5
11,6,9,4,5,11,7,7,0,2,11,0,5,4,11,9,7,0,3,8,0,0,8,4,3,3,8,4,5,7,6,3,5,11,7,3,9,7,11,0,2,5,6,7,4,0,11,10,6,5,11,4,7,7,5,8,8,3,2,7,0,2,6,3,4,3,5,10,5,6,9,11,4,3,6,11,5,8,5,4,7,9,11,4,7,5,0,6,7,5,4,8,5,5,0,4,10,5,8,0,6,11,6,0,8,5,7,11,2,11,11,6,0,0,7,0,3,6,11,0,5,8,0,11,8,6,8,6,3,6,7,8,0,2,4,8,0,5,3,5,5,4,3,6,7,11,9,11,5,6
0,7,10,5,6,0,8,8,2,3,0,2,6,5,0,10,8,2,4,9,2,2,9,5,4,4,9,5,6,8,7,4,6,0,8,4,10,8,0,2,3,6,7,8,5,2,0,11,7,6,0,5,8,8,6,9,9,4,3,8,2,3,7,4,5,4,6,11,6,7,10,0,5,4,7,0,6,9,6,5,8,10,0,5,8,6,2,7,8,6,5,9,6,6,2,5,11,6,9,2,7,0,7,2,9,6,8,0,3,0,0,7,2,2,8,2,4,7,0,2,6,9,2,0,9,7,9,7,4,7,8,9,2,3,5,9,2,6,4,6,6,5,4,7,8,0,10,0,6,7
2,8,11,6,7,2,9,9,3,4,2,3,7,6,2,11,9,3,5,10,3,3,10,6,5,5,10,6,7,9,8,5,7,2,9,5,11,9,2,3,4,7,8,9,6,3,2,0,8,7,2,6,9,9,7,10,10,5,4,9,3,4,8,5,6,5,7,0,7,8,11,2,6,5,8,2,7,10,7,6,9,11,2,6,9,7,3,8,9,7,6,10,7,7,3,6,0,7,10,3,8,2,8,3,10,7,9,2,4,2,2,8,3,3,9,3,5,8,2,3,7,10,3,2,10,8,10,8,5,8,9,10,3,4,6,10,3,7,5,7,7,6,5,8,9,2,11,2,7,8
3,9,0,7,8,3,10,10,4,5,3,4,8,7,3,0,10,4,6,11,4,4,11,7,6,6,11,7,8,10,9,6,8,3,10,6,0,10,3,4,5,8,9,10,7,4,3,2,9,8,3,7,10,10,8,11,11,6,5,10,4,5,9,6,7,6,8,2,8,9,0,3,7,6,9,3,8,11,8,7,10,0,3,7,10,8,4,9,10,8,7,11,8,8,4,7,2,8,11,4,9,3,9,4,11,8,10,3,5,3,3,9,4,4,10,4,6,9,3,4,8,11,4,3,11,9,11,9,6,9,10,11,4,5,7,11,4,8,6,8,8,7,6,9,10,3,0,3,8,9
4,10,2,8,9,4,11,11,5,6,4,5,9,8,4,2,11,5,7,0,5,5,0,8,7,7,0,8,9,11,10,7,9,4,11,7,2,11,4,5,6,9,10,11,8,5,4,3,10,9,4,8,11,11,9,0,0,7,6,11,5,6,10,7,8,7,9,3,9,10,2,4,8,7,10,4,9,0,9,8,11,2,4,8,11,9,5,10,11,9,8,0,9,9,5,8,3,9,0,5,10,4,10,5,0,9,11,4,6,4,4,10,5,5,11,5,7,10,4,5,9,0,5,4,0,10,0,10,7,10,11,0,5,6,8,0,5,9,7,9,9,8,7,10,11,4,2,4,9,10
5,11,3,9,10,5,0,0,6,7,5,6,10,9,5,3,0,6,8,2,6,6,2,9,8,8,2,9,10,0,11,8,10,5,0,8,3,0,5,6,7,10,11,0,9,6,5,4,11,10,5,9,0,0,10,2,2,8,7,0,6,7,11,8,9,8,10,4,10,11,3,5,9,8,11,5,10,2,10,9,0,3,5,9,0,10,6,11,0,10,9,2,10,10,6,9,4,10,2,6,11,5,11,6,2,10,0,5,7,5,5,11,6,6,0,6,8,11,5,6,10,2,6,5,2,11,2,11,8,11,0,2,6,7,9,2,6,10,8,10,10,9,8,11,0,5,3,5,10,11
6,0,4,10,11,6,2,2,7,8,6,7,11,10,6,4,2,7,9,3,7,7,3,10,9,9,3,10,11,2,0,9,11,6,2,9,4,2,6,7,8,11,0,2,10,7,6,5,0,11,6,10,2,2,11,3,3,9,8,2,7,8,0,9,10,9,11,5,11,0,4,6,10,9,0,6,11,3,11,10,2,4,6,10,2,11,7,0,2,11,10,3,11,11,7,10,5,11,3,7,0,6,0,7,3,11,2,6,8,6,6,0,7,7,2,7,9,0,6,7,11,3,7,6,3,0,3,0,9,0,2,3,7,8,10,3,7,11,9,11,11,10,9,0,2,6,4,6,11,0
7,2,5,11,0,7,3,3,8,9,7,8,0,11,7,5,3,8,10,4,8,8,4,11,10,10,4,11,0,3,2,10,0,7,3,10,5,3,7,8,9,0,2,3,11,8,7,6,2,0,7,11,3,3,0,4,4,10,9,3,8,9,2,10,11,10,0,6,0,2,5,7,11,10,2,7,0,4,0,11,3,5,7,11,3,0,8,2,3,0,11,4,0,0,8,11,6,0,4,8,2,7,2,8,4,0,3,7,9,7,7,2,8,8,3,8,10,2,7,8,0,4,8,7,4,2,4,2,10,2,3,4,8,9,11,4,8,0,10,0,0,11,10,2,3,7,5,7,0,2
8,3,6,0,2,8,4,4,9,10,8,9,2,0,8,6,4,9,11,5,9,9,5,0,11,11,5,0,2,4,3,11,2,8,4,11,6,4,8,9,10,2,3,4,0,9,8,7,3,2,8,0,4,4,2,5,5,11,10,4,9,10,3,11,0,11,2,7,2,3,6,8,0,11,3,8,2,5,2,0,4,6,8,0,4,2,9,3,4,2,0,5,2,2,9,0,7,2,5,9,3,8,3,9,5,2,4,8,10,8,8,3,9,9,4,9,11,3,8,9,2,5,9,8,5,3,5,3,11,3,4,5,9,10,0,5,9,2,11,2,2,0,11,3,4,8,6,8,2,3
9,4,7,2,3,9,5,5,10,11,9,10,3,2,9,7,5,10,0,6,10,10,6,2,0,0,6,2,3,5,4,0,3,9,5,0,7,5,9,10,11,3,4,5,2,10,9,8,4,3,9,2,5,5,3,6,6,0,11,5,10,11,4,0,2,0,3,8,3,4,7,9,2,0,4,9,3,6,3,2,5,7,9,2,5,3,10,4,5,3,2,6,3,3,10,2,8,3,6,10,4,9,4,10,6,3,5,9,11,9,9,4,10,10,5,10,0,4,9,10,3,6,10,9,6,4,6,4,0,4,5,6,10,11,2,6,10,3,0,3,3,2,0,4,5,9,7,9,3,4
10,5,8,3,4,10,6,6,11,0,10,11,4,3,10,8,6,11,2,7,11,11,7,3,2,2,7,3,4,6,5,2,4,10,6,2,8,6,10,11,0,4,5,6,3,11,10,9,5,4,10,3,6,6,4,7,7,2,0,6,11,0,5,2,3,2,4,9,4,5,8,10,3,2,5,10,4,7,4,3,6,8,10,3,6,4,11,5,6,4,3,7,4,4,11,3,9,4,7,11,5,10,5,11,7,4,6,10,0,10,10,5,11,11,6,11,2,5,10,11,4,7,11,10,7,5,7,5,2,5,6,7,11,0,3,7,11,4,2,4,4,3,2,5,6,10,8,10,4,5
11,6,9,4,5,11,7,7,0,2,11,0,5,4,11,9,7,0,3,8,0,0,8,4,3,3,8,4,5,7,6,3,5,11,7,3,9,7,11,0,2,5,6,7,4,0,11,10,6,5,11,4,7,7,5,8,8,3,2,7,0,2,6,3,4,3,5,10,5,6,9,11,4,3,6,11,5,8,5,4,7,9,11,4,7,5,0,6,7,5,4,8,5,5,0,4,10,5,8,0,6,11,6,0,8,5,7,11,2,11,11,6,0,0,7,0,3,6,11,0,5,8,0,11,8,6,8,6,3,6,7,8,0,2,4,8,0,5,3,5,5,4,3,6,7,11,9,11,5,6
0,7,10,5,6,0,8,8,2,3,0,2,6,5,0,10,8,2,4,9,2,2,9,5,4,4,9,5,6,8,7,4,6,0,8,4,10,8,0,2,3,6,7,8,5,2,0,11,7,6,0,5,8,8,6,9,9,4,3,8,2,3,7,4,5,4,6,11,6,7,10,0,5,4,7,0,6,9,6,5,8,10,0,5,8,6,2,7,8,6,5,9,6,6,2,5,11,6,9,2,7,0,7,2,9,6,8,0,3,0,0,7,2,2,8,2,4,7,0,2,6,9,2,0,9,7,9,7,4,7,8,9,2,3,5,9,2,6,4,6,6,5,4,7,8,0,10,0,6,7
2,8,11,6,7,2,9,9,3,4,2,3,7,6,2,11,9,3,5,10,3,3,10,6,5,5,10,6,7,9,8,5,7,2,9,5,11,9,2,3,4,7,8,9,6,3,2,0,8,7,2,6,9,9,7,10,10,5,4,9,3,4,8,5,6,5,7,0,7,8,11,2,6,5,8,2,7,10,7,6,9,11,2,6,9,7,3,8,9,7,6,10,7,7,3,6,0,7,10,3,8,2,8,3,10,7,9,2,4,2,2,8,3,3,9,3,5,8,2,3,7,10,3,2,10,8,10,8,5,8,9,10,3,4,6,10,3,7,5,7,7,6,5,8,9,2,11,2,7,8
3,9,0,7,8,3,10,10,4,5,3,4,8,7,3,0,10,4,6,11,4,4,11,7,6,6,11,7,8,10,9,6,8,3,10,6,0,10,3,4,5,8,9,10,7,4,3,2,9,8,3,7,10,10,8,11,11,6,5,10,4,5,9,6,7,6,8,2,8,9,0,3,7,6,9,3,8,11,8,7,10,0,3,7,10,8,4,9,10,8,7,11,8,8,4,7,2,8,11,4,9,3,9,4,11,8,10,3,5,3,3,9,4,4,10,4,6,9,3,4,8,11,4,3,11,9,11,9,6,9,10,11,4,5,7,11,4,8,6,8,8,7,6,9,10,3,0,3,8,9
4,10,2,8,9,4,11,11,5,6,4,5,9,8,4,2,11,5,7,0,5,5,0,8,7,7,0,8,9,11,10,7,9,4,11,7,2,11,4,5,6,9,10,11,8,5,4,3,10,9,4,8,11,11,9,0,0,7,6,11,5,6,10,7,8,7,9,3,9,10,2,4,8,7,10,4,9,0,9,8,11,2,4,8,11,9,5,10,11,9,8,0,9,9,5,8,3,9,0,5,10,4,10,5,0,9,11,4,6,4,4,10,5,5,11,5,7,10,4,5,9,0,5,4,0,10,0,10,7,10,11,0,5,6,8,0,5,9,7,9,9,8,7,10,11,4,2,4,9,10
5,11,3,9,10,5,0,0,6,7,5,6,10,9,5,3,0,6,8,2,6,6,2,9,8,8,2,9,10,0,11,8,10,5,0,8,3,0,5,6,7,10,11,0,9,6,5,4,11,10,5,9,0,0,10,2,2,8,7,0,6,7,11,8,9,8,10,4,10,11,3,5,9,8,11,5,10,2,10,9,0,3,5,9,0,10,6,11,0,10,9,2,10,10,6,9,4,10,2,6,11,5,11,6,2,10,0,5,7,5,5,11,6,6,0,6,8,11,5,6,10,2,6,5,2,11,2,11,8,11,0,2,6,7,9,2,6,10,8,10,10,9,8,11,0,5,3,5,10,11
6,0,4,10,11,6,2,2,7,8,6,7,11,10,6,4,2,7,9,3,7,7,3,10,9,9,3,10,11,2,0,9,11,6,2,9,4,2,6,7,8,11,0,2,10,7,6,5,0,11,6,10,2,2,11,3,3,9,8,2,7,8,0,9,10,9,11,5,11,0,4,6,10,9,0,6,11,3,11,10,2,4,6,10,2,11,7,0,2,11,10,3,11,11,7,10,5,11,3,7,0,6,0,7,3,11,2,6,8,6,6,0,7,7,2,7,9,0,6,7,11,3,7,6,3,0,3,0,9,0,2,3,7,8,10,3,7,11,9,11,11,10,9,0,2,6,4,6,11,0
7,2,5,11,0,7,3,3,8,9,7,8,0,11,7,5,3,8,10,4,8,8,4,11,10,10,4,11,0,3,2,10,0,7,3,10,5,3,7,8,9,0,2,3,11,8,7,6,2,0,7,11,3,3,0,4,4,10,9,3,8,9,2,10,11,10,0,6,0,2,5,7,11,10,2,7,0,4,0,11,3,5,7,11,3,0,8,2,3,0,11,4,0,0,8,11,6,0,4,8,2,7,2,8,4,0,3,7,9,7,7,2,8,8,3,8,10,2,7,8,0,4,8,7,4,2,4,2,10,2,3,4,8,9,11,4,8,0,10,0,0,11,10,2,3,7,5,7,0,2
8,3,6,0,2,8,4,4,9,10,8,9,2,0,8,6,4,9,11,5,9,9,5,0,11,11,5,0,2,4,3,11,2,8,4,11,6,4,8,9,10,2,3,4,0,9,8,7,3,2,8,0,4,4,2,5,5,11,10,4,9,10,3,11,0,11,2,7,2,3,6,8,0,11,3,8,2,5,2,0,4,6,8,0,4,2,9,3,4,2,0,5,2,2,9,0,7,2,5,9,3,8,3,9,5,2,4,8,10,8,8,3,9,9,4,9,11,3,8,9,2,5,9,8,5,3,5,3,11,3,4,5,9,10,0,5,9,2,11,2,2,0,11,3,4,8,6,8,2,3
9,4,7,2,3,9,5,5,10,11,9,10,3,2,9,7,5,10,0,6,10,10,6,2,0,0,6,2,3,5,4,0,3,9,5,0,7,5,9,10,11,3,4,5,2,10,9,8,4,3,9,2,5,5,3,6,6,0,11,5,10,11,4,0,2,0,3,8,3,4,7,9,2,0,4,9,3,6,3,2,5,7,9,2,5,3,10,4,5,3,2,6,3,3,10,2,8,3,6,10,4,9,4,10,6,3,5,9,11,9,9,4,10,10,5,10,0,4,9,10,3,6,10,9,6,4,6,4,0,4,5,6,10,11,2,6,10,3,0,3,3,2,0,4,5,9,7,9,3,4
10,5,8,3,4,10,6,6,11,0,10,11,4,3,10,8,6,11,2,7,11,11,7,3,2,2,7,3,4,6,5,2,4,10,6,2,8,6,10,11,0,4,5,6,3,11,10,9,5,4,10,3,6,6,4,7,7,2,0,6,11,0,5,2,3,2,4,9,4,5,8,10,3,2,5,10,4,7,4,3,6,8,10,3,6,4,11,5,6,4,3,7,4,4,11,3,9,4,7,11,5,10,5,11,7,4,6,10,0,10,10,5,11,11,6,11,2,5,10,11,4,7,11,10,7,5,7,5,2,5,6,7,11,0,3,7,11,4,2,4,4,3,2,5,6,10,8,10,4,5
11,6,9,4,5,11,7,7,0,2,11,0,5,4,11,9,7,0,3,8,0,0,8,4,3,3,8,4,5,7,6,3,5,11,7,3,9,7,11,0,2,5,6,7,4,0,11,10,6,5,11,4,7,7,5,8,8,3,2,7,0,2,6,3,4,3,5,10,5,6,9,11,4,3,6,11,5,8,5,4,7,9,11,4,7,5,0,6,7,5,4,8,5,5,0,4,10,5,8,0,6,11,6,0,8,5,7,11,2,11,11,6,0,0,7,0,3,6,11,0,5,8,0,11,8,6,8,6,3,6,7,8,0,2,4,8,0,5,3,5,5,4,3,6,7,11,9,11,5,6
0,7,10,5,6,0,8,8,2,3,0,2,6,5,0,10,8,2,4,9,2,2,9,5,4,4,9,5,6,8,7,4,6,0,8,4,10,8,0,2,3,6,7,8,5,2,0,11,7,6,0,5,8,8,6,9,9,4,3,8,2,3,7,4,5,4,6,11,6,7,10,0,5,4,7,0,6,9,6,5,8,10,0,5,8,6,2,7,8,6,5,9,6,6,2,5,11,6,9,2,7,0,7,2,9,6,8,0,3,0,0,7,2,2,8,2,4,7,0,2,6,9,2,0,9,7,9,7,4,7,8,9,2,3,5,9,2,6,4,6,6,5,4,7,8,0,10,0,6,7
2,8,11,6,7,2,9,9,3,4,2,3,7,6,2,11,9,3,5,10,3,3,10,6,5,5,10,6,7,9,8,5,7,2,9,5,11,9,2,3,4,7,8,9,6,3,2,0,8,7,2,6,9,9,7,10,10,5,4,9,3,4,8,5,6,5,7,0,7,8,11,2,6,5,8,2,7,10,7,6,9,11,2,6,9,7,3,8,9,7,6,10,7,7,3,6,0,7,10,3,8,2,8,3,10,7,9,2,4,2,2,8,3,3,9,3,5,8,2,3,7,10,3,2,10,8,10,8,5,8,9,10,3,4,6,10,3,7,5,7,7,6,5,8,9,2,11,2,7,8
3,9,0,7,8,3,10,10,4,5,3,4,8,7,3,0,10,4,6,11,4,4,11,7,6,6,11,7,8,10,9,6,8,3,10,6,0,10,3,4,5,8,9,10,7,4,3,2,9,8,3,7,10,10,8,11,11,6,5,10,4,5,9,6,7,6,8,2,8,9,0,3,7,6,9,3,8,11,8,7,10,0,3,7,10,8,4,9,10,8,7,11,8,8,4,7,2,8,11,4,9,3,9,4,11,8,10,3,5,3,3,9,4,4,10,4,6,9,3,4,8,11,4,3,11,9,11,9,6,9,10,11,4,5,7,11,4,8,6,8,8,7,6,9,10,3,0,3,8,9
4,10,2,8,9,4,11,11,5,6,4,5,9,8,4,2,11,5,7,0,5,5,0,8,7,7,0,8,9,11,10,7,9,4,11,7,2,11,4,5,6,9,10,11,8,5,4,3,10,9,4,8,11,11,9,0,0,7,6,11,5,6,10,7,8,7,9,3,9,10,2,4,8,7,10,4,9,0,9,8,11,2,4,8,11,9,5,10,11,9,8,0,9,9,5,8,3,9,0,5,10,4,10,5,0,9,11,4,6,4,4,10,5,5,11,5,7,10,4,5,9,0,5,4,0,10,0,10,7,10,11,0,5,6,8,0,5,9,7,9,9,8,7,10,11,4,2,4,9,10
5,11,3,9,10,5,0,0,6,7,5,6,10,9,5,3,0,6,8,2,6,6,2,9,8,8,2,9,10,0,11,8,10,5,0,8,3,0,5,6,7,10,11,0,9,6,5,4,11,10,5,9,0,0,10,2,2,8,7,0,6,7,11,8,9,8,10,4,10,11,3,5,9,8,11,5,10,2,10,9,0,3,5,9,0,10,6,11,0,10,9,2,10,10,6,9,4,10,2,6,11,5,11,6,2,10,0,5,7,5,5,11,6,6,0,6,8,11,5,6,10,2,6,5,2,11,2,11,8,11,0,2,6,7,9,2,6,10,8,10,10,9,8,11,0,5,3,5,10,11
6,0,4,10,11,6,2,2,7,8,6,7,11,10,6,4,2,7,9,3,7,7,3,10,9,9,3,10,11,2,0,9,11,6,2,9,4,2,6,7,8,11,0,2,10,7,6,5,0,11,6,10,2,2,11,3,3,9,8,2,7,8,0,9,10,9,11,5,11,0,4,6,10,9,0,6,11,3,11,10,2,4,6,10,2,11,7,0,2,11,10,3,11,11,7,10,5,11,3,7,0,6,0,7,3,11,2,6,8,6,6,0,7,7,2,7,9,0,6,7,11,3,7,6,3,0,3,0,9,0,2,3,7,8,10,3,7,11,9,11,11,10,9,0,2,6,4,6,11,0
7,2,5,11,0,7,3,3,8,9,7,8,0,11,7,5,3,8,10,4,8,8,4,11,10,10,4,11,0,3,2,10,0,7,3,10,5,3,7,8,9,0,2,3,11,8,7,6,2,0,7,11,3,3,0,4,4,10,9,3,8,9,2,10,11,10,0,6,0,2,5,7,11,10,2,7,0,4,0,11,3,5,7,11,3,0,8,2,3,0,11,4,0,0,8,11,6,0,4,8,2,7,2,8,4,0,3,7,9,7,7,2,8,8,3,8,10,2,7,8,0,4,8,7,4,2,4,2,10,2,3,4,8,9,11,4,8,0,10,0,0,11,10,2,3,7,5,7,0,2
8,3,6,0,2,8,4,4,9,10,8,9,2,0,8,6,4,9,11,5,9,9,5,0,11,11,5,0,2,4,3,11,2,8,4,11,6,4,8,9,10,2,3,4,0,9,8,7,3,2,8,0,4,4,2,5,5,11,10,4,9,10,3,11,0,11,2,7,2,3,6,8,0,11,3,8,2,5,2,0,4,6,8,0,4,2,9,3,4,2,0,5,2,2,9,0,7,2,5,9,3,8,3,9,5,2,4,8,10,8,8,3,9,9,4,9,11,3,8,9,2,5,9,8,5,3,5,3,11,3,4,5,9,10,0,5,9,2,11,2,2,0,11,3,4,8,6,8,2,3
9,4,7,2,3,9,5,5,10,11,9,10,3,2,9,7,5,10,0,6,10,10,6,2,0,0,6,2,3,5,4,0,3,9,5,0,7,5,9,10,11,3,4,5,2,10,9,8,4,3,9,2,5,5,3,6,6,0,11,5,10,11,4,0,2,0,3,8,3,4,7,9,2,0,4,9,3,6,3,2,5,7,9,2,5,3,10,4,5,3,2,6,3,3,10,2,8,3,6,10,4,9,4,10,6,3,5,9,11,9,9,4,10,10,5,10,0,4,9,10,3,6,10,9,6,4,6,4,0,4,5,6,10,11,2,6,10,3,0,3,3,2,0,4,5,9,7,9,3,4
10,5,8,3,4,10,6,6,11,0,10,11,4,3,10,8,6,11,2,7,11,11,7,3,2,2,7,3,4,6,5,2,4,10,6,2,8,6,10,11,0,4,5,6,3,11,10,9,5,4,10,3,6,6,4,7,7,2,0,6,11,0,5,2,3,2,4,9,4,5,8,10,3,2,5,10,4,7,4,3,6,8,10,3,6,4,11,5,6,4,3,7,4,4,11,3,9,4,7,11,5,10,5,11,7,4,6,10,0,10,10,5,11,11,6,11,2,5,10,11,4,7,11,10,7,5,7,5,2,5,6,7,11,0,3,7,11,4,2,4,4,3,2,5,6,10,8,10,4,5
11,6,9,4,5,11,7,7,0,2,11,0,5,4,11,9,7,0,3,8,0,0,8,4,3,3,8,4,5,7,6,3,5,11,7,3,9,7,11,0,2,5,6,7,4,0,11,10,6,5,11,4,7,7,5,8,8,3,2,7,0,2,6,3,4,3,5,10,5,6,9,11,4,3,6,11,5,8,5,4,7,9,11,4,7,5,0,6,7,5,4,8,5,5,0,4,10,5,8,0,6,11,6,0,8,5,7,11,2,11,11,6,0,0,7,0,3,6,11,0,5,8,0,11,8,6,8,6,3,6,7,8,0,2,4,8,0,5,3,5,5,4,3,6,7,11,9,11,5,6
0,7,10,5,6,0,8,8,2,3,0,2,6,5,0,10,8,2,4,9,2,2,9,5,4,4,9,5,6,8,7,4,6,0,8,4,10,8,0,2,3,6,7,8,5,2,0,11,7,6,0,5,8,8,6,9,9,4,3,8,2,3,7,4,5,4,6,11,6,7,10,0,5,4,7,0,6,9,6,5,8,10,0,5,8,6,2,7,8,6,5,9,6,6,2,5,11,6,9,2,7,0,7,2,9,6,8,0,3,0,0,7,2,2,8,2,4,7,0,2,6,9,2,0,9,7,9,7,4,7,8,9,2,3,5,9,2,6,4,6,6,5,4,7,8,0,10,0,6,7
2,8,11,6,7,2,9,9,3,4,2,3,7,6,2,11,9,3,5,10,3,3,10,6,5,5,10,6,7,9,8,5,7,2,9,5,11,9,2,3,4,7,8,9,6,3,2,0,8,7,2,6,9,9,7,10,10,5,4,9,3,4,8,5,6,5,7,0,7,8,11,2,6,5,8,2,7,10,7,6,9,11,2,6,9,7,3,8,9,7,6,10,7,7,3,6,0,7,10,3,8,2,8,3,10,7,9,2,4,2,2,8,3,3,9,3,5,8,2,3,7,10,3,2,10,8,10,8,5,8,9,10,3,4,6,10,3,7,5,7,7,6,5,8,9,2,11,2,7,8
3,9,0,7,8,3,10,10,4,5,3,4,8,7,3,0,10,4,6,11,4,4,11,7,6,6,11,7,8,10,9,6,8,3,10,6,0,10,3,4,5,8,9,10,7,4,3,2,9,8,3,7,10,10,8,11,11,6,5,10,4,5,9,6,7,6,8,2,8,9,0,3,7,6,9,3,8,11,8,7,10,0,3,7,10,8,4,9,10,8,7,11,8,8,4,7,2,8,11,4,9,3,9,4,11,8,10,3,5,3,3,9,4,4,10,4,6,9,3,4,8,11,4,3,11,9,11,9,6,9,10,11,4,5,7,11,4,8,6,8,8,7,6,9,10,3,0,3,8,9
4,10,2,8,9,4,11,11,5,6,4,5,9,8,4,2,11,5,7,0,5,5,0,8,7,7,0,8,9,11,10,7,9,4,11,7,2,11,4,5,6,9,10,11,8,5,4,3,10,9,4,8,11,11,9,0,0,7,6,11,5,6,10,7,8,7,9,3,9,10,2,4,8,7,10,4,9,0,9,8,11,2,4,8,11,9,5,10,11,9,8,0,9,9,5,8,3,9,0,5,10,4,10,5,0,9,11,4,6,4,4,10,5,5,11,5,7,10,4,5,9,0,5,4,0,10,0,10,7,10,11,0,5,6,8,0,5,9,7,9,9,8,7,10,11,4,2,4,9,10
5,11,3,9,10,5,0,0,6,7,5,6,10,9,5,3,0,6,8,2,6,6,2,9,8,8,2,9,10,0,11,8,10,5,0,8,3,0,5,6,7,10,11,0,9,6,5,4,11,10,5,9,0,0,10,2,2,8,7,0,6,7,11,8,9,8,10,4,10,11,3,5,9,8,11,5,10,2,10,9,0,3,5,9,0,10,6,11,0,10,9,2,10,10,6,9,4,10,2,6,11,5,11,6,2,10,0,5,7,5,5,11,6,6,0,6,8,11,5,6,10,2,6,5,2,11,2,11,8,11,0,2,6,7,9,2,6,10,8,10,10,9,8,11,0,5,3,5,10,11
6,0,4,10,11,6,2,2,7,8,6,7,11,10,6,4,2,7,9,3,7,7,3,10,9,9,3,10,11,2,0,9,11,6,2,9,4,2,6,7,8,11,0,2,10,7,6,5,0,11,6,10,2,2,11,3,3,9,8,2,7,8,0,9,10,9,11,5,11,0,4,6,10,9,0,6,11,3,11,10,2,4,6,10,2,11,7,0,2,11,10,3,11,11,7,10,5,11,3,7,0,6,0,7,3,11,2,6,8,6,6,0,7,7,2,7,9,0,6,7,11,3,7,6,3,0,3,0,9,0,2,3,7,8,10,3,7,11,9,11,11,10,9,0,2,6,4,6,11,0
7,2,5,11,0,7,3,3,8,9,7,8,0,11,7,5,3,8,10,4,8,8,4,11,10,10,4,11,0,3,2,10,0,7,3,10,5,3,7,8,9,0,2,3,11,8,7,6,2,0,7,11,3,3,0,4,4,10,9,3,8,9,2,10,11,10,0,6,0,2,5,7,11,10,2,7,0,4,0,11,3,5,7,11,3,0,8,2,3,0,11,4,0,0,8,11,6,0,4,8,2,7,2,8,4,0,3,7,9,7,7,2,8,8,3,8,10,2,7,8,0,4,8,7,4,2,4,2,10,2,3,4,8,9,11,4,8,0,10,0,0,11,10,2,3,7,5,7,0,2
8,3,6,0,2,8,4,4,9,10,8,9,2,0,8,6,4,9,11,5,9,9,5,0,11,11,5,0,2,4,3,11,2,8,4,11,6,4,8,9,10,2,3,4,0,9,8,7,3,2,8,0,4,4,2,5,5,11,10,4,9,10,3,11,0,11,2,7,2,3,6,8,0,11,3,8,2,5,2,0,4,6,8,0,4,2,9,3,4,2,0,5,2,2,9,0,7,2,5,9,3,8,3,9,5,2,4,8,10,8,8,3,9,9,4,9,11,3,8,9,2,5,9,8,5,3,5,3,11,3,4,5,9,10,0,5,9,2,11,2,2,0,11,3,4,8,6,8,2,3
9,4,7,2,3,9,5,5,10,11,9,10,3,2,9,7,5,10,0,6,10,10,6,2,0,0,6,2,3,5,4,0,3,9,5,0,7,5,9,10,11,3,4,5,2,10,9,8,4,3,9,2,5,5,3,6,6,0,11,5,10,11,4,0,2,0,3,8,3,4,7,9,2,0,4,9,3,6,3,2,5,7,9,2,5,3,10,4,5,3,2,6,3,3,10,2,8,3,6,10,4,9,4,10,6,3,5,9,11,9,9,4,10,10,5,10,0,4,9,10,3,6,10,9,6,4,6,4,0,4,5,6,10,11,2,6,10,3,0,3,3,2,0,4,5,9,7,9,3,4
10,5,8,3,4,10,6,6,11,0,10,11,4,3,10,8,6,11,2,7,11,11,7,3,2,2,7,3,4,6,5,2,4,10,6,2,8,6,10,11,0,4,5,6,3,11,10,9,5,4,10,3,6,6,4,7,7,2,0,6,11,0,5,2,3,2,4,9,4,5,8,10,3,2,5,10,4,7,4,3,6,8,10,3,6,4,11,5,6,4,3,7,4,4,11,3,9,4,7,11,5,10,5,11,7,4,6,10,0,10,10,5,11,11,6,11,2,5,10,11,4,7,11,10,7,5,7,5,2,5,6,7,11,0,3,7,11,4,2,4,4,3,2,5,6,10,8,10,4,5
11,6,9,4,5,11,7,7,0,2,11,0,5,4,11,9,7,0,3,8,0,0,8,4,3,3,8,4,5,7,6,3,5,11,7,3,9,7,11,0,2,5,6,7,4,0,11,10,6,5,11,4,7,7,5,8,8,3,2,7,0,2,6,3,4,3,5,10,5,6,9,11,4,3,6,11,5,8,5,4,7,9,11,4,7,5,0,6,7,5,4,8,5,5,0,4,10,5,8,0,6,11,6,0,8,5,7,11,2,11,11,6,0,0,7,0,3,6,11,0,5,8,0,11,8,6,8,6,3,6,7,8,0,2,4,8,0,5,3,5,5,4,3,6,7,11,9,11,5,6
0,7,10,5,6,0,8,8,2,3,0,2,6,5,0,10,8,2,4,9,2,2,9,5,4,4,9,5,6,8,7,4,6,0,8,4,10,8,0,2,3,6,7,8,5,2,0,11,7,6,0,5,8,8,6,9,9,4,3,8,2,3,7,4,5,4,6,11,6,7,10,0,5,4,7,0,6,9,6,5,8,10,0,5,8,6,2,7,8,6,5,9,6,6,2,5,11,6,9,2,7,0,7,2,9,6,8,0,3,0,0,7,2,2,8,2,4,7,0,2,6,9,2,0,9,7,9,7,4,7,8,9,2,3,5,9,2,6,4,6,6,5,4,7,8,0,10,0,6,7
2,8,11,6,7,2,9,9,3,4,2,3,7,6,2,11,9,3,5,10,3,3,10,6,5,5,10,6,7,9,8,5,7,2,9,5,11,9,2,3,4,7,8,9,6,3,2,0,8,7,2,6,9,9,7,10,10,5,4,9,3,4,8,5,6,5,7,0,7,8,11,2,6,5,8,2,7,10,7,6,9,11,2,6,9,7,3,8,9,7,6,10,7,7,3,6,0,7,10,3,8,2,8,3,10,7,9,2,4,2,2,8,3,3,9,3,5,8,2,3,7,10,3,2,10,8,10,8,5,8,9,10,3,4,6,10,3,7,5,7,7,6,5,8,9,2,11,2,7,8
3,9,0,7,8,3,10,10,4,5,3,4,8,7,3,0,10,4,6,11,4,4,11,7,6,6,11,7,8,10,9,6,8,3,10,6,0,10,3,4,5,8,9,10,7,4,3,2,9,8,3,7,10,10,8,11,11,6,5,10,4,5,9,6,7,6,8,2,8,9,0,3,7,6,9,3,8,11,8,7,10,0,3,7,10,8,4,9,10,8,7,11,8,8,4,7,2,8,11,4,9,3,9,4,11,8,10,3,5,3,3,9,4,4,10,4,6,9,3,4,8,11,4,3,11,9,11,9,6,9,10,11,4,5,7,11,4,8,6,8,8,7,6,9,10,3,0,3,8,9
4,10,2,8,9,4,11,11,5,6,4,5,9,8,4,2,11,5,7,0,5,5,0,8,7,7,0,8,9,11,10,7,9,4,11,7,2,11,4,5,6,9,10,11,8,5,4,3,10,9,4,8,11,11,9,0,0,7,6,11,5,6,10,7,8,7,9,3,9,10,2,4,8,7,10,4,9,0,9,8,11,2,4,8,11,9,5,10,11,9,8,0,9,9,5,8,3,9,0,5,10,4,10,5,0,9,11,4,6,4,4,10,5,5,11,5,7,10,4,5,9,0,5,4,0,10,0,10,7,10,11,0,5,6,8,0,5,9,7,9,9,8,7,10,11,4,2,4,9,10
5,11,3,9,10,5,0,0,6,7,5,6,10,9,5,3,0,6,8,2,6,6,2,9,8,8,2,9,10,0,11,8,10,5,0,8,3,0,5,6,7,10,11,0,9,6,5,4,11,10,5,9,0,0,10,2,2,8,7,0,6,7,11,8,9,8,10,4,10,11,3,5,9,8,11,5,10,2,10,9,0,3,5,9,0,10,6,11,0,10,9,2,10,10,6,9,4,10,2,6,11,5,11,6,2,10,0,5,7,5,5,11,6,6,0,6,8,11,5,6,10,2,6,5,2,11,2,11,8,11,0,2,6,7,9,2,6,10,8,10,10,9,8,11,0,5,3,5,10,11
6,0,4,10,11,6,2,2,7,8,6,7,11,10,6,4,2,7,9,3,7,7,3,10,9,9,3,10,11,2,0,9,11,6,2,9,4,2,6,7,8,11,0,2,10,7,6,5,0,11,6,10,2,2,11,3,3,9,8,2,7,8,0,9,10,9,11,5,11,0,4,6,10,9,0,6,11,3,11,10,2,4,6,10,2,11,7,0,2,11,10,3,11,11,7,10,5,11,3,7,0,6,0,7,3,11,2,6,8,6,6,0,7,7,2,7,9,0,6,7,11,3,7,6,3,0,3,0,9,0,2,3,7,8,10,3,7,11,9,11,11,10,9,0,2,6,4,6,11,0
7,2,5,11,0,7,3,3,8,9,7,8,0,11,7,5,3,8,10,4,8,8,4,11,10,10,4,11,0,3,2,10,0,7,3,10,5,3,7,8,9,0,2,3,11,8,7,6,2,0,7,11,3,3,0,4,4,10,9,3,8,9,2,10,11,10,0,6,0,2,5,7,11,10,2,7,0,4,0,11,3,5,7,11,3,0,8,2,3,0,11,4,0,0,8,11,6,0,4,8,2,7,2,8,4,0,3,7,9,7,7,2,8,8,3,8,10,2,7,8,0,4,8,7,4,2,4,2,10,2,3,4,8,9,11,4,8,0,10,0,0,11,10,2,3,7,5,7,0,2
8,3,6,0,2,8,4,4,9,10,8,9,2,0,8,6,4,9,11,5,9,9,5,0,11,11,5,0,2,4,3,11,2,8,4,11,6,4,8,9,10,2,3,4,0,9,8,7,3,2,8,0,4,4,2,5,5,11,10,4,9,10,3,11,0,11,2,7,2,3,6,8,0,11,3,8,2,5,2,0,4,6,8,0,4,2,9,3,4,2,0,5,2,2,9,0,7,2,5,9,3,8,3,9,5,2,4,8,10,8,8,3,9,9,4,9,11,3,8,9,2,5,9,8,5,3,5,3,11,3,4,5,9,10,0,5,9,2,11,2,2,0,11,3,4,8,6,8,2,3
9,4,7,2,3,9,5,5,10,11,9,10,3,2,9,7,5,10,0,6,10,10,6,2,0,0,6,2,3,5,4,0,3,9,5,0,7,5,9,10,11,3,4,5,2,10,9,8,4,3,9,2,5,5,3,6,6,0,11,5,10,11,4,0,2,0,3,8,3,4,7,9,2,0,4,9,3,6,3,2,5,7,9,2,5,3,10,4,5,3,2,6,3,3,10,2,8,3,6,10,4,9,4,10,6,3,5,9,11,9,9,4,10,10,5,10,0,4,9,10,3,6,10,9,6,4,6,4,0,4,5,6,10,11,2,6,10,3,0,3,3,2,0,4,5,9,7,9,3,4
10,5,8,3,4,10,6,6,11,0,10,11,4,3,10,8,6,11,2,7,11,11,7,3,2,2,7,3,4,6,5,2,4,10,6,2,8,6,10,11,0,4,5,6,3,11,10,9,5,4,10,3,6,6,4,7,7,2,0,6,11,0,5,2,3,2,4,9,4,5,8,10,3,2,5,10,4,7,4,3,6,8,10,3,6,4,11,5,6,4,3,7,4,4,11,3,9,4,7,11,5,10,5,11,7,4,6,10,0,10,10,5,11,11,6,11,2,5,10,11,4,7,11,10,7,5,7,5,2,5,6,7,11,0,3,7,11,4,2,4,4,3,2,5,6,10,8,10,4,5
11,6,9,4,5,11,7,7,0,2,11,0,5,4,11,9,7,0,3,8,0,0,8,4,3,3,8,4,5,7,6,3,5,11,7,3,9,7,11,0,2,5,6,7,4,0,11,10,6,5,11,4,7,7,5,8,8,3,2,7,0,2,6,3,4,3,5,10,5,6,9,11,4,3,6,11,5,8,5,4,7,9,11,4,7,5,0,6,7,5,4,8,5,5,0,4,10,5,8,0,6,11,6,0,8,5,7,11,2,11,11,6,0,0,7,0,3,6,11,0,5,8,0,11,8,6,8,6,3,6,7,8,0,2,4,8,0,5,3,5,5,4,3,6,7,11,9,11,5,6
0,7,10,5,6,0,8,8,2,3,0,2,6,5,0,10,8,2,4,9,2,2,9,5,4,4,9,5,6,8,7,4,6,0,8,4,10,8,0,2,3,6,7,8,5,2,0,11,7,6,0,5,8,8,6,9,9,4,3,8,2,3,7,4,5,4,6,11,6,7,10,0,5,4,7,0,6,9,6,5,8,10,0,5,8,6,2,7,8,6,5,9,6,6,2,5,11,6,9,2,7,0,7,2,9,6,8,0,3,0,0,7,2,2,8,2,4,7,0,2,6,9,2,0,9,7,9,7,4,7,8,9,2,3,5,9,2,6,4,6,6,5,4,7,8,0,10,0,6,7
2,8,11,6,7,2,9,9,3,4,2,3,7,6,2,11,9,3,5,10,3,3,10,6,5,5,10,6,7,9,8,5,7,2,9,5,11,9,2,3,4,7,8,9,6,3,2,0,8,7,2,6,9,9,7,10,10,5,4,9,3,4,8,5,6,5,7,0,7,8,11,2,6,5,8,2,7,10,7,6,9,11,2,6,9,7,3,8,9,7,6,10,7,7,3,6,0,7,10,3,8,2,8,3,10,7,9,2,4,2,2,8,3,3,9,3,5,8,2,3,7,10,3,2,10,8,10,8,5,8,9,10,3,4,6,10,3,7,5,7,7,6,5,8,9,2,11,2,7,8
3,9,0,7,8,3,10,10,4,5,3,4,8,7,3,0,10,4,6,11,4,4,11,7,6,6,11,7,8,10,9,6,8,3,10,6,0,10,3,4,5,8,9,10,7,4,3,2,9,8,3,7,10,10,8,11,11,6,5,10,4,5,9,6,7,6,8,2,8,9,0,3,7,6,9,3,8,11,8,7,10,0,3,7,10,8,4,9,10,8,7,11,8,8,4,7,2,8,11,4,9,3,9,4,11,8,10,3,5,3,3,9,4,4,10,4,6,9,3,4,8,11,4,3,11,9,11,9,6,9,10,11,4,5,7,11,4,8,6,8,8,7,6,9,10,3,0,3,8,9
4,10,2,8,9,4,11,11,5,6,4,5,9,8,4,2,11,5,7,0,5,5,0,8,7,7,0,8,9,11,10,7,9,4,11,7,2,11,4,5,6,9,10,11,8,5,4,3,10,9,4,8,11,11,9,0,0,7,6,11,5,6,10,7,8,7,9,3,9,10,2,4,8,7,10,4,9,0,9,8,11,2,4,8,11,9,5,10,11,9,8,0,9,9,5,8,3,9,0,5,10,4,10,5,0,9,11,4,6,4,4,10,5,5,11,5,7,10,4,5,9,0,5,4,0,10,0,10,7,10,11,0,5,6,8,0,5,9,7,9,9,8,7,10,11,4,2,4,9,10
5,11,3,9,10,5,0,0,6,7,5,6,10,9,5,3,0,6,8,2,6,6,2,9,8,8,2,9,10,0,11,8,10,5,0,8,3,0,5,6,7,10,11,0,9,6,5,4,11,10,5,9,0,0,10,2,2,8,7,0,6,7,11,8,9,8,10,4,10,11,3,5,9,8,11,5,10,2,10,9,0,3,5,9,0,10,6,11,0,10,9,2,10,10,6,9,4,10,2,6,11,5,11,6,2,10,0,5,7,5,5,11,6,6,0,6,8,11,5,6,10,2,6,5,2,11,2,11,8,11,0,2,6,7,9,2,6,10,8,10,10,9,8,11,0,5,3,5,10,11
6,0,4,10,11,6,2,2,7,8,6,7,11,10,6,4,2,7,9,3,7,7,3,10,9,9,3,10,11,2,0,9,11,6,2,9,4,2,6,7,8,11,0,2,10,7,6,5,0,11,6,10,2,2,11,3,3,9,8,2,7,8,0,9,10,9,11,5,11,0,4,6,10,9,0,6,11,3,11,10,2,4,6,10,2,11,7,0,2,11,10,3,11,11,7,10,5,11,3,7,0,6,0,7,3,11,2,6,8,6,6,0,7,7,2,7,9,0,6,7,11,3,7,6,3,0,3,0,9,0,2,3,7,8,10,3,7,11,9,11,11,10,9,0,2,6,4,6,11,0
7,2,5,11,0,7,3,3,8,9,7,8,0,11,7,5,3,8,10,4,8,8,4,11,10,10,4,11,0,3,2,10,0,7,3,10,5,3,7,8,9,0,2,3,11,8,7,6,2,0,7,11,3,3,0,4,4,10,9,3,8,9,2,10,11,10,0,6,0,2,5,7,11,10,2,7,0,4,0,11,3,5,7,11,3,0,8,2,3,0,11,4,0,0,8,11,6,0,4,8,2,7,2,8,4,0,3,7,9,7,7,2,8,8,3,8,10,2,7,8,0,4,8,7,4,2,4,2,10,2,3,4,8,9,11,4,8,0,10,0,0,11,10,2,3,7,5,7,0,2
8,3,6,0,2,8,4,4,9,10,8,9,2,0,8,6,4,9,11,5,9,9,5,0,11,11,5,0,2,4,3,11,2,8,4,11,6,4,8,9,10,2,3,4,0,9,8,7,3,2,8,0,4,4,2,5,5,11,10,4,9,10,3,11,0,11,2,7,2,3,6,8,0,11,3,8,2,5,2,0,4,6,8,0,4,2,9,3,4,2,0,5,2,2,9,0,7,2,5,9,3,8,3,9,5,2,4,8,10,8,8,3,9,9,4,9,11,3,8,9,2,5,9,8,5,3,5,3,11,3,4,5,9,10,0,5,9,2,11,2,2,0,11,3,4,8,6,8,2,3
9,4,7,2,3,9,5,5,10,11,9,10,3,2,9,7,5,10,0,6,10,10,6,2,0,0,6,2,3,5,4,0,3,9,5,0,7,5,9,10,11,3,4,5,2,10,9,8,4,3,9,2,5,5,3,6,6,0,11,5,10,11,4,0,2,0,3,8,3,4,7,9,2,0,4,9,3,6,3,2,5,7,9,2,5,3,10,4,5,3,2,6,3,3,10,2,8,3,6,10,4,9,4,10,6,3,5,9,11,9,9,4,10,10,5,10,0,4,9,10,3,6,10,9,6,4,6,4,0,4,5,6,10,11,2,6,10,3,0,3,3,2,0,4,5,9,7,9,3,4
10,5,8,3,4,10,6,6,11,0,10,11,4,3,10,8,6,11,2,7,11,11,7,3,2,2,7,3,4,6,5,2,4,10,6,2,8,6,10,11,0,4,5,6,3,11,10,9,5,4,10,3,6,6,4,7,7,2,0,6,11,0,5,2,3,2,4,9,4,5,8,10,3,2,5,10,4,7,4,3,6,8,10,3,6,4,11,5,6,4,3,7,4,4,11,3,9,4,7,11,5,10,5,11,7,4,6,10,0,10,10,5,11,11,6,11,2,5,10,11,4,7,11,10,7,5,7,5,2,5,6,7,11,0,3,7,11,4,2,4,4,3,2,5,6,10,8,10,4,5
11,6,9,4,5,11,7,7,0,2,11,0,5,4,11,9,7,0,3,8,0,0,8,4,3,3,8,4,5,7,6,3,5,11,7,3,9,7,11,0,2,5,6,7,4,0,11,10,6,5,11,4,7,7,5,8,8,3,2,7,0,2,6,3,4,3,5,10,5,6,9,11,4,3,6,11,5,8,5,4,7,9,11,4,7,5,0,6,7,5,4,8,5,5,0,4,10,5,8,0,6,11,6,0,8,5,7,11,2,11,11,6,0,0,7,0,3,6,11,0,5,8,0,11,8,6,8,6,3,6,7,8,0,2,4,8,0,5,3,5,5,4,3,6,7,11,9,11,5,6
0,7,10,5,6,0,8,8,2,3,0,2,6,5,0,10,8,2,4,9,2,2,9,5,4,4,9,5,6,8,7,4,6,0,8,4,10,8,0,2,3,6,7,8,5,2,0,11,7,6,0,5,8,8,6,9,9,4,3,8,2,3,7,4,5,4,6,11,6,7,10,0,5,4,7,0,6,9,6,5,8,10,0,5,8,6,2,7,8,6,5,9,6,6,2,5,11,6,9,2,7,0,7,2,9,6,8,0,3,0,0,7,2,2,8,2,4,7,0,2,6,9,2,0,9,7,9,7,4,7,8,9,2,3,5,9,2,6,4,6,6,5,4,7,8,0,10,0,6,7
2,8,11,6,7,2,9,9,3,4,2,3,7,6,2,11,9,3,5,10,3,3,10,6,5,5,10,6,7,9,8,5,7,2,9,5,11,9,2,3,4,7,8,9,6,3,2,0,8,7,2,6,9,9,7,10,10,5,4,9,3,4,8,5,6,5,7,0,7,8,11,2,6,5,8,2,7,10,7,6,9,11,2,6,9,7,3,8,9,7,6,10,7,7,3,6,0,7,10,3,8,2,8,3,10,7,9,2,4,2,2,8,3,3,9,3,5,8,2,3,7,10,3,2,10,8,10,8,5,8,9,10,3,4,6,10,3,7,5,7,7,6,5,8,9,2,11,2,7,8
3,9,0,7,8,3,10,10,4,5,3,4,8,7,3,0,10,4,6,11,4,4,11,7,6,6,11,7,8,10,9,6,8,3,10,6,0,10,3,4,5,8,9,10,7,4,3,2,9,8,3,7,10,10,8,11,11,6,5,10,4,5,9,6,7,6,8,2,8,9,0,3,7,6,9,3,8,11,8,7,10,0,3,7,10,8,4,9,10,8,7,11,8,8,4,7,2,8,11,4,9,3,9,4,11,8,10,3,5,3,3,9,4,4,10,4,6,9,3,4,8,11,4,3,11,9,11,9,6,9,10,11,4,5,7,11,4,8,6,8,8,7,6,9,10,3,0,3,8,9
4,10,2,8,9,4,11,11,5,6,4,5,9,8,4,2,11,5,7,0,5,5,0,8,7,7,0,8,9,11,10,7,9,4,11,7,2,11,4,5,6,9,10,11,8,5,4,3,10,9,4,8,11,11,9,0,0,7,6,11,5,6,10,7,8,7,9,3,9,10,2,4,8,7,10,4,9,0,9,8,11,2,4,8,11,9,5,10,11,9,8,0,9,9,5,8,3,9,0,5,10,4,10,5,0,9,11,4,6,4,4,10,5,5,11,5,7,10,4,5,9,0,5,4,0,10,0,10,7,10,11,0,5,6,8,0,5,9,7,9,9,8,7,10,11,4,2,4,9,10
5,11,3,9,10,5,0,0,6,7,5,6,10,9,5,3,0,6,8,2,6,6,2,9,8,8,2,9,10,0,11,8,10,5,0,8,3,0,5,6,7,10,11,0,9,6,5,4,11,10,5,9,0,0,10,2,2,8,7,0,6,7,11,8,9,8,10,4,10,11,3,5,9,8,11,5,10,2,10,9,0,3,5,9,0,10,6,11,0,10,9,2,10,10,6,9,4,10,2,6,11,5,11,6,2,10,0,5,7,5,5,11,6,6,0,6,8,11,5,6,10,2,6,5,2,11,2,11,8,11,0,2,6,7,9,2,6,10,8,10,10,9,8,11,0,5,3,5,10,11
6,0,4,10,11,6,2,2,7,8,6,7,11,10,6,4,2,7,9,3,7,7,3,10,9,9,3,10,11,2,0,9,11,6,2,9,4,2,6,7,8,11,0,2,10,7,6,5,0,11,6,10,2,2,11,3,3,9,8,2,7,8,0,9,10,9,11,5,11,0,4,6,10,9,0,6,11,3,11,10,2,4,6,10,2,11,7,0,2,11,10,3,11,11,7,10,5,11,3,7,0,6,0,7,3,11,2,6,8,6,6,0,7,7,2,7,9,0,6,7,11,3,7,6,3,0,3,0,9,0,2,3,7,8,10,3,7,11,9,11,11,10,9,0,2,6,4,6,11,0
7,2,5,11,0,7,3,3,8,9,7,8,0,11,7,5,3,8,10,4,8,8,4,11,10,10,4,11,0,3,2,10,0,7,3,10,5,3,7,8,9,0,2,3,11,8,7,6,2,0,7,11,3,3,0,4,4,10,9,3,8,9,2,10,11,10,0,6,0,2,5,7,11,10,2,7,0,4,0,11,3,5,7,11,3,0,8,2,3,0,11,4,0,0,8,11,6,0,4,8,2,7,2,8,4,0,3,7,9,7,7,2,8,8,3,8,10,2,7,8,0,4,8,7,4,2,4,2,10,2,3,4,8,9,11,4,8,0,10,0,0,11,10,2,3,7,5,7,0,2
8,3,6,0,2,8,4,4,9,10,8,9,2,0,8,6,4,9,11,5,9,9,5,0,11,11,5,0,2,4,3,11,2,8,4,11,6,4,8,9,10,2,3,4,0,9,8,7,3,2,8,0,4,4,2,5,5,11,10,4,9,10,3,11,0,11,2,7,2,3,6,8,0,11,3,8,2,5,2,0,4,6,8,0,4,2,9,3,4,2,0,5,2,2,9,0,7,2,5,9,3,8,3,9,5,2,4,8,10,8,8,3,9,9,4,9,11,3,8,9,2,5,9,8,5,3,5,3,11,3,4,5,9,10,0,5,9,2,11,2,2,0,11,3,4,8,6,8,2,3
9,4,7,2,3,9,5,5,10,11,9,10,3,2,9,7,5,10,0,6,10,10,6,2,0,0,6,2,3,5,4,0,3,9,5,0,7,5,9,10,11,3,4,5,2,10,9,8,4,3,9,2,5,5,3,6,6,0,11,5,10,11,4,0,2,0,3,8,3,4,7,9,2,0,4,9,3,6,3,2,5,7,9,2,5,3,10,4,5,3,2,6,3,3,10,2,8,3,6,10,4,9,4,10,6,3,5,9,11,9,9,4,10,10,5,10,0,4,9,10,3,6,10,9,6,4,6,4,0,4,5,6,10,11,2,6,10,3,0,3,3,2,0,4,5,9,7,9,3,4
10,5,8,3,4,10,6,6,11,0,10,11,4,3,10,8,6,11,2,7,11,11,7,3,2,2,7,3,4,6,5,2,4,10,6,2,8,6,10,11,0,4,5,6,3,11,10,9,5,4,10,3,6,6,4,7,7,2,0,6,11,0,5,2,3,2,4,9,4,5,8,10,3,2,5,10,4,7,4,3,6,8,10,3,6,4,11,5,6,4,3,7,4,4,11,3,9,4,7,11,5,10,5,11,7,4,6,10,0,10,10,5,11,11,6,11,2,5,10,11,4,7,11,10,7,5,7,5,2,5,6,7,11,0,3,7,11,4,2,4,4,3,2,5,6,10,8,10,4,5
11,6,9,4,5,11,7,7,0,2,11,0,5,4,11,9,7,0,3,8,0,0,8,4,3,3,8,4,5,7,6,3,5,11,7,3,9,7,11,0,2,5,6,7,4,0,11,10,6,5,11,4,7,7,5,8,8,3,2,7,0,2,6,3,4,3,5,10,5,6,9,11,4,3,6,11,5,8,5,4,7,9,11,4,7,5,0,6,7,5,4,8,5,5,0,4,10,5,8,0,6,11,6,0,8,5,7,11,2,11,11,6,0,0,7,0,3,6,11,0,5,8,0,11,8,6,8,6,3,6,7,8,0,2,4,8,0,5,3,5,5,4,3,6,7,11,9,11,5,6
0,7,10,5,6,0,8,8,2,3,0,2,6,5,0,10,8,2,4,9,2,2,9,5,4,4,9,5,6,8,7,4,6,0,8,4,10,8,0,2,3,6,7,8,5,2,0,11,7,6,0,5,8,8,6,9,9,4,3,8,2,3,7,4,5,4,6,11,6,7,10,0,5,4,7,0,6,9,6,5,8,10,0,5,8,6,2,7,8,6,5,9,6,6,2,5,11,6,9,2,7,0,7,2,9,6,8,0,3,0,0,7,2,2,8,2,4,7,0,2,6,9,2,0,9,7,9,7,4,7,8,9,2,3,5,9,2,6,4,6,6,5,4,7,8,0,10,0,6,7
2,8,11,6,7,2,9,9,3,4,2,3,7,6,2,11,9,3,5,10,3,3,10,6,5,5,10,6,7,9,8,5,7,2,9,5,11,9,2,3,4,7,8,9,6,3,2,0,8,7,2,6,9,9,7,10,10,5,4,9,3,4,8,5,6,5,7,0,7,8,11,2,6,5,8,2,7,10,7,6,9,11,2,6,9,7,3,8,9,7,6,10,7,7,3,6,0,7,10,3,8,2,8,3,10,7,9,2,4,2,2,8,3,3,9,3,5,8,2,3,7,10,3,2,10,8,10,8,5,8,9,10,3,4,6,10,3,7,5,7,7,6,5,8,9,2,11,2,7,8
3,9,0,7,8,3,10,10,4,5,3,4,8,7,3,0,10,4,6,11,4,4,11,7,6,6,11,7,8,10,9,6,8,3,10,6,0,10,3,4,5,8,9,10,7,4,3,2,9,8,3,7,10,10,8,11,11,6,5,10,4,5,9,6,7,6,8,2,8,9,0,3,7,6,9,3,8,11,8,7,10,0,3,7,10,8,4,9,10,8,7,11,8,8,4,7,2,8,11,4,9,3,9,4,11,8,10,3,5,3,3,9,4,4,10,4,6,9,3,4,8,11,4,3,11,9,11,9,6,9,10,11,4,5,7,11,4,8,6,8,8,7,6,9,10,3,0,3,8,9
4,10,2,8,9,4,11,11,5,6,4,5,9,8,4,2,11,5,7,0,5,5,0,8,7,7,0,8,9,11,10,7,9,4,11,7,2,11,4,5,6,9,10,11,8,5,4,3,10,9,4,8,11,11,9,0,0,7,6,11,5,6,10,7,8,7,9,3,9,10,2,4,8,7,10,4,9,0,9,8,11,2,4,8,11,9,5,10,11,9,8,0,9,9,5,8,3,9,0,5,10,4,10,5,0,9,11,4,6,4,4,10,5,5,11,5,7,10,4,5,9,0,5,4,0,10,0,10,7,10,11,0,5,6,8,0,5,9,7,9,9,8,7,10,11,4,2,4,9,10
5,11,3,9,10,5,0,0,6,7,5,6,10,9,5,3,0,6,8,2,6,6,2,9,8,8,2,9,10,0,11,8,10,5,0,8,3,0,5,6,7,10,11,0,9,6,5,4,11,10,5,9,0,0,10,2,2,8,7,0,6,7,11,8,9,8,10,4,10,11,3,5,9,8,11,5,10,2,10,9,0,3,5,9,0,10,6,11,0,10,9,2,10,10,6,9,4,10,2,6,11,5,11,6,2,10,0,5,7,5,5,11,6,6,0,6,8,11,5,6,10,2,6,5,2,11,2,11,8,11,0,2,6,7,9,2,6,10,8,10,10,9,8,11,0,5,3,5,10,11
6,0,4,10,11,6,2,2,7,8,6,7,11,10,6,4,2,7,9,3,7,7,3,10,9,9,3,10,11,2,0,9,11,6,2,9,4,2,6,7,8,11,0,2,10,7,6,5,0,11,6,10,2,2,11,3,3,9,8,2,7,8,0,9,10,9,11,5,11,0,4,6,10,9,0,6,11,3,11,10,2,4,6,10,2,11,7,0,2,11,10,3,11,11,7,10,5,11,3,7,0,6,0,7,3,11,2,6,8,6,6,0,7,7,2,7,9,0,6,7,11,3,7,6,3,0,3,0,9,0,2,3,7,8,10,3,7,11,9,11,11,10,9,0,2,6,4,6,11,0
7,2,5,11,0,7,3,3,8,9,7,8,0,11,7,5,3,8,10,4,8,8,4,11,10,10,4,11,0,3,2,10,0,7,3,10,5,3,7,8,9,0,2,3,11,8,7,6,2,0,7,11,3,3,0,4,4,10,9,3,8,9,2,10,11,10,0,6,0,2,5,7,11,10,2,7,0,4,0,11,3,5,7,11,3,0,8,2,3,0,11,4,0,0,8,11,6,0,4,8,2,7,2,8,4,0,3,7,9,7,7,2,8,8,3,8,10,2,7,8,0,4,8,7,4,2,4,2,10,2,3,4,8,9,11,4,8,0,10,0,0,11,10,2,3,7,5,7,0,2
8,3,6,0,2,8,4,4,9,10,8,9,2,0,8,6,4,9,11,5,9,9,5,0,11,11,5,0,2,4,3,11,2,8,4,11,6,4,8,9,10,2,3,4,0,9,8,7,3,2,8,0,4,4,2,5,5,11,10,4,9,10,3,11,0,11,2,7,2,3,6,8,0,11,3,8,2,5,2,0,4,6,8,0,4,2,9,3,4,2,0,5,2,2,9,0,7,2,5,9,3,8,3,9,5,2,4,8,10,8,8,3,9,9,4,9,11,3,8,9,2,5,9,8,5,3,5,3,11,3,4,5,9,10,0,5,9,2,11,2,2,0,11,3,4,8,6,8,2,3
9,4,7,2,3,9,5,5,10,11,9,10,3,2,9,7,5,10,0,6,10,10,6,2,0,0,6,2,3,5,4,0,3,9,5,0,7,5,9,10,11,3,4,5,2,10,9,8,4,3,9,2,5,5,3,6,6,0,11,5,10,11,4,0,2,0,3,8,3,4,7,9,2,0,4,9,3,6,3,2,5,7,9,2,5,3,10,4,5,3,2,6,3,3,10,2,8,3,6,10,4,9,4,10,6,3,5,9,11,9,9,4,10,10,5,10,0,4,9,10,3,6,10,9,6,4,6,4,0,4,5,6,10,11,2,6,10,3,0,3,3,2,0,4,5,9,7,9,3,4
10,5,8,3,4,10,6,6,11,0,10,11,4,3,10,8,6,11,2,7,11,11,7,3,2,2,7,3,4,6,5,2,4,10,6,2,8,6,10,11,0,4,5,6,3,11,10,9,5,4,10,3,6,6,4,7,7,2,0,6,11,0,5,2,3,2,4,9,4,5,8,10,3,2,5,10,4,7,4,3,6,8,10,3,6,4,11,5,6,4,3,7,4,4,11,3,9,4,7,11,5,10,5,11,7,4,6,10,0,10,10,5,11,11,6,11,2,5,10,11,4,7,11,10,7,5,7,5,2,5,6,7,11,0,3,7,11,4,2,4,4,3,2,5,6,10,8,10,4,5
11,6,9,4,5,11,7,7,0,2,11,0,5,4,11,9,7,0,3,8,0,0,8,4,3,3,8,4,5,7,6,3,5,11,7,3,9,7,11,0,2,5,6,7,4,0,11,10,6,5,11,4,7,7,5,8,8,3,2,7,0,2,6,3,4,3,5,10,5,6,9,11,4,3,6,11,5,8,5,4,7,9,11,4,7,5,0,6,7,5,4,8,5,5,0,4,10,5,8,0,6,11,6,0,8,5,7,11,2,11,11,6,0,0,7,0,3,6,11,0,5,8,0,11,8,6,8,6,3,6,7,8,0,2,4,8,0,5,3,5,5,4,3,6,7,11,9,11,5,6
0,7,10,5,6,0,8,8,2,3,0,2,6,5,0,10,8,2,4,9,2,2,9,5,4,4,9,5,6,8,7,4,6,0,8,4,10,8,0,2,3,6,7,8,5,2,0,11,7,6,0,5,8,8,6,9,9,4,3,8,2,3,7,4,5,4,6,11,6,7,10,0,5,4,7,0,6,9,6,5,8,10,0,5,8,6,2,7,8,6,5,9,6,6,2,5,11,6,9,2,7,0,7,2,9,6,8,0,3,0,0,7,2,2,8,2,4,7,0,2,6,9,2,0,9,7,9,7,4,7,8,9,2,3,5,9,2,6,4,6,6,5,4,7,8,0,10,0,6,7
2,8,11,6,7,2,9,9,3,4,2,3,7,6,2,11,9,3,5,10,3,3,10,6,5,5,10,6,7,9,8,5,7,2,9,5,11,9,2,3,4,7,8,9,6,3,2,0,8,7,2,6,9,9,7,10,10,5,4,9,3,4,8,5,6,5,7,0,7,8,11,2,6,5,8,2,7,10,7,6,9,11,2,6,9,7,3,8,9,7,6,10,7,7,3,6,0,7,10,3,8,2,8,3,10,7,9,2,4,2,2,8,3,3,9,3,5,8,2,3,7,10,3,2,10,8,10,8,5,8,9,10,3,4,6,10,3,7,5,7,7,6,5,8,9,2,11,2,7,8
3,9,0,7,8,3,10,10,4,5,3,4,8,7,3,0,10,4,6,11,4,4,11,7,6,6,11,7,8,10,9,6,8,3,10,6,0,10,3,4,5,8,9,10,7,4,3,2,9,8,3,7,10,10,8,11,11,6,5,10,4,5,9,6,7,6,8,2,8,9,0,3,7,6,9,3,8,11,8,7,10,0,3,7,10,8,4,9,10,8,7,11,8,8,4,7,2,8,11,4,9,3,9,4,11,8,10,3,5,3,3,9,4,4,10,4,6,9,3,4,8,11,4,3,11,9,11,9,6,9,10,11,4,5,7,11,4,8,6,8,8,7,6,9,10,3,0,3,8,9
4,10,2,8,9,4,11,11,5,6,4,5,9,8,4,2,11,5,7,0,5,5,0,8,7,7,0,8,9,11,10,7,9,4,11,7,2,11,4,5,6,9,10,11,8,5,4,3,10,9,4,8,11,11,9,0,0,7,6,11,5,6,10,7,8,7,9,3,9,10,2,4,8,7,10,4,9,0,9,8,11,2,4,8,11,9,5,10,11,9,8,0,9,9,5,8,3,9,0,5,10,4,10,5,0,9,11,4,6,4,4,10,5,5,11,5,7,10,4,5,9,0,5,4,0,10,0,10,7,10,11,0,5,6,8,0,5,9,7,9,9,8,7,10,11,4,2,4,9,10
5,11,3,9,10,5,0,0,6,7,5,6,10,9,5,3,0,6,8,2,6,6,2,9,8,8,2,9,10,0,11,8,10,5,0,8,3,0,5,6,7,10,11,0,9,6,5,4,11,10,5,9,0,0,10,2,2,8,7,0,6,7,11,8,9,8,10,4,10,11,3,5,9,8,11,5,10,2,10,9,0,3,5,9,0,10,6,11,0,10,9,2,10,10,6,9,4,10,2,6,11,5,11,6,2,10,0,5,7,5,5,11,6,6,0,6,8,11,5,6,10,2,6,5,2,11,2,11,8,11,0,2,6,7,9,2,6,10,8,10,10,9,8,11,0,5,3,5,10,11
6,0,4,10,11,6,2,2,7,8,6,7,11,10,6,4,2,7,9,3,7,7,3,10,9,9,3,10,11,2,0,9,11,6,2,9,4,2,6,7,8,11,0,2,10,7,6,5,0,11,6,10,2,2,11,3,3,9,8,2,7,8,0,9,10,9,11,5,11,0,4,6,10,9,0,6,11,3,11,10,2,4,6,10,2,11,7,0,2,11,10,3,11,11,7,10,5,11,3,7,0,6,0,7,3,11,2,6,8,6,6,0,7,7,2,7,9,0,6,7,11,3,7,6,3,0,3,0,9,0,2,3,7,8,10,3,7,11,9,11,11,10,9,0,2,6,4,6,11,0
7,2,5,11,0,7,3,3,8,9,7,8,0,11,7,5,3,8,10,4,8,8,4,11,10,10,4,11,0,3,2,10,0,7,3,10,5,3,7,8,9,0,2,3,11,8,7,6,2,0,7,11,3,3,0,4,4,10,9,3,8,9,2,10,11,10,0,6,0,2,5,7,11,10,2,7,0,4,0,11,3,5,7,11,3,0,8,2,3,0,11,4,0,0,8,11,6,0,4,8,2,7,2,8,4,0,3,7,9,7,7,2,8,8,3,8,10,2,7,8,0,4,8,7,4,2,4,2,10,2,3,4,8,9,11,4,8,0,10,0,0,11,10,2,3,7,5,7,0,2
8,3,6,0,2,8,4,4,9,10,8,9,2,0,8,6,4,9,11,5,9,9,5,0,11,11,5,0,2,4,3,11,2,8,4,11,6,4,8,9,10,2,3,4,0,9,8,7,3,2,8,0,4,4,2,5,5,11,10,4,9,10,3,11,0,11,2,7,2,3,6,8,0,11,3,8,2,5,2,0,4,6,8,0,4,2,9,3,4,2,0,5,2,2,9,0,7,2,5,9,3,8,3,9,5,2,4,8,10,8,8,3,9,9,4,9,11,3,8,9,2,5,9,8,5,3,5,3,11,3,4,5,9,10,0,5,9,2,11,2,2,0,11,3,4,8,6,8,2,3
9,4,7,2,3,9,5,5,10,11,9,10,3,2,9,7,5,10,0,6,10,10,6,2,0,0,6,2,3,5,4,0,3,9,5,0,7,5,9,10,11,3,4,5,2,10,9,8,4,3,9,2,5,5,3,6,6,0,11,5,10,11,4,0,2,0,3,8,3,4,7,9,2,0,4,9,3,6,3,2,5,7,9,2,5,3,10,4,5,3,2,6,3,3,10,2,8,3,6,10,4,9,4,10,6,3,5,9,11,9,9,4,10,10,5,10,0,4,9,10,3,6,10,9,6,4,6,4,0,4,5,6,10,11,2,6,10,3,0,3,3,2,0,4,5,9,7,9,3,4
10,5,8,3,4,10,6,6,11,0,10,11,4,3,10,8,6,11,2,7,11,11,7,3,2,2,7,3,4,6,5,2,4,10,6,2,8,6,10,11,0,4,5,6,3,11,10,9,5,4,10,3,6,6,4,7,7,2,0,6,11,0,5,2,3,2,4,9,4,5,8,10,3,2,5,10,4,7,4,3,6,8,10,3,6,4,11,5,6,4,3,7,4,4,11,3,9,4,7,11,5,10,5,11,7,4,6,10,0,10,10,5,11,11,6,11,2,5,10,11,4,7,11,10,7,5,7,5,2,5,6,7,11,0,3,7,11,4,2,4,4,3,2,5,6,10,8,10,4,5
11,6,9,4,5,11,7,7,0,2,11,0,5,4,11,9,7,0,3,8,0,0,8,4,3,3,8,4,5,7,6,3,5,11,7,3,9,7,11,0,2,5,6,7,4,0,11,10,6,5,11,4,7,7,5,8,8,3,2,7,0,2,6,3,4,3,5,10,5,6,9,11,4,3,6,11,5,8,5,4,7,9,11,4,7,5,0,6,7,5,4,8,5,5,0,4,10,5,8,0,6,11,6,0,8,5,7,11,2,11,11,6,0,0,7,0,3,6,11,0,5,8,0,11,8,6,8,6,3,6,7,8,0,2,4,8,0,5,3,5,5,4,3,6,7,11,9,11,5,6
0,7,10,5,6,0,8,8,2,3,0,2,6,5,0,10,8,2,4,9,2,2,9,5,4,4,9,5,6,8,7,4,6,0,8,4,10,8,0,2,3,6,7,8,5,2,0,11,7,6,0,5,8,8,6,9,9,4,3,8,2,3,7,4,5,4,6,11,6,7,10,0,5,4,7,0,6,9,6,5,8,10,0,5,8,6,2,7,8,6,5,9,6,6,2,5,11,6,9,2,7,0,7,2,9,6,8,0,3,0,0,7,2,2,8,2,4,7,0,2,6,9,2,0,9,7,9,7,4,7,8,9,2,3,5,9,2,6,4,6,6,5,4,7,8,0,10,0,6,7
2,8,11,6,7,2,9,9,3,4,2,3,7,6,2,11,9,3,5,10,3,3,10,6,5,5,10,6,7,9,8,5,7,2,9,5,11,9,2,3,4,7,8,9,6,3,2,0,8,7,2,6,9,9,7,10,10,5,4,9,3,4,8,5,6,5,7,0,7,8,11,2,6,5,8,2,7,10,7,6,9,11,2,6,9,7,3,8,9,7,6,10,7,7,3,6,0,7,10,3,8,2,8,3,10,7,9,2,4,2,2,8,3,3,9,3,5,8,2,3,7,10,3,2,10,8,10,8,5,8,9,10,3,4,6,10,3,7,5,7,7,6,5,8,9,2,11,2,7,8
3,9,0,7,8,3,10,10,4,5,3,4,8,7,3,0,10,4,6,11,4,4,11,7,6,6,11,7,8,10,9,6,8,3,10,6,0,10,3,4,5,8,9,10,7,4,3,2,9,8,3,7,10,10,8,11,11,6,5,10,4,5,9,6,7,6,8,2,8,9,0,3,7,6,9,3,8,11,8,7,10,0,3,7,10,8,4,9,10,8,7,11,8,8,4,7,2,8,11,4,9,3,9,4,11,8,10,3,5,3,3,9,4,4,10,4,6,9,3,4,8,11,4,3,11,9,11,9,6,9,10,11,4,5,7,11,4,8,6,8,8,7,6,9,10,3,0,3,8,9
4,10,2,8,9,4,11,11,5,6,4,5,9,8,4,2,11,5,7,0,5,5,0,8,7,7,0,8,9,11,10,7,9,4,11,7,2,11,4,5,6,9,10,11,8,5,4,3,10,9,4,8,11,11,9,0,0,7,6,11,5,6,10,7,8,7,9,3,9,10,2,4,8,7,10,4,9,0,9,8,11,2,4,8,11,9,5,10,11,9,8,0,9,9,5,8,3,9,0,5,10,4,10,5,0,9,11,4,6,4,4,10,5,5,11,5,7,10,4,5,9,0,5,4,0,10,0,10,7,10,11,0,5,6,8,0,5,9,7,9,9,8,7,10,11,4,2,4,9,10
5,11,3,9,10,5,0,0,6,7,5,6,10,9,5,3,0,6,8,2,6,6,2,9,8,8,2,9,10,0,11,8,10,5,0,8,3,0,5,6,7,10,11,0,9,6,5,4,11,10,5,9,0,0,10,2,2,8,7,0,6,7,11,8,9,8,10,4,10,11,3,5,9,8,11,5,10,2,10,9,0,3,5,9,0,10,6,11,0,10,9,2,10,10,6,9,4,10,2,6,11,5,11,6,2,10,0,5,7,5,5,11,6,6,0,6,8,11,5,6,10,2,6,5,2,11,2,11,8,11,0,2,6,7,9,2,6,10,8,10,10,9,8,11,0,5,3,5,10,11
6,0,4,10,11,6,2,2,7,8,6,7,11,10,6,4,2,7,9,3,7,7,3,10,9,9,3,10,11,2,0,9,11,6,2,9,4,2,6,7,8,11,0,2,10,7,6,5,0,11,6,10,2,2,11,3,3,9,8,2,7,8,0,9,10,9,11,5,11,0,4,6,10,9,0,6,11,3,11,10,2,4,6,10,2,11,7,0,2,11,10,3,11,11,7,10,5,11,3,7,0,6,0,7,3,11,2,6,8,6,6,0,7,7,2,7,9,0,6,7,11,3,7,6,3,0,3,0,9,0,2,3,7,8,10,3,7,11,9,11,11,10,9,0,2,6,4,6,11,0
7,2,5,11,0,7,3,3,8,9,7,8,0,11,7,5,3,8,10,4,8,8,4,11,10,10,4,11,0,3,2,10,0,7,3,10,5,3,7,8,9,0,2,3,11,8,7,6,2,0,7,11,3,3,0,4,4,10,9,3,8,9,2,10,11,10,0,6,0,2,5,7,11,10,2,7,0,4,0,11,3,5,7,11,3,0,8,2,3,0,11,4,0,0,8,11,6,0,4,8,2,7,2,8,4,0,3,7,9,7,7,2,8,8,3,8,10,2,7,8,0,4,8,7,4,2,4,2,10,2,3,4,8,9,11,4,8,0,10,0,0,11,10,2,3,7,5,7,0,2
8,3,6,0,2,8,4,4,9,10,8,9,2,0,8,6,4,9,11,5,9,9,5,0,11,11,5,0,2,4,3,11,2,8,4,11,6,4,8,9,10,2,3,4,0,9,8,7,3,2,8,0,4,4,2,5,5,11,10,4,9,10,3,11,0,11,2,7,2,3,6,8,0,11,3,8,2,5,2,0,4,6,8,0,4,2,9,3,4,2,0,5,2,2,9,0,7,2,5,9,3,8,3,9,5,2,4,8,10,8,8,3,9,9,4,9,11,3,8,9,2,5,9,8,5,3,5,3,11,3,4,5,9,10,0,5,9,2,11,2,2,0,11,3,4,8,6,8,2,3
9,4,7,2,3,9,5,5,10,11,9,10,3,2,9,7,5,10,0,6,10,10,6,2,0,0,6,2,3,5,4,0,3,9,5,0,7,5,9,10,11,3,4,5,2,10,9,8,4,3,9,2,5,5,3,6,6,0,11,5,10,11,4,0,2,0,3,8,3,4,7,9,2,0,4,9,3,6,3,2,5,7,9,2,5,3,10,4,5,3,2,6,3,3,10,2,8,3,6,10,4,9,4,10,6,3,5,9,11,9,9,4,10,10,5,10,0,4,9,10,3,6,10,9,6,4,6,4,0,4,5,6,10,11,2,6,10,3,0,3,3,2,0,4,5,9,7,9,3,4
10,5,8,3,4,10,6,6,11,0,10,11,4,3,10,8,6,11,2,7,11,11,7,3,2,2,7,3,4,6,5,2,4,10,6,2,8,6,10,11,0,4,5,6,3,11,10,9,5,4,10,3,6,6,4,7,7,2,0,6,11,0,5,2,3,2,4,9,4,5,8,10,3,2,5,10,4,7,4,3,6,8,10,3,6,4,11,5,6,4,3,7,4,4,11,3,9,4,7,11,5,10,5,11,7,4,6,10,0,10,10,5,11,11,6,11,2,5,10,11,4,7,11,10,7,5,7,5,2,5,6,7,11,0,3,7,11,4,2,4,4,3,2,5,6,10,8,10,4,5
11,6,9,4,5,11,7,7,0,2,11,0,5,4,11,9,7,0,3,8,0,0,8,4,3,3,8,4,5,7,6,3,5,11,7,3,9,7,11,0,2,5,6,7,4,0,11,10,6,5,11,4,7,7,5,8,8,3,2,7,0,2,6,3,4,3,5,10,5,6,9,11,4,3,6,11,5,8,5,4,7,9,11,4,7,5,0,6,7,5,4,8,5,5,0,4,10,5,8,0,6,11,6,0,8,5,7,11,2,11,11,6,0,0,7,0,3,6,11,0,5,8,0,11,8,6,8,6,3,6,7,8,0,2,4,8,0,5,3,5,5,4,3,6,7,11,9,11,5,6
0,7,10,5,6,0,8,8,2,3,0,2,6,5,0,10,8,2,4,9,2,2,9,5,4,4,9,5,6,8,7,4,6,0,8,4,10,8,0,2,3,6,7,8,5,2,0,11,7,6,0,5,8,8,6,9,9,4,3,8,2,3,7,4,5,4,6,11,6,7,10,0,5,4,7,0,6,9,6,5,8,10,0,5,8,6,2,7,8,6,5,9,6,6,2,5,11,6,9,2,7,0,7,2,9,6,8,0,3,0,0,7,2,2,8,2,4,7,0,2,6,9,2,0,9,7,9,7,4,7,8,9,2,3,5,9,2,6,4,6,6,5,4,7,8,0,10,0,6,7
2,8,11,6,7,2,9,9,3,4,2,3,7,6,2,11,9,3,5,10,3,3,10,6,5,5,10,6,7,9,8,5,7,2,9,5,11,9,2,3,4,7,8,9,6,3,2,0,8,7,2,6,9,9,7,10,10,5,4,9,3,4,8,5,6,5,7,0,7,8,11,2,6,5,8,2,7,10,7,6,9,11,2,6,9,7,3,8,9,7,6,10,7,7,3,6,0,7,10,3,8,2,8,3,10,7,9,2,4,2,2,8,3,3,9,3,5,8,2,3,7,10,3,2,10,8,10,8,5,8,9,10,3,4,6,10,3,7,5,7,7,6,5,8,9,2,11,2,7,8
3,9,0,7,8,3,10,10,4,5,3,4,8,7,3,0,10,4,6,11,4,4,11,7,6,6,11,7,8,10,9,6,8,3,10,6,0,10,3,4,5,8,9,10,7,4,3,2,9,8,3,7,10,10,8,11,11,6,5,10,4,5,9,6,7,6,8,2,8,9,0,3,7,6,9,3,8,11,8,7,10,0,3,7,10,8,4,9,10,8,7,11,8,8,4,7,2,8,11,4,9,3,9,4,11,8,10,3,5,3,3,9,4,4,10,4,6,9,3,4,8,11,4,3,11,9,11,9,6,9,10,11,4,5,7,11,4,8,6,8,8,7,6,9,10,3,0,3,8,9
4,10,2,8,9,4,11,11,5,6,4,5,9,8,4,2,11,5,7,0,5,5,0,8,7,7,0,8,9,11,10,7,9,4,11,7,2,11,4,5,6,9,10,11,8,5,4,3,10,9,4,8,11,11,9,0,0,7,6,11,5,6,10,7,8,7,9,3,9,10,2,4,8,7,10,4,9,0,9,8,11,2,4,8,11,9,5,10,11,9,8,0,9,9,5,8,3,9,0,5,10,4,10,5,0,9,11,4,6,4,4,10,5,5,11,5,7,10,4,5,9,0,5,4,0,10,0,10,7,10,11,0,5,6,8,0,5,9,7,9,9,8,7,10,11,4,2,4,9,10
5,11,3,9,10,5,0,0,6,7,5,6,10,9,5,3,0,6,8,2,6,6,2,9,8,8,2,9,10,0,11,8,10,5,0,8,3,0,5,6,7,10,11,0,9,6,5,4,11,10,5,9,0,0,10,2,2,8,7,0,6,7,11,8,9,8,10,4,10,11,3,5,9,8,11,5,10,2,10,9,0,3,5,9,0,10,6,11,0,10,9,2,10,10,6,9,4,10,2,6,11,5,11,6,2,10,0,5,7,5,5,11,6,6,0,6,8,11,5,6,10,2,6,5,2,11,2,11,8,11,0,2,6,7,9,2,6,10,8,10,10,9,8,11,0,5,3,5,10,11
6,0,4,10,11,6,2,2,7,8,6,7,11,10,6,4,2,7,9,3,7,7,3,10,9,9,3,10,11,2,0,9,11,6,2,9,4,2,6,7,8,11,0,2,10,7,6,5,0,11,6,10,2,2,11,3,3,9,8,2,7,8,0,9,10,9,11,5,11,0,4,6,10,9,0,6,11,3,11,10,2,4,6,10,2,11,7,0,2,11,10,3,11,11,7,10,5,11,3,7,0,6,0,7,3,11,2,6,8,6,6,0,7,7,2,7,9,0,6,7,11,3,7,6,3,0,3,0,9,0,2,3,7,8,10,3,7,11,9,11,11,10,9,0,2,6,4,6,11,0
7,2,5,11,0,7,3,3,8,9,7,8,0,11,7,5,3,8,10,4,8,8,4,11,10,10,4,11,0,3,2,10,0,7,3,10,5,3,7,8,9,0,2,3,11,8,7,6,2,0,7,11,3,3,0,4,4,10,9,3,8,9,2,10,11,10,0,6,0,2,5,7,11,10,2,7,0,4,0,11,3,5,7,11,3,0,8,2,3,0,11,4,0,0,8,11,6,0,4,8,2,7,2,8,4,0,3,7,9,7,7,2,8,8,3,8,10,2,7,8,0,4,8,7,4,2,4,2,10,2,3,4,8,9,11,4,8,0,10,0,0,11,10,2,3,7,5,7,0,2
8,3,6,0,2,8,4,4,9,10,8,9,2,0,8,6,4,9,11,5,9,9,5,0,11,11,5,0,2,4,3,11,2,8,4,11,6,4,8,9,10,2,3,4,0,9,8,7,3,2,8,0,4,4,2,5,5,11,10,4,9,10,3,11,0,11,2,7,2,3,6,8,0,11,3,8,2,5,2,0,4,6,8,0,4,2,9,3,4,2,0,5,2,2,9,0,7,2,5,9,3,8,3,9,5,2,4,8,10,8,8,3,9,9,4,9,11,3,8,9,2,5,9,8,5,3,5,3,11,3,4,5,9,10,0,5,9,2,11,2,2,0,11,3,4,8,6,8,2,3
9,4,7,2,3,9,5,5,10,11,9,10,3,2,9,7,5,10,0,6,10,10,6,2,0,0,6,2,3,5,4,0,3,9,5,0,7,5,9,10,11,3,4,5,2,10,9,8,4,3,9,2,5,5,3,6,6,0,11,5,10,11,4,0,2,0,3,8,3,4,7,9,2,0,4,9,3,6,3,2,5,7,9,2,5,3,10,4,5,3,2,6,3,3,10,2,8,3,6,10,4,9,4,10,6,3,5,9,11,9,9,4,10,10,5,10,0,4,9,10,3,6,10,9,6,4,6,4,0,4,5,6,10,11,2,6,10,3,0,3,3,2,0,4,5,9,7,9,3,4
10,5,8,3,4,10,6,6,11,0,10,11,4,3,10,8,6,11,2,7,11,11,7,3,2,2,7,3,4,6,5,2,4,10,6,2,8,6,10,11,0,4,5,6,3,11,10,9,5,4,10,3,6,6,4,7,7,2,0,6,11,0,5,2,3,2,4,9,4,5,8,10,3,2,5,10,4,7,4,3,6,8,10,3,6,4,11,5,6,4,3,7,4,4,11,3,9,4,7,11,5,10,5,11,7,4,6,10,0,10,10,5,11,11,6,11,2,5,10,11,4,7,11,10,7,5,7,5,2,5,6,7,11,0,3,7,11,4,2,4,4,3,2,5,6,10,8,10,4,5
11,6,9,4,5,11,7,7,0,2,11,0,5,4,11,9,7,0,3,8,0,0,8,4,3,3,8,4,5,7,6,3,5,11,7,3,9,7,11,0,2,5,6,7,4,0,11,10,6,5,11,4,7,7,5,8,8,3,2,7,0,2,6,3,4,3,5,10,5,6,9,11,4,3,6,11,5,8,5,4,7,9,11,4,7,5,0,6,7,5,4,8,5,5,0,4,10,5,8,0,6,11,6,0,8,5,7,11,2,11,11,6,0,0,7,0,3,6,11,0,5,8,0,11,8,6,8,6,3,6,7,8,0,2,4,8,0,5,3,5,5,4,3,6,7,11,9,11,5,6
0,7,10,5,6,0,8,8,2,3,0,2,6,5,0,10,8,2,4,9,2,2,9,5,4,4,9,5,6,8,7,4,6,0,8,4,10,8,0,2,3,6,7,8,5,2,0,11,7,6,0,5,8,8,6,9,9,4,3,8,2,3,7,4,5,4,6,11,6,7,10,0,5,4,7,0,6,9,6,5,8,10,0,5,8,6,2,7,8,6,5,9,6,6,2,5,11,6,9,2,7,0,7,2,9,6,8,0,3,0,0,7,2,2,8,2,4,7,0,2,6,9,2,0,9,7,9,7,4,7,8,9,2,3,5,9,2,6,4,6,6,5,4,7,8,0,10,0,6,7
2,8,11,6,7,2,9,9,3,4,2,3,7,6,2,11,9,3,5,10,3,3,10,6,5,5,10,6,7,9,8,5,7,2,9,5,11,9,2,3,4,7,8,9,6,3,2,0,8,7,2,6,9,9,7,10,10,5,4,9,3,4,8,5,6,5,7,0,7,8,11,2,6,5,8,2,7,10,7,6,9,11,2,6,9,7,3,8,9,7,6,10,7,7,3,6,0,7,10,3,8,2,8,3,10,7,9,2,4,2,2,8,3,3,9,3,5,8,2,3,7,10,3,2,10,8,10,8,5,8,9,10,3,4,6,10,3,7,5,7,7,6,5,8,9,2,11,2,7,8
3,9,0,7,8,3,10,10,4,5,3,4,8,7,3,0,10,4,6,11,4,4,11,7,6,6,11,7,8,10,9,6,8,3,10,6,0,10,3,4,5,8,9,10,7,4,3,2,9,8,3,7,10,10,8,11,11,6,5,10,4,5,9,6,7,6,8,2,8,9,0,3,7,6,9,3,8,11,8,7,10,0,3,7,10,8,4,9,10,8,7,11,8,8,4,7,2,8,11,4,9,3,9,4,11,8,10,3,5,3,3,9,4,4,10,4,6,9,3,4,8,11,4,3,11,9,11,9,6,9,10,11,4,5,7,11,4,8,6,8,8,7,6,9,10,3,0,3,8,9
4,10,2,8,9,4,11,11,5,6,4,5,9,8,4,2,11,5,7,0,5,5,0,8,7,7,0,8,9,11,10,7,9,4,11,7,2,11,4,5,6,9,10,11,8,5,4,3,10,9,4,8,11,11,9,0,0,7,6,11,5,6,10,7,8,7,9,3,9,10,2,4,8,7,10,4,9,0,9,8,11,2,4,8,11,9,5,10,11,9,8,0,9,9,5,8,3,9,0,5,10,4,10,5,0,9,11,4,6,4,4,10,5,5,11,5,7,10,4,5,9,0,5,4,0,10,0,10,7,10,11,0,5,6,8,0,5,9,7,9,9,8,7,10,11,4,2,4,9,10
5,11,3,9,10,5,0,0,6,7,5,6,10,9,5,3,0,6,8,2,6,6,2,9,8,8,2,9,10,0,11,8,10,5,0,8,3,0,5,6,7,10,11,0,9,6,5,4,11,10,5,9,0,0,10,2,2,8,7,0,6,7,11,8,9,8,10,4,10,11,3,5,9,8,11,5,10,2,10,9,0,3,5,9,0,10,6,11,0,10,9,2,10,10,6,9,4,10,2,6,11,5,11,6,2,10,0,5,7,5,5,11,6,6,0,6,8,11,5,6,10,2,6,5,2,11,2,11,8,11,0,2,6,7,9,2,6,10,8,10,10,9,8,11,0,5,3,5,10,11
6,0,4,10,11,6,2,2,7,8,6,7,11,10,6,4,2,7,9,3,7,7,3,10,9,9,3,10,11,2,0,9,11,6,2,9,4,2,6,7,8,11,0,2,10,7,6,5,0,11,6,10,2,2,11,3,3,9,8,2,7,8,0,9,10,9,11,5,11,0,4,6,10,9,0,6,11,3,11,10,2,4,6,10,2,11,7,0,2,11,10,3,11,11,7,10,5,11,3,7,0,6,0,7,3,11,2,6,8,6,6,0,7,7,2,7,9,0,6,7,11,3,7,6,3,0,3,0,9,0,2,3,7,8,10,3,7,11,9,11,11,10,9,0,2,6,4,6,11,0
7,2,5,11,0,7,3,3,8,9,7,8,0,11,7,5,3,8,10,4,8,8,4,11,10,10,4,11,0,3,2,10,0,7,3,10,5,3,7,8,9,0,2,3,11,8,7,6,2,0,7,11,3,3,0,4,4,10,9,3,8,9,2,10,11,10,0,6,0,2,5,7,11,10,2,7,0,4,0,11,3,5,7,11,3,0,8,2,3,0,11,4,0,0,8,11,6,0,4,8,2,7,2,8,4,0,3,7,9,7,7,2,8,8,3,8,10,2,7,8,0,4,8,7,4,2,4,2,10,2,3,4,8,9,11,4,8,0,10,0,0,11,10,2,3,7,5,7,0,2
8,3,6,0,2,8,4,4,9,10,8,9,2,0,8,6,4,9,11,5,9,9,5,0,11,11,5,0,2,4,3,11,2,8,4,11,6,4,8,9,10,2,3,4,0,9,8,7,3,2,8,0,4,4,2,5,5,11,10,4,9,10,3,11,0,11,2,7,2,3,6,8,0,11,3,8,2,5,2,0,4,6,8,0,4,2,9,3,4,2,0,5,2,2,9,0,7,2,5,9,3,8,3,9,5,2,4,8,10,8,8,3,9,9,4,9,11,3,8,9,2,5,9,8,5,3,5,3,11,3,4,5,9,10,0,5,9,2,11,2,2,0,11,3,4,8,6,8,2,3
9,4,7,2,3,9,5,5,10,11,9,10,3,2,9,7,5,10,0,6,10,10,6,2,0,0,6,2,3,5,4,0,3,9,5,0,7,5,9,10,11,3,4,5,2,10,9,8,4,3,9,2,5,5,3,6,6,0,11,5,10,11,4,0,2,0,3,8,3,4,7,9,2,0,4,9,3,6,3,2,5,7,9,2,5,3,10,4,5,3,2,6,3,3,10,2,8,3,6,10,4,9,4,10,6,3,5,9,11,9,9,4,10,10,5,10,0,4,9,10,3,6,10,9,6,4,6,4,0,4,5,6,10,11,2,6,10,3,0,3,3,2,0,4,5,9,7,9,3,4
10,5,8,3,4,10,6,6,11,0,10,11,4,3,10,8,6,11,2,7,11,11,7,3,2,2,7,3,4,6,5,2,4,10,6,2,8,6,10,11,0,4,5,6,3,11,10,9,5,4,10,3,6,6,4,7,7,2,0,6,11,0,5,2,3,2,4,9,4,5,8,10,3,2,5,10,4,7,4,3,6,8,10,3,6,4,11,5,6,4,3,7,4,4,11,3,9,4,7,11,5,10,5,11,7,4,6,10,0,10,10,5,11,11,6,11,2,5,10,11,4,7,11,10,7,5,7,5,2,5,6,7,11,0,3,7,11,4,2,4,4,3,2,5,6,10,8,10,4,5
11,6,9,4,5,11,7,7,0,2,11,0,5,4,11,9,7,0,3,8,0,0,8,4,3,3,8,4,5,7,6,3,5,11,7,3,9,7,11,0,2,5,6,7,4,0,11,10,6,5,11,4,7,7,5,8,8,3,2,7,0,2,6,3,4,3,5,10,5,6,9,11,4,3,6,11,5,8,5,4,7,9,11,4,7,5,0,6,7,5,4,8,5,5,0,4,10,5,8,0,6,11,6,0,8,5,7,11,2,11,11,6,0,0,7,0,3,6,11,0,5,8,0,11,8,6,8,6,3,6,7,8,0,2,4,8,0,5,3,5,5,4,3,6,7,11,9,11,5,6
0,7,10,5,6,0,8,8,2,3,0,2,6,5,0,10,8,2,4,9,2,2,9,5,4,4,9,5,6,8,7,4,6,0,8,4,10,8,0,2,3,6,7,8,5,2,0,11,7,6,0,5,8,8,6,9,9,4,3,8,2,3,7,4,5,4,6,11,6,7,10,0,5,4,7,0,6,9,6,5,8,10,0,5,8,6,2,7,8,6,5,9,6,6,2,5,11,6,9,2,7,0,7,2,9,6,8,0,3,0,0,7,2,2,8,2,4,7,0,2,6,9,2,0,9,7,9,7,4,7,8,9,2,3,5,9,2,6,4,6,6,5,4,7,8,0,10,0,6,7
2,8,11,6,7,2,9,9,3,4,2,3,7,6,2,11,9,3,5,10,3,3,10,6,5,5,10,6,7,9,8,5,7,2,9,5,11,9,2,3,4,7,8,9,6,3,2,0,8,7,2,6,9,9,7,10,10,5,4,9,3,4,8,5,6,5,7,0,7,8,11,2,6,5,8,2,7,10,7,6,9,11,2,6,9,7,3,8,9,7,6,10,7,7,3,6,0,7,10,3,8,2,8,3,10,7,9,2,4,2,2,8,3,3,9,3,5,8,2,3,7,10,3,2,10,8,10,8,5,8,9,10,3,4,6,10,3,7,5,7,7,6,5,8,9,2,11,2,7,8
3,9,0,7,8,3,10,10,4,5,3,4,8,7,3,0,10,4,6,11,4,4,11,7,6,6,11,7,8,10,9,6,8,3,10,6,0,10,3,4,5,8,9,10,7,4,3,2,9,8,3,7,10,10,8,11,11,6,5,10,4,5,9,6,7,6,8,2,8,9,0,3,7,6,9,3,8,11,8,7,10,0,3,7,10,8,4,9,10,8,7,11,8,8,4,7,2,8,11,4,9,3,9,4,11,8,10,3,5,3,3,9,4,4,10,4,6,9,3,4,8,11,4,3,11,9,11,9,6,9,10,11,4,5,7,11,4,8,6,8,8,7,6,9,10,3,0,3,8,9
4,10,2,8,9,4,11,11,5,6,4,5,9,8,4,2,11,5,7,0,5,5,0,8,7,7,0,8,9,11,10,7,9,4,11,7,2,11,4,5,6,9,10,11,8,5,4,3,10,9,4,8,11,11,9,0,0,7,6,11,5,6,10,7,8,7,9,3,9,10,2,4,8,7,10,4,9,0,9,8,11,2,4,8,11,9,5,10,11,9,8,0,9,9,5,8,3,9,0,5,10,4,10,5,0,9,11,4,6,4,4,10,5,5,11,5,7,10,4,5,9,0,5,4,0,10,0,10,7,10,11,0,5,6,8,0,5,9,7,9,9,8,7,10,11,4,2,4,9,10
5,11,3,9,10,5,0,0,6,7,5,6,10,9,5,3,0,6,8,2,6,6,2,9,8,8,2,9,10,0,11,8,10,5,0,8,3,0,5,6,7,10,11,0,9,6,5,4,11,10,5,9,0,0,10,2,2,8,7,0,6,7,11,8,9,8,10,4,10,11,3,5,9,8,11,5,10,2,10,9,0,3,5,9,0,10,6,11,0,10,9,2,10,10,6,9,4,10,2,6,11,5,11,6,2,10,0,5,7,5,5,11,6,6,0,6,8,11,5,6,10,2,6,5,2,11,2,11,8,11,0,2,6,7,9,2,6,10,8,10,10,9,8,11,0,5,3,5,10,11
6,0,4,10,11,6,2,2,7,8,6,7,11,10,6,4,2,7,9,3,7,7,3,10,9,9,3,10,11,2,0,9,11,6,2,9,4,2,6,7,8,11,0,2,10,7,6,5,0,11,6,10,2,2,11,3,3,9,8,2,7,8,0,9,10,9,11,5,11,0,4,6,10,9,0,6,11,3,11,10,2,4,6,10,2,11,7,0,2,11,10,3,11,11,7,10,5,11,3,7,0,6,0,7,3,11,2,6,8,6,6,0,7,7,2,7,9,0,6,7,11,3,7,6,3,0,3,0,9,0,2,3,7,8,10,3,7,11,9,11,11,10,9,0,2,6,4,6,11,0
7,2,5,11,0,7,3,3,8,9,7,8,0,11,7,5,3,8,10,4,8,8,4,11,10,10,4,11,0,3,2,10,0,7,3,10,5,3,7,8,9,0,2,3,11,8,7,6,2,0,7,11,3,3,0,4,4,10,9,3,8,9,2,10,11,10,0,6,0,2,5,7,11,10,2,7,0,4,0,11,3,5,7,11,3,0,8,2,3,0,11,4,0,0,8,11,6,0,4,8,2,7,2,8,4,0,3,7,9,7,7,2,8,8,3,8,10,2,7,8,0,4,8,7,4,2,4,2,10,2,3,4,8,9,11,4,8,0,10,0,0,11,10,2,3,7,5,7,0,2
8,3,6,0,2,8,4,4,9,10,8,9,2,0,8,6,4,9,11,5,9,9,5,0,11,11,5,0,2,4,3,11,2,8,4,11,6,4,8,9,10,2,3,4,0,9,8,7,3,2,8,0,4,4,2,5,5,11,10,4,9,10,3,11,0,11,2,7,2,3,6,8,0,11,3,8,2,5,2,0,4,6,8,0,4,2,9,3,4,2,0,5,2,2,9,0,7,2,5,9,3,8,3,9,5,2,4,8,10,8,8,3,9,9,4,9,11,3,8,9,2,5,9,8,5,3,5,3,11,3,4,5,9,10,0,5,9,2,11,2,2,0,11,3,4,8,6,8,2,3
9,4,7,2,3,9,5,5,10,11,9,10,3,2,9,7,5,10,0,6,10,10,6,2,0,0,6,2,3,5,4,0,3,9,5,0,7,5,9,10,11,3,4,5,2,10,9,8,4,3,9,2,5,5,3,6,6,0,11,5,10,11,4,0,2,0,3,8,3,4,7,9,2,0,4,9,3,6,3,2,5,7,9,2,5,3,10,4,5,3,2,6,3,3,10,2,8,3,6,10,4,9,4,10,6,3,5,9,11,9,9,4,10,10,5,10,0,4,9,10,3,6,10,9,6,4,6,4,0,4,5,6,10,11,2,6,10,3,0,3,3,2,0,4,5,9,7,9,3,4
10,5,8,3,4,10,6,6,11,0,10,11,4,3,10,8,6,11,2,7,11,11,7,3,2,2,7,3,4,6,5,2,4,10,6,2,8,6,10,11,0,4,5,6,3,11,10,9,5,4,10,3,6,6,4,7,7,2,0,6,11,0,5,2,3,2,4,9,4,5,8,10,3,2,5,10,4,7,4,3,6,8,10,3,6,4,11,5,6,4,3,7,4,4,11,3,9,4,7,11,5,10,5,11,7,4,6,10,0,10,10,5,11,11,6,11,2,5,10,11,4,7,11,10,7,5,7,5,2,5,6,7,11,0,3,7,11,4,2,4,4,3,2,5,6,10,8,10,4,5
11,6,9,4,5,11,7,7,0,2,11,0,5,4,11,9,7,0,3,8,0,0,8,4,3,3,8,4,5,7,6,3,5,11,7,3,9,7,11,0,2,5,6,7,4,0,11,10,6,5,11,4,7,7,5,8,8,3,2,7,0,2,6,3,4,3,5,10,5,6,9,11,4,3,6,11,5,8,5,4,7,9,11,4,7,5,0,6,7,5,4,8,5,5,0,4,10,5,8,0,6,11,6,0,8,5,7,11,2,11,11,6,0,0,7,0,3,6,11,0,5,8,0,11,8,6,8,6,3,6,7,8,0,2,4,8,0,5,3,5,5,4,3,6,7,11,9,11,5,6
0,7,10,5,6,0,8,8,2,3,0,2,6,5,0,10,8,2,4,9,2,2,9,5,4,4,9,5,6,8,7,4,6,0,8,4,10,8,0,2,3,6,7,8,5,2,0,11,7,6,0,5,8,8,6,9,9,4,3,8,2,3,7,4,5,4,6,11,6,7,10,0,5,4,7,0,6,9,6,5,8,10,0,5,8,6,2,7,8,6,5,9,6,6,2,5,11,6,9,2,7,0,7,2,9,6,8,0,3,0,0,7,2,2,8,2,4,7,0,2,6,9,2,0,9,7,9,7,4,7,8,9,2,3,5,9,2,6,4,6,6,5,4,7,8,0,10,0,6,7
2,8,11,6,7,2,9,9,3,4,2,3,7,6,2,11,9,3,5,10,3,3,10,6,5,5,10,6,7,9,8,5,7,2,9,5,11,9,2,3,4,7,8,9,6,3,2,0,8,7,2,6,9,9,7,10,10,5,4,9,3,4,8,5,6,5,7,0,7,8,11,2,6,5,8,2,7,10,7,6,9,11,2,6,9,7,3,8,9,7,6,10,7,7,3,6,0,7,10,3,8,2,8,3,10,7,9,2,4,2,2,8,3,3,9,3,5,8,2,3,7,10,3,2,10,8,10,8,5,8,9,10,3,4,6,10,3,7,5,7,7,6,5,8,9,2,11,2,7,8
3,9,0,7,8,3,10,10,4,5,3,4,8,7,3,0,10,4,6,11,4,4,11,7,6,6,11,7,8,10,9,6,8,3,10,6,0,10,3,4,5,8,9,10,7,4,3,2,9,8,3,7,10,10,8,11,11,6,5,10,4,5,9,6,7,6,8,2,8,9,0,3,7,6,9,3,8,11,8,7,10,0,3,7,10,8,4,9,10,8,7,11,8,8,4,7,2,8,11,4,9,3,9,4,11,8,10,3,5,3,3,9,4,4,10,4,6,9,3,4,8,11,4,3,11,9,11,9,6,9,10,11,4,5,7,11,4,8,6,8,8,7,6,9,10,3,0,3,8,9
4,10,2,8,9,4,11,11,5,6,4,5,9,8,4,2,11,5,7,0,5,5,0,8,7,7,0,8,9,11,10,7,9,4,11,7,2,11,4,5,6,9,10,11,8,5,4,3,10,9,4,8,11,11,9,0,0,7,6,11,5,6,10,7,8,7,9,3,9,10,2,4,8,7,10,4,9,0,9,8,11,2,4,8,11,9,5,10,11,9,8,0,9,9,5,8,3,9,0,5,10,4,10,5,0,9,11,4,6,4,4,10,5,5,11,5,7,10,4,5,9,0,5,4,0,10,0,10,7,10,11,0,5,6,8,0,5,9,7,9,9,8,7,10,11,4,2,4,9,10
5,11,3,9,10,5,0,0,6,7,5,6,10,9,5,3,0,6,8,2,6,6,2,9,8,8,2,9,10,0,11,8,10,5,0,8,3,0,5,6,7,10,11,0,9,6,5,4,11,10,5,9,0,0,10,2,2,8,7,0,6,7,11,8,9,8,10,4,10,11,3,5,9,8,11,5,10,2,10,9,0,3,5,9,0,10,6,11,0,10,9,2,10,10,6,9,4,10,2,6,11,5,11,6,2,10,0,5,7,5,5,11,6,6,0,6,8,11,5,6,10,2,6,5,2,11,2,11,8,11,0,2,6,7,9,2,6,10,8,10,10,9,8,11,0,5,3,5,10,11
6,0,4,10,11,6,2,2,7,8,6,7,11,10,6,4,2,7,9,3,7,7,3,10,9,9,3,10,11,2,0,9,11,6,2,9,4,2,6,7,8,11,0,2,10,7,6,5,0,11,6,10,2,2,11,3,3,9,8,2,7,8,0,9,10,9,11,5,11,0,4,6,10,9,0,6,11,3,11,10,2,4,6,10,2,11,7,0,2,11,10,3,11,11,7,10,5,11,3,7,0,6,0,7,3,11,2,6,8,6,6,0,7,7,2,7,9,0,6,7,11,3,7,6,3,0,3,0,9,0,2,3,7,8,10,3,7,11,9,11,11,10,9,0,2,6,4,6,11,0
7,2,5,11,0,7,3,3,8,9,7,8,0,11,7,5,3,8,10,4,8,8,4,11,10,10,4,11,0,3,2,10,0,7,3,10,5,3,7,8,9,0,2,3,11,8,7,6,2,0,7,11,3,3,0,4,4,10,9,3,8,9,2,10,11,10,0,6,0,2,5,7,11,10,2,7,0,4,0,11,3,5,7,11,3,0,8,2,3,0,11,4,0,0,8,11,6,0,4,8,2,7,2,8,4,0,3,7,9,7,7,2,8,8,3,8,10,2,7,8,0,4,8,7,4,2,4,2,10,2,3,4,8,9,11,4,8,0,10,0,0,11,10,2,3,7,5,7,0,2
8,3,6,0,2,8,4,4,9,10,8,9,2,0,8,6,4,9,11,5,9,9,5,0,11,11,5,0,2,4,3,11,2,8,4,11,6,4,8,9,10,2,3,4,0,9,8,7,3,2,8,0,4,4,2,5,5,11,10,4,9,10,3,11,0,11,2,7,2,3,6,8,0,11,3,8,2,5,2,0,4,6,8,0,4,2,9,3,4,2,0,5,2,2,9,0,7,2,5,9,3,8,3,9,5,2,4,8,10,8,8,3,9,9,4,9,11,3,8,9,2,5,9,8,5,3,5,3,11,3,4,5,9,10,0,5,9,2,11,2,2,0,11,3,4,8,6,8,2,3
9,4,7,2,3,9,5,5,10,11,9,10,3,2,9,7,5,10,0,6,10,10,6,2,0,0,6,2,3,5,4,0,3,9,5,0,7,5,9,10,11,3,4,5,2,10,9,8,4,3,9,2,5,5,3,6,6,0,11,5,10,11,4,0,2,0,3,8,3,4,7,9,2,0,4,9,3,6,3,2,5,7,9,2,5,3,10,4,5,3,2,6,3,3,10,2,8,3,6,10,4,9,4,10,6,3,5,9,11,9,9,4,10,10,5,10,0,4,9,10,3,6,10,9,6,4,6,4,0,4,5,6,10,11,2,6,10,3,0,3,3,2,0,4,5,9,7,9,3,4
10,5,8,3,4,10,6,6,11,0,10,11,4,3,10,8,6,11,2,7,11,11,7,3,2,2,7,3,4,6,5,2,4,10,6,2,8,6,10,11,0,4,5,6,3,11,10,9,5,4,10,3,6,6,4,7,7,2,0,6,11,0,5,2,3,2,4,9,4,5,8,10,3,2,5,10,4,7,4,3,6,8,10,3,6,4,11,5,6,4,3,7,4,4,11,3,9,4,7,11,5,10,5,11,7,4,6,10,0,10,10,5,11,11,6,11,2,5,10,11,4,7,11,10,7,5,7,5,2,5,6,7,11,0,3,7,11,4,2,4,4,3,2,5,6,10,8,10,4,5
11,6,9,4,5,11,7,7,0,2,11,0,5,4,11,9,7,0,3,8,0,0,8,4,3,3,8,4,5,7,6,3,5,11,7,3,9,7,11,0,2,5,6,7,4,0,11,10,6,5,11,4,7,7,5,8,8,3,2,7,0,2,6,3,4,3,5,10,5,6,9,11,4,3,6,11,5,8,5,4,7,9,11,4,7,5,0,6,7,5,4,8,5,5,0,4,10,5,8,0,6,11,6,0,8,5,7,11,2,11,11,6,0,0,7,0,3,6,11,0,5,8,0,11,8,6,8,6,3,6,7,8,0,2,4,8,0,5,3,5,5,4,3,6,7,11,9,11,5,6
0,7,10,5,6,0,8,8,2,3,0,2,6,5,0,10,8,2,4,9,2,2,9,5,4,4,9,5,6,8,7,4,6,0,8,4,10,8,0,2,3,6,7,8,5,2,0,11,7,6,0,5,8,8,6,9,9,4,3,8,2,3,7,4,5,4,6,11,6,7,10,0,5,4,7,0,6,9,6,5,8,10,0,5,8,6,2,7,8,6,5,9,6,6,2,5,11,6,9,2,7,0,7,2,9,6,8,0,3,0,0,7,2,2,8,2,4,7,0,2,6,9,2,0,9,7,9,7,4,7,8,9,2,3,5,9,2,6,4,6,6,5,4,7,8,0,10,0,6,7
2,8,11,6,7,2,9,9,3,4,2,3,7,6,2,11,9,3,5,10,3,3,10,6,5,5,10,6,7,9,8,5,7,2,9,5,11,9,2,3,4,7,8,9,6,3,2,0,8,7,2,6,9,9,7,10,10,5,4,9,3,4,8,5,6,5,7,0,7,8,11,2,6,5,8,2,7,10,7,6,9,11,2,6,9,7,3,8,9,7,6,10,7,7,3,6,0,7,10,3,8,2,8,3,10,7,9,2,4,2,2,8,3,3,9,3,5,8,2,3,7,10,3,2,10,8,10,8,5,8,9,10,3,4,6,10,3,7,5,7,7,6,5,8,9,2,11,2,7,8
3,9,0,7,8,3,10,10,4,5,3,4,8,7,3,0,10,4,6,11,4,4,11,7,6,6,11,7,8,10,9,6,8,3,10,6,0,10,3,4,5,8,9,10,7,4,3,2,9,8,3,7,10,10,8,11,11,6,5,10,4,5,9,6,7,6,8,2,8,9,0,3,7,6,9,3,8,11,8,7,10,0,3,7,10,8,4,9,10,8,7,11,8,8,4,7,2,8,11,4,9,3,9,4,11,8,10,3,5,3,3,9,4,4,10,4,6,9,3,4,8,11,4,3,11,9,11,9,6,9,10,11,4,5,7,11,4,8,6,8,8,7,6,9,10,3,0,3,8,9
4,10,2,8,9,4,11,11,5,6,4,5,9,8,4,2,11,5,7,0,5,5,0,8,7,7,0,8,9,11,10,7,9,4,11,7,2,11,4,5,6,9,10,11,8,5,4,3,10,9,4,8,11,11,9,0,0,7,6,11,5,6,10,7,8,7,9,3,9,10,2,4,8,7,10,4,9,0,9,8,11,2,4,8,11,9,5,10,11,9,8,0,9,9,5,8,3,9,0,5,10,4,10,5,0,9,11,4,6,4,4,10,5,5,11,5,7,10,4,5,9,0,5,4,0,10,0,10,7,10,11,0,5,6,8,0,5,9,7,9,9,8,7,10,11,4,2,4,9,10
5,11,3,9,10,5,0,0,6,7,5,6,10,9,5,3,0,6,8,2,6,6,2,9,8,8,2,9,10,0,11,8,10,5,0,8,3,0,5,6,7,10,11,0,9,6,5,4,11,10,5,9,0,0,10,2,2,8,7,0,6,7,11,8,9,8,10,4,10,11,3,5,9,8,11,5,10,2,10,9,0,3,5,9,0,10,6,11,0,10,9,2,10,10,6,9,4,10,2,6,11,5,11,6,2,10,0,5,7,5,5,11,6,6,0,6,8,11,5,6,10,2,6,5,2,11,2,11,8,11,0,2,6,7,9,2,6,10,8,10,10,9,8,11,0,5,3,5,10,11
6,0,4,10,11,6,2,2,7,8,6,7,11,10,6,4,2,7,9,3,7,7,3,10,9,9,3,10,11,2,0,9,11,6,2,9,4,2,6,7,8,11,0,2,10,7,6,5,0,11,6,10,2,2,11,3,3,9,8,2,7,8,0,9,10,9,11,5,11,0,4,6,10,9,0,6,11,3,11,10,2,4,6,10,2,11,7,0,2,11,10,3,11,11,7,10,5,11,3,7,0,6,0,7,3,11,2,6,8,6,6,0,7,7,2,7,9,0,6,7,11,3,7,6,3,0,3,0,9,0,2,3,7,8,10,3,7,11,9,11,11,10,9,0,2,6,4,6,11,0
7,2,5,11,0,7,3,3,8,9,7,8,0,11,7,5,3,8,10,4,8,8,4,11,10,10,4,11,0,3,2,10,0,7,3,10,5,3,7,8,9,0,2,3,11,8,7,6,2,0,7,11,3,3,0,4,4,10,9,3,8,9,2,10,11,10,0,6,0,2,5,7,11,10,2,7,0,4,0,11,3,5,7,11,3,0,8,2,3,0,11,4,0,0,8,11,6,0,4,8,2,7,2,8,4,0,3,7,9,7,7,2,8,8,3,8,10,2,7,8,0,4,8,7,4,2,4,2,10,2,3,4,8,9,11,4,8,0,10,0,0,11,10,2,3,7,5,7,0,2
8,3,6,0,2,8,4,4,9,10,8,9,2,0,8,6,4,9,11,5,9,9,5,0,11,11,5,0,2,4,3,11,2,8,4,11,6,4,8,9,10,2,3,4,0,9,8,7,3,2,8,0,4,4,2,5,5,11,10,4,9,10,3,11,0,11,2,7,2,3,6,8,0,11,3,8,2,5,2,0,4,6,8,0,4,2,9,3,4,2,0,5,2,2,9,0,7,2,5,9,3,8,3,9,5,2,4,8,10,8,8,3,9,9,4,9,11,3,8,9,2,5,9,8,5,3,5,3,11,3,4,5,9,10,0,5,9,2,11,2,2,0,11,3,4,8,6,8,2,3
9,4,7,2,3,9,5,5,10,11,9,10,3,2,9,7,5,10,0,6,10,10,6,2,0,0,6,2,3,5,4,0,3,9,5,0,7,5,9,10,11,3,4,5,2,10,9,8,4,3,9,2,5,5,3,6,6,0,11,5,10,11,4,0,2,0,3,8,3,4,7,9,2,0,4,9,3,6,3,2,5,7,9,2,5,3,10,4,5,3,2,6,3,3,10,2,8,3,6,10,4,9,4,10,6,3,5,9,11,9,9,4,10,10,5,10,0,4,9,10,3,6,10,9,6,4,6,4,0,4,5,6,10,11,2,6,10,3,0,3,3,2,0,4,5,9,7,9,3,4
10,5,8,3,4,10,6,6,11,0,10,11,4,3,10,8,6,11,2,7,11,11,7,3,2,2,7,3,4,6,5,2,4,10,6,2,8,6,10,11,0,4,5,6,3,11,10,9,5,4,10,3,6,6,4,7,7,2,0,6,11,0,5,2,3,2,4,9,4,5,8,10,3,2,5,10,4,7,4,3,6,8,10,3,6,4,11,5,6,4,3,7,4,4,11,3,9,4,7,11,5,10,5,11,7,4,6,10,0,10,10,5,11,11,6,11,2,5,10,11,4,7,11,10,7,5,7,5,2,5,6,7,11,0,3,7,11,4,2,4,4,3,2,5,6,10,8,10,4,5
11,6,9,4,5,11,7,7,0,2,11,0,5,4,11,9,7,0,3,8,0,0,8,4,3,3,8,4,5,7,6,3,5,11,7,3,9,7,11,0,2,5,6,7,4,0,11,10,6,5,11,4,7,7,5,8,8,3,2,7,0,2,6,3,4,3,5,10,5,6,9,11,4,3,6,11,5,8,5,4,7,9,11,4,7,5,0,6,7,5,4,8,5,5,0,4,10,5,8,0,6,11,6,0,8,5,7,11,2,11,11,6,0,0,7,0,3,6,11,0,5,8,0,11,8,6,8,6,3,6,7,8,0,2,4,8,0,5,3,5,5,4,3,6,7,11,9,11,5,6
0,7,10,5,6,0,8,8,2,3,0,2,6,5,0,10,8,2,4,9,2,2,9,5,4,4,9,5,6,8,7,4,6,0,8,4,10,8,0,2,3,6,7,8,5,2,0,11,7,6,0,5,8,8,6,9,9,4,3,8,2,3,7,4,5,4,6,11,6,7,10,0,5,4,7,0,6,9,6,5,8,10,0,5,8,6,2,7,8,6,5,9,6,6,2,5,11,6,9,2,7,0,7,2,9,6,8,0,3,0,0,7,2,2,8,2,4,7,0,2,6,9,2,0,9,7,9,7,4,7,8,9,2,3,5,9,2,6,4,6,6,5,4,7,8,0,10,0,6,7
2,8,11,6,7,2,9,9,3,4,2,3,7,6,2,11,9,3,5,10,3,3,10,6,5,5,10,6,7,9,8,5,7,2,9,5,11,9,2,3,4,7,8,9,6,3,2,0,8,7,2,6,9,9,7,10,10,5,4,9,3,4,8,5,6,5,7,0,7,8,11,2,6,5,8,2,7,10,7,6,9,11,2,6,9,7,3,8,9,7,6,10,7,7,3,6,0,7,10,3,8,2,8,3,10,7,9,2,4,2,2,8,3,3,9,3,5,8,2,3,7,10,3,2,10,8,10,8,5,8,9,10,3,4,6,10,3,7,5,7,7,6,5,8,9,2,11,2,7,8
3,9,0,7,8,3,10,10,4,5,3,4,8,7,3,0,10,4,6,11,4,4,11,7,6,6,11,7,8,10,9,6,8,3,10,6,0,10,3,4,5,8,9,10,7,4,3,2,9,8,3,7,10,10,8,11,11,6,5,10,4,5,9,6,7,6,8,2,8,9,0,3,7,6,9,3,8,11,8,7,10,0,3,7,10,8,4,9,10,8,7,11,8,8,4,7,2,8,11,4,9,3,9,4,11,8,10,3,5,3,3,9,4,4,10,4,6,9,3,4,8,11,4,3,11,9,11,9,6,9,10,11,4,5,7,11,4,8,6,8,8,7,6,9,10,3,0,3,8,9
4,10,2,8,9,4,11,11,5,6,4,5,9,8,4,2,11,5,7,0,5,5,0,8,7,7,0,8,9,11,10,7,9,4,11,7,2,11,4,5,6,9,10,11,8,5,4,3,10,9,4,8,11,11,9,0,0,7,6,11,5,6,10,7,8,7,9,3,9,10,2,4,8,7,10,4,9,0,9,8,11,2,4,8,11,9,5,10,11,9,8,0,9,9,5,8,3,9,0,5,10,4,10,5,0,9,11,4,6,4,4,10,5,5,11,5,7,10,4,5,9,0,5,4,0,10,0,10,7,10,11,0,5,6,8,0,5,9,7,9,9,8,7,10,11,4,2,4,9,10
5,11,3,9,10,5,0,0,6,7,5,6,10,9,5,3,0,6,8,2,6,6,2,9,8,8,2,9,10,0,11,8,10,5,0,8,3,0,5,6,7,10,11,0,9,6,5,4,11,10,5,9,0,0,10,2,2,8,7,0,6,7,11,8,9,8,10,4,10,11,3,5,9,8,11,5,10,2,10,9,0,3,5,9,0,10,6,11,0,10,9,2,10,10,6,9,4,10,2,6,11,5,11,6,2,10,0,5,7,5,5,11,6,6,0,6,8,11,5,6,10,2,6,5,2,11,2,11,8,11,0,2,6,7,9,2,6,10,8,10,10,9,8,11,0,5,3,5,10,11
6,0,4,10,11,6,2,2,7,8,6,7,11,10,6,4,2,7,9,3,7,7,3,10,9,9,3,10,11,2,0,9,11,6,2,9,4,2,6,7,8,11,0,2,10,7,6,5,0,11,6,10,2,2,11,3,3,9,8,2,7,8,0,9,10,9,11,5,11,0,4,6,10,9,0,6,11,3,11,10,2,4,6,10,2,11,7,0,2,11,10,3,11,11,7,10,5,11,3,7,0,6,0,7,3,11,2,6,8,6,6,0,7,7,2,7,9,0,6,7,11,3,7,6,3,0,3,0,9,0,2,3,7,8,10,3,7,11,9,11,11,10,9,0,2,6,4,6,11,0
7,2,5,11,0,7,3,3,8,9,7,8,0,11,7,5,3,8,10,4,8,8,4,11,10,10,4,11,0,3,2,10,0,7,3,10,5,3,7,8,9,0,2,3,11,8,7,6,2,0,7,11,3,3,0,4,4,10,9,3,8,9,2,10,11,10,0,6,0,2,5,7,11,10,2,7,0,4,0,11,3,5,7,11,3,0,8,2,3,0,11,4,0,0,8,11,6,0,4,8,2,7,2,8,4,0,3,7,9,7,7,2,8,8,3,8,10,2,7,8,0,4,8,7,4,2,4,2,10,2,3,4,8,9,11,4,8,0,10,0,0,11,10,2,3,7,5,7,0,2
8,3,6,0,2,8,4,4,9,10,8,9,2,0,8,6,4,9,11,5,9,9,5,0,11,11,5,0,2,4,3,11,2,8,4,11,6,4,8,9,10,2,3,4,0,9,8,7,3,2,8,0,4,4,2,5,5,11,10,4,9,10,3,11,0,11,2,7,2,3,6,8,0,11,3,8,2,5,2,0,4,6,8,0,4,2,9,3,4,2,0,5,2,2,9,0,7,2,5,9,3,8,3,9,5,2,4,8,10,8,8,3,9,9,4,9,11,3,8,9,2,5,9,8,5,3,5,3,11,3,4,5,9,10,0,5,9,2,11,2,2,0,11,3,4,8,6,8,2,3
9,4,7,2,3,9,5,5,10,11,9,10,3,2,9,7,5,10,0,6,10,10,6,2,0,0,6,2,3,5,4,0,3,9,5,0,7,5,9,10,11,3,4,5,2,10,9,8,4,3,9,2,5,5,3,6,6,0,11,5,10,11,4,0,2,0,3,8,3,4,7,9,2,0,4,9,3,6,3,2,5,7,9,2,5,3,10,4,5,3,2,6,3,3,10,2,8,3,6,10,4,9,4,10,6,3,5,9,11,9,9,4,10,10,5,10,0,4,9,10,3,6,10,9,6,4,6,4,0,4,5,6,10,11,2,6,10,3,0,3,3,2,0,4,5,9,7,9,3,4
10,5,8,3,4,10,6,6,11,0,10,11,4,3,10,8,6,11,2,7,11,11,7,3,2,2,7,3,4,6,5,2,4,10,6,2,8,6,10,11,0,4,5,6,3,11,10,9,5,4,10,3,6,6,4,7,7,2,0,6,11,0,5,2,3,2,4,9,4,5,8,10,3,2,5,10,4,7,4,3,6,8,10,3,6,4,11,5,6,4,3,7,4,4,11,3,9,4,7,11,5,10,5,11,7,4,6,10,0,10,10,5,11,11,6,11,2,5,10,11,4,7,11,10,7,5,7,5,2,5,6,7,11,0,3,7,11,4,2,4,4,3,2,5,6,10,8,10,4,5
11,6,9,4,5,11,7,7,0,2,11,0,5,4,11,9,7,0,3,8,0,0,8,4,3,3,8,4,5,7,6,3,5,11,7,3,9,7,11,0,2,5,6,7,4,0,11,10,6,5,11,4,7,7,5,8,8,3,2,7,0,2,6,3,4,3,5,10,5,6,9,11,4,3,6,11,5,8,5,4,7,9,11,4,7,5,0,6,7,5,4,8,5,5,0,4,10,5,8,0,6,11,6,0,8,5,7,11,2,11,11,6,0,0,7,0,3,6,11,0,5,8,0,11,8,6,8,6,3,6,7,8,0,2,4,8,0,5,3,5,5,4,3,6,7,11,9,11,5,6
0,7,10,5,6,0,8,8,2,3,0,2,6,5,0,10,8,2,4,9,2,2,9,5,4,4,9,5,6,8,7,4,6,0,8,4,10,8,0,2,3,6,7,8,5,2,0,11,7,6,0,5,8,8,6,9,9,4,3,8,2,3,7,4,5,4,6,11,6,7,10,0,5,4,7,0,6,9,6,5,8,10,0,5,8,6,2,7,8,6,5,9,6,6,2,5,11,6,9,2,7,0,7,2,9,6,8,0,3,0,0,7,2,2,8,2,4,7,0,2,6,9,2,0,9,7,9,7,4,7,8,9,2,3,5,9,2,6,4,6,6,5,4,7,8,0,10,0,6,7
2,8,11,6,7,2,9,9,3,4,2,3,7,6,2,11,9,3,5,10,3,3,10,6,5,5,10,6,7,9,8,5,7,2,9,5,11,9,2,3,4,7,8,9,6,3,2,0,8,7,2,6,9,9,7,10,10,5,4,9,3,4,8,5,6,5,7,0,7,8,11,2,6,5,8,2,7,10,7,6,9,11,2,6,9,7,3,8,9,7,6,10,7,7,3,6,0,7,10,3,8,2,8,3,10,7,9,2,4,2,2,8,3,3,9,3,5,8,2,3,7,10,3,2,10,8,10,8,5,8,9,10,3,4,6,10,3,7,5,7,7,6,5,8,9,2,11,2,7,8
3,9,0,7,8,3,10,10,4,5,3,4,8,7,3,0,10,4,6,11,4,4,11,7,6,6,11,7,8,10,9,6,8,3,10,6,0,10,3,4,5,8,9,10,7,4,3,2,9,8,3,7,10,10,8,11,11,6,5,10,4,5,9,6,7,6,8,2,8,9,0,3,7,6,9,3,8,11,8,7,10,0,3,7,10,8,4,9,10,8,7,11,8,8,4,7,2,8,11,4,9,3,9,4,11,8,10,3,5,3,3,9,4,4,10,4,6,9,3,4,8,11,4,3,11,9,11,9,6,9,10,11,4,5,7,11,4,8,6,8,8,7,6,9,10,3,0,3,8,9
4,10,2,8,9,4,11,11,5,6,4,5,9,8,4,2,11,5,7,0,5,5,0,8,7,7,0,8,9,11,10,7,9,4,11,7,2,11,4,5,6,9,10,11,8,5,4,3,10,9,4,8,11,11,9,0,0,7,6,11,5,6,10,7,8,7,9,3,9,10,2,4,8,7,10,4,9,0,9,8,11,2,4,8,11,9,5,10,11,9,8,0,9,9,5,8,3,9,0,5,10,4,10,5,0,9,11,4,6,4,4,10,5,5,11,5,7,10,4,5,9,0,5,4,0,10,0,10,7,10,11,0,5,6,8,0,5,9,7,9,9,8,7,10,11,4,2,4,9,10
5,11,3,9,10,5,0,0,6,7,5,6,10,9,5,3,0,6,8,2,6,6,2,9,8,8,2,9,10,0,11,8,10,5,0,8,3,0,5,6,7,10,11,0,9,6,5,4,11,10,5,9,0,0,10,2,2,8,7,0,6,7,11,8,9,8,10,4,10,11,3,5,9,8,11,5,10,2,10,9,0,3,5,9,0,10,6,11,0,10,9,2,10,10,6,9,4,10,2,6,11,5,11,6,2,10,0,5,7,5,5,11,6,6,0,6,8,11,5,6,10,2,6,5,2,11,2,11,8,11,0,2,6,7,9,2,6,10,8,10,10,9,8,11,0,5,3,5,10,11
6,0,4,10,11,6,2,2,7,8,6,7,11,10,6,4,2,7,9,3,7,7,3,10,9,9,3,10,11,2,0,9,11,6,2,9,4,2,6,7,8,11,0,2,10,7,6,5,0,11,6,10,2,2,11,3,3,9,8,2,7,8,0,9,10,9,11,5,11,0,4,6,10,9,0,6,11,3,11,10,2,4,6,10,2,11,7,0,2,11,10,3,11,11,7,10,5,11,3,7,0,6,0,7,3,11,2,6,8,6,6,0,7,7,2,7,9,0,6,7,11,3,7,6,3,0,3,0,9,0,2,3,7,8,10,3,7,11,9,11,11,10,9,0,2,6,4,6,11,0
7,2,5,11,0,7,3,3,8,9,7,8,0,11,7,5,3,8,10,4,8,8,4,11,10,10,4,11,0,3,2,10,0,7,3,10,5,3,7,8,9,0,2,3,11,8,7,6,2,0,7,11,3,3,0,4,4,10,9,3,8,9,2,10,11,10,0,6,0,2,5,7,11,10,2,7,0,4,0,11,3,5,7,11,3,0,8,2,3,0,11,4,0,0,8,11,6,0,4,8,2,7,2,8,4,0,3,7,9,7,7,2,8,8,3,8,10,2,7,8,0,4,8,7,4,2,4,2,10,2,3,4,8,9,11,4,8,0,10,0,0,11,10,2,3,7,5,7,0,2
8,3,6,0,2,8,4,4,9,10,8,9,2,0,8,6,4,9,11,5,9,9,5,0,11,11,5,0,2,4,3,11,2,8,4,11,6,4,8,9,10,2,3,4,0,9,8,7,3,2,8,0,4,4,2,5,5,11,10,4,9,10,3,11,0,11,2,7,2,3,6,8,0,11,3,8,2,5,2,0,4,6,8,0,4,2,9,3,4,2,0,5,2,2,9,0,7,2,5,9,3,8,3,9,5,2,4,8,10,8,8,3,9,9,4,9,11,3,8,9,2,5,9,8,5,3,5,3,11,3,4,5,9,10,0,5,9,2,11,2,2,0,11,3,4,8,6,8,2,3
9,4,7,2,3,9,5,5,10,11,9,10,3,2,9,7,5,10,0,6,10,10,6,2,0,0,6,2,3,5,4,0,3,9,5,0,7,5,9,10,11,3,4,5,2,10,9,8,4,3,9,2,5,5,3,6,6,0,11,5,10,11,4,0,2,0,3,8,3,4,7,9,2,0,4,9,3,6,3,2,5,7,9,2,5,3,10,4,5,3,2,6,3,3,10,2,8,3,6,10,4,9,4,10,6,3,5,9,11,9,9,4,10,10,5,10,0,4,9,10,3,6,10,9,6,4,6,4,0,4,5,6,10,11,2,6,10,3,0,3,3,2,0,4,5,9,7,9,3,4
10,5,8,3,4,10,6,6,11,0,10,11,4,3,10,8,6,11,2,7,11,11,7,3,2,2,7,3,4,6,5,2,4,10,6,2,8,6,10,11,0,4,5,6,3,11,10,9,5,4,10,3,6,6,4,7,7,2,0,6,11,0,5,2,3,2,4,9,4,5,8,10,3,2,5,10,4,7,4,3,6,8,10,3,6,4,11,5,6,4,3,7,4,4,11,3,9,4,7,11,5,10,5,11,7,4,6,10,0,10,10,5,11,11,6,11,2,5,10,11,4,7,11,10,7,5,7,5,2,5,6,7,11,0,3,7,11,4,2,4,4,3,2,5,6,10,8,10,4,5
11,6,9,4,5,11,7,7,0,2,11,0,5,4,11,9,7,0,3,8,0,0,8,4,3,3,8,4,5,7,6,3,5,11,7,3,9,7,11,0,2,5,6,7,4,0,11,10,6,5,11,4,7,7,5,8,8,3,2,7,0,2,6,3,4,3,5,10,5,6,9,11,4,3,6,11,5,8,5,4,7,9,11,4,7,5,0,6,7,5,4,8,5,5,0,4,10,5,8,0,6,11,6,0,8,5,7,11,2,11,11,6,0,0,7,0,3,6,11,0,5,8,0,11,8,6,8,6,3,6,7,8,0,2,4,8,0,5,3,5,5,4,3,6,7,11,9,11,5,6
0,7,10,5,6,0,8,8,2,3,0,2,6,5,0,10,8,2,4,9,2,2,9,5,4,4,9,5,6,8,7,4,6,0,8,4,10,8,0,2,3,6,7,8,5,2,0,11,7,6,0,5,8,8,6,9,9,4,3,8,2,3,7,4,5,4,6,11,6,7,10,0,5,4,7,0,6,9,6,5,8,10,0,5,8,6,2,7,8,6,5,9,6,6,2,5,11,6,9,2,7,0,7,2,9,6,8,0,3,0,0,7,2,2,8,2,4,7,0,2,6,9,2,0,9,7,9,7,4,7,8,9,2,3,5,9,2,6,4,6,6,5,4,7,8,0,10,0,6,7
2,8,11,6,7,2,9,9,3,4,2,3,7,6,2,11,9,3,5,10,3,3,10,6,5,5,10,6,7,9,8,5,7,2,9,5,11,9,2,3,4,7,8,9,6,3,2,0,8,7,2,6,9,9,7,10,10,5,4,9,3,4,8,5,6,5,7,0,7,8,11,2,6,5,8,2,7,10,7,6,9,11,2,6,9,7,3,8,9,7,6,10,7,7,3,6,0,7,10,3,8,2,8,3,10,7,9,2,4,2,2,8,3,3,9,3,5,8,2,3,7,10,3,2,10,8,10,8,5,8,9,10,3,4,6,10,3,7,5,7,7,6,5,8,9,2,11,2,7,8
3,9,0,7,8,3,10,10,4,5,3,4,8,7,3,0,10,4,6,11,4,4,11,7,6,6,11,7,8,10,9,6,8,3,10,6,0,10,3,4,5,8,9,10,7,4,3,2,9,8,3,7,10,10,8,11,11,6,5,10,4,5,9,6,7,6,8,2,8,9,0,3,7,6,9,3,8,11,8,7,10,0,3,7,10,8,4,9,10,8,7,11,8,8,4,7,2,8,11,4,9,3,9,4,11,8,10,3,5,3,3,9,4,4,10,4,6,9,3,4,8,11,4,3,11,9,11,9,6,9,10,11,4,5,7,11,4,8,6,8,8,7,6,9,10,3,0,3,8,9
4,10,2,8,9,4,11,11,5,6,4,5,9,8,4,2,11,5,7,0,5,5,0,8,7,7,0,8,9,11,10,7,9,4,11,7,2,11,4,5,6,9,10,11,8,5,4,3,10,9,4,8,11,11,9,0,0,7,6,11,5,6,10,7,8,7,9,3,9,10,2,4,8,7,10,4,9,0,9,8,11,2,4,8,11,9,5,10,11,9,8,0,9,9,5,8,3,9,0,5,10,4,10,5,0,9,11,4,6,4,4,10,5,5,11,5,7,10,4,5,9,0,5,4,0,10,0,10,7,10,11,0,5,6,8,0,5,9,7,9,9,8,7,10,11,4,2,4,9,10
5,11,3,9,10,5,0,0,6,7,5,6,10,9,5,3,0,6,8,2,6,6,2,9,8,8,2,9,10,0,11,8,10,5,0,8,3,0,5,6,7,10,11,0,9,6,5,4,11,10,5,9,0,0,10,2,2,8,7,0,6,7,11,8,9,8,10,4,10,11,3,5,9,8,11,5,10,2,10,9,0,3,5,9,0,10,6,11,0,10,9,2,10,10,6,9,4,10,2,6,11,5,11,6,2,10,0,5,7,5,5,11,6,6,0,6,8,11,5,6,10,2,6,5,2,11,2,11,8,11,0,2,6,7,9,2,6,10,8,10,10,9,8,11,0,5,3,5,10,11
6,0,4,10,11,6,2,2,7,8,6,7,11,10,6,4,2,7,9,3,7,7,3,10,9,9,3,10,11,2,0,9,11,6,2,9,4,2,6,7,8,11,0,2,10,7,6,5,0,11,6,10,2,2,11,3,3,9,8,2,7,8,0,9,10,9,11,5,11,0,4,6,10,9,0,6,11,3,11,10,2,4,6,10,2,11,7,0,2,11,10,3,11,11,7,10,5,11,3,7,0,6,0,7,3,11,2,6,8,6,6,0,7,7,2,7,9,0,6,7,11,3,7,6,3,0,3,0,9,0,2,3,7,8,10,3,7,11,9,11,11,10,9,0,2,6,4,6,11,0
7,2,5,11,0,7,3,3,8,9,7,8,0,11,7,5,3,8,10,4,8,8,4,11,10,10,4,11,0,3,2,10,0,7,3,10,5,3,7,8,9,0,2,3,11,8,7,6,2,0,7,11,3,3,0,4,4,10,9,3,8,9,2,10,11,10,0,6,0,2,5,7,11,10,2,7,0,4,0,11,3,5,7,11,3,0,8,2,3,0,11,4,0,0,8,11,6,0,4,8,2,7,2,8,4,0,3,7,9,7,7,2,8,8,3,8,10,2,7,8,0,4,8,7,4,2,4,2,10,2,3,4,8,9,11,4,8,0,10,0,0,11,10,2,3,7,5,7,0,2
8,3,6,0,2,8,4,4,9,10,8,9,2,0,8,6,4,9,11,5,9,9,5,0,11,11,5,0,2,4,3,11,2,8,4,11,6,4,8,9,10,2,3,4,0,9,8,7,3,2,8,0,4,4,2,5,5,11,10,4,9,10,3,11,0,11,2,7,2,3,6,8,0,11,3,8,2,5,2,0,4,6,8,0,4,2,9,3,4,2,0,5,2,2,9,0,7,2,5,9,3,8,3,9,5,2,4,8,10,8,8,3,9,9,4,9,11,3,8,9,2,5,9,8,5,3,5,3,11,3,4,5,9,10,0,5,9,2,11,2,2,0,11,3,4,8,6,8,2,3
9,4,7,2,3,9,5,5,10,11,9,10,3,2,9,7,5,10,0,6,10,10,6,2,0,0,6,2,3,5,4,0,3,9,5,0,7,5,9,10,11,3,4,5,2,10,9,8,4,3,9,2,5,5,3,6,6,0,11,5,10,11,4,0,2,0,3,8,3,4,7,9,2,0,4,9,3,6,3,2,5,7,9,2,5,3,10,4,5,3,2,6,3,3,10,2,8,3,6,10,4,9,4,10,6,3,5,9,11,9,9,4,10,10,5,10,0,4,9,10,3,6,10,9,6,4,6,4,0,4,5,6,10,11,2,6,10,3,0,3,3,2,0,4,5,9,7,9,3,4
10,5,8,3,4,10,6,6,11,0,10,11,4,3,10,8,6,11,2,7,11,11,7,3,2,2,7,3,4,6,5,2,4,10,6,2,8,6,10,11,0,4,5,6,3,11,10,9,5,4,10,3,6,6,4,7,7,2,0,6,11,0,5,2,3,2,4,9,4,5,8,10,3,2,5,10,4,7,4,3,6,8,10,3,6,4,11,5,6,4,3,7,4,4,11,3,9,4,7,11,5,10,5,11,7,4,6,10,0,10,10,5,11,11,6,11,2,5,10,11,4,7,11,10,7,5,7,5,2,5,6,7,11,0,3,7,11,4,2,4,4,3,2,5,6,10,8,10,4,5
11,6,9,4,5,11,7,7,0,2,11,0,5,4,11,9,7,0,3,8,0,0,8,4,3,3,8,4,5,7,6,3,5,11,7,3,9,7,11,0,2,5,6,7,4,0,11,10,6,5,11,4,7,7,5,8,8,3,2,7,0,2,6,3,4,3,5,10,5,6,9,11,4,3,6,11,5,8,5,4,7,9,11,4,7,5,0,6,7,5,4,8,5,5,0,4,10,5,8,0,6,11,6,0,8,5,7,11,2,11,11,6,0,0,7,0,3,6,11,0,5,8,0,11,8,6,8,6,3,6,7,8,0,2,4,8,0,5,3,5,5,4,3,6,7,11,9,11,5,6
0,7,10,5,6,0,8,8,2,3,0,2,6,5,0,10,8,2,4,9,2,2,9,5,4,4,9,5,6,8,7,4,6,0,8,4,10,8,0,2,3,6,7,8,5,2,0,11,7,6,0,5,8,8,6,9,9,4,3,8,2,3,7,4,5,4,6,11,6,7,10,0,5,4,7,0,6,9,6,5,8,10,0,5,8,6,2,7,8,6,5,9,6,6,2,5,11,6,9,2,7,0,7,2,9,6,8,0,3,0,0,7,2,2,8,2,4,7,0,2,6,9,2,0,9,7,9,7,4,7,8,9,2,3,5,9,2,6,4,6,6,5,4,7,8,0,10,0,6,7
2,8,11,6,7,2,9,9,3,4,2,3,7,6,2,11,9,3,5,10,3,3,10,6,5,5,10,6,7,9,8,5,7,2,9,5,11,9,2,3,4,7,8,9,6,3,2,0,8,7,2,6,9,9,7,10,10,5,4,9,3,4,8,5,6,5,7,0,7,8,11,2,6,5,8,2,7,10,7,6,9,11,2,6,9,7,3,8,9,7,6,10,7,7,3,6,0,7,10,3,8,2,8,3,10,7,9,2,4,2,2,8,3,3,9,3,5,8,2,3,7,10,3,2,10,8,10,8,5,8,9,10,3,4,6,10,3,7,5,7,7,6,5,8,9,2,11,2,7,8
3,9,0,7,8,3,10,10,4,5,3,4,8,7,3,0,10,4,6,11,4,4,11,7,6,6,11,7,8,10,9,6,8,3,10,6,0,10,3,4,5,8,9,10,7,4,3,2,9,8,3,7,10,10,8,11,11,6,5,10,4,5,9,6,7,6,8,2,8,9,0,3,7,6,9,3,8,11,8,7,10,0,3,7,10,8,4,9,10,8,7,11,8,8,4,7,2,8,11,4,9,3,9,4,11,8,10,3,5,3,3,9,4,4,10,4,6,9,3,4,8,11,4,3,11,9,11,9,6,9,10,11,4,5,7,11,4,8,6,8,8,7,6,9,10,3,0,3,8,9
4,10,2,8,9,4,11,11,5,6,4,5,9,8,4,2,11,5,7,0,5,5,0,8,7,7,0,8,9,11,10,7,9,4,11,7,2,11,4,5,6,9,10,11,8,5,4,3,10,9,4,8,11,11,9,0,0,7,6,11,5,6,10,7,8,7,9,3,9,10,2,4,8,7,10,4,9,0,9,8,11,2,4,8,11,9,5,10,11,9,8,0,9,9,5,8,3,9,0,5,10,4,10,5,0,9,11,4,6,4,4,10,5,5,11,5,7,10,4,5,9,0,5,4,0,10,0,10,7,10,11,0,5,6,8,0,5,9,7,9,9,8,7,10,11,4,2,4,9,10
5,11,3,9,10,5,0,0,6,7,5,6,10,9,5,3,0,6,8,2,6,6,2,9,8,8,2,9,10,0,11,8,10,5,0,8,3,0,5,6,7,10,11,0,9,6,5,4,11,10,5,9,0,0,10,2,2,8,7,0,6,7,11,8,9,8,10,4,10,11,3,5,9,8,11,5,10,2,10,9,0,3,5,9,0,10,6,11,0,10,9,2,10,10,6,9,4,10,2,6,11,5,11,6,2,10,0,5,7,5,5,11,6,6,0,6,8,11,5,6,10,2,6,5,2,11,2,11,8,11,0,2,6,7,9,2,6,10,8,10,10,9,8,11,0,5,3,5,10,11
6,0,4,10,11,6,2,2,7,8,6,7,11,10,6,4,2,7,9,3,7,7,3,10,9,9,3,10,11,2,0,9,11,6,2,9,4,2,6,7,8,11,0,2,10,7,6,5,0,11,6,10,2,2,11,3,3,9,8,2,7,8,0,9,10,9,11,5,11,0,4,6,10,9,0,6,11,3,11,10,2,4,6,10,2,11,7,0,2,11,10,3,11,11,7,10,5,11,3,7,0,6,0,7,3,11,2,6,8,6,6,0,7,7,2,7,9,0,6,7,11,3,7,6,3,0,3,0,9,0,2,3,7,8,10,3,7,11,9,11,11,10,9,0,2,6,4,6,11,0
7,2,5,11,0,7,3,3,8,9,7,8,0,11,7,5,3,8,10,4,8,8,4,11,10,10,4,11,0,3,2,10,0,7,3,10,5,3,7,8,9,0,2,3,11,8,7,6,2,0,7,11,3,3,0,4,4,10,9,3,8,9,2,10,11,10,0,6,0,2,5,7,11,10,2,7,0,4,0,11,3,5,7,11,3,0,8,2,3,0,11,4,0,0,8,11,6,0,4,8,2,7,2,8,4,0,3,7,9,7,7,2,8,8,3,8,10,2,7,8,0,4,8,7,4,2,4,2,10,2,3,4,8,9,11,4,8,0,10,0,0,11,10,2,3,7,5,7,0,2
8,3,6,0,2,8,4,4,9,10,8,9,2,0,8,6,4,9,11,5,9,9,5,0,11,11,5,0,2,4,3,11,2,8,4,11,6,4,8,9,10,2,3,4,0,9,8,7,3,2,8,0,4,4,2,5,5,11,10,4,9,10,3,11,0,11,2,7,2,3,6,8,0,11,3,8,2,5,2,0,4,6,8,0,4,2,9,3,4,2,0,5,2,2,9,0,7,2,5,9,3,8,3,9,5,2,4,8,10,8,8,3,9,9,4,9,11,3,8,9,2,5,9,8,5,3,5,3,11,3,4,5,9,10,0,5,9,2,11,2,2,0,11,3,4,8,6,8,2,3
9,4,7,2,3,9,5,5,10,11,9,10,3,2,9,7,5,10,0,6,10,10,6,2,0,0,6,2,3,5,4,0,3,9,5,0,7,5,9,10,11,3,4,5,2,10,9,8,4,3,9,2,5,5,3,6,6,0,11,5,10,11,4,0,2,0,3,8,3,4,7,9,2,0,4,9,3,6,3,2,5,7,9,2,5,3,10,4,5,3,2,6,3,3,10,2,8,3,6,10,4,9,4,10,6,3,5,9,11,9,9,4,10,10,5,10,0,4,9,10,3,6,10,9,6,4,6,4,0,4,5,6,10,11,2,6,10,3,0,3,3,2,0,4,5,9,7,9,3,4
10,5,8,3,4,10,6,6,11,0,10,11,4,3,10,8,6,11,2,7,11,11,7,3,2,2,7,3,4,6,5,2,4,10,6,2,8,6,10,11,0,4,5,6,3,11,10,9,5,4,10,3,6,6,4,7,7,2,0,6,11,0,5,2,3,2,4,9,4,5,8,10,3,2,5,10,4,7,4,3,6,8,10,3,6,4,11,5,6,4,3,7,4,4,11,3,9,4,7,11,5,10,5,11,7,4,6,10,0,10,10,5,11,11,6,11,2,5,10,11,4,7,11,10,7,5,7,5,2,5,6,7,11,0,3,7,11,4,2,4,4,3,2,5,6,10,8,10,4,5
11,6,9,4,5,11,7,7,0,2,11,0,5,4,11,9,7,0,3,8,0,0,8,4,3,3,8,4,5,7,6,3,5,11,7,3,9,7,11,0,2,5,6,7,4,0,11,10,6,5,11,4,7,7,5,8,8,3,2,7,0,2,6,3,4,3,5,10,5,6,9,11,4,3,6,11,5,8,5,4,7,9,11,4,7,5,0,6,7,5,4,8,5,5,0,4,10,5,8,0,6,11,6,0,8,5,7,11,2,11,11,6,0,0,7,0,3,6,11,0,5,8,0,11,8,6,8,6,3,6,7,8,0,2,4,8,0,5,3,5,5,4,3,6,7,11,9,11,5,6
0,7,10,5,6,0,8,8,2,3,0,2,6,5,0,10,8,2,4,9,2,2,9,5,4,4,9,5,6,8,7,4,6,0,8,4,10,8,0,2,3,6,7,8,5,2,0,11,7,6,0,5,8,8,6,9,9,4,3,8,2,3,7,4,5,4,6,11,6,7,10,0,5,4,7,0,6,9,6,5,8,10,0,5,8,6,2,7,8,6,5,9,6,6,2,5,11,6,9,2,7,0,7,2,9,6,8,0,3,0,0,7,2,2,8,2,4,7,0,2,6,9,2,0,9,7,9,7,4,7,8,9,2,3,5,9,2,6,4,6,6,5,4,7,8,0,10,0,6,7
2,8,11,6,7,2,9,9,3,4,2,3,7,6,2,11,9,3,5,10,3,3,10,6,5,5,10,6,7,9,8,5,7,2,9,5,11,9,2,3,4,7,8,9,6,3,2,0,8,7,2,6,9,9,7,10,10,5,4,9,3,4,8,5,6,5,7,0,7,8,11,2,6,5,8,2,7,10,7,6,9,11,2,6,9,7,3,8,9,7,6,10,7,7,3,6,0,7,10,3,8,2,8,3,10,7,9,2,4,2,2,8,3,3,9,3,5,8,2,3,7,10,3,2,10,8,10,8,5,8,9,10,3,4,6,10,3,7,5,7,7,6,5,8,9,2,11,2,7,8
3,9,0,7,8,3,10,10,4,5,3,4,8,7,3,0,10,4,6,11,4,4,11,7,6,6,11,7,8,10,9,6,8,3,10,6,0,10,3,4,5,8,9,10,7,4,3,2,9,8,3,7,10,10,8,11,11,6,5,10,4,5,9,6,7,6,8,2,8,9,0,3,7,6,9,3,8,11,8,7,10,0,3,7,10,8,4,9,10,8,7,11,8,8,4,7,2,8,11,4,9,3,9,4,11,8,10,3,5,3,3,9,4,4,10,4,6,9,3,4,8,11,4,3,11,9,11,9,6,9,10,11,4,5,7,11,4,8,6,8,8,7,6,9,10,3,0,3,8,9
4,10,2,8,9,4,11,11,5,6,4,5,9,8,4,2,11,5,7,0,5,5,0,8,7,7,0,8,9,11,10,7,9,4,11,7,2,11,4,5,6,9,10,11,8,5,4,3,10,9,4,8,11,11,9,0,0,7,6,11,5,6,10,7,8,7,9,3,9,10,2,4,8,7,10,4,9,0,9,8,11,2,4,8,11,9,5,10,11,9,8,0,9,9,5,8,3,9,0,5,10,4,10,5,0,9,11,4,6,4,4,10,5,5,11,5,7,10,4,5,9,0,5,4,0,10,0,10,7,10,11,0,5,6,8,0,5,9,7,9,9,8,7,10,11,4,2,4,9,10
5,11,3,9,10,5,0,0,6,7,5,6,10,9,5,3,0,6,8,2,6,6,2,9,8,8,2,9,10,0,11,8,10,5,0,8,3,0,5,6,7,10,11,0,9,6,5,4,11,10,5,9,0,0,10,2,2,8,7,0,6,7,11,8,9,8,10,4,10,11,3,5,9,8,11,5,10,2,10,9,0,3,5,9,0,10,6,11,0,10,9,2,10,10,6,9,4,10,2,6,11,5,11,6,2,10,0,5,7,5,5,11,6,6,0,6,8,11,5,6,10,2,6,5,2,11,2,11,8,11,0,2,6,7,9,2,6,10,8,10,10,9,8,11,0,5,3,5,10,11
6,0,4,10,11,6,2,2,7,8,6,7,11,10,6,4,2,7,9,3,7,7,3,10,9,9,3,10,11,2,0,9,11,6,2,9,4,2,6,7,8,11,0,2,10,7,6,5,0,11,6,10,2,2,11,3,3,9,8,2,7,8,0,9,10,9,11,5,11,0,4,6,10,9,0,6,11,3,11,10,2,4,6,10,2,11,7,0,2,11,10,3,11,11,7,10,5,11,3,7,0,6,0,7,3,11,2,6,8,6,6,0,7,7,2,7,9,0,6,7,11,3,7,6,3,0,3,0,9,0,2,3,7,8,10,3,7,11,9,11,11,10,9,0,2,6,4,6,11,0
7,2,5,11,0,7,3,3,8,9,7,8,0,11,7,5,3,8,10,4,8,8,4,11,10,10,4,11,0,3,2,10,0,7,3,10,5,3,7,8,9,0,2,3,11,8,7,6,2,0,7,11,3,3,0,4,4,10,9,3,8,9,2,10,11,10,0,6,0,2,5,7,11,10,2,7,0,4,0,11,3,5,7,11,3,0,8,2,3,0,11,4,0,0,8,11,6,0,4,8,2,7,2,8,4,0,3,7,9,7,7,2,8,8,3,8,10,2,7,8,0,4,8,7,4,2,4,2,10,2,3,4,8,9,11,4,8,0,10,0,0,11,10,2,3,7,5,7,0,2
8,3,6,0,2,8,4,4,9,10,8,9,2,0,8,6,4,9,11,5,9,9,5,0,11,11,5,0,2,4,3,11,2,8,4,11,6,4,8,9,10,2,3,4,0,9,8,7,3,2,8,0,4,4,2,5,5,11,10,4,9,10,3,11,0,11,2,7,2,3,6,8,0,11,3,8,2,5,2,0,4,6,8,0,4,2,9,3,4,2,0,5,2,2,9,0,7,2,5,9,3,8,3,9,5,2,4,8,10,8,8,3,9,9,4,9,11,3,8,9,2,5,9,8,5,3,5,3,11,3,4,5,9,10,0,5,9,2,11,2,2,0,11,3,4,8,6,8,2,3
9,4,7,2,3,9,5,5,10,11,9,10,3,2,9,7,5,10,0,6,10,10,6,2,0,0,6,2,3,5,4,0,3,9,5,0,7,5,9,10,11,3,4,5,2,10,9,8,4,3,9,2,5,5,3,6,6,0,11,5,10,11,4,0,2,0,3,8,3,4,7,9,2,0,4,9,3,6,3,2,5,7,9,2,5,3,10,4,5,3,2,6,3,3,10,2,8,3,6,10,4,9,4,10,6,3,5,9,11,9,9,4,10,10,5,10,0,4,9,10,3,6,10,9,6,4,6,4,0,4,5,6,10,11,2,6,10,3,0,3,3,2,0,4,5,9,7,9,3,4
10,5,8,3,4,10,6,6,11,0,10,11,4,3,10,8,6,11,2,7,11,11,7,3,2,2,7,3,4,6,5,2,4,10,6,2,8,6,10,11,0,4,5,6,3,11,10,9,5,4,10,3,6,6,4,7,7,2,0,6,11,0,5,2,3,2,4,9,4,5,8,10,3,2,5,10,4,7,4,3,6,8,10,3,6,4,11,5,6,4,3,7,4,4,11,3,9,4,7,11,5,10,5,11,7,4,6,10,0,10,10,5,11,11,6,11,2,5,10,11,4,7,11,10,7,5,7,5,2,5,6,7,11,0,3,7,11,4,2,4,4,3,2,5,6,10,8,10,4,5
11,6,9,4,5,11,7,7,0,2,11,0,5,4,11,9,7,0,3,8,0,0,8,4,3,3,8,4,5,7,6,3,5,11,7,3,9,7,11,0,2,5,6,7,4,0,11,10,6,5,11,4,7,7,5,8,8,3,2,7,0,2,6,3,4,3,5,10,5,6,9,11,4,3,6,11,5,8,5,4,7,9,11,4,7,5,0,6,7,5,4,8,5,5,0,4,10,5,8,0,6,11,6,0,8,5,7,11,2,11,11,6,0,0,7,0,3,6,11,0,5,8,0,11,8,6,8,6,3,6,7,8,0,2,4,8,0,5,3,5,5,4,3,6,7,11,9,11,5,6
0,7,10,5,6,0,8,8,2,3,0,2,6,5,0,10,8,2,4,9,2,2,9,5,4,4,9,5,6,8,7,4,6,0,8,4,10,8,0,2,3,6,7,8,5,2,0,11,7,6,0,5,8,8,6,9,9,4,3,8,2,3,7,4,5,4,6,11,6,7,10,0,5,4,7,0,6,9,6,5,8,10,0,5,8,6,2,7,8,6,5,9,6,6,2,5,11,6,9,2,7,0,7,2,9,6,8,0,3,0,0,7,2,2,8,2,4,7,0,2,6,9,2,0,9,7,9,7,4,7,8,9,2,3,5,9,2,6,4,6,6,5,4,7,8,0,10,0,6,7
2,8,11,6,7,2,9,9,3,4,2,3,7,6,2,11,9,3,5,10,3,3,10,6,5,5,10,6,7,9,8,5,7,2,9,5,11,9,2,3,4,7,8,9,6,3,2,0,8,7,2,6,9,9,7,10,10,5,4,9,3,4,8,5,6,5,7,0,7,8,11,2,6,5,8,2,7,10,7,6,9,11,2,6,9,7,3,8,9,7,6,10,7,7,3,6,0,7,10,3,8,2,8,3,10,7,9,2,4,2,2,8,3,3,9,3,5,8,2,3,7,10,3,2,10,8,10,8,5,8,9,10,3,4,6,10,3,7,5,7,7,6,5,8,9,2,11,2,7,8
3,9,0,7,8,3,10,10,4,5,3,4,8,7,3,0,10,4,6,11,4,4,11,7,6,6,11,7,8,10,9,6,8,3,10,6,0,10,3,4,5,8,9,10,7,4,3,2,9,8,3,7,10,10,8,11,11,6,5,10,4,5,9,6,7,6,8,2,8,9,0,3,7,6,9,3,8,11,8,7,10,0,3,7,10,8,4,9,10,8,7,11,8,8,4,7,2,8,11,4,9,3,9,4,11,8,10,3,5,3,3,9,4,4,10,4,6,9,3,4,8,11,4,3,11,9,11,9,6,9,10,11,4,5,7,11,4,8,6,8,8,7,6,9,10,3,0,3,8,9
4,10,2,8,9,4,11,11,5,6,4,5,9,8,4,2,11,5,7,0,5,5,0,8,7,7,0,8,9,11,10,7,9,4,11,7,2,11,4,5,6,9,10,11,8,5,4,3,10,9,4,8,11,11,9,0,0,7,6,11,5,6,10,7,8,7,9,3,9,10,2,4,8,7,10,4,9,0,9,8,11,2,4,8,11,9,5,10,11,9,8,0,9,9,5,8,3,9,0,5,10,4,10,5,0,9,11,4,6,4,4,10,5,5,11,5,7,10,4,5,9,0,5,4,0,10,0,10,7,10,11,0,5,6,8,0,5,9,7,9,9,8,7,10,11,4,2,4,9,10
5,11,3,9,10,5,0,0,6,7,5,6,10,9,5,3,0,6,8,2,6,6,2,9,8,8,2,9,10,0,11,8,10,5,0,8,3,0,5,6,7,10,11,0,9,6,5,4,11,10,5,9,0,0,10,2,2,8,7,0,6,7,11,8,9,8,10,4,10,11,3,5,9,8,11,5,10,2,10,9,0,3,5,9,0,10,6,11,0,10,9,2,10,10,6,9,4,10,2,6,11,5,11,6,2,10,0,5,7,5,5,11,6,6,0,6,8,11,5,6,10,2,6,5,2,11,2,11,8,11,0,2,6,7,9,2,6,10,8,10,10,9,8,11,0,5,3,5,10,11
6,0,4,10,11,6,2,2,7,8,6,7,11,10,6,4,2,7,9,3,7,7,3,10,9,9,3,10,11,2,0,9,11,6,2,9,4,2,6,7,8,11,0,2,10,7,6,5,0,11,6,10,2,2,11,3,3,9,8,2,7,8,0,9,10,9,11,5,11,0,4,6,10,9,0,6,11,3,11,10,2,4,6,10,2,11,7,0,2,11,10,3,11,11,7,10,5,11,3,7,0,6,0,7,3,11,2,6,8,6,6,0,7,7,2,7,9,0,6,7,11,3,7,6,3,0,3,0,9,0,2,3,7,8,10,3,7,11,9,11,11,10,9,0,2,6,4,6,11,0
7,2,5,11,0,7,3,3,8,9,7,8,0,11,7,5,3,8,10,4,8,8,4,11,10,10,4,11,0,3,2,10,0,7,3,10,5,3,7,8,9,0,2,3,11,8,7,6,2,0,7,11,3,3,0,4,4,10,9,3,8,9,2,10,11,10,0,6,0,2,5,7,11,10,2,7,0,4,0,11,3,5,7,11,3,0,8,2,3,0,11,4,0,0,8,11,6,0,4,8,2,7,2,8,4,0,3,7,9,7,7,2,8,8,3,8,10,2,7,8,0,4,8,7,4,2,4,2,10,2,3,4,8,9,11,4,8,0,10,0,0,11,10,2,3,7,5,7,0,2
8,3,6,0,2,8,4,4,9,10,8,9,2,0,8,6,4,9,11,5,9,9,5,0,11,11,5,0,2,4,3,11,2,8,4,11,6,4,8,9,10,2,3,4,0,9,8,7,3,2,8,0,4,4,2,5,5,11,10,4,9,10,3,11,0,11,2,7,2,3,6,8,0,11,3,8,2,5,2,0,4,6,8,0,4,2,9,3,4,2,0,5,2,2,9,0,7,2,5,9,3,8,3,9,5,2,4,8,10,8,8,3,9,9,4,9,11,3,8,9,2,5,9,8,5,3,5,3,11,3,4,5,9,10,0,5,9,2,11,2,2,0,11,3,4,8,6,8,2,3
9,4,7,2,3,9,5,5,10,11,9,10,3,2,9,7,5,10,0,6,10,10,6,2,0,0,6,2,3,5,4,0,3,9,5,0,7,5,9,10,11,3,4,5,2,10,9,8,4,3,9,2,5,5,3,6,6,0,11,5,10,11,4,0,2,0,3,8,3,4,7,9,2,0,4,9,3,6,3,2,5,7,9,2,5,3,10,4,5,3,2,6,3,3,10,2,8,3,6,10,4,9,4,10,6,3,5,9,11,9,9,4,10,10,5,10,0,4,9,10,3,6,10,9,6,4,6,4,0,4,5,6,10,11,2,6,10,3,0,3,3,2,0,4,5,9,7,9,3,4
10,5,8,3,4,10,6,6,11,0,10,11,4,3,10,8,6,11,2,7,11,11,7,3,2,2,7,3,4,6,5,2,4,10,6,2,8,6,10,11,0,4,5,6,3,11,10,9,5,4,10,3,6,6,4,7,7,2,0,6,11,0,5,2,3,2,4,9,4,5,8,10,3,2,5,10,4,7,4,3,6,8,10,3,6,4,11,5,6,4,3,7,4,4,11,3,9,4,7,11,5,10,5,11,7,4,6,10,0,10,10,5,11,11,6,11,2,5,10,11,4,7,11,10,7,5,7,5,2,5,6,7,11,0,3,7,11,4,2,4,4,3,2,5,6,10,8,10,4,5
11,6,9,4,5,11,7,7,0,2,11,0,5,4,11,9,7,0,3,8,0,0,8,4,3,3,8,4,5,7,6,3,5,11,7,3,9,7,11,0,2,5,6,7,4,0,11,10,6,5,11,4,7,7,5,8,8,3,2,7,0,2,6,3,4,3,5,10,5,6,9,11,4,3,6,11,5,8,5,4,7,9,11,4,7,5,0,6,7,5,4,8,5,5,0,4,10,5,8,0,6,11,6,0,8,5,7,11,2,11,11,6,0,0,7,0,3,6,11,0,5,8,0,11,8,6,8,6,3,6,7,8,0,2,4,8,0,5,3,5,5,4,3,6,7,11,9,11,5,6
0,7,10,5,6,0,8,8,2,3,0,2,6,5,0,10,8,2,4,9,2,2,9,5,4,4,9,5,6,8,7,4,6,0,8,4,10,8,0,2,3,6,7,8,5,2,0,11,7,6,0,5,8,8,6,9,9,4,3,8,2,3,7,4,5,4,6,11,6,7,10,0,5,4,7,0,6,9,6,5,8,10,0,5,8,6,2,7,8,6,5,9,6,6,2,5,11,6,9,2,7,0,7,2,9,6,8,0,3,0,0,7,2,2,8,2,4,7,0,2,6,9,2,0,9,7,9,7,4,7,8,9,2,3,5,9,2,6,4,6,6,5,4,7,8,0,10,0,6,7
2,8,11,6,7,2,9,9,3,4,2,3,7,6,2,11,9,3,5,10,3,3,10,6,5,5,10,6,7,9,8,5,7,2,9,5,11,9,2,3,4,7,8,9,6,3,2,0,8,7,2,6,9,9,7,10,10,5,4,9,3,4,8,5,6,5,7,0,7,8,11,2,6,5,8,2,7,10,7,6,9,11,2,6,9,7,3,8,9,7,6,10,7,7,3,6,0,7,10,3,8,2,8,3,10,7,9,2,4,2,2,8,3,3,9,3,5,8,2,3,7,10,3,2,10,8,10,8,5,8,9,10,3,4,6,10,3,7,5,7,7,6,5,8,9,2,11,2,7,8
3,9,0,7,8,3,10,10,4,5,3,4,8,7,3,0,10,4,6,11,4,4,11,7,6,6,11,7,8,10,9,6,8,3,10,6,0,10,3,4,5,8,9,10,7,4,3,2,9,8,3,7,10,10,8,11,11,6,5,10,4,5,9,6,7,6,8,2,8,9,0,3,7,6,9,3,8,11,8,7,10,0,3,7,10,8,4,9,10,8,7,11,8,8,4,7,2,8,11,4,9,3,9,4,11,8,10,3,5,3,3,9,4,4,10,4,6,9,3,4,8,11,4,3,11,9,11,9,6,9,10,11,4,5,7,11,4,8,6,8,8,7,6,9,10,3,0,3,8,9
4,10,2,8,9,4,11,11,5,6,4,5,9,8,4,2,11,5,7,0,5,5,0,8,7,7,0,8,9,11,10,7,9,4,11,7,2,11,4,5,6,9,10,11,8,5,4,3,10,9,4,8,11,11,9,0,0,7,6,11,5,6,10,7,8,7,9,3,9,10,2,4,8,7,10,4,9,0,9,8,11,2,4,8,11,9,5,10,11,9,8,0,9,9,5,8,3,9,0,5,10,4,10,5,0,9,11,4,6,4,4,10,5,5,11,5,7,10,4,5,9,0,5,4,0,10,0,10,7,10,11,0,5,6,8,0,5,9,7,9,9,8,7,10,11,4,2,4,9,10
5,11,3,9,10,5,0,0,6,7,5,6,10,9,5,3,0,6,8,2,6,6,2,9,8,8,2,9,10,0,11,8,10,5,0,8,3,0,5,6,7,10,11,0,9,6,5,4,11,10,5,9,0,0,10,2,2,8,7,0,6,7,11,8,9,8,10,4,10,11,3,5,9,8,11,5,10,2,10,9,0,3,5,9,0,10,6,11,0,10,9,2,10,10,6,9,4,10,2,6,11,5,11,6,2,10,0,5,7,5,5,11,6,6,0,6,8,11,5,6,10,2,6,5,2,11,2,11,8,11,0,2,6,7,9,2,6,10,8,10,10,9,8,11,0,5,3,5,10,11
6,0,4,10,11,6,2,2,7,8,6,7,11,10,6,4,2,7,9,3,7,7,3,10,9,9,3,10,11,2,0,9,11,6,2,9,4,2,6,7,8,11,0,2,10,7,6,5,0,11,6,10,2,2,11,3,3,9,8,2,7,8,0,9,10,9,11,5,11,0,4,6,10,9,0,6,11,3,11,10,2,4,6,10,2,11,7,0,2,11,10,3,11,11,7,10,5,11,3,7,0,6,0,7,3,11,2,6,8,6,6,0,7,7,2,7,9,0,6,7,11,3,7,6,3,0,3,0,9,0,2,3,7,8,10,3,7,11,9,11,11,10,9,0,2,6,4,6,11,0
7,2,5,11,0,7,3,3,8,9,7,8,0,11,7,5,3,8,10,4,8,8,4,11,10,10,4,11,0,3,2,10,0,7,3,10,5,3,7,8,9,0,2,3,11,8,7,6,2,0,7,11,3,3,0,4,4,10,9,3,8,9,2,10,11,10,0,6,0,2,5,7,11,10,2,7,0,4,0,11,3,5,7,11,3,0,8,2,3,0,11,4,0,0,8,11,6,0,4,8,2,7,2,8,4,0,3,7,9,7,7,2,8,8,3,8,10,2,7,8,0,4,8,7,4,2,4,2,10,2,3,4,8,9,11,4,8,0,10,0,0,11,10,2,3,7,5,7,0,2
8,3,6,0,2,8,4,4,9,10,8,9,2,0,8,6,4,9,11,5,9,9,5,0,11,11,5,0,2,4,3,11,2,8,4,11,6,4,8,9,10,2,3,4,0,9,8,7,3,2,8,0,4,4,2,5,5,11,10,4,9,10,3,11,0,11,2,7,2,3,6,8,0,11,3,8,2,5,2,0,4,6,8,0,4,2,9,3,4,2,0,5,2,2,9,0,7,2,5,9,3,8,3,9,5,2,4,8,10,8,8,3,9,9,4,9,11,3,8,9,2,5,9,8,5,3,5,3,11,3,4,5,9,10,0,5,9,2,11,2,2,0,11,3,4,8,6,8,2,3
9,4,7,2,3,9,5,5,10,11,9,10,3,2,9,7,5,10,0,6,10,10,6,2,0,0,6,2,3,5,4,0,3,9,5,0,7,5,9,10,11,3,4,5,2,10,9,8,4,3,9,2,5,5,3,6,6,0,11,5,10,11,4,0,2,0,3,8,3,4,7,9,2,0,4,9,3,6,3,2,5,7,9,2,5,3,10,4,5,3,2,6,3,3,10,2,8,3,6,10,4,9,4,10,6,3,5,9,11,9,9,4,10,10,5,10,0,4,9,10,3,6,10,9,6,4,6,4,0,4,5,6,10,11,2,6,10,3,0,3,3,2,0,4,5,9,7,9,3,4
10,5,8,3,4,10,6,6,11,0,10,11,4,3,10,8,6,11,2,7,11,11,7,3,2,2,7,3,4,6,5,2,4,10,6,2,8,6,10,11,0,4,5,6,3,11,10,9,5,4,10,3,6,6,4,7,7,2,0,6,11,0,5,2,3,2,4,9,4,5,8,10,3,2,5,10,4,7,4,3,6,8,10,3,6,4,11,5,6,4,3,7,4,4,11,3,9,4,7,11,5,10,5,11,7,4,6,10,0,10,10,5,11,11,6,11,2,5,10,11,4,7,11,10,7,5,7,5,2,5,6,7,11,0,3,7,11,4,2,4,4,3,2,5,6,10,8,10,4,5
11,6,9,4,5,11,7,7,0,2,11,0,5,4,11,9,7,0,3,8,0,0,8,4,3,3,8,4,5,7,6,3,5,11,7,3,9,7,11,0,2,5,6,7,4,0,11,10,6,5,11,4,7,7,5,8,8,3,2,7,0,2,6,3,4,3,5,10,5,6,9,11,4,3,6,11,5,8,5,4,7,9,11,4,7,5,0,6,7,5,4,8,5,5,0,4,10,5,8,0,6,11,6,0,8,5,7,11,2,11,11,6,0,0,7,0,3,6,11,0,5,8,0,11,8,6,8,6,3,6,7,8,0,2,4,8,0,5,3,5,5,4,3,6,7,11,9,11,5,6
0,7,10,5,6,0,8,8,2,3,0,2,6,5,0,10,8,2,4,9,2,2,9,5,4,4,9,5,6,8,7,4,6,0,8,4,10,8,0,2,3,6,7,8,5,2,0,11,7,6,0,5,8,8,6,9,9,4,3,8,2,3,7,4,5,4,6,11,6,7,10,0,5,4,7,0,6,9,6,5,8,10,0,5,8,6,2,7,8,6,5,9,6,6,2,5,11,6,9,2,7,0,7,2,9,6,8,0,3,0,0,7,2,2,8,2,4,7,0,2,6,9,2,0,9,7,9,7,4,7,8,9,2,3,5,9,2,6,4,6,6,5,4,7,8,0,10,0,6,7
2,8,11,6,7,2,9,9,3,4,2,3,7,6,2,11,9,3,5,10,3,3,10,6,5,5,10,6,7,9,8,5,7,2,9,5,11,9,2,3,4,7,8,9,6,3,2,0,8,7,2,6,9,9,7,10,10,5,4,9,3,4,8,5,6,5,7,0,7,8,11,2,6,5,8,2,7,10,7,6,9,11,2,6,9,7,3,8,9,7,6,10,7,7,3,6,0,7,10,3,8,2,8,3,10,7,9,2,4,2,2,8,3,3,9,3,5,8,2,3,7,10,3,2,10,8,10,8,5,8,9,10,3,4,6,10,3,7,5,7,7,6,5,8,9,2,11,2,7,8
3,9,0,7,8,3,10,10,4,5,3,4,8,7,3,0,10,4,6,11,4,4,11,7,6,6,11,7,8,10,9,6,8,3,10,6,0,10,3,4,5,8,9,10,7,4,3,2,9,8,3,7,10,10,8,11,11,6,5,10,4,5,9,6,7,6,8,2,8,9,0,3,7,6,9,3,8,11,8,7,10,0,3,7,10,8,4,9,10,8,7,11,8,8,4,7,2,8,11,4,9,3,9,4,11,8,10,3,5,3,3,9,4,4,10,4,6,9,3,4,8,11,4,3,11,9,11,9,6,9,10,11,4,5,7,11,4,8,6,8,8,7,6,9,10,3,0,3,8,9
4,10,2,8,9,4,11,11,5,6,4,5,9,8,4,2,11,5,7,0,5,5,0,8,7,7,0,8,9,11,10,7,9,4,11,7,2,11,4,5,6,9,10,11,8,5,4,3,10,9,4,8,11,11,9,0,0,7,6,11,5,6,10,7,8,7,9,3,9,10,2,4,8,7,10,4,9,0,9,8,11,2,4,8,11,9,5,10,11,9,8,0,9,9,5,8,3,9,0,5,10,4,10,5,0,9,11,4,6,4,4,10,5,5,11,5,7,10,4,5,9,0,5,4,0,10,0,10,7,10,11,0,5,6,8,0,5,9,7,9,9,8,7,10,11,4,2,4,9,10
5,11,3,9,10,5,0,0,6,7,5,6,10,9,5,3,0,6,8,2,6,6,2,9,8,8,2,9,10,0,11,8,10,5,0,8,3,0,5,6,7,10,11,0,9,6,5,4,11,10,5,9,0,0,10,2,2,8,7,0,6,7,11,8,9,8,10,4,10,11,3,5,9,8,11,5,10,2,10,9,0,3,5,9,0,10,6,11,0,10,9,2,10,10,6,9,4,10,2,6,11,5,11,6,2,10,0,5,7,5,5,11,6,6,0,6,8,11,5,6,10,2,6,5,2,11,2,11,8,11,0,2,6,7,9,2,6,10,8,10,10,9,8,11,0,5,3,5,10,11
6,0,4,10,11,6,2,2,7,8,6,7,11,10,6,4,2,7,9,3,7,7,3,10,9,9,3,10,11,2,0,9,11,6,2,9,4,2,6,7,8,11,0,2,10,7,6,5,0,11,6,10,2,2,11,3,3,9,8,2,7,8,0,9,10,9,11,5,11,0,4,6,10,9,0,6,11,3,11,10,2,4,6,10,2,11,7,0,2,11,10,3,11,11,7,10,5,11,3,7,0,6,0,7,3,11,2,6,8,6,6,0,7,7,2,7,9,0,6,7,11,3,7,6,3,0,3,0,9,0,2,3,7,8,10,3,7,11,9,11,11,10,9,0,2,6,4,6,11,0
7,2,5,11,0,7,3,3,8,9,7,8,0,11,7,5,3,8,10,4,8,8,4,11,10,10,4,11,0,3,2,10,0,7,3,10,5,3,7,8,9,0,2,3,11,8,7,6,2,0,7,11,3,3,0,4,4,10,9,3,8,9,2,10,11,10,0,6,0,2,5,7,11,10,2,7,0,4,0,11,3,5,7,11,3,0,8,2,3,0,11,4,0,0,8,11,6,0,4,8,2,7,2,8,4,0,3,7,9,7,7,2,8,8,3,8,10,2,7,8,0,4,8,7,4,2,4,2,10,2,3,4,8,9,11,4,8,0,10,0,0,11,10,2,3,7,5,7,0,2
8,3,6,0,2,8,4,4,9,10,8,9,2,0,8,6,4,9,11,5,9,9,5,0,11,11,5,0,2,4,3,11,2,8,4,11,6,4,8,9,10,2,3,4,0,9,8,7,3,2,8,0,4,4,2,5,5,11,10,4,9,10,3,11,0,11,2,7,2,3,6,8,0,11,3,8,2,5,2,0,4,6,8,0,4,2,9,3,4,2,0,5,2,2,9,0,7,2,5,9,3,8,3,9,5,2,4,8,10,8,8,3,9,9,4,9,11,3,8,9,2,5,9,8,5,3,5,3,11,3,4,5,9,10,0,5,9,2,11,2,2,0,11,3,4,8,6,8,2,3
9,4,7,2,3,9,5,5,10,11,9,10,3,2,9,7,5,10,0,6,10,10,6,2,0,0,6,2,3,5,4,0,3,9,5,0,7,5,9,10,11,3,4,5,2,10,9,8,4,3,9,2,5,5,3,6,6,0,11,5,10,11,4,0,2,0,3,8,3,4,7,9,2,0,4,9,3,6,3,2,5,7,9,2,5,3,10,4,5,3,2,6,3,3,10,2,8,3,6,10,4,9,4,10,6,3,5,9,11,9,9,4,10,10,5,10,0,4,9,10,3,6,10,9,6,4,6,4,0,4,5,6,10,11,2,6,10,3,0,3,3,2,0,4,5,9,7,9,3,4
10,5,8,3,4,10,6,6,11,0,10,11,4,3,10,8,6,11,2,7,11,11,7,3,2,2,7,3,4,6,5,2,4,10,6,2,8,6,10,11,0,4,5,6,3,11,10,9,5,4,10,3,6,6,4,7,7,2,0,6,11,0,5,2,3,2,4,9,4,5,8,10,3,2,5,10,4,7,4,3,6,8,10,3,6,4,11,5,6,4,3,7,4,4,11,3,9,4,7,11,5,10,5,11,7,4,6,10,0,10,10,5,11,11,6,11,2,5,10,11,4,7,11,10,7,5,7,5,2,5,6,7,11,0,3,7,11,4,2,4,4,3,2,5,6,10,8,10,4,5
11,6,9,4,5,11,7,7,0,2,11,0,5,4,11,9,7,0,3,8,0,0,8,4,3,3,8,4,5,7,6,3,5,11,7,3,9,7,11,0,2,5,6,7,4,0,11,10,6,5,11,4,7,7,5,8,8,3,2,7,0,2,6,3,4,3,5,10,5,6,9,11,4,3,6,11,5,8,5,4,7,9,11,4,7,5,0,6,7,5,4,8,5,5,0,4,10,5,8,0,6,11,6,0,8,5,7,11,2,11,11,6,0,0,7,0,3,6,11,0,5,8,0,11,8,6,8,6,3,6,7,8,0,2,4,8,0,5,3,5,5,4,3,6,7,11,9,11,5,6
0,7,10,5,6,0,8,8,2,3,0,2,6,5,0,10,8,2,4,9,2,2,9,5,4,4,9,5,6,8,7,4,6,0,8,4,10,8,0,2,3,6,7,8,5,2,0,11,7,6,0,5,8,8,6,9,9,4,3,8,2,3,7,4,5,4,6,11,6,7,10,0,5,4,7,0,6,9,6,5,8,10,0,5,8,6,2,7,8,6,5,9,6,6,2,5,11,6,9,2,7,0,7,2,9,6,8,0,3,0,0,7,2,2,8,2,4,7,0,2,6,9,2,0,9,7,9,7,4,7,8,9,2,3,5,9,2,6,4,6,6,5,4,7,8,0,10,0,6,7
2,8,11,6,7,2,9,9,3,4,2,3,7,6,2,11,9,3,5,10,3,3,10,6,5,5,10,6,7,9,8,5,7,2,9,5,11,9,2,3,4,7,8,9,6,3,2,0,8,7,2,6,9,9,7,10,10,5,4,9,3,4,8,5,6,5,7,0,7,8,11,2,6,5,8,2,7,10,7,6,9,11,2,6,9,7,3,8,9,7,6,10,7,7,3,6,0,7,10,3,8,2,8,3,10,7,9,2,4,2,2,8,3,3,9,3,5,8,2,3,7,10,3,2,10,8,10,8,5,8,9,10,3,4,6,10,3,7,5,7,7,6,5,8,9,2,11,2,7,8
3,9,0,7,8,3,10,10,4,5,3,4,8,7,3,0,10,4,6,11,4,4,11,7,6,6,11,7,8,10,9,6,8,3,10,6,0,10,3,4,5,8,9,10,7,4,3,2,9,8,3,7,10,10,8,11,11,6,5,10,4,5,9,6,7,6,8,2,8,9,0,3,7,6,9,3,8,11,8,7,10,0,3,7,10,8,4,9,10,8,7,11,8,8,4,7,2,8,11,4,9,3,9,4,11,8,10,3,5,3,3,9,4,4,10,4,6,9,3,4,8,11,4,3,11,9,11,9,6,9,10,11,4,5,7,11,4,8,6,8,8,7,6,9,10,3,0,3,8,9
4,10,2,8,9,4,11,11,5,6,4,5,9,8,4,2,11,5,7,0,5,5,0,8,7,7,0,8,9,11,10,7,9,4,11,7,2,11,4,5,6,9,10,11,8,5,4,3,10,9,4,8,11,11,9,0,0,7,6,11,5,6,10,7,8,7,9,3,9,10,2,4,8,7,10,4,9,0,9,8,11,2,4,8,11,9,5,10,11,9,8,0,9,9,5,8,3,9,0,5,10,4,10,5,0,9,11,4,6,4,4,10,5,5,11,5,7,10,4,5,9,0,5,4,0,10,0,10,7,10,11,0,5,6,8,0,5,9,7,9,9,8,7,10,11,4,2,4,9,10
5,11,3,9,10,5,0,0,6,7,5,6,10,9,5,3,0,6,8,2,6,6,2,9,8,8,2,9,10,0,11,8,10,5,0,8,3,0,5,6,7,10,11,0,9,6,5,4,11,10,5,9,0,0,10,2,2,8,7,0,6,7,11,8,9,8,10,4,10,11,3,5,9,8,11,5,10,2,10,9,0,3,5,9,0,10,6,11,0,10,9,2,10,10,6,9,4,10,2,6,11,5,11,6,2,10,0,5,7,5,5,11,6,6,0,6,8,11,5,6,10,2,6,5,2,11,2,11,8,11,0,2,6,7,9,2,6,10,8,10,10,9,8,11,0,5,3,5,10,11
6,0,4,10,11,6,2,2,7,8,6,7,11,10,6,4,2,7,9,3,7,7,3,10,9,9,3,10,11,2,0,9,11,6,2,9,4,2,6,7,8,11,0,2,10,7,6,5,0,11,6,10,2,2,11,3,3,9,8,2,7,8,0,9,10,9,11,5,11,0,4,6,10,9,0,6,11,3,11,10,2,4,6,10,2,11,7,0,2,11,10,3,11,11,7,10,5,11,3,7,0,6,0,7,3,11,2,6,8,6,6,0,7,7,2,7,9,0,6,7,11,3,7,6,3,0,3,0,9,0,2,3,7,8,10,3,7,11,9,11,11,10,9,0,2,6,4,6,11,0
7,2,5,11,0,7,3,3,8,9,7,8,0,11,7,5,3,8,10,4,8,8,4,11,10,10,4,11,0,3,2,10,0,7,3,10,5,3,7,8,9,0,2,3,11,8,7,6,2,0,7,11,3,3,0,4,4,10,9,3,8,9,2,10,11,10,0,6,0,2,5,7,11,10,2,7,0,4,0,11,3,5,7,11,3,0,8,2,3,0,11,4,0,0,8,11,6,0,4,8,2,7,2,8,4,0,3,7,9,7,7,2,8,8,3,8,10,2,7,8,0,4,8,7,4,2,4,2,10,2,3,4,8,9,11,4,8,0,10,0,0,11,10,2,3,7,5,7,0,2
8,3,6,0,2,8,4,4,9,10,8,9,2,0,8,6,4,9,11,5,9,9,5,0,11,11,5,0,2,4,3,11,2,8,4,11,6,4,8,9,10,2,3,4,0,9,8,7,3,2,8,0,4,4,2,5,5,11,10,4,9,10,3,11,0,11,2,7,2,3,6,8,0,11,3,8,2,5,2,0,4,6,8,0,4,2,9,3,4,2,0,5,2,2,9,0,7,2,5,9,3,8,3,9,5,2,4,8,10,8,8,3,9,9,4,9,11,3,8,9,2,5,9,8,5,3,5,3,11,3,4,5,9,10,0,5,9,2,11,2,2,0,11,3,4,8,6,8,2,3
9,4,7,2,3,9,5,5,10,11,9,10,3,2,9,7,5,10,0,6,10,10,6,2,0,0,6,2,3,5,4,0,3,9,5,0,7,5,9,10,11,3,4,5,2,10,9,8,4,3,9,2,5,5,3,6,6,0,11,5,10,11,4,0,2,0,3,8,3,4,7,9,2,0,4,9,3,6,3,2,5,7,9,2,5,3,10,4,5,3,2,6,3,3,10,2,8,3,6,10,4,9,4,10,6,3,5,9,11,9,9,4,10,10,5,10,0,4,9,10,3,6,10,9,6,4,6,4,0,4,5,6,10,11,2,6,10,3,0,3,3,2,0,4,5,9,7,9,3,4
10,5,8,3,4,10,6,6,11,0,10,11,4,3,10,8,6,11,2,7,11,11,7,3,2,2,7,3,4,6,5,2,4,10,6,2,8,6,10,11,0,4,5,6,3,11,10,9,5,4,10,3,6,6,4,7,7,2,0,6,11,0,5,2,3,2,4,9,4,5,8,10,3,2,5,10,4,7,4,3,6,8,10,3,6,4,11,5,6,4,3,7,4,4,11,3,9,4,7,11,5,10,5,11,7,4,6,10,0,10,10,5,11,11,6,11,2,5,10,11,4,7,11,10,7,5,7,5,2,5,6,7,11,0,3,7,11,4,2,4,4,3,2,5,6,10,8,10,4,5
11,6,9,4,5,11,7,7,0,2,11,0,5,4,11,9,7,0,3,8,0,0,8,4,3,3,8,4,5,7,6,3,5,11,7,3,9,7,11,0,2,5,6,7,4,0,11,10,6,5,11,4,7,7,5,8,8,3,2,7,0,2,6,3,4,3,5,10,5,6,9,11,4,3,6,11,5,8,5,4,7,9,11,4,7,5,0,6,7,5,4,8,5,5,0,4,10,5,8,0,6,11,6,0,8,5,7,11,2,11,11,6,0,0,7,0,3,6,11,0,5,8,0,11,8,6,8,6,3,6,7,8,0,2,4,8,0,5,3,5,5,4,3,6,7,11,9,11,5,6
0,7,10,5,6,0,8,8,2,3,0,2,6,5,0,10,8,2,4,9,2,2,9,5,4,4,9,5,6,8,7,4,6,0,8,4,10,8,0,2,3,6,7,8,5,2,0,11,7,6,0,5,8,8,6,9,9,4,3,8,2,3,7,4,5,4,6,11,6,7,10,0,5,4,7,0,6,9,6,5,8,10,0,5,8,6,2,7,8,6,5,9,6,6,2,5,11,6,9,2,7,0,7,2,9,6,8,0,3,0,0,7,2,2,8,2,4,7,0,2,6,9,2,0,9,7,9,7,4,7,8,9,2,3,5,9,2,6,4,6,6,5,4,7,8,0,10,0,6,7
2,8,11,6,7,2,9,9,3,4,2,3,7,6,2,11,9,3,5,10,3,3,10,6,5,5,10,6,7,9,8,5,7,2,9,5,11,9,2,3,4,7,8,9,6,3,2,0,8,7,2,6,9,9,7,10,10,5,4,9,3,4,8,5,6,5,7,0,7,8,11,2,6,5,8,2,7,10,7,6,9,11,2,6,9,7,3,8,9,7,6,10,7,7,3,6,0,7,10,3,8,2,8,3,10,7,9,2,4,2,2,8,3,3,9,3,5,8,2,3,7,10,3,2,10,8,10,8,5,8,9,10,3,4,6,10,3,7,5,7,7,6,5,8,9,2,11,2,7,8
3,9,0,7,8,3,10,10,4,5,3,4,8,7,3,0,10,4,6,11,4,4,11,7,6,6,11,7,8,10,9,6,8,3,10,6,0,10,3,4,5,8,9,10,7,4,3,2,9,8,3,7,10,10,8,11,11,6,5,10,4,5,9,6,7,6,8,2,8,9,0,3,7,6,9,3,8,11,8,7,10,0,3,7,10,8,4,9,10,8,7,11,8,8,4,7,2,8,11,4,9,3,9,4,11,8,10,3,5,3,3,9,4,4,10,4,6,9,3,4,8,11,4,3,11,9,11,9,6,9,10,11,4,5,7,11,4,8,6,8,8,7,6,9,10,3,0,3,8,9
4,10,2,8,9,4,11,11,5,6,4,5,9,8,4,2,11,5,7,0,5,5,0,8,7,7,0,8,9,11,10,7,9,4,11,7,2,11,4,5,6,9,10,11,8,5,4,3,10,9,4,8,11,11,9,0,0,7,6,11,5,6,10,7,8,7,9,3,9,10,2,4,8,7,10,4,9,0,9,8,11,2,4,8,11,9,5,10,11,9,8,0,9,9,5,8,3,9,0,5,10,4,10,5,0,9,11,4,6,4,4,10,5,5,11,5,7,10,4,5,9,0,5,4,0,10,0,10,7,10,11,0,5,6,8,0,5,9,7,9,9,8,7,10,11,4,2,4,9,10
5,11,3,9,10,5,0,0,6,7,5,6,10,9,5,3,0,6,8,2,6,6,2,9,8,8,2,9,10,0,11,8,10,5,0,8,3,0,5,6,7,10,11,0,9,6,5,4,11,10,5,9,0,0,10,2,2,8,7,0,6,7,11,8,9,8,10,4,10,11,3,5,9,8,11,5,10,2,10,9,0,3,5,9,0,10,6,11,0,10,9,2,10,10,6,9,4,10,2,6,11,5,11,6,2,10,0,5,7,5,5,11,6,6,0,6,8,11,5,6,10,2,6,5,2,11,2,11,8,11,0,2,6,7,9,2,6,10,8,10,10,9,8,11,0,5,3,5,10,11
6,0,4,10,11,6,2,2,7,8,6,7,11,10,6,4,2,7,9,3,7,7,3,10,9,9,3,10,11,2,0,9,11,6,2,9,4,2,6,7,8,11,0,2,10,7,6,5,0,11,6,10,2,2,11,3,3,9,8,2,7,8,0,9,10,9,11,5,11,0,4,6,10,9,0,6,11,3,11,10,2,4,6,10,2,11,7,0,2,11,10,3,11,11,7,10,5,11,3,7,0,6,0,7,3,11,2,6,8,6,6,0,7,7,2,7,9,0,6,7,11,3,7,6,3,0,3,0,9,0,2,3,7,8,10,3,7,11,9,11,11,10,9,0,2,6,4,6,11,0
7,2,5,11,0,7,3,3,8,9,7,8,0,11,7,5,3,8,10,4,8,8,4,11,10,10,4,11,0,3,2,10,0,7,3,10,5,3,7,8,9,0,2,3,11,8,7,6,2,0,7,11,3,3,0,4,4,10,9,3,8,9,2,10,11,10,0,6,0,2,5,7,11,10,2,7,0,4,0,11,3,5,7,11,3,0,8,2,3,0,11,4,0,0,8,11,6,0,4,8,2,7,2,8,4,0,3,7,9,7,7,2,8,8,3,8,10,2,7,8,0,4,8,7,4,2,4,2,10,2,3,4,8,9,11,4,8,0,10,0,0,11,10,2,3,7,5,7,0,2
8,3,6,0,2,8,4,4,9,10,8,9,2,0,8,6,4,9,11,5,9,9,5,0,11,11,5,0,2,4,3,11,2,8,4,11,6,4,8,9,10,2,3,4,0,9,8,7,3,2,8,0,4,4,2,5,5,11,10,4,9,10,3,11,0,11,2,7,2,3,6,8,0,11,3,8,2,5,2,0,4,6,8,0,4,2,9,3,4,2,0,5,2,2,9,0,7,2,5,9,3,8,3,9,5,2,4,8,10,8,8,3,9,9,4,9,11,3,8,9,2,5,9,8,5,3,5,3,11,3,4,5,9,10,0,5,9,2,11,2,2,0,11,3,4,8,6,8,2,3
9,4,7,2,3,9,5,5,10,11,9,10,3,2,9,7,5,10,0,6,10,10,6,2,0,0,6,2,3,5,4,0,3,9,5,0,7,5,9,10,11,3,4,5,2,10,9,8,4,3,9,2,5,5,3,6,6,0,11,5,10,11,4,0,2,0,3,8,3,4,7,9,2,0,4,9,3,6,3,2,5,7,9,2,5,3,10,4,5,3,2,6,3,3,10,2,8,3,6,10,4,9,4,10,6,3,5,9,11,9,9,4,10,10,5,10,0,4,9,10,3,6,10,9,6,4,6,4,0,4,5,6,10,11,2,6,10,3,0,3,3,2,0,4,5,9,7,9,3,4
10,5,8,3,4,10,6,6,11,0,10,11,4,3,10,8,6,11,2,7,11,11,7,3,2,2,7,3,4,6,5,2,4,10,6,2,8,6,10,11,0,4,5,6,3,11,10,9,5,4,10,3,6,6,4,7,7,2,0,6,11,0,5,2,3,2,4,9,4,5,8,10,3,2,5,10,4,7,4,3,6,8,10,3,6,4,11,5,6,4,3,7,4,4,11,3,9,4,7,11,5,10,5,11,7,4,6,10,0,10,10,5,11,11,6,11,2,5,10,11,4,7,11,10,7,5,7,5,2,5,6,7,11,0,3,7,11,4,2,4,4,3,2,5,6,10,8,10,4,5
11,6,9,4,5,11,7,7,0,2,11,0,5,4,11,9,7,0,3,8,0,0,8,4,3,3,8,4,5,7,6,3,5,11,7,3,9,7,11,0,2,5,6,7,4,0,11,10,6,5,11,4,7,7,5,8,8,3,2,7,0,2,6,3,4,3,5,10,5,6,9,11,4,3,6,11,5,8,5,4,7,9,11,4,7,5,0,6,7,5,4,8,5,5,0,4,10,5,8,0,6,11,6,0,8,5,7,11,2,11,11,6,0,0,7,0,3,6,11,0,5,8,0,11,8,6,8,6,3,6,7,8,0,2,4,8,0,5,3,5,5,4,3,6,7,11,9,11,5,6
0,7,10,5,6,0,8,8,2,3,0,2,6,5,0,10,8,2,4,9,2,2,9,5,4,4,9,5,6,8,7,4,6,0,8,4,10,8,0,2,3,6,7,8,5,2,0,11,7,6,0,5,8,8,6,9,9,4,3,8,2,3,7,4,5,4,6,11,6,7,10,0,5,4,7,0,6,9,6,5,8,10,0,5,8,6,2,7,8,6,5,9,6,6,2,5,11,6,9,2,7,0,7,2,9,6,8,0,3,0,0,7,2,2,8,2,4,7,0,2,6,9,2,0,9,7,9,7,4,7,8,9,2,3,5,9,2,6,4,6,6,5,4,7,8,0,10,0,6,7
2,8,11,6,7,2,9,9,3,4,2,3,7,6,2,11,9,3,5,10,3,3,10,6,5,5,10,6,7,9,8,5,7,2,9,5,11,9,2,3,4,7,8,9,6,3,2,0,8,7,2,6,9,9,7,10,10,5,4,9,3,4,8,5,6,5,7,0,7,8,11,2,6,5,8,2,7,10,7,6,9,11,2,6,9,7,3,8,9,7,6,10,7,7,3,6,0,7,10,3,8,2,8,3,10,7,9,2,4,2,2,8,3,3,9,3,5,8,2,3,7,10,3,2,10,8,10,8,5,8,9,10,3,4,6,10,3,7,5,7,7,6,5,8,9,2,11,2,7,8
3,9,0,7,8,3,10,10,4,5,3,4,8,7,3,0,10,4,6,11,4,4,11,7,6,6,11,7,8,10,9,6,8,3,10,6,0,10,3,4,5,8,9,10,7,4,3,2,9,8,3,7,10,10,8,11,11,6,5,10,4,5,9,6,7,6,8,2,8,9,0,3,7,6,9,3,8,11,8,7,10,0,3,7,10,8,4,9,10,8,7,11,8,8,4,7,2,8,11,4,9,3,9,4,11,8,10,3,5,3,3,9,4,4,10,4,6,9,3,4,8,11,4,3,11,9,11,9,6,9,10,11,4,5,7,11,4,8,6,8,8,7,6,9,10,3,0,3,8,9
4,10,2,8,9,4,11,11,5,6,4,5,9,8,4,2,11,5,7,0,5,5,0,8,7,7,0,8,9,11,10,7,9,4,11,7,2,11,4,5,6,9,10,11,8,5,4,3,10,9,4,8,11,11,9,0,0,7,6,11,5,6,10,7,8,7,9,3,9,10,2,4,8,7,10,4,9,0,9,8,11,2,4,8,11,9,5,10,11,9,8,0,9,9,5,8,3,9,0,5,10,4,10,5,0,9,11,4,6,4,4,10,5,5,11,5,7,10,4,5,9,0,5,4,0,10,0,10,7,10,11,0,5,6,8,0,5,9,7,9,9,8,7,10,11,4,2,4,9,10
5,11,3,9,10,5,0,0,6,7,5,6,10,9,5,3,0,6,8,2,6,6,2,9,8,8,2,9,10,0,11,8,10,5,0,8,3,0,5,6,7,10,11,0,9,6,5,4,11,10,5,9,0,0,10,2,2,8,7,0,6,7,11,8,9,8,10,4,10,11,3,5,9,8,11,5,10,2,10,9,0,3,5,9,0,10,6,11,0,10,9,2,10,10,6,9,4,10,2,6,11,5,11,6,2,10,0,5,7,5,5,11,6,6,0,6,8,11,5,6,10,2,6,5,2,11,2,11,8,11,0,2,6,7,9,2,6,10,8,10,10,9,8,11,0,5,3,5,10,11
6,0,4,10,11,6,2,2,7,8,6,7,11,10,6,4,2,7,9,3,7,7,3,10,9,9,3,10,11,2,0,9,11,6,2,9,4,2,6,7,8,11,0,2,10,7,6,5,0,11,6,10,2,2,11,3,3,9,8,2,7,8,0,9,10,9,11,5,11,0,4,6,10,9,0,6,11,3,11,10,2,4,6,10,2,11,7,0,2,11,10,3,11,11,7,10,5,11,3,7,0,6,0,7,3,11,2,6,8,6,6,0,7,7,2,7,9,0,6,7,11,3,7,6,3,0,3,0,9,0,2,3,7,8,10,3,7,11,9,11,11,10,9,0,2,6,4,6,11,0
7,2,5,11,0,7,3,3,8,9,7,8,0,11,7,5,3,8,10,4,8,8,4,11,10,10,4,11,0,3,2,10,0,7,3,10,5,3,7,8,9,0,2,3,11,8,7,6,2,0,7,11,3,3,0,4,4,10,9,3,8,9,2,10,11,10,0,6,0,2,5,7,11,10,2,7,0,4,0,11,3,5,7,11,3,0,8,2,3,0,11,4,0,0,8,11,6,0,4,8,2,7,2,8,4,0,3,7,9,7,7,2,8,8,3,8,10,2,7,8,0,4,8,7,4,2,4,2,10,2,3,4,8,9,11,4,8,0,10,0,0,11,10,2,3,7,5,7,0,2
8,3,6,0,2,8,4,4,9,10,8,9,2,0,8,6,4,9,11,5,9,9,5,0,11,11,5,0,2,4,3,11,2,8,4,11,6,4,8,9,10,2,3,4,0,9,8,7,3,2,8,0,4,4,2,5,5,11,10,4,9,10,3,11,0,11,2,7,2,3,6,8,0,11,3,8,2,5,2,0,4,6,8,0,4,2,9,3,4,2,0,5,2,2,9,0,7,2,5,9,3,8,3,9,5,2,4,8,10,8,8,3,9,9,4,9,11,3,8,9,2,5,9,8,5,3,5,3,11,3,4,5,9,10,0,5,9,2,11,2,2,0,11,3,4,8,6,8,2,3
9,4,7,2,3,9,5,5,10,11,9,10,3,2,9,7,5,10,0,6,10,10,6,2,0,0,6,2,3,5,4,0,3,9,5,0,7,5,9,10,11,3,4,5,2,10,9,8,4,3,9,2,5,5,3,6,6,0,11,5,10,11,4,0,2,0,3,8,3,4,7,9,2,0,4,9,3,6,3,2,5,7,9,2,5,3,10,4,5,3,2,6,3,3,10,2,8,3,6,10,4,9,4,10,6,3,5,9,11,9,9,4,10,10,5,10,0,4,9,10,3,6,10,9,6,4,6,4,0,4,5,6,10,11,2,6,10,3,0,3,3,2,0,4,5,9,7,9,3,4
10,5,8,3,4,10,6,6,11,0,10,11,4,3,10,8,6,11,2,7,11,11,7,3,2,2,7,3,4,6,5,2,4,10,6,2,8,6,10,11,0,4,5,6,3,11,10,9,5,4,10,3,6,6,4,7,7,2,0,6,11,0,5,2,3,2,4,9,4,5,8,10,3,2,5,10,4,7,4,3,6,8,10,3,6,4,11,5,6,4,3,7,4,4,11,3,9,4,7,11,5,10,5,11,7,4,6,10,0,10,10,5,11,11,6,11,2,5,10,11,4,7,11,10,7,5,7,5,2,5,6,7,11,0,3,7,11,4,2,4,4,3,2,5,6,10,8,10,4,5
11,6,9,4,5,11,7,7,0,2,11,0,5,4,11,9,7,0,3,8,0,0,8,4,3,3,8,4,5,7,6,3,5,11,7,3,9,7,11,0,2,5,6,7,4,0,11,10,6,5,11,4,7,7,5,8,8,3,2,7,0,2,6,3,4,3,5,10,5,6,9,11,4,3,6,11,5,8,5,4,7,9,11,4,7,5,0,6,7,5,4,8,5,5,0,4,10,5,8,0,6,11,6,0,8,5,7,11,2,11,11,6,0,0,7,0,3,6,11,0,5,8,0,11,8,6,8,6,3,6,7,8,0,2,4,8,0,5,3,5,5,4,3,6,7,11,9,11,5,6
0,7,10,5,6,0,8,8,2,3,0,2,6,5,0,10,8,2,4,9,2,2,9,5,4,4,9,5,6,8,7,4,6,0,8,4,10,8,0,2,3,6,7,8,5,2,0,11,7,6,0,5,8,8,6,9,9,4,3,8,2,3,7,4,5,4,6,11,6,7,10,0,5,4,7,0,6,9,6,5,8,10,0,5,8,6,2,7,8,6,5,9,6,6,2,5,11,6,9,2,7,0,7,2,9,6,8,0,3,0,0,7,2,2,8,2,4,7,0,2,6,9,2,0,9,7,9,7,4,7,8,9,2,3,5,9,2,6,4,6,6,5,4,7,8,0,10,0,6,7
2,8,11,6,7,2,9,9,3,4,2,3,7,6,2,11,9,3,5,10,3,3,10,6,5,5,10,6,7,9,8,5,7,2,9,5,11,9,2,3,4,7,8,9,6,3,2,0,8,7,2,6,9,9,7,10,10,5,4,9,3,4,8,5,6,5,7,0,7,8,11,2,6,5,8,2,7,10,7,6,9,11,2,6,9,7,3,8,9,7,6,10,7,7,3,6,0,7,10,3,8,2,8,3,10,7,9,2,4,2,2,8,3,3,9,3,5,8,2,3,7,10,3,2,10,8,10,8,5,8,9,10,3,4,6,10,3,7,5,7,7,6,5,8,9,2,11,2,7,8
3,9,0,7,8,3,10,10,4,5,3,4,8,7,3,0,10,4,6,11,4,4,11,7,6,6,11,7,8,10,9,6,8,3,10,6,0,10,3,4,5,8,9,10,7,4,3,2,9,8,3,7,10,10,8,11,11,6,5,10,4,5,9,6,7,6,8,2,8,9,0,3,7,6,9,3,8,11,8,7,10,0,3,7,10,8,4,9,10,8,7,11,8,8,4,7,2,8,11,4,9,3,9,4,11,8,10,3,5,3,3,9,4,4,10,4,6,9,3,4,8,11,4,3,11,9,11,9,6,9,10,11,4,5,7,11,4,8,6,8,8,7,6,9,10,3,0,3,8,9
4,10,2,8,9,4,11,11,5,6,4,5,9,8,4,2,11,5,7,0,5,5,0,8,7,7,0,8,9,11,10,7,9,4,11,7,2,11,4,5,6,9,10,11,8,5,4,3,10,9,4,8,11,11,9,0,0,7,6,11,5,6,10,7,8,7,9,3,9,10,2,4,8,7,10,4,9,0,9,8,11,2,4,8,11,9,5,10,11,9,8,0,9,9,5,8,3,9,0,5,10,4,10,5,0,9,11,4,6,4,4,10,5,5,11,5,7,10,4,5,9,0,5,4,0,10,0,10,7,10,11,0,5,6,8,0,5,9,7,9,9,8,7,10,11,4,2,4,9,10
5,11,3,9,10,5,0,0,6,7,5,6,10,9,5,3,0,6,8,2,6,6,2,9,8,8,2,9,10,0,11,8,10,5,0,8,3,0,5,6,7,10,11,0,9,6,5,4,11,10,5,9,0,0,10,2,2,8,7,0,6,7,11,8,9,8,10,4,10,11,3,5,9,8,11,5,10,2,10,9,0,3,5,9,0,10,6,11,0,10,9,2,10,10,6,9,4,10,2,6,11,5,11,6,2,10,0,5,7,5,5,11,6,6,0,6,8,11,5,6,10,2,6,5,2,11,2,11,8,11,0,2,6,7,9,2,6,10,8,10,10,9,8,11,0,5,3,5,10,11
6,0,4,10,11,6,2,2,7,8,6,7,11,10,6,4,2,7,9,3,7,7,3,10,9,9,3,10,11,2,0,9,11,6,2,9,4,2,6,7,8,11,0,2,10,7,6,5,0,11,6,10,2,2,11,3,3,9,8,2,7,8,0,9,10,9,11,5,11,0,4,6,10,9,0,6,11,3,11,10,2,4,6,10,2,11,7,0,2,11,10,3,11,11,7,10,5,11,3,7,0,6,0,7,3,11,2,6,8,6,6,0,7,7,2,7,9,0,6,7,11,3,7,6,3,0,3,0,9,0,2,3,7,8,10,3,7,11,9,11,11,10,9,0,2,6,4,6,11,0
7,2,5,11,0,7,3,3,8,9,7,8,0,11,7,5,3,8,10,4,8,8,4,11,10,10,4,11,0,3,2,10,0,7,3,10,5,3,7,8,9,0,2,3,11,8,7,6,2,0,7,11,3,3,0,4,4,10,9,3,8,9,2,10,11,10,0,6,0,2,5,7,11,10,2,7,0,4,0,11,3,5,7,11,3,0,8,2,3,0,11,4,0,0,8,11,6,0,4,8,2,7,2,8,4,0,3,7,9,7,7,2,8,8,3,8,10,2,7,8,0,4,8,7,4,2,4,2,10,2,3,4,8,9,11,4,8,0,10,0,0,11,10,2,3,7,5,7,0,2
8,3,6,0,2,8,4,4,9,10,8,9,2,0,8,6,4,9,11,5,9,9,5,0,11,11,5,0,2,4,3,11,2,8,4,11,6,4,8,9,10,2,3,4,0,9,8,7,3,2,8,0,4,4,2,5,5,11,10,4,9,10,3,11,0,11,2,7,2,3,6,8,0,11,3,8,2,5,2,0,4,6,8,0,4,2,9,3,4,2,0,5,2,2,9,0,7,2,5,9,3,8,3,9,5,2,4,8,10,8,8,3,9,9,4,9,11,3,8,9,2,5,9,8,5,3,5,3,11,3,4,5,9,10,0,5,9,2,11,2,2,0,11,3,4,8,6,8,2,3
9,4,7,2,3,9,5,5,10,11,9,10,3,2,9,7,5,10,0,6,10,10,6,2,0,0,6,2,3,5,4,0,3,9,5,0,7,5,9,10,11,3,4,5,2,10,9,8,4,3,9,2,5,5,3,6,6,0,11,5,10,11,4,0,2,0,3,8,3,4,7,9,2,0,4,9,3,6,3,2,5,7,9,2,5,3,10,4,5,3,2,6,3,3,10,2,8,3,6,10,4,9,4,10,6,3,5,9,11,9,9,4,10,10,5,10,0,4,9,10,3,6,10,9,6,4,6,4,0,4,5,6,10,11,2,6,10,3,0,3,3,2,0,4,5,9,7,9,3,4
10,5,8,3,4,10,6,6,11,0,10,11,4,3,10,8,6,11,2,7,11,11,7,3,2,2,7,3,4,6,5,2,4,10,6,2,8,6,10,11,0,4,5,6,3,11,10,9,5,4,10,3,6,6,4,7,7,2,0,6,11,0,5,2,3,2,4,9,4,5,8,10,3,2,5,10,4,7,4,3,6,8,10,3,6,4,11,5,6,4,3,7,4,4,11,3,9,4,7,11,5,10,5,11,7,4,6,10,0,10,10,5,11,11,6,11,2,5,10,11,4,7,11,10,7,5,7,5,2,5,6,7,11,0,3,7,11,4,2,4,4,3,2,5,6,10,8,10,4,5
11,6,9,4,5,11,7,7,0,2,11,0,5,4,11,9,7,0,3,8,0,0,8,4,3,3,8,4,5,7,6,3,5,11,7,3,9,7,11,0,2,5,6,7,4,0,11,10,6,5,11,4,7,7,5,8,8,3,2,7,0,2,6,3,4,3,5,10,5,6,9,11,4,3,6,11,5,8,5,4,7,9,11,4,7,5,0,6,7,5,4,8,5,5,0,4,10,5,8,0,6,11,6,0,8,5,7,11,2,11,11,6,0,0,7,0,3,6,11,0,5,8,0,11,8,6,8,6,3,6,7,8,0,2,4,8,0,5,3,5,5,4,3,6,7,11,9,11,5,6
0,7,10,5,6,0,8,8,2,3,0,2,6,5,0,10,8,2,4,9,2,2,9,5,4,4,9,5,6,8,7,4,6,0,8,4,10,8,0,2,3,6,7,8,5,2,0,11,7,6,0,5,8,8,6,9,9,4,3,8,2,3,7,4,5,4,6,11,6,7,10,0,5,4,7,0,6,9,6,5,8,10,0,5,8,6,2,7,8,6,5,9,6,6,2,5,11,6,9,2,7,0,7,2,9,6,8,0,3,0,0,7,2,2,8,2,4,7,0,2,6,9,2,0,9,7,9,7,4,7,8,9,2,3,5,9,2,6,4,6,6,5,4,7,8,0,10,0,6,7
2,8,11,6,7,2,9,9,3,4,2,3,7,6,2,11,9,3,5,10,3,3,10,6,5,5,10,6,7,9,8,5,7,2,9,5,11,9,2,3,4,7,8,9,6,3,2,0,8,7,2,6,9,9,7,10,10,5,4,9,3,4,8,5,6,5,7,0,7,8,11,2,6,5,8,2,7,10,7,6,9,11,2,6,9,7,3,8,9,7,6,10,7,7,3,6,0,7,10,3,8,2,8,3,10,7,9,2,4,2,2,8,3,3,9,3,5,8,2,3,7,10,3,2,10,8,10,8,5,8,9,10,3,4,6,10,3,7,5,7,7,6,5,8,9,2,11,2,7,8
3,9,0,7,8,3,10,10,4,5,3,4,8,7,3,0,10,4,6,11,4,4,11,7,6,6,11,7,8,10,9,6,8,3,10,6,0,10,3,4,5,8,9,10,7,4,3,2,9,8,3,7,10,10,8,11,11,6,5,10,4,5,9,6,7,6,8,2,8,9,0,3,7,6,9,3,8,11,8,7,10,0,3,7,10,8,4,9,10,8,7,11,8,8,4,7,2,8,11,4,9,3,9,4,11,8,10,3,5,3,3,9,4,4,10,4,6,9,3,4,8,11,4,3,11,9,11,9,6,9,10,11,4,5,7,11,4,8,6,8,8,7,6,9,10,3,0,3,8,9
4,10,2,8,9,4,11,11,5,6,4,5,9,8,4,2,11,5,7,0,5,5,0,8,7,7,0,8,9,11,10,7,9,4,11,7,2,11,4,5,6,9,10,11,8,5,4,3,10,9,4,8,11,11,9,0,0,7,6,11,5,6,10,7,8,7,9,3,9,10,2,4,8,7,10,4,9,0,9,8,11,2,4,8,11,9,5,10,11,9,8,0,9,9,5,8,3,9,0,5,10,4,10,5,0,9,11,4,6,4,4,10,5,5,11,5,7,10,4,5,9,0,5,4,0,10,0,10,7,10,11,0,5,6,8,0,5,9,7,9,9,8,7,10,11,4,2,4,9,10
5,11,3,9,10,5,0,0,6,7,5,6,10,9,5,3,0,6,8,2,6,6,2,9,8,8,2,9,10,0,11,8,10,5,0,8,3,0,5,6,7,10,11,0,9,6,5,4,11,10,5,9,0,0,10,2,2,8,7,0,6,7,11,8,9,8,10,4,10,11,3,5,9,8,11,5,10,2,10,9,0,3,5,9,0,10,6,11,0,10,9,2,10,10,6,9,4,10,2,6,11,5,11,6,2,10,0,5,7,5,5,11,6,6,0,6,8,11,5,6,10,2,6,5,2,11,2,11,8,11,0,2,6,7,9,2,6,10,8,10,10,9,8,11,0,5,3,5,10,11
6,0,4,10,11,6,2,2,7,8,6,7,11,10,6,4,2,7,9,3,7,7,3,10,9,9,3,10,11,2,0,9,11,6,2,9,4,2,6,7,8,11,0,2,10,7,6,5,0,11,6,10,2,2,11,3,3,9,8,2,7,8,0,9,10,9,11,5,11,0,4,6,10,9,0,6,11,3,11,10,2,4,6,10,2,11,7,0,2,11,10,3,11,11,7,10,5,11,3,7,0,6,0,7,3,11,2,6,8,6,6,0,7,7,2,7,9,0,6,7,11,3,7,6,3,0,3,0,9,0,2,3,7,8,10,3,7,11,9,11,11,10,9,0,2,6,4,6,11,0
7,2,5,11,0,7,3,3,8,9,7,8,0,11,7,5,3,8,10,4,8,8,4,11,10,10,4,11,0,3,2,10,0,7,3,10,5,3,7,8,9,0,2,3,11,8,7,6,2,0,7,11,3,3,0,4,4,10,9,3,8,9,2,10,11,10,0,6,0,2,5,7,11,10,2,7,0,4,0,11,3,5,7,11,3,0,8,2,3,0,11,4,0,0,8,11,6,0,4,8,2,7,2,8,4,0,3,7,9,7,7,2,8,8,3,8,10,2,7,8,0,4,8,7,4,2,4,2,10,2,3,4,8,9,11,4,8,0,10,0,0,11,10,2,3,7,5,7,0,2
8,3,6,0,2,8,4,4,9,10,8,9,2,0,8,6,4,9,11,5,9,9,5,0,11,11,5,0,2,4,3,11,2,8,4,11,6,4,8,9,10,2,3,4,0,9,8,7,3,2,8,0,4,4,2,5,5,11,10,4,9,10,3,11,0,11,2,7,2,3,6,8,0,11,3,8,2,5,2,0,4,6,8,0,4,2,9,3,4,2,0,5,2,2,9,0,7,2,5,9,3,8,3,9,5,2,4,8,10,8,8,3,9,9,4,9,11,3,8,9,2,5,9,8,5,3,5,3,11,3,4,5,9,10,0,5,9,2,11,2,2,0,11,3,4,8,6,8,2,3
9,4,7,2,3,9,5,5,10,11,9,10,3,2,9,7,5,10,0,6,10,10,6,2,0,0,6,2,3,5,4,0,3,9,5,0,7,5,9,10,11,3,4,5,2,10,9,8,4,3,9,2,5,5,3,6,6,0,11,5,10,11,4,0,2,0,3,8,3,4,7,9,2,0,4,9,3,6,3,2,5,7,9,2,5,3,10,4,5,3,2,6,3,3,10,2,8,3,6,10,4,9,4,10,6,3,5,9,11,9,9,4,10,10,5,10,0,4,9,10,3,6,10,9,6,4,6,4,0,4,5,6,10,11,2,6,10,3,0,3,3,2,0,4,5,9,7,9,3,4
10,5,8,3,4,10,6,6,11,0,10,11,4,3,10,8,6,11,2,7,11,11,7,3,2,2,7,3,4,6,5,2,4,10,6,2,8,6,10,11,0,4,5,6,3,11,10,9,5,4,10,3,6,6,4,7,7,2,0,6,11,0,5,2,3,2,4,9,4,5,8,10,3,2,5,10,4,7,4,3,6,8,10,3,6,4,11,5,6,4,3,7,4,4,11,3,9,4,7,11,5,10,5,11,7,4,6,10,0,10,10,5,11,11,6,11,2,5,10,11,4,7,11,10,7,5,7,5,2,5,6,7,11,0,3,7,11,4,2,4,4,3,2,5,6,10,8,10,4,5
11,6,9,4,5,11,7,7,0,2,11,0,5,4,11,9,7,0,3,8,0,0,8,4,3,3,8,4,5,7,6,3,5,11,7,3,9,7,11,0,2,5,6,7,4,0,11,10,6,5,11,4,7,7,5,8,8,3,2,7,0,2,6,3,4,3,5,10,5,6,9,11,4,3,6,11,5,8,5,4,7,9,11,4,7,5,0,6,7,5,4,8,5,5,0,4,10,5,8,0,6,11,6,0,8,5,7,11,2,11,11,6,0,0,7,0,3,6,11,0,5,8,0,11,8,6,8,6,3,6,7,8,0,2,4,8,0,5,3,5,5,4,3,6,7,11,9,11,5,6
0,7,10,5,6,0,8,8,2,3,0,2,6,5,0,10,8,2,4,9,2,2,9,5,4,4,9,5,6,8,7,4,6,0,8,4,10,8,0,2,3,6,7,8,5,2,0,11,7,6,0,5,8,8,6,9,9,4,3,8,2,3,7,4,5,4,6,11,6,7,10,0,5,4,7,0,6,9,6,5,8,10,0,5,8,6,2,7,8,6,5,9,6,6,2,5,11,6,9,2,7,0,7,2,9,6,8,0,3,0,0,7,2,2,8,2,4,7,0,2,6,9,2,0,9,7,9,7,4,7,8,9,2,3,5,9,2,6,4,6,6,5,4,7,8,0,10,0,6,7
2,8,11,6,7,2,9,9,3,4,2,3,7,6,2,11,9,3,5,10,3,3,10,6,5,5,10,6,7,9,8,5,7,2,9,5,11,9,2,3,4,7,8,9,6,3,2,0,8,7,2,6,9,9,7,10,10,5,4,9,3,4,8,5,6,5,7,0,7,8,11,2,6,5,8,2,7,10,7,6,9,11,2,6,9,7,3,8,9,7,6,10,7,7,3,6,0,7,10,3,8,2,8,3,10,7,9,2,4,2,2,8,3,3,9,3,5,8,2,3,7,10,3,2,10,8,10,8,5,8,9,10,3,4,6,10,3,7,5,7,7,6,5,8,9,2,11,2,7,8
3,9,0,7,8,3,10,10,4,5,3,4,8,7,3,0,10,4,6,11,4,4,11,7,6,6,11,7,8,10,9,6,8,3,10,6,0,10,3,4,5,8,9,10,7,4,3,2,9,8,3,7,10,10,8,11,11,6,5,10,4,5,9,6,7,6,8,2,8,9,0,3,7,6,9,3,8,11,8,7,10,0,3,7,10,8,4,9,10,8,7,11,8,8,4,7,2,8,11,4,9,3,9,4,11,8,10,3,5,3,3,9,4,4,10,4,6,9,3,4,8,11,4,3,11,9,11,9,6,9,10,11,4,5,7,11,4,8,6,8,8,7,6,9,10,3,0,3,8,9
4,10,2,8,9,4,11,11,5,6,4,5,9,8,4,2,11,5,7,0,5,5,0,8,7,7,0,8,9,11,10,7,9,4,11,7,2,11,4,5,6,9,10,11,8,5,4,3,10,9,4,8,11,11,9,0,0,7,6,11,5,6,10,7,8,7,9,3,9,10,2,4,8,7,10,4,9,0,9,8,11,2,4,8,11,9,5,10,11,9,8,0,9,9,5,8,3,9,0,5,10,4,10,5,0,9,11,4,6,4,4,10,5,5,11,5,7,10,4,5,9,0,5,4,0,10,0,10,7,10,11,0,5,6,8,0,5,9,7,9,9,8,7,10,11,4,2,4,9,10
5,11,3,9,10,5,0,0,6,7,5,6,10,9,5,3,0,6,8,2,6,6,2,9,8,8,2,9,10,0,11,8,10,5,0,8,3,0,5,6,7,10,11,0,9,6,5,4,11,10,5,9,0,0,10,2,2,8,7,0,6,7,11,8,9,8,10,4,10,11,3,5,9,8,11,5,10,2,10,9,0,3,5,9,0,10,6,11,0,10,9,2,10,10,6,9,4,10,2,6,11,5,11,6,2,10,0,5,7,5,5,11,6,6,0,6,8,11,5,6,10,2,6,5,2,11,2,11,8,11,0,2,6,7,9,2,6,10,8,10,10,9,8,11,0,5,3,5,10,11
6,0,4,10,11,6,2,2,7,8,6,7,11,10,6,4,2,7,9,3,7,7,3,10,9,9,3,10,11,2,0,9,11,6,2,9,4,2,6,7,8,11,0,2,10,7,6,5,0,11,6,10,2,2,11,3,3,9,8,2,7,8,0,9,10,9,11,5,11,0,4,6,10,9,0,6,11,3,11,10,2,4,6,10,2,11,7,0,2,11,10,3,11,11,7,10,5,11,3,7,0,6,0,7,3,11,2,6,8,6,6,0,7,7,2,7,9,0,6,7,11,3,7,6,3,0,3,0,9,0,2,3,7,8,10,3,7,11,9,11,11,10,9,0,2,6,4,6,11,0
7,2,5,11,0,7,3,3,8,9,7,8,0,11,7,5,3,8,10,4,8,8,4,11,10,10,4,11,0,3,2,10,0,7,3,10,5,3,7,8,9,0,2,3,11,8,7,6,2,0,7,11,3,3,0,4,4,10,9,3,8,9,2,10,11,10,0,6,0,2,5,7,11,10,2,7,0,4,0,11,3,5,7,11,3,0,8,2,3,0,11,4,0,0,8,11,6,0,4,8,2,7,2,8,4,0,3,7,9,7,7,2,8,8,3,8,10,2,7,8,0,4,8,7,4,2,4,2,10,2,3,4,8,9,11,4,8,0,10,0,0,11,10,2,3,7,5,7,0,2
8,3,6,0,2,8,4,4,9,10,8,9,2,0,8,6,4,9,11,5,9,9,5,0,11,11,5,0,2,4,3,11,2,8,4,11,6,4,8,9,10,2,3,4,0,9,8,7,3,2,8,0,4,4,2,5,5,11,10,4,9,10,3,11,0,11,2,7,2,3,6,8,0,11,3,8,2,5,2,0,4,6,8,0,4,2,9,3,4,2,0,5,2,2,9,0,7,2,5,9,3,8,3,9,5,2,4,8,10,8,8,3,9,9,4,9,11,3,8,9,2,5,9,8,5,3,5,3,11,3,4,5,9,10,0,5,9,2,11,2,2,0,11,3,4,8,6,8,2,3
9,4,7,2,3,9,5,5,10,11,9,10,3,2,9,7,5,10,0,6,10,10,6,2,0,0,6,2,3,5,4,0,3,9,5,0,7,5,9,10,11,3,4,5,2,10,9,8,4,3,9,2,5,5,3,6,6,0,11,5,10,11,4,0,2,0,3,8,3,4,7,9,2,0,4,9,3,6,3,2,5,7,9,2,5,3,10,4,5,3,2,6,3,3,10,2,8,3,6,10,4,9,4,10,6,3,5,9,11,9,9,4,10,10,5,10,0,4,9,10,3,6,10,9,6,4,6,4,0,4,5,6,10,11,2,6,10,3,0,3,3,2,0,4,5,9,7,9,3,4
10,5,8,3,4,10,6,6,11,0,10,11,4,3,10,8,6,11,2,7,11,11,7,3,2,2,7,3,4,6,5,2,4,10,6,2,8,6,10,11,0,4,5,6,3,11,10,9,5,4,10,3,6,6,4,7,7,2,0,6,11,0,5,2,3,2,4,9,4,5,8,10,3,2,5,10,4,7,4,3,6,8,10,3,6,4,11,5,6,4,3,7,4,4,11,3,9,4,7,11,5,10,5,11,7,4,6,10,0,10,10,5,11,11,6,11,2,5,10,11,4,7,11,10,7,5,7,5,2,5,6,7,11,0,3,7,11,4,2,4,4,3,2,5,6,10,8,10,4,5
11,6,9,4,5,11,7,7,0,2,11,0,5,4,11,9,7,0,3,8,0,0,8,4,3,3,8,4,5,7,6,3,5,11,7,3,9,7,11,0,2,5,6,7,4,0,11,10,6,5,11,4,7,7,5,8,8,3,2,7,0,2,6,3,4,3,5,10,5,6,9,11,4,3,6,11,5,8,5,4,7,9,11,4,7,5,0,6,7,5,4,8,5,5,0,4,10,5,8,0,6,11,6,0,8,5,7,11,2,11,11,6,0,0,7,0,3,6,11,0,5,8,0,11,8,6,8,6,3,6,7,8,0,2,4,8,0,5,3,5,5,4,3,6,7,11,9,11,5,6
0,7,10,5,6,0,8,8,2,3,0,2,6,5,0,10,8,2,4,9,2,2,9,5,4,4,9,5,6,8,7,4,6,0,8,4,10,8,0,2,3,6,7,8,5,2,0,11,7,6,0,5,8,8,6,9,9,4,3,8,2,3,7,4,5,4,6,11,6,7,10,0,5,4,7,0,6,9,6,5,8,10,0,5,8,6,2,7,8,6,5,9,6,6,2,5,11,6,9,2,7,0,7,2,9,6,8,0,3,0,0,7,2,2,8,2,4,7,0,2,6,9,2,0,9,7,9,7,4,7,8,9,2,3,5,9,2,6,4,6,6,5,4,7,8,0,10,0,6,7
2,8,11,6,7,2,9,9,3,4,2,3,7,6,2,11,9,3,5,10,3,3,10,6,5,5,10,6,7,9,8,5,7,2,9,5,11,9,2,3,4,7,8,9,6,3,2,0,8,7,2,6,9,9,7,10,10,5,4,9,3,4,8,5,6,5,7,0,7,8,11,2,6,5,8,2,7,10,7,6,9,11,2,6,9,7,3,8,9,7,6,10,7,7,3,6,0,7,10,3,8,2,8,3,10,7,9,2,4,2,2,8,3,3,9,3,5,8,2,3,7,10,3,2,10,8,10,8,5,8,9,10,3,4,6,10,3,7,5,7,7,6,5,8,9,2,11,2,7,8
3,9,0,7,8,3,10,10,4,5,3,4,8,7,3,0,10,4,6,11,4,4,11,7,6,6,11,7,8,10,9,6,8,3,10,6,0,10,3,4,5,8,9,10,7,4,3,2,9,8,3,7,10,10,8,11,11,6,5,10,4,5,9,6,7,6,8,2,8,9,0,3,7,6,9,3,8,11,8,7,10,0,3,7,10,8,4,9,10,8,7,11,8,8,4,7,2,8,11,4,9,3,9,4,11,8,10,3,5,3,3,9,4,4,10,4,6,9,3,4,8,11,4,3,11,9,11,9,6,9,10,11,4,5,7,11,4,8,6,8,8,7,6,9,10,3,0,3,8,9
4,10,2,8,9,4,11,11,5,6,4,5,9,8,4,2,11,5,7,0,5,5,0,8,7,7,0,8,9,11,10,7,9,4,11,7,2,11,4,5,6,9,10,11,8,5,4,3,10,9,4,8,11,11,9,0,0,7,6,11,5,6,10,7,8,7,9,3,9,10,2,4,8,7,10,4,9,0,9,8,11,2,4,8,11,9,5,10,11,9,8,0,9,9,5,8,3,9,0,5,10,4,10,5,0,9,11,4,6,4,4,10,5,5,11,5,7,10,4,5,9,0,5,4,0,10,0,10,7,10,11,0,5,6,8,0,5,9,7,9,9,8,7,10,11,4,2,4,9,10
5,11,3,9,10,5,0,0,6,7,5,6,10,9,5,3,0,6,8,2,6,6,2,9,8,8,2,9,10,0,11,8,10,5,0,8,3,0,5,6,7,10,11,0,9,6,5,4,11,10,5,9,0,0,10,2,2,8,7,0,6,7,11,8,9,8,10,4,10,11,3,5,9,8,11,5,10,2,10,9,0,3,5,9,0,10,6,11,0,10,9,2,10,10,6,9,4,10,2,6,11,5,11,6,2,10,0,5,7,5,5,11,6,6,0,6,8,11,5,6,10,2,6,5,2,11,2,11,8,11,0,2,6,7,9,2,6,10,8,10,10,9,8,11,0,5,3,5,10,11
6,0,4,10,11,6,2,2,7,8,6,7,11,10,6,4,2,7,9,3,7,7,3,10,9,9,3,10,11,2,0,9,11,6,2,9,4,2,6,7,8,11,0,2,10,7,6,5,0,11,6,10,2,2,11,3,3,9,8,2,7,8,0,9,10,9,11,5,11,0,4,6,10,9,0,6,11,3,11,10,2,4,6,10,2,11,7,0,2,11,10,3,11,11,7,10,5,11,3,7,0,6,0,7,3,11,2,6,8,6,6,0,7,7,2,7,9,0,6,7,11,3,7,6,3,0,3,0,9,0,2,3,7,8,10,3,7,11,9,11,11,10,9,0,2,6,4,6,11,0
7,2,5,11,0,7,3,3,8,9,7,8,0,11,7,5,3,8,10,4,8,8,4,11,10,10,4,11,0,3,2,10,0,7,3,10,5,3,7,8,9,0,2,3,11,8,7,6,2,0,7,11,3,3,0,4,4,10,9,3,8,9,2,10,11,10,0,6,0,2,5,7,11,10,2,7,0,4,0,11,3,5,7,11,3,0,8,2,3,0,11,4,0,0,8,11,6,0,4,8,2,7,2,8,4,0,3,7,9,7,7,2,8,8,3,8,10,2,7,8,0,4,8,7,4,2,4,2,10,2,3,4,8,9,11,4,8,0,10,0,0,11,10,2,3,7,5,7,0,2
8,3,6,0,2,8,4,4,9,10,8,9,2,0,8,6,4,9,11,5,9,9,5,0,11,11,5,0,2,4,3,11,2,8,4,11,6,4,8,9,10,2,3,4,0,9,8,7,3,2,8,0,4,4,2,5,5,11,10,4,9,10,3,11,0,11,2,7,2,3,6,8,0,11,3,8,2,5,2,0,4,6,8,0,4,2,9,3,4,2,0,5,2,2,9,0,7,2,5,9,3,8,3,9,5,2,4,8,10,8,8,3,9,9,4,9,11,3,8,9,2,5,9,8,5,3,5,3,11,3,4,5,9,10,0,5,9,2,11,2,2,0,11,3,4,8,6,8,2,3
9,4,7,2,3,9,5,5,10,11,9,10,3,2,9,7,5,10,0,6,10,10,6,2,0,0,6,2,3,5,4,0,3,9,5,0,7,5,9,10,11,3,4,5,2,10,9,8,4,3,9,2,5,5,3,6,6,0,11,5,10,11,4,0,2,0,3,8,3,4,7,9,2,0,4,9,3,6,3,2,5,7,9,2,5,3,10,4,5,3,2,6,3,3,10,2,8,3,6,10,4,9,4,10,6,3,5,9,11,9,9,4,10,10,5,10,0,4,9,10,3,6,10,9,6,4,6,4,0,4,5,6,10,11,2,6,10,3,0,3,3,2,0,4,5,9,7,9,3,4
10,5,8,3,4,10,6,6,11,0,10,11,4,3,10,8,6,11,2,7,11,11,7,3,2,2,7,3,4,6,5,2,4,10,6,2,8,6,10,11,0,4,5,6,3,11,10,9,5,4,10,3,6,6,4,7,7,2,0,6,11,0,5,2,3,2,4,9,4,5,8,10,3,2,5,10,4,7,4,3,6,8,10,3,6,4,11,5,6,4,3,7,4,4,11,3,9,4,7,11,5,10,5,11,7,4,6,10,0,10,10,5,11,11,6,11,2,5,10,11,4,7,11,10,7,5,7,5,2,5,6,7,11,0,3,7,11,4,2,4,4,3,2,5,6,10,8,10,4,5
11,6,9,4,5,11,7,7,0,2,11,0,5,4,11,9,7,0,3,8,0,0,8,4,3,3,8,4,5,7,6,3,5,11,7,3,9,7,11,0,2,5,6,7,4,0,11,10,6,5,11,4,7,7,5,8,8,3,2,7,0,2,6,3,4,3,5,10,5,6,9,11,4,3,6,11,5,8,5,4,7,9,11,4,7,5,0,6,7,5,4,8,5,5,0,4,10,5,8,0,6,11,6,0,8,5,7,11,2,11,11,6,0,0,7,0,3,6,11,0,5,8,0,11,8,6,8,6,3,6,7,8,0,2,4,8,0,5,3,5,5,4,3,6,7,11,9,11,5,6
0,7,10,5,6,0,8,8,2,3,0,2,6,5,0,10,8,2,4,9,2,2,9,5,4,4,9,5,6,8,7,4,6,0,8,4,10,8,0,2,3,6,7,8,5,2,0,11,7,6,0,5,8,8,6,9,9,4,3,8,2,3,7,4,5,4,6,11,6,7,10,0,5,4,7,0,6,9,6,5,8,10,0,5,8,6,2,7,8,6,5,9,6,6,2,5,11,6,9,2,7,0,7,2,9,6,8,0,3,0,0,7,2,2,8,2,4,7,0,2,6,9,2,0,9,7,9,7,4,7,8,9,2,3,5,9,2,6,4,6,6,5,4,7,8,0,10,0,6,7
2,8,11,6,7,2,9,9,3,4,2,3,7,6,2,11,9,3,5,10,3,3,10,6,5,5,10,6,7,9,8,5,7,2,9,5,11,9,2,3,4,7,8,9,6,3,2,0,8,7,2,6,9,9,7,10,10,5,4,9,3,4,8,5,6,5,7,0,7,8,11,2,6,5,8,2,7,10,7,6,9,11,2,6,9,7,3,8,9,7,6,10,7,7,3,6,0,7,10,3,8,2,8,3,10,7,9,2,4,2,2,8,3,3,9,3,5,8,2,3,7,10,3,2,10,8,10,8,5,8,9,10,3,4,6,10,3,7,5,7,7,6,5,8,9,2,11,2,7,8
3,9,0,7,8,3,10,10,4,5,3,4,8,7,3,0,10,4,6,11,4,4,11,7,6,6,11,7,8,10,9,6,8,3,10,6,0,10,3,4,5,8,9,10,7,4,3,2,9,8,3,7,10,10,8,11,11,6,5,10,4,5,9,6,7,6,8,2,8,9,0,3,7,6,9,3,8,11,8,7,10,0,3,7,10,8,4,9,10,8,7,11,8,8,4,7,2,8,11,4,9,3,9,4,11,8,10,3,5,3,3,9,4,4,10,4,6,9,3,4,8,11,4,3,11,9,11,9,6,9,10,11,4,5,7,11,4,8,6,8,8,7,6,9,10,3,0,3,8,9
4,10,2,8,9,4,11,11,5,6,4,5,9,8,4,2,11,5,7,0,5,5,0,8,7,7,0,8,9,11,10,7,9,4,11,7,2,11,4,5,6,9,10,11,8,5,4,3,10,9,4,8,11,11,9,0,0,7,6,11,5,6,10,7,8,7,9,3,9,10,2,4,8,7,10,4,9,0,9,8,11,2,4,8,11,9,5,10,11,9,8,0,9,9,5,8,3,9,0,5,10,4,10,5,0,9,11,4,6,4,4,10,5,5,11,5,7,10,4,5,9,0,5,4,0,10,0,10,7,10,11,0,5,6,8,0,5,9,7,9,9,8,7,10,11,4,2,4,9,10
5,11,3,9,10,5,0,0,6,7,5,6,10,9,5,3,0,6,8,2,6,6,2,9,8,8,2,9,10,0,11,8,10,5,0,8,3,0,5,6,7,10,11,0,9,6,5,4,11,10,5,9,0,0,10,2,2,8,7,0,6,7,11,8,9,8,10,4,10,11,3,5,9,8,11,5,10,2,10,9,0,3,5,9,0,10,6,11,0,10,9,2,10,10,6,9,4,10,2,6,11,5,11,6,2,10,0,5,7,5,5,11,6,6,0,6,8,11,5,6,10,2,6,5,2,11,2,11,8,11,0,2,6,7,9,2,6,10,8,10,10,9,8,11,0,5,3,5,10,11
6,0,4,10,11,6,2,2,7,8,6,7,11,10,6,4,2,7,9,3,7,7,3,10,9,9,3,10,11,2,0,9,11,6,2,9,4,2,6,7,8,11,0,2,10,7,6,5,0,11,6,10,2,2,11,3,3,9,8,2,7,8,0,9,10,9,11,5,11,0,4,6,10,9,0,6,11,3,11,10,2,4,6,10,2,11,7,0,2,11,10,3,11,11,7,10,5,11,3,7,0,6,0,7,3,11,2,6,8,6,6,0,7,7,2,7,9,0,6,7,11,3,7,6,3,0,3,0,9,0,2,3,7,8,10,3,7,11,9,11,11,10,9,0,2,6,4,6,11,0
7,2,5,11,0,7,3,3,8,9,7,8,0,11,7,5,3,8,10,4,8,8,4,11,10,10,4,11,0,3,2,10,0,7,3,10,5,3,7,8,9,0,2,3,11,8,7,6,2,0,7,11,3,3,0,4,4,10,9,3,8,9,2,10,11,10,0,6,0,2,5,7,11,10,2,7,0,4,0,11,3,5,7,11,3,0,8,2,3,0,11,4,0,0,8,11,6,0,4,8,2,7,2,8,4,0,3,7,9,7,7,2,8,8,3,8,10,2,7,8,0,4,8,7,4,2,4,2,10,2,3,4,8,9,11,4,8,0,10,0,0,11,10,2,3,7,5,7,0,2
8,3,6,0,2,8,4,4,9,10,8,9,2,0,8,6,4,9,11,5,9,9,5,0,11,11,5,0,2,4,3,11,2,8,4,11,6,4,8,9,10,2,3,4,0,9,8,7,3,2,8,0,4,4,2,5,5,11,10,4,9,10,3,11,0,11,2,7,2,3,6,8,0,11,3,8,2,5,2,0,4,6,8,0,4,2,9,3,4,2,0,5,2,2,9,0,7,2,5,9,3,8,3,9,5,2,4,8,10,8,8,3,9,9,4,9,11,3,8,9,2,5,9,8,5,3,5,3,11,3,4,5,9,10,0,5,9,2,11,2,2,0,11,3,4,8,6,8,2,3
9,4,7,2,3,9,5,5,10,11,9,10,3,2,9,7,5,10,0,6,10,10,6,2,0,0,6,2,3,5,4,0,3,9,5,0,7,5,9,10,11,3,4,5,2,10,9,8,4,3,9,2,5,5,3,6,6,0,11,5,10,11,4,0,2,0,3,8,3,4,7,9,2,0,4,9,3,6,3,2,5,7,9,2,5,3,10,4,5,3,2,6,3,3,10,2,8,3,6,10,4,9,4,10,6,3,5,9,11,9,9,4,10,10,5,10,0,4,9,10,3,6,10,9,6,4,6,4,0,4,5,6,10,11,2,6,10,3,0,3,3,2,0,4,5,9,7,9,3,4
10,5,8,3,4,10,6,6,11,0,10,11,4,3,10,8,6,11,2,7,11,11,7,3,2,2,7,3,4,6,5,2,4,10,6,2,8,6,10,11,0,4,5,6,3,11,10,9,5,4,10,3,6,6,4,7,7,2,0,6,11,0,5,2,3,2,4,9,4,5,8,10,3,2,5,10,4,7,4,3,6,8,10,3,6,4,11,5,6,4,3,7,4,4,11,3,9,4,7,11,5,10,5,11,7,4,6,10,0,10,10,5,11,11,6,11,2,5,10,11,4,7,11,10,7,5,7,5,2,5,6,7,11,0,3,7,11,4,2,4,4,3,2,5,6,10,8,10,4,5
11,6,9,4,5,11,7,7,0,2,11,0,5,4,11,9,7,0,3,8,0,0,8,4,3,3,8,4,5,7,6,3,5,11,7,3,9,7,11,0,2,5,6,7,4,0,11,10,6,5,11,4,7,7,5,8,8,3,2,7,0,2,6,3,4,3,5,10,5,6,9,11,4,3,6,11,5,8,5,4,7,9,11,4,7,5,0,6,7,5,4,8,5,5,0,4,10,5,8,0,6,11,6,0,8,5,7,11,2,11,11,6,0,0,7,0,3,6,11,0,5,8,0,11,8,6,8,6,3,6,7,8,0,2,4,8,0,5,3,5,5,4,3,6,7,11,9,11,5,6
0,7,10,5,6,0,8,8,2,3,0,2,6,5,0,10,8,2,4,9,2,2,9,5,4,4,9,5,6,8,7,4,6,0,8,4,10,8,0,2,3,6,7,8,5,2,0,11,7,6,0,5,8,8,6,9,9,4,3,8,2,3,7,4,5,4,6,11,6,7,10,0,5,4,7,0,6,9,6,5,8,10,0,5,8,6,2,7,8,6,5,9,6,6,2,5,11,6,9,2,7,0,7,2,9,6,8,0,3,0,0,7,2,2,8,2,4,7,0,2,6,9,2,0,9,7,9,7,4,7,8,9,2,3,5,9,2,6,4,6,6,5,4,7,8,0,10,0,6,7
2,8,11,6,7,2,9,9,3,4,2,3,7,6,2,11,9,3,5,10,3,3,10,6,5,5,10,6,7,9,8,5,7,2,9,5,11,9,2,3,4,7,8,9,6,3,2,0,8,7,2,6,9,9,7,10,10,5,4,9,3,4,8,5,6,5,7,0,7,8,11,2,6,5,8,2,7,10,7,6,9,11,2,6,9,7,3,8,9,7,6,10,7,7,3,6,0,7,10,3,8,2,8,3,10,7,9,2,4,2,2,8,3,3,9,3,5,8,2,3,7,10,3,2,10,8,10,8,5,8,9,10,3,4,6,10,3,7,5,7,7,6,5,8,9,2,11,2,7,8
3,9,0,7,8,3,10,10,4,5,3,4,8,7,3,0,10,4,6,11,4,4,11,7,6,6,11,7,8,10,9,6,8,3,10,6,0,10,3,4,5,8,9,10,7,4,3,2,9,8,3,7,10,10,8,11,11,6,5,10,4,5,9,6,7,6,8,2,8,9,0,3,7,6,9,3,8,11,8,7,10,0,3,7,10,8,4,9,10,8,7,11,8,8,4,7,2,8,11,4,9,3,9,4,11,8,10,3,5,3,3,9,4,4,10,4,6,9,3,4,8,11,4,3,11,9,11,9,6,9,10,11,4,5,7,11,4,8,6,8,8,7,6,9,10,3,0,3,8,9
4,10,2,8,9,4,11,11,5,6,4,5,9,8,4,2,11,5,7,0,5,5,0,8,7,7,0,8,9,11,10,7,9,4,11,7,2,11,4,5,6,9,10,11,8,5,4,3,10,9,4,8,11,11,9,0,0,7,6,11,5,6,10,7,8,7,9,3,9,10,2,4,8,7,10,4,9,0,9,8,11,2,4,8,11,9,5,10,11,9,8,0,9,9,5,8,3,9,0,5,10,4,10,5,0,9,11,4,6,4,4,10,5,5,11,5,7,10,4,5,9,0,5,4,0,10,0,10,7,10,11,0,5,6,8,0,5,9,7,9,9,8,7,10,11,4,2,4,9,10
5,11,3,9,10,5,0,0,6,7,5,6,10,9,5,3,0,6,8,2,6,6,2,9,8,8,2,9,10,0,11,8,10,5,0,8,3,0,5,6,7,10,11,0,9,6,5,4,11,10,5,9,0,0,10,2,2,8,7,0,6,7,11,8,9,8,10,4,10,11,3,5,9,8,11,5,10,2,10,9,0,3,5,9,0,10,6,11,0,10,9,2,10,10,6,9,4,10,2,6,11,5,11,6,2,10,0,5,7,5,5,11,6,6,0,6,8,11,5,6,10,2,6,5,2,11,2,11,8,11,0,2,6,7,9,2,6,10,8,10,10,9,8,11,0,5,3,5,10,11
6,0,4,10,11,6,2,2,7,8,6,7,11,10,6,4,2,7,9,3,7,7,3,10,9,9,3,10,11,2,0,9,11,6,2,9,4,2,6,7,8,11,0,2,10,7,6,5,0,11,6,10,2,2,11,3,3,9,8,2,7,8,0,9,10,9,11,5,11,0,4,6,10,9,0,6,11,3,11,10,2,4,6,10,2,11,7,0,2,11,10,3,11,11,7,10,5,11,3,7,0,6,0,7,3,11,2,6,8,6,6,0,7,7,2,7,9,0,6,7,11,3,7,6,3,0,3,0,9,0,2,3,7,8,10,3,7,11,9,11,11,10,9,0,2,6,4,6,11,0
7,2,5,11,0,7,3,3,8,9,7,8,0,11,7,5,3,8,10,4,8,8,4,11,10,10,4,11,0,3,2,10,0,7,3,10,5,3,7,8,9,0,2,3,11,8,7,6,2,0,7,11,3,3,0,4,4,10,9,3,8,9,2,10,11,10,0,6,0,2,5,7,11,10,2,7,0,4,0,11,3,5,7,11,3,0,8,2,3,0,11,4,0,0,8,11,6,0,4,8,2,7,2,8,4,0,3,7,9,7,7,2,8,8,3,8,10,2,7,8,0,4,8,7,4,2,4,2,10,2,3,4,8,9,11,4,8,0,10,0,0,11,10,2,3,7,5,7,0,2
8,3,6,0,2,8,4,4,9,10,8,9,2,0,8,6,4,9,11,5,9,9,5,0,11,11,5,0,2,4,3,11,2,8,4,11,6,4,8,9,10,2,3,4,0,9,8,7,3,2,8,0,4,4,2,5,5,11,10,4,9,10,3,11,0,11,2,7,2,3,6,8,0,11,3,8,2,5,2,0,4,6,8,0,4,2,9,3,4,2,0,5,2,2,9,0,7,2,5,9,3,8,3,9,5,2,4,8,10,8,8,3,9,9,4,9,11,3,8,9,2,5,9,8,5,3,5,3,11,3,4,5,9,10,0,5,9,2,11,2,2,0,11,3,4,8,6,8,2,3
9,4,7,2,3,9,5,5,10,11,9,10,3,2,9,7,5,10,0,6,10,10,6,2,0,0,6,2,3,5,4,0,3,9,5,0,7,5,9,10,11,3,4,5,2,10,9,8,4,3,9,2,5,5,3,6,6,0,11,5,10,11,4,0,2,0,3,8,3,4,7,9,2,0,4,9,3,6,3,2,5,7,9,2,5,3,10,4,5,3,2,6,3,3,10,2,8,3,6,10,4,9,4,10,6,3,5,9,11,9,9,4,10,10,5,10,0,4,9,10,3,6,10,9,6,4,6,4,0,4,5,6,10,11,2,6,10,3,0,3,3,2,0,4,5,9,7,9,3,4
10,5,8,3,4,10,6,6,11,0,10,11,4,3,10,8,6,11,2,7,11,11,7,3,2,2,7,3,4,6,5,2,4,10,6,2,8,6,10,11,0,4,5,6,3,11,10,9,5,4,10,3,6,6,4,7,7,2,0,6,11,0,5,2,3,2,4,9,4,5,8,10,3,2,5,10,4,7,4,3,6,8,10,3,6,4,11,5,6,4,3,7,4,4,11,3,9,4,7,11,5,10,5,11,7,4,6,10,0,10,10,5,11,11,6,11,2,5,10,11,4,7,11,10,7,5,7,5,2,5,6,7,11,0,3,7,11,4,2,4,4,3,2,5,6,10,8,10,4,5
11,6,9,4,5,11,7,7,0,2,11,0,5,4,11,9,7,0,3,8,0,0,8,4,3,3,8,4,5,7,6,3,5,11,7,3,9,7,11,0,2,5,6,7,4,0,11,10,6,5,11,4,7,7,5,8,8,3,2,7,0,2,6,3,4,3,5,10,5,6,9,11,4,3,6,11,5,8,5,4,7,9,11,4,7,5,0,6,7,5,4,8,5,5,0,4,10,5,8,0,6,11,6,0,8,5,7,11,2,11,11,6,0,0,7,0,3,6,11,0,5,8,0,11,8,6,8,6,3,6,7,8,0,2,4,8,0,5,3,5,5,4,3,6,7,11,9,11,5,6
0,7,10,5,6,0,8,8,2,3,0,2,6,5,0,10,8,2,4,9,2,2,9,5,4,4,9,5,6,8,7,4,6,0,8,4,10,8,0,2,3,6,7,8,5,2,0,11,7,6,0,5,8,8,6,9,9,4,3,8,2,3,7,4,5,4,6,11,6,7,10,0,5,4,7,0,6,9,6,5,8,10,0,5,8,6,2,7,8,6,5,9,6,6,2,5,11,6,9,2,7,0,7,2,9,6,8,0,3,0,0,7,2,2,8,2,4,7,0,2,6,9,2,0,9,7,9,7,4,7,8,9,2,3,5,9,2,6,4,6,6,5,4,7,8,0,10,0,6,7
2,8,11,6,7,2,9,9,3,4,2,3,7,6,2,11,9,3,5,10,3,3,10,6,5,5,10,6,7,9,8,5,7,2,9,5,11,9,2,3,4,7,8,9,6,3,2,0,8,7,2,6,9,9,7,10,10,5,4,9,3,4,8,5,6,5,7,0,7,8,11,2,6,5,8,2,7,10,7,6,9,11,2,6,9,7,3,8,9,7,6,10,7,7,3,6,0,7,10,3,8,2,8,3,10,7,9,2,4,2,2,8,3,3,9,3,5,8,2,3,7,10,3,2,10,8,10,8,5,8,9,10,3,4,6,10,3,7,5,7,7,6,5,8,9,2,11,2,7,8
3,9,0,7,8,3,10,10,4,5,3,4,8,7,3,0,10,4,6,11,4,4,11,7,6,6,11,7,8,10,9,6,8,3,10,6,0,10,3,4,5,8,9,10,7,4,3,2,9,8,3,7,10,10,8,11,11,6,5,10,4,5,9,6,7,6,8,2,8,9,0,3,7,6,9,3,8,11,8,7,10,0,3,7,10,8,4,9,10,8,7,11,8,8,4,7,2,8,11,4,9,3,9,4,11,8,10,3,5,3,3,9,4,4,10,4,6,9,3,4,8,11,4,3,11,9,11,9,6,9,10,11,4,5,7,11,4,8,6,8,8,7,6,9,10,3,0,3,8,9
4,10,2,8,9,4,11,11,5,6,4,5,9,8,4,2,11,5,7,0,5,5,0,8,7,7,0,8,9,11,10,7,9,4,11,7,2,11,4,5,6,9,10,11,8,5,4,3,10,9,4,8,11,11,9,0,0,7,6,11,5,6,10,7,8,7,9,3,9,10,2,4,8,7,10,4,9,0,9,8,11,2,4,8,11,9,5,10,11,9,8,0,9,9,5,8,3,9,0,5,10,4,10,5,0,9,11,4,6,4,4,10,5,5,11,5,7,10,4,5,9,0,5,4,0,10,0,10,7,10,11,0,5,6,8,0,5,9,7,9,9,8,7,10,11,4,2,4,9,10
5,11,3,9,10,5,0,0,6,7,5,6,10,9,5,3,0,6,8,2,6,6,2,9,8,8,2,9,10,0,11,8,10,5,0,8,3,0,5,6,7,10,11,0,9,6,5,4,11,10,5,9,0,0,10,2,2,8,7,0,6,7,11,8,9,8,10,4,10,11,3,5,9,8,11,5,10,2,10,9,0,3,5,9,0,10,6,11,0,10,9,2,10,10,6,9,4,10,2,6,11,5,11,6,2,10,0,5,7,5,5,11,6,6,0,6,8,11,5,6,10,2,6,5,2,11,2,11,8,11,0,2,6,7,9,2,6,10,8,10,10,9,8,11,0,5,3,5,10,11
6,0,4,10,11,6,2,2,7,8,6,7,11,10,6,4,2,7,9,3,7,7,3,10,9,9,3,10,11,2,0,9,11,6,2,9,4,2,6,7,8,11,0,2,10,7,6,5,0,11,6,10,2,2,11,3,3,9,8,2,7,8,0,9,10,9,11,5,11,0,4,6,10,9,0,6,11,3,11,10,2,4,6,10,2,11,7,0,2,11,10,3,11,11,7,10,5,11,3,7,0,6,0,7,3,11,2,6,8,6,6,0,7,7,2,7,9,0,6,7,11,3,7,6,3,0,3,0,9,0,2,3,7,8,10,3,7,11,9,11,11,10,9,0,2,6,4,6,11,0
7,2,5,11,0,7,3,3,8,9,7,8,0,11,7,5,3,8,10,4,8,8,4,11,10,10,4,11,0,3,2,10,0,7,3,10,5,3,7,8,9,0,2,3,11,8,7,6,2,0,7,11,3,3,0,4,4,10,9,3,8,9,2,10,11,10,0,6,0,2,5,7,11,10,2,7,0,4,0,11,3,5,7,11,3,0,8,2,3,0,11,4,0,0,8,11,6,0,4,8,2,7,2,8,4,0,3,7,9,7,7,2,8,8,3,8,10,2,7,8,0,4,8,7,4,2,4,2,10,2,3,4,8,9,11,4,8,0,10,0,0,11,10,2,3,7,5,7,0,2
8,3,6,0,2,8,4,4,9,10,8,9,2,0,8,6,4,9,11,5,9,9,5,0,11,11,5,0,2,4,3,11,2,8,4,11,6,4,8,9,10,2,3,4,0,9,8,7,3,2,8,0,4,4,2,5,5,11,10,4,9,10,3,11,0,11,2,7,2,3,6,8,0,11,3,8,2,5,2,0,4,6,8,0,4,2,9,3,4,2,0,5,2,2,9,0,7,2,5,9,3,8,3,9,5,2,4,8,10,8,8,3,9,9,4,9,11,3,8,9,2,5,9,8,5,3,5,3,11,3,4,5,9,10,0,5,9,2,11,2,2,0,11,3,4,8,6,8,2,3
9,4,7,2,3,9,5,5,10,11,9,10,3,2,9,7,5,10,0,6,10,10,6,2,0,0,6,2,3,5,4,0,3,9,5,0,7,5,9,10,11,3,4,5,2,10,9,8,4,3,9,2,5,5,3,6,6,0,11,5,10,11,4,0,2,0,3,8,3,4,7,9,2,0,4,9,3,6,3,2,5,7,9,2,5,3,10,4,5,3,2,6,3,3,10,2,8,3,6,10,4,9,4,10,6,3,5,9,11,9,9,4,10,10,5,10,0,4,9,10,3,6,10,9,6,4,6,4,0,4,5,6,10,11,2,6,10,3,0,3,3,2,0,4,5,9,7,9,3,4
10,5,8,3,4,10,6,6,11,0,10,11,4,3,10,8,6,11,2,7,11,11,7,3,2,2,7,3,4,6,5,2,4,10,6,2,8,6,10,11,0,4,5,6,3,11,10,9,5,4,10,3,6,6,4,7,7,2,0,6,11,0,5,2,3,2,4,9,4,5,8,10,3,2,5,10,4,7,4,3,6,8,10,3,6,4,11,5,6,4,3,7,4,4,11,3,9,4,7,11,5,10,5,11,7,4,6,10,0,10,10,5,11,11,6,11,2,5,10,11,4,7,11,10,7,5,7,5,2,5,6,7,11,0,3,7,11,4,2,4,4,3,2,5,6,10,8,10,4,5
11,6,9,4,5,11,7,7,0,2,11,0,5,4,11,9,7,0,3,8,0,0,8,4,3,3,8,4,5,7,6,3,5,11,7,3,9,7,11,0,2,5,6,7,4,0,11,10,6,5,11,4,7,7,5,8,8,3,2,7,0,2,6,3,4,3,5,10,5,6,9,11,4,3,6,11,5,8,5,4,7,9,11,4,7,5,0,6,7,5,4,8,5,5,0,4,10,5,8,0,6,11,6,0,8,5,7,11,2,11,11,6,0,0,7,0,3,6,11,0,5,8,0,11,8,6,8,6,3,6,7,8,0,2,4,8,0,5,3,5,5,4,3,6,7,11,9,11,5,6
0,7,10,5,6,0,8,8,2,3,0,2,6,5,0,10,8,2,4,9,2,2,9,5,4,4,9,5,6,8,7,4,6,0,8,4,10,8,0,2,3,6,7,8,5,2,0,11,7,6,0,5,8,8,6,9,9,4,3,8,2,3,7,4,5,4,6,11,6,7,10,0,5,4,7,0,6,9,6,5,8,10,0,5,8,6,2,7,8,6,5,9,6,6,2,5,11,6,9,2,7,0,7,2,9,6,8,0,3,0,0,7,2,2,8,2,4,7,0,2,6,9,2,0,9,7,9,7,4,7,8,9,2,3,5,9,2,6,4,6,6,5,4,7,8,0,10,0,6,7
2,8,11,6,7,2,9,9,3,4,2,3,7,6,2,11,9,3,5,10,3,3,10,6,5,5,10,6,7,9,8,5,7,2,9,5,11,9,2,3,4,7,8,9,6,3,2,0,8,7,2,6,9,9,7,10,10,5,4,9,3,4,8,5,6,5,7,0,7,8,11,2,6,5,8,2,7,10,7,6,9,11,2,6,9,7,3,8,9,7,6,10,7,7,3,6,0,7,10,3,8,2,8,3,10,7,9,2,4,2,2,8,3,3,9,3,5,8,2,3,7,10,3,2,10,8,10,8,5,8,9,10,3,4,6,10,3,7,5,7,7,6,5,8,9,2,11,2,7,8
3,9,0,7,8,3,10,10,4,5,3,4,8,7,3,0,10,4,6,11,4,4,11,7,6,6,11,7,8,10,9,6,8,3,10,6,0,10,3,4,5,8,9,10,7,4,3,2,9,8,3,7,10,10,8,11,11,6,5,10,4,5,9,6,7,6,8,2,8,9,0,3,7,6,9,3,8,11,8,7,10,0,3,7,10,8,4,9,10,8,7,11,8,8,4,7,2,8,11,4,9,3,9,4,11,8,10,3,5,3,3,9,4,4,10,4,6,9,3,4,8,11,4,3,11,9,11,9,6,9,10,11,4,5,7,11,4,8,6,8,8,7,6,9,10,3,0,3,8,9
4,10,2,8,9,4,11,11,5,6,4,5,9,8,4,2,11,5,7,0,5,5,0,8,7,7,0,8,9,11,10,7,9,4,11,7,2,11,4,5,6,9,10,11,8,5,4,3,10,9,4,8,11,11,9,0,0,7,6,11,5,6,10,7,8,7,9,3,9,10,2,4,8,7,10,4,9,0,9,8,11,2,4,8,11,9,5,10,11,9,8,0,9,9,5,8,3,9,0,5,10,4,10,5,0,9,11,4,6,4,4,10,5,5,11,5,7,10,4,5,9,0,5,4,0,10,0,10,7,10,11,0,5,6,8,0,5,9,7,9,9,8,7,10,11,4,2,4,9,10
5,11,3,9,10,5,0,0,6,7,5,6,10,9,5,3,0,6,8,2,6,6,2,9,8,8,2,9,10,0,11,8,10,5,0,8,3,0,5,6,7,10,11,0,9,6,5,4,11,10,5,9,0,0,10,2,2,8,7,0,6,7,11,8,9,8,10,4,10,11,3,5,9,8,11,5,10,2,10,9,0,3,5,9,0,10,6,11,0,10,9,2,10,10,6,9,4,10,2,6,11,5,11,6,2,10,0,5,7,5,5,11,6,6,0,6,8,11,5,6,10,2,6,5,2,11,2,11,8,11,0,2,6,7,9,2,6,10,8,10,10,9,8,11,0,5,3,5,10,11
6,0,4,10,11,6,2,2,7,8,6,7,11,10,6,4,2,7,9,3,7,7,3,10,9,9,3,10,11,2,0,9,11,6,2,9,4,2,6,7,8,11,0,2,10,7,6,5,0,11,6,10,2,2,11,3,3,9,8,2,7,8,0,9,10,9,11,5,11,0,4,6,10,9,0,6,11,3,11,10,2,4,6,10,2,11,7,0,2,11,10,3,11,11,7,10,5,11,3,7,0,6,0,7,3,11,2,6,8,6,6,0,7,7,2,7,9,0,6,7,11,3,7,6,3,0,3,0,9,0,2,3,7,8,10,3,7,11,9,11,11,10,9,0,2,6,4,6,11,0
7,2,5,11,0,7,3,3,8,9,7,8,0,11,7,5,3,8,10,4,8,8,4,11,10,10,4,11,0,3,2,10,0,7,3,10,5,3,7,8,9,0,2,3,11,8,7,6,2,0,7,11,3,3,0,4,4,10,9,3,8,9,2,10,11,10,0,6,0,2,5,7,11,10,2,7,0,4,0,11,3,5,7,11,3,0,8,2,3,0,11,4,0,0,8,11,6,0,4,8,2,7,2,8,4,0,3,7,9,7,7,2,8,8,3,8,10,2,7,8,0,4,8,7,4,2,4,2,10,2,3,4,8,9,11,4,8,0,10,0,0,11,10,2,3,7,5,7,0,2
8,3,6,0,2,8,4,4,9,10,8,9,2,0,8,6,4,9,11,5,9,9,5,0,11,11,5,0,2,4,3,11,2,8,4,11,6,4,8,9,10,2,3,4,0,9,8,7,3,2,8,0,4,4,2,5,5,11,10,4,9,10,3,11,0,11,2,7,2,3,6,8,0,11,3,8,2,5,2,0,4,6,8,0,4,2,9,3,4,2,0,5,2,2,9,0,7,2,5,9,3,8,3,9,5,2,4,8,10,8,8,3,9,9,4,9,11,3,8,9,2,5,9,8,5,3,5,3,11,3,4,5,9,10,0,5,9,2,11,2,2,0,11,3,4,8,6,8,2,3
9,4,7,2,3,9,5,5,10,11,9,10,3,2,9,7,5,10,0,6,10,10,6,2,0,0,6,2,3,5,4,0,3,9,5,0,7,5,9,10,11,3,4,5,2,10,9,8,4,3,9,2,5,5,3,6,6,0,11,5,10,11,4,0,2,0,3,8,3,4,7,9,2,0,4,9,3,6,3,2,5,7,9,2,5,3,10,4,5,3,2,6,3,3,10,2,8,3,6,10,4,9,4,10,6,3,5,9,11,9,9,4,10,10,5,10,0,4,9,10,3,6,10,9,6,4,6,4,0,4,5,6,10,11,2,6,10,3,0,3,3,2,0,4,5,9,7,9,3,4
10,5,8,3,4,10,6,6,11,0,10,11,4,3,10,8,6,11,2,7,11,11,7,3,2,2,7,3,4,6,5,2,4,10,6,2,8,6,10,11,0,4,5,6,3,11,10,9,5,4,10,3,6,6,4,7,7,2,0,6,11,0,5,2,3,2,4,9,4,5,8,10,3,2,5,10,4,7,4,3,6,8,10,3,6,4,11,5,6,4,3,7,4,4,11,3,9,4,7,11,5,10,5,11,7,4,6,10,0,10,10,5,11,11,6,11,2,5,10,11,4,7,11,10,7,5,7,5,2,5,6,7,11,0,3,7,11,4,2,4,4,3,2,5,6,10,8,10,4,5
11,6,9,4,5,11,7,7,0,2,11,0,5,4,11,9,7,0,3,8,0,0,8,4,3,3,8,4,5,7,6,3,5,11,7,3,9,7,11,0,2,5,6,7,4,0,11,10,6,5,11,4,7,7,5,8,8,3,2,7,0,2,6,3,4,3,5,10,5,6,9,11,4,3,6,11,5,8,5,4,7,9,11,4,7,5,0,6,7,5,4,8,5,5,0,4,10,5,8,0,6,11,6,0,8,5,7,11,2,11,11,6,0,0,7,0,3,6,11,0,5,8,0,11,8,6,8,6,3,6,7,8,0,2,4,8,0,5,3,5,5,4,3,6,7,11,9,11,5,6
0,7,10,5,6,0,8,8,2,3,0,2,6,5,0,10,8,2,4,9,2,2,9,5,4,4,9,5,6,8,7,4,6,0,8,4,10,8,0,2,3,6,7,8,5,2,0,11,7,6,0,5,8,8,6,9,9,4,3,8,2,3,7,4,5,4,6,11,6,7,10,0,5,4,7,0,6,9,6,5,8,10,0,5,8,6,2,7,8,6,5,9,6,6,2,5,11,6,9,2,7,0,7,2,9,6,8,0,3,0,0,7,2,2,8,2,4,7,0,2,6,9,2,0,9,7,9,7,4,7,8,9,2,3,5,9,2,6,4,6,6,5,4,7,8,0,10,0,6,7
2,8,11,6,7,2,9,9,3,4,2,3,7,6,2,11,9,3,5,10,3,3,10,6,5,5,10,6,7,9,8,5,7,2,9,5,11,9,2,3,4,7,8,9,6,3,2,0,8,7,2,6,9,9,7,10,10,5,4,9,3,4,8,5,6,5,7,0,7,8,11,2,6,5,8,2,7,10,7,6,9,11,2,6,9,7,3,8,9,7,6,10,7,7,3,6,0,7,10,3,8,2,8,3,10,7,9,2,4,2,2,8,3,3,9,3,5,8,2,3,7,10,3,2,10,8,10,8,5,8,9,10,3,4,6,10,3,7,5,7,7,6,5,8,9,2,11,2,7,8
3,9,0,7,8,3,10,10,4,5,3,4,8,7,3,0,10,4,6,11,4,4,11,7,6,6,11,7,8,10,9,6,8,3,10,6,0,10,3,4,5,8,9,10,7,4,3,2,9,8,3,7,10,10,8,11,11,6,5,10,4,5,9,6,7,6,8,2,8,9,0,3,7,6,9,3,8,11,8,7,10,0,3,7,10,8,4,9,10,8,7,11,8,8,4,7,2,8,11,4,9,3,9,4,11,8,10,3,5,3,3,9,4,4,10,4,6,9,3,4,8,11,4,3,11,9,11,9,6,9,10,11,4,5,7,11,4,8,6,8,8,7,6,9,10,3,0,3,8,9
4,10,2,8,9,4,11,11,5,6,4,5,9,8,4,2,11,5,7,0,5,5,0,8,7,7,0,8,9,11,10,7,9,4,11,7,2,11,4,5,6,9,10,11,8,5,4,3,10,9,4,8,11,11,9,0,0,7,6,11,5,6,10,7,8,7,9,3,9,10,2,4,8,7,10,4,9,0,9,8,11,2,4,8,11,9,5,10,11,9,8,0,9,9,5,8,3,9,0,5,10,4,10,5,0,9,11,4,6,4,4,10,5,5,11,5,7,10,4,5,9,0,5,4,0,10,0,10,7,10,11,0,5,6,8,0,5,9,7,9,9,8,7,10,11,4,2,4,9,10
5,11,3,9,10,5,0,0,6,7,5,6,10,9,5,3,0,6,8,2,6,6,2,9,8,8,2,9,10,0,11,8,10,5,0,8,3,0,5,6,7,10,11,0,9,6,5,4,11,10,5,9,0,0,10,2,2,8,7,0,6,7,11,8,9,8,10,4,10,11,3,5,9,8,11,5,10,2,10,9,0,3,5,9,0,10,6,11,0,10,9,2,10,10,6,9,4,10,2,6,11,5,11,6,2,10,0,5,7,5,5,11,6,6,0,6,8,11,5,6,10,2,6,5,2,11,2,11,8,11,0,2,6,7,9,2,6,10,8,10,10,9,8,11,0,5,3,5,10,11
6,0,4,10,11,6,2,2,7,8,6,7,11,10,6,4,2,7,9,3,7,7,3,10,9,9,3,10,11,2,0,9,11,6,2,9,4,2,6,7,8,11,0,2,10,7,6,5,0,11,6,10,2,2,11,3,3,9,8,2,7,8,0,9,10,9,11,5,11,0,4,6,10,9,0,6,11,3,11,10,2,4,6,10,2,11,7,0,2,11,10,3,11,11,7,10,5,11,3,7,0,6,0,7,3,11,2,6,8,6,6,0,7,7,2,7,9,0,6,7,11,3,7,6,3,0,3,0,9,0,2,3,7,8,10,3,7,11,9,11,11,10,9,0,2,6,4,6,11,0
7,2,5,11,0,7,3,3,8,9,7,8,0,11,7,5,3,8,10,4,8,8,4,11,10,10,4,11,0,3,2,10,0,7,3,10,5,3,7,8,9,0,2,3,11,8,7,6,2,0,7,11,3,3,0,4,4,10,9,3,8,9,2,10,11,10,0,6,0,2,5,7,11,10,2,7,0,4,0,11,3,5,7,11,3,0,8,2,3,0,11,4,0,0,8,11,6,0,4,8,2,7,2,8,4,0,3,7,9,7,7,2,8,8,3,8,10,2,7,8,0,4,8,7,4,2,4,2,10,2,3,4,8,9,11,4,8,0,10,0,0,11,10,2,3,7,5,7,0,2
8,3,6,0,2,8,4,4,9,10,8,9,2,0,8,6,4,9,11,5,9,9,5,0,11,11,5,0,2,4,3,11,2,8,4,11,6,4,8,9,10,2,3,4,0,9,8,7,3,2,8,0,4,4,2,5,5,11,10,4,9,10,3,11,0,11,2,7,2,3,6,8,0,11,3,8,2,5,2,0,4,6,8,0,4,2,9,3,4,2,0,5,2,2,9,0,7,2,5,9,3,8,3,9,5,2,4,8,10,8,8,3,9,9,4,9,11,3,8,9,2,5,9,8,5,3,5,3,11,3,4,5,9,10,0,5,9,2,11,2,2,0,11,3,4,8,6,8,2,3
9,4,7,2,3,9,5,5,10,11,9,10,3,2,9,7,5,10,0,6,10,10,6,2,0,0,6,2,3,5,4,0,3,9,5,0,7,5,9,10,11,3,4,5,2,10,9,8,4,3,9,2,5,5,3,6,6,0,11,5,10,11,4,0,2,0,3,8,3,4,7,9,2,0,4,9,3,6,3,2,5,7,9,2,5,3,10,4,5,3,2,6,3,3,10,2,8,3,6,10,4,9,4,10,6,3,5,9,11,9,9,4,10,10,5,10,0,4,9,10,3,6,10,9,6,4,6,4,0,4,5,6,10,11,2,6,10,3,0,3,3,2,0,4,5,9,7,9,3,4
10,5,8,3,4,10,6,6,11,0,10,11,4,3,10,8,6,11,2,7,11,11,7,3,2,2,7,3,4,6,5,2,4,10,6,2,8,6,10,11,0,4,5,6,3,11,10,9,5,4,10,3,6,6,4,7,7,2,0,6,11,0,5,2,3,2,4,9,4,5,8,10,3,2,5,10,4,7,4,3,6,8,10,3,6,4,11,5,6,4,3,7,4,4,11,3,9,4,7,11,5,10,5,11,7,4,6,10,0,10,10,5,11,11,6,11,2,5,10,11,4,7,11,10,7,5,7,5,2,5,6,7,11,0,3,7,11,4,2,4,4,3,2,5,6,10,8,10,4,5
11,6,9,4,5,11,7,7,0,2,11,0,5,4,11,9,7,0,3,8,0,0,8,4,3,3,8,4,5,7,6,3,5,11,7,3,9,7,11,0,2,5,6,7,4,0,11,10,6,5,11,4,7,7,5,8,8,3,2,7,0,2,6,3,4,3,5,10,5,6,9,11,4,3,6,11,5,8,5,4,7,9,11,4,7,5,0,6,7,5,4,8,5,5,0,4,10,5,8,0,6,11,6,0,8,5,7,11,2,11,11,6,0,0,7,0,3,6,11,0,5,8,0,11,8,6,8,6,3,6,7,8,0,2,4,8,0,5,3,5,5,4,3,6,7,11,9,11,5,6
0,7,10,5,6,0,8,8,2,3,0,2,6,5,0,10,8,2,4,9,2,2,9,5,4,4,9,5,6,8,7,4,6,0,8,4,10,8,0,2,3,6,7,8,5,2,0,11,7,6,0,5,8,8,6,9,9,4,3,8,2,3,7,4,5,4,6,11,6,7,10,0,5,4,7,0,6,9,6,5,8,10,0,5,8,6,2,7,8,6,5,9,6,6,2,5,11,6,9,2,7,0,7,2,9,6,8,0,3,0,0,7,2,2,8,2,4,7,0,2,6,9,2,0,9,7,9,7,4,7,8,9,2,3,5,9,2,6,4,6,6,5,4,7,8,0,10,0,6,7
2,8,11,6,7,2,9,9,3,4,2,3,7,6,2,11,9,3,5,10,3,3,10,6,5,5,10,6,7,9,8,5,7,2,9,5,11,9,2,3,4,7,8,9,6,3,2,0,8,7,2,6,9,9,7,10,10,5,4,9,3,4,8,5,6,5,7,0,7,8,11,2,6,5,8,2,7,10,7,6,9,11,2,6,9,7,3,8,9,7,6,10,7,7,3,6,0,7,10,3,8,2,8,3,10,7,9,2,4,2,2,8,3,3,9,3,5,8,2,3,7,10,3,2,10,8,10,8,5,8,9,10,3,4,6,10,3,7,5,7,7,6,5,8,9,2,11,2,7,8
3,9,0,7,8,3,10,10,4,5,3,4,8,7,3,0,10,4,6,11,4,4,11,7,6,6,11,7,8,10,9,6,8,3,10,6,0,10,3,4,5,8,9,10,7,4,3,2,9,8,3,7,10,10,8,11,11,6,5,10,4,5,9,6,7,6,8,2,8,9,0,3,7,6,9,3,8,11,8,7,10,0,3,7,10,8,4,9,10,8,7,11,8,8,4,7,2,8,11,4,9,3,9,4,11,8,10,3,5,3,3,9,4,4,10,4,6,9,3,4,8,11,4,3,11,9,11,9,6,9,10,11,4,5,7,11,4,8,6,8,8,7,6,9,10,3,0,3,8,9
4,10,2,8,9,4,11,11,5,6,4,5,9,8,4,2,11,5,7,0,5,5,0,8,7,7,0,8,9,11,10,7,9,4,11,7,2,11,4,5,6,9,10,11,8,5,4,3,10,9,4,8,11,11,9,0,0,7,6,11,5,6,10,7,8,7,9,3,9,10,2,4,8,7,10,4,9,0,9,8,11,2,4,8,11,9,5,10,11,9,8,0,9,9,5,8,3,9,0,5,10,4,10,5,0,9,11,4,6,4,4,10,5,5,11,5,7,10,4,5,9,0,5,4,0,10,0,10,7,10,11,0,5,6,8,0,5,9,7,9,9,8,7,10,11,4,2,4,9,10
5,11,3,9,10,5,0,0,6,7,5,6,10,9,5,3,0,6,8,2,6,6,2,9,8,8,2,9,10,0,11,8,10,5,0,8,3,0,5,6,7,10,11,0,9,6,5,4,11,10,5,9,0,0,10,2,2,8,7,0,6,7,11,8,9,8,10,4,10,11,3,5,9,8,11,5,10,2,10,9,0,3,5,9,0,10,6,11,0,10,9,2,10,10,6,9,4,10,2,6,11,5,11,6,2,10,0,5,7,5,5,11,6,6,0,6,8,11,5,6,10,2,6,5,2,11,2,11,8,11,0,2,6,7,9,2,6,10,8,10,10,9,8,11,0,5,3,5,10,11
6,0,4,10,11,6,2,2,7,8,6,7,11,10,6,4,2,7,9,3,7,7,3,10,9,9,3,10,11,2,0,9,11,6,2,9,4,2,6,7,8,11,0,2,10,7,6,5,0,11,6,10,2,2,11,3,3,9,8,2,7,8,0,9,10,9,11,5,11,0,4,6,10,9,0,6,11,3,11,10,2,4,6,10,2,11,7,0,2,11,10,3,11,11,7,10,5,11,3,7,0,6,0,7,3,11,2,6,8,6,6,0,7,7,2,7,9,0,6,7,11,3,7,6,3,0,3,0,9,0,2,3,7,8,10,3,7,11,9,11,11,10,9,0,2,6,4,6,11,0
7,2,5,11,0,7,3,3,8,9,7,8,0,11,7,5,3,8,10,4,8,8,4,11,10,10,4,11,0,3,2,10,0,7,3,10,5,3,7,8,9,0,2,3,11,8,7,6,2,0,7,11,3,3,0,4,4,10,9,3,8,9,2,10,11,10,0,6,0,2,5,7,11,10,2,7,0,4,0,11,3,5,7,11,3,0,8,2,3,0,11,4,0,0,8,11,6,0,4,8,2,7,2,8,4,0,3,7,9,7,7,2,8,8,3,8,10,2,7,8,0,4,8,7,4,2,4,2,10,2,3,4,8,9,11,4,8,0,10,0,0,11,10,2,3,7,5,7,0,2
8,3,6,0,2,8,4,4,9,10,8,9,2,0,8,6,4,9,11,5,9,9,5,0,11,11,5,0,2,4,3,11,2,8,4,11,6,4,8,9,10,2,3,4,0,9,8,7,3,2,8,0,4,4,2,5,5,11,10,4,9,10,3,11,0,11,2,7,2,3,6,8,0,11,3,8,2,5,2,0,4,6,8,0,4,2,9,3,4,2,0,5,2,2,9,0,7,2,5,9,3,8,3,9,5,2,4,8,10,8,8,3,9,9,4,9,11,3,8,9,2,5,9,8,5,3,5,3,11,3,4,5,9,10,0,5,9,2,11,2,2,0,11,3,4,8,6,8,2,3
9,4,7,2,3,9,5,5,10,11,9,10,3,2,9,7,5,10,0,6,10,10,6,2,0,0,6,2,3,5,4,0,3,9,5,0,7,5,9,10,11,3,4,5,2,10,9,8,4,3,9,2,5,5,3,6,6,0,11,5,10,11,4,0,2,0,3,8,3,4,7,9,2,0,4,9,3,6,3,2,5,7,9,2,5,3,10,4,5,3,2,6,3,3,10,2,8,3,6,10,4,9,4,10,6,3,5,9,11,9,9,4,10,10,5,10,0,4,9,10,3,6,10,9,6,4,6,4,0,4,5,6,10,11,2,6,10,3,0,3,3,2,0,4,5,9,7,9,3,4
10,5,8,3,4,10,6,6,11,0,10,11,4,3,10,8,6,11,2,7,11,11,7,3,2,2,7,3,4,6,5,2,4,10,6,2,8,6,10,11,0,4,5,6,3,11,10,9,5,4,10,3,6,6,4,7,7,2,0,6,11,0,5,2,3,2,4,9,4,5,8,10,3,2,5,10,4,7,4,3,6,8,10,3,6,4,11,5,6,4,3,7,4,4,11,3,9,4,7,11,5,10,5,11,7,4,6,10,0,10,10,5,11,11,6,11,2,5,10,11,4,7,11,10,7,5,7,5,2,5,6,7,11,0,3,7,11,4,2,4,4,3,2,5,6,10,8,10,4,5
11,6,9,4,5,11,7,7,0,2,11,0,5,4,11,9,7,0,3,8,0,0,8,4,3,3,8,4,5,7,6,3,5,11,7,3,9,7,11,0,2,5,6,7,4,0,11,10,6,5,11,4,7,7,5,8,8,3,2,7,0,2,6,3,4,3,5,10,5,6,9,11,4,3,6,11,5,8,5,4,7,9,11,4,7,5,0,6,7,5,4,8,5,5,0,4,10,5,8,0,6,11,6,0,8,5,7,11,2,11,11,6,0,0,7,0,3,6,11,0,5,8,0,11,8,6,8,6,3,6,7,8,0,2,4,8,0,5,3,5,5,4,3,6,7,11,9,11,5,6
0,7,10,5,6,0,8,8,2,3,0,2,6,5,0,10,8,2,4,9,2,2,9,5,4,4,9,5,6,8,7,4,6,0,8,4,10,8,0,2,3,6,7,8,5,2,0,11,7,6,0,5,8,8,6,9,9,4,3,8,2,3,7,4,5,4,6,11,6,7,10,0,5,4,7,0,6,9,6,5,8,10,0,5,8,6,2,7,8,6,5,9,6,6,2,5,11,6,9,2,7,0,7,2,9,6,8,0,3,0,0,7,2,2,8,2,4,7,0,2,6,9,2,0,9,7,9,7,4,7,8,9,2,3,5,9,2,6,4,6,6,5,4,7,8,0,10,0,6,7
2,8,11,6,7,2,9,9,3,4,2,3,7,6,2,11,9,3,5,10,3,3,10,6,5,5,10,6,7,9,8,5,7,2,9,5,11,9,2,3,4,7,8,9,6,3,2,0,8,7,2,6,9,9,7,10,10,5,4,9,3,4,8,5,6,5,7,0,7,8,11,2,6,5,8,2,7,10,7,6,9,11,2,6,9,7,3,8,9,7,6,10,7,7,3,6,0,7,10,3,8,2,8,3,10,7,9,2,4,2,2,8,3,3,9,3,5,8,2,3,7,10,3,2,10,8,10,8,5,8,9,10,3,4,6,10,3,7,5,7,7,6,5,8,9,2,11,2,7,8
3,9,0,7,8,3,10,10,4,5,3,4,8,7,3,0,10,4,6,11,4,4,11,7,6,6,11,7,8,10,9,6,8,3,10,6,0,10,3,4,5,8,9,10,7,4,3,2,9,8,3,7,10,10,8,11,11,6,5,10,4,5,9,6,7,6,8,2,8,9,0,3,7,6,9,3,8,11,8,7,10,0,3,7,10,8,4,9,10,8,7,11,8,8,4,7,2,8,11,4,9,3,9,4,11,8,10,3,5,3,3,9,4,4,10,4,6,9,3,4,8,11,4,3,11,9,11,9,6,9,10,11,4,5,7,11,4,8,6,8,8,7,6,9,10,3,0,3,8,9
4,10,2,8,9,4,11,11,5,6,4,5,9,8,4,2,11,5,7,0,5,5,0,8,7,7,0,8,9,11,10,7,9,4,11,7,2,11,4,5,6,9,10,11,8,5,4,3,10,9,4,8,11,11,9,0,0,7,6,11,5,6,10,7,8,7,9,3,9,10,2,4,8,7,10,4,9,0,9,8,11,2,4,8,11,9,5,10,11,9,8,0,9,9,5,8,3,9,0,5,10,4,10,5,0,9,11,4,6,4,4,10,5,5,11,5,7,10,4,5,9,0,5,4,0,10,0,10,7,10,11,0,5,6,8,0,5,9,7,9,9,8,7,10,11,4,2,4,9,10
5,11,3,9,10,5,0,0,6,7,5,6,10,9,5,3,0,6,8,2,6,6,2,9,8,8,2,9,10,0,11,8,10,5,0,8,3,0,5,6,7,10,11,0,9,6,5,4,11,10,5,9,0,0,10,2,2,8,7,0,6,7,11,8,9,8,10,4,10,11,3,5,9,8,11,5,10,2,10,9,0,3,5,9,0,10,6,11,0,10,9,2,10,10,6,9,4,10,2,6,11,5,11,6,2,10,0,5,7,5,5,11,6,6,0,6,8,11,5,6,10,2,6,5,2,11,2,11,8,11,0,2,6,7,9,2,6,10,8,10,10,9,8,11,0,5,3,5,10,11
6,0,4,10,11,6,2,2,7,8,6,7,11,10,6,4,2,7,9,3,7,7,3,10,9,9,3,10,11,2,0,9,11,6,2,9,4,2,6,7,8,11,0,2,10,7,6,5,0,11,6,10,2,2,11,3,3,9,8,2,7,8,0,9,10,9,11,5,11,0,4,6,10,9,0,6,11,3,11,10,2,4,6,10,2,11,7,0,2,11,10,3,11,11,7,10,5,11,3,7,0,6,0,7,3,11,2,6,8,6,6,0,7,7,2,7,9,0,6,7,11,3,7,6,3,0,3,0,9,0,2,3,7,8,10,3,7,11,9,11,11,10,9,0,2,6,4,6,11,0
7,2,5,11,0,7,3,3,8,9,7,8,0,11,7,5,3,8,10,4,8,8,4,11,10,10,4,11,0,3,2,10,0,7,3,10,5,3,7,8,9,0,2,3,11,8,7,6,2,0,7,11,3,3,0,4,4,10,9,3,8,9,2,10,11,10,0,6,0,2,5,7,11,10,2,7,0,4,0,11,3,5,7,11,3,0,8,2,3,0,11,4,0,0,8,11,6,0,4,8,2,7,2,8,4,0,3,7,9,7,7,2,8,8,3,8,10,2,7,8,0,4,8,7,4,2,4,2,10,2,3,4,8,9,11,4,8,0,10,0,0,11,10,2,3,7,5,7,0,2
8,3,6,0,2,8,4,4,9,10,8,9,2,0,8,6,4,9,11,5,9,9,5,0,11,11,5,0,2,4,3,11,2,8,4,11,6,4,8,9,10,2,3,4,0,9,8,7,3,2,8,0,4,4,2,5,5,11,10,4,9,10,3,11,0,11,2,7,2,3,6,8,0,11,3,8,2,5,2,0,4,6,8,0,4,2,9,3,4,2,0,5,2,2,9,0,7,2,5,9,3,8,3,9,5,2,4,8,10,8,8,3,9,9,4,9,11,3,8,9,2,5,9,8,5,3,5,3,11,3,4,5,9,10,0,5,9,2,11,2,2,0,11,3,4,8,6,8,2,3
9,4,7,2,3,9,5,5,10,11,9,10,3,2,9,7,5,10,0,6,10,10,6,2,0,0,6,2,3,5,4,0,3,9,5,0,7,5,9,10,11,3,4,5,2,10,9,8,4,3,9,2,5,5,3,6,6,0,11,5,10,11,4,0,2,0,3,8,3,4,7,9,2,0,4,9,3,6,3,2,5,7,9,2,5,3,10,4,5,3,2,6,3,3,10,2,8,3,6,10,4,9,4,10,6,3,5,9,11,9,9,4,10,10,5,10,0,4,9,10,3,6,10,9,6,4,6,4,0,4,5,6,10,11,2,6,10,3,0,3,3,2,0,4,5,9,7,9,3,4
10,5,8,3,4,10,6,6,11,0,10,11,4,3,10,8,6,11,2,7,11,11,7,3,2,2,7,3,4,6,5,2,4,10,6,2,8,6,10,11,0,4,5,6,3,11,10,9,5,4,10,3,6,6,4,7,7,2,0,6,11,0,5,2,3,2,4,9,4,5,8,10,3,2,5,10,4,7,4,3,6,8,10,3,6,4,11,5,6,4,3,7,4,4,11,3,9,4,7,11,5,10,5,11,7,4,6,10,0,10,10,5,11,11,6,11,2,5,10,11,4,7,11,10,7,5,7,5,2,5,6,7,11,0,3,7,11,4,2,4,4,3,2,5,6,10,8,10,4,5
11,6,9,4,5,11,7,7,0,2,11,0,5,4,11,9,7,0,3,8,0,0,8,4,3,3,8,4,5,7,6,3,5,11,7,3,9,7,11,0,2,5,6,7,4,0,11,10,6,5,11,4,7,7,5,8,8,3,2,7,0,2,6,3,4,3,5,10,5,6,9,11,4,3,6,11,5,8,5,4,7,9,11,4,7,5,0,6,7,5,4,8,5,5,0,4,10,5,8,0,6,11,6,0,8,5,7,11,2,11,11,6,0,0,7,0,3,6,11,0,5,8,0,11,8,6,8,6,3,6,7,8,0,2,4,8,0,5,3,5,5,4,3,6,7,11,9,11,5,6
0,7,10,5,6,0,8,8,2,3,0,2,6,5,0,10,8,2,4,9,2,2,9,5,4,4,9,5,6,8,7,4,6,0,8,4,10,8,0,2,3,6,7,8,5,2,0,11,7,6,0,5,8,8,6,9,9,4,3,8,2,3,7,4,5,4,6,11,6,7,10,0,5,4,7,0,6,9,6,5,8,10,0,5,8,6,2,7,8,6,5,9,6,6,2,5,11,6,9,2,7,0,7,2,9,6,8,0,3,0,0,7,2,2,8,2,4,7,0,2,6,9,2,0,9,7,9,7,4,7,8,9,2,3,5,9,2,6,4,6,6,5,4,7,8,0,10,0,6,7
2,8,11,6,7,2,9,9,3,4,2,3,7,6,2,11,9,3,5,10,3,3,10,6,5,5,10,6,7,9,8,5,7,2,9,5,11,9,2,3,4,7,8,9,6,3,2,0,8,7,2,6,9,9,7,10,10,5,4,9,3,4,8,5,6,5,7,0,7,8,11,2,6,5,8,2,7,10,7,6,9,11,2,6,9,7,3,8,9,7,6,10,7,7,3,6,0,7,10,3,8,2,8,3,10,7,9,2,4,2,2,8,3,3,9,3,5,8,2,3,7,10,3,2,10,8,10,8,5,8,9,10,3,4,6,10,3,7,5,7,7,6,5,8,9,2,11,2,7,8
3,9,0,7,8,3,10,10,4,5,3,4,8,7,3,0,10,4,6,11,4,4,11,7,6,6,11,7,8,10,9,6,8,3,10,6,0,10,3,4,5,8,9,10,7,4,3,2,9,8,3,7,10,10,8,11,11,6,5,10,4,5,9,6,7,6,8,2,8,9,0,3,7,6,9,3,8,11,8,7,10,0,3,7,10,8,4,9,10,8,7,11,8,8,4,7,2,8,11,4,9,3,9,4,11,8,10,3,5,3,3,9,4,4,10,4,6,9,3,4,8,11,4,3,11,9,11,9,6,9,10,11,4,5,7,11,4,8,6,8,8,7,6,9,10,3,0,3,8,9
4,10,2,8,9,4,11,11,5,6,4,5,9,8,4,2,11,5,7,0,5,5,0,8,7,7,0,8,9,11,10,7,9,4,11,7,2,11,4,5,6,9,10,11,8,5,4,3,10,9,4,8,11,11,9,0,0,7,6,11,5,6,10,7,8,7,9,3,9,10,2,4,8,7,10,4,9,0,9,8,11,2,4,8,11,9,5,10,11,9,8,0,9,9,5,8,3,9,0,5,10,4,10,5,0,9,11,4,6,4,4,10,5,5,11,5,7,10,4,5,9,0,5,4,0,10,0,10,7,10,11,0,5,6,8,0,5,9,7,9,9,8,7,10,11,4,2,4,9,10
5,11,3,9,10,5,0,0,6,7,5,6,10,9,5,3,0,6,8,2,6,6,2,9,8,8,2,9,10,0,11,8,10,5,0,8,3,0,5,6,7,10,11,0,9,6,5,4,11,10,5,9,0,0,10,2,2,8,7,0,6,7,11,8,9,8,10,4,10,11,3,5,9,8,11,5,10,2,10,9,0,3,5,9,0,10,6,11,0,10,9,2,10,10,6,9,4,10,2,6,11,5,11,6,2,10,0,5,7,5,5,11,6,6,0,6,8,11,5,6,10,2,6,5,2,11,2,11,8,11,0,2,6,7,9,2,6,10,8,10,10,9,8,11,0,5,3,5,10,11
6,0,4,10,11,6,2,2,7,8,6,7,11,10,6,4,2,7,9,3,7,7,3,10,9,9,3,10,11,2,0,9,11,6,2,9,4,2,6,7,8,11,0,2,10,7,6,5,0,11,6,10,2,2,11,3,3,9,8,2,7,8,0,9,10,9,11,5,11,0,4,6,10,9,0,6,11,3,11,10,2,4,6,10,2,11,7,0,2,11,10,3,11,11,7,10,5,11,3,7,0,6,0,7,3,11,2,6,8,6,6,0,7,7,2,7,9,0,6,7,11,3,7,6,3,0,3,0,9,0,2,3,7,8,10,3,7,11,9,11,11,10,9,0,2,6,4,6,11,0
7,2,5,11,0,7,3,3,8,9,7,8,0,11,7,5,3,8,10,4,8,8,4,11,10,10,4,11,0,3,2,10,0,7,3,10,5,3,7,8,9,0,2,3,11,8,7,6,2,0,7,11,3,3,0,4,4,10,9,3,8,9,2,10,11,10,0,6,0,2,5,7,11,10,2,7,0,4,0,11,3,5,7,11,3,0,8,2,3,0,11,4,0,0,8,11,6,0,4,8,2,7,2,8,4,0,3,7,9,7,7,2,8,8,3,8,10,2,7,8,0,4,8,7,4,2,4,2,10,2,3,4,8,9,11,4,8,0,10,0,0,11,10,2,3,7,5,7,0,2
8,3,6,0,2,8,4,4,9,10,8,9,2,0,8,6,4,9,11,5,9,9,5,0,11,11,5,0,2,4,3,11,2,8,4,11,6,4,8,9,10,2,3,4,0,9,8,7,3,2,8,0,4,4,2,5,5,11,10,4,9,10,3,11,0,11,2,7,2,3,6,8,0,11,3,8,2,5,2,0,4,6,8,0,4,2,9,3,4,2,0,5,2,2,9,0,7,2,5,9,3,8,3,9,5,2,4,8,10,8,8,3,9,9,4,9,11,3,8,9,2,5,9,8,5,3,5,3,11,3,4,5,9,10,0,5,9,2,11,2,2,0,11,3,4,8,6,8,2,3
9,4,7,2,3,9,5,5,10,11,9,10,3,2,9,7,5,10,0,6,10,10,6,2,0,0,6,2,3,5,4,0,3,9,5,0,7,5,9,10,11,3,4,5,2,10,9,8,4,3,9,2,5,5,3,6,6,0,11,5,10,11,4,0,2,0,3,8,3,4,7,9,2,0,4,9,3,6,3,2,5,7,9,2,5,3,10,4,5,3,2,6,3,3,10,2,8,3,6,10,4,9,4,10,6,3,5,9,11,9,9,4,10,10,5,10,0,4,9,10,3,6,10,9,6,4,6,4,0,4,5,6,10,11,2,6,10,3,0,3,3,2,0,4,5,9,7,9,3,4
10,5,8,3,4,10,6,6,11,0,10,11,4,3,10,8,6,11,2,7,11,11,7,3,2,2,7,3,4,6,5,2,4,10,6,2,8,6,10,11,0,4,5,6,3,11,10,9,5,4,10,3,6,6,4,7,7,2,0,6,11,0,5,2,3,2,4,9,4,5,8,10,3,2,5,10,4,7,4,3,6,8,10,3,6,4,11,5,6,4,3,7,4,4,11,3,9,4,7,11,5,10,5,11,7,4,6,10,0,10,10,5,11,11,6,11,2,5,10,11,4,7,11,10,7,5,7,5,2,5,6,7,11,0,3,7,11,4,2,4,4,3,2,5,6,10,8,10,4,5
11,6,9,4,5,11,7,7,0,2,11,0,5,4,11,9,7,0,3,8,0,0,8,4,3,3,8,4,5,7,6,3,5,11,7,3,9,7,11,0,2,5,6,7,4,0,11,10,6,5,11,4,7,7,5,8,8,3,2,7,0,2,6,3,4,3,5,10,5,6,9,11,4,3,6,11,5,8,5,4,7,9,11,4,7,5,0,6,7,5,4,8,5,5,0,4,10,5,8,0,6,11,6,0,8,5,7,11,2,11,11,6,0,0,7,0,3,6,11,0,5,8,0,11,8,6,8,6,3,6,7,8,0,2,4,8,0,5,3,5,5,4,3,6,7,11,9,11,5,6
0,7,10,5,6,0,8,8,2,3,0,2,6,5,0,10,8,2,4,9,2,2,9,5,4,4,9,5,6,8,7,4,6,0,8,4,10,8,0,2,3,6,7,8,5,2,0,11,7,6,0,5,8,8,6,9,9,4,3,8,2,3,7,4,5,4,6,11,6,7,10,0,5,4,7,0,6,9,6,5,8,10,0,5,8,6,2,7,8,6,5,9,6,6,2,5,11,6,9,2,7,0,7,2,9,6,8,0,3,0,0,7,2,2,8,2,4,7,0,2,6,9,2,0,9,7,9,7,4,7,8,9,2,3,5,9,2,6,4,6,6,5,4,7,8,0,10,0,6,7
2,8,11,6,7,2,9,9,3,4,2,3,7,6,2,11,9,3,5,10,3,3,10,6,5,5,10,6,7,9,8,5,7,2,9,5,11,9,2,3,4,7,8,9,6,3,2,0,8,7,2,6,9,9,7,10,10,5,4,9,3,4,8,5,6,5,7,0,7,8,11,2,6,5,8,2,7,10,7,6,9,11,2,6,9,7,3,8,9,7,6,10,7,7,3,6,0,7,10,3,8,2,8,3,10,7,9,2,4,2,2,8,3,3,9,3,5,8,2,3,7,10,3,2,10,8,10,8,5,8,9,10,3,4,6,10,3,7,5,7,7,6,5,8,9,2,11,2,7,8
3,9,0,7,8,3,10,10,4,5,3,4,8,7,3,0,10,4,6,11,4,4,11,7,6,6,11,7,8,10,9,6,8,3,10,6,0,10,3,4,5,8,9,10,7,4,3,2,9,8,3,7,10,10,8,11,11,6,5,10,4,5,9,6,7,6,8,2,8,9,0,3,7,6,9,3,8,11,8,7,10,0,3,7,10,8,4,9,10,8,7,11,8,8,4,7,2,8,11,4,9,3,9,4,11,8,10,3,5,3,3,9,4,4,10,4,6,9,3,4,8,11,4,3,11,9,11,9,6,9,10,11,4,5,7,11,4,8,6,8,8,7,6,9,10,3,0,3,8,9
4,10,2,8,9,4,11,11,5,6,4,5,9,8,4,2,11,5,7,0,5,5,0,8,7,7,0,8,9,11,10,7,9,4,11,7,2,11,4,5,6,9,10,11,8,5,4,3,10,9,4,8,11,11,9,0,0,7,6,11,5,6,10,7,8,7,9,3,9,10,2,4,8,7,10,4,9,0,9,8,11,2,4,8,11,9,5,10,11,9,8,0,9,9,5,8,3,9,0,5,10,4,10,5,0,9,11,4,6,4,4,10,5,5,11,5,7,10,4,5,9,0,5,4,0,10,0,10,7,10,11,0,5,6,8,0,5,9,7,9,9,8,7,10,11,4,2,4,9,10
5,11,3,9,10,5,0,0,6,7,5,6,10,9,5,3,0,6,8,2,6,6,2,9,8,8,2,9,10,0,11,8,10,5,0,8,3,0,5,6,7,10,11,0,9,6,5,4,11,10,5,9,0,0,10,2,2,8,7,0,6,7,11,8,9,8,10,4,10,11,3,5,9,8,11,5,10,2,10,9,0,3,5,9,0,10,6,11,0,10,9,2,10,10,6,9,4,10,2,6,11,5,11,6,2,10,0,5,7,5,5,11,6,6,0,6,8,11,5,6,10,2,6,5,2,11,2,11,8,11,0,2,6,7,9,2,6,10,8,10,10,9,8,11,0,5,3,5,10,11
6,0,4,10,11,6,2,2,7,8,6,7,11,10,6,4,2,7,9,3,7,7,3,10,9,9,3,10,11,2,0,9,11,6,2,9,4,2,6,7,8,11,0,2,10,7,6,5,0,11,6,10,2,2,11,3,3,9,8,2,7,8,0,9,10,9,11,5,11,0,4,6,10,9,0,6,11,3,11,10,2,4,6,10,2,11,7,0,2,11,10,3,11,11,7,10,5,11,3,7,0,6,0,7,3,11,2,6,8,6,6,0,7,7,2,7,9,0,6,7,11,3,7,6,3,0,3,0,9,0,2,3,7,8,10,3,7,11,9,11,11,10,9,0,2,6,4,6,11,0
7,2,5,11,0,7,3,3,8,9,7,8,0,11,7,5,3,8,10,4,8,8,4,11,10,10,4,11,0,3,2,10,0,7,3,10,5,3,7,8,9,0,2,3,11,8,7,6,2,0,7,11,3,3,0,4,4,10,9,3,8,9,2,10,11,10,0,6,0,2,5,7,11,10,2,7,0,4,0,11,3,5,7,11,3,0,8,2,3,0,11,4,0,0,8,11,6,0,4,8,2,7,2,8,4,0,3,7,9,7,7,2,8,8,3,8,10,2,7,8,0,4,8,7,4,2,4,2,10,2,3,4,8,9,11,4,8,0,10,0,0,11,10,2,3,7,5,7,0,2
8,3,6,0,2,8,4,4,9,10,8,9,2,0,8,6,4,9,11,5,9,9,5,0,11,11,5,0,2,4,3,11,2,8,4,11,6,4,8,9,10,2,3,4,0,9,8,7,3,2,8,0,4,4,2,5,5,11,10,4,9,10,3,11,0,11,2,7,2,3,6,8,0,11,3,8,2,5,2,0,4,6,8,0,4,2,9,3,4,2,0,5,2,2,9,0,7,2,5,9,3,8,3,9,5,2,4,8,10,8,8,3,9,9,4,9,11,3,8,9,2,5,9,8,5,3,5,3,11,3,4,5,9,10,0,5,9,2,11,2,2,0,11,3,4,8,6,8,2,3
9,4,7,2,3,9,5,5,10,11,9,10,3,2,9,7,5,10,0,6,10,10,6,2,0,0,6,2,3,5,4,0,3,9,5,0,7,5,9,10,11,3,4,5,2,10,9,8,4,3,9,2,5,5,3,6,6,0,11,5,10,11,4,0,2,0,3,8,3,4,7,9,2,0,4,9,3,6,3,2,5,7,9,2,5,3,10,4,5,3,2,6,3,3,10,2,8,3,6,10,4,9,4,10,6,3,5,9,11,9,9,4,10,10,5,10,0,4,9,10,3,6,10,9,6,4,6,4,0,4,5,6,10,11,2,6,10,3,0,3,3,2,0,4,5,9,7,9,3,4
10,5,8,3,4,10,6,6,11,0,10,11,4,3,10,8,6,11,2,7,11,11,7,3,2,2,7,3,4,6,5,2,4,10,6,2,8,6,10,11,0,4,5,6,3,11,10,9,5,4,10,3,6,6,4,7,7,2,0,6,11,0,5,2,3,2,4,9,4,5,8,10,3,2,5,10,4,7,4,3,6,8,10,3,6,4,11,5,6,4,3,7,4,4,11,3,9,4,7,11,5,10,5,11,7,4,6,10,0,10,10,5,11,11,6,11,2,5,10,11,4,7,11,10,7,5,7,5,2,5,6,7,11,0,3,7,11,4,2,4,4,3,2,5,6,10,8,10,4,5
11,6,9,4,5,11,7,7,0,2,11,0,5,4,11,9,7,0,3,8,0,0,8,4,3,3,8,4,5,7,6,3,5,11,7,3,9,7,11,0,2,5,6,7,4,0,11,10,6,5,11,4,7,7,5,8,8,3,2,7,0,2,6,3,4,3,5,10,5,6,9,11,4,3,6,11,5,8,5,4,7,9,11,4,7,5,0,6,7,5,4,8,5,5,0,4,10,5,8,0,6,11,6,0,8,5,7,11,2,11,11,6,0,0,7,0,3,6,11,0,5,8,0,11,8,6,8,6,3,6,7,8,0,2,4,8,0,5,3,5,5,4,3,6,7,11,9,11,5,6
0,7,10,5,6,0,8,8,2,3,0,2,6,5,0,10,8,2,4,9,2,2,9,5,4,4,9,5,6,8,7,4,6,0,8,4,10,8,0,2,3,6,7,8,5,2,0,11,7,6,0,5,8,8,6,9,9,4,3,8,2,3,7,4,5,4,6,11,6,7,10,0,5,4,7,0,6,9,6,5,8,10,0,5,8,6,2,7,8,6,5,9,6,6,2,5,11,6,9,2,7,0,7,2,9,6,8,0,3,0,0,7,2,2,8,2,4,7,0,2,6,9,2,0,9,7,9,7,4,7,8,9,2,3,5,9,2,6,4,6,6,5,4,7,8,0,10,0,6,7
2,8,11,6,7,2,9,9,3,4,2,3,7,6,2,11,9,3,5,10,3,3,10,6,5,5,10,6,7,9,8,5,7,2,9,5,11,9,2,3,4,7,8,9,6,3,2,0,8,7,2,6,9,9,7,10,10,5,4,9,3,4,8,5,6,5,7,0,7,8,11,2,6,5,8,2,7,10,7,6,9,11,2,6,9,7,3,8,9,7,6,10,7,7,3,6,0,7,10,3,8,2,8,3,10,7,9,2,4,2,2,8,3,3,9,3,5,8,2,3,7,10,3,2,10,8,10,8,5,8,9,10,3,4,6,10,3,7,5,7,7,6,5,8,9,2,11,2,7,8
3,9,0,7,8,3,10,10,4,5,3,4,8,7,3,0,10,4,6,11,4,4,11,7,6,6,11,7,8,10,9,6,8,3,10,6,0,10,3,4,5,8,9,10,7,4,3,2,9,8,3,7,10,10,8,11,11,6,5,10,4,5,9,6,7,6,8,2,8,9,0,3,7,6,9,3,8,11,8,7,10,0,3,7,10,8,4,9,10,8,7,11,8,8,4,7,2,8,11,4,9,3,9,4,11,8,10,3,5,3,3,9,4,4,10,4,6,9,3,4,8,11,4,3,11,9,11,9,6,9,10,11,4,5,7,11,4,8,6,8,8,7,6,9,10,3,0,3,8,9
4,10,2,8,9,4,11,11,5,6,4,5,9,8,4,2,11,5,7,0,5,5,0,8,7,7,0,8,9,11,10,7,9,4,11,7,2,11,4,5,6,9,10,11,8,5,4,3,10,9,4,8,11,11,9,0,0,7,6,11,5,6,10,7,8,7,9,3,9,10,2,4,8,7,10,4,9,0,9,8,11,2,4,8,11,9,5,10,11,9,8,0,9,9,5,8,3,9,0,5,10,4,10,5,0,9,11,4,6,4,4,10,5,5,11,5,7,10,4,5,9,0,5,4,0,10,0,10,7,10,11,0,5,6,8,0,5,9,7,9,9,8,7,10,11,4,2,4,9,10
5,11,3,9,10,5,0,0,6,7,5,6,10,9,5,3,0,6,8,2,6,6,2,9,8,8,2,9,10,0,11,8,10,5,0,8,3,0,5,6,7,10,11,0,9,6,5,4,11,10,5,9,0,0,10,2,2,8,7,0,6,7,11,8,9,8,10,4,10,11,3,5,9,8,11,5,10,2,10,9,0,3,5,9,0,10,6,11,0,10,9,2,10,10,6,9,4,10,2,6,11,5,11,6,2,10,0,5,7,5,5,11,6,6,0,6,8,11,5,6,10,2,6,5,2,11,2,11,8,11,0,2,6,7,9,2,6,10,8,10,10,9,8,11,0,5,3,5,10,11
6,0,4,10,11,6,2,2,7,8,6,7,11,10,6,4,2,7,9,3,7,7,3,10,9,9,3,10,11,2,0,9,11,6,2,9,4,2,6,7,8,11,0,2,10,7,6,5,0,11,6,10,2,2,11,3,3,9,8,2,7,8,0,9,10,9,11,5,11,0,4,6,10,9,0,6,11,3,11,10,2,4,6,10,2,11,7,0,2,11,10,3,11,11,7,10,5,11,3,7,0,6,0,7,3,11,2,6,8,6,6,0,7,7,2,7,9,0,6,7,11,3,7,6,3,0,3,0,9,0,2,3,7,8,10,3,7,11,9,11,11,10,9,0,2,6,4,6,11,0
7,2,5,11,0,7,3,3,8,9,7,8,0,11,7,5,3,8,10,4,8,8,4,11,10,10,4,11,0,3,2,10,0,7,3,10,5,3,7,8,9,0,2,3,11,8,7,6,2,0,7,11,3,3,0,4,4,10,9,3,8,9,2,10,11,10,0,6,0,2,5,7,11,10,2,7,0,4,0,11,3,5,7,11,3,0,8,2,3,0,11,4,0,0,8,11,6,0,4,8,2,7,2,8,4,0,3,7,9,7,7,2,8,8,3,8,10,2,7,8,0,4,8,7,4,2,4,2,10,2,3,4,8,9,11,4,8,0,10,0,0,11,10,2,3,7,5,7,0,2
8,3,6,0,2,8,4,4,9,10,8,9,2,0,8,6,4,9,11,5,9,9,5,0,11,11,5,0,2,4,3,11,2,8,4,11,6,4,8,9,10,2,3,4,0,9,8,7,3,2,8,0,4,4,2,5,5,11,10,4,9,10,3,11,0,11,2,7,2,3,6,8,0,11,3,8,2,5,2,0,4,6,8,0,4,2,9,3,4,2,0,5,2,2,9,0,7,2,5,9,3,8,3,9,5,2,4,8,10,8,8,3,9,9,4,9,11,3,8,9,2,5,9,8,5,3,5,3,11,3,4,5,9,10,0,5,9,2,11,2,2,0,11,3,4,8,6,8,2,3
9,4,7,2,3,9,5,5,10,11,9,10,3,2,9,7,5,10,0,6,10,10,6,2,0,0,6,2,3,5,4,0,3,9,5,0,7,5,9,10,11,3,4,5,2,10,9,8,4,3,9,2,5,5,3,6,6,0,11,5,10,11,4,0,2,0,3,8,3,4,7,9,2,0,4,9,3,6,3,2,5,7,9,2,5,3,10,4,5,3,2,6,3,3,10,2,8,3,6,10,4,9,4,10,6,3,5,9,11,9,9,4,10,10,5,10,0,4,9,10,3,6,10,9,6,4,6,4,0,4,5,6,10,11,2,6,10,3,0,3,3,2,0,4,5,9,7,9,3,4
10,5,8,3,4,10,6,6,11,0,10,11,4,3,10,8,6,11,2,7,11,11,7,3,2,2,7,3,4,6,5,2,4,10,6,2,8,6,10,11,0,4,5,6,3,11,10,9,5,4,10,3,6,6,4,7,7,2,0,6,11,0,5,2,3,2,4,9,4,5,8,10,3,2,5,10,4,7,4,3,6,8,10,3,6,4,11,5,6,4,3,7,4,4,11,3,9,4,7,11,5,10,5,11,7,4,6,10,0,10,10,5,11,11,6,11,2,5,10,11,4,7,11,10,7,5,7,5,2,5,6,7,11,0,3,7,11,4,2,4,4,3,2,5,6,10,8,10,4,5
11,6,9,4,5,11,7,7,0,2,11,0,5,4,11,9,7,0,3,8,0,0,8,4,3,3,8,4,5,7,6,3,5,11,7,3,9,7,11,0,2,5,6,7,4,0,11,10,6,5,11,4,7,7,5,8,8,3,2,7,0,2,6,3,4,3,5,10,5,6,9,11,4,3,6,11,5,8,5,4,7,9,11,4,7,5,0,6,7,5,4,8,5,5,0,4,10,5,8,0,6,11,6,0,8,5,7,11,2,11,11,6,0,0,7,0,3,6,11,0,5,8,0,11,8,6,8,6,3,6,7,8,0,2,4,8,0,5,3,5,5,4,3,6,7,11,9,11,5,6
0,7,10,5,6,0,8,8,2,3,0,2,6,5,0,10,8,2,4,9,2,2,9,5,4,4,9,5,6,8,7,4,6,0,8,4,10,8,0,2,3,6,7,8,5,2,0,11,7,6,0,5,8,8,6,9,9,4,3,8,2,3,7,4,5,4,6,11,6,7,10,0,5,4,7,0,6,9,6,5,8,10,0,5,8,6,2,7,8,6,5,9,6,6,2,5,11,6,9,2,7,0,7,2,9,6,8,0,3,0,0,7,2,2,8,2,4,7,0,2,6,9,2,0,9,7,9,7,4,7,8,9,2,3,5,9,2,6,4,6,6,5,4,7,8,0,10,0,6,7
2,8,11,6,7,2,9,9,3,4,2,3,7,6,2,11,9,3,5,10,3,3,10,6,5,5,10,6,7,9,8,5,7,2,9,5,11,9,2,3,4,7,8,9,6,3,2,0,8,7,2,6,9,9,7,10,10,5,4,9,3,4,8,5,6,5,7,0,7,8,11,2,6,5,8,2,7,10,7,6,9,11,2,6,9,7,3,8,9,7,6,10,7,7,3,6,0,7,10,3,8,2,8,3,10,7,9,2,4,2,2,8,3,3,9,3,5,8,2,3,7,10,3,2,10,8,10,8,5,8,9,10,3,4,6,10,3,7,5,7,7,6,5,8,9,2,11,2,7,8
3,9,0,7,8,3,10,10,4,5,3,4,8,7,3,0,10,4,6,11,4,4,11,7,6,6,11,7,8,10,9,6,8,3,10,6,0,10,3,4,5,8,9,10,7,4,3,2,9,8,3,7,10,10,8,11,11,6,5,10,4,5,9,6,7,6,8,2,8,9,0,3,7,6,9,3,8,11,8,7,10,0,3,7,10,8,4,9,10,8,7,11,8,8,4,7,2,8,11,4,9,3,9,4,11,8,10,3,5,3,3,9,4,4,10,4,6,9,3,4,8,11,4,3,11,9,11,9,6,9,10,11,4,5,7,11,4,8,6,8,8,7,6,9,10,3,0,3,8,9
4,10,2,8,9,4,11,11,5,6,4,5,9,8,4,2,11,5,7,0,5,5,0,8,7,7,0,8,9,11,10,7,9,4,11,7,2,11,4,5,6,9,10,11,8,5,4,3,10,9,4,8,11,11,9,0,0,7,6,11,5,6,10,7,8,7,9,3,9,10,2,4,8,7,10,4,9,0,9,8,11,2,4,8,11,9,5,10,11,9,8,0,9,9,5,8,3,9,0,5,10,4,10,5,0,9,11,4,6,4,4,10,5,5,11,5,7,10,4,5,9,0,5,4,0,10,0,10,7,10,11,0,5,6,8,0,5,9,7,9,9,8,7,10,11,4,2,4,9,10
5,11,3,9,10,5,0,0,6,7,5,6,10,9,5,3,0,6,8,2,6,6,2,9,8,8,2,9,10,0,11,8,10,5,0,8,3,0,5,6,7,10,11,0,9,6,5,4,11,10,5,9,0,0,10,2,2,8,7,0,6,7,11,8,9,8,10,4,10,11,3,5,9,8,11,5,10,2,10,9,0,3,5,9,0,10,6,11,0,10,9,2,10,10,6,9,4,10,2,6,11,5,11,6,2,10,0,5,7,5,5,11,6,6,0,6,8,11,5,6,10,2,6,5,2,11,2,11,8,11,0,2,6,7,9,2,6,10,8,10,10,9,8,11,0,5,3,5,10,11
6,0,4,10,11,6,2,2,7,8,6,7,11,10,6,4,2,7,9,3,7,7,3,10,9,9,3,10,11,2,0,9,11,6,2,9,4,2,6,7,8,11,0,2,10,7,6,5,0,11,6,10,2,2,11,3,3,9,8,2,7,8,0,9,10,9,11,5,11,0,4,6,10,9,0,6,11,3,11,10,2,4,6,10,2,11,7,0,2,11,10,3,11,11,7,10,5,11,3,7,0,6,0,7,3,11,2,6,8,6,6,0,7,7,2,7,9,0,6,7,11,3,7,6,3,0,3,0,9,0,2,3,7,8,10,3,7,11,9,11,11,10,9,0,2,6,4,6,11,0
7,2,5,11,0,7,3,3,8,9,7,8,0,11,7,5,3,8,10,4,8,8,4,11,10,10,4,11,0,3,2,10,0,7,3,10,5,3,7,8,9,0,2,3,11,8,7,6,2,0,7,11,3,3,0,4,4,10,9,3,8,9,2,10,11,10,0,6,0,2,5,7,11,10,2,7,0,4,0,11,3,5,7,11,3,0,8,2,3,0,11,4,0,0,8,11,6,0,4,8,2,7,2,8,4,0,3,7,9,7,7,2,8,8,3,8,10,2,7,8,0,4,8,7,4,2,4,2,10,2,3,4,8,9,11,4,8,0,10,0,0,11,10,2,3,7,5,7,0,2
8,3,6,0,2,8,4,4,9,10,8,9,2,0,8,6,4,9,11,5,9,9,5,0,11,11,5,0,2,4,3,11,2,8,4,11,6,4,8,9,10,2,3,4,0,9,8,7,3,2,8,0,4,4,2,5,5,11,10,4,9,10,3,11,0,11,2,7,2,3,6,8,0,11,3,8,2,5,2,0,4,6,8,0,4,2,9,3,4,2,0,5,2,2,9,0,7,2,5,9,3,8,3,9,5,2,4,8,10,8,8,3,9,9,4,9,11,3,8,9,2,5,9,8,5,3,5,3,11,3,4,5,9,10,0,5,9,2,11,2,2,0,11,3,4,8,6,8,2,3
9,4,7,2,3,9,5,5,10,11,9,10,3,2,9,7,5,10,0,6,10,10,6,2,0,0,6,2,3,5,4,0,3,9,5,0,7,5,9,10,11,3,4,5,2,10,9,8,4,3,9,2,5,5,3,6,6,0,11,5,10,11,4,0,2,0,3,8,3,4,7,9,2,0,4,9,3,6,3,2,5,7,9,2,5,3,10,4,5,3,2,6,3,3,10,2,8,3,6,10,4,9,4,10,6,3,5,9,11,9,9,4,10,10,5,10,0,4,9,10,3,6,10,9,6,4,6,4,0,4,5,6,10,11,2,6,10,3,0,3,3,2,0,4,5,9,7,9,3,4
10,5,8,3,4,10,6,6,11,0,10,11,4,3,10,8,6,11,2,7,11,11,7,3,2,2,7,3,4,6,5,2,4,10,6,2,8,6,10,11,0,4,5,6,3,11,10,9,5,4,10,3,6,6,4,7,7,2,0,6,11,0,5,2,3,2,4,9,4,5,8,10,3,2,5,10,4,7,4,3,6,8,10,3,6,4,11,5,6,4,3,7,4,4,11,3,9,4,7,11,5,10,5,11,7,4,6,10,0,10,10,5,11,11,6,11,2,5,10,11,4,7,11,10,7,5,7,5,2,5,6,7,11,0,3,7,11,4,2,4,4,3,2,5,6,10,8,10,4,5
11,6,9,4,5,11,7,7,0,2,11,0,5,4,11,9,7,0,3,8,0,0,8,4,3,3,8,4,5,7,6,3,5,11,7,3,9,7,11,0,2,5,6,7,4,0,11,10,6,5,11,4,7,7,5,8,8,3,2,7,0,2,6,3,4,3,5,10,5,6,9,11,4,3,6,11,5,8,5,4,7,9,11,4,7,5,0,6,7,5,4,8,5,5,0,4,10,5,8,0,6,11,6,0,8,5,7,11,2,11,11,6,0,0,7,0,3,6,11,0,5,8,0,11,8,6,8,6,3,6,7,8,0,2,4,8,0,5,3,5,5,4,3,6,7,11,9,11,5,6
0,7,10,5,6,0,8,8,2,3,0,2,6,5,0,10,8,2,4,9,2,2,9,5,4,4,9,5,6,8,7,4,6,0,8,4,10,8,0,2,3,6,7,8,5,2,0,11,7,6,0,5,8,8,6,9,9,4,3,8,2,3,7,4,5,4,6,11,6,7,10,0,5,4,7,0,6,9,6,5,8,10,0,5,8,6,2,7,8,6,5,9,6,6,2,5,11,6,9,2,7,0,7,2,9,6,8,0,3,0,0,7,2,2,8,2,4,7,0,2,6,9,2,0,9,7,9,7,4,7,8,9,2,3,5,9,2,6,4,6,6,5,4,7,8,0,10,0,6,7
2,8,11,6,7,2,9,9,3,4,2,3,7,6,2,11,9,3,5,10,3,3,10,6,5,5,10,6,7,9,8,5,7,2,9,5,11,9,2,3,4,7,8,9,6,3,2,0,8,7,2,6,9,9,7,10,10,5,4,9,3,4,8,5,6,5,7,0,7,8,11,2,6,5,8,2,7,10,7,6,9,11,2,6,9,7,3,8,9,7,6,10,7,7,3,6,0,7,10,3,8,2,8,3,10,7,9,2,4,2,2,8,3,3,9,3,5,8,2,3,7,10,3,2,10,8,10,8,5,8,9,10,3,4,6,10,3,7,5,7,7,6,5,8,9,2,11,2,7,8
3,9,0,7,8,3,10,10,4,5,3,4,8,7,3,0,10,4,6,11,4,4,11,7,6,6,11,7,8,10,9,6,8,3,10,6,0,10,3,4,5,8,9,10,7,4,3,2,9,8,3,7,10,10,8,11,11,6,5,10,4,5,9,6,7,6,8,2,8,9,0,3,7,6,9,3,8,11,8,7,10,0,3,7,10,8,4,9,10,8,7,11,8,8,4,7,2,8,11,4,9,3,9,4,11,8,10,3,5,3,3,9,4,4,10,4,6,9,3,4,8,11,4,3,11,9,11,9,6,9,10,11,4,5,7,11,4,8,6,8,8,7,6,9,10,3,0,3,8,9
4,10,2,8,9,4,11,11,5,6,4,5,9,8,4,2,11,5,7,0,5,5,0,8,7,7,0,8,9,11,10,7,9,4,11,7,2,11,4,5,6,9,10,11,8,5,4,3,10,9,4,8,11,11,9,0,0,7,6,11,5,6,10,7,8,7,9,3,9,10,2,4,8,7,10,4,9,0,9,8,11,2,4,8,11,9,5,10,11,9,8,0,9,9,5,8,3,9,0,5,10,4,10,5,0,9,11,4,6,4,4,10,5,5,11,5,7,10,4,5,9,0,5,4,0,10,0,10,7,10,11,0,5,6,8,0,5,9,7,9,9,8,7,10,11,4,2,4,9,10
5,11,3,9,10,5,0,0,6,7,5,6,10,9,5,3,0,6,8,2,6,6,2,9,8,8,2,9,10,0,11,8,10,5,0,8,3,0,5,6,7,10,11,0,9,6,5,4,11,10,5,9,0,0,10,2,2,8,7,0,6,7,11,8,9,8,10,4,10,11,3,5,9,8,11,5,10,2,10,9,0,3,5,9,0,10,6,11,0,10,9,2,10,10,6,9,4,10,2,6,11,5,11,6,2,10,0,5,7,5,5,11,6,6,0,6,8,11,5,6,10,2,6,5,2,11,2,11,8,11,0,2,6,7,9,2,6,10,8,10,10,9,8,11,0,5,3,5,10,11
6,0,4,10,11,6,2,2,7,8,6,7,11,10,6,4,2,7,9,3,7,7,3,10,9,9,3,10,11,2,0,9,11,6,2,9,4,2,6,7,8,11,0,2,10,7,6,5,0,11,6,10,2,2,11,3,3,9,8,2,7,8,0,9,10,9,11,5,11,0,4,6,10,9,0,6,11,3,11,10,2,4,6,10,2,11,7,0,2,11,10,3,11,11,7,10,5,11,3,7,0,6,0,7,3,11,2,6,8,6,6,0,7,7,2,7,9,0,6,7,11,3,7,6,3,0,3,0,9,0,2,3,7,8,10,3,7,11,9,11,11,10,9,0,2,6,4,6,11,0
7,2,5,11,0,7,3,3,8,9,7,8,0,11,7,5,3,8,10,4,8,8,4,11,10,10,4,11,0,3,2,10,0,7,3,10,5,3,7,8,9,0,2,3,11,8,7,6,2,0,7,11,3,3,0,4,4,10,9,3,8,9,2,10,11,10,0,6,0,2,5,7,11,10,2,7,0,4,0,11,3,5,7,11,3,0,8,2,3,0,11,4,0,0,8,11,6,0,4,8,2,7,2,8,4,0,3,7,9,7,7,2,8,8,3,8,10,2,7,8,0,4,8,7,4,2,4,2,10,2,3,4,8,9,11,4,8,0,10,0,0,11,10,2,3,7,5,7,0,2
8,3,6,0,2,8,4,4,9,10,8,9,2,0,8,6,4,9,11,5,9,9,5,0,11,11,5,0,2,4,3,11,2,8,4,11,6,4,8,9,10,2,3,4,0,9,8,7,3,2,8,0,4,4,2,5,5,11,10,4,9,10,3,11,0,11,2,7,2,3,6,8,0,11,3,8,2,5,2,0,4,6,8,0,4,2,9,3,4,2,0,5,2,2,9,0,7,2,5,9,3,8,3,9,5,2,4,8,10,8,8,3,9,9,4,9,11,3,8,9,2,5,9,8,5,3,5,3,11,3,4,5,9,10,0,5,9,2,11,2,2,0,11,3,4,8,6,8,2,3
9,4,7,2,3,9,5,5,10,11,9,10,3,2,9,7,5,10,0,6,10,10,6,2,0,0,6,2,3,5,4,0,3,9,5,0,7,5,9,10,11,3,4,5,2,10,9,8,4,3,9,2,5,5,3,6,6,0,11,5,10,11,4,0,2,0,3,8,3,4,7,9,2,0,4,9,3,6,3,2,5,7,9,2,5,3,10,4,5,3,2,6,3,3,10,2,8,3,6,10,4,9,4,10,6,3,5,9,11,9,9,4,10,10,5,10,0,4,9,10,3,6,10,9,6,4,6,4,0,4,5,6,10,11,2,6,10,3,0,3,3,2,0,4,5,9,7,9,3,4
10,5,8,3,4,10,6,6,11,0,10,11,4,3,10,8,6,11,2,7,11,11,7,3,2,2,7,3,4,6,5,2,4,10,6,2,8,6,10,11,0,4,5,6,3,11,10,9,5,4,10,3,6,6,4,7,7,2,0,6,11,0,5,2,3,2,4,9,4,5,8,10,3,2,5,10,4,7,4,3,6,8,10,3,6,4,11,5,6,4,3,7,4,4,11,3,9,4,7,11,5,10,5,11,7,4,6,10,0,10,10,5,11,11,6,11,2,5,10,11,4,7,11,10,7,5,7,5,2,5,6,7,11,0,3,7,11,4,2,4,4,3,2,5,6,10,8,10,4,5
11,6,9,4,5,11,7,7,0,2,11,0,5,4,11,9,7,0,3,8,0,0,8,4,3,3,8,4,5,7,6,3,5,11,7,3,9,7,11,0,2,5,6,7,4,0,11,10,6,5,11,4,7,7,5,8,8,3,2,7,0,2,6,3,4,3,5,10,5,6,9,11,4,3,6,11,5,8,5,4,7,9,11,4,7,5,0,6,7,5,4,8,5,5,0,4,10,5,8,0,6,11,6,0,8,5,7,11,2,11,11,6,0,0,7,0,3,6,11,0,5,8,0,11,8,6,8,6,3,6,7,8,0,2,4,8,0,5,3,5,5,4,3,6,7,11,9,11,5,6
0,7,10,5,6,0,8,8,2,3,0,2,6,5,0,10,8,2,4,9,2,2,9,5,4,4,9,5,6,8,7,4,6,0,8,4,10,8,0,2,3,6,7,8,5,2,0,11,7,6,0,5,8,8,6,9,9,4,3,8,2,3,7,4,5,4,6,11,6,7,10,0,5,4,7,0,6,9,6,5,8,10,0,5,8,6,2,7,8,6,5,9,6,6,2,5,11,6,9,2,7,0,7,2,9,6,8,0,3,0,0,7,2,2,8,2,4,7,0,2,6,9,2,0,9,7,9,7,4,7,8,9,2,3,5,9,2,6,4,6,6,5,4,7,8,0,10,0,6,7
2,8,11,6,7,2,9,9,3,4,2,3,7,6,2,11,9,3,5,10,3,3,10,6,5,5,10,6,7,9,8,5,7,2,9,5,11,9,2,3,4,7,8,9,6,3,2,0,8,7,2,6,9,9,7,10,10,5,4,9,3,4,8,5,6,5,7,0,7,8,11,2,6,5,8,2,7,10,7,6,9,11,2,6,9,7,3,8,9,7,6,10,7,7,3,6,0,7,10,3,8,2,8,3,10,7,9,2,4,2,2,8,3,3,9,3,5,8,2,3,7,10,3,2,10,8,10,8,5,8,9,10,3,4,6,10,3,7,5,7,7,6,5,8,9,2,11,2,7,8
3,9,0,7,8,3,10,10,4,5,3,4,8,7,3,0,10,4,6,11,4,4,11,7,6,6,11,7,8,10,9,6,8,3,10,6,0,10,3,4,5,8,9,10,7,4,3,2,9,8,3,7,10,10,8,11,11,6,5,10,4,5,9,6,7,6,8,2,8,9,0,3,7,6,9,3,8,11,8,7,10,0,3,7,10,8,4,9,10,8,7,11,8,8,4,7,2,8,11,4,9,3,9,4,11,8,10,3,5,3,3,9,4,4,10,4,6,9,3,4,8,11,4,3,11,9,11,9,6,9,10,11,4,5,7,11,4,8,6,8,8,7,6,9,10,3,0,3,8,9
4,10,2,8,9,4,11,11,5,6,4,5,9,8,4,2,11,5,7,0,5,5,0,8,7,7,0,8,9,11,10,7,9,4,11,7,2,11,4,5,6,9,10,11,8,5,4,3,10,9,4,8,11,11,9,0,0,7,6,11,5,6,10,7,8,7,9,3,9,10,2,4,8,7,10,4,9,0,9,8,11,2,4,8,11,9,5,10,11,9,8,0,9,9,5,8,3,9,0,5,10,4,10,5,0,9,11,4,6,4,4,10,5,5,11,5,7,10,4,5,9,0,5,4,0,10,0,10,7,10,11,0,5,6,8,0,5,9,7,9,9,8,7,10,11,4,2,4,9,10
5,11,3,9,10,5,0,0,6,7,5,6,10,9,5,3,0,6,8,2,6,6,2,9,8,8,2,9,10,0,11,8,10,5,0,8,3,0,5,6,7,10,11,0,9,6,5,4,11,10,5,9,0,0,10,2,2,8,7,0,6,7,11,8,9,8,10,4,10,11,3,5,9,8,11,5,10,2,10,9,0,3,5,9,0,10,6,11,0,10,9,2,10,10,6,9,4,10,2,6,11,5,11,6,2,10,0,5,7,5,5,11,6,6,0,6,8,11,5,6,10,2,6,5,2,11,2,11,8,11,0,2,6,7,9,2,6,10,8,10,10,9,8,11,0,5,3,5,10,11
6,0,4,10,11,6,2,2,7,8,6,7,11,10,6,4,2,7,9,3,7,7,3,10,9,9,3,10,11,2,0,9,11,6,2,9,4,2,6,7,8,11,0,2,10,7,6,5,0,11,6,10,2,2,11,3,3,9,8,2,7,8,0,9,10,9,11,5,11,0,4,6,10,9,0,6,11,3,11,10,2,4,6,10,2,11,7,0,2,11,10,3,11,11,7,10,5,11,3,7,0,6,0,7,3,11,2,6,8,6,6,0,7,7,2,7,9,0,6,7,11,3,7,6,3,0,3,0,9,0,2,3,7,8,10,3,7,11,9,11,11,10,9,0,2,6,4,6,11,0
7,2,5,11,0,7,3,3,8,9,7,8,0,11,7,5,3,8,10,4,8,8,4,11,10,10,4,11,0,3,2,10,0,7,3,10,5,3,7,8,9,0,2,3,11,8,7,6,2,0,7,11,3,3,0,4,4,10,9,3,8,9,2,10,11,10,0,6,0,2,5,7,11,10,2,7,0,4,0,11,3,5,7,11,3,0,8,2,3,0,11,4,0,0,8,11,6,0,4,8,2,7,2,8,4,0,3,7,9,7,7,2,8,8,3,8,10,2,7,8,0,4,8,7,4,2,4,2,10,2,3,4,8,9,11,4,8,0,10,0,0,11,10,2,3,7,5,7,0,2
8,3,6,0,2,8,4,4,9,10,8,9,2,0,8,6,4,9,11,5,9,9,5,0,11,11,5,0,2,4,3,11,2,8,4,11,6,4,8,9,10,2,3,4,0,9,8,7,3,2,8,0,4,4,2,5,5,11,10,4,9,10,3,11,0,11,2,7,2,3,6,8,0,11,3,8,2,5,2,0,4,6,8,0,4,2,9,3,4,2,0,5,2,2,9,0,7,2,5,9,3,8,3,9,5,2,4,8,10,8,8,3,9,9,4,9,11,3,8,9,2,5,9,8,5,3,5,3,11,3,4,5,9,10,0,5,9,2,11,2,2,0,11,3,4,8,6,8,2,3
9,4,7,2,3,9,5,5,10,11,9,10,3,2,9,7,5,10,0,6,10,10,6,2,0,0,6,2,3,5,4,0,3,9,5,0,7,5,9,10,11,3,4,5,2,10,9,8,4,3,9,2,5,5,3,6,6,0,11,5,10,11,4,0,2,0,3,8,3,4,7,9,2,0,4,9,3,6,3,2,5,7,9,2,5,3,10,4,5,3,2,6,3,3,10,2,8,3,6,10,4,9,4,10,6,3,5,9,11,9,9,4,10,10,5,10,0,4,9,10,3,6,10,9,6,4,6,4,0,4,5,6,10,11,2,6,10,3,0,3,3,2,0,4,5,9,7,9,3,4
10,5,8,3,4,10,6,6,11,0,10,11,4,3,10,8,6,11,2,7,11,11,7,3,2,2,7,3,4,6,5,2,4,10,6,2,8,6,10,11,0,4,5,6,3,11,10,9,5,4,10,3,6,6,4,7,7,2,0,6,11,0,5,2,3,2,4,9,4,5,8,10,3,2,5,10,4,7,4,3,6,8,10,3,6,4,11,5,6,4,3,7,4,4,11,3,9,4,7,11,5,10,5,11,7,4,6,10,0,10,10,5,11,11,6,11,2,5,10,11,4,7,11,10,7,5,7,5,2,5,6,7,11,0,3,7,11,4,2,4,4,3,2,5,6,10,8,10,4,5
11,6,9,4,5,11,7,7,0,2,11,0,5,4,11,9,7,0,3,8,0,0,8,4,3,3,8,4,5,7,6,3,5,11,7,3,9,7,11,0,2,5,6,7,4,0,11,10,6,5,11,4,7,7,5,8,8,3,2,7,0,2,6,3,4,3,5,10,5,6,9,11,4,3,6,11,5,8,5,4,7,9,11,4,7,5,0,6,7,5,4,8,5,5,0,4,10,5,8,0,6,11,6,0,8,5,7,11,2,11,11,6,0,0,7,0,3,6,11,0,5,8,0,11,8,6,8,6,3,6,7,8,0,2,4,8,0,5,3,5,5,4,3,6,7,11,9,11,5,6
0,7,10,5,6,0,8,8,2,3,0,2,6,5,0,10,8,2,4,9,2,2,9,5,4,4,9,5,6,8,7,4,6,0,8,4,10,8,0,2,3,6,7,8,5,2,0,11,7,6,0,5,8,8,6,9,9,4,3,8,2,3,7,4,5,4,6,11,6,7,10,0,5,4,7,0,6,9,6,5,8,10,0,5,8,6,2,7,8,6,5,9,6,6,2,5,11,6,9,2,7,0,7,2,9,6,8,0,3,0,0,7,2,2,8,2,4,7,0,2,6,9,2,0,9,7,9,7,4,7,8,9,2,3,5,9,2,6,4,6,6,5,4,7,8,0,10,0,6,7
2,8,11,6,7,2,9,9,3,4,2,3,7,6,2,11,9,3,5,10,3,3,10,6,5,5,10,6,7,9,8,5,7,2,9,5,11,9,2,3,4,7,8,9,6,3,2,0,8,7,2,6,9,9,7,10,10,5,4,9,3,4,8,5,6,5,7,0,7,8,11,2,6,5,8,2,7,10,7,6,9,11,2,6,9,7,3,8,9,7,6,10,7,7,3,6,0,7,10,3,8,2,8,3,10,7,9,2,4,2,2,8,3,3,9,3,5,8,2,3,7,10,3,2,10,8,10,8,5,8,9,10,3,4,6,10,3,7,5,7,7,6,5,8,9,2,11,2,7,8
3,9,0,7,8,3,10,10,4,5,3,4,8,7,3,0,10,4,6,11,4,4,11,7,6,6,11,7,8,10,9,6,8,3,10,6,0,10,3,4,5,8,9,10,7,4,3,2,9,8,3,7,10,10,8,11,11,6,5,10,4,5,9,6,7,6,8,2,8,9,0,3,7,6,9,3,8,11,8,7,10,0,3,7,10,8,4,9,10,8,7,11,8,8,4,7,2,8,11,4,9,3,9,4,11,8,10,3,5,3,3,9,4,4,10,4,6,9,3,4,8,11,4,3,11,9,11,9,6,9,10,11,4,5,7,11,4,8,6,8,8,7,6,9,10,3,0,3,8,9
4,10,2,8,9,4,11,11,5,6,4,5,9,8,4,2,11,5,7,0,5,5,0,8,7,7,0,8,9,11,10,7,9,4,11,7,2,11,4,5,6,9,10,11,8,5,4,3,10,9,4,8,11,11,9,0,0,7,6,11,5,6,10,7,8,7,9,3,9,10,2,4,8,7,10,4,9,0,9,8,11,2,4,8,11,9,5,10,11,9,8,0,9,9,5,8,3,9,0,5,10,4,10,5,0,9,11,4,6,4,4,10,5,5,11,5,7,10,4,5,9,0,5,4,0,10,0,10,7,10,11,0,5,6,8,0,5,9,7,9,9,8,7,10,11,4,2,4,9,10
5,11,3,9,10,5,0,0,6,7,5,6,10,9,5,3,0,6,8,2,6,6,2,9,8,8,2,9,10,0,11,8,10,5,0,8,3,0,5,6,7,10,11,0,9,6,5,4,11,10,5,9,0,0,10,2,2,8,7,0,6,7,11,8,9,8,10,4,10,11,3,5,9,8,11,5,10,2,10,9,0,3,5,9,0,10,6,11,0,10,9,2,10,10,6,9,4,10,2,6,11,5,11,6,2,10,0,5,7,5,5,11,6,6,0,6,8,11,5,6,10,2,6,5,2,11,2,11,8,11,0,2,6,7,9,2,6,10,8,10,10,9,8,11,0,5,3,5,10,11
6,0,4,10,11,6,2,2,7,8,6,7,11,10,6,4,2,7,9,3,7,7,3,10,9,9,3,10,11,2,0,9,11,6,2,9,4,2,6,7,8,11,0,2,10,7,6,5,0,11,6,10,2,2,11,3,3,9,8,2,7,8,0,9,10,9,11,5,11,0,4,6,10,9,0,6,11,3,11,10,2,4,6,10,2,11,7,0,2,11,10,3,11,11,7,10,5,11,3,7,0,6,0,7,3,11,2,6,8,6,6,0,7,7,2,7,9,0,6,7,11,3,7,6,3,0,3,0,9,0,2,3,7,8,10,3,7,11,9,11,11,10,9,0,2,6,4,6,11,0
7,2,5,11,0,7,3,3,8,9,7,8,0,11,7,5,3,8,10,4,8,8,4,11,10,10,4,11,0,3,2,10,0,7,3,10,5,3,7,8,9,0,2,3,11,8,7,6,2,0,7,11,3,3,0,4,4,10,9,3,8,9,2,10,11,10,0,6,0,2,5,7,11,10,2,7,0,4,0,11,3,5,7,11,3,0,8,2,3,0,11,4,0,0,8,11,6,0,4,8,2,7,2,8,4,0,3,7,9,7,7,2,8,8,3,8,10,2,7,8,0,4,8,7,4,2,4,2,10,2,3,4,8,9,11,4,8,0,10,0,0,11,10,2,3,7,5,7,0,2
8,3,6,0,2,8,4,4,9,10,8,9,2,0,8,6,4,9,11,5,9,9,5,0,11,11,5,0,2,4,3,11,2,8,4,11,6,4,8,9,10,2,3,4,0,9,8,7,3,2,8,0,4,4,2,5,5,11,10,4,9,10,3,11,0,11,2,7,2,3,6,8,0,11,3,8,2,5,2,0,4,6,8,0,4,2,9,3,4,2,0,5,2,2,9,0,7,2,5,9,3,8,3,9,5,2,4,8,10,8,8,3,9,9,4,9,11,3,8,9,2,5,9,8,5,3,5,3,11,3,4,5,9,10,0,5,9,2,11,2,2,0,11,3,4,8,6,8,2,3
9,4,7,2,3,9,5,5,10,11,9,10,3,2,9,7,5,10,0,6,10,10,6,2,0,0,6,2,3,5,4,0,3,9,5,0,7,5,9,10,11,3,4,5,2,10,9,8,4,3,9,2,5,5,3,6,6,0,11,5,10,11,4,0,2,0,3,8,3,4,7,9,2,0,4,9,3,6,3,2,5,7,9,2,5,3,10,4,5,3,2,6,3,3,10,2,8,3,6,10,4,9,4,10,6,3,5,9,11,9,9,4,10,10,5,10,0,4,9,10,3,6,10,9,6,4,6,4,0,4,5,6,10,11,2,6,10,3,0,3,3,2,0,4,5,9,7,9,3,4
10,5,8,3,4,10,6,6,11,0,10,11,4,3,10,8,6,11,2,7,11,11,7,3,2,2,7,3,4,6,5,2,4,10,6,2,8,6,10,11,0,4,5,6,3,11,10,9,5,4,10,3,6,6,4,7,7,2,0,6,11,0,5,2,3,2,4,9,4,5,8,10,3,2,5,10,4,7,4,3,6,8,10,3,6,4,11,5,6,4,3,7,4,4,11,3,9,4,7,11,5,10,5,11,7,4,6,10,0,10,10,5,11,11,6,11,2,5,10,11,4,7,11,10,7,5,7,5,2,5,6,7,11,0,3,7,11,4,2,4,4,3,2,5,6,10,8,10,4,5
11,6,9,4,5,11,7,7,0,2,11,0,5,4,11,9,7,0,3,8,0,0,8,4,3,3,8,4,5,7,6,3,5,11,7,3,9,7,11,0,2,5,6,7,4,0,11,10,6,5,11,4,7,7,5,8,8,3,2,7,0,2,6,3,4,3,5,10,5,6,9,11,4,3,6,11,5,8,5,4,7,9,11,4,7,5,0,6,7,5,4,8,5,5,0,4,10,5,8,0,6,11,6,0,8,5,7,11,2,11,11,6,0,0,7,0,3,6,11,0,5,8,0,11,8,6,8,6,3,6,7,8,0,2,4,8,0,5,3,5,5,4,3,6,7,11,9,11,5,6
0,7,10,5,6,0,8,8,2,3,0,2,6,5,0,10,8,2,4,9,2,2,9,5,4,4,9,5,6,8,7,4,6,0,8,4,10,8,0,2,3,6,7,8,5,2,0,11,7,6,0,5,8,8,6,9,9,4,3,8,2,3,7,4,5,4,6,11,6,7,10,0,5,4,7,0,6,9,6,5,8,10,0,5,8,6,2,7,8,6,5,9,6,6,2,5,11,6,9,2,7,0,7,2,9,6,8,0,3,0,0,7,2,2,8,2,4,7,0,2,6,9,2,0,9,7,9,7,4,7,8,9,2,3,5,9,2,6,4,6,6,5,4,7,8,0,10,0,6,7
2,8,11,6,7,2,9,9,3,4,2,3,7,6,2,11,9,3,5,10,3,3,10,6,5,5,10,6,7,9,8,5,7,2,9,5,11,9,2,3,4,7,8,9,6,3,2,0,8,7,2,6,9,9,7,10,10,5,4,9,3,4,8,5,6,5,7,0,7,8,11,2,6,5,8,2,7,10,7,6,9,11,2,6,9,7,3,8,9,7,6,10,7,7,3,6,0,7,10,3,8,2,8,3,10,7,9,2,4,2,2,8,3,3,9,3,5,8,2,3,7,10,3,2,10,8,10,8,5,8,9,10,3,4,6,10,3,7,5,7,7,6,5,8,9,2,11,2,7,8
3,9,0,7,8,3,10,10,4,5,3,4,8,7,3,0,10,4,6,11,4,4,11,7,6,6,11,7,8,10,9,6,8,3,10,6,0,10,3,4,5,8,9,10,7,4,3,2,9,8,3,7,10,10,8,11,11,6,5,10,4,5,9,6,7,6,8,2,8,9,0,3,7,6,9,3,8,11,8,7,10,0,3,7,10,8,4,9,10,8,7,11,8,8,4,7,2,8,11,4,9,3,9,4,11,8,10,3,5,3,3,9,4,4,10,4,6,9,3,4,8,11,4,3,11,9,11,9,6,9,10,11,4,5,7,11,4,8,6,8,8,7,6,9,10,3,0,3,8,9
4,10,2,8,9,4,11,11,5,6,4,5,9,8,4,2,11,5,7,0,5,5,0,8,7,7,0,8,9,11,10,7,9,4,11,7,2,11,4,5,6,9,10,11,8,5,4,3,10,9,4,8,11,11,9,0,0,7,6,11,5,6,10,7,8,7,9,3,9,10,2,4,8,7,10,4,9,0,9,8,11,2,4,8,11,9,5,10,11,9,8,0,9,9,5,8,3,9,0,5,10,4,10,5,0,9,11,4,6,4,4,10,5,5,11,5,7,10,4,5,9,0,5,4,0,10,0,10,7,10,11,0,5,6,8,0,5,9,7,9,9,8,7,10,11,4,2,4,9,10
5,11,3,9,10,5,0,0,6,7,5,6,10,9,5,3,0,6,8,2,6,6,2,9,8,8,2,9,10,0,11,8,10,5,0,8,3,0,5,6,7,10,11,0,9,6,5,4,11,10,5,9,0,0,10,2,2,8,7,0,6,7,11,8,9,8,10,4,10,11,3,5,9,8,11,5,10,2,10,9,0,3,5,9,0,10,6,11,0,10,9,2,10,10,6,9,4,10,2,6,11,5,11,6,2,10,0,5,7,5,5,11,6,6,0,6,8,11,5,6,10,2,6,5,2,11,2,11,8,11,0,2,6,7,9,2,6,10,8,10,10,9,8,11,0,5,3,5,10,11
6,0,4,10,11,6,2,2,7,8,6,7,11,10,6,4,2,7,9,3,7,7,3,10,9,9,3,10,11,2,0,9,11,6,2,9,4,2,6,7,8,11,0,2,10,7,6,5,0,11,6,10,2,2,11,3,3,9,8,2,7,8,0,9,10,9,11,5,11,0,4,6,10,9,0,6,11,3,11,10,2,4,6,10,2,11,7,0,2,11,10,3,11,11,7,10,5,11,3,7,0,6,0,7,3,11,2,6,8,6,6,0,7,7,2,7,9,0,6,7,11,3,7,6,3,0,3,0,9,0,2,3,7,8,10,3,7,11,9,11,11,10,9,0,2,6,4,6,11,0
7,2,5,11,0,7,3,3,8,9,7,8,0,11,7,5,3,8,10,4,8,8,4,11,10,10,4,11,0,3,2,10,0,7,3,10,5,3,7,8,9,0,2,3,11,8,7,6,2,0,7,11,3,3,0,4,4,10,9,3,8,9,2,10,11,10,0,6,0,2,5,7,11,10,2,7,0,4,0,11,3,5,7,11,3,0,8,2,3,0,11,4,0,0,8,11,6,0,4,8,2,7,2,8,4,0,3,7,9,7,7,2,8,8,3,8,10,2,7,8,0,4,8,7,4,2,4,2,10,2,3,4,8,9,11,4,8,0,10,0,0,11,10,2,3,7,5,7,0,2
8,3,6,0,2,8,4,4,9,10,8,9,2,0,8,6,4,9,11,5,9,9,5,0,11,11,5,0,2,4,3,11,2,8,4,11,6,4,8,9,10,2,3,4,0,9,8,7,3,2,8,0,4,4,2,5,5,11,10,4,9,10,3,11,0,11,2,7,2,3,6,8,0,11,3,8,2,5,2,0,4,6,8,0,4,2,9,3,4,2,0,5,2,2,9,0,7,2,5,9,3,8,3,9,5,2,4,8,10,8,8,3,9,9,4,9,11,3,8,9,2,5,9,8,5,3,5,3,11,3,4,5,9,10,0,5,9,2,11,2,2,0,11,3,4,8,6,8,2,3
9,4,7,2,3,9,5,5,10,11,9,10,3,2,9,7,5,10,0,6,10,10,6,2,0,0,6,2,3,5,4,0,3,9,5,0,7,5,9,10,11,3,4,5,2,10,9,8,4,3,9,2,5,5,3,6,6,0,11,5,10,11,4,0,2,0,3,8,3,4,7,9,2,0,4,9,3,6,3,2,5,7,9,2,5,3,10,4,5,3,2,6,3,3,10,2,8,3,6,10,4,9,4,10,6,3,5,9,11,9,9,4,10,10,5,10,0,4,9,10,3,6,10,9,6,4,6,4,0,4,5,6,10,11,2,6,10,3,0,3,3,2,0,4,5,9,7,9,3,4
10,5,8,3,4,10,6,6,11,0,10,11,4,3,10,8,6,11,2,7,11,11,7,3,2,2,7,3,4,6,5,2,4,10,6,2,8,6,10,11,0,4,5,6,3,11,10,9,5,4,10,3,6,6,4,7,7,2,0,6,11,0,5,2,3,2,4,9,4,5,8,10,3,2,5,10,4,7,4,3,6,8,10,3,6,4,11,5,6,4,3,7,4,4,11,3,9,4,7,11,5,10,5,11,7,4,6,10,0,10,10,5,11,11,6,11,2,5,10,11,4,7,11,10,7,5,7,5,2,5,6,7,11,0,3,7,11,4,2,4,4,3,2,5,6,10,8,10,4,5
11,6,9,4,5,11,7,7,0,2,11,0,5,4,11,9,7,0,3,8,0,0,8,4,3,3,8,4,5,7,6,3,5,11,7,3,9,7,11,0,2,5,6,7,4,0,11,10,6,5,11,4,7,7,5,8,8,3,2,7,0,2,6,3,4,3,5,10,5,6,9,11,4,3,6,11,5,8,5,4,7,9,11,4,7,5,0,6,7,5,4,8,5,5,0,4,10,5,8,0,6,11,6,0,8,5,7,11,2,11,11,6,0,0,7,0,3,6,11,0,5,8,0,11,8,6,8,6,3,6,7,8,0,2,4,8,0,5,3,5,5,4,3,6,7,11,9,11,5,6
0,7,10,5,6,0,8,8,2,3,0,2,6,5,0,10,8,2,4,9,2,2,9,5,4,4,9,5,6,8,7,4,6,0,8,4,10,8,0,2,3,6,7,8,5,2,0,11,7,6,0,5,8,8,6,9,9,4,3,8,2,3,7,4,5,4,6,11,6,7,10,0,5,4,7,0,6,9,6,5,8,10,0,5,8,6,2,7,8,6,5,9,6,6,2,5,11,6,9,2,7,0,7,2,9,6,8,0,3,0,0,7,2,2,8,2,4,7,0,2,6,9,2,0,9,7,9,7,4,7,8,9,2,3,5,9,2,6,4,6,6,5,4,7,8,0,10,0,6,7
2,8,11,6,7,2,9,9,3,4,2,3,7,6,2,11,9,3,5,10,3,3,10,6,5,5,10,6,7,9,8,5,7,2,9,5,11,9,2,3,4,7,8,9,6,3,2,0,8,7,2,6,9,9,7,10,10,5,4,9,3,4,8,5,6,5,7,0,7,8,11,2,6,5,8,2,7,10,7,6,9,11,2,6,9,7,3,8,9,7,6,10,7,7,3,6,0,7,10,3,8,2,8,3,10,7,9,2,4,2,2,8,3,3,9,3,5,8,2,3,7,10,3,2,10,8,10,8,5,8,9,10,3,4,6,10,3,7,5,7,7,6,5,8,9,2,11,2,7,8
3,9,0,7,8,3,10,10,4,5,3,4,8,7,3,0,10,4,6,11,4,4,11,7,6,6,11,7,8,10,9,6,8,3,10,6,0,10,3,4,5,8,9,10,7,4,3,2,9,8,3,7,10,10,8,11,11,6,5,10,4,5,9,6,7,6,8,2,8,9,0,3,7,6,9,3,8,11,8,7,10,0,3,7,10,8,4,9,10,8,7,11,8,8,4,7,2,8,11,4,9,3,9,4,11,8,10,3,5,3,3,9,4,4,10,4,6,9,3,4,8,11,4,3,11,9,11,9,6,9,10,11,4,5,7,11,4,8,6,8,8,7,6,9,10,3,0,3,8,9
4,10,2,8,9,4,11,11,5,6,4,5,9,8,4,2,11,5,7,0,5,5,0,8,7,7,0,8,9,11,10,7,9,4,11,7,2,11,4,5,6,9,10,11,8,5,4,3,10,9,4,8,11,11,9,0,0,7,6,11,5,6,10,7,8,7,9,3,9,10,2,4,8,7,10,4,9,0,9,8,11,2,4,8,11,9,5,10,11,9,8,0,9,9,5,8,3,9,0,5,10,4,10,5,0,9,11,4,6,4,4,10,5,5,11,5,7,10,4,5,9,0,5,4,0,10,0,10,7,10,11,0,5,6,8,0,5,9,7,9,9,8,7,10,11,4,2,4,9,10
5,11,3,9,10,5,0,0,6,7,5,6,10,9,5,3,0,6,8,2,6,6,2,9,8,8,2,9,10,0,11,8,10,5,0,8,3,0,5,6,7,10,11,0,9,6,5,4,11,10,5,9,0,0,10,2,2,8,7,0,6,7,11,8,9,8,10,4,10,11,3,5,9,8,11,5,10,2,10,9,0,3,5,9,0,10,6,11,0,10,9,2,10,10,6,9,4,10,2,6,11,5,11,6,2,10,0,5,7,5,5,11,6,6,0,6,8,11,5,6,10,2,6,5,2,11,2,11,8,11,0,2,6,7,9,2,6,10,8,10,10,9,8,11,0,5,3,5,10,11
6,0,4,10,11,6,2,2,7,8,6,7,11,10,6,4,2,7,9,3,7,7,3,10,9,9,3,10,11,2,0,9,11,6,2,9,4,2,6,7,8,11,0,2,10,7,6,5,0,11,6,10,2,2,11,3,3,9,8,2,7,8,0,9,10,9,11,5,11,0,4,6,10,9,0,6,11,3,11,10,2,4,6,10,2,11,7,0,2,11,10,3,11,11,7,10,5,11,3,7,0,6,0,7,3,11,2,6,8,6,6,0,7,7,2,7,9,0,6,7,11,3,7,6,3,0,3,0,9,0,2,3,7,8,10,3,7,11,9,11,11,10,9,0,2,6,4,6,11,0
7,2,5,11,0,7,3,3,8,9,7,8,0,11,7,5,3,8,10,4,8,8,4,11,10,10,4,11,0,3,2,10,0,7,3,10,5,3,7,8,9,0,2,3,11,8,7,6,2,0,7,11,3,3,0,4,4,10,9,3,8,9,2,10,11,10,0,6,0,2,5,7,11,10,2,7,0,4,0,11,3,5,7,11,3,0,8,2,3,0,11,4,0,0,8,11,6,0,4,8,2,7,2,8,4,0,3,7,9,7,7,2,8,8,3,8,10,2,7,8,0,4,8,7,4,2,4,2,10,2,3,4,8,9,11,4,8,0,10,0,0,11,10,2,3,7,5,7,0,2
8,3,6,0,2,8,4,4,9,10,8,9,2,0,8,6,4,9,11,5,9,9,5,0,11,11,5,0,2,4,3,11,2,8,4,11,6,4,8,9,10,2,3,4,0,9,8,7,3,2,8,0,4,4,2,5,5,11,10,4,9,10,3,11,0,11,2,7,2,3,6,8,0,11,3,8,2,5,2,0,4,6,8,0,4,2,9,3,4,2,0,5,2,2,9,0,7,2,5,9,3,8,3,9,5,2,4,8,10,8,8,3,9,9,4,9,11,3,8,9,2,5,9,8,5,3,5,3,11,3,4,5,9,10,0,5,9,2,11,2,2,0,11,3,4,8,6,8,2,3
9,4,7,2,3,9,5,5,10,11,9,10,3,2,9,7,5,10,0,6,10,10,6,2,0,0,6,2,3,5,4,0,3,9,5,0,7,5,9,10,11,3,4,5,2,10,9,8,4,3,9,2,5,5,3,6,6,0,11,5,10,11,4,0,2,0,3,8,3,4,7,9,2,0,4,9,3,6,3,2,5,7,9,2,5,3,10,4,5,3,2,6,3,3,10,2,8,3,6,10,4,9,4,10,6,3,5,9,11,9,9,4,10,10,5,10,0,4,9,10,3,6,10,9,6,4,6,4,0,4,5,6,10,11,2,6,10,3,0,3,3,2,0,4,5,9,7,9,3,4
10,5,8,3,4,10,6,6,11,0,10,11,4,3,10,8,6,11,2,7,11,11,7,3,2,2,7,3,4,6,5,2,4,10,6,2,8,6,10,11,0,4,5,6,3,11,10,9,5,4,10,3,6,6,4,7,7,2,0,6,11,0,5,2,3,2,4,9,4,5,8,10,3,2,5,10,4,7,4,3,6,8,10,3,6,4,11,5,6,4,3,7,4,4,11,3,9,4,7,11,5,10,5,11,7,4,6,10,0,10,10,5,11,11,6,11,2,5,10,11,4,7,11,10,7,5,7,5,2,5,6,7,11,0,3,7,11,4,2,4,4,3,2,5,6,10,8,10,4,5
11,6,9,4,5,11,7,7,0,2,11,0,5,4,11,9,7,0,3,8,0,0,8,4,3,3,8,4,5,7,6,3,5,11,7,3,9,7,11,0,2,5,6,7,4,0,11,10,6,5,11,4,7,7,5,8,8,3,2,7,0,2,6,3,4,3,5,10,5,6,9,11,4,3,6,11,5,8,5,4,7,9,11,4,7,5,0,6,7,5,4,8,5,5,0,4,10,5,8,0,6,11,6,0,8,5,7,11,2,11,11,6,0,0,7,0,3,6,11,0,5,8,0,11,8,6,8,6,3,6,7,8,0,2,4,8,0,5,3,5,5,4,3,6,7,11,9,11,5,6
0,7,10,5,6,0,8,8,2,3,0,2,6,5,0,10,8,2,4,9,2,2,9,5,4,4,9,5,6,8,7,4,6,0,8,4,10,8,0,2,3,6,7,8,5,2,0,11,7,6,0,5,8,8,6,9,9,4,3,8,2,3,7,4,5,4,6,11,6,7,10,0,5,4,7,0,6,9,6,5,8,10,0,5,8,6,2,7,8,6,5,9,6,6,2,5,11,6,9,2,7,0,7,2,9,6,8,0,3,0,0,7,2,2,8,2,4,7,0,2,6,9,2,0,9,7,9,7,4,7,8,9,2,3,5,9,2,6,4,6,6,5,4,7,8,0,10,0,6,7
2,8,11,6,7,2,9,9,3,4,2,3,7,6,2,11,9,3,5,10,3,3,10,6,5,5,10,6,7,9,8,5,7,2,9,5,11,9,2,3,4,7,8,9,6,3,2,0,8,7,2,6,9,9,7,10,10,5,4,9,3,4,8,5,6,5,7,0,7,8,11,2,6,5,8,2,7,10,7,6,9,11,2,6,9,7,3,8,9,7,6,10,7,7,3,6,0,7,10,3,8,2,8,3,10,7,9,2,4,2,2,8,3,3,9,3,5,8,2,3,7,10,3,2,10,8,10,8,5,8,9,10,3,4,6,10,3,7,5,7,7,6,5,8,9,2,11,2,7,8
3,9,0,7,8,3,10,10,4,5,3,4,8,7,3,0,10,4,6,11,4,4,11,7,6,6,11,7,8,10,9,6,8,3,10,6,0,10,3,4,5,8,9,10,7,4,3,2,9,8,3,7,10,10,8,11,11,6,5,10,4,5,9,6,7,6,8,2,8,9,0,3,7,6,9,3,8,11,8,7,10,0,3,7,10,8,4,9,10,8,7,11,8,8,4,7,2,8,11,4,9,3,9,4,11,8,10,3,5,3,3,9,4,4,10,4,6,9,3,4,8,11,4,3,11,9,11,9,6,9,10,11,4,5,7,11,4,8,6,8,8,7,6,9,10,3,0,3,8,9
4,10,2,8,9,4,11,11,5,6,4,5,9,8,4,2,11,5,7,0,5,5,0,8,7,7,0,8,9,11,10,7,9,4,11,7,2,11,4,5,6,9,10,11,8,5,4,3,10,9,4,8,11,11,9,0,0,7,6,11,5,6,10,7,8,7,9,3,9,10,2,4,8,7,10,4,9,0,9,8,11,2,4,8,11,9,5,10,11,9,8,0,9,9,5,8,3,9,0,5,10,4,10,5,0,9,11,4,6,4,4,10,5,5,11,5,7,10,4,5,9,0,5,4,0,10,0,10,7,10,11,0,5,6,8,0,5,9,7,9,9,8,7,10,11,4,2,4,9,10
5,11,3,9,10,5,0,0,6,7,5,6,10,9,5,3,0,6,8,2,6,6,2,9,8,8,2,9,10,0,11,8,10,5,0,8,3,0,5,6,7,10,11,0,9,6,5,4,11,10,5,9,0,0,10,2,2,8,7,0,6,7,11,8,9,8,10,4,10,11,3,5,9,8,11,5,10,2,10,9,0,3,5,9,0,10,6,11,0,10,9,2,10,10,6,9,4,10,2,6,11,5,11,6,2,10,0,5,7,5,5,11,6,6,0,6,8,11,5,6,10,2,6,5,2,11,2,11,8,11,0,2,6,7,9,2,6,10,8,10,10,9,8,11,0,5,3,5,10,11
6,0,4,10,11,6,2,2,7,8,6,7,11,10,6,4,2,7,9,3,7,7,3,10,9,9,3,10,11,2,0,9,11,6,2,9,4,2,6,7,8,11,0,2,10,7,6,5,0,11,6,10,2,2,11,3,3,9,8,2,7,8,0,9,10,9,11,5,11,0,4,6,10,9,0,6,11,3,11,10,2,4,6,10,2,11,7,0,2,11,10,3,11,11,7,10,5,11,3,7,0,6,0,7,3,11,2,6,8,6,6,0,7,7,2,7,9,0,6,7,11,3,7,6,3,0,3,0,9,0,2,3,7,8,10,3,7,11,9,11,11,10,9,0,2,6,4,6,11,0
7,2,5,11,0,7,3,3,8,9,7,8,0,11,7,5,3,8,10,4,8,8,4,11,10,10,4,11,0,3,2,10,0,7,3,10,5,3,7,8,9,0,2,3,11,8,7,6,2,0,7,11,3,3,0,4,4,10,9,3,8,9,2,10,11,10,0,6,0,2,5,7,11,10,2,7,0,4,0,11,3,5,7,11,3,0,8,2,3,0,11,4,0,0,8,11,6,0,4,8,2,7,2,8,4,0,3,7,9,7,7,2,8,8,3,8,10,2,7,8,0,4,8,7,4,2,4,2,10,2,3,4,8,9,11,4,8,0,10,0,0,11,10,2,3,7,5,7,0,2
8,3,6,0,2,8,4,4,9,10,8,9,2,0,8,6,4,9,11,5,9,9,5,0,11,11,5,0,2,4,3,11,2,8,4,11,6,4,8,9,10,2,3,4,0,9,8,7,3,2,8,0,4,4,2,5,5,11,10,4,9,10,3,11,0,11,2,7,2,3,6,8,0,11,3,8,2,5,2,0,4,6,8,0,4,2,9,3,4,2,0,5,2,2,9,0,7,2,5,9,3,8,3,9,5,2,4,8,10,8,8,3,9,9,4,9,11,3,8,9,2,5,9,8,5,3,5,3,11,3,4,5,9,10,0,5,9,2,11,2,2,0,11,3,4,8,6,8,2,3
9,4,7,2,3,9,5,5,10,11,9,10,3,2,9,7,5,10,0,6,10,10,6,2,0,0,6,2,3,5,4,0,3,9,5,0,7,5,9,10,11,3,4,5,2,10,9,8,4,3,9,2,5,5,3,6,6,0,11,5,10,11,4,0,2,0,3,8,3,4,7,9,2,0,4,9,3,6,3,2,5,7,9,2,5,3,10,4,5,3,2,6,3,3,10,2,8,3,6,10,4,9,4,10,6,3,5,9,11,9,9,4,10,10,5,10,0,4,9,10,3,6,10,9,6,4,6,4,0,4,5,6,10,11,2,6,10,3,0,3,3,2,0,4,5,9,7,9,3,4
10,5,8,3,4,10,6,6,11,0,10,11,4,3,10,8,6,11,2,7,11,11,7,3,2,2,7,3,4,6,5,2,4,10,6,2,8,6,10,11,0,4,5,6,3,11,10,9,5,4,10,3,6,6,4,7,7,2,0,6,11,0,5,2,3,2,4,9,4,5,8,10,3,2,5,10,4,7,4,3,6,8,10,3,6,4,11,5,6,4,3,7,4,4,11,3,9,4,7,11,5,10,5,11,7,4,6,10,0,10,10,5,11,11,6,11,2,5,10,11,4,7,11,10,7,5,7,5,2,5,6,7,11,0,3,7,11,4,2,4,4,3,2,5,6,10,8,10,4,5
11,6,9,4,5,11,7,7,0,2,11,0,5,4,11,9,7,0,3,8,0,0,8,4,3,3,8,4,5,7,6,3,5,11,7,3,9,7,11,0,2,5,6,7,4,0,11,10,6,5,11,4,7,7,5,8,8,3,2,7,0,2,6,3,4,3,5,10,5,6,9,11,4,3,6,11,5,8,5,4,7,9,11,4,7,5,0,6,7,5,4,8,5,5,0,4,10,5,8,0,6,11,6,0,8,5,7,11,2,11,11,6,0,0,7,0,3,6,11,0,5,8,0,11,8,6,8,6,3,6,7,8,0,2,4,8,0,5,3,5,5,4,3,6,7,11,9,11,5,6
0,7,10,5,6,0,8,8,2,3,0,2,6,5,0,10,8,2,4,9,2,2,9,5,4,4,9,5,6,8,7,4,6,0,8,4,10,8,0,2,3,6,7,8,5,2,0,11,7,6,0,5,8,8,6,9,9,4,3,8,2,3,7,4,5,4,6,11,6,7,10,0,5,4,7,0,6,9,6,5,8,10,0,5,8,6,2,7,8,6,5,9,6,6,2,5,11,6,9,2,7,0,7,2,9,6,8,0,3,0,0,7,2,2,8,2,4,7,0,2,6,9,2,0,9,7,9,7,4,7,8,9,2,3,5,9,2,6,4,6,6,5,4,7,8,0,10,0,6,7
2,8,11,6,7,2,9,9,3,4,2,3,7,6,2,11,9,3,5,10,3,3,10,6,5,5,10,6,7,9,8,5,7,2,9,5,11,9,2,3,4,7,8,9,6,3,2,0,8,7,2,6,9,9,7,10,10,5,4,9,3,4,8,5,6,5,7,0,7,8,11,2,6,5,8,2,7,10,7,6,9,11,2,6,9,7,3,8,9,7,6,10,7,7,3,6,0,7,10,3,8,2,8,3,10,7,9,2,4,2,2,8,3,3,9,3,5,8,2,3,7,10,3,2,10,8,10,8,5,8,9,10,3,4,6,10,3,7,5,7,7,6,5,8,9,2,11,2,7,8
3,9,0,7,8,3,10,10,4,5,3,4,8,7,3,0,10,4,6,11,4,4,11,7,6,6,11,7,8,10,9,6,8,3,10,6,0,10,3,4,5,8,9,10,7,4,3,2,9,8,3,7,10,10,8,11,11,6,5,10,4,5,9,6,7,6,8,2,8,9,0,3,7,6,9,3,8,11,8,7,10,0,3,7,10,8,4,9,10,8,7,11,8,8,4,7,2,8,11,4,9,3,9,4,11,8,10,3,5,3,3,9,4,4,10,4,6,9,3,4,8,11,4,3,11,9,11,9,6,9,10,11,4,5,7,11,4,8,6,8,8,7,6,9,10,3,0,3,8,9
4,10,2,8,9,4,11,11,5,6,4,5,9,8,4,2,11,5,7,0,5,5,0,8,7,7,0,8,9,11,10,7,9,4,11,7,2,11,4,5,6,9,10,11,8,5,4,3,10,9,4,8,11,11,9,0,0,7,6,11,5,6,10,7,8,7,9,3,9,10,2,4,8,7,10,4,9,0,9,8,11,2,4,8,11,9,5,10,11,9,8,0,9,9,5,8,3,9,0,5,10,4,10,5,0,9,11,4,6,4,4,10,5,5,11,5,7,10,4,5,9,0,5,4,0,10,0,10,7,10,11,0,5,6,8,0,5,9,7,9,9,8,7,10,11,4,2,4,9,10
5,11,3,9,10,5,0,0,6,7,5,6,10,9,5,3,0,6,8,2,6,6,2,9,8,8,2,9,10,0,11,8,10,5,0,8,3,0,5,6,7,10,11,0,9,6,5,4,11,10,5,9,0,0,10,2,2,8,7,0,6,7,11,8,9,8,10,4,10,11,3,5,9,8,11,5,10,2,10,9,0,3,5,9,0,10,6,11,0,10,9,2,10,10,6,9,4,10,2,6,11,5,11,6,2,10,0,5,7,5,5,11,6,6,0,6,8,11,5,6,10,2,6,5,2,11,2,11,8,11,0,2,6,7,9,2,6,10,8,10,10,9,8,11,0,5,3,5,10,11
6,0,4,10,11,6,2,2,7,8,6,7,11,10,6,4,2,7,9,3,7,7,3,10,9,9,3,10,11,2,0,9,11,6,2,9,4,2,6,7,8,11,0,2,10,7,6,5,0,11,6,10,2,2,11,3,3,9,8,2,7,8,0,9,10,9,11,5,11,0,4,6,10,9,0,6,11,3,11,10,2,4,6,10,2,11,7,0,2,11,10,3,11,11,7,10,5,11,3,7,0,6,0,7,3,11,2,6,8,6,6,0,7,7,2,7,9,0,6,7,11,3,7,6,3,0,3,0,9,0,2,3,7,8,10,3,7,11,9,11,11,10,9,0,2,6,4,6,11,0
7,2,5,11,0,7,3,3,8,9,7,8,0,11,7,5,3,8,10,4,8,8,4,11,10,10,4,11,0,3,2,10,0,7,3,10,5,3,7,8,9,0,2,3,11,8,7,6,2,0,7,11,3,3,0,4,4,10,9,3,8,9,2,10,11,10,0,6,0,2,5,7,11,10,2,7,0,4,0,11,3,5,7,11,3,0,8,2,3,0,11,4,0,0,8,11,6,0,4,8,2,7,2,8,4,0,3,7,9,7,7,2,8,8,3,8,10,2,7,8,0,4,8,7,4,2,4,2,10,2,3,4,8,9,11,4,8,0,10,0,0,11,10,2,3,7,5,7,0,2
8,3,6,0,2,8,4,4,9,10,8,9,2,0,8,6,4,9,11,5,9,9,5,0,11,11,5,0,2,4,3,11,2,8,4,11,6,4,8,9,10,2,3,4,0,9,8,7,3,2,8,0,4,4,2,5,5,11,10,4,9,10,3,11,0,11,2,7,2,3,6,8,0,11,3,8,2,5,2,0,4,6,8,0,4,2,9,3,4,2,0,5,2,2,9,0,7,2,5,9,3,8,3,9,5,2,4,8,10,8,8,3,9,9,4,9,11,3,8,9,2,5,9,8,5,3,5,3,11,3,4,5,9,10,0,5,9,2,11,2,2,0,11,3,4,8,6,8,2,3
9,4,7,2,3,9,5,5,10,11,9,10,3,2,9,7,5,10,0,6,10,10,6,2,0,0,6,2,3,5,4,0,3,9,5,0,7,5,9,10,11,3,4,5,2,10,9,8,4,3,9,2,5,5,3,6,6,0,11,5,10,11,4,0,2,0,3,8,3,4,7,9,2,0,4,9,3,6,3,2,5,7,9,2,5,3,10,4,5,3,2,6,3,3,10,2,8,3,6,10,4,9,4,10,6,3,5,9,11,9,9,4,10,10,5,10,0,4,9,10,3,6,10,9,6,4,6,4,0,4,5,6,10,11,2,6,10,3,0,3,3,2,0,4,5,9,7,9,3,4
10,5,8,3,4,10,6,6,11,0,10,11,4,3,10,8,6,11,2,7,11,11,7,3,2,2,7,3,4,6,5,2,4,10,6,2,8,6,10,11,0,4,5,6,3,11,10,9,5,4,10,3,6,6,4,7,7,2,0,6,11,0,5,2,3,2,4,9,4,5,8,10,3,2,5,10,4,7,4,3,6,8,10,3,6,4,11,5,6,4,3,7,4,4,11,3,9,4,7,11,5,10,5,11,7,4,6,10,0,10,10,5,11,11,6,11,2,5,10,11,4,7,11,10,7,5,7,5,2,5,6,7,11,0,3,7,11,4,2,4,4,3,2,5,6,10,8,10,4,5
11,6,9,4,5,11,7,7,0,2,11,0,5,4,11,9,7,0,3,8,0,0,8,4,3,3,8,4,5,7,6,3,5,11,7,3,9,7,11,0,2,5,6,7,4,0,11,10,6,5,11,4,7,7,5,8,8,3,2,7,0,2,6,3,4,3,5,10,5,6,9,11,4,3,6,11,5,8,5,4,7,9,11,4,7,5,0,6,7,5,4,8,5,5,0,4,10,5,8,0,6,11,6,0,8,5,7,11,2,11,11,6,0,0,7,0,3,6,11,0,5,8,0,11,8,6,8,6,3,6,7,8,0,2,4,8,0,5,3,5,5,4,3,6,7,11,9,11,5,6
0,7,10,5,6,0,8,8,2,3,0,2,6,5,0,10,8,2,4,9,2,2,9,5,4,4,9,5,6,8,7,4,6,0,8,4,10,8,0,2,3,6,7,8,5,2,0,11,7,6,0,5,8,8,6,9,9,4,3,8,2,3,7,4,5,4,6,11,6,7,10,0,5,4,7,0,6,9,6,5,8,10,0,5,8,6,2,7,8,6,5,9,6,6,2,5,11,6,9,2,7,0,7,2,9,6,8,0,3,0,0,7,2,2,8,2,4,7,0,2,6,9,2,0,9,7,9,7,4,7,8,9,2,3,5,9,2,6,4,6,6,5,4,7,8,0,10,0,6,7
2,8,11,6,7,2,9,9,3,4,2,3,7,6,2,11,9,3,5,10,3,3,10,6,5,5,10,6,7,9,8,5,7,2,9,5,11,9,2,3,4,7,8,9,6,3,2,0,8,7,2,6,9,9,7,10,10,5,4,9,3,4,8,5,6,5,7,0,7,8,11,2,6,5,8,2,7,10,7,6,9,11,2,6,9,7,3,8,9,7,6,10,7,7,3,6,0,7,10,3,8,2,8,3,10,7,9,2,4,2,2,8,3,3,9,3,5,8,2,3,7,10,3,2,10,8,10,8,5,8,9,10,3,4,6,10,3,7,5,7,7,6,5,8,9,2,11,2,7,8
3,9,0,7,8,3,10,10,4,5,3,4,8,7,3,0,10,4,6,11,4,4,11,7,6,6,11,7,8,10,9,6,8,3,10,6,0,10,3,4,5,8,9,10,7,4,3,2,9,8,3,7,10,10,8,11,11,6,5,10,4,5,9,6,7,6,8,2,8,9,0,3,7,6,9,3,8,11,8,7,10,0,3,7,10,8,4,9,10,8,7,11,8,8,4,7,2,8,11,4,9,3,9,4,11,8,10,3,5,3,3,9,4,4,10,4,6,9,3,4,8,11,4,3,11,9,11,9,6,9,10,11,4,5,7,11,4,8,6,8,8,7,6,9,10,3,0,3,8,9
4,10,2,8,9,4,11,11,5,6,4,5,9,8,4,2,11,5,7,0,5,5,0,8,7,7,0,8,9,11,10,7,9,4,11,7,2,11,4,5,6,9,10,11,8,5,4,3,10,9,4,8,11,11,9,0,0,7,6,11,5,6,10,7,8,7,9,3,9,10,2,4,8,7,10,4,9,0,9,8,11,2,4,8,11,9,5,10,11,9,8,0,9,9,5,8,3,9,0,5,10,4,10,5,0,9,11,4,6,4,4,10,5,5,11,5,7,10,4,5,9,0,5,4,0,10,0,10,7,10,11,0,5,6,8,0,5,9,7,9,9,8,7,10,11,4,2,4,9,10
5,11,3,9,10,5,0,0,6,7,5,6,10,9,5,3,0,6,8,2,6,6,2,9,8,8,2,9,10,0,11,8,10,5,0,8,3,0,5,6,7,10,11,0,9,6,5,4,11,10,5,9,0,0,10,2,2,8,7,0,6,7,11,8,9,8,10,4,10,11,3,5,9,8,11,5,10,2,10,9,0,3,5,9,0,10,6,11,0,10,9,2,10,10,6,9,4,10,2,6,11,5,11,6,2,10,0,5,7,5,5,11,6,6,0,6,8,11,5,6,10,2,6,5,2,11,2,11,8,11,0,2,6,7,9,2,6,10,8,10,10,9,8,11,0,5,3,5,10,11
6,0,4,10,11,6,2,2,7,8,6,7,11,10,6,4,2,7,9,3,7,7,3,10,9,9,3,10,11,2,0,9,11,6,2,9,4,2,6,7,8,11,0,2,10,7,6,5,0,11,6,10,2,2,11,3,3,9,8,2,7,8,0,9,10,9,11,5,11,0,4,6,10,9,0,6,11,3,11,10,2,4,6,10,2,11,7,0,2,11,10,3,11,11,7,10,5,11,3,7,0,6,0,7,3,11,2,6,8,6,6,0,7,7,2,7,9,0,6,7,11,3,7,6,3,0,3,0,9,0,2,3,7,8,10,3,7,11,9,11,11,10,9,0,2,6,4,6,11,0
7,2,5,11,0,7,3,3,8,9,7,8,0,11,7,5,3,8,10,4,8,8,4,11,10,10,4,11,0,3,2,10,0,7,3,10,5,3,7,8,9,0,2,3,11,8,7,6,2,0,7,11,3,3,0,4,4,10,9,3,8,9,2,10,11,10,0,6,0,2,5,7,11,10,2,7,0,4,0,11,3,5,7,11,3,0,8,2,3,0,11,4,0,0,8,11,6,0,4,8,2,7,2,8,4,0,3,7,9,7,7,2,8,8,3,8,10,2,7,8,0,4,8,7,4,2,4,2,10,2,3,4,8,9,11,4,8,0,10,0,0,11,10,2,3,7,5,7,0,2
8,3,6,0,2,8,4,4,9,10,8,9,2,0,8,6,4,9,11,5,9,9,5,0,11,11,5,0,2,4,3,11,2,8,4,11,6,4,8,9,10,2,3,4,0,9,8,7,3,2,8,0,4,4,2,5,5,11,10,4,9,10,3,11,0,11,2,7,2,3,6,8,0,11,3,8,2,5,2,0,4,6,8,0,4,2,9,3,4,2,0,5,2,2,9,0,7,2,5,9,3,8,3,9,5,2,4,8,10,8,8,3,9,9,4,9,11,3,8,9,2,5,9,8,5,3,5,3,11,3,4,5,9,10,0,5,9,2,11,2,2,0,11,3,4,8,6,8,2,3
9,4,7,2,3,9,5,5,10,11,9,10,3,2,9,7,5,10,0,6,10,10,6,2,0,0,6,2,3,5,4,0,3,9,5,0,7,5,9,10,11,3,4,5,2,10,9,8,4,3,9,2,5,5,3,6,6,0,11,5,10,11,4,0,2,0,3,8,3,4,7,9,2,0,4,9,3,6,3,2,5,7,9,2,5,3,10,4,5,3,2,6,3,3,10,2,8,3,6,10,4,9,4,10,6,3,5,9,11,9,9,4,10,10,5,10,0,4,9,10,3,6,10,9,6,4,6,4,0,4,5,6,10,11,2,6,10,3,0,3,3,2,0,4,5,9,7,9,3,4
10,5,8,3,4,10,6,6,11,0,10,11,4,3,10,8,6,11,2,7,11,11,7,3,2,2,7,3,4,6,5,2,4,10,6,2,8,6,10,11,0,4,5,6,3,11,10,9,5,4,10,3,6,6,4,7,7,2,0,6,11,0,5,2,3,2,4,9,4,5,8,10,3,2,5,10,4,7,4,3,6,8,10,3,6,4,11,5,6,4,3,7,4,4,11,3,9,4,7,11,5,10,5,11,7,4,6,10,0,10,10,5,11,11,6,11,2,5,10,11,4,7,11,10,7,5,7,5,2,5,6,7,11,0,3,7,11,4,2,4,4,3,2,5,6,10,8,10,4,5
11,6,9,4,5,11,7,7,0,2,11,0,5,4,11,9,7,0,3,8,0,0,8,4,3,3,8,4,5,7,6,3,5,11,7,3,9,7,11,0,2,5,6,7,4,0,11,10,6,5,11,4,7,7,5,8,8,3,2,7,0,2,6,3,4,3,5,10,5,6,9,11,4,3,6,11,5,8,5,4,7,9,11,4,7,5,0,6,7,5,4,8,5,5,0,4,10,5,8,0,6,11,6,0,8,5,7,11,2,11,11,6,0,0,7,0,3,6,11,0,5,8,0,11,8,6,8,6,3,6,7,8,0,2,4,8,0,5,3,5,5,4,3,6,7,11,9,11,5,6
0,7,10,5,6,0,8,8,2,3,0,2,6,5,0,10,8,2,4,9,2,2,9,5,4,4,9,5,6,8,7,4,6,0,8,4,10,8,0,2,3,6,7,8,5,2,0,11,7,6,0,5,8,8,6,9,9,4,3,8,2,3,7,4,5,4,6,11,6,7,10,0,5,4,7,0,6,9,6,5,8,10,0,5,8,6,2,7,8,6,5,9,6,6,2,5,11,6,9,2,7,0,7,2,9,6,8,0,3,0,0,7,2,2,8,2,4,7,0,2,6,9,2,0,9,7,9,7,4,7,8,9,2,3,5,9,2,6,4,6,6,5,4,7,8,0,10,0,6,7
2,8,11,6,7,2,9,9,3,4,2,3,7,6,2,11,9,3,5,10,3,3,10,6,5,5,10,6,7,9,8,5,7,2,9,5,11,9,2,3,4,7,8,9,6,3,2,0,8,7,2,6,9,9,7,10,10,5,4,9,3,4,8,5,6,5,7,0,7,8,11,2,6,5,8,2,7,10,7,6,9,11,2,6,9,7,3,8,9,7,6,10,7,7,3,6,0,7,10,3,8,2,8,3,10,7,9,2,4,2,2,8,3,3,9,3,5,8,2,3,7,10,3,2,10,8,10,8,5,8,9,10,3,4,6,10,3,7,5,7,7,6,5,8,9,2,11,2,7,8
3,9,0,7,8,3,10,10,4,5,3,4,8,7,3,0,10,4,6,11,4,4,11,7,6,6,11,7,8,10,9,6,8,3,10,6,0,10,3,4,5,8,9,10,7,4,3,2,9,8,3,7,10,10,8,11,11,6,5,10,4,5,9,6,7,6,8,2,8,9,0,3,7,6,9,3,8,11,8,7,10,0,3,7,10,8,4,9,10,8,7,11,8,8,4,7,2,8,11,4,9,3,9,4,11,8,10,3,5,3,3,9,4,4,10,4,6,9,3,4,8,11,4,3,11,9,11,9,6,9,10,11,4,5,7,11,4,8,6,8,8,7,6,9,10,3,0,3,8,9
4,10,2,8,9,4,11,11,5,6,4,5,9,8,4,2,11,5,7,0,5,5,0,8,7,7,0,8,9,11,10,7,9,4,11,7,2,11,4,5,6,9,10,11,8,5,4,3,10,9,4,8,11,11,9,0,0,7,6,11,5,6,10,7,8,7,9,3,9,10,2,4,8,7,10,4,9,0,9,8,11,2,4,8,11,9,5,10,11,9,8,0,9,9,5,8,3,9,0,5,10,4,10,5,0,9,11,4,6,4,4,10,5,5,11,5,7,10,4,5,9,0,5,4,0,10,0,10,7,10,11,0,5,6,8,0,5,9,7,9,9,8,7,10,11,4,2,4,9,10
5,11,3,9,10,5,0,0,6,7,5,6,10,9,5,3,0,6,8,2,6,6,2,9,8,8,2,9,10,0,11,8,10,5,0,8,3,0,5,6,7,10,11,0,9,6,5,4,11,10,5,9,0,0,10,2,2,8,7,0,6,7,11,8,9,8,10,4,10,11,3,5,9,8,11,5,10,2,10,9,0,3,5,9,0,10,6,11,0,10,9,2,10,10,6,9,4,10,2,6,11,5,11,6,2,10,0,5,7,5,5,11,6,6,0,6,8,11,5,6,10,2,6,5,2,11,2,11,8,11,0,2,6,7,9,2,6,10,8,10,10,9,8,11,0,5,3,5,10,11
6,0,4,10,11,6,2,2,7,8,6,7,11,10,6,4,2,7,9,3,7,7,3,10,9,9,3,10,11,2,0,9,11,6,2,9,4,2,6,7,8,11,0,2,10,7,6,5,0,11,6,10,2,2,11,3,3,9,8,2,7,8,0,9,10,9,11,5,11,0,4,6,10,9,0,6,11,3,11,10,2,4,6,10,2,11,7,0,2,11,10,3,11,11,7,10,5,11,3,7,0,6,0,7,3,11,2,6,8,6,6,0,7,7,2,7,9,0,6,7,11,3,7,6,3,0,3,0,9,0,2,3,7,8,10,3,7,11,9,11,11,10,9,0,2,6,4,6,11,0
7,2,5,11,0,7,3,3,8,9,7,8,0,11,7,5,3,8,10,4,8,8,4,11,10,10,4,11,0,3,2,10,0,7,3,10,5,3,7,8,9,0,2,3,11,8,7,6,2,0,7,11,3,3,0,4,4,10,9,3,8,9,2,10,11,10,0,6,0,2,5,7,11,10,2,7,0,4,0,11,3,5,7,11,3,0,8,2,3,0,11,4,0,0,8,11,6,0,4,8,2,7,2,8,4,0,3,7,9,7,7,2,8,8,3,8,10,2,7,8,0,4,8,7,4,2,4,2,10,2,3,4,8,9,11,4,8,0,10,0,0,11,10,2,3,7,5,7,0,2
8,3,6,0,2,8,4,4,9,10,8,9,2,0,8,6,4,9,11,5,9,9,5,0,11,11,5,0,2,4,3,11,2,8,4,11,6,4,8,9,10,2,3,4,0,9,8,7,3,2,8,0,4,4,2,5,5,11,10,4,9,10,3,11,0,11,2,7,2,3,6,8,0,11,3,8,2,5,2,0,4,6,8,0,4,2,9,3,4,2,0,5,2,2,9,0,7,2,5,9,3,8,3,9,5,2,4,8,10,8,8,3,9,9,4,9,11,3,8,9,2,5,9,8,5,3,5,3,11,3,4,5,9,10,0,5,9,2,11,2,2,0,11,3,4,8,6,8,2,3
9,4,7,2,3,9,5,5,10,11,9,10,3,2,9,7,5,10,0,6,10,10,6,2,0,0,6,2,3,5,4,0,3,9,5,0,7,5,9,10,11,3,4,5,2,10,9,8,4,3,9,2,5,5,3,6,6,0,11,5,10,11,4,0,2,0,3,8,3,4,7,9,2,0,4,9,3,6,3,2,5,7,9,2,5,3,10,4,5,3,2,6,3,3,10,2,8,3,6,10,4,9,4,10,6,3,5,9,11,9,9,4,10,10,5,10,0,4,9,10,3,6,10,9,6,4,6,4,0,4,5,6,10,11,2,6,10,3,0,3,3,2,0,4,5,9,7,9,3,4
10,5,8,3,4,10,6,6,11,0,10,11,4,3,10,8,6,11,2,7,11,11,7,3,2,2,7,3,4,6,5,2,4,10,6,2,8,6,10,11,0,4,5,6,3,11,10,9,5,4,10,3,6,6,4,7,7,2,0,6,11,0,5,2,3,2,4,9,4,5,8,10,3,2,5,10,4,7,4,3,6,8,10,3,6,4,11,5,6,4,3,7,4,4,11,3,9,4,7,11,5,10,5,11,7,4,6,10,0,10,10,5,11,11,6,11,2,5,10,11,4,7,11,10,7,5,7,5,2,5,6,7,11,0,3,7,11,4,2,4,4,3,2,5,6,10,8,10,4,5
11,6,9,4,5,11,7,7,0,2,11,0,5,4,11,9,7,0,3,8,0,0,8,4,3,3,8,4,5,7,6,3,5,11,7,3,9,7,11,0,2,5,6,7,4,0,11,10,6,5,11,4,7,7,5,8,8,3,2,7,0,2,6,3,4,3,5,10,5,6,9,11,4,3,6,11,5,8,5,4,7,9,11,4,7,5,0,6,7,5,4,8,5,5,0,4,10,5,8,0,6,11,6,0,8,5,7,11,2,11,11,6,0,0,7,0,3,6,11,0,5,8,0,11,8,6,8,6,3,6,7,8,0,2,4,8,0,5,3,5,5,4,3,6,7,11,9,11,5,6
0,7,10,5,6,0,8,8,2,3,0,2,6,5,0,10,8,2,4,9,2,2,9,5,4,4,9,5,6,8,7,4,6,0,8,4,10,8,0,2,3,6,7,8,5,2,0,11,7,6,0,5,8,8,6,9,9,4,3,8,2,3,7,4,5,4,6,11,6,7,10,0,5,4,7,0,6,9,6,5,8,10,0,5,8,6,2,7,8,6,5,9,6,6,2,5,11,6,9,2,7,0,7,2,9,6,8,0,3,0,0,7,2,2,8,2,4,7,0,2,6,9,2,0,9,7,9,7,4,7,8,9,2,3,5,9,2,6,4,6,6,5,4,7,8,0,10,0,6,7
2,8,11,6,7,2,9,9,3,4,2,3,7,6,2,11,9,3,5,10,3,3,10,6,5,5,10,6,7,9,8,5,7,2,9,5,11,9,2,3,4,7,8,9,6,3,2,0,8,7,2,6,9,9,7,10,10,5,4,9,3,4,8,5,6,5,7,0,7,8,11,2,6,5,8,2,7,10,7,6,9,11,2,6,9,7,3,8,9,7,6,10,7,7,3,6,0,7,10,3,8,2,8,3,10,7,9,2,4,2,2,8,3,3,9,3,5,8,2,3,7,10,3,2,10,8,10,8,5,8,9,10,3,4,6,10,3,7,5,7,7,6,5,8,9,2,11,2,7,8
3,9,0,7,8,3,10,10,4,5,3,4,8,7,3,0,10,4,6,11,4,4,11,7,6,6,11,7,8,10,9,6,8,3,10,6,0,10,3,4,5,8,9,10,7,4,3,2,9,8,3,7,10,10,8,11,11,6,5,10,4,5,9,6,7,6,8,2,8,9,0,3,7,6,9,3,8,11,8,7,10,0,3,7,10,8,4,9,10,8,7,11,8,8,4,7,2,8,11,4,9,3,9,4,11,8,10,3,5,3,3,9,4,4,10,4,6,9,3,4,8,11,4,3,11,9,11,9,6,9,10,11,4,5,7,11,4,8,6,8,8,7,6,9,10,3,0,3,8,9
4,10,2,8,9,4,11,11,5,6,4,5,9,8,4,2,11,5,7,0,5,5,0,8,7,7,0,8,9,11,10,7,9,4,11,7,2,11,4,5,6,9,10,11,8,5,4,3,10,9,4,8,11,11,9,0,0,7,6,11,5,6,10,7,8,7,9,3,9,10,2,4,8,7,10,4,9,0,9,8,11,2,4,8,11,9,5,10,11,9,8,0,9,9,5,8,3,9,0,5,10,4,10,5,0,9,11,4,6,4,4,10,5,5,11,5,7,10,4,5,9,0,5,4,0,10,0,10,7,10,11,0,5,6,8,0,5,9,7,9,9,8,7,10,11,4,2,4,9,10
5,11,3,9,10,5,0,0,6,7,5,6,10,9,5,3,0,6,8,2,6,6,2,9,8,8,2,9,10,0,11,8,10,5,0,8,3,0,5,6,7,10,11,0,9,6,5,4,11,10,5,9,0,0,10,2,2,8,7,0,6,7,11,8,9,8,10,4,10,11,3,5,9,8,11,5,10,2,10,9,0,3,5,9,0,10,6,11,0,10,9,2,10,10,6,9,4,10,2,6,11,5,11,6,2,10,0,5,7,5,5,11,6,6,0,6,8,11,5,6,10,2,6,5,2,11,2,11,8,11,0,2,6,7,9,2,6,10,8,10,10,9,8,11,0,5,3,5,10,11
6,0,4,10,11,6,2,2,7,8,6,7,11,10,6,4,2,7,9,3,7,7,3,10,9,9,3,10,11,2,0,9,11,6,2,9,4,2,6,7,8,11,0,2,10,7,6,5,0,11,6,10,2,2,11,3,3,9,8,2,7,8,0,9,10,9,11,5,11,0,4,6,10,9,0,6,11,3,11,10,2,4,6,10,2,11,7,0,2,11,10,3,11,11,7,10,5,11,3,7,0,6,0,7,3,11,2,6,8,6,6,0,7,7,2,7,9,0,6,7,11,3,7,6,3,0,3,0,9,0,2,3,7,8,10,3,7,11,9,11,11,10,9,0,2,6,4,6,11,0
7,2,5,11,0,7,3,3,8,9,7,8,0,11,7,5,3,8,10,4,8,8,4,11,10,10,4,11,0,3,2,10,0,7,3,10,5,3,7,8,9,0,2,3,11,8,7,6,2,0,7,11,3,3,0,4,4,10,9,3,8,9,2,10,11,10,0,6,0,2,5,7,11,10,2,7,0,4,0,11,3,5,7,11,3,0,8,2,3,0,11,4,0,0,8,11,6,0,4,8,2,7,2,8,4,0,3,7,9,7,7,2,8,8,3,8,10,2,7,8,0,4,8,7,4,2,4,2,10,2,3,4,8,9,11,4,8,0,10,0,0,11,10,2,3,7,5,7,0,2
8,3,6,0,2,8,4,4,9,10,8,9,2,0,8,6,4,9,11,5,9,9,5,0,11,11,5,0,2,4,3,11,2,8,4,11,6,4,8,9,10,2,3,4,0,9,8,7,3,2,8,0,4,4,2,5,5,11,10,4,9,10,3,11,0,11,2,7,2,3,6,8,0,11,3,8,2,5,2,0,4,6,8,0,4,2,9,3,4,2,0,5,2,2,9,0,7,2,5,9,3,8,3,9,5,2,4,8,10,8,8,3,9,9,4,9,11,3,8,9,2,5,9,8,5,3,5,3,11,3,4,5,9,10,0,5,9,2,11,2,2,0,11,3,4,8,6,8,2,3
9,4,7,2,3,9,5,5,10,11,9,10,3,2,9,7,5,10,0,6,10,10,6,2,0,0,6,2,3,5,4,0,3,9,5,0,7,5,9,10,11,3,4,5,2,10,9,8,4,3,9,2,5,5,3,6,6,0,11,5,10,11,4,0,2,0,3,8,3,4,7,9,2,0,4,9,3,6,3,2,5,7,9,2,5,3,10,4,5,3,2,6,3,3,10,2,8,3,6,10,4,9,4,10,6,3,5,9,11,9,9,4,10,10,5,10,0,4,9,10,3,6,10,9,6,4,6,4,0,4,5,6,10,11,2,6,10,3,0,3,3,2,0,4,5,9,7,9,3,4
10,5,8,3,4,10,6,6,11,0,10,11,4,3,10,8,6,11,2,7,11,11,7,3,2,2,7,3,4,6,5,2,4,10,6,2,8,6,10,11,0,4,5,6,3,11,10,9,5,4,10,3,6,6,4,7,7,2,0,6,11,0,5,2,3,2,4,9,4,5,8,10,3,2,5,10,4,7,4,3,6,8,10,3,6,4,11,5,6,4,3,7,4,4,11,3,9,4,7,11,5,10,5,11,7,4,6,10,0,10,10,5,11,11,6,11,2,5,10,11,4,7,11,10,7,5,7,5,2,5,6,7,11,0,3,7,11,4,2,4,4,3,2,5,6,10,8,10,4,5
11,6,9,4,5,11,7,7,0,2,11,0,5,4,11,9,7,0,3,8,0,0,8,4,3,3,8,4,5,7,6,3,5,11,7,3,9,7,11,0,2,5,6,7,4,0,11,10,6,5,11,4,7,7,5,8,8,3,2,7,0,2,6,3,4,3,5,10,5,6,9,11,4,3,6,11,5,8,5,4,7,9,11,4,7,5,0,6,7,5,4,8,5,5,0,4,10,5,8,0,6,11,6,0,8,5,7,11,2,11,11,6,0,0,7,0,3,6,11,0,5,8,0,11,8,6,8,6,3,6,7,8,0,2,4,8,0,5,3,5,5,4,3,6,7,11,9,11,5,6
0,7,10,5,6,0,8,8,2,3,0,2,6,5,0,10,8,2,4,9,2,2,9,5,4,4,9,5,6,8,7,4,6,0,8,4,10,8,0,2,3,6,7,8,5,2,0,11,7,6,0,5,8,8,6,9,9,4,3,8,2,3,7,4,5,4,6,11,6,7,10,0,5,4,7,0,6,9,6,5,8,10,0,5,8,6,2,7,8,6,5,9,6,6,2,5,11,6,9,2,7,0,7,2,9,6,8,0,3,0,0,7,2,2,8,2,4,7,0,2,6,9,2,0,9,7,9,7,4,7,8,9,2,3,5,9,2,6,4,6,6,5,4,7,8,0,10,0,6,7
2,8,11,6,7,2,9,9,3,4,2,3,7,6,2,11,9,3,5,10,3,3,10,6,5,5,10,6,7,9,8,5,7,2,9,5,11,9,2,3,4,7,8,9,6,3,2,0,8,7,2,6,9,9,7,10,10,5,4,9,3,4,8,5,6,5,7,0,7,8,11,2,6,5,8,2,7,10,7,6,9,11,2,6,9,7,3,8,9,7,6,10,7,7,3,6,0,7,10,3,8,2,8,3,10,7,9,2,4,2,2,8,3,3,9,3,5,8,2,3,7,10,3,2,10,8,10,8,5,8,9,10,3,4,6,10,3,7,5,7,7,6,5,8,9,2,11,2,7,8
3,9,0,7,8,3,10,10,4,5,3,4,8,7,3,0,10,4,6,11,4,4,11,7,6,6,11,7,8,10,9,6,8,3,10,6,0,10,3,4,5,8,9,10,7,4,3,2,9,8,3,7,10,10,8,11,11,6,5,10,4,5,9,6,7,6,8,2,8,9,0,3,7,6,9,3,8,11,8,7,10,0,3,7,10,8,4,9,10,8,7,11,8,8,4,7,2,8,11,4,9,3,9,4,11,8,10,3,5,3,3,9,4,4,10,4,6,9,3,4,8,11,4,3,11,9,11,9,6,9,10,11,4,5,7,11,4,8,6,8,8,7,6,9,10,3,0,3,8,9
4,10,2,8,9,4,11,11,5,6,4,5,9,8,4,2,11,5,7,0,5,5,0,8,7,7,0,8,9,11,10,7,9,4,11,7,2,11,4,5,6,9,10,11,8,5,4,3,10,9,4,8,11,11,9,0,0,7,6,11,5,6,10,7,8,7,9,3,9,10,2,4,8,7,10,4,9,0,9,8,11,2,4,8,11,9,5,10,11,9,8,0,9,9,5,8,3,9,0,5,10,4,10,5,0,9,11,4,6,4,4,10,5,5,11,5,7,10,4,5,9,0,5,4,0,10,0,10,7,10,11,0,5,6,8,0,5,9,7,9,9,8,7,10,11,4,2,4,9,10
5,11,3,9,10,5,0,0,6,7,5,6,10,9,5,3,0,6,8,2,6,6,2,9,8,8,2,9,10,0,11,8,10,5,0,8,3,0,5,6,7,10,11,0,9,6,5,4,11,10,5,9,0,0,10,2,2,8,7,0,6,7,11,8,9,8,10,4,10,11,3,5,9,8,11,5,10,2,10,9,0,3,5,9,0,10,6,11,0,10,9,2,10,10,6,9,4,10,2,6,11,5,11,6,2,10,0,5,7,5,5,11,6,6,0,6,8,11,5,6,10,2,6,5,2,11,2,11,8,11,0,2,6,7,9,2,6,10,8,10,10,9,8,11,0,5,3,5,10,11
6,0,4,10,11,6,2,2,7,8,6,7,11,10,6,4,2,7,9,3,7,7,3,10,9,9,3,10,11,2,0,9,11,6,2,9,4,2,6,7,8,11,0,2,10,7,6,5,0,11,6,10,2,2,11,3,3,9,8,2,7,8,0,9,10,9,11,5,11,0,4,6,10,9,0,6,11,3,11,10,2,4,6,10,2,11,7,0,2,11,10,3,11,11,7,10,5,11,3,7,0,6,0,7,3,11,2,6,8,6,6,0,7,7,2,7,9,0,6,7,11,3,7,6,3,0,3,0,9,0,2,3,7,8,10,3,7,11,9,11,11,10,9,0,2,6,4,6,11,0
7,2,5,11,0,7,3,3,8,9,7,8,0,11,7,5,3,8,10,4,8,8,4,11,10,10,4,11,0,3,2,10,0,7,3,10,5,3,7,8,9,0,2,3,11,8,7,6,2,0,7,11,3,3,0,4,4,10,9,3,8,9,2,10,11,10,0,6,0,2,5,7,11,10,2,7,0,4,0,11,3,5,7,11,3,0,8,2,3,0,11,4,0,0,8,11,6,0,4,8,2,7,2,8,4,0,3,7,9,7,7,2,8,8,3,8,10,2,7,8,0,4,8,7,4,2,4,2,10,2,3,4,8,9,11,4,8,0,10,0,0,11,10,2,3,7,5,7,0,2
8,3,6,0,2,8,4,4,9,10,8,9,2,0,8,6,4,9,11,5,9,9,5,0,11,11,5,0,2,4,3,11,2,8,4,11,6,4,8,9,10,2,3,4,0,9,8,7,3,2,8,0,4,4,2,5,5,11,10,4,9,10,3,11,0,11,2,7,2,3,6,8,0,11,3,8,2,5,2,0,4,6,8,0,4,2,9,3,4,2,0,5,2,2,9,0,7,2,5,9,3,8,3,9,5,2,4,8,10,8,8,3,9,9,4,9,11,3,8,9,2,5,9,8,5,3,5,3,11,3,4,5,9,10,0,5,9,2,11,2,2,0,11,3,4,8,6,8,2,3
9,4,7,2,3,9,5,5,10,11,9,10,3,2,9,7,5,10,0,6,10,10,6,2,0,0,6,2,3,5,4,0,3,9,5,0,7,5,9,10,11,3,4,5,2,10,9,8,4,3,9,2,5,5,3,6,6,0,11,5,10,11,4,0,2,0,3,8,3,4,7,9,2,0,4,9,3,6,3,2,5,7,9,2,5,3,10,4,5,3,2,6,3,3,10,2,8,3,6,10,4,9,4,10,6,3,5,9,11,9,9,4,10,10,5,10,0,4,9,10,3,6,10,9,6,4,6,4,0,4,5,6,10,11,2,6,10,3,0,3,3,2,0,4,5,9,7,9,3,4
10,5,8,3,4,10,6,6,11,0,10,11,4,3,10,8,6,11,2,7,11,11,7,3,2,2,7,3,4,6,5,2,4,10,6,2,8,6,10,11,0,4,5,6,3,11,10,9,5,4,10,3,6,6,4,7,7,2,0,6,11,0,5,2,3,2,4,9,4,5,8,10,3,2,5,10,4,7,4,3,6,8,10,3,6,4,11,5,6,4,3,7,4,4,11,3,9,4,7,11,5,10,5,11,7,4,6,10,0,10,10,5,11,11,6,11,2,5,10,11,4,7,11,10,7,5,7,5,2,5,6,7,11,0,3,7,11,4,2,4,4,3,2,5,6,10,8,10,4,5
11,6,9,4,5,11,7,7,0,2,11,0,5,4,11,9,7,0,3,8,0,0,8,4,3,3,8,4,5,7,6,3,5,11,7,3,9,7,11,0,2,5,6,7,4,0,11,10,6,5,11,4,7,7,5,8,8,3,2,7,0,2,6,3,4,3,5,10,5,6,9,11,4,3,6,11,5,8,5,4,7,9,11,4,7,5,0,6,7,5,4,8,5,5,0,4,10,5,8,0,6,11,6,0,8,5,7,11,2,11,11,6,0,0,7,0,3,6,11,0,5,8,0,11,8,6,8,6,3,6,7,8,0,2,4,8,0,5,3,5,5,4,3,6,7,11,9,11,5,6
0,7,10,5,6,0,8,8,2,3,0,2,6,5,0,10,8,2,4,9,2,2,9,5,4,4,9,5,6,8,7,4,6,0,8,4,10,8,0,2,3,6,7,8,5,2,0,11,7,6,0,5,8,8,6,9,9,4,3,8,2,3,7,4,5,4,6,11,6,7,10,0,5,4,7,0,6,9,6,5,8,10,0,5,8,6,2,7,8,6,5,9,6,6,2,5,11,6,9,2,7,0,7,2,9,6,8,0,3,0,0,7,2,2,8,2,4,7,0,2,6,9,2,0,9,7,9,7,4,7,8,9,2,3,5,9,2,6,4,6,6,5,4,7,8,0,10,0,6,7
2,8,11,6,7,2,9,9,3,4,2,3,7,6,2,11,9,3,5,10,3,3,10,6,5,5,10,6,7,9,8,5,7,2,9,5,11,9,2,3,4,7,8,9,6,3,2,0,8,7,2,6,9,9,7,10,10,5,4,9,3,4,8,5,6,5,7,0,7,8,11,2,6,5,8,2,7,10,7,6,9,11,2,6,9,7,3,8,9,7,6,10,7,7,3,6,0,7,10,3,8,2,8,3,10,7,9,2,4,2,2,8,3,3,9,3,5,8,2,3,7,10,3,2,10,8,10,8,5,8,9,10,3,4,6,10,3,7,5,7,7,6,5,8,9,2,11,2,7,8
3,9,0,7,8,3,10,10,4,5,3,4,8,7,3,0,10,4,6,11,4,4,11,7,6,6,11,7,8,10,9,6,8,3,10,6,0,10,3,4,5,8,9,10,7,4,3,2,9,8,3,7,10,10,8,11,11,6,5,10,4,5,9,6,7,6,8,2,8,9,0,3,7,6,9,3,8,11,8,7,10,0,3,7,10,8,4,9,10,8,7,11,8,8,4,7,2,8,11,4,9,3,9,4,11,8,10,3,5,3,3,9,4,4,10,4,6,9,3,4,8,11,4,3,11,9,11,9,6,9,10,11,4,5,7,11,4,8,6,8,8,7,6,9,10,3,0,3,8,9
4,10,2,8,9,4,11,11,5,6,4,5,9,8,4,2,11,5,7,0,5,5,0,8,7,7,0,8,9,11,10,7,9,4,11,7,2,11,4,5,6,9,10,11,8,5,4,3,10,9,4,8,11,11,9,0,0,7,6,11,5,6,10,7,8,7,9,3,9,10,2,4,8,7,10,4,9,0,9,8,11,2,4,8,11,9,5,10,11,9,8,0,9,9,5,8,3,9,0,5,10,4,10,5,0,9,11,4,6,4,4,10,5,5,11,5,7,10,4,5,9,0,5,4,0,10,0,10,7,10,11,0,5,6,8,0,5,9,7,9,9,8,7,10,11,4,2,4,9,10
5,11,3,9,10,5,0,0,6,7,5,6,10,9,5,3,0,6,8,2,6,6,2,9,8,8,2,9,10,0,11,8,10,5,0,8,3,0,5,6,7,10,11,0,9,6,5,4,11,10,5,9,0,0,10,2,2,8,7,0,6,7,11,8,9,8,10,4,10,11,3,5,9,8,11,5,10,2,10,9,0,3,5,9,0,10,6,11,0,10,9,2,10,10,6,9,4,10,2,6,11,5,11,6,2,10,0,5,7,5,5,11,6,6,0,6,8,11,5,6,10,2,6,5,2,11,2,11,8,11,0,2,6,7,9,2,6,10,8,10,10,9,8,11,0,5,3,5,10,11
6,0,4,10,11,6,2,2,7,8,6,7,11,10,6,4,2,7,9,3,7,7,3,10,9,9,3,10,11,2,0,9,11,6,2,9,4,2,6,7,8,11,0,2,10,7,6,5,0,11,6,10,2,2,11,3,3,9,8,2,7,8,0,9,10,9,11,5,11,0,4,6,10,9,0,6,11,3,11,10,2,4,6,10,2,11,7,0,2,11,10,3,11,11,7,10,5,11,3,7,0,6,0,7,3,11,2,6,8,6,6,0,7,7,2,7,9,0,6,7,11,3,7,6,3,0,3,0,9,0,2,3,7,8,10,3,7,11,9,11,11,10,9,0,2,6,4,6,11,0
7,2,5,11,0,7,3,3,8,9,7,8,0,11,7,5,3,8,10,4,8,8,4,11,10,10,4,11,0,3,2,10,0,7,3,10,5,3,7,8,9,0,2,3,11,8,7,6,2,0,7,11,3,3,0,4,4,10,9,3,8,9,2,10,11,10,0,6,0,2,5,7,11,10,2,7,0,4,0,11,3,5,7,11,3,0,8,2,3,0,11,4,0,0,8,11,6,0,4,8,2,7,2,8,4,0,3,7,9,7,7,2,8,8,3,8,10,2,7,8,0,4,8,7,4,2,4,2,10,2,3,4,8,9,11,4,8,0,10,0,0,11,10,2,3,7,5,7,0,2
8,3,6,0,2,8,4,4,9,10,8,9,2,0,8,6,4,9,11,5,9,9,5,0,11,11,5,0,2,4,3,11,2,8,4,11,6,4,8,9,10,2,3,4,0,9,8,7,3,2,8,0,4,4,2,5,5,11,10,4,9,10,3,11,0,11,2,7,2,3,6,8,0,11,3,8,2,5,2,0,4,6,8,0,4,2,9,3,4,2,0,5,2,2,9,0,7,2,5,9,3,8,3,9,5,2,4,8,10,8,8,3,9,9,4,9,11,3,8,9,2,5,9,8,5,3,5,3,11,3,4,5,9,10,0,5,9,2,11,2,2,0,11,3,4,8,6,8,2,3
9,4,7,2,3,9,5,5,10,11,9,10,3,2,9,7,5,10,0,6,10,10,6,2,0,0,6,2,3,5,4,0,3,9,5,0,7,5,9,10,11,3,4,5,2,10,9,8,4,3,9,2,5,5,3,6,6,0,11,5,10,11,4,0,2,0,3,8,3,4,7,9,2,0,4,9,3,6,3,2,5,7,9,2,5,3,10,4,5,3,2,6,3,3,10,2,8,3,6,10,4,9,4,10,6,3,5,9,11,9,9,4,10,10,5,10,0,4,9,10,3,6,10,9,6,4,6,4,0,4,5,6,10,11,2,6,10,3,0,3,3,2,0,4,5,9,7,9,3,4
10,5,8,3,4,10,6,6,11,0,10,11,4,3,10,8,6,11,2,7,11,11,7,3,2,2,7,3,4,6,5,2,4,10,6,2,8,6,10,11,0,4,5,6,3,11,10,9,5,4,10,3,6,6,4,7,7,2,0,6,11,0,5,2,3,2,4,9,4,5,8,10,3,2,5,10,4,7,4,3,6,8,10,3,6,4,11,5,6,4,3,7,4,4,11,3,9,4,7,11,5,10,5,11,7,4,6,10,0,10,10,5,11,11,6,11,2,5,10,11,4,7,11,10,7,5,7,5,2,5,6,7,11,0,3,7,11,4,2,4,4,3,2,5,6,10,8,10,4,5
11,6,9,4,5,11,7,7,0,2,11,0,5,4,11,9,7,0,3,8,0,0,8,4,3,3,8,4,5,7,6,3,5,11,7,3,9,7,11,0,2,5,6,7,4,0,11,10,6,5,11,4,7,7,5,8,8,3,2,7,0,2,6,3,4,3,5,10,5,6,9,11,4,3,6,11,5,8,5,4,7,9,11,4,7,5,0,6,7,5,4,8,5,5,0,4,10,5,8,0,6,11,6,0,8,5,7,11,2,11,11,6,0,0,7,0,3,6,11,0,5,8,0,11,8,6,8,6,3,6,7,8,0,2,4,8,0,5,3,5,5,4,3,6,7,11,9,11,5,6
0,7,10,5,6,0,8,8,2,3,0,2,6,5,0,10,8,2,4,9,2,2,9,5,4,4,9,5,6,8,7,4,6,0,8,4,10,8,0,2,3,6,7,8,5,2,0,11,7,6,0,5,8,8,6,9,9,4,3,8,2,3,7,4,5,4,6,11,6,7,10,0,5,4,7,0,6,9,6,5,8,10,0,5,8,6,2,7,8,6,5,9,6,6,2,5,11,6,9,2,7,0,7,2,9,6,8,0,3,0,0,7,2,2,8,2,4,7,0,2,6,9,2,0,9,7,9,7,4,7,8,9,2,3,5,9,2,6,4,6,6,5,4,7,8,0,10,0,6,7
2,8,11,6,7,2,9,9,3,4,2,3,7,6,2,11,9,3,5,10,3,3,10,6,5,5,10,6,7,9,8,5,7,2,9,5,11,9,2,3,4,7,8,9,6,3,2,0,8,7,2,6,9,9,7,10,10,5,4,9,3,4,8,5,6,5,7,0,7,8,11,2,6,5,8,2,7,10,7,6,9,11,2,6,9,7,3,8,9,7,6,10,7,7,3,6,0,7,10,3,8,2,8,3,10,7,9,2,4,2,2,8,3,3,9,3,5,8,2,3,7,10,3,2,10,8,10,8,5,8,9,10,3,4,6,10,3,7,5,7,7,6,5,8,9,2,11,2,7,8
3,9,0,7,8,3,10,10,4,5,3,4,8,7,3,0,10,4,6,11,4,4,11,7,6,6,11,7,8,10,9,6,8,3,10,6,0,10,3,4,5,8,9,10,7,4,3,2,9,8,3,7,10,10,8,11,11,6,5,10,4,5,9,6,7,6,8,2,8,9,0,3,7,6,9,3,8,11,8,7,10,0,3,7,10,8,4,9,10,8,7,11,8,8,4,7,2,8,11,4,9,3,9,4,11,8,10,3,5,3,3,9,4,4,10,4,6,9,3,4,8,11,4,3,11,9,11,9,6,9,10,11,4,5,7,11,4,8,6,8,8,7,6,9,10,3,0,3,8,9
4,10,2,8,9,4,11,11,5,6,4,5,9,8,4,2,11,5,7,0,5,5,0,8,7,7,0,8,9,11,10,7,9,4,11,7,2,11,4,5,6,9,10,11,8,5,4,3,10,9,4,8,11,11,9,0,0,7,6,11,5,6,10,7,8,7,9,3,9,10,2,4,8,7,10,4,9,0,9,8,11,2,4,8,11,9,5,10,11,9,8,0,9,9,5,8,3,9,0,5,10,4,10,5,0,9,11,4,6,4,4,10,5,5,11,5,7,10,4,5,9,0,5,4,0,10,0,10,7,10,11,0,5,6,8,0,5,9,7,9,9,8,7,10,11,4,2,4,9,10
5,11,3,9,10,5,0,0,6,7,5,6,10,9,5,3,0,6,8,2,6,6,2,9,8,8,2,9,10,0,11,8,10,5,0,8,3,0,5,6,7,10,11,0,9,6,5,4,11,10,5,9,0,0,10,2,2,8,7,0,6,7,11,8,9,8,10,4,10,11,3,5,9,8,11,5,10,2,10,9,0,3,5,9,0,10,6,11,0,10,9,2,10,10,6,9,4,10,2,6,11,5,11,6,2,10,0,5,7,5,5,11,6,6,0,6,8,11,5,6,10,2,6,5,2,11,2,11,8,11,0,2,6,7,9,2,6,10,8,10,10,9,8,11,0,5,3,5,10,11
6,0,4,10,11,6,2,2,7,8,6,7,11,10,6,4,2,7,9,3,7,7,3,10,9,9,3,10,11,2,0,9,11,6,2,9,4,2,6,7,8,11,0,2,10,7,6,5,0,11,6,10,2,2,11,3,3,9,8,2,7,8,0,9,10,9,11,5,11,0,4,6,10,9,0,6,11,3,11,10,2,4,6,10,2,11,7,0,2,11,10,3,11,11,7,10,5,11,3,7,0,6,0,7,3,11,2,6,8,6,6,0,7,7,2,7,9,0,6,7,11,3,7,6,3,0,3,0,9,0,2,3,7,8,10,3,7,11,9,11,11,10,9,0,2,6,4,6,11,0
7,2,5,11,0,7,3,3,8,9,7,8,0,11,7,5,3,8,10,4,8,8,4,11,10,10,4,11,0,3,2,10,0,7,3,10,5,3,7,8,9,0,2,3,11,8,7,6,2,0,7,11,3,3,0,4,4,10,9,3,8,9,2,10,11,10,0,6,0,2,5,7,11,10,2,7,0,4,0,11,3,5,7,11,3,0,8,2,3,0,11,4,0,0,8,11,6,0,4,8,2,7,2,8,4,0,3,7,9,7,7,2,8,8,3,8,10,2,7,8,0,4,8,7,4,2,4,2,10,2,3,4,8,9,11,4,8,0,10,0,0,11,10,2,3,7,5,7,0,2
8,3,6,0,2,8,4,4,9,10,8,9,2,0,8,6,4,9,11,5,9,9,5,0,11,11,5,0,2,4,3,11,2,8,4,11,6,4,8,9,10,2,3,4,0,9,8,7,3,2,8,0,4,4,2,5,5,11,10,4,9,10,3,11,0,11,2,7,2,3,6,8,0,11,3,8,2,5,2,0,4,6,8,0,4,2,9,3,4,2,0,5,2,2,9,0,7,2,5,9,3,8,3,9,5,2,4,8,10,8,8,3,9,9,4,9,11,3,8,9,2,5,9,8,5,3,5,3,11,3,4,5,9,10,0,5,9,2,11,2,2,0,11,3,4,8,6,8,2,3
9,4,7,2,3,9,5,5,10,11,9,10,3,2,9,7,5,10,0,6,10,10,6,2,0,0,6,2,3,5,4,0,3,9,5,0,7,5,9,10,11,3,4,5,2,10,9,8,4,3,9,2,5,5,3,6,6,0,11,5,10,11,4,0,2,0,3,8,3,4,7,9,2,0,4,9,3,6,3,2,5,7,9,2,5,3,10,4,5,3,2,6,3,3,10,2,8,3,6,10,4,9,4,10,6,3,5,9,11,9,9,4,10,10,5,10,0,4,9,10,3,6,10,9,6,4,6,4,0,4,5,6,10,11,2,6,10,3,0,3,3,2,0,4,5,9,7,9,3,4
10,5,8,3,4,10,6,6,11,0,10,11,4,3,10,8,6,11,2,7,11,11,7,3,2,2,7,3,4,6,5,2,4,10,6,2,8,6,10,11,0,4,5,6,3,11,10,9,5,4,10,3,6,6,4,7,7,2,0,6,11,0,5,2,3,2,4,9,4,5,8,10,3,2,5,10,4,7,4,3,6,8,10,3,6,4,11,5,6,4,3,7,4,4,11,3,9,4,7,11,5,10,5,11,7,4,6,10,0,10,10,5,11,11,6,11,2,5,10,11,4,7,11,10,7,5,7,5,2,5,6,7,11,0,3,7,11,4,2,4,4,3,2,5,6,10,8,10,4,5
11,6,9,4,5,11,7,7,0,2,11,0,5,4,11,9,7,0,3,8,0,0,8,4,3,3,8,4,5,7,6,3,5,11,7,3,9,7,11,0,2,5,6,7,4,0,11,10,6,5,11,4,7,7,5,8,8,3,2,7,0,2,6,3,4,3,5,10,5,6,9,11,4,3,6,11,5,8,5,4,7,9,11,4,7,5,0,6,7,5,4,8,5,5,0,4,10,5,8,0,6,11,6,0,8,5,7,11,2,11,11,6,0,0,7,0,3,6,11,0,5,8,0,11,8,6,8,6,3,6,7,8,0,2,4,8,0,5,3,5,5,4,3,6,7,11,9,11,5,6
0,7,10,5,6,0,8,8,2,3,0,2,6,5,0,10,8,2,4,9,2,2,9,5,4,4,9,5,6,8,7,4,6,0,8,4,10,8,0,2,3,6,7,8,5,2,0,11,7,6,0,5,8,8,6,9,9,4,3,8,2,3,7,4,5,4,6,11,6,7,10,0,5,4,7,0,6,9,6,5,8,10,0,5,8,6,2,7,8,6,5,9,6,6,2,5,11,6,9,2,7,0,7,2,9,6,8,0,3,0,0,7,2,2,8,2,4,7,0,2,6,9,2,0,9,7,9,7,4,7,8,9,2,3,5,9,2,6,4,6,6,5,4,7,8,0,10,0,6,7
2,8,11,6,7,2,9,9,3,4,2,3,7,6,2,11,9,3,5,10,3,3,10,6,5,5,10,6,7,9,8,5,7,2,9,5,11,9,2,3,4,7,8,9,6,3,2,0,8,7,2,6,9,9,7,10,10,5,4,9,3,4,8,5,6,5,7,0,7,8,11,2,6,5,8,2,7,10,7,6,9,11,2,6,9,7,3,8,9,7,6,10,7,7,3,6,0,7,10,3,8,2,8,3,10,7,9,2,4,2,2,8,3,3,9,3,5,8,2,3,7,10,3,2,10,8,10,8,5,8,9,10,3,4,6,10,3,7,5,7,7,6,5,8,9,2,11,2,7,8
3,9,0,7,8,3,10,10,4,5,3,4,8,7,3,0,10,4,6,11,4,4,11,7,6,6,11,7,8,10,9,6,8,3,10,6,0,10,3,4,5,8,9,10,7,4,3,2,9,8,3,7,10,10,8,11,11,6,5,10,4,5,9,6,7,6,8,2,8,9,0,3,7,6,9,3,8,11,8,7,10,0,3,7,10,8,4,9,10,8,7,11,8,8,4,7,2,8,11,4,9,3,9,4,11,8,10,3,5,3,3,9,4,4,10,4,6,9,3,4,8,11,4,3,11,9,11,9,6,9,10,11,4,5,7,11,4,8,6,8,8,7,6,9,10,3,0,3,8,9
4,10,2,8,9,4,11,11,5,6,4,5,9,8,4,2,11,5,7,0,5,5,0,8,7,7,0,8,9,11,10,7,9,4,11,7,2,11,4,5,6,9,10,11,8,5,4,3,10,9,4,8,11,11,9,0,0,7,6,11,5,6,10,7,8,7,9,3,9,10,2,4,8,7,10,4,9,0,9,8,11,2,4,8,11,9,5,10,11,9,8,0,9,9,5,8,3,9,0,5,10,4,10,5,0,9,11,4,6,4,4,10,5,5,11,5,7,10,4,5,9,0,5,4,0,10,0,10,7,10,11,0,5,6,8,0,5,9,7,9,9,8,7,10,11,4,2,4,9,10
5,11,3,9,10,5,0,0,6,7,5,6,10,9,5,3,0,6,8,2,6,6,2,9,8,8,2,9,10,0,11,8,10,5,0,8,3,0,5,6,7,10,11,0,9,6,5,4,11,10,5,9,0,0,10,2,2,8,7,0,6,7,11,8,9,8,10,4,10,11,3,5,9,8,11,5,10,2,10,9,0,3,5,9,0,10,6,11,0,10,9,2,10,10,6,9,4,10,2,6,11,5,11,6,2,10,0,5,7,5,5,11,6,6,0,6,8,11,5,6,10,2,6,5,2,11,2,11,8,11,0,2,6,7,9,2,6,10,8,10,10,9,8,11,0,5,3,5,10,11
6,0,4,10,11,6,2,2,7,8,6,7,11,10,6,4,2,7,9,3,7,7,3,10,9,9,3,10,11,2,0,9,11,6,2,9,4,2,6,7,8,11,0,2,10,7,6,5,0,11,6,10,2,2,11,3,3,9,8,2,7,8,0,9,10,9,11,5,11,0,4,6,10,9,0,6,11,3,11,10,2,4,6,10,2,11,7,0,2,11,10,3,11,11,7,10,5,11,3,7,0,6,0,7,3,11,2,6,8,6,6,0,7,7,2,7,9,0,6,7,11,3,7,6,3,0,3,0,9,0,2,3,7,8,10,3,7,11,9,11,11,10,9,0,2,6,4,6,11,0
7,2,5,11,0,7,3,3,8,9,7,8,0,11,7,5,3,8,10,4,8,8,4,11,10,10,4,11,0,3,2,10,0,7,3,10,5,3,7,8,9,0,2,3,11,8,7,6,2,0,7,11,3,3,0,4,4,10,9,3,8,9,2,10,11,10,0,6,0,2,5,7,11,10,2,7,0,4,0,11,3,5,7,11,3,0,8,2,3,0,11,4,0,0,8,11,6,0,4,8,2,7,2,8,4,0,3,7,9,7,7,2,8,8,3,8,10,2,7,8,0,4,8,7,4,2,4,2,10,2,3,4,8,9,11,4,8,0,10,0,0,11,10,2,3,7,5,7,0,2
8,3,6,0,2,8,4,4,9,10,8,9,2,0,8,6,4,9,11,5,9,9,5,0,11,11,5,0,2,4,3,11,2,8,4,11,6,4,8,9,10,2,3,4,0,9,8,7,3,2,8,0,4,4,2,5,5,11,10,4,9,10,3,11,0,11,2,7,2,3,6,8,0,11,3,8,2,5,2,0,4,6,8,0,4,2,9,3,4,2,0,5,2,2,9,0,7,2,5,9,3,8,3,9,5,2,4,8,10,8,8,3,9,9,4,9,11,3,8,9,2,5,9,8,5,3,5,3,11,3,4,5,9,10,0,5,9,2,11,2,2,0,11,3,4,8,6,8,2,3
9,4,7,2,3,9,5,5,10,11,9,10,3,2,9,7,5,10,0,6,10,10,6,2,0,0,6,2,3,5,4,0,3,9,5,0,7,5,9,10,11,3,4,5,2,10,9,8,4,3,9,2,5,5,3,6,6,0,11,5,10,11,4,0,2,0,3,8,3,4,7,9,2,0,4,9,3,6,3,2,5,7,9,2,5,3,10,4,5,3,2,6,3,3,10,2,8,3,6,10,4,9,4,10,6,3,5,9,11,9,9,4,10,10,5,10,0,4,9,10,3,6,10,9,6,4,6,4,0,4,5,6,10,11,2,6,10,3,0,3,3,2,0,4,5,9,7,9,3,4
10,5,8,3,4,10,6,6,11,0,10,11,4,3,10,8,6,11,2,7,11,11,7,3,2,2,7,3,4,6,5,2,4,10,6,2,8,6,10,11,0,4,5,6,3,11,10,9,5,4,10,3,6,6,4,7,7,2,0,6,11,0,5,2,3,2,4,9,4,5,8,10,3,2,5,10,4,7,4,3,6,8,10,3,6,4,11,5,6,4,3,7,4,4,11,3,9,4,7,11,5,10,5,11,7,4,6,10,0,10,10,5,11,11,6,11,2,5,10,11,4,7,11,10,7,5,7,5,2,5,6,7,11,0,3,7,11,4,2,4,4,3,2,5,6,10,8,10,4,5
11,6,9,4,5,11,7,7,0,2,11,0,5,4,11,9,7,0,3,8,0,0,8,4,3,3,8,4,5,7,6,3,5,11,7,3,9,7,11,0,2,5,6,7,4,0,11,10,6,5,11,4,7,7,5,8,8,3,2,7,0,2,6,3,4,3,5,10,5,6,9,11,4,3,6,11,5,8,5,4,7,9,11,4,7,5,0,6,7,5,4,8,5,5,0,4,10,5,8,0,6,11,6,0,8,5,7,11,2,11,11,6,0,0,7,0,3,6,11,0,5,8,0,11,8,6,8,6,3,6,7,8,0,2,4,8,0,5,3,5,5,4,3,6,7,11,9,11,5,6
0,7,10,5,6,0,8,8,2,3,0,2,6,5,0,10,8,2,4,9,2,2,9,5,4,4,9,5,6,8,7,4,6,0,8,4,10,8,0,2,3,6,7,8,5,2,0,11,7,6,0,5,8,8,6,9,9,4,3,8,2,3,7,4,5,4,6,11,6,7,10,0,5,4,7,0,6,9,6,5,8,10,0,5,8,6,2,7,8,6,5,9,6,6,2,5,11,6,9,2,7,0,7,2,9,6,8,0,3,0,0,7,2,2,8,2,4,7,0,2,6,9,2,0,9,7,9,7,4,7,8,9,2,3,5,9,2,6,4,6,6,5,4,7,8,0,10,0,6,7
2,8,11,6,7,2,9,9,3,4,2,3,7,6,2,11,9,3,5,10,3,3,10,6,5,5,10,6,7,9,8,5,7,2,9,5,11,9,2,3,4,7,8,9,6,3,2,0,8,7,2,6,9,9,7,10,10,5,4,9,3,4,8,5,6,5,7,0,7,8,11,2,6,5,8,2,7,10,7,6,9,11,2,6,9,7,3,8,9,7,6,10,7,7,3,6,0,7,10,3,8,2,8,3,10,7,9,2,4,2,2,8,3,3,9,3,5,8,2,3,7,10,3,2,10,8,10,8,5,8,9,10,3,4,6,10,3,7,5,7,7,6,5,8,9,2,11,2,7,8
3,9,0,7,8,3,10,10,4,5,3,4,8,7,3,0,10,4,6,11,4,4,11,7,6,6,11,7,8,10,9,6,8,3,10,6,0,10,3,4,5,8,9,10,7,4,3,2,9,8,3,7,10,10,8,11,11,6,5,10,4,5,9,6,7,6,8,2,8,9,0,3,7,6,9,3,8,11,8,7,10,0,3,7,10,8,4,9,10,8,7,11,8,8,4,7,2,8,11,4,9,3,9,4,11,8,10,3,5,3,3,9,4,4,10,4,6,9,3,4,8,11,4,3,11,9,11,9,6,9,10,11,4,5,7,11,4,8,6,8,8,7,6,9,10,3,0,3,8,9
4,10,2,8,9,4,11,11,5,6,4,5,9,8,4,2,11,5,7,0,5,5,0,8,7,7,0,8,9,11,10,7,9,4,11,7,2,11,4,5,6,9,10,11,8,5,4,3,10,9,4,8,11,11,9,0,0,7,6,11,5,6,10,7,8,7,9,3,9,10,2,4,8,7,10,4,9,0,9,8,11,2,4,8,11,9,5,10,11,9,8,0,9,9,5,8,3,9,0,5,10,4,10,5,0,9,11,4,6,4,4,10,5,5,11,5,7,10,4,5,9,0,5,4,0,10,0,10,7,10,11,0,5,6,8,0,5,9,7,9,9,8,7,10,11,4,2,4,9,10
5,11,3,9,10,5,0,0,6,7,5,6,10,9,5,3,0,6,8,2,6,6,2,9,8,8,2,9,10,0,11,8,10,5,0,8,3,0,5,6,7,10,11,0,9,6,5,4,11,10,5,9,0,0,10,2,2,8,7,0,6,7,11,8,9,8,10,4,10,11,3,5,9,8,11,5,10,2,10,9,0,3,5,9,0,10,6,11,0,10,9,2,10,10,6,9,4,10,2,6,11,5,11,6,2,10,0,5,7,5,5,11,6,6,0,6,8,11,5,6,10,2,6,5,2,11,2,11,8,11,0,2,6,7,9,2,6,10,8,10,10,9,8,11,0,5,3,5,10,11
6,0,4,10,11,6,2,2,7,8,6,7,11,10,6,4,2,7,9,3,7,7,3,10,9,9,3,10,11,2,0,9,11,6,2,9,4,2,6,7,8,11,0,2,10,7,6,5,0,11,6,10,2,2,11,3,3,9,8,2,7,8,0,9,10,9,11,5,11,0,4,6,10,9,0,6,11,3,11,10,2,4,6,10,2,11,7,0,2,11,10,3,11,11,7,10,5,11,3,7,0,6,0,7,3,11,2,6,8,6,6,0,7,7,2,7,9,0,6,7,11,3,7,6,3,0,3,0,9,0,2,3,7,8,10,3,7,11,9,11,11,10,9,0,2,6,4,6,11,0
7,2,5,11,0,7,3,3,8,9,7,8,0,11,7,5,3,8,10,4,8,8,4,11,10,10,4,11,0,3,2,10,0,7,3,10,5,3,7,8,9,0,2,3,11,8,7,6,2,0,7,11,3,3,0,4,4,10,9,3,8,9,2,10,11,10,0,6,0,2,5,7,11,10,2,7,0,4,0,11,3,5,7,11,3,0,8,2,3,0,11,4,0,0,8,11,6,0,4,8,2,7,2,8,4,0,3,7,9,7,7,2,8,8,3,8,10,2,7,8,0,4,8,7,4,2,4,2,10,2,3,4,8,9,11,4,8,0,10,0,0,11,10,2,3,7,5,7,0,2
8,3,6,0,2,8,4,4,9,10,8,9,2,0,8,6,4,9,11,5,9,9,5,0,11,11,5,0,2,4,3,11,2,8,4,11,6,4,8,9,10,2,3,4,0,9,8,7,3,2,8,0,4,4,2,5,5,11,10,4,9,10,3,11,0,11,2,7,2,3,6,8,0,11,3,8,2,5,2,0,4,6,8,0,4,2,9,3,4,2,0,5,2,2,9,0,7,2,5,9,3,8,3,9,5,2,4,8,10,8,8,3,9,9,4,9,11,3,8,9,2,5,9,8,5,3,5,3,11,3,4,5,9,10,0,5,9,2,11,2,2,0,11,3,4,8,6,8,2,3
9,4,7,2,3,9,5,5,10,11,9,10,3,2,9,7,5,10,0,6,10,10,6,2,0,0,6,2,3,5,4,0,3,9,5,0,7,5,9,10,11,3,4,5,2,10,9,8,4,3,9,2,5,5,3,6,6,0,11,5,10,11,4,0,2,0,3,8,3,4,7,9,2,0,4,9,3,6,3,2,5,7,9,2,5,3,10,4,5,3,2,6,3,3,10,2,8,3,6,10,4,9,4,10,6,3,5,9,11,9,9,4,10,10,5,10,0,4,9,10,3,6,10,9,6,4,6,4,0,4,5,6,10,11,2,6,10,3,0,3,3,2,0,4,5,9,7,9,3,4
10,5,8,3,4,10,6,6,11,0,10,11,4,3,10,8,6,11,2,7,11,11,7,3,2,2,7,3,4,6,5,2,4,10,6,2,8,6,10,11,0,4,5,6,3,11,10,9,5,4,10,3,6,6,4,7,7,2,0,6,11,0,5,2,3,2,4,9,4,5,8,10,3,2,5,10,4,7,4,3,6,8,10,3,6,4,11,5,6,4,3,7,4,4,11,3,9,4,7,11,5,10,5,11,7,4,6,10,0,10,10,5,11,11,6,11,2,5,10,11,4,7,11,10,7,5,7,5,2,5,6,7,11,0,3,7,11,4,2,4,4,3,2,5,6,10,8,10,4,5
11,6,9,4,5,11,7,7,0,2,11,0,5,4,11,9,7,0,3,8,0,0,8,4,3,3,8,4,5,7,6,3,5,11,7,3,9,7,11,0,2,5,6,7,4,0,11,10,6,5,11,4,7,7,5,8,8,3,2,7,0,2,6,3,4,3,5,10,5,6,9,11,4,3,6,11,5,8,5,4,7,9,11,4,7,5,0,6,7,5,4,8,5,5,0,4,10,5,8,0,6,11,6,0,8,5,7,11,2,11,11,6,0,0,7,0,3,6,11,0,5,8,0,11,8,6,8,6,3,6,7,8,0,2,4,8,0,5,3,5,5,4,3,6,7,11,9,11,5,6
0,7,10,5,6,0,8,8,2,3,0,2,6,5,0,10,8,2,4,9,2,2,9,5,4,4,9,5,6,8,7,4,6,0,8,4,10,8,0,2,3,6,7,8,5,2,0,11,7,6,0,5,8,8,6,9,9,4,3,8,2,3,7,4,5,4,6,11,6,7,10,0,5,4,7,0,6,9,6,5,8,10,0,5,8,6,2,7,8,6,5,9,6,6,2,5,11,6,9,2,7,0,7,2,9,6,8,0,3,0,0,7,2,2,8,2,4,7,0,2,6,9,2,0,9,7,9,7,4,7,8,9,2,3,5,9,2,6,4,6,6,5,4,7,8,0,10,0,6,7
2,8,11,6,7,2,9,9,3,4,2,3,7,6,2,11,9,3,5,10,3,3,10,6,5,5,10,6,7,9,8,5,7,2,9,5,11,9,2,3,4,7,8,9,6,3,2,0,8,7,2,6,9,9,7,10,10,5,4,9,3,4,8,5,6,5,7,0,7,8,11,2,6,5,8,2,7,10,7,6,9,11,2,6,9,7,3,8,9,7,6,10,7,7,3,6,0,7,10,3,8,2,8,3,10,7,9,2,4,2,2,8,3,3,9,3,5,8,2,3,7,10,3,2,10,8,10,8,5,8,9,10,3,4,6,10,3,7,5,7,7,6,5,8,9,2,11,2,7,8
3,9,0,7,8,3,10,10,4,5,3,4,8,7,3,0,10,4,6,11,4,4,11,7,6,6,11,7,8,10,9,6,8,3,10,6,0,10,3,4,5,8,9,10,7,4,3,2,9,8,3,7,10,10,8,11,11,6,5,10,4,5,9,6,7,6,8,2,8,9,0,3,7,6,9,3,8,11,8,7,10,0,3,7,10,8,4,9,10,8,7,11,8,8,4,7,2,8,11,4,9,3,9,4,11,8,10,3,5,3,3,9,4,4,10,4,6,9,3,4,8,11,4,3,11,9,11,9,6,9,10,11,4,5,7,11,4,8,6,8,8,7,6,9,10,3,0,3,8,9
4,10,2,8,9,4,11,11,5,6,4,5,9,8,4,2,11,5,7,0,5,5,0,8,7,7,0,8,9,11,10,7,9,4,11,7,2,11,4,5,6,9,10,11,8,5,4,3,10,9,4,8,11,11,9,0,0,7,6,11,5,6,10,7,8,7,9,3,9,10,2,4,8,7,10,4,9,0,9,8,11,2,4,8,11,9,5,10,11,9,8,0,9,9,5,8,3,9,0,5,10,4,10,5,0,9,11,4,6,4,4,10,5,5,11,5,7,10,4,5,9,0,5,4,0,10,0,10,7,10,11,0,5,6,8,0,5,9,7,9,9,8,7,10,11,4,2,4,9,10
5,11,3,9,10,5,0,0,6,7,5,6,10,9,5,3,0,6,8,2,6,6,2,9,8,8,2,9,10,0,11,8,10,5,0,8,3,0,5,6,7,10,11,0,9,6,5,4,11,10,5,9,0,0,10,2,2,8,7,0,6,7,11,8,9,8,10,4,10,11,3,5,9,8,11,5,10,2,10,9,0,3,5,9,0,10,6,11,0,10,9,2,10,10,6,9,4,10,2,6,11,5,11,6,2,10,0,5,7,5,5,11,6,6,0,6,8,11,5,6,10,2,6,5,2,11,2,11,8,11,0,2,6,7,9,2,6,10,8,10,10,9,8,11,0,5,3,5,10,11
6,0,4,10,11,6,2,2,7,8,6,7,11,10,6,4,2,7,9,3,7,7,3,10,9,9,3,10,11,2,0,9,11,6,2,9,4,2,6,7,8,11,0,2,10,7,6,5,0,11,6,10,2,2,11,3,3,9,8,2,7,8,0,9,10,9,11,5,11,0,4,6,10,9,0,6,11,3,11,10,2,4,6,10,2,11,7,0,2,11,10,3,11,11,7,10,5,11,3,7,0,6,0,7,3,11,2,6,8,6,6,0,7,7,2,7,9,0,6,7,11,3,7,6,3,0,3,0,9,0,2,3,7,8,10,3,7,11,9,11,11,10,9,0,2,6,4,6,11,0
7,2,5,11,0,7,3,3,8,9,7,8,0,11,7,5,3,8,10,4,8,8,4,11,10,10,4,11,0,3,2,10,0,7,3,10,5,3,7,8,9,0,2,3,11,8,7,6,2,0,7,11,3,3,0,4,4,10,9,3,8,9,2,10,11,10,0,6,0,2,5,7,11,10,2,7,0,4,0,11,3,5,7,11,3,0,8,2,3,0,11,4,0,0,8,11,6,0,4,8,2,7,2,8,4,0,3,7,9,7,7,2,8,8,3,8,10,2,7,8,0,4,8,7,4,2,4,2,10,2,3,4,8,9,11,4,8,0,10,0,0,11,10,2,3,7,5,7,0,2
8,3,6,0,2,8,4,4,9,10,8,9,2,0,8,6,4,9,11,5,9,9,5,0,11,11,5,0,2,4,3,11,2,8,4,11,6,4,8,9,10,2,3,4,0,9,8,7,3,2,8,0,4,4,2,5,5,11,10,4,9,10,3,11,0,11,2,7,2,3,6,8,0,11,3,8,2,5,2,0,4,6,8,0,4,2,9,3,4,2,0,5,2,2,9,0,7,2,5,9,3,8,3,9,5,2,4,8,10,8,8,3,9,9,4,9,11,3,8,9,2,5,9,8,5,3,5,3,11,3,4,5,9,10,0,5,9,2,11,2,2,0,11,3,4,8,6,8,2,3
9,4,7,2,3,9,5,5,10,11,9,10,3,2,9,7,5,10,0,6,10,10,6,2,0,0,6,2,3,5,4,0,3,9,5,0,7,5,9,10,11,3,4,5,2,10,9,8,4,3,9,2,5,5,3,6,6,0,11,5,10,11,4,0,2,0,3,8,3,4,7,9,2,0,4,9,3,6,3,2,5,7,9,2,5,3,10,4,5,3,2,6,3,3,10,2,8,3,6,10,4,9,4,10,6,3,5,9,11,9,9,4,10,10,5,10,0,4,9,10,3,6,10,9,6,4,6,4,0,4,5,6,10,11,2,6,10,3,0,3,3,2,0,4,5,9,7,9,3,4
10,5,8,3,4,10,6,6,11,0,10,11,4,3,10,8,6,11,2,7,11,11,7,3,2,2,7,3,4,6,5,2,4,10,6,2,8,6,10,11,0,4,5,6,3,11,10,9,5,4,10,3,6,6,4,7,7,2,0,6,11,0,5,2,3,2,4,9,4,5,8,10,3,2,5,10,4,7,4,3,6,8,10,3,6,4,11,5,6,4,3,7,4,4,11,3,9,4,7,11,5,10,5,11,7,4,6,10,0,10,10,5,11,11,6,11,2,5,10,11,4,7,11,10,7,5,7,5,2,5,6,7,11,0,3,7,11,4,2,4,4,3,2,5,6,10,8,10,4,5
11,6,9,4,5,11,7,7,0,2,11,0,5,4,11,9,7,0,3,8,0,0,8,4,3,3,8,4,5,7,6,3,5,11,7,3,9,7,11,0,2,5,6,7,4,0,11,10,6,5,11,4,7,7,5,8,8,3,2,7,0,2,6,3,4,3,5,10,5,6,9,11,4,3,6,11,5,8,5,4,7,9,11,4,7,5,0,6,7,5,4,8,5,5,0,4,10,5,8,0,6,11,6,0,8,5,7,11,2,11,11,6,0,0,7,0,3,6,11,0,5,8,0,11,8,6,8,6,3,6,7,8,0,2,4,8,0,5,3,5,5,4,3,6,7,11,9,11,5,6
0,7,10,5,6,0,8,8,2,3,0,2,6,5,0,10,8,2,4,9,2,2,9,5,4,4,9,5,6,8,7,4,6,0,8,4,10,8,0,2,3,6,7,8,5,2,0,11,7,6,0,5,8,8,6,9,9,4,3,8,2,3,7,4,5,4,6,11,6,7,10,0,5,4,7,0,6,9,6,5,8,10,0,5,8,6,2,7,8,6,5,9,6,6,2,5,11,6,9,2,7,0,7,2,9,6,8,0,3,0,0,7,2,2,8,2,4,7,0,2,6,9,2,0,9,7,9,7,4,7,8,9,2,3,5,9,2,6,4,6,6,5,4,7,8,0,10,0,6,7
2,8,11,6,7,2,9,9,3,4,2,3,7,6,2,11,9,3,5,10,3,3,10,6,5,5,10,6,7,9,8,5,7,2,9,5,11,9,2,3,4,7,8,9,6,3,2,0,8,7,2,6,9,9,7,10,10,5,4,9,3,4,8,5,6,5,7,0,7,8,11,2,6,5,8,2,7,10,7,6,9,11,2,6,9,7,3,8,9,7,6,10,7,7,3,6,0,7,10,3,8,2,8,3,10,7,9,2,4,2,2,8,3,3,9,3,5,8,2,3,7,10,3,2,10,8,10,8,5,8,9,10,3,4,6,10,3,7,5,7,7,6,5,8,9,2,11,2,7,8
3,9,0,7,8,3,10,10,4,5,3,4,8,7,3,0,10,4,6,11,4,4,11,7,6,6,11,7,8,10,9,6,8,3,10,6,0,10,3,4,5,8,9,10,7,4,3,2,9,8,3,7,10,10,8,11,11,6,5,10,4,5,9,6,7,6,8,2,8,9,0,3,7,6,9,3,8,11,8,7,10,0,3,7,10,8,4,9,10,8,7,11,8,8,4,7,2,8,11,4,9,3,9,4,11,8,10,3,5,3,3,9,4,4,10,4,6,9,3,4,8,11,4,3,11,9,11,9,6,9,10,11,4,5,7,11,4,8,6,8,8,7,6,9,10,3,0,3,8,9
4,10,2,8,9,4,11,11,5,6,4,5,9,8,4,2,11,5,7,0,5,5,0,8,7,7,0,8,9,11,10,7,9,4,11,7,2,11,4,5,6,9,10,11,8,5,4,3,10,9,4,8,11,11,9,0,0,7,6,11,5,6,10,7,8,7,9,3,9,10,2,4,8,7,10,4,9,0,9,8,11,2,4,8,11,9,5,10,11,9,8,0,9,9,5,8,3,9,0,5,10,4,10,5,0,9,11,4,6,4,4,10,5,5,11,5,7,10,4,5,9,0,5,4,0,10,0,10,7,10,11,0,5,6,8,0,5,9,7,9,9,8,7,10,11,4,2,4,9,10
5,11,3,9,10,5,0,0,6,7,5,6,10,9,5,3,0,6,8,2,6,6,2,9,8,8,2,9,10,0,11,8,10,5,0,8,3,0,5,6,7,10,11,0,9,6,5,4,11,10,5,9,0,0,10,2,2,8,7,0,6,7,11,8,9,8,10,4,10,11,3,5,9,8,11,5,10,2,10,9,0,3,5,9,0,10,6,11,0,10,9,2,10,10,6,9,4,10,2,6,11,5,11,6,2,10,0,5,7,5,5,11,6,6,0,6,8,11,5,6,10,2,6,5,2,11,2,11,8,11,0,2,6,7,9,2,6,10,8,10,10,9,8,11,0,5,3,5,10,11
6,0,4,10,11,6,2,2,7,8,6,7,11,10,6,4,2,7,9,3,7,7,3,10,9,9,3,10,11,2,0,9,11,6,2,9,4,2,6,7,8,11,0,2,10,7,6,5,0,11,6,10,2,2,11,3,3,9,8,2,7,8,0,9,10,9,11,5,11,0,4,6,10,9,0,6,11,3,11,10,2,4,6,10,2,11,7,0,2,11,10,3,11,11,7,10,5,11,3,7,0,6,0,7,3,11,2,6,8,6,6,0,7,7,2,7,9,0,6,7,11,3,7,6,3,0,3,0,9,0,2,3,7,8,10,3,7,11,9,11,11,10,9,0,2,6,4,6,11,0
7,2,5,11,0,7,3,3,8,9,7,8,0,11,7,5,3,8,10,4,8,8,4,11,10,10,4,11,0,3,2,10,0,7,3,10,5,3,7,8,9,0,2,3,11,8,7,6,2,0,7,11,3,3,0,4,4,10,9,3,8,9,2,10,11,10,0,6,0,2,5,7,11,10,2,7,0,4,0,11,3,5,7,11,3,0,8,2,3,0,11,4,0,0,8,11,6,0,4,8,2,7,2,8,4,0,3,7,9,7,7,2,8,8,3,8,10,2,7,8,0,4,8,7,4,2,4,2,10,2,3,4,8,9,11,4,8,0,10,0,0,11,10,2,3,7,5,7,0,2
8,3,6,0,2,8,4,4,9,10,8,9,2,0,8,6,4,9,11,5,9,9,5,0,11,11,5,0,2,4,3,11,2,8,4,11,6,4,8,9,10,2,3,4,0,9,8,7,3,2,8,0,4,4,2,5,5,11,10,4,9,10,3,11,0,11,2,7,2,3,6,8,0,11,3,8,2,5,2,0,4,6,8,0,4,2,9,3,4,2,0,5,2,2,9,0,7,2,5,9,3,8,3,9,5,2,4,8,10,8,8,3,9,9,4,9,11,3,8,9,2,5,9,8,5,3,5,3,11,3,4,5,9,10,0,5,9,2,11,2,2,0,11,3,4,8,6,8,2,3
9,4,7,2,3,9,5,5,10,11,9,10,3,2,9,7,5,10,0,6,10,10,6,2,0,0,6,2,3,5,4,0,3,9,5,0,7,5,9,10,11,3,4,5,2,10,9,8,4,3,9,2,5,5,3,6,6,0,11,5,10,11,4,0,2,0,3,8,3,4,7,9,2,0,4,9,3,6,3,2,5,7,9,2,5,3,10,4,5,3,2,6,3,3,10,2,8,3,6,10,4,9,4,10,6,3,5,9,11,9,9,4,10,10,5,10,0,4,9,10,3,6,10,9,6,4,6,4,0,4,5,6,10,11,2,6,10,3,0,3,3,2,0,4,5,9,7,9,3,4
10,5,8,3,4,10,6,6,11,0,10,11,4,3,10,8,6,11,2,7,11,11,7,3,2,2,7,3,4,6,5,2,4,10,6,2,8,6,10,11,0,4,5,6,3,11,10,9,5,4,10,3,6,6,4,7,7,2,0,6,11,0,5,2,3,2,4,9,4,5,8,10,3,2,5,10,4,7,4,3,6,8,10,3,6,4,11,5,6,4,3,7,4,4,11,3,9,4,7,11,5,10,5,11,7,4,6,10,0,10,10,5,11,11,6,11,2,5,10,11,4,7,11,10,7,5,7,5,2,5,6,7,11,0,3,7,11,4,2,4,4,3,2,5,6,10,8,10,4,5
11,6,9,4,5,11,7,7,0,2,11,0,5,4,11,9,7,0,3,8,0,0,8,4,3,3,8,4,5,7,6,3,5,11,7,3,9,7,11,0,2,5,6,7,4,0,11,10,6,5,11,4,7,7,5,8,8,3,2,7,0,2,6,3,4,3,5,10,5,6,9,11,4,3,6,11,5,8,5,4,7,9,11,4,7,5,0,6,7,5,4,8,5,5,0,4,10,5,8,0,6,11,6,0,8,5,7,11,2,11,11,6,0,0,7,0,3,6,11,0,5,8,0,11,8,6,8,6,3,6,7,8,0,2,4,8,0,5,3,5,5,4,3,6,7,11,9,11,5,6
0,7,10,5,6,0,8,8,2,3,0,2,6,5,0,10,8,2,4,9,2,2,9,5,4,4,9,5,6,8,7,4,6,0,8,4,10,8,0,2,3,6,7,8,5,2,0,11,7,6,0,5,8,8,6,9,9,4,3,8,2,3,7,4,5,4,6,11,6,7,10,0,5,4,7,0,6,9,6,5,8,10,0,5,8,6,2,7,8,6,5,9,6,6,2,5,11,6,9,2,7,0,7,2,9,6,8,0,3,0,0,7,2,2,8,2,4,7,0,2,6,9,2,0,9,7,9,7,4,7,8,9,2,3,5,9,2,6,4,6,6,5,4,7,8,0,10,0,6,7
2,8,11,6,7,2,9,9,3,4,2,3,7,6,2,11,9,3,5,10,3,3,10,6,5,5,10,6,7,9,8,5,7,2,9,5,11,9,2,3,4,7,8,9,6,3,2,0,8,7,2,6,9,9,7,10,10,5,4,9,3,4,8,5,6,5,7,0,7,8,11,2,6,5,8,2,7,10,7,6,9,11,2,6,9,7,3,8,9,7,6,10,7,7,3,6,0,7,10,3,8,2,8,3,10,7,9,2,4,2,2,8,3,3,9,3,5,8,2,3,7,10,3,2,10,8,10,8,5,8,9,10,3,4,6,10,3,7,5,7,7,6,5,8,9,2,11,2,7,8
3,9,0,7,8,3,10,10,4,5,3,4,8,7,3,0,10,4,6,11,4,4,11,7,6,6,11,7,8,10,9,6,8,3,10,6,0,10,3,4,5,8,9,10,7,4,3,2,9,8,3,7,10,10,8,11,11,6,5,10,4,5,9,6,7,6,8,2,8,9,0,3,7,6,9,3,8,11,8,7,10,0,3,7,10,8,4,9,10,8,7,11,8,8,4,7,2,8,11,4,9,3,9,4,11,8,10,3,5,3,3,9,4,4,10,4,6,9,3,4,8,11,4,3,11,9,11,9,6,9,10,11,4,5,7,11,4,8,6,8,8,7,6,9,10,3,0,3,8,9
4,10,2,8,9,4,11,11,5,6,4,5,9,8,4,2,11,5,7,0,5,5,0,8,7,7,0,8,9,11,10,7,9,4,11,7,2,11,4,5,6,9,10,11,8,5,4,3,10,9,4,8,11,11,9,0,0,7,6,11,5,6,10,7,8,7,9,3,9,10,2,4,8,7,10,4,9,0,9,8,11,2,4,8,11,9,5,10,11,9,8,0,9,9,5,8,3,9,0,5,10,4,10,5,0,9,11,4,6,4,4,10,5,5,11,5,7,10,4,5,9,0,5,4,0,10,0,10,7,10,11,0,5,6,8,0,5,9,7,9,9,8,7,10,11,4,2,4,9,10
5,11,3,9,10,5,0,0,6,7,5,6,10,9,5,3,0,6,8,2,6,6,2,9,8,8,2,9,10,0,11,8,10,5,0,8,3,0,5,6,7,10,11,0,9,6,5,4,11,10,5,9,0,0,10,2,2,8,7,0,6,7,11,8,9,8,10,4,10,11,3,5,9,8,11,5,10,2,10,9,0,3,5,9,0,10,6,11,0,10,9,2,10,10,6,9,4,10,2,6,11,5,11,6,2,10,0,5,7,5,5,11,6,6,0,6,8,11,5,6,10,2,6,5,2,11,2,11,8,11,0,2,6,7,9,2,6,10,8,10,10,9,8,11,0,5,3,5,10,11
6,0,4,10,11,6,2,2,7,8,6,7,11,10,6,4,2,7,9,3,7,7,3,10,9,9,3,10,11,2,0,9,11,6,2,9,4,2,6,7,8,11,0,2,10,7,6,5,0,11,6,10,2,2,11,3,3,9,8,2,7,8,0,9,10,9,11,5,11,0,4,6,10,9,0,6,11,3,11,10,2,4,6,10,2,11,7,0,2,11,10,3,11,11,7,10,5,11,3,7,0,6,0,7,3,11,2,6,8,6,6,0,7,7,2,7,9,0,6,7,11,3,7,6,3,0,3,0,9,0,2,3,7,8,10,3,7,11,9,11,11,10,9,0,2,6,4,6,11,0
7,2,5,11,0,7,3,3,8,9,7,8,0,11,7,5,3,8,10,4,8,8,4,11,10,10,4,11,0,3,2,10,0,7,3,10,5,3,7,8,9,0,2,3,11,8,7,6,2,0,7,11,3,3,0,4,4,10,9,3,8,9,2,10,11,10,0,6,0,2,5,7,11,10,2,7,0,4,0,11,3,5,7,11,3,0,8,2,3,0,11,4,0,0,8,11,6,0,4,8,2,7,2,8,4,0,3,7,9,7,7,2,8,8,3,8,10,2,7,8,0,4,8,7,4,2,4,2,10,2,3,4,8,9,11,4,8,0,10,0,0,11,10,2,3,7,5,7,0,2
8,3,6,0,2,8,4,4,9,10,8,9,2,0,8,6,4,9,11,5,9,9,5,0,11,11,5,0,2,4,3,11,2,8,4,11,6,4,8,9,10,2,3,4,0,9,8,7,3,2,8,0,4,4,2,5,5,11,10,4,9,10,3,11,0,11,2,7,2,3,6,8,0,11,3,8,2,5,2,0,4,6,8,0,4,2,9,3,4,2,0,5,2,2,9,0,7,2,5,9,3,8,3,9,5,2,4,8,10,8,8,3,9,9,4,9,11,3,8,9,2,5,9,8,5,3,5,3,11,3,4,5,9,10,0,5,9,2,11,2,2,0,11,3,4,8,6,8,2,3
9,4,7,2,3,9,5,5,10,11,9,10,3,2,9,7,5,10,0,6,10,10,6,2,0,0,6,2,3,5,4,0,3,9,5,0,7,5,9,10,11,3,4,5,2,10,9,8,4,3,9,2,5,5,3,6,6,0,11,5,10,11,4,0,2,0,3,8,3,4,7,9,2,0,4,9,3,6,3,2,5,7,9,2,5,3,10,4,5,3,2,6,3,3,10,2,8,3,6,10,4,9,4,10,6,3,5,9,11,9,9,4,10,10,5,10,0,4,9,10,3,6,10,9,6,4,6,4,0,4,5,6,10,11,2,6,10,3,0,3,3,2,0,4,5,9,7,9,3,4
10,5,8,3,4,10,6,6,11,0,10,11,4,3,10,8,6,11,2,7,11,11,7,3,2,2,7,3,4,6,5,2,4,10,6,2,8,6,10,11,0,4,5,6,3,11,10,9,5,4,10,3,6,6,4,7,7,2,0,6,11,0,5,2,3,2,4,9,4,5,8,10,3,2,5,10,4,7,4,3,6,8,10,3,6,4,11,5,6,4,3,7,4,4,11,3,9,4,7,11,5,10,5,11,7,4,6,10,0,10,10,5,11,11,6,11,2,5,10,11,4,7,11,10,7,5,7,5,2,5,6,7,11,0,3,7,11,4,2,4,4,3,2,5,6,10,8,10,4,5
11,6,9,4,5,11,7,7,0,2,11,0,5,4,11,9,7,0,3,8,0,0,8,4,3,3,8,4,5,7,6,3,5,11,7,3,9,7,11,0,2,5,6,7,4,0,11,10,6,5,11,4,7,7,5,8,8,3,2,7,0,2,6,3,4,3,5,10,5,6,9,11,4,3,6,11,5,8,5,4,7,9,11,4,7,5,0,6,7,5,4,8,5,5,0,4,10,5,8,0,6,11,6,0,8,5,7,11,2,11,11,6,0,0,7,0,3,6,11,0,5,8,0,11,8,6,8,6,3,6,7,8,0,2,4,8,0,5,3,5,5,4,3,6,7,11,9,11,5,6
0,7,10,5,6,0,8,8,2,3,0,2,6,5,0,10,8,2,4,9,2,2,9,5,4,4,9,5,6,8,7,4,6,0,8,4,10,8,0,2,3,6,7,8,5,2,0,11,7,6,0,5,8,8,6,9,9,4,3,8,2,3,7,4,5,4,6,11,6,7,10,0,5,4,7,0,6,9,6,5,8,10,0,5,8,6,2,7,8,6,5,9,6,6,2,5,11,6,9,2,7,0,7,2,9,6,8,0,3,0,0,7,2,2,8,2,4,7,0,2,6,9,2,0,9,7,9,7,4,7,8,9,2,3,5,9,2,6,4,6,6,5,4,7,8,0,10,0,6,7
2,8,11,6,7,2,9,9,3,4,2,3,7,6,2,11,9,3,5,10,3,3,10,6,5,5,10,6,7,9,8,5,7,2,9,5,11,9,2,3,4,7,8,9,6,3,2,0,8,7,2,6,9,9,7,10,10,5,4,9,3,4,8,5,6,5,7,0,7,8,11,2,6,5,8,2,7,10,7,6,9,11,2,6,9,7,3,8,9,7,6,10,7,7,3,6,0,7,10,3,8,2,8,3,10,7,9,2,4,2,2,8,3,3,9,3,5,8,2,3,7,10,3,2,10,8,10,8,5,8,9,10,3,4,6,10,3,7,5,7,7,6,5,8,9,2,11,2,7,8
3,9,0,7,8,3,10,10,4,5,3,4,8,7,3,0,10,4,6,11,4,4,11,7,6,6,11,7,8,10,9,6,8,3,10,6,0,10,3,4,5,8,9,10,7,4,3,2,9,8,3,7,10,10,8,11,11,6,5,10,4,5,9,6,7,6,8,2,8,9,0,3,7,6,9,3,8,11,8,7,10,0,3,7,10,8,4,9,10,8,7,11,8,8,4,7,2,8,11,4,9,3,9,4,11,8,10,3,5,3,3,9,4,4,10,4,6,9,3,4,8,11,4,3,11,9,11,9,6,9,10,11,4,5,7,11,4,8,6,8,8,7,6,9,10,3,0,3,8,9
4,10,2,8,9,4,11,11,5,6,4,5,9,8,4,2,11,5,7,0,5,5,0,8,7,7,0,8,9,11,10,7,9,4,11,7,2,11,4,5,6,9,10,11,8,5,4,3,10,9,4,8,11,11,9,0,0,7,6,11,5,6,10,7,8,7,9,3,9,10,2,4,8,7,10,4,9,0,9,8,11,2,4,8,11,9,5,10,11,9,8,0,9,9,5,8,3,9,0,5,10,4,10,5,0,9,11,4,6,4,4,10,5,5,11,5,7,10,4,5,9,0,5,4,0,10,0,10,7,10,11,0,5,6,8,0,5,9,7,9,9,8,7,10,11,4,2,4,9,10
5,11,3,9,10,5,0,0,6,7,5,6,10,9,5,3,0,6,8,2,6,6,2,9,8,8,2,9,10,0,11,8,10,5,0,8,3,0,5,6,7,10,11,0,9,6,5,4,11,10,5,9,0,0,10,2,2,8,7,0,6,7,11,8,9,8,10,4,10,11,3,5,9,8,11,5,10,2,10,9,0,3,5,9,0,10,6,11,0,10,9,2,10,10,6,9,4,10,2,6,11,5,11,6,2,10,0,5,7,5,5,11,6,6,0,6,8,11,5,6,10,2,6,5,2,11,2,11,8,11,0,2,6,7,9,2,6,10,8,10,10,9,8,11,0,5,3,5,10,11
6,0,4,10,11,6,2,2,7,8,6,7,11,10,6,4,2,7,9,3,7,7,3,10,9,9,3,10,11,2,0,9,11,6,2,9,4,2,6,7,8,11,0,2,10,7,6,5,0,11,6,10,2,2,11,3,3,9,8,2,7,8,0,9,10,9,11,5,11,0,4,6,10,9,0,6,11,3,11,10,2,4,6,10,2,11,7,0,2,11,10,3,11,11,7,10,5,11,3,7,0,6,0,7,3,11,2,6,8,6,6,0,7,7,2,7,9,0,6,7,11,3,7,6,3,0,3,0,9,0,2,3,7,8,10,3,7,11,9,11,11,10,9,0,2,6,4,6,11,0
7,2,5,11,0,7,3,3,8,9,7,8,0,11,7,5,3,8,10,4,8,8,4,11,10,10,4,11,0,3,2,10,0,7,3,10,5,3,7,8,9,0,2,3,11,8,7,6,2,0,7,11,3,3,0,4,4,10,9,3,8,9,2,10,11,10,0,6,0,2,5,7,11,10,2,7,0,4,0,11,3,5,7,11,3,0,8,2,3,0,11,4,0,0,8,11,6,0,4,8,2,7,2,8,4,0,3,7,9,7,7,2,8,8,3,8,10,2,7,8,0,4,8,7,4,2,4,2,10,2,3,4,8,9,11,4,8,0,10,0,0,11,10,2,3,7,5,7,0,2
8,3,6,0,2,8,4,4,9,10,8,9,2,0,8,6,4,9,11,5,9,9,5,0,11,11,5,0,2,4,3,11,2,8,4,11,6,4,8,9,10,2,3,4,0,9,8,7,3,2,8,0,4,4,2,5,5,11,10,4,9,10,3,11,0,11,2,7,2,3,6,8,0,11,3,8,2,5,2,0,4,6,8,0,4,2,9,3,4,2,0,5,2,2,9,0,7,2,5,9,3,8,3,9,5,2,4,8,10,8,8,3,9,9,4,9,11,3,8,9,2,5,9,8,5,3,5,3,11,3,4,5,9,10,0,5,9,2,11,2,2,0,11,3,4,8,6,8,2,3
9,4,7,2,3,9,5,5,10,11,9,10,3,2,9,7,5,10,0,6,10,10,6,2,0,0,6,2,3,5,4,0,3,9,5,0,7,5,9,10,11,3,4,5,2,10,9,8,4,3,9,2,5,5,3,6,6,0,11,5,10,11,4,0,2,0,3,8,3,4,7,9,2,0,4,9,3,6,3,2,5,7,9,2,5,3,10,4,5,3,2,6,3,3,10,2,8,3,6,10,4,9,4,10,6,3,5,9,11,9,9,4,10,10,5,10,0,4,9,10,3,6,10,9,6,4,6,4,0,4,5,6,10,11,2,6,10,3,0,3,3,2,0,4,5,9,7,9,3,4
10,5,8,3,4,10,6,6,11,0,10,11,4,3,10,8,6,11,2,7,11,11,7,3,2,2,7,3,4,6,5,2,4,10,6,2,8,6,10,11,0,4,5,6,3,11,10,9,5,4,10,3,6,6,4,7,7,2,0,6,11,0,5,2,3,2,4,9,4,5,8,10,3,2,5,10,4,7,4,3,6,8,10,3,6,4,11,5,6,4,3,7,4,4,11,3,9,4,7,11,5,10,5,11,7,4,6,10,0,10,10,5,11,11,6,11,2,5,10,11,4,7,11,10,7,5,7,5,2,5,6,7,11,0,3,7,11,4,2,4,4,3,2,5,6,10,8,10,4,5
11,6,9,4,5,11,7,7,0,2,11,0,5,4,11,9,7,0,3,8,0,0,8,4,3,3,8,4,5,7,6,3,5,11,7,3,9,7,11,0,2,5,6,7,4,0,11,10,6,5,11,4,7,7,5,8,8,3,2,7,0,2,6,3,4,3,5,10,5,6,9,11,4,3,6,11,5,8,5,4,7,9,11,4,7,5,0,6,7,5,4,8,5,5,0,4,10,5,8,0,6,11,6,0,8,5,7,11,2,11,11,6,0,0,7,0,3,6,11,0,5,8,0,11,8,6,8,6,3,6,7,8,0,2,4,8,0,5,3,5,5,4,3,6,7,11,9,11,5,6
0,7,10,5,6,0,8,8,2,3,0,2,6,5,0,10,8,2,4,9,2,2,9,5,4,4,9,5,6,8,7,4,6,0,8,4,10,8,0,2,3,6,7,8,5,2,0,11,7,6,0,5,8,8,6,9,9,4,3,8,2,3,7,4,5,4,6,11,6,7,10,0,5,4,7,0,6,9,6,5,8,10,0,5,8,6,2,7,8,6,5,9,6,6,2,5,11,6,9,2,7,0,7,2,9,6,8,0,3,0,0,7,2,2,8,2,4,7,0,2,6,9,2,0,9,7,9,7,4,7,8,9,2,3,5,9,2,6,4,6,6,5,4,7,8,0,10,0,6,7
2,8,11,6,7,2,9,9,3,4,2,3,7,6,2,11,9,3,5,10,3,3,10,6,5,5,10,6,7,9,8,5,7,2,9,5,11,9,2,3,4,7,8,9,6,3,2,0,8,7,2,6,9,9,7,10,10,5,4,9,3,4,8,5,6,5,7,0,7,8,11,2,6,5,8,2,7,10,7,6,9,11,2,6,9,7,3,8,9,7,6,10,7,7,3,6,0,7,10,3,8,2,8,3,10,7,9,2,4,2,2,8,3,3,9,3,5,8,2,3,7,10,3,2,10,8,10,8,5,8,9,10,3,4,6,10,3,7,5,7,7,6,5,8,9,2,11,2,7,8
3,9,0,7,8,3,10,10,4,5,3,4,8,7,3,0,10,4,6,11,4,4,11,7,6,6,11,7,8,10,9,6,8,3,10,6,0,10,3,4,5,8,9,10,7,4,3,2,9,8,3,7,10,10,8,11,11,6,5,10,4,5,9,6,7,6,8,2,8,9,0,3,7,6,9,3,8,11,8,7,10,0,3,7,10,8,4,9,10,8,7,11,8,8,4,7,2,8,11,4,9,3,9,4,11,8,10,3,5,3,3,9,4,4,10,4,6,9,3,4,8,11,4,3,11,9,11,9,6,9,10,11,4,5,7,11,4,8,6,8,8,7,6,9,10,3,0,3,8,9
4,10,2,8,9,4,11,11,5,6,4,5,9,8,4,2,11,5,7,0,5,5,0,8,7,7,0,8,9,11,10,7,9,4,11,7,2,11,4,5,6,9,10,11,8,5,4,3,10,9,4,8,11,11,9,0,0,7,6,11,5,6,10,7,8,7,9,3,9,10,2,4,8,7,10,4,9,0,9,8,11,2,4,8,11,9,5,10,11,9,8,0,9,9,5,8,3,9,0,5,10,4,10,5,0,9,11,4,6,4,4,10,5,5,11,5,7,10,4,5,9,0,5,4,0,10,0,10,7,10,11,0,5,6,8,0,5,9,7,9,9,8,7,10,11,4,2,4,9,10
5,11,3,9,10,5,0,0,6,7,5,6,10,9,5,3,0,6,8,2,6,6,2,9,8,8,2,9,10,0,11,8,10,5,0,8,3,0,5,6,7,10,11,0,9,6,5,4,11,10,5,9,0,0,10,2,2,8,7,0,6,7,11,8,9,8,10,4,10,11,3,5,9,8,11,5,10,2,10,9,0,3,5,9,0,10,6,11,0,10,9,2,10,10,6,9,4,10,2,6,11,5,11,6,2,10,0,5,7,5,5,11,6,6,0,6,8,11,5,6,10,2,6,5,2,11,2,11,8,11,0,2,6,7,9,2,6,10,8,10,10,9,8,11,0,5,3,5,10,11
6,0,4,10,11,6,2,2,7,8,6,7,11,10,6,4,2,7,9,3,7,7,3,10,9,9,3,10,11,2,0,9,11,6,2,9,4,2,6,7,8,11,0,2,10,7,6,5,0,11,6,10,2,2,11,3,3,9,8,2,7,8,0,9,10,9,11,5,11,0,4,6,10,9,0,6,11,3,11,10,2,4,6,10,2,11,7,0,2,11,10,3,11,11,7,10,5,11,3,7,0,6,0,7,3,11,2,6,8,6,6,0,7,7,2,7,9,0,6,7,11,3,7,6,3,0,3,0,9,0,2,3,7,8,10,3,7,11,9,11,11,10,9,0,2,6,4,6,11,0
7,2,5,11,0,7,3,3,8,9,7,8,0,11,7,5,3,8,10,4,8,8,4,11,10,10,4,11,0,3,2,10,0,7,3,10,5,3,7,8,9,0,2,3,11,8,7,6,2,0,7,11,3,3,0,4,4,10,9,3,8,9,2,10,11,10,0,6,0,2,5,7,11,10,2,7,0,4,0,11,3,5,7,11,3,0,8,2,3,0,11,4,0,0,8,11,6,0,4,8,2,7,2,8,4,0,3,7,9,7,7,2,8,8,3,8,10,2,7,8,0,4,8,7,4,2,4,2,10,2,3,4,8,9,11,4,8,0,10,0,0,11,10,2,3,7,5,7,0,2
8,3,6,0,2,8,4,4,9,10,8,9,2,0,8,6,4,9,11,5,9,9,5,0,11,11,5,0,2,4,3,11,2,8,4,11,6,4,8,9,10,2,3,4,0,9,8,7,3,2,8,0,4,4,2,5,5,11,10,4,9,10,3,11,0,11,2,7,2,3,6,8,0,11,3,8,2,5,2,0,4,6,8,0,4,2,9,3,4,2,0,5,2,2,9,0,7,2,5,9,3,8,3,9,5,2,4,8,10,8,8,3,9,9,4,9,11,3,8,9,2,5,9,8,5,3,5,3,11,3,4,5,9,10,0,5,9,2,11,2,2,0,11,3,4,8,6,8,2,3
9,4,7,2,3,9,5,5,10,11,9,10,3,2,9,7,5,10,0,6,10,10,6,2,0,0,6,2,3,5,4,0,3,9,5,0,7,5,9,10,11,3,4,5,2,10,9,8,4,3,9,2,5,5,3,6,6,0,11,5,10,11,4,0,2,0,3,8,3,4,7,9,2,0,4,9,3,6,3,2,5,7,9,2,5,3,10,4,5,3,2,6,3,3,10,2,8,3,6,10,4,9,4,10,6,3,5,9,11,9,9,4,10,10,5,10,0,4,9,10,3,6,10,9,6,4,6,4,0,4,5,6,10,11,2,6,10,3,0,3,3,2,0,4,5,9,7,9,3,4
10,5,8,3,4,10,6,6,11,0,10,11,4,3,10,8,6,11,2,7,11,11,7,3,2,2,7,3,4,6,5,2,4,10,6,2,8,6,10,11,0,4,5,6,3,11,10,9,5,4,10,3,6,6,4,7,7,2,0,6,11,0,5,2,3,2,4,9,4,5,8,10,3,2,5,10,4,7,4,3,6,8,10,3,6,4,11,5,6,4,3,7,4,4,11,3,9,4,7,11,5,10,5,11,7,4,6,10,0,10,10,5,11,11,6,11,2,5,10,11,4,7,11,10,7,5,7,5,2,5,6,7,11,0,3,7,11,4,2,4,4,3,2,5,6,10,8,10,4,5
11,6,9,4,5,11,7,7,0,2,11,0,5,4,11,9,7,0,3,8,0,0,8,4,3,3,8,4,5,7,6,3,5,11,7,3,9,7,11,0,2,5,6,7,4,0,11,10,6,5,11,4,7,7,5,8,8,3,2,7,0,2,6,3,4,3,5,10,5,6,9,11,4,3,6,11,5,8,5,4,7,9,11,4,7,5,0,6,7,5,4,8,5,5,0,4,10,5,8,0,6,11,6,0,8,5,7,11,2,11,11,6,0,0,7,0,3,6,11,0,5,8,0,11,8,6,8,6,3,6,7,8,0,2,4,8,0,5,3,5,5,4,3,6,7,11,9,11,5,6
0,7,10,5,6,0,8,8,2,3,0,2,6,5,0,10,8,2,4,9,2,2,9,5,4,4,9,5,6,8,7,4,6,0,8,4,10,8,0,2,3,6,7,8,5,2,0,11,7,6,0,5,8,8,6,9,9,4,3,8,2,3,7,4,5,4,6,11,6,7,10,0,5,4,7,0,6,9,6,5,8,10,0,5,8,6,2,7,8,6,5,9,6,6,2,5,11,6,9,2,7,0,7,2,9,6,8,0,3,0,0,7,2,2,8,2,4,7,0,2,6,9,2,0,9,7,9,7,4,7,8,9,2,3,5,9,2,6,4,6,6,5,4,7,8,0,10,0,6,7
2,8,11,6,7,2,9,9,3,4,2,3,7,6,2,11,9,3,5,10,3,3,10,6,5,5,10,6,7,9,8,5,7,2,9,5,11,9,2,3,4,7,8,9,6,3,2,0,8,7,2,6,9,9,7,10,10,5,4,9,3,4,8,5,6,5,7,0,7,8,11,2,6,5,8,2,7,10,7,6,9,11,2,6,9,7,3,8,9,7,6,10,7,7,3,6,0,7,10,3,8,2,8,3,10,7,9,2,4,2,2,8,3,3,9,3,5,8,2,3,7,10,3,2,10,8,10,8,5,8,9,10,3,4,6,10,3,7,5,7,7,6,5,8,9,2,11,2,7,8
3,9,0,7,8,3,10,10,4,5,3,4,8,7,3,0,10,4,6,11,4,4,11,7,6,6,11,7,8,10,9,6,8,3,10,6,0,10,3,4,5,8,9,10,7,4,3,2,9,8,3,7,10,10,8,11,11,6,5,10,4,5,9,6,7,6,8,2,8,9,0,3,7,6,9,3,8,11,8,7,10,0,3,7,10,8,4,9,10,8,7,11,8,8,4,7,2,8,11,4,9,3,9,4,11,8,10,3,5,3,3,9,4,4,10,4,6,9,3,4,8,11,4,3,11,9,11,9,6,9,10,11,4,5,7,11,4,8,6,8,8,7,6,9,10,3,0,3,8,9
4,10,2,8,9,4,11,11,5,6,4,5,9,8,4,2,11,5,7,0,5,5,0,8,7,7,0,8,9,11,10,7,9,4,11,7,2,11,4,5,6,9,10,11,8,5,4,3,10,9,4,8,11,11,9,0,0,7,6,11,5,6,10,7,8,7,9,3,9,10,2,4,8,7,10,4,9,0,9,8,11,2,4,8,11,9,5,10,11,9,8,0,9,9,5,8,3,9,0,5,10,4,10,5,0,9,11,4,6,4,4,10,5,5,11,5,7,10,4,5,9,0,5,4,0,10,0,10,7,10,11,0,5,6,8,0,5,9,7,9,9,8,7,10,11,4,2,4,9,10
5,11,3,9,10,5,0,0,6,7,5,6,10,9,5,3,0,6,8,2,6,6,2,9,8,8,2,9,10,0,11,8,10,5,0,8,3,0,5,6,7,10,11,0,9,6,5,4,11,10,5,9,0,0,10,2,2,8,7,0,6,7,11,8,9,8,10,4,10,11,3,5,9,8,11,5,10,2,10,9,0,3,5,9,0,10,6,11,0,10,9,2,10,10,6,9,4,10,2,6,11,5,11,6,2,10,0,5,7,5,5,11,6,6,0,6,8,11,5,6,10,2,6,5,2,11,2,11,8,11,0,2,6,7,9,2,6,10,8,10,10,9,8,11,0,5,3,5,10,11
6,0,4,10,11,6,2,2,7,8,6,7,11,10,6,4,2,7,9,3,7,7,3,10,9,9,3,10,11,2,0,9,11,6,2,9,4,2,6,7,8,11,0,2,10,7,6,5,0,11,6,10,2,2,11,3,3,9,8,2,7,8,0,9,10,9,11,5,11,0,4,6,10,9,0,6,11,3,11,10,2,4,6,10,2,11,7,0,2,11,10,3,11,11,7,10,5,11,3,7,0,6,0,7,3,11,2,6,8,6,6,0,7,7,2,7,9,0,6,7,11,3,7,6,3,0,3,0,9,0,2,3,7,8,10,3,7,11,9,11,11,10,9,0,2,6,4,6,11,0
7,2,5,11,0,7,3,3,8,9,7,8,0,11,7,5,3,8,10,4,8,8,4,11,10,10,4,11,0,3,2,10,0,7,3,10,5,3,7,8,9,0,2,3,11,8,7,6,2,0,7,11,3,3,0,4,4,10,9,3,8,9,2,10,11,10,0,6,0,2,5,7,11,10,2,7,0,4,0,11,3,5,7,11,3,0,8,2,3,0,11,4,0,0,8,11,6,0,4,8,2,7,2,8,4,0,3,7,9,7,7,2,8,8,3,8,10,2,7,8,0,4,8,7,4,2,4,2,10,2,3,4,8,9,11,4,8,0,10,0,0,11,10,2,3,7,5,7,0,2
8,3,6,0,2,8,4,4,9,10,8,9,2,0,8,6,4,9,11,5,9,9,5,0,11,11,5,0,2,4,3,11,2,8,4,11,6,4,8,9,10,2,3,4,0,9,8,7,3,2,8,0,4,4,2,5,5,11,10,4,9,10,3,11,0,11,2,7,2,3,6,8,0,11,3,8,2,5,2,0,4,6,8,0,4,2,9,3,4,2,0,5,2,2,9,0,7,2,5,9,3,8,3,9,5,2,4,8,10,8,8,3,9,9,4,9,11,3,8,9,2,5,9,8,5,3,5,3,11,3,4,5,9,10,0,5,9,2,11,2,2,0,11,3,4,8,6,8,2,3
9,4,7,2,3,9,5,5,10,11,9,10,3,2,9,7,5,10,0,6,10,10,6,2,0,0,6,2,3,5,4,0,3,9,5,0,7,5,9,10,11,3,4,5,2,10,9,8,4,3,9,2,5,5,3,6,6,0,11,5,10,11,4,0,2,0,3,8,3,4,7,9,2,0,4,9,3,6,3,2,5,7,9,2,5,3,10,4,5,3,2,6,3,3,10,2,8,3,6,10,4,9,4,10,6,3,5,9,11,9,9,4,10,10,5,10,0,4,9,10,3,6,10,9,6,4,6,4,0,4,5,6,10,11,2,6,10,3,0,3,3,2,0,4,5,9,7,9,3,4
10,5,8,3,4,10,6,6,11,0,10,11,4,3,10,8,6,11,2,7,11,11,7,3,2,2,7,3,4,6,5,2,4,10,6,2,8,6,10,11,0,4,5,6,3,11,10,9,5,4,10,3,6,6,4,7,7,2,0,6,11,0,5,2,3,2,4,9,4,5,8,10,3,2,5,10,4,7,4,3,6,8,10,3,6,4,11,5,6,4,3,7,4,4,11,3,9,4,7,11,5,10,5,11,7,4,6,10,0,10,10,5,11,11,6,11,2,5,10,11,4,7,11,10,7,5,7,5,2,5,6,7,11,0,3,7,11,4,2,4,4,3,2,5,6,10,8,10,4,5
11,6,9,4,5,11,7,7,0,2,11,0,5,4,11,9,7,0,3,8,0,0,8,4,3,3,8,4,5,7,6,3,5,11,7,3,9,7,11,0,2,5,6,7,4,0,11,10,6,5,11,4,7,7,5,8,8,3,2,7,0,2,6,3,4,3,5,10,5,6,9,11,4,3,6,11,5,8,5,4,7,9,11,4,7,5,0,6,7,5,4,8,5,5,0,4,10,5,8,0,6,11,6,0,8,5,7,11,2,11,11,6,0,0,7,0,3,6,11,0,5,8,0,11,8,6,8,6,3,6,7,8,0,2,4,8,0,5,3,5,5,4,3,6,7,11,9,11,5,6
0,7,10,5,6,0,8,8,2,3,0,2,6,5,0,10,8,2,4,9,2,2,9,5,4,4,9,5,6,8,7,4,6,0,8,4,10,8,0,2,3,6,7,8,5,2,0,11,7,6,0,5,8,8,6,9,9,4,3,8,2,3,7,4,5,4,6,11,6,7,10,0,5,4,7,0,6,9,6,5,8,10,0,5,8,6,2,7,8,6,5,9,6,6,2,5,11,6,9,2,7,0,7,2,9,6,8,0,3,0,0,7,2,2,8,2,4,7,0,2,6,9,2,0,9,7,9,7,4,7,8,9,2,3,5,9,2,6,4,6,6,5,4,7,8,0,10,0,6,7
2,8,11,6,7,2,9,9,3,4,2,3,7,6,2,11,9,3,5,10,3,3,10,6,5,5,10,6,7,9,8,5,7,2,9,5,11,9,2,3,4,7,8,9,6,3,2,0,8,7,2,6,9,9,7,10,10,5,4,9,3,4,8,5,6,5,7,0,7,8,11,2,6,5,8,2,7,10,7,6,9,11,2,6,9,7,3,8,9,7,6,10,7,7,3,6,0,7,10,3,8,2,8,3,10,7,9,2,4,2,2,8,3,3,9,3,5,8,2,3,7,10,3,2,10,8,10,8,5,8,9,10,3,4,6,10,3,7,5,7,7,6,5,8,9,2,11,2,7,8
3,9,0,7,8,3,10,10,4,5,3,4,8,7,3,0,10,4,6,11,4,4,11,7,6,6,11,7,8,10,9,6,8,3,10,6,0,10,3,4,5,8,9,10,7,4,3,2,9,8,3,7,10,10,8,11,11,6,5,10,4,5,9,6,7,6,8,2,8,9,0,3,7,6,9,3,8,11,8,7,10,0,3,7,10,8,4,9,10,8,7,11,8,8,4,7,2,8,11,4,9,3,9,4,11,8,10,3,5,3,3,9,4,4,10,4,6,9,3,4,8,11,4,3,11,9,11,9,6,9,10,11,4,5,7,11,4,8,6,8,8,7,6,9,10,3,0,3,8,9
4,10,2,8,9,4,11,11,5,6,4,5,9,8,4,2,11,5,7,0,5,5,0,8,7,7,0,8,9,11,10,7,9,4,11,7,2,11,4,5,6,9,10,11,8,5,4,3,10,9,4,8,11,11,9,0,0,7,6,11,5,6,10,7,8,7,9,3,9,10,2,4,8,7,10,4,9,0,9,8,11,2,4,8,11,9,5,10,11,9,8,0,9,9,5,8,3,9,0,5,10,4,10,5,0,9,11,4,6,4,4,10,5,5,11,5,7,10,4,5,9,0,5,4,0,10,0,10,7,10,11,0,5,6,8,0,5,9,7,9,9,8,7,10,11,4,2,4,9,10
5,11,3,9,10,5,0,0,6,7,5,6,10,9,5,3,0,6,8,2,6,6,2,9,8,8,2,9,10,0,11,8,10,5,0,8,3,0,5,6,7,10,11,0,9,6,5,4,11,10,5,9,0,0,10,2,2,8,7,0,6,7,11,8,9,8,10,4,10,11,3,5,9,8,11,5,10,2,10,9,0,3,5,9,0,10,6,11,0,10,9,2,10,10,6,9,4,10,2,6,11,5,11,6,2,10,0,5,7,5,5,11,6,6,0,6,8,11,5,6,10,2,6,5,2,11,2,11,8,11,0,2,6,7,9,2,6,10,8,10,10,9,8,11,0,5,3,5,10,11
6,0,4,10,11,6,2,2,7,8,6,7,11,10,6,4,2,7,9,3,7,7,3,10,9,9,3,10,11,2,0,9,11,6,2,9,4,2,6,7,8,11,0,2,10,7,6,5,0,11,6,10,2,2,11,3,3,9,8,2,7,8,0,9,10,9,11,5,11,0,4,6,10,9,0,6,11,3,11,10,2,4,6,10,2,11,7,0,2,11,10,3,11,11,7,10,5,11,3,7,0,6,0,7,3,11,2,6,8,6,6,0,7,7,2,7,9,0,6,7,11,3,7,6,3,0,3,0,9,0,2,3,7,8,10,3,7,11,9,11,11,10,9,0,2,6,4,6,11,0
7,2,5,11,0,7,3,3,8,9,7,8,0,11,7,5,3,8,10,4,8,8,4,11,10,10,4,11,0,3,2,10,0,7,3,10,5,3,7,8,9,0,2,3,11,8,7,6,2,0,7,11,3,3,0,4,4,10,9,3,8,9,2,10,11,10,0,6,0,2,5,7,11,10,2,7,0,4,0,11,3,5,7,11,3,0,8,2,3,0,11,4,0,0,8,11,6,0,4,8,2,7,2,8,4,0,3,7,9,7,7,2,8,8,3,8,10,2,7,8,0,4,8,7,4,2,4,2,10,2,3,4,8,9,11,4,8,0,10,0,0,11,10,2,3,7,5,7,0,2
8,3,6,0,2,8,4,4,9,10,8,9,2,0,8,6,4,9,11,5,9,9,5,0,11,11,5,0,2,4,3,11,2,8,4,11,6,4,8,9,10,2,3,4,0,9,8,7,3,2,8,0,4,4,2,5,5,11,10,4,9,10,3,11,0,11,2,7,2,3,6,8,0,11,3,8,2,5,2,0,4,6,8,0,4,2,9,3,4,2,0,5,2,2,9,0,7,2,5,9,3,8,3,9,5,2,4,8,10,8,8,3,9,9,4,9,11,3,8,9,2,5,9,8,5,3,5,3,11,3,4,5,9,10,0,5,9,2,11,2,2,0,11,3,4,8,6,8,2,3
9,4,7,2,3,9,5,5,10,11,9,10,3,2,9,7,5,10,0,6,10,10,6,2,0,0,6,2,3,5,4,0,3,9,5,0,7,5,9,10,11,3,4,5,2,10,9,8,4,3,9,2,5,5,3,6,6,0,11,5,10,11,4,0,2,0,3,8,3,4,7,9,2,0,4,9,3,6,3,2,5,7,9,2,5,3,10,4,5,3,2,6,3,3,10,2,8,3,6,10,4,9,4,10,6,3,5,9,11,9,9,4,10,10,5,10,0,4,9,10,3,6,10,9,6,4,6,4,0,4,5,6,10,11,2,6,10,3,0,3,3,2,0,4,5,9,7,9,3,4
10,5,8,3,4,10,6,6,11,0,10,11,4,3,10,8,6,11,2,7,11,11,7,3,2,2,7,3,4,6,5,2,4,10,6,2,8,6,10,11,0,4,5,6,3,11,10,9,5,4,10,3,6,6,4,7,7,2,0,6,11,0,5,2,3,2,4,9,4,5,8,10,3,2,5,10,4,7,4,3,6,8,10,3,6,4,11,5,6,4,3,7,4,4,11,3,9,4,7,11,5,10,5,11,7,4,6,10,0,10,10,5,11,11,6,11,2,5,10,11,4,7,11,10,7,5,7,5,2,5,6,7,11,0,3,7,11,4,2,4,4,3,2,5,6,10,8,10,4,5
11,6,9,4,5,11,7,7,0,2,11,0,5,4,11,9,7,0,3,8,0,0,8,4,3,3,8,4,5,7,6,3,5,11,7,3,9,7,11,0,2,5,6,7,4,0,11,10,6,5,11,4,7,7,5,8,8,3,2,7,0,2,6,3,4,3,5,10,5,6,9,11,4,3,6,11,5,8,5,4,7,9,11,4,7,5,0,6,7,5,4,8,5,5,0,4,10,5,8,0,6,11,6,0,8,5,7,11,2,11,11,6,0,0,7,0,3,6,11,0,5,8,0,11,8,6,8,6,3,6,7,8,0,2,4,8,0,5,3,5,5,4,3,6,7,11,9,11,5,6
0,7,10,5,6,0,8,8,2,3,0,2,6,5,0,10,8,2,4,9,2,2,9,5,4,4,9,5,6,8,7,4,6,0,8,4,10,8,0,2,3,6,7,8,5,2,0,11,7,6,0,5,8,8,6,9,9,4,3,8,2,3,7,4,5,4,6,11,6,7,10,0,5,4,7,0,6,9,6,5,8,10,0,5,8,6,2,7,8,6,5,9,6,6,2,5,11,6,9,2,7,0,7,2,9,6,8,0,3,0,0,7,2,2,8,2,4,7,0,2,6,9,2,0,9,7,9,7,4,7,8,9,2,3,5,9,2,6,4,6,6,5,4,7,8,0,10,0,6,7
2,8,11,6,7,2,9,9,3,4,2,3,7,6,2,11,9,3,5,10,3,3,10,6,5,5,10,6,7,9,8,5,7,2,9,5,11,9,2,3,4,7,8,9,6,3,2,0,8,7,2,6,9,9,7,10,10,5,4,9,3,4,8,5,6,5,7,0,7,8,11,2,6,5,8,2,7,10,7,6,9,11,2,6,9,7,3,8,9,7,6,10,7,7,3,6,0,7,10,3,8,2,8,3,10,7,9,2,4,2,2,8,3,3,9,3,5,8,2,3,7,10,3,2,10,8,10,8,5,8,9,10,3,4,6,10,3,7,5,7,7,6,5,8,9,2,11,2,7,8
3,9,0,7,8,3,10,10,4,5,3,4,8,7,3,0,10,4,6,11,4,4,11,7,6,6,11,7,8,10,9,6,8,3,10,6,0,10,3,4,5,8,9,10,7,4,3,2,9,8,3,7,10,10,8,11,11,6,5,10,4,5,9,6,7,6,8,2,8,9,0,3,7,6,9,3,8,11,8,7,10,0,3,7,10,8,4,9,10,8,7,11,8,8,4,7,2,8,11,4,9,3,9,4,11,8,10,3,5,3,3,9,4,4,10,4,6,9,3,4,8,11,4,3,11,9,11,9,6,9,10,11,4,5,7,11,4,8,6,8,8,7,6,9,10,3,0,3,8,9
4,10,2,8,9,4,11,11,5,6,4,5,9,8,4,2,11,5,7,0,5,5,0,8,7,7,0,8,9,11,10,7,9,4,11,7,2,11,4,5,6,9,10,11,8,5,4,3,10,9,4,8,11,11,9,0,0,7,6,11,5,6,10,7,8,7,9,3,9,10,2,4,8,7,10,4,9,0,9,8,11,2,4,8,11,9,5,10,11,9,8,0,9,9,5,8,3,9,0,5,10,4,10,5,0,9,11,4,6,4,4,10,5,5,11,5,7,10,4,5,9,0,5,4,0,10,0,10,7,10,11,0,5,6,8,0,5,9,7,9,9,8,7,10,11,4,2,4,9,10
5,11,3,9,10,5,0,0,6,7,5,6,10,9,5,3,0,6,8,2,6,6,2,9,8,8,2,9,10,0,11,8,10,5,0,8,3,0,5,6,7,10,11,0,9,6,5,4,11,10,5,9,0,0,10,2,2,8,7,0,6,7,11,8,9,8,10,4,10,11,3,5,9,8,11,5,10,2,10,9,0,3,5,9,0,10,6,11,0,10,9,2,10,10,6,9,4,10,2,6,11,5,11,6,2,10,0,5,7,5,5,11,6,6,0,6,8,11,5,6,10,2,6,5,2,11,2,11,8,11,0,2,6,7,9,2,6,10,8,10,10,9,8,11,0,5,3,5,10,11
6,0,4,10,11,6,2,2,7,8,6,7,11,10,6,4,2,7,9,3,7,7,3,10,9,9,3,10,11,2,0,9,11,6,2,9,4,2,6,7,8,11,0,2,10,7,6,5,0,11,6,10,2,2,11,3,3,9,8,2,7,8,0,9,10,9,11,5,11,0,4,6,10,9,0,6,11,3,11,10,2,4,6,10,2,11,7,0,2,11,10,3,11,11,7,10,5,11,3,7,0,6,0,7,3,11,2,6,8,6,6,0,7,7,2,7,9,0,6,7,11,3,7,6,3,0,3,0,9,0,2,3,7,8,10,3,7,11,9,11,11,10,9,0,2,6,4,6,11,0
7,2,5,11,0,7,3,3,8,9,7,8,0,11,7,5,3,8,10,4,8,8,4,11,10,10,4,11,0,3,2,10,0,7,3,10,5,3,7,8,9,0,2,3,11,8,7,6,2,0,7,11,3,3,0,4,4,10,9,3,8,9,2,10,11,10,0,6,0,2,5,7,11,10,2,7,0,4,0,11,3,5,7,11,3,0,8,2,3,0,11,4,0,0,8,11,6,0,4,8,2,7,2,8,4,0,3,7,9,7,7,2,8,8,3,8,10,2,7,8,0,4,8,7,4,2,4,2,10,2,3,4,8,9,11,4,8,0,10,0,0,11,10,2,3,7,5,7,0,2
8,3,6,0,2,8,4,4,9,10,8,9,2,0,8,6,4,9,11,5,9,9,5,0,11,11,5,0,2,4,3,11,2,8,4,11,6,4,8,9,10,2,3,4,0,9,8,7,3,2,8,0,4,4,2,5,5,11,10,4,9,10,3,11,0,11,2,7,2,3,6,8,0,11,3,8,2,5,2,0,4,6,8,0,4,2,9,3,4,2,0,5,2,2,9,0,7,2,5,9,3,8,3,9,5,2,4,8,10,8,8,3,9,9,4,9,11,3,8,9,2,5,9,8,5,3,5,3,11,3,4,5,9,10,0,5,9,2,11,2,2,0,11,3,4,8,6,8,2,3
9,4,7,2,3,9,5,5,10,11,9,10,3,2,9,7,5,10,0,6,10,10,6,2,0,0,6,2,3,5,4,0,3,9,5,0,7,5,9,10,11,3,4,5,2,10,9,8,4,3,9,2,5,5,3,6,6,0,11,5,10,11,4,0,2,0,3,8,3,4,7,9,2,0,4,9,3,6,3,2,5,7,9,2,5,3,10,4,5,3,2,6,3,3,10,2,8,3,6,10,4,9,4,10,6,3,5,9,11,9,9,4,10,10,5,10,0,4,9,10,3,6,10,9,6,4,6,4,0,4,5,6,10,11,2,6,10,3,0,3,3,2,0,4,5,9,7,9,3,4
10,5,8,3,4,10,6,6,11,0,10,11,4,3,10,8,6,11,2,7,11,11,7,3,2,2,7,3,4,6,5,2,4,10,6,2,8,6,10,11,0,4,5,6,3,11,10,9,5,4,10,3,6,6,4,7,7,2,0,6,11,0,5,2,3,2,4,9,4,5,8,10,3,2,5,10,4,7,4,3,6,8,10,3,6,4,11,5,6,4,3,7,4,4,11,3,9,4,7,11,5,10,5,11,7,4,6,10,0,10,10,5,11,11,6,11,2,5,10,11,4,7,11,10,7,5,7,5,2,5,6,7,11,0,3,7,11,4,2,4,4,3,2,5,6,10,8,10,4,5
11,6,9,4,5,11,7,7,0,2,11,0,5,4,11,9,7,0,3,8,0,0,8,4,3,3,8,4,5,7,6,3,5,11,7,3,9,7,11,0,2,5,6,7,4,0,11,10,6,5,11,4,7,7,5,8,8,3,2,7,0,2,6,3,4,3,5,10,5,6,9,11,4,3,6,11,5,8,5,4,7,9,11,4,7,5,0,6,7,5,4,8,5,5,0,4,10,5,8,0,6,11,6,0,8,5,7,11,2,11,11,6,0,0,7,0,3,6,11,0,5,8,0,11,8,6,8,6,3,6,7,8,0,2,4,8,0,5,3,5,5,4,3,6,7,11,9,11,5,6
0,7,10,5,6,0,8,8,2,3,0,2,6,5,0,10,8,2,4,9,2,2,9,5,4,4,9,5,6,8,7,4,6,0,8,4,10,8,0,2,3,6,7,8,5,2,0,11,7,6,0,5,8,8,6,9,9,4,3,8,2,3,7,4,5,4,6,11,6,7,10,0,5,4,7,0,6,9,6,5,8,10,0,5,8,6,2,7,8,6,5,9,6,6,2,5,11,6,9,2,7,0,7,2,9,6,8,0,3,0,0,7,2,2,8,2,4,7,0,2,6,9,2,0,9,7,9,7,4,7,8,9,2,3,5,9,2,6,4,6,6,5,4,7,8,0,10,0,6,7
2,8,11,6,7,2,9,9,3,4,2,3,7,6,2,11,9,3,5,10,3,3,10,6,5,5,10,6,7,9,8,5,7,2,9,5,11,9,2,3,4,7,8,9,6,3,2,0,8,7,2,6,9,9,7,10,10,5,4,9,3,4,8,5,6,5,7,0,7,8,11,2,6,5,8,2,7,10,7,6,9,11,2,6,9,7,3,8,9,7,6,10,7,7,3,6,0,7,10,3,8,2,8,3,10,7,9,2,4,2,2,8,3,3,9,3,5,8,2,3,7,10,3,2,10,8,10,8,5,8,9,10,3,4,6,10,3,7,5,7,7,6,5,8,9,2,11,2,7,8
3,9,0,7,8,3,10,10,4,5,3,4,8,7,3,0,10,4,6,11,4,4,11,7,6,6,11,7,8,10,9,6,8,3,10,6,0,10,3,4,5,8,9,10,7,4,3,2,9,8,3,7,10,10,8,11,11,6,5,10,4,5,9,6,7,6,8,2,8,9,0,3,7,6,9,3,8,11,8,7,10,0,3,7,10,8,4,9,10,8,7,11,8,8,4,7,2,8,11,4,9,3,9,4,11,8,10,3,5,3,3,9,4,4,10,4,6,9,3,4,8,11,4,3,11,9,11,9,6,9,10,11,4,5,7,11,4,8,6,8,8,7,6,9,10,3,0,3,8,9
4,10,2,8,9,4,11,11,5,6,4,5,9,8,4,2,11,5,7,0,5,5,0,8,7,7,0,8,9,11,10,7,9,4,11,7,2,11,4,5,6,9,10,11,8,5,4,3,10,9,4,8,11,11,9,0,0,7,6,11,5,6,10,7,8,7,9,3,9,10,2,4,8,7,10,4,9,0,9,8,11,2,4,8,11,9,5,10,11,9,8,0,9,9,5,8,3,9,0,5,10,4,10,5,0,9,11,4,6,4,4,10,5,5,11,5,7,10,4,5,9,0,5,4,0,10,0,10,7,10,11,0,5,6,8,0,5,9,7,9,9,8,7,10,11,4,2,4,9,10
5,11,3,9,10,5,0,0,6,7,5,6,10,9,5,3,0,6,8,2,6,6,2,9,8,8,2,9,10,0,11,8,10,5,0,8,3,0,5,6,7,10,11,0,9,6,5,4,11,10,5,9,0,0,10,2,2,8,7,0,6,7,11,8,9,8,10,4,10,11,3,5,9,8,11,5,10,2,10,9,0,3,5,9,0,10,6,11,0,10,9,2,10,10,6,9,4,10,2,6,11,5,11,6,2,10,0,5,7,5,5,11,6,6,0,6,8,11,5,6,10,2,6,5,2,11,2,11,8,11,0,2,6,7,9,2,6,10,8,10,10,9,8,11,0,5,3,5,10,11
6,0,4,10,11,6,2,2,7,8,6,7,11,10,6,4,2,7,9,3,7,7,3,10,9,9,3,10,11,2,0,9,11,6,2,9,4,2,6,7,8,11,0,2,10,7,6,5,0,11,6,10,2,2,11,3,3,9,8,2,7,8,0,9,10,9,11,5,11,0,4,6,10,9,0,6,11,3,11,10,2,4,6,10,2,11,7,0,2,11,10,3,11,11,7,10,5,11,3,7,0,6,0,7,3,11,2,6,8,6,6,0,7,7,2,7,9,0,6,7,11,3,7,6,3,0,3,0,9,0,2,3,7,8,10,3,7,11,9,11,11,10,9,0,2,6,4,6,11,0
7,2,5,11,0,7,3,3,8,9,7,8,0,11,7,5,3,8,10,4,8,8,4,11,10,10,4,11,0,3,2,10,0,7,3,10,5,3,7,8,9,0,2,3,11,8,7,6,2,0,7,11,3,3,0,4,4,10,9,3,8,9,2,10,11,10,0,6,0,2,5,7,11,10,2,7,0,4,0,11,3,5,7,11,3,0,8,2,3,0,11,4,0,0,8,11,6,0,4,8,2,7,2,8,4,0,3,7,9,7,7,2,8,8,3,8,10,2,7,8,0,4,8,7,4,2,4,2,10,2,3,4,8,9,11,4,8,0,10,0,0,11,10,2,3,7,5,7,0,2
8,3,6,0,2,8,4,4,9,10,8,9,2,0,8,6,4,9,11,5,9,9,5,0,11,11,5,0,2,4,3,11,2,8,4,11,6,4,8,9,10,2,3,4,0,9,8,7,3,2,8,0,4,4,2,5,5,11,10,4,9,10,3,11,0,11,2,7,2,3,6,8,0,11,3,8,2,5,2,0,4,6,8,0,4,2,9,3,4,2,0,5,2,2,9,0,7,2,5,9,3,8,3,9,5,2,4,8,10,8,8,3,9,9,4,9,11,3,8,9,2,5,9,8,5,3,5,3,11,3,4,5,9,10,0,5,9,2,11,2,2,0,11,3,4,8,6,8,2,3
9,4,7,2,3,9,5,5,10,11,9,10,3,2,9,7,5,10,0,6,10,10,6,2,0,0,6,2,3,5,4,0,3,9,5,0,7,5,9,10,11,3,4,5,2,10,9,8,4,3,9,2,5,5,3,6,6,0,11,5,10,11,4,0,2,0,3,8,3,4,7,9,2,0,4,9,3,6,3,2,5,7,9,2,5,3,10,4,5,3,2,6,3,3,10,2,8,3,6,10,4,9,4,10,6,3,5,9,11,9,9,4,10,10,5,10,0,4,9,10,3,6,10,9,6,4,6,4,0,4,5,6,10,11,2,6,10,3,0,3,3,2,0,4,5,9,7,9,3,4
10,5,8,3,4,10,6,6,11,0,10,11,4,3,10,8,6,11,2,7,11,11,7,3,2,2,7,3,4,6,5,2,4,10,6,2,8,6,10,11,0,4,5,6,3,11,10,9,5,4,10,3,6,6,4,7,7,2,0,6,11,0,5,2,3,2,4,9,4,5,8,10,3,2,5,10,4,7,4,3,6,8,10,3,6,4,11,5,6,4,3,7,4,4,11,3,9,4,7,11,5,10,5,11,7,4,6,10,0,10,10,5,11,11,6,11,2,5,10,11,4,7,11,10,7,5,7,5,2,5,6,7,11,0,3,7,11,4,2,4,4,3,2,5,6,10,8,10,4,5
11,6,9,4,5,11,7,7,0,2,11,0,5,4,11,9,7,0,3,8,0,0,8,4,3,3,8,4,5,7,6,3,5,11,7,3,9,7,11,0,2,5,6,7,4,0,11,10,6,5,11,4,7,7,5,8,8,3,2,7,0,2,6,3,4,3,5,10,5,6,9,11,4,3,6,11,5,8,5,4,7,9,11,4,7,5,0,6,7,5,4,8,5,5,0,4,10,5,8,0,6,11,6,0,8,5,7,11,2,11,11,6,0,0,7,0,3,6,11,0,5,8,0,11,8,6,8,6,3,6,7,8,0,2,4,8,0,5,3,5,5,4,3,6,7,11,9,11,5,6
0,7,10,5,6,0,8,8,2,3,0,2,6,5,0,10,8,2,4,9,2,2,9,5,4,4,9,5,6,8,7,4,6,0,8,4,10,8,0,2,3,6,7,8,5,2,0,11,7,6,0,5,8,8,6,9,9,4,3,8,2,3,7,4,5,4,6,11,6,7,10,0,5,4,7,0,6,9,6,5,8,10,0,5,8,6,2,7,8,6,5,9,6,6,2,5,11,6,9,2,7,0,7,2,9,6,8,0,3,0,0,7,2,2,8,2,4,7,0,2,6,9,2,0,9,7,9,7,4,7,8,9,2,3,5,9,2,6,4,6,6,5,4,7,8,0,10,0,6,7
2,8,11,6,7,2,9,9,3,4,2,3,7,6,2,11,9,3,5,10,3,3,10,6,5,5,10,6,7,9,8,5,7,2,9,5,11,9,2,3,4,7,8,9,6,3,2,0,8,7,2,6,9,9,7,10,10,5,4,9,3,4,8,5,6,5,7,0,7,8,11,2,6,5,8,2,7,10,7,6,9,11,2,6,9,7,3,8,9,7,6,10,7,7,3,6,0,7,10,3,8,2,8,3,10,7,9,2,4,2,2,8,3,3,9,3,5,8,2,3,7,10,3,2,10,8,10,8,5,8,9,10,3,4,6,10,3,7,5,7,7,6,5,8,9,2,11,2,7,8
3,9,0,7,8,3,10,10,4,5,3,4,8,7,3,0,10,4,6,11,4,4,11,7,6,6,11,7,8,10,9,6,8,3,10,6,0,10,3,4,5,8,9,10,7,4,3,2,9,8,3,7,10,10,8,11,11,6,5,10,4,5,9,6,7,6,8,2,8,9,0,3,7,6,9,3,8,11,8,7,10,0,3,7,10,8,4,9,10,8,7,11,8,8,4,7,2,8,11,4,9,3,9,4,11,8,10,3,5,3,3,9,4,4,10,4,6,9,3,4,8,11,4,3,11,9,11,9,6,9,10,11,4,5,7,11,4,8,6,8,8,7,6,9,10,3,0,3,8,9
4,10,2,8,9,4,11,11,5,6,4,5,9,8,4,2,11,5,7,0,5,5,0,8,7,7,0,8,9,11,10,7,9,4,11,7,2,11,4,5,6,9,10,11,8,5,4,3,10,9,4,8,11,11,9,0,0,7,6,11,5,6,10,7,8,7,9,3,9,10,2,4,8,7,10,4,9,0,9,8,11,2,4,8,11,9,5,10,11,9,8,0,9,9,5,8,3,9,0,5,10,4,10,5,0,9,11,4,6,4,4,10,5,5,11,5,7,10,4,5,9,0,5,4,0,10,0,10,7,10,11,0,5,6,8,0,5,9,7,9,9,8,7,10,11,4,2,4,9,10
5,11,3,9,10,5,0,0,6,7,5,6,10,9,5,3,0,6,8,2,6,6,2,9,8,8,2,9,10,0,11,8,10,5,0,8,3,0,5,6,7,10,11,0,9,6,5,4,11,10,5,9,0,0,10,2,2,8,7,0,6,7,11,8,9,8,10,4,10,11,3,5,9,8,11,5,10,2,10,9,0,3,5,9,0,10,6,11,0,10,9,2,10,10,6,9,4,10,2,6,11,5,11,6,2,10,0,5,7,5,5,11,6,6,0,6,8,11,5,6,10,2,6,5,2,11,2,11,8,11,0,2,6,7,9,2,6,10,8,10,10,9,8,11,0,5,3,5,10,11
6,0,4,10,11,6,2,2,7,8,6,7,11,10,6,4,2,7,9,3,7,7,3,10,9,9,3,10,11,2,0,9,11,6,2,9,4,2,6,7,8,11,0,2,10,7,6,5,0,11,6,10,2,2,11,3,3,9,8,2,7,8,0,9,10,9,11,5,11,0,4,6,10,9,0,6,11,3,11,10,2,4,6,10,2,11,7,0,2,11,10,3,11,11,7,10,5,11,3,7,0,6,0,7,3,11,2,6,8,6,6,0,7,7,2,7,9,0,6,7,11,3,7,6,3,0,3,0,9,0,2,3,7,8,10,3,7,11,9,11,11,10,9,0,2,6,4,6,11,0
7,2,5,11,0,7,3,3,8,9,7,8,0,11,7,5,3,8,10,4,8,8,4,11,10,10,4,11,0,3,2,10,0,7,3,10,5,3,7,8,9,0,2,3,11,8,7,6,2,0,7,11,3,3,0,4,4,10,9,3,8,9,2,10,11,10,0,6,0,2,5,7,11,10,2,7,0,4,0,11,3,5,7,11,3,0,8,2,3,0,11,4,0,0,8,11,6,0,4,8,2,7,2,8,4,0,3,7,9,7,7,2,8,8,3,8,10,2,7,8,0,4,8,7,4,2,4,2,10,2,3,4,8,9,11,4,8,0,10,0,0,11,10,2,3,7,5,7,0,2
8,3,6,0,2,8,4,4,9,10,8,9,2,0,8,6,4,9,11,5,9,9,5,0,11,11,5,0,2,4,3,11,2,8,4,11,6,4,8,9,10,2,3,4,0,9,8,7,3,2,8,0,4,4,2,5,5,11,10,4,9,10,3,11,0,11,2,7,2,3,6,8,0,11,3,8,2,5,2,0,4,6,8,0,4,2,9,3,4,2,0,5,2,2,9,0,7,2,5,9,3,8,3,9,5,2,4,8,10,8,8,3,9,9,4,9,11,3,8,9,2,5,9,8,5,3,5,3,11,3,4,5,9,10,0,5,9,2,11,2,2,0,11,3,4,8,6,8,2,3
9,4,7,2,3,9,5,5,10,11,9,10,3,2,9,7,5,10,0,6,10,10,6,2,0,0,6,2,3,5,4,0,3,9,5,0,7,5,9,10,11,3,4,5,2,10,9,8,4,3,9,2,5,5,3,6,6,0,11,5,10,11,4,0,2,0,3,8,3,4,7,9,2,0,4,9,3,6,3,2,5,7,9,2,5,3,10,4,5,3,2,6,3,3,10,2,8,3,6,10,4,9,4,10,6,3,5,9,11,9,9,4,10,10,5,10,0,4,9,10,3,6,10,9,6,4,6,4,0,4,5,6,10,11,2,6,10,3,0,3,3,2,0,4,5,9,7,9,3,4
10,5,8,3,4,10,6,6,11,0,10,11,4,3,10,8,6,11,2,7,11,11,7,3,2,2,7,3,4,6,5,2,4,10,6,2,8,6,10,11,0,4,5,6,3,11,10,9,5,4,10,3,6,6,4,7,7,2,0,6,11,0,5,2,3,2,4,9,4,5,8,10,3,2,5,10,4,7,4,3,6,8,10,3,6,4,11,5,6,4,3,7,4,4,11,3,9,4,7,11,5,10,5,11,7,4,6,10,0,10,10,5,11,11,6,11,2,5,10,11,4,7,11,10,7,5,7,5,2,5,6,7,11,0,3,7,11,4,2,4,4,3,2,5,6,10,8,10,4,5
11,6,9,4,5,11,7,7,0,2,11,0,5,4,11,9,7,0,3,8,0,0,8,4,3,3,8,4,5,7,6,3,5,11,7,3,9,7,11,0,2,5,6,7,4,0,11,10,6,5,11,4,7,7,5,8,8,3,2,7,0,2,6,3,4,3,5,10,5,6,9,11,4,3,6,11,5,8,5,4,7,9,11,4,7,5,0,6,7,5,4,8,5,5,0,4,10,5,8,0,6,11,6,0,8,5,7,11,2,11,11,6,0,0,7,0,3,6,11,0,5,8,0,11,8,6,8,6,3,6,7,8,0,2,4,8,0,5,3,5,5,4,3,6,7,11,9,11,5,6
0,7,10,5,6,0,8,8,2,3,0,2,6,5,0,10,8,2,4,9,2,2,9,5,4,4,9,5,6,8,7,4,6,0,8,4,10,8,0,2,3,6,7,8,5,2,0,11,7,6,0,5,8,8,6,9,9,4,3,8,2,3,7,4,5,4,6,11,6,7,10,0,5,4,7,0,6,9,6,5,8,10,0,5,8,6,2,7,8,6,5,9,6,6,2,5,11,6,9,2,7,0,7,2,9,6,8,0,3,0,0,7,2,2,8,2,4,7,0,2,6,9,2,0,9,7,9,7,4,7,8,9,2,3,5,9,2,6,4,6,6,5,4,7,8,0,10,0,6,7
2,8,11,6,7,2,9,9,3,4,2,3,7,6,2,11,9,3,5,10,3,3,10,6,5,5,10,6,7,9,8,5,7,2,9,5,11,9,2,3,4,7,8,9,6,3,2,0,8,7,2,6,9,9,7,10,10,5,4,9,3,4,8,5,6,5,7,0,7,8,11,2,6,5,8,2,7,10,7,6,9,11,2,6,9,7,3,8,9,7,6,10,7,7,3,6,0,7,10,3,8,2,8,3,10,7,9,2,4,2,2,8,3,3,9,3,5,8,2,3,7,10,3,2,10,8,10,8,5,8,9,10,3,4,6,10,3,7,5,7,7,6,5,8,9,2,11,2,7,8
3,9,0,7,8,3,10,10,4,5,3,4,8,7,3,0,10,4,6,11,4,4,11,7,6,6,11,7,8,10,9,6,8,3,10,6,0,10,3,4,5,8,9,10,7,4,3,2,9,8,3,7,10,10,8,11,11,6,5,10,4,5,9,6,7,6,8,2,8,9,0,3,7,6,9,3,8,11,8,7,10,0,3,7,10,8,4,9,10,8,7,11,8,8,4,7,2,8,11,4,9,3,9,4,11,8,10,3,5,3,3,9,4,4,10,4,6,9,3,4,8,11,4,3,11,9,11,9,6,9,10,11,4,5,7,11,4,8,6,8,8,7,6,9,10,3,0,3,8,9
4,10,2,8,9,4,11,11,5,6,4,5,9,8,4,2,11,5,7,0,5,5,0,8,7,7,0,8,9,11,10,7,9,4,11,7,2,11,4,5,6,9,10,11,8,5,4,3,10,9,4,8,11,11,9,0,0,7,6,11,5,6,10,7,8,7,9,3,9,10,2,4,8,7,10,4,9,0,9,8,11,2,4,8,11,9,5,10,11,9,8,0,9,9,5,8,3,9,0,5,10,4,10,5,0,9,11,4,6,4,4,10,5,5,11,5,7,10,4,5,9,0,5,4,0,10,0,10,7,10,11,0,5,6,8,0,5,9,7,9,9,8,7,10,11,4,2,4,9,10
5,11,3,9,10,5,0,0,6,7,5,6,10,9,5,3,0,6,8,2,6,6,2,9,8,8,2,9,10,0,11,8,10,5,0,8,3,0,5,6,7,10,11,0,9,6,5,4,11,10,5,9,0,0,10,2,2,8,7,0,6,7,11,8,9,8,10,4,10,11,3,5,9,8,11,5,10,2,10,9,0,3,5,9,0,10,6,11,0,10,9,2,10,10,6,9,4,10,2,6,11,5,11,6,2,10,0,5,7,5,5,11,6,6,0,6,8,11,5,6,10,2,6,5,2,11,2,11,8,11,0,2,6,7,9,2,6,10,8,10,10,9,8,11,0,5,3,5,10,11
6,0,4,10,11,6,2,2,7,8,6,7,11,10,6,4,2,7,9,3,7,7,3,10,9,9,3,10,11,2,0,9,11,6,2,9,4,2,6,7,8,11,0,2,10,7,6,5,0,11,6,10,2,2,11,3,3,9,8,2,7,8,0,9,10,9,11,5,11,0,4,6,10,9,0,6,11,3,11,10,2,4,6,10,2,11,7,0,2,11,10,3,11,11,7,10,5,11,3,7,0,6,0,7,3,11,2,6,8,6,6,0,7,7,2,7,9,0,6,7,11,3,7,6,3,0,3,0,9,0,2,3,7,8,10,3,7,11,9,11,11,10,9,0,2,6,4,6,11,0
7,2,5,11,0,7,3,3,8,9,7,8,0,11,7,5,3,8,10,4,8,8,4,11,10,10,4,11,0,3,2,10,0,7,3,10,5,3,7,8,9,0,2,3,11,8,7,6,2,0,7,11,3,3,0,4,4,10,9,3,8,9,2,10,11,10,0,6,0,2,5,7,11,10,2,7,0,4,0,11,3,5,7,11,3,0,8,2,3,0,11,4,0,0,8,11,6,0,4,8,2,7,2,8,4,0,3,7,9,7,7,2,8,8,3,8,10,2,7,8,0,4,8,7,4,2,4,2,10,2,3,4,8,9,11,4,8,0,10,0,0,11,10,2,3,7,5,7,0,2
8,3,6,0,2,8,4,4,9,10,8,9,2,0,8,6,4,9,11,5,9,9,5,0,11,11,5,0,2,4,3,11,2,8,4,11,6,4,8,9,10,2,3,4,0,9,8,7,3,2,8,0,4,4,2,5,5,11,10,4,9,10,3,11,0,11,2,7,2,3,6,8,0,11,3,8,2,5,2,0,4,6,8,0,4,2,9,3,4,2,0,5,2,2,9,0,7,2,5,9,3,8,3,9,5,2,4,8,10,8,8,3,9,9,4,9,11,3,8,9,2,5,9,8,5,3,5,3,11,3,4,5,9,10,0,5,9,2,11,2,2,0,11,3,4,8,6,8,2,3
9,4,7,2,3,9,5,5,10,11,9,10,3,2,9,7,5,10,0,6,10,10,6,2,0,0,6,2,3,5,4,0,3,9,5,0,7,5,9,10,11,3,4,5,2,10,9,8,4,3,9,2,5,5,3,6,6,0,11,5,10,11,4,0,2,0,3,8,3,4,7,9,2,0,4,9,3,6,3,2,5,7,9,2,5,3,10,4,5,3,2,6,3,3,10,2,8,3,6,10,4,9,4,10,6,3,5,9,11,9,9,4,10,10,5,10,0,4,9,10,3,6,10,9,6,4,6,4,0,4,5,6,10,11,2,6,10,3,0,3,3,2,0,4,5,9,7,9,3,4
10,5,8,3,4,10,6,6,11,0,10,11,4,3,10,8,6,11,2,7,11,11,7,3,2,2,7,3,4,6,5,2,4,10,6,2,8,6,10,11,0,4,5,6,3,11,10,9,5,4,10,3,6,6,4,7,7,2,0,6,11,0,5,2,3,2,4,9,4,5,8,10,3,2,5,10,4,7,4,3,6,8,10,3,6,4,11,5,6,4,3,7,4,4,11,3,9,4,7,11,5,10,5,11,7,4,6,10,0,10,10,5,11,11,6,11,2,5,10,11,4,7,11,10,7,5,7,5,2,5,6,7,11,0,3,7,11,4,2,4,4,3,2,5,6,10,8,10,4,5
11,6,9,4,5,11,7,7,0,2,11,0,5,4,11,9,7,0,3,8,0,0,8,4,3,3,8,4,5,7,6,3,5,11,7,3,9,7,11,0,2,5,6,7,4,0,11,10,6,5,11,4,7,7,5,8,8,3,2,7,0,2,6,3,4,3,5,10,5,6,9,11,4,3,6,11,5,8,5,4,7,9,11,4,7,5,0,6,7,5,4,8,5,5,0,4,10,5,8,0,6,11,6,0,8,5,7,11,2,11,11,6,0,0,7,0,3,6,11,0,5,8,0,11,8,6,8,6,3,6,7,8,0,2,4,8,0,5,3,5,5,4,3,6,7,11,9,11,5,6
0,7,10,5,6,0,8,8,2,3,0,2,6,5,0,10,8,2,4,9,2,2,9,5,4,4,9,5,6,8,7,4,6,0,8,4,10,8,0,2,3,6,7,8,5,2,0,11,7,6,0,5,8,8,6,9,9,4,3,8,2,3,7,4,5,4,6,11,6,7,10,0,5,4,7,0,6,9,6,5,8,10,0,5,8,6,2,7,8,6,5,9,6,6,2,5,11,6,9,2,7,0,7,2,9,6,8,0,3,0,0,7,2,2,8,2,4,7,0,2,6,9,2,0,9,7,9,7,4,7,8,9,2,3,5,9,2,6,4,6,6,5,4,7,8,0,10,0,6,7
2,8,11,6,7,2,9,9,3,4,2,3,7,6,2,11,9,3,5,10,3,3,10,6,5,5,10,6,7,9,8,5,7,2,9,5,11,9,2,3,4,7,8,9,6,3,2,0,8,7,2,6,9,9,7,10,10,5,4,9,3,4,8,5,6,5,7,0,7,8,11,2,6,5,8,2,7,10,7,6,9,11,2,6,9,7,3,8,9,7,6,10,7,7,3,6,0,7,10,3,8,2,8,3,10,7,9,2,4,2,2,8,3,3,9,3,5,8,2,3,7,10,3,2,10,8,10,8,5,8,9,10,3,4,6,10,3,7,5,7,7,6,5,8,9,2,11,2,7,8
3,9,0,7,8,3,10,10,4,5,3,4,8,7,3,0,10,4,6,11,4,4,11,7,6,6,11,7,8,10,9,6,8,3,10,6,0,10,3,4,5,8,9,10,7,4,3,2,9,8,3,7,10,10,8,11,11,6,5,10,4,5,9,6,7,6,8,2,8,9,0,3,7,6,9,3,8,11,8,7,10,0,3,7,10,8,4,9,10,8,7,11,8,8,4,7,2,8,11,4,9,3,9,4,11,8,10,3,5,3,3,9,4,4,10,4,6,9,3,4,8,11,4,3,11,9,11,9,6,9,10,11,4,5,7,11,4,8,6,8,8,7,6,9,10,3,0,3,8,9
4,10,2,8,9,4,11,11,5,6,4,5,9,8,4,2,11,5,7,0,5,5,0,8,7,7,0,8,9,11,10,7,9,4,11,7,2,11,4,5,6,9,10,11,8,5,4,3,10,9,4,8,11,11,9,0,0,7,6,11,5,6,10,7,8,7,9,3,9,10,2,4,8,7,10,4,9,0,9,8,11,2,4,8,11,9,5,10,11,9,8,0,9,9,5,8,3,9,0,5,10,4,10,5,0,9,11,4,6,4,4,10,5,5,11,5,7,10,4,5,9,0,5,4,0,10,0,10,7,10,11,0,5,6,8,0,5,9,7,9,9,8,7,10,11,4,2,4,9,10
5,11,3,9,10,5,0,0,6,7,5,6,10,9,5,3,0,6,8,2,6,6,2,9,8,8,2,9,10,0,11,8,10,5,0,8,3,0,5,6,7,10,11,0,9,6,5,4,11,10,5,9,0,0,10,2,2,8,7,0,6,7,11,8,9,8,10,4,10,11,3,5,9,8,11,5,10,2,10,9,0,3,5,9,0,10,6,11,0,10,9,2,10,10,6,9,4,10,2,6,11,5,11,6,2,10,0,5,7,5,5,11,6,6,0,6,8,11,5,6,10,2,6,5,2,11,2,11,8,11,0,2,6,7,9,2,6,10,8,10,10,9,8,11,0,5,3,5,10,11
6,0,4,10,11,6,2,2,7,8,6,7,11,10,6,4,2,7,9,3,7,7,3,10,9,9,3,10,11,2,0,9,11,6,2,9,4,2,6,7,8,11,0,2,10,7,6,5,0,11,6,10,2,2,11,3,3,9,8,2,7,8,0,9,10,9,11,5,11,0,4,6,10,9,0,6,11,3,11,10,2,4,6,10,2,11,7,0,2,11,10,3,11,11,7,10,5,11,3,7,0,6,0,7,3,11,2,6,8,6,6,0,7,7,2,7,9,0,6,7,11,3,7,6,3,0,3,0,9,0,2,3,7,8,10,3,7,11,9,11,11,10,9,0,2,6,4,6,11,0
7,2,5,11,0,7,3,3,8,9,7,8,0,11,7,5,3,8,10,4,8,8,4,11,10,10,4,11,0,3,2,10,0,7,3,10,5,3,7,8,9,0,2,3,11,8,7,6,2,0,7,11,3,3,0,4,4,10,9,3,8,9,2,10,11,10,0,6,0,2,5,7,11,10,2,7,0,4,0,11,3,5,7,11,3,0,8,2,3,0,11,4,0,0,8,11,6,0,4,8,2,7,2,8,4,0,3,7,9,7,7,2,8,8,3,8,10,2,7,8,0,4,8,7,4,2,4,2,10,2,3,4,8,9,11,4,8,0,10,0,0,11,10,2,3,7,5,7,0,2
8,3,6,0,2,8,4,4,9,10,8,9,2,0,8,6,4,9,11,5,9,9,5,0,11,11,5,0,2,4,3,11,2,8,4,11,6,4,8,9,10,2,3,4,0,9,8,7,3,2,8,0,4,4,2,5,5,11,10,4,9,10,3,11,0,11,2,7,2,3,6,8,0,11,3,8,2,5,2,0,4,6,8,0,4,2,9,3,4,2,0,5,2,2,9,0,7,2,5,9,3,8,3,9,5,2,4,8,10,8,8,3,9,9,4,9,11,3,8,9,2,5,9,8,5,3,5,3,11,3,4,5,9,10,0,5,9,2,11,2,2,0,11,3,4,8,6,8,2,3
9,4,7,2,3,9,5,5,10,11,9,10,3,2,9,7,5,10,0,6,10,10,6,2,0,0,6,2,3,5,4,0,3,9,5,0,7,5,9,10,11,3,4,5,2,10,9,8,4,3,9,2,5,5,3,6,6,0,11,5,10,11,4,0,2,0,3,8,3,4,7,9,2,0,4,9,3,6,3,2,5,7,9,2,5,3,10,4,5,3,2,6,3,3,10,2,8,3,6,10,4,9,4,10,6,3,5,9,11,9,9,4,10,10,5,10,0,4,9,10,3,6,10,9,6,4,6,4,0,4,5,6,10,11,2,6,10,3,0,3,3,2,0,4,5,9,7,9,3,4
10,5,8,3,4,10,6,6,11,0,10,11,4,3,10,8,6,11,2,7,11,11,7,3,2,2,7,3,4,6,5,2,4,10,6,2,8,6,10,11,0,4,5,6,3,11,10,9,5,4,10,3,6,6,4,7,7,2,0,6,11,0,5,2,3,2,4,9,4,5,8,10,3,2,5,10,4,7,4,3,6,8,10,3,6,4,11,5,6,4,3,7,4,4,11,3,9,4,7,11,5,10,5,11,7,4,6,10,0,10,10,5,11,11,6,11,2,5,10,11,4,7,11,10,7,5,7,5,2,5,6,7,11,0,3,7,11,4,2,4,4,3,2,5,6,10,8,10,4,5
11,6,9,4,5,11,7,7,0,2,11,0,5,4,11,9,7,0,3,8,0,0,8,4,3,3,8,4,5,7,6,3,5,11,7,3,9,7,11,0,2,5,6,7,4,0,11,10,6,5,11,4,7,7,5,8,8,3,2,7,0,2,6,3,4,3,5,10,5,6,9,11,4,3,6,11,5,8,5,4,7,9,11,4,7,5,0,6,7,5,4,8,5,5,0,4,10,5,8,0,6,11,6,0,8,5,7,11,2,11,11,6,0,0,7,0,3,6,11,0,5,8,0,11,8,6,8,6,3,6,7,8,0,2,4,8,0,5,3,5,5,4,3,6,7,11,9,11,5,6
0,7,10,5,6,0,8,8,2,3,0,2,6,5,0,10,8,2,4,9,2,2,9,5,4,4,9,5,6,8,7,4,6,0,8,4,10,8,0,2,3,6,7,8,5,2,0,11,7,6,0,5,8,8,6,9,9,4,3,8,2,3,7,4,5,4,6,11,6,7,10,0,5,4,7,0,6,9,6,5,8,10,0,5,8,6,2,7,8,6,5,9,6,6,2,5,11,6,9,2,7,0,7,2,9,6,8,0,3,0,0,7,2,2,8,2,4,7,0,2,6,9,2,0,9,7,9,7,4,7,8,9,2,3,5,9,2,6,4,6,6,5,4,7,8,0,10,0,6,7
2,8,11,6,7,2,9,9,3,4,2,3,7,6,2,11,9,3,5,10,3,3,10,6,5,5,10,6,7,9,8,5,7,2,9,5,11,9,2,3,4,7,8,9,6,3,2,0,8,7,2,6,9,9,7,10,10,5,4,9,3,4,8,5,6,5,7,0,7,8,11,2,6,5,8,2,7,10,7,6,9,11,2,6,9,7,3,8,9,7,6,10,7,7,3,6,0,7,10,3,8,2,8,3,10,7,9,2,4,2,2,8,3,3,9,3,5,8,2,3,7,10,3,2,10,8,10,8,5,8,9,10,3,4,6,10,3,7,5,7,7,6,5,8,9,2,11,2,7,8
3,9,0,7,8,3,10,10,4,5,3,4,8,7,3,0,10,4,6,11,4,4,11,7,6,6,11,7,8,10,9,6,8,3,10,6,0,10,3,4,5,8,9,10,7,4,3,2,9,8,3,7,10,10,8,11,11,6,5,10,4,5,9,6,7,6,8,2,8,9,0,3,7,6,9,3,8,11,8,7,10,0,3,7,10,8,4,9,10,8,7,11,8,8,4,7,2,8,11,4,9,3,9,4,11,8,10,3,5,3,3,9,4,4,10,4,6,9,3,4,8,11,4,3,11,9,11,9,6,9,10,11,4,5,7,11,4,8,6,8,8,7,6,9,10,3,0,3,8,9
4,10,2,8,9,4,11,11,5,6,4,5,9,8,4,2,11,5,7,0,5,5,0,8,7,7,0,8,9,11,10,7,9,4,11,7,2,11,4,5,6,9,10,11,8,5,4,3,10,9,4,8,11,11,9,0,0,7,6,11,5,6,10,7,8,7,9,3,9,10,2,4,8,7,10,4,9,0,9,8,11,2,4,8,11,9,5,10,11,9,8,0,9,9,5,8,3,9,0,5,10,4,10,5,0,9,11,4,6,4,4,10,5,5,11,5,7,10,4,5,9,0,5,4,0,10,0,10,7,10,11,0,5,6,8,0,5,9,7,9,9,8,7,10,11,4,2,4,9,10
5,11,3,9,10,5,0,0,6,7,5,6,10,9,5,3,0,6,8,2,6,6,2,9,8,8,2,9,10,0,11,8,10,5,0,8,3,0,5,6,7,10,11,0,9,6,5,4,11,10,5,9,0,0,10,2,2,8,7,0,6,7,11,8,9,8,10,4,10,11,3,5,9,8,11,5,10,2,10,9,0,3,5,9,0,10,6,11,0,10,9,2,10,10,6,9,4,10,2,6,11,5,11,6,2,10,0,5,7,5,5,11,6,6,0,6,8,11,5,6,10,2,6,5,2,11,2,11,8,11,0,2,6,7,9,2,6,10,8,10,10,9,8,11,0,5,3,5,10,11
6,0,4,10,11,6,2,2,7,8,6,7,11,10,6,4,2,7,9,3,7,7,3,10,9,9,3,10,11,2,0,9,11,6,2,9,4,2,6,7,8,11,0,2,10,7,6,5,0,11,6,10,2,2,11,3,3,9,8,2,7,8,0,9,10,9,11,5,11,0,4,6,10,9,0,6,11,3,11,10,2,4,6,10,2,11,7,0,2,11,10,3,11,11,7,10,5,11,3,7,0,6,0,7,3,11,2,6,8,6,6,0,7,7,2,7,9,0,6,7,11,3,7,6,3,0,3,0,9,0,2,3,7,8,10,3,7,11,9,11,11,10,9,0,2,6,4,6,11,0
7,2,5,11,0,7,3,3,8,9,7,8,0,11,7,5,3,8,10,4,8,8,4,11,10,10,4,11,0,3,2,10,0,7,3,10,5,3,7,8,9,0,2,3,11,8,7,6,2,0,7,11,3,3,0,4,4,10,9,3,8,9,2,10,11,10,0,6,0,2,5,7,11,10,2,7,0,4,0,11,3,5,7,11,3,0,8,2,3,0,11,4,0,0,8,11,6,0,4,8,2,7,2,8,4,0,3,7,9,7,7,2,8,8,3,8,10,2,7,8,0,4,8,7,4,2,4,2,10,2,3,4,8,9,11,4,8,0,10,0,0,11,10,2,3,7,5,7,0,2
8,3,6,0,2,8,4,4,9,10,8,9,2,0,8,6,4,9,11,5,9,9,5,0,11,11,5,0,2,4,3,11,2,8,4,11,6,4,8,9,10,2,3,4,0,9,8,7,3,2,8,0,4,4,2,5,5,11,10,4,9,10,3,11,0,11,2,7,2,3,6,8,0,11,3,8,2,5,2,0,4,6,8,0,4,2,9,3,4,2,0,5,2,2,9,0,7,2,5,9,3,8,3,9,5,2,4,8,10,8,8,3,9,9,4,9,11,3,8,9,2,5,9,8,5,3,5,3,11,3,4,5,9,10,0,5,9,2,11,2,2,0,11,3,4,8,6,8,2,3
9,4,7,2,3,9,5,5,10,11,9,10,3,2,9,7,5,10,0,6,10,10,6,2,0,0,6,2,3,5,4,0,3,9,5,0,7,5,9,10,11,3,4,5,2,10,9,8,4,3,9,2,5,5,3,6,6,0,11,5,10,11,4,0,2,0,3,8,3,4,7,9,2,0,4,9,3,6,3,2,5,7,9,2,5,3,10,4,5,3,2,6,3,3,10,2,8,3,6,10,4,9,4,10,6,3,5,9,11,9,9,4,10,10,5,10,0,4,9,10,3,6,10,9,6,4,6,4,0,4,5,6,10,11,2,6,10,3,0,3,3,2,0,4,5,9,7,9,3,4
10,5,8,3,4,10,6,6,11,0,10,11,4,3,10,8,6,11,2,7,11,11,7,3,2,2,7,3,4,6,5,2,4,10,6,2,8,6,10,11,0,4,5,6,3,11,10,9,5,4,10,3,6,6,4,7,7,2,0,6,11,0,5,2,3,2,4,9,4,5,8,10,3,2,5,10,4,7,4,3,6,8,10,3,6,4,11,5,6,4,3,7,4,4,11,3,9,4,7,11,5,10,5,11,7,4,6,10,0,10,10,5,11,11,6,11,2,5,10,11,4,7,11,10,7,5,7,5,2,5,6,7,11,0,3,7,11,4,2,4,4,3,2,5,6,10,8,10,4,5
11,6,9,4,5,11,7,7,0,2,11,0,5,4,11,9,7,0,3,8,0,0,8,4,3,3,8,4,5,7,6,3,5,11,7,3,9,7,11,0,2,5,6,7,4,0,11,10,6,5,11,4,7,7,5,8,8,3,2,7,0,2,6,3,4,3,5,10,5,6,9,11,4,3,6,11,5,8,5,4,7,9,11,4,7,5,0,6,7,5,4,8,5,5,0,4,10,5,8,0,6,11,6,0,8,5,7,11,2,11,11,6,0,0,7,0,3,6,11,0,5,8,0,11,8,6,8,6,3,6,7,8,0,2,4,8,0,5,3,5,5,4,3,6,7,11,9,11,5,6
0,7,10,5,6,0,8,8,2,3,0,2,6,5,0,10,8,2,4,9,2,2,9,5,4,4,9,5,6,8,7,4,6,0,8,4,10,8,0,2,3,6,7,8,5,2,0,11,7,6,0,5,8,8,6,9,9,4,3,8,2,3,7,4,5,4,6,11,6,7,10,0,5,4,7,0,6,9,6,5,8,10,0,5,8,6,2,7,8,6,5,9,6,6,2,5,11,6,9,2,7,0,7,2,9,6,8,0,3,0,0,7,2,2,8,2,4,7,0,2,6,9,2,0,9,7,9,7,4,7,8,9,2,3,5,9,2,6,4,6,6,5,4,7,8,0,10,0,6,7
2,8,11,6,7,2,9,9,3,4,2,3,7,6,2,11,9,3,5,10,3,3,10,6,5,5,10,6,7,9,8,5,7,2,9,5,11,9,2,3,4,7,8,9,6,3,2,0,8,7,2,6,9,9,7,10,10,5,4,9,3,4,8,5,6,5,7,0,7,8,11,2,6,5,8,2,7,10,7,6,9,11,2,6,9,7,3,8,9,7,6,10,7,7,3,6,0,7,10,3,8,2,8,3,10,7,9,2,4,2,2,8,3,3,9,3,5,8,2,3,7,10,3,2,10,8,10,8,5,8,9,10,3,4,6,10,3,7,5,7,7,6,5,8,9,2,11,2,7,8
3,9,0,7,8,3,10,10,4,5,3,4,8,7,3,0,10,4,6,11,4,4,11,7,6,6,11,7,8,10,9,6,8,3,10,6,0,10,3,4,5,8,9,10,7,4,3,2,9,8,3,7,10,10,8,11,11,6,5,10,4,5,9,6,7,6,8,2,8,9,0,3,7,6,9,3,8,11,8,7,10,0,3,7,10,8,4,9,10,8,7,11,8,8,4,7,2,8,11,4,9,3,9,4,11,8,10,3,5,3,3,9,4,4,10,4,6,9,3,4,8,11,4,3,11,9,11,9,6,9,10,11,4,5,7,11,4,8,6,8,8,7,6,9,10,3,0,3,8,9
4,10,2,8,9,4,11,11,5,6,4,5,9,8,4,2,11,5,7,0,5,5,0,8,7,7,0,8,9,11,10,7,9,4,11,7,2,11,4,5,6,9,10,11,8,5,4,3,10,9,4,8,11,11,9,0,0,7,6,11,5,6,10,7,8,7,9,3,9,10,2,4,8,7,10,4,9,0,9,8,11,2,4,8,11,9,5,10,11,9,8,0,9,9,5,8,3,9,0,5,10,4,10,5,0,9,11,4,6,4,4,10,5,5,11,5,7,10,4,5,9,0,5,4,0,10,0,10,7,10,11,0,5,6,8,0,5,9,7,9,9,8,7,10,11,4,2,4,9,10
5,11,3,9,10,5,0,0,6,7,5,6,10,9,5,3,0,6,8,2,6,6,2,9,8,8,2,9,10,0,11,8,10,5,0,8,3,0,5,6,7,10,11,0,9,6,5,4,11,10,5,9,0,0,10,2,2,8,7,0,6,7,11,8,9,8,10,4,10,11,3,5,9,8,11,5,10,2,10,9,0,3,5,9,0,10,6,11,0,10,9,2,10,10,6,9,4,10,2,6,11,5,11,6,2,10,0,5,7,5,5,11,6,6,0,6,8,11,5,6,10,2,6,5,2,11,2,11,8,11,0,2,6,7,9,2,6,10,8,10,10,9,8,11,0,5,3,5,10,11
6,0,4,10,11,6,2,2,7,8,6,7,11,10,6,4,2,7,9,3,7,7,3,10,9,9,3,10,11,2,0,9,11,6,2,9,4,2,6,7,8,11,0,2,10,7,6,5,0,11,6,10,2,2,11,3,3,9,8,2,7,8,0,9,10,9,11,5,11,0,4,6,10,9,0,6,11,3,11,10,2,4,6,10,2,11,7,0,2,11,10,3,11,11,7,10,5,11,3,7,0,6,0,7,3,11,2,6,8,6,6,0,7,7,2,7,9,0,6,7,11,3,7,6,3,0,3,0,9,0,2,3,7,8,10,3,7,11,9,11,11,10,9,0,2,6,4,6,11,0
7,2,5,11,0,7,3,3,8,9,7,8,0,11,7,5,3,8,10,4,8,8,4,11,10,10,4,11,0,3,2,10,0,7,3,10,5,3,7,8,9,0,2,3,11,8,7,6,2,0,7,11,3,3,0,4,4,10,9,3,8,9,2,10,11,10,0,6,0,2,5,7,11,10,2,7,0,4,0,11,3,5,7,11,3,0,8,2,3,0,11,4,0,0,8,11,6,0,4,8,2,7,2,8,4,0,3,7,9,7,7,2,8,8,3,8,10,2,7,8,0,4,8,7,4,2,4,2,10,2,3,4,8,9,11,4,8,0,10,0,0,11,10,2,3,7,5,7,0,2
8,3,6,0,2,8,4,4,9,10,8,9,2,0,8,6,4,9,11,5,9,9,5,0,11,11,5,0,2,4,3,11,2,8,4,11,6,4,8,9,10,2,3,4,0,9,8,7,3,2,8,0,4,4,2,5,5,11,10,4,9,10,3,11,0,11,2,7,2,3,6,8,0,11,3,8,2,5,2,0,4,6,8,0,4,2,9,3,4,2,0,5,2,2,9,0,7,2,5,9,3,8,3,9,5,2,4,8,10,8,8,3,9,9,4,9,11,3,8,9,2,5,9,8,5,3,5,3,11,3,4,5,9,10,0,5,9,2,11,2,2,0,11,3,4,8,6,8,2,3
9,4,7,2,3,9,5,5,10,11,9,10,3,2,9,7,5,10,0,6,10,10,6,2,0,0,6,2,3,5,4,0,3,9,5,0,7,5,9,10,11,3,4,5,2,10,9,8,4,3,9,2,5,5,3,6,6,0,11,5,10,11,4,0,2,0,3,8,3,4,7,9,2,0,4,9,3,6,3,2,5,7,9,2,5,3,10,4,5,3,2,6,3,3,10,2,8,3,6,10,4,9,4,10,6,3,5,9,11,9,9,4,10,10,5,10,0,4,9,10,3,6,10,9,6,4,6,4,0,4,5,6,10,11,2,6,10,3,0,3,3,2,0,4,5,9,7,9,3,4
10,5,8,3,4,10,6,6,11,0,10,11,4,3,10,8,6,11,2,7,11,11,7,3,2,2,7,3,4,6,5,2,4,10,6,2,8,6,10,11,0,4,5,6,3,11,10,9,5,4,10,3,6,6,4,7,7,2,0,6,11,0,5,2,3,2,4,9,4,5,8,10,3,2,5,10,4,7,4,3,6,8,10,3,6,4,11,5,6,4,3,7,4,4,11,3,9,4,7,11,5,10,5,11,7,4,6,10,0,10,10,5,11,11,6,11,2,5,10,11,4,7,11,10,7,5,7,5,2,5,6,7,11,0,3,7,11,4,2,4,4,3,2,5,6,10,8,10,4,5
11,6,9,4,5,11,7,7,0,2,11,0,5,4,11,9,7,0,3,8,0,0,8,4,3,3,8,4,5,7,6,3,5,11,7,3,9,7,11,0,2,5,6,7,4,0,11,10,6,5,11,4,7,7,5,8,8,3,2,7,0,2,6,3,4,3,5,10,5,6,9,11,4,3,6,11,5,8,5,4,7,9,11,4,7,5,0,6,7,5,4,8,5,5,0,4,10,5,8,0,6,11,6,0,8,5,7,11,2,11,11,6,0,0,7,0,3,6,11,0,5,8,0,11,8,6,8,6,3,6,7,8,0,2,4,8,0,5,3,5,5,4,3,6,7,11,9,11,5,6
0,7,10,5,6,0,8,8,2,3,0,2,6,5,0,10,8,2,4,9,2,2,9,5,4,4,9,5,6,8,7,4,6,0,8,4,10,8,0,2,3,6,7,8,5,2,0,11,7,6,0,5,8,8,6,9,9,4,3,8,2,3,7,4,5,4,6,11,6,7,10,0,5,4,7,0,6,9,6,5,8,10,0,5,8,6,2,7,8,6,5,9,6,6,2,5,11,6,9,2,7,0,7,2,9,6,8,0,3,0,0,7,2,2,8,2,4,7,0,2,6,9,2,0,9,7,9,7,4,7,8,9,2,3,5,9,2,6,4,6,6,5,4,7,8,0,10,0,6,7
2,8,11,6,7,2,9,9,3,4,2,3,7,6,2,11,9,3,5,10,3,3,10,6,5,5,10,6,7,9,8,5,7,2,9,5,11,9,2,3,4,7,8,9,6,3,2,0,8,7,2,6,9,9,7,10,10,5,4,9,3,4,8,5,6,5,7,0,7,8,11,2,6,5,8,2,7,10,7,6,9,11,2,6,9,7,3,8,9,7,6,10,7,7,3,6,0,7,10,3,8,2,8,3,10,7,9,2,4,2,2,8,3,3,9,3,5,8,2,3,7,10,3,2,10,8,10,8,5,8,9,10,3,4,6,10,3,7,5,7,7,6,5,8,9,2,11,2,7,8
3,9,0,7,8,3,10,10,4,5,3,4,8,7,3,0,10,4,6,11,4,4,11,7,6,6,11,7,8,10,9,6,8,3,10,6,0,10,3,4,5,8,9,10,7,4,3,2,9,8,3,7,10,10,8,11,11,6,5,10,4,5,9,6,7,6,8,2,8,9,0,3,7,6,9,3,8,11,8,7,10,0,3,7,10,8,4,9,10,8,7,11,8,8,4,7,2,8,11,4,9,3,9,4,11,8,10,3,5,3,3,9,4,4,10,4,6,9,3,4,8,11,4,3,11,9,11,9,6,9,10,11,4,5,7,11,4,8,6,8,8,7,6,9,10,3,0,3,8,9
4,10,2,8,9,4,11,11,5,6,4,5,9,8,4,2,11,5,7,0,5,5,0,8,7,7,0,8,9,11,10,7,9,4,11,7,2,11,4,5,6,9,10,11,8,5,4,3,10,9,4,8,11,11,9,0,0,7,6,11,5,6,10,7,8,7,9,3,9,10,2,4,8,7,10,4,9,0,9,8,11,2,4,8,11,9,5,10,11,9,8,0,9,9,5,8,3,9,0,5,10,4,10,5,0,9,11,4,6,4,4,10,5,5,11,5,7,10,4,5,9,0,5,4,0,10,0,10,7,10,11,0,5,6,8,0,5,9,7,9,9,8,7,10,11,4,2,4,9,10
5,11,3,9,10,5,0,0,6,7,5,6,10,9,5,3,0,6,8,2,6,6,2,9,8,8,2,9,10,0,11,8,10,5,0,8,3,0,5,6,7,10,11,0,9,6,5,4,11,10,5,9,0,0,10,2,2,8,7,0,6,7,11,8,9,8,10,4,10,11,3,5,9,8,11,5,10,2,10,9,0,3,5,9,0,10,6,11,0,10,9,2,10,10,6,9,4,10,2,6,11,5,11,6,2,10,0,5,7,5,5,11,6,6,0,6,8,11,5,6,10,2,6,5,2,11,2,11,8,11,0,2,6,7,9,2,6,10,8,10,10,9,8,11,0,5,3,5,10,11
6,0,4,10,11,6,2,2,7,8,6,7,11,10,6,4,2,7,9,3,7,7,3,10,9,9,3,10,11,2,0,9,11,6,2,9,4,2,6,7,8,11,0,2,10,7,6,5,0,11,6,10,2,2,11,3,3,9,8,2,7,8,0,9,10,9,11,5,11,0,4,6,10,9,0,6,11,3,11,10,2,4,6,10,2,11,7,0,2,11,10,3,11,11,7,10,5,11,3,7,0,6,0,7,3,11,2,6,8,6,6,0,7,7,2,7,9,0,6,7,11,3,7,6,3,0,3,0,9,0,2,3,7,8,10,3,7,11,9,11,11,10,9,0,2,6,4,6,11,0
7,2,5,11,0,7,3,3,8,9,7,8,0,11,7,5,3,8,10,4,8,8,4,11,10,10,4,11,0,3,2,10,0,7,3,10,5,3,7,8,9,0,2,3,11,8,7,6,2,0,7,11,3,3,0,4,4,10,9,3,8,9,2,10,11,10,0,6,0,2,5,7,11,10,2,7,0,4,0,11,3,5,7,11,3,0,8,2,3,0,11,4,0,0,8,11,6,0,4,8,2,7,2,8,4,0,3,7,9,7,7,2,8,8,3,8,10,2,7,8,0,4,8,7,4,2,4,2,10,2,3,4,8,9,11,4,8,0,10,0,0,11,10,2,3,7,5,7,0,2
8,3,6,0,2,8,4,4,9,10,8,9,2,0,8,6,4,9,11,5,9,9,5,0,11,11,5,0,2,4,3,11,2,8,4,11,6,4,8,9,10,2,3,4,0,9,8,7,3,2,8,0,4,4,2,5,5,11,10,4,9,10,3,11,0,11,2,7,2,3,6,8,0,11,3,8,2,5,2,0,4,6,8,0,4,2,9,3,4,2,0,5,2,2,9,0,7,2,5,9,3,8,3,9,5,2,4,8,10,8,8,3,9,9,4,9,11,3,8,9,2,5,9,8,5,3,5,3,11,3,4,5,9,10,0,5,9,2,11,2,2,0,11,3,4,8,6,8,2,3
9,4,7,2,3,9,5,5,10,11,9,10,3,2,9,7,5,10,0,6,10,10,6,2,0,0,6,2,3,5,4,0,3,9,5,0,7,5,9,10,11,3,4,5,2,10,9,8,4,3,9,2,5,5,3,6,6,0,11,5,10,11,4,0,2,0,3,8,3,4,7,9,2,0,4,9,3,6,3,2,5,7,9,2,5,3,10,4,5,3,2,6,3,3,10,2,8,3,6,10,4,9,4,10,6,3,5,9,11,9,9,4,10,10,5,10,0,4,9,10,3,6,10,9,6,4,6,4,0,4,5,6,10,11,2,6,10,3,0,3,3,2,0,4,5,9,7,9,3,4
10,5,8,3,4,10,6,6,11,0,10,11,4,3,10,8,6,11,2,7,11,11,7,3,2,2,7,3,4,6,5,2,4,10,6,2,8,6,10,11,0,4,5,6,3,11,10,9,5,4,10,3,6,6,4,7,7,2,0,6,11,0,5,2,3,2,4,9,4,5,8,10,3,2,5,10,4,7,4,3,6,8,10,3,6,4,11,5,6,4,3,7,4,4,11,3,9,4,7,11,5,10,5,11,7,4,6,10,0,10,10,5,11,11,6,11,2,5,10,11,4,7,11,10,7,5,7,5,2,5,6,7,11,0,3,7,11,4,2,4,4,3,2,5,6,10,8,10,4,5
11,6,9,4,5,11,7,7,0,2,11,0,5,4,11,9,7,0,3,8,0,0,8,4,3,3,8,4,5,7,6,3,5,11,7,3,9,7,11,0,2,5,6,7,4,0,11,10,6,5,11,4,7,7,5,8,8,3,2,7,0,2,6,3,4,3,5,10,5,6,9,11,4,3,6,11,5,8,5,4,7,9,11,4,7,5,0,6,7,5,4,8,5,5,0,4,10,5,8,0,6,11,6,0,8,5,7,11,2,11,11,6,0,0,7,0,3,6,11,0,5,8,0,11,8,6,8,6,3,6,7,8,0,2,4,8,0,5,3,5,5,4,3,6,7,11,9,11,5,6
0,7,10,5,6,0,8,8,2,3,0,2,6,5,0,10,8,2,4,9,2,2,9,5,4,4,9,5,6,8,7,4,6,0,8,4,10,8,0,2,3,6,7,8,5,2,0,11,7,6,0,5,8,8,6,9,9,4,3,8,2,3,7,4,5,4,6,11,6,7,10,0,5,4,7,0,6,9,6,5,8,10,0,5,8,6,2,7,8,6,5,9,6,6,2,5,11,6,9,2,7,0,7,2,9,6,8,0,3,0,0,7,2,2,8,2,4,7,0,2,6,9,2,0,9,7,9,7,4,7,8,9,2,3,5,9,2,6,4,6,6,5,4,7,8,0,10,0,6,7
2,8,11,6,7,2,9,9,3,4,2,3,7,6,2,11,9,3,5,10,3,3,10,6,5,5,10,6,7,9,8,5,7,2,9,5,11,9,2,3,4,7,8,9,6,3,2,0,8,7,2,6,9,9,7,10,10,5,4,9,3,4,8,5,6,5,7,0,7,8,11,2,6,5,8,2,7,10,7,6,9,11,2,6,9,7,3,8,9,7,6,10,7,7,3,6,0,7,10,3,8,2,8,3,10,7,9,2,4,2,2,8,3,3,9,3,5,8,2,3,7,10,3,2,10,8,10,8,5,8,9,10,3,4,6,10,3,7,5,7,7,6,5,8,9,2,11,2,7,8
3,9,0,7,8,3,10,10,4,5,3,4,8,7,3,0,10,4,6,11,4,4,11,7,6,6,11,7,8,10,9,6,8,3,10,6,0,10,3,4,5,8,9,10,7,4,3,2,9,8,3,7,10,10,8,11,11,6,5,10,4,5,9,6,7,6,8,2,8,9,0,3,7,6,9,3,8,11,8,7,10,0,3,7,10,8,4,9,10,8,7,11,8,8,4,7,2,8,11,4,9,3,9,4,11,8,10,3,5,3,3,9,4,4,10,4,6,9,3,4,8,11,4,3,11,9,11,9,6,9,10,11,4,5,7,11,4,8,6,8,8,7,6,9,10,3,0,3,8,9
4,10,2,8,9,4,11,11,5,6,4,5,9,8,4,2,11,5,7,0,5,5,0,8,7,7,0,8,9,11,10,7,9,4,11,7,2,11,4,5,6,9,10,11,8,5,4,3,10,9,4,8,11,11,9,0,0,7,6,11,5,6,10,7,8,7,9,3,9,10,2,4,8,7,10,4,9,0,9,8,11,2,4,8,11,9,5,10,11,9,8,0,9,9,5,8,3,9,0,5,10,4,10,5,0,9,11,4,6,4,4,10,5,5,11,5,7,10,4,5,9,0,5,4,0,10,0,10,7,10,11,0,5,6,8,0,5,9,7,9,9,8,7,10,11,4,2,4,9,10
5,11,3,9,10,5,0,0,6,7,5,6,10,9,5,3,0,6,8,2,6,6,2,9,8,8,2,9,10,0,11,8,10,5,0,8,3,0,5,6,7,10,11,0,9,6,5,4,11,10,5,9,0,0,10,2,2,8,7,0,6,7,11,8,9,8,10,4,10,11,3,5,9,8,11,5,10,2,10,9,0,3,5,9,0,10,6,11,0,10,9,2,10,10,6,9,4,10,2,6,11,5,11,6,2,10,0,5,7,5,5,11,6,6,0,6,8,11,5,6,10,2,6,5,2,11,2,11,8,11,0,2,6,7,9,2,6,10,8,10,10,9,8,11,0,5,3,5,10,11
6,0,4,10,11,6,2,2,7,8,6,7,11,10,6,4,2,7,9,3,7,7,3,10,9,9,3,10,11,2,0,9,11,6,2,9,4,2,6,7,8,11,0,2,10,7,6,5,0,11,6,10,2,2,11,3,3,9,8,2,7,8,0,9,10,9,11,5,11,0,4,6,10,9,0,6,11,3,11,10,2,4,6,10,2,11,7,0,2,11,10,3,11,11,7,10,5,11,3,7,0,6,0,7,3,11,2,6,8,6,6,0,7,7,2,7,9,0,6,7,11,3,7,6,3,0,3,0,9,0,2,3,7,8,10,3,7,11,9,11,11,10,9,0,2,6,4,6,11,0
7,2,5,11,0,7,3,3,8,9,7,8,0,11,7,5,3,8,10,4,8,8,4,11,10,10,4,11,0,3,2,10,0,7,3,10,5,3,7,8,9,0,2,3,11,8,7,6,2,0,7,11,3,3,0,4,4,10,9,3,8,9,2,10,11,10,0,6,0,2,5,7,11,10,2,7,0,4,0,11,3,5,7,11,3,0,8,2,3,0,11,4,0,0,8,11,6,0,4,8,2,7,2,8,4,0,3,7,9,7,7,2,8,8,3,8,10,2,7,8,0,4,8,7,4,2,4,2,10,2,3,4,8,9,11,4,8,0,10,0,0,11,10,2,3,7,5,7,0,2
8,3,6,0,2,8,4,4,9,10,8,9,2,0,8,6,4,9,11,5,9,9,5,0,11,11,5,0,2,4,3,11,2,8,4,11,6,4,8,9,10,2,3,4,0,9,8,7,3,2,8,0,4,4,2,5,5,11,10,4,9,10,3,11,0,11,2,7,2,3,6,8,0,11,3,8,2,5,2,0,4,6,8,0,4,2,9,3,4,2,0,5,2,2,9,0,7,2,5,9,3,8,3,9,5,2,4,8,10,8,8,3,9,9,4,9,11,3,8,9,2,5,9,8,5,3,5,3,11,3,4,5,9,10,0,5,9,2,11,2,2,0,11,3,4,8,6,8,2,3
9,4,7,2,3,9,5,5,10,11,9,10,3,2,9,7,5,10,0,6,10,10,6,2,0,0,6,2,3,5,4,0,3,9,5,0,7,5,9,10,11,3,4,5,2,10,9,8,4,3,9,2,5,5,3,6,6,0,11,5,10,11,4,0,2,0,3,8,3,4,7,9,2,0,4,9,3,6,3,2,5,7,9,2,5,3,10,4,5,3,2,6,3,3,10,2,8,3,6,10,4,9,4,10,6,3,5,9,11,9,9,4,10,10,5,10,0,4,9,10,3,6,10,9,6,4,6,4,0,4,5,6,10,11,2,6,10,3,0,3,3,2,0,4,5,9,7,9,3,4
10,5,8,3,4,10,6,6,11,0,10,11,4,3,10,8,6,11,2,7,11,11,7,3,2,2,7,3,4,6,5,2,4,10,6,2,8,6,10,11,0,4,5,6,3,11,10,9,5,4,10,3,6,6,4,7,7,2,0,6,11,0,5,2,3,2,4,9,4,5,8,10,3,2,5,10,4,7,4,3,6,8,10,3,6,4,11,5,6,4,3,7,4,4,11,3,9,4,7,11,5,10,5,11,7,4,6,10,0,10,10,5,11,11,6,11,2,5,10,11,4,7,11,10,7,5,7,5,2,5,6,7,11,0,3,7,11,4,2,4,4,3,2,5,6,10,8,10,4,5
11,6,9,4,5,11,7,7,0,2,11,0,5,4,11,9,7,0,3,8,0,0,8,4,3,3,8,4,5,7,6,3,5,11,7,3,9,7,11,0,2,5,6,7,4,0,11,10,6,5,11,4,7,7,5,8,8,3,2,7,0,2,6,3,4,3,5,10,5,6,9,11,4,3,6,11,5,8,5,4,7,9,11,4,7,5,0,6,7,5,4,8,5,5,0,4,10,5,8,0,6,11,6,0,8,5,7,11,2,11,11,6,0,0,7,0,3,6,11,0,5,8,0,11,8,6,8,6,3,6,7,8,0,2,4,8,0,5,3,5,5,4,3,6,7,11,9,11,5,6
0,7,10,5,6,0,8,8,2,3,0,2,6,5,0,10,8,2,4,9,2,2,9,5,4,4,9,5,6,8,7,4,6,0,8,4,10,8,0,2,3,6,7,8,5,2,0,11,7,6,0,5,8,8,6,9,9,4,3,8,2,3,7,4,5,4,6,11,6,7,10,0,5,4,7,0,6,9,6,5,8,10,0,5,8,6,2,7,8,6,5,9,6,6,2,5,11,6,9,2,7,0,7,2,9,6,8,0,3,0,0,7,2,2,8,2,4,7,0,2,6,9,2,0,9,7,9,7,4,7,8,9,2,3,5,9,2,6,4,6,6,5,4,7,8,0,10,0,6,7
2,8,11,6,7,2,9,9,3,4,2,3,7,6,2,11,9,3,5,10,3,3,10,6,5,5,10,6,7,9,8,5,7,2,9,5,11,9,2,3,4,7,8,9,6,3,2,0,8,7,2,6,9,9,7,10,10,5,4,9,3,4,8,5,6,5,7,0,7,8,11,2,6,5,8,2,7,10,7,6,9,11,2,6,9,7,3,8,9,7,6,10,7,7,3,6,0,7,10,3,8,2,8,3,10,7,9,2,4,2,2,8,3,3,9,3,5,8,2,3,7,10,3,2,10,8,10,8,5,8,9,10,3,4,6,10,3,7,5,7,7,6,5,8,9,2,11,2,7,8
3,9,0,7,8,3,10,10,4,5,3,4,8,7,3,0,10,4,6,11,4,4,11,7,6,6,11,7,8,10,9,6,8,3,10,6,0,10,3,4,5,8,9,10,7,4,3,2,9,8,3,7,10,10,8,11,11,6,5,10,4,5,9,6,7,6,8,2,8,9,0,3,7,6,9,3,8,11,8,7,10,0,3,7,10,8,4,9,10,8,7,11,8,8,4,7,2,8,11,4,9,3,9,4,11,8,10,3,5,3,3,9,4,4,10,4,6,9,3,4,8,11,4,3,11,9,11,9,6,9,10,11,4,5,7,11,4,8,6,8,8,7,6,9,10,3,0,3,8,9
4,10,2,8,9,4,11,11,5,6,4,5,9,8,4,2,11,5,7,0,5,5,0,8,7,7,0,8,9,11,10,7,9,4,11,7,2,11,4,5,6,9,10,11,8,5,4,3,10,9,4,8,11,11,9,0,0,7,6,11,5,6,10,7,8,7,9,3,9,10,2,4,8,7,10,4,9,0,9,8,11,2,4,8,11,9,5,10,11,9,8,0,9,9,5,8,3,9,0,5,10,4,10,5,0,9,11,4,6,4,4,10,5,5,11,5,7,10,4,5,9,0,5,4,0,10,0,10,7,10,11,0,5,6,8,0,5,9,7,9,9,8,7,10,11,4,2,4,9,10
5,11,3,9,10,5,0,0,6,7,5,6,10,9,5,3,0,6,8,2,6,6,2,9,8,8,2,9,10,0,11,8,10,5,0,8,3,0,5,6,7,10,11,0,9,6,5,4,11,10,5,9,0,0,10,2,2,8,7,0,6,7,11,8,9,8,10,4,10,11,3,5,9,8,11,5,10,2,10,9,0,3,5,9,0,10,6,11,0,10,9,2,10,10,6,9,4,10,2,6,11,5,11,6,2,10,0,5,7,5,5,11,6,6,0,6,8,11,5,6,10,2,6,5,2,11,2,11,8,11,0,2,6,7,9,2,6,10,8,10,10,9,8,11,0,5,3,5,10,11
6,0,4,10,11,6,2,2,7,8,6,7,11,10,6,4,2,7,9,3,7,7,3,10,9,9,3,10,11,2,0,9,11,6,2,9,4,2,6,7,8,11,0,2,10,7,6,5,0,11,6,10,2,2,11,3,3,9,8,2,7,8,0,9,10,9,11,5,11,0,4,6,10,9,0,6,11,3,11,10,2,4,6,10,2,11,7,0,2,11,10,3,11,11,7,10,5,11,3,7,0,6,0,7,3,11,2,6,8,6,6,0,7,7,2,7,9,0,6,7,11,3,7,6,3,0,3,0,9,0,2,3,7,8,10,3,7,11,9,11,11,10,9,0,2,6,4,6,11,0
7,2,5,11,0,7,3,3,8,9,7,8,0,11,7,5,3,8,10,4,8,8,4,11,10,10,4,11,0,3,2,10,0,7,3,10,5,3,7,8,9,0,2,3,11,8,7,6,2,0,7,11,3,3,0,4,4,10,9,3,8,9,2,10,11,10,0,6,0,2,5,7,11,10,2,7,0,4,0,11,3,5,7,11,3,0,8,2,3,0,11,4,0,0,8,11,6,0,4,8,2,7,2,8,4,0,3,7,9,7,7,2,8,8,3,8,10,2,7,8,0,4,8,7,4,2,4,2,10,2,3,4,8,9,11,4,8,0,10,0,0,11,10,2,3,7,5,7,0,2
8,3,6,0,2,8,4,4,9,10,8,9,2,0,8,6,4,9,11,5,9,9,5,0,11,11,5,0,2,4,3,11,2,8,4,11,6,4,8,9,10,2,3,4,0,9,8,7,3,2,8,0,4,4,2,5,5,11,10,4,9,10,3,11,0,11,2,7,2,3,6,8,0,11,3,8,2,5,2,0,4,6,8,0,4,2,9,3,4,2,0,5,2,2,9,0,7,2,5,9,3,8,3,9,5,2,4,8,10,8,8,3,9,9,4,9,11,3,8,9,2,5,9,8,5,3,5,3,11,3,4,5,9,10,0,5,9,2,11,2,2,0,11,3,4,8,6,8,2,3
9,4,7,2,3,9,5,5,10,11,9,10,3,2,9,7,5,10,0,6,10,10,6,2,0,0,6,2,3,5,4,0,3,9,5,0,7,5,9,10,11,3,4,5,2,10,9,8,4,3,9,2,5,5,3,6,6,0,11,5,10,11,4,0,2,0,3,8,3,4,7,9,2,0,4,9,3,6,3,2,5,7,9,2,5,3,10,4,5,3,2,6,3,3,10,2,8,3,6,10,4,9,4,10,6,3,5,9,11,9,9,4,10,10,5,10,0,4,9,10,3,6,10,9,6,4,6,4,0,4,5,6,10,11,2,6,10,3,0,3,3,2,0,4,5,9,7,9,3,4
10,5,8,3,4,10,6,6,11,0,10,11,4,3,10,8,6,11,2,7,11,11,7,3,2,2,7,3,4,6,5,2,4,10,6,2,8,6,10,11,0,4,5,6,3,11,10,9,5,4,10,3,6,6,4,7,7,2,0,6,11,0,5,2,3,2,4,9,4,5,8,10,3,2,5,10,4,7,4,3,6,8,10,3,6,4,11,5,6,4,3,7,4,4,11,3,9,4,7,11,5,10,5,11,7,4,6,10,0,10,10,5,11,11,6,11,2,5,10,11,4,7,11,10,7,5,7,5,2,5,6,7,11,0,3,7,11,4,2,4,4,3,2,5,6,10,8,10,4,5
11,6,9,4,5,11,7,7,0,2,11,0,5,4,11,9,7,0,3,8,0,0,8,4,3,3,8,4,5,7,6,3,5,11,7,3,9,7,11,0,2,5,6,7,4,0,11,10,6,5,11,4,7,7,5,8,8,3,2,7,0,2,6,3,4,3,5,10,5,6,9,11,4,3,6,11,5,8,5,4,7,9,11,4,7,5,0,6,7,5,4,8,5,5,0,4,10,5,8,0,6,11,6,0,8,5,7,11,2,11,11,6,0,0,7,0,3,6,11,0,5,8,0,11,8,6,8,6,3,6,7,8,0,2,4,8,0,5,3,5,5,4,3,6,7,11,9,11,5,6
0,7,10,5,6,0,8,8,2,3,0,2,6,5,0,10,8,2,4,9,2,2,9,5,4,4,9,5,6,8,7,4,6,0,8,4,10,8,0,2,3,6,7,8,5,2,0,11,7,6,0,5,8,8,6,9,9,4,3,8,2,3,7,4,5,4,6,11,6,7,10,0,5,4,7,0,6,9,6,5,8,10,0,5,8,6,2,7,8,6,5,9,6,6,2,5,11,6,9,2,7,0,7,2,9,6,8,0,3,0,0,7,2,2,8,2,4,7,0,2,6,9,2,0,9,7,9,7,4,7,8,9,2,3,5,9,2,6,4,6,6,5,4,7,8,0,10,0,6,7
2,8,11,6,7,2,9,9,3,4,2,3,7,6,2,11,9,3,5,10,3,3,10,6,5,5,10,6,7,9,8,5,7,2,9,5,11,9,2,3,4,7,8,9,6,3,2,0,8,7,2,6,9,9,7,10,10,5,4,9,3,4,8,5,6,5,7,0,7,8,11,2,6,5,8,2,7,10,7,6,9,11,2,6,9,7,3,8,9,7,6,10,7,7,3,6,0,7,10,3,8,2,8,3,10,7,9,2,4,2,2,8,3,3,9,3,5,8,2,3,7,10,3,2,10,8,10,8,5,8,9,10,3,4,6,10,3,7,5,7,7,6,5,8,9,2,11,2,7,8
3,9,0,7,8,3,10,10,4,5,3,4,8,7,3,0,10,4,6,11,4,4,11,7,6,6,11,7,8,10,9,6,8,3,10,6,0,10,3,4,5,8,9,10,7,4,3,2,9,8,3,7,10,10,8,11,11,6,5,10,4,5,9,6,7,6,8,2,8,9,0,3,7,6,9,3,8,11,8,7,10,0,3,7,10,8,4,9,10,8,7,11,8,8,4,7,2,8,11,4,9,3,9,4,11,8,10,3,5,3,3,9,4,4,10,4,6,9,3,4,8,11,4,3,11,9,11,9,6,9,10,11,4,5,7,11,4,8,6,8,8,7,6,9,10,3,0,3,8,9
4,10,2,8,9,4,11,11,5,6,4,5,9,8,4,2,11,5,7,0,5,5,0,8,7,7,0,8,9,11,10,7,9,4,11,7,2,11,4,5,6,9,10,11,8,5,4,3,10,9,4,8,11,11,9,0,0,7,6,11,5,6,10,7,8,7,9,3,9,10,2,4,8,7,10,4,9,0,9,8,11,2,4,8,11,9,5,10,11,9,8,0,9,9,5,8,3,9,0,5,10,4,10,5,0,9,11,4,6,4,4,10,5,5,11,5,7,10,4,5,9,0,5,4,0,10,0,10,7,10,11,0,5,6,8,0,5,9,7,9,9,8,7,10,11,4,2,4,9,10
5,11,3,9,10,5,0,0,6,7,5,6,10,9,5,3,0,6,8,2,6,6,2,9,8,8,2,9,10,0,11,8,10,5,0,8,3,0,5,6,7,10,11,0,9,6,5,4,11,10,5,9,0,0,10,2,2,8,7,0,6,7,11,8,9,8,10,4,10,11,3,5,9,8,11,5,10,2,10,9,0,3,5,9,0,10,6,11,0,10,9,2,10,10,6,9,4,10,2,6,11,5,11,6,2,10,0,5,7,5,5,11,6,6,0,6,8,11,5,6,10,2,6,5,2,11,2,11,8,11,0,2,6,7,9,2,6,10,8,10,10,9,8,11,0,5,3,5,10,11
6,0,4,10,11,6,2,2,7,8,6,7,11,10,6,4,2,7,9,3,7,7,3,10,9,9,3,10,11,2,0,9,11,6,2,9,4,2,6,7,8,11,0,2,10,7,6,5,0,11,6,10,2,2,11,3,3,9,8,2,7,8,0,9,10,9,11,5,11,0,4,6,10,9,0,6,11,3,11,10,2,4,6,10,2,11,7,0,2,11,10,3,11,11,7,10,5,11,3,7,0,6,0,7,3,11,2,6,8,6,6,0,7,7,2,7,9,0,6,7,11,3,7,6,3,0,3,0,9,0,2,3,7,8,10,3,7,11,9,11,11,10,9,0,2,6,4,6,11,0
7,2,5,11,0,7,3,3,8,9,7,8,0,11,7,5,3,8,10,4,8,8,4,11,10,10,4,11,0,3,2,10,0,7,3,10,5,3,7,8,9,0,2,3,11,8,7,6,2,0,7,11,3,3,0,4,4,10,9,3,8,9,2,10,11,10,0,6,0,2,5,7,11,10,2,7,0,4,0,11,3,5,7,11,3,0,8,2,3,0,11,4,0,0,8,11,6,0,4,8,2,7,2,8,4,0,3,7,9,7,7,2,8,8,3,8,10,2,7,8,0,4,8,7,4,2,4,2,10,2,3,4,8,9,11,4,8,0,10,0,0,11,10,2,3,7,5,7,0,2
8,3,6,0,2,8,4,4,9,10,8,9,2,0,8,6,4,9,11,5,9,9,5,0,11,11,5,0,2,4,3,11,2,8,4,11,6,4,8,9,10,2,3,4,0,9,8,7,3,2,8,0,4,4,2,5,5,11,10,4,9,10,3,11,0,11,2,7,2,3,6,8,0,11,3,8,2,5,2,0,4,6,8,0,4,2,9,3,4,2,0,5,2,2,9,0,7,2,5,9,3,8,3,9,5,2,4,8,10,8,8,3,9,9,4,9,11,3,8,9,2,5,9,8,5,3,5,3,11,3,4,5,9,10,0,5,9,2,11,2,2,0,11,3,4,8,6,8,2,3
9,4,7,2,3,9,5,5,10,11,9,10,3,2,9,7,5,10,0,6,10,10,6,2,0,0,6,2,3,5,4,0,3,9,5,0,7,5,9,10,11,3,4,5,2,10,9,8,4,3,9,2,5,5,3,6,6,0,11,5,10,11,4,0,2,0,3,8,3,4,7,9,2,0,4,9,3,6,3,2,5,7,9,2,5,3,10,4,5,3,2,6,3,3,10,2,8,3,6,10,4,9,4,10,6,3,5,9,11,9,9,4,10,10,5,10,0,4,9,10,3,6,10,9,6,4,6,4,0,4,5,6,10,11,2,6,10,3,0,3,3,2,0,4,5,9,7,9,3,4
10,5,8,3,4,10,6,6,11,0,10,11,4,3,10,8,6,11,2,7,11,11,7,3,2,2,7,3,4,6,5,2,4,10,6,2,8,6,10,11,0,4,5,6,3,11,10,9,5,4,10,3,6,6,4,7,7,2,0,6,11,0,5,2,3,2,4,9,4,5,8,10,3,2,5,10,4,7,4,3,6,8,10,3,6,4,11,5,6,4,3,7,4,4,11,3,9,4,7,11,5,10,5,11,7,4,6,10,0,10,10,5,11,11,6,11,2,5,10,11,4,7,11,10,7,5,7,5,2,5,6,7,11,0,3,7,11,4,2,4,4,3,2,5,6,10,8,10,4,5
11,6,9,4,5,11,7,7,0,2,11,0,5,4,11,9,7,0,3,8,0,0,8,4,3,3,8,4,5,7,6,3,5,11,7,3,9,7,11,0,2,5,6,7,4,0,11,10,6,5,11,4,7,7,5,8,8,3,2,7,0,2,6,3,4,3,5,10,5,6,9,11,4,3,6,11,5,8,5,4,7,9,11,4,7,5,0,6,7,5,4,8,5,5,0,4,10,5,8,0,6,11,6,0,8,5,7,11,2,11,11,6,0,0,7,0,3,6,11,0,5,8,0,11,8,6,8,6,3,6,7,8,0,2,4,8,0,5,3,5,5,4,3,6,7,11,9,11,5,6
0,7,10,5,6,0,8,8,2,3,0,2,6,5,0,10,8,2,4,9,2,2,9,5,4,4,9,5,6,8,7,4,6,0,8,4,10,8,0,2,3,6,7,8,5,2,0,11,7,6,0,5,8,8,6,9,9,4,3,8,2,3,7,4,5,4,6,11,6,7,10,0,5,4,7,0,6,9,6,5,8,10,0,5,8,6,2,7,8,6,5,9,6,6,2,5,11,6,9,2,7,0,7,2,9,6,8,0,3,0,0,7,2,2,8,2,4,7,0,2,6,9,2,0,9,7,9,7,4,7,8,9,2,3,5,9,2,6,4,6,6,5,4,7,8,0,10,0,6,7
2,8,11,6,7,2,9,9,3,4,2,3,7,6,2,11,9,3,5,10,3,3,10,6,5,5,10,6,7,9,8,5,7,2,9,5,11,9,2,3,4,7,8,9,6,3,2,0,8,7,2,6,9,9,7,10,10,5,4,9,3,4,8,5,6,5,7,0,7,8,11,2,6,5,8,2,7,10,7,6,9,11,2,6,9,7,3,8,9,7,6,10,7,7,3,6,0,7,10,3,8,2,8,3,10,7,9,2,4,2,2,8,3,3,9,3,5,8,2,3,7,10,3,2,10,8,10,8,5,8,9,10,3,4,6,10,3,7,5,7,7,6,5,8,9,2,11,2,7,8
3,9,0,7,8,3,10,10,4,5,3,4,8,7,3,0,10,4,6,11,4,4,11,7,6,6,11,7,8,10,9,6,8,3,10,6,0,10,3,4,5,8,9,10,7,4,3,2,9,8,3,7,10,10,8,11,11,6,5,10,4,5,9,6,7,6,8,2,8,9,0,3,7,6,9,3,8,11,8,7,10,0,3,7,10,8,4,9,10,8,7,11,8,8,4,7,2,8,11,4,9,3,9,4,11,8,10,3,5,3,3,9,4,4,10,4,6,9,3,4,8,11,4,3,11,9,11,9,6,9,10,11,4,5,7,11,4,8,6,8,8,7,6,9,10,3,0,3,8,9
4,10,2,8,9,4,11,11,5,6,4,5,9,8,4,2,11,5,7,0,5,5,0,8,7,7,0,8,9,11,10,7,9,4,11,7,2,11,4,5,6,9,10,11,8,5,4,3,10,9,4,8,11,11,9,0,0,7,6,11,5,6,10,7,8,7,9,3,9,10,2,4,8,7,10,4,9,0,9,8,11,2,4,8,11,9,5,10,11,9,8,0,9,9,5,8,3,9,0,5,10,4,10,5,0,9,11,4,6,4,4,10,5,5,11,5,7,10,4,5,9,0,5,4,0,10,0,10,7,10,11,0,5,6,8,0,5,9,7,9,9,8,7,10,11,4,2,4,9,10
5,11,3,9,10,5,0,0,6,7,5,6,10,9,5,3,0,6,8,2,6,6,2,9,8,8,2,9,10,0,11,8,10,5,0,8,3,0,5,6,7,10,11,0,9,6,5,4,11,10,5,9,0,0,10,2,2,8,7,0,6,7,11,8,9,8,10,4,10,11,3,5,9,8,11,5,10,2,10,9,0,3,5,9,0,10,6,11,0,10,9,2,10,10,6,9,4,10,2,6,11,5,11,6,2,10,0,5,7,5,5,11,6,6,0,6,8,11,5,6,10,2,6,5,2,11,2,11,8,11,0,2,6,7,9,2,6,10,8,10,10,9,8,11,0,5,3,5,10,11
6,0,4,10,11,6,2,2,7,8,6,7,11,10,6,4,2,7,9,3,7,7,3,10,9,9,3,10,11,2,0,9,11,6,2,9,4,2,6,7,8,11,0,2,10,7,6,5,0,11,6,10,2,2,11,3,3,9,8,2,7,8,0,9,10,9,11,5,11,0,4,6,10,9,0,6,11,3,11,10,2,4,6,10,2,11,7,0,2,11,10,3,11,11,7,10,5,11,3,7,0,6,0,7,3,11,2,6,8,6,6,0,7,7,2,7,9,0,6,7,11,3,7,6,3,0,3,0,9,0,2,3,7,8,10,3,7,11,9,11,11,10,9,0,2,6,4,6,11,0
7,2,5,11,0,7,3,3,8,9,7,8,0,11,7,5,3,8,10,4,8,8,4,11,10,10,4,11,0,3,2,10,0,7,3,10,5,3,7,8,9,0,2,3,11,8,7,6,2,0,7,11,3,3,0,4,4,10,9,3,8,9,2,10,11,10,0,6,0,2,5,7,11,10,2,7,0,4,0,11,3,5,7,11,3,0,8,2,3,0,11,4,0,0,8,11,6,0,4,8,2,7,2,8,4,0,3,7,9,7,7,2,8,8,3,8,10,2,7,8,0,4,8,7,4,2,4,2,10,2,3,4,8,9,11,4,8,0,10,0,0,11,10,2,3,7,5,7,0,2
8,3,6,0,2,8,4,4,9,10,8,9,2,0,8,6,4,9,11,5,9,9,5,0,11,11,5,0,2,4,3,11,2,8,4,11,6,4,8,9,10,2,3,4,0,9,8,7,3,2,8,0,4,4,2,5,5,11,10,4,9,10,3,11,0,11,2,7,2,3,6,8,0,11,3,8,2,5,2,0,4,6,8,0,4,2,9,3,4,2,0,5,2,2,9,0,7,2,5,9,3,8,3,9,5,2,4,8,10,8,8,3,9,9,4,9,11,3,8,9,2,5,9,8,5,3,5,3,11,3,4,5,9,10,0,5,9,2,11,2,2,0,11,3,4,8,6,8,2,3
9,4,7,2,3,9,5,5,10,11,9,10,3,2,9,7,5,10,0,6,10,10,6,2,0,0,6,2,3,5,4,0,3,9,5,0,7,5,9,10,11,3,4,5,2,10,9,8,4,3,9,2,5,5,3,6,6,0,11,5,10,11,4,0,2,0,3,8,3,4,7,9,2,0,4,9,3,6,3,2,5,7,9,2,5,3,10,4,5,3,2,6,3,3,10,2,8,3,6,10,4,9,4,10,6,3,5,9,11,9,9,4,10,10,5,10,0,4,9,10,3,6,10,9,6,4,6,4,0,4,5,6,10,11,2,6,10,3,0,3,3,2,0,4,5,9,7,9,3,4
10,5,8,3,4,10,6,6,11,0,10,11,4,3,10,8,6,11,2,7,11,11,7,3,2,2,7,3,4,6,5,2,4,10,6,2,8,6,10,11,0,4,5,6,3,11,10,9,5,4,10,3,6,6,4,7,7,2,0,6,11,0,5,2,3,2,4,9,4,5,8,10,3,2,5,10,4,7,4,3,6,8,10,3,6,4,11,5,6,4,3,7,4,4,11,3,9,4,7,11,5,10,5,11,7,4,6,10,0,10,10,5,11,11,6,11,2,5,10,11,4,7,11,10,7,5,7,5,2,5,6,7,11,0,3,7,11,4,2,4,4,3,2,5,6,10,8,10,4,5
11,6,9,4,5,11,7,7,0,2,11,0,5,4,11,9,7,0,3,8,0,0,8,4,3,3,8,4,5,7,6,3,5,11,7,3,9,7,11,0,2,5,6,7,4,0,11,10,6,5,11,4,7,7,5,8,8,3,2,7,0,2,6,3,4,3,5,10,5,6,9,11,4,3,6,11,5,8,5,4,7,9,11,4,7,5,0,6,7,5,4,8,5,5,0,4,10,5,8,0,6,11,6,0,8,5,7,11,2,11,11,6,0,0,7,0,3,6,11,0,5,8,0,11,8,6,8,6,3,6,7,8,0,2,4,8,0,5,3,5,5,4,3,6,7,11,9,11,5,6
0,7,10,5,6,0,8,8,2,3,0,2,6,5,0,10,8,2,4,9,2,2,9,5,4,4,9,5,6,8,7,4,6,0,8,4,10,8,0,2,3,6,7,8,5,2,0,11,7,6,0,5,8,8,6,9,9,4,3,8,2,3,7,4,5,4,6,11,6,7,10,0,5,4,7,0,6,9,6,5,8,10,0,5,8,6,2,7,8,6,5,9,6,6,2,5,11,6,9,2,7,0,7,2,9,6,8,0,3,0,0,7,2,2,8,2,4,7,0,2,6,9,2,0,9,7,9,7,4,7,8,9,2,3,5,9,2,6,4,6,6,5,4,7,8,0,10,0,6,7
2,8,11,6,7,2,9,9,3,4,2,3,7,6,2,11,9,3,5,10,3,3,10,6,5,5,10,6,7,9,8,5,7,2,9,5,11,9,2,3,4,7,8,9,6,3,2,0,8,7,2,6,9,9,7,10,10,5,4,9,3,4,8,5,6,5,7,0,7,8,11,2,6,5,8,2,7,10,7,6,9,11,2,6,9,7,3,8,9,7,6,10,7,7,3,6,0,7,10,3,8,2,8,3,10,7,9,2,4,2,2,8,3,3,9,3,5,8,2,3,7,10,3,2,10,8,10,8,5,8,9,10,3,4,6,10,3,7,5,7,7,6,5,8,9,2,11,2,7,8
3,9,0,7,8,3,10,10,4,5,3,4,8,7,3,0,10,4,6,11,4,4,11,7,6,6,11,7,8,10,9,6,8,3,10,6,0,10,3,4,5,8,9,10,7,4,3,2,9,8,3,7,10,10,8,11,11,6,5,10,4,5,9,6,7,6,8,2,8,9,0,3,7,6,9,3,8,11,8,7,10,0,3,7,10,8,4,9,10,8,7,11,8,8,4,7,2,8,11,4,9,3,9,4,11,8,10,3,5,3,3,9,4,4,10,4,6,9,3,4,8,11,4,3,11,9,11,9,6,9,10,11,4,5,7,11,4,8,6,8,8,7,6,9,10,3,0,3,8,9
4,10,2,8,9,4,11,11,5,6,4,5,9,8,4,2,11,5,7,0,5,5,0,8,7,7,0,8,9,11,10,7,9,4,11,7,2,11,4,5,6,9,10,11,8,5,4,3,10,9,4,8,11,11,9,0,0,7,6,11,5,6,10,7,8,7,9,3,9,10,2,4,8,7,10,4,9,0,9,8,11,2,4,8,11,9,5,10,11,9,8,0,9,9,5,8,3,9,0,5,10,4,10,5,0,9,11,4,6,4,4,10,5,5,11,5,7,10,4,5,9,0,5,4,0,10,0,10,7,10,11,0,5,6,8,0,5,9,7,9,9,8,7,10,11,4,2,4,9,10
5,11,3,9,10,5,0,0,6,7,5,6,10,9,5,3,0,6,8,2,6,6,2,9,8,8,2,9,10,0,11,8,10,5,0,8,3,0,5,6,7,10,11,0,9,6,5,4,11,10,5,9,0,0,10,2,2,8,7,0,6,7,11,8,9,8,10,4,10,11,3,5,9,8,11,5,10,2,10,9,0,3,5,9,0,10,6,11,0,10,9,2,10,10,6,9,4,10,2,6,11,5,11,6,2,10,0,5,7,5,5,11,6,6,0,6,8,11,5,6,10,2,6,5,2,11,2,11,8,11,0,2,6,7,9,2,6,10,8,10,10,9,8,11,0,5,3,5,10,11
6,0,4,10,11,6,2,2,7,8,6,7,11,10,6,4,2,7,9,3,7,7,3,10,9,9,3,10,11,2,0,9,11,6,2,9,4,2,6,7,8,11,0,2,10,7,6,5,0,11,6,10,2,2,11,3,3,9,8,2,7,8,0,9,10,9,11,5,11,0,4,6,10,9,0,6,11,3,11,10,2,4,6,10,2,11,7,0,2,11,10,3,11,11,7,10,5,11,3,7,0,6,0,7,3,11,2,6,8,6,6,0,7,7,2,7,9,0,6,7,11,3,7,6,3,0,3,0,9,0,2,3,7,8,10,3,7,11,9,11,11,10,9,0,2,6,4,6,11,0
7,2,5,11,0,7,3,3,8,9,7,8,0,11,7,5,3,8,10,4,8,8,4,11,10,10,4,11,0,3,2,10,0,7,3,10,5,3,7,8,9,0,2,3,11,8,7,6,2,0,7,11,3,3,0,4,4,10,9,3,8,9,2,10,11,10,0,6,0,2,5,7,11,10,2,7,0,4,0,11,3,5,7,11,3,0,8,2,3,0,11,4,0,0,8,11,6,0,4,8,2,7,2,8,4,0,3,7,9,7,7,2,8,8,3,8,10,2,7,8,0,4,8,7,4,2,4,2,10,2,3,4,8,9,11,4,8,0,10,0,0,11,10,2,3,7,5,7,0,2
8,3,6,0,2,8,4,4,9,10,8,9,2,0,8,6,4,9,11,5,9,9,5,0,11,11,5,0,2,4,3,11,2,8,4,11,6,4,8,9,10,2,3,4,0,9,8,7,3,2,8,0,4,4,2,5,5,11,10,4,9,10,3,11,0,11,2,7,2,3,6,8,0,11,3,8,2,5,2,0,4,6,8,0,4,2,9,3,4,2,0,5,2,2,9,0,7,2,5,9,3,8,3,9,5,2,4,8,10,8,8,3,9,9,4,9,11,3,8,9,2,5,9,8,5,3,5,3,11,3,4,5,9,10,0,5,9,2,11,2,2,0,11,3,4,8,6,8,2,3
9,4,7,2,3,9,5,5,10,11,9,10,3,2,9,7,5,10,0,6,10,10,6,2,0,0,6,2,3,5,4,0,3,9,5,0,7,5,9,10,11,3,4,5,2,10,9,8,4,3,9,2,5,5,3,6,6,0,11,5,10,11,4,0,2,0,3,8,3,4,7,9,2,0,4,9,3,6,3,2,5,7,9,2,5,3,10,4,5,3,2,6,3,3,10,2,8,3,6,10,4,9,4,10,6,3,5,9,11,9,9,4,10,10,5,10,0,4,9,10,3,6,10,9,6,4,6,4,0,4,5,6,10,11,2,6,10,3,0,3,3,2,0,4,5,9,7,9,3,4
10,5,8,3,4,10,6,6,11,0,10,11,4,3,10,8,6,11,2,7,11,11,7,3,2,2,7,3,4,6,5,2,4,10,6,2,8,6,10,11,0,4,5,6,3,11,10,9,5,4,10,3,6,6,4,7,7,2,0,6,11,0,5,2,3,2,4,9,4,5,8,10,3,2,5,10,4,7,4,3,6,8,10,3,6,4,11,5,6,4,3,7,4,4,11,3,9,4,7,11,5,10,5,11,7,4,6,10,0,10,10,5,11,11,6,11,2,5,10,11,4,7,11,10,7,5,7,5,2,5,6,7,11,0,3,7,11,4,2,4,4,3,2,5,6,10,8,10,4,5
11,6,9,4,5,11,7,7,0,2,11,0,5,4,11,9,7,0,3,8,0,0,8,4,3,3,8,4,5,7,6,3,5,11,7,3,9,7,11,0,2,5,6,7,4,0,11,10,6,5,11,4,7,7,5,8,8,3,2,7,0,2,6,3,4,3,5,10,5,6,9,11,4,3,6,11,5,8,5,4,7,9,11,4,7,5,0,6,7,5,4,8,5,5,0,4,10,5,8,0,6,11,6,0,8,5,7,11,2,11,11,6,0,0,7,0,3,6,11,0,5,8,0,11,8,6,8,6,3,6,7,8,0,2,4,8,0,5,3,5,5,4,3,6,7,11,9,11,5,6
0,7,10,5,6,0,8,8,2,3,0,2,6,5,0,10,8,2,4,9,2,2,9,5,4,4,9,5,6,8,7,4,6,0,8,4,10,8,0,2,3,6,7,8,5,2,0,11,7,6,0,5,8,8,6,9,9,4,3,8,2,3,7,4,5,4,6,11,6,7,10,0,5,4,7,0,6,9,6,5,8,10,0,5,8,6,2,7,8,6,5,9,6,6,2,5,11,6,9,2,7,0,7,2,9,6,8,0,3,0,0,7,2,2,8,2,4,7,0,2,6,9,2,0,9,7,9,7,4,7,8,9,2,3,5,9,2,6,4,6,6,5,4,7,8,0,10,0,6,7
2,8,11,6,7,2,9,9,3,4,2,3,7,6,2,11,9,3,5,10,3,3,10,6,5,5,10,6,7,9,8,5,7,2,9,5,11,9,2,3,4,7,8,9,6,3,2,0,8,7,2,6,9,9,7,10,10,5,4,9,3,4,8,5,6,5,7,0,7,8,11,2,6,5,8,2,7,10,7,6,9,11,2,6,9,7,3,8,9,7,6,10,7,7,3,6,0,7,10,3,8,2,8,3,10,7,9,2,4,2,2,8,3,3,9,3,5,8,2,3,7,10,3,2,10,8,10,8,5,8,9,10,3,4,6,10,3,7,5,7,7,6,5,8,9,2,11,2,7,8
3,9,0,7,8,3,10,10,4,5,3,4,8,7,3,0,10,4,6,11,4,4,11,7,6,6,11,7,8,10,9,6,8,3,10,6,0,10,3,4,5,8,9,10,7,4,3,2,9,8,3,7,10,10,8,11,11,6,5,10,4,5,9,6,7,6,8,2,8,9,0,3,7,6,9,3,8,11,8,7,10,0,3,7,10,8,4,9,10,8,7,11,8,8,4,7,2,8,11,4,9,3,9,4,11,8,10,3,5,3,3,9,4,4,10,4,6,9,3,4,8,11,4,3,11,9,11,9,6,9,10,11,4,5,7,11,4,8,6,8,8,7,6,9,10,3,0,3,8,9
4,10,2,8,9,4,11,11,5,6,4,5,9,8,4,2,11,5,7,0,5,5,0,8,7,7,0,8,9,11,10,7,9,4,11,7,2,11,4,5,6,9,10,11,8,5,4,3,10,9,4,8,11,11,9,0,0,7,6,11,5,6,10,7,8,7,9,3,9,10,2,4,8,7,10,4,9,0,9,8,11,2,4,8,11,9,5,10,11,9,8,0,9,9,5,8,3,9,0,5,10,4,10,5,0,9,11,4,6,4,4,10,5,5,11,5,7,10,4,5,9,0,5,4,0,10,0,10,7,10,11,0,5,6,8,0,5,9,7,9,9,8,7,10,11,4,2,4,9,10
5,11,3,9,10,5,0,0,6,7,5,6,10,9,5,3,0,6,8,2,6,6,2,9,8,8,2,9,10,0,11,8,10,5,0,8,3,0,5,6,7,10,11,0,9,6,5,4,11,10,5,9,0,0,10,2,2,8,7,0,6,7,11,8,9,8,10,4,10,11,3,5,9,8,11,5,10,2,10,9,0,3,5,9,0,10,6,11,0,10,9,2,10,10,6,9,4,10,2,6,11,5,11,6,2,10,0,5,7,5,5,11,6,6,0,6,8,11,5,6,10,2,6,5,2,11,2,11,8,11,0,2,6,7,9,2,6,10,8,10,10,9,8,11,0,5,3,5,10,11
6,0,4,10,11,6,2,2,7,8,6,7,11,10,6,4,2,7,9,3,7,7,3,10,9,9,3,10,11,2,0,9,11,6,2,9,4,2,6,7,8,11,0,2,10,7,6,5,0,11,6,10,2,2,11,3,3,9,8,2,7,8,0,9,10,9,11,5,11,0,4,6,10,9,0,6,11,3,11,10,2,4,6,10,2,11,7,0,2,11,10,3,11,11,7,10,5,11,3,7,0,6,0,7,3,11,2,6,8,6,6,0,7,7,2,7,9,0,6,7,11,3,7,6,3,0,3,0,9,0,2,3,7,8,10,3,7,11,9,11,11,10,9,0,2,6,4,6,11,0
7,2,5,11,0,7,3,3,8,9,7,8,0,11,7,5,3,8,10,4,8,8,4,11,10,10,4,11,0,3,2,10,0,7,3,10,5,3,7,8,9,0,2,3,11,8,7,6,2,0,7,11,3,3,0,4,4,10,9,3,8,9,2,10,11,10,0,6,0,2,5,7,11,10,2,7,0,4,0,11,3,5,7,11,3,0,8,2,3,0,11,4,0,0,8,11,6,0,4,8,2,7,2,8,4,0,3,7,9,7,7,2,8,8,3,8,10,2,7,8,0,4,8,7,4,2,4,2,10,2,3,4,8,9,11,4,8,0,10,0,0,11,10,2,3,7,5,7,0,2
8,3,6,0,2,8,4,4,9,10,8,9,2,0,8,6,4,9,11,5,9,9,5,0,11,11,5,0,2,4,3,11,2,8,4,11,6,4,8,9,10,2,3,4,0,9,8,7,3,2,8,0,4,4,2,5,5,11,10,4,9,10,3,11,0,11,2,7,2,3,6,8,0,11,3,8,2,5,2,0,4,6,8,0,4,2,9,3,4,2,0,5,2,2,9,0,7,2,5,9,3,8,3,9,5,2,4,8,10,8,8,3,9,9,4,9,11,3,8,9,2,5,9,8,5,3,5,3,11,3,4,5,9,10,0,5,9,2,11,2,2,0,11,3,4,8,6,8,2,3
9,4,7,2,3,9,5,5,10,11,9,10,3,2,9,7,5,10,0,6,10,10,6,2,0,0,6,2,3,5,4,0,3,9,5,0,7,5,9,10,11,3,4,5,2,10,9,8,4,3,9,2,5,5,3,6,6,0,11,5,10,11,4,0,2,0,3,8,3,4,7,9,2,0,4,9,3,6,3,2,5,7,9,2,5,3,10,4,5,3,2,6,3,3,10,2,8,3,6,10,4,9,4,10,6,3,5,9,11,9,9,4,10,10,5,10,0,4,9,10,3,6,10,9,6,4,6,4,0,4,5,6,10,11,2,6,10,3,0,3,3,2,0,4,5,9,7,9,3,4
10,5,8,3,4,10,6,6,11,0,10,11,4,3,10,8,6,11,2,7,11,11,7,3,2,2,7,3,4,6,5,2,4,10,6,2,8,6,10,11,0,4,5,6,3,11,10,9,5,4,10,3,6,6,4,7,7,2,0,6,11,0,5,2,3,2,4,9,4,5,8,10,3,2,5,10,4,7,4,3,6,8,10,3,6,4,11,5,6,4,3,7,4,4,11,3,9,4,7,11,5,10,5,11,7,4,6,10,0,10,10,5,11,11,6,11,2,5,10,11,4,7,11,10,7,5,7,5,2,5,6,7,11,0,3,7,11,4,2,4,4,3,2,5,6,10,8,10,4,5
11,6,9,4,5,11,7,7,0,2,11,0,5,4,11,9,7,0,3,8,0,0,8,4,3,3,8,4,5,7,6,3,5,11,7,3,9,7,11,0,2,5,6,7,4,0,11,10,6,5,11,4,7,7,5,8,8,3,2,7,0,2,6,3,4,3,5,10,5,6,9,11,4,3,6,11,5,8,5,4,7,9,11,4,7,5,0,6,7,5,4,8,5,5,0,4,10,5,8,0,6,11,6,0,8,5,7,11,2,11,11,6,0,0,7,0,3,6,11,0,5,8,0,11,8,6,8,6,3,6,7,8,0,2,4,8,0,5,3,5,5,4,3,6,7,11,9,11,5,6
0,7,10,5,6,0,8,8,2,3,0,2,6,5,0,10,8,2,4,9,2,2,9,5,4,4,9,5,6,8,7,4,6,0,8,4,10,8,0,2,3,6,7,8,5,2,0,11,7,6,0,5,8,8,6,9,9,4,3,8,2,3,7,4,5,4,6,11,6,7,10,0,5,4,7,0,6,9,6,5,8,10,0,5,8,6,2,7,8,6,5,9,6,6,2,5,11,6,9,2,7,0,7,2,9,6,8,0,3,0,0,7,2,2,8,2,4,7,0,2,6,9,2,0,9,7,9,7,4,7,8,9,2,3,5,9,2,6,4,6,6,5,4,7,8,0,10,0,6,7
2,8,11,6,7,2,9,9,3,4,2,3,7,6,2,11,9,3,5,10,3,3,10,6,5,5,10,6,7,9,8,5,7,2,9,5,11,9,2,3,4,7,8,9,6,3,2,0,8,7,2,6,9,9,7,10,10,5,4,9,3,4,8,5,6,5,7,0,7,8,11,2,6,5,8,2,7,10,7,6,9,11,2,6,9,7,3,8,9,7,6,10,7,7,3,6,0,7,10,3,8,2,8,3,10,7,9,2,4,2,2,8,3,3,9,3,5,8,2,3,7,10,3,2,10,8,10,8,5,8,9,10,3,4,6,10,3,7,5,7,7,6,5,8,9,2,11,2,7,8
3,9,0,7,8,3,10,10,4,5,3,4,8,7,3,0,10,4,6,11,4,4,11,7,6,6,11,7,8,10,9,6,8,3,10,6,0,10,3,4,5,8,9,10,7,4,3,2,9,8,3,7,10,10,8,11,11,6,5,10,4,5,9,6,7,6,8,2,8,9,0,3,7,6,9,3,8,11,8,7,10,0,3,7,10,8,4,9,10,8,7,11,8,8,4,7,2,8,11,4,9,3,9,4,11,8,10,3,5,3,3,9,4,4,10,4,6,9,3,4,8,11,4,3,11,9,11,9,6,9,10,11,4,5,7,11,4,8,6,8,8,7,6,9,10,3,0,3,8,9
4,10,2,8,9,4,11,11,5,6,4,5,9,8,4,2,11,5,7,0,5,5,0,8,7,7,0,8,9,11,10,7,9,4,11,7,2,11,4,5,6,9,10,11,8,5,4,3,10,9,4,8,11,11,9,0,0,7,6,11,5,6,10,7,8,7,9,3,9,10,2,4,8,7,10,4,9,0,9,8,11,2,4,8,11,9,5,10,11,9,8,0,9,9,5,8,3,9,0,5,10,4,10,5,0,9,11,4,6,4,4,10,5,5,11,5,7,10,4,5,9,0,5,4,0,10,0,10,7,10,11,0,5,6,8,0,5,9,7,9,9,8,7,10,11,4,2,4,9,10
5,11,3,9,10,5,0,0,6,7,5,6,10,9,5,3,0,6,8,2,6,6,2,9,8,8,2,9,10,0,11,8,10,5,0,8,3,0,5,6,7,10,11,0,9,6,5,4,11,10,5,9,0,0,10,2,2,8,7,0,6,7,11,8,9,8,10,4,10,11,3,5,9,8,11,5,10,2,10,9,0,3,5,9,0,10,6,11,0,10,9,2,10,10,6,9,4,10,2,6,11,5,11,6,2,10,0,5,7,5,5,11,6,6,0,6,8,11,5,6,10,2,6,5,2,11,2,11,8,11,0,2,6,7,9,2,6,10,8,10,10,9,8,11,0,5,3,5,10,11
6,0,4,10,11,6,2,2,7,8,6,7,11,10,6,4,2,7,9,3,7,7,3,10,9,9,3,10,11,2,0,9,11,6,2,9,4,2,6,7,8,11,0,2,10,7,6,5,0,11,6,10,2,2,11,3,3,9,8,2,7,8,0,9,10,9,11,5,11,0,4,6,10,9,0,6,11,3,11,10,2,4,6,10,2,11,7,0,2,11,10,3,11,11,7,10,5,11,3,7,0,6,0,7,3,11,2,6,8,6,6,0,7,7,2,7,9,0,6,7,11,3,7,6,3,0,3,0,9,0,2,3,7,8,10,3,7,11,9,11,11,10,9,0,2,6,4,6,11,0
7,2,5,11,0,7,3,3,8,9,7,8,0,11,7,5,3,8,10,4,8,8,4,11,10,10,4,11,0,3,2,10,0,7,3,10,5,3,7,8,9,0,2,3,11,8,7,6,2,0,7,11,3,3,0,4,4,10,9,3,8,9,2,10,11,10,0,6,0,2,5,7,11,10,2,7,0,4,0,11,3,5,7,11,3,0,8,2,3,0,11,4,0,0,8,11,6,0,4,8,2,7,2,8,4,0,3,7,9,7,7,2,8,8,3,8,10,2,7,8,0,4,8,7,4,2,4,2,10,2,3,4,8,9,11,4,8,0,10,0,0,11,10,2,3,7,5,7,0,2
8,3,6,0,2,8,4,4,9,10,8,9,2,0,8,6,4,9,11,5,9,9,5,0,11,11,5,0,2,4,3,11,2,8,4,11,6,4,8,9,10,2,3,4,0,9,8,7,3,2,8,0,4,4,2,5,5,11,10,4,9,10,3,11,0,11,2,7,2,3,6,8,0,11,3,8,2,5,2,0,4,6,8,0,4,2,9,3,4,2,0,5,2,2,9,0,7,2,5,9,3,8,3,9,5,2,4,8,10,8,8,3,9,9,4,9,11,3,8,9,2,5,9,8,5,3,5,3,11,3,4,5,9,10,0,5,9,2,11,2,2,0,11,3,4,8,6,8,2,3
9,4,7,2,3,9,5,5,10,11,9,10,3,2,9,7,5,10,0,6,10,10,6,2,0,0,6,2,3,5,4,0,3,9,5,0,7,5,9,10,11,3,4,5,2,10,9,8,4,3,9,2,5,5,3,6,6,0,11,5,10,11,4,0,2,0,3,8,3,4,7,9,2,0,4,9,3,6,3,2,5,7,9,2,5,3,10,4,5,3,2,6,3,3,10,2,8,3,6,10,4,9,4,10,6,3,5,9,11,9,9,4,10,10,5,10,0,4,9,10,3,6,10,9,6,4,6,4,0,4,5,6,10,11,2,6,10,3,0,3,3,2,0,4,5,9,7,9,3,4
10,5,8,3,4,10,6,6,11,0,10,11,4,3,10,8,6,11,2,7,11,11,7,3,2,2,7,3,4,6,5,2,4,10,6,2,8,6,10,11,0,4,5,6,3,11,10,9,5,4,10,3,6,6,4,7,7,2,0,6,11,0,5,2,3,2,4,9,4,5,8,10,3,2,5,10,4,7,4,3,6,8,10,3,6,4,11,5,6,4,3,7,4,4,11,3,9,4,7,11,5,10,5,11,7,4,6,10,0,10,10,5,11,11,6,11,2,5,10,11,4,7,11,10,7,5,7,5,2,5,6,7,11,0,3,7,11,4,2,4,4,3,2,5,6,10,8,10,4,5
11,6,9,4,5,11,7,7,0,2,11,0,5,4,11,9,7,0,3,8,0,0,8,4,3,3,8,4,5,7,6,3,5,11,7,3,9,7,11,0,2,5,6,7,4,0,11,10,6,5,11,4,7,7,5,8,8,3,2,7,0,2,6,3,4,3,5,10,5,6,9,11,4,3,6,11,5,8,5,4,7,9,11,4,7,5,0,6,7,5,4,8,5,5,0,4,10,5,8,0,6,11,6,0,8,5,7,11,2,11,11,6,0,0,7,0,3,6,11,0,5,8,0,11,8,6,8,6,3,6,7,8,0,2,4,8,0,5,3,5,5,4,3,6,7,11,9,11,5,6
0,7,10,5,6,0,8,8,2,3,0,2,6,5,0,10,8,2,4,9,2,2,9,5,4,4,9,5,6,8,7,4,6,0,8,4,10,8,0,2,3,6,7,8,5,2,0,11,7,6,0,5,8,8,6,9,9,4,3,8,2,3,7,4,5,4,6,11,6,7,10,0,5,4,7,0,6,9,6,5,8,10,0,5,8,6,2,7,8,6,5,9,6,6,2,5,11,6,9,2,7,0,7,2,9,6,8,0,3,0,0,7,2,2,8,2,4,7,0,2,6,9,2,0,9,7,9,7,4,7,8,9,2,3,5,9,2,6,4,6,6,5,4,7,8,0,10,0,6,7
2,8,11,6,7,2,9,9,3,4,2,3,7,6,2,11,9,3,5,10,3,3,10,6,5,5,10,6,7,9,8,5,7,2,9,5,11,9,2,3,4,7,8,9,6,3,2,0,8,7,2,6,9,9,7,10,10,5,4,9,3,4,8,5,6,5,7,0,7,8,11,2,6,5,8,2,7,10,7,6,9,11,2,6,9,7,3,8,9,7,6,10,7,7,3,6,0,7,10,3,8,2,8,3,10,7,9,2,4,2,2,8,3,3,9,3,5,8,2,3,7,10,3,2,10,8,10,8,5,8,9,10,3,4,6,10,3,7,5,7,7,6,5,8,9,2,11,2,7,8
3,9,0,7,8,3,10,10,4,5,3,4,8,7,3,0,10,4,6,11,4,4,11,7,6,6,11,7,8,10,9,6,8,3,10,6,0,10,3,4,5,8,9,10,7,4,3,2,9,8,3,7,10,10,8,11,11,6,5,10,4,5,9,6,7,6,8,2,8,9,0,3,7,6,9,3,8,11,8,7,10,0,3,7,10,8,4,9,10,8,7,11,8,8,4,7,2,8,11,4,9,3,9,4,11,8,10,3,5,3,3,9,4,4,10,4,6,9,3,4,8,11,4,3,11,9,11,9,6,9,10,11,4,5,7,11,4,8,6,8,8,7,6,9,10,3,0,3,8,9
4,10,2,8,9,4,11,11,5,6,4,5,9,8,4,2,11,5,7,0,5,5,0,8,7,7,0,8,9,11,10,7,9,4,11,7,2,11,4,5,6,9,10,11,8,5,4,3,10,9,4,8,11,11,9,0,0,7,6,11,5,6,10,7,8,7,9,3,9,10,2,4,8,7,10,4,9,0,9,8,11,2,4,8,11,9,5,10,11,9,8,0,9,9,5,8,3,9,0,5,10,4,10,5,0,9,11,4,6,4,4,10,5,5,11,5,7,10,4,5,9,0,5,4,0,10,0,10,7,10,11,0,5,6,8,0,5,9,7,9,9,8,7,10,11,4,2,4,9,10
5,11,3,9,10,5,0,0,6,7,5,6,10,9,5,3,0,6,8,2,6,6,2,9,8,8,2,9,10,0,11,8,10,5,0,8,3,0,5,6,7,10,11,0,9,6,5,4,11,10,5,9,0,0,10,2,2,8,7,0,6,7,11,8,9,8,10,4,10,11,3,5,9,8,11,5,10,2,10,9,0,3,5,9,0,10,6,11,0,10,9,2,10,10,6,9,4,10,2,6,11,5,11,6,2,10,0,5,7,5,5,11,6,6,0,6,8,11,5,6,10,2,6,5,2,11,2,11,8,11,0,2,6,7,9,2,6,10,8,10,10,9,8,11,0,5,3,5,10,11
6,0,4,10,11,6,2,2,7,8,6,7,11,10,6,4,2,7,9,3,7,7,3,10,9,9,3,10,11,2,0,9,11,6,2,9,4,2,6,7,8,11,0,2,10,7,6,5,0,11,6,10,2,2,11,3,3,9,8,2,7,8,0,9,10,9,11,5,11,0,4,6,10,9,0,6,11,3,11,10,2,4,6,10,2,11,7,0,2,11,10,3,11,11,7,10,5,11,3,7,0,6,0,7,3,11,2,6,8,6,6,0,7,7,2,7,9,0,6,7,11,3,7,6,3,0,3,0,9,0,2,3,7,8,10,3,7,11,9,11,11,10,9,0,2,6,4,6,11,0
7,2,5,11,0,7,3,3,8,9,7,8,0,11,7,5,3,8,10,4,8,8,4,11,10,10,4,11,0,3,2,10,0,7,3,10,5,3,7,8,9,0,2,3,11,8,7,6,2,0,7,11,3,3,0,4,4,10,9,3,8,9,2,10,11,10,0,6,0,2,5,7,11,10,2,7,0,4,0,11,3,5,7,11,3,0,8,2,3,0,11,4,0,0,8,11,6,0,4,8,2,7,2,8,4,0,3,7,9,7,7,2,8,8,3,8,10,2,7,8,0,4,8,7,4,2,4,2,10,2,3,4,8,9,11,4,8,0,10,0,0,11,10,2,3,7,5,7,0,2
8,3,6,0,2,8,4,4,9,10,8,9,2,0,8,6,4,9,11,5,9,9,5,0,11,11,5,0,2,4,3,11,2,8,4,11,6,4,8,9,10,2,3,4,0,9,8,7,3,2,8,0,4,4,2,5,5,11,10,4,9,10,3,11,0,11,2,7,2,3,6,8,0,11,3,8,2,5,2,0,4,6,8,0,4,2,9,3,4,2,0,5,2,2,9,0,7,2,5,9,3,8,3,9,5,2,4,8,10,8,8,3,9,9,4,9,11,3,8,9,2,5,9,8,5,3,5,3,11,3,4,5,9,10,0,5,9,2,11,2,2,0,11,3,4,8,6,8,2,3
9,4,7,2,3,9,5,5,10,11,9,10,3,2,9,7,5,10,0,6,10,10,6,2,0,0,6,2,3,5,4,0,3,9,5,0,7,5,9,10,11,3,4,5,2,10,9,8,4,3,9,2,5,5,3,6,6,0,11,5,10,11,4,0,2,0,3,8,3,4,7,9,2,0,4,9,3,6,3,2,5,7,9,2,5,3,10,4,5,3,2,6,3,3,10,2,8,3,6,10,4,9,4,10,6,3,5,9,11,9,9,4,10,10,5,10,0,4,9,10,3,6,10,9,6,4,6,4,0,4,5,6,10,11,2,6,10,3,0,3,3,2,0,4,5,9,7,9,3,4
10,5,8,3,4,10,6,6,11,0,10,11,4,3,10,8,6,11,2,7,11,11,7,3,2,2,7,3,4,6,5,2,4,10,6,2,8,6,10,11,0,4,5,6,3,11,10,9,5,4,10,3,6,6,4,7,7,2,0,6,11,0,5,2,3,2,4,9,4,5,8,10,3,2,5,10,4,7,4,3,6,8,10,3,6,4,11,5,6,4,3,7,4,4,11,3,9,4,7,11,5,10,5,11,7,4,6,10,0,10,10,5,11,11,6,11,2,5,10,11,4,7,11,10,7,5,7,5,2,5,6,7,11,0,3,7,11,4,2,4,4,3,2,5,6,10,8,10,4,5
11,6,9,4,5,11,7,7,0,2,11,0,5,4,11,9,7,0,3,8,0,0,8,4,3,3,8,4,5,7,6,3,5,11,7,3,9,7,11,0,2,5,6,7,4,0,11,10,6,5,11,4,7,7,5,8,8,3,2,7,0,2,6,3,4,3,5,10,5,6,9,11,4,3,6,11,5,8,5,4,7,9,11,4,7,5,0,6,7,5,4,8,5,5,0,4,10,5,8,0,6,11,6,0,8,5,7,11,2,11,11,6,0,0,7,0,3,6,11,0,5,8,0,11,8,6,8,6,3,6,7,8,0,2,4,8,0,5,3,5,5,4,3,6,7,11,9,11,5,6
0,7,10,5,6,0,8,8,2,3,0,2,6,5,0,10,8,2,4,9,2,2,9,5,4,4,9,5,6,8,7,4,6,0,8,4,10,8,0,2,3,6,7,8,5,2,0,11,7,6,0,5,8,8,6,9,9,4,3,8,2,3,7,4,5,4,6,11,6,7,10,0,5,4,7,0,6,9,6,5,8,10,0,5,8,6,2,7,8,6,5,9,6,6,2,5,11,6,9,2,7,0,7,2,9,6,8,0,3,0,0,7,2,2,8,2,4,7,0,2,6,9,2,0,9,7,9,7,4,7,8,9,2,3,5,9,2,6,4,6,6,5,4,7,8,0,10,0,6,7
2,8,11,6,7,2,9,9,3,4,2,3,7,6,2,11,9,3,5,10,3,3,10,6,5,5,10,6,7,9,8,5,7,2,9,5,11,9,2,3,4,7,8,9,6,3,2,0,8,7,2,6,9,9,7,10,10,5,4,9,3,4,8,5,6,5,7,0,7,8,11,2,6,5,8,2,7,10,7,6,9,11,2,6,9,7,3,8,9,7,6,10,7,7,3,6,0,7,10,3,8,2,8,3,10,7,9,2,4,2,2,8,3,3,9,3,5,8,2,3,7,10,3,2,10,8,10,8,5,8,9,10,3,4,6,10,3,7,5,7,7,6,5,8,9,2,11,2,7,8
3,9,0,7,8,3,10,10,4,5,3,4,8,7,3,0,10,4,6,11,4,4,11,7,6,6,11,7,8,10,9,6,8,3,10,6,0,10,3,4,5,8,9,10,7,4,3,2,9,8,3,7,10,10,8,11,11,6,5,10,4,5,9,6,7,6,8,2,8,9,0,3,7,6,9,3,8,11,8,7,10,0,3,7,10,8,4,9,10,8,7,11,8,8,4,7,2,8,11,4,9,3,9,4,11,8,10,3,5,3,3,9,4,4,10,4,6,9,3,4,8,11,4,3,11,9,11,9,6,9,10,11,4,5,7,11,4,8,6,8,8,7,6,9,10,3,0,3,8,9
4,10,2,8,9,4,11,11,5,6,4,5,9,8,4,2,11,5,7,0,5,5,0,8,7,7,0,8,9,11,10,7,9,4,11,7,2,11,4,5,6,9,10,11,8,5,4,3,10,9,4,8,11,11,9,0,0,7,6,11,5,6,10,7,8,7,9,3,9,10,2,4,8,7,10,4,9,0,9,8,11,2,4,8,11,9,5,10,11,9,8,0,9,9,5,8,3,9,0,5,10,4,10,5,0,9,11,4,6,4,4,10,5,5,11,5,7,10,4,5,9,0,5,4,0,10,0,10,7,10,11,0,5,6,8,0,5,9,7,9,9,8,7,10,11,4,2,4,9,10
5,11,3,9,10,5,0,0,6,7,5,6,10,9,5,3,0,6,8,2,6,6,2,9,8,8,2,9,10,0,11,8,10,5,0,8,3,0,5,6,7,10,11,0,9,6,5,4,11,10,5,9,0,0,10,2,2,8,7,0,6,7,11,8,9,8,10,4,10,11,3,5,9,8,11,5,10,2,10,9,0,3,5,9,0,10,6,11,0,10,9,2,10,10,6,9,4,10,2,6,11,5,11,6,2,10,0,5,7,5,5,11,6,6,0,6,8,11,5,6,10,2,6,5,2,11,2,11,8,11,0,2,6,7,9,2,6,10,8,10,10,9,8,11,0,5,3,5,10,11
6,0,4,10,11,6,2,2,7,8,6,7,11,10,6,4,2,7,9,3,7,7,3,10,9,9,3,10,11,2,0,9,11,6,2,9,4,2,6,7,8,11,0,2,10,7,6,5,0,11,6,10,2,2,11,3,3,9,8,2,7,8,0,9,10,9,11,5,11,0,4,6,10,9,0,6,11,3,11,10,2,4,6,10,2,11,7,0,2,11,10,3,11,11,7,10,5,11,3,7,0,6,0,7,3,11,2,6,8,6,6,0,7,7,2,7,9,0,6,7,11,3,7,6,3,0,3,0,9,0,2,3,7,8,10,3,7,11,9,11,11,10,9,0,2,6,4,6,11,0
7,2,5,11,0,7,3,3,8,9,7,8,0,11,7,5,3,8,10,4,8,8,4,11,10,10,4,11,0,3,2,10,0,7,3,10,5,3,7,8,9,0,2,3,11,8,7,6,2,0,7,11,3,3,0,4,4,10,9,3,8,9,2,10,11,10,0,6,0,2,5,7,11,10,2,7,0,4,0,11,3,5,7,11,3,0,8,2,3,0,11,4,0,0,8,11,6,0,4,8,2,7,2,8,4,0,3,7,9,7,7,2,8,8,3,8,10,2,7,8,0,4,8,7,4,2,4,2,10,2,3,4,8,9,11,4,8,0,10,0,0,11,10,2,3,7,5,7,0,2
8,3,6,0,2,8,4,4,9,10,8,9,2,0,8,6,4,9,11,5,9,9,5,0,11,11,5,0,2,4,3,11,2,8,4,11,6,4,8,9,10,2,3,4,0,9,8,7,3,2,8,0,4,4,2,5,5,11,10,4,9,10,3,11,0,11,2,7,2,3,6,8,0,11,3,8,2,5,2,0,4,6,8,0,4,2,9,3,4,2,0,5,2,2,9,0,7,2,5,9,3,8,3,9,5,2,4,8,10,8,8,3,9,9,4,9,11,3,8,9,2,5,9,8,5,3,5,3,11,3,4,5,9,10,0,5,9,2,11,2,2,0,11,3,4,8,6,8,2,3
9,4,7,2,3,9,5,5,10,11,9,10,3,2,9,7,5,10,0,6,10,10,6,2,0,0,6,2,3,5,4,0,3,9,5,0,7,5,9,10,11,3,4,5,2,10,9,8,4,3,9,2,5,5,3,6,6,0,11,5,10,11,4,0,2,0,3,8,3,4,7,9,2,0,4,9,3,6,3,2,5,7,9,2,5,3,10,4,5,3,2,6,3,3,10,2,8,3,6,10,4,9,4,10,6,3,5,9,11,9,9,4,10,10,5,10,0,4,9,10,3,6,10,9,6,4,6,4,0,4,5,6,10,11,2,6,10,3,0,3,3,2,0,4,5,9,7,9,3,4
10,5,8,3,4,10,6,6,11,0,10,11,4,3,10,8,6,11,2,7,11,11,7,3,2,2,7,3,4,6,5,2,4,10,6,2,8,6,10,11,0,4,5,6,3,11,10,9,5,4,10,3,6,6,4,7,7,2,0,6,11,0,5,2,3,2,4,9,4,5,8,10,3,2,5,10,4,7,4,3,6,8,10,3,6,4,11,5,6,4,3,7,4,4,11,3,9,4,7,11,5,10,5,11,7,4,6,10,0,10,10,5,11,11,6,11,2,5,10,11,4,7,11,10,7,5,7,5,2,5,6,7,11,0,3,7,11,4,2,4,4,3,2,5,6,10,8,10,4,5
11,6,9,4,5,11,7,7,0,2,11,0,5,4,11,9,7,0,3,8,0,0,8,4,3,3,8,4,5,7,6,3,5,11,7,3,9,7,11,0,2,5,6,7,4,0,11,10,6,5,11,4,7,7,5,8,8,3,2,7,0,2,6,3,4,3,5,10,5,6,9,11,4,3,6,11,5,8,5,4,7,9,11,4,7,5,0,6,7,5,4,8,5,5,0,4,10,5,8,0,6,11,6,0,8,5,7,11,2,11,11,6,0,0,7,0,3,6,11,0,5,8,0,11,8,6,8,6,3,6,7,8,0,2,4,8,0,5,3,5,5,4,3,6,7,11,9,11,5,6
0,7,10,5,6,0,8,8,2,3,0,2,6,5,0,10,8,2,4,9,2,2,9,5,4,4,9,5,6,8,7,4,6,0,8,4,10,8,0,2,3,6,7,8,5,2,0,11,7,6,0,5,8,8,6,9,9,4,3,8,2,3,7,4,5,4,6,11,6,7,10,0,5,4,7,0,6,9,6,5,8,10,0,5,8,6,2,7,8,6,5,9,6,6,2,5,11,6,9,2,7,0,7,2,9,6,8,0,3,0,0,7,2,2,8,2,4,7,0,2,6,9,2,0,9,7,9,7,4,7,8,9,2,3,5,9,2,6,4,6,6,5,4,7,8,0,10,0,6,7
2,8,11,6,7,2,9,9,3,4,2,3,7,6,2,11,9,3,5,10,3,3,10,6,5,5,10,6,7,9,8,5,7,2,9,5,11,9,2,3,4,7,8,9,6,3,2,0,8,7,2,6,9,9,7,10,10,5,4,9,3,4,8,5,6,5,7,0,7,8,11,2,6,5,8,2,7,10,7,6,9,11,2,6,9,7,3,8,9,7,6,10,7,7,3,6,0,7,10,3,8,2,8,3,10,7,9,2,4,2,2,8,3,3,9,3,5,8,2,3,7,10,3,2,10,8,10,8,5,8,9,10,3,4,6,10,3,7,5,7,7,6,5,8,9,2,11,2,7,8
3,9,0,7,8,3,10,10,4,5,3,4,8,7,3,0,10,4,6,11,4,4,11,7,6,6,11,7,8,10,9,6,8,3,10,6,0,10,3,4,5,8,9,10,7,4,3,2,9,8,3,7,10,10,8,11,11,6,5,10,4,5,9,6,7,6,8,2,8,9,0,3,7,6,9,3,8,11,8,7,10,0,3,7,10,8,4,9,10,8,7,11,8,8,4,7,2,8,11,4,9,3,9,4,11,8,10,3,5,3,3,9,4,4,10,4,6,9,3,4,8,11,4,3,11,9,11,9,6,9,10,11,4,5,7,11,4,8,6,8,8,7,6,9,10,3,0,3,8,9
4,10,2,8,9,4,11,11,5,6,4,5,9,8,4,2,11,5,7,0,5,5,0,8,7,7,0,8,9,11,10,7,9,4,11,7,2,11,4,5,6,9,10,11,8,5,4,3,10,9,4,8,11,11,9,0,0,7,6,11,5,6,10,7,8,7,9,3,9,10,2,4,8,7,10,4,9,0,9,8,11,2,4,8,11,9,5,10,11,9,8,0,9,9,5,8,3,9,0,5,10,4,10,5,0,9,11,4,6,4,4,10,5,5,11,5,7,10,4,5,9,0,5,4,0,10,0,10,7,10,11,0,5,6,8,0,5,9,7,9,9,8,7,10,11,4,2,4,9,10
5,11,3,9,10,5,0,0,6,7,5,6,10,9,5,3,0,6,8,2,6,6,2,9,8,8,2,9,10,0,11,8,10,5,0,8,3,0,5,6,7,10,11,0,9,6,5,4,11,10,5,9,0,0,10,2,2,8,7,0,6,7,11,8,9,8,10,4,10,11,3,5,9,8,11,5,10,2,10,9,0,3,5,9,0,10,6,11,0,10,9,2,10,10,6,9,4,10,2,6,11,5,11,6,2,10,0,5,7,5,5,11,6,6,0,6,8,11,5,6,10,2,6,5,2,11,2,11,8,11,0,2,6,7,9,2,6,10,8,10,10,9,8,11,0,5,3,5,10,11
6,0,4,10,11,6,2,2,7,8,6,7,11,10,6,4,2,7,9,3,7,7,3,10,9,9,3,10,11,2,0,9,11,6,2,9,4,2,6,7,8,11,0,2,10,7,6,5,0,11,6,10,2,2,11,3,3,9,8,2,7,8,0,9,10,9,11,5,11,0,4,6,10,9,0,6,11,3,11,10,2,4,6,10,2,11,7,0,2,11,10,3,11,11,7,10,5,11,3,7,0,6,0,7,3,11,2,6,8,6,6,0,7,7,2,7,9,0,6,7,11,3,7,6,3,0,3,0,9,0,2,3,7,8,10,3,7,11,9,11,11,10,9,0,2,6,4,6,11,0
7,2,5,11,0,7,3,3,8,9,7,8,0,11,7,5,3,8,10,4,8,8,4,11,10,10,4,11,0,3,2,10,0,7,3,10,5,3,7,8,9,0,2,3,11,8,7,6,2,0,7,11,3,3,0,4,4,10,9,3,8,9,2,10,11,10,0,6,0,2,5,7,11,10,2,7,0,4,0,11,3,5,7,11,3,0,8,2,3,0,11,4,0,0,8,11,6,0,4,8,2,7,2,8,4,0,3,7,9,7,7,2,8,8,3,8,10,2,7,8,0,4,8,7,4,2,4,2,10,2,3,4,8,9,11,4,8,0,10,0,0,11,10,2,3,7,5,7,0,2
8,3,6,0,2,8,4,4,9,10,8,9,2,0,8,6,4,9,11,5,9,9,5,0,11,11,5,0,2,4,3,11,2,8,4,11,6,4,8,9,10,2,3,4,0,9,8,7,3,2,8,0,4,4,2,5,5,11,10,4,9,10,3,11,0,11,2,7,2,3,6,8,0,11,3,8,2,5,2,0,4,6,8,0,4,2,9,3,4,2,0,5,2,2,9,0,7,2,5,9,3,8,3,9,5,2,4,8,10,8,8,3,9,9,4,9,11,3,8,9,2,5,9,8,5,3,5,3,11,3,4,5,9,10,0,5,9,2,11,2,2,0,11,3,4,8,6,8,2,3
9,4,7,2,3,9,5,5,10,11,9,10,3,2,9,7,5,10,0,6,10,10,6,2,0,0,6,2,3,5,4,0,3,9,5,0,7,5,9,10,11,3,4,5,2,10,9,8,4,3,9,2,5,5,3,6,6,0,11,5,10,11,4,0,2,0,3,8,3,4,7,9,2,0,4,9,3,6,3,2,5,7,9,2,5,3,10,4,5,3,2,6,3,3,10,2,8,3,6,10,4,9,4,10,6,3,5,9,11,9,9,4,10,10,5,10,0,4,9,10,3,6,10,9,6,4,6,4,0,4,5,6,10,11,2,6,10,3,0,3,3,2,0,4,5,9,7,9,3,4
10,5,8,3,4,10,6,6,11,0,10,11,4,3,10,8,6,11,2,7,11,11,7,3,2,2,7,3,4,6,5,2,4,10,6,2,8,6,10,11,0,4,5,6,3,11,10,9,5,4,10,3,6,6,4,7,7,2,0,6,11,0,5,2,3,2,4,9,4,5,8,10,3,2,5,10,4,7,4,3,6,8,10,3,6,4,11,5,6,4,3,7,4,4,11,3,9,4,7,11,5,10,5,11,7,4,6,10,0,10,10,5,11,11,6,11,2,5,10,11,4,7,11,10,7,5,7,5,2,5,6,7,11,0,3,7,11,4,2,4,4,3,2,5,6,10,8,10,4,5
11,6,9,4,5,11,7,7,0,2,11,0,5,4,11,9,7,0,3,8,0,0,8,4,3,3,8,4,5,7,6,3,5,11,7,3,9,7,11,0,2,5,6,7,4,0,11,10,6,5,11,4,7,7,5,8,8,3,2,7,0,2,6,3,4,3,5,10,5,6,9,11,4,3,6,11,5,8,5,4,7,9,11,4,7,5,0,6,7,5,4,8,5,5,0,4,10,5,8,0,6,11,6,0,8,5,7,11,2,11,11,6,0,0,7,0,3,6,11,0,5,8,0,11,8,6,8,6,3,6,7,8,0,2,4,8,0,5,3,5,5,4,3,6,7,11,9,11,5,6
0,7,10,5,6,0,8,8,2,3,0,2,6,5,0,10,8,2,4,9,2,2,9,5,4,4,9,5,6,8,7,4,6,0,8,4,10,8,0,2,3,6,7,8,5,2,0,11,7,6,0,5,8,8,6,9,9,4,3,8,2,3,7,4,5,4,6,11,6,7,10,0,5,4,7,0,6,9,6,5,8,10,0,5,8,6,2,7,8,6,5,9,6,6,2,5,11,6,9,2,7,0,7,2,9,6,8,0,3,0,0,7,2,2,8,2,4,7,0,2,6,9,2,0,9,7,9,7,4,7,8,9,2,3,5,9,2,6,4,6,6,5,4,7,8,0,10,0,6,7
2,8,11,6,7,2,9,9,3,4,2,3,7,6,2,11,9,3,5,10,3,3,10,6,5,5,10,6,7,9,8,5,7,2,9,5,11,9,2,3,4,7,8,9,6,3,2,0,8,7,2,6,9,9,7,10,10,5,4,9,3,4,8,5,6,5,7,0,7,8,11,2,6,5,8,2,7,10,7,6,9,11,2,6,9,7,3,8,9,7,6,10,7,7,3,6,0,7,10,3,8,2,8,3,10,7,9,2,4,2,2,8,3,3,9,3,5,8,2,3,7,10,3,2,10,8,10,8,5,8,9,10,3,4,6,10,3,7,5,7,7,6,5,8,9,2,11,2,7,8
3,9,0,7,8,3,10,10,4,5,3,4,8,7,3,0,10,4,6,11,4,4,11,7,6,6,11,7,8,10,9,6,8,3,10,6,0,10,3,4,5,8,9,10,7,4,3,2,9,8,3,7,10,10,8,11,11,6,5,10,4,5,9,6,7,6,8,2,8,9,0,3,7,6,9,3,8,11,8,7,10,0,3,7,10,8,4,9,10,8,7,11,8,8,4,7,2,8,11,4,9,3,9,4,11,8,10,3,5,3,3,9,4,4,10,4,6,9,3,4,8,11,4,3,11,9,11,9,6,9,10,11,4,5,7,11,4,8,6,8,8,7,6,9,10,3,0,3,8,9
4,10,2,8,9,4,11,11,5,6,4,5,9,8,4,2,11,5,7,0,5,5,0,8,7,7,0,8,9,11,10,7,9,4,11,7,2,11,4,5,6,9,10,11,8,5,4,3,10,9,4,8,11,11,9,0,0,7,6,11,5,6,10,7,8,7,9,3,9,10,2,4,8,7,10,4,9,0,9,8,11,2,4,8,11,9,5,10,11,9,8,0,9,9,5,8,3,9,0,5,10,4,10,5,0,9,11,4,6,4,4,10,5,5,11,5,7,10,4,5,9,0,5,4,0,10,0,10,7,10,11,0,5,6,8,0,5,9,7,9,9,8,7,10,11,4,2,4,9,10
5,11,3,9,10,5,0,0,6,7,5,6,10,9,5,3,0,6,8,2,6,6,2,9,8,8,2,9,10,0,11,8,10,5,0,8,3,0,5,6,7,10,11,0,9,6,5,4,11,10,5,9,0,0,10,2,2,8,7,0,6,7,11,8,9,8,10,4,10,11,3,5,9,8,11,5,10,2,10,9,0,3,5,9,0,10,6,11,0,10,9,2,10,10,6,9,4,10,2,6,11,5,11,6,2,10,0,5,7,5,5,11,6,6,0,6,8,11,5,6,10,2,6,5,2,11,2,11,8,11,0,2,6,7,9,2,6,10,8,10,10,9,8,11,0,5,3,5,10,11
6,0,4,10,11,6,2,2,7,8,6,7,11,10,6,4,2,7,9,3,7,7,3,10,9,9,3,10,11,2,0,9,11,6,2,9,4,2,6,7,8,11,0,2,10,7,6,5,0,11,6,10,2,2,11,3,3,9,8,2,7,8,0,9,10,9,11,5,11,0,4,6,10,9,0,6,11,3,11,10,2,4,6,10,2,11,7,0,2,11,10,3,11,11,7,10,5,11,3,7,0,6,0,7,3,11,2,6,8,6,6,0,7,7,2,7,9,0,6,7,11,3,7,6,3,0,3,0,9,0,2,3,7,8,10,3,7,11,9,11,11,10,9,0,2,6,4,6,11,0
7,2,5,11,0,7,3,3,8,9,7,8,0,11,7,5,3,8,10,4,8,8,4,11,10,10,4,11,0,3,2,10,0,7,3,10,5,3,7,8,9,0,2,3,11,8,7,6,2,0,7,11,3,3,0,4,4,10,9,3,8,9,2,10,11,10,0,6,0,2,5,7,11,10,2,7,0,4,0,11,3,5,7,11,3,0,8,2,3,0,11,4,0,0,8,11,6,0,4,8,2,7,2,8,4,0,3,7,9,7,7,2,8,8,3,8,10,2,7,8,0,4,8,7,4,2,4,2,10,2,3,4,8,9,11,4,8,0,10,0,0,11,10,2,3,7,5,7,0,2
8,3,6,0,2,8,4,4,9,10,8,9,2,0,8,6,4,9,11,5,9,9,5,0,11,11,5,0,2,4,3,11,2,8,4,11,6,4,8,9,10,2,3,4,0,9,8,7,3,2,8,0,4,4,2,5,5,11,10,4,9,10,3,11,0,11,2,7,2,3,6,8,0,11,3,8,2,5,2,0,4,6,8,0,4,2,9,3,4,2,0,5,2,2,9,0,7,2,5,9,3,8,3,9,5,2,4,8,10,8,8,3,9,9,4,9,11,3,8,9,2,5,9,8,5,3,5,3,11,3,4,5,9,10,0,5,9,2,11,2,2,0,11,3,4,8,6,8,2,3
9,4,7,2,3,9,5,5,10,11,9,10,3,2,9,7,5,10,0,6,10,10,6,2,0,0,6,2,3,5,4,0,3,9,5,0,7,5,9,10,11,3,4,5,2,10,9,8,4,3,9,2,5,5,3,6,6,0,11,5,10,11,4,0,2,0,3,8,3,4,7,9,2,0,4,9,3,6,3,2,5,7,9,2,5,3,10,4,5,3,2,6,3,3,10,2,8,3,6,10,4,9,4,10,6,3,5,9,11,9,9,4,10,10,5,10,0,4,9,10,3,6,10,9,6,4,6,4,0,4,5,6,10,11,2,6,10,3,0,3,3,2,0,4,5,9,7,9,3,4
10,5,8,3,4,10,6,6,11,0,10,11,4,3,10,8,6,11,2,7,11,11,7,3,2,2,7,3,4,6,5,2,4,10,6,2,8,6,10,11,0,4,5,6,3,11,10,9,5,4,10,3,6,6,4,7,7,2,0,6,11,0,5,2,3,2,4,9,4,5,8,10,3,2,5,10,4,7,4,3,6,8,10,3,6,4,11,5,6,4,3,7,4,4,11,3,9,4,7,11,5,10,5,11,7,4,6,10,0,10,10,5,11,11,6,11,2,5,10,11,4,7,11,10,7,5,7,5,2,5,6,7,11,0,3,7,11,4,2,4,4,3,2,5,6,10,8,10,4,5
11,6,9,4,5,11,7,7,0,2,11,0,5,4,11,9,7,0,3,8,0,0,8,4,3,3,8,4,5,7,6,3,5,11,7,3,9,7,11,0,2,5,6,7,4,0,11,10,6,5,11,4,7,7,5,8,8,3,2,7,0,2,6,3,4,3,5,10,5,6,9,11,4,3,6,11,5,8,5,4,7,9,11,4,7,5,0,6,7,5,4,8,5,5,0,4,10,5,8,0,6,11,6,0,8,5,7,11,2,11,11,6,0,0,7,0,3,6,11,0,5,8,0,11,8,6,8,6,3,6,7,8,0,2,4,8,0,5,3,5,5,4,3,6,7,11,9,11,5,6
0,7,10,5,6,0,8,8,2,3,0,2,6,5,0,10,8,2,4,9,2,2,9,5,4,4,9,5,6,8,7,4,6,0,8,4,10,8,0,2,3,6,7,8,5,2,0,11,7,6,0,5,8,8,6,9,9,4,3,8,2,3,7,4,5,4,6,11,6,7,10,0,5,4,7,0,6,9,6,5,8,10,0,5,8,6,2,7,8,6,5,9,6,6,2,5,11,6,9,2,7,0,7,2,9,6,8,0,3,0,0,7,2,2,8,2,4,7,0,2,6,9,2,0,9,7,9,7,4,7,8,9,2,3,5,9,2,6,4,6,6,5,4,7,8,0,10,0,6,7
2,8,11,6,7,2,9,9,3,4,2,3,7,6,2,11,9,3,5,10,3,3,10,6,5,5,10,6,7,9,8,5,7,2,9,5,11,9,2,3,4,7,8,9,6,3,2,0,8,7,2,6,9,9,7,10,10,5,4,9,3,4,8,5,6,5,7,0,7,8,11,2,6,5,8,2,7,10,7,6,9,11,2,6,9,7,3,8,9,7,6,10,7,7,3,6,0,7,10,3,8,2,8,3,10,7,9,2,4,2,2,8,3,3,9,3,5,8,2,3,7,10,3,2,10,8,10,8,5,8,9,10,3,4,6,10,3,7,5,7,7,6,5,8,9,2,11,2,7,8
3,9,0,7,8,3,10,10,4,5,3,4,8,7,3,0,10,4,6,11,4,4,11,7,6,6,11,7,8,10,9,6,8,3,10,6,0,10,3,4,5,8,9,10,7,4,3,2,9,8,3,7,10,10,8,11,11,6,5,10,4,5,9,6,7,6,8,2,8,9,0,3,7,6,9,3,8,11,8,7,10,0,3,7,10,8,4,9,10,8,7,11,8,8,4,7,2,8,11,4,9,3,9,4,11,8,10,3,5,3,3,9,4,4,10,4,6,9,3,4,8,11,4,3,11,9,11,9,6,9,10,11,4,5,7,11,4,8,6,8,8,7,6,9,10,3,0,3,8,9
4,10,2,8,9,4,11,11,5,6,4,5,9,8,4,2,11,5,7,0,5,5,0,8,7,7,0,8,9,11,10,7,9,4,11,7,2,11,4,5,6,9,10,11,8,5,4,3,10,9,4,8,11,11,9,0,0,7,6,11,5,6,10,7,8,7,9,3,9,10,2,4,8,7,10,4,9,0,9,8,11,2,4,8,11,9,5,10,11,9,8,0,9,9,5,8,3,9,0,5,10,4,10,5,0,9,11,4,6,4,4,10,5,5,11,5,7,10,4,5,9,0,5,4,0,10,0,10,7,10,11,0,5,6,8,0,5,9,7,9,9,8,7,10,11,4,2,4,9,10
5,11,3,9,10,5,0,0,6,7,5,6,10,9,5,3,0,6,8,2,6,6,2,9,8,8,2,9,10,0,11,8,10,5,0,8,3,0,5,6,7,10,11,0,9,6,5,4,11,10,5,9,0,0,10,2,2,8,7,0,6,7,11,8,9,8,10,4,10,11,3,5,9,8,11,5,10,2,10,9,0,3,5,9,0,10,6,11,0,10,9,2,10,10,6,9,4,10,2,6,11,5,11,6,2,10,0,5,7,5,5,11,6,6,0,6,8,11,5,6,10,2,6,5,2,11,2,11,8,11,0,2,6,7,9,2,6,10,8,10,10,9,8,11,0,5,3,5,10,11
6,0,4,10,11,6,2,2,7,8,6,7,11,10,6,4,2,7,9,3,7,7,3,10,9,9,3,10,11,2,0,9,11,6,2,9,4,2,6,7,8,11,0,2,10,7,6,5,0,11,6,10,2,2,11,3,3,9,8,2,7,8,0,9,10,9,11,5,11,0,4,6,10,9,0,6,11,3,11,10,2,4,6,10,2,11,7,0,2,11,10,3,11,11,7,10,5,11,3,7,0,6,0,7,3,11,2,6,8,6,6,0,7,7,2,7,9,0,6,7,11,3,7,6,3,0,3,0,9,0,2,3,7,8,10,3,7,11,9,11,11,10,9,0,2,6,4,6,11,0
7,2,5,11,0,7,3,3,8,9,7,8,0,11,7,5,3,8,10,4,8,8,4,11,10,10,4,11,0,3,2,10,0,7,3,10,5,3,7,8,9,0,2,3,11,8,7,6,2,0,7,11,3,3,0,4,4,10,9,3,8,9,2,10,11,10,0,6,0,2,5,7,11,10,2,7,0,4,0,11,3,5,7,11,3,0,8,2,3,0,11,4,0,0,8,11,6,0,4,8,2,7,2,8,4,0,3,7,9,7,7,2,8,8,3,8,10,2,7,8,0,4,8,7,4,2,4,2,10,2,3,4,8,9,11,4,8,0,10,0,0,11,10,2,3,7,5,7,0,2
8,3,6,0,2,8,4,4,9,10,8,9,2,0,8,6,4,9,11,5,9,9,5,0,11,11,5,0,2,4,3,11,2,8,4,11,6,4,8,9,10,2,3,4,0,9,8,7,3,2,8,0,4,4,2,5,5,11,10,4,9,10,3,11,0,11,2,7,2,3,6,8,0,11,3,8,2,5,2,0,4,6,8,0,4,2,9,3,4,2,0,5,2,2,9,0,7,2,5,9,3,8,3,9,5,2,4,8,10,8,8,3,9,9,4,9,11,3,8,9,2,5,9,8,5,3,5,3,11,3,4,5,9,10,0,5,9,2,11,2,2,0,11,3,4,8,6,8,2,3
9,4,7,2,3,9,5,5,10,11,9,10,3,2,9,7,5,10,0,6,10,10,6,2,0,0,6,2,3,5,4,0,3,9,5,0,7,5,9,10,11,3,4,5,2,10,9,8,4,3,9,2,5,5,3,6,6,0,11,5,10,11,4,0,2,0,3,8,3,4,7,9,2,0,4,9,3,6,3,2,5,7,9,2,5,3,10,4,5,3,2,6,3,3,10,2,8,3,6,10,4,9,4,10,6,3,5,9,11,9,9,4,10,10,5,10,0,4,9,10,3,6,10,9,6,4,6,4,0,4,5,6,10,11,2,6,10,3,0,3,3,2,0,4,5,9,7,9,3,4
10,5,8,3,4,10,6,6,11,0,10,11,4,3,10,8,6,11,2,7,11,11,7,3,2,2,7,3,4,6,5,2,4,10,6,2,8,6,10,11,0,4,5,6,3,11,10,9,5,4,10,3,6,6,4,7,7,2,0,6,11,0,5,2,3,2,4,9,4,5,8,10,3,2,5,10,4,7,4,3,6,8,10,3,6,4,11,5,6,4,3,7,4,4,11,3,9,4,7,11,5,10,5,11,7,4,6,10,0,10,10,5,11,11,6,11,2,5,10,11,4,7,11,10,7,5,7,5,2,5,6,7,11,0,3,7,11,4,2,4,4,3,2,5,6,10,8,10,4,5
11,6,9,4,5,11,7,7,0,2,11,0,5,4,11,9,7,0,3,8,0,0,8,4,3,3,8,4,5,7,6,3,5,11,7,3,9,7,11,0,2,5,6,7,4,0,11,10,6,5,11,4,7,7,5,8,8,3,2,7,0,2,6,3,4,3,5,10,5,6,9,11,4,3,6,11,5,8,5,4,7,9,11,4,7,5,0,6,7,5,4,8,5,5,0,4,10,5,8,0,6,11,6,0,8,5,7,11,2,11,11,6,0,0,7,0,3,6,11,0,5,8,0,11,8,6,8,6,3,6,7,8,0,2,4,8,0,5,3,5,5,4,3,6,7,11,9,11,5,6
0,7,10,5,6,0,8,8,2,3,0,2,6,5,0,10,8,2,4,9,2,2,9,5,4,4,9,5,6,8,7,4,6,0,8,4,10,8,0,2,3,6,7,8,5,2,0,11,7,6,0,5,8,8,6,9,9,4,3,8,2,3,7,4,5,4,6,11,6,7,10,0,5,4,7,0,6,9,6,5,8,10,0,5,8,6,2,7,8,6,5,9,6,6,2,5,11,6,9,2,7,0,7,2,9,6,8,0,3,0,0,7,2,2,8,2,4,7,0,2,6,9,2,0,9,7,9,7,4,7,8,9,2,3,5,9,2,6,4,6,6,5,4,7,8,0,10,0,6,7
2,8,11,6,7,2,9,9,3,4,2,3,7,6,2,11,9,3,5,10,3,3,10,6,5,5,10,6,7,9,8,5,7,2,9,5,11,9,2,3,4,7,8,9,6,3,2,0,8,7,2,6,9,9,7,10,10,5,4,9,3,4,8,5,6,5,7,0,7,8,11,2,6,5,8,2,7,10,7,6,9,11,2,6,9,7,3,8,9,7,6,10,7,7,3,6,0,7,10,3,8,2,8,3,10,7,9,2,4,2,2,8,3,3,9,3,5,8,2,3,7,10,3,2,10,8,10,8,5,8,9,10,3,4,6,10,3,7,5,7,7,6,5,8,9,2,11,2,7,8
3,9,0,7,8,3,10,10,4,5,3,4,8,7,3,0,10,4,6,11,4,4,11,7,6,6,11,7,8,10,9,6,8,3,10,6,0,10,3,4,5,8,9,10,7,4,3,2,9,8,3,7,10,10,8,11,11,6,5,10,4,5,9,6,7,6,8,2,8,9,0,3,7,6,9,3,8,11,8,7,10,0,3,7,10,8,4,9,10,8,7,11,8,8,4,7,2,8,11,4,9,3,9,4,11,8,10,3,5,3,3,9,4,4,10,4,6,9,3,4,8,11,4,3,11,9,11,9,6,9,10,11,4,5,7,11,4,8,6,8,8,7,6,9,10,3,0,3,8,9
4,10,2,8,9,4,11,11,5,6,4,5,9,8,4,2,11,5,7,0,5,5,0,8,7,7,0,8,9,11,10,7,9,4,11,7,2,11,4,5,6,9,10,11,8,5,4,3,10,9,4,8,11,11,9,0,0,7,6,11,5,6,10,7,8,7,9,3,9,10,2,4,8,7,10,4,9,0,9,8,11,2,4,8,11,9,5,10,11,9,8,0,9,9,5,8,3,9,0,5,10,4,10,5,0,9,11,4,6,4,4,10,5,5,11,5,7,10,4,5,9,0,5,4,0,10,0,10,7,10,11,0,5,6,8,0,5,9,7,9,9,8,7,10,11,4,2,4,9,10
5,11,3,9,10,5,0,0,6,7,5,6,10,9,5,3,0,6,8,2,6,6,2,9,8,8,2,9,10,0,11,8,10,5,0,8,3,0,5,6,7,10,11,0,9,6,5,4,11,10,5,9,0,0,10,2,2,8,7,0,6,7,11,8,9,8,10,4,10,11,3,5,9,8,11,5,10,2,10,9,0,3,5,9,0,10,6,11,0,10,9,2,10,10,6,9,4,10,2,6,11,5,11,6,2,10,0,5,7,5,5,11,6,6,0,6,8,11,5,6,10,2,6,5,2,11,2,11,8,11,0,2,6,7,9,2,6,10,8,10,10,9,8,11,0,5,3,5,10,11
6,0,4,10,11,6,2,2,7,8,6,7,11,10,6,4,2,7,9,3,7,7,3,10,9,9,3,10,11,2,0,9,11,6,2,9,4,2,6,7,8,11,0,2,10,7,6,5,0,11,6,10,2,2,11,3,3,9,8,2,7,8,0,9,10,9,11,5,11,0,4,6,10,9,0,6,11,3,11,10,2,4,6,10,2,11,7,0,2,11,10,3,11,11,7,10,5,11,3,7,0,6,0,7,3,11,2,6,8,6,6,0,7,7,2,7,9,0,6,7,11,3,7,6,3,0,3,0,9,0,2,3,7,8,10,3,7,11,9,11,11,10,9,0,2,6,4,6,11,0
7,2,5,11,0,7,3,3,8,9,7,8,0,11,7,5,3,8,10,4,8,8,4,11,10,10,4,11,0,3,2,10,0,7,3,10,5,3,7,8,9,0,2,3,11,8,7,6,2,0,7,11,3,3,0,4,4,10,9,3,8,9,2,10,11,10,0,6,0,2,5,7,11,10,2,7,0,4,0,11,3,5,7,11,3,0,8,2,3,0,11,4,0,0,8,11,6,0,4,8,2,7,2,8,4,0,3,7,9,7,7,2,8,8,3,8,10,2,7,8,0,4,8,7,4,2,4,2,10,2,3,4,8,9,11,4,8,0,10,0,0,11,10,2,3,7,5,7,0,2
8,3,6,0,2,8,4,4,9,10,8,9,2,0,8,6,4,9,11,5,9,9,5,0,11,11,5,0,2,4,3,11,2,8,4,11,6,4,8,9,10,2,3,4,0,9,8,7,3,2,8,0,4,4,2,5,5,11,10,4,9,10,3,11,0,11,2,7,2,3,6,8,0,11,3,8,2,5,2,0,4,6,8,0,4,2,9,3,4,2,0,5,2,2,9,0,7,2,5,9,3,8,3,9,5,2,4,8,10,8,8,3,9,9,4,9,11,3,8,9,2,5,9,8,5,3,5,3,11,3,4,5,9,10,0,5,9,2,11,2,2,0,11,3,4,8,6,8,2,3
9,4,7,2,3,9,5,5,10,11,9,10,3,2,9,7,5,10,0,6,10,10,6,2,0,0,6,2,3,5,4,0,3,9,5,0,7,5,9,10,11,3,4,5,2,10,9,8,4,3,9,2,5,5,3,6,6,0,11,5,10,11,4,0,2,0,3,8,3,4,7,9,2,0,4,9,3,6,3,2,5,7,9,2,5,3,10,4,5,3,2,6,3,3,10,2,8,3,6,10,4,9,4,10,6,3,5,9,11,9,9,4,10,10,5,10,0,4,9,10,3,6,10,9,6,4,6,4,0,4,5,6,10,11,2,6,10,3,0,3,3,2,0,4,5,9,7,9,3,4
10,5,8,3,4,10,6,6,11,0,10,11,4,3,10,8,6,11,2,7,11,11,7,3,2,2,7,3,4,6,5,2,4,10,6,2,8,6,10,11,0,4,5,6,3,11,10,9,5,4,10,3,6,6,4,7,7,2,0,6,11,0,5,2,3,2,4,9,4,5,8,10,3,2,5,10,4,7,4,3,6,8,10,3,6,4,11,5,6,4,3,7,4,4,11,3,9,4,7,11,5,10,5,11,7,4,6,10,0,10,10,5,11,11,6,11,2,5,10,11,4,7,11,10,7,5,7,5,2,5,6,7,11,0,3,7,11,4,2,4,4,3,2,5,6,10,8,10,4,5
11,6,9,4,5,11,7,7,0,2,11,0,5,4,11,9,7,0,3,8,0,0,8,4,3,3,8,4,5,7,6,3,5,11,7,3,9,7,11,0,2,5,6,7,4,0,11,10,6,5,11,4,7,7,5,8,8,3,2,7,0,2,6,3,4,3,5,10,5,6,9,11,4,3,6,11,5,8,5,4,7,9,11,4,7,5,0,6,7,5,4,8,5,5,0,4,10,5,8,0,6,11,6,0,8,5,7,11,2,11,11,6,0,0,7,0,3,6,11,0,5,8,0,11,8,6,8,6,3,6,7,8,0,2,4,8,0,5,3,5,5,4,3,6,7,11,9,11,5,6
0,7,10,5,6,0,8,8,2,3,0,2,6,5,0,10,8,2,4,9,2,2,9,5,4,4,9,5,6,8,7,4,6,0,8,4,10,8,0,2,3,6,7,8,5,2,0,11,7,6,0,5,8,8,6,9,9,4,3,8,2,3,7,4,5,4,6,11,6,7,10,0,5,4,7,0,6,9,6,5,8,10,0,5,8,6,2,7,8,6,5,9,6,6,2,5,11,6,9,2,7,0,7,2,9,6,8,0,3,0,0,7,2,2,8,2,4,7,0,2,6,9,2,0,9,7,9,7,4,7,8,9,2,3,5,9,2,6,4,6,6,5,4,7,8,0,10,0,6,7
2,8,11,6,7,2,9,9,3,4,2,3,7,6,2,11,9,3,5,10,3,3,10,6,5,5,10,6,7,9,8,5,7,2,9,5,11,9,2,3,4,7,8,9,6,3,2,0,8,7,2,6,9,9,7,10,10,5,4,9,3,4,8,5,6,5,7,0,7,8,11,2,6,5,8,2,7,10,7,6,9,11,2,6,9,7,3,8,9,7,6,10,7,7,3,6,0,7,10,3,8,2,8,3,10,7,9,2,4,2,2,8,3,3,9,3,5,8,2,3,7,10,3,2,10,8,10,8,5,8,9,10,3,4,6,10,3,7,5,7,7,6,5,8,9,2,11,2,7,8
3,9,0,7,8,3,10,10,4,5,3,4,8,7,3,0,10,4,6,11,4,4,11,7,6,6,11,7,8,10,9,6,8,3,10,6,0,10,3,4,5,8,9,10,7,4,3,2,9,8,3,7,10,10,8,11,11,6,5,10,4,5,9,6,7,6,8,2,8,9,0,3,7,6,9,3,8,11,8,7,10,0,3,7,10,8,4,9,10,8,7,11,8,8,4,7,2,8,11,4,9,3,9,4,11,8,10,3,5,3,3,9,4,4,10,4,6,9,3,4,8,11,4,3,11,9,11,9,6,9,10,11,4,5,7,11,4,8,6,8,8,7,6,9,10,3,0,3,8,9
4,10,2,8,9,4,11,11,5,6,4,5,9,8,4,2,11,5,7,0,5,5,0,8,7,7,0,8,9,11,10,7,9,4,11,7,2,11,4,5,6,9,10,11,8,5,4,3,10,9,4,8,11,11,9,0,0,7,6,11,5,6,10,7,8,7,9,3,9,10,2,4,8,7,10,4,9,0,9,8,11,2,4,8,11,9,5,10,11,9,8,0,9,9,5,8,3,9,0,5,10,4,10,5,0,9,11,4,6,4,4,10,5,5,11,5,7,10,4,5,9,0,5,4,0,10,0,10,7,10,11,0,5,6,8,0,5,9,7,9,9,8,7,10,11,4,2,4,9,10
5,11,3,9,10,5,0,0,6,7,5,6,10,9,5,3,0,6,8,2,6,6,2,9,8,8,2,9,10,0,11,8,10,5,0,8,3,0,5,6,7,10,11,0,9,6,5,4,11,10,5,9,0,0,10,2,2,8,7,0,6,7,11,8,9,8,10,4,10,11,3,5,9,8,11,5,10,2,10,9,0,3,5,9,0,10,6,11,0,10,9,2,10,10,6,9,4,10,2,6,11,5,11,6,2,10,0,5,7,5,5,11,6,6,0,6,8,11,5,6,10,2,6,5,2,11,2,11,8,11,0,2,6,7,9,2,6,10,8,10,10,9,8,11,0,5,3,5,10,11
6,0,4,10,11,6,2,2,7,8,6,7,11,10,6,4,2,7,9,3,7,7,3,10,9,9,3,10,11,2,0,9,11,6,2,9,4,2,6,7,8,11,0,2,10,7,6,5,0,11,6,10,2,2,11,3,3,9,8,2,7,8,0,9,10,9,11,5,11,0,4,6,10,9,0,6,11,3,11,10,2,4,6,10,2,11,7,0,2,11,10,3,11,11,7,10,5,11,3,7,0,6,0,7,3,11,2,6,8,6,6,0,7,7,2,7,9,0,6,7,11,3,7,6,3,0,3,0,9,0,2,3,7,8,10,3,7,11,9,11,11,10,9,0,2,6,4,6,11,0
7,2,5,11,0,7,3,3,8,9,7,8,0,11,7,5,3,8,10,4,8,8,4,11,10,10,4,11,0,3,2,10,0,7,3,10,5,3,7,8,9,0,2,3,11,8,7,6,2,0,7,11,3,3,0,4,4,10,9,3,8,9,2,10,11,10,0,6,0,2,5,7,11,10,2,7,0,4,0,11,3,5,7,11,3,0,8,2,3,0,11,4,0,0,8,11,6,0,4,8,2,7,2,8,4,0,3,7,9,7,7,2,8,8,3,8,10,2,7,8,0,4,8,7,4,2,4,2,10,2,3,4,8,9,11,4,8,0,10,0,0,11,10,2,3,7,5,7,0,2
8,3,6,0,2,8,4,4,9,10,8,9,2,0,8,6,4,9,11,5,9,9,5,0,11,11,5,0,2,4,3,11,2,8,4,11,6,4,8,9,10,2,3,4,0,9,8,7,3,2,8,0,4,4,2,5,5,11,10,4,9,10,3,11,0,11,2,7,2,3,6,8,0,11,3,8,2,5,2,0,4,6,8,0,4,2,9,3,4,2,0,5,2,2,9,0,7,2,5,9,3,8,3,9,5,2,4,8,10,8,8,3,9,9,4,9,11,3,8,9,2,5,9,8,5,3,5,3,11,3,4,5,9,10,0,5,9,2,11,2,2,0,11,3,4,8,6,8,2,3
9,4,7,2,3,9,5,5,10,11,9,10,3,2,9,7,5,10,0,6,10,10,6,2,0,0,6,2,3,5,4,0,3,9,5,0,7,5,9,10,11,3,4,5,2,10,9,8,4,3,9,2,5,5,3,6,6,0,11,5,10,11,4,0,2,0,3,8,3,4,7,9,2,0,4,9,3,6,3,2,5,7,9,2,5,3,10,4,5,3,2,6,3,3,10,2,8,3,6,10,4,9,4,10,6,3,5,9,11,9,9,4,10,10,5,10,0,4,9,10,3,6,10,9,6,4,6,4,0,4,5,6,10,11,2,6,10,3,0,3,3,2,0,4,5,9,7,9,3,4
10,5,8,3,4,10,6,6,11,0,10,11,4,3,10,8,6,11,2,7,11,11,7,3,2,2,7,3,4,6,5,2,4,10,6,2,8,6,10,11,0,4,5,6,3,11,10,9,5,4,10,3,6,6,4,7,7,2,0,6,11,0,5,2,3,2,4,9,4,5,8,10,3,2,5,10,4,7,4,3,6,8,10,3,6,4,11,5,6,4,3,7,4,4,11,3,9,4,7,11,5,10,5,11,7,4,6,10,0,10,10,5,11,11,6,11,2,5,10,11,4,7,11,10,7,5,7,5,2,5,6,7,11,0,3,7,11,4,2,4,4,3,2,5,6,10,8,10,4,5
11,6,9,4,5,11,7,7,0,2,11,0,5,4,11,9,7,0,3,8,0,0,8,4,3,3,8,4,5,7,6,3,5,11,7,3,9,7,11,0,2,5,6,7,4,0,11,10,6,5,11,4,7,7,5,8,8,3,2,7,0,2,6,3,4,3,5,10,5,6,9,11,4,3,6,11,5,8,5,4,7,9,11,4,7,5,0,6,7,5,4,8,5,5,0,4,10,5,8,0,6,11,6,0,8,5,7,11,2,11,11,6,0,0,7,0,3,6,11,0,5,8,0,11,8,6,8,6,3,6,7,8,0,2,4,8,0,5,3,5,5,4,3,6,7,11,9,11,5,6
0,7,10,5,6,0,8,8,2,3,0,2,6,5,0,10,8,2,4,9,2,2,9,5,4,4,9,5,6,8,7,4,6,0,8,4,10,8,0,2,3,6,7,8,5,2,0,11,7,6,0,5,8,8,6,9,9,4,3,8,2,3,7,4,5,4,6,11,6,7,10,0,5,4,7,0,6,9,6,5,8,10,0,5,8,6,2,7,8,6,5,9,6,6,2,5,11,6,9,2,7,0,7,2,9,6,8,0,3,0,0,7,2,2,8,2,4,7,0,2,6,9,2,0,9,7,9,7,4,7,8,9,2,3,5,9,2,6,4,6,6,5,4,7,8,0,10,0,6,7
2,8,11,6,7,2,9,9,3,4,2,3,7,6,2,11,9,3,5,10,3,3,10,6,5,5,10,6,7,9,8,5,7,2,9,5,11,9,2,3,4,7,8,9,6,3,2,0,8,7,2,6,9,9,7,10,10,5,4,9,3,4,8,5,6,5,7,0,7,8,11,2,6,5,8,2,7,10,7,6,9,11,2,6,9,7,3,8,9,7,6,10,7,7,3,6,0,7,10,3,8,2,8,3,10,7,9,2,4,2,2,8,3,3,9,3,5,8,2,3,7,10,3,2,10,8,10,8,5,8,9,10,3,4,6,10,3,7,5,7,7,6,5,8,9,2,11,2,7,8
3,9,0,7,8,3,10,10,4,5,3,4,8,7,3,0,10,4,6,11,4,4,11,7,6,6,11,7,8,10,9,6,8,3,10,6,0,10,3,4,5,8,9,10,7,4,3,2,9,8,3,7,10,10,8,11,11,6,5,10,4,5,9,6,7,6,8,2,8,9,0,3,7,6,9,3,8,11,8,7,10,0,3,7,10,8,4,9,10,8,7,11,8,8,4,7,2,8,11,4,9,3,9,4,11,8,10,3,5,3,3,9,4,4,10,4,6,9,3,4,8,11,4,3,11,9,11,9,6,9,10,11,4,5,7,11,4,8,6,8,8,7,6,9,10,3,0,3,8,9
4,10,2,8,9,4,11,11,5,6,4,5,9,8,4,2,11,5,7,0,5,5,0,8,7,7,0,8,9,11,10,7,9,4,11,7,2,11,4,5,6,9,10,11,8,5,4,3,10,9,4,8,11,11,9,0,0,7,6,11,5,6,10,7,8,7,9,3,9,10,2,4,8,7,10,4,9,0,9,8,11,2,4,8,11,9,5,10,11,9,8,0,9,9,5,8,3,9,0,5,10,4,10,5,0,9,11,4,6,4,4,10,5,5,11,5,7,10,4,5,9,0,5,4,0,10,0,10,7,10,11,0,5,6,8,0,5,9,7,9,9,8,7,10,11,4,2,4,9,10
5,11,3,9,10,5,0,0,6,7,5,6,10,9,5,3,0,6,8,2,6,6,2,9,8,8,2,9,10,0,11,8,10,5,0,8,3,0,5,6,7,10,11,0,9,6,5,4,11,10,5,9,0,0,10,2,2,8,7,0,6,7,11,8,9,8,10,4,10,11,3,5,9,8,11,5,10,2,10,9,0,3,5,9,0,10,6,11,0,10,9,2,10,10,6,9,4,10,2,6,11,5,11,6,2,10,0,5,7,5,5,11,6,6,0,6,8,11,5,6,10,2,6,5,2,11,2,11,8,11,0,2,6,7,9,2,6,10,8,10,10,9,8,11,0,5,3,5,10,11
6,0,4,10,11,6,2,2,7,8,6,7,11,10,6,4,2,7,9,3,7,7,3,10,9,9,3,10,11,2,0,9,11,6,2,9,4,2,6,7,8,11,0,2,10,7,6,5,0,11,6,10,2,2,11,3,3,9,8,2,7,8,0,9,10,9,11,5,11,0,4,6,10,9,0,6,11,3,11,10,2,4,6,10,2,11,7,0,2,11,10,3,11,11,7,10,5,11,3,7,0,6,0,7,3,11,2,6,8,6,6,0,7,7,2,7,9,0,6,7,11,3,7,6,3,0,3,0,9,0,2,3,7,8,10,3,7,11,9,11,11,10,9,0,2,6,4,6,11,0
7,2,5,11,0,7,3,3,8,9,7,8,0,11,7,5,3,8,10,4,8,8,4,11,10,10,4,11,0,3,2,10,0,7,3,10,5,3,7,8,9,0,2,3,11,8,7,6,2,0,7,11,3,3,0,4,4,10,9,3,8,9,2,10,11,10,0,6,0,2,5,7,11,10,2,7,0,4,0,11,3,5,7,11,3,0,8,2,3,0,11,4,0,0,8,11,6,0,4,8,2,7,2,8,4,0,3,7,9,7,7,2,8,8,3,8,10,2,7,8,0,4,8,7,4,2,4,2,10,2,3,4,8,9,11,4,8,0,10,0,0,11,10,2,3,7,5,7,0,2
8,3,6,0,2,8,4,4,9,10,8,9,2,0,8,6,4,9,11,5,9,9,5,0,11,11,5,0,2,4,3,11,2,8,4,11,6,4,8,9,10,2,3,4,0,9,8,7,3,2,8,0,4,4,2,5,5,11,10,4,9,10,3,11,0,11,2,7,2,3,6,8,0,11,3,8,2,5,2,0,4,6,8,0,4,2,9,3,4,2,0,5,2,2,9,0,7,2,5,9,3,8,3,9,5,2,4,8,10,8,8,3,9,9,4,9,11,3,8,9,2,5,9,8,5,3,5,3,11,3,4,5,9,10,0,5,9,2,11,2,2,0,11,3,4,8,6,8,2,3
9,4,7,2,3,9,5,5,10,11,9,10,3,2,9,7,5,10,0,6,10,10,6,2,0,0,6,2,3,5,4,0,3,9,5,0,7,5,9,10,11,3,4,5,2,10,9,8,4,3,9,2,5,5,3,6,6,0,11,5,10,11,4,0,2,0,3,8,3,4,7,9,2,0,4,9,3,6,3,2,5,7,9,2,5,3,10,4,5,3,2,6,3,3,10,2,8,3,6,10,4,9,4,10,6,3,5,9,11,9,9,4,10,10,5,10,0,4,9,10,3,6,10,9,6,4,6,4,0,4,5,6,10,11,2,6,10,3,0,3,3,2,0,4,5,9,7,9,3,4
10,5,8,3,4,10,6,6,11,0,10,11,4,3,10,8,6,11,2,7,11,11,7,3,2,2,7,3,4,6,5,2,4,10,6,2,8,6,10,11,0,4,5,6,3,11,10,9,5,4,10,3,6,6,4,7,7,2,0,6,11,0,5,2,3,2,4,9,4,5,8,10,3,2,5,10,4,7,4,3,6,8,10,3,6,4,11,5,6,4,3,7,4,4,11,3,9,4,7,11,5,10,5,11,7,4,6,10,0,10,10,5,11,11,6,11,2,5,10,11,4,7,11,10,7,5,7,5,2,5,6,7,11,0,3,7,11,4,2,4,4,3,2,5,6,10,8,10,4,5
11,6,9,4,5,11,7,7,0,2,11,0,5,4,11,9,7,0,3,8,0,0,8,4,3,3,8,4,5,7,6,3,5,11,7,3,9,7,11,0,2,5,6,7,4,0,11,10,6,5,11,4,7,7,5,8,8,3,2,7,0,2,6,3,4,3,5,10,5,6,9,11,4,3,6,11,5,8,5,4,7,9,11,4,7,5,0,6,7,5,4,8,5,5,0,4,10,5,8,0,6,11,6,0,8,5,7,11,2,11,11,6,0,0,7,0,3,6,11,0,5,8,0,11,8,6,8,6,3,6,7,8,0,2,4,8,0,5,3,5,5,4,3,6,7,11,9,11,5,6
0,7,10,5,6,0,8,8,2,3,0,2,6,5,0,10,8,2,4,9,2,2,9,5,4,4,9,5,6,8,7,4,6,0,8,4,10,8,0,2,3,6,7,8,5,2,0,11,7,6,0,5,8,8,6,9,9,4,3,8,2,3,7,4,5,4,6,11,6,7,10,0,5,4,7,0,6,9,6,5,8,10,0,5,8,6,2,7,8,6,5,9,6,6,2,5,11,6,9,2,7,0,7,2,9,6,8,0,3,0,0,7,2,2,8,2,4,7,0,2,6,9,2,0,9,7,9,7,4,7,8,9,2,3,5,9,2,6,4,6,6,5,4,7,8,0,10,0,6,7
2,8,11,6,7,2,9,9,3,4,2,3,7,6,2,11,9,3,5,10,3,3,10,6,5,5,10,6,7,9,8,5,7,2,9,5,11,9,2,3,4,7,8,9,6,3,2,0,8,7,2,6,9,9,7,10,10,5,4,9,3,4,8,5,6,5,7,0,7,8,11,2,6,5,8,2,7,10,7,6,9,11,2,6,9,7,3,8,9,7,6,10,7,7,3,6,0,7,10,3,8,2,8,3,10,7,9,2,4,2,2,8,3,3,9,3,5,8,2,3,7,10,3,2,10,8,10,8,5,8,9,10,3,4,6,10,3,7,5,7,7,6,5,8,9,2,11,2,7,8
3,9,0,7,8,3,10,10,4,5,3,4,8,7,3,0,10,4,6,11,4,4,11,7,6,6,11,7,8,10,9,6,8,3,10,6,0,10,3,4,5,8,9,10,7,4,3,2,9,8,3,7,10,10,8,11,11,6,5,10,4,5,9,6,7,6,8,2,8,9,0,3,7,6,9,3,8,11,8,7,10,0,3,7,10,8,4,9,10,8,7,11,8,8,4,7,2,8,11,4,9,3,9,4,11,8,10,3,5,3,3,9,4,4,10,4,6,9,3,4,8,11,4,3,11,9,11,9,6,9,10,11,4,5,7,11,4,8,6,8,8,7,6,9,10,3,0,3,8,9
4,10,2,8,9,4,11,11,5,6,4,5,9,8,4,2,11,5,7,0,5,5,0,8,7,7,0,8,9,11,10,7,9,4,11,7,2,11,4,5,6,9,10,11,8,5,4,3,10,9,4,8,11,11,9,0,0,7,6,11,5,6,10,7,8,7,9,3,9,10,2,4,8,7,10,4,9,0,9,8,11,2,4,8,11,9,5,10,11,9,8,0,9,9,5,8,3,9,0,5,10,4,10,5,0,9,11,4,6,4,4,10,5,5,11,5,7,10,4,5,9,0,5,4,0,10,0,10,7,10,11,0,5,6,8,0,5,9,7,9,9,8,7,10,11,4,2,4,9,10
5,11,3,9,10,5,0,0,6,7,5,6,10,9,5,3,0,6,8,2,6,6,2,9,8,8,2,9,10,0,11,8,10,5,0,8,3,0,5,6,7,10,11,0,9,6,5,4,11,10,5,9,0,0,10,2,2,8,7,0,6,7,11,8,9,8,10,4,10,11,3,5,9,8,11,5,10,2,10,9,0,3,5,9,0,10,6,11,0,10,9,2,10,10,6,9,4,10,2,6,11,5,11,6,2,10,0,5,7,5,5,11,6,6,0,6,8,11,5,6,10,2,6,5,2,11,2,11,8,11,0,2,6,7,9,2,6,10,8,10,10,9,8,11,0,5,3,5,10,11
6,0,4,10,11,6,2,2,7,8,6,7,11,10,6,4,2,7,9,3,7,7,3,10,9,9,3,10,11,2,0,9,11,6,2,9,4,2,6,7,8,11,0,2,10,7,6,5,0,11,6,10,2,2,11,3,3,9,8,2,7,8,0,9,10,9,11,5,11,0,4,6,10,9,0,6,11,3,11,10,2,4,6,10,2,11,7,0,2,11,10,3,11,11,7,10,5,11,3,7,0,6,0,7,3,11,2,6,8,6,6,0,7,7,2,7,9,0,6,7,11,3,7,6,3,0,3,0,9,0,2,3,7,8,10,3,7,11,9,11,11,10,9,0,2,6,4,6,11,0
7,2,5,11,0,7,3,3,8,9,7,8,0,11,7,5,3,8,10,4,8,8,4,11,10,10,4,11,0,3,2,10,0,7,3,10,5,3,7,8,9,0,2,3,11,8,7,6,2,0,7,11,3,3,0,4,4,10,9,3,8,9,2,10,11,10,0,6,0,2,5,7,11,10,2,7,0,4,0,11,3,5,7,11,3,0,8,2,3,0,11,4,0,0,8,11,6,0,4,8,2,7,2,8,4,0,3,7,9,7,7,2,8,8,3,8,10,2,7,8,0,4,8,7,4,2,4,2,10,2,3,4,8,9,11,4,8,0,10,0,0,11,10,2,3,7,5,7,0,2
8,3,6,0,2,8,4,4,9,10,8,9,2,0,8,6,4,9,11,5,9,9,5,0,11,11,5,0,2,4,3,11,2,8,4,11,6,4,8,9,10,2,3,4,0,9,8,7,3,2,8,0,4,4,2,5,5,11,10,4,9,10,3,11,0,11,2,7,2,3,6,8,0,11,3,8,2,5,2,0,4,6,8,0,4,2,9,3,4,2,0,5,2,2,9,0,7,2,5,9,3,8,3,9,5,2,4,8,10,8,8,3,9,9,4,9,11,3,8,9,2,5,9,8,5,3,5,3,11,3,4,5,9,10,0,5,9,2,11,2,2,0,11,3,4,8,6,8,2,3
9,4,7,2,3,9,5,5,10,11,9,10,3,2,9,7,5,10,0,6,10,10,6,2,0,0,6,2,3,5,4,0,3,9,5,0,7,5,9,10,11,3,4,5,2,10,9,8,4,3,9,2,5,5,3,6,6,0,11,5,10,11,4,0,2,0,3,8,3,4,7,9,2,0,4,9,3,6,3,2,5,7,9,2,5,3,10,4,5,3,2,6,3,3,10,2,8,3,6,10,4,9,4,10,6,3,5,9,11,9,9,4,10,10,5,10,0,4,9,10,3,6,10,9,6,4,6,4,0,4,5,6,10,11,2,6,10,3,0,3,3,2,0,4,5,9,7,9,3,4
10,5,8,3,4,10,6,6,11,0,10,11,4,3,10,8,6,11,2,7,11,11,7,3,2,2,7,3,4,6,5,2,4,10,6,2,8,6,10,11,0,4,5,6,3,11,10,9,5,4,10,3,6,6,4,7,7,2,0,6,11,0,5,2,3,2,4,9,4,5,8,10,3,2,5,10,4,7,4,3,6,8,10,3,6,4,11,5,6,4,3,7,4,4,11,3,9,4,7,11,5,10,5,11,7,4,6,10,0,10,10,5,11,11,6,11,2,5,10,11,4,7,11,10,7,5,7,5,2,5,6,7,11,0,3,7,11,4,2,4,4,3,2,5,6,10,8,10,4,5
11,6,9,4,5,11,7,7,0,2,11,0,5,4,11,9,7,0,3,8,0,0,8,4,3,3,8,4,5,7,6,3,5,11,7,3,9,7,11,0,2,5,6,7,4,0,11,10,6,5,11,4,7,7,5,8,8,3,2,7,0,2,6,3,4,3,5,10,5,6,9,11,4,3,6,11,5,8,5,4,7,9,11,4,7,5,0,6,7,5,4,8,5,5,0,4,10,5,8,0,6,11,6,0,8,5,7,11,2,11,11,6,0,0,7,0,3,6,11,0,5,8,0,11,8,6,8,6,3,6,7,8,0,2,4,8,0,5,3,5,5,4,3,6,7,11,9,11,5,6
0,7,10,5,6,0,8,8,2,3,0,2,6,5,0,10,8,2,4,9,2,2,9,5,4,4,9,5,6,8,7,4,6,0,8,4,10,8,0,2,3,6,7,8,5,2,0,11,7,6,0,5,8,8,6,9,9,4,3,8,2,3,7,4,5,4,6,11,6,7,10,0,5,4,7,0,6,9,6,5,8,10,0,5,8,6,2,7,8,6,5,9,6,6,2,5,11,6,9,2,7,0,7,2,9,6,8,0,3,0,0,7,2,2,8,2,4,7,0,2,6,9,2,0,9,7,9,7,4,7,8,9,2,3,5,9,2,6,4,6,6,5,4,7,8,0,10,0,6,7
2,8,11,6,7,2,9,9,3,4,2,3,7,6,2,11,9,3,5,10,3,3,10,6,5,5,10,6,7,9,8,5,7,2,9,5,11,9,2,3,4,7,8,9,6,3,2,0,8,7,2,6,9,9,7,10,10,5,4,9,3,4,8,5,6,5,7,0,7,8,11,2,6,5,8,2,7,10,7,6,9,11,2,6,9,7,3,8,9,7,6,10,7,7,3,6,0,7,10,3,8,2,8,3,10,7,9,2,4,2,2,8,3,3,9,3,5,8,2,3,7,10,3,2,10,8,10,8,5,8,9,10,3,4,6,10,3,7,5,7,7,6,5,8,9,2,11,2,7,8
3,9,0,7,8,3,10,10,4,5,3,4,8,7,3,0,10,4,6,11,4,4,11,7,6,6,11,7,8,10,9,6,8,3,10,6,0,10,3,4,5,8,9,10,7,4,3,2,9,8,3,7,10,10,8,11,11,6,5,10,4,5,9,6,7,6,8,2,8,9,0,3,7,6,9,3,8,11,8,7,10,0,3,7,10,8,4,9,10,8,7,11,8,8,4,7,2,8,11,4,9,3,9,4,11,8,10,3,5,3,3,9,4,4,10,4,6,9,3,4,8,11,4,3,11,9,11,9,6,9,10,11,4,5,7,11,4,8,6,8,8,7,6,9,10,3,0,3,8,9
4,10,2,8,9,4,11,11,5,6,4,5,9,8,4,2,11,5,7,0,5,5,0,8,7,7,0,8,9,11,10,7,9,4,11,7,2,11,4,5,6,9,10,11,8,5,4,3,10,9,4,8,11,11,9,0,0,7,6,11,5,6,10,7,8,7,9,3,9,10,2,4,8,7,10,4,9,0,9,8,11,2,4,8,11,9,5,10,11,9,8,0,9,9,5,8,3,9,0,5,10,4,10,5,0,9,11,4,6,4,4,10,5,5,11,5,7,10,4,5,9,0,5,4,0,10,0,10,7,10,11,0,5,6,8,0,5,9,7,9,9,8,7,10,11,4,2,4,9,10
5,11,3,9,10,5,0,0,6,7,5,6,10,9,5,3,0,6,8,2,6,6,2,9,8,8,2,9,10,0,11,8,10,5,0,8,3,0,5,6,7,10,11,0,9,6,5,4,11,10,5,9,0,0,10,2,2,8,7,0,6,7,11,8,9,8,10,4,10,11,3,5,9,8,11,5,10,2,10,9,0,3,5,9,0,10,6,11,0,10,9,2,10,10,6,9,4,10,2,6,11,5,11,6,2,10,0,5,7,5,5,11,6,6,0,6,8,11,5,6,10,2,6,5,2,11,2,11,8,11,0,2,6,7,9,2,6,10,8,10,10,9,8,11,0,5,3,5,10,11
6,0,4,10,11,6,2,2,7,8,6,7,11,10,6,4,2,7,9,3,7,7,3,10,9,9,3,10,11,2,0,9,11,6,2,9,4,2,6,7,8,11,0,2,10,7,6,5,0,11,6,10,2,2,11,3,3,9,8,2,7,8,0,9,10,9,11,5,11,0,4,6,10,9,0,6,11,3,11,10,2,4,6,10,2,11,7,0,2,11,10,3,11,11,7,10,5,11,3,7,0,6,0,7,3,11,2,6,8,6,6,0,7,7,2,7,9,0,6,7,11,3,7,6,3,0,3,0,9,0,2,3,7,8,10,3,7,11,9,11,11,10,9,0,2,6,4,6,11,0
7,2,5,11,0,7,3,3,8,9,7,8,0,11,7,5,3,8,10,4,8,8,4,11,10,10,4,11,0,3,2,10,0,7,3,10,5,3,7,8,9,0,2,3,11,8,7,6,2,0,7,11,3,3,0,4,4,10,9,3,8,9,2,10,11,10,0,6,0,2,5,7,11,10,2,7,0,4,0,11,3,5,7,11,3,0,8,2,3,0,11,4,0,0,8,11,6,0,4,8,2,7,2,8,4,0,3,7,9,7,7,2,8,8,3,8,10,2,7,8,0,4,8,7,4,2,4,2,10,2,3,4,8,9,11,4,8,0,10,0,0,11,10,2,3,7,5,7,0,2
8,3,6,0,2,8,4,4,9,10,8,9,2,0,8,6,4,9,11,5,9,9,5,0,11,11,5,0,2,4,3,11,2,8,4,11,6,4,8,9,10,2,3,4,0,9,8,7,3,2,8,0,4,4,2,5,5,11,10,4,9,10,3,11,0,11,2,7,2,3,6,8,0,11,3,8,2,5,2,0,4,6,8,0,4,2,9,3,4,2,0,5,2,2,9,0,7,2,5,9,3,8,3,9,5,2,4,8,10,8,8,3,9,9,4,9,11,3,8,9,2,5,9,8,5,3,5,3,11,3,4,5,9,10,0,5,9,2,11,2,2,0,11,3,4,8,6,8,2,3
9,4,7,2,3,9,5,5,10,11,9,10,3,2,9,7,5,10,0,6,10,10,6,2,0,0,6,2,3,5,4,0,3,9,5,0,7,5,9,10,11,3,4,5,2,10,9,8,4,3,9,2,5,5,3,6,6,0,11,5,10,11,4,0,2,0,3,8,3,4,7,9,2,0,4,9,3,6,3,2,5,7,9,2,5,3,10,4,5,3,2,6,3,3,10,2,8,3,6,10,4,9,4,10,6,3,5,9,11,9,9,4,10,10,5,10,0,4,9,10,3,6,10,9,6,4,6,4,0,4,5,6,10,11,2,6,10,3,0,3,3,2,0,4,5,9,7,9,3,4
10,5,8,3,4,10,6,6,11,0,10,11,4,3,10,8,6,11,2,7,11,11,7,3,2,2,7,3,4,6,5,2,4,10,6,2,8,6,10,11,0,4,5,6,3,11,10,9,5,4,10,3,6,6,4,7,7,2,0,6,11,0,5,2,3,2,4,9,4,5,8,10,3,2,5,10,4,7,4,3,6,8,10,3,6,4,11,5,6,4,3,7,4,4,11,3,9,4,7,11,5,10,5,11,7,4,6,10,0,10,10,5,11,11,6,11,2,5,10,11,4,7,11,10,7,5,7,5,2,5,6,7,11,0,3,7,11,4,2,4,4,3,2,5,6,10,8,10,4,5
11,6,9,4,5,11,7,7,0,2,11,0,5,4,11,9,7,0,3,8,0,0,8,4,3,3,8,4,5,7,6,3,5,11,7,3,9,7,11,0,2,5,6,7,4,0,11,10,6,5,11,4,7,7,5,8,8,3,2,7,0,2,6,3,4,3,5,10,5,6,9,11,4,3,6,11,5,8,5,4,7,9,11,4,7,5,0,6,7,5,4,8,5,5,0,4,10,5,8,0,6,11,6,0,8,5,7,11,2,11,11,6,0,0,7,0,3,6,11,0,5,8,0,11,8,6,8,6,3,6,7,8,0,2,4,8,0,5,3,5,5,4,3,6,7,11,9,11,5,6
0,7,10,5,6,0,8,8,2,3,0,2,6,5,0,10,8,2,4,9,2,2,9,5,4,4,9,5,6,8,7,4,6,0,8,4,10,8,0,2,3,6,7,8,5,2,0,11,7,6,0,5,8,8,6,9,9,4,3,8,2,3,7,4,5,4,6,11,6,7,10,0,5,4,7,0,6,9,6,5,8,10,0,5,8,6,2,7,8,6,5,9,6,6,2,5,11,6,9,2,7,0,7,2,9,6,8,0,3,0,0,7,2,2,8,2,4,7,0,2,6,9,2,0,9,7,9,7,4,7,8,9,2,3,5,9,2,6,4,6,6,5,4,7,8,0,10,0,6,7
2,8,11,6,7,2,9,9,3,4,2,3,7,6,2,11,9,3,5,10,3,3,10,6,5,5,10,6,7,9,8,5,7,2,9,5,11,9,2,3,4,7,8,9,6,3,2,0,8,7,2,6,9,9,7,10,10,5,4,9,3,4,8,5,6,5,7,0,7,8,11,2,6,5,8,2,7,10,7,6,9,11,2,6,9,7,3,8,9,7,6,10,7,7,3,6,0,7,10,3,8,2,8,3,10,7,9,2,4,2,2,8,3,3,9,3,5,8,2,3,7,10,3,2,10,8,10,8,5,8,9,10,3,4,6,10,3,7,5,7,7,6,5,8,9,2,11,2,7,8
3,9,0,7,8,3,10,10,4,5,3,4,8,7,3,0,10,4,6,11,4,4,11,7,6,6,11,7,8,10,9,6,8,3,10,6,0,10,3,4,5,8,9,10,7,4,3,2,9,8,3,7,10,10,8,11,11,6,5,10,4,5,9,6,7,6,8,2,8,9,0,3,7,6,9,3,8,11,8,7,10,0,3,7,10,8,4,9,10,8,7,11,8,8,4,7,2,8,11,4,9,3,9,4,11,8,10,3,5,3,3,9,4,4,10,4,6,9,3,4,8,11,4,3,11,9,11,9,6,9,10,11,4,5,7,11,4,8,6,8,8,7,6,9,10,3,0,3,8,9
4,10,2,8,9,4,11,11,5,6,4,5,9,8,4,2,11,5,7,0,5,5,0,8,7,7,0,8,9,11,10,7,9,4,11,7,2,11,4,5,6,9,10,11,8,5,4,3,10,9,4,8,11,11,9,0,0,7,6,11,5,6,10,7,8,7,9,3,9,10,2,4,8,7,10,4,9,0,9,8,11,2,4,8,11,9,5,10,11,9,8,0,9,9,5,8,3,9,0,5,10,4,10,5,0,9,11,4,6,4,4,10,5,5,11,5,7,10,4,5,9,0,5,4,0,10,0,10,7,10,11,0,5,6,8,0,5,9,7,9,9,8,7,10,11,4,2,4,9,10
5,11,3,9,10,5,0,0,6,7,5,6,10,9,5,3,0,6,8,2,6,6,2,9,8,8,2,9,10,0,11,8,10,5,0,8,3,0,5,6,7,10,11,0,9,6,5,4,11,10,5,9,0,0,10,2,2,8,7,0,6,7,11,8,9,8,10,4,10,11,3,5,9,8,11,5,10,2,10,9,0,3,5,9,0,10,6,11,0,10,9,2,10,10,6,9,4,10,2,6,11,5,11,6,2,10,0,5,7,5,5,11,6,6,0,6,8,11,5,6,10,2,6,5,2,11,2,11,8,11,0,2,6,7,9,2,6,10,8,10,10,9,8,11,0,5,3,5,10,11
6,0,4,10,11,6,2,2,7,8,6,7,11,10,6,4,2,7,9,3,7,7,3,10,9,9,3,10,11,2,0,9,11,6,2,9,4,2,6,7,8,11,0,2,10,7,6,5,0,11,6,10,2,2,11,3,3,9,8,2,7,8,0,9,10,9,11,5,11,0,4,6,10,9,0,6,11,3,11,10,2,4,6,10,2,11,7,0,2,11,10,3,11,11,7,10,5,11,3,7,0,6,0,7,3,11,2,6,8,6,6,0,7,7,2,7,9,0,6,7,11,3,7,6,3,0,3,0,9,0,2,3,7,8,10,3,7,11,9,11,11,10,9,0,2,6,4,6,11,0
7,2,5,11,0,7,3,3,8,9,7,8,0,11,7,5,3,8,10,4,8,8,4,11,10,10,4,11,0,3,2,10,0,7,3,10,5,3,7,8,9,0,2,3,11,8,7,6,2,0,7,11,3,3,0,4,4,10,9,3,8,9,2,10,11,10,0,6,0,2,5,7,11,10,2,7,0,4,0,11,3,5,7,11,3,0,8,2,3,0,11,4,0,0,8,11,6,0,4,8,2,7,2,8,4,0,3,7,9,7,7,2,8,8,3,8,10,2,7,8,0,4,8,7,4,2,4,2,10,2,3,4,8,9,11,4,8,0,10,0,0,11,10,2,3,7,5,7,0,2
8,3,6,0,2,8,4,4,9,10,8,9,2,0,8,6,4,9,11,5,9,9,5,0,11,11,5,0,2,4,3,11,2,8,4,11,6,4,8,9,10,2,3,4,0,9,8,7,3,2,8,0,4,4,2,5,5,11,10,4,9,10,3,11,0,11,2,7,2,3,6,8,0,11,3,8,2,5,2,0,4,6,8,0,4,2,9,3,4,2,0,5,2,2,9,0,7,2,5,9,3,8,3,9,5,2,4,8,10,8,8,3,9,9,4,9,11,3,8,9,2,5,9,8,5,3,5,3,11,3,4,5,9,10,0,5,9,2,11,2,2,0,11,3,4,8,6,8,2,3
9,4,7,2,3,9,5,5,10,11,9,10,3,2,9,7,5,10,0,6,10,10,6,2,0,0,6,2,3,5,4,0,3,9,5,0,7,5,9,10,11,3,4,5,2,10,9,8,4,3,9,2,5,5,3,6,6,0,11,5,10,11,4,0,2,0,3,8,3,4,7,9,2,0,4,9,3,6,3,2,5,7,9,2,5,3,10,4,5,3,2,6,3,3,10,2,8,3,6,10,4,9,4,10,6,3,5,9,11,9,9,4,10,10,5,10,0,4,9,10,3,6,10,9,6,4,6,4,0,4,5,6,10,11,2,6,10,3,0,3,3,2,0,4,5,9,7,9,3,4
10,5,8,3,4,10,6,6,11,0,10,11,4,3,10,8,6,11,2,7,11,11,7,3,2,2,7,3,4,6,5,2,4,10,6,2,8,6,10,11,0,4,5,6,3,11,10,9,5,4,10,3,6,6,4,7,7,2,0,6,11,0,5,2,3,2,4,9,4,5,8,10,3,2,5,10,4,7,4,3,6,8,10,3,6,4,11,5,6,4,3,7,4,4,11,3,9,4,7,11,5,10,5,11,7,4,6,10,0,10,10,5,11,11,6,11,2,5,10,11,4,7,11,10,7,5,7,5,2,5,6,7,11,0,3,7,11,4,2,4,4,3,2,5,6,10,8,10,4,5
11,6,9,4,5,11,7,7,0,2,11,0,5,4,11,9,7,0,3,8,0,0,8,4,3,3,8,4,5,7,6,3,5,11,7,3,9,7,11,0,2,5,6,7,4,0,11,10,6,5,11,4,7,7,5,8,8,3,2,7,0,2,6,3,4,3,5,10,5,6,9,11,4,3,6,11,5,8,5,4,7,9,11,4,7,5,0,6,7,5,4,8,5,5,0,4,10,5,8,0,6,11,6,0,8,5,7,11,2,11,11,6,0,0,7,0,3,6,11,0,5,8,0,11,8,6,8,6,3,6,7,8,0,2,4,8,0,5,3,5,5,4,3,6,7,11,9,11,5,6
0,7,10,5,6,0,8,8,2,3,0,2,6,5,0,10,8,2,4,9,2,2,9,5,4,4,9,5,6,8,7,4,6,0,8,4,10,8,0,2,3,6,7,8,5,2,0,11,7,6,0,5,8,8,6,9,9,4,3,8,2,3,7,4,5,4,6,11,6,7,10,0,5,4,7,0,6,9,6,5,8,10,0,5,8,6,2,7,8,6,5,9,6,6,2,5,11,6,9,2,7,0,7,2,9,6,8,0,3,0,0,7,2,2,8,2,4,7,0,2,6,9,2,0,9,7,9,7,4,7,8,9,2,3,5,9,2,6,4,6,6,5,4,7,8,0,10,0,6,7
2,8,11,6,7,2,9,9,3,4,2,3,7,6,2,11,9,3,5,10,3,3,10,6,5,5,10,6,7,9,8,5,7,2,9,5,11,9,2,3,4,7,8,9,6,3,2,0,8,7,2,6,9,9,7,10,10,5,4,9,3,4,8,5,6,5,7,0,7,8,11,2,6,5,8,2,7,10,7,6,9,11,2,6,9,7,3,8,9,7,6,10,7,7,3,6,0,7,10,3,8,2,8,3,10,7,9,2,4,2,2,8,3,3,9,3,5,8,2,3,7,10,3,2,10,8,10,8,5,8,9,10,3,4,6,10,3,7,5,7,7,6,5,8,9,2,11,2,7,8
3,9,0,7,8,3,10,10,4,5,3,4,8,7,3,0,10,4,6,11,4,4,11,7,6,6,11,7,8,10,9,6,8,3,10,6,0,10,3,4,5,8,9,10,7,4,3,2,9,8,3,7,10,10,8,11,11,6,5,10,4,5,9,6,7,6,8,2,8,9,0,3,7,6,9,3,8,11,8,7,10,0,3,7,10,8,4,9,10,8,7,11,8,8,4,7,2,8,11,4,9,3,9,4,11,8,10,3,5,3,3,9,4,4,10,4,6,9,3,4,8,11,4,3,11,9,11,9,6,9,10,11,4,5,7,11,4,8,6,8,8,7,6,9,10,3,0,3,8,9
4,10,2,8,9,4,11,11,5,6,4,5,9,8,4,2,11,5,7,0,5,5,0,8,7,7,0,8,9,11,10,7,9,4,11,7,2,11,4,5,6,9,10,11,8,5,4,3,10,9,4,8,11,11,9,0,0,7,6,11,5,6,10,7,8,7,9,3,9,10,2,4,8,7,10,4,9,0,9,8,11,2,4,8,11,9,5,10,11,9,8,0,9,9,5,8,3,9,0,5,10,4,10,5,0,9,11,4,6,4,4,10,5,5,11,5,7,10,4,5,9,0,5,4,0,10,0,10,7,10,11,0,5,6,8,0,5,9,7,9,9,8,7,10,11,4,2,4,9,10
5,11,3,9,10,5,0,0,6,7,5,6,10,9,5,3,0,6,8,2,6,6,2,9,8,8,2,9,10,0,11,8,10,5,0,8,3,0,5,6,7,10,11,0,9,6,5,4,11,10,5,9,0,0,10,2,2,8,7,0,6,7,11,8,9,8,10,4,10,11,3,5,9,8,11,5,10,2,10,9,0,3,5,9,0,10,6,11,0,10,9,2,10,10,6,9,4,10,2,6,11,5,11,6,2,10,0,5,7,5,5,11,6,6,0,6,8,11,5,6,10,2,6,5,2,11,2,11,8,11,0,2,6,7,9,2,6,10,8,10,10,9,8,11,0,5,3,5,10,11
6,0,4,10,11,6,2,2,7,8,6,7,11,10,6,4,2,7,9,3,7,7,3,10,9,9,3,10,11,2,0,9,11,6,2,9,4,2,6,7,8,11,0,2,10,7,6,5,0,11,6,10,2,2,11,3,3,9,8,2,7,8,0,9,10,9,11,5,11,0,4,6,10,9,0,6,11,3,11,10,2,4,6,10,2,11,7,0,2,11,10,3,11,11,7,10,5,11,3,7,0,6,0,7,3,11,2,6,8,6,6,0,7,7,2,7,9,0,6,7,11,3,7,6,3,0,3,0,9,0,2,3,7,8,10,3,7,11,9,11,11,10,9,0,2,6,4,6,11,0
7,2,5,11,0,7,3,3,8,9,7,8,0,11,7,5,3,8,10,4,8,8,4,11,10,10,4,11,0,3,2,10,0,7,3,10,5,3,7,8,9,0,2,3,11,8,7,6,2,0,7,11,3,3,0,4,4,10,9,3,8,9,2,10,11,10,0,6,0,2,5,7,11,10,2,7,0,4,0,11,3,5,7,11,3,0,8,2,3,0,11,4,0,0,8,11,6,0,4,8,2,7,2,8,4,0,3,7,9,7,7,2,8,8,3,8,10,2,7,8,0,4,8,7,4,2,4,2,10,2,3,4,8,9,11,4,8,0,10,0,0,11,10,2,3,7,5,7,0,2
8,3,6,0,2,8,4,4,9,10,8,9,2,0,8,6,4,9,11,5,9,9,5,0,11,11,5,0,2,4,3,11,2,8,4,11,6,4,8,9,10,2,3,4,0,9,8,7,3,2,8,0,4,4,2,5,5,11,10,4,9,10,3,11,0,11,2,7,2,3,6,8,0,11,3,8,2,5,2,0,4,6,8,0,4,2,9,3,4,2,0,5,2,2,9,0,7,2,5,9,3,8,3,9,5,2,4,8,10,8,8,3,9,9,4,9,11,3,8,9,2,5,9,8,5,3,5,3,11,3,4,5,9,10,0,5,9,2,11,2,2,0,11,3,4,8,6,8,2,3
9,4,7,2,3,9,5,5,10,11,9,10,3,2,9,7,5,10,0,6,10,10,6,2,0,0,6,2,3,5,4,0,3,9,5,0,7,5,9,10,11,3,4,5,2,10,9,8,4,3,9,2,5,5,3,6,6,0,11,5,10,11,4,0,2,0,3,8,3,4,7,9,2,0,4,9,3,6,3,2,5,7,9,2,5,3,10,4,5,3,2,6,3,3,10,2,8,3,6,10,4,9,4,10,6,3,5,9,11,9,9,4,10,10,5,10,0,4,9,10,3,6,10,9,6,4,6,4,0,4,5,6,10,11,2,6,10,3,0,3,3,2,0,4,5,9,7,9,3,4
10,5,8,3,4,10,6,6,11,0,10,11,4,3,10,8,6,11,2,7,11,11,7,3,2,2,7,3,4,6,5,2,4,10,6,2,8,6,10,11,0,4,5,6,3,11,10,9,5,4,10,3,6,6,4,7,7,2,0,6,11,0,5,2,3,2,4,9,4,5,8,10,3,2,5,10,4,7,4,3,6,8,10,3,6,4,11,5,6,4,3,7,4,4,11,3,9,4,7,11,5,10,5,11,7,4,6,10,0,10,10,5,11,11,6,11,2,5,10,11,4,7,11,10,7,5,7,5,2,5,6,7,11,0,3,7,11,4,2,4,4,3,2,5,6,10,8,10,4,5
11,6,9,4,5,11,7,7,0,2,11,0,5,4,11,9,7,0,3,8,0,0,8,4,3,3,8,4,5,7,6,3,5,11,7,3,9,7,11,0,2,5,6,7,4,0,11,10,6,5,11,4,7,7,5,8,8,3,2,7,0,2,6,3,4,3,5,10,5,6,9,11,4,3,6,11,5,8,5,4,7,9,11,4,7,5,0,6,7,5,4,8,5,5,0,4,10,5,8,0,6,11,6,0,8,5,7,11,2,11,11,6,0,0,7,0,3,6,11,0,5,8,0,11,8,6,8,6,3,6,7,8,0,2,4,8,0,5,3,5,5,4,3,6,7,11,9,11,5,6
0,7,10,5,6,0,8,8,2,3,0,2,6,5,0,10,8,2,4,9,2,2,9,5,4,4,9,5,6,8,7,4,6,0,8,4,10,8,0,2,3,6,7,8,5,2,0,11,7,6,0,5,8,8,6,9,9,4,3,8,2,3,7,4,5,4,6,11,6,7,10,0,5,4,7,0,6,9,6,5,8,10,0,5,8,6,2,7,8,6,5,9,6,6,2,5,11,6,9,2,7,0,7,2,9,6,8,0,3,0,0,7,2,2,8,2,4,7,0,2,6,9,2,0,9,7,9,7,4,7,8,9,2,3,5,9,2,6,4,6,6,5,4,7,8,0,10,0,6,7
2,8,11,6,7,2,9,9,3,4,2,3,7,6,2,11,9,3,5,10,3,3,10,6,5,5,10,6,7,9,8,5,7,2,9,5,11,9,2,3,4,7,8,9,6,3,2,0,8,7,2,6,9,9,7,10,10,5,4,9,3,4,8,5,6,5,7,0,7,8,11,2,6,5,8,2,7,10,7,6,9,11,2,6,9,7,3,8,9,7,6,10,7,7,3,6,0,7,10,3,8,2,8,3,10,7,9,2,4,2,2,8,3,3,9,3,5,8,2,3,7,10,3,2,10,8,10,8,5,8,9,10,3,4,6,10,3,7,5,7,7,6,5,8,9,2,11,2,7,8
3,9,0,7,8,3,10,10,4,5,3,4,8,7,3,0,10,4,6,11,4,4,11,7,6,6,11,7,8,10,9,6,8,3,10,6,0,10,3,4,5,8,9,10,7,4,3,2,9,8,3,7,10,10,8,11,11,6,5,10,4,5,9,6,7,6,8,2,8,9,0,3,7,6,9,3,8,11,8,7,10,0,3,7,10,8,4,9,10,8,7,11,8,8,4,7,2,8,11,4,9,3,9,4,11,8,10,3,5,3,3,9,4,4,10,4,6,9,3,4,8,11,4,3,11,9,11,9,6,9,10,11,4,5,7,11,4,8,6,8,8,7,6,9,10,3,0,3,8,9
4,10,2,8,9,4,11,11,5,6,4,5,9,8,4,2,11,5,7,0,5,5,0,8,7,7,0,8,9,11,10,7,9,4,11,7,2,11,4,5,6,9,10,11,8,5,4,3,10,9,4,8,11,11,9,0,0,7,6,11,5,6,10,7,8,7,9,3,9,10,2,4,8,7,10,4,9,0,9,8,11,2,4,8,11,9,5,10,11,9,8,0,9,9,5,8,3,9,0,5,10,4,10,5,0,9,11,4,6,4,4,10,5,5,11,5,7,10,4,5,9,0,5,4,0,10,0,10,7,10,11,0,5,6,8,0,5,9,7,9,9,8,7,10,11,4,2,4,9,10
5,11,3,9,10,5,0,0,6,7,5,6,10,9,5,3,0,6,8,2,6,6,2,9,8,8,2,9,10,0,11,8,10,5,0,8,3,0,5,6,7,10,11,0,9,6,5,4,11,10,5,9,0,0,10,2,2,8,7,0,6,7,11,8,9,8,10,4,10,11,3,5,9,8,11,5,10,2,10,9,0,3,5,9,0,10,6,11,0,10,9,2,10,10,6,9,4,10,2,6,11,5,11,6,2,10,0,5,7,5,5,11,6,6,0,6,8,11,5,6,10,2,6,5,2,11,2,11,8,11,0,2,6,7,9,2,6,10,8,10,10,9,8,11,0,5,3,5,10,11
6,0,4,10,11,6,2,2,7,8,6,7,11,10,6,4,2,7,9,3,7,7,3,10,9,9,3,10,11,2,0,9,11,6,2,9,4,2,6,7,8,11,0,2,10,7,6,5,0,11,6,10,2,2,11,3,3,9,8,2,7,8,0,9,10,9,11,5,11,0,4,6,10,9,0,6,11,3,11,10,2,4,6,10,2,11,7,0,2,11,10,3,11,11,7,10,5,11,3,7,0,6,0,7,3,11,2,6,8,6,6,0,7,7,2,7,9,0,6,7,11,3,7,6,3,0,3,0,9,0,2,3,7,8,10,3,7,11,9,11,11,10,9,0,2,6,4,6,11,0
7,2,5,11,0,7,3,3,8,9,7,8,0,11,7,5,3,8,10,4,8,8,4,11,10,10,4,11,0,3,2,10,0,7,3,10,5,3,7,8,9,0,2,3,11,8,7,6,2,0,7,11,3,3,0,4,4,10,9,3,8,9,2,10,11,10,0,6,0,2,5,7,11,10,2,7,0,4,0,11,3,5,7,11,3,0,8,2,3,0,11,4,0,0,8,11,6,0,4,8,2,7,2,8,4,0,3,7,9,7,7,2,8,8,3,8,10,2,7,8,0,4,8,7,4,2,4,2,10,2,3,4,8,9,11,4,8,0,10,0,0,11,10,2,3,7,5,7,0,2
8,3,6,0,2,8,4,4,9,10,8,9,2,0,8,6,4,9,11,5,9,9,5,0,11,11,5,0,2,4,3,11,2,8,4,11,6,4,8,9,10,2,3,4,0,9,8,7,3,2,8,0,4,4,2,5,5,11,10,4,9,10,3,11,0,11,2,7,2,3,6,8,0,11,3,8,2,5,2,0,4,6,8,0,4,2,9,3,4,2,0,5,2,2,9,0,7,2,5,9,3,8,3,9,5,2,4,8,10,8,8,3,9,9,4,9,11,3,8,9,2,5,9,8,5,3,5,3,11,3,4,5,9,10,0,5,9,2,11,2,2,0,11,3,4,8,6,8,2,3
9,4,7,2,3,9,5,5,10,11,9,10,3,2,9,7,5,10,0,6,10,10,6,2,0,0,6,2,3,5,4,0,3,9,5,0,7,5,9,10,11,3,4,5,2,10,9,8,4,3,9,2,5,5,3,6,6,0,11,5,10,11,4,0,2,0,3,8,3,4,7,9,2,0,4,9,3,6,3,2,5,7,9,2,5,3,10,4,5,3,2,6,3,3,10,2,8,3,6,10,4,9,4,10,6,3,5,9,11,9,9,4,10,10,5,10,0,4,9,10,3,6,10,9,6,4,6,4,0,4,5,6,10,11,2,6,10,3,0,3,3,2,0,4,5,9,7,9,3,4
10,5,8,3,4,10,6,6,11,0,10,11,4,3,10,8,6,11,2,7,11,11,7,3,2,2,7,3,4,6,5,2,4,10,6,2,8,6,10,11,0,4,5,6,3,11,10,9,5,4,10,3,6,6,4,7,7,2,0,6,11,0,5,2,3,2,4,9,4,5,8,10,3,2,5,10,4,7,4,3,6,8,10,3,6,4,11,5,6,4,3,7,4,4,11,3,9,4,7,11,5,10,5,11,7,4,6,10,0,10,10,5,11,11,6,11,2,5,10,11,4,7,11,10,7,5,7,5,2,5,6,7,11,0,3,7,11,4,2,4,4,3,2,5,6,10,8,10,4,5
11,6,9,4,5,11,7,7,0,2,11,0,5,4,11,9,7,0,3,8,0,0,8,4,3,3,8,4,5,7,6,3,5,11,7,3,9,7,11,0,2,5,6,7,4,0,11,10,6,5,11,4,7,7,5,8,8,3,2,7,0,2,6,3,4,3,5,10,5,6,9,11,4,3,6,11,5,8,5,4,7,9,11,4,7,5,0,6,7,5,4,8,5,5,0,4,10,5,8,0,6,11,6,0,8,5,7,11,2,11,11,6,0,0,7,0,3,6,11,0,5,8,0,11,8,6,8,6,3,6,7,8,0,2,4,8,0,5,3,5,5,4,3,6,7,11,9,11,5,6
0,7,10,5,6,0,8,8,2,3,0,2,6,5,0,10,8,2,4,9,2,2,9,5,4,4,9,5,6,8,7,4,6,0,8,4,10,8,0,2,3,6,7,8,5,2,0,11,7,6,0,5,8,8,6,9,9,4,3,8,2,3,7,4,5,4,6,11,6,7,10,0,5,4,7,0,6,9,6,5,8,10,0,5,8,6,2,7,8,6,5,9,6,6,2,5,11,6,9,2,7,0,7,2,9,6,8,0,3,0,0,7,2,2,8,2,4,7,0,2,6,9,2,0,9,7,9,7,4,7,8,9,2,3,5,9,2,6,4,6,6,5,4,7,8,0,10,0,6,7
2,8,11,6,7,2,9,9,3,4,2,3,7,6,2,11,9,3,5,10,3,3,10,6,5,5,10,6,7,9,8,5,7,2,9,5,11,9,2,3,4,7,8,9,6,3,2,0,8,7,2,6,9,9,7,10,10,5,4,9,3,4,8,5,6,5,7,0,7,8,11,2,6,5,8,2,7,10,7,6,9,11,2,6,9,7,3,8,9,7,6,10,7,7,3,6,0,7,10,3,8,2,8,3,10,7,9,2,4,2,2,8,3,3,9,3,5,8,2,3,7,10,3,2,10,8,10,8,5,8,9,10,3,4,6,10,3,7,5,7,7,6,5,8,9,2,11,2,7,8
3,9,0,7,8,3,10,10,4,5,3,4,8,7,3,0,10,4,6,11,4,4,11,7,6,6,11,7,8,10,9,6,8,3,10,6,0,10,3,4,5,8,9,10,7,4,3,2,9,8,3,7,10,10,8,11,11,6,5,10,4,5,9,6,7,6,8,2,8,9,0,3,7,6,9,3,8,11,8,7,10,0,3,7,10,8,4,9,10,8,7,11,8,8,4,7,2,8,11,4,9,3,9,4,11,8,10,3,5,3,3,9,4,4,10,4,6,9,3,4,8,11,4,3,11,9,11,9,6,9,10,11,4,5,7,11,4,8,6,8,8,7,6,9,10,3,0,3,8,9
4,10,2,8,9,4,11,11,5,6,4,5,9,8,4,2,11,5,7,0,5,5,0,8,7,7,0,8,9,11,10,7,9,4,11,7,2,11,4,5,6,9,10,11,8,5,4,3,10,9,4,8,11,11,9,0,0,7,6,11,5,6,10,7,8,7,9,3,9,10,2,4,8,7,10,4,9,0,9,8,11,2,4,8,11,9,5,10,11,9,8,0,9,9,5,8,3,9,0,5,10,4,10,5,0,9,11,4,6,4,4,10,5,5,11,5,7,10,4,5,9,0,5,4,0,10,0,10,7,10,11,0,5,6,8,0,5,9,7,9,9,8,7,10,11,4,2,4,9,10
5,11,3,9,10,5,0,0,6,7,5,6,10,9,5,3,0,6,8,2,6,6,2,9,8,8,2,9,10,0,11,8,10,5,0,8,3,0,5,6,7,10,11,0,9,6,5,4,11,10,5,9,0,0,10,2,2,8,7,0,6,7,11,8,9,8,10,4,10,11,3,5,9,8,11,5,10,2,10,9,0,3,5,9,0,10,6,11,0,10,9,2,10,10,6,9,4,10,2,6,11,5,11,6,2,10,0,5,7,5,5,11,6,6,0,6,8,11,5,6,10,2,6,5,2,11,2,11,8,11,0,2,6,7,9,2,6,10,8,10,10,9,8,11,0,5,3,5,10,11
6,0,4,10,11,6,2,2,7,8,6,7,11,10,6,4,2,7,9,3,7,7,3,10,9,9,3,10,11,2,0,9,11,6,2,9,4,2,6,7,8,11,0,2,10,7,6,5,0,11,6,10,2,2,11,3,3,9,8,2,7,8,0,9,10,9,11,5,11,0,4,6,10,9,0,6,11,3,11,10,2,4,6,10,2,11,7,0,2,11,10,3,11,11,7,10,5,11,3,7,0,6,0,7,3,11,2,6,8,6,6,0,7,7,2,7,9,0,6,7,11,3,7,6,3,0,3,0,9,0,2,3,7,8,10,3,7,11,9,11,11,10,9,0,2,6,4,6,11,0
7,2,5,11,0,7,3,3,8,9,7,8,0,11,7,5,3,8,10,4,8,8,4,11,10,10,4,11,0,3,2,10,0,7,3,10,5,3,7,8,9,0,2,3,11,8,7,6,2,0,7,11,3,3,0,4,4,10,9,3,8,9,2,10,11,10,0,6,0,2,5,7,11,10,2,7,0,4,0,11,3,5,7,11,3,0,8,2,3,0,11,4,0,0,8,11,6,0,4,8,2,7,2,8,4,0,3,7,9,7,7,2,8,8,3,8,10,2,7,8,0,4,8,7,4,2,4,2,10,2,3,4,8,9,11,4,8,0,10,0,0,11,10,2,3,7,5,7,0,2
8,3,6,0,2,8,4,4,9,10,8,9,2,0,8,6,4,9,11,5,9,9,5,0,11,11,5,0,2,4,3,11,2,8,4,11,6,4,8,9,10,2,3,4,0,9,8,7,3,2,8,0,4,4,2,5,5,11,10,4,9,10,3,11,0,11,2,7,2,3,6,8,0,11,3,8,2,5,2,0,4,6,8,0,4,2,9,3,4,2,0,5,2,2,9,0,7,2,5,9,3,8,3,9,5,2,4,8,10,8,8,3,9,9,4,9,11,3,8,9,2,5,9,8,5,3,5,3,11,3,4,5,9,10,0,5,9,2,11,2,2,0,11,3,4,8,6,8,2,3
9,4,7,2,3,9,5,5,10,11,9,10,3,2,9,7,5,10,0,6,10,10,6,2,0,0,6,2,3,5,4,0,3,9,5,0,7,5,9,10,11,3,4,5,2,10,9,8,4,3,9,2,5,5,3,6,6,0,11,5,10,11,4,0,2,0,3,8,3,4,7,9,2,0,4,9,3,6,3,2,5,7,9,2,5,3,10,4,5,3,2,6,3,3,10,2,8,3,6,10,4,9,4,10,6,3,5,9,11,9,9,4,10,10,5,10,0,4,9,10,3,6,10,9,6,4,6,4,0,4,5,6,10,11,2,6,10,3,0,3,3,2,0,4,5,9,7,9,3,4
10,5,8,3,4,10,6,6,11,0,10,11,4,3,10,8,6,11,2,7,11,11,7,3,2,2,7,3,4,6,5,2,4,10,6,2,8,6,10,11,0,4,5,6,3,11,10,9,5,4,10,3,6,6,4,7,7,2,0,6,11,0,5,2,3,2,4,9,4,5,8,10,3,2,5,10,4,7,4,3,6,8,10,3,6,4,11,5,6,4,3,7,4,4,11,3,9,4,7,11,5,10,5,11,7,4,6,10,0,10,10,5,11,11,6,11,2,5,10,11,4,7,11,10,7,5,7,5,2,5,6,7,11,0,3,7,11,4,2,4,4,3,2,5,6,10,8,10,4,5
11,6,9,4,5,11,7,7,0,2,11,0,5,4,11,9,7,0,3,8,0,0,8,4,3,3,8,4,5,7,6,3,5,11,7,3,9,7,11,0,2,5,6,7,4,0,11,10,6,5,11,4,7,7,5,8,8,3,2,7,0,2,6,3,4,3,5,10,5,6,9,11,4,3,6,11,5,8,5,4,7,9,11,4,7,5,0,6,7,5,4,8,5,5,0,4,10,5,8,0,6,11,6,0,8,5,7,11,2,11,11,6,0,0,7,0,3,6,11,0,5,8,0,11,8,6,8,6,3,6,7,8,0,2,4,8,0,5,3,5,5,4,3,6,7,11,9,11,5,6
0,7,10,5,6,0,8,8,2,3,0,2,6,5,0,10,8,2,4,9,2,2,9,5,4,4,9,5,6,8,7,4,6,0,8,4,10,8,0,2,3,6,7,8,5,2,0,11,7,6,0,5,8,8,6,9,9,4,3,8,2,3,7,4,5,4,6,11,6,7,10,0,5,4,7,0,6,9,6,5,8,10,0,5,8,6,2,7,8,6,5,9,6,6,2,5,11,6,9,2,7,0,7,2,9,6,8,0,3,0,0,7,2,2,8,2,4,7,0,2,6,9,2,0,9,7,9,7,4,7,8,9,2,3,5,9,2,6,4,6,6,5,4,7,8,0,10,0,6,7
2,8,11,6,7,2,9,9,3,4,2,3,7,6,2,11,9,3,5,10,3,3,10,6,5,5,10,6,7,9,8,5,7,2,9,5,11,9,2,3,4,7,8,9,6,3,2,0,8,7,2,6,9,9,7,10,10,5,4,9,3,4,8,5,6,5,7,0,7,8,11,2,6,5,8,2,7,10,7,6,9,11,2,6,9,7,3,8,9,7,6,10,7,7,3,6,0,7,10,3,8,2,8,3,10,7,9,2,4,2,2,8,3,3,9,3,5,8,2,3,7,10,3,2,10,8,10,8,5,8,9,10,3,4,6,10,3,7,5,7,7,6,5,8,9,2,11,2,7,8
3,9,0,7,8,3,10,10,4,5,3,4,8,7,3,0,10,4,6,11,4,4,11,7,6,6,11,7,8,10,9,6,8,3,10,6,0,10,3,4,5,8,9,10,7,4,3,2,9,8,3,7,10,10,8,11,11,6,5,10,4,5,9,6,7,6,8,2,8,9,0,3,7,6,9,3,8,11,8,7,10,0,3,7,10,8,4,9,10,8,7,11,8,8,4,7,2,8,11,4,9,3,9,4,11,8,10,3,5,3,3,9,4,4,10,4,6,9,3,4,8,11,4,3,11,9,11,9,6,9,10,11,4,5,7,11,4,8,6,8,8,7,6,9,10,3,0,3,8,9
4,10,2,8,9,4,11,11,5,6,4,5,9,8,4,2,11,5,7,0,5,5,0,8,7,7,0,8,9,11,10,7,9,4,11,7,2,11,4,5,6,9,10,11,8,5,4,3,10,9,4,8,11,11,9,0,0,7,6,11,5,6,10,7,8,7,9,3,9,10,2,4,8,7,10,4,9,0,9,8,11,2,4,8,11,9,5,10,11,9,8,0,9,9,5,8,3,9,0,5,10,4,10,5,0,9,11,4,6,4,4,10,5,5,11,5,7,10,4,5,9,0,5,4,0,10,0,10,7,10,11,0,5,6,8,0,5,9,7,9,9,8,7,10,11,4,2,4,9,10
5,11,3,9,10,5,0,0,6,7,5,6,10,9,5,3,0,6,8,2,6,6,2,9,8,8,2,9,10,0,11,8,10,5,0,8,3,0,5,6,7,10,11,0,9,6,5,4,11,10,5,9,0,0,10,2,2,8,7,0,6,7,11,8,9,8,10,4,10,11,3,5,9,8,11,5,10,2,10,9,0,3,5,9,0,10,6,11,0,10,9,2,10,10,6,9,4,10,2,6,11,5,11,6,2,10,0,5,7,5,5,11,6,6,0,6,8,11,5,6,10,2,6,5,2,11,2,11,8,11,0,2,6,7,9,2,6,10,8,10,10,9,8,11,0,5,3,5,10,11
6,0,4,10,11,6,2,2,7,8,6,7,11,10,6,4,2,7,9,3,7,7,3,10,9,9,3,10,11,2,0,9,11,6,2,9,4,2,6,7,8,11,0,2,10,7,6,5,0,11,6,10,2,2,11,3,3,9,8,2,7,8,0,9,10,9,11,5,11,0,4,6,10,9,0,6,11,3,11,10,2,4,6,10,2,11,7,0,2,11,10,3,11,11,7,10,5,11,3,7,0,6,0,7,3,11,2,6,8,6,6,0,7,7,2,7,9,0,6,7,11,3,7,6,3,0,3,0,9,0,2,3,7,8,10,3,7,11,9,11,11,10,9,0,2,6,4,6,11,0
7,2,5,11,0,7,3,3,8,9,7,8,0,11,7,5,3,8,10,4,8,8,4,11,10,10,4,11,0,3,2,10,0,7,3,10,5,3,7,8,9,0,2,3,11,8,7,6,2,0,7,11,3,3,0,4,4,10,9,3,8,9,2,10,11,10,0,6,0,2,5,7,11,10,2,7,0,4,0,11,3,5,7,11,3,0,8,2,3,0,11,4,0,0,8,11,6,0,4,8,2,7,2,8,4,0,3,7,9,7,7,2,8,8,3,8,10,2,7,8,0,4,8,7,4,2,4,2,10,2,3,4,8,9,11,4,8,0,10,0,0,11,10,2,3,7,5,7,0,2
8,3,6,0,2,8,4,4,9,10,8,9,2,0,8,6,4,9,11,5,9,9,5,0,11,11,5,0,2,4,3,11,2,8,4,11,6,4,8,9,10,2,3,4,0,9,8,7,3,2,8,0,4,4,2,5,5,11,10,4,9,10,3,11,0,11,2,7,2,3,6,8,0,11,3,8,2,5,2,0,4,6,8,0,4,2,9,3,4,2,0,5,2,2,9,0,7,2,5,9,3,8,3,9,5,2,4,8,10,8,8,3,9,9,4,9,11,3,8,9,2,5,9,8,5,3,5,3,11,3,4,5,9,10,0,5,9,2,11,2,2,0,11,3,4,8,6,8,2,3
9,4,7,2,3,9,5,5,10,11,9,10,3,2,9,7,5,10,0,6,10,10,6,2,0,0,6,2,3,5,4,0,3,9,5,0,7,5,9,10,11,3,4,5,2,10,9,8,4,3,9,2,5,5,3,6,6,0,11,5,10,11,4,0,2,0,3,8,3,4,7,9,2,0,4,9,3,6,3,2,5,7,9,2,5,3,10,4,5,3,2,6,3,3,10,2,8,3,6,10,4,9,4,10,6,3,5,9,11,9,9,4,10,10,5,10,0,4,9,10,3,6,10,9,6,4,6,4,0,4,5,6,10,11,2,6,10,3,0,3,3,2,0,4,5,9,7,9,3,4
10,5,8,3,4,10,6,6,11,0,10,11,4,3,10,8,6,11,2,7,11,11,7,3,2,2,7,3,4,6,5,2,4,10,6,2,8,6,10,11,0,4,5,6,3,11,10,9,5,4,10,3,6,6,4,7,7,2,0,6,11,0,5,2,3,2,4,9,4,5,8,10,3,2,5,10,4,7,4,3,6,8,10,3,6,4,11,5,6,4,3,7,4,4,11,3,9,4,7,11,5,10,5,11,7,4,6,10,0,10,10,5,11,11,6,11,2,5,10,11,4,7,11,10,7,5,7,5,2,5,6,7,11,0,3,7,11,4,2,4,4,3,2,5,6,10,8,10,4,5
11,6,9,4,5,11,7,7,0,2,11,0,5,4,11,9,7,0,3,8,0,0,8,4,3,3,8,4,5,7,6,3,5,11,7,3,9,7,11,0,2,5,6,7,4,0,11,10,6,5,11,4,7,7,5,8,8,3,2,7,0,2,6,3,4,3,5,10,5,6,9,11,4,3,6,11,5,8,5,4,7,9,11,4,7,5,0,6,7,5,4,8,5,5,0,4,10,5,8,0,6,11,6,0,8,5,7,11,2,11,11,6,0,0,7,0,3,6,11,0,5,8,0,11,8,6,8,6,3,6,7,8,0,2,4,8,0,5,3,5,5,4,3,6,7,11,9,11,5,6
0,7,10,5,6,0,8,8,2,3,0,2,6,5,0,10,8,2,4,9,2,2,9,5,4,4,9,5,6,8,7,4,6,0,8,4,10,8,0,2,3,6,7,8,5,2,0,11,7,6,0,5,8,8,6,9,9,4,3,8,2,3,7,4,5,4,6,11,6,7,10,0,5,4,7,0,6,9,6,5,8,10,0,5,8,6,2,7,8,6,5,9,6,6,2,5,11,6,9,2,7,0,7,2,9,6,8,0,3,0,0,7,2,2,8,2,4,7,0,2,6,9,2,0,9,7,9,7,4,7,8,9,2,3,5,9,2,6,4,6,6,5,4,7,8,0,10,0,6,7
2,8,11,6,7,2,9,9,3,4,2,3,7,6,2,11,9,3,5,10,3,3,10,6,5,5,10,6,7,9,8,5,7,2,9,5,11,9,2,3,4,7,8,9,6,3,2,0,8,7,2,6,9,9,7,10,10,5,4,9,3,4,8,5,6,5,7,0,7,8,11,2,6,5,8,2,7,10,7,6,9,11,2,6,9,7,3,8,9,7,6,10,7,7,3,6,0,7,10,3,8,2,8,3,10,7,9,2,4,2,2,8,3,3,9,3,5,8,2,3,7,10,3,2,10,8,10,8,5,8,9,10,3,4,6,10,3,7,5,7,7,6,5,8,9,2,11,2,7,8
3,9,0,7,8,3,10,10,4,5,3,4,8,7,3,0,10,4,6,11,4,4,11,7,6,6,11,7,8,10,9,6,8,3,10,6,0,10,3,4,5,8,9,10,7,4,3,2,9,8,3,7,10,10,8,11,11,6,5,10,4,5,9,6,7,6,8,2,8,9,0,3,7,6,9,3,8,11,8,7,10,0,3,7,10,8,4,9,10,8,7,11,8,8,4,7,2,8,11,4,9,3,9,4,11,8,10,3,5,3,3,9,4,4,10,4,6,9,3,4,8,11,4,3,11,9,11,9,6,9,10,11,4,5,7,11,4,8,6,8,8,7,6,9,10,3,0,3,8,9
4,10,2,8,9,4,11,11,5,6,4,5,9,8,4,2,11,5,7,0,5,5,0,8,7,7,0,8,9,11,10,7,9,4,11,7,2,11,4,5,6,9,10,11,8,5,4,3,10,9,4,8,11,11,9,0,0,7,6,11,5,6,10,7,8,7,9,3,9,10,2,4,8,7,10,4,9,0,9,8,11,2,4,8,11,9,5,10,11,9,8,0,9,9,5,8,3,9,0,5,10,4,10,5,0,9,11,4,6,4,4,10,5,5,11,5,7,10,4,5,9,0,5,4,0,10,0,10,7,10,11,0,5,6,8,0,5,9,7,9,9,8,7,10,11,4,2,4,9,10
5,11,3,9,10,5,0,0,6,7,5,6,10,9,5,3,0,6,8,2,6,6,2,9,8,8,2,9,10,0,11,8,10,5,0,8,3,0,5,6,7,10,11,0,9,6,5,4,11,10,5,9,0,0,10,2,2,8,7,0,6,7,11,8,9,8,10,4,10,11,3,5,9,8,11,5,10,2,10,9,0,3,5,9,0,10,6,11,0,10,9,2,10,10,6,9,4,10,2,6,11,5,11,6,2,10,0,5,7,5,5,11,6,6,0,6,8,11,5,6,10,2,6,5,2,11,2,11,8,11,0,2,6,7,9,2,6,10,8,10,10,9,8,11,0,5,3,5,10,11
6,0,4,10,11,6,2,2,7,8,6,7,11,10,6,4,2,7,9,3,7,7,3,10,9,9,3,10,11,2,0,9,11,6,2,9,4,2,6,7,8,11,0,2,10,7,6,5,0,11,6,10,2,2,11,3,3,9,8,2,7,8,0,9,10,9,11,5,11,0,4,6,10,9,0,6,11,3,11,10,2,4,6,10,2,11,7,0,2,11,10,3,11,11,7,10,5,11,3,7,0,6,0,7,3,11,2,6,8,6,6,0,7,7,2,7,9,0,6,7,11,3,7,6,3,0,3,0,9,0,2,3,7,8,10,3,7,11,9,11,11,10,9,0,2,6,4,6,11,0
7,2,5,11,0,7,3,3,8,9,7,8,0,11,7,5,3,8,10,4,8,8,4,11,10,10,4,11,0,3,2,10,0,7,3,10,5,3,7,8,9,0,2,3,11,8,7,6,2,0,7,11,3,3,0,4,4,10,9,3,8,9,2,10,11,10,0,6,0,2,5,7,11,10,2,7,0,4,0,11,3,5,7,11,3,0,8,2,3,0,11,4,0,0,8,11,6,0,4,8,2,7,2,8,4,0,3,7,9,7,7,2,8,8,3,8,10,2,7,8,0,4,8,7,4,2,4,2,10,2,3,4,8,9,11,4,8,0,10,0,0,11,10,2,3,7,5,7,0,2
8,3,6,0,2,8,4,4,9,10,8,9,2,0,8,6,4,9,11,5,9,9,5,0,11,11,5,0,2,4,3,11,2,8,4,11,6,4,8,9,10,2,3,4,0,9,8,7,3,2,8,0,4,4,2,5,5,11,10,4,9,10,3,11,0,11,2,7,2,3,6,8,0,11,3,8,2,5,2,0,4,6,8,0,4,2,9,3,4,2,0,5,2,2,9,0,7,2,5,9,3,8,3,9,5,2,4,8,10,8,8,3,9,9,4,9,11,3,8,9,2,5,9,8,5,3,5,3,11,3,4,5,9,10,0,5,9,2,11,2,2,0,11,3,4,8,6,8,2,3
9,4,7,2,3,9,5,5,10,11,9,10,3,2,9,7,5,10,0,6,10,10,6,2,0,0,6,2,3,5,4,0,3,9,5,0,7,5,9,10,11,3,4,5,2,10,9,8,4,3,9,2,5,5,3,6,6,0,11,5,10,11,4,0,2,0,3,8,3,4,7,9,2,0,4,9,3,6,3,2,5,7,9,2,5,3,10,4,5,3,2,6,3,3,10,2,8,3,6,10,4,9,4,10,6,3,5,9,11,9,9,4,10,10,5,10,0,4,9,10,3,6,10,9,6,4,6,4,0,4,5,6,10,11,2,6,10,3,0,3,3,2,0,4,5,9,7,9,3,4
10,5,8,3,4,10,6,6,11,0,10,11,4,3,10,8,6,11,2,7,11,11,7,3,2,2,7,3,4,6,5,2,4,10,6,2,8,6,10,11,0,4,5,6,3,11,10,9,5,4,10,3,6,6,4,7,7,2,0,6,11,0,5,2,3,2,4,9,4,5,8,10,3,2,5,10,4,7,4,3,6,8,10,3,6,4,11,5,6,4,3,7,4,4,11,3,9,4,7,11,5,10,5,11,7,4,6,10,0,10,10,5,11,11,6,11,2,5,10,11,4,7,11,10,7,5,7,5,2,5,6,7,11,0,3,7,11,4,2,4,4,3,2,5,6,10,8,10,4,5
11,6,9,4,5,11,7,7,0,2,11,0,5,4,11,9,7,0,3,8,0,0,8,4,3,3,8,4,5,7,6,3,5,11,7,3,9,7,11,0,2,5,6,7,4,0,11,10,6,5,11,4,7,7,5,8,8,3,2,7,0,2,6,3,4,3,5,10,5,6,9,11,4,3,6,11,5,8,5,4,7,9,11,4,7,5,0,6,7,5,4,8,5,5,0,4,10,5,8,0,6,11,6,0,8,5,7,11,2,11,11,6,0,0,7,0,3,6,11,0,5,8,0,11,8,6,8,6,3,6,7,8,0,2,4,8,0,5,3,5,5,4,3,6,7,11,9,11,5,6
0,7,10,5,6,0,8,8,2,3,0,2,6,5,0,10,8,2,4,9,2,2,9,5,4,4,9,5,6,8,7,4,6,0,8,4,10,8,0,2,3,6,7,8,5,2,0,11,7,6,0,5,8,8,6,9,9,4,3,8,2,3,7,4,5,4,6,11,6,7,10,0,5,4,7,0,6,9,6,5,8,10,0,5,8,6,2,7,8,6,5,9,6,6,2,5,11,6,9,2,7,0,7,2,9,6,8,0,3,0,0,7,2,2,8,2,4,7,0,2,6,9,2,0,9,7,9,7,4,7,8,9,2,3,5,9,2,6,4,6,6,5,4,7,8,0,10,0,6,7
2,8,11,6,7,2,9,9,3,4,2,3,7,6,2,11,9,3,5,10,3,3,10,6,5,5,10,6,7,9,8,5,7,2,9,5,11,9,2,3,4,7,8,9,6,3,2,0,8,7,2,6,9,9,7,10,10,5,4,9,3,4,8,5,6,5,7,0,7,8,11,2,6,5,8,2,7,10,7,6,9,11,2,6,9,7,3,8,9,7,6,10,7,7,3,6,0,7,10,3,8,2,8,3,10,7,9,2,4,2,2,8,3,3,9,3,5,8,2,3,7,10,3,2,10,8,10,8,5,8,9,10,3,4,6,10,3,7,5,7,7,6,5,8,9,2,11,2,7,8
3,9,0,7,8,3,10,10,4,5,3,4,8,7,3,0,10,4,6,11,4,4,11,7,6,6,11,7,8,10,9,6,8,3,10,6,0,10,3,4,5,8,9,10,7,4,3,2,9,8,3,7,10,10,8,11,11,6,5,10,4,5,9,6,7,6,8,2,8,9,0,3,7,6,9,3,8,11,8,7,10,0,3,7,10,8,4,9,10,8,7,11,8,8,4,7,2,8,11,4,9,3,9,4,11,8,10,3,5,3,3,9,4,4,10,4,6,9,3,4,8,11,4,3,11,9,11,9,6,9,10,11,4,5,7,11,4,8,6,8,8,7,6,9,10,3,0,3,8,9
4,10,2,8,9,4,11,11,5,6,4,5,9,8,4,2,11,5,7,0,5,5,0,8,7,7,0,8,9,11,10,7,9,4,11,7,2,11,4,5,6,9,10,11,8,5,4,3,10,9,4,8,11,11,9,0,0,7,6,11,5,6,10,7,8,7,9,3,9,10,2,4,8,7,10,4,9,0,9,8,11,2,4,8,11,9,5,10,11,9,8,0,9,9,5,8,3,9,0,5,10,4,10,5,0,9,11,4,6,4,4,10,5,5,11,5,7,10,4,5,9,0,5,4,0,10,0,10,7,10,11,0,5,6,8,0,5,9,7,9,9,8,7,10,11,4,2,4,9,10
5,11,3,9,10,5,0,0,6,7,5,6,10,9,5,3,0,6,8,2,6,6,2,9,8,8,2,9,10,0,11,8,10,5,0,8,3,0,5,6,7,10,11,0,9,6,5,4,11,10,5,9,0,0,10,2,2,8,7,0,6,7,11,8,9,8,10,4,10,11,3,5,9,8,11,5,10,2,10,9,0,3,5,9,0,10,6,11,0,10,9,2,10,10,6,9,4,10,2,6,11,5,11,6,2,10,0,5,7,5,5,11,6,6,0,6,8,11,5,6,10,2,6,5,2,11,2,11,8,11,0,2,6,7,9,2,6,10,8,10,10,9,8,11,0,5,3,5,10,11
6,0,4,10,11,6,2,2,7,8,6,7,11,10,6,4,2,7,9,3,7,7,3,10,9,9,3,10,11,2,0,9,11,6,2,9,4,2,6,7,8,11,0,2,10,7,6,5,0,11,6,10,2,2,11,3,3,9,8,2,7,8,0,9,10,9,11,5,11,0,4,6,10,9,0,6,11,3,11,10,2,4,6,10,2,11,7,0,2,11,10,3,11,11,7,10,5,11,3,7,0,6,0,7,3,11,2,6,8,6,6,0,7,7,2,7,9,0,6,7,11,3,7,6,3,0,3,0,9,0,2,3,7,8,10,3,7,11,9,11,11,10,9,0,2,6,4,6,11,0
7,2,5,11,0,7,3,3,8,9,7,8,0,11,7,5,3,8,10,4,8,8,4,11,10,10,4,11,0,3,2,10,0,7,3,10,5,3,7,8,9,0,2,3,11,8,7,6,2,0,7,11,3,3,0,4,4,10,9,3,8,9,2,10,11,10,0,6,0,2,5,7,11,10,2,7,0,4,0,11,3,5,7,11,3,0,8,2,3,0,11,4,0,0,8,11,6,0,4,8,2,7,2,8,4,0,3,7,9,7,7,2,8,8,3,8,10,2,7,8,0,4,8,7,4,2,4,2,10,2,3,4,8,9,11,4,8,0,10,0,0,11,10,2,3,7,5,7,0,2
8,3,6,0,2,8,4,4,9,10,8,9,2,0,8,6,4,9,11,5,9,9,5,0,11,11,5,0,2,4,3,11,2,8,4,11,6,4,8,9,10,2,3,4,0,9,8,7,3,2,8,0,4,4,2,5,5,11,10,4,9,10,3,11,0,11,2,7,2,3,6,8,0,11,3,8,2,5,2,0,4,6,8,0,4,2,9,3,4,2,0,5,2,2,9,0,7,2,5,9,3,8,3,9,5,2,4,8,10,8,8,3,9,9,4,9,11,3,8,9,2,5,9,8,5,3,5,3,11,3,4,5,9,10,0,5,9,2,11,2,2,0,11,3,4,8,6,8,2,3
9,4,7,2,3,9,5,5,10,11,9,10,3,2,9,7,5,10,0,6,10,10,6,2,0,0,6,2,3,5,4,0,3,9,5,0,7,5,9,10,11,3,4,5,2,10,9,8,4,3,9,2,5,5,3,6,6,0,11,5,10,11,4,0,2,0,3,8,3,4,7,9,2,0,4,9,3,6,3,2,5,7,9,2,5,3,10,4,5,3,2,6,3,3,10,2,8,3,6,10,4,9,4,10,6,3,5,9,11,9,9,4,10,10,5,10,0,4,9,10,3,6,10,9,6,4,6,4,0,4,5,6,10,11,2,6,10,3,0,3,3,2,0,4,5,9,7,9,3,4
10,5,8,3,4,10,6,6,11,0,10,11,4,3,10,8,6,11,2,7,11,11,7,3,2,2,7,3,4,6,5,2,4,10,6,2,8,6,10,11,0,4,5,6,3,11,10,9,5,4,10,3,6,6,4,7,7,2,0,6,11,0,5,2,3,2,4,9,4,5,8,10,3,2,5,10,4,7,4,3,6,8,10,3,6,4,11,5,6,4,3,7,4,4,11,3,9,4,7,11,5,10,5,11,7,4,6,10,0,10,10,5,11,11,6,11,2,5,10,11,4,7,11,10,7,5,7,5,2,5,6,7,11,0,3,7,11,4,2,4,4,3,2,5,6,10,8,10,4,5
11,6,9,4,5,11,7,7,0,2,11,0,5,4,11,9,7,0,3,8,0,0,8,4,3,3,8,4,5,7,6,3,5,11,7,3,9,7,11,0,2,5,6,7,4,0,11,10,6,5,11,4,7,7,5,8,8,3,2,7,0,2,6,3,4,3,5,10,5,6,9,11,4,3,6,11,5,8,5,4,7,9,11,4,7,5,0,6,7,5,4,8,5,5,0,4,10,5,8,0,6,11,6,0,8,5,7,11,2,11,11,6,0,0,7,0,3,6,11,0,5,8,0,11,8,6,8,6,3,6,7,8,0,2,4,8,0,5,3,5,5,4,3,6,7,11,9,11,5,6
0,7,10,5,6,0,8,8,2,3,0,2,6,5,0,10,8,2,4,9,2,2,9,5,4,4,9,5,6,8,7,4,6,0,8,4,10,8,0,2,3,6,7,8,5,2,0,11,7,6,0,5,8,8,6,9,9,4,3,8,2,3,7,4,5,4,6,11,6,7,10,0,5,4,7,0,6,9,6,5,8,10,0,5,8,6,2,7,8,6,5,9,6,6,2,5,11,6,9,2,7,0,7,2,9,6,8,0,3,0,0,7,2,2,8,2,4,7,0,2,6,9,2,0,9,7,9,7,4,7,8,9,2,3,5,9,2,6,4,6,6,5,4,7,8,0,10,0,6,7
2,8,11,6,7,2,9,9,3,4,2,3,7,6,2,11,9,3,5,10,3,3,10,6,5,5,10,6,7,9,8,5,7,2,9,5,11,9,2,3,4,7,8,9,6,3,2,0,8,7,2,6,9,9,7,10,10,5,4,9,3,4,8,5,6,5,7,0,7,8,11,2,6,5,8,2,7,10,7,6,9,11,2,6,9,7,3,8,9,7,6,10,7,7,3,6,0,7,10,3,8,2,8,3,10,7,9,2,4,2,2,8,3,3,9,3,5,8,2,3,7,10,3,2,10,8,10,8,5,8,9,10,3,4,6,10,3,7,5,7,7,6,5,8,9,2,11,2,7,8
3,9,0,7,8,3,10,10,4,5,3,4,8,7,3,0,10,4,6,11,4,4,11,7,6,6,11,7,8,10,9,6,8,3,10,6,0,10,3,4,5,8,9,10,7,4,3,2,9,8,3,7,10,10,8,11,11,6,5,10,4,5,9,6,7,6,8,2,8,9,0,3,7,6,9,3,8,11,8,7,10,0,3,7,10,8,4,9,10,8,7,11,8,8,4,7,2,8,11,4,9,3,9,4,11,8,10,3,5,3,3,9,4,4,10,4,6,9,3,4,8,11,4,3,11,9,11,9,6,9,10,11,4,5,7,11,4,8,6,8,8,7,6,9,10,3,0,3,8,9
4,10,2,8,9,4,11,11,5,6,4,5,9,8,4,2,11,5,7,0,5,5,0,8,7,7,0,8,9,11,10,7,9,4,11,7,2,11,4,5,6,9,10,11,8,5,4,3,10,9,4,8,11,11,9,0,0,7,6,11,5,6,10,7,8,7,9,3,9,10,2,4,8,7,10,4,9,0,9,8,11,2,4,8,11,9,5,10,11,9,8,0,9,9,5,8,3,9,0,5,10,4,10,5,0,9,11,4,6,4,4,10,5,5,11,5,7,10,4,5,9,0,5,4,0,10,0,10,7,10,11,0,5,6,8,0,5,9,7,9,9,8,7,10,11,4,2,4,9,10
5,11,3,9,10,5,0,0,6,7,5,6,10,9,5,3,0,6,8,2,6,6,2,9,8,8,2,9,10,0,11,8,10,5,0,8,3,0,5,6,7,10,11,0,9,6,5,4,11,10,5,9,0,0,10,2,2,8,7,0,6,7,11,8,9,8,10,4,10,11,3,5,9,8,11,5,10,2,10,9,0,3,5,9,0,10,6,11,0,10,9,2,10,10,6,9,4,10,2,6,11,5,11,6,2,10,0,5,7,5,5,11,6,6,0,6,8,11,5,6,10,2,6,5,2,11,2,11,8,11,0,2,6,7,9,2,6,10,8,10,10,9,8,11,0,5,3,5,10,11
6,0,4,10,11,6,2,2,7,8,6,7,11,10,6,4,2,7,9,3,7,7,3,10,9,9,3,10,11,2,0,9,11,6,2,9,4,2,6,7,8,11,0,2,10,7,6,5,0,11,6,10,2,2,11,3,3,9,8,2,7,8,0,9,10,9,11,5,11,0,4,6,10,9,0,6,11,3,11,10,2,4,6,10,2,11,7,0,2,11,10,3,11,11,7,10,5,11,3,7,0,6,0,7,3,11,2,6,8,6,6,0,7,7,2,7,9,0,6,7,11,3,7,6,3,0,3,0,9,0,2,3,7,8,10,3,7,11,9,11,11,10,9,0,2,6,4,6,11,0
7,2,5,11,0,7,3,3,8,9,7,8,0,11,7,5,3,8,10,4,8,8,4,11,10,10,4,11,0,3,2,10,0,7,3,10,5,3,7,8,9,0,2,3,11,8,7,6,2,0,7,11,3,3,0,4,4,10,9,3,8,9,2,10,11,10,0,6,0,2,5,7,11,10,2,7,0,4,0,11,3,5,7,11,3,0,8,2,3,0,11,4,0,0,8,11,6,0,4,8,2,7,2,8,4,0,3,7,9,7,7,2,8,8,3,8,10,2,7,8,0,4,8,7,4,2,4,2,10,2,3,4,8,9,11,4,8,0,10,0,0,11,10,2,3,7,5,7,0,2
8,3,6,0,2,8,4,4,9,10,8,9,2,0,8,6,4,9,11,5,9,9,5,0,11,11,5,0,2,4,3,11,2,8,4,11,6,4,8,9,10,2,3,4,0,9,8,7,3,2,8,0,4,4,2,5,5,11,10,4,9,10,3,11,0,11,2,7,2,3,6,8,0,11,3,8,2,5,2,0,4,6,8,0,4,2,9,3,4,2,0,5,2,2,9,0,7,2,5,9,3,8,3,9,5,2,4,8,10,8,8,3,9,9,4,9,11,3,8,9,2,5,9,8,5,3,5,3,11,3,4,5,9,10,0,5,9,2,11,2,2,0,11,3,4,8,6,8,2,3
9,4,7,2,3,9,5,5,10,11,9,10,3,2,9,7,5,10,0,6,10,10,6,2,0,0,6,2,3,5,4,0,3,9,5,0,7,5,9,10,11,3,4,5,2,10,9,8,4,3,9,2,5,5,3,6,6,0,11,5,10,11,4,0,2,0,3,8,3,4,7,9,2,0,4,9,3,6,3,2,5,7,9,2,5,3,10,4,5,3,2,6,3,3,10,2,8,3,6,10,4,9,4,10,6,3,5,9,11,9,9,4,10,10,5,10,0,4,9,10,3,6,10,9,6,4,6,4,0,4,5,6,10,11,2,6,10,3,0,3,3,2,0,4,5,9,7,9,3,4
10,5,8,3,4,10,6,6,11,0,10,11,4,3,10,8,6,11,2,7,11,11,7,3,2,2,7,3,4,6,5,2,4,10,6,2,8,6,10,11,0,4,5,6,3,11,10,9,5,4,10,3,6,6,4,7,7,2,0,6,11,0,5,2,3,2,4,9,4,5,8,10,3,2,5,10,4,7,4,3,6,8,10,3,6,4,11,5,6,4,3,7,4,4,11,3,9,4,7,11,5,10,5,11,7,4,6,10,0,10,10,5,11,11,6,11,2,5,10,11,4,7,11,10,7,5,7,5,2,5,6,7,11,0,3,7,11,4,2,4,4,3,2,5,6,10,8,10,4,5
11,6,9,4,5,11,7,7,0,2,11,0,5,4,11,9,7,0,3,8,0,0,8,4,3,3,8,4,5,7,6,3,5,11,7,3,9,7,11,0,2,5,6,7,4,0,11,10,6,5,11,4,7,7,5,8,8,3,2,7,0,2,6,3,4,3,5,10,5,6,9,11,4,3,6,11,5,8,5,4,7,9,11,4,7,5,0,6,7,5,4,8,5,5,0,4,10,5,8,0,6,11,6,0,8,5,7,11,2,11,11,6,0,0,7,0,3,6,11,0,5,8,0,11,8,6,8,6,3,6,7,8,0,2,4,8,0,5,3,5,5,4,3,6,7,11,9,11,5,6
0,7,10,5,6,0,8,8,2,3,0,2,6,5,0,10,8,2,4,9,2,2,9,5,4,4,9,5,6,8,7,4,6,0,8,4,10,8,0,2,3,6,7,8,5,2,0,11,7,6,0,5,8,8,6,9,9,4,3,8,2,3,7,4,5,4,6,11,6,7,10,0,5,4,7,0,6,9,6,5,8,10,0,5,8,6,2,7,8,6,5,9,6,6,2,5,11,6,9,2,7,0,7,2,9,6,8,0,3,0,0,7,2,2,8,2,4,7,0,2,6,9,2,0,9,7,9,7,4,7,8,9,2,3,5,9,2,6,4,6,6,5,4,7,8,0,10,0,6,7
2,8,11,6,7,2,9,9,3,4,2,3,7,6,2,11,9,3,5,10,3,3,10,6,5,5,10,6,7,9,8,5,7,2,9,5,11,9,2,3,4,7,8,9,6,3,2,0,8,7,2,6,9,9,7,10,10,5,4,9,3,4,8,5,6,5,7,0,7,8,11,2,6,5,8,2,7,10,7,6,9,11,2,6,9,7,3,8,9,7,6,10,7,7,3,6,0,7,10,3,8,2,8,3,10,7,9,2,4,2,2,8,3,3,9,3,5,8,2,3,7,10,3,2,10,8,10,8,5,8,9,10,3,4,6,10,3,7,5,7,7,6,5,8,9,2,11,2,7,8
3,9,0,7,8,3,10,10,4,5,3,4,8,7,3,0,10,4,6,11,4,4,11,7,6,6,11,7,8,10,9,6,8,3,10,6,0,10,3,4,5,8,9,10,7,4,3,2,9,8,3,7,10,10,8,11,11,6,5,10,4,5,9,6,7,6,8,2,8,9,0,3,7,6,9,3,8,11,8,7,10,0,3,7,10,8,4,9,10,8,7,11,8,8,4,7,2,8,11,4,9,3,9,4,11,8,10,3,5,3,3,9,4,4,10,4,6,9,3,4,8,11,4,3,11,9,11,9,6,9,10,11,4,5,7,11,4,8,6,8,8,7,6,9,10,3,0,3,8,9
4,10,2,8,9,4,11,11,5,6,4,5,9,8,4,2,11,5,7,0,5,5,0,8,7,7,0,8,9,11,10,7,9,4,11,7,2,11,4,5,6,9,10,11,8,5,4,3,10,9,4,8,11,11,9,0,0,7,6,11,5,6,10,7,8,7,9,3,9,10,2,4,8,7,10,4,9,0,9,8,11,2,4,8,11,9,5,10,11,9,8,0,9,9,5,8,3,9,0,5,10,4,10,5,0,9,11,4,6,4,4,10,5,5,11,5,7,10,4,5,9,0,5,4,0,10,0,10,7,10,11,0,5,6,8,0,5,9,7,9,9,8,7,10,11,4,2,4,9,10
5,11,3,9,10,5,0,0,6,7,5,6,10,9,5,3,0,6,8,2,6,6,2,9,8,8,2,9,10,0,11,8,10,5,0,8,3,0,5,6,7,10,11,0,9,6,5,4,11,10,5,9,0,0,10,2,2,8,7,0,6,7,11,8,9,8,10,4,10,11,3,5,9,8,11,5,10,2,10,9,0,3,5,9,0,10,6,11,0,10,9,2,10,10,6,9,4,10,2,6,11,5,11,6,2,10,0,5,7,5,5,11,6,6,0,6,8,11,5,6,10,2,6,5,2,11,2,11,8,11,0,2,6,7,9,2,6,10,8,10,10,9,8,11,0,5,3,5,10,11
6,0,4,10,11,6,2,2,7,8,6,7,11,10,6,4,2,7,9,3,7,7,3,10,9,9,3,10,11,2,0,9,11,6,2,9,4,2,6,7,8,11,0,2,10,7,6,5,0,11,6,10,2,2,11,3,3,9,8,2,7,8,0,9,10,9,11,5,11,0,4,6,10,9,0,6,11,3,11,10,2,4,6,10,2,11,7,0,2,11,10,3,11,11,7,10,5,11,3,7,0,6,0,7,3,11,2,6,8,6,6,0,7,7,2,7,9,0,6,7,11,3,7,6,3,0,3,0,9,0,2,3,7,8,10,3,7,11,9,11,11,10,9,0,2,6,4,6,11,0
7,2,5,11,0,7,3,3,8,9,7,8,0,11,7,5,3,8,10,4,8,8,4,11,10,10,4,11,0,3,2,10,0,7,3,10,5,3,7,8,9,0,2,3,11,8,7,6,2,0,7,11,3,3,0,4,4,10,9,3,8,9,2,10,11,10,0,6,0,2,5,7,11,10,2,7,0,4,0,11,3,5,7,11,3,0,8,2,3,0,11,4,0,0,8,11,6,0,4,8,2,7,2,8,4,0,3,7,9,7,7,2,8,8,3,8,10,2,7,8,0,4,8,7,4,2,4,2,10,2,3,4,8,9,11,4,8,0,10,0,0,11,10,2,3,7,5,7,0,2
8,3,6,0,2,8,4,4,9,10,8,9,2,0,8,6,4,9,11,5,9,9,5,0,11,11,5,0,2,4,3,11,2,8,4,11,6,4,8,9,10,2,3,4,0,9,8,7,3,2,8,0,4,4,2,5,5,11,10,4,9,10,3,11,0,11,2,7,2,3,6,8,0,11,3,8,2,5,2,0,4,6,8,0,4,2,9,3,4,2,0,5,2,2,9,0,7,2,5,9,3,8,3,9,5,2,4,8,10,8,8,3,9,9,4,9,11,3,8,9,2,5,9,8,5,3,5,3,11,3,4,5,9,10,0,5,9,2,11,2,2,0,11,3,4,8,6,8,2,3
9,4,7,2,3,9,5,5,10,11,9,10,3,2,9,7,5,10,0,6,10,10,6,2,0,0,6,2,3,5,4,0,3,9,5,0,7,5,9,10,11,3,4,5,2,10,9,8,4,3,9,2,5,5,3,6,6,0,11,5,10,11,4,0,2,0,3,8,3,4,7,9,2,0,4,9,3,6,3,2,5,7,9,2,5,3,10,4,5,3,2,6,3,3,10,2,8,3,6,10,4,9,4,10,6,3,5,9,11,9,9,4,10,10,5,10,0,4,9,10,3,6,10,9,6,4,6,4,0,4,5,6,10,11,2,6,10,3,0,3,3,2,0,4,5,9,7,9,3,4
10,5,8,3,4,10,6,6,11,0,10,11,4,3,10,8,6,11,2,7,11,11,7,3,2,2,7,3,4,6,5,2,4,10,6,2,8,6,10,11,0,4,5,6,3,11,10,9,5,4,10,3,6,6,4,7,7,2,0,6,11,0,5,2,3,2,4,9,4,5,8,10,3,2,5,10,4,7,4,3,6,8,10,3,6,4,11,5,6,4,3,7,4,4,11,3,9,4,7,11,5,10,5,11,7,4,6,10,0,10,10,5,11,11,6,11,2,5,10,11,4,7,11,10,7,5,7,5,2,5,6,7,11,0,3,7,11,4,2,4,4,3,2,5,6,10,8,10,4,5
11,6,9,4,5,11,7,7,0,2,11,0,5,4,11,9,7,0,3,8,0,0,8,4,3,3,8,4,5,7,6,3,5,11,7,3,9,7,11,0,2,5,6,7,4,0,11,10,6,5,11,4,7,7,5,8,8,3,2,7,0,2,6,3,4,3,5,10,5,6,9,11,4,3,6,11,5,8,5,4,7,9,11,4,7,5,0,6,7,5,4,8,5,5,0,4,10,5,8,0,6,11,6,0,8,5,7,11,2,11,11,6,0,0,7,0,3,6,11,0,5,8,0,11,8,6,8,6,3,6,7,8,0,2,4,8,0,5,3,5,5,4,3,6,7,11,9,11,5,6
0,7,10,5,6,0,8,8,2,3,0,2,6,5,0,10,8,2,4,9,2,2,9,5,4,4,9,5,6,8,7,4,6,0,8,4,10,8,0,2,3,6,7,8,5,2,0,11,7,6,0,5,8,8,6,9,9,4,3,8,2,3,7,4,5,4,6,11,6,7,10,0,5,4,7,0,6,9,6,5,8,10,0,5,8,6,2,7,8,6,5,9,6,6,2,5,11,6,9,2,7,0,7,2,9,6,8,0,3,0,0,7,2,2,8,2,4,7,0,2,6,9,2,0,9,7,9,7,4,7,8,9,2,3,5,9,2,6,4,6,6,5,4,7,8,0,10,0,6,7
2,8,11,6,7,2,9,9,3,4,2,3,7,6,2,11,9,3,5,10,3,3,10,6,5,5,10,6,7,9,8,5,7,2,9,5,11,9,2,3,4,7,8,9,6,3,2,0,8,7,2,6,9,9,7,10,10,5,4,9,3,4,8,5,6,5,7,0,7,8,11,2,6,5,8,2,7,10,7,6,9,11,2,6,9,7,3,8,9,7,6,10,7,7,3,6,0,7,10,3,8,2,8,3,10,7,9,2,4,2,2,8,3,3,9,3,5,8,2,3,7,10,3,2,10,8,10,8,5,8,9,10,3,4,6,10,3,7,5,7,7,6,5,8,9,2,11,2,7,8
3,9,0,7,8,3,10,10,4,5,3,4,8,7,3,0,10,4,6,11,4,4,11,7,6,6,11,7,8,10,9,6,8,3,10,6,0,10,3,4,5,8,9,10,7,4,3,2,9,8,3,7,10,10,8,11,11,6,5,10,4,5,9,6,7,6,8,2,8,9,0,3,7,6,9,3,8,11,8,7,10,0,3,7,10,8,4,9,10,8,7,11,8,8,4,7,2,8,11,4,9,3,9,4,11,8,10,3,5,3,3,9,4,4,10,4,6,9,3,4,8,11,4,3,11,9,11,9,6,9,10,11,4,5,7,11,4,8,6,8,8,7,6,9,10,3,0,3,8,9
4,10,2,8,9,4,11,11,5,6,4,5,9,8,4,2,11,5,7,0,5,5,0,8,7,7,0,8,9,11,10,7,9,4,11,7,2,11,4,5,6,9,10,11,8,5,4,3,10,9,4,8,11,11,9,0,0,7,6,11,5,6,10,7,8,7,9,3,9,10,2,4,8,7,10,4,9,0,9,8,11,2,4,8,11,9,5,10,11,9,8,0,9,9,5,8,3,9,0,5,10,4,10,5,0,9,11,4,6,4,4,10,5,5,11,5,7,10,4,5,9,0,5,4,0,10,0,10,7,10,11,0,5,6,8,0,5,9,7,9,9,8,7,10,11,4,2,4,9,10
5,11,3,9,10,5,0,0,6,7,5,6,10,9,5,3,0,6,8,2,6,6,2,9,8,8,2,9,10,0,11,8,10,5,0,8,3,0,5,6,7,10,11,0,9,6,5,4,11,10,5,9,0,0,10,2,2,8,7,0,6,7,11,8,9,8,10,4,10,11,3,5,9,8,11,5,10,2,10,9,0,3,5,9,0,10,6,11,0,10,9,2,10,10,6,9,4,10,2,6,11,5,11,6,2,10,0,5,7,5,5,11,6,6,0,6,8,11,5,6,10,2,6,5,2,11,2,11,8,11,0,2,6,7,9,2,6,10,8,10,10,9,8,11,0,5,3,5,10,11
6,0,4,10,11,6,2,2,7,8,6,7,11,10,6,4,2,7,9,3,7,7,3,10,9,9,3,10,11,2,0,9,11,6,2,9,4,2,6,7,8,11,0,2,10,7,6,5,0,11,6,10,2,2,11,3,3,9,8,2,7,8,0,9,10,9,11,5,11,0,4,6,10,9,0,6,11,3,11,10,2,4,6,10,2,11,7,0,2,11,10,3,11,11,7,10,5,11,3,7,0,6,0,7,3,11,2,6,8,6,6,0,7,7,2,7,9,0,6,7,11,3,7,6,3,0,3,0,9,0,2,3,7,8,10,3,7,11,9,11,11,10,9,0,2,6,4,6,11,0
7,2,5,11,0,7,3,3,8,9,7,8,0,11,7,5,3,8,10,4,8,8,4,11,10,10,4,11,0,3,2,10,0,7,3,10,5,3,7,8,9,0,2,3,11,8,7,6,2,0,7,11,3,3,0,4,4,10,9,3,8,9,2,10,11,10,0,6,0,2,5,7,11,10,2,7,0,4,0,11,3,5,7,11,3,0,8,2,3,0,11,4,0,0,8,11,6,0,4,8,2,7,2,8,4,0,3,7,9,7,7,2,8,8,3,8,10,2,7,8,0,4,8,7,4,2,4,2,10,2,3,4,8,9,11,4,8,0,10,0,0,11,10,2,3,7,5,7,0,2
8,3,6,0,2,8,4,4,9,10,8,9,2,0,8,6,4,9,11,5,9,9,5,0,11,11,5,0,2,4,3,11,2,8,4,11,6,4,8,9,10,2,3,4,0,9,8,7,3,2,8,0,4,4,2,5,5,11,10,4,9,10,3,11,0,11,2,7,2,3,6,8,0,11,3,8,2,5,2,0,4,6,8,0,4,2,9,3,4,2,0,5,2,2,9,0,7,2,5,9,3,8,3,9,5,2,4,8,10,8,8,3,9,9,4,9,11,3,8,9,2,5,9,8,5,3,5,3,11,3,4,5,9,10,0,5,9,2,11,2,2,0,11,3,4,8,6,8,2,3
9,4,7,2,3,9,5,5,10,11,9,10,3,2,9,7,5,10,0,6,10,10,6,2,0,0,6,2,3,5,4,0,3,9,5,0,7,5,9,10,11,3,4,5,2,10,9,8,4,3,9,2,5,5,3,6,6,0,11,5,10,11,4,0,2,0,3,8,3,4,7,9,2,0,4,9,3,6,3,2,5,7,9,2,5,3,10,4,5,3,2,6,3,3,10,2,8,3,6,10,4,9,4,10,6,3,5,9,11,9,9,4,10,10,5,10,0,4,9,10,3,6,10,9,6,4,6,4,0,4,5,6,10,11,2,6,10,3,0,3,3,2,0,4,5,9,7,9,3,4
10,5,8,3,4,10,6,6,11,0,10,11,4,3,10,8,6,11,2,7,11,11,7,3,2,2,7,3,4,6,5,2,4,10,6,2,8,6,10,11,0,4,5,6,3,11,10,9,5,4,10,3,6,6,4,7,7,2,0,6,11,0,5,2,3,2,4,9,4,5,8,10,3,2,5,10,4,7,4,3,6,8,10,3,6,4,11,5,6,4,3,7,4,4,11,3,9,4,7,11,5,10,5,11,7,4,6,10,0,10,10,5,11,11,6,11,2,5,10,11,4,7,11,10,7,5,7,5,2,5,6,7,11,0,3,7,11,4,2,4,4,3,2,5,6,10,8,10,4,5
11,6,9,4,5,11,7,7,0,2,11,0,5,4,11,9,7,0,3,8,0,0,8,4,3,3,8,4,5,7,6,3,5,11,7,3,9,7,11,0,2,5,6,7,4,0,11,10,6,5,11,4,7,7,5,8,8,3,2,7,0,2,6,3,4,3,5,10,5,6,9,11,4,3,6,11,5,8,5,4,7,9,11,4,7,5,0,6,7,5,4,8,5,5,0,4,10,5,8,0,6,11,6,0,8,5,7,11,2,11,11,6,0,0,7,0,3,6,11,0,5,8,0,11,8,6,8,6,3,6,7,8,0,2,4,8,0,5,3,5,5,4,3,6,7,11,9,11,5,6
0,7,10,5,6,0,8,8,2,3,0,2,6,5,0,10,8,2,4,9,2,2,9,5,4,4,9,5,6,8,7,4,6,0,8,4,10,8,0,2,3,6,7,8,5,2,0,11,7,6,0,5,8,8,6,9,9,4,3,8,2,3,7,4,5,4,6,11,6,7,10,0,5,4,7,0,6,9,6,5,8,10,0,5,8,6,2,7,8,6,5,9,6,6,2,5,11,6,9,2,7,0,7,2,9,6,8,0,3,0,0,7,2,2,8,2,4,7,0,2,6,9,2,0,9,7,9,7,4,7,8,9,2,3,5,9,2,6,4,6,6,5,4,7,8,0,10,0,6,7
2,8,11,6,7,2,9,9,3,4,2,3,7,6,2,11,9,3,5,10,3,3,10,6,5,5,10,6,7,9,8,5,7,2,9,5,11,9,2,3,4,7,8,9,6,3,2,0,8,7,2,6,9,9,7,10,10,5,4,9,3,4,8,5,6,5,7,0,7,8,11,2,6,5,8,2,7,10,7,6,9,11,2,6,9,7,3,8,9,7,6,10,7,7,3,6,0,7,10,3,8,2,8,3,10,7,9,2,4,2,2,8,3,3,9,3,5,8,2,3,7,10,3,2,10,8,10,8,5,8,9,10,3,4,6,10,3,7,5,7,7,6,5,8,9,2,11,2,7,8
3,9,0,7,8,3,10,10,4,5,3,4,8,7,3,0,10,4,6,11,4,4,11,7,6,6,11,7,8,10,9,6,8,3,10,6,0,10,3,4,5,8,9,10,7,4,3,2,9,8,3,7,10,10,8,11,11,6,5,10,4,5,9,6,7,6,8,2,8,9,0,3,7,6,9,3,8,11,8,7,10,0,3,7,10,8,4,9,10,8,7,11,8,8,4,7,2,8,11,4,9,3,9,4,11,8,10,3,5,3,3,9,4,4,10,4,6,9,3,4,8,11,4,3,11,9,11,9,6,9,10,11,4,5,7,11,4,8,6,8,8,7,6,9,10,3,0,3,8,9
4,10,2,8,9,4,11,11,5,6,4,5,9,8,4,2,11,5,7,0,5,5,0,8,7,7,0,8,9,11,10,7,9,4,11,7,2,11,4,5,6,9,10,11,8,5,4,3,10,9,4,8,11,11,9,0,0,7,6,11,5,6,10,7,8,7,9,3,9,10,2,4,8,7,10,4,9,0,9,8,11,2,4,8,11,9,5,10,11,9,8,0,9,9,5,8,3,9,0,5,10,4,10,5,0,9,11,4,6,4,4,10,5,5,11,5,7,10,4,5,9,0,5,4,0,10,0,10,7,10,11,0,5,6,8,0,5,9,7,9,9,8,7,10,11,4,2,4,9,10
5,11,3,9,10,5,0,0,6,7,5,6,10,9,5,3,0,6,8,2,6,6,2,9,8,8,2,9,10,0,11,8,10,5,0,8,3,0,5,6,7,10,11,0,9,6,5,4,11,10,5,9,0,0,10,2,2,8,7,0,6,7,11,8,9,8,10,4,10,11,3,5,9,8,11,5,10,2,10,9,0,3,5,9,0,10,6,11,0,10,9,2,10,10,6,9,4,10,2,6,11,5,11,6,2,10,0,5,7,5,5,11,6,6,0,6,8,11,5,6,10,2,6,5,2,11,2,11,8,11,0,2,6,7,9,2,6,10,8,10,10,9,8,11,0,5,3,5,10,11
6,0,4,10,11,6,2,2,7,8,6,7,11,10,6,4,2,7,9,3,7,7,3,10,9,9,3,10,11,2,0,9,11,6,2,9,4,2,6,7,8,11,0,2,10,7,6,5,0,11,6,10,2,2,11,3,3,9,8,2,7,8,0,9,10,9,11,5,11,0,4,6,10,9,0,6,11,3,11,10,2,4,6,10,2,11,7,0,2,11,10,3,11,11,7,10,5,11,3,7,0,6,0,7,3,11,2,6,8,6,6,0,7,7,2,7,9,0,6,7,11,3,7,6,3,0,3,0,9,0,2,3,7,8,10,3,7,11,9,11,11,10,9,0,2,6,4,6,11,0
7,2,5,11,0,7,3,3,8,9,7,8,0,11,7,5,3,8,10,4,8,8,4,11,10,10,4,11,0,3,2,10,0,7,3,10,5,3,7,8,9,0,2,3,11,8,7,6,2,0,7,11,3,3,0,4,4,10,9,3,8,9,2,10,11,10,0,6,0,2,5,7,11,10,2,7,0,4,0,11,3,5,7,11,3,0,8,2,3,0,11,4,0,0,8,11,6,0,4,8,2,7,2,8,4,0,3,7,9,7,7,2,8,8,3,8,10,2,7,8,0,4,8,7,4,2,4,2,10,2,3,4,8,9,11,4,8,0,10,0,0,11,10,2,3,7,5,7,0,2
8,3,6,0,2,8,4,4,9,10,8,9,2,0,8,6,4,9,11,5,9,9,5,0,11,11,5,0,2,4,3,11,2,8,4,11,6,4,8,9,10,2,3,4,0,9,8,7,3,2,8,0,4,4,2,5,5,11,10,4,9,10,3,11,0,11,2,7,2,3,6,8,0,11,3,8,2,5,2,0,4,6,8,0,4,2,9,3,4,2,0,5,2,2,9,0,7,2,5,9,3,8,3,9,5,2,4,8,10,8,8,3,9,9,4,9,11,3,8,9,2,5,9,8,5,3,5,3,11,3,4,5,9,10,0,5,9,2,11,2,2,0,11,3,4,8,6,8,2,3
9,4,7,2,3,9,5,5,10,11,9,10,3,2,9,7,5,10,0,6,10,10,6,2,0,0,6,2,3,5,4,0,3,9,5,0,7,5,9,10,11,3,4,5,2,10,9,8,4,3,9,2,5,5,3,6,6,0,11,5,10,11,4,0,2,0,3,8,3,4,7,9,2,0,4,9,3,6,3,2,5,7,9,2,5,3,10,4,5,3,2,6,3,3,10,2,8,3,6,10,4,9,4,10,6,3,5,9,11,9,9,4,10,10,5,10,0,4,9,10,3,6,10,9,6,4,6,4,0,4,5,6,10,11,2,6,10,3,0,3,3,2,0,4,5,9,7,9,3,4
10,5,8,3,4,10,6,6,11,0,10,11,4,3,10,8,6,11,2,7,11,11,7,3,2,2,7,3,4,6,5,2,4,10,6,2,8,6,10,11,0,4,5,6,3,11,10,9,5,4,10,3,6,6,4,7,7,2,0,6,11,0,5,2,3,2,4,9,4,5,8,10,3,2,5,10,4,7,4,3,6,8,10,3,6,4,11,5,6,4,3,7,4,4,11,3,9,4,7,11,5,10,5,11,7,4,6,10,0,10,10,5,11,11,6,11,2,5,10,11,4,7,11,10,7,5,7,5,2,5,6,7,11,0,3,7,11,4,2,4,4,3,2,5,6,10,8,10,4,5
11,6,9,4,5,11,7,7,0,2,11,0,5,4,11,9,7,0,3,8,0,0,8,4,3,3,8,4,5,7,6,3,5,11,7,3,9,7,11,0,2,5,6,7,4,0,11,10,6,5,11,4,7,7,5,8,8,3,2,7,0,2,6,3,4,3,5,10,5,6,9,11,4,3,6,11,5,8,5,4,7,9,11,4,7,5,0,6,7,5,4,8,5,5,0,4,10,5,8,0,6,11,6,0,8,5,7,11,2,11,11,6,0,0,7,0,3,6,11,0,5,8,0,11,8,6,8,6,3,6,7,8,0,2,4,8,0,5,3,5,5,4,3,6,7,11,9,11,5,6
0,7,10,5,6,0,8,8,2,3,0,2,6,5,0,10,8,2,4,9,2,2,9,5,4,4,9,5,6,8,7,4,6,0,8,4,10,8,0,2,3,6,7,8,5,2,0,11,7,6,0,5,8,8,6,9,9,4,3,8,2,3,7,4,5,4,6,11,6,7,10,0,5,4,7,0,6,9,6,5,8,10,0,5,8,6,2,7,8,6,5,9,6,6,2,5,11,6,9,2,7,0,7,2,9,6,8,0,3,0,0,7,2,2,8,2,4,7,0,2,6,9,2,0,9,7,9,7,4,7,8,9,2,3,5,9,2,6,4,6,6,5,4,7,8,0,10,0,6,7
2,8,11,6,7,2,9,9,3,4,2,3,7,6,2,11,9,3,5,10,3,3,10,6,5,5,10,6,7,9,8,5,7,2,9,5,11,9,2,3,4,7,8,9,6,3,2,0,8,7,2,6,9,9,7,10,10,5,4,9,3,4,8,5,6,5,7,0,7,8,11,2,6,5,8,2,7,10,7,6,9,11,2,6,9,7,3,8,9,7,6,10,7,7,3,6,0,7,10,3,8,2,8,3,10,7,9,2,4,2,2,8,3,3,9,3,5,8,2,3,7,10,3,2,10,8,10,8,5,8,9,10,3,4,6,10,3,7,5,7,7,6,5,8,9,2,11,2,7,8
3,9,0,7,8,3,10,10,4,5,3,4,8,7,3,0,10,4,6,11,4,4,11,7,6,6,11,7,8,10,9,6,8,3,10,6,0,10,3,4,5,8,9,10,7,4,3,2,9,8,3,7,10,10,8,11,11,6,5,10,4,5,9,6,7,6,8,2,8,9,0,3,7,6,9,3,8,11,8,7,10,0,3,7,10,8,4,9,10,8,7,11,8,8,4,7,2,8,11,4,9,3,9,4,11,8,10,3,5,3,3,9,4,4,10,4,6,9,3,4,8,11,4,3,11,9,11,9,6,9,10,11,4,5,7,11,4,8,6,8,8,7,6,9,10,3,0,3,8,9
4,10,2,8,9,4,11,11,5,6,4,5,9,8,4,2,11,5,7,0,5,5,0,8,7,7,0,8,9,11,10,7,9,4,11,7,2,11,4,5,6,9,10,11,8,5,4,3,10,9,4,8,11,11,9,0,0,7,6,11,5,6,10,7,8,7,9,3,9,10,2,4,8,7,10,4,9,0,9,8,11,2,4,8,11,9,5,10,11,9,8,0,9,9,5,8,3,9,0,5,10,4,10,5,0,9,11,4,6,4,4,10,5,5,11,5,7,10,4,5,9,0,5,4,0,10,0,10,7,10,11,0,5,6,8,0,5,9,7,9,9,8,7,10,11,4,2,4,9,10
5,11,3,9,10,5,0,0,6,7,5,6,10,9,5,3,0,6,8,2,6,6,2,9,8,8,2,9,10,0,11,8,10,5,0,8,3,0,5,6,7,10,11,0,9,6,5,4,11,10,5,9,0,0,10,2,2,8,7,0,6,7,11,8,9,8,10,4,10,11,3,5,9,8,11,5,10,2,10,9,0,3,5,9,0,10,6,11,0,10,9,2,10,10,6,9,4,10,2,6,11,5,11,6,2,10,0,5,7,5,5,11,6,6,0,6,8,11,5,6,10,2,6,5,2,11,2,11,8,11,0,2,6,7,9,2,6,10,8,10,10,9,8,11,0,5,3,5,10,11
6,0,4,10,11,6,2,2,7,8,6,7,11,10,6,4,2,7,9,3,7,7,3,10,9,9,3,10,11,2,0,9,11,6,2,9,4,2,6,7,8,11,0,2,10,7,6,5,0,11,6,10,2,2,11,3,3,9,8,2,7,8,0,9,10,9,11,5,11,0,4,6,10,9,0,6,11,3,11,10,2,4,6,10,2,11,7,0,2,11,10,3,11,11,7,10,5,11,3,7,0,6,0,7,3,11,2,6,8,6,6,0,7,7,2,7,9,0,6,7,11,3,7,6,3,0,3,0,9,0,2,3,7,8,10,3,7,11,9,11,11,10,9,0,2,6,4,6,11,0
7,2,5,11,0,7,3,3,8,9,7,8,0,11,7,5,3,8,10,4,8,8,4,11,10,10,4,11,0,3,2,10,0,7,3,10,5,3,7,8,9,0,2,3,11,8,7,6,2,0,7,11,3,3,0,4,4,10,9,3,8,9,2,10,11,10,0,6,0,2,5,7,11,10,2,7,0,4,0,11,3,5,7,11,3,0,8,2,3,0,11,4,0,0,8,11,6,0,4,8,2,7,2,8,4,0,3,7,9,7,7,2,8,8,3,8,10,2,7,8,0,4,8,7,4,2,4,2,10,2,3,4,8,9,11,4,8,0,10,0,0,11,10,2,3,7,5,7,0,2
8,3,6,0,2,8,4,4,9,10,8,9,2,0,8,6,4,9,11,5,9,9,5,0,11,11,5,0,2,4,3,11,2,8,4,11,6,4,8,9,10,2,3,4,0,9,8,7,3,2,8,0,4,4,2,5,5,11,10,4,9,10,3,11,0,11,2,7,2,3,6,8,0,11,3,8,2,5,2,0,4,6,8,0,4,2,9,3,4,2,0,5,2,2,9,0,7,2,5,9,3,8,3,9,5,2,4,8,10,8,8,3,9,9,4,9,11,3,8,9,2,5,9,8,5,3,5,3,11,3,4,5,9,10,0,5,9,2,11,2,2,0,11,3,4,8,6,8,2,3
9,4,7,2,3,9,5,5,10,11,9,10,3,2,9,7,5,10,0,6,10,10,6,2,0,0,6,2,3,5,4,0,3,9,5,0,7,5,9,10,11,3,4,5,2,10,9,8,4,3,9,2,5,5,3,6,6,0,11,5,10,11,4,0,2,0,3,8,3,4,7,9,2,0,4,9,3,6,3,2,5,7,9,2,5,3,10,4,5,3,2,6,3,3,10,2,8,3,6,10,4,9,4,10,6,3,5,9,11,9,9,4,10,10,5,10,0,4,9,10,3,6,10,9,6,4,6,4,0,4,5,6,10,11,2,6,10,3,0,3,3,2,0,4,5,9,7,9,3,4
10,5,8,3,4,10,6,6,11,0,10,11,4,3,10,8,6,11,2,7,11,11,7,3,2,2,7,3,4,6,5,2,4,10,6,2,8,6,10,11,0,4,5,6,3,11,10,9,5,4,10,3,6,6,4,7,7,2,0,6,11,0,5,2,3,2,4,9,4,5,8,10,3,2,5,10,4,7,4,3,6,8,10,3,6,4,11,5,6,4,3,7,4,4,11,3,9,4,7,11,5,10,5,11,7,4,6,10,0,10,10,5,11,11,6,11,2,5,10,11,4,7,11,10,7,5,7,5,2,5,6,7,11,0,3,7,11,4,2,4,4,3,2,5,6,10,8,10,4,5
11,6,9,4,5,11,7,7,0,2,11,0,5,4,11,9,7,0,3,8,0,0,8,4,3,3,8,4,5,7,6,3,5,11,7,3,9,7,11,0,2,5,6,7,4,0,11,10,6,5,11,4,7,7,5,8,8,3,2,7,0,2,6,3,4,3,5,10,5,6,9,11,4,3,6,11,5,8,5,4,7,9,11,4,7,5,0,6,7,5,4,8,5,5,0,4,10,5,8,0,6,11,6,0,8,5,7,11,2,11,11,6,0,0,7,0,3,6,11,0,5,8,0,11,8,6,8,6,3,6,7,8,0,2,4,8,0,5,3,5,5,4,3,6,7,11,9,11,5,6
0,7,10,5,6,0,8,8,2,3,0,2,6,5,0,10,8,2,4,9,2,2,9,5,4,4,9,5,6,8,7,4,6,0,8,4,10,8,0,2,3,6,7,8,5,2,0,11,7,6,0,5,8,8,6,9,9,4,3,8,2,3,7,4,5,4,6,11,6,7,10,0,5,4,7,0,6,9,6,5,8,10,0,5,8,6,2,7,8,6,5,9,6,6,2,5,11,6,9,2,7,0,7,2,9,6,8,0,3,0,0,7,2,2,8,2,4,7,0,2,6,9,2,0,9,7,9,7,4,7,8,9,2,3,5,9,2,6,4,6,6,5,4,7,8,0,10,0,6,7
2,8,11,6,7,2,9,9,3,4,2,3,7,6,2,11,9,3,5,10,3,3,10,6,5,5,10,6,7,9,8,5,7,2,9,5,11,9,2,3,4,7,8,9,6,3,2,0,8,7,2,6,9,9,7,10,10,5,4,9,3,4,8,5,6,5,7,0,7,8,11,2,6,5,8,2,7,10,7,6,9,11,2,6,9,7,3,8,9,7,6,10,7,7,3,6,0,7,10,3,8,2,8,3,10,7,9,2,4,2,2,8,3,3,9,3,5,8,2,3,7,10,3,2,10,8,10,8,5,8,9,10,3,4,6,10,3,7,5,7,7,6,5,8,9,2,11,2,7,8
3,9,0,7,8,3,10,10,4,5,3,4,8,7,3,0,10,4,6,11,4,4,11,7,6,6,11,7,8,10,9,6,8,3,10,6,0,10,3,4,5,8,9,10,7,4,3,2,9,8,3,7,10,10,8,11,11,6,5,10,4,5,9,6,7,6,8,2,8,9,0,3,7,6,9,3,8,11,8,7,10,0,3,7,10,8,4,9,10,8,7,11,8,8,4,7,2,8,11,4,9,3,9,4,11,8,10,3,5,3,3,9,4,4,10,4,6,9,3,4,8,11,4,3,11,9,11,9,6,9,10,11,4,5,7,11,4,8,6,8,8,7,6,9,10,3,0,3,8,9
4,10,2,8,9,4,11,11,5,6,4,5,9,8,4,2,11,5,7,0,5,5,0,8,7,7,0,8,9,11,10,7,9,4,11,7,2,11,4,5,6,9,10,11,8,5,4,3,10,9,4,8,11,11,9,0,0,7,6,11,5,6,10,7,8,7,9,3,9,10,2,4,8,7,10,4,9,0,9,8,11,2,4,8,11,9,5,10,11,9,8,0,9,9,5,8,3,9,0,5,10,4,10,5,0,9,11,4,6,4,4,10,5,5,11,5,7,10,4,5,9,0,5,4,0,10,0,10,7,10,11,0,5,6,8,0,5,9,7,9,9,8,7,10,11,4,2,4,9,10
5,11,3,9,10,5,0,0,6,7,5,6,10,9,5,3,0,6,8,2,6,6,2,9,8,8,2,9,10,0,11,8,10,5,0,8,3,0,5,6,7,10,11,0,9,6,5,4,11,10,5,9,0,0,10,2,2,8,7,0,6,7,11,8,9,8,10,4,10,11,3,5,9,8,11,5,10,2,10,9,0,3,5,9,0,10,6,11,0,10,9,2,10,10,6,9,4,10,2,6,11,5,11,6,2,10,0,5,7,5,5,11,6,6,0,6,8,11,5,6,10,2,6,5,2,11,2,11,8,11,0,2,6,7,9,2,6,10,8,10,10,9,8,11,0,5,3,5,10,11
6,0,4,10,11,6,2,2,7,8,6,7,11,10,6,4,2,7,9,3,7,7,3,10,9,9,3,10,11,2,0,9,11,6,2,9,4,2,6,7,8,11,0,2,10,7,6,5,0,11,6,10,2,2,11,3,3,9,8,2,7,8,0,9,10,9,11,5,11,0,4,6,10,9,0,6,11,3,11,10,2,4,6,10,2,11,7,0,2,11,10,3,11,11,7,10,5,11,3,7,0,6,0,7,3,11,2,6,8,6,6,0,7,7,2,7,9,0,6,7,11,3,7,6,3,0,3,0,9,0,2,3,7,8,10,3,7,11,9,11,11,10,9,0,2,6,4,6,11,0
7,2,5,11,0,7,3,3,8,9,7,8,0,11,7,5,3,8,10,4,8,8,4,11,10,10,4,11,0,3,2,10,0,7,3,10,5,3,7,8,9,0,2,3,11,8,7,6,2,0,7,11,3,3,0,4,4,10,9,3,8,9,2,10,11,10,0,6,0,2,5,7,11,10,2,7,0,4,0,11,3,5,7,11,3,0,8,2,3,0,11,4,0,0,8,11,6,0,4,8,2,7,2,8,4,0,3,7,9,7,7,2,8,8,3,8,10,2,7,8,0,4,8,7,4,2,4,2,10,2,3,4,8,9,11,4,8,0,10,0,0,11,10,2,3,7,5,7,0,2
8,3,6,0,2,8,4,4,9,10,8,9,2,0,8,6,4,9,11,5,9,9,5,0,11,11,5,0,2,4,3,11,2,8,4,11,6,4,8,9,10,2,3,4,0,9,8,7,3,2,8,0,4,4,2,5,5,11,10,4,9,10,3,11,0,11,2,7,2,3,6,8,0,11,3,8,2,5,2,0,4,6,8,0,4,2,9,3,4,2,0,5,2,2,9,0,7,2,5,9,3,8,3,9,5,2,4,8,10,8,8,3,9,9,4,9,11,3,8,9,2,5,9,8,5,3,5,3,11,3,4,5,9,10,0,5,9,2,11,2,2,0,11,3,4,8,6,8,2,3
9,4,7,2,3,9,5,5,10,11,9,10,3,2,9,7,5,10,0,6,10,10,6,2,0,0,6,2,3,5,4,0,3,9,5,0,7,5,9,10,11,3,4,5,2,10,9,8,4,3,9,2,5,5,3,6,6,0,11,5,10,11,4,0,2,0,3,8,3,4,7,9,2,0,4,9,3,6,3,2,5,7,9,2,5,3,10,4,5,3,2,6,3,3,10,2,8,3,6,10,4,9,4,10,6,3,5,9,11,9,9,4,10,10,5,10,0,4,9,10,3,6,10,9,6,4,6,4,0,4,5,6,10,11,2,6,10,3,0,3,3,2,0,4,5,9,7,9,3,4
10,5,8,3,4,10,6,6,11,0,10,11,4,3,10,8,6,11,2,7,11,11,7,3,2,2,7,3,4,6,5,2,4,10,6,2,8,6,10,11,0,4,5,6,3,11,10,9,5,4,10,3,6,6,4,7,7,2,0,6,11,0,5,2,3,2,4,9,4,5,8,10,3,2,5,10,4,7,4,3,6,8,10,3,6,4,11,5,6,4,3,7,4,4,11,3,9,4,7,11,5,10,5,11,7,4,6,10,0,10,10,5,11,11,6,11,2,5,10,11,4,7,11,10,7,5,7,5,2,5,6,7,11,0,3,7,11,4,2,4,4,3,2,5,6,10,8,10,4,5
11,6,9,4,5,11,7,7,0,2,11,0,5,4,11,9,7,0,3,8,0,0,8,4,3,3,8,4,5,7,6,3,5,11,7,3,9,7,11,0,2,5,6,7,4,0,11,10,6,5,11,4,7,7,5,8,8,3,2,7,0,2,6,3,4,3,5,10,5,6,9,11,4,3,6,11,5,8,5,4,7,9,11,4,7,5,0,6,7,5,4,8,5,5,0,4,10,5,8,0,6,11,6,0,8,5,7,11,2,11,11,6,0,0,7,0,3,6,11,0,5,8,0,11,8,6,8,6,3,6,7,8,0,2,4,8,0,5,3,5,5,4,3,6,7,11,9,11,5,6
0,7,10,5,6,0,8,8,2,3,0,2,6,5,0,10,8,2,4,9,2,2,9,5,4,4,9,5,6,8,7,4,6,0,8,4,10,8,0,2,3,6,7,8,5,2,0,11,7,6,0,5,8,8,6,9,9,4,3,8,2,3,7,4,5,4,6,11,6,7,10,0,5,4,7,0,6,9,6,5,8,10,0,5,8,6,2,7,8,6,5,9,6,6,2,5,11,6,9,2,7,0,7,2,9,6,8,0,3,0,0,7,2,2,8,2,4,7,0,2,6,9,2,0,9,7,9,7,4,7,8,9,2,3,5,9,2,6,4,6,6,5,4,7,8,0,10,0,6,7
2,8,11,6,7,2,9,9,3,4,2,3,7,6,2,11,9,3,5,10,3,3,10,6,5,5,10,6,7,9,8,5,7,2,9,5,11,9,2,3,4,7,8,9,6,3,2,0,8,7,2,6,9,9,7,10,10,5,4,9,3,4,8,5,6,5,7,0,7,8,11,2,6,5,8,2,7,10,7,6,9,11,2,6,9,7,3,8,9,7,6,10,7,7,3,6,0,7,10,3,8,2,8,3,10,7,9,2,4,2,2,8,3,3,9,3,5,8,2,3,7,10,3,2,10,8,10,8,5,8,9,10,3,4,6,10,3,7,5,7,7,6,5,8,9,2,11,2,7,8
3,9,0,7,8,3,10,10,4,5,3,4,8,7,3,0,10,4,6,11,4,4,11,7,6,6,11,7,8,10,9,6,8,3,10,6,0,10,3,4,5,8,9,10,7,4,3,2,9,8,3,7,10,10,8,11,11,6,5,10,4,5,9,6,7,6,8,2,8,9,0,3,7,6,9,3,8,11,8,7,10,0,3,7,10,8,4,9,10,8,7,11,8,8,4,7,2,8,11,4,9,3,9,4,11,8,10,3,5,3,3,9,4,4,10,4,6,9,3,4,8,11,4,3,11,9,11,9,6,9,10,11,4,5,7,11,4,8,6,8,8,7,6,9,10,3,0,3,8,9
4,10,2,8,9,4,11,11,5,6,4,5,9,8,4,2,11,5,7,0,5,5,0,8,7,7,0,8,9,11,10,7,9,4,11,7,2,11,4,5,6,9,10,11,8,5,4,3,10,9,4,8,11,11,9,0,0,7,6,11,5,6,10,7,8,7,9,3,9,10,2,4,8,7,10,4,9,0,9,8,11,2,4,8,11,9,5,10,11,9,8,0,9,9,5,8,3,9,0,5,10,4,10,5,0,9,11,4,6,4,4,10,5,5,11,5,7,10,4,5,9,0,5,4,0,10,0,10,7,10,11,0,5,6,8,0,5,9,7,9,9,8,7,10,11,4,2,4,9,10
5,11,3,9,10,5,0,0,6,7,5,6,10,9,5,3,0,6,8,2,6,6,2,9,8,8,2,9,10,0,11,8,10,5,0,8,3,0,5,6,7,10,11,0,9,6,5,4,11,10,5,9,0,0,10,2,2,8,7,0,6,7,11,8,9,8,10,4,10,11,3,5,9,8,11,5,10,2,10,9,0,3,5,9,0,10,6,11,0,10,9,2,10,10,6,9,4,10,2,6,11,5,11,6,2,10,0,5,7,5,5,11,6,6,0,6,8,11,5,6,10,2,6,5,2,11,2,11,8,11,0,2,6,7,9,2,6,10,8,10,10,9,8,11,0,5,3,5,10,11
6,0,4,10,11,6,2,2,7,8,6,7,11,10,6,4,2,7,9,3,7,7,3,10,9,9,3,10,11,2,0,9,11,6,2,9,4,2,6,7,8,11,0,2,10,7,6,5,0,11,6,10,2,2,11,3,3,9,8,2,7,8,0,9,10,9,11,5,11,0,4,6,10,9,0,6,11,3,11,10,2,4,6,10,2,11,7,0,2,11,10,3,11,11,7,10,5,11,3,7,0,6,0,7,3,11,2,6,8,6,6,0,7,7,2,7,9,0,6,7,11,3,7,6,3,0,3,0,9,0,2,3,7,8,10,3,7,11,9,11,11,10,9,0,2,6,4,6,11,0
7,2,5,11,0,7,3,3,8,9,7,8,0,11,7,5,3,8,10,4,8,8,4,11,10,10,4,11,0,3,2,10,0,7,3,10,5,3,7,8,9,0,2,3,11,8,7,6,2,0,7,11,3,3,0,4,4,10,9,3,8,9,2,10,11,10,0,6,0,2,5,7,11,10,2,7,0,4,0,11,3,5,7,11,3,0,8,2,3,0,11,4,0,0,8,11,6,0,4,8,2,7,2,8,4,0,3,7,9,7,7,2,8,8,3,8,10,2,7,8,0,4,8,7,4,2,4,2,10,2,3,4,8,9,11,4,8,0,10,0,0,11,10,2,3,7,5,7,0,2
8,3,6,0,2,8,4,4,9,10,8,9,2,0,8,6,4,9,11,5,9,9,5,0,11,11,5,0,2,4,3,11,2,8,4,11,6,4,8,9,10,2,3,4,0,9,8,7,3,2,8,0,4,4,2,5,5,11,10,4,9,10,3,11,0,11,2,7,2,3,6,8,0,11,3,8,2,5,2,0,4,6,8,0,4,2,9,3,4,2,0,5,2,2,9,0,7,2,5,9,3,8,3,9,5,2,4,8,10,8,8,3,9,9,4,9,11,3,8,9,2,5,9,8,5,3,5,3,11,3,4,5,9,10,0,5,9,2,11,2,2,0,11,3,4,8,6,8,2,3
9,4,7,2,3,9,5,5,10,11,9,10,3,2,9,7,5,10,0,6,10,10,6,2,0,0,6,2,3,5,4,0,3,9,5,0,7,5,9,10,11,3,4,5,2,10,9,8,4,3,9,2,5,5,3,6,6,0,11,5,10,11,4,0,2,0,3,8,3,4,7,9,2,0,4,9,3,6,3,2,5,7,9,2,5,3,10,4,5,3,2,6,3,3,10,2,8,3,6,10,4,9,4,10,6,3,5,9,11,9,9,4,10,10,5,10,0,4,9,10,3,6,10,9,6,4,6,4,0,4,5,6,10,11,2,6,10,3,0,3,3,2,0,4,5,9,7,9,3,4
10,5,8,3,4,10,6,6,11,0,10,11,4,3,10,8,6,11,2,7,11,11,7,3,2,2,7,3,4,6,5,2,4,10,6,2,8,6,10,11,0,4,5,6,3,11,10,9,5,4,10,3,6,6,4,7,7,2,0,6,11,0,5,2,3,2,4,9,4,5,8,10,3,2,5,10,4,7,4,3,6,8,10,3,6,4,11,5,6,4,3,7,4,4,11,3,9,4,7,11,5,10,5,11,7,4,6,10,0,10,10,5,11,11,6,11,2,5,10,11,4,7,11,10,7,5,7,5,2,5,6,7,11,0,3,7,11,4,2,4,4,3,2,5,6,10,8,10,4,5
11,6,9,4,5,11,7,7,0,2,11,0,5,4,11,9,7,0,3,8,0,0,8,4,3,3,8,4,5,7,6,3,5,11,7,3,9,7,11,0,2,5,6,7,4,0,11,10,6,5,11,4,7,7,5,8,8,3,2,7,0,2,6,3,4,3,5,10,5,6,9,11,4,3,6,11,5,8,5,4,7,9,11,4,7,5,0,6,7,5,4,8,5,5,0,4,10,5,8,0,6,11,6,0,8,5,7,11,2,11,11,6,0,0,7,0,3,6,11,0,5,8,0,11,8,6,8,6,3,6,7,8,0,2,4,8,0,5,3,5,5,4,3,6,7,11,9,11,5,6
0,7,10,5,6,0,8,8,2,3,0,2,6,5,0,10,8,2,4,9,2,2,9,5,4,4,9,5,6,8,7,4,6,0,8,4,10,8,0,2,3,6,7,8,5,2,0,11,7,6,0,5,8,8,6,9,9,4,3,8,2,3,7,4,5,4,6,11,6,7,10,0,5,4,7,0,6,9,6,5,8,10,0,5,8,6,2,7,8,6,5,9,6,6,2,5,11,6,9,2,7,0,7,2,9,6,8,0,3,0,0,7,2,2,8,2,4,7,0,2,6,9,2,0,9,7,9,7,4,7,8,9,2,3,5,9,2,6,4,6,6,5,4,7,8,0,10,0,6,7
2,8,11,6,7,2,9,9,3,4,2,3,7,6,2,11,9,3,5,10,3,3,10,6,5,5,10,6,7,9,8,5,7,2,9,5,11,9,2,3,4,7,8,9,6,3,2,0,8,7,2,6,9,9,7,10,10,5,4,9,3,4,8,5,6,5,7,0,7,8,11,2,6,5,8,2,7,10,7,6,9,11,2,6,9,7,3,8,9,7,6,10,7,7,3,6,0,7,10,3,8,2,8,3,10,7,9,2,4,2,2,8,3,3,9,3,5,8,2,3,7,10,3,2,10,8,10,8,5,8,9,10,3,4,6,10,3,7,5,7,7,6,5,8,9,2,11,2,7,8
3,9,0,7,8,3,10,10,4,5,3,4,8,7,3,0,10,4,6,11,4,4,11,7,6,6,11,7,8,10,9,6,8,3,10,6,0,10,3,4,5,8,9,10,7,4,3,2,9,8,3,7,10,10,8,11,11,6,5,10,4,5,9,6,7,6,8,2,8,9,0,3,7,6,9,3,8,11,8,7,10,0,3,7,10,8,4,9,10,8,7,11,8,8,4,7,2,8,11,4,9,3,9,4,11,8,10,3,5,3,3,9,4,4,10,4,6,9,3,4,8,11,4,3,11,9,11,9,6,9,10,11,4,5,7,11,4,8,6,8,8,7,6,9,10,3,0,3,8,9
4,10,2,8,9,4,11,11,5,6,4,5,9,8,4,2,11,5,7,0,5,5,0,8,7,7,0,8,9,11,10,7,9,4,11,7,2,11,4,5,6,9,10,11,8,5,4,3,10,9,4,8,11,11,9,0,0,7,6,11,5,6,10,7,8,7,9,3,9,10,2,4,8,7,10,4,9,0,9,8,11,2,4,8,11,9,5,10,11,9,8,0,9,9,5,8,3,9,0,5,10,4,10,5,0,9,11,4,6,4,4,10,5,5,11,5,7,10,4,5,9,0,5,4,0,10,0,10,7,10,11,0,5,6,8,0,5,9,7,9,9,8,7,10,11,4,2,4,9,10
5,11,3,9,10,5,0,0,6,7,5,6,10,9,5,3,0,6,8,2,6,6,2,9,8,8,2,9,10,0,11,8,10,5,0,8,3,0,5,6,7,10,11,0,9,6,5,4,11,10,5,9,0,0,10,2,2,8,7,0,6,7,11,8,9,8,10,4,10,11,3,5,9,8,11,5,10,2,10,9,0,3,5,9,0,10,6,11,0,10,9,2,10,10,6,9,4,10,2,6,11,5,11,6,2,10,0,5,7,5,5,11,6,6,0,6,8,11,5,6,10,2,6,5,2,11,2,11,8,11,0,2,6,7,9,2,6,10,8,10,10,9,8,11,0,5,3,5,10,11
6,0,4,10,11,6,2,2,7,8,6,7,11,10,6,4,2,7,9,3,7,7,3,10,9,9,3,10,11,2,0,9,11,6,2,9,4,2,6,7,8,11,0,2,10,7,6,5,0,11,6,10,2,2,11,3,3,9,8,2,7,8,0,9,10,9,11,5,11,0,4,6,10,9,0,6,11,3,11,10,2,4,6,10,2,11,7,0,2,11,10,3,11,11,7,10,5,11,3,7,0,6,0,7,3,11,2,6,8,6,6,0,7,7,2,7,9,0,6,7,11,3,7,6,3,0,3,0,9,0,2,3,7,8,10,3,7,11,9,11,11,10,9,0,2,6,4,6,11,0
7,2,5,11,0,7,3,3,8,9,7,8,0,11,7,5,3,8,10,4,8,8,4,11,10,10,4,11,0,3,2,10,0,7,3,10,5,3,7,8,9,0,2,3,11,8,7,6,2,0,7,11,3,3,0,4,4,10,9,3,8,9,2,10,11,10,0,6,0,2,5,7,11,10,2,7,0,4,0,11,3,5,7,11,3,0,8,2,3,0,11,4,0,0,8,11,6,0,4,8,2,7,2,8,4,0,3,7,9,7,7,2,8,8,3,8,10,2,7,8,0,4,8,7,4,2,4,2,10,2,3,4,8,9,11,4,8,0,10,0,0,11,10,2,3,7,5,7,0,2
8,3,6,0,2,8,4,4,9,10,8,9,2,0,8,6,4,9,11,5,9,9,5,0,11,11,5,0,2,4,3,11,2,8,4,11,6,4,8,9,10,2,3,4,0,9,8,7,3,2,8,0,4,4,2,5,5,11,10,4,9,10,3,11,0,11,2,7,2,3,6,8,0,11,3,8,2,5,2,0,4,6,8,0,4,2,9,3,4,2,0,5,2,2,9,0,7,2,5,9,3,8,3,9,5,2,4,8,10,8,8,3,9,9,4,9,11,3,8,9,2,5,9,8,5,3,5,3,11,3,4,5,9,10,0,5,9,2,11,2,2,0,11,3,4,8,6,8,2,3
9,4,7,2,3,9,5,5,10,11,9,10,3,2,9,7,5,10,0,6,10,10,6,2,0,0,6,2,3,5,4,0,3,9,5,0,7,5,9,10,11,3,4,5,2,10,9,8,4,3,9,2,5,5,3,6,6,0,11,5,10,11,4,0,2,0,3,8,3,4,7,9,2,0,4,9,3,6,3,2,5,7,9,2,5,3,10,4,5,3,2,6,3,3,10,2,8,3,6,10,4,9,4,10,6,3,5,9,11,9,9,4,10,10,5,10,0,4,9,10,3,6,10,9,6,4,6,4,0,4,5,6,10,11,2,6,10,3,0,3,3,2,0,4,5,9,7,9,3,4
10,5,8,3,4,10,6,6,11,0,10,11,4,3,10,8,6,11,2,7,11,11,7,3,2,2,7,3,4,6,5,2,4,10,6,2,8,6,10,11,0,4,5,6,3,11,10,9,5,4,10,3,6,6,4,7,7,2,0,6,11,0,5,2,3,2,4,9,4,5,8,10,3,2,5,10,4,7,4,3,6,8,10,3,6,4,11,5,6,4,3,7,4,4,11,3,9,4,7,11,5,10,5,11,7,4,6,10,0,10,10,5,11,11,6,11,2,5,10,11,4,7,11,10,7,5,7,5,2,5,6,7,11,0,3,7,11,4,2,4,4,3,2,5,6,10,8,10,4,5
11,6,9,4,5,11,7,7,0,2,11,0,5,4,11,9,7,0,3,8,0,0,8,4,3,3,8,4,5,7,6,3,5,11,7,3,9,7,11,0,2,5,6,7,4,0,11,10,6,5,11,4,7,7,5,8,8,3,2,7,0,2,6,3,4,3,5,10,5,6,9,11,4,3,6,11,5,8,5,4,7,9,11,4,7,5,0,6,7,5,4,8,5,5,0,4,10,5,8,0,6,11,6,0,8,5,7,11,2,11,11,6,0,0,7,0,3,6,11,0,5,8,0,11,8,6,8,6,3,6,7,8,0,2,4,8,0,5,3,5,5,4,3,6,7,11,9,11,5,6
0,7,10,5,6,0,8,8,2,3,0,2,6,5,0,10,8,2,4,9,2,2,9,5,4,4,9,5,6,8,7,4,6,0,8,4,10,8,0,2,3,6,7,8,5,2,0,11,7,6,0,5,8,8,6,9,9,4,3,8,2,3,7,4,5,4,6,11,6,7,10,0,5,4,7,0,6,9,6,5,8,10,0,5,8,6,2,7,8,6,5,9,6,6,2,5,11,6,9,2,7,0,7,2,9,6,8,0,3,0,0,7,2,2,8,2,4,7,0,2,6,9,2,0,9,7,9,7,4,7,8,9,2,3,5,9,2,6,4,6,6,5,4,7,8,0,10,0,6,7
2,8,11,6,7,2,9,9,3,4,2,3,7,6,2,11,9,3,5,10,3,3,10,6,5,5,10,6,7,9,8,5,7,2,9,5,11,9,2,3,4,7,8,9,6,3,2,0,8,7,2,6,9,9,7,10,10,5,4,9,3,4,8,5,6,5,7,0,7,8,11,2,6,5,8,2,7,10,7,6,9,11,2,6,9,7,3,8,9,7,6,10,7,7,3,6,0,7,10,3,8,2,8,3,10,7,9,2,4,2,2,8,3,3,9,3,5,8,2,3,7,10,3,2,10,8,10,8,5,8,9,10,3,4,6,10,3,7,5,7,7,6,5,8,9,2,11,2,7,8
3,9,0,7,8,3,10,10,4,5,3,4,8,7,3,0,10,4,6,11,4,4,11,7,6,6,11,7,8,10,9,6,8,3,10,6,0,10,3,4,5,8,9,10,7,4,3,2,9,8,3,7,10,10,8,11,11,6,5,10,4,5,9,6,7,6,8,2,8,9,0,3,7,6,9,3,8,11,8,7,10,0,3,7,10,8,4,9,10,8,7,11,8,8,4,7,2,8,11,4,9,3,9,4,11,8,10,3,5,3,3,9,4,4,10,4,6,9,3,4,8,11,4,3,11,9,11,9,6,9,10,11,4,5,7,11,4,8,6,8,8,7,6,9,10,3,0,3,8,9
4,10,2,8,9,4,11,11,5,6,4,5,9,8,4,2,11,5,7,0,5,5,0,8,7,7,0,8,9,11,10,7,9,4,11,7,2,11,4,5,6,9,10,11,8,5,4,3,10,9,4,8,11,11,9,0,0,7,6,11,5,6,10,7,8,7,9,3,9,10,2,4,8,7,10,4,9,0,9,8,11,2,4,8,11,9,5,10,11,9,8,0,9,9,5,8,3,9,0,5,10,4,10,5,0,9,11,4,6,4,4,10,5,5,11,5,7,10,4,5,9,0,5,4,0,10,0,10,7,10,11,0,5,6,8,0,5,9,7,9,9,8,7,10,11,4,2,4,9,10
5,11,3,9,10,5,0,0,6,7,5,6,10,9,5,3,0,6,8,2,6,6,2,9,8,8,2,9,10,0,11,8,10,5,0,8,3,0,5,6,7,10,11,0,9,6,5,4,11,10,5,9,0,0,10,2,2,8,7,0,6,7,11,8,9,8,10,4,10,11,3,5,9,8,11,5,10,2,10,9,0,3,5,9,0,10,6,11,0,10,9,2,10,10,6,9,4,10,2,6,11,5,11,6,2,10,0,5,7,5,5,11,6,6,0,6,8,11,5,6,10,2,6,5,2,11,2,11,8,11,0,2,6,7,9,2,6,10,8,10,10,9,8,11,0,5,3,5,10,11
6,0,4,10,11,6,2,2,7,8,6,7,11,10,6,4,2,7,9,3,7,7,3,10,9,9,3,10,11,2,0,9,11,6,2,9,4,2,6,7,8,11,0,2,10,7,6,5,0,11,6,10,2,2,11,3,3,9,8,2,7,8,0,9,10,9,11,5,11,0,4,6,10,9,0,6,11,3,11,10,2,4,6,10,2,11,7,0,2,11,10,3,11,11,7,10,5,11,3,7,0,6,0,7,3,11,2,6,8,6,6,0,7,7,2,7,9,0,6,7,11,3,7,6,3,0,3,0,9,0,2,3,7,8,10,3,7,11,9,11,11,10,9,0,2,6,4,6,11,0
7,2,5,11,0,7,3,3,8,9,7,8,0,11,7,5,3,8,10,4,8,8,4,11,10,10,4,11,0,3,2,10,0,7,3,10,5,3,7,8,9,0,2,3,11,8,7,6,2,0,7,11,3,3,0,4,4,10,9,3,8,9,2,10,11,10,0,6,0,2,5,7,11,10,2,7,0,4,0,11,3,5,7,11,3,0,8,2,3,0,11,4,0,0,8,11,6,0,4,8,2,7,2,8,4,0,3,7,9,7,7,2,8,8,3,8,10,2,7,8,0,4,8,7,4,2,4,2,10,2,3,4,8,9,11,4,8,0,10,0,0,11,10,2,3,7,5,7,0,2
8,3,6,0,2,8,4,4,9,10,8,9,2,0,8,6,4,9,11,5,9,9,5,0,11,11,5,0,2,4,3,11,2,8,4,11,6,4,8,9,10,2,3,4,0,9,8,7,3,2,8,0,4,4,2,5,5,11,10,4,9,10,3,11,0,11,2,7,2,3,6,8,0,11,3,8,2,5,2,0,4,6,8,0,4,2,9,3,4,2,0,5,2,2,9,0,7,2,5,9,3,8,3,9,5,2,4,8,10,8,8,3,9,9,4,9,11,3,8,9,2,5,9,8,5,3,5,3,11,3,4,5,9,10,0,5,9,2,11,2,2,0,11,3,4,8,6,8,2,3
9,4,7,2,3,9,5,5,10,11,9,10,3,2,9,7,5,10,0,6,10,10,6,2,0,0,6,2,3,5,4,0,3,9,5,0,7,5,9,10,11,3,4,5,2,10,9,8,4,3,9,2,5,5,3,6,6,0,11,5,10,11,4,0,2,0,3,8,3,4,7,9,2,0,4,9,3,6,3,2,5,7,9,2,5,3,10,4,5,3,2,6,3,3,10,2,8,3,6,10,4,9,4,10,6,3,5,9,11,9,9,4,10,10,5,10,0,4,9,10,3,6,10,9,6,4,6,4,0,4,5,6,10,11,2,6,10,3,0,3,3,2,0,4,5,9,7,9,3,4
10,5,8,3,4,10,6,6,11,0,10,11,4,3,10,8,6,11,2,7,11,11,7,3,2,2,7,3,4,6,5,2,4,10,6,2,8,6,10,11,0,4,5,6,3,11,10,9,5,4,10,3,6,6,4,7,7,2,0,6,11,0,5,2,3,2,4,9,4,5,8,10,3,2,5,10,4,7,4,3,6,8,10,3,6,4,11,5,6,4,3,7,4,4,11,3,9,4,7,11,5,10,5,11,7,4,6,10,0,10,10,5,11,11,6,11,2,5,10,11,4,7,11,10,7,5,7,5,2,5,6,7,11,0,3,7,11,4,2,4,4,3,2,5,6,10,8,10,4,5
11,6,9,4,5,11,7,7,0,2,11,0,5,4,11,9,7,0,3,8,0,0,8,4,3,3,8,4,5,7,6,3,5,11,7,3,9,7,11,0,2,5,6,7,4,0,11,10,6,5,11,4,7,7,5,8,8,3,2,7,0,2,6,3,4,3,5,10,5,6,9,11,4,3,6,11,5,8,5,4,7,9,11,4,7,5,0,6,7,5,4,8,5,5,0,4,10,5,8,0,6,11,6,0,8,5,7,11,2,11,11,6,0,0,7,0,3,6,11,0,5,8,0,11,8,6,8,6,3,6,7,8,0,2,4,8,0,5,3,5,5,4,3,6,7,11,9,11,5,6
0,7,10,5,6,0,8,8,2,3,0,2,6,5,0,10,8,2,4,9,2,2,9,5,4,4,9,5,6,8,7,4,6,0,8,4,10,8,0,2,3,6,7,8,5,2,0,11,7,6,0,5,8,8,6,9,9,4,3,8,2,3,7,4,5,4,6,11,6,7,10,0,5,4,7,0,6,9,6,5,8,10,0,5,8,6,2,7,8,6,5,9,6,6,2,5,11,6,9,2,7,0,7,2,9,6,8,0,3,0,0,7,2,2,8,2,4,7,0,2,6,9,2,0,9,7,9,7,4,7,8,9,2,3,5,9,2,6,4,6,6,5,4,7,8,0,10,0,6,7
2,8,11,6,7,2,9,9,3,4,2,3,7,6,2,11,9,3,5,10,3,3,10,6,5,5,10,6,7,9,8,5,7,2,9,5,11,9,2,3,4,7,8,9,6,3,2,0,8,7,2,6,9,9,7,10,10,5,4,9,3,4,8,5,6,5,7,0,7,8,11,2,6,5,8,2,7,10,7,6,9,11,2,6,9,7,3,8,9,7,6,10,7,7,3,6,0,7,10,3,8,2,8,3,10,7,9,2,4,2,2,8,3,3,9,3,5,8,2,3,7,10,3,2,10,8,10,8,5,8,9,10,3,4,6,10,3,7,5,7,7,6,5,8,9,2,11,2,7,8
3,9,0,7,8,3,10,10,4,5,3,4,8,7,3,0,10,4,6,11,4,4,11,7,6,6,11,7,8,10,9,6,8,3,10,6,0,10,3,4,5,8,9,10,7,4,3,2,9,8,3,7,10,10,8,11,11,6,5,10,4,5,9,6,7,6,8,2,8,9,0,3,7,6,9,3,8,11,8,7,10,0,3,7,10,8,4,9,10,8,7,11,8,8,4,7,2,8,11,4,9,3,9,4,11,8,10,3,5,3,3,9,4,4,10,4,6,9,3,4,8,11,4,3,11,9,11,9,6,9,10,11,4,5,7,11,4,8,6,8,8,7,6,9,10,3,0,3,8,9
4,10,2,8,9,4,11,11,5,6,4,5,9,8,4,2,11,5,7,0,5,5,0,8,7,7,0,8,9,11,10,7,9,4,11,7,2,11,4,5,6,9,10,11,8,5,4,3,10,9,4,8,11,11,9,0,0,7,6,11,5,6,10,7,8,7,9,3,9,10,2,4,8,7,10,4,9,0,9,8,11,2,4,8,11,9,5,10,11,9,8,0,9,9,5,8,3,9,0,5,10,4,10,5,0,9,11,4,6,4,4,10,5,5,11,5,7,10,4,5,9,0,5,4,0,10,0,10,7,10,11,0,5,6,8,0,5,9,7,9,9,8,7,10,11,4,2,4,9,10
5,11,3,9,10,5,0,0,6,7,5,6,10,9,5,3,0,6,8,2,6,6,2,9,8,8,2,9,10,0,11,8,10,5,0,8,3,0,5,6,7,10,11,0,9,6,5,4,11,10,5,9,0,0,10,2,2,8,7,0,6,7,11,8,9,8,10,4,10,11,3,5,9,8,11,5,10,2,10,9,0,3,5,9,0,10,6,11,0,10,9,2,10,10,6,9,4,10,2,6,11,5,11,6,2,10,0,5,7,5,5,11,6,6,0,6,8,11,5,6,10,2,6,5,2,11,2,11,8,11,0,2,6,7,9,2,6,10,8,10,10,9,8,11,0,5,3,5,10,11
6,0,4,10,11,6,2,2,7,8,6,7,11,10,6,4,2,7,9,3,7,7,3,10,9,9,3,10,11,2,0,9,11,6,2,9,4,2,6,7,8,11,0,2,10,7,6,5,0,11,6,10,2,2,11,3,3,9,8,2,7,8,0,9,10,9,11,5,11,0,4,6,10,9,0,6,11,3,11,10,2,4,6,10,2,11,7,0,2,11,10,3,11,11,7,10,5,11,3,7,0,6,0,7,3,11,2,6,8,6,6,0,7,7,2,7,9,0,6,7,11,3,7,6,3,0,3,0,9,0,2,3,7,8,10,3,7,11,9,11,11,10,9,0,2,6,4,6,11,0
7,2,5,11,0,7,3,3,8,9,7,8,0,11,7,5,3,8,10,4,8,8,4,11,10,10,4,11,0,3,2,10,0,7,3,10,5,3,7,8,9,0,2,3,11,8,7,6,2,0,7,11,3,3,0,4,4,10,9,3,8,9,2,10,11,10,0,6,0,2,5,7,11,10,2,7,0,4,0,11,3,5,7,11,3,0,8,2,3,0,11,4,0,0,8,11,6,0,4,8,2,7,2,8,4,0,3,7,9,7,7,2,8,8,3,8,10,2,7,8,0,4,8,7,4,2,4,2,10,2,3,4,8,9,11,4,8,0,10,0,0,11,10,2,3,7,5,7,0,2
8,3,6,0,2,8,4,4,9,10,8,9,2,0,8,6,4,9,11,5,9,9,5,0,11,11,5,0,2,4,3,11,2,8,4,11,6,4,8,9,10,2,3,4,0,9,8,7,3,2,8,0,4,4,2,5,5,11,10,4,9,10,3,11,0,11,2,7,2,3,6,8,0,11,3,8,2,5,2,0,4,6,8,0,4,2,9,3,4,2,0,5,2,2,9,0,7,2,5,9,3,8,3,9,5,2,4,8,10,8,8,3,9,9,4,9,11,3,8,9,2,5,9,8,5,3,5,3,11,3,4,5,9,10,0,5,9,2,11,2,2,0,11,3,4,8,6,8,2,3
9,4,7,2,3,9,5,5,10,11,9,10,3,2,9,7,5,10,0,6,10,10,6,2,0,0,6,2,3,5,4,0,3,9,5,0,7,5,9,10,11,3,4,5,2,10,9,8,4,3,9,2,5,5,3,6,6,0,11,5,10,11,4,0,2,0,3,8,3,4,7,9,2,0,4,9,3,6,3,2,5,7,9,2,5,3,10,4,5,3,2,6,3,3,10,2,8,3,6,10,4,9,4,10,6,3,5,9,11,9,9,4,10,10,5,10,0,4,9,10,3,6,10,9,6,4,6,4,0,4,5,6,10,11,2,6,10,3,0,3,3,2,0,4,5,9,7,9,3,4
10,5,8,3,4,10,6,6,11,0,10,11,4,3,10,8,6,11,2,7,11,11,7,3,2,2,7,3,4,6,5,2,4,10,6,2,8,6,10,11,0,4,5,6,3,11,10,9,5,4,10,3,6,6,4,7,7,2,0,6,11,0,5,2,3,2,4,9,4,5,8,10,3,2,5,10,4,7,4,3,6,8,10,3,6,4,11,5,6,4,3,7,4,4,11,3,9,4,7,11,5,10,5,11,7,4,6,10,0,10,10,5,11,11,6,11,2,5,10,11,4,7,11,10,7,5,7,5,2,5,6,7,11,0,3,7,11,4,2,4,4,3,2,5,6,10,8,10,4,5
11,6,9,4,5,11,7,7,0,2,11,0,5,4,11,9,7,0,3,8,0,0,8,4,3,3,8,4,5,7,6,3,5,11,7,3,9,7,11,0,2,5,6,7,4,0,11,10,6,5,11,4,7,7,5,8,8,3,2,7,0,2,6,3,4,3,5,10,5,6,9,11,4,3,6,11,5,8,5,4,7,9,11,4,7,5,0,6,7,5,4,8,5,5,0,4,10,5,8,0,6,11,6,0,8,5,7,11,2,11,11,6,0,0,7,0,3,6,11,0,5,8,0,11,8,6,8,6,3,6,7,8,0,2,4,8,0,5,3,5,5,4,3,6,7,11,9,11,5,6
0,7,10,5,6,0,8,8,2,3,0,2,6,5,0,10,8,2,4,9,2,2,9,5,4,4,9,5,6,8,7,4,6,0,8,4,10,8,0,2,3,6,7,8,5,2,0,11,7,6,0,5,8,8,6,9,9,4,3,8,2,3,7,4,5,4,6,11,6,7,10,0,5,4,7,0,6,9,6,5,8,10,0,5,8,6,2,7,8,6,5,9,6,6,2,5,11,6,9,2,7,0,7,2,9,6,8,0,3,0,0,7,2,2,8,2,4,7,0,2,6,9,2,0,9,7,9,7,4,7,8,9,2,3,5,9,2,6,4,6,6,5,4,7,8,0,10,0,6,7
2,8,11,6,7,2,9,9,3,4,2,3,7,6,2,11,9,3,5,10,3,3,10,6,5,5,10,6,7,9,8,5,7,2,9,5,11,9,2,3,4,7,8,9,6,3,2,0,8,7,2,6,9,9,7,10,10,5,4,9,3,4,8,5,6,5,7,0,7,8,11,2,6,5,8,2,7,10,7,6,9,11,2,6,9,7,3,8,9,7,6,10,7,7,3,6,0,7,10,3,8,2,8,3,10,7,9,2,4,2,2,8,3,3,9,3,5,8,2,3,7,10,3,2,10,8,10,8,5,8,9,10,3,4,6,10,3,7,5,7,7,6,5,8,9,2,11,2,7,8
3,9,0,7,8,3,10,10,4,5,3,4,8,7,3,0,10,4,6,11,4,4,11,7,6,6,11,7,8,10,9,6,8,3,10,6,0,10,3,4,5,8,9,10,7,4,3,2,9,8,3,7,10,10,8,11,11,6,5,10,4,5,9,6,7,6,8,2,8,9,0,3,7,6,9,3,8,11,8,7,10,0,3,7,10,8,4,9,10,8,7,11,8,8,4,7,2,8,11,4,9,3,9,4,11,8,10,3,5,3,3,9,4,4,10,4,6,9,3,4,8,11,4,3,11,9,11,9,6,9,10,11,4,5,7,11,4,8,6,8,8,7,6,9,10,3,0,3,8,9
4,10,2,8,9,4,11,11,5,6,4,5,9,8,4,2,11,5,7,0,5,5,0,8,7,7,0,8,9,11,10,7,9,4,11,7,2,11,4,5,6,9,10,11,8,5,4,3,10,9,4,8,11,11,9,0,0,7,6,11,5,6,10,7,8,7,9,3,9,10,2,4,8,7,10,4,9,0,9,8,11,2,4,8,11,9,5,10,11,9,8,0,9,9,5,8,3,9,0,5,10,4,10,5,0,9,11,4,6,4,4,10,5,5,11,5,7,10,4,5,9,0,5,4,0,10,0,10,7,10,11,0,5,6,8,0,5,9,7,9,9,8,7,10,11,4,2,4,9,10
5,11,3,9,10,5,0,0,6,7,5,6,10,9,5,3,0,6,8,2,6,6,2,9,8,8,2,9,10,0,11,8,10,5,0,8,3,0,5,6,7,10,11,0,9,6,5,4,11,10,5,9,0,0,10,2,2,8,7,0,6,7,11,8,9,8,10,4,10,11,3,5,9,8,11,5,10,2,10,9,0,3,5,9,0,10,6,11,0,10,9,2,10,10,6,9,4,10,2,6,11,5,11,6,2,10,0,5,7,5,5,11,6,6,0,6,8,11,5,6,10,2,6,5,2,11,2,11,8,11,0,2,6,7,9,2,6,10,8,10,10,9,8,11,0,5,3,5,10,11
6,0,4,10,11,6,2,2,7,8,6,7,11,10,6,4,2,7,9,3,7,7,3,10,9,9,3,10,11,2,0,9,11,6,2,9,4,2,6,7,8,11,0,2,10,7,6,5,0,11,6,10,2,2,11,3,3,9,8,2,7,8,0,9,10,9,11,5,11,0,4,6,10,9,0,6,11,3,11,10,2,4,6,10,2,11,7,0,2,11,10,3,11,11,7,10,5,11,3,7,0,6,0,7,3,11,2,6,8,6,6,0,7,7,2,7,9,0,6,7,11,3,7,6,3,0,3,0,9,0,2,3,7,8,10,3,7,11,9,11,11,10,9,0,2,6,4,6,11,0
7,2,5,11,0,7,3,3,8,9,7,8,0,11,7,5,3,8,10,4,8,8,4,11,10,10,4,11,0,3,2,10,0,7,3,10,5,3,7,8,9,0,2,3,11,8,7,6,2,0,7,11,3,3,0,4,4,10,9,3,8,9,2,10,11,10,0,6,0,2,5,7,11,10,2,7,0,4,0,11,3,5,7,11,3,0,8,2,3,0,11,4,0,0,8,11,6,0,4,8,2,7,2,8,4,0,3,7,9,7,7,2,8,8,3,8,10,2,7,8,0,4,8,7,4,2,4,2,10,2,3,4,8,9,11,4,8,0,10,0,0,11,10,2,3,7,5,7,0,2
8,3,6,0,2,8,4,4,9,10,8,9,2,0,8,6,4,9,11,5,9,9,5,0,11,11,5,0,2,4,3,11,2,8,4,11,6,4,8,9,10,2,3,4,0,9,8,7,3,2,8,0,4,4,2,5,5,11,10,4,9,10,3,11,0,11,2,7,2,3,6,8,0,11,3,8,2,5,2,0,4,6,8,0,4,2,9,3,4,2,0,5,2,2,9,0,7,2,5,9,3,8,3,9,5,2,4,8,10,8,8,3,9,9,4,9,11,3,8,9,2,5,9,8,5,3,5,3,11,3,4,5,9,10,0,5,9,2,11,2,2,0,11,3,4,8,6,8,2,3
9,4,7,2,3,9,5,5,10,11,9,10,3,2,9,7,5,10,0,6,10,10,6,2,0,0,6,2,3,5,4,0,3,9,5,0,7,5,9,10,11,3,4,5,2,10,9,8,4,3,9,2,5,5,3,6,6,0,11,5,10,11,4,0,2,0,3,8,3,4,7,9,2,0,4,9,3,6,3,2,5,7,9,2,5,3,10,4,5,3,2,6,3,3,10,2,8,3,6,10,4,9,4,10,6,3,5,9,11,9,9,4,10,10,5,10,0,4,9,10,3,6,10,9,6,4,6,4,0,4,5,6,10,11,2,6,10,3,0,3,3,2,0,4,5,9,7,9,3,4
10,5,8,3,4,10,6,6,11,0,10,11,4,3,10,8,6,11,2,7,11,11,7,3,2,2,7,3,4,6,5,2,4,10,6,2,8,6,10,11,0,4,5,6,3,11,10,9,5,4,10,3,6,6,4,7,7,2,0,6,11,0,5,2,3,2,4,9,4,5,8,10,3,2,5,10,4,7,4,3,6,8,10,3,6,4,11,5,6,4,3,7,4,4,11,3,9,4,7,11,5,10,5,11,7,4,6,10,0,10,10,5,11,11,6,11,2,5,10,11,4,7,11,10,7,5,7,5,2,5,6,7,11,0,3,7,11,4,2,4,4,3,2,5,6,10,8,10,4,5
11,6,9,4,5,11,7,7,0,2,11,0,5,4,11,9,7,0,3,8,0,0,8,4,3,3,8,4,5,7,6,3,5,11,7,3,9,7,11,0,2,5,6,7,4,0,11,10,6,5,11,4,7,7,5,8,8,3,2,7,0,2,6,3,4,3,5,10,5,6,9,11,4,3,6,11,5,8,5,4,7,9,11,4,7,5,0,6,7,5,4,8,5,5,0,4,10,5,8,0,6,11,6,0,8,5,7,11,2,11,11,6,0,0,7,0,3,6,11,0,5,8,0,11,8,6,8,6,3,6,7,8,0,2,4,8,0,5,3,5,5,4,3,6,7,11,9,11,5,6
0,7,10,5,6,0,8,8,2,3,0,2,6,5,0,10,8,2,4,9,2,2,9,5,4,4,9,5,6,8,7,4,6,0,8,4,10,8,0,2,3,6,7,8,5,2,0,11,7,6,0,5,8,8,6,9,9,4,3,8,2,3,7,4,5,4,6,11,6,7,10,0,5,4,7,0,6,9,6,5,8,10,0,5,8,6,2,7,8,6,5,9,6,6,2,5,11,6,9,2,7,0,7,2,9,6,8,0,3,0,0,7,2,2,8,2,4,7,0,2,6,9,2,0,9,7,9,7,4,7,8,9,2,3,5,9,2,6,4,6,6,5,4,7,8,0,10,0,6,7
2,8,11,6,7,2,9,9,3,4,2,3,7,6,2,11,9,3,5,10,3,3,10,6,5,5,10,6,7,9,8,5,7,2,9,5,11,9,2,3,4,7,8,9,6,3,2,0,8,7,2,6,9,9,7,10,10,5,4,9,3,4,8,5,6,5,7,0,7,8,11,2,6,5,8,2,7,10,7,6,9,11,2,6,9,7,3,8,9,7,6,10,7,7,3,6,0,7,10,3,8,2,8,3,10,7,9,2,4,2,2,8,3,3,9,3,5,8,2,3,7,10,3,2,10,8,10,8,5,8,9,10,3,4,6,10,3,7,5,7,7,6,5,8,9,2,11,2,7,8
3,9,0,7,8,3,10,10,4,5,3,4,8,7,3,0,10,4,6,11,4,4,11,7,6,6,11,7,8,10,9,6,8,3,10,6,0,10,3,4,5,8,9,10,7,4,3,2,9,8,3,7,10,10,8,11,11,6,5,10,4,5,9,6,7,6,8,2,8,9,0,3,7,6,9,3,8,11,8,7,10,0,3,7,10,8,4,9,10,8,7,11,8,8,4,7,2,8,11,4,9,3,9,4,11,8,10,3,5,3,3,9,4,4,10,4,6,9,3,4,8,11,4,3,11,9,11,9,6,9,10,11,4,5,7,11,4,8,6,8,8,7,6,9,10,3,0,3,8,9
4,10,2,8,9,4,11,11,5,6,4,5,9,8,4,2,11,5,7,0,5,5,0,8,7,7,0,8,9,11,10,7,9,4,11,7,2,11,4,5,6,9,10,11,8,5,4,3,10,9,4,8,11,11,9,0,0,7,6,11,5,6,10,7,8,7,9,3,9,10,2,4,8,7,10,4,9,0,9,8,11,2,4,8,11,9,5,10,11,9,8,0,9,9,5,8,3,9,0,5,10,4,10,5,0,9,11,4,6,4,4,10,5,5,11,5,7,10,4,5,9,0,5,4,0,10,0,10,7,10,11,0,5,6,8,0,5,9,7,9,9,8,7,10,11,4,2,4,9,10
5,11,3,9,10,5,0,0,6,7,5,6,10,9,5,3,0,6,8,2,6,6,2,9,8,8,2,9,10,0,11,8,10,5,0,8,3,0,5,6,7,10,11,0,9,6,5,4,11,10,5,9,0,0,10,2,2,8,7,0,6,7,11,8,9,8,10,4,10,11,3,5,9,8,11,5,10,2,10,9,0,3,5,9,0,10,6,11,0,10,9,2,10,10,6,9,4,10,2,6,11,5,11,6,2,10,0,5,7,5,5,11,6,6,0,6,8,11,5,6,10,2,6,5,2,11,2,11,8,11,0,2,6,7,9,2,6,10,8,10,10,9,8,11,0,5,3,5,10,11
6,0,4,10,11,6,2,2,7,8,6,7,11,10,6,4,2,7,9,3,7,7,3,10,9,9,3,10,11,2,0,9,11,6,2,9,4,2,6,7,8,11,0,2,10,7,6,5,0,11,6,10,2,2,11,3,3,9,8,2,7,8,0,9,10,9,11,5,11,0,4,6,10,9,0,6,11,3,11,10,2,4,6,10,2,11,7,0,2,11,10,3,11,11,7,10,5,11,3,7,0,6,0,7,3,11,2,6,8,6,6,0,7,7,2,7,9,0,6,7,11,3,7,6,3,0,3,0,9,0,2,3,7,8,10,3,7,11,9,11,11,10,9,0,2,6,4,6,11,0
7,2,5,11,0,7,3,3,8,9,7,8,0,11,7,5,3,8,10,4,8,8,4,11,10,10,4,11,0,3,2,10,0,7,3,10,5,3,7,8,9,0,2,3,11,8,7,6,2,0,7,11,3,3,0,4,4,10,9,3,8,9,2,10,11,10,0,6,0,2,5,7,11,10,2,7,0,4,0,11,3,5,7,11,3,0,8,2,3,0,11,4,0,0,8,11,6,0,4,8,2,7,2,8,4,0,3,7,9,7,7,2,8,8,3,8,10,2,7,8,0,4,8,7,4,2,4,2,10,2,3,4,8,9,11,4,8,0,10,0,0,11,10,2,3,7,5,7,0,2
8,3,6,0,2,8,4,4,9,10,8,9,2,0,8,6,4,9,11,5,9,9,5,0,11,11,5,0,2,4,3,11,2,8,4,11,6,4,8,9,10,2,3,4,0,9,8,7,3,2,8,0,4,4,2,5,5,11,10,4,9,10,3,11,0,11,2,7,2,3,6,8,0,11,3,8,2,5,2,0,4,6,8,0,4,2,9,3,4,2,0,5,2,2,9,0,7,2,5,9,3,8,3,9,5,2,4,8,10,8,8,3,9,9,4,9,11,3,8,9,2,5,9,8,5,3,5,3,11,3,4,5,9,10,0,5,9,2,11,2,2,0,11,3,4,8,6,8,2,3
9,4,7,2,3,9,5,5,10,11,9,10,3,2,9,7,5,10,0,6,10,10,6,2,0,0,6,2,3,5,4,0,3,9,5,0,7,5,9,10,11,3,4,5,2,10,9,8,4,3,9,2,5,5,3,6,6,0,11,5,10,11,4,0,2,0,3,8,3,4,7,9,2,0,4,9,3,6,3,2,5,7,9,2,5,3,10,4,5,3,2,6,3,3,10,2,8,3,6,10,4,9,4,10,6,3,5,9,11,9,9,4,10,10,5,10,0,4,9,10,3,6,10,9,6,4,6,4,0,4,5,6,10,11,2,6,10,3,0,3,3,2,0,4,5,9,7,9,3,4
10,5,8,3,4,10,6,6,11,0,10,11,4,3,10,8,6,11,2,7,11,11,7,3,2,2,7,3,4,6,5,2,4,10,6,2,8,6,10,11,0,4,5,6,3,11,10,9,5,4,10,3,6,6,4,7,7,2,0,6,11,0,5,2,3,2,4,9,4,5,8,10,3,2,5,10,4,7,4,3,6,8,10,3,6,4,11,5,6,4,3,7,4,4,11,3,9,4,7,11,5,10,5,11,7,4,6,10,0,10,10,5,11,11,6,11,2,5,10,11,4,7,11,10,7,5,7,5,2,5,6,7,11,0,3,7,11,4,2,4,4,3,2,5,6,10,8,10,4,5
11,6,9,4,5,11,7,7,0,2,11,0,5,4,11,9,7,0,3,8,0,0,8,4,3,3,8,4,5,7,6,3,5,11,7,3,9,7,11,0,2,5,6,7,4,0,11,10,6,5,11,4,7,7,5,8,8,3,2,7,0,2,6,3,4,3,5,10,5,6,9,11,4,3,6,11,5,8,5,4,7,9,11,4,7,5,0,6,7,5,4,8,5,5,0,4,10,5,8,0,6,11,6,0,8,5,7,11,2,11,11,6,0,0,7,0,3,6,11,0,5,8,0,11,8,6,8,6,3,6,7,8,0,2,4,8,0,5,3,5,5,4,3,6,7,11,9,11,5,6
0,7,10,5,6,0,8,8,2,3,0,2,6,5,0,10,8,2,4,9,2,2,9,5,4,4,9,5,6,8,7,4,6,0,8,4,10,8,0,2,3,6,7,8,5,2,0,11,7,6,0,5,8,8,6,9,9,4,3,8,2,3,7,4,5,4,6,11,6,7,10,0,5,4,7,0,6,9,6,5,8,10,0,5,8,6,2,7,8,6,5,9,6,6,2,5,11,6,9,2,7,0,7,2,9,6,8,0,3,0,0,7,2,2,8,2,4,7,0,2,6,9,2,0,9,7,9,7,4,7,8,9,2,3,5,9,2,6,4,6,6,5,4,7,8,0,10,0,6,7
2,8,11,6,7,2,9,9,3,4,2,3,7,6,2,11,9,3,5,10,3,3,10,6,5,5,10,6,7,9,8,5,7,2,9,5,11,9,2,3,4,7,8,9,6,3,2,0,8,7,2,6,9,9,7,10,10,5,4,9,3,4,8,5,6,5,7,0,7,8,11,2,6,5,8,2,7,10,7,6,9,11,2,6,9,7,3,8,9,7,6,10,7,7,3,6,0,7,10,3,8,2,8,3,10,7,9,2,4,2,2,8,3,3,9,3,5,8,2,3,7,10,3,2,10,8,10,8,5,8,9,10,3,4,6,10,3,7,5,7,7,6,5,8,9,2,11,2,7,8
3,9,0,7,8,3,10,10,4,5,3,4,8,7,3,0,10,4,6,11,4,4,11,7,6,6,11,7,8,10,9,6,8,3,10,6,0,10,3,4,5,8,9,10,7,4,3,2,9,8,3,7,10,10,8,11,11,6,5,10,4,5,9,6,7,6,8,2,8,9,0,3,7,6,9,3,8,11,8,7,10,0,3,7,10,8,4,9,10,8,7,11,8,8,4,7,2,8,11,4,9,3,9,4,11,8,10,3,5,3,3,9,4,4,10,4,6,9,3,4,8,11,4,3,11,9,11,9,6,9,10,11,4,5,7,11,4,8,6,8,8,7,6,9,10,3,0,3,8,9
4,10,2,8,9,4,11,11,5,6,4,5,9,8,4,2,11,5,7,0,5,5,0,8,7,7,0,8,9,11,10,7,9,4,11,7,2,11,4,5,6,9,10,11,8,5,4,3,10,9,4,8,11,11,9,0,0,7,6,11,5,6,10,7,8,7,9,3,9,10,2,4,8,7,10,4,9,0,9,8,11,2,4,8,11,9,5,10,11,9,8,0,9,9,5,8,3,9,0,5,10,4,10,5,0,9,11,4,6,4,4,10,5,5,11,5,7,10,4,5,9,0,5,4,0,10,0,10,7,10,11,0,5,6,8,0,5,9,7,9,9,8,7,10,11,4,2,4,9,10
5,11,3,9,10,5,0,0,6,7,5,6,10,9,5,3,0,6,8,2,6,6,2,9,8,8,2,9,10,0,11,8,10,5,0,8,3,0,5,6,7,10,11,0,9,6,5,4,11,10,5,9,0,0,10,2,2,8,7,0,6,7,11,8,9,8,10,4,10,11,3,5,9,8,11,5,10,2,10,9,0,3,5,9,0,10,6,11,0,10,9,2,10,10,6,9,4,10,2,6,11,5,11,6,2,10,0,5,7,5,5,11,6,6,0,6,8,11,5,6,10,2,6,5,2,11,2,11,8,11,0,2,6,7,9,2,6,10,8,10,10,9,8,11,0,5,3,5,10,11
6,0,4,10,11,6,2,2,7,8,6,7,11,10,6,4,2,7,9,3,7,7,3,10,9,9,3,10,11,2,0,9,11,6,2,9,4,2,6,7,8,11,0,2,10,7,6,5,0,11,6,10,2,2,11,3,3,9,8,2,7,8,0,9,10,9,11,5,11,0,4,6,10,9,0,6,11,3,11,10,2,4,6,10,2,11,7,0,2,11,10,3,11,11,7,10,5,11,3,7,0,6,0,7,3,11,2,6,8,6,6,0,7,7,2,7,9,0,6,7,11,3,7,6,3,0,3,0,9,0,2,3,7,8,10,3,7,11,9,11,11,10,9,0,2,6,4,6,11,0
7,2,5,11,0,7,3,3,8,9,7,8,0,11,7,5,3,8,10,4,8,8,4,11,10,10,4,11,0,3,2,10,0,7,3,10,5,3,7,8,9,0,2,3,11,8,7,6,2,0,7,11,3,3,0,4,4,10,9,3,8,9,2,10,11,10,0,6,0,2,5,7,11,10,2,7,0,4,0,11,3,5,7,11,3,0,8,2,3,0,11,4,0,0,8,11,6,0,4,8,2,7,2,8,4,0,3,7,9,7,7,2,8,8,3,8,10,2,7,8,0,4,8,7,4,2,4,2,10,2,3,4,8,9,11,4,8,0,10,0,0,11,10,2,3,7,5,7,0,2
8,3,6,0,2,8,4,4,9,10,8,9,2,0,8,6,4,9,11,5,9,9,5,0,11,11,5,0,2,4,3,11,2,8,4,11,6,4,8,9,10,2,3,4,0,9,8,7,3,2,8,0,4,4,2,5,5,11,10,4,9,10,3,11,0,11,2,7,2,3,6,8,0,11,3,8,2,5,2,0,4,6,8,0,4,2,9,3,4,2,0,5,2,2,9,0,7,2,5,9,3,8,3,9,5,2,4,8,10,8,8,3,9,9,4,9,11,3,8,9,2,5,9,8,5,3,5,3,11,3,4,5,9,10,0,5,9,2,11,2,2,0,11,3,4,8,6,8,2,3
9,4,7,2,3,9,5,5,10,11,9,10,3,2,9,7,5,10,0,6,10,10,6,2,0,0,6,2,3,5,4,0,3,9,5,0,7,5,9,10,11,3,4,5,2,10,9,8,4,3,9,2,5,5,3,6,6,0,11,5,10,11,4,0,2,0,3,8,3,4,7,9,2,0,4,9,3,6,3,2,5,7,9,2,5,3,10,4,5,3,2,6,3,3,10,2,8,3,6,10,4,9,4,10,6,3,5,9,11,9,9,4,10,10,5,10,0,4,9,10,3,6,10,9,6,4,6,4,0,4,5,6,10,11,2,6,10,3,0,3,3,2,0,4,5,9,7,9,3,4
10,5,8,3,4,10,6,6,11,0,10,11,4,3,10,8,6,11,2,7,11,11,7,3,2,2,7,3,4,6,5,2,4,10,6,2,8,6,10,11,0,4,5,6,3,11,10,9,5,4,10,3,6,6,4,7,7,2,0,6,11,0,5,2,3,2,4,9,4,5,8,10,3,2,5,10,4,7,4,3,6,8,10,3,6,4,11,5,6,4,3,7,4,4,11,3,9,4,7,11,5,10,5,11,7,4,6,10,0,10,10,5,11,11,6,11,2,5,10,11,4,7,11,10,7,5,7,5,2,5,6,7,11,0,3,7,11,4,2,4,4,3,2,5,6,10,8,10,4,5
11,6,9,4,5,11,7,7,0,2,11,0,5,4,11,9,7,0,3,8,0,0,8,4,3,3,8,4,5,7,6,3,5,11,7,3,9,7,11,0,2,5,6,7,4,0,11,10,6,5,11,4,7,7,5,8,8,3,2,7,0,2,6,3,4,3,5,10,5,6,9,11,4,3,6,11,5,8,5,4,7,9,11,4,7,5,0,6,7,5,4,8,5,5,0,4,10,5,8,0,6,11,6,0,8,5,7,11,2,11,11,6,0,0,7,0,3,6,11,0,5,8,0,11,8,6,8,6,3,6,7,8,0,2,4,8,0,5,3,5,5,4,3,6,7,11,9,11,5,6
0,7,10,5,6,0,8,8,2,3,0,2,6,5,0,10,8,2,4,9,2,2,9,5,4,4,9,5,6,8,7,4,6,0,8,4,10,8,0,2,3,6,7,8,5,2,0,11,7,6,0,5,8,8,6,9,9,4,3,8,2,3,7,4,5,4,6,11,6,7,10,0,5,4,7,0,6,9,6,5,8,10,0,5,8,6,2,7,8,6,5,9,6,6,2,5,11,6,9,2,7,0,7,2,9,6,8,0,3,0,0,7,2,2,8,2,4,7,0,2,6,9,2,0,9,7,9,7,4,7,8,9,2,3,5,9,2,6,4,6,6,5,4,7,8,0,10,0,6,7
2,8,11,6,7,2,9,9,3,4,2,3,7,6,2,11,9,3,5,10,3,3,10,6,5,5,10,6,7,9,8,5,7,2,9,5,11,9,2,3,4,7,8,9,6,3,2,0,8,7,2,6,9,9,7,10,10,5,4,9,3,4,8,5,6,5,7,0,7,8,11,2,6,5,8,2,7,10,7,6,9,11,2,6,9,7,3,8,9,7,6,10,7,7,3,6,0,7,10,3,8,2,8,3,10,7,9,2,4,2,2,8,3,3,9,3,5,8,2,3,7,10,3,2,10,8,10,8,5,8,9,10,3,4,6,10,3,7,5,7,7,6,5,8,9,2,11,2,7,8
3,9,0,7,8,3,10,10,4,5,3,4,8,7,3,0,10,4,6,11,4,4,11,7,6,6,11,7,8,10,9,6,8,3,10,6,0,10,3,4,5,8,9,10,7,4,3,2,9,8,3,7,10,10,8,11,11,6,5,10,4,5,9,6,7,6,8,2,8,9,0,3,7,6,9,3,8,11,8,7,10,0,3,7,10,8,4,9,10,8,7,11,8,8,4,7,2,8,11,4,9,3,9,4,11,8,10,3,5,3,3,9,4,4,10,4,6,9,3,4,8,11,4,3,11,9,11,9,6,9,10,11,4,5,7,11,4,8,6,8,8,7,6,9,10,3,0,3,8,9
4,10,2,8,9,4,11,11,5,6,4,5,9,8,4,2,11,5,7,0,5,5,0,8,7,7,0,8,9,11,10,7,9,4,11,7,2,11,4,5,6,9,10,11,8,5,4,3,10,9,4,8,11,11,9,0,0,7,6,11,5,6,10,7,8,7,9,3,9,10,2,4,8,7,10,4,9,0,9,8,11,2,4,8,11,9,5,10,11,9,8,0,9,9,5,8,3,9,0,5,10,4,10,5,0,9,11,4,6,4,4,10,5,5,11,5,7,10,4,5,9,0,5,4,0,10,0,10,7,10,11,0,5,6,8,0,5,9,7,9,9,8,7,10,11,4,2,4,9,10
5,11,3,9,10,5,0,0,6,7,5,6,10,9,5,3,0,6,8,2,6,6,2,9,8,8,2,9,10,0,11,8,10,5,0,8,3,0,5,6,7,10,11,0,9,6,5,4,11,10,5,9,0,0,10,2,2,8,7,0,6,7,11,8,9,8,10,4,10,11,3,5,9,8,11,5,10,2,10,9,0,3,5,9,0,10,6,11,0,10,9,2,10,10,6,9,4,10,2,6,11,5,11,6,2,10,0,5,7,5,5,11,6,6,0,6,8,11,5,6,10,2,6,5,2,11,2,11,8,11,0,2,6,7,9,2,6,10,8,10,10,9,8,11,0,5,3,5,10,11
6,0,4,10,11,6,2,2,7,8,6,7,11,10,6,4,2,7,9,3,7,7,3,10,9,9,3,10,11,2,0,9,11,6,2,9,4,2,6,7,8,11,0,2,10,7,6,5,0,11,6,10,2,2,11,3,3,9,8,2,7,8,0,9,10,9,11,5,11,0,4,6,10,9,0,6,11,3,11,10,2,4,6,10,2,11,7,0,2,11,10,3,11,11,7,10,5,11,3,7,0,6,0,7,3,11,2,6,8,6,6,0,7,7,2,7,9,0,6,7,11,3,7,6,3,0,3,0,9,0,2,3,7,8,10,3,7,11,9,11,11,10,9,0,2,6,4,6,11,0
7,2,5,11,0,7,3,3,8,9,7,8,0,11,7,5,3,8,10,4,8,8,4,11,10,10,4,11,0,3,2,10,0,7,3,10,5,3,7,8,9,0,2,3,11,8,7,6,2,0,7,11,3,3,0,4,4,10,9,3,8,9,2,10,11,10,0,6,0,2,5,7,11,10,2,7,0,4,0,11,3,5,7,11,3,0,8,2,3,0,11,4,0,0,8,11,6,0,4,8,2,7,2,8,4,0,3,7,9,7,7,2,8,8,3,8,10,2,7,8,0,4,8,7,4,2,4,2,10,2,3,4,8,9,11,4,8,0,10,0,0,11,10,2,3,7,5,7,0,2
8,3,6,0,2,8,4,4,9,10,8,9,2,0,8,6,4,9,11,5,9,9,5,0,11,11,5,0,2,4,3,11,2,8,4,11,6,4,8,9,10,2,3,4,0,9,8,7,3,2,8,0,4,4,2,5,5,11,10,4,9,10,3,11,0,11,2,7,2,3,6,8,0,11,3,8,2,5,2,0,4,6,8,0,4,2,9,3,4,2,0,5,2,2,9,0,7,2,5,9,3,8,3,9,5,2,4,8,10,8,8,3,9,9,4,9,11,3,8,9,2,5,9,8,5,3,5,3,11,3,4,5,9,10,0,5,9,2,11,2,2,0,11,3,4,8,6,8,2,3
9,4,7,2,3,9,5,5,10,11,9,10,3,2,9,7,5,10,0,6,10,10,6,2,0,0,6,2,3,5,4,0,3,9,5,0,7,5,9,10,11,3,4,5,2,10,9,8,4,3,9,2,5,5,3,6,6,0,11,5,10,11,4,0,2,0,3,8,3,4,7,9,2,0,4,9,3,6,3,2,5,7,9,2,5,3,10,4,5,3,2,6,3,3,10,2,8,3,6,10,4,9,4,10,6,3,5,9,11,9,9,4,10,10,5,10,0,4,9,10,3,6,10,9,6,4,6,4,0,4,5,6,10,11,2,6,10,3,0,3,3,2,0,4,5,9,7,9,3,4
10,5,8,3,4,10,6,6,11,0,10,11,4,3,10,8,6,11,2,7,11,11,7,3,2,2,7,3,4,6,5,2,4,10,6,2,8,6,10,11,0,4,5,6,3,11,10,9,5,4,10,3,6,6,4,7,7,2,0,6,11,0,5,2,3,2,4,9,4,5,8,10,3,2,5,10,4,7,4,3,6,8,10,3,6,4,11,5,6,4,3,7,4,4,11,3,9,4,7,11,5,10,5,11,7,4,6,10,0,10,10,5,11,11,6,11,2,5,10,11,4,7,11,10,7,5,7,5,2,5,6,7,11,0,3,7,11,4,2,4,4,3,2,5,6,10,8,10,4,5
11,6,9,4,5,11,7,7,0,2,11,0,5,4,11,9,7,0,3,8,0,0,8,4,3,3,8,4,5,7,6,3,5,11,7,3,9,7,11,0,2,5,6,7,4,0,11,10,6,5,11,4,7,7,5,8,8,3,2,7,0,2,6,3,4,3,5,10,5,6,9,11,4,3,6,11,5,8,5,4,7,9,11,4,7,5,0,6,7,5,4,8,5,5,0,4,10,5,8,0,6,11,6,0,8,5,7,11,2,11,11,6,0,0,7,0,3,6,11,0,5,8,0,11,8,6,8,6,3,6,7,8,0,2,4,8,0,5,3,5,5,4,3,6,7,11,9,11,5,6
0,7,10,5,6,0,8,8,2,3,0,2,6,5,0,10,8,2,4,9,2,2,9,5,4,4,9,5,6,8,7,4,6,0,8,4,10,8,0,2,3,6,7,8,5,2,0,11,7,6,0,5,8,8,6,9,9,4,3,8,2,3,7,4,5,4,6,11,6,7,10,0,5,4,7,0,6,9,6,5,8,10,0,5,8,6,2,7,8,6,5,9,6,6,2,5,11,6,9,2,7,0,7,2,9,6,8,0,3,0,0,7,2,2,8,2,4,7,0,2,6,9,2,0,9,7,9,7,4,7,8,9,2,3,5,9,2,6,4,6,6,5,4,7,8,0,10,0,6,7
2,8,11,6,7,2,9,9,3,4,2,3,7,6,2,11,9,3,5,10,3,3,10,6,5,5,10,6,7,9,8,5,7,2,9,5,11,9,2,3,4,7,8,9,6,3,2,0,8,7,2,6,9,9,7,10,10,5,4,9,3,4,8,5,6,5,7,0,7,8,11,2,6,5,8,2,7,10,7,6,9,11,2,6,9,7,3,8,9,7,6,10,7,7,3,6,0,7,10,3,8,2,8,3,10,7,9,2,4,2,2,8,3,3,9,3,5,8,2,3,7,10,3,2,10,8,10,8,5,8,9,10,3,4,6,10,3,7,5,7,7,6,5,8,9,2,11,2,7,8
3,9,0,7,8,3,10,10,4,5,3,4,8,7,3,0,10,4,6,11,4,4,11,7,6,6,11,7,8,10,9,6,8,3,10,6,0,10,3,4,5,8,9,10,7,4,3,2,9,8,3,7,10,10,8,11,11,6,5,10,4,5,9,6,7,6,8,2,8,9,0,3,7,6,9,3,8,11,8,7,10,0,3,7,10,8,4,9,10,8,7,11,8,8,4,7,2,8,11,4,9,3,9,4,11,8,10,3,5,3,3,9,4,4,10,4,6,9,3,4,8,11,4,3,11,9,11,9,6,9,10,11,4,5,7,11,4,8,6,8,8,7,6,9,10,3,0,3,8,9
4,10,2,8,9,4,11,11,5,6,4,5,9,8,4,2,11,5,7,0,5,5,0,8,7,7,0,8,9,11,10,7,9,4,11,7,2,11,4,5,6,9,10,11,8,5,4,3,10,9,4,8,11,11,9,0,0,7,6,11,5,6,10,7,8,7,9,3,9,10,2,4,8,7,10,4,9,0,9,8,11,2,4,8,11,9,5,10,11,9,8,0,9,9,5,8,3,9,0,5,10,4,10,5,0,9,11,4,6,4,4,10,5,5,11,5,7,10,4,5,9,0,5,4,0,10,0,10,7,10,11,0,5,6,8,0,5,9,7,9,9,8,7,10,11,4,2,4,9,10
5,11,3,9,10,5,0,0,6,7,5,6,10,9,5,3,0,6,8,2,6,6,2,9,8,8,2,9,10,0,11,8,10,5,0,8,3,0,5,6,7,10,11,0,9,6,5,4,11,10,5,9,0,0,10,2,2,8,7,0,6,7,11,8,9,8,10,4,10,11,3,5,9,8,11,5,10,2,10,9,0,3,5,9,0,10,6,11,0,10,9,2,10,10,6,9,4,10,2,6,11,5,11,6,2,10,0,5,7,5,5,11,6,6,0,6,8,11,5,6,10,2,6,5,2,11,2,11,8,11,0,2,6,7,9,2,6,10,8,10,10,9,8,11,0,5,3,5,10,11
6,0,4,10,11,6,2,2,7,8,6,7,11,10,6,4,2,7,9,3,7,7,3,10,9,9,3,10,11,2,0,9,11,6,2,9,4,2,6,7,8,11,0,2,10,7,6,5,0,11,6,10,2,2,11,3,3,9,8,2,7,8,0,9,10,9,11,5,11,0,4,6,10,9,0,6,11,3,11,10,2,4,6,10,2,11,7,0,2,11,10,3,11,11,7,10,5,11,3,7,0,6,0,7,3,11,2,6,8,6,6,0,7,7,2,7,9,0,6,7,11,3,7,6,3,0,3,0,9,0,2,3,7,8,10,3,7,11,9,11,11,10,9,0,2,6,4,6,11,0
7,2,5,11,0,7,3,3,8,9,7,8,0,11,7,5,3,8,10,4,8,8,4,11,10,10,4,11,0,3,2,10,0,7,3,10,5,3,7,8,9,0,2,3,11,8,7,6,2,0,7,11,3,3,0,4,4,10,9,3,8,9,2,10,11,10,0,6,0,2,5,7,11,10,2,7,0,4,0,11,3,5,7,11,3,0,8,2,3,0,11,4,0,0,8,11,6,0,4,8,2,7,2,8,4,0,3,7,9,7,7,2,8,8,3,8,10,2,7,8,0,4,8,7,4,2,4,2,10,2,3,4,8,9,11,4,8,0,10,0,0,11,10,2,3,7,5,7,0,2
8,3,6,0,2,8,4,4,9,10,8,9,2,0,8,6,4,9,11,5,9,9,5,0,11,11,5,0,2,4,3,11,2,8,4,11,6,4,8,9,10,2,3,4,0,9,8,7,3,2,8,0,4,4,2,5,5,11,10,4,9,10,3,11,0,11,2,7,2,3,6,8,0,11,3,8,2,5,2,0,4,6,8,0,4,2,9,3,4,2,0,5,2,2,9,0,7,2,5,9,3,8,3,9,5,2,4,8,10,8,8,3,9,9,4,9,11,3,8,9,2,5,9,8,5,3,5,3,11,3,4,5,9,10,0,5,9,2,11,2,2,0,11,3,4,8,6,8,2,3
9,4,7,2,3,9,5,5,10,11,9,10,3,2,9,7,5,10,0,6,10,10,6,2,0,0,6,2,3,5,4,0,3,9,5,0,7,5,9,10,11,3,4,5,2,10,9,8,4,3,9,2,5,5,3,6,6,0,11,5,10,11,4,0,2,0,3,8,3,4,7,9,2,0,4,9,3,6,3,2,5,7,9,2,5,3,10,4,5,3,2,6,3,3,10,2,8,3,6,10,4,9,4,10,6,3,5,9,11,9,9,4,10,10,5,10,0,4,9,10,3,6,10,9,6,4,6,4,0,4,5,6,10,11,2,6,10,3,0,3,3,2,0,4,5,9,7,9,3,4
10,5,8,3,4,10,6,6,11,0,10,11,4,3,10,8,6,11,2,7,11,11,7,3,2,2,7,3,4,6,5,2,4,10,6,2,8,6,10,11,0,4,5,6,3,11,10,9,5,4,10,3,6,6,4,7,7,2,0,6,11,0,5,2,3,2,4,9,4,5,8,10,3,2,5,10,4,7,4,3,6,8,10,3,6,4,11,5,6,4,3,7,4,4,11,3,9,4,7,11,5,10,5,11,7,4,6,10,0,10,10,5,11,11,6,11,2,5,10,11,4,7,11,10,7,5,7,5,2,5,6,7,11,0,3,7,11,4,2,4,4,3,2,5,6,10,8,10,4,5
11,6,9,4,5,11,7,7,0,2,11,0,5,4,11,9,7,0,3,8,0,0,8,4,3,3,8,4,5,7,6,3,5,11,7,3,9,7,11,0,2,5,6,7,4,0,11,10,6,5,11,4,7,7,5,8,8,3,2,7,0,2,6,3,4,3,5,10,5,6,9,11,4,3,6,11,5,8,5,4,7,9,11,4,7,5,0,6,7,5,4,8,5,5,0,4,10,5,8,0,6,11,6,0,8,5,7,11,2,11,11,6,0,0,7,0,3,6,11,0,5,8,0,11,8,6,8,6,3,6,7,8,0,2,4,8,0,5,3,5,5,4,3,6,7,11,9,11,5,6
0,7,10,5,6,0,8,8,2,3,0,2,6,5,0,10,8,2,4,9,2,2,9,5,4,4,9,5,6,8,7,4,6,0,8,4,10,8,0,2,3,6,7,8,5,2,0,11,7,6,0,5,8,8,6,9,9,4,3,8,2,3,7,4,5,4,6,11,6,7,10,0,5,4,7,0,6,9,6,5,8,10,0,5,8,6,2,7,8,6,5,9,6,6,2,5,11,6,9,2,7,0,7,2,9,6,8,0,3,0,0,7,2,2,8,2,4,7,0,2,6,9,2,0,9,7,9,7,4,7,8,9,2,3,5,9,2,6,4,6,6,5,4,7,8,0,10,0,6,7
2,8,11,6,7,2,9,9,3,4,2,3,7,6,2,11,9,3,5,10,3,3,10,6,5,5,10,6,7,9,8,5,7,2,9,5,11,9,2,3,4,7,8,9,6,3,2,0,8,7,2,6,9,9,7,10,10,5,4,9,3,4,8,5,6,5,7,0,7,8,11,2,6,5,8,2,7,10,7,6,9,11,2,6,9,7,3,8,9,7,6,10,7,7,3,6,0,7,10,3,8,2,8,3,10,7,9,2,4,2,2,8,3,3,9,3,5,8,2,3,7,10,3,2,10,8,10,8,5,8,9,10,3,4,6,10,3,7,5,7,7,6,5,8,9,2,11,2,7,8
3,9,0,7,8,3,10,10,4,5,3,4,8,7,3,0,10,4,6,11,4,4,11,7,6,6,11,7,8,10,9,6,8,3,10,6,0,10,3,4,5,8,9,10,7,4,3,2,9,8,3,7,10,10,8,11,11,6,5,10,4,5,9,6,7,6,8,2,8,9,0,3,7,6,9,3,8,11,8,7,10,0,3,7,10,8,4,9,10,8,7,11,8,8,4,7,2,8,11,4,9,3,9,4,11,8,10,3,5,3,3,9,4,4,10,4,6,9,3,4,8,11,4,3,11,9,11,9,6,9,10,11,4,5,7,11,4,8,6,8,8,7,6,9,10,3,0,3,8,9
4,10,2,8,9,4,11,11,5,6,4,5,9,8,4,2,11,5,7,0,5,5,0,8,7,7,0,8,9,11,10,7,9,4,11,7,2,11,4,5,6,9,10,11,8,5,4,3,10,9,4,8,11,11,9,0,0,7,6,11,5,6,10,7,8,7,9,3,9,10,2,4,8,7,10,4,9,0,9,8,11,2,4,8,11,9,5,10,11,9,8,0,9,9,5,8,3,9,0,5,10,4,10,5,0,9,11,4,6,4,4,10,5,5,11,5,7,10,4,5,9,0,5,4,0,10,0,10,7,10,11,0,5,6,8,0,5,9,7,9,9,8,7,10,11,4,2,4,9,10
5,11,3,9,10,5,0,0,6,7,5,6,10,9,5,3,0,6,8,2,6,6,2,9,8,8,2,9,10,0,11,8,10,5,0,8,3,0,5,6,7,10,11,0,9,6,5,4,11,10,5,9,0,0,10,2,2,8,7,0,6,7,11,8,9,8,10,4,10,11,3,5,9,8,11,5,10,2,10,9,0,3,5,9,0,10,6,11,0,10,9,2,10,10,6,9,4,10,2,6,11,5,11,6,2,10,0,5,7,5,5,11,6,6,0,6,8,11,5,6,10,2,6,5,2,11,2,11,8,11,0,2,6,7,9,2,6,10,8,10,10,9,8,11,0,5,3,5,10,11
6,0,4,10,11,6,2,2,7,8,6,7,11,10,6,4,2,7,9,3,7,7,3,10,9,9,3,10,11,2,0,9,11,6,2,9,4,2,6,7,8,11,0,2,10,7,6,5,0,11,6,10,2,2,11,3,3,9,8,2,7,8,0,9,10,9,11,5,11,0,4,6,10,9,0,6,11,3,11,10,2,4,6,10,2,11,7,0,2,11,10,3,11,11,7,10,5,11,3,7,0,6,0,7,3,11,2,6,8,6,6,0,7,7,2,7,9,0,6,7,11,3,7,6,3,0,3,0,9,0,2,3,7,8,10,3,7,11,9,11,11,10,9,0,2,6,4,6,11,0
7,2,5,11,0,7,3,3,8,9,7,8,0,11,7,5,3,8,10,4,8,8,4,11,10,10,4,11,0,3,2,10,0,7,3,10,5,3,7,8,9,0,2,3,11,8,7,6,2,0,7,11,3,3,0,4,4,10,9,3,8,9,2,10,11,10,0,6,0,2,5,7,11,10,2,7,0,4,0,11,3,5,7,11,3,0,8,2,3,0,11,4,0,0,8,11,6,0,4,8,2,7,2,8,4,0,3,7,9,7,7,2,8,8,3,8,10,2,7,8,0,4,8,7,4,2,4,2,10,2,3,4,8,9,11,4,8,0,10,0,0,11,10,2,3,7,5,7,0,2
8,3,6,0,2,8,4,4,9,10,8,9,2,0,8,6,4,9,11,5,9,9,5,0,11,11,5,0,2,4,3,11,2,8,4,11,6,4,8,9,10,2,3,4,0,9,8,7,3,2,8,0,4,4,2,5,5,11,10,4,9,10,3,11,0,11,2,7,2,3,6,8,0,11,3,8,2,5,2,0,4,6,8,0,4,2,9,3,4,2,0,5,2,2,9,0,7,2,5,9,3,8,3,9,5,2,4,8,10,8,8,3,9,9,4,9,11,3,8,9,2,5,9,8,5,3,5,3,11,3,4,5,9,10,0,5,9,2,11,2,2,0,11,3,4,8,6,8,2,3
9,4,7,2,3,9,5,5,10,11,9,10,3,2,9,7,5,10,0,6,10,10,6,2,0,0,6,2,3,5,4,0,3,9,5,0,7,5,9,10,11,3,4,5,2,10,9,8,4,3,9,2,5,5,3,6,6,0,11,5,10,11,4,0,2,0,3,8,3,4,7,9,2,0,4,9,3,6,3,2,5,7,9,2,5,3,10,4,5,3,2,6,3,3,10,2,8,3,6,10,4,9,4,10,6,3,5,9,11,9,9,4,10,10,5,10,0,4,9,10,3,6,10,9,6,4,6,4,0,4,5,6,10,11,2,6,10,3,0,3,3,2,0,4,5,9,7,9,3,4
10,5,8,3,4,10,6,6,11,0,10,11,4,3,10,8,6,11,2,7,11,11,7,3,2,2,7,3,4,6,5,2,4,10,6,2,8,6,10,11,0,4,5,6,3,11,10,9,5,4,10,3,6,6,4,7,7,2,0,6,11,0,5,2,3,2,4,9,4,5,8,10,3,2,5,10,4,7,4,3,6,8,10,3,6,4,11,5,6,4,3,7,4,4,11,3,9,4,7,11,5,10,5,11,7,4,6,10,0,10,10,5,11,11,6,11,2,5,10,11,4,7,11,10,7,5,7,5,2,5,6,7,11,0,3,7,11,4,2,4,4,3,2,5,6,10,8,10,4,5
11,6,9,4,5,11,7,7,0,2,11,0,5,4,11,9,7,0,3,8,0,0,8,4,3,3,8,4,5,7,6,3,5,11,7,3,9,7,11,0,2,5,6,7,4,0,11,10,6,5,11,4,7,7,5,8,8,3,2,7,0,2,6,3,4,3,5,10,5,6,9,11,4,3,6,11,5,8,5,4,7,9,11,4,7,5,0,6,7,5,4,8,5,5,0,4,10,5,8,0,6,11,6,0,8,5,7,11,2,11,11,6,0,0,7,0,3,6,11,0,5,8,0,11,8,6,8,6,3,6,7,8,0,2,4,8,0,5,3,5,5,4,3,6,7,11,9,11,5,6
0,7,10,5,6,0,8,8,2,3,0,2,6,5,0,10,8,2,4,9,2,2,9,5,4,4,9,5,6,8,7,4,6,0,8,4,10,8,0,2,3,6,7,8,5,2,0,11,7,6,0,5,8,8,6,9,9,4,3,8,2,3,7,4,5,4,6,11,6,7,10,0,5,4,7,0,6,9,6,5,8,10,0,5,8,6,2,7,8,6,5,9,6,6,2,5,11,6,9,2,7,0,7,2,9,6,8,0,3,0,0,7,2,2,8,2,4,7,0,2,6,9,2,0,9,7,9,7,4,7,8,9,2,3,5,9,2,6,4,6,6,5,4,7,8,0,10,0,6,7
2,8,11,6,7,2,9,9,3,4,2,3,7,6,2,11,9,3,5,10,3,3,10,6,5,5,10,6,7,9,8,5,7,2,9,5,11,9,2,3,4,7,8,9,6,3,2,0,8,7,2,6,9,9,7,10,10,5,4,9,3,4,8,5,6,5,7,0,7,8,11,2,6,5,8,2,7,10,7,6,9,11,2,6,9,7,3,8,9,7,6,10,7,7,3,6,0,7,10,3,8,2,8,3,10,7,9,2,4,2,2,8,3,3,9,3,5,8,2,3,7,10,3,2,10,8,10,8,5,8,9,10,3,4,6,10,3,7,5,7,7,6,5,8,9,2,11,2,7,8
3,9,0,7,8,3,10,10,4,5,3,4,8,7,3,0,10,4,6,11,4,4,11,7,6,6,11,7,8,10,9,6,8,3,10,6,0,10,3,4,5,8,9,10,7,4,3,2,9,8,3,7,10,10,8,11,11,6,5,10,4,5,9,6,7,6,8,2,8,9,0,3,7,6,9,3,8,11,8,7,10,0,3,7,10,8,4,9,10,8,7,11,8,8,4,7,2,8,11,4,9,3,9,4,11,8,10,3,5,3,3,9,4,4,10,4,6,9,3,4,8,11,4,3,11,9,11,9,6,9,10,11,4,5,7,11,4,8,6,8,8,7,6,9,10,3,0,3,8,9
4,10,2,8,9,4,11,11,5,6,4,5,9,8,4,2,11,5,7,0,5,5,0,8,7,7,0,8,9,11,10,7,9,4,11,7,2,11,4,5,6,9,10,11,8,5,4,3,10,9,4,8,11,11,9,0,0,7,6,11,5,6,10,7,8,7,9,3,9,10,2,4,8,7,10,4,9,0,9,8,11,2,4,8,11,9,5,10,11,9,8,0,9,9,5,8,3,9,0,5,10,4,10,5,0,9,11,4,6,4,4,10,5,5,11,5,7,10,4,5,9,0,5,4,0,10,0,10,7,10,11,0,5,6,8,0,5,9,7,9,9,8,7,10,11,4,2,4,9,10
5,11,3,9,10,5,0,0,6,7,5,6,10,9,5,3,0,6,8,2,6,6,2,9,8,8,2,9,10,0,11,8,10,5,0,8,3,0,5,6,7,10,11,0,9,6,5,4,11,10,5,9,0,0,10,2,2,8,7,0,6,7,11,8,9,8,10,4,10,11,3,5,9,8,11,5,10,2,10,9,0,3,5,9,0,10,6,11,0,10,9,2,10,10,6,9,4,10,2,6,11,5,11,6,2,10,0,5,7,5,5,11,6,6,0,6,8,11,5,6,10,2,6,5,2,11,2,11,8,11,0,2,6,7,9,2,6,10,8,10,10,9,8,11,0,5,3,5,10,11
6,0,4,10,11,6,2,2,7,8,6,7,11,10,6,4,2,7,9,3,7,7,3,10,9,9,3,10,11,2,0,9,11,6,2,9,4,2,6,7,8,11,0,2,10,7,6,5,0,11,6,10,2,2,11,3,3,9,8,2,7,8,0,9,10,9,11,5,11,0,4,6,10,9,0,6,11,3,11,10,2,4,6,10,2,11,7,0,2,11,10,3,11,11,7,10,5,11,3,7,0,6,0,7,3,11,2,6,8,6,6,0,7,7,2,7,9,0,6,7,11,3,7,6,3,0,3,0,9,0,2,3,7,8,10,3,7,11,9,11,11,10,9,0,2,6,4,6,11,0
7,2,5,11,0,7,3,3,8,9,7,8,0,11,7,5,3,8,10,4,8,8,4,11,10,10,4,11,0,3,2,10,0,7,3,10,5,3,7,8,9,0,2,3,11,8,7,6,2,0,7,11,3,3,0,4,4,10,9,3,8,9,2,10,11,10,0,6,0,2,5,7,11,10,2,7,0,4,0,11,3,5,7,11,3,0,8,2,3,0,11,4,0,0,8,11,6,0,4,8,2,7,2,8,4,0,3,7,9,7,7,2,8,8,3,8,10,2,7,8,0,4,8,7,4,2,4,2,10,2,3,4,8,9,11,4,8,0,10,0,0,11,10,2,3,7,5,7,0,2
8,3,6,0,2,8,4,4,9,10,8,9,2,0,8,6,4,9,11,5,9,9,5,0,11,11,5,0,2,4,3,11,2,8,4,11,6,4,8,9,10,2,3,4,0,9,8,7,3,2,8,0,4,4,2,5,5,11,10,4,9,10,3,11,0,11,2,7,2,3,6,8,0,11,3,8,2,5,2,0,4,6,8,0,4,2,9,3,4,2,0,5,2,2,9,0,7,2,5,9,3,8,3,9,5,2,4,8,10,8,8,3,9,9,4,9,11,3,8,9,2,5,9,8,5,3,5,3,11,3,4,5,9,10,0,5,9,2,11,2,2,0,11,3,4,8,6,8,2,3
9,4,7,2,3,9,5,5,10,11,9,10,3,2,9,7,5,10,0,6,10,10,6,2,0,0,6,2,3,5,4,0,3,9,5,0,7,5,9,10,11,3,4,5,2,10,9,8,4,3,9,2,5,5,3,6,6,0,11,5,10,11,4,0,2,0,3,8,3,4,7,9,2,0,4,9,3,6,3,2,5,7,9,2,5,3,10,4,5,3,2,6,3,3,10,2,8,3,6,10,4,9,4,10,6,3,5,9,11,9,9,4,10,10,5,10,0,4,9,10,3,6,10,9,6,4,6,4,0,4,5,6,10,11,2,6,10,3,0,3,3,2,0,4,5,9,7,9,3,4
10,5,8,3,4,10,6,6,11,0,10,11,4,3,10,8,6,11,2,7,11,11,7,3,2,2,7,3,4,6,5,2,4,10,6,2,8,6,10,11,0,4,5,6,3,11,10,9,5,4,10,3,6,6,4,7,7,2,0,6,11,0,5,2,3,2,4,9,4,5,8,10,3,2,5,10,4,7,4,3,6,8,10,3,6,4,11,5,6,4,3,7,4,4,11,3,9,4,7,11,5,10,5,11,7,4,6,10,0,10,10,5,11,11,6,11,2,5,10,11,4,7,11,10,7,5,7,5,2,5,6,7,11,0,3,7,11,4,2,4,4,3,2,5,6,10,8,10,4,5
11,6,9,4,5,11,7,7,0,2,11,0,5,4,11,9,7,0,3,8,0,0,8,4,3,3,8,4,5,7,6,3,5,11,7,3,9,7,11,0,2,5,6,7,4,0,11,10,6,5,11,4,7,7,5,8,8,3,2,7,0,2,6,3,4,3,5,10,5,6,9,11,4,3,6,11,5,8,5,4,7,9,11,4,7,5,0,6,7,5,4,8,5,5,0,4,10,5,8,0,6,11,6,0,8,5,7,11,2,11,11,6,0,0,7,0,3,6,11,0,5,8,0,11,8,6,8,6,3,6,7,8,0,2,4,8,0,5,3,5,5,4,3,6,7,11,9,11,5,6
0,7,10,5,6,0,8,8,2,3,0,2,6,5,0,10,8,2,4,9,2,2,9,5,4,4,9,5,6,8,7,4,6,0,8,4,10,8,0,2,3,6,7,8,5,2,0,11,7,6,0,5,8,8,6,9,9,4,3,8,2,3,7,4,5,4,6,11,6,7,10,0,5,4,7,0,6,9,6,5,8,10,0,5,8,6,2,7,8,6,5,9,6,6,2,5,11,6,9,2,7,0,7,2,9,6,8,0,3,0,0,7,2,2,8,2,4,7,0,2,6,9,2,0,9,7,9,7,4,7,8,9,2,3,5,9,2,6,4,6,6,5,4,7,8,0,10,0,6,7
2,8,11,6,7,2,9,9,3,4,2,3,7,6,2,11,9,3,5,10,3,3,10,6,5,5,10,6,7,9,8,5,7,2,9,5,11,9,2,3,4,7,8,9,6,3,2,0,8,7,2,6,9,9,7,10,10,5,4,9,3,4,8,5,6,5,7,0,7,8,11,2,6,5,8,2,7,10,7,6,9,11,2,6,9,7,3,8,9,7,6,10,7,7,3,6,0,7,10,3,8,2,8,3,10,7,9,2,4,2,2,8,3,3,9,3,5,8,2,3,7,10,3,2,10,8,10,8,5,8,9,10,3,4,6,10,3,7,5,7,7,6,5,8,9,2,11,2,7,8
3,9,0,7,8,3,10,10,4,5,3,4,8,7,3,0,10,4,6,11,4,4,11,7,6,6,11,7,8,10,9,6,8,3,10,6,0,10,3,4,5,8,9,10,7,4,3,2,9,8,3,7,10,10,8,11,11,6,5,10,4,5,9,6,7,6,8,2,8,9,0,3,7,6,9,3,8,11,8,7,10,0,3,7,10,8,4,9,10,8,7,11,8,8,4,7,2,8,11,4,9,3,9,4,11,8,10,3,5,3,3,9,4,4,10,4,6,9,3,4,8,11,4,3,11,9,11,9,6,9,10,11,4,5,7,11,4,8,6,8,8,7,6,9,10,3,0,3,8,9
4,10,2,8,9,4,11,11,5,6,4,5,9,8,4,2,11,5,7,0,5,5,0,8,7,7,0,8,9,11,10,7,9,4,11,7,2,11,4,5,6,9,10,11,8,5,4,3,10,9,4,8,11,11,9,0,0,7,6,11,5,6,10,7,8,7,9,3,9,10,2,4,8,7,10,4,9,0,9,8,11,2,4,8,11,9,5,10,11,9,8,0,9,9,5,8,3,9,0,5,10,4,10,5,0,9,11,4,6,4,4,10,5,5,11,5,7,10,4,5,9,0,5,4,0,10,0,10,7,10,11,0,5,6,8,0,5,9,7,9,9,8,7,10,11,4,2,4,9,10
5,11,3,9,10,5,0,0,6,7,5,6,10,9,5,3,0,6,8,2,6,6,2,9,8,8,2,9,10,0,11,8,10,5,0,8,3,0,5,6,7,10,11,0,9,6,5,4,11,10,5,9,0,0,10,2,2,8,7,0,6,7,11,8,9,8,10,4,10,11,3,5,9,8,11,5,10,2,10,9,0,3,5,9,0,10,6,11,0,10,9,2,10,10,6,9,4,10,2,6,11,5,11,6,2,10,0,5,7,5,5,11,6,6,0,6,8,11,5,6,10,2,6,5,2,11,2,11,8,11,0,2,6,7,9,2,6,10,8,10,10,9,8,11,0,5,3,5,10,11
6,0,4,10,11,6,2,2,7,8,6,7,11,10,6,4,2,7,9,3,7,7,3,10,9,9,3,10,11,2,0,9,11,6,2,9,4,2,6,7,8,11,0,2,10,7,6,5,0,11,6,10,2,2,11,3,3,9,8,2,7,8,0,9,10,9,11,5,11,0,4,6,10,9,0,6,11,3,11,10,2,4,6,10,2,11,7,0,2,11,10,3,11,11,7,10,5,11,3,7,0,6,0,7,3,11,2,6,8,6,6,0,7,7,2,7,9,0,6,7,11,3,7,6,3,0,3,0,9,0,2,3,7,8,10,3,7,11,9,11,11,10,9,0,2,6,4,6,11,0
7,2,5,11,0,7,3,3,8,9,7,8,0,11,7,5,3,8,10,4,8,8,4,11,10,10,4,11,0,3,2,10,0,7,3,10,5,3,7,8,9,0,2,3,11,8,7,6,2,0,7,11,3,3,0,4,4,10,9,3,8,9,2,10,11,10,0,6,0,2,5,7,11,10,2,7,0,4,0,11,3,5,7,11,3,0,8,2,3,0,11,4,0,0,8,11,6,0,4,8,2,7,2,8,4,0,3,7,9,7,7,2,8,8,3,8,10,2,7,8,0,4,8,7,4,2,4,2,10,2,3,4,8,9,11,4,8,0,10,0,0,11,10,2,3,7,5,7,0,2
8,3,6,0,2,8,4,4,9,10,8,9,2,0,8,6,4,9,11,5,9,9,5,0,11,11,5,0,2,4,3,11,2,8,4,11,6,4,8,9,10,2,3,4,0,9,8,7,3,2,8,0,4,4,2,5,5,11,10,4,9,10,3,11,0,11,2,7,2,3,6,8,0,11,3,8,2,5,2,0,4,6,8,0,4,2,9,3,4,2,0,5,2,2,9,0,7,2,5,9,3,8,3,9,5,2,4,8,10,8,8,3,9,9,4,9,11,3,8,9,2,5,9,8,5,3,5,3,11,3,4,5,9,10,0,5,9,2,11,2,2,0,11,3,4,8,6,8,2,3
9,4,7,2,3,9,5,5,10,11,9,10,3,2,9,7,5,10,0,6,10,10,6,2,0,0,6,2,3,5,4,0,3,9,5,0,7,5,9,10,11,3,4,5,2,10,9,8,4,3,9,2,5,5,3,6,6,0,11,5,10,11,4,0,2,0,3,8,3,4,7,9,2,0,4,9,3,6,3,2,5,7,9,2,5,3,10,4,5,3,2,6,3,3,10,2,8,3,6,10,4,9,4,10,6,3,5,9,11,9,9,4,10,10,5,10,0,4,9,10,3,6,10,9,6,4,6,4,0,4,5,6,10,11,2,6,10,3,0,3,3,2,0,4,5,9,7,9,3,4
10,5,8,3,4,10,6,6,11,0,10,11,4,3,10,8,6,11,2,7,11,11,7,3,2,2,7,3,4,6,5,2,4,10,6,2,8,6,10,11,0,4,5,6,3,11,10,9,5,4,10,3,6,6,4,7,7,2,0,6,11,0,5,2,3,2,4,9,4,5,8,10,3,2,5,10,4,7,4,3,6,8,10,3,6,4,11,5,6,4,3,7,4,4,11,3,9,4,7,11,5,10,5,11,7,4,6,10,0,10,10,5,11,11,6,11,2,5,10,11,4,7,11,10,7,5,7,5,2,5,6,7,11,0,3,7,11,4,2,4,4,3,2,5,6,10,8,10,4,5
11,6,9,4,5,11,7,7,0,2,11,0,5,4,11,9,7,0,3,8,0,0,8,4,3,3,8,4,5,7,6,3,5,11,7,3,9,7,11,0,2,5,6,7,4,0,11,10,6,5,11,4,7,7,5,8,8,3,2,7,0,2,6,3,4,3,5,10,5,6,9,11,4,3,6,11,5,8,5,4,7,9,11,4,7,5,0,6,7,5,4,8,5,5,0,4,10,5,8,0,6,11,6,0,8,5,7,11,2,11,11,6,0,0,7,0,3,6,11,0,5,8,0,11,8,6,8,6,3,6,7,8,0,2,4,8,0,5,3,5,5,4,3,6,7,11,9,11,5,6
0,7,10,5,6,0,8,8,2,3,0,2,6,5,0,10,8,2,4,9,2,2,9,5,4,4,9,5,6,8,7,4,6,0,8,4,10,8,0,2,3,6,7,8,5,2,0,11,7,6,0,5,8,8,6,9,9,4,3,8,2,3,7,4,5,4,6,11,6,7,10,0,5,4,7,0,6,9,6,5,8,10,0,5,8,6,2,7,8,6,5,9,6,6,2,5,11,6,9,2,7,0,7,2,9,6,8,0,3,0,0,7,2,2,8,2,4,7,0,2,6,9,2,0,9,7,9,7,4,7,8,9,2,3,5,9,2,6,4,6,6,5,4,7,8,0,10,0,6,7
2,8,11,6,7,2,9,9,3,4,2,3,7,6,2,11,9,3,5,10,3,3,10,6,5,5,10,6,7,9,8,5,7,2,9,5,11,9,2,3,4,7,8,9,6,3,2,0,8,7,2,6,9,9,7,10,10,5,4,9,3,4,8,5,6,5,7,0,7,8,11,2,6,5,8,2,7,10,7,6,9,11,2,6,9,7,3,8,9,7,6,10,7,7,3,6,0,7,10,3,8,2,8,3,10,7,9,2,4,2,2,8,3,3,9,3,5,8,2,3,7,10,3,2,10,8,10,8,5,8,9,10,3,4,6,10,3,7,5,7,7,6,5,8,9,2,11,2,7,8
3,9,0,7,8,3,10,10,4,5,3,4,8,7,3,0,10,4,6,11,4,4,11,7,6,6,11,7,8,10,9,6,8,3,10,6,0,10,3,4,5,8,9,10,7,4,3,2,9,8,3,7,10,10,8,11,11,6,5,10,4,5,9,6,7,6,8,2,8,9,0,3,7,6,9,3,8,11,8,7,10,0,3,7,10,8,4,9,10,8,7,11,8,8,4,7,2,8,11,4,9,3,9,4,11,8,10,3,5,3,3,9,4,4,10,4,6,9,3,4,8,11,4,3,11,9,11,9,6,9,10,11,4,5,7,11,4,8,6,8,8,7,6,9,10,3,0,3,8,9
4,10,2,8,9,4,11,11,5,6,4,5,9,8,4,2,11,5,7,0,5,5,0,8,7,7,0,8,9,11,10,7,9,4,11,7,2,11,4,5,6,9,10,11,8,5,4,3,10,9,4,8,11,11,9,0,0,7,6,11,5,6,10,7,8,7,9,3,9,10,2,4,8,7,10,4,9,0,9,8,11,2,4,8,11,9,5,10,11,9,8,0,9,9,5,8,3,9,0,5,10,4,10,5,0,9,11,4,6,4,4,10,5,5,11,5,7,10,4,5,9,0,5,4,0,10,0,10,7,10,11,0,5,6,8,0,5,9,7,9,9,8,7,10,11,4,2,4,9,10
5,11,3,9,10,5,0,0,6,7,5,6,10,9,5,3,0,6,8,2,6,6,2,9,8,8,2,9,10,0,11,8,10,5,0,8,3,0,5,6,7,10,11,0,9,6,5,4,11,10,5,9,0,0,10,2,2,8,7,0,6,7,11,8,9,8,10,4,10,11,3,5,9,8,11,5,10,2,10,9,0,3,5,9,0,10,6,11,0,10,9,2,10,10,6,9,4,10,2,6,11,5,11,6,2,10,0,5,7,5,5,11,6,6,0,6,8,11,5,6,10,2,6,5,2,11,2,11,8,11,0,2,6,7,9,2,6,10,8,10,10,9,8,11,0,5,3,5,10,11
6,0,4,10,11,6,2,2,7,8,6,7,11,10,6,4,2,7,9,3,7,7,3,10,9,9,3,10,11,2,0,9,11,6,2,9,4,2,6,7,8,11,0,2,10,7,6,5,0,11,6,10,2,2,11,3,3,9,8,2,7,8,0,9,10,9,11,5,11,0,4,6,10,9,0,6,11,3,11,10,2,4,6,10,2,11,7,0,2,11,10,3,11,11,7,10,5,11,3,7,0,6,0,7,3,11,2,6,8,6,6,0,7,7,2,7,9,0,6,7,11,3,7,6,3,0,3,0,9,0,2,3,7,8,10,3,7,11,9,11,11,10,9,0,2,6,4,6,11,0
7,2,5,11,0,7,3,3,8,9,7,8,0,11,7,5,3,8,10,4,8,8,4,11,10,10,4,11,0,3,2,10,0,7,3,10,5,3,7,8,9,0,2,3,11,8,7,6,2,0,7,11,3,3,0,4,4,10,9,3,8,9,2,10,11,10,0,6,0,2,5,7,11,10,2,7,0,4,0,11,3,5,7,11,3,0,8,2,3,0,11,4,0,0,8,11,6,0,4,8,2,7,2,8,4,0,3,7,9,7,7,2,8,8,3,8,10,2,7,8,0,4,8,7,4,2,4,2,10,2,3,4,8,9,11,4,8,0,10,0,0,11,10,2,3,7,5,7,0,2
8,3,6,0,2,8,4,4,9,10,8,9,2,0,8,6,4,9,11,5,9,9,5,0,11,11,5,0,2,4,3,11,2,8,4,11,6,4,8,9,10,2,3,4,0,9,8,7,3,2,8,0,4,4,2,5,5,11,10,4,9,10,3,11,0,11,2,7,2,3,6,8,0,11,3,8,2,5,2,0,4,6,8,0,4,2,9,3,4,2,0,5,2,2,9,0,7,2,5,9,3,8,3,9,5,2,4,8,10,8,8,3,9,9,4,9,11,3,8,9,2,5,9,8,5,3,5,3,11,3,4,5,9,10,0,5,9,2,11,2,2,0,11,3,4,8,6,8,2,3
9,4,7,2,3,9,5,5,10,11,9,10,3,2,9,7,5,10,0,6,10,10,6,2,0,0,6,2,3,5,4,0,3,9,5,0,7,5,9,10,11,3,4,5,2,10,9,8,4,3,9,2,5,5,3,6,6,0,11,5,10,11,4,0,2,0,3,8,3,4,7,9,2,0,4,9,3,6,3,2,5,7,9,2,5,3,10,4,5,3,2,6,3,3,10,2,8,3,6,10,4,9,4,10,6,3,5,9,11,9,9,4,10,10,5,10,0,4,9,10,3,6,10,9,6,4,6,4,0,4,5,6,10,11,2,6,10,3,0,3,3,2,0,4,5,9,7,9,3,4
10,5,8,3,4,10,6,6,11,0,10,11,4,3,10,8,6,11,2,7,11,11,7,3,2,2,7,3,4,6,5,2,4,10,6,2,8,6,10,11,0,4,5,6,3,11,10,9,5,4,10,3,6,6,4,7,7,2,0,6,11,0,5,2,3,2,4,9,4,5,8,10,3,2,5,10,4,7,4,3,6,8,10,3,6,4,11,5,6,4,3,7,4,4,11,3,9,4,7,11,5,10,5,11,7,4,6,10,0,10,10,5,11,11,6,11,2,5,10,11,4,7,11,10,7,5,7,5,2,5,6,7,11,0,3,7,11,4,2,4,4,3,2,5,6,10,8,10,4,5
11,6,9,4,5,11,7,7,0,2,11,0,5,4,11,9,7,0,3,8,0,0,8,4,3,3,8,4,5,7,6,3,5,11,7,3,9,7,11,0,2,5,6,7,4,0,11,10,6,5,11,4,7,7,5,8,8,3,2,7,0,2,6,3,4,3,5,10,5,6,9,11,4,3,6,11,5,8,5,4,7,9,11,4,7,5,0,6,7,5,4,8,5,5,0,4,10,5,8,0,6,11,6,0,8,5,7,11,2,11,11,6,0,0,7,0,3,6,11,0,5,8,0,11,8,6,8,6,3,6,7,8,0,2,4,8,0,5,3,5,5,4,3,6,7,11,9,11,5,6
0,7,10,5,6,0,8,8,2,3,0,2,6,5,0,10,8,2,4,9,2,2,9,5,4,4,9,5,6,8,7,4,6,0,8,4,10,8,0,2,3,6,7,8,5,2,0,11,7,6,0,5,8,8,6,9,9,4,3,8,2,3,7,4,5,4,6,11,6,7,10,0,5,4,7,0,6,9,6,5,8,10,0,5,8,6,2,7,8,6,5,9,6,6,2,5,11,6,9,2,7,0,7,2,9,6,8,0,3,0,0,7,2,2,8,2,4,7,0,2,6,9,2,0,9,7,9,7,4,7,8,9,2,3,5,9,2,6,4,6,6,5,4,7,8,0,10,0,6,7
2,8,11,6,7,2,9,9,3,4,2,3,7,6,2,11,9,3,5,10,3,3,10,6,5,5,10,6,7,9,8,5,7,2,9,5,11,9,2,3,4,7,8,9,6,3,2,0,8,7,2,6,9,9,7,10,10,5,4,9,3,4,8,5,6,5,7,0,7,8,11,2,6,5,8,2,7,10,7,6,9,11,2,6,9,7,3,8,9,7,6,10,7,7,3,6,0,7,10,3,8,2,8,3,10,7,9,2,4,2,2,8,3,3,9,3,5,8,2,3,7,10,3,2,10,8,10,8,5,8,9,10,3,4,6,10,3,7,5,7,7,6,5,8,9,2,11,2,7,8
3,9,0,7,8,3,10,10,4,5,3,4,8,7,3,0,10,4,6,11,4,4,11,7,6,6,11,7,8,10,9,6,8,3,10,6,0,10,3,4,5,8,9,10,7,4,3,2,9,8,3,7,10,10,8,11,11,6,5,10,4,5,9,6,7,6,8,2,8,9,0,3,7,6,9,3,8,11,8,7,10,0,3,7,10,8,4,9,10,8,7,11,8,8,4,7,2,8,11,4,9,3,9,4,11,8,10,3,5,3,3,9,4,4,10,4,6,9,3,4,8,11,4,3,11,9,11,9,6,9,10,11,4,5,7,11,4,8,6,8,8,7,6,9,10,3,0,3,8,9
4,10,2,8,9,4,11,11,5,6,4,5,9,8,4,2,11,5,7,0,5,5,0,8,7,7,0,8,9,11,10,7,9,4,11,7,2,11,4,5,6,9,10,11,8,5,4,3,10,9,4,8,11,11,9,0,0,7,6,11,5,6,10,7,8,7,9,3,9,10,2,4,8,7,10,4,9,0,9,8,11,2,4,8,11,9,5,10,11,9,8,0,9,9,5,8,3,9,0,5,10,4,10,5,0,9,11,4,6,4,4,10,5,5,11,5,7,10,4,5,9,0,5,4,0,10,0,10,7,10,11,0,5,6,8,0,5,9,7,9,9,8,7,10,11,4,2,4,9,10
5,11,3,9,10,5,0,0,6,7,5,6,10,9,5,3,0,6,8,2,6,6,2,9,8,8,2,9,10,0,11,8,10,5,0,8,3,0,5,6,7,10,11,0,9,6,5,4,11,10,5,9,0,0,10,2,2,8,7,0,6,7,11,8,9,8,10,4,10,11,3,5,9,8,11,5,10,2,10,9,0,3,5,9,0,10,6,11,0,10,9,2,10,10,6,9,4,10,2,6,11,5,11,6,2,10,0,5,7,5,5,11,6,6,0,6,8,11,5,6,10,2,6,5,2,11,2,11,8,11,0,2,6,7,9,2,6,10,8,10,10,9,8,11,0,5,3,5,10,11
6,0,4,10,11,6,2,2,7,8,6,7,11,10,6,4,2,7,9,3,7,7,3,10,9,9,3,10,11,2,0,9,11,6,2,9,4,2,6,7,8,11,0,2,10,7,6,5,0,11,6,10,2,2,11,3,3,9,8,2,7,8,0,9,10,9,11,5,11,0,4,6,10,9,0,6,11,3,11,10,2,4,6,10,2,11,7,0,2,11,10,3,11,11,7,10,5,11,3,7,0,6,0,7,3,11,2,6,8,6,6,0,7,7,2,7,9,0,6,7,11,3,7,6,3,0,3,0,9,0,2,3,7,8,10,3,7,11,9,11,11,10,9,0,2,6,4,6,11,0
7,2,5,11,0,7,3,3,8,9,7,8,0,11,7,5,3,8,10,4,8,8,4,11,10,10,4,11,0,3,2,10,0,7,3,10,5,3,7,8,9,0,2,3,11,8,7,6,2,0,7,11,3,3,0,4,4,10,9,3,8,9,2,10,11,10,0,6,0,2,5,7,11,10,2,7,0,4,0,11,3,5,7,11,3,0,8,2,3,0,11,4,0,0,8,11,6,0,4,8,2,7,2,8,4,0,3,7,9,7,7,2,8,8,3,8,10,2,7,8,0,4,8,7,4,2,4,2,10,2,3,4,8,9,11,4,8,0,10,0,0,11,10,2,3,7,5,7,0,2
8,3,6,0,2,8,4,4,9,10,8,9,2,0,8,6,4,9,11,5,9,9,5,0,11,11,5,0,2,4,3,11,2,8,4,11,6,4,8,9,10,2,3,4,0,9,8,7,3,2,8,0,4,4,2,5,5,11,10,4,9,10,3,11,0,11,2,7,2,3,6,8,0,11,3,8,2,5,2,0,4,6,8,0,4,2,9,3,4,2,0,5,2,2,9,0,7,2,5,9,3,8,3,9,5,2,4,8,10,8,8,3,9,9,4,9,11,3,8,9,2,5,9,8,5,3,5,3,11,3,4,5,9,10,0,5,9,2,11,2,2,0,11,3,4,8,6,8,2,3
9,4,7,2,3,9,5,5,10,11,9,10,3,2,9,7,5,10,0,6,10,10,6,2,0,0,6,2,3,5,4,0,3,9,5,0,7,5,9,10,11,3,4,5,2,10,9,8,4,3,9,2,5,5,3,6,6,0,11,5,10,11,4,0,2,0,3,8,3,4,7,9,2,0,4,9,3,6,3,2,5,7,9,2,5,3,10,4,5,3,2,6,3,3,10,2,8,3,6,10,4,9,4,10,6,3,5,9,11,9,9,4,10,10,5,10,0,4,9,10,3,6,10,9,6,4,6,4,0,4,5,6,10,11,2,6,10,3,0,3,3,2,0,4,5,9,7,9,3,4
10,5,8,3,4,10,6,6,11,0,10,11,4,3,10,8,6,11,2,7,11,11,7,3,2,2,7,3,4,6,5,2,4,10,6,2,8,6,10,11,0,4,5,6,3,11,10,9,5,4,10,3,6,6,4,7,7,2,0,6,11,0,5,2,3,2,4,9,4,5,8,10,3,2,5,10,4,7,4,3,6,8,10,3,6,4,11,5,6,4,3,7,4,4,11,3,9,4,7,11,5,10,5,11,7,4,6,10,0,10,10,5,11,11,6,11,2,5,10,11,4,7,11,10,7,5,7,5,2,5,6,7,11,0,3,7,11,4,2,4,4,3,2,5,6,10,8,10,4,5
11,6,9,4,5,11,7,7,0,2,11,0,5,4,11,9,7,0,3,8,0,0,8,4,3,3,8,4,5,7,6,3,5,11,7,3,9,7,11,0,2,5,6,7,4,0,11,10,6,5,11,4,7,7,5,8,8,3,2,7,0,2,6,3,4,3,5,10,5,6,9,11,4,3,6,11,5,8,5,4,7,9,11,4,7,5,0,6,7,5,4,8,5,5,0,4,10,5,8,0,6,11,6,0,8,5,7,11,2,11,11,6,0,0,7,0,3,6,11,0,5,8,0,11,8,6,8,6,3,6,7,8,0,2,4,8,0,5,3,5,5,4,3,6,7,11,9,11,5,6
0,7,10,5,6,0,8,8,2,3,0,2,6,5,0,10,8,2,4,9,2,2,9,5,4,4,9,5,6,8,7,4,6,0,8,4,10,8,0,2,3,6,7,8,5,2,0,11,7,6,0,5,8,8,6,9,9,4,3,8,2,3,7,4,5,4,6,11,6,7,10,0,5,4,7,0,6,9,6,5,8,10,0,5,8,6,2,7,8,6,5,9,6,6,2,5,11,6,9,2,7,0,7,2,9,6,8,0,3,0,0,7,2,2,8,2,4,7,0,2,6,9,2,0,9,7,9,7,4,7,8,9,2,3,5,9,2,6,4,6,6,5,4,7,8,0,10,0,6,7
2,8,11,6,7,2,9,9,3,4,2,3,7,6,2,11,9,3,5,10,3,3,10,6,5,5,10,6,7,9,8,5,7,2,9,5,11,9,2,3,4,7,8,9,6,3,2,0,8,7,2,6,9,9,7,10,10,5,4,9,3,4,8,5,6,5,7,0,7,8,11,2,6,5,8,2,7,10,7,6,9,11,2,6,9,7,3,8,9,7,6,10,7,7,3,6,0,7,10,3,8,2,8,3,10,7,9,2,4,2,2,8,3,3,9,3,5,8,2,3,7,10,3,2,10,8,10,8,5,8,9,10,3,4,6,10,3,7,5,7,7,6,5,8,9,2,11,2,7,8
3,9,0,7,8,3,10,10,4,5,3,4,8,7,3,0,10,4,6,11,4,4,11,7,6,6,11,7,8,10,9,6,8,3,10,6,0,10,3,4,5,8,9,10,7,4,3,2,9,8,3,7,10,10,8,11,11,6,5,10,4,5,9,6,7,6,8,2,8,9,0,3,7,6,9,3,8,11,8,7,10,0,3,7,10,8,4,9,10,8,7,11,8,8,4,7,2,8,11,4,9,3,9,4,11,8,10,3,5,3,3,9,4,4,10,4,6,9,3,4,8,11,4,3,11,9,11,9,6,9,10,11,4,5,7,11,4,8,6,8,8,7,6,9,10,3,0,3,8,9
4,10,2,8,9,4,11,11,5,6,4,5,9,8,4,2,11,5,7,0,5,5,0,8,7,7,0,8,9,11,10,7,9,4,11,7,2,11,4,5,6,9,10,11,8,5,4,3,10,9,4,8,11,11,9,0,0,7,6,11,5,6,10,7,8,7,9,3,9,10,2,4,8,7,10,4,9,0,9,8,11,2,4,8,11,9,5,10,11,9,8,0,9,9,5,8,3,9,0,5,10,4,10,5,0,9,11,4,6,4,4,10,5,5,11,5,7,10,4,5,9,0,5,4,0,10,0,10,7,10,11,0,5,6,8,0,5,9,7,9,9,8,7,10,11,4,2,4,9,10
5,11,3,9,10,5,0,0,6,7,5,6,10,9,5,3,0,6,8,2,6,6,2,9,8,8,2,9,10,0,11,8,10,5,0,8,3,0,5,6,7,10,11,0,9,6,5,4,11,10,5,9,0,0,10,2,2,8,7,0,6,7,11,8,9,8,10,4,10,11,3,5,9,8,11,5,10,2,10,9,0,3,5,9,0,10,6,11,0,10,9,2,10,10,6,9,4,10,2,6,11,5,11,6,2,10,0,5,7,5,5,11,6,6,0,6,8,11,5,6,10,2,6,5,2,11,2,11,8,11,0,2,6,7,9,2,6,10,8,10,10,9,8,11,0,5,3,5,10,11
6,0,4,10,11,6,2,2,7,8,6,7,11,10,6,4,2,7,9,3,7,7,3,10,9,9,3,10,11,2,0,9,11,6,2,9,4,2,6,7,8,11,0,2,10,7,6,5,0,11,6,10,2,2,11,3,3,9,8,2,7,8,0,9,10,9,11,5,11,0,4,6,10,9,0,6,11,3,11,10,2,4,6,10,2,11,7,0,2,11,10,3,11,11,7,10,5,11,3,7,0,6,0,7,3,11,2,6,8,6,6,0,7,7,2,7,9,0,6,7,11,3,7,6,3,0,3,0,9,0,2,3,7,8,10,3,7,11,9,11,11,10,9,0,2,6,4,6,11,0
7,2,5,11,0,7,3,3,8,9,7,8,0,11,7,5,3,8,10,4,8,8,4,11,10,10,4,11,0,3,2,10,0,7,3,10,5,3,7,8,9,0,2,3,11,8,7,6,2,0,7,11,3,3,0,4,4,10,9,3,8,9,2,10,11,10,0,6,0,2,5,7,11,10,2,7,0,4,0,11,3,5,7,11,3,0,8,2,3,0,11,4,0,0,8,11,6,0,4,8,2,7,2,8,4,0,3,7,9,7,7,2,8,8,3,8,10,2,7,8,0,4,8,7,4,2,4,2,10,2,3,4,8,9,11,4,8,0,10,0,0,11,10,2,3,7,5,7,0,2
8,3,6,0,2,8,4,4,9,10,8,9,2,0,8,6,4,9,11,5,9,9,5,0,11,11,5,0,2,4,3,11,2,8,4,11,6,4,8,9,10,2,3,4,0,9,8,7,3,2,8,0,4,4,2,5,5,11,10,4,9,10,3,11,0,11,2,7,2,3,6,8,0,11,3,8,2,5,2,0,4,6,8,0,4,2,9,3,4,2,0,5,2,2,9,0,7,2,5,9,3,8,3,9,5,2,4,8,10,8,8,3,9,9,4,9,11,3,8,9,2,5,9,8,5,3,5,3,11,3,4,5,9,10,0,5,9,2,11,2,2,0,11,3,4,8,6,8,2,3
9,4,7,2,3,9,5,5,10,11,9,10,3,2,9,7,5,10,0,6,10,10,6,2,0,0,6,2,3,5,4,0,3,9,5,0,7,5,9,10,11,3,4,5,2,10,9,8,4,3,9,2,5,5,3,6,6,0,11,5,10,11,4,0,2,0,3,8,3,4,7,9,2,0,4,9,3,6,3,2,5,7,9,2,5,3,10,4,5,3,2,6,3,3,10,2,8,3,6,10,4,9,4,10,6,3,5,9,11,9,9,4,10,10,5,10,0,4,9,10,3,6,10,9,6,4,6,4,0,4,5,6,10,11,2,6,10,3,0,3,3,2,0,4,5,9,7,9,3,4
10,5,8,3,4,10,6,6,11,0,10,11,4,3,10,8,6,11,2,7,11,11,7,3,2,2,7,3,4,6,5,2,4,10,6,2,8,6,10,11,0,4,5,6,3,11,10,9,5,4,10,3,6,6,4,7,7,2,0,6,11,0,5,2,3,2,4,9,4,5,8,10,3,2,5,10,4,7,4,3,6,8,10,3,6,4,11,5,6,4,3,7,4,4,11,3,9,4,7,11,5,10,5,11,7,4,6,10,0,10,10,5,11,11,6,11,2,5,10,11,4,7,11,10,7,5,7,5,2,5,6,7,11,0,3,7,11,4,2,4,4,3,2,5,6,10,8,10,4,5
11,6,9,4,5,11,7,7,0,2,11,0,5,4,11,9,7,0,3,8,0,0,8,4,3,3,8,4,5,7,6,3,5,11,7,3,9,7,11,0,2,5,6,7,4,0,11,10,6,5,11,4,7,7,5,8,8,3,2,7,0,2,6,3,4,3,5,10,5,6,9,11,4,3,6,11,5,8,5,4,7,9,11,4,7,5,0,6,7,5,4,8,5,5,0,4,10,5,8,0,6,11,6,0,8,5,7,11,2,11,11,6,0,0,7,0,3,6,11,0,5,8,0,11,8,6,8,6,3,6,7,8,0,2,4,8,0,5,3,5,5,4,3,6,7,11,9,11,5,6
0,7,10,5,6,0,8,8,2,3,0,2,6,5,0,10,8,2,4,9,2,2,9,5,4,4,9,5,6,8,7,4,6,0,8,4,10,8,0,2,3,6,7,8,5,2,0,11,7,6,0,5,8,8,6,9,9,4,3,8,2,3,7,4,5,4,6,11,6,7,10,0,5,4,7,0,6,9,6,5,8,10,0,5,8,6,2,7,8,6,5,9,6,6,2,5,11,6,9,2,7,0,7,2,9,6,8,0,3,0,0,7,2,2,8,2,4,7,0,2,6,9,2,0,9,7,9,7,4,7,8,9,2,3,5,9,2,6,4,6,6,5,4,7,8,0,10,0,6,7
2,8,11,6,7,2,9,9,3,4,2,3,7,6,2,11,9,3,5,10,3,3,10,6,5,5,10,6,7,9,8,5,7,2,9,5,11,9,2,3,4,7,8,9,6,3,2,0,8,7,2,6,9,9,7,10,10,5,4,9,3,4,8,5,6,5,7,0,7,8,11,2,6,5,8,2,7,10,7,6,9,11,2,6,9,7,3,8,9,7,6,10,7,7,3,6,0,7,10,3,8,2,8,3,10,7,9,2,4,2,2,8,3,3,9,3,5,8,2,3,7,10,3,2,10,8,10,8,5,8,9,10,3,4,6,10,3,7,5,7,7,6,5,8,9,2,11,2,7,8
3,9,0,7,8,3,10,10,4,5,3,4,8,7,3,0,10,4,6,11,4,4,11,7,6,6,11,7,8,10,9,6,8,3,10,6,0,10,3,4,5,8,9,10,7,4,3,2,9,8,3,7,10,10,8,11,11,6,5,10,4,5,9,6,7,6,8,2,8,9,0,3,7,6,9,3,8,11,8,7,10,0,3,7,10,8,4,9,10,8,7,11,8,8,4,7,2,8,11,4,9,3,9,4,11,8,10,3,5,3,3,9,4,4,10,4,6,9,3,4,8,11,4,3,11,9,11,9,6,9,10,11,4,5,7,11,4,8,6,8,8,7,6,9,10,3,0,3,8,9
4,10,2,8,9,4,11,11,5,6,4,5,9,8,4,2,11,5,7,0,5,5,0,8,7,7,0,8,9,11,10,7,9,4,11,7,2,11,4,5,6,9,10,11,8,5,4,3,10,9,4,8,11,11,9,0,0,7,6,11,5,6,10,7,8,7,9,3,9,10,2,4,8,7,10,4,9,0,9,8,11,2,4,8,11,9,5,10,11,9,8,0,9,9,5,8,3,9,0,5,10,4,10,5,0,9,11,4,6,4,4,10,5,5,11,5,7,10,4,5,9,0,5,4,0,10,0,10,7,10,11,0,5,6,8,0,5,9,7,9,9,8,7,10,11,4,2,4,9,10
5,11,3,9,10,5,0,0,6,7,5,6,10,9,5,3,0,6,8,2,6,6,2,9,8,8,2,9,10,0,11,8,10,5,0,8,3,0,5,6,7,10,11,0,9,6,5,4,11,10,5,9,0,0,10,2,2,8,7,0,6,7,11,8,9,8,10,4,10,11,3,5,9,8,11,5,10,2,10,9,0,3,5,9,0,10,6,11,0,10,9,2,10,10,6,9,4,10,2,6,11,5,11,6,2,10,0,5,7,5,5,11,6,6,0,6,8,11,5,6,10,2,6,5,2,11,2,11,8,11,0,2,6,7,9,2,6,10,8,10,10,9,8,11,0,5,3,5,10,11
6,0,4,10,11,6,2,2,7,8,6,7,11,10,6,4,2,7,9,3,7,7,3,10,9,9,3,10,11,2,0,9,11,6,2,9,4,2,6,7,8,11,0,2,10,7,6,5,0,11,6,10,2,2,11,3,3,9,8,2,7,8,0,9,10,9,11,5,11,0,4,6,10,9,0,6,11,3,11,10,2,4,6,10,2,11,7,0,2,11,10,3,11,11,7,10,5,11,3,7,0,6,0,7,3,11,2,6,8,6,6,0,7,7,2,7,9,0,6,7,11,3,7,6,3,0,3,0,9,0,2,3,7,8,10,3,7,11,9,11,11,10,9,0,2,6,4,6,11,0
7,2,5,11,0,7,3,3,8,9,7,8,0,11,7,5,3,8,10,4,8,8,4,11,10,10,4,11,0,3,2,10,0,7,3,10,5,3,7,8,9,0,2,3,11,8,7,6,2,0,7,11,3,3,0,4,4,10,9,3,8,9,2,10,11,10,0,6,0,2,5,7,11,10,2,7,0,4,0,11,3,5,7,11,3,0,8,2,3,0,11,4,0,0,8,11,6,0,4,8,2,7,2,8,4,0,3,7,9,7,7,2,8,8,3,8,10,2,7,8,0,4,8,7,4,2,4,2,10,2,3,4,8,9,11,4,8,0,10,0,0,11,10,2,3,7,5,7,0,2
8,3,6,0,2,8,4,4,9,10,8,9,2,0,8,6,4,9,11,5,9,9,5,0,11,11,5,0,2,4,3,11,2,8,4,11,6,4,8,9,10,2,3,4,0,9,8,7,3,2,8,0,4,4,2,5,5,11,10,4,9,10,3,11,0,11,2,7,2,3,6,8,0,11,3,8,2,5,2,0,4,6,8,0,4,2,9,3,4,2,0,5,2,2,9,0,7,2,5,9,3,8,3,9,5,2,4,8,10,8,8,3,9,9,4,9,11,3,8,9,2,5,9,8,5,3,5,3,11,3,4,5,9,10,0,5,9,2,11,2,2,0,11,3,4,8,6,8,2,3
9,4,7,2,3,9,5,5,10,11,9,10,3,2,9,7,5,10,0,6,10,10,6,2,0,0,6,2,3,5,4,0,3,9,5,0,7,5,9,10,11,3,4,5,2,10,9,8,4,3,9,2,5,5,3,6,6,0,11,5,10,11,4,0,2,0,3,8,3,4,7,9,2,0,4,9,3,6,3,2,5,7,9,2,5,3,10,4,5,3,2,6,3,3,10,2,8,3,6,10,4,9,4,10,6,3,5,9,11,9,9,4,10,10,5,10,0,4,9,10,3,6,10,9,6,4,6,4,0,4,5,6,10,11,2,6,10,3,0,3,3,2,0,4,5,9,7,9,3,4
10,5,8,3,4,10,6,6,11,0,10,11,4,3,10,8,6,11,2,7,11,11,7,3,2,2,7,3,4,6,5,2,4,10,6,2,8,6,10,11,0,4,5,6,3,11,10,9,5,4,10,3,6,6,4,7,7,2,0,6,11,0,5,2,3,2,4,9,4,5,8,10,3,2,5,10,4,7,4,3,6,8,10,3,6,4,11,5,6,4,3,7,4,4,11,3,9,4,7,11,5,10,5,11,7,4,6,10,0,10,10,5,11,11,6,11,2,5,10,11,4,7,11,10,7,5,7,5,2,5,6,7,11,0,3,7,11,4,2,4,4,3,2,5,6,10,8,10,4,5
11,6,9,4,5,11,7,7,0,2,11,0,5,4,11,9,7,0,3,8,0,0,8,4,3,3,8,4,5,7,6,3,5,11,7,3,9,7,11,0,2,5,6,7,4,0,11,10,6,5,11,4,7,7,5,8,8,3,2,7,0,2,6,3,4,3,5,10,5,6,9,11,4,3,6,11,5,8,5,4,7,9,11,4,7,5,0,6,7,5,4,8,5,5,0,4,10,5,8,0,6,11,6,0,8,5,7,11,2,11,11,6,0,0,7,0,3,6,11,0,5,8,0,11,8,6,8,6,3,6,7,8,0,2,4,8,0,5,3,5,5,4,3,6,7,11,9,11,5,6
0,7,10,5,6,0,8,8,2,3,0,2,6,5,0,10,8,2,4,9,2,2,9,5,4,4,9,5,6,8,7,4,6,0,8,4,10,8,0,2,3,6,7,8,5,2,0,11,7,6,0,5,8,8,6,9,9,4,3,8,2,3,7,4,5,4,6,11,6,7,10,0,5,4,7,0,6,9,6,5,8,10,0,5,8,6,2,7,8,6,5,9,6,6,2,5,11,6,9,2,7,0,7,2,9,6,8,0,3,0,0,7,2,2,8,2,4,7,0,2,6,9,2,0,9,7,9,7,4,7,8,9,2,3,5,9,2,6,4,6,6,5,4,7,8,0,10,0,6,7
2,8,11,6,7,2,9,9,3,4,2,3,7,6,2,11,9,3,5,10,3,3,10,6,5,5,10,6,7,9,8,5,7,2,9,5,11,9,2,3,4,7,8,9,6,3,2,0,8,7,2,6,9,9,7,10,10,5,4,9,3,4,8,5,6,5,7,0,7,8,11,2,6,5,8,2,7,10,7,6,9,11,2,6,9,7,3,8,9,7,6,10,7,7,3,6,0,7,10,3,8,2,8,3,10,7,9,2,4,2,2,8,3,3,9,3,5,8,2,3,7,10,3,2,10,8,10,8,5,8,9,10,3,4,6,10,3,7,5,7,7,6,5,8,9,2,11,2,7,8
3,9,0,7,8,3,10,10,4,5,3,4,8,7,3,0,10,4,6,11,4,4,11,7,6,6,11,7,8,10,9,6,8,3,10,6,0,10,3,4,5,8,9,10,7,4,3,2,9,8,3,7,10,10,8,11,11,6,5,10,4,5,9,6,7,6,8,2,8,9,0,3,7,6,9,3,8,11,8,7,10,0,3,7,10,8,4,9,10,8,7,11,8,8,4,7,2,8,11,4,9,3,9,4,11,8,10,3,5,3,3,9,4,4,10,4,6,9,3,4,8,11,4,3,11,9,11,9,6,9,10,11,4,5,7,11,4,8,6,8,8,7,6,9,10,3,0,3,8,9
4,10,2,8,9,4,11,11,5,6,4,5,9,8,4,2,11,5,7,0,5,5,0,8,7,7,0,8,9,11,10,7,9,4,11,7,2,11,4,5,6,9,10,11,8,5,4,3,10,9,4,8,11,11,9,0,0,7,6,11,5,6,10,7,8,7,9,3,9,10,2,4,8,7,10,4,9,0,9,8,11,2,4,8,11,9,5,10,11,9,8,0,9,9,5,8,3,9,0,5,10,4,10,5,0,9,11,4,6,4,4,10,5,5,11,5,7,10,4,5,9,0,5,4,0,10,0,10,7,10,11,0,5,6,8,0,5,9,7,9,9,8,7,10,11,4,2,4,9,10
5,11,3,9,10,5,0,0,6,7,5,6,10,9,5,3,0,6,8,2,6,6,2,9,8,8,2,9,10,0,11,8,10,5,0,8,3,0,5,6,7,10,11,0,9,6,5,4,11,10,5,9,0,0,10,2,2,8,7,0,6,7,11,8,9,8,10,4,10,11,3,5,9,8,11,5,10,2,10,9,0,3,5,9,0,10,6,11,0,10,9,2,10,10,6,9,4,10,2,6,11,5,11,6,2,10,0,5,7,5,5,11,6,6,0,6,8,11,5,6,10,2,6,5,2,11,2,11,8,11,0,2,6,7,9,2,6,10,8,10,10,9,8,11,0,5,3,5,10,11
6,0,4,10,11,6,2,2,7,8,6,7,11,10,6,4,2,7,9,3,7,7,3,10,9,9,3,10,11,2,0,9,11,6,2,9,4,2,6,7,8,11,0,2,10,7,6,5,0,11,6,10,2,2,11,3,3,9,8,2,7,8,0,9,10,9,11,5,11,0,4,6,10,9,0,6,11,3,11,10,2,4,6,10,2,11,7,0,2,11,10,3,11,11,7,10,5,11,3,7,0,6,0,7,3,11,2,6,8,6,6,0,7,7,2,7,9,0,6,7,11,3,7,6,3,0,3,0,9,0,2,3,7,8,10,3,7,11,9,11,11,10,9,0,2,6,4,6,11,0
7,2,5,11,0,7,3,3,8,9,7,8,0,11,7,5,3,8,10,4,8,8,4,11,10,10,4,11,0,3,2,10,0,7,3,10,5,3,7,8,9,0,2,3,11,8,7,6,2,0,7,11,3,3,0,4,4,10,9,3,8,9,2,10,11,10,0,6,0,2,5,7,11,10,2,7,0,4,0,11,3,5,7,11,3,0,8,2,3,0,11,4,0,0,8,11,6,0,4,8,2,7,2,8,4,0,3,7,9,7,7,2,8,8,3,8,10,2,7,8,0,4,8,7,4,2,4,2,10,2,3,4,8,9,11,4,8,0,10,0,0,11,10,2,3,7,5,7,0,2
8,3,6,0,2,8,4,4,9,10,8,9,2,0,8,6,4,9,11,5,9,9,5,0,11,11,5,0,2,4,3,11,2,8,4,11,6,4,8,9,10,2,3,4,0,9,8,7,3,2,8,0,4,4,2,5,5,11,10,4,9,10,3,11,0,11,2,7,2,3,6,8,0,11,3,8,2,5,2,0,4,6,8,0,4,2,9,3,4,2,0,5,2,2,9,0,7,2,5,9,3,8,3,9,5,2,4,8,10,8,8,3,9,9,4,9,11,3,8,9,2,5,9,8,5,3,5,3,11,3,4,5,9,10,0,5,9,2,11,2,2,0,11,3,4,8,6,8,2,3
9,4,7,2,3,9,5,5,10,11,9,10,3,2,9,7,5,10,0,6,10,10,6,2,0,0,6,2,3,5,4,0,3,9,5,0,7,5,9,10,11,3,4,5,2,10,9,8,4,3,9,2,5,5,3,6,6,0,11,5,10,11,4,0,2,0,3,8,3,4,7,9,2,0,4,9,3,6,3,2,5,7,9,2,5,3,10,4,5,3,2,6,3,3,10,2,8,3,6,10,4,9,4,10,6,3,5,9,11,9,9,4,10,10,5,10,0,4,9,10,3,6,10,9,6,4,6,4,0,4,5,6,10,11,2,6,10,3,0,3,3,2,0,4,5,9,7,9,3,4
10,5,8,3,4,10,6,6,11,0,10,11,4,3,10,8,6,11,2,7,11,11,7,3,2,2,7,3,4,6,5,2,4,10,6,2,8,6,10,11,0,4,5,6,3,11,10,9,5,4,10,3,6,6,4,7,7,2,0,6,11,0,5,2,3,2,4,9,4,5,8,10,3,2,5,10,4,7,4,3,6,8,10,3,6,4,11,5,6,4,3,7,4,4,11,3,9,4,7,11,5,10,5,11,7,4,6,10,0,10,10,5,11,11,6,11,2,5,10,11,4,7,11,10,7,5,7,5,2,5,6,7,11,0,3,7,11,4,2,4,4,3,2,5,6,10,8,10,4,5
11,6,9,4,5,11,7,7,0,2,11,0,5,4,11,9,7,0,3,8,0,0,8,4,3,3,8,4,5,7,6,3,5,11,7,3,9,7,11,0,2,5,6,7,4,0,11,10,6,5,11,4,7,7,5,8,8,3,2,7,0,2,6,3,4,3,5,10,5,6,9,11,4,3,6,11,5,8,5,4,7,9,11,4,7,5,0,6,7,5,4,8,5,5,0,4,10,5,8,0,6,11,6,0,8,5,7,11,2,11,11,6,0,0,7,0,3,6,11,0,5,8,0,11,8,6,8,6,3,6,7,8,0,2,4,8,0,5,3,5,5,4,3,6,7,11,9,11,5,6
0,7,10,5,6,0,8,8,2,3,0,2,6,5,0,10,8,2,4,9,2,2,9,5,4,4,9,5,6,8,7,4,6,0,8,4,10,8,0,2,3,6,7,8,5,2,0,11,7,6,0,5,8,8,6,9,9,4,3,8,2,3,7,4,5,4,6,11,6,7,10,0,5,4,7,0,6,9,6,5,8,10,0,5,8,6,2,7,8,6,5,9,6,6,2,5,11,6,9,2,7,0,7,2,9,6,8,0,3,0,0,7,2,2,8,2,4,7,0,2,6,9,2,0,9,7,9,7,4,7,8,9,2,3,5,9,2,6,4,6,6,5,4,7,8,0,10,0,6,7
2,8,11,6,7,2,9,9,3,4,2,3,7,6,2,11,9,3,5,10,3,3,10,6,5,5,10,6,7,9,8,5,7,2,9,5,11,9,2,3,4,7,8,9,6,3,2,0,8,7,2,6,9,9,7,10,10,5,4,9,3,4,8,5,6,5,7,0,7,8,11,2,6,5,8,2,7,10,7,6,9,11,2,6,9,7,3,8,9,7,6,10,7,7,3,6,0,7,10,3,8,2,8,3,10,7,9,2,4,2,2,8,3,3,9,3,5,8,2,3,7,10,3,2,10,8,10,8,5,8,9,10,3,4,6,10,3,7,5,7,7,6,5,8,9,2,11,2,7,8
3,9,0,7,8,3,10,10,4,5,3,4,8,7,3,0,10,4,6,11,4,4,11,7,6,6,11,7,8,10,9,6,8,3,10,6,0,10,3,4,5,8,9,10,7,4,3,2,9,8,3,7,10,10,8,11,11,6,5,10,4,5,9,6,7,6,8,2,8,9,0,3,7,6,9,3,8,11,8,7,10,0,3,7,10,8,4,9,10,8,7,11,8,8,4,7,2,8,11,4,9,3,9,4,11,8,10,3,5,3,3,9,4,4,10,4,6,9,3,4,8,11,4,3,11,9,11,9,6,9,10,11,4,5,7,11,4,8,6,8,8,7,6,9,10,3,0,3,8,9
4,10,2,8,9,4,11,11,5,6,4,5,9,8,4,2,11,5,7,0,5,5,0,8,7,7,0,8,9,11,10,7,9,4,11,7,2,11,4,5,6,9,10,11,8,5,4,3,10,9,4,8,11,11,9,0,0,7,6,11,5,6,10,7,8,7,9,3,9,10,2,4,8,7,10,4,9,0,9,8,11,2,4,8,11,9,5,10,11,9,8,0,9,9,5,8,3,9,0,5,10,4,10,5,0,9,11,4,6,4,4,10,5,5,11,5,7,10,4,5,9,0,5,4,0,10,0,10,7,10,11,0,5,6,8,0,5,9,7,9,9,8,7,10,11,4,2,4,9,10
5,11,3,9,10,5,0,0,6,7,5,6,10,9,5,3,0,6,8,2,6,6,2,9,8,8,2,9,10,0,11,8,10,5,0,8,3,0,5,6,7,10,11,0,9,6,5,4,11,10,5,9,0,0,10,2,2,8,7,0,6,7,11,8,9,8,10,4,10,11,3,5,9,8,11,5,10,2,10,9,0,3,5,9,0,10,6,11,0,10,9,2,10,10,6,9,4,10,2,6,11,5,11,6,2,10,0,5,7,5,5,11,6,6,0,6,8,11,5,6,10,2,6,5,2,11,2,11,8,11,0,2,6,7,9,2,6,10,8,10,10,9,8,11,0,5,3,5,10,11
6,0,4,10,11,6,2,2,7,8,6,7,11,10,6,4,2,7,9,3,7,7,3,10,9,9,3,10,11,2,0,9,11,6,2,9,4,2,6,7,8,11,0,2,10,7,6,5,0,11,6,10,2,2,11,3,3,9,8,2,7,8,0,9,10,9,11,5,11,0,4,6,10,9,0,6,11,3,11,10,2,4,6,10,2,11,7,0,2,11,10,3,11,11,7,10,5,11,3,7,0,6,0,7,3,11,2,6,8,6,6,0,7,7,2,7,9,0,6,7,11,3,7,6,3,0,3,0,9,0,2,3,7,8,10,3,7,11,9,11,11,10,9,0,2,6,4,6,11,0
7,2,5,11,0,7,3,3,8,9,7,8,0,11,7,5,3,8,10,4,8,8,4,11,10,10,4,11,0,3,2,10,0,7,3,10,5,3,7,8,9,0,2,3,11,8,7,6,2,0,7,11,3,3,0,4,4,10,9,3,8,9,2,10,11,10,0,6,0,2,5,7,11,10,2,7,0,4,0,11,3,5,7,11,3,0,8,2,3,0,11,4,0,0,8,11,6,0,4,8,2,7,2,8,4,0,3,7,9,7,7,2,8,8,3,8,10,2,7,8,0,4,8,7,4,2,4,2,10,2,3,4,8,9,11,4,8,0,10,0,0,11,10,2,3,7,5,7,0,2
8,3,6,0,2,8,4,4,9,10,8,9,2,0,8,6,4,9,11,5,9,9,5,0,11,11,5,0,2,4,3,11,2,8,4,11,6,4,8,9,10,2,3,4,0,9,8,7,3,2,8,0,4,4,2,5,5,11,10,4,9,10,3,11,0,11,2,7,2,3,6,8,0,11,3,8,2,5,2,0,4,6,8,0,4,2,9,3,4,2,0,5,2,2,9,0,7,2,5,9,3,8,3,9,5,2,4,8,10,8,8,3,9,9,4,9,11,3,8,9,2,5,9,8,5,3,5,3,11,3,4,5,9,10,0,5,9,2,11,2,2,0,11,3,4,8,6,8,2,3
9,4,7,2,3,9,5,5,10,11,9,10,3,2,9,7,5,10,0,6,10,10,6,2,0,0,6,2,3,5,4,0,3,9,5,0,7,5,9,10,11,3,4,5,2,10,9,8,4,3,9,2,5,5,3,6,6,0,11,5,10,11,4,0,2,0,3,8,3,4,7,9,2,0,4,9,3,6,3,2,5,7,9,2,5,3,10,4,5,3,2,6,3,3,10,2,8,3,6,10,4,9,4,10,6,3,5,9,11,9,9,4,10,10,5,10,0,4,9,10,3,6,10,9,6,4,6,4,0,4,5,6,10,11,2,6,10,3,0,3,3,2,0,4,5,9,7,9,3,4
10,5,8,3,4,10,6,6,11,0,10,11,4,3,10,8,6,11,2,7,11,11,7,3,2,2,7,3,4,6,5,2,4,10,6,2,8,6,10,11,0,4,5,6,3,11,10,9,5,4,10,3,6,6,4,7,7,2,0,6,11,0,5,2,3,2,4,9,4,5,8,10,3,2,5,10,4,7,4,3,6,8,10,3,6,4,11,5,6,4,3,7,4,4,11,3,9,4,7,11,5,10,5,11,7,4,6,10,0,10,10,5,11,11,6,11,2,5,10,11,4,7,11,10,7,5,7,5,2,5,6,7,11,0,3,7,11,4,2,4,4,3,2,5,6,10,8,10,4,5
11,6,9,4,5,11,7,7,0,2,11,0,5,4,11,9,7,0,3,8,0,0,8,4,3,3,8,4,5,7,6,3,5,11,7,3,9,7,11,0,2,5,6,7,4,0,11,10,6,5,11,4,7,7,5,8,8,3,2,7,0,2,6,3,4,3,5,10,5,6,9,11,4,3,6,11,5,8,5,4,7,9,11,4,7,5,0,6,7,5,4,8,5,5,0,4,10,5,8,0,6,11,6,0,8,5,7,11,2,11,11,6,0,0,7,0,3,6,11,0,5,8,0,11,8,6,8,6,3,6,7,8,0,2,4,8,0,5,3,5,5,4,3,6,7,11,9,11,5,6
0,7,10,5,6,0,8,8,2,3,0,2,6,5,0,10,8,2,4,9,2,2,9,5,4,4,9,5,6,8,7,4,6,0,8,4,10,8,0,2,3,6,7,8,5,2,0,11,7,6,0,5,8,8,6,9,9,4,3,8,2,3,7,4,5,4,6,11,6,7,10,0,5,4,7,0,6,9,6,5,8,10,0,5,8,6,2,7,8,6,5,9,6,6,2,5,11,6,9,2,7,0,7,2,9,6,8,0,3,0,0,7,2,2,8,2,4,7,0,2,6,9,2,0,9,7,9,7,4,7,8,9,2,3,5,9,2,6,4,6,6,5,4,7,8,0,10,0,6,7
2,8,11,6,7,2,9,9,3,4,2,3,7,6,2,11,9,3,5,10,3,3,10,6,5,5,10,6,7,9,8,5,7,2,9,5,11,9,2,3,4,7,8,9,6,3,2,0,8,7,2,6,9,9,7,10,10,5,4,9,3,4,8,5,6,5,7,0,7,8,11,2,6,5,8,2,7,10,7,6,9,11,2,6,9,7,3,8,9,7,6,10,7,7,3,6,0,7,10,3,8,2,8,3,10,7,9,2,4,2,2,8,3,3,9,3,5,8,2,3,7,10,3,2,10,8,10,8,5,8,9,10,3,4,6,10,3,7,5,7,7,6,5,8,9,2,11,2,7,8
3,9,0,7,8,3,10,10,4,5,3,4,8,7,3,0,10,4,6,11,4,4,11,7,6,6,11,7,8,10,9,6,8,3,10,6,0,10,3,4,5,8,9,10,7,4,3,2,9,8,3,7,10,10,8,11,11,6,5,10,4,5,9,6,7,6,8,2,8,9,0,3,7,6,9,3,8,11,8,7,10,0,3,7,10,8,4,9,10,8,7,11,8,8,4,7,2,8,11,4,9,3,9,4,11,8,10,3,5,3,3,9,4,4,10,4,6,9,3,4,8,11,4,3,11,9,11,9,6,9,10,11,4,5,7,11,4,8,6,8,8,7,6,9,10,3,0,3,8,9
4,10,2,8,9,4,11,11,5,6,4,5,9,8,4,2,11,5,7,0,5,5,0,8,7,7,0,8,9,11,10,7,9,4,11,7,2,11,4,5,6,9,10,11,8,5,4,3,10,9,4,8,11,11,9,0,0,7,6,11,5,6,10,7,8,7,9,3,9,10,2,4,8,7,10,4,9,0,9,8,11,2,4,8,11,9,5,10,11,9,8,0,9,9,5,8,3,9,0,5,10,4,10,5,0,9,11,4,6,4,4,10,5,5,11,5,7,10,4,5,9,0,5,4,0,10,0,10,7,10,11,0,5,6,8,0,5,9,7,9,9,8,7,10,11,4,2,4,9,10
5,11,3,9,10,5,0,0,6,7,5,6,10,9,5,3,0,6,8,2,6,6,2,9,8,8,2,9,10,0,11,8,10,5,0,8,3,0,5,6,7,10,11,0,9,6,5,4,11,10,5,9,0,0,10,2,2,8,7,0,6,7,11,8,9,8,10,4,10,11,3,5,9,8,11,5,10,2,10,9,0,3,5,9,0,10,6,11,0,10,9,2,10,10,6,9,4,10,2,6,11,5,11,6,2,10,0,5,7,5,5,11,6,6,0,6,8,11,5,6,10,2,6,5,2,11,2,11,8,11,0,2,6,7,9,2,6,10,8,10,10,9,8,11,0,5,3,5,10,11
6,0,4,10,11,6,2,2,7,8,6,7,11,10,6,4,2,7,9,3,7,7,3,10,9,9,3,10,11,2,0,9,11,6,2,9,4,2,6,7,8,11,0,2,10,7,6,5,0,11,6,10,2,2,11,3,3,9,8,2,7,8,0,9,10,9,11,5,11,0,4,6,10,9,0,6,11,3,11,10,2,4,6,10,2,11,7,0,2,11,10,3,11,11,7,10,5,11,3,7,0,6,0,7,3,11,2,6,8,6,6,0,7,7,2,7,9,0,6,7,11,3,7,6,3,0,3,0,9,0,2,3,7,8,10,3,7,11,9,11,11,10,9,0,2,6,4,6,11,0
7,2,5,11,0,7,3,3,8,9,7,8,0,11,7,5,3,8,10,4,8,8,4,11,10,10,4,11,0,3,2,10,0,7,3,10,5,3,7,8,9,0,2,3,11,8,7,6,2,0,7,11,3,3,0,4,4,10,9,3,8,9,2,10,11,10,0,6,0,2,5,7,11,10,2,7,0,4,0,11,3,5,7,11,3,0,8,2,3,0,11,4,0,0,8,11,6,0,4,8,2,7,2,8,4,0,3,7,9,7,7,2,8,8,3,8,10,2,7,8,0,4,8,7,4,2,4,2,10,2,3,4,8,9,11,4,8,0,10,0,0,11,10,2,3,7,5,7,0,2
8,3,6,0,2,8,4,4,9,10,8,9,2,0,8,6,4,9,11,5,9,9,5,0,11,11,5,0,2,4,3,11,2,8,4,11,6,4,8,9,10,2,3,4,0,9,8,7,3,2,8,0,4,4,2,5,5,11,10,4,9,10,3,11,0,11,2,7,2,3,6,8,0,11,3,8,2,5,2,0,4,6,8,0,4,2,9,3,4,2,0,5,2,2,9,0,7,2,5,9,3,8,3,9,5,2,4,8,10,8,8,3,9,9,4,9,11,3,8,9,2,5,9,8,5,3,5,3,11,3,4,5,9,10,0,5,9,2,11,2,2,0,11,3,4,8,6,8,2,3
9,4,7,2,3,9,5,5,10,11,9,10,3,2,9,7,5,10,0,6,10,10,6,2,0,0,6,2,3,5,4,0,3,9,5,0,7,5,9,10,11,3,4,5,2,10,9,8,4,3,9,2,5,5,3,6,6,0,11,5,10,11,4,0,2,0,3,8,3,4,7,9,2,0,4,9,3,6,3,2,5,7,9,2,5,3,10,4,5,3,2,6,3,3,10,2,8,3,6,10,4,9,4,10,6,3,5,9,11,9,9,4,10,10,5,10,0,4,9,10,3,6,10,9,6,4,6,4,0,4,5,6,10,11,2,6,10,3,0,3,3,2,0,4,5,9,7,9,3,4
10,5,8,3,4,10,6,6,11,0,10,11,4,3,10,8,6,11,2,7,11,11,7,3,2,2,7,3,4,6,5,2,4,10,6,2,8,6,10,11,0,4,5,6,3,11,10,9,5,4,10,3,6,6,4,7,7,2,0,6,11,0,5,2,3,2,4,9,4,5,8,10,3,2,5,10,4,7,4,3,6,8,10,3,6,4,11,5,6,4,3,7,4,4,11,3,9,4,7,11,5,10,5,11,7,4,6,10,0,10,10,5,11,11,6,11,2,5,10,11,4,7,11,10,7,5,7,5,2,5,6,7,11,0,3,7,11,4,2,4,4,3,2,5,6,10,8,10,4,5
11,6,9,4,5,11,7,7,0,2,11,0,5,4,11,9,7,0,3,8,0,0,8,4,3,3,8,4,5,7,6,3,5,11,7,3,9,7,11,0,2,5,6,7,4,0,11,10,6,5,11,4,7,7,5,8,8,3,2,7,0,2,6,3,4,3,5,10,5,6,9,11,4,3,6,11,5,8,5,4,7,9,11,4,7,5,0,6,7,5,4,8,5,5,0,4,10,5,8,0,6,11,6,0,8,5,7,11,2,11,11,6,0,0,7,0,3,6,11,0,5,8,0,11,8,6,8,6,3,6,7,8,0,2,4,8,0,5,3,5,5,4,3,6,7,11,9,11,5,6
0,7,10,5,6,0,8,8,2,3,0,2,6,5,0,10,8,2,4,9,2,2,9,5,4,4,9,5,6,8,7,4,6,0,8,4,10,8,0,2,3,6,7,8,5,2,0,11,7,6,0,5,8,8,6,9,9,4,3,8,2,3,7,4,5,4,6,11,6,7,10,0,5,4,7,0,6,9,6,5,8,10,0,5,8,6,2,7,8,6,5,9,6,6,2,5,11,6,9,2,7,0,7,2,9,6,8,0,3,0,0,7,2,2,8,2,4,7,0,2,6,9,2,0,9,7,9,7,4,7,8,9,2,3,5,9,2,6,4,6,6,5,4,7,8,0,10,0,6,7
2,8,11,6,7,2,9,9,3,4,2,3,7,6,2,11,9,3,5,10,3,3,10,6,5,5,10,6,7,9,8,5,7,2,9,5,11,9,2,3,4,7,8,9,6,3,2,0,8,7,2,6,9,9,7,10,10,5,4,9,3,4,8,5,6,5,7,0,7,8,11,2,6,5,8,2,7,10,7,6,9,11,2,6,9,7,3,8,9,7,6,10,7,7,3,6,0,7,10,3,8,2,8,3,10,7,9,2,4,2,2,8,3,3,9,3,5,8,2,3,7,10,3,2,10,8,10,8,5,8,9,10,3,4,6,10,3,7,5,7,7,6,5,8,9,2,11,2,7,8
3,9,0,7,8,3,10,10,4,5,3,4,8,7,3,0,10,4,6,11,4,4,11,7,6,6,11,7,8,10,9,6,8,3,10,6,0,10,3,4,5,8,9,10,7,4,3,2,9,8,3,7,10,10,8,11,11,6,5,10,4,5,9,6,7,6,8,2,8,9,0,3,7,6,9,3,8,11,8,7,10,0,3,7,10,8,4,9,10,8,7,11,8,8,4,7,2,8,11,4,9,3,9,4,11,8,10,3,5,3,3,9,4,4,10,4,6,9,3,4,8,11,4,3,11,9,11,9,6,9,10,11,4,5,7,11,4,8,6,8,8,7,6,9,10,3,0,3,8,9
4,10,2,8,9,4,11,11,5,6,4,5,9,8,4,2,11,5,7,0,5,5,0,8,7,7,0,8,9,11,10,7,9,4,11,7,2,11,4,5,6,9,10,11,8,5,4,3,10,9,4,8,11,11,9,0,0,7,6,11,5,6,10,7,8,7,9,3,9,10,2,4,8,7,10,4,9,0,9,8,11,2,4,8,11,9,5,10,11,9,8,0,9,9,5,8,3,9,0,5,10,4,10,5,0,9,11,4,6,4,4,10,5,5,11,5,7,10,4,5,9,0,5,4,0,10,0,10,7,10,11,0,5,6,8,0,5,9,7,9,9,8,7,10,11,4,2,4,9,10
5,11,3,9,10,5,0,0,6,7,5,6,10,9,5,3,0,6,8,2,6,6,2,9,8,8,2,9,10,0,11,8,10,5,0,8,3,0,5,6,7,10,11,0,9,6,5,4,11,10,5,9,0,0,10,2,2,8,7,0,6,7,11,8,9,8,10,4,10,11,3,5,9,8,11,5,10,2,10,9,0,3,5,9,0,10,6,11,0,10,9,2,10,10,6,9,4,10,2,6,11,5,11,6,2,10,0,5,7,5,5,11,6,6,0,6,8,11,5,6,10,2,6,5,2,11,2,11,8,11,0,2,6,7,9,2,6,10,8,10,10,9,8,11,0,5,3,5,10,11
6,0,4,10,11,6,2,2,7,8,6,7,11,10,6,4,2,7,9,3,7,7,3,10,9,9,3,10,11,2,0,9,11,6,2,9,4,2,6,7,8,11,0,2,10,7,6,5,0,11,6,10,2,2,11,3,3,9,8,2,7,8,0,9,10,9,11,5,11,0,4,6,10,9,0,6,11,3,11,10,2,4,6,10,2,11,7,0,2,11,10,3,11,11,7,10,5,11,3,7,0,6,0,7,3,11,2,6,8,6,6,0,7,7,2,7,9,0,6,7,11,3,7,6,3,0,3,0,9,0,2,3,7,8,10,3,7,11,9,11,11,10,9,0,2,6,4,6,11,0
7,2,5,11,0,7,3,3,8,9,7,8,0,11,7,5,3,8,10,4,8,8,4,11,10,10,4,11,0,3,2,10,0,7,3,10,5,3,7,8,9,0,2,3,11,8,7,6,2,0,7,11,3,3,0,4,4,10,9,3,8,9,2,10,11,10,0,6,0,2,5,7,11,10,2,7,0,4,0,11,3,5,7,11,3,0,8,2,3,0,11,4,0,0,8,11,6,0,4,8,2,7,2,8,4,0,3,7,9,7,7,2,8,8,3,8,10,2,7,8,0,4,8,7,4,2,4,2,10,2,3,4,8,9,11,4,8,0,10,0,0,11,10,2,3,7,5,7,0,2
8,3,6,0,2,8,4,4,9,10,8,9,2,0,8,6,4,9,11,5,9,9,5,0,11,11,5,0,2,4,3,11,2,8,4,11,6,4,8,9,10,2,3,4,0,9,8,7,3,2,8,0,4,4,2,5,5,11,10,4,9,10,3,11,0,11,2,7,2,3,6,8,0,11,3,8,2,5,2,0,4,6,8,0,4,2,9,3,4,2,0,5,2,2,9,0,7,2,5,9,3,8,3,9,5,2,4,8,10,8,8,3,9,9,4,9,11,3,8,9,2,5,9,8,5,3,5,3,11,3,4,5,9,10,0,5,9,2,11,2,2,0,11,3,4,8,6,8,2,3
9,4,7,2,3,9,5,5,10,11,9,10,3,2,9,7,5,10,0,6,10,10,6,2,0,0,6,2,3,5,4,0,3,9,5,0,7,5,9,10,11,3,4,5,2,10,9,8,4,3,9,2,5,5,3,6,6,0,11,5,10,11,4,0,2,0,3,8,3,4,7,9,2,0,4,9,3,6,3,2,5,7,9,2,5,3,10,4,5,3,2,6,3,3,10,2,8,3,6,10,4,9,4,10,6,3,5,9,11,9,9,4,10,10,5,10,0,4,9,10,3,6,10,9,6,4,6,4,0,4,5,6,10,11,2,6,10,3,0,3,3,2,0,4,5,9,7,9,3,4
10,5,8,3,4,10,6,6,11,0,10,11,4,3,10,8,6,11,2,7,11,11,7,3,2,2,7,3,4,6,5,2,4,10,6,2,8,6,10,11,0,4,5,6,3,11,10,9,5,4,10,3,6,6,4,7,7,2,0,6,11,0,5,2,3,2,4,9,4,5,8,10,3,2,5,10,4,7,4,3,6,8,10,3,6,4,11,5,6,4,3,7,4,4,11,3,9,4,7,11,5,10,5,11,7,4,6,10,0,10,10,5,11,11,6,11,2,5,10,11,4,7,11,10,7,5,7,5,2,5,6,7,11,0,3,7,11,4,2,4,4,3,2,5,6,10,8,10,4,5
11,6,9,4,5,11,7,7,0,2,11,0,5,4,11,9,7,0,3,8,0,0,8,4,3,3,8,4,5,7,6,3,5,11,7,3,9,7,11,0,2,5,6,7,4,0,11,10,6,5,11,4,7,7,5,8,8,3,2,7,0,2,6,3,4,3,5,10,5,6,9,11,4,3,6,11,5,8,5,4,7,9,11,4,7,5,0,6,7,5,4,8,5,5,0,4,10,5,8,0,6,11,6,0,8,5,7,11,2,11,11,6,0,0,7,0,3,6,11,0,5,8,0,11,8,6,8,6,3,6,7,8,0,2,4,8,0,5,3,5,5,4,3,6,7,11,9,11,5,6
0,7,10,5,6,0,8,8,2,3,0,2,6,5,0,10,8,2,4,9,2,2,9,5,4,4,9,5,6,8,7,4,6,0,8,4,10,8,0,2,3,6,7,8,5,2,0,11,7,6,0,5,8,8,6,9,9,4,3,8,2,3,7,4,5,4,6,11,6,7,10,0,5,4,7,0,6,9,6,5,8,10,0,5,8,6,2,7,8,6,5,9,6,6,2,5,11,6,9,2,7,0,7,2,9,6,8,0,3,0,0,7,2,2,8,2,4,7,0,2,6,9,2,0,9,7,9,7,4,7,8,9,2,3,5,9,2,6,4,6,6,5,4,7,8,0,10,0,6,7
2,8,11,6,7,2,9,9,3,4,2,3,7,6,2,11,9,3,5,10,3,3,10,6,5,5,10,6,7,9,8,5,7,2,9,5,11,9,2,3,4,7,8,9,6,3,2,0,8,7,2,6,9,9,7,10,10,5,4,9,3,4,8,5,6,5,7,0,7,8,11,2,6,5,8,2,7,10,7,6,9,11,2,6,9,7,3,8,9,7,6,10,7,7,3,6,0,7,10,3,8,2,8,3,10,7,9,2,4,2,2,8,3,3,9,3,5,8,2,3,7,10,3,2,10,8,10,8,5,8,9,10,3,4,6,10,3,7,5,7,7,6,5,8,9,2,11,2,7,8
3,9,0,7,8,3,10,10,4,5,3,4,8,7,3,0,10,4,6,11,4,4,11,7,6,6,11,7,8,10,9,6,8,3,10,6,0,10,3,4,5,8,9,10,7,4,3,2,9,8,3,7,10,10,8,11,11,6,5,10,4,5,9,6,7,6,8,2,8,9,0,3,7,6,9,3,8,11,8,7,10,0,3,7,10,8,4,9,10,8,7,11,8,8,4,7,2,8,11,4,9,3,9,4,11,8,10,3,5,3,3,9,4,4,10,4,6,9,3,4,8,11,4,3,11,9,11,9,6,9,10,11,4,5,7,11,4,8,6,8,8,7,6,9,10,3,0,3,8,9
4,10,2,8,9,4,11,11,5,6,4,5,9,8,4,2,11,5,7,0,5,5,0,8,7,7,0,8,9,11,10,7,9,4,11,7,2,11,4,5,6,9,10,11,8,5,4,3,10,9,4,8,11,11,9,0,0,7,6,11,5,6,10,7,8,7,9,3,9,10,2,4,8,7,10,4,9,0,9,8,11,2,4,8,11,9,5,10,11,9,8,0,9,9,5,8,3,9,0,5,10,4,10,5,0,9,11,4,6,4,4,10,5,5,11,5,7,10,4,5,9,0,5,4,0,10,0,10,7,10,11,0,5,6,8,0,5,9,7,9,9,8,7,10,11,4,2,4,9,10
5,11,3,9,10,5,0,0,6,7,5,6,10,9,5,3,0,6,8,2,6,6,2,9,8,8,2,9,10,0,11,8,10,5,0,8,3,0,5,6,7,10,11,0,9,6,5,4,11,10,5,9,0,0,10,2,2,8,7,0,6,7,11,8,9,8,10,4,10,11,3,5,9,8,11,5,10,2,10,9,0,3,5,9,0,10,6,11,0,10,9,2,10,10,6,9,4,10,2,6,11,5,11,6,2,10,0,5,7,5,5,11,6,6,0,6,8,11,5,6,10,2,6,5,2,11,2,11,8,11,0,2,6,7,9,2,6,10,8,10,10,9,8,11,0,5,3,5,10,11
6,0,4,10,11,6,2,2,7,8,6,7,11,10,6,4,2,7,9,3,7,7,3,10,9,9,3,10,11,2,0,9,11,6,2,9,4,2,6,7,8,11,0,2,10,7,6,5,0,11,6,10,2,2,11,3,3,9,8,2,7,8,0,9,10,9,11,5,11,0,4,6,10,9,0,6,11,3,11,10,2,4,6,10,2,11,7,0,2,11,10,3,11,11,7,10,5,11,3,7,0,6,0,7,3,11,2,6,8,6,6,0,7,7,2,7,9,0,6,7,11,3,7,6,3,0,3,0,9,0,2,3,7,8,10,3,7,11,9,11,11,10,9,0,2,6,4,6,11,0
7,2,5,11,0,7,3,3,8,9,7,8,0,11,7,5,3,8,10,4,8,8,4,11,10,10,4,11,0,3,2,10,0,7,3,10,5,3,7,8,9,0,2,3,11,8,7,6,2,0,7,11,3,3,0,4,4,10,9,3,8,9,2,10,11,10,0,6,0,2,5,7,11,10,2,7,0,4,0,11,3,5,7,11,3,0,8,2,3,0,11,4,0,0,8,11,6,0,4,8,2,7,2,8,4,0,3,7,9,7,7,2,8,8,3,8,10,2,7,8,0,4,8,7,4,2,4,2,10,2,3,4,8,9,11,4,8,0,10,0,0,11,10,2,3,7,5,7,0,2
8,3,6,0,2,8,4,4,9,10,8,9,2,0,8,6,4,9,11,5,9,9,5,0,11,11,5,0,2,4,3,11,2,8,4,11,6,4,8,9,10,2,3,4,0,9,8,7,3,2,8,0,4,4,2,5,5,11,10,4,9,10,3,11,0,11,2,7,2,3,6,8,0,11,3,8,2,5,2,0,4,6,8,0,4,2,9,3,4,2,0,5,2,2,9,0,7,2,5,9,3,8,3,9,5,2,4,8,10,8,8,3,9,9,4,9,11,3,8,9,2,5,9,8,5,3,5,3,11,3,4,5,9,10,0,5,9,2,11,2,2,0,11,3,4,8,6,8,2,3
9,4,7,2,3,9,5,5,10,11,9,10,3,2,9,7,5,10,0,6,10,10,6,2,0,0,6,2,3,5,4,0,3,9,5,0,7,5,9,10,11,3,4,5,2,10,9,8,4,3,9,2,5,5,3,6,6,0,11,5,10,11,4,0,2,0,3,8,3,4,7,9,2,0,4,9,3,6,3,2,5,7,9,2,5,3,10,4,5,3,2,6,3,3,10,2,8,3,6,10,4,9,4,10,6,3,5,9,11,9,9,4,10,10,5,10,0,4,9,10,3,6,10,9,6,4,6,4,0,4,5,6,10,11,2,6,10,3,0,3,3,2,0,4,5,9,7,9,3,4
10,5,8,3,4,10,6,6,11,0,10,11,4,3,10,8,6,11,2,7,11,11,7,3,2,2,7,3,4,6,5,2,4,10,6,2,8,6,10,11,0,4,5,6,3,11,10,9,5,4,10,3,6,6,4,7,7,2,0,6,11,0,5,2,3,2,4,9,4,5,8,10,3,2,5,10,4,7,4,3,6,8,10,3,6,4,11,5,6,4,3,7,4,4,11,3,9,4,7,11,5,10,5,11,7,4,6,10,0,10,10,5,11,11,6,11,2,5,10,11,4,7,11,10,7,5,7,5,2,5,6,7,11,0,3,7,11,4,2,4,4,3,2,5,6,10,8,10,4,5
11,6,9,4,5,11,7,7,0,2,11,0,5,4,11,9,7,0,3,8,0,0,8,4,3,3,8,4,5,7,6,3,5,11,7,3,9,7,11,0,2,5,6,7,4,0,11,10,6,5,11,4,7,7,5,8,8,3,2,7,0,2,6,3,4,3,5,10,5,6,9,11,4,3,6,11,5,8,5,4,7,9,11,4,7,5,0,6,7,5,4,8,5,5,0,4,10,5,8,0,6,11,6,0,8,5,7,11,2,11,11,6,0,0,7,0,3,6,11,0,5,8,0,11,8,6,8,6,3,6,7,8,0,2,4,8,0,5,3,5,5,4,3,6,7,11,9,11,5,6
0,7,10,5,6,0,8,8,2,3,0,2,6,5,0,10,8,2,4,9,2,2,9,5,4,4,9,5,6,8,7,4,6,0,8,4,10,8,0,2,3,6,7,8,5,2,0,11,7,6,0,5,8,8,6,9,9,4,3,8,2,3,7,4,5,4,6,11,6,7,10,0,5,4,7,0,6,9,6,5,8,10,0,5,8,6,2,7,8,6,5,9,6,6,2,5,11,6,9,2,7,0,7,2,9,6,8,0,3,0,0,7,2,2,8,2,4,7,0,2,6,9,2,0,9,7,9,7,4,7,8,9,2,3,5,9,2,6,4,6,6,5,4,7,8,0,10,0,6,7
2,8,11,6,7,2,9,9,3,4,2,3,7,6,2,11,9,3,5,10,3,3,10,6,5,5,10,6,7,9,8,5,7,2,9,5,11,9,2,3,4,7,8,9,6,3,2,0,8,7,2,6,9,9,7,10,10,5,4,9,3,4,8,5,6,5,7,0,7,8,11,2,6,5,8,2,7,10,7,6,9,11,2,6,9,7,3,8,9,7,6,10,7,7,3,6,0,7,10,3,8,2,8,3,10,7,9,2,4,2,2,8,3,3,9,3,5,8,2,3,7,10,3,2,10,8,10,8,5,8,9,10,3,4,6,10,3,7,5,7,7,6,5,8,9,2,11,2,7,8
3,9,0,7,8,3,10,10,4,5,3,4,8,7,3,0,10,4,6,11,4,4,11,7,6,6,11,7,8,10,9,6,8,3,10,6,0,10,3,4,5,8,9,10,7,4,3,2,9,8,3,7,10,10,8,11,11,6,5,10,4,5,9,6,7,6,8,2,8,9,0,3,7,6,9,3,8,11,8,7,10,0,3,7,10,8,4,9,10,8,7,11,8,8,4,7,2,8,11,4,9,3,9,4,11,8,10,3,5,3,3,9,4,4,10,4,6,9,3,4,8,11,4,3,11,9,11,9,6,9,10,11,4,5,7,11,4,8,6,8,8,7,6,9,10,3,0,3,8,9
4,10,2,8,9,4,11,11,5,6,4,5,9,8,4,2,11,5,7,0,5,5,0,8,7,7,0,8,9,11,10,7,9,4,11,7,2,11,4,5,6,9,10,11,8,5,4,3,10,9,4,8,11,11,9,0,0,7,6,11,5,6,10,7,8,7,9,3,9,10,2,4,8,7,10,4,9,0,9,8,11,2,4,8,11,9,5,10,11,9,8,0,9,9,5,8,3,9,0,5,10,4,10,5,0,9,11,4,6,4,4,10,5,5,11,5,7,10,4,5,9,0,5,4,0,10,0,10,7,10,11,0,5,6,8,0,5,9,7,9,9,8,7,10,11,4,2,4,9,10
5,11,3,9,10,5,0,0,6,7,5,6,10,9,5,3,0,6,8,2,6,6,2,9,8,8,2,9,10,0,11,8,10,5,0,8,3,0,5,6,7,10,11,0,9,6,5,4,11,10,5,9,0,0,10,2,2,8,7,0,6,7,11,8,9,8,10,4,10,11,3,5,9,8,11,5,10,2,10,9,0,3,5,9,0,10,6,11,0,10,9,2,10,10,6,9,4,10,2,6,11,5,11,6,2,10,0,5,7,5,5,11,6,6,0,6,8,11,5,6,10,2,6,5,2,11,2,11,8,11,0,2,6,7,9,2,6,10,8,10,10,9,8,11,0,5,3,5,10,11
6,0,4,10,11,6,2,2,7,8,6,7,11,10,6,4,2,7,9,3,7,7,3,10,9,9,3,10,11,2,0,9,11,6,2,9,4,2,6,7,8,11,0,2,10,7,6,5,0,11,6,10,2,2,11,3,3,9,8,2,7,8,0,9,10,9,11,5,11,0,4,6,10,9,0,6,11,3,11,10,2,4,6,10,2,11,7,0,2,11,10,3,11,11,7,10,5,11,3,7,0,6,0,7,3,11,2,6,8,6,6,0,7,7,2,7,9,0,6,7,11,3,7,6,3,0,3,0,9,0,2,3,7,8,10,3,7,11,9,11,11,10,9,0,2,6,4,6,11,0
7,2,5,11,0,7,3,3,8,9,7,8,0,11,7,5,3,8,10,4,8,8,4,11,10,10,4,11,0,3,2,10,0,7,3,10,5,3,7,8,9,0,2,3,11,8,7,6,2,0,7,11,3,3,0,4,4,10,9,3,8,9,2,10,11,10,0,6,0,2,5,7,11,10,2,7,0,4,0,11,3,5,7,11,3,0,8,2,3,0,11,4,0,0,8,11,6,0,4,8,2,7,2,8,4,0,3,7,9,7,7,2,8,8,3,8,10,2,7,8,0,4,8,7,4,2,4,2,10,2,3,4,8,9,11,4,8,0,10,0,0,11,10,2,3,7,5,7,0,2
8,3,6,0,2,8,4,4,9,10,8,9,2,0,8,6,4,9,11,5,9,9,5,0,11,11,5,0,2,4,3,11,2,8,4,11,6,4,8,9,10,2,3,4,0,9,8,7,3,2,8,0,4,4,2,5,5,11,10,4,9,10,3,11,0,11,2,7,2,3,6,8,0,11,3,8,2,5,2,0,4,6,8,0,4,2,9,3,4,2,0,5,2,2,9,0,7,2,5,9,3,8,3,9,5,2,4,8,10,8,8,3,9,9,4,9,11,3,8,9,2,5,9,8,5,3,5,3,11,3,4,5,9,10,0,5,9,2,11,2,2,0,11,3,4,8,6,8,2,3
9,4,7,2,3,9,5,5,10,11,9,10,3,2,9,7,5,10,0,6,10,10,6,2,0,0,6,2,3,5,4,0,3,9,5,0,7,5,9,10,11,3,4,5,2,10,9,8,4,3,9,2,5,5,3,6,6,0,11,5,10,11,4,0,2,0,3,8,3,4,7,9,2,0,4,9,3,6,3,2,5,7,9,2,5,3,10,4,5,3,2,6,3,3,10,2,8,3,6,10,4,9,4,10,6,3,5,9,11,9,9,4,10,10,5,10,0,4,9,10,3,6,10,9,6,4,6,4,0,4,5,6,10,11,2,6,10,3,0,3,3,2,0,4,5,9,7,9,3,4
10,5,8,3,4,10,6,6,11,0,10,11,4,3,10,8,6,11,2,7,11,11,7,3,2,2,7,3,4,6,5,2,4,10,6,2,8,6,10,11,0,4,5,6,3,11,10,9,5,4,10,3,6,6,4,7,7,2,0,6,11,0,5,2,3,2,4,9,4,5,8,10,3,2,5,10,4,7,4,3,6,8,10,3,6,4,11,5,6,4,3,7,4,4,11,3,9,4,7,11,5,10,5,11,7,4,6,10,0,10,10,5,11,11,6,11,2,5,10,11,4,7,11,10,7,5,7,5,2,5,6,7,11,0,3,7,11,4,2,4,4,3,2,5,6,10,8,10,4,5
11,6,9,4,5,11,7,7,0,2,11,0,5,4,11,9,7,0,3,8,0,0,8,4,3,3,8,4,5,7,6,3,5,11,7,3,9,7,11,0,2,5,6,7,4,0,11,10,6,5,11,4,7,7,5,8,8,3,2,7,0,2,6,3,4,3,5,10,5,6,9,11,4,3,6,11,5,8,5,4,7,9,11,4,7,5,0,6,7,5,4,8,5,5,0,4,10,5,8,0,6,11,6,0,8,5,7,11,2,11,11,6,0,0,7,0,3,6,11,0,5,8,0,11,8,6,8,6,3,6,7,8,0,2,4,8,0,5,3,5,5,4,3,6,7,11,9,11,5,6
0,7,10,5,6,0,8,8,2,3,0,2,6,5,0,10,8,2,4,9,2,2,9,5,4,4,9,5,6,8,7,4,6,0,8,4,10,8,0,2,3,6,7,8,5,2,0,11,7,6,0,5,8,8,6,9,9,4,3,8,2,3,7,4,5,4,6,11,6,7,10,0,5,4,7,0,6,9,6,5,8,10,0,5,8,6,2,7,8,6,5,9,6,6,2,5,11,6,9,2,7,0,7,2,9,6,8,0,3,0,0,7,2,2,8,2,4,7,0,2,6,9,2,0,9,7,9,7,4,7,8,9,2,3,5,9,2,6,4,6,6,5,4,7,8,0,10,0,6,7
2,8,11,6,7,2,9,9,3,4,2,3,7,6,2,11,9,3,5,10,3,3,10,6,5,5,10,6,7,9,8,5,7,2,9,5,11,9,2,3,4,7,8,9,6,3,2,0,8,7,2,6,9,9,7,10,10,5,4,9,3,4,8,5,6,5,7,0,7,8,11,2,6,5,8,2,7,10,7,6,9,11,2,6,9,7,3,8,9,7,6,10,7,7,3,6,0,7,10,3,8,2,8,3,10,7,9,2,4,2,2,8,3,3,9,3,5,8,2,3,7,10,3,2,10,8,10,8,5,8,9,10,3,4,6,10,3,7,5,7,7,6,5,8,9,2,11,2,7,8
3,9,0,7,8,3,10,10,4,5,3,4,8,7,3,0,10,4,6,11,4,4,11,7,6,6,11,7,8,10,9,6,8,3,10,6,0,10,3,4,5,8,9,10,7,4,3,2,9,8,3,7,10,10,8,11,11,6,5,10,4,5,9,6,7,6,8,2,8,9,0,3,7,6,9,3,8,11,8,7,10,0,3,7,10,8,4,9,10,8,7,11,8,8,4,7,2,8,11,4,9,3,9,4,11,8,10,3,5,3,3,9,4,4,10,4,6,9,3,4,8,11,4,3,11,9,11,9,6,9,10,11,4,5,7,11,4,8,6,8,8,7,6,9,10,3,0,3,8,9
4,10,2,8,9,4,11,11,5,6,4,5,9,8,4,2,11,5,7,0,5,5,0,8,7,7,0,8,9,11,10,7,9,4,11,7,2,11,4,5,6,9,10,11,8,5,4,3,10,9,4,8,11,11,9,0,0,7,6,11,5,6,10,7,8,7,9,3,9,10,2,4,8,7,10,4,9,0,9,8,11,2,4,8,11,9,5,10,11,9,8,0,9,9,5,8,3,9,0,5,10,4,10,5,0,9,11,4,6,4,4,10,5,5,11,5,7,10,4,5,9,0,5,4,0,10,0,10,7,10,11,0,5,6,8,0,5,9,7,9,9,8,7,10,11,4,2,4,9,10
5,11,3,9,10,5,0,0,6,7,5,6,10,9,5,3,0,6,8,2,6,6,2,9,8,8,2,9,10,0,11,8,10,5,0,8,3,0,5,6,7,10,11,0,9,6,5,4,11,10,5,9,0,0,10,2,2,8,7,0,6,7,11,8,9,8,10,4,10,11,3,5,9,8,11,5,10,2,10,9,0,3,5,9,0,10,6,11,0,10,9,2,10,10,6,9,4,10,2,6,11,5,11,6,2,10,0,5,7,5,5,11,6,6,0,6,8,11,5,6,10,2,6,5,2,11,2,11,8,11,0,2,6,7,9,2,6,10,8,10,10,9,8,11,0,5,3,5,10,11
6,0,4,10,11,6,2,2,7,8,6,7,11,10,6,4,2,7,9,3,7,7,3,10,9,9,3,10,11,2,0,9,11,6,2,9,4,2,6,7,8,11,0,2,10,7,6,5,0,11,6,10,2,2,11,3,3,9,8,2,7,8,0,9,10,9,11,5,11,0,4,6,10,9,0,6,11,3,11,10,2,4,6,10,2,11,7,0,2,11,10,3,11,11,7,10,5,11,3,7,0,6,0,7,3,11,2,6,8,6,6,0,7,7,2,7,9,0,6,7,11,3,7,6,3,0,3,0,9,0,2,3,7,8,10,3,7,11,9,11,11,10,9,0,2,6,4,6,11,0
7,2,5,11,0,7,3,3,8,9,7,8,0,11,7,5,3,8,10,4,8,8,4,11,10,10,4,11,0,3,2,10,0,7,3,10,5,3,7,8,9,0,2,3,11,8,7,6,2,0,7,11,3,3,0,4,4,10,9,3,8,9,2,10,11,10,0,6,0,2,5,7,11,10,2,7,0,4,0,11,3,5,7,11,3,0,8,2,3,0,11,4,0,0,8,11,6,0,4,8,2,7,2,8,4,0,3,7,9,7,7,2,8,8,3,8,10,2,7,8,0,4,8,7,4,2,4,2,10,2,3,4,8,9,11,4,8,0,10,0,0,11,10,2,3,7,5,7,0,2
8,3,6,0,2,8,4,4,9,10,8,9,2,0,8,6,4,9,11,5,9,9,5,0,11,11,5,0,2,4,3,11,2,8,4,11,6,4,8,9,10,2,3,4,0,9,8,7,3,2,8,0,4,4,2,5,5,11,10,4,9,10,3,11,0,11,2,7,2,3,6,8,0,11,3,8,2,5,2,0,4,6,8,0,4,2,9,3,4,2,0,5,2,2,9,0,7,2,5,9,3,8,3,9,5,2,4,8,10,8,8,3,9,9,4,9,11,3,8,9,2,5,9,8,5,3,5,3,11,3,4,5,9,10,0,5,9,2,11,2,2,0,11,3,4,8,6,8,2,3
9,4,7,2,3,9,5,5,10,11,9,10,3,2,9,7,5,10,0,6,10,10,6,2,0,0,6,2,3,5,4,0,3,9,5,0,7,5,9,10,11,3,4,5,2,10,9,8,4,3,9,2,5,5,3,6,6,0,11,5,10,11,4,0,2,0,3,8,3,4,7,9,2,0,4,9,3,6,3,2,5,7,9,2,5,3,10,4,5,3,2,6,3,3,10,2,8,3,6,10,4,9,4,10,6,3,5,9,11,9,9,4,10,10,5,10,0,4,9,10,3,6,10,9,6,4,6,4,0,4,5,6,10,11,2,6,10,3,0,3,3,2,0,4,5,9,7,9,3,4
10,5,8,3,4,10,6,6,11,0,10,11,4,3,10,8,6,11,2,7,11,11,7,3,2,2,7,3,4,6,5,2,4,10,6,2,8,6,10,11,0,4,5,6,3,11,10,9,5,4,10,3,6,6,4,7,7,2,0,6,11,0,5,2,3,2,4,9,4,5,8,10,3,2,5,10,4,7,4,3,6,8,10,3,6,4,11,5,6,4,3,7,4,4,11,3,9,4,7,11,5,10,5,11,7,4,6,10,0,10,10,5,11,11,6,11,2,5,10,11,4,7,11,10,7,5,7,5,2,5,6,7,11,0,3,7,11,4,2,4,4,3,2,5,6,10,8,10,4,5
11,6,9,4,5,11,7,7,0,2,11,0,5,4,11,9,7,0,3,8,0,0,8,4,3,3,8,4,5,7,6,3,5,11,7,3,9,7,11,0,2,5,6,7,4,0,11,10,6,5,11,4,7,7,5,8,8,3,2,7,0,2,6,3,4,3,5,10,5,6,9,11,4,3,6,11,5,8,5,4,7,9,11,4,7,5,0,6,7,5,4,8,5,5,0,4,10,5,8,0,6,11,6,0,8,5,7,11,2,11,11,6,0,0,7,0,3,6,11,0,5,8,0,11,8,6,8,6,3,6,7,8,0,2,4,8,0,5,3,5,5,4,3,6,7,11,9,11,5,6
0,7,10,5,6,0,8,8,2,3,0,2,6,5,0,10,8,2,4,9,2,2,9,5,4,4,9,5,6,8,7,4,6,0,8,4,10,8,0,2,3,6,7,8,5,2,0,11,7,6,0,5,8,8,6,9,9,4,3,8,2,3,7,4,5,4,6,11,6,7,10,0,5,4,7,0,6,9,6,5,8,10,0,5,8,6,2,7,8,6,5,9,6,6,2,5,11,6,9,2,7,0,7,2,9,6,8,0,3,0,0,7,2,2,8,2,4,7,0,2,6,9,2,0,9,7,9,7,4,7,8,9,2,3,5,9,2,6,4,6,6,5,4,7,8,0,10,0,6,7
2,8,11,6,7,2,9,9,3,4,2,3,7,6,2,11,9,3,5,10,3,3,10,6,5,5,10,6,7,9,8,5,7,2,9,5,11,9,2,3,4,7,8,9,6,3,2,0,8,7,2,6,9,9,7,10,10,5,4,9,3,4,8,5,6,5,7,0,7,8,11,2,6,5,8,2,7,10,7,6,9,11,2,6,9,7,3,8,9,7,6,10,7,7,3,6,0,7,10,3,8,2,8,3,10,7,9,2,4,2,2,8,3,3,9,3,5,8,2,3,7,10,3,2,10,8,10,8,5,8,9,10,3,4,6,10,3,7,5,7,7,6,5,8,9,2,11,2,7,8
3,9,0,7,8,3,10,10,4,5,3,4,8,7,3,0,10,4,6,11,4,4,11,7,6,6,11,7,8,10,9,6,8,3,10,6,0,10,3,4,5,8,9,10,7,4,3,2,9,8,3,7,10,10,8,11,11,6,5,10,4,5,9,6,7,6,8,2,8,9,0,3,7,6,9,3,8,11,8,7,10,0,3,7,10,8,4,9,10,8,7,11,8,8,4,7,2,8,11,4,9,3,9,4,11,8,10,3,5,3,3,9,4,4,10,4,6,9,3,4,8,11,4,3,11,9,11,9,6,9,10,11,4,5,7,11,4,8,6,8,8,7,6,9,10,3,0,3,8,9
4,10,2,8,9,4,11,11,5,6,4,5,9,8,4,2,11,5,7,0,5,5,0,8,7,7,0,8,9,11,10,7,9,4,11,7,2,11,4,5,6,9,10,11,8,5,4,3,10,9,4,8,11,11,9,0,0,7,6,11,5,6,10,7,8,7,9,3,9,10,2,4,8,7,10,4,9,0,9,8,11,2,4,8,11,9,5,10,11,9,8,0,9,9,5,8,3,9,0,5,10,4,10,5,0,9,11,4,6,4,4,10,5,5,11,5,7,10,4,5,9,0,5,4,0,10,0,10,7,10,11,0,5,6,8,0,5,9,7,9,9,8,7,10,11,4,2,4,9,10
5,11,3,9,10,5,0,0,6,7,5,6,10,9,5,3,0,6,8,2,6,6,2,9,8,8,2,9,10,0,11,8,10,5,0,8,3,0,5,6,7,10,11,0,9,6,5,4,11,10,5,9,0,0,10,2,2,8,7,0,6,7,11,8,9,8,10,4,10,11,3,5,9,8,11,5,10,2,10,9,0,3,5,9,0,10,6,11,0,10,9,2,10,10,6,9,4,10,2,6,11,5,11,6,2,10,0,5,7,5,5,11,6,6,0,6,8,11,5,6,10,2,6,5,2,11,2,11,8,11,0,2,6,7,9,2,6,10,8,10,10,9,8,11,0,5,3,5,10,11
6,0,4,10,11,6,2,2,7,8,6,7,11,10,6,4,2,7,9,3,7,7,3,10,9,9,3,10,11,2,0,9,11,6,2,9,4,2,6,7,8,11,0,2,10,7,6,5,0,11,6,10,2,2,11,3,3,9,8,2,7,8,0,9,10,9,11,5,11,0,4,6,10,9,0,6,11,3,11,10,2,4,6,10,2,11,7,0,2,11,10,3,11,11,7,10,5,11,3,7,0,6,0,7,3,11,2,6,8,6,6,0,7,7,2,7,9,0,6,7,11,3,7,6,3,0,3,0,9,0,2,3,7,8,10,3,7,11,9,11,11,10,9,0,2,6,4,6,11,0
7,2,5,11,0,7,3,3,8,9,7,8,0,11,7,5,3,8,10,4,8,8,4,11,10,10,4,11,0,3,2,10,0,7,3,10,5,3,7,8,9,0,2,3,11,8,7,6,2,0,7,11,3,3,0,4,4,10,9,3,8,9,2,10,11,10,0,6,0,2,5,7,11,10,2,7,0,4,0,11,3,5,7,11,3,0,8,2,3,0,11,4,0,0,8,11,6,0,4,8,2,7,2,8,4,0,3,7,9,7,7,2,8,8,3,8,10,2,7,8,0,4,8,7,4,2,4,2,10,2,3,4,8,9,11,4,8,0,10,0,0,11,10,2,3,7,5,7,0,2
8,3,6,0,2,8,4,4,9,10,8,9,2,0,8,6,4,9,11,5,9,9,5,0,11,11,5,0,2,4,3,11,2,8,4,11,6,4,8,9,10,2,3,4,0,9,8,7,3,2,8,0,4,4,2,5,5,11,10,4,9,10,3,11,0,11,2,7,2,3,6,8,0,11,3,8,2,5,2,0,4,6,8,0,4,2,9,3,4,2,0,5,2,2,9,0,7,2,5,9,3,8,3,9,5,2,4,8,10,8,8,3,9,9,4,9,11,3,8,9,2,5,9,8,5,3,5,3,11,3,4,5,9,10,0,5,9,2,11,2,2,0,11,3,4,8,6,8,2,3
9,4,7,2,3,9,5,5,10,11,9,10,3,2,9,7,5,10,0,6,10,10,6,2,0,0,6,2,3,5,4,0,3,9,5,0,7,5,9,10,11,3,4,5,2,10,9,8,4,3,9,2,5,5,3,6,6,0,11,5,10,11,4,0,2,0,3,8,3,4,7,9,2,0,4,9,3,6,3,2,5,7,9,2,5,3,10,4,5,3,2,6,3,3,10,2,8,3,6,10,4,9,4,10,6,3,5,9,11,9,9,4,10,10,5,10,0,4,9,10,3,6,10,9,6,4,6,4,0,4,5,6,10,11,2,6,10,3,0,3,3,2,0,4,5,9,7,9,3,4
10,5,8,3,4,10,6,6,11,0,10,11,4,3,10,8,6,11,2,7,11,11,7,3,2,2,7,3,4,6,5,2,4,10,6,2,8,6,10,11,0,4,5,6,3,11,10,9,5,4,10,3,6,6,4,7,7,2,0,6,11,0,5,2,3,2,4,9,4,5,8,10,3,2,5,10,4,7,4,3,6,8,10,3,6,4,11,5,6,4,3,7,4,4,11,3,9,4,7,11,5,10,5,11,7,4,6,10,0,10,10,5,11,11,6,11,2,5,10,11,4,7,11,10,7,5,7,5,2,5,6,7,11,0,3,7,11,4,2,4,4,3,2,5,6,10,8,10,4,5
11,6,9,4,5,11,7,7,0,2,11,0,5,4,11,9,7,0,3,8,0,0,8,4,3,3,8,4,5,7,6,3,5,11,7,3,9,7,11,0,2,5,6,7,4,0,11,10,6,5,11,4,7,7,5,8,8,3,2,7,0,2,6,3,4,3,5,10,5,6,9,11,4,3,6,11,5,8,5,4,7,9,11,4,7,5,0,6,7,5,4,8,5,5,0,4,10,5,8,0,6,11,6,0,8,5,7,11,2,11,11,6,0,0,7,0,3,6,11,0,5,8,0,11,8,6,8,6,3,6,7,8,0,2,4,8,0,5,3,5,5,4,3,6,7,11,9,11,5,6
0,7,10,5,6,0,8,8,2,3,0,2,6,5,0,10,8,2,4,9,2,2,9,5,4,4,9,5,6,8,7,4,6,0,8,4,10,8,0,2,3,6,7,8,5,2,0,11,7,6,0,5,8,8,6,9,9,4,3,8,2,3,7,4,5,4,6,11,6,7,10,0,5,4,7,0,6,9,6,5,8,10,0,5,8,6,2,7,8,6,5,9,6,6,2,5,11,6,9,2,7,0,7,2,9,6,8,0,3,0,0,7,2,2,8,2,4,7,0,2,6,9,2,0,9,7,9,7,4,7,8,9,2,3,5,9,2,6,4,6,6,5,4,7,8,0,10,0,6,7
2,8,11,6,7,2,9,9,3,4,2,3,7,6,2,11,9,3,5,10,3,3,10,6,5,5,10,6,7,9,8,5,7,2,9,5,11,9,2,3,4,7,8,9,6,3,2,0,8,7,2,6,9,9,7,10,10,5,4,9,3,4,8,5,6,5,7,0,7,8,11,2,6,5,8,2,7,10,7,6,9,11,2,6,9,7,3,8,9,7,6,10,7,7,3,6,0,7,10,3,8,2,8,3,10,7,9,2,4,2,2,8,3,3,9,3,5,8,2,3,7,10,3,2,10,8,10,8,5,8,9,10,3,4,6,10,3,7,5,7,7,6,5,8,9,2,11,2,7,8
3,9,0,7,8,3,10,10,4,5,3,4,8,7,3,0,10,4,6,11,4,4,11,7,6,6,11,7,8,10,9,6,8,3,10,6,0,10,3,4,5,8,9,10,7,4,3,2,9,8,3,7,10,10,8,11,11,6,5,10,4,5,9,6,7,6,8,2,8,9,0,3,7,6,9,3,8,11,8,7,10,0,3,7,10,8,4,9,10,8,7,11,8,8,4,7,2,8,11,4,9,3,9,4,11,8,10,3,5,3,3,9,4,4,10,4,6,9,3,4,8,11,4,3,11,9,11,9,6,9,10,11,4,5,7,11,4,8,6,8,8,7,6,9,10,3,0,3,8,9
4,10,2,8,9,4,11,11,5,6,4,5,9,8,4,2,11,5,7,0,5,5,0,8,7,7,0,8,9,11,10,7,9,4,11,7,2,11,4,5,6,9,10,11,8,5,4,3,10,9,4,8,11,11,9,0,0,7,6,11,5,6,10,7,8,7,9,3,9,10,2,4,8,7,10,4,9,0,9,8,11,2,4,8,11,9,5,10,11,9,8,0,9,9,5,8,3,9,0,5,10,4,10,5,0,9,11,4,6,4,4,10,5,5,11,5,7,10,4,5,9,0,5,4,0,10,0,10,7,10,11,0,5,6,8,0,5,9,7,9,9,8,7,10,11,4,2,4,9,10
5,11,3,9,10,5,0,0,6,7,5,6,10,9,5,3,0,6,8,2,6,6,2,9,8,8,2,9,10,0,11,8,10,5,0,8,3,0,5,6,7,10,11,0,9,6,5,4,11,10,5,9,0,0,10,2,2,8,7,0,6,7,11,8,9,8,10,4,10,11,3,5,9,8,11,5,10,2,10,9,0,3,5,9,0,10,6,11,0,10,9,2,10,10,6,9,4,10,2,6,11,5,11,6,2,10,0,5,7,5,5,11,6,6,0,6,8,11,5,6,10,2,6,5,2,11,2,11,8,11,0,2,6,7,9,2,6,10,8,10,10,9,8,11,0,5,3,5,10,11
6,0,4,10,11,6,2,2,7,8,6,7,11,10,6,4,2,7,9,3,7,7,3,10,9,9,3,10,11,2,0,9,11,6,2,9,4,2,6,7,8,11,0,2,10,7,6,5,0,11,6,10,2,2,11,3,3,9,8,2,7,8,0,9,10,9,11,5,11,0,4,6,10,9,0,6,11,3,11,10,2,4,6,10,2,11,7,0,2,11,10,3,11,11,7,10,5,11,3,7,0,6,0,7,3,11,2,6,8,6,6,0,7,7,2,7,9,0,6,7,11,3,7,6,3,0,3,0,9,0,2,3,7,8,10,3,7,11,9,11,11,10,9,0,2,6,4,6,11,0
7,2,5,11,0,7,3,3,8,9,7,8,0,11,7,5,3,8,10,4,8,8,4,11,10,10,4,11,0,3,2,10,0,7,3,10,5,3,7,8,9,0,2,3,11,8,7,6,2,0,7,11,3,3,0,4,4,10,9,3,8,9,2,10,11,10,0,6,0,2,5,7,11,10,2,7,0,4,0,11,3,5,7,11,3,0,8,2,3,0,11,4,0,0,8,11,6,0,4,8,2,7,2,8,4,0,3,7,9,7,7,2,8,8,3,8,10,2,7,8,0,4,8,7,4,2,4,2,10,2,3,4,8,9,11,4,8,0,10,0,0,11,10,2,3,7,5,7,0,2
8,3,6,0,2,8,4,4,9,10,8,9,2,0,8,6,4,9,11,5,9,9,5,0,11,11,5,0,2,4,3,11,2,8,4,11,6,4,8,9,10,2,3,4,0,9,8,7,3,2,8,0,4,4,2,5,5,11,10,4,9,10,3,11,0,11,2,7,2,3,6,8,0,11,3,8,2,5,2,0,4,6,8,0,4,2,9,3,4,2,0,5,2,2,9,0,7,2,5,9,3,8,3,9,5,2,4,8,10,8,8,3,9,9,4,9,11,3,8,9,2,5,9,8,5,3,5,3,11,3,4,5,9,10,0,5,9,2,11,2,2,0,11,3,4,8,6,8,2,3
9,4,7,2,3,9,5,5,10,11,9,10,3,2,9,7,5,10,0,6,10,10,6,2,0,0,6,2,3,5,4,0,3,9,5,0,7,5,9,10,11,3,4,5,2,10,9,8,4,3,9,2,5,5,3,6,6,0,11,5,10,11,4,0,2,0,3,8,3,4,7,9,2,0,4,9,3,6,3,2,5,7,9,2,5,3,10,4,5,3,2,6,3,3,10,2,8,3,6,10,4,9,4,10,6,3,5,9,11,9,9,4,10,10,5,10,0,4,9,10,3,6,10,9,6,4,6,4,0,4,5,6,10,11,2,6,10,3,0,3,3,2,0,4,5,9,7,9,3,4
10,5,8,3,4,10,6,6,11,0,10,11,4,3,10,8,6,11,2,7,11,11,7,3,2,2,7,3,4,6,5,2,4,10,6,2,8,6,10,11,0,4,5,6,3,11,10,9,5,4,10,3,6,6,4,7,7,2,0,6,11,0,5,2,3,2,4,9,4,5,8,10,3,2,5,10,4,7,4,3,6,8,10,3,6,4,11,5,6,4,3,7,4,4,11,3,9,4,7,11,5,10,5,11,7,4,6,10,0,10,10,5,11,11,6,11,2,5,10,11,4,7,11,10,7,5,7,5,2,5,6,7,11,0,3,7,11,4,2,4,4,3,2,5,6,10,8,10,4,5
11,6,9,4,5,11,7,7,0,2,11,0,5,4,11,9,7,0,3,8,0,0,8,4,3,3,8,4,5,7,6,3,5,11,7,3,9,7,11,0,2,5,6,7,4,0,11,10,6,5,11,4,7,7,5,8,8,3,2,7,0,2,6,3,4,3,5,10,5,6,9,11,4,3,6,11,5,8,5,4,7,9,11,4,7,5,0,6,7,5,4,8,5,5,0,4,10,5,8,0,6,11,6,0,8,5,7,11,2,11,11,6,0,0,7,0,3,6,11,0,5,8,0,11,8,6,8,6,3,6,7,8,0,2,4,8,0,5,3,5,5,4,3,6,7,11,9,11,5,6
0,7,10,5,6,0,8,8,2,3,0,2,6,5,0,10,8,2,4,9,2,2,9,5,4,4,9,5,6,8,7,4,6,0,8,4,10,8,0,2,3,6,7,8,5,2,0,11,7,6,0,5,8,8,6,9,9,4,3,8,2,3,7,4,5,4,6,11,6,7,10,0,5,4,7,0,6,9,6,5,8,10,0,5,8,6,2,7,8,6,5,9,6,6,2,5,11,6,9,2,7,0,7,2,9,6,8,0,3,0,0,7,2,2,8,2,4,7,0,2,6,9,2,0,9,7,9,7,4,7,8,9,2,3,5,9,2,6,4,6,6,5,4,7,8,0,10,0,6,7
2,8,11,6,7,2,9,9,3,4,2,3,7,6,2,11,9,3,5,10,3,3,10,6,5,5,10,6,7,9,8,5,7,2,9,5,11,9,2,3,4,7,8,9,6,3,2,0,8,7,2,6,9,9,7,10,10,5,4,9,3,4,8,5,6,5,7,0,7,8,11,2,6,5,8,2,7,10,7,6,9,11,2,6,9,7,3,8,9,7,6,10,7,7,3,6,0,7,10,3,8,2,8,3,10,7,9,2,4,2,2,8,3,3,9,3,5,8,2,3,7,10,3,2,10,8,10,8,5,8,9,10,3,4,6,10,3,7,5,7,7,6,5,8,9,2,11,2,7,8
3,9,0,7,8,3,10,10,4,5,3,4,8,7,3,0,10,4,6,11,4,4,11,7,6,6,11,7,8,10,9,6,8,3,10,6,0,10,3,4,5,8,9,10,7,4,3,2,9,8,3,7,10,10,8,11,11,6,5,10,4,5,9,6,7,6,8,2,8,9,0,3,7,6,9,3,8,11,8,7,10,0,3,7,10,8,4,9,10,8,7,11,8,8,4,7,2,8,11,4,9,3,9,4,11,8,10,3,5,3,3,9,4,4,10,4,6,9,3,4,8,11,4,3,11,9,11,9,6,9,10,11,4,5,7,11,4,8,6,8,8,7,6,9,10,3,0,3,8,9
4,10,2,8,9,4,11,11,5,6,4,5,9,8,4,2,11,5,7,0,5,5,0,8,7,7,0,8,9,11,10,7,9,4,11,7,2,11,4,5,6,9,10,11,8,5,4,3,10,9,4,8,11,11,9,0,0,7,6,11,5,6,10,7,8,7,9,3,9,10,2,4,8,7,10,4,9,0,9,8,11,2,4,8,11,9,5,10,11,9,8,0,9,9,5,8,3,9,0,5,10,4,10,5,0,9,11,4,6,4,4,10,5,5,11,5,7,10,4,5,9,0,5,4,0,10,0,10,7,10,11,0,5,6,8,0,5,9,7,9,9,8,7,10,11,4,2,4,9,10
5,11,3,9,10,5,0,0,6,7,5,6,10,9,5,3,0,6,8,2,6,6,2,9,8,8,2,9,10,0,11,8,10,5,0,8,3,0,5,6,7,10,11,0,9,6,5,4,11,10,5,9,0,0,10,2,2,8,7,0,6,7,11,8,9,8,10,4,10,11,3,5,9,8,11,5,10,2,10,9,0,3,5,9,0,10,6,11,0,10,9,2,10,10,6,9,4,10,2,6,11,5,11,6,2,10,0,5,7,5,5,11,6,6,0,6,8,11,5,6,10,2,6,5,2,11,2,11,8,11,0,2,6,7,9,2,6,10,8,10,10,9,8,11,0,5,3,5,10,11
6,0,4,10,11,6,2,2,7,8,6,7,11,10,6,4,2,7,9,3,7,7,3,10,9,9,3,10,11,2,0,9,11,6,2,9,4,2,6,7,8,11,0,2,10,7,6,5,0,11,6,10,2,2,11,3,3,9,8,2,7,8,0,9,10,9,11,5,11,0,4,6,10,9,0,6,11,3,11,10,2,4,6,10,2,11,7,0,2,11,10,3,11,11,7,10,5,11,3,7,0,6,0,7,3,11,2,6,8,6,6,0,7,7,2,7,9,0,6,7,11,3,7,6,3,0,3,0,9,0,2,3,7,8,10,3,7,11,9,11,11,10,9,0,2,6,4,6,11,0
7,2,5,11,0,7,3,3,8,9,7,8,0,11,7,5,3,8,10,4,8,8,4,11,10,10,4,11,0,3,2,10,0,7,3,10,5,3,7,8,9,0,2,3,11,8,7,6,2,0,7,11,3,3,0,4,4,10,9,3,8,9,2,10,11,10,0,6,0,2,5,7,11,10,2,7,0,4,0,11,3,5,7,11,3,0,8,2,3,0,11,4,0,0,8,11,6,0,4,8,2,7,2,8,4,0,3,7,9,7,7,2,8,8,3,8,10,2,7,8,0,4,8,7,4,2,4,2,10,2,3,4,8,9,11,4,8,0,10,0,0,11,10,2,3,7,5,7,0,2
8,3,6,0,2,8,4,4,9,10,8,9,2,0,8,6,4,9,11,5,9,9,5,0,11,11,5,0,2,4,3,11,2,8,4,11,6,4,8,9,10,2,3,4,0,9,8,7,3,2,8,0,4,4,2,5,5,11,10,4,9,10,3,11,0,11,2,7,2,3,6,8,0,11,3,8,2,5,2,0,4,6,8,0,4,2,9,3,4,2,0,5,2,2,9,0,7,2,5,9,3,8,3,9,5,2,4,8,10,8,8,3,9,9,4,9,11,3,8,9,2,5,9,8,5,3,5,3,11,3,4,5,9,10,0,5,9,2,11,2,2,0,11,3,4,8,6,8,2,3
9,4,7,2,3,9,5,5,10,11,9,10,3,2,9,7,5,10,0,6,10,10,6,2,0,0,6,2,3,5,4,0,3,9,5,0,7,5,9,10,11,3,4,5,2,10,9,8,4,3,9,2,5,5,3,6,6,0,11,5,10,11,4,0,2,0,3,8,3,4,7,9,2,0,4,9,3,6,3,2,5,7,9,2,5,3,10,4,5,3,2,6,3,3,10,2,8,3,6,10,4,9,4,10,6,3,5,9,11,9,9,4,10,10,5,10,0,4,9,10,3,6,10,9,6,4,6,4,0,4,5,6,10,11,2,6,10,3,0,3,3,2,0,4,5,9,7,9,3,4
10,5,8,3,4,10,6,6,11,0,10,11,4,3,10,8,6,11,2,7,11,11,7,3,2,2,7,3,4,6,5,2,4,10,6,2,8,6,10,11,0,4,5,6,3,11,10,9,5,4,10,3,6,6,4,7,7,2,0,6,11,0,5,2,3,2,4,9,4,5,8,10,3,2,5,10,4,7,4,3,6,8,10,3,6,4,11,5,6,4,3,7,4,4,11,3,9,4,7,11,5,10,5,11,7,4,6,10,0,10,10,5,11,11,6,11,2,5,10,11,4,7,11,10,7,5,7,5,2,5,6,7,11,0,3,7,11,4,2,4,4,3,2,5,6,10,8,10,4,5
11,6,9,4,5,11,7,7,0,2,11,0,5,4,11,9,7,0,3,8,0,0,8,4,3,3,8,4,5,7,6,3,5,11,7,3,9,7,11,0,2,5,6,7,4,0,11,10,6,5,11,4,7,7,5,8,8,3,2,7,0,2,6,3,4,3,5,10,5,6,9,11,4,3,6,11,5,8,5,4,7,9,11,4,7,5,0,6,7,5,4,8,5,5,0,4,10,5,8,0,6,11,6,0,8,5,7,11,2,11,11,6,0,0,7,0,3,6,11,0,5,8,0,11,8,6,8,6,3,6,7,8,0,2,4,8,0,5,3,5,5,4,3,6,7,11,9,11,5,6
0,7,10,5,6,0,8,8,2,3,0,2,6,5,0,10,8,2,4,9,2,2,9,5,4,4,9,5,6,8,7,4,6,0,8,4,10,8,0,2,3,6,7,8,5,2,0,11,7,6,0,5,8,8,6,9,9,4,3,8,2,3,7,4,5,4,6,11,6,7,10,0,5,4,7,0,6,9,6,5,8,10,0,5,8,6,2,7,8,6,5,9,6,6,2,5,11,6,9,2,7,0,7,2,9,6,8,0,3,0,0,7,2,2,8,2,4,7,0,2,6,9,2,0,9,7,9,7,4,7,8,9,2,3,5,9,2,6,4,6,6,5,4,7,8,0,10,0,6,7
2,8,11,6,7,2,9,9,3,4,2,3,7,6,2,11,9,3,5,10,3,3,10,6,5,5,10,6,7,9,8,5,7,2,9,5,11,9,2,3,4,7,8,9,6,3,2,0,8,7,2,6,9,9,7,10,10,5,4,9,3,4,8,5,6,5,7,0,7,8,11,2,6,5,8,2,7,10,7,6,9,11,2,6,9,7,3,8,9,7,6,10,7,7,3,6,0,7,10,3,8,2,8,3,10,7,9,2,4,2,2,8,3,3,9,3,5,8,2,3,7,10,3,2,10,8,10,8,5,8,9,10,3,4,6,10,3,7,5,7,7,6,5,8,9,2,11,2,7,8
3,9,0,7,8,3,10,10,4,5,3,4,8,7,3,0,10,4,6,11,4,4,11,7,6,6,11,7,8,10,9,6,8,3,10,6,0,10,3,4,5,8,9,10,7,4,3,2,9,8,3,7,10,10,8,11,11,6,5,10,4,5,9,6,7,6,8,2,8,9,0,3,7,6,9,3,8,11,8,7,10,0,3,7,10,8,4,9,10,8,7,11,8,8,4,7,2,8,11,4,9,3,9,4,11,8,10,3,5,3,3,9,4,4,10,4,6,9,3,4,8,11,4,3,11,9,11,9,6,9,10,11,4,5,7,11,4,8,6,8,8,7,6,9,10,3,0,3,8,9
4,10,2,8,9,4,11,11,5,6,4,5,9,8,4,2,11,5,7,0,5,5,0,8,7,7,0,8,9,11,10,7,9,4,11,7,2,11,4,5,6,9,10,11,8,5,4,3,10,9,4,8,11,11,9,0,0,7,6,11,5,6,10,7,8,7,9,3,9,10,2,4,8,7,10,4,9,0,9,8,11,2,4,8,11,9,5,10,11,9,8,0,9,9,5,8,3,9,0,5,10,4,10,5,0,9,11,4,6,4,4,10,5,5,11,5,7,10,4,5,9,0,5,4,0,10,0,10,7,10,11,0,5,6,8,0,5,9,7,9,9,8,7,10,11,4,2,4,9,10
5,11,3,9,10,5,0,0,6,7,5,6,10,9,5,3,0,6,8,2,6,6,2,9,8,8,2,9,10,0,11,8,10,5,0,8,3,0,5,6,7,10,11,0,9,6,5,4,11,10,5,9,0,0,10,2,2,8,7,0,6,7,11,8,9,8,10,4,10,11,3,5,9,8,11,5,10,2,10,9,0,3,5,9,0,10,6,11,0,10,9,2,10,10,6,9,4,10,2,6,11,5,11,6,2,10,0,5,7,5,5,11,6,6,0,6,8,11,5,6,10,2,6,5,2,11,2,11,8,11,0,2,6,7,9,2,6,10,8,10,10,9,8,11,0,5,3,5,10,11
6,0,4,10,11,6,2,2,7,8,6,7,11,10,6,4,2,7,9,3,7,7,3,10,9,9,3,10,11,2,0,9,11,6,2,9,4,2,6,7,8,11,0,2,10,7,6,5,0,11,6,10,2,2,11,3,3,9,8,2,7,8,0,9,10,9,11,5,11,0,4,6,10,9,0,6,11,3,11,10,2,4,6,10,2,11,7,0,2,11,10,3,11,11,7,10,5,11,3,7,0,6,0,7,3,11,2,6,8,6,6,0,7,7,2,7,9,0,6,7,11,3,7,6,3,0,3,0,9,0,2,3,7,8,10,3,7,11,9,11,11,10,9,0,2,6,4,6,11,0
7,2,5,11,0,7,3,3,8,9,7,8,0,11,7,5,3,8,10,4,8,8,4,11,10,10,4,11,0,3,2,10,0,7,3,10,5,3,7,8,9,0,2,3,11,8,7,6,2,0,7,11,3,3,0,4,4,10,9,3,8,9,2,10,11,10,0,6,0,2,5,7,11,10,2,7,0,4,0,11,3,5,7,11,3,0,8,2,3,0,11,4,0,0,8,11,6,0,4,8,2,7,2,8,4,0,3,7,9,7,7,2,8,8,3,8,10,2,7,8,0,4,8,7,4,2,4,2,10,2,3,4,8,9,11,4,8,0,10,0,0,11,10,2,3,7,5,7,0,2
8,3,6,0,2,8,4,4,9,10,8,9,2,0,8,6,4,9,11,5,9,9,5,0,11,11,5,0,2,4,3,11,2,8,4,11,6,4,8,9,10,2,3,4,0,9,8,7,3,2,8,0,4,4,2,5,5,11,10,4,9,10,3,11,0,11,2,7,2,3,6,8,0,11,3,8,2,5,2,0,4,6,8,0,4,2,9,3,4,2,0,5,2,2,9,0,7,2,5,9,3,8,3,9,5,2,4,8,10,8,8,3,9,9,4,9,11,3,8,9,2,5,9,8,5,3,5,3,11,3,4,5,9,10,0,5,9,2,11,2,2,0,11,3,4,8,6,8,2,3
9,4,7,2,3,9,5,5,10,11,9,10,3,2,9,7,5,10,0,6,10,10,6,2,0,0,6,2,3,5,4,0,3,9,5,0,7,5,9,10,11,3,4,5,2,10,9,8,4,3,9,2,5,5,3,6,6,0,11,5,10,11,4,0,2,0,3,8,3,4,7,9,2,0,4,9,3,6,3,2,5,7,9,2,5,3,10,4,5,3,2,6,3,3,10,2,8,3,6,10,4,9,4,10,6,3,5,9,11,9,9,4,10,10,5,10,0,4,9,10,3,6,10,9,6,4,6,4,0,4,5,6,10,11,2,6,10,3,0,3,3,2,0,4,5,9,7,9,3,4
10,5,8,3,4,10,6,6,11,0,10,11,4,3,10,8,6,11,2,7,11,11,7,3,2,2,7,3,4,6,5,2,4,10,6,2,8,6,10,11,0,4,5,6,3,11,10,9,5,4,10,3,6,6,4,7,7,2,0,6,11,0,5,2,3,2,4,9,4,5,8,10,3,2,5,10,4,7,4,3,6,8,10,3,6,4,11,5,6,4,3,7,4,4,11,3,9,4,7,11,5,10,5,11,7,4,6,10,0,10,10,5,11,11,6,11,2,5,10,11,4,7,11,10,7,5,7,5,2,5,6,7,11,0,3,7,11,4,2,4,4,3,2,5,6,10,8,10,4,5
11,6,9,4,5,11,7,7,0,2,11,0,5,4,11,9,7,0,3,8,0,0,8,4,3,3,8,4,5,7,6,3,5,11,7,3,9,7,11,0,2,5,6,7,4,0,11,10,6,5,11,4,7,7,5,8,8,3,2,7,0,2,6,3,4,3,5,10,5,6,9,11,4,3,6,11,5,8,5,4,7,9,11,4,7,5,0,6,7,5,4,8,5,5,0,4,10,5,8,0,6,11,6,0,8,5,7,11,2,11,11,6,0,0,7,0,3,6,11,0,5,8,0,11,8,6,8,6,3,6,7,8,0,2,4,8,0,5,3,5,5,4,3,6,7,11,9,11,5,6
0,7,10,5,6,0,8,8,2,3,0,2,6,5,0,10,8,2,4,9,2,2,9,5,4,4,9,5,6,8,7,4,6,0,8,4,10,8,0,2,3,6,7,8,5,2,0,11,7,6,0,5,8,8,6,9,9,4,3,8,2,3,7,4,5,4,6,11,6,7,10,0,5,4,7,0,6,9,6,5,8,10,0,5,8,6,2,7,8,6,5,9,6,6,2,5,11,6,9,2,7,0,7,2,9,6,8,0,3,0,0,7,2,2,8,2,4,7,0,2,6,9,2,0,9,7,9,7,4,7,8,9,2,3,5,9,2,6,4,6,6,5,4,7,8,0,10,0,6,7
2,8,11,6,7,2,9,9,3,4,2,3,7,6,2,11,9,3,5,10,3,3,10,6,5,5,10,6,7,9,8,5,7,2,9,5,11,9,2,3,4,7,8,9,6,3,2,0,8,7,2,6,9,9,7,10,10,5,4,9,3,4,8,5,6,5,7,0,7,8,11,2,6,5,8,2,7,10,7,6,9,11,2,6,9,7,3,8,9,7,6,10,7,7,3,6,0,7,10,3,8,2,8,3,10,7,9,2,4,2,2,8,3,3,9,3,5,8,2,3,7,10,3,2,10,8,10,8,5,8,9,10,3,4,6,10,3,7,5,7,7,6,5,8,9,2,11,2,7,8
3,9,0,7,8,3,10,10,4,5,3,4,8,7,3,0,10,4,6,11,4,4,11,7,6,6,11,7,8,10,9,6,8,3,10,6,0,10,3,4,5,8,9,10,7,4,3,2,9,8,3,7,10,10,8,11,11,6,5,10,4,5,9,6,7,6,8,2,8,9,0,3,7,6,9,3,8,11,8,7,10,0,3,7,10,8,4,9,10,8,7,11,8,8,4,7,2,8,11,4,9,3,9,4,11,8,10,3,5,3,3,9,4,4,10,4,6,9,3,4,8,11,4,3,11,9,11,9,6,9,10,11,4,5,7,11,4,8,6,8,8,7,6,9,10,3,0,3,8,9
4,10,2,8,9,4,11,11,5,6,4,5,9,8,4,2,11,5,7,0,5,5,0,8,7,7,0,8,9,11,10,7,9,4,11,7,2,11,4,5,6,9,10,11,8,5,4,3,10,9,4,8,11,11,9,0,0,7,6,11,5,6,10,7,8,7,9,3,9,10,2,4,8,7,10,4,9,0,9,8,11,2,4,8,11,9,5,10,11,9,8,0,9,9,5,8,3,9,0,5,10,4,10,5,0,9,11,4,6,4,4,10,5,5,11,5,7,10,4,5,9,0,5,4,0,10,0,10,7,10,11,0,5,6,8,0,5,9,7,9,9,8,7,10,11,4,2,4,9,10
5,11,3,9,10,5,0,0,6,7,5,6,10,9,5,3,0,6,8,2,6,6,2,9,8,8,2,9,10,0,11,8,10,5,0,8,3,0,5,6,7,10,11,0,9,6,5,4,11,10,5,9,0,0,10,2,2,8,7,0,6,7,11,8,9,8,10,4,10,11,3,5,9,8,11,5,10,2,10,9,0,3,5,9,0,10,6,11,0,10,9,2,10,10,6,9,4,10,2,6,11,5,11,6,2,10,0,5,7,5,5,11,6,6,0,6,8,11,5,6,10,2,6,5,2,11,2,11,8,11,0,2,6,7,9,2,6,10,8,10,10,9,8,11,0,5,3,5,10,11
6,0,4,10,11,6,2,2,7,8,6,7,11,10,6,4,2,7,9,3,7,7,3,10,9,9,3,10,11,2,0,9,11,6,2,9,4,2,6,7,8,11,0,2,10,7,6,5,0,11,6,10,2,2,11,3,3,9,8,2,7,8,0,9,10,9,11,5,11,0,4,6,10,9,0,6,11,3,11,10,2,4,6,10,2,11,7,0,2,11,10,3,11,11,7,10,5,11,3,7,0,6,0,7,3,11,2,6,8,6,6,0,7,7,2,7,9,0,6,7,11,3,7,6,3,0,3,0,9,0,2,3,7,8,10,3,7,11,9,11,11,10,9,0,2,6,4,6,11,0
7,2,5,11,0,7,3,3,8,9,7,8,0,11,7,5,3,8,10,4,8,8,4,11,10,10,4,11,0,3,2,10,0,7,3,10,5,3,7,8,9,0,2,3,11,8,7,6,2,0,7,11,3,3,0,4,4,10,9,3,8,9,2,10,11,10,0,6,0,2,5,7,11,10,2,7,0,4,0,11,3,5,7,11,3,0,8,2,3,0,11,4,0,0,8,11,6,0,4,8,2,7,2,8,4,0,3,7,9,7,7,2,8,8,3,8,10,2,7,8,0,4,8,7,4,2,4,2,10,2,3,4,8,9,11,4,8,0,10,0,0,11,10,2,3,7,5,7,0,2
8,3,6,0,2,8,4,4,9,10,8,9,2,0,8,6,4,9,11,5,9,9,5,0,11,11,5,0,2,4,3,11,2,8,4,11,6,4,8,9,10,2,3,4,0,9,8,7,3,2,8,0,4,4,2,5,5,11,10,4,9,10,3,11,0,11,2,7,2,3,6,8,0,11,3,8,2,5,2,0,4,6,8,0,4,2,9,3,4,2,0,5,2,2,9,0,7,2,5,9,3,8,3,9,5,2,4,8,10,8,8,3,9,9,4,9,11,3,8,9,2,5,9,8,5,3,5,3,11,3,4,5,9,10,0,5,9,2,11,2,2,0,11,3,4,8,6,8,2,3
9,4,7,2,3,9,5,5,10,11,9,10,3,2,9,7,5,10,0,6,10,10,6,2,0,0,6,2,3,5,4,0,3,9,5,0,7,5,9,10,11,3,4,5,2,10,9,8,4,3,9,2,5,5,3,6,6,0,11,5,10,11,4,0,2,0,3,8,3,4,7,9,2,0,4,9,3,6,3,2,5,7,9,2,5,3,10,4,5,3,2,6,3,3,10,2,8,3,6,10,4,9,4,10,6,3,5,9,11,9,9,4,10,10,5,10,0,4,9,10,3,6,10,9,6,4,6,4,0,4,5,6,10,11,2,6,10,3,0,3,3,2,0,4,5,9,7,9,3,4
10,5,8,3,4,10,6,6,11,0,10,11,4,3,10,8,6,11,2,7,11,11,7,3,2,2,7,3,4,6,5,2,4,10,6,2,8,6,10,11,0,4,5,6,3,11,10,9,5,4,10,3,6,6,4,7,7,2,0,6,11,0,5,2,3,2,4,9,4,5,8,10,3,2,5,10,4,7,4,3,6,8,10,3,6,4,11,5,6,4,3,7,4,4,11,3,9,4,7,11,5,10,5,11,7,4,6,10,0,10,10,5,11,11,6,11,2,5,10,11,4,7,11,10,7,5,7,5,2,5,6,7,11,0,3,7,11,4,2,4,4,3,2,5,6,10,8,10,4,5
11,6,9,4,5,11,7,7,0,2,11,0,5,4,11,9,7,0,3,8,0,0,8,4,3,3,8,4,5,7,6,3,5,11,7,3,9,7,11,0,2,5,6,7,4,0,11,10,6,5,11,4,7,7,5,8,8,3,2,7,0,2,6,3,4,3,5,10,5,6,9,11,4,3,6,11,5,8,5,4,7,9,11,4,7,5,0,6,7,5,4,8,5,5,0,4,10,5,8,0,6,11,6,0,8,5,7,11,2,11,11,6,0,0,7,0,3,6,11,0,5,8,0,11,8,6,8,6,3,6,7,8,0,2,4,8,0,5,3,5,5,4,3,6,7,11,9,11,5,6
0,7,10,5,6,0,8,8,2,3,0,2,6,5,0,10,8,2,4,9,2,2,9,5,4,4,9,5,6,8,7,4,6,0,8,4,10,8,0,2,3,6,7,8,5,2,0,11,7,6,0,5,8,8,6,9,9,4,3,8,2,3,7,4,5,4,6,11,6,7,10,0,5,4,7,0,6,9,6,5,8,10,0,5,8,6,2,7,8,6,5,9,6,6,2,5,11,6,9,2,7,0,7,2,9,6,8,0,3,0,0,7,2,2,8,2,4,7,0,2,6,9,2,0,9,7,9,7,4,7,8,9,2,3,5,9,2,6,4,6,6,5,4,7,8,0,10,0,6,7
2,8,11,6,7,2,9,9,3,4,2,3,7,6,2,11,9,3,5,10,3,3,10,6,5,5,10,6,7,9,8,5,7,2,9,5,11,9,2,3,4,7,8,9,6,3,2,0,8,7,2,6,9,9,7,10,10,5,4,9,3,4,8,5,6,5,7,0,7,8,11,2,6,5,8,2,7,10,7,6,9,11,2,6,9,7,3,8,9,7,6,10,7,7,3,6,0,7,10,3,8,2,8,3,10,7,9,2,4,2,2,8,3,3,9,3,5,8,2,3,7,10,3,2,10,8,10,8,5,8,9,10,3,4,6,10,3,7,5,7,7,6,5,8,9,2,11,2,7,8
3,9,0,7,8,3,10,10,4,5,3,4,8,7,3,0,10,4,6,11,4,4,11,7,6,6,11,7,8,10,9,6,8,3,10,6,0,10,3,4,5,8,9,10,7,4,3,2,9,8,3,7,10,10,8,11,11,6,5,10,4,5,9,6,7,6,8,2,8,9,0,3,7,6,9,3,8,11,8,7,10,0,3,7,10,8,4,9,10,8,7,11,8,8,4,7,2,8,11,4,9,3,9,4,11,8,10,3,5,3,3,9,4,4,10,4,6,9,3,4,8,11,4,3,11,9,11,9,6,9,10,11,4,5,7,11,4,8,6,8,8,7,6,9,10,3,0,3,8,9
4,10,2,8,9,4,11,11,5,6,4,5,9,8,4,2,11,5,7,0,5,5,0,8,7,7,0,8,9,11,10,7,9,4,11,7,2,11,4,5,6,9,10,11,8,5,4,3,10,9,4,8,11,11,9,0,0,7,6,11,5,6,10,7,8,7,9,3,9,10,2,4,8,7,10,4,9,0,9,8,11,2,4,8,11,9,5,10,11,9,8,0,9,9,5,8,3,9,0,5,10,4,10,5,0,9,11,4,6,4,4,10,5,5,11,5,7,10,4,5,9,0,5,4,0,10,0,10,7,10,11,0,5,6,8,0,5,9,7,9,9,8,7,10,11,4,2,4,9,10
5,11,3,9,10,5,0,0,6,7,5,6,10,9,5,3,0,6,8,2,6,6,2,9,8,8,2,9,10,0,11,8,10,5,0,8,3,0,5,6,7,10,11,0,9,6,5,4,11,10,5,9,0,0,10,2,2,8,7,0,6,7,11,8,9,8,10,4,10,11,3,5,9,8,11,5,10,2,10,9,0,3,5,9,0,10,6,11,0,10,9,2,10,10,6,9,4,10,2,6,11,5,11,6,2,10,0,5,7,5,5,11,6,6,0,6,8,11,5,6,10,2,6,5,2,11,2,11,8,11,0,2,6,7,9,2,6,10,8,10,10,9,8,11,0,5,3,5,10,11
6,0,4,10,11,6,2,2,7,8,6,7,11,10,6,4,2,7,9,3,7,7,3,10,9,9,3,10,11,2,0,9,11,6,2,9,4,2,6,7,8,11,0,2,10,7,6,5,0,11,6,10,2,2,11,3,3,9,8,2,7,8,0,9,10,9,11,5,11,0,4,6,10,9,0,6,11,3,11,10,2,4,6,10,2,11,7,0,2,11,10,3,11,11,7,10,5,11,3,7,0,6,0,7,3,11,2,6,8,6,6,0,7,7,2,7,9,0,6,7,11,3,7,6,3,0,3,0,9,0,2,3,7,8,10,3,7,11,9,11,11,10,9,0,2,6,4,6,11,0
7,2,5,11,0,7,3,3,8,9,7,8,0,11,7,5,3,8,10,4,8,8,4,11,10,10,4,11,0,3,2,10,0,7,3,10,5,3,7,8,9,0,2,3,11,8,7,6,2,0,7,11,3,3,0,4,4,10,9,3,8,9,2,10,11,10,0,6,0,2,5,7,11,10,2,7,0,4,0,11,3,5,7,11,3,0,8,2,3,0,11,4,0,0,8,11,6,0,4,8,2,7,2,8,4,0,3,7,9,7,7,2,8,8,3,8,10,2,7,8,0,4,8,7,4,2,4,2,10,2,3,4,8,9,11,4,8,0,10,0,0,11,10,2,3,7,5,7,0,2
8,3,6,0,2,8,4,4,9,10,8,9,2,0,8,6,4,9,11,5,9,9,5,0,11,11,5,0,2,4,3,11,2,8,4,11,6,4,8,9,10,2,3,4,0,9,8,7,3,2,8,0,4,4,2,5,5,11,10,4,9,10,3,11,0,11,2,7,2,3,6,8,0,11,3,8,2,5,2,0,4,6,8,0,4,2,9,3,4,2,0,5,2,2,9,0,7,2,5,9,3,8,3,9,5,2,4,8,10,8,8,3,9,9,4,9,11,3,8,9,2,5,9,8,5,3,5,3,11,3,4,5,9,10,0,5,9,2,11,2,2,0,11,3,4,8,6,8,2,3
9,4,7,2,3,9,5,5,10,11,9,10,3,2,9,7,5,10,0,6,10,10,6,2,0,0,6,2,3,5,4,0,3,9,5,0,7,5,9,10,11,3,4,5,2,10,9,8,4,3,9,2,5,5,3,6,6,0,11,5,10,11,4,0,2,0,3,8,3,4,7,9,2,0,4,9,3,6,3,2,5,7,9,2,5,3,10,4,5,3,2,6,3,3,10,2,8,3,6,10,4,9,4,10,6,3,5,9,11,9,9,4,10,10,5,10,0,4,9,10,3,6,10,9,6,4,6,4,0,4,5,6,10,11,2,6,10,3,0,3,3,2,0,4,5,9,7,9,3,4
10,5,8,3,4,10,6,6,11,0,10,11,4,3,10,8,6,11,2,7,11,11,7,3,2,2,7,3,4,6,5,2,4,10,6,2,8,6,10,11,0,4,5,6,3,11,10,9,5,4,10,3,6,6,4,7,7,2,0,6,11,0,5,2,3,2,4,9,4,5,8,10,3,2,5,10,4,7,4,3,6,8,10,3,6,4,11,5,6,4,3,7,4,4,11,3,9,4,7,11,5,10,5,11,7,4,6,10,0,10,10,5,11,11,6,11,2,5,10,11,4,7,11,10,7,5,7,5,2,5,6,7,11,0,3,7,11,4,2,4,4,3,2,5,6,10,8,10,4,5
11,6,9,4,5,11,7,7,0,2,11,0,5,4,11,9,7,0,3,8,0,0,8,4,3,3,8,4,5,7,6,3,5,11,7,3,9,7,11,0,2,5,6,7,4,0,11,10,6,5,11,4,7,7,5,8,8,3,2,7,0,2,6,3,4,3,5,10,5,6,9,11,4,3,6,11,5,8,5,4,7,9,11,4,7,5,0,6,7,5,4,8,5,5,0,4,10,5,8,0,6,11,6,0,8,5,7,11,2,11,11,6,0,0,7,0,3,6,11,0,5,8,0,11,8,6,8,6,3,6,7,8,0,2,4,8,0,5,3,5,5,4,3,6,7,11,9,11,5,6
0,7,10,5,6,0,8,8,2,3,0,2,6,5,0,10,8,2,4,9,2,2,9,5,4,4,9,5,6,8,7,4,6,0,8,4,10,8,0,2,3,6,7,8,5,2,0,11,7,6,0,5,8,8,6,9,9,4,3,8,2,3,7,4,5,4,6,11,6,7,10,0,5,4,7,0,6,9,6,5,8,10,0,5,8,6,2,7,8,6,5,9,6,6,2,5,11,6,9,2,7,0,7,2,9,6,8,0,3,0,0,7,2,2,8,2,4,7,0,2,6,9,2,0,9,7,9,7,4,7,8,9,2,3,5,9,2,6,4,6,6,5,4,7,8,0,10,0,6,7
2,8,11,6,7,2,9,9,3,4,2,3,7,6,2,11,9,3,5,10,3,3,10,6,5,5,10,6,7,9,8,5,7,2,9,5,11,9,2,3,4,7,8,9,6,3,2,0,8,7,2,6,9,9,7,10,10,5,4,9,3,4,8,5,6,5,7,0,7,8,11,2,6,5,8,2,7,10,7,6,9,11,2,6,9,7,3,8,9,7,6,10,7,7,3,6,0,7,10,3,8,2,8,3,10,7,9,2,4,2,2,8,3,3,9,3,5,8,2,3,7,10,3,2,10,8,10,8,5,8,9,10,3,4,6,10,3,7,5,7,7,6,5,8,9,2,11,2,7,8
3,9,0,7,8,3,10,10,4,5,3,4,8,7,3,0,10,4,6,11,4,4,11,7,6,6,11,7,8,10,9,6,8,3,10,6,0,10,3,4,5,8,9,10,7,4,3,2,9,8,3,7,10,10,8,11,11,6,5,10,4,5,9,6,7,6,8,2,8,9,0,3,7,6,9,3,8,11,8,7,10,0,3,7,10,8,4,9,10,8,7,11,8,8,4,7,2,8,11,4,9,3,9,4,11,8,10,3,5,3,3,9,4,4,10,4,6,9,3,4,8,11,4,3,11,9,11,9,6,9,10,11,4,5,7,11,4,8,6,8,8,7,6,9,10,3,0,3,8,9
4,10,2,8,9,4,11,11,5,6,4,5,9,8,4,2,11,5,7,0,5,5,0,8,7,7,0,8,9,11,10,7,9,4,11,7,2,11,4,5,6,9,10,11,8,5,4,3,10,9,4,8,11,11,9,0,0,7,6,11,5,6,10,7,8,7,9,3,9,10,2,4,8,7,10,4,9,0,9,8,11,2,4,8,11,9,5,10,11,9,8,0,9,9,5,8,3,9,0,5,10,4,10,5,0,9,11,4,6,4,4,10,5,5,11,5,7,10,4,5,9,0,5,4,0,10,0,10,7,10,11,0,5,6,8,0,5,9,7,9,9,8,7,10,11,4,2,4,9,10
5,11,3,9,10,5,0,0,6,7,5,6,10,9,5,3,0,6,8,2,6,6,2,9,8,8,2,9,10,0,11,8,10,5,0,8,3,0,5,6,7,10,11,0,9,6,5,4,11,10,5,9,0,0,10,2,2,8,7,0,6,7,11,8,9,8,10,4,10,11,3,5,9,8,11,5,10,2,10,9,0,3,5,9,0,10,6,11,0,10,9,2,10,10,6,9,4,10,2,6,11,5,11,6,2,10,0,5,7,5,5,11,6,6,0,6,8,11,5,6,10,2,6,5,2,11,2,11,8,11,0,2,6,7,9,2,6,10,8,10,10,9,8,11,0,5,3,5,10,11
6,0,4,10,11,6,2,2,7,8,6,7,11,10,6,4,2,7,9,3,7,7,3,10,9,9,3,10,11,2,0,9,11,6,2,9,4,2,6,7,8,11,0,2,10,7,6,5,0,11,6,10,2,2,11,3,3,9,8,2,7,8,0,9,10,9,11,5,11,0,4,6,10,9,0,6,11,3,11,10,2,4,6,10,2,11,7,0,2,11,10,3,11,11,7,10,5,11,3,7,0,6,0,7,3,11,2,6,8,6,6,0,7,7,2,7,9,0,6,7,11,3,7,6,3,0,3,0,9,0,2,3,7,8,10,3,7,11,9,11,11,10,9,0,2,6,4,6,11,0
7,2,5,11,0,7,3,3,8,9,7,8,0,11,7,5,3,8,10,4,8,8,4,11,10,10,4,11,0,3,2,10,0,7,3,10,5,3,7,8,9,0,2,3,11,8,7,6,2,0,7,11,3,3,0,4,4,10,9,3,8,9,2,10,11,10,0,6,0,2,5,7,11,10,2,7,0,4,0,11,3,5,7,11,3,0,8,2,3,0,11,4,0,0,8,11,6,0,4,8,2,7,2,8,4,0,3,7,9,7,7,2,8,8,3,8,10,2,7,8,0,4,8,7,4,2,4,2,10,2,3,4,8,9,11,4,8,0,10,0,0,11,10,2,3,7,5,7,0,2
8,3,6,0,2,8,4,4,9,10,8,9,2,0,8,6,4,9,11,5,9,9,5,0,11,11,5,0,2,4,3,11,2,8,4,11,6,4,8,9,10,2,3,4,0,9,8,7,3,2,8,0,4,4,2,5,5,11,10,4,9,10,3,11,0,11,2,7,2,3,6,8,0,11,3,8,2,5,2,0,4,6,8,0,4,2,9,3,4,2,0,5,2,2,9,0,7,2,5,9,3,8,3,9,5,2,4,8,10,8,8,3,9,9,4,9,11,3,8,9,2,5,9,8,5,3,5,3,11,3,4,5,9,10,0,5,9,2,11,2,2,0,11,3,4,8,6,8,2,3
9,4,7,2,3,9,5,5,10,11,9,10,3,2,9,7,5,10,0,6,10,10,6,2,0,0,6,2,3,5,4,0,3,9,5,0,7,5,9,10,11,3,4,5,2,10,9,8,4,3,9,2,5,5,3,6,6,0,11,5,10,11,4,0,2,0,3,8,3,4,7,9,2,0,4,9,3,6,3,2,5,7,9,2,5,3,10,4,5,3,2,6,3,3,10,2,8,3,6,10,4,9,4,10,6,3,5,9,11,9,9,4,10,10,5,10,0,4,9,10,3,6,10,9,6,4,6,4,0,4,5,6,10,11,2,6,10,3,0,3,3,2,0,4,5,9,7,9,3,4
10,5,8,3,4,10,6,6,11,0,10,11,4,3,10,8,6,11,2,7,11,11,7,3,2,2,7,3,4,6,5,2,4,10,6,2,8,6,10,11,0,4,5,6,3,11,10,9,5,4,10,3,6,6,4,7,7,2,0,6,11,0,5,2,3,2,4,9,4,5,8,10,3,2,5,10,4,7,4,3,6,8,10,3,6,4,11,5,6,4,3,7,4,4,11,3,9,4,7,11,5,10,5,11,7,4,6,10,0,10,10,5,11,11,6,11,2,5,10,11,4,7,11,10,7,5,7,5,2,5,6,7,11,0,3,7,11,4,2,4,4,3,2,5,6,10,8,10,4,5
11,6,9,4,5,11,7,7,0,2,11,0,5,4,11,9,7,0,3,8,0,0,8,4,3,3,8,4,5,7,6,3,5,11,7,3,9,7,11,0,2,5,6,7,4,0,11,10,6,5,11,4,7,7,5,8,8,3,2,7,0,2,6,3,4,3,5,10,5,6,9,11,4,3,6,11,5,8,5,4,7,9,11,4,7,5,0,6,7,5,4,8,5,5,0,4,10,5,8,0,6,11,6,0,8,5,7,11,2,11,11,6,0,0,7,0,3,6,11,0,5,8,0,11,8,6,8,6,3,6,7,8,0,2,4,8,0,5,3,5,5,4,3,6,7,11,9,11,5,6
0,7,10,5,6,0,8,8,2,3,0,2,6,5,0,10,8,2,4,9,2,2,9,5,4,4,9,5,6,8,7,4,6,0,8,4,10,8,0,2,3,6,7,8,5,2,0,11,7,6,0,5,8,8,6,9,9,4,3,8,2,3,7,4,5,4,6,11,6,7,10,0,5,4,7,0,6,9,6,5,8,10,0,5,8,6,2,7,8,6,5,9,6,6,2,5,11,6,9,2,7,0,7,2,9,6,8,0,3,0,0,7,2,2,8,2,4,7,0,2,6,9,2,0,9,7,9,7,4,7,8,9,2,3,5,9,2,6,4,6,6,5,4,7,8,0,10,0,6,7
2,8,11,6,7,2,9,9,3,4,2,3,7,6,2,11,9,3,5,10,3,3,10,6,5,5,10,6,7,9,8,5,7,2,9,5,11,9,2,3,4,7,8,9,6,3,2,0,8,7,2,6,9,9,7,10,10,5,4,9,3,4,8,5,6,5,7,0,7,8,11,2,6,5,8,2,7,10,7,6,9,11,2,6,9,7,3,8,9,7,6,10,7,7,3,6,0,7,10,3,8,2,8,3,10,7,9,2,4,2,2,8,3,3,9,3,5,8,2,3,7,10,3,2,10,8,10,8,5,8,9,10,3,4,6,10,3,7,5,7,7,6,5,8,9,2,11,2,7,8
3,9,0,7,8,3,10,10,4,5,3,4,8,7,3,0,10,4,6,11,4,4,11,7,6,6,11,7,8,10,9,6,8,3,10,6,0,10,3,4,5,8,9,10,7,4,3,2,9,8,3,7,10,10,8,11,11,6,5,10,4,5,9,6,7,6,8,2,8,9,0,3,7,6,9,3,8,11,8,7,10,0,3,7,10,8,4,9,10,8,7,11,8,8,4,7,2,8,11,4,9,3,9,4,11,8,10,3,5,3,3,9,4,4,10,4,6,9,3,4,8,11,4,3,11,9,11,9,6,9,10,11,4,5,7,11,4,8,6,8,8,7,6,9,10,3,0,3,8,9
4,10,2,8,9,4,11,11,5,6,4,5,9,8,4,2,11,5,7,0,5,5,0,8,7,7,0,8,9,11,10,7,9,4,11,7,2,11,4,5,6,9,10,11,8,5,4,3,10,9,4,8,11,11,9,0,0,7,6,11,5,6,10,7,8,7,9,3,9,10,2,4,8,7,10,4,9,0,9,8,11,2,4,8,11,9,5,10,11,9,8,0,9,9,5,8,3,9,0,5,10,4,10,5,0,9,11,4,6,4,4,10,5,5,11,5,7,10,4,5,9,0,5,4,0,10,0,10,7,10,11,0,5,6,8,0,5,9,7,9,9,8,7,10,11,4,2,4,9,10
5,11,3,9,10,5,0,0,6,7,5,6,10,9,5,3,0,6,8,2,6,6,2,9,8,8,2,9,10,0,11,8,10,5,0,8,3,0,5,6,7,10,11,0,9,6,5,4,11,10,5,9,0,0,10,2,2,8,7,0,6,7,11,8,9,8,10,4,10,11,3,5,9,8,11,5,10,2,10,9,0,3,5,9,0,10,6,11,0,10,9,2,10,10,6,9,4,10,2,6,11,5,11,6,2,10,0,5,7,5,5,11,6,6,0,6,8,11,5,6,10,2,6,5,2,11,2,11,8,11,0,2,6,7,9,2,6,10,8,10,10,9,8,11,0,5,3,5,10,11
6,0,4,10,11,6,2,2,7,8,6,7,11,10,6,4,2,7,9,3,7,7,3,10,9,9,3,10,11,2,0,9,11,6,2,9,4,2,6,7,8,11,0,2,10,7,6,5,0,11,6,10,2,2,11,3,3,9,8,2,7,8,0,9,10,9,11,5,11,0,4,6,10,9,0,6,11,3,11,10,2,4,6,10,2,11,7,0,2,11,10,3,11,11,7,10,5,11,3,7,0,6,0,7,3,11,2,6,8,6,6,0,7,7,2,7,9,0,6,7,11,3,7,6,3,0,3,0,9,0,2,3,7,8,10,3,7,11,9,11,11,10,9,0,2,6,4,6,11,0
7,2,5,11,0,7,3,3,8,9,7,8,0,11,7,5,3,8,10,4,8,8,4,11,10,10,4,11,0,3,2,10,0,7,3,10,5,3,7,8,9,0,2,3,11,8,7,6,2,0,7,11,3,3,0,4,4,10,9,3,8,9,2,10,11,10,0,6,0,2,5,7,11,10,2,7,0,4,0,11,3,5,7,11,3,0,8,2,3,0,11,4,0,0,8,11,6,0,4,8,2,7,2,8,4,0,3,7,9,7,7,2,8,8,3,8,10,2,7,8,0,4,8,7,4,2,4,2,10,2,3,4,8,9,11,4,8,0,10,0,0,11,10,2,3,7,5,7,0,2
8,3,6,0,2,8,4,4,9,10,8,9,2,0,8,6,4,9,11,5,9,9,5,0,11,11,5,0,2,4,3,11,2,8,4,11,6,4,8,9,10,2,3,4,0,9,8,7,3,2,8,0,4,4,2,5,5,11,10,4,9,10,3,11,0,11,2,7,2,3,6,8,0,11,3,8,2,5,2,0,4,6,8,0,4,2,9,3,4,2,0,5,2,2,9,0,7,2,5,9,3,8,3,9,5,2,4,8,10,8,8,3,9,9,4,9,11,3,8,9,2,5,9,8,5,3,5,3,11,3,4,5,9,10,0,5,9,2,11,2,2,0,11,3,4,8,6,8,2,3
9,4,7,2,3,9,5,5,10,11,9,10,3,2,9,7,5,10,0,6,10,10,6,2,0,0,6,2,3,5,4,0,3,9,5,0,7,5,9,10,11,3,4,5,2,10,9,8,4,3,9,2,5,5,3,6,6,0,11,5,10,11,4,0,2,0,3,8,3,4,7,9,2,0,4,9,3,6,3,2,5,7,9,2,5,3,10,4,5,3,2,6,3,3,10,2,8,3,6,10,4,9,4,10,6,3,5,9,11,9,9,4,10,10,5,10,0,4,9,10,3,6,10,9,6,4,6,4,0,4,5,6,10,11,2,6,10,3,0,3,3,2,0,4,5,9,7,9,3,4
10,5,8,3,4,10,6,6,11,0,10,11,4,3,10,8,6,11,2,7,11,11,7,3,2,2,7,3,4,6,5,2,4,10,6,2,8,6,10,11,0,4,5,6,3,11,10,9,5,4,10,3,6,6,4,7,7,2,0,6,11,0,5,2,3,2,4,9,4,5,8,10,3,2,5,10,4,7,4,3,6,8,10,3,6,4,11,5,6,4,3,7,4,4,11,3,9,4,7,11,5,10,5,11,7,4,6,10,0,10,10,5,11,11,6,11,2,5,10,11,4,7,11,10,7,5,7,5,2,5,6,7,11,0,3,7,11,4,2,4,4,3,2,5,6,10,8,10,4,5
11,6,9,4,5,11,7,7,0,2,11,0,5,4,11,9,7,0,3,8,0,0,8,4,3,3,8,4,5,7,6,3,5,11,7,3,9,7,11,0,2,5,6,7,4,0,11,10,6,5,11,4,7,7,5,8,8,3,2,7,0,2,6,3,4,3,5,10,5,6,9,11,4,3,6,11,5,8,5,4,7,9,11,4,7,5,0,6,7,5,4,8,5,5,0,4,10,5,8,0,6,11,6,0,8,5,7,11,2,11,11,6,0,0,7,0,3,6,11,0,5,8,0,11,8,6,8,6,3,6,7,8,0,2,4,8,0,5,3,5,5,4,3,6,7,11,9,11,5,6
0,7,10,5,6,0,8,8,2,3,0,2,6,5,0,10,8,2,4,9,2,2,9,5,4,4,9,5,6,8,7,4,6,0,8,4,10,8,0,2,3,6,7,8,5,2,0,11,7,6,0,5,8,8,6,9,9,4,3,8,2,3,7,4,5,4,6,11,6,7,10,0,5,4,7,0,6,9,6,5,8,10,0,5,8,6,2,7,8,6,5,9,6,6,2,5,11,6,9,2,7,0,7,2,9,6,8,0,3,0,0,7,2,2,8,2,4,7,0,2,6,9,2,0,9,7,9,7,4,7,8,9,2,3,5,9,2,6,4,6,6,5,4,7,8,0,10,0,6,7
2,8,11,6,7,2,9,9,3,4,2,3,7,6,2,11,9,3,5,10,3,3,10,6,5,5,10,6,7,9,8,5,7,2,9,5,11,9,2,3,4,7,8,9,6,3,2,0,8,7,2,6,9,9,7,10,10,5,4,9,3,4,8,5,6,5,7,0,7,8,11,2,6,5,8,2,7,10,7,6,9,11,2,6,9,7,3,8,9,7,6,10,7,7,3,6,0,7,10,3,8,2,8,3,10,7,9,2,4,2,2,8,3,3,9,3,5,8,2,3,7,10,3,2,10,8,10,8,5,8,9,10,3,4,6,10,3,7,5,7,7,6,5,8,9,2,11,2,7,8
3,9,0,7,8,3,10,10,4,5,3,4,8,7,3,0,10,4,6,11,4,4,11,7,6,6,11,7,8,10,9,6,8,3,10,6,0,10,3,4,5,8,9,10,7,4,3,2,9,8,3,7,10,10,8,11,11,6,5,10,4,5,9,6,7,6,8,2,8,9,0,3,7,6,9,3,8,11,8,7,10,0,3,7,10,8,4,9,10,8,7,11,8,8,4,7,2,8,11,4,9,3,9,4,11,8,10,3,5,3,3,9,4,4,10,4,6,9,3,4,8,11,4,3,11,9,11,9,6,9,10,11,4,5,7,11,4,8,6,8,8,7,6,9,10,3,0,3,8,9
4,10,2,8,9,4,11,11,5,6,4,5,9,8,4,2,11,5,7,0,5,5,0,8,7,7,0,8,9,11,10,7,9,4,11,7,2,11,4,5,6,9,10,11,8,5,4,3,10,9,4,8,11,11,9,0,0,7,6,11,5,6,10,7,8,7,9,3,9,10,2,4,8,7,10,4,9,0,9,8,11,2,4,8,11,9,5,10,11,9,8,0,9,9,5,8,3,9,0,5,10,4,10,5,0,9,11,4,6,4,4,10,5,5,11,5,7,10,4,5,9,0,5,4,0,10,0,10,7,10,11,0,5,6,8,0,5,9,7,9,9,8,7,10,11,4,2,4,9,10
5,11,3,9,10,5,0,0,6,7,5,6,10,9,5,3,0,6,8,2,6,6,2,9,8,8,2,9,10,0,11,8,10,5,0,8,3,0,5,6,7,10,11,0,9,6,5,4,11,10,5,9,0,0,10,2,2,8,7,0,6,7,11,8,9,8,10,4,10,11,3,5,9,8,11,5,10,2,10,9,0,3,5,9,0,10,6,11,0,10,9,2,10,10,6,9,4,10,2,6,11,5,11,6,2,10,0,5,7,5,5,11,6,6,0,6,8,11,5,6,10,2,6,5,2,11,2,11,8,11,0,2,6,7,9,2,6,10,8,10,10,9,8,11,0,5,3,5,10,11
6,0,4,10,11,6,2,2,7,8,6,7,11,10,6,4,2,7,9,3,7,7,3,10,9,9,3,10,11,2,0,9,11,6,2,9,4,2,6,7,8,11,0,2,10,7,6,5,0,11,6,10,2,2,11,3,3,9,8,2,7,8,0,9,10,9,11,5,11,0,4,6,10,9,0,6,11,3,11,10,2,4,6,10,2,11,7,0,2,11,10,3,11,11,7,10,5,11,3,7,0,6,0,7,3,11,2,6,8,6,6,0,7,7,2,7,9,0,6,7,11,3,7,6,3,0,3,0,9,0,2,3,7,8,10,3,7,11,9,11,11,10,9,0,2,6,4,6,11,0
7,2,5,11,0,7,3,3,8,9,7,8,0,11,7,5,3,8,10,4,8,8,4,11,10,10,4,11,0,3,2,10,0,7,3,10,5,3,7,8,9,0,2,3,11,8,7,6,2,0,7,11,3,3,0,4,4,10,9,3,8,9,2,10,11,10,0,6,0,2,5,7,11,10,2,7,0,4,0,11,3,5,7,11,3,0,8,2,3,0,11,4,0,0,8,11,6,0,4,8,2,7,2,8,4,0,3,7,9,7,7,2,8,8,3,8,10,2,7,8,0,4,8,7,4,2,4,2,10,2,3,4,8,9,11,4,8,0,10,0,0,11,10,2,3,7,5,7,0,2
8,3,6,0,2,8,4,4,9,10,8,9,2,0,8,6,4,9,11,5,9,9,5,0,11,11,5,0,2,4,3,11,2,8,4,11,6,4,8,9,10,2,3,4,0,9,8,7,3,2,8,0,4,4,2,5,5,11,10,4,9,10,3,11,0,11,2,7,2,3,6,8,0,11,3,8,2,5,2,0,4,6,8,0,4,2,9,3,4,2,0,5,2,2,9,0,7,2,5,9,3,8,3,9,5,2,4,8,10,8,8,3,9,9,4,9,11,3,8,9,2,5,9,8,5,3,5,3,11,3,4,5,9,10,0,5,9,2,11,2,2,0,11,3,4,8,6,8,2,3
9,4,7,2,3,9,5,5,10,11,9,10,3,2,9,7,5,10,0,6,10,10,6,2,0,0,6,2,3,5,4,0,3,9,5,0,7,5,9,10,11,3,4,5,2,10,9,8,4,3,9,2,5,5,3,6,6,0,11,5,10,11,4,0,2,0,3,8,3,4,7,9,2,0,4,9,3,6,3,2,5,7,9,2,5,3,10,4,5,3,2,6,3,3,10,2,8,3,6,10,4,9,4,10,6,3,5,9,11,9,9,4,10,10,5,10,0,4,9,10,3,6,10,9,6,4,6,4,0,4,5,6,10,11,2,6,10,3,0,3,3,2,0,4,5,9,7,9,3,4
10,5,8,3,4,10,6,6,11,0,10,11,4,3,10,8,6,11,2,7,11,11,7,3,2,2,7,3,4,6,5,2,4,10,6,2,8,6,10,11,0,4,5,6,3,11,10,9,5,4,10,3,6,6,4,7,7,2,0,6,11,0,5,2,3,2,4,9,4,5,8,10,3,2,5,10,4,7,4,3,6,8,10,3,6,4,11,5,6,4,3,7,4,4,11,3,9,4,7,11,5,10,5,11,7,4,6,10,0,10,10,5,11,11,6,11,2,5,10,11,4,7,11,10,7,5,7,5,2,5,6,7,11,0,3,7,11,4,2,4,4,3,2,5,6,10,8,10,4,5
11,6,9,4,5,11,7,7,0,2,11,0,5,4,11,9,7,0,3,8,0,0,8,4,3,3,8,4,5,7,6,3,5,11,7,3,9,7,11,0,2,5,6,7,4,0,11,10,6,5,11,4,7,7,5,8,8,3,2,7,0,2,6,3,4,3,5,10,5,6,9,11,4,3,6,11,5,8,5,4,7,9,11,4,7,5,0,6,7,5,4,8,5,5,0,4,10,5,8,0,6,11,6,0,8,5,7,11,2,11,11,6,0,0,7,0,3,6,11,0,5,8,0,11,8,6,8,6,3,6,7,8,0,2,4,8,0,5,3,5,5,4,3,6,7,11,9,11,5,6
0,7,10,5,6,0,8,8,2,3,0,2,6,5,0,10,8,2,4,9,2,2,9,5,4,4,9,5,6,8,7,4,6,0,8,4,10,8,0,2,3,6,7,8,5,2,0,11,7,6,0,5,8,8,6,9,9,4,3,8,2,3,7,4,5,4,6,11,6,7,10,0,5,4,7,0,6,9,6,5,8,10,0,5,8,6,2,7,8,6,5,9,6,6,2,5,11,6,9,2,7,0,7,2,9,6,8,0,3,0,0,7,2,2,8,2,4,7,0,2,6,9,2,0,9,7,9,7,4,7,8,9,2,3,5,9,2,6,4,6,6,5,4,7,8,0,10,0,6,7
2,8,11,6,7,2,9,9,3,4,2,3,7,6,2,11,9,3,5,10,3,3,10,6,5,5,10,6,7,9,8,5,7,2,9,5,11,9,2,3,4,7,8,9,6,3,2,0,8,7,2,6,9,9,7,10,10,5,4,9,3,4,8,5,6,5,7,0,7,8,11,2,6,5,8,2,7,10,7,6,9,11,2,6,9,7,3,8,9,7,6,10,7,7,3,6,0,7,10,3,8,2,8,3,10,7,9,2,4,2,2,8,3,3,9,3,5,8,2,3,7,10,3,2,10,8,10,8,5,8,9,10,3,4,6,10,3,7,5,7,7,6,5,8,9,2,11,2,7,8
3,9,0,7,8,3,10,10,4,5,3,4,8,7,3,0,10,4,6,11,4,4,11,7,6,6,11,7,8,10,9,6,8,3,10,6,0,10,3,4,5,8,9,10,7,4,3,2,9,8,3,7,10,10,8,11,11,6,5,10,4,5,9,6,7,6,8,2,8,9,0,3,7,6,9,3,8,11,8,7,10,0,3,7,10,8,4,9,10,8,7,11,8,8,4,7,2,8,11,4,9,3,9,4,11,8,10,3,5,3,3,9,4,4,10,4,6,9,3,4,8,11,4,3,11,9,11,9,6,9,10,11,4,5,7,11,4,8,6,8,8,7,6,9,10,3,0,3,8,9
4,10,2,8,9,4,11,11,5,6,4,5,9,8,4,2,11,5,7,0,5,5,0,8,7,7,0,8,9,11,10,7,9,4,11,7,2,11,4,5,6,9,10,11,8,5,4,3,10,9,4,8,11,11,9,0,0,7,6,11,5,6,10,7,8,7,9,3,9,10,2,4,8,7,10,4,9,0,9,8,11,2,4,8,11,9,5,10,11,9,8,0,9,9,5,8,3,9,0,5,10,4,10,5,0,9,11,4,6,4,4,10,5,5,11,5,7,10,4,5,9,0,5,4,0,10,0,10,7,10,11,0,5,6,8,0,5,9,7,9,9,8,7,10,11,4,2,4,9,10
5,11,3,9,10,5,0,0,6,7,5,6,10,9,5,3,0,6,8,2,6,6,2,9,8,8,2,9,10,0,11,8,10,5,0,8,3,0,5,6,7,10,11,0,9,6,5,4,11,10,5,9,0,0,10,2,2,8,7,0,6,7,11,8,9,8,10,4,10,11,3,5,9,8,11,5,10,2,10,9,0,3,5,9,0,10,6,11,0,10,9,2,10,10,6,9,4,10,2,6,11,5,11,6,2,10,0,5,7,5,5,11,6,6,0,6,8,11,5,6,10,2,6,5,2,11,2,11,8,11,0,2,6,7,9,2,6,10,8,10,10,9,8,11,0,5,3,5,10,11
6,0,4,10,11,6,2,2,7,8,6,7,11,10,6,4,2,7,9,3,7,7,3,10,9,9,3,10,11,2,0,9,11,6,2,9,4,2,6,7,8,11,0,2,10,7,6,5,0,11,6,10,2,2,11,3,3,9,8,2,7,8,0,9,10,9,11,5,11,0,4,6,10,9,0,6,11,3,11,10,2,4,6,10,2,11,7,0,2,11,10,3,11,11,7,10,5,11,3,7,0,6,0,7,3,11,2,6,8,6,6,0,7,7,2,7,9,0,6,7,11,3,7,6,3,0,3,0,9,0,2,3,7,8,10,3,7,11,9,11,11,10,9,0,2,6,4,6,11,0
7,2,5,11,0,7,3,3,8,9,7,8,0,11,7,5,3,8,10,4,8,8,4,11,10,10,4,11,0,3,2,10,0,7,3,10,5,3,7,8,9,0,2,3,11,8,7,6,2,0,7,11,3,3,0,4,4,10,9,3,8,9,2,10,11,10,0,6,0,2,5,7,11,10,2,7,0,4,0,11,3,5,7,11,3,0,8,2,3,0,11,4,0,0,8,11,6,0,4,8,2,7,2,8,4,0,3,7,9,7,7,2,8,8,3,8,10,2,7,8,0,4,8,7,4,2,4,2,10,2,3,4,8,9,11,4,8,0,10,0,0,11,10,2,3,7,5,7,0,2
8,3,6,0,2,8,4,4,9,10,8,9,2,0,8,6,4,9,11,5,9,9,5,0,11,11,5,0,2,4,3,11,2,8,4,11,6,4,8,9,10,2,3,4,0,9,8,7,3,2,8,0,4,4,2,5,5,11,10,4,9,10,3,11,0,11,2,7,2,3,6,8,0,11,3,8,2,5,2,0,4,6,8,0,4,2,9,3,4,2,0,5,2,2,9,0,7,2,5,9,3,8,3,9,5,2,4,8,10,8,8,3,9,9,4,9,11,3,8,9,2,5,9,8,5,3,5,3,11,3,4,5,9,10,0,5,9,2,11,2,2,0,11,3,4,8,6,8,2,3
9,4,7,2,3,9,5,5,10,11,9,10,3,2,9,7,5,10,0,6,10,10,6,2,0,0,6,2,3,5,4,0,3,9,5,0,7,5,9,10,11,3,4,5,2,10,9,8,4,3,9,2,5,5,3,6,6,0,11,5,10,11,4,0,2,0,3,8,3,4,7,9,2,0,4,9,3,6,3,2,5,7,9,2,5,3,10,4,5,3,2,6,3,3,10,2,8,3,6,10,4,9,4,10,6,3,5,9,11,9,9,4,10,10,5,10,0,4,9,10,3,6,10,9,6,4,6,4,0,4,5,6,10,11,2,6,10,3,0,3,3,2,0,4,5,9,7,9,3,4
10,5,8,3,4,10,6,6,11,0,10,11,4,3,10,8,6,11,2,7,11,11,7,3,2,2,7,3,4,6,5,2,4,10,6,2,8,6,10,11,0,4,5,6,3,11,10,9,5,4,10,3,6,6,4,7,7,2,0,6,11,0,5,2,3,2,4,9,4,5,8,10,3,2,5,10,4,7,4,3,6,8,10,3,6,4,11,5,6,4,3,7,4,4,11,3,9,4,7,11,5,10,5,11,7,4,6,10,0,10,10,5,11,11,6,11,2,5,10,11,4,7,11,10,7,5,7,5,2,5,6,7,11,0,3,7,11,4,2,4,4,3,2,5,6,10,8,10,4,5
11,6,9,4,5,11,7,7,0,2,11,0,5,4,11,9,7,0,3,8,0,0,8,4,3,3,8,4,5,7,6,3,5,11,7,3,9,7,11,0,2,5,6,7,4,0,11,10,6,5,11,4,7,7,5,8,8,3,2,7,0,2,6,3,4,3,5,10,5,6,9,11,4,3,6,11,5,8,5,4,7,9,11,4,7,5,0,6,7,5,4,8,5,5,0,4,10,5,8,0,6,11,6,0,8,5,7,11,2,11,11,6,0,0,7,0,3,6,11,0,5,8,0,11,8,6,8,6,3,6,7,8,0,2,4,8,0,5,3,5,5,4,3,6,7,11,9,11,5,6
0,7,10,5,6,0,8,8,2,3,0,2,6,5,0,10,8,2,4,9,2,2,9,5,4,4,9,5,6,8,7,4,6,0,8,4,10,8,0,2,3,6,7,8,5,2,0,11,7,6,0,5,8,8,6,9,9,4,3,8,2,3,7,4,5,4,6,11,6,7,10,0,5,4,7,0,6,9,6,5,8,10,0,5,8,6,2,7,8,6,5,9,6,6,2,5,11,6,9,2,7,0,7,2,9,6,8,0,3,0,0,7,2,2,8,2,4,7,0,2,6,9,2,0,9,7,9,7,4,7,8,9,2,3,5,9,2,6,4,6,6,5,4,7,8,0,10,0,6,7
2,8,11,6,7,2,9,9,3,4,2,3,7,6,2,11,9,3,5,10,3,3,10,6,5,5,10,6,7,9,8,5,7,2,9,5,11,9,2,3,4,7,8,9,6,3,2,0,8,7,2,6,9,9,7,10,10,5,4,9,3,4,8,5,6,5,7,0,7,8,11,2,6,5,8,2,7,10,7,6,9,11,2,6,9,7,3,8,9,7,6,10,7,7,3,6,0,7,10,3,8,2,8,3,10,7,9,2,4,2,2,8,3,3,9,3,5,8,2,3,7,10,3,2,10,8,10,8,5,8,9,10,3,4,6,10,3,7,5,7,7,6,5,8,9,2,11,2,7,8
3,9,0,7,8,3,10,10,4,5,3,4,8,7,3,0,10,4,6,11,4,4,11,7,6,6,11,7,8,10,9,6,8,3,10,6,0,10,3,4,5,8,9,10,7,4,3,2,9,8,3,7,10,10,8,11,11,6,5,10,4,5,9,6,7,6,8,2,8,9,0,3,7,6,9,3,8,11,8,7,10,0,3,7,10,8,4,9,10,8,7,11,8,8,4,7,2,8,11,4,9,3,9,4,11,8,10,3,5,3,3,9,4,4,10,4,6,9,3,4,8,11,4,3,11,9,11,9,6,9,10,11,4,5,7,11,4,8,6,8,8,7,6,9,10,3,0,3,8,9
4,10,2,8,9,4,11,11,5,6,4,5,9,8,4,2,11,5,7,0,5,5,0,8,7,7,0,8,9,11,10,7,9,4,11,7,2,11,4,5,6,9,10,11,8,5,4,3,10,9,4,8,11,11,9,0,0,7,6,11,5,6,10,7,8,7,9,3,9,10,2,4,8,7,10,4,9,0,9,8,11,2,4,8,11,9,5,10,11,9,8,0,9,9,5,8,3,9,0,5,10,4,10,5,0,9,11,4,6,4,4,10,5,5,11,5,7,10,4,5,9,0,5,4,0,10,0,10,7,10,11,0,5,6,8,0,5,9,7,9,9,8,7,10,11,4,2,4,9,10
5,11,3,9,10,5,0,0,6,7,5,6,10,9,5,3,0,6,8,2,6,6,2,9,8,8,2,9,10,0,11,8,10,5,0,8,3,0,5,6,7,10,11,0,9,6,5,4,11,10,5,9,0,0,10,2,2,8,7,0,6,7,11,8,9,8,10,4,10,11,3,5,9,8,11,5,10,2,10,9,0,3,5,9,0,10,6,11,0,10,9,2,10,10,6,9,4,10,2,6,11,5,11,6,2,10,0,5,7,5,5,11,6,6,0,6,8,11,5,6,10,2,6,5,2,11,2,11,8,11,0,2,6,7,9,2,6,10,8,10,10,9,8,11,0,5,3,5,10,11
6,0,4,10,11,6,2,2,7,8,6,7,11,10,6,4,2,7,9,3,7,7,3,10,9,9,3,10,11,2,0,9,11,6,2,9,4,2,6,7,8,11,0,2,10,7,6,5,0,11,6,10,2,2,11,3,3,9,8,2,7,8,0,9,10,9,11,5,11,0,4,6,10,9,0,6,11,3,11,10,2,4,6,10,2,11,7,0,2,11,10,3,11,11,7,10,5,11,3,7,0,6,0,7,3,11,2,6,8,6,6,0,7,7,2,7,9,0,6,7,11,3,7,6,3,0,3,0,9,0,2,3,7,8,10,3,7,11,9,11,11,10,9,0,2,6,4,6,11,0
7,2,5,11,0,7,3,3,8,9,7,8,0,11,7,5,3,8,10,4,8,8,4,11,10,10,4,11,0,3,2,10,0,7,3,10,5,3,7,8,9,0,2,3,11,8,7,6,2,0,7,11,3,3,0,4,4,10,9,3,8,9,2,10,11,10,0,6,0,2,5,7,11,10,2,7,0,4,0,11,3,5,7,11,3,0,8,2,3,0,11,4,0,0,8,11,6,0,4,8,2,7,2,8,4,0,3,7,9,7,7,2,8,8,3,8,10,2,7,8,0,4,8,7,4,2,4,2,10,2,3,4,8,9,11,4,8,0,10,0,0,11,10,2,3,7,5,7,0,2
8,3,6,0,2,8,4,4,9,10,8,9,2,0,8,6,4,9,11,5,9,9,5,0,11,11,5,0,2,4,3,11,2,8,4,11,6,4,8,9,10,2,3,4,0,9,8,7,3,2,8,0,4,4,2,5,5,11,10,4,9,10,3,11,0,11,2,7,2,3,6,8,0,11,3,8,2,5,2,0,4,6,8,0,4,2,9,3,4,2,0,5,2,2,9,0,7,2,5,9,3,8,3,9,5,2,4,8,10,8,8,3,9,9,4,9,11,3,8,9,2,5,9,8,5,3,5,3,11,3,4,5,9,10,0,5,9,2,11,2,2,0,11,3,4,8,6,8,2,3
9,4,7,2,3,9,5,5,10,11,9,10,3,2,9,7,5,10,0,6,10,10,6,2,0,0,6,2,3,5,4,0,3,9,5,0,7,5,9,10,11,3,4,5,2,10,9,8,4,3,9,2,5,5,3,6,6,0,11,5,10,11,4,0,2,0,3,8,3,4,7,9,2,0,4,9,3,6,3,2,5,7,9,2,5,3,10,4,5,3,2,6,3,3,10,2,8,3,6,10,4,9,4,10,6,3,5,9,11,9,9,4,10,10,5,10,0,4,9,10,3,6,10,9,6,4,6,4,0,4,5,6,10,11,2,6,10,3,0,3,3,2,0,4,5,9,7,9,3,4
10,5,8,3,4,10,6,6,11,0,10,11,4,3,10,8,6,11,2,7,11,11,7,3,2,2,7,3,4,6,5,2,4,10,6,2,8,6,10,11,0,4,5,6,3,11,10,9,5,4,10,3,6,6,4,7,7,2,0,6,11,0,5,2,3,2,4,9,4,5,8,10,3,2,5,10,4,7,4,3,6,8,10,3,6,4,11,5,6,4,3,7,4,4,11,3,9,4,7,11,5,10,5,11,7,4,6,10,0,10,10,5,11,11,6,11,2,5,10,11,4,7,11,10,7,5,7,5,2,5,6,7,11,0,3,7,11,4,2,4,4,3,2,5,6,10,8,10,4,5
11,6,9,4,5,11,7,7,0,2,11,0,5,4,11,9,7,0,3,8,0,0,8,4,3,3,8,4,5,7,6,3,5,11,7,3,9,7,11,0,2,5,6,7,4,0,11,10,6,5,11,4,7,7,5,8,8,3,2,7,0,2,6,3,4,3,5,10,5,6,9,11,4,3,6,11,5,8,5,4,7,9,11,4,7,5,0,6,7,5,4,8,5,5,0,4,10,5,8,0,6,11,6,0,8,5,7,11,2,11,11,6,0,0,7,0,3,6,11,0,5,8,0,11,8,6,8,6,3,6,7,8,0,2,4,8,0,5,3,5,5,4,3,6,7,11,9,11,5,6
0,7,10,5,6,0,8,8,2,3,0,2,6,5,0,10,8,2,4,9,2,2,9,5,4,4,9,5,6,8,7,4,6,0,8,4,10,8,0,2,3,6,7,8,5,2,0,11,7,6,0,5,8,8,6,9,9,4,3,8,2,3,7,4,5,4,6,11,6,7,10,0,5,4,7,0,6,9,6,5,8,10,0,5,8,6,2,7,8,6,5,9,6,6,2,5,11,6,9,2,7,0,7,2,9,6,8,0,3,0,0,7,2,2,8,2,4,7,0,2,6,9,2,0,9,7,9,7,4,7,8,9,2,3,5,9,2,6,4,6,6,5,4,7,8,0,10,0,6,7
2,8,11,6,7,2,9,9,3,4,2,3,7,6,2,11,9,3,5,10,3,3,10,6,5,5,10,6,7,9,8,5,7,2,9,5,11,9,2,3,4,7,8,9,6,3,2,0,8,7,2,6,9,9,7,10,10,5,4,9,3,4,8,5,6,5,7,0,7,8,11,2,6,5,8,2,7,10,7,6,9,11,2,6,9,7,3,8,9,7,6,10,7,7,3,6,0,7,10,3,8,2,8,3,10,7,9,2,4,2,2,8,3,3,9,3,5,8,2,3,7,10,3,2,10,8,10,8,5,8,9,10,3,4,6,10,3,7,5,7,7,6,5,8,9,2,11,2,7,8
3,9,0,7,8,3,10,10,4,5,3,4,8,7,3,0,10,4,6,11,4,4,11,7,6,6,11,7,8,10,9,6,8,3,10,6,0,10,3,4,5,8,9,10,7,4,3,2,9,8,3,7,10,10,8,11,11,6,5,10,4,5,9,6,7,6,8,2,8,9,0,3,7,6,9,3,8,11,8,7,10,0,3,7,10,8,4,9,10,8,7,11,8,8,4,7,2,8,11,4,9,3,9,4,11,8,10,3,5,3,3,9,4,4,10,4,6,9,3,4,8,11,4,3,11,9,11,9,6,9,10,11,4,5,7,11,4,8,6,8,8,7,6,9,10,3,0,3,8,9
4,10,2,8,9,4,11,11,5,6,4,5,9,8,4,2,11,5,7,0,5,5,0,8,7,7,0,8,9,11,10,7,9,4,11,7,2,11,4,5,6,9,10,11,8,5,4,3,10,9,4,8,11,11,9,0,0,7,6,11,5,6,10,7,8,7,9,3,9,10,2,4,8,7,10,4,9,0,9,8,11,2,4,8,11,9,5,10,11,9,8,0,9,9,5,8,3,9,0,5,10,4,10,5,0,9,11,4,6,4,4,10,5,5,11,5,7,10,4,5,9,0,5,4,0,10,0,10,7,10,11,0,5,6,8,0,5,9,7,9,9,8,7,10,11,4,2,4,9,10
5,11,3,9,10,5,0,0,6,7,5,6,10,9,5,3,0,6,8,2,6,6,2,9,8,8,2,9,10,0,11,8,10,5,0,8,3,0,5,6,7,10,11,0,9,6,5,4,11,10,5,9,0,0,10,2,2,8,7,0,6,7,11,8,9,8,10,4,10,11,3,5,9,8,11,5,10,2,10,9,0,3,5,9,0,10,6,11,0,10,9,2,10,10,6,9,4,10,2,6,11,5,11,6,2,10,0,5,7,5,5,11,6,6,0,6,8,11,5,6,10,2,6,5,2,11,2,11,8,11,0,2,6,7,9,2,6,10,8,10,10,9,8,11,0,5,3,5,10,11
6,0,4,10,11,6,2,2,7,8,6,7,11,10,6,4,2,7,9,3,7,7,3,10,9,9,3,10,11,2,0,9,11,6,2,9,4,2,6,7,8,11,0,2,10,7,6,5,0,11,6,10,2,2,11,3,3,9,8,2,7,8,0,9,10,9,11,5,11,0,4,6,10,9,0,6,11,3,11,10,2,4,6,10,2,11,7,0,2,11,10,3,11,11,7,10,5,11,3,7,0,6,0,7,3,11,2,6,8,6,6,0,7,7,2,7,9,0,6,7,11,3,7,6,3,0,3,0,9,0,2,3,7,8,10,3,7,11,9,11,11,10,9,0,2,6,4,6,11,0
7,2,5,11,0,7,3,3,8,9,7,8,0,11,7,5,3,8,10,4,8,8,4,11,10,10,4,11,0,3,2,10,0,7,3,10,5,3,7,8,9,0,2,3,11,8,7,6,2,0,7,11,3,3,0,4,4,10,9,3,8,9,2,10,11,10,0,6,0,2,5,7,11,10,2,7,0,4,0,11,3,5,7,11,3,0,8,2,3,0,11,4,0,0,8,11,6,0,4,8,2,7,2,8,4,0,3,7,9,7,7,2,8,8,3,8,10,2,7,8,0,4,8,7,4,2,4,2,10,2,3,4,8,9,11,4,8,0,10,0,0,11,10,2,3,7,5,7,0,2
8,3,6,0,2,8,4,4,9,10,8,9,2,0,8,6,4,9,11,5,9,9,5,0,11,11,5,0,2,4,3,11,2,8,4,11,6,4,8,9,10,2,3,4,0,9,8,7,3,2,8,0,4,4,2,5,5,11,10,4,9,10,3,11,0,11,2,7,2,3,6,8,0,11,3,8,2,5,2,0,4,6,8,0,4,2,9,3,4,2,0,5,2,2,9,0,7,2,5,9,3,8,3,9,5,2,4,8,10,8,8,3,9,9,4,9,11,3,8,9,2,5,9,8,5,3,5,3,11,3,4,5,9,10,0,5,9,2,11,2,2,0,11,3,4,8,6,8,2,3
9,4,7,2,3,9,5,5,10,11,9,10,3,2,9,7,5,10,0,6,10,10,6,2,0,0,6,2,3,5,4,0,3,9,5,0,7,5,9,10,11,3,4,5,2,10,9,8,4,3,9,2,5,5,3,6,6,0,11,5,10,11,4,0,2,0,3,8,3,4,7,9,2,0,4,9,3,6,3,2,5,7,9,2,5,3,10,4,5,3,2,6,3,3,10,2,8,3,6,10,4,9,4,10,6,3,5,9,11,9,9,4,10,10,5,10,0,4,9,10,3,6,10,9,6,4,6,4,0,4,5,6,10,11,2,6,10,3,0,3,3,2,0,4,5,9,7,9,3,4
10,5,8,3,4,10,6,6,11,0,10,11,4,3,10,8,6,11,2,7,11,11,7,3,2,2,7,3,4,6,5,2,4,10,6,2,8,6,10,11,0,4,5,6,3,11,10,9,5,4,10,3,6,6,4,7,7,2,0,6,11,0,5,2,3,2,4,9,4,5,8,10,3,2,5,10,4,7,4,3,6,8,10,3,6,4,11,5,6,4,3,7,4,4,11,3,9,4,7,11,5,10,5,11,7,4,6,10,0,10,10,5,11,11,6,11,2,5,10,11,4,7,11,10,7,5,7,5,2,5,6,7,11,0,3,7,11,4,2,4,4,3,2,5,6,10,8,10,4,5
11,6,9,4,5,11,7,7,0,2,11,0,5,4,11,9,7,0,3,8,0,0,8,4,3,3,8,4,5,7,6,3,5,11,7,3,9,7,11,0,2,5,6,7,4,0,11,10,6,5,11,4,7,7,5,8,8,3,2,7,0,2,6,3,4,3,5,10,5,6,9,11,4,3,6,11,5,8,5,4,7,9,11,4,7,5,0,6,7,5,4,8,5,5,0,4,10,5,8,0,6,11,6,0,8,5,7,11,2,11,11,6,0,0,7,0,3,6,11,0,5,8,0,11,8,6,8,6,3,6,7,8,0,2,4,8,0,5,3,5,5,4,3,6,7,11,9,11,5,6
0,7,10,5,6,0,8,8,2,3,0,2,6,5,0,10,8,2,4,9,2,2,9,5,4,4,9,5,6,8,7,4,6,0,8,4,10,8,0,2,3,6,7,8,5,2,0,11,7,6,0,5,8,8,6,9,9,4,3,8,2,3,7,4,5,4,6,11,6,7,10,0,5,4,7,0,6,9,6,5,8,10,0,5,8,6,2,7,8,6,5,9,6,6,2,5,11,6,9,2,7,0,7,2,9,6,8,0,3,0,0,7,2,2,8,2,4,7,0,2,6,9,2,0,9,7,9,7,4,7,8,9,2,3,5,9,2,6,4,6,6,5,4,7,8,0,10,0,6,7
2,8,11,6,7,2,9,9,3,4,2,3,7,6,2,11,9,3,5,10,3,3,10,6,5,5,10,6,7,9,8,5,7,2,9,5,11,9,2,3,4,7,8,9,6,3,2,0,8,7,2,6,9,9,7,10,10,5,4,9,3,4,8,5,6,5,7,0,7,8,11,2,6,5,8,2,7,10,7,6,9,11,2,6,9,7,3,8,9,7,6,10,7,7,3,6,0,7,10,3,8,2,8,3,10,7,9,2,4,2,2,8,3,3,9,3,5,8,2,3,7,10,3,2,10,8,10,8,5,8,9,10,3,4,6,10,3,7,5,7,7,6,5,8,9,2,11,2,7,8
3,9,0,7,8,3,10,10,4,5,3,4,8,7,3,0,10,4,6,11,4,4,11,7,6,6,11,7,8,10,9,6,8,3,10,6,0,10,3,4,5,8,9,10,7,4,3,2,9,8,3,7,10,10,8,11,11,6,5,10,4,5,9,6,7,6,8,2,8,9,0,3,7,6,9,3,8,11,8,7,10,0,3,7,10,8,4,9,10,8,7,11,8,8,4,7,2,8,11,4,9,3,9,4,11,8,10,3,5,3,3,9,4,4,10,4,6,9,3,4,8,11,4,3,11,9,11,9,6,9,10,11,4,5,7,11,4,8,6,8,8,7,6,9,10,3,0,3,8,9
4,10,2,8,9,4,11,11,5,6,4,5,9,8,4,2,11,5,7,0,5,5,0,8,7,7,0,8,9,11,10,7,9,4,11,7,2,11,4,5,6,9,10,11,8,5,4,3,10,9,4,8,11,11,9,0,0,7,6,11,5,6,10,7,8,7,9,3,9,10,2,4,8,7,10,4,9,0,9,8,11,2,4,8,11,9,5,10,11,9,8,0,9,9,5,8,3,9,0,5,10,4,10,5,0,9,11,4,6,4,4,10,5,5,11,5,7,10,4,5,9,0,5,4,0,10,0,10,7,10,11,0,5,6,8,0,5,9,7,9,9,8,7,10,11,4,2,4,9,10
5,11,3,9,10,5,0,0,6,7,5,6,10,9,5,3,0,6,8,2,6,6,2,9,8,8,2,9,10,0,11,8,10,5,0,8,3,0,5,6,7,10,11,0,9,6,5,4,11,10,5,9,0,0,10,2,2,8,7,0,6,7,11,8,9,8,10,4,10,11,3,5,9,8,11,5,10,2,10,9,0,3,5,9,0,10,6,11,0,10,9,2,10,10,6,9,4,10,2,6,11,5,11,6,2,10,0,5,7,5,5,11,6,6,0,6,8,11,5,6,10,2,6,5,2,11,2,11,8,11,0,2,6,7,9,2,6,10,8,10,10,9,8,11,0,5,3,5,10,11
6,0,4,10,11,6,2,2,7,8,6,7,11,10,6,4,2,7,9,3,7,7,3,10,9,9,3,10,11,2,0,9,11,6,2,9,4,2,6,7,8,11,0,2,10,7,6,5,0,11,6,10,2,2,11,3,3,9,8,2,7,8,0,9,10,9,11,5,11,0,4,6,10,9,0,6,11,3,11,10,2,4,6,10,2,11,7,0,2,11,10,3,11,11,7,10,5,11,3,7,0,6,0,7,3,11,2,6,8,6,6,0,7,7,2,7,9,0,6,7,11,3,7,6,3,0,3,0,9,0,2,3,7,8,10,3,7,11,9,11,11,10,9,0,2,6,4,6,11,0
7,2,5,11,0,7,3,3,8,9,7,8,0,11,7,5,3,8,10,4,8,8,4,11,10,10,4,11,0,3,2,10,0,7,3,10,5,3,7,8,9,0,2,3,11,8,7,6,2,0,7,11,3,3,0,4,4,10,9,3,8,9,2,10,11,10,0,6,0,2,5,7,11,10,2,7,0,4,0,11,3,5,7,11,3,0,8,2,3,0,11,4,0,0,8,11,6,0,4,8,2,7,2,8,4,0,3,7,9,7,7,2,8,8,3,8,10,2,7,8,0,4,8,7,4,2,4,2,10,2,3,4,8,9,11,4,8,0,10,0,0,11,10,2,3,7,5,7,0,2
8,3,6,0,2,8,4,4,9,10,8,9,2,0,8,6,4,9,11,5,9,9,5,0,11,11,5,0,2,4,3,11,2,8,4,11,6,4,8,9,10,2,3,4,0,9,8,7,3,2,8,0,4,4,2,5,5,11,10,4,9,10,3,11,0,11,2,7,2,3,6,8,0,11,3,8,2,5,2,0,4,6,8,0,4,2,9,3,4,2,0,5,2,2,9,0,7,2,5,9,3,8,3,9,5,2,4,8,10,8,8,3,9,9,4,9,11,3,8,9,2,5,9,8,5,3,5,3,11,3,4,5,9,10,0,5,9,2,11,2,2,0,11,3,4,8,6,8,2,3
9,4,7,2,3,9,5,5,10,11,9,10,3,2,9,7,5,10,0,6,10,10,6,2,0,0,6,2,3,5,4,0,3,9,5,0,7,5,9,10,11,3,4,5,2,10,9,8,4,3,9,2,5,5,3,6,6,0,11,5,10,11,4,0,2,0,3,8,3,4,7,9,2,0,4,9,3,6,3,2,5,7,9,2,5,3,10,4,5,3,2,6,3,3,10,2,8,3,6,10,4,9,4,10,6,3,5,9,11,9,9,4,10,10,5,10,0,4,9,10,3,6,10,9,6,4,6,4,0,4,5,6,10,11,2,6,10,3,0,3,3,2,0,4,5,9,7,9,3,4
10,5,8,3,4,10,6,6,11,0,10,11,4,3,10,8,6,11,2,7,11,11,7,3,2,2,7,3,4,6,5,2,4,10,6,2,8,6,10,11,0,4,5,6,3,11,10,9,5,4,10,3,6,6,4,7,7,2,0,6,11,0,5,2,3,2,4,9,4,5,8,10,3,2,5,10,4,7,4,3,6,8,10,3,6,4,11,5,6,4,3,7,4,4,11,3,9,4,7,11,5,10,5,11,7,4,6,10,0,10,10,5,11,11,6,11,2,5,10,11,4,7,11,10,7,5,7,5,2,5,6,7,11,0,3,7,11,4,2,4,4,3,2,5,6,10,8,10,4,5
11,6,9,4,5,11,7,7,0,2,11,0,5,4,11,9,7,0,3,8,0,0,8,4,3,3,8,4,5,7,6,3,5,11,7,3,9,7,11,0,2,5,6,7,4,0,11,10,6,5,11,4,7,7,5,8,8,3,2,7,0,2,6,3,4,3,5,10,5,6,9,11,4,3,6,11,5,8,5,4,7,9,11,4,7,5,0,6,7,5,4,8,5,5,0,4,10,5,8,0,6,11,6,0,8,5,7,11,2,11,11,6,0,0,7,0,3,6,11,0,5,8,0,11,8,6,8,6,3,6,7,8,0,2,4,8,0,5,3,5,5,4,3,6,7,11,9,11,5,6
0,7,10,5,6,0,8,8,2,3,0,2,6,5,0,10,8,2,4,9,2,2,9,5,4,4,9,5,6,8,7,4,6,0,8,4,10,8,0,2,3,6,7,8,5,2,0,11,7,6,0,5,8,8,6,9,9,4,3,8,2,3,7,4,5,4,6,11,6,7,10,0,5,4,7,0,6,9,6,5,8,10,0,5,8,6,2,7,8,6,5,9,6,6,2,5,11,6,9,2,7,0,7,2,9,6,8,0,3,0,0,7,2,2,8,2,4,7,0,2,6,9,2,0,9,7,9,7,4,7,8,9,2,3,5,9,2,6,4,6,6,5,4,7,8,0,10,0,6,7
2,8,11,6,7,2,9,9,3,4,2,3,7,6,2,11,9,3,5,10,3,3,10,6,5,5,10,6,7,9,8,5,7,2,9,5,11,9,2,3,4,7,8,9,6,3,2,0,8,7,2,6,9,9,7,10,10,5,4,9,3,4,8,5,6,5,7,0,7,8,11,2,6,5,8,2,7,10,7,6,9,11,2,6,9,7,3,8,9,7,6,10,7,7,3,6,0,7,10,3,8,2,8,3,10,7,9,2,4,2,2,8,3,3,9,3,5,8,2,3,7,10,3,2,10,8,10,8,5,8,9,10,3,4,6,10,3,7,5,7,7,6,5,8,9,2,11,2,7,8
3,9,0,7,8,3,10,10,4,5,3,4,8,7,3,0,10,4,6,11,4,4,11,7,6,6,11,7,8,10,9,6,8,3,10,6,0,10,3,4,5,8,9,10,7,4,3,2,9,8,3,7,10,10,8,11,11,6,5,10,4,5,9,6,7,6,8,2,8,9,0,3,7,6,9,3,8,11,8,7,10,0,3,7,10,8,4,9,10,8,7,11,8,8,4,7,2,8,11,4,9,3,9,4,11,8,10,3,5,3,3,9,4,4,10,4,6,9,3,4,8,11,4,3,11,9,11,9,6,9,10,11,4,5,7,11,4,8,6,8,8,7,6,9,10,3,0,3,8,9
4,10,2,8,9,4,11,11,5,6,4,5,9,8,4,2,11,5,7,0,5,5,0,8,7,7,0,8,9,11,10,7,9,4,11,7,2,11,4,5,6,9,10,11,8,5,4,3,10,9,4,8,11,11,9,0,0,7,6,11,5,6,10,7,8,7,9,3,9,10,2,4,8,7,10,4,9,0,9,8,11,2,4,8,11,9,5,10,11,9,8,0,9,9,5,8,3,9,0,5,10,4,10,5,0,9,11,4,6,4,4,10,5,5,11,5,7,10,4,5,9,0,5,4,0,10,0,10,7,10,11,0,5,6,8,0,5,9,7,9,9,8,7,10,11,4,2,4,9,10
5,11,3,9,10,5,0,0,6,7,5,6,10,9,5,3,0,6,8,2,6,6,2,9,8,8,2,9,10,0,11,8,10,5,0,8,3,0,5,6,7,10,11,0,9,6,5,4,11,10,5,9,0,0,10,2,2,8,7,0,6,7,11,8,9,8,10,4,10,11,3,5,9,8,11,5,10,2,10,9,0,3,5,9,0,10,6,11,0,10,9,2,10,10,6,9,4,10,2,6,11,5,11,6,2,10,0,5,7,5,5,11,6,6,0,6,8,11,5,6,10,2,6,5,2,11,2,11,8,11,0,2,6,7,9,2,6,10,8,10,10,9,8,11,0,5,3,5,10,11
6,0,4,10,11,6,2,2,7,8,6,7,11,10,6,4,2,7,9,3,7,7,3,10,9,9,3,10,11,2,0,9,11,6,2,9,4,2,6,7,8,11,0,2,10,7,6,5,0,11,6,10,2,2,11,3,3,9,8,2,7,8,0,9,10,9,11,5,11,0,4,6,10,9,0,6,11,3,11,10,2,4,6,10,2,11,7,0,2,11,10,3,11,11,7,10,5,11,3,7,0,6,0,7,3,11,2,6,8,6,6,0,7,7,2,7,9,0,6,7,11,3,7,6,3,0,3,0,9,0,2,3,7,8,10,3,7,11,9,11,11,10,9,0,2,6,4,6,11,0
7,2,5,11,0,7,3,3,8,9,7,8,0,11,7,5,3,8,10,4,8,8,4,11,10,10,4,11,0,3,2,10,0,7,3,10,5,3,7,8,9,0,2,3,11,8,7,6,2,0,7,11,3,3,0,4,4,10,9,3,8,9,2,10,11,10,0,6,0,2,5,7,11,10,2,7,0,4,0,11,3,5,7,11,3,0,8,2,3,0,11,4,0,0,8,11,6,0,4,8,2,7,2,8,4,0,3,7,9,7,7,2,8,8,3,8,10,2,7,8,0,4,8,7,4,2,4,2,10,2,3,4,8,9,11,4,8,0,10,0,0,11,10,2,3,7,5,7,0,2
8,3,6,0,2,8,4,4,9,10,8,9,2,0,8,6,4,9,11,5,9,9,5,0,11,11,5,0,2,4,3,11,2,8,4,11,6,4,8,9,10,2,3,4,0,9,8,7,3,2,8,0,4,4,2,5,5,11,10,4,9,10,3,11,0,11,2,7,2,3,6,8,0,11,3,8,2,5,2,0,4,6,8,0,4,2,9,3,4,2,0,5,2,2,9,0,7,2,5,9,3,8,3,9,5,2,4,8,10,8,8,3,9,9,4,9,11,3,8,9,2,5,9,8,5,3,5,3,11,3,4,5,9,10,0,5,9,2,11,2,2,0,11,3,4,8,6,8,2,3
9,4,7,2,3,9,5,5,10,11,9,10,3,2,9,7,5,10,0,6,10,10,6,2,0,0,6,2,3,5,4,0,3,9,5,0,7,5,9,10,11,3,4,5,2,10,9,8,4,3,9,2,5,5,3,6,6,0,11,5,10,11,4,0,2,0,3,8,3,4,7,9,2,0,4,9,3,6,3,2,5,7,9,2,5,3,10,4,5,3,2,6,3,3,10,2,8,3,6,10,4,9,4,10,6,3,5,9,11,9,9,4,10,10,5,10,0,4,9,10,3,6,10,9,6,4,6,4,0,4,5,6,10,11,2,6,10,3,0,3,3,2,0,4,5,9,7,9,3,4
10,5,8,3,4,10,6,6,11,0,10,11,4,3,10,8,6,11,2,7,11,11,7,3,2,2,7,3,4,6,5,2,4,10,6,2,8,6,10,11,0,4,5,6,3,11,10,9,5,4,10,3,6,6,4,7,7,2,0,6,11,0,5,2,3,2,4,9,4,5,8,10,3,2,5,10,4,7,4,3,6,8,10,3,6,4,11,5,6,4,3,7,4,4,11,3,9,4,7,11,5,10,5,11,7,4,6,10,0,10,10,5,11,11,6,11,2,5,10,11,4,7,11,10,7,5,7,5,2,5,6,7,11,0,3,7,11,4,2,4,4,3,2,5,6,10,8,10,4,5
11,6,9,4,5,11,7,7,0,2,11,0,5,4,11,9,7,0,3,8,0,0,8,4,3,3,8,4,5,7,6,3,5,11,7,3,9,7,11,0,2,5,6,7,4,0,11,10,6,5,11,4,7,7,5,8,8,3,2,7,0,2,6,3,4,3,5,10,5,6,9,11,4,3,6,11,5,8,5,4,7,9,11,4,7,5,0,6,7,5,4,8,5,5,0,4,10,5,8,0,6,11,6,0,8,5,7,11,2,11,11,6,0,0,7,0,3,6,11,0,5,8,0,11,8,6,8,6,3,6,7,8,0,2,4,8,0,5,3,5,5,4,3,6,7,11,9,11,5,6
0,7,10,5,6,0,8,8,2,3,0,2,6,5,0,10,8,2,4,9,2,2,9,5,4,4,9,5,6,8,7,4,6,0,8,4,10,8,0,2,3,6,7,8,5,2,0,11,7,6,0,5,8,8,6,9,9,4,3,8,2,3,7,4,5,4,6,11,6,7,10,0,5,4,7,0,6,9,6,5,8,10,0,5,8,6,2,7,8,6,5,9,6,6,2,5,11,6,9,2,7,0,7,2,9,6,8,0,3,0,0,7,2,2,8,2,4,7,0,2,6,9,2,0,9,7,9,7,4,7,8,9,2,3,5,9,2,6,4,6,6,5,4,7,8,0,10,0,6,7
2,8,11,6,7,2,9,9,3,4,2,3,7,6,2,11,9,3,5,10,3,3,10,6,5,5,10,6,7,9,8,5,7,2,9,5,11,9,2,3,4,7,8,9,6,3,2,0,8,7,2,6,9,9,7,10,10,5,4,9,3,4,8,5,6,5,7,0,7,8,11,2,6,5,8,2,7,10,7,6,9,11,2,6,9,7,3,8,9,7,6,10,7,7,3,6,0,7,10,3,8,2,8,3,10,7,9,2,4,2,2,8,3,3,9,3,5,8,2,3,7,10,3,2,10,8,10,8,5,8,9,10,3,4,6,10,3,7,5,7,7,6,5,8,9,2,11,2,7,8
3,9,0,7,8,3,10,10,4,5,3,4,8,7,3,0,10,4,6,11,4,4,11,7,6,6,11,7,8,10,9,6,8,3,10,6,0,10,3,4,5,8,9,10,7,4,3,2,9,8,3,7,10,10,8,11,11,6,5,10,4,5,9,6,7,6,8,2,8,9,0,3,7,6,9,3,8,11,8,7,10,0,3,7,10,8,4,9,10,8,7,11,8,8,4,7,2,8,11,4,9,3,9,4,11,8,10,3,5,3,3,9,4,4,10,4,6,9,3,4,8,11,4,3,11,9,11,9,6,9,10,11,4,5,7,11,4,8,6,8,8,7,6,9,10,3,0,3,8,9
4,10,2,8,9,4,11,11,5,6,4,5,9,8,4,2,11,5,7,0,5,5,0,8,7,7,0,8,9,11,10,7,9,4,11,7,2,11,4,5,6,9,10,11,8,5,4,3,10,9,4,8,11,11,9,0,0,7,6,11,5,6,10,7,8,7,9,3,9,10,2,4,8,7,10,4,9,0,9,8,11,2,4,8,11,9,5,10,11,9,8,0,9,9,5,8,3,9,0,5,10,4,10,5,0,9,11,4,6,4,4,10,5,5,11,5,7,10,4,5,9,0,5,4,0,10,0,10,7,10,11,0,5,6,8,0,5,9,7,9,9,8,7,10,11,4,2,4,9,10
5,11,3,9,10,5,0,0,6,7,5,6,10,9,5,3,0,6,8,2,6,6,2,9,8,8,2,9,10,0,11,8,10,5,0,8,3,0,5,6,7,10,11,0,9,6,5,4,11,10,5,9,0,0,10,2,2,8,7,0,6,7,11,8,9,8,10,4,10,11,3,5,9,8,11,5,10,2,10,9,0,3,5,9,0,10,6,11,0,10,9,2,10,10,6,9,4,10,2,6,11,5,11,6,2,10,0,5,7,5,5,11,6,6,0,6,8,11,5,6,10,2,6,5,2,11,2,11,8,11,0,2,6,7,9,2,6,10,8,10,10,9,8,11,0,5,3,5,10,11
6,0,4,10,11,6,2,2,7,8,6,7,11,10,6,4,2,7,9,3,7,7,3,10,9,9,3,10,11,2,0,9,11,6,2,9,4,2,6,7,8,11,0,2,10,7,6,5,0,11,6,10,2,2,11,3,3,9,8,2,7,8,0,9,10,9,11,5,11,0,4,6,10,9,0,6,11,3,11,10,2,4,6,10,2,11,7,0,2,11,10,3,11,11,7,10,5,11,3,7,0,6,0,7,3,11,2,6,8,6,6,0,7,7,2,7,9,0,6,7,11,3,7,6,3,0,3,0,9,0,2,3,7,8,10,3,7,11,9,11,11,10,9,0,2,6,4,6,11,0
7,2,5,11,0,7,3,3,8,9,7,8,0,11,7,5,3,8,10,4,8,8,4,11,10,10,4,11,0,3,2,10,0,7,3,10,5,3,7,8,9,0,2,3,11,8,7,6,2,0,7,11,3,3,0,4,4,10,9,3,8,9,2,10,11,10,0,6,0,2,5,7,11,10,2,7,0,4,0,11,3,5,7,11,3,0,8,2,3,0,11,4,0,0,8,11,6,0,4,8,2,7,2,8,4,0,3,7,9,7,7,2,8,8,3,8,10,2,7,8,0,4,8,7,4,2,4,2,10,2,3,4,8,9,11,4,8,0,10,0,0,11,10,2,3,7,5,7,0,2
8,3,6,0,2,8,4,4,9,10,8,9,2,0,8,6,4,9,11,5,9,9,5,0,11,11,5,0,2,4,3,11,2,8,4,11,6,4,8,9,10,2,3,4,0,9,8,7,3,2,8,0,4,4,2,5,5,11,10,4,9,10,3,11,0,11,2,7,2,3,6,8,0,11,3,8,2,5,2,0,4,6,8,0,4,2,9,3,4,2,0,5,2,2,9,0,7,2,5,9,3,8,3,9,5,2,4,8,10,8,8,3,9,9,4,9,11,3,8,9,2,5,9,8,5,3,5,3,11,3,4,5,9,10,0,5,9,2,11,2,2,0,11,3,4,8,6,8,2,3
9,4,7,2,3,9,5,5,10,11,9,10,3,2,9,7,5,10,0,6,10,10,6,2,0,0,6,2,3,5,4,0,3,9,5,0,7,5,9,10,11,3,4,5,2,10,9,8,4,3,9,2,5,5,3,6,6,0,11,5,10,11,4,0,2,0,3,8,3,4,7,9,2,0,4,9,3,6,3,2,5,7,9,2,5,3,10,4,5,3,2,6,3,3,10,2,8,3,6,10,4,9,4,10,6,3,5,9,11,9,9,4,10,10,5,10,0,4,9,10,3,6,10,9,6,4,6,4,0,4,5,6,10,11,2,6,10,3,0,3,3,2,0,4,5,9,7,9,3,4
10,5,8,3,4,10,6,6,11,0,10,11,4,3,10,8,6,11,2,7,11,11,7,3,2,2,7,3,4,6,5,2,4,10,6,2,8,6,10,11,0,4,5,6,3,11,10,9,5,4,10,3,6,6,4,7,7,2,0,6,11,0,5,2,3,2,4,9,4,5,8,10,3,2,5,10,4,7,4,3,6,8,10,3,6,4,11,5,6,4,3,7,4,4,11,3,9,4,7,11,5,10,5,11,7,4,6,10,0,10,10,5,11,11,6,11,2,5,10,11,4,7,11,10,7,5,7,5,2,5,6,7,11,0,3,7,11,4,2,4,4,3,2,5,6,10,8,10,4,5
11,6,9,4,5,11,7,7,0,2,11,0,5,4,11,9,7,0,3,8,0,0,8,4,3,3,8,4,5,7,6,3,5,11,7,3,9,7,11,0,2,5,6,7,4,0,11,10,6,5,11,4,7,7,5,8,8,3,2,7,0,2,6,3,4,3,5,10,5,6,9,11,4,3,6,11,5,8,5,4,7,9,11,4,7,5,0,6,7,5,4,8,5,5,0,4,10,5,8,0,6,11,6,0,8,5,7,11,2,11,11,6,0,0,7,0,3,6,11,0,5,8,0,11,8,6,8,6,3,6,7,8,0,2,4,8,0,5,3,5,5,4,3,6,7,11,9,11,5,6
0,7,10,5,6,0,8,8,2,3,0,2,6,5,0,10,8,2,4,9,2,2,9,5,4,4,9,5,6,8,7,4,6,0,8,4,10,8,0,2,3,6,7,8,5,2,0,11,7,6,0,5,8,8,6,9,9,4,3,8,2,3,7,4,5,4,6,11,6,7,10,0,5,4,7,0,6,9,6,5,8,10,0,5,8,6,2,7,8,6,5,9,6,6,2,5,11,6,9,2,7,0,7,2,9,6,8,0,3,0,0,7,2,2,8,2,4,7,0,2,6,9,2,0,9,7,9,7,4,7,8,9,2,3,5,9,2,6,4,6,6,5,4,7,8,0,10,0,6,7
2,8,11,6,7,2,9,9,3,4,2,3,7,6,2,11,9,3,5,10,3,3,10,6,5,5,10,6,7,9,8,5,7,2,9,5,11,9,2,3,4,7,8,9,6,3,2,0,8,7,2,6,9,9,7,10,10,5,4,9,3,4,8,5,6,5,7,0,7,8,11,2,6,5,8,2,7,10,7,6,9,11,2,6,9,7,3,8,9,7,6,10,7,7,3,6,0,7,10,3,8,2,8,3,10,7,9,2,4,2,2,8,3,3,9,3,5,8,2,3,7,10,3,2,10,8,10,8,5,8,9,10,3,4,6,10,3,7,5,7,7,6,5,8,9,2,11,2,7,8
3,9,0,7,8,3,10,10,4,5,3,4,8,7,3,0,10,4,6,11,4,4,11,7,6,6,11,7,8,10,9,6,8,3,10,6,0,10,3,4,5,8,9,10,7,4,3,2,9,8,3,7,10,10,8,11,11,6,5,10,4,5,9,6,7,6,8,2,8,9,0,3,7,6,9,3,8,11,8,7,10,0,3,7,10,8,4,9,10,8,7,11,8,8,4,7,2,8,11,4,9,3,9,4,11,8,10,3,5,3,3,9,4,4,10,4,6,9,3,4,8,11,4,3,11,9,11,9,6,9,10,11,4,5,7,11,4,8,6,8,8,7,6,9,10,3,0,3,8,9
4,10,2,8,9,4,11,11,5,6,4,5,9,8,4,2,11,5,7,0,5,5,0,8,7,7,0,8,9,11,10,7,9,4,11,7,2,11,4,5,6,9,10,11,8,5,4,3,10,9,4,8,11,11,9,0,0,7,6,11,5,6,10,7,8,7,9,3,9,10,2,4,8,7,10,4,9,0,9,8,11,2,4,8,11,9,5,10,11,9,8,0,9,9,5,8,3,9,0,5,10,4,10,5,0,9,11,4,6,4,4,10,5,5,11,5,7,10,4,5,9,0,5,4,0,10,0,10,7,10,11,0,5,6,8,0,5,9,7,9,9,8,7,10,11,4,2,4,9,10
5,11,3,9,10,5,0,0,6,7,5,6,10,9,5,3,0,6,8,2,6,6,2,9,8,8,2,9,10,0,11,8,10,5,0,8,3,0,5,6,7,10,11,0,9,6,5,4,11,10,5,9,0,0,10,2,2,8,7,0,6,7,11,8,9,8,10,4,10,11,3,5,9,8,11,5,10,2,10,9,0,3,5,9,0,10,6,11,0,10,9,2,10,10,6,9,4,10,2,6,11,5,11,6,2,10,0,5,7,5,5,11,6,6,0,6,8,11,5,6,10,2,6,5,2,11,2,11,8,11,0,2,6,7,9,2,6,10,8,10,10,9,8,11,0,5,3,5,10,11
6,0,4,10,11,6,2,2,7,8,6,7,11,10,6,4,2,7,9,3,7,7,3,10,9,9,3,10,11,2,0,9,11,6,2,9,4,2,6,7,8,11,0,2,10,7,6,5,0,11,6,10,2,2,11,3,3,9,8,2,7,8,0,9,10,9,11,5,11,0,4,6,10,9,0,6,11,3,11,10,2,4,6,10,2,11,7,0,2,11,10,3,11,11,7,10,5,11,3,7,0,6,0,7,3,11,2,6,8,6,6,0,7,7,2,7,9,0,6,7,11,3,7,6,3,0,3,0,9,0,2,3,7,8,10,3,7,11,9,11,11,10,9,0,2,6,4,6,11,0
7,2,5,11,0,7,3,3,8,9,7,8,0,11,7,5,3,8,10,4,8,8,4,11,10,10,4,11,0,3,2,10,0,7,3,10,5,3,7,8,9,0,2,3,11,8,7,6,2,0,7,11,3,3,0,4,4,10,9,3,8,9,2,10,11,10,0,6,0,2,5,7,11,10,2,7,0,4,0,11,3,5,7,11,3,0,8,2,3,0,11,4,0,0,8,11,6,0,4,8,2,7,2,8,4,0,3,7,9,7,7,2,8,8,3,8,10,2,7,8,0,4,8,7,4,2,4,2,10,2,3,4,8,9,11,4,8,0,10,0,0,11,10,2,3,7,5,7,0,2
8,3,6,0,2,8,4,4,9,10,8,9,2,0,8,6,4,9,11,5,9,9,5,0,11,11,5,0,2,4,3,11,2,8,4,11,6,4,8,9,10,2,3,4,0,9,8,7,3,2,8,0,4,4,2,5,5,11,10,4,9,10,3,11,0,11,2,7,2,3,6,8,0,11,3,8,2,5,2,0,4,6,8,0,4,2,9,3,4,2,0,5,2,2,9,0,7,2,5,9,3,8,3,9,5,2,4,8,10,8,8,3,9,9,4,9,11,3,8,9,2,5,9,8,5,3,5,3,11,3,4,5,9,10,0,5,9,2,11,2,2,0,11,3,4,8,6,8,2,3
9,4,7,2,3,9,5,5,10,11,9,10,3,2,9,7,5,10,0,6,10,10,6,2,0,0,6,2,3,5,4,0,3,9,5,0,7,5,9,10,11,3,4,5,2,10,9,8,4,3,9,2,5,5,3,6,6,0,11,5,10,11,4,0,2,0,3,8,3,4,7,9,2,0,4,9,3,6,3,2,5,7,9,2,5,3,10,4,5,3,2,6,3,3,10,2,8,3,6,10,4,9,4,10,6,3,5,9,11,9,9,4,10,10,5,10,0,4,9,10,3,6,10,9,6,4,6,4,0,4,5,6,10,11,2,6,10,3,0,3,3,2,0,4,5,9,7,9,3,4
10,5,8,3,4,10,6,6,11,0,10,11,4,3,10,8,6,11,2,7,11,11,7,3,2,2,7,3,4,6,5,2,4,10,6,2,8,6,10,11,0,4,5,6,3,11,10,9,5,4,10,3,6,6,4,7,7,2,0,6,11,0,5,2,3,2,4,9,4,5,8,10,3,2,5,10,4,7,4,3,6,8,10,3,6,4,11,5,6,4,3,7,4,4,11,3,9,4,7,11,5,10,5,11,7,4,6,10,0,10,10,5,11,11,6,11,2,5,10,11,4,7,11,10,7,5,7,5,2,5,6,7,11,0,3,7,11,4,2,4,4,3,2,5,6,10,8,10,4,5
11,6,9,4,5,11,7,7,0,2,11,0,5,4,11,9,7,0,3,8,0,0,8,4,3,3,8,4,5,7,6,3,5,11,7,3,9,7,11,0,2,5,6,7,4,0,11,10,6,5,11,4,7,7,5,8,8,3,2,7,0,2,6,3,4,3,5,10,5,6,9,11,4,3,6,11,5,8,5,4,7,9,11,4,7,5,0,6,7,5,4,8,5,5,0,4,10,5,8,0,6,11,6,0,8,5,7,11,2,11,11,6,0,0,7,0,3,6,11,0,5,8,0,11,8,6,8,6,3,6,7,8,0,2,4,8,0,5,3,5,5,4,3,6,7,11,9,11,5,6
0,7,10,5,6,0,8,8,2,3,0,2,6,5,0,10,8,2,4,9,2,2,9,5,4,4,9,5,6,8,7,4,6,0,8,4,10,8,0,2,3,6,7,8,5,2,0,11,7,6,0,5,8,8,6,9,9,4,3,8,2,3,7,4,5,4,6,11,6,7,10,0,5,4,7,0,6,9,6,5,8,10,0,5,8,6,2,7,8,6,5,9,6,6,2,5,11,6,9,2,7,0,7,2,9,6,8,0,3,0,0,7,2,2,8,2,4,7,0,2,6,9,2,0,9,7,9,7,4,7,8,9,2,3,5,9,2,6,4,6,6,5,4,7,8,0,10,0,6,7
2,8,11,6,7,2,9,9,3,4,2,3,7,6,2,11,9,3,5,10,3,3,10,6,5,5,10,6,7,9,8,5,7,2,9,5,11,9,2,3,4,7,8,9,6,3,2,0,8,7,2,6,9,9,7,10,10,5,4,9,3,4,8,5,6,5,7,0,7,8,11,2,6,5,8,2,7,10,7,6,9,11,2,6,9,7,3,8,9,7,6,10,7,7,3,6,0,7,10,3,8,2,8,3,10,7,9,2,4,2,2,8,3,3,9,3,5,8,2,3,7,10,3,2,10,8,10,8,5,8,9,10,3,4,6,10,3,7,5,7,7,6,5,8,9,2,11,2,7,8
3,9,0,7,8,3,10,10,4,5,3,4,8,7,3,0,10,4,6,11,4,4,11,7,6,6,11,7,8,10,9,6,8,3,10,6,0,10,3,4,5,8,9,10,7,4,3,2,9,8,3,7,10,10,8,11,11,6,5,10,4,5,9,6,7,6,8,2,8,9,0,3,7,6,9,3,8,11,8,7,10,0,3,7,10,8,4,9,10,8,7,11,8,8,4,7,2,8,11,4,9,3,9,4,11,8,10,3,5,3,3,9,4,4,10,4,6,9,3,4,8,11,4,3,11,9,11,9,6,9,10,11,4,5,7,11,4,8,6,8,8,7,6,9,10,3,0,3,8,9
4,10,2,8,9,4,11,11,5,6,4,5,9,8,4,2,11,5,7,0,5,5,0,8,7,7,0,8,9,11,10,7,9,4,11,7,2,11,4,5,6,9,10,11,8,5,4,3,10,9,4,8,11,11,9,0,0,7,6,11,5,6,10,7,8,7,9,3,9,10,2,4,8,7,10,4,9,0,9,8,11,2,4,8,11,9,5,10,11,9,8,0,9,9,5,8,3,9,0,5,10,4,10,5,0,9,11,4,6,4,4,10,5,5,11,5,7,10,4,5,9,0,5,4,0,10,0,10,7,10,11,0,5,6,8,0,5,9,7,9,9,8,7,10,11,4,2,4,9,10
5,11,3,9,10,5,0,0,6,7,5,6,10,9,5,3,0,6,8,2,6,6,2,9,8,8,2,9,10,0,11,8,10,5,0,8,3,0,5,6,7,10,11,0,9,6,5,4,11,10,5,9,0,0,10,2,2,8,7,0,6,7,11,8,9,8,10,4,10,11,3,5,9,8,11,5,10,2,10,9,0,3,5,9,0,10,6,11,0,10,9,2,10,10,6,9,4,10,2,6,11,5,11,6,2,10,0,5,7,5,5,11,6,6,0,6,8,11,5,6,10,2,6,5,2,11,2,11,8,11,0,2,6,7,9,2,6,10,8,10,10,9,8,11,0,5,3,5,10,11
6,0,4,10,11,6,2,2,7,8,6,7,11,10,6,4,2,7,9,3,7,7,3,10,9,9,3,10,11,2,0,9,11,6,2,9,4,2,6,7,8,11,0,2,10,7,6,5,0,11,6,10,2,2,11,3,3,9,8,2,7,8,0,9,10,9,11,5,11,0,4,6,10,9,0,6,11,3,11,10,2,4,6,10,2,11,7,0,2,11,10,3,11,11,7,10,5,11,3,7,0,6,0,7,3,11,2,6,8,6,6,0,7,7,2,7,9,0,6,7,11,3,7,6,3,0,3,0,9,0,2,3,7,8,10,3,7,11,9,11,11,10,9,0,2,6,4,6,11,0
7,2,5,11,0,7,3,3,8,9,7,8,0,11,7,5,3,8,10,4,8,8,4,11,10,10,4,11,0,3,2,10,0,7,3,10,5,3,7,8,9,0,2,3,11,8,7,6,2,0,7,11,3,3,0,4,4,10,9,3,8,9,2,10,11,10,0,6,0,2,5,7,11,10,2,7,0,4,0,11,3,5,7,11,3,0,8,2,3,0,11,4,0,0,8,11,6,0,4,8,2,7,2,8,4,0,3,7,9,7,7,2,8,8,3,8,10,2,7,8,0,4,8,7,4,2,4,2,10,2,3,4,8,9,11,4,8,0,10,0,0,11,10,2,3,7,5,7,0,2
8,3,6,0,2,8,4,4,9,10,8,9,2,0,8,6,4,9,11,5,9,9,5,0,11,11,5,0,2,4,3,11,2,8,4,11,6,4,8,9,10,2,3,4,0,9,8,7,3,2,8,0,4,4,2,5,5,11,10,4,9,10,3,11,0,11,2,7,2,3,6,8,0,11,3,8,2,5,2,0,4,6,8,0,4,2,9,3,4,2,0,5,2,2,9,0,7,2,5,9,3,8,3,9,5,2,4,8,10,8,8,3,9,9,4,9,11,3,8,9,2,5,9,8,5,3,5,3,11,3,4,5,9,10,0,5,9,2,11,2,2,0,11,3,4,8,6,8,2,3
9,4,7,2,3,9,5,5,10,11,9,10,3,2,9,7,5,10,0,6,10,10,6,2,0,0,6,2,3,5,4,0,3,9,5,0,7,5,9,10,11,3,4,5,2,10,9,8,4,3,9,2,5,5,3,6,6,0,11,5,10,11,4,0,2,0,3,8,3,4,7,9,2,0,4,9,3,6,3,2,5,7,9,2,5,3,10,4,5,3,2,6,3,3,10,2,8,3,6,10,4,9,4,10,6,3,5,9,11,9,9,4,10,10,5,10,0,4,9,10,3,6,10,9,6,4,6,4,0,4,5,6,10,11,2,6,10,3,0,3,3,2,0,4,5,9,7,9,3,4
10,5,8,3,4,10,6,6,11,0,10,11,4,3,10,8,6,11,2,7,11,11,7,3,2,2,7,3,4,6,5,2,4,10,6,2,8,6,10,11,0,4,5,6,3,11,10,9,5,4,10,3,6,6,4,7,7,2,0,6,11,0,5,2,3,2,4,9,4,5,8,10,3,2,5,10,4,7,4,3,6,8,10,3,6,4,11,5,6,4,3,7,4,4,11,3,9,4,7,11,5,10,5,11,7,4,6,10,0,10,10,5,11,11,6,11,2,5,10,11,4,7,11,10,7,5,7,5,2,5,6,7,11,0,3,7,11,4,2,4,4,3,2,5,6,10,8,10,4,5
11,6,9,4,5,11,7,7,0,2,11,0,5,4,11,9,7,0,3,8,0,0,8,4,3,3,8,4,5,7,6,3,5,11,7,3,9,7,11,0,2,5,6,7,4,0,11,10,6,5,11,4,7,7,5,8,8,3,2,7,0,2,6,3,4,3,5,10,5,6,9,11,4,3,6,11,5,8,5,4,7,9,11,4,7,5,0,6,7,5,4,8,5,5,0,4,10,5,8,0,6,11,6,0,8,5,7,11,2,11,11,6,0,0,7,0,3,6,11,0,5,8,0,11,8,6,8,6,3,6,7,8,0,2,4,8,0,5,3,5,5,4,3,6,7,11,9,11,5,6
0,7,10,5,6,0,8,8,2,3,0,2,6,5,0,10,8,2,4,9,2,2,9,5,4,4,9,5,6,8,7,4,6,0,8,4,10,8,0,2,3,6,7,8,5,2,0,11,7,6,0,5,8,8,6,9,9,4,3,8,2,3,7,4,5,4,6,11,6,7,10,0,5,4,7,0,6,9,6,5,8,10,0,5,8,6,2,7,8,6,5,9,6,6,2,5,11,6,9,2,7,0,7,2,9,6,8,0,3,0,0,7,2,2,8,2,4,7,0,2,6,9,2,0,9,7,9,7,4,7,8,9,2,3,5,9,2,6,4,6,6,5,4,7,8,0,10,0,6,7
2,8,11,6,7,2,9,9,3,4,2,3,7,6,2,11,9,3,5,10,3,3,10,6,5,5,10,6,7,9,8,5,7,2,9,5,11,9,2,3,4,7,8,9,6,3,2,0,8,7,2,6,9,9,7,10,10,5,4,9,3,4,8,5,6,5,7,0,7,8,11,2,6,5,8,2,7,10,7,6,9,11,2,6,9,7,3,8,9,7,6,10,7,7,3,6,0,7,10,3,8,2,8,3,10,7,9,2,4,2,2,8,3,3,9,3,5,8,2,3,7,10,3,2,10,8,10,8,5,8,9,10,3,4,6,10,3,7,5,7,7,6,5,8,9,2,11,2,7,8
3,9,0,7,8,3,10,10,4,5,3,4,8,7,3,0,10,4,6,11,4,4,11,7,6,6,11,7,8,10,9,6,8,3,10,6,0,10,3,4,5,8,9,10,7,4,3,2,9,8,3,7,10,10,8,11,11,6,5,10,4,5,9,6,7,6,8,2,8,9,0,3,7,6,9,3,8,11,8,7,10,0,3,7,10,8,4,9,10,8,7,11,8,8,4,7,2,8,11,4,9,3,9,4,11,8,10,3,5,3,3,9,4,4,10,4,6,9,3,4,8,11,4,3,11,9,11,9,6,9,10,11,4,5,7,11,4,8,6,8,8,7,6,9,10,3,0,3,8,9
4,10,2,8,9,4,11,11,5,6,4,5,9,8,4,2,11,5,7,0,5,5,0,8,7,7,0,8,9,11,10,7,9,4,11,7,2,11,4,5,6,9,10,11,8,5,4,3,10,9,4,8,11,11,9,0,0,7,6,11,5,6,10,7,8,7,9,3,9,10,2,4,8,7,10,4,9,0,9,8,11,2,4,8,11,9,5,10,11,9,8,0,9,9,5,8,3,9,0,5,10,4,10,5,0,9,11,4,6,4,4,10,5,5,11,5,7,10,4,5,9,0,5,4,0,10,0,10,7,10,11,0,5,6,8,0,5,9,7,9,9,8,7,10,11,4,2,4,9,10
5,11,3,9,10,5,0,0,6,7,5,6,10,9,5,3,0,6,8,2,6,6,2,9,8,8,2,9,10,0,11,8,10,5,0,8,3,0,5,6,7,10,11,0,9,6,5,4,11,10,5,9,0,0,10,2,2,8,7,0,6,7,11,8,9,8,10,4,10,11,3,5,9,8,11,5,10,2,10,9,0,3,5,9,0,10,6,11,0,10,9,2,10,10,6,9,4,10,2,6,11,5,11,6,2,10,0,5,7,5,5,11,6,6,0,6,8,11,5,6,10,2,6,5,2,11,2,11,8,11,0,2,6,7,9,2,6,10,8,10,10,9,8,11,0,5,3,5,10,11
6,0,4,10,11,6,2,2,7,8,6,7,11,10,6,4,2,7,9,3,7,7,3,10,9,9,3,10,11,2,0,9,11,6,2,9,4,2,6,7,8,11,0,2,10,7,6,5,0,11,6,10,2,2,11,3,3,9,8,2,7,8,0,9,10,9,11,5,11,0,4,6,10,9,0,6,11,3,11,10,2,4,6,10,2,11,7,0,2,11,10,3,11,11,7,10,5,11,3,7,0,6,0,7,3,11,2,6,8,6,6,0,7,7,2,7,9,0,6,7,11,3,7,6,3,0,3,0,9,0,2,3,7,8,10,3,7,11,9,11,11,10,9,0,2,6,4,6,11,0
7,2,5,11,0,7,3,3,8,9,7,8,0,11,7,5,3,8,10,4,8,8,4,11,10,10,4,11,0,3,2,10,0,7,3,10,5,3,7,8,9,0,2,3,11,8,7,6,2,0,7,11,3,3,0,4,4,10,9,3,8,9,2,10,11,10,0,6,0,2,5,7,11,10,2,7,0,4,0,11,3,5,7,11,3,0,8,2,3,0,11,4,0,0,8,11,6,0,4,8,2,7,2,8,4,0,3,7,9,7,7,2,8,8,3,8,10,2,7,8,0,4,8,7,4,2,4,2,10,2,3,4,8,9,11,4,8,0,10,0,0,11,10,2,3,7,5,7,0,2
8,3,6,0,2,8,4,4,9,10,8,9,2,0,8,6,4,9,11,5,9,9,5,0,11,11,5,0,2,4,3,11,2,8,4,11,6,4,8,9,10,2,3,4,0,9,8,7,3,2,8,0,4,4,2,5,5,11,10,4,9,10,3,11,0,11,2,7,2,3,6,8,0,11,3,8,2,5,2,0,4,6,8,0,4,2,9,3,4,2,0,5,2,2,9,0,7,2,5,9,3,8,3,9,5,2,4,8,10,8,8,3,9,9,4,9,11,3,8,9,2,5,9,8,5,3,5,3,11,3,4,5,9,10,0,5,9,2,11,2,2,0,11,3,4,8,6,8,2,3
9,4,7,2,3,9,5,5,10,11,9,10,3,2,9,7,5,10,0,6,10,10,6,2,0,0,6,2,3,5,4,0,3,9,5,0,7,5,9,10,11,3,4,5,2,10,9,8,4,3,9,2,5,5,3,6,6,0,11,5,10,11,4,0,2,0,3,8,3,4,7,9,2,0,4,9,3,6,3,2,5,7,9,2,5,3,10,4,5,3,2,6,3,3,10,2,8,3,6,10,4,9,4,10,6,3,5,9,11,9,9,4,10,10,5,10,0,4,9,10,3,6,10,9,6,4,6,4,0,4,5,6,10,11,2,6,10,3,0,3,3,2,0,4,5,9,7,9,3,4
10,5,8,3,4,10,6,6,11,0,10,11,4,3,10,8,6,11,2,7,11,11,7,3,2,2,7,3,4,6,5,2,4,10,6,2,8,6,10,11,0,4,5,6,3,11,10,9,5,4,10,3,6,6,4,7,7,2,0,6,11,0,5,2,3,2,4,9,4,5,8,10,3,2,5,10,4,7,4,3,6,8,10,3,6,4,11,5,6,4,3,7,4,4,11,3,9,4,7,11,5,10,5,11,7,4,6,10,0,10,10,5,11,11,6,11,2,5,10,11,4,7,11,10,7,5,7,5,2,5,6,7,11,0,3,7,11,4,2,4,4,3,2,5,6,10,8,10,4,5
11,6,9,4,5,11,7,7,0,2,11,0,5,4,11,9,7,0,3,8,0,0,8,4,3,3,8,4,5,7,6,3,5,11,7,3,9,7,11,0,2,5,6,7,4,0,11,10,6,5,11,4,7,7,5,8,8,3,2,7,0,2,6,3,4,3,5,10,5,6,9,11,4,3,6,11,5,8,5,4,7,9,11,4,7,5,0,6,7,5,4,8,5,5,0,4,10,5,8,0,6,11,6,0,8,5,7,11,2,11,11,6,0,0,7,0,3,6,11,0,5,8,0,11,8,6,8,6,3,6,7,8,0,2,4,8,0,5,3,5,5,4,3,6,7,11,9,11,5,6
0,7,10,5,6,0,8,8,2,3,0,2,6,5,0,10,8,2,4,9,2,2,9,5,4,4,9,5,6,8,7,4,6,0,8,4,10,8,0,2,3,6,7,8,5,2,0,11,7,6,0,5,8,8,6,9,9,4,3,8,2,3,7,4,5,4,6,11,6,7,10,0,5,4,7,0,6,9,6,5,8,10,0,5,8,6,2,7,8,6,5,9,6,6,2,5,11,6,9,2,7,0,7,2,9,6,8,0,3,0,0,7,2,2,8,2,4,7,0,2,6,9,2,0,9,7,9,7,4,7,8,9,2,3,5,9,2,6,4,6,6,5,4,7,8,0,10,0,6,7
2,8,11,6,7,2,9,9,3,4,2,3,7,6,2,11,9,3,5,10,3,3,10,6,5,5,10,6,7,9,8,5,7,2,9,5,11,9,2,3,4,7,8,9,6,3,2,0,8,7,2,6,9,9,7,10,10,5,4,9,3,4,8,5,6,5,7,0,7,8,11,2,6,5,8,2,7,10,7,6,9,11,2,6,9,7,3,8,9,7,6,10,7,7,3,6,0,7,10,3,8,2,8,3,10,7,9,2,4,2,2,8,3,3,9,3,5,8,2,3,7,10,3,2,10,8,10,8,5,8,9,10,3,4,6,10,3,7,5,7,7,6,5,8,9,2,11,2,7,8
3,9,0,7,8,3,10,10,4,5,3,4,8,7,3,0,10,4,6,11,4,4,11,7,6,6,11,7,8,10,9,6,8,3,10,6,0,10,3,4,5,8,9,10,7,4,3,2,9,8,3,7,10,10,8,11,11,6,5,10,4,5,9,6,7,6,8,2,8,9,0,3,7,6,9,3,8,11,8,7,10,0,3,7,10,8,4,9,10,8,7,11,8,8,4,7,2,8,11,4,9,3,9,4,11,8,10,3,5,3,3,9,4,4,10,4,6,9,3,4,8,11,4,3,11,9,11,9,6,9,10,11,4,5,7,11,4,8,6,8,8,7,6,9,10,3,0,3,8,9
4,10,2,8,9,4,11,11,5,6,4,5,9,8,4,2,11,5,7,0,5,5,0,8,7,7,0,8,9,11,10,7,9,4,11,7,2,11,4,5,6,9,10,11,8,5,4,3,10,9,4,8,11,11,9,0,0,7,6,11,5,6,10,7,8,7,9,3,9,10,2,4,8,7,10,4,9,0,9,8,11,2,4,8,11,9,5,10,11,9,8,0,9,9,5,8,3,9,0,5,10,4,10,5,0,9,11,4,6,4,4,10,5,5,11,5,7,10,4,5,9,0,5,4,0,10,0,10,7,10,11,0,5,6,8,0,5,9,7,9,9,8,7,10,11,4,2,4,9,10
5,11,3,9,10,5,0,0,6,7,5,6,10,9,5,3,0,6,8,2,6,6,2,9,8,8,2,9,10,0,11,8,10,5,0,8,3,0,5,6,7,10,11,0,9,6,5,4,11,10,5,9,0,0,10,2,2,8,7,0,6,7,11,8,9,8,10,4,10,11,3,5,9,8,11,5,10,2,10,9,0,3,5,9,0,10,6,11,0,10,9,2,10,10,6,9,4,10,2,6,11,5,11,6,2,10,0,5,7,5,5,11,6,6,0,6,8,11,5,6,10,2,6,5,2,11,2,11,8,11,0,2,6,7,9,2,6,10,8,10,10,9,8,11,0,5,3,5,10,11
6,0,4,10,11,6,2,2,7,8,6,7,11,10,6,4,2,7,9,3,7,7,3,10,9,9,3,10,11,2,0,9,11,6,2,9,4,2,6,7,8,11,0,2,10,7,6,5,0,11,6,10,2,2,11,3,3,9,8,2,7,8,0,9,10,9,11,5,11,0,4,6,10,9,0,6,11,3,11,10,2,4,6,10,2,11,7,0,2,11,10,3,11,11,7,10,5,11,3,7,0,6,0,7,3,11,2,6,8,6,6,0,7,7,2,7,9,0,6,7,11,3,7,6,3,0,3,0,9,0,2,3,7,8,10,3,7,11,9,11,11,10,9,0,2,6,4,6,11,0
7,2,5,11,0,7,3,3,8,9,7,8,0,11,7,5,3,8,10,4,8,8,4,11,10,10,4,11,0,3,2,10,0,7,3,10,5,3,7,8,9,0,2,3,11,8,7,6,2,0,7,11,3,3,0,4,4,10,9,3,8,9,2,10,11,10,0,6,0,2,5,7,11,10,2,7,0,4,0,11,3,5,7,11,3,0,8,2,3,0,11,4,0,0,8,11,6,0,4,8,2,7,2,8,4,0,3,7,9,7,7,2,8,8,3,8,10,2,7,8,0,4,8,7,4,2,4,2,10,2,3,4,8,9,11,4,8,0,10,0,0,11,10,2,3,7,5,7,0,2
8,3,6,0,2,8,4,4,9,10,8,9,2,0,8,6,4,9,11,5,9,9,5,0,11,11,5,0,2,4,3,11,2,8,4,11,6,4,8,9,10,2,3,4,0,9,8,7,3,2,8,0,4,4,2,5,5,11,10,4,9,10,3,11,0,11,2,7,2,3,6,8,0,11,3,8,2,5,2,0,4,6,8,0,4,2,9,3,4,2,0,5,2,2,9,0,7,2,5,9,3,8,3,9,5,2,4,8,10,8,8,3,9,9,4,9,11,3,8,9,2,5,9,8,5,3,5,3,11,3,4,5,9,10,0,5,9,2,11,2,2,0,11,3,4,8,6,8,2,3
9,4,7,2,3,9,5,5,10,11,9,10,3,2,9,7,5,10,0,6,10,10,6,2,0,0,6,2,3,5,4,0,3,9,5,0,7,5,9,10,11,3,4,5,2,10,9,8,4,3,9,2,5,5,3,6,6,0,11,5,10,11,4,0,2,0,3,8,3,4,7,9,2,0,4,9,3,6,3,2,5,7,9,2,5,3,10,4,5,3,2,6,3,3,10,2,8,3,6,10,4,9,4,10,6,3,5,9,11,9,9,4,10,10,5,10,0,4,9,10,3,6,10,9,6,4,6,4,0,4,5,6,10,11,2,6,10,3,0,3,3,2,0,4,5,9,7,9,3,4
10,5,8,3,4,10,6,6,11,0,10,11,4,3,10,8,6,11,2,7,11,11,7,3,2,2,7,3,4,6,5,2,4,10,6,2,8,6,10,11,0,4,5,6,3,11,10,9,5,4,10,3,6,6,4,7,7,2,0,6,11,0,5,2,3,2,4,9,4,5,8,10,3,2,5,10,4,7,4,3,6,8,10,3,6,4,11,5,6,4,3,7,4,4,11,3,9,4,7,11,5,10,5,11,7,4,6,10,0,10,10,5,11,11,6,11,2,5,10,11,4,7,11,10,7,5,7,5,2,5,6,7,11,0,3,7,11,4,2,4,4,3,2,5,6,10,8,10,4,5
11,6,9,4,5,11,7,7,0,2,11,0,5,4,11,9,7,0,3,8,0,0,8,4,3,3,8,4,5,7,6,3,5,11,7,3,9,7,11,0,2,5,6,7,4,0,11,10,6,5,11,4,7,7,5,8,8,3,2,7,0,2,6,3,4,3,5,10,5,6,9,11,4,3,6,11,5,8,5,4,7,9,11,4,7,5,0,6,7,5,4,8,5,5,0,4,10,5,8,0,6,11,6,0,8,5,7,11,2,11,11,6,0,0,7,0,3,6,11,0,5,8,0,11,8,6,8,6,3,6,7,8,0,2,4,8,0,5,3,5,5,4,3,6,7,11,9,11,5,6
0,7,10,5,6,0,8,8,2,3,0,2,6,5,0,10,8,2,4,9,2,2,9,5,4,4,9,5,6,8,7,4,6,0,8,4,10,8,0,2,3,6,7,8,5,2,0,11,7,6,0,5,8,8,6,9,9,4,3,8,2,3,7,4,5,4,6,11,6,7,10,0,5,4,7,0,6,9,6,5,8,10,0,5,8,6,2,7,8,6,5,9,6,6,2,5,11,6,9,2,7,0,7,2,9,6,8,0,3,0,0,7,2,2,8,2,4,7,0,2,6,9,2,0,9,7,9,7,4,7,8,9,2,3,5,9,2,6,4,6,6,5,4,7,8,0,10,0,6,7
2,8,11,6,7,2,9,9,3,4,2,3,7,6,2,11,9,3,5,10,3,3,10,6,5,5,10,6,7,9,8,5,7,2,9,5,11,9,2,3,4,7,8,9,6,3,2,0,8,7,2,6,9,9,7,10,10,5,4,9,3,4,8,5,6,5,7,0,7,8,11,2,6,5,8,2,7,10,7,6,9,11,2,6,9,7,3,8,9,7,6,10,7,7,3,6,0,7,10,3,8,2,8,3,10,7,9,2,4,2,2,8,3,3,9,3,5,8,2,3,7,10,3,2,10,8,10,8,5,8,9,10,3,4,6,10,3,7,5,7,7,6,5,8,9,2,11,2,7,8
3,9,0,7,8,3,10,10,4,5,3,4,8,7,3,0,10,4,6,11,4,4,11,7,6,6,11,7,8,10,9,6,8,3,10,6,0,10,3,4,5,8,9,10,7,4,3,2,9,8,3,7,10,10,8,11,11,6,5,10,4,5,9,6,7,6,8,2,8,9,0,3,7,6,9,3,8,11,8,7,10,0,3,7,10,8,4,9,10,8,7,11,8,8,4,7,2,8,11,4,9,3,9,4,11,8,10,3,5,3,3,9,4,4,10,4,6,9,3,4,8,11,4,3,11,9,11,9,6,9,10,11,4,5,7,11,4,8,6,8,8,7,6,9,10,3,0,3,8,9
4,10,2,8,9,4,11,11,5,6,4,5,9,8,4,2,11,5,7,0,5,5,0,8,7,7,0,8,9,11,10,7,9,4,11,7,2,11,4,5,6,9,10,11,8,5,4,3,10,9,4,8,11,11,9,0,0,7,6,11,5,6,10,7,8,7,9,3,9,10,2,4,8,7,10,4,9,0,9,8,11,2,4,8,11,9,5,10,11,9,8,0,9,9,5,8,3,9,0,5,10,4,10,5,0,9,11,4,6,4,4,10,5,5,11,5,7,10,4,5,9,0,5,4,0,10,0,10,7,10,11,0,5,6,8,0,5,9,7,9,9,8,7,10,11,4,2,4,9,10
5,11,3,9,10,5,0,0,6,7,5,6,10,9,5,3,0,6,8,2,6,6,2,9,8,8,2,9,10,0,11,8,10,5,0,8,3,0,5,6,7,10,11,0,9,6,5,4,11,10,5,9,0,0,10,2,2,8,7,0,6,7,11,8,9,8,10,4,10,11,3,5,9,8,11,5,10,2,10,9,0,3,5,9,0,10,6,11,0,10,9,2,10,10,6,9,4,10,2,6,11,5,11,6,2,10,0,5,7,5,5,11,6,6,0,6,8,11,5,6,10,2,6,5,2,11,2,11,8,11,0,2,6,7,9,2,6,10,8,10,10,9,8,11,0,5,3,5,10,11
6,0,4,10,11,6,2,2,7,8,6,7,11,10,6,4,2,7,9,3,7,7,3,10,9,9,3,10,11,2,0,9,11,6,2,9,4,2,6,7,8,11,0,2,10,7,6,5,0,11,6,10,2,2,11,3,3,9,8,2,7,8,0,9,10,9,11,5,11,0,4,6,10,9,0,6,11,3,11,10,2,4,6,10,2,11,7,0,2,11,10,3,11,11,7,10,5,11,3,7,0,6,0,7,3,11,2,6,8,6,6,0,7,7,2,7,9,0,6,7,11,3,7,6,3,0,3,0,9,0,2,3,7,8,10,3,7,11,9,11,11,10,9,0,2,6,4,6,11,0
7,2,5,11,0,7,3,3,8,9,7,8,0,11,7,5,3,8,10,4,8,8,4,11,10,10,4,11,0,3,2,10,0,7,3,10,5,3,7,8,9,0,2,3,11,8,7,6,2,0,7,11,3,3,0,4,4,10,9,3,8,9,2,10,11,10,0,6,0,2,5,7,11,10,2,7,0,4,0,11,3,5,7,11,3,0,8,2,3,0,11,4,0,0,8,11,6,0,4,8,2,7,2,8,4,0,3,7,9,7,7,2,8,8,3,8,10,2,7,8,0,4,8,7,4,2,4,2,10,2,3,4,8,9,11,4,8,0,10,0,0,11,10,2,3,7,5,7,0,2
8,3,6,0,2,8,4,4,9,10,8,9,2,0,8,6,4,9,11,5,9,9,5,0,11,11,5,0,2,4,3,11,2,8,4,11,6,4,8,9,10,2,3,4,0,9,8,7,3,2,8,0,4,4,2,5,5,11,10,4,9,10,3,11,0,11,2,7,2,3,6,8,0,11,3,8,2,5,2,0,4,6,8,0,4,2,9,3,4,2,0,5,2,2,9,0,7,2,5,9,3,8,3,9,5,2,4,8,10,8,8,3,9,9,4,9,11,3,8,9,2,5,9,8,5,3,5,3,11,3,4,5,9,10,0,5,9,2,11,2,2,0,11,3,4,8,6,8,2,3
9,4,7,2,3,9,5,5,10,11,9,10,3,2,9,7,5,10,0,6,10,10,6,2,0,0,6,2,3,5,4,0,3,9,5,0,7,5,9,10,11,3,4,5,2,10,9,8,4,3,9,2,5,5,3,6,6,0,11,5,10,11,4,0,2,0,3,8,3,4,7,9,2,0,4,9,3,6,3,2,5,7,9,2,5,3,10,4,5,3,2,6,3,3,10,2,8,3,6,10,4,9,4,10,6,3,5,9,11,9,9,4,10,10,5,10,0,4,9,10,3,6,10,9,6,4,6,4,0,4,5,6,10,11,2,6,10,3,0,3,3,2,0,4,5,9,7,9,3,4
10,5,8,3,4,10,6,6,11,0,10,11,4,3,10,8,6,11,2,7,11,11,7,3,2,2,7,3,4,6,5,2,4,10,6,2,8,6,10,11,0,4,5,6,3,11,10,9,5,4,10,3,6,6,4,7,7,2,0,6,11,0,5,2,3,2,4,9,4,5,8,10,3,2,5,10,4,7,4,3,6,8,10,3,6,4,11,5,6,4,3,7,4,4,11,3,9,4,7,11,5,10,5,11,7,4,6,10,0,10,10,5,11,11,6,11,2,5,10,11,4,7,11,10,7,5,7,5,2,5,6,7,11,0,3,7,11,4,2,4,4,3,2,5,6,10,8,10,4,5
11,6,9,4,5,11,7,7,0,2,11,0,5,4,11,9,7,0,3,8,0,0,8,4,3,3,8,4,5,7,6,3,5,11,7,3,9,7,11,0,2,5,6,7,4,0,11,10,6,5,11,4,7,7,5,8,8,3,2,7,0,2,6,3,4,3,5,10,5,6,9,11,4,3,6,11,5,8,5,4,7,9,11,4,7,5,0,6,7,5,4,8,5,5,0,4,10,5,8,0,6,11,6,0,8,5,7,11,2,11,11,6,0,0,7,0,3,6,11,0,5,8,0,11,8,6,8,6,3,6,7,8,0,2,4,8,0,5,3,5,5,4,3,6,7,11,9,11,5,6
0,7,10,5,6,0,8,8,2,3,0,2,6,5,0,10,8,2,4,9,2,2,9,5,4,4,9,5,6,8,7,4,6,0,8,4,10,8,0,2,3,6,7,8,5,2,0,11,7,6,0,5,8,8,6,9,9,4,3,8,2,3,7,4,5,4,6,11,6,7,10,0,5,4,7,0,6,9,6,5,8,10,0,5,8,6,2,7,8,6,5,9,6,6,2,5,11,6,9,2,7,0,7,2,9,6,8,0,3,0,0,7,2,2,8,2,4,7,0,2,6,9,2,0,9,7,9,7,4,7,8,9,2,3,5,9,2,6,4,6,6,5,4,7,8,0,10,0,6,7
2,8,11,6,7,2,9,9,3,4,2,3,7,6,2,11,9,3,5,10,3,3,10,6,5,5,10,6,7,9,8,5,7,2,9,5,11,9,2,3,4,7,8,9,6,3,2,0,8,7,2,6,9,9,7,10,10,5,4,9,3,4,8,5,6,5,7,0,7,8,11,2,6,5,8,2,7,10,7,6,9,11,2,6,9,7,3,8,9,7,6,10,7,7,3,6,0,7,10,3,8,2,8,3,10,7,9,2,4,2,2,8,3,3,9,3,5,8,2,3,7,10,3,2,10,8,10,8,5,8,9,10,3,4,6,10,3,7,5,7,7,6,5,8,9,2,11,2,7,8
3,9,0,7,8,3,10,10,4,5,3,4,8,7,3,0,10,4,6,11,4,4,11,7,6,6,11,7,8,10,9,6,8,3,10,6,0,10,3,4,5,8,9,10,7,4,3,2,9,8,3,7,10,10,8,11,11,6,5,10,4,5,9,6,7,6,8,2,8,9,0,3,7,6,9,3,8,11,8,7,10,0,3,7,10,8,4,9,10,8,7,11,8,8,4,7,2,8,11,4,9,3,9,4,11,8,10,3,5,3,3,9,4,4,10,4,6,9,3,4,8,11,4,3,11,9,11,9,6,9,10,11,4,5,7,11,4,8,6,8,8,7,6,9,10,3,0,3,8,9
4,10,2,8,9,4,11,11,5,6,4,5,9,8,4,2,11,5,7,0,5,5,0,8,7,7,0,8,9,11,10,7,9,4,11,7,2,11,4,5,6,9,10,11,8,5,4,3,10,9,4,8,11,11,9,0,0,7,6,11,5,6,10,7,8,7,9,3,9,10,2,4,8,7,10,4,9,0,9,8,11,2,4,8,11,9,5,10,11,9,8,0,9,9,5,8,3,9,0,5,10,4,10,5,0,9,11,4,6,4,4,10,5,5,11,5,7,10,4,5,9,0,5,4,0,10,0,10,7,10,11,0,5,6,8,0,5,9,7,9,9,8,7,10,11,4,2,4,9,10
5,11,3,9,10,5,0,0,6,7,5,6,10,9,5,3,0,6,8,2,6,6,2,9,8,8,2,9,10,0,11,8,10,5,0,8,3,0,5,6,7,10,11,0,9,6,5,4,11,10,5,9,0,0,10,2,2,8,7,0,6,7,11,8,9,8,10,4,10,11,3,5,9,8,11,5,10,2,10,9,0,3,5,9,0,10,6,11,0,10,9,2,10,10,6,9,4,10,2,6,11,5,11,6,2,10,0,5,7,5,5,11,6,6,0,6,8,11,5,6,10,2,6,5,2,11,2,11,8,11,0,2,6,7,9,2,6,10,8,10,10,9,8,11,0,5,3,5,10,11
6,0,4,10,11,6,2,2,7,8,6,7,11,10,6,4,2,7,9,3,7,7,3,10,9,9,3,10,11,2,0,9,11,6,2,9,4,2,6,7,8,11,0,2,10,7,6,5,0,11,6,10,2,2,11,3,3,9,8,2,7,8,0,9,10,9,11,5,11,0,4,6,10,9,0,6,11,3,11,10,2,4,6,10,2,11,7,0,2,11,10,3,11,11,7,10,5,11,3,7,0,6,0,7,3,11,2,6,8,6,6,0,7,7,2,7,9,0,6,7,11,3,7,6,3,0,3,0,9,0,2,3,7,8,10,3,7,11,9,11,11,10,9,0,2,6,4,6,11,0
7,2,5,11,0,7,3,3,8,9,7,8,0,11,7,5,3,8,10,4,8,8,4,11,10,10,4,11,0,3,2,10,0,7,3,10,5,3,7,8,9,0,2,3,11,8,7,6,2,0,7,11,3,3,0,4,4,10,9,3,8,9,2,10,11,10,0,6,0,2,5,7,11,10,2,7,0,4,0,11,3,5,7,11,3,0,8,2,3,0,11,4,0,0,8,11,6,0,4,8,2,7,2,8,4,0,3,7,9,7,7,2,8,8,3,8,10,2,7,8,0,4,8,7,4,2,4,2,10,2,3,4,8,9,11,4,8,0,10,0,0,11,10,2,3,7,5,7,0,2
8,3,6,0,2,8,4,4,9,10,8,9,2,0,8,6,4,9,11,5,9,9,5,0,11,11,5,0,2,4,3,11,2,8,4,11,6,4,8,9,10,2,3,4,0,9,8,7,3,2,8,0,4,4,2,5,5,11,10,4,9,10,3,11,0,11,2,7,2,3,6,8,0,11,3,8,2,5,2,0,4,6,8,0,4,2,9,3,4,2,0,5,2,2,9,0,7,2,5,9,3,8,3,9,5,2,4,8,10,8,8,3,9,9,4,9,11,3,8,9,2,5,9,8,5,3,5,3,11,3,4,5,9,10,0,5,9,2,11,2,2,0,11,3,4,8,6,8,2,3
9,4,7,2,3,9,5,5,10,11,9,10,3,2,9,7,5,10,0,6,10,10,6,2,0,0,6,2,3,5,4,0,3,9,5,0,7,5,9,10,11,3,4,5,2,10,9,8,4,3,9,2,5,5,3,6,6,0,11,5,10,11,4,0,2,0,3,8,3,4,7,9,2,0,4,9,3,6,3,2,5,7,9,2,5,3,10,4,5,3,2,6,3,3,10,2,8,3,6,10,4,9,4,10,6,3,5,9,11,9,9,4,10,10,5,10,0,4,9,10,3,6,10,9,6,4,6,4,0,4,5,6,10,11,2,6,10,3,0,3,3,2,0,4,5,9,7,9,3,4
10,5,8,3,4,10,6,6,11,0,10,11,4,3,10,8,6,11,2,7,11,11,7,3,2,2,7,3,4,6,5,2,4,10,6,2,8,6,10,11,0,4,5,6,3,11,10,9,5,4,10,3,6,6,4,7,7,2,0,6,11,0,5,2,3,2,4,9,4,5,8,10,3,2,5,10,4,7,4,3,6,8,10,3,6,4,11,5,6,4,3,7,4,4,11,3,9,4,7,11,5,10,5,11,7,4,6,10,0,10,10,5,11,11,6,11,2,5,10,11,4,7,11,10,7,5,7,5,2,5,6,7,11,0,3,7,11,4,2,4,4,3,2,5,6,10,8,10,4,5
11,6,9,4,5,11,7,7,0,2,11,0,5,4,11,9,7,0,3,8,0,0,8,4,3,3,8,4,5,7,6,3,5,11,7,3,9,7,11,0,2,5,6,7,4,0,11,10,6,5,11,4,7,7,5,8,8,3,2,7,0,2,6,3,4,3,5,10,5,6,9,11,4,3,6,11,5,8,5,4,7,9,11,4,7,5,0,6,7,5,4,8,5,5,0,4,10,5,8,0,6,11,6,0,8,5,7,11,2,11,11,6,0,0,7,0,3,6,11,0,5,8,0,11,8,6,8,6,3,6,7,8,0,2,4,8,0,5,3,5,5,4,3,6,7,11,9,11,5,6
0,7,10,5,6,0,8,8,2,3,0,2,6,5,0,10,8,2,4,9,2,2,9,5,4,4,9,5,6,8,7,4,6,0,8,4,10,8,0,2,3,6,7,8,5,2,0,11,7,6,0,5,8,8,6,9,9,4,3,8,2,3,7,4,5,4,6,11,6,7,10,0,5,4,7,0,6,9,6,5,8,10,0,5,8,6,2,7,8,6,5,9,6,6,2,5,11,6,9,2,7,0,7,2,9,6,8,0,3,0,0,7,2,2,8,2,4,7,0,2,6,9,2,0,9,7,9,7,4,7,8,9,2,3,5,9,2,6,4,6,6,5,4,7,8,0,10,0,6,7
2,8,11,6,7,2,9,9,3,4,2,3,7,6,2,11,9,3,5,10,3,3,10,6,5,5,10,6,7,9,8,5,7,2,9,5,11,9,2,3,4,7,8,9,6,3,2,0,8,7,2,6,9,9,7,10,10,5,4,9,3,4,8,5,6,5,7,0,7,8,11,2,6,5,8,2,7,10,7,6,9,11,2,6,9,7,3,8,9,7,6,10,7,7,3,6,0,7,10,3,8,2,8,3,10,7,9,2,4,2,2,8,3,3,9,3,5,8,2,3,7,10,3,2,10,8,10,8,5,8,9,10,3,4,6,10,3,7,5,7,7,6,5,8,9,2,11,2,7,8
3,9,0,7,8,3,10,10,4,5,3,4,8,7,3,0,10,4,6,11,4,4,11,7,6,6,11,7,8,10,9,6,8,3,10,6,0,10,3,4,5,8,9,10,7,4,3,2,9,8,3,7,10,10,8,11,11,6,5,10,4,5,9,6,7,6,8,2,8,9,0,3,7,6,9,3,8,11,8,7,10,0,3,7,10,8,4,9,10,8,7,11,8,8,4,7,2,8,11,4,9,3,9,4,11,8,10,3,5,3,3,9,4,4,10,4,6,9,3,4,8,11,4,3,11,9,11,9,6,9,10,11,4,5,7,11,4,8,6,8,8,7,6,9,10,3,0,3,8,9
4,10,2,8,9,4,11,11,5,6,4,5,9,8,4,2,11,5,7,0,5,5,0,8,7,7,0,8,9,11,10,7,9,4,11,7,2,11,4,5,6,9,10,11,8,5,4,3,10,9,4,8,11,11,9,0,0,7,6,11,5,6,10,7,8,7,9,3,9,10,2,4,8,7,10,4,9,0,9,8,11,2,4,8,11,9,5,10,11,9,8,0,9,9,5,8,3,9,0,5,10,4,10,5,0,9,11,4,6,4,4,10,5,5,11,5,7,10,4,5,9,0,5,4,0,10,0,10,7,10,11,0,5,6,8,0,5,9,7,9,9,8,7,10,11,4,2,4,9,10
5,11,3,9,10,5,0,0,6,7,5,6,10,9,5,3,0,6,8,2,6,6,2,9,8,8,2,9,10,0,11,8,10,5,0,8,3,0,5,6,7,10,11,0,9,6,5,4,11,10,5,9,0,0,10,2,2,8,7,0,6,7,11,8,9,8,10,4,10,11,3,5,9,8,11,5,10,2,10,9,0,3,5,9,0,10,6,11,0,10,9,2,10,10,6,9,4,10,2,6,11,5,11,6,2,10,0,5,7,5,5,11,6,6,0,6,8,11,5,6,10,2,6,5,2,11,2,11,8,11,0,2,6,7,9,2,6,10,8,10,10,9,8,11,0,5,3,5,10,11
6,0,4,10,11,6,2,2,7,8,6,7,11,10,6,4,2,7,9,3,7,7,3,10,9,9,3,10,11,2,0,9,11,6,2,9,4,2,6,7,8,11,0,2,10,7,6,5,0,11,6,10,2,2,11,3,3,9,8,2,7,8,0,9,10,9,11,5,11,0,4,6,10,9,0,6,11,3,11,10,2,4,6,10,2,11,7,0,2,11,10,3,11,11,7,10,5,11,3,7,0,6,0,7,3,11,2,6,8,6,6,0,7,7,2,7,9,0,6,7,11,3,7,6,3,0,3,0,9,0,2,3,7,8,10,3,7,11,9,11,11,10,9,0,2,6,4,6,11,0
7,2,5,11,0,7,3,3,8,9,7,8,0,11,7,5,3,8,10,4,8,8,4,11,10,10,4,11,0,3,2,10,0,7,3,10,5,3,7,8,9,0,2,3,11,8,7,6,2,0,7,11,3,3,0,4,4,10,9,3,8,9,2,10,11,10,0,6,0,2,5,7,11,10,2,7,0,4,0,11,3,5,7,11,3,0,8,2,3,0,11,4,0,0,8,11,6,0,4,8,2,7,2,8,4,0,3,7,9,7,7,2,8,8,3,8,10,2,7,8,0,4,8,7,4,2,4,2,10,2,3,4,8,9,11,4,8,0,10,0,0,11,10,2,3,7,5,7,0,2
8,3,6,0,2,8,4,4,9,10,8,9,2,0,8,6,4,9,11,5,9,9,5,0,11,11,5,0,2,4,3,11,2,8,4,11,6,4,8,9,10,2,3,4,0,9,8,7,3,2,8,0,4,4,2,5,5,11,10,4,9,10,3,11,0,11,2,7,2,3,6,8,0,11,3,8,2,5,2,0,4,6,8,0,4,2,9,3,4,2,0,5,2,2,9,0,7,2,5,9,3,8,3,9,5,2,4,8,10,8,8,3,9,9,4,9,11,3,8,9,2,5,9,8,5,3,5,3,11,3,4,5,9,10,0,5,9,2,11,2,2,0,11,3,4,8,6,8,2,3
9,4,7,2,3,9,5,5,10,11,9,10,3,2,9,7,5,10,0,6,10,10,6,2,0,0,6,2,3,5,4,0,3,9,5,0,7,5,9,10,11,3,4,5,2,10,9,8,4,3,9,2,5,5,3,6,6,0,11,5,10,11,4,0,2,0,3,8,3,4,7,9,2,0,4,9,3,6,3,2,5,7,9,2,5,3,10,4,5,3,2,6,3,3,10,2,8,3,6,10,4,9,4,10,6,3,5,9,11,9,9,4,10,10,5,10,0,4,9,10,3,6,10,9,6,4,6,4,0,4,5,6,10,11,2,6,10,3,0,3,3,2,0,4,5,9,7,9,3,4
10,5,8,3,4,10,6,6,11,0,10,11,4,3,10,8,6,11,2,7,11,11,7,3,2,2,7,3,4,6,5,2,4,10,6,2,8,6,10,11,0,4,5,6,3,11,10,9,5,4,10,3,6,6,4,7,7,2,0,6,11,0,5,2,3,2,4,9,4,5,8,10,3,2,5,10,4,7,4,3,6,8,10,3,6,4,11,5,6,4,3,7,4,4,11,3,9,4,7,11,5,10,5,11,7,4,6,10,0,10,10,5,11,11,6,11,2,5,10,11,4,7,11,10,7,5,7,5,2,5,6,7,11,0,3,7,11,4,2,4,4,3,2,5,6,10,8,10,4,5
11,6,9,4,5,11,7,7,0,2,11,0,5,4,11,9,7,0,3,8,0,0,8,4,3,3,8,4,5,7,6,3,5,11,7,3,9,7,11,0,2,5,6,7,4,0,11,10,6,5,11,4,7,7,5,8,8,3,2,7,0,2,6,3,4,3,5,10,5,6,9,11,4,3,6,11,5,8,5,4,7,9,11,4,7,5,0,6,7,5,4,8,5,5,0,4,10,5,8,0,6,11,6,0,8,5,7,11,2,11,11,6,0,0,7,0,3,6,11,0,5,8,0,11,8,6,8,6,3,6,7,8,0,2,4,8,0,5,3,5,5,4,3,6,7,11,9,11,5,6
0,7,10,5,6,0,8,8,2,3,0,2,6,5,0,10,8,2,4,9,2,2,9,5,4,4,9,5,6,8,7,4,6,0,8,4,10,8,0,2,3,6,7,8,5,2,0,11,7,6,0,5,8,8,6,9,9,4,3,8,2,3,7,4,5,4,6,11,6,7,10,0,5,4,7,0,6,9,6,5,8,10,0,5,8,6,2,7,8,6,5,9,6,6,2,5,11,6,9,2,7,0,7,2,9,6,8,0,3,0,0,7,2,2,8,2,4,7,0,2,6,9,2,0,9,7,9,7,4,7,8,9,2,3,5,9,2,6,4,6,6,5,4,7,8,0,10,0,6,7
2,8,11,6,7,2,9,9,3,4,2,3,7,6,2,11,9,3,5,10,3,3,10,6,5,5,10,6,7,9,8,5,7,2,9,5,11,9,2,3,4,7,8,9,6,3,2,0,8,7,2,6,9,9,7,10,10,5,4,9,3,4,8,5,6,5,7,0,7,8,11,2,6,5,8,2,7,10,7,6,9,11,2,6,9,7,3,8,9,7,6,10,7,7,3,6,0,7,10,3,8,2,8,3,10,7,9,2,4,2,2,8,3,3,9,3,5,8,2,3,7,10,3,2,10,8,10,8,5,8,9,10,3,4,6,10,3,7,5,7,7,6,5,8,9,2,11,2,7,8
3,9,0,7,8,3,10,10,4,5,3,4,8,7,3,0,10,4,6,11,4,4,11,7,6,6,11,7,8,10,9,6,8,3,10,6,0,10,3,4,5,8,9,10,7,4,3,2,9,8,3,7,10,10,8,11,11,6,5,10,4,5,9,6,7,6,8,2,8,9,0,3,7,6,9,3,8,11,8,7,10,0,3,7,10,8,4,9,10,8,7,11,8,8,4,7,2,8,11,4,9,3,9,4,11,8,10,3,5,3,3,9,4,4,10,4,6,9,3,4,8,11,4,3,11,9,11,9,6,9,10,11,4,5,7,11,4,8,6,8,8,7,6,9,10,3,0,3,8,9
4,10,2,8,9,4,11,11,5,6,4,5,9,8,4,2,11,5,7,0,5,5,0,8,7,7,0,8,9,11,10,7,9,4,11,7,2,11,4,5,6,9,10,11,8,5,4,3,10,9,4,8,11,11,9,0,0,7,6,11,5,6,10,7,8,7,9,3,9,10,2,4,8,7,10,4,9,0,9,8,11,2,4,8,11,9,5,10,11,9,8,0,9,9,5,8,3,9,0,5,10,4,10,5,0,9,11,4,6,4,4,10,5,5,11,5,7,10,4,5,9,0,5,4,0,10,0,10,7,10,11,0,5,6,8,0,5,9,7,9,9,8,7,10,11,4,2,4,9,10
5,11,3,9,10,5,0,0,6,7,5,6,10,9,5,3,0,6,8,2,6,6,2,9,8,8,2,9,10,0,11,8,10,5,0,8,3,0,5,6,7,10,11,0,9,6,5,4,11,10,5,9,0,0,10,2,2,8,7,0,6,7,11,8,9,8,10,4,10,11,3,5,9,8,11,5,10,2,10,9,0,3,5,9,0,10,6,11,0,10,9,2,10,10,6,9,4,10,2,6,11,5,11,6,2,10,0,5,7,5,5,11,6,6,0,6,8,11,5,6,10,2,6,5,2,11,2,11,8,11,0,2,6,7,9,2,6,10,8,10,10,9,8,11,0,5,3,5,10,11
6,0,4,10,11,6,2,2,7,8,6,7,11,10,6,4,2,7,9,3,7,7,3,10,9,9,3,10,11,2,0,9,11,6,2,9,4,2,6,7,8,11,0,2,10,7,6,5,0,11,6,10,2,2,11,3,3,9,8,2,7,8,0,9,10,9,11,5,11,0,4,6,10,9,0,6,11,3,11,10,2,4,6,10,2,11,7,0,2,11,10,3,11,11,7,10,5,11,3,7,0,6,0,7,3,11,2,6,8,6,6,0,7,7,2,7,9,0,6,7,11,3,7,6,3,0,3,0,9,0,2,3,7,8,10,3,7,11,9,11,11,10,9,0,2,6,4,6,11,0
7,2,5,11,0,7,3,3,8,9,7,8,0,11,7,5,3,8,10,4,8,8,4,11,10,10,4,11,0,3,2,10,0,7,3,10,5,3,7,8,9,0,2,3,11,8,7,6,2,0,7,11,3,3,0,4,4,10,9,3,8,9,2,10,11,10,0,6,0,2,5,7,11,10,2,7,0,4,0,11,3,5,7,11,3,0,8,2,3,0,11,4,0,0,8,11,6,0,4,8,2,7,2,8,4,0,3,7,9,7,7,2,8,8,3,8,10,2,7,8,0,4,8,7,4,2,4,2,10,2,3,4,8,9,11,4,8,0,10,0,0,11,10,2,3,7,5,7,0,2
8,3,6,0,2,8,4,4,9,10,8,9,2,0,8,6,4,9,11,5,9,9,5,0,11,11,5,0,2,4,3,11,2,8,4,11,6,4,8,9,10,2,3,4,0,9,8,7,3,2,8,0,4,4,2,5,5,11,10,4,9,10,3,11,0,11,2,7,2,3,6,8,0,11,3,8,2,5,2,0,4,6,8,0,4,2,9,3,4,2,0,5,2,2,9,0,7,2,5,9,3,8,3,9,5,2,4,8,10,8,8,3,9,9,4,9,11,3,8,9,2,5,9,8,5,3,5,3,11,3,4,5,9,10,0,5,9,2,11,2,2,0,11,3,4,8,6,8,2,3
9,4,7,2,3,9,5,5,10,11,9,10,3,2,9,7,5,10,0,6,10,10,6,2,0,0,6,2,3,5,4,0,3,9,5,0,7,5,9,10,11,3,4,5,2,10,9,8,4,3,9,2,5,5,3,6,6,0,11,5,10,11,4,0,2,0,3,8,3,4,7,9,2,0,4,9,3,6,3,2,5,7,9,2,5,3,10,4,5,3,2,6,3,3,10,2,8,3,6,10,4,9,4,10,6,3,5,9,11,9,9,4,10,10,5,10,0,4,9,10,3,6,10,9,6,4,6,4,0,4,5,6,10,11,2,6,10,3,0,3,3,2,0,4,5,9,7,9,3,4
10,5,8,3,4,10,6,6,11,0,10,11,4,3,10,8,6,11,2,7,11,11,7,3,2,2,7,3,4,6,5,2,4,10,6,2,8,6,10,11,0,4,5,6,3,11,10,9,5,4,10,3,6,6,4,7,7,2,0,6,11,0,5,2,3,2,4,9,4,5,8,10,3,2,5,10,4,7,4,3,6,8,10,3,6,4,11,5,6,4,3,7,4,4,11,3,9,4,7,11,5,10,5,11,7,4,6,10,0,10,10,5,11,11,6,11,2,5,10,11,4,7,11,10,7,5,7,5,2,5,6,7,11,0,3,7,11,4,2,4,4,3,2,5,6,10,8,10,4,5
11,6,9,4,5,11,7,7,0,2,11,0,5,4,11,9,7,0,3,8,0,0,8,4,3,3,8,4,5,7,6,3,5,11,7,3,9,7,11,0,2,5,6,7,4,0,11,10,6,5,11,4,7,7,5,8,8,3,2,7,0,2,6,3,4,3,5,10,5,6,9,11,4,3,6,11,5,8,5,4,7,9,11,4,7,5,0,6,7,5,4,8,5,5,0,4,10,5,8,0,6,11,6,0,8,5,7,11,2,11,11,6,0,0,7,0,3,6,11,0,5,8,0,11,8,6,8,6,3,6,7,8,0,2,4,8,0,5,3,5,5,4,3,6,7,11,9,11,5,6
0,7,10,5,6,0,8,8,2,3,0,2,6,5,0,10,8,2,4,9,2,2,9,5,4,4,9,5,6,8,7,4,6,0,8,4,10,8,0,2,3,6,7,8,5,2,0,11,7,6,0,5,8,8,6,9,9,4,3,8,2,3,7,4,5,4,6,11,6,7,10,0,5,4,7,0,6,9,6,5,8,10,0,5,8,6,2,7,8,6,5,9,6,6,2,5,11,6,9,2,7,0,7,2,9,6,8,0,3,0,0,7,2,2,8,2,4,7,0,2,6,9,2,0,9,7,9,7,4,7,8,9,2,3,5,9,2,6,4,6,6,5,4,7,8,0,10,0,6,7
2,8,11,6,7,2,9,9,3,4,2,3,7,6,2,11,9,3,5,10,3,3,10,6,5,5,10,6,7,9,8,5,7,2,9,5,11,9,2,3,4,7,8,9,6,3,2,0,8,7,2,6,9,9,7,10,10,5,4,9,3,4,8,5,6,5,7,0,7,8,11,2,6,5,8,2,7,10,7,6,9,11,2,6,9,7,3,8,9,7,6,10,7,7,3,6,0,7,10,3,8,2,8,3,10,7,9,2,4,2,2,8,3,3,9,3,5,8,2,3,7,10,3,2,10,8,10,8,5,8,9,10,3,4,6,10,3,7,5,7,7,6,5,8,9,2,11,2,7,8
3,9,0,7,8,3,10,10,4,5,3,4,8,7,3,0,10,4,6,11,4,4,11,7,6,6,11,7,8,10,9,6,8,3,10,6,0,10,3,4,5,8,9,10,7,4,3,2,9,8,3,7,10,10,8,11,11,6,5,10,4,5,9,6,7,6,8,2,8,9,0,3,7,6,9,3,8,11,8,7,10,0,3,7,10,8,4,9,10,8,7,11,8,8,4,7,2,8,11,4,9,3,9,4,11,8,10,3,5,3,3,9,4,4,10,4,6,9,3,4,8,11,4,3,11,9,11,9,6,9,10,11,4,5,7,11,4,8,6,8,8,7,6,9,10,3,0,3,8,9
4,10,2,8,9,4,11,11,5,6,4,5,9,8,4,2,11,5,7,0,5,5,0,8,7,7,0,8,9,11,10,7,9,4,11,7,2,11,4,5,6,9,10,11,8,5,4,3,10,9,4,8,11,11,9,0,0,7,6,11,5,6,10,7,8,7,9,3,9,10,2,4,8,7,10,4,9,0,9,8,11,2,4,8,11,9,5,10,11,9,8,0,9,9,5,8,3,9,0,5,10,4,10,5,0,9,11,4,6,4,4,10,5,5,11,5,7,10,4,5,9,0,5,4,0,10,0,10,7,10,11,0,5,6,8,0,5,9,7,9,9,8,7,10,11,4,2,4,9,10
5,11,3,9,10,5,0,0,6,7,5,6,10,9,5,3,0,6,8,2,6,6,2,9,8,8,2,9,10,0,11,8,10,5,0,8,3,0,5,6,7,10,11,0,9,6,5,4,11,10,5,9,0,0,10,2,2,8,7,0,6,7,11,8,9,8,10,4,10,11,3,5,9,8,11,5,10,2,10,9,0,3,5,9,0,10,6,11,0,10,9,2,10,10,6,9,4,10,2,6,11,5,11,6,2,10,0,5,7,5,5,11,6,6,0,6,8,11,5,6,10,2,6,5,2,11,2,11,8,11,0,2,6,7,9,2,6,10,8,10,10,9,8,11,0,5,3,5,10,11
6,0,4,10,11,6,2,2,7,8,6,7,11,10,6,4,2,7,9,3,7,7,3,10,9,9,3,10,11,2,0,9,11,6,2,9,4,2,6,7,8,11,0,2,10,7,6,5,0,11,6,10,2,2,11,3,3,9,8,2,7,8,0,9,10,9,11,5,11,0,4,6,10,9,0,6,11,3,11,10,2,4,6,10,2,11,7,0,2,11,10,3,11,11,7,10,5,11,3,7,0,6,0,7,3,11,2,6,8,6,6,0,7,7,2,7,9,0,6,7,11,3,7,6,3,0,3,0,9,0,2,3,7,8,10,3,7,11,9,11,11,10,9,0,2,6,4,6,11,0
7,2,5,11,0,7,3,3,8,9,7,8,0,11,7,5,3,8,10,4,8,8,4,11,10,10,4,11,0,3,2,10,0,7,3,10,5,3,7,8,9,0,2,3,11,8,7,6,2,0,7,11,3,3,0,4,4,10,9,3,8,9,2,10,11,10,0,6,0,2,5,7,11,10,2,7,0,4,0,11,3,5,7,11,3,0,8,2,3,0,11,4,0,0,8,11,6,0,4,8,2,7,2,8,4,0,3,7,9,7,7,2,8,8,3,8,10,2,7,8,0,4,8,7,4,2,4,2,10,2,3,4,8,9,11,4,8,0,10,0,0,11,10,2,3,7,5,7,0,2
8,3,6,0,2,8,4,4,9,10,8,9,2,0,8,6,4,9,11,5,9,9,5,0,11,11,5,0,2,4,3,11,2,8,4,11,6,4,8,9,10,2,3,4,0,9,8,7,3,2,8,0,4,4,2,5,5,11,10,4,9,10,3,11,0,11,2,7,2,3,6,8,0,11,3,8,2,5,2,0,4,6,8,0,4,2,9,3,4,2,0,5,2,2,9,0,7,2,5,9,3,8,3,9,5,2,4,8,10,8,8,3,9,9,4,9,11,3,8,9,2,5,9,8,5,3,5,3,11,3,4,5,9,10,0,5,9,2,11,2,2,0,11,3,4,8,6,8,2,3
9,4,7,2,3,9,5,5,10,11,9,10,3,2,9,7,5,10,0,6,10,10,6,2,0,0,6,2,3,5,4,0,3,9,5,0,7,5,9,10,11,3,4,5,2,10,9,8,4,3,9,2,5,5,3,6,6,0,11,5,10,11,4,0,2,0,3,8,3,4,7,9,2,0,4,9,3,6,3,2,5,7,9,2,5,3,10,4,5,3,2,6,3,3,10,2,8,3,6,10,4,9,4,10,6,3,5,9,11,9,9,4,10,10,5,10,0,4,9,10,3,6,10,9,6,4,6,4,0,4,5,6,10,11,2,6,10,3,0,3,3,2,0,4,5,9,7,9,3,4
10,5,8,3,4,10,6,6,11,0,10,11,4,3,10,8,6,11,2,7,11,11,7,3,2,2,7,3,4,6,5,2,4,10,6,2,8,6,10,11,0,4,5,6,3,11,10,9,5,4,10,3,6,6,4,7,7,2,0,6,11,0,5,2,3,2,4,9,4,5,8,10,3,2,5,10,4,7,4,3,6,8,10,3,6,4,11,5,6,4,3,7,4,4,11,3,9,4,7,11,5,10,5,11,7,4,6,10,0,10,10,5,11,11,6,11,2,5,10,11,4,7,11,10,7,5,7,5,2,5,6,7,11,0,3,7,11,4,2,4,4,3,2,5,6,10,8,10,4,5
11,6,9,4,5,11,7,7,0,2,11,0,5,4,11,9,7,0,3,8,0,0,8,4,3,3,8,4,5,7,6,3,5,11,7,3,9,7,11,0,2,5,6,7,4,0,11,10,6,5,11,4,7,7,5,8,8,3,2,7,0,2,6,3,4,3,5,10,5,6,9,11,4,3,6,11,5,8,5,4,7,9,11,4,7,5,0,6,7,5,4,8,5,5,0,4,10,5,8,0,6,11,6,0,8,5,7,11,2,11,11,6,0,0,7,0,3,6,11,0,5,8,0,11,8,6,8,6,3,6,7,8,0,2,4,8,0,5,3,5,5,4,3,6,7,11,9,11,5,6
0,7,10,5,6,0,8,8,2,3,0,2,6,5,0,10,8,2,4,9,2,2,9,5,4,4,9,5,6,8,7,4,6,0,8,4,10,8,0,2,3,6,7,8,5,2,0,11,7,6,0,5,8,8,6,9,9,4,3,8,2,3,7,4,5,4,6,11,6,7,10,0,5,4,7,0,6,9,6,5,8,10,0,5,8,6,2,7,8,6,5,9,6,6,2,5,11,6,9,2,7,0,7,2,9,6,8,0,3,0,0,7,2,2,8,2,4,7,0,2,6,9,2,0,9,7,9,7,4,7,8,9,2,3,5,9,2,6,4,6,6,5,4,7,8,0,10,0,6,7
2,8,11,6,7,2,9,9,3,4,2,3,7,6,2,11,9,3,5,10,3,3,10,6,5,5,10,6,7,9,8,5,7,2,9,5,11,9,2,3,4,7,8,9,6,3,2,0,8,7,2,6,9,9,7,10,10,5,4,9,3,4,8,5,6,5,7,0,7,8,11,2,6,5,8,2,7,10,7,6,9,11,2,6,9,7,3,8,9,7,6,10,7,7,3,6,0,7,10,3,8,2,8,3,10,7,9,2,4,2,2,8,3,3,9,3,5,8,2,3,7,10,3,2,10,8,10,8,5,8,9,10,3,4,6,10,3,7,5,7,7,6,5,8,9,2,11,2,7,8
3,9,0,7,8,3,10,10,4,5,3,4,8,7,3,0,10,4,6,11,4,4,11,7,6,6,11,7,8,10,9,6,8,3,10,6,0,10,3,4,5,8,9,10,7,4,3,2,9,8,3,7,10,10,8,11,11,6,5,10,4,5,9,6,7,6,8,2,8,9,0,3,7,6,9,3,8,11,8,7,10,0,3,7,10,8,4,9,10,8,7,11,8,8,4,7,2,8,11,4,9,3,9,4,11,8,10,3,5,3,3,9,4,4,10,4,6,9,3,4,8,11,4,3,11,9,11,9,6,9,10,11,4,5,7,11,4,8,6,8,8,7,6,9,10,3,0,3,8,9
4,10,2,8,9,4,11,11,5,6,4,5,9,8,4,2,11,5,7,0,5,5,0,8,7,7,0,8,9,11,10,7,9,4,11,7,2,11,4,5,6,9,10,11,8,5,4,3,10,9,4,8,11,11,9,0,0,7,6,11,5,6,10,7,8,7,9,3,9,10,2,4,8,7,10,4,9,0,9,8,11,2,4,8,11,9,5,10,11,9,8,0,9,9,5,8,3,9,0,5,10,4,10,5,0,9,11,4,6,4,4,10,5,5,11,5,7,10,4,5,9,0,5,4,0,10,0,10,7,10,11,0,5,6,8,0,5,9,7,9,9,8,7,10,11,4,2,4,9,10
5,11,3,9,10,5,0,0,6,7,5,6,10,9,5,3,0,6,8,2,6,6,2,9,8,8,2,9,10,0,11,8,10,5,0,8,3,0,5,6,7,10,11,0,9,6,5,4,11,10,5,9,0,0,10,2,2,8,7,0,6,7,11,8,9,8,10,4,10,11,3,5,9,8,11,5,10,2,10,9,0,3,5,9,0,10,6,11,0,10,9,2,10,10,6,9,4,10,2,6,11,5,11,6,2,10,0,5,7,5,5,11,6,6,0,6,8,11,5,6,10,2,6,5,2,11,2,11,8,11,0,2,6,7,9,2,6,10,8,10,10,9,8,11,0,5,3,5,10,11
6,0,4,10,11,6,2,2,7,8,6,7,11,10,6,4,2,7,9,3,7,7,3,10,9,9,3,10,11,2,0,9,11,6,2,9,4,2,6,7,8,11,0,2,10,7,6,5,0,11,6,10,2,2,11,3,3,9,8,2,7,8,0,9,10,9,11,5,11,0,4,6,10,9,0,6,11,3,11,10,2,4,6,10,2,11,7,0,2,11,10,3,11,11,7,10,5,11,3,7,0,6,0,7,3,11,2,6,8,6,6,0,7,7,2,7,9,0,6,7,11,3,7,6,3,0,3,0,9,0,2,3,7,8,10,3,7,11,9,11,11,10,9,0,2,6,4,6,11,0
7,2,5,11,0,7,3,3,8,9,7,8,0,11,7,5,3,8,10,4,8,8,4,11,10,10,4,11,0,3,2,10,0,7,3,10,5,3,7,8,9,0,2,3,11,8,7,6,2,0,7,11,3,3,0,4,4,10,9,3,8,9,2,10,11,10,0,6,0,2,5,7,11,10,2,7,0,4,0,11,3,5,7,11,3,0,8,2,3,0,11,4,0,0,8,11,6,0,4,8,2,7,2,8,4,0,3,7,9,7,7,2,8,8,3,8,10,2,7,8,0,4,8,7,4,2,4,2,10,2,3,4,8,9,11,4,8,0,10,0,0,11,10,2,3,7,5,7,0,2
8,3,6,0,2,8,4,4,9,10,8,9,2,0,8,6,4,9,11,5,9,9,5,0,11,11,5,0,2,4,3,11,2,8,4,11,6,4,8,9,10,2,3,4,0,9,8,7,3,2,8,0,4,4,2,5,5,11,10,4,9,10,3,11,0,11,2,7,2,3,6,8,0,11,3,8,2,5,2,0,4,6,8,0,4,2,9,3,4,2,0,5,2,2,9,0,7,2,5,9,3,8,3,9,5,2,4,8,10,8,8,3,9,9,4,9,11,3,8,9,2,5,9,8,5,3,5,3,11,3,4,5,9,10,0,5,9,2,11,2,2,0,11,3,4,8,6,8,2,3
9,4,7,2,3,9,5,5,10,11,9,10,3,2,9,7,5,10,0,6,10,10,6,2,0,0,6,2,3,5,4,0,3,9,5,0,7,5,9,10,11,3,4,5,2,10,9,8,4,3,9,2,5,5,3,6,6,0,11,5,10,11,4,0,2,0,3,8,3,4,7,9,2,0,4,9,3,6,3,2,5,7,9,2,5,3,10,4,5,3,2,6,3,3,10,2,8,3,6,10,4,9,4,10,6,3,5,9,11,9,9,4,10,10,5,10,0,4,9,10,3,6,10,9,6,4,6,4,0,4,5,6,10,11,2,6,10,3,0,3,3,2,0,4,5,9,7,9,3,4
10,5,8,3,4,10,6,6,11,0,10,11,4,3,10,8,6,11,2,7,11,11,7,3,2,2,7,3,4,6,5,2,4,10,6,2,8,6,10,11,0,4,5,6,3,11,10,9,5,4,10,3,6,6,4,7,7,2,0,6,11,0,5,2,3,2,4,9,4,5,8,10,3,2,5,10,4,7,4,3,6,8,10,3,6,4,11,5,6,4,3,7,4,4,11,3,9,4,7,11,5,10,5,11,7,4,6,10,0,10,10,5,11,11,6,11,2,5,10,11,4,7,11,10,7,5,7,5,2,5,6,7,11,0,3,7,11,4,2,4,4,3,2,5,6,10,8,10,4,5
11,6,9,4,5,11,7,7,0,2,11,0,5,4,11,9,7,0,3,8,0,0,8,4,3,3,8,4,5,7,6,3,5,11,7,3,9,7,11,0,2,5,6,7,4,0,11,10,6,5,11,4,7,7,5,8,8,3,2,7,0,2,6,3,4,3,5,10,5,6,9,11,4,3,6,11,5,8,5,4,7,9,11,4,7,5,0,6,7,5,4,8,5,5,0,4,10,5,8,0,6,11,6,0,8,5,7,11,2,11,11,6,0,0,7,0,3,6,11,0,5,8,0,11,8,6,8,6,3,6,7,8,0,2,4,8,0,5,3,5,5,4,3,6,7,11,9,11,5,6
0,7,10,5,6,0,8,8,2,3,0,2,6,5,0,10,8,2,4,9,2,2,9,5,4,4,9,5,6,8,7,4,6,0,8,4,10,8,0,2,3,6,7,8,5,2,0,11,7,6,0,5,8,8,6,9,9,4,3,8,2,3,7,4,5,4,6,11,6,7,10,0,5,4,7,0,6,9,6,5,8,10,0,5,8,6,2,7,8,6,5,9,6,6,2,5,11,6,9,2,7,0,7,2,9,6,8,0,3,0,0,7,2,2,8,2,4,7,0,2,6,9,2,0,9,7,9,7,4,7,8,9,2,3,5,9,2,6,4,6,6,5,4,7,8,0,10,0,6,7
2,8,11,6,7,2,9,9,3,4,2,3,7,6,2,11,9,3,5,10,3,3,10,6,5,5,10,6,7,9,8,5,7,2,9,5,11,9,2,3,4,7,8,9,6,3,2,0,8,7,2,6,9,9,7,10,10,5,4,9,3,4,8,5,6,5,7,0,7,8,11,2,6,5,8,2,7,10,7,6,9,11,2,6,9,7,3,8,9,7,6,10,7,7,3,6,0,7,10,3,8,2,8,3,10,7,9,2,4,2,2,8,3,3,9,3,5,8,2,3,7,10,3,2,10,8,10,8,5,8,9,10,3,4,6,10,3,7,5,7,7,6,5,8,9,2,11,2,7,8
3,9,0,7,8,3,10,10,4,5,3,4,8,7,3,0,10,4,6,11,4,4,11,7,6,6,11,7,8,10,9,6,8,3,10,6,0,10,3,4,5,8,9,10,7,4,3,2,9,8,3,7,10,10,8,11,11,6,5,10,4,5,9,6,7,6,8,2,8,9,0,3,7,6,9,3,8,11,8,7,10,0,3,7,10,8,4,9,10,8,7,11,8,8,4,7,2,8,11,4,9,3,9,4,11,8,10,3,5,3,3,9,4,4,10,4,6,9,3,4,8,11,4,3,11,9,11,9,6,9,10,11,4,5,7,11,4,8,6,8,8,7,6,9,10,3,0,3,8,9
4,10,2,8,9,4,11,11,5,6,4,5,9,8,4,2,11,5,7,0,5,5,0,8,7,7,0,8,9,11,10,7,9,4,11,7,2,11,4,5,6,9,10,11,8,5,4,3,10,9,4,8,11,11,9,0,0,7,6,11,5,6,10,7,8,7,9,3,9,10,2,4,8,7,10,4,9,0,9,8,11,2,4,8,11,9,5,10,11,9,8,0,9,9,5,8,3,9,0,5,10,4,10,5,0,9,11,4,6,4,4,10,5,5,11,5,7,10,4,5,9,0,5,4,0,10,0,10,7,10,11,0,5,6,8,0,5,9,7,9,9,8,7,10,11,4,2,4,9,10
5,11,3,9,10,5,0,0,6,7,5,6,10,9,5,3,0,6,8,2,6,6,2,9,8,8,2,9,10,0,11,8,10,5,0,8,3,0,5,6,7,10,11,0,9,6,5,4,11,10,5,9,0,0,10,2,2,8,7,0,6,7,11,8,9,8,10,4,10,11,3,5,9,8,11,5,10,2,10,9,0,3,5,9,0,10,6,11,0,10,9,2,10,10,6,9,4,10,2,6,11,5,11,6,2,10,0,5,7,5,5,11,6,6,0,6,8,11,5,6,10,2,6,5,2,11,2,11,8,11,0,2,6,7,9,2,6,10,8,10,10,9,8,11,0,5,3,5,10,11
6,0,4,10,11,6,2,2,7,8,6,7,11,10,6,4,2,7,9,3,7,7,3,10,9,9,3,10,11,2,0,9,11,6,2,9,4,2,6,7,8,11,0,2,10,7,6,5,0,11,6,10,2,2,11,3,3,9,8,2,7,8,0,9,10,9,11,5,11,0,4,6,10,9,0,6,11,3,11,10,2,4,6,10,2,11,7,0,2,11,10,3,11,11,7,10,5,11,3,7,0,6,0,7,3,11,2,6,8,6,6,0,7,7,2,7,9,0,6,7,11,3,7,6,3,0,3,0,9,0,2,3,7,8,10,3,7,11,9,11,11,10,9,0,2,6,4,6,11,0
7,2,5,11,0,7,3,3,8,9,7,8,0,11,7,5,3,8,10,4,8,8,4,11,10,10,4,11,0,3,2,10,0,7,3,10,5,3,7,8,9,0,2,3,11,8,7,6,2,0,7,11,3,3,0,4,4,10,9,3,8,9,2,10,11,10,0,6,0,2,5,7,11,10,2,7,0,4,0,11,3,5,7,11,3,0,8,2,3,0,11,4,0,0,8,11,6,0,4,8,2,7,2,8,4,0,3,7,9,7,7,2,8,8,3,8,10,2,7,8,0,4,8,7,4,2,4,2,10,2,3,4,8,9,11,4,8,0,10,0,0,11,10,2,3,7,5,7,0,2
8,3,6,0,2,8,4,4,9,10,8,9,2,0,8,6,4,9,11,5,9,9,5,0,11,11,5,0,2,4,3,11,2,8,4,11,6,4,8,9,10,2,3,4,0,9,8,7,3,2,8,0,4,4,2,5,5,11,10,4,9,10,3,11,0,11,2,7,2,3,6,8,0,11,3,8,2,5,2,0,4,6,8,0,4,2,9,3,4,2,0,5,2,2,9,0,7,2,5,9,3,8,3,9,5,2,4,8,10,8,8,3,9,9,4,9,11,3,8,9,2,5,9,8,5,3,5,3,11,3,4,5,9,10,0,5,9,2,11,2,2,0,11,3,4,8,6,8,2,3
9,4,7,2,3,9,5,5,10,11,9,10,3,2,9,7,5,10,0,6,10,10,6,2,0,0,6,2,3,5,4,0,3,9,5,0,7,5,9,10,11,3,4,5,2,10,9,8,4,3,9,2,5,5,3,6,6,0,11,5,10,11,4,0,2,0,3,8,3,4,7,9,2,0,4,9,3,6,3,2,5,7,9,2,5,3,10,4,5,3,2,6,3,3,10,2,8,3,6,10,4,9,4,10,6,3,5,9,11,9,9,4,10,10,5,10,0,4,9,10,3,6,10,9,6,4,6,4,0,4,5,6,10,11,2,6,10,3,0,3,3,2,0,4,5,9,7,9,3,4
10,5,8,3,4,10,6,6,11,0,10,11,4,3,10,8,6,11,2,7,11,11,7,3,2,2,7,3,4,6,5,2,4,10,6,2,8,6,10,11,0,4,5,6,3,11,10,9,5,4,10,3,6,6,4,7,7,2,0,6,11,0,5,2,3,2,4,9,4,5,8,10,3,2,5,10,4,7,4,3,6,8,10,3,6,4,11,5,6,4,3,7,4,4,11,3,9,4,7,11,5,10,5,11,7,4,6,10,0,10,10,5,11,11,6,11,2,5,10,11,4,7,11,10,7,5,7,5,2,5,6,7,11,0,3,7,11,4,2,4,4,3,2,5,6,10,8,10,4,5
11,6,9,4,5,11,7,7,0,2,11,0,5,4,11,9,7,0,3,8,0,0,8,4,3,3,8,4,5,7,6,3,5,11,7,3,9,7,11,0,2,5,6,7,4,0,11,10,6,5,11,4,7,7,5,8,8,3,2,7,0,2,6,3,4,3,5,10,5,6,9,11,4,3,6,11,5,8,5,4,7,9,11,4,7,5,0,6,7,5,4,8,5,5,0,4,10,5,8,0,6,11,6,0,8,5,7,11,2,11,11,6,0,0,7,0,3,6,11,0,5,8,0,11,8,6,8,6,3,6,7,8,0,2,4,8,0,5,3,5,5,4,3,6,7,11,9,11,5,6
0,7,10,5,6,0,8,8,2,3,0,2,6,5,0,10,8,2,4,9,2,2,9,5,4,4,9,5,6,8,7,4,6,0,8,4,10,8,0,2,3,6,7,8,5,2,0,11,7,6,0,5,8,8,6,9,9,4,3,8,2,3,7,4,5,4,6,11,6,7,10,0,5,4,7,0,6,9,6,5,8,10,0,5,8,6,2,7,8,6,5,9,6,6,2,5,11,6,9,2,7,0,7,2,9,6,8,0,3,0,0,7,2,2,8,2,4,7,0,2,6,9,2,0,9,7,9,7,4,7,8,9,2,3,5,9,2,6,4,6,6,5,4,7,8,0,10,0,6,7
2,8,11,6,7,2,9,9,3,4,2,3,7,6,2,11,9,3,5,10,3,3,10,6,5,5,10,6,7,9,8,5,7,2,9,5,11,9,2,3,4,7,8,9,6,3,2,0,8,7,2,6,9,9,7,10,10,5,4,9,3,4,8,5,6,5,7,0,7,8,11,2,6,5,8,2,7,10,7,6,9,11,2,6,9,7,3,8,9,7,6,10,7,7,3,6,0,7,10,3,8,2,8,3,10,7,9,2,4,2,2,8,3,3,9,3,5,8,2,3,7,10,3,2,10,8,10,8,5,8,9,10,3,4,6,10,3,7,5,7,7,6,5,8,9,2,11,2,7,8
3,9,0,7,8,3,10,10,4,5,3,4,8,7,3,0,10,4,6,11,4,4,11,7,6,6,11,7,8,10,9,6,8,3,10,6,0,10,3,4,5,8,9,10,7,4,3,2,9,8,3,7,10,10,8,11,11,6,5,10,4,5,9,6,7,6,8,2,8,9,0,3,7,6,9,3,8,11,8,7,10,0,3,7,10,8,4,9,10,8,7,11,8,8,4,7,2,8,11,4,9,3,9,4,11,8,10,3,5,3,3,9,4,4,10,4,6,9,3,4,8,11,4,3,11,9,11,9,6,9,10,11,4,5,7,11,4,8,6,8,8,7,6,9,10,3,0,3,8,9
4,10,2,8,9,4,11,11,5,6,4,5,9,8,4,2,11,5,7,0,5,5,0,8,7,7,0,8,9,11,10,7,9,4,11,7,2,11,4,5,6,9,10,11,8,5,4,3,10,9,4,8,11,11,9,0,0,7,6,11,5,6,10,7,8,7,9,3,9,10,2,4,8,7,10,4,9,0,9,8,11,2,4,8,11,9,5,10,11,9,8,0,9,9,5,8,3,9,0,5,10,4,10,5,0,9,11,4,6,4,4,10,5,5,11,5,7,10,4,5,9,0,5,4,0,10,0,10,7,10,11,0,5,6,8,0,5,9,7,9,9,8,7,10,11,4,2,4,9,10
5,11,3,9,10,5,0,0,6,7,5,6,10,9,5,3,0,6,8,2,6,6,2,9,8,8,2,9,10,0,11,8,10,5,0,8,3,0,5,6,7,10,11,0,9,6,5,4,11,10,5,9,0,0,10,2,2,8,7,0,6,7,11,8,9,8,10,4,10,11,3,5,9,8,11,5,10,2,10,9,0,3,5,9,0,10,6,11,0,10,9,2,10,10,6,9,4,10,2,6,11,5,11,6,2,10,0,5,7,5,5,11,6,6,0,6,8,11,5,6,10,2,6,5,2,11,2,11,8,11,0,2,6,7,9,2,6,10,8,10,10,9,8,11,0,5,3,5,10,11
6,0,4,10,11,6,2,2,7,8,6,7,11,10,6,4,2,7,9,3,7,7,3,10,9,9,3,10,11,2,0,9,11,6,2,9,4,2,6,7,8,11,0,2,10,7,6,5,0,11,6,10,2,2,11,3,3,9,8,2,7,8,0,9,10,9,11,5,11,0,4,6,10,9,0,6,11,3,11,10,2,4,6,10,2,11,7,0,2,11,10,3,11,11,7,10,5,11,3,7,0,6,0,7,3,11,2,6,8,6,6,0,7,7,2,7,9,0,6,7,11,3,7,6,3,0,3,0,9,0,2,3,7,8,10,3,7,11,9,11,11,10,9,0,2,6,4,6,11,0
7,2,5,11,0,7,3,3,8,9,7,8,0,11,7,5,3,8,10,4,8,8,4,11,10,10,4,11,0,3,2,10,0,7,3,10,5,3,7,8,9,0,2,3,11,8,7,6,2,0,7,11,3,3,0,4,4,10,9,3,8,9,2,10,11,10,0,6,0,2,5,7,11,10,2,7,0,4,0,11,3,5,7,11,3,0,8,2,3,0,11,4,0,0,8,11,6,0,4,8,2,7,2,8,4,0,3,7,9,7,7,2,8,8,3,8,10,2,7,8,0,4,8,7,4,2,4,2,10,2,3,4,8,9,11,4,8,0,10,0,0,11,10,2,3,7,5,7,0,2
8,3,6,0,2,8,4,4,9,10,8,9,2,0,8,6,4,9,11,5,9,9,5,0,11,11,5,0,2,4,3,11,2,8,4,11,6,4,8,9,10,2,3,4,0,9,8,7,3,2,8,0,4,4,2,5,5,11,10,4,9,10,3,11,0,11,2,7,2,3,6,8,0,11,3,8,2,5,2,0,4,6,8,0,4,2,9,3,4,2,0,5,2,2,9,0,7,2,5,9,3,8,3,9,5,2,4,8,10,8,8,3,9,9,4,9,11,3,8,9,2,5,9,8,5,3,5,3,11,3,4,5,9,10,0,5,9,2,11,2,2,0,11,3,4,8,6,8,2,3
9,4,7,2,3,9,5,5,10,11,9,10,3,2,9,7,5,10,0,6,10,10,6,2,0,0,6,2,3,5,4,0,3,9,5,0,7,5,9,10,11,3,4,5,2,10,9,8,4,3,9,2,5,5,3,6,6,0,11,5,10,11,4,0,2,0,3,8,3,4,7,9,2,0,4,9,3,6,3,2,5,7,9,2,5,3,10,4,5,3,2,6,3,3,10,2,8,3,6,10,4,9,4,10,6,3,5,9,11,9,9,4,10,10,5,10,0,4,9,10,3,6,10,9,6,4,6,4,0,4,5,6,10,11,2,6,10,3,0,3,3,2,0,4,5,9,7,9,3,4
10,5,8,3,4,10,6,6,11,0,10,11,4,3,10,8,6,11,2,7,11,11,7,3,2,2,7,3,4,6,5,2,4,10,6,2,8,6,10,11,0,4,5,6,3,11,10,9,5,4,10,3,6,6,4,7,7,2,0,6,11,0,5,2,3,2,4,9,4,5,8,10,3,2,5,10,4,7,4,3,6,8,10,3,6,4,11,5,6,4,3,7,4,4,11,3,9,4,7,11,5,10,5,11,7,4,6,10,0,10,10,5,11,11,6,11,2,5,10,11,4,7,11,10,7,5,7,5,2,5,6,7,11,0,3,7,11,4,2,4,4,3,2,5,6,10,8,10,4,5
11,6,9,4,5,11,7,7,0,2,11,0,5,4,11,9,7,0,3,8,0,0,8,4,3,3,8,4,5,7,6,3,5,11,7,3,9,7,11,0,2,5,6,7,4,0,11,10,6,5,11,4,7,7,5,8,8,3,2,7,0,2,6,3,4,3,5,10,5,6,9,11,4,3,6,11,5,8,5,4,7,9,11,4,7,5,0,6,7,5,4,8,5,5,0,4,10,5,8,0,6,11,6,0,8,5,7,11,2,11,11,6,0,0,7,0,3,6,11,0,5,8,0,11,8,6,8,6,3,6,7,8,0,2,4,8,0,5,3,5,5,4,3,6,7,11,9,11,5,6
0,7,10,5,6,0,8,8,2,3,0,2,6,5,0,10,8,2,4,9,2,2,9,5,4,4,9,5,6,8,7,4,6,0,8,4,10,8,0,2,3,6,7,8,5,2,0,11,7,6,0,5,8,8,6,9,9,4,3,8,2,3,7,4,5,4,6,11,6,7,10,0,5,4,7,0,6,9,6,5,8,10,0,5,8,6,2,7,8,6,5,9,6,6,2,5,11,6,9,2,7,0,7,2,9,6,8,0,3,0,0,7,2,2,8,2,4,7,0,2,6,9,2,0,9,7,9,7,4,7,8,9,2,3,5,9,2,6,4,6,6,5,4,7,8,0,10,0,6,7
2,8,11,6,7,2,9,9,3,4,2,3,7,6,2,11,9,3,5,10,3,3,10,6,5,5,10,6,7,9,8,5,7,2,9,5,11,9,2,3,4,7,8,9,6,3,2,0,8,7,2,6,9,9,7,10,10,5,4,9,3,4,8,5,6,5,7,0,7,8,11,2,6,5,8,2,7,10,7,6,9,11,2,6,9,7,3,8,9,7,6,10,7,7,3,6,0,7,10,3,8,2,8,3,10,7,9,2,4,2,2,8,3,3,9,3,5,8,2,3,7,10,3,2,10,8,10,8,5,8,9,10,3,4,6,10,3,7,5,7,7,6,5,8,9,2,11,2,7,8
3,9,0,7,8,3,10,10,4,5,3,4,8,7,3,0,10,4,6,11,4,4,11,7,6,6,11,7,8,10,9,6,8,3,10,6,0,10,3,4,5,8,9,10,7,4,3,2,9,8,3,7,10,10,8,11,11,6,5,10,4,5,9,6,7,6,8,2,8,9,0,3,7,6,9,3,8,11,8,7,10,0,3,7,10,8,4,9,10,8,7,11,8,8,4,7,2,8,11,4,9,3,9,4,11,8,10,3,5,3,3,9,4,4,10,4,6,9,3,4,8,11,4,3,11,9,11,9,6,9,10,11,4,5,7,11,4,8,6,8,8,7,6,9,10,3,0,3,8,9
4,10,2,8,9,4,11,11,5,6,4,5,9,8,4,2,11,5,7,0,5,5,0,8,7,7,0,8,9,11,10,7,9,4,11,7,2,11,4,5,6,9,10,11,8,5,4,3,10,9,4,8,11,11,9,0,0,7,6,11,5,6,10,7,8,7,9,3,9,10,2,4,8,7,10,4,9,0,9,8,11,2,4,8,11,9,5,10,11,9,8,0,9,9,5,8,3,9,0,5,10,4,10,5,0,9,11,4,6,4,4,10,5,5,11,5,7,10,4,5,9,0,5,4,0,10,0,10,7,10,11,0,5,6,8,0,5,9,7,9,9,8,7,10,11,4,2,4,9,10
5,11,3,9,10,5,0,0,6,7,5,6,10,9,5,3,0,6,8,2,6,6,2,9,8,8,2,9,10,0,11,8,10,5,0,8,3,0,5,6,7,10,11,0,9,6,5,4,11,10,5,9,0,0,10,2,2,8,7,0,6,7,11,8,9,8,10,4,10,11,3,5,9,8,11,5,10,2,10,9,0,3,5,9,0,10,6,11,0,10,9,2,10,10,6,9,4,10,2,6,11,5,11,6,2,10,0,5,7,5,5,11,6,6,0,6,8,11,5,6,10,2,6,5,2,11,2,11,8,11,0,2,6,7,9,2,6,10,8,10,10,9,8,11,0,5,3,5,10,11
6,0,4,10,11,6,2,2,7,8,6,7,11,10,6,4,2,7,9,3,7,7,3,10,9,9,3,10,11,2,0,9,11,6,2,9,4,2,6,7,8,11,0,2,10,7,6,5,0,11,6,10,2,2,11,3,3,9,8,2,7,8,0,9,10,9,11,5,11,0,4,6,10,9,0,6,11,3,11,10,2,4,6,10,2,11,7,0,2,11,10,3,11,11,7,10,5,11,3,7,0,6,0,7,3,11,2,6,8,6,6,0,7,7,2,7,9,0,6,7,11,3,7,6,3,0,3,0,9,0,2,3,7,8,10,3,7,11,9,11,11,10,9,0,2,6,4,6,11,0
7,2,5,11,0,7,3,3,8,9,7,8,0,11,7,5,3,8,10,4,8,8,4,11,10,10,4,11,0,3,2,10,0,7,3,10,5,3,7,8,9,0,2,3,11,8,7,6,2,0,7,11,3,3,0,4,4,10,9,3,8,9,2,10,11,10,0,6,0,2,5,7,11,10,2,7,0,4,0,11,3,5,7,11,3,0,8,2,3,0,11,4,0,0,8,11,6,0,4,8,2,7,2,8,4,0,3,7,9,7,7,2,8,8,3,8,10,2,7,8,0,4,8,7,4,2,4,2,10,2,3,4,8,9,11,4,8,0,10,0,0,11,10,2,3,7,5,7,0,2
8,3,6,0,2,8,4,4,9,10,8,9,2,0,8,6,4,9,11,5,9,9,5,0,11,11,5,0,2,4,3,11,2,8,4,11,6,4,8,9,10,2,3,4,0,9,8,7,3,2,8,0,4,4,2,5,5,11,10,4,9,10,3,11,0,11,2,7,2,3,6,8,0,11,3,8,2,5,2,0,4,6,8,0,4,2,9,3,4,2,0,5,2,2,9,0,7,2,5,9,3,8,3,9,5,2,4,8,10,8,8,3,9,9,4,9,11,3,8,9,2,5,9,8,5,3,5,3,11,3,4,5,9,10,0,5,9,2,11,2,2,0,11,3,4,8,6,8,2,3
9,4,7,2,3,9,5,5,10,11,9,10,3,2,9,7,5,10,0,6,10,10,6,2,0,0,6,2,3,5,4,0,3,9,5,0,7,5,9,10,11,3,4,5,2,10,9,8,4,3,9,2,5,5,3,6,6,0,11,5,10,11,4,0,2,0,3,8,3,4,7,9,2,0,4,9,3,6,3,2,5,7,9,2,5,3,10,4,5,3,2,6,3,3,10,2,8,3,6,10,4,9,4,10,6,3,5,9,11,9,9,4,10,10,5,10,0,4,9,10,3,6,10,9,6,4,6,4,0,4,5,6,10,11,2,6,10,3,0,3,3,2,0,4,5,9,7,9,3,4
10,5,8,3,4,10,6,6,11,0,10,11,4,3,10,8,6,11,2,7,11,11,7,3,2,2,7,3,4,6,5,2,4,10,6,2,8,6,10,11,0,4,5,6,3,11,10,9,5,4,10,3,6,6,4,7,7,2,0,6,11,0,5,2,3,2,4,9,4,5,8,10,3,2,5,10,4,7,4,3,6,8,10,3,6,4,11,5,6,4,3,7,4,4,11,3,9,4,7,11,5,10,5,11,7,4,6,10,0,10,10,5,11,11,6,11,2,5,10,11,4,7,11,10,7,5,7,5,2,5,6,7,11,0,3,7,11,4,2,4,4,3,2,5,6,10,8,10,4,5
11,6,9,4,5,11,7,7,0,2,11,0,5,4,11,9,7,0,3,8,0,0,8,4,3,3,8,4,5,7,6,3,5,11,7,3,9,7,11,0,2,5,6,7,4,0,11,10,6,5,11,4,7,7,5,8,8,3,2,7,0,2,6,3,4,3,5,10,5,6,9,11,4,3,6,11,5,8,5,4,7,9,11,4,7,5,0,6,7,5,4,8,5,5,0,4,10,5,8,0,6,11,6,0,8,5,7,11,2,11,11,6,0,0,7,0,3,6,11,0,5,8,0,11,8,6,8,6,3,6,7,8,0,2,4,8,0,5,3,5,5,4,3,6,7,11,9,11,5,6
0,7,10,5,6,0,8,8,2,3,0,2,6,5,0,10,8,2,4,9,2,2,9,5,4,4,9,5,6,8,7,4,6,0,8,4,10,8,0,2,3,6,7,8,5,2,0,11,7,6,0,5,8,8,6,9,9,4,3,8,2,3,7,4,5,4,6,11,6,7,10,0,5,4,7,0,6,9,6,5,8,10,0,5,8,6,2,7,8,6,5,9,6,6,2,5,11,6,9,2,7,0,7,2,9,6,8,0,3,0,0,7,2,2,8,2,4,7,0,2,6,9,2,0,9,7,9,7,4,7,8,9,2,3,5,9,2,6,4,6,6,5,4,7,8,0,10,0,6,7
2,8,11,6,7,2,9,9,3,4,2,3,7,6,2,11,9,3,5,10,3,3,10,6,5,5,10,6,7,9,8,5,7,2,9,5,11,9,2,3,4,7,8,9,6,3,2,0,8,7,2,6,9,9,7,10,10,5,4,9,3,4,8,5,6,5,7,0,7,8,11,2,6,5,8,2,7,10,7,6,9,11,2,6,9,7,3,8,9,7,6,10,7,7,3,6,0,7,10,3,8,2,8,3,10,7,9,2,4,2,2,8,3,3,9,3,5,8,2,3,7,10,3,2,10,8,10,8,5,8,9,10,3,4,6,10,3,7,5,7,7,6,5,8,9,2,11,2,7,8
3,9,0,7,8,3,10,10,4,5,3,4,8,7,3,0,10,4,6,11,4,4,11,7,6,6,11,7,8,10,9,6,8,3,10,6,0,10,3,4,5,8,9,10,7,4,3,2,9,8,3,7,10,10,8,11,11,6,5,10,4,5,9,6,7,6,8,2,8,9,0,3,7,6,9,3,8,11,8,7,10,0,3,7,10,8,4,9,10,8,7,11,8,8,4,7,2,8,11,4,9,3,9,4,11,8,10,3,5,3,3,9,4,4,10,4,6,9,3,4,8,11,4,3,11,9,11,9,6,9,10,11,4,5,7,11,4,8,6,8,8,7,6,9,10,3,0,3,8,9
4,10,2,8,9,4,11,11,5,6,4,5,9,8,4,2,11,5,7,0,5,5,0,8,7,7,0,8,9,11,10,7,9,4,11,7,2,11,4,5,6,9,10,11,8,5,4,3,10,9,4,8,11,11,9,0,0,7,6,11,5,6,10,7,8,7,9,3,9,10,2,4,8,7,10,4,9,0,9,8,11,2,4,8,11,9,5,10,11,9,8,0,9,9,5,8,3,9,0,5,10,4,10,5,0,9,11,4,6,4,4,10,5,5,11,5,7,10,4,5,9,0,5,4,0,10,0,10,7,10,11,0,5,6,8,0,5,9,7,9,9,8,7,10,11,4,2,4,9,10
5,11,3,9,10,5,0,0,6,7,5,6,10,9,5,3,0,6,8,2,6,6,2,9,8,8,2,9,10,0,11,8,10,5,0,8,3,0,5,6,7,10,11,0,9,6,5,4,11,10,5,9,0,0,10,2,2,8,7,0,6,7,11,8,9,8,10,4,10,11,3,5,9,8,11,5,10,2,10,9,0,3,5,9,0,10,6,11,0,10,9,2,10,10,6,9,4,10,2,6,11,5,11,6,2,10,0,5,7,5,5,11,6,6,0,6,8,11,5,6,10,2,6,5,2,11,2,11,8,11,0,2,6,7,9,2,6,10,8,10,10,9,8,11,0,5,3,5,10,11
6,0,4,10,11,6,2,2,7,8,6,7,11,10,6,4,2,7,9,3,7,7,3,10,9,9,3,10,11,2,0,9,11,6,2,9,4,2,6,7,8,11,0,2,10,7,6,5,0,11,6,10,2,2,11,3,3,9,8,2,7,8,0,9,10,9,11,5,11,0,4,6,10,9,0,6,11,3,11,10,2,4,6,10,2,11,7,0,2,11,10,3,11,11,7,10,5,11,3,7,0,6,0,7,3,11,2,6,8,6,6,0,7,7,2,7,9,0,6,7,11,3,7,6,3,0,3,0,9,0,2,3,7,8,10,3,7,11,9,11,11,10,9,0,2,6,4,6,11,0
7,2,5,11,0,7,3,3,8,9,7,8,0,11,7,5,3,8,10,4,8,8,4,11,10,10,4,11,0,3,2,10,0,7,3,10,5,3,7,8,9,0,2,3,11,8,7,6,2,0,7,11,3,3,0,4,4,10,9,3,8,9,2,10,11,10,0,6,0,2,5,7,11,10,2,7,0,4,0,11,3,5,7,11,3,0,8,2,3,0,11,4,0,0,8,11,6,0,4,8,2,7,2,8,4,0,3,7,9,7,7,2,8,8,3,8,10,2,7,8,0,4,8,7,4,2,4,2,10,2,3,4,8,9,11,4,8,0,10,0,0,11,10,2,3,7,5,7,0,2
8,3,6,0,2,8,4,4,9,10,8,9,2,0,8,6,4,9,11,5,9,9,5,0,11,11,5,0,2,4,3,11,2,8,4,11,6,4,8,9,10,2,3,4,0,9,8,7,3,2,8,0,4,4,2,5,5,11,10,4,9,10,3,11,0,11,2,7,2,3,6,8,0,11,3,8,2,5,2,0,4,6,8,0,4,2,9,3,4,2,0,5,2,2,9,0,7,2,5,9,3,8,3,9,5,2,4,8,10,8,8,3,9,9,4,9,11,3,8,9,2,5,9,8,5,3,5,3,11,3,4,5,9,10,0,5,9,2,11,2,2,0,11,3,4,8,6,8,2,3
9,4,7,2,3,9,5,5,10,11,9,10,3,2,9,7,5,10,0,6,10,10,6,2,0,0,6,2,3,5,4,0,3,9,5,0,7,5,9,10,11,3,4,5,2,10,9,8,4,3,9,2,5,5,3,6,6,0,11,5,10,11,4,0,2,0,3,8,3,4,7,9,2,0,4,9,3,6,3,2,5,7,9,2,5,3,10,4,5,3,2,6,3,3,10,2,8,3,6,10,4,9,4,10,6,3,5,9,11,9,9,4,10,10,5,10,0,4,9,10,3,6,10,9,6,4,6,4,0,4,5,6,10,11,2,6,10,3,0,3,3,2,0,4,5,9,7,9,3,4
10,5,8,3,4,10,6,6,11,0,10,11,4,3,10,8,6,11,2,7,11,11,7,3,2,2,7,3,4,6,5,2,4,10,6,2,8,6,10,11,0,4,5,6,3,11,10,9,5,4,10,3,6,6,4,7,7,2,0,6,11,0,5,2,3,2,4,9,4,5,8,10,3,2,5,10,4,7,4,3,6,8,10,3,6,4,11,5,6,4,3,7,4,4,11,3,9,4,7,11,5,10,5,11,7,4,6,10,0,10,10,5,11,11,6,11,2,5,10,11,4,7,11,10,7,5,7,5,2,5,6,7,11,0,3,7,11,4,2,4,4,3,2,5,6,10,8,10,4,5
11,6,9,4,5,11,7,7,0,2,11,0,5,4,11,9,7,0,3,8,0,0,8,4,3,3,8,4,5,7,6,3,5,11,7,3,9,7,11,0,2,5,6,7,4,0,11,10,6,5,11,4,7,7,5,8,8,3,2,7,0,2,6,3,4,3,5,10,5,6,9,11,4,3,6,11,5,8,5,4,7,9,11,4,7,5,0,6,7,5,4,8,5,5,0,4,10,5,8,0,6,11,6,0,8,5,7,11,2,11,11,6,0,0,7,0,3,6,11,0,5,8,0,11,8,6,8,6,3,6,7,8,0,2,4,8,0,5,3,5,5,4,3,6,7,11,9,11,5,6
0,7,10,5,6,0,8,8,2,3,0,2,6,5,0,10,8,2,4,9,2,2,9,5,4,4,9,5,6,8,7,4,6,0,8,4,10,8,0,2,3,6,7,8,5,2,0,11,7,6,0,5,8,8,6,9,9,4,3,8,2,3,7,4,5,4,6,11,6,7,10,0,5,4,7,0,6,9,6,5,8,10,0,5,8,6,2,7,8,6,5,9,6,6,2,5,11,6,9,2,7,0,7,2,9,6,8,0,3,0,0,7,2,2,8,2,4,7,0,2,6,9,2,0,9,7,9,7,4,7,8,9,2,3,5,9,2,6,4,6,6,5,4,7,8,0,10,0,6,7
2,8,11,6,7,2,9,9,3,4,2,3,7,6,2,11,9,3,5,10,3,3,10,6,5,5,10,6,7,9,8,5,7,2,9,5,11,9,2,3,4,7,8,9,6,3,2,0,8,7,2,6,9,9,7,10,10,5,4,9,3,4,8,5,6,5,7,0,7,8,11,2,6,5,8,2,7,10,7,6,9,11,2,6,9,7,3,8,9,7,6,10,7,7,3,6,0,7,10,3,8,2,8,3,10,7,9,2,4,2,2,8,3,3,9,3,5,8,2,3,7,10,3,2,10,8,10,8,5,8,9,10,3,4,6,10,3,7,5,7,7,6,5,8,9,2,11,2,7,8
3,9,0,7,8,3,10,10,4,5,3,4,8,7,3,0,10,4,6,11,4,4,11,7,6,6,11,7,8,10,9,6,8,3,10,6,0,10,3,4,5,8,9,10,7,4,3,2,9,8,3,7,10,10,8,11,11,6,5,10,4,5,9,6,7,6,8,2,8,9,0,3,7,6,9,3,8,11,8,7,10,0,3,7,10,8,4,9,10,8,7,11,8,8,4,7,2,8,11,4,9,3,9,4,11,8,10,3,5,3,3,9,4,4,10,4,6,9,3,4,8,11,4,3,11,9,11,9,6,9,10,11,4,5,7,11,4,8,6,8,8,7,6,9,10,3,0,3,8,9
4,10,2,8,9,4,11,11,5,6,4,5,9,8,4,2,11,5,7,0,5,5,0,8,7,7,0,8,9,11,10,7,9,4,11,7,2,11,4,5,6,9,10,11,8,5,4,3,10,9,4,8,11,11,9,0,0,7,6,11,5,6,10,7,8,7,9,3,9,10,2,4,8,7,10,4,9,0,9,8,11,2,4,8,11,9,5,10,11,9,8,0,9,9,5,8,3,9,0,5,10,4,10,5,0,9,11,4,6,4,4,10,5,5,11,5,7,10,4,5,9,0,5,4,0,10,0,10,7,10,11,0,5,6,8,0,5,9,7,9,9,8,7,10,11,4,2,4,9,10
5,11,3,9,10,5,0,0,6,7,5,6,10,9,5,3,0,6,8,2,6,6,2,9,8,8,2,9,10,0,11,8,10,5,0,8,3,0,5,6,7,10,11,0,9,6,5,4,11,10,5,9,0,0,10,2,2,8,7,0,6,7,11,8,9,8,10,4,10,11,3,5,9,8,11,5,10,2,10,9,0,3,5,9,0,10,6,11,0,10,9,2,10,10,6,9,4,10,2,6,11,5,11,6,2,10,0,5,7,5,5,11,6,6,0,6,8,11,5,6,10,2,6,5,2,11,2,11,8,11,0,2,6,7,9,2,6,10,8,10,10,9,8,11,0,5,3,5,10,11
6,0,4,10,11,6,2,2,7,8,6,7,11,10,6,4,2,7,9,3,7,7,3,10,9,9,3,10,11,2,0,9,11,6,2,9,4,2,6,7,8,11,0,2,10,7,6,5,0,11,6,10,2,2,11,3,3,9,8,2,7,8,0,9,10,9,11,5,11,0,4,6,10,9,0,6,11,3,11,10,2,4,6,10,2,11,7,0,2,11,10,3,11,11,7,10,5,11,3,7,0,6,0,7,3,11,2,6,8,6,6,0,7,7,2,7,9,0,6,7,11,3,7,6,3,0,3,0,9,0,2,3,7,8,10,3,7,11,9,11,11,10,9,0,2,6,4,6,11,0
7,2,5,11,0,7,3,3,8,9,7,8,0,11,7,5,3,8,10,4,8,8,4,11,10,10,4,11,0,3,2,10,0,7,3,10,5,3,7,8,9,0,2,3,11,8,7,6,2,0,7,11,3,3,0,4,4,10,9,3,8,9,2,10,11,10,0,6,0,2,5,7,11,10,2,7,0,4,0,11,3,5,7,11,3,0,8,2,3,0,11,4,0,0,8,11,6,0,4,8,2,7,2,8,4,0,3,7,9,7,7,2,8,8,3,8,10,2,7,8,0,4,8,7,4,2,4,2,10,2,3,4,8,9,11,4,8,0,10,0,0,11,10,2,3,7,5,7,0,2
8,3,6,0,2,8,4,4,9,10,8,9,2,0,8,6,4,9,11,5,9,9,5,0,11,11,5,0,2,4,3,11,2,8,4,11,6,4,8,9,10,2,3,4,0,9,8,7,3,2,8,0,4,4,2,5,5,11,10,4,9,10,3,11,0,11,2,7,2,3,6,8,0,11,3,8,2,5,2,0,4,6,8,0,4,2,9,3,4,2,0,5,2,2,9,0,7,2,5,9,3,8,3,9,5,2,4,8,10,8,8,3,9,9,4,9,11,3,8,9,2,5,9,8,5,3,5,3,11,3,4,5,9,10,0,5,9,2,11,2,2,0,11,3,4,8,6,8,2,3
9,4,7,2,3,9,5,5,10,11,9,10,3,2,9,7,5,10,0,6,10,10,6,2,0,0,6,2,3,5,4,0,3,9,5,0,7,5,9,10,11,3,4,5,2,10,9,8,4,3,9,2,5,5,3,6,6,0,11,5,10,11,4,0,2,0,3,8,3,4,7,9,2,0,4,9,3,6,3,2,5,7,9,2,5,3,10,4,5,3,2,6,3,3,10,2,8,3,6,10,4,9,4,10,6,3,5,9,11,9,9,4,10,10,5,10,0,4,9,10,3,6,10,9,6,4,6,4,0,4,5,6,10,11,2,6,10,3,0,3,3,2,0,4,5,9,7,9,3,4
10,5,8,3,4,10,6,6,11,0,10,11,4,3,10,8,6,11,2,7,11,11,7,3,2,2,7,3,4,6,5,2,4,10,6,2,8,6,10,11,0,4,5,6,3,11,10,9,5,4,10,3,6,6,4,7,7,2,0,6,11,0,5,2,3,2,4,9,4,5,8,10,3,2,5,10,4,7,4,3,6,8,10,3,6,4,11,5,6,4,3,7,4,4,11,3,9,4,7,11,5,10,5,11,7,4,6,10,0,10,10,5,11,11,6,11,2,5,10,11,4,7,11,10,7,5,7,5,2,5,6,7,11,0,3,7,11,4,2,4,4,3,2,5,6,10,8,10,4,5
11,6,9,4,5,11,7,7,0,2,11,0,5,4,11,9,7,0,3,8,0,0,8,4,3,3,8,4,5,7,6,3,5,11,7,3,9,7,11,0,2,5,6,7,4,0,11,10,6,5,11,4,7,7,5,8,8,3,2,7,0,2,6,3,4,3,5,10,5,6,9,11,4,3,6,11,5,8,5,4,7,9,11,4,7,5,0,6,7,5,4,8,5,5,0,4,10,5,8,0,6,11,6,0,8,5,7,11,2,11,11,6,0,0,7,0,3,6,11,0,5,8,0,11,8,6,8,6,3,6,7,8,0,2,4,8,0,5,3,5,5,4,3,6,7,11,9,11,5,6
0,7,10,5,6,0,8,8,2,3,0,2,6,5,0,10,8,2,4,9,2,2,9,5,4,4,9,5,6,8,7,4,6,0,8,4,10,8,0,2,3,6,7,8,5,2,0,11,7,6,0,5,8,8,6,9,9,4,3,8,2,3,7,4,5,4,6,11,6,7,10,0,5,4,7,0,6,9,6,5,8,10,0,5,8,6,2,7,8,6,5,9,6,6,2,5,11,6,9,2,7,0,7,2,9,6,8,0,3,0,0,7,2,2,8,2,4,7,0,2,6,9,2,0,9,7,9,7,4,7,8,9,2,3,5,9,2,6,4,6,6,5,4,7,8,0,10,0,6,7
2,8,11,6,7,2,9,9,3,4,2,3,7,6,2,11,9,3,5,10,3,3,10,6,5,5,10,6,7,9,8,5,7,2,9,5,11,9,2,3,4,7,8,9,6,3,2,0,8,7,2,6,9,9,7,10,10,5,4,9,3,4,8,5,6,5,7,0,7,8,11,2,6,5,8,2,7,10,7,6,9,11,2,6,9,7,3,8,9,7,6,10,7,7,3,6,0,7,10,3,8,2,8,3,10,7,9,2,4,2,2,8,3,3,9,3,5,8,2,3,7,10,3,2,10,8,10,8,5,8,9,10,3,4,6,10,3,7,5,7,7,6,5,8,9,2,11,2,7,8
3,9,0,7,8,3,10,10,4,5,3,4,8,7,3,0,10,4,6,11,4,4,11,7,6,6,11,7,8,10,9,6,8,3,10,6,0,10,3,4,5,8,9,10,7,4,3,2,9,8,3,7,10,10,8,11,11,6,5,10,4,5,9,6,7,6,8,2,8,9,0,3,7,6,9,3,8,11,8,7,10,0,3,7,10,8,4,9,10,8,7,11,8,8,4,7,2,8,11,4,9,3,9,4,11,8,10,3,5,3,3,9,4,4,10,4,6,9,3,4,8,11,4,3,11,9,11,9,6,9,10,11,4,5,7,11,4,8,6,8,8,7,6,9,10,3,0,3,8,9
4,10,2,8,9,4,11,11,5,6,4,5,9,8,4,2,11,5,7,0,5,5,0,8,7,7,0,8,9,11,10,7,9,4,11,7,2,11,4,5,6,9,10,11,8,5,4,3,10,9,4,8,11,11,9,0,0,7,6,11,5,6,10,7,8,7,9,3,9,10,2,4,8,7,10,4,9,0,9,8,11,2,4,8,11,9,5,10,11,9,8,0,9,9,5,8,3,9,0,5,10,4,10,5,0,9,11,4,6,4,4,10,5,5,11,5,7,10,4,5,9,0,5,4,0,10,0,10,7,10,11,0,5,6,8,0,5,9,7,9,9,8,7,10,11,4,2,4,9,10
5,11,3,9,10,5,0,0,6,7,5,6,10,9,5,3,0,6,8,2,6,6,2,9,8,8,2,9,10,0,11,8,10,5,0,8,3,0,5,6,7,10,11,0,9,6,5,4,11,10,5,9,0,0,10,2,2,8,7,0,6,7,11,8,9,8,10,4,10,11,3,5,9,8,11,5,10,2,10,9,0,3,5,9,0,10,6,11,0,10,9,2,10,10,6,9,4,10,2,6,11,5,11,6,2,10,0,5,7,5,5,11,6,6,0,6,8,11,5,6,10,2,6,5,2,11,2,11,8,11,0,2,6,7,9,2,6,10,8,10,10,9,8,11,0,5,3,5,10,11
6,0,4,10,11,6,2,2,7,8,6,7,11,10,6,4,2,7,9,3,7,7,3,10,9,9,3,10,11,2,0,9,11,6,2,9,4,2,6,7,8,11,0,2,10,7,6,5,0,11,6,10,2,2,11,3,3,9,8,2,7,8,0,9,10,9,11,5,11,0,4,6,10,9,0,6,11,3,11,10,2,4,6,10,2,11,7,0,2,11,10,3,11,11,7,10,5,11,3,7,0,6,0,7,3,11,2,6,8,6,6,0,7,7,2,7,9,0,6,7,11,3,7,6,3,0,3,0,9,0,2,3,7,8,10,3,7,11,9,11,11,10,9,0,2,6,4,6,11,0
7,2,5,11,0,7,3,3,8,9,7,8,0,11,7,5,3,8,10,4,8,8,4,11,10,10,4,11,0,3,2,10,0,7,3,10,5,3,7,8,9,0,2,3,11,8,7,6,2,0,7,11,3,3,0,4,4,10,9,3,8,9,2,10,11,10,0,6,0,2,5,7,11,10,2,7,0,4,0,11,3,5,7,11,3,0,8,2,3,0,11,4,0,0,8,11,6,0,4,8,2,7,2,8,4,0,3,7,9,7,7,2,8,8,3,8,10,2,7,8,0,4,8,7,4,2,4,2,10,2,3,4,8,9,11,4,8,0,10,0,0,11,10,2,3,7,5,7,0,2
8,3,6,0,2,8,4,4,9,10,8,9,2,0,8,6,4,9,11,5,9,9,5,0,11,11,5,0,2,4,3,11,2,8,4,11,6,4,8,9,10,2,3,4,0,9,8,7,3,2,8,0,4,4,2,5,5,11,10,4,9,10,3,11,0,11,2,7,2,3,6,8,0,11,3,8,2,5,2,0,4,6,8,0,4,2,9,3,4,2,0,5,2,2,9,0,7,2,5,9,3,8,3,9,5,2,4,8,10,8,8,3,9,9,4,9,11,3,8,9,2,5,9,8,5,3,5,3,11,3,4,5,9,10,0,5,9,2,11,2,2,0,11,3,4,8,6,8,2,3
9,4,7,2,3,9,5,5,10,11,9,10,3,2,9,7,5,10,0,6,10,10,6,2,0,0,6,2,3,5,4,0,3,9,5,0,7,5,9,10,11,3,4,5,2,10,9,8,4,3,9,2,5,5,3,6,6,0,11,5,10,11,4,0,2,0,3,8,3,4,7,9,2,0,4,9,3,6,3,2,5,7,9,2,5,3,10,4,5,3,2,6,3,3,10,2,8,3,6,10,4,9,4,10,6,3,5,9,11,9,9,4,10,10,5,10,0,4,9,10,3,6,10,9,6,4,6,4,0,4,5,6,10,11,2,6,10,3,0,3,3,2,0,4,5,9,7,9,3,4
10,5,8,3,4,10,6,6,11,0,10,11,4,3,10,8,6,11,2,7,11,11,7,3,2,2,7,3,4,6,5,2,4,10,6,2,8,6,10,11,0,4,5,6,3,11,10,9,5,4,10,3,6,6,4,7,7,2,0,6,11,0,5,2,3,2,4,9,4,5,8,10,3,2,5,10,4,7,4,3,6,8,10,3,6,4,11,5,6,4,3,7,4,4,11,3,9,4,7,11,5,10,5,11,7,4,6,10,0,10,10,5,11,11,6,11,2,5,10,11,4,7,11,10,7,5,7,5,2,5,6,7,11,0,3,7,11,4,2,4,4,3,2,5,6,10,8,10,4,5
11,6,9,4,5,11,7,7,0,2,11,0,5,4,11,9,7,0,3,8,0,0,8,4,3,3,8,4,5,7,6,3,5,11,7,3,9,7,11,0,2,5,6,7,4,0,11,10,6,5,11,4,7,7,5,8,8,3,2,7,0,2,6,3,4,3,5,10,5,6,9,11,4,3,6,11,5,8,5,4,7,9,11,4,7,5,0,6,7,5,4,8,5,5,0,4,10,5,8,0,6,11,6,0,8,5,7,11,2,11,11,6,0,0,7,0,3,6,11,0,5,8,0,11,8,6,8,6,3,6,7,8,0,2,4,8,0,5,3,5,5,4,3,6,7,11,9,11,5,6
0,7,10,5,6,0,8,8,2,3,0,2,6,5,0,10,8,2,4,9,2,2,9,5,4,4,9,5,6,8,7,4,6,0,8,4,10,8,0,2,3,6,7,8,5,2,0,11,7,6,0,5,8,8,6,9,9,4,3,8,2,3,7,4,5,4,6,11,6,7,10,0,5,4,7,0,6,9,6,5,8,10,0,5,8,6,2,7,8,6,5,9,6,6,2,5,11,6,9,2,7,0,7,2,9,6,8,0,3,0,0,7,2,2,8,2,4,7,0,2,6,9,2,0,9,7,9,7,4,7,8,9,2,3,5,9,2,6,4,6,6,5,4,7,8,0,10,0,6,7
2,8,11,6,7,2,9,9,3,4,2,3,7,6,2,11,9,3,5,10,3,3,10,6,5,5,10,6,7,9,8,5,7,2,9,5,11,9,2,3,4,7,8,9,6,3,2,0,8,7,2,6,9,9,7,10,10,5,4,9,3,4,8,5,6,5,7,0,7,8,11,2,6,5,8,2,7,10,7,6,9,11,2,6,9,7,3,8,9,7,6,10,7,7,3,6,0,7,10,3,8,2,8,3,10,7,9,2,4,2,2,8,3,3,9,3,5,8,2,3,7,10,3,2,10,8,10,8,5,8,9,10,3,4,6,10,3,7,5,7,7,6,5,8,9,2,11,2,7,8
3,9,0,7,8,3,10,10,4,5,3,4,8,7,3,0,10,4,6,11,4,4,11,7,6,6,11,7,8,10,9,6,8,3,10,6,0,10,3,4,5,8,9,10,7,4,3,2,9,8,3,7,10,10,8,11,11,6,5,10,4,5,9,6,7,6,8,2,8,9,0,3,7,6,9,3,8,11,8,7,10,0,3,7,10,8,4,9,10,8,7,11,8,8,4,7,2,8,11,4,9,3,9,4,11,8,10,3,5,3,3,9,4,4,10,4,6,9,3,4,8,11,4,3,11,9,11,9,6,9,10,11,4,5,7,11,4,8,6,8,8,7,6,9,10,3,0,3,8,9
4,10,2,8,9,4,11,11,5,6,4,5,9,8,4,2,11,5,7,0,5,5,0,8,7,7,0,8,9,11,10,7,9,4,11,7,2,11,4,5,6,9,10,11,8,5,4,3,10,9,4,8,11,11,9,0,0,7,6,11,5,6,10,7,8,7,9,3,9,10,2,4,8,7,10,4,9,0,9,8,11,2,4,8,11,9,5,10,11,9,8,0,9,9,5,8,3,9,0,5,10,4,10,5,0,9,11,4,6,4,4,10,5,5,11,5,7,10,4,5,9,0,5,4,0,10,0,10,7,10,11,0,5,6,8,0,5,9,7,9,9,8,7,10,11,4,2,4,9,10
5,11,3,9,10,5,0,0,6,7,5,6,10,9,5,3,0,6,8,2,6,6,2,9,8,8,2,9,10,0,11,8,10,5,0,8,3,0,5,6,7,10,11,0,9,6,5,4,11,10,5,9,0,0,10,2,2,8,7,0,6,7,11,8,9,8,10,4,10,11,3,5,9,8,11,5,10,2,10,9,0,3,5,9,0,10,6,11,0,10,9,2,10,10,6,9,4,10,2,6,11,5,11,6,2,10,0,5,7,5,5,11,6,6,0,6,8,11,5,6,10,2,6,5,2,11,2,11,8,11,0,2,6,7,9,2,6,10,8,10,10,9,8,11,0,5,3,5,10,11
6,0,4,10,11,6,2,2,7,8,6,7,11,10,6,4,2,7,9,3,7,7,3,10,9,9,3,10,11,2,0,9,11,6,2,9,4,2,6,7,8,11,0,2,10,7,6,5,0,11,6,10,2,2,11,3,3,9,8,2,7,8,0,9,10,9,11,5,11,0,4,6,10,9,0,6,11,3,11,10,2,4,6,10,2,11,7,0,2,11,10,3,11,11,7,10,5,11,3,7,0,6,0,7,3,11,2,6,8,6,6,0,7,7,2,7,9,0,6,7,11,3,7,6,3,0,3,0,9,0,2,3,7,8,10,3,7,11,9,11,11,10,9,0,2,6,4,6,11,0
7,2,5,11,0,7,3,3,8,9,7,8,0,11,7,5,3,8,10,4,8,8,4,11,10,10,4,11,0,3,2,10,0,7,3,10,5,3,7,8,9,0,2,3,11,8,7,6,2,0,7,11,3,3,0,4,4,10,9,3,8,9,2,10,11,10,0,6,0,2,5,7,11,10,2,7,0,4,0,11,3,5,7,11,3,0,8,2,3,0,11,4,0,0,8,11,6,0,4,8,2,7,2,8,4,0,3,7,9,7,7,2,8,8,3,8,10,2,7,8,0,4,8,7,4,2,4,2,10,2,3,4,8,9,11,4,8,0,10,0,0,11,10,2,3,7,5,7,0,2
8,3,6,0,2,8,4,4,9,10,8,9,2,0,8,6,4,9,11,5,9,9,5,0,11,11,5,0,2,4,3,11,2,8,4,11,6,4,8,9,10,2,3,4,0,9,8,7,3,2,8,0,4,4,2,5,5,11,10,4,9,10,3,11,0,11,2,7,2,3,6,8,0,11,3,8,2,5,2,0,4,6,8,0,4,2,9,3,4,2,0,5,2,2,9,0,7,2,5,9,3,8,3,9,5,2,4,8,10,8,8,3,9,9,4,9,11,3,8,9,2,5,9,8,5,3,5,3,11,3,4,5,9,10,0,5,9,2,11,2,2,0,11,3,4,8,6,8,2,3
9,4,7,2,3,9,5,5,10,11,9,10,3,2,9,7,5,10,0,6,10,10,6,2,0,0,6,2,3,5,4,0,3,9,5,0,7,5,9,10,11,3,4,5,2,10,9,8,4,3,9,2,5,5,3,6,6,0,11,5,10,11,4,0,2,0,3,8,3,4,7,9,2,0,4,9,3,6,3,2,5,7,9,2,5,3,10,4,5,3,2,6,3,3,10,2,8,3,6,10,4,9,4,10,6,3,5,9,11,9,9,4,10,10,5,10,0,4,9,10,3,6,10,9,6,4,6,4,0,4,5,6,10,11,2,6,10,3,0,3,3,2,0,4,5,9,7,9,3,4
10,5,8,3,4,10,6,6,11,0,10,11,4,3,10,8,6,11,2,7,11,11,7,3,2,2,7,3,4,6,5,2,4,10,6,2,8,6,10,11,0,4,5,6,3,11,10,9,5,4,10,3,6,6,4,7,7,2,0,6,11,0,5,2,3,2,4,9,4,5,8,10,3,2,5,10,4,7,4,3,6,8,10,3,6,4,11,5,6,4,3,7,4,4,11,3,9,4,7,11,5,10,5,11,7,4,6,10,0,10,10,5,11,11,6,11,2,5,10,11,4,7,11,10,7,5,7,5,2,5,6,7,11,0,3,7,11,4,2,4,4,3,2,5,6,10,8,10,4,5
11,6,9,4,5,11,7,7,0,2,11,0,5,4,11,9,7,0,3,8,0,0,8,4,3,3,8,4,5,7,6,3,5,11,7,3,9,7,11,0,2,5,6,7,4,0,11,10,6,5,11,4,7,7,5,8,8,3,2,7,0,2,6,3,4,3,5,10,5,6,9,11,4,3,6,11,5,8,5,4,7,9,11,4,7,5,0,6,7,5,4,8,5,5,0,4,10,5,8,0,6,11,6,0,8,5,7,11,2,11,11,6,0,0,7,0,3,6,11,0,5,8,0,11,8,6,8,6,3,6,7,8,0,2,4,8,0,5,3,5,5,4,3,6,7,11,9,11,5,6
0,7,10,5,6,0,8,8,2,3,0,2,6,5,0,10,8,2,4,9,2,2,9,5,4,4,9,5,6,8,7,4,6,0,8,4,10,8,0,2,3,6,7,8,5,2,0,11,7,6,0,5,8,8,6,9,9,4,3,8,2,3,7,4,5,4,6,11,6,7,10,0,5,4,7,0,6,9,6,5,8,10,0,5,8,6,2,7,8,6,5,9,6,6,2,5,11,6,9,2,7,0,7,2,9,6,8,0,3,0,0,7,2,2,8,2,4,7,0,2,6,9,2,0,9,7,9,7,4,7,8,9,2,3,5,9,2,6,4,6,6,5,4,7,8,0,10,0,6,7
2,8,11,6,7,2,9,9,3,4,2,3,7,6,2,11,9,3,5,10,3,3,10,6,5,5,10,6,7,9,8,5,7,2,9,5,11,9,2,3,4,7,8,9,6,3,2,0,8,7,2,6,9,9,7,10,10,5,4,9,3,4,8,5,6,5,7,0,7,8,11,2,6,5,8,2,7,10,7,6,9,11,2,6,9,7,3,8,9,7,6,10,7,7,3,6,0,7,10,3,8,2,8,3,10,7,9,2,4,2,2,8,3,3,9,3,5,8,2,3,7,10,3,2,10,8,10,8,5,8,9,10,3,4,6,10,3,7,5,7,7,6,5,8,9,2,11,2,7,8
3,9,0,7,8,3,10,10,4,5,3,4,8,7,3,0,10,4,6,11,4,4,11,7,6,6,11,7,8,10,9,6,8,3,10,6,0,10,3,4,5,8,9,10,7,4,3,2,9,8,3,7,10,10,8,11,11,6,5,10,4,5,9,6,7,6,8,2,8,9,0,3,7,6,9,3,8,11,8,7,10,0,3,7,10,8,4,9,10,8,7,11,8,8,4,7,2,8,11,4,9,3,9,4,11,8,10,3,5,3,3,9,4,4,10,4,6,9,3,4,8,11,4,3,11,9,11,9,6,9,10,11,4,5,7,11,4,8,6,8,8,7,6,9,10,3,0,3,8,9
4,10,2,8,9,4,11,11,5,6,4,5,9,8,4,2,11,5,7,0,5,5,0,8,7,7,0,8,9,11,10,7,9,4,11,7,2,11,4,5,6,9,10,11,8,5,4,3,10,9,4,8,11,11,9,0,0,7,6,11,5,6,10,7,8,7,9,3,9,10,2,4,8,7,10,4,9,0,9,8,11,2,4,8,11,9,5,10,11,9,8,0,9,9,5,8,3,9,0,5,10,4,10,5,0,9,11,4,6,4,4,10,5,5,11,5,7,10,4,5,9,0,5,4,0,10,0,10,7,10,11,0,5,6,8,0,5,9,7,9,9,8,7,10,11,4,2,4,9,10
5,11,3,9,10,5,0,0,6,7,5,6,10,9,5,3,0,6,8,2,6,6,2,9,8,8,2,9,10,0,11,8,10,5,0,8,3,0,5,6,7,10,11,0,9,6,5,4,11,10,5,9,0,0,10,2,2,8,7,0,6,7,11,8,9,8,10,4,10,11,3,5,9,8,11,5,10,2,10,9,0,3,5,9,0,10,6,11,0,10,9,2,10,10,6,9,4,10,2,6,11,5,11,6,2,10,0,5,7,5,5,11,6,6,0,6,8,11,5,6,10,2,6,5,2,11,2,11,8,11,0,2,6,7,9,2,6,10,8,10,10,9,8,11,0,5,3,5,10,11
6,0,4,10,11,6,2,2,7,8,6,7,11,10,6,4,2,7,9,3,7,7,3,10,9,9,3,10,11,2,0,9,11,6,2,9,4,2,6,7,8,11,0,2,10,7,6,5,0,11,6,10,2,2,11,3,3,9,8,2,7,8,0,9,10,9,11,5,11,0,4,6,10,9,0,6,11,3,11,10,2,4,6,10,2,11,7,0,2,11,10,3,11,11,7,10,5,11,3,7,0,6,0,7,3,11,2,6,8,6,6,0,7,7,2,7,9,0,6,7,11,3,7,6,3,0,3,0,9,0,2,3,7,8,10,3,7,11,9,11,11,10,9,0,2,6,4,6,11,0
7,2,5,11,0,7,3,3,8,9,7,8,0,11,7,5,3,8,10,4,8,8,4,11,10,10,4,11,0,3,2,10,0,7,3,10,5,3,7,8,9,0,2,3,11,8,7,6,2,0,7,11,3,3,0,4,4,10,9,3,8,9,2,10,11,10,0,6,0,2,5,7,11,10,2,7,0,4,0,11,3,5,7,11,3,0,8,2,3,0,11,4,0,0,8,11,6,0,4,8,2,7,2,8,4,0,3,7,9,7,7,2,8,8,3,8,10,2,7,8,0,4,8,7,4,2,4,2,10,2,3,4,8,9,11,4,8,0,10,0,0,11,10,2,3,7,5,7,0,2
8,3,6,0,2,8,4,4,9,10,8,9,2,0,8,6,4,9,11,5,9,9,5,0,11,11,5,0,2,4,3,11,2,8,4,11,6,4,8,9,10,2,3,4,0,9,8,7,3,2,8,0,4,4,2,5,5,11,10,4,9,10,3,11,0,11,2,7,2,3,6,8,0,11,3,8,2,5,2,0,4,6,8,0,4,2,9,3,4,2,0,5,2,2,9,0,7,2,5,9,3,8,3,9,5,2,4,8,10,8,8,3,9,9,4,9,11,3,8,9,2,5,9,8,5,3,5,3,11,3,4,5,9,10,0,5,9,2,11,2,2,0,11,3,4,8,6,8,2,3
9,4,7,2,3,9,5,5,10,11,9,10,3,2,9,7,5,10,0,6,10,10,6,2,0,0,6,2,3,5,4,0,3,9,5,0,7,5,9,10,11,3,4,5,2,10,9,8,4,3,9,2,5,5,3,6,6,0,11,5,10,11,4,0,2,0,3,8,3,4,7,9,2,0,4,9,3,6,3,2,5,7,9,2,5,3,10,4,5,3,2,6,3,3,10,2,8,3,6,10,4,9,4,10,6,3,5,9,11,9,9,4,10,10,5,10,0,4,9,10,3,6,10,9,6,4,6,4,0,4,5,6,10,11,2,6,10,3,0,3,3,2,0,4,5,9,7,9,3,4
10,5,8,3,4,10,6,6,11,0,10,11,4,3,10,8,6,11,2,7,11,11,7,3,2,2,7,3,4,6,5,2,4,10,6,2,8,6,10,11,0,4,5,6,3,11,10,9,5,4,10,3,6,6,4,7,7,2,0,6,11,0,5,2,3,2,4,9,4,5,8,10,3,2,5,10,4,7,4,3,6,8,10,3,6,4,11,5,6,4,3,7,4,4,11,3,9,4,7,11,5,10,5,11,7,4,6,10,0,10,10,5,11,11,6,11,2,5,10,11,4,7,11,10,7,5,7,5,2,5,6,7,11,0,3,7,11,4,2,4,4,3,2,5,6,10,8,10,4,5
11,6,9,4,5,11,7,7,0,2,11,0,5,4,11,9,7,0,3,8,0,0,8,4,3,3,8,4,5,7,6,3,5,11,7,3,9,7,11,0,2,5,6,7,4,0,11,10,6,5,11,4,7,7,5,8,8,3,2,7,0,2,6,3,4,3,5,10,5,6,9,11,4,3,6,11,5,8,5,4,7,9,11,4,7,5,0,6,7,5,4,8,5,5,0,4,10,5,8,0,6,11,6,0,8,5,7,11,2,11,11,6,0,0,7,0,3,6,11,0,5,8,0,11,8,6,8,6,3,6,7,8,0,2,4,8,0,5,3,5,5,4,3,6,7,11,9,11,5,6
0,7,10,5,6,0,8,8,2,3,0,2,6,5,0,10,8,2,4,9,2,2,9,5,4,4,9,5,6,8,7,4,6,0,8,4,10,8,0,2,3,6,7,8,5,2,0,11,7,6,0,5,8,8,6,9,9,4,3,8,2,3,7,4,5,4,6,11,6,7,10,0,5,4,7,0,6,9,6,5,8,10,0,5,8,6,2,7,8,6,5,9,6,6,2,5,11,6,9,2,7,0,7,2,9,6,8,0,3,0,0,7,2,2,8,2,4,7,0,2,6,9,2,0,9,7,9,7,4,7,8,9,2,3,5,9,2,6,4,6,6,5,4,7,8,0,10,0,6,7
2,8,11,6,7,2,9,9,3,4,2,3,7,6,2,11,9,3,5,10,3,3,10,6,5,5,10,6,7,9,8,5,7,2,9,5,11,9,2,3,4,7,8,9,6,3,2,0,8,7,2,6,9,9,7,10,10,5,4,9,3,4,8,5,6,5,7,0,7,8,11,2,6,5,8,2,7,10,7,6,9,11,2,6,9,7,3,8,9,7,6,10,7,7,3,6,0,7,10,3,8,2,8,3,10,7,9,2,4,2,2,8,3,3,9,3,5,8,2,3,7,10,3,2,10,8,10,8,5,8,9,10,3,4,6,10,3,7,5,7,7,6,5,8,9,2,11,2,7,8
3,9,0,7,8,3,10,10,4,5,3,4,8,7,3,0,10,4,6,11,4,4,11,7,6,6,11,7,8,10,9,6,8,3,10,6,0,10,3,4,5,8,9,10,7,4,3,2,9,8,3,7,10,10,8,11,11,6,5,10,4,5,9,6,7,6,8,2,8,9,0,3,7,6,9,3,8,11,8,7,10,0,3,7,10,8,4,9,10,8,7,11,8,8,4,7,2,8,11,4,9,3,9,4,11,8,10,3,5,3,3,9,4,4,10,4,6,9,3,4,8,11,4,3,11,9,11,9,6,9,10,11,4,5,7,11,4,8,6,8,8,7,6,9,10,3,0,3,8,9
4,10,2,8,9,4,11,11,5,6,4,5,9,8,4,2,11,5,7,0,5,5,0,8,7,7,0,8,9,11,10,7,9,4,11,7,2,11,4,5,6,9,10,11,8,5,4,3,10,9,4,8,11,11,9,0,0,7,6,11,5,6,10,7,8,7,9,3,9,10,2,4,8,7,10,4,9,0,9,8,11,2,4,8,11,9,5,10,11,9,8,0,9,9,5,8,3,9,0,5,10,4,10,5,0,9,11,4,6,4,4,10,5,5,11,5,7,10,4,5,9,0,5,4,0,10,0,10,7,10,11,0,5,6,8,0,5,9,7,9,9,8,7,10,11,4,2,4,9,10
5,11,3,9,10,5,0,0,6,7,5,6,10,9,5,3,0,6,8,2,6,6,2,9,8,8,2,9,10,0,11,8,10,5,0,8,3,0,5,6,7,10,11,0,9,6,5,4,11,10,5,9,0,0,10,2,2,8,7,0,6,7,11,8,9,8,10,4,10,11,3,5,9,8,11,5,10,2,10,9,0,3,5,9,0,10,6,11,0,10,9,2,10,10,6,9,4,10,2,6,11,5,11,6,2,10,0,5,7,5,5,11,6,6,0,6,8,11,5,6,10,2,6,5,2,11,2,11,8,11,0,2,6,7,9,2,6,10,8,10,10,9,8,11,0,5,3,5,10,11
6,0,4,10,11,6,2,2,7,8,6,7,11,10,6,4,2,7,9,3,7,7,3,10,9,9,3,10,11,2,0,9,11,6,2,9,4,2,6,7,8,11,0,2,10,7,6,5,0,11,6,10,2,2,11,3,3,9,8,2,7,8,0,9,10,9,11,5,11,0,4,6,10,9,0,6,11,3,11,10,2,4,6,10,2,11,7,0,2,11,10,3,11,11,7,10,5,11,3,7,0,6,0,7,3,11,2,6,8,6,6,0,7,7,2,7,9,0,6,7,11,3,7,6,3,0,3,0,9,0,2,3,7,8,10,3,7,11,9,11,11,10,9,0,2,6,4,6,11,0
7,2,5,11,0,7,3,3,8,9,7,8,0,11,7,5,3,8,10,4,8,8,4,11,10,10,4,11,0,3,2,10,0,7,3,10,5,3,7,8,9,0,2,3,11,8,7,6,2,0,7,11,3,3,0,4,4,10,9,3,8,9,2,10,11,10,0,6,0,2,5,7,11,10,2,7,0,4,0,11,3,5,7,11,3,0,8,2,3,0,11,4,0,0,8,11,6,0,4,8,2,7,2,8,4,0,3,7,9,7,7,2,8,8,3,8,10,2,7,8,0,4,8,7,4,2,4,2,10,2,3,4,8,9,11,4,8,0,10,0,0,11,10,2,3,7,5,7,0,2
8,3,6,0,2,8,4,4,9,10,8,9,2,0,8,6,4,9,11,5,9,9,5,0,11,11,5,0,2,4,3,11,2,8,4,11,6,4,8,9,10,2,3,4,0,9,8,7,3,2,8,0,4,4,2,5,5,11,10,4,9,10,3,11,0,11,2,7,2,3,6,8,0,11,3,8,2,5,2,0,4,6,8,0,4,2,9,3,4,2,0,5,2,2,9,0,7,2,5,9,3,8,3,9,5,2,4,8,10,8,8,3,9,9,4,9,11,3,8,9,2,5,9,8,5,3,5,3,11,3,4,5,9,10,0,5,9,2,11,2,2,0,11,3,4,8,6,8,2,3
9,4,7,2,3,9,5,5,10,11,9,10,3,2,9,7,5,10,0,6,10,10,6,2,0,0,6,2,3,5,4,0,3,9,5,0,7,5,9,10,11,3,4,5,2,10,9,8,4,3,9,2,5,5,3,6,6,0,11,5,10,11,4,0,2,0,3,8,3,4,7,9,2,0,4,9,3,6,3,2,5,7,9,2,5,3,10,4,5,3,2,6,3,3,10,2,8,3,6,10,4,9,4,10,6,3,5,9,11,9,9,4,10,10,5,10,0,4,9,10,3,6,10,9,6,4,6,4,0,4,5,6,10,11,2,6,10,3,0,3,3,2,0,4,5,9,7,9,3,4
10,5,8,3,4,10,6,6,11,0,10,11,4,3,10,8,6,11,2,7,11,11,7,3,2,2,7,3,4,6,5,2,4,10,6,2,8,6,10,11,0,4,5,6,3,11,10,9,5,4,10,3,6,6,4,7,7,2,0,6,11,0,5,2,3,2,4,9,4,5,8,10,3,2,5,10,4,7,4,3,6,8,10,3,6,4,11,5,6,4,3,7,4,4,11,3,9,4,7,11,5,10,5,11,7,4,6,10,0,10,10,5,11,11,6,11,2,5,10,11,4,7,11,10,7,5,7,5,2,5,6,7,11,0,3,7,11,4,2,4,4,3,2,5,6,10,8,10,4,5
11,6,9,4,5,11,7,7,0,2,11,0,5,4,11,9,7,0,3,8,0,0,8,4,3,3,8,4,5,7,6,3,5,11,7,3,9,7,11,0,2,5,6,7,4,0,11,10,6,5,11,4,7,7,5,8,8,3,2,7,0,2,6,3,4,3,5,10,5,6,9,11,4,3,6,11,5,8,5,4,7,9,11,4,7,5,0,6,7,5,4,8,5,5,0,4,10,5,8,0,6,11,6,0,8,5,7,11,2,11,11,6,0,0,7,0,3,6,11,0,5,8,0,11,8,6,8,6,3,6,7,8,0,2,4,8,0,5,3,5,5,4,3,6,7,11,9,11,5,6
0,7,10,5,6,0,8,8,2,3,0,2,6,5,0,10,8,2,4,9,2,2,9,5,4,4,9,5,6,8,7,4,6,0,8,4,10,8,0,2,3,6,7,8,5,2,0,11,7,6,0,5,8,8,6,9,9,4,3,8,2,3,7,4,5,4,6,11,6,7,10,0,5,4,7,0,6,9,6,5,8,10,0,5,8,6,2,7,8,6,5,9,6,6,2,5,11,6,9,2,7,0,7,2,9,6,8,0,3,0,0,7,2,2,8,2,4,7,0,2,6,9,2,0,9,7,9,7,4,7,8,9,2,3,5,9,2,6,4,6,6,5,4,7,8,0,10,0,6,7
2,8,11,6,7,2,9,9,3,4,2,3,7,6,2,11,9,3,5,10,3,3,10,6,5,5,10,6,7,9,8,5,7,2,9,5,11,9,2,3,4,7,8,9,6,3,2,0,8,7,2,6,9,9,7,10,10,5,4,9,3,4,8,5,6,5,7,0,7,8,11,2,6,5,8,2,7,10,7,6,9,11,2,6,9,7,3,8,9,7,6,10,7,7,3,6,0,7,10,3,8,2,8,3,10,7,9,2,4,2,2,8,3,3,9,3,5,8,2,3,7,10,3,2,10,8,10,8,5,8,9,10,3,4,6,10,3,7,5,7,7,6,5,8,9,2,11,2,7,8
3,9,0,7,8,3,10,10,4,5,3,4,8,7,3,0,10,4,6,11,4,4,11,7,6,6,11,7,8,10,9,6,8,3,10,6,0,10,3,4,5,8,9,10,7,4,3,2,9,8,3,7,10,10,8,11,11,6,5,10,4,5,9,6,7,6,8,2,8,9,0,3,7,6,9,3,8,11,8,7,10,0,3,7,10,8,4,9,10,8,7,11,8,8,4,7,2,8,11,4,9,3,9,4,11,8,10,3,5,3,3,9,4,4,10,4,6,9,3,4,8,11,4,3,11,9,11,9,6,9,10,11,4,5,7,11,4,8,6,8,8,7,6,9,10,3,0,3,8,9
4,10,2,8,9,4,11,11,5,6,4,5,9,8,4,2,11,5,7,0,5,5,0,8,7,7,0,8,9,11,10,7,9,4,11,7,2,11,4,5,6,9,10,11,8,5,4,3,10,9,4,8,11,11,9,0,0,7,6,11,5,6,10,7,8,7,9,3,9,10,2,4,8,7,10,4,9,0,9,8,11,2,4,8,11,9,5,10,11,9,8,0,9,9,5,8,3,9,0,5,10,4,10,5,0,9,11,4,6,4,4,10,5,5,11,5,7,10,4,5,9,0,5,4,0,10,0,10,7,10,11,0,5,6,8,0,5,9,7,9,9,8,7,10,11,4,2,4,9,10
5,11,3,9,10,5,0,0,6,7,5,6,10,9,5,3,0,6,8,2,6,6,2,9,8,8,2,9,10,0,11,8,10,5,0,8,3,0,5,6,7,10,11,0,9,6,5,4,11,10,5,9,0,0,10,2,2,8,7,0,6,7,11,8,9,8,10,4,10,11,3,5,9,8,11,5,10,2,10,9,0,3,5,9,0,10,6,11,0,10,9,2,10,10,6,9,4,10,2,6,11,5,11,6,2,10,0,5,7,5,5,11,6,6,0,6,8,11,5,6,10,2,6,5,2,11,2,11,8,11,0,2,6,7,9,2,6,10,8,10,10,9,8,11,0,5,3,5,10,11
6,0,4,10,11,6,2,2,7,8,6,7,11,10,6,4,2,7,9,3,7,7,3,10,9,9,3,10,11,2,0,9,11,6,2,9,4,2,6,7,8,11,0,2,10,7,6,5,0,11,6,10,2,2,11,3,3,9,8,2,7,8,0,9,10,9,11,5,11,0,4,6,10,9,0,6,11,3,11,10,2,4,6,10,2,11,7,0,2,11,10,3,11,11,7,10,5,11,3,7,0,6,0,7,3,11,2,6,8,6,6,0,7,7,2,7,9,0,6,7,11,3,7,6,3,0,3,0,9,0,2,3,7,8,10,3,7,11,9,11,11,10,9,0,2,6,4,6,11,0
7,2,5,11,0,7,3,3,8,9,7,8,0,11,7,5,3,8,10,4,8,8,4,11,10,10,4,11,0,3,2,10,0,7,3,10,5,3,7,8,9,0,2,3,11,8,7,6,2,0,7,11,3,3,0,4,4,10,9,3,8,9,2,10,11,10,0,6,0,2,5,7,11,10,2,7,0,4,0,11,3,5,7,11,3,0,8,2,3,0,11,4,0,0,8,11,6,0,4,8,2,7,2,8,4,0,3,7,9,7,7,2,8,8,3,8,10,2,7,8,0,4,8,7,4,2,4,2,10,2,3,4,8,9,11,4,8,0,10,0,0,11,10,2,3,7,5,7,0,2
8,3,6,0,2,8,4,4,9,10,8,9,2,0,8,6,4,9,11,5,9,9,5,0,11,11,5,0,2,4,3,11,2,8,4,11,6,4,8,9,10,2,3,4,0,9,8,7,3,2,8,0,4,4,2,5,5,11,10,4,9,10,3,11,0,11,2,7,2,3,6,8,0,11,3,8,2,5,2,0,4,6,8,0,4,2,9,3,4,2,0,5,2,2,9,0,7,2,5,9,3,8,3,9,5,2,4,8,10,8,8,3,9,9,4,9,11,3,8,9,2,5,9,8,5,3,5,3,11,3,4,5,9,10,0,5,9,2,11,2,2,0,11,3,4,8,6,8,2,3
9,4,7,2,3,9,5,5,10,11,9,10,3,2,9,7,5,10,0,6,10,10,6,2,0,0,6,2,3,5,4,0,3,9,5,0,7,5,9,10,11,3,4,5,2,10,9,8,4,3,9,2,5,5,3,6,6,0,11,5,10,11,4,0,2,0,3,8,3,4,7,9,2,0,4,9,3,6,3,2,5,7,9,2,5,3,10,4,5,3,2,6,3,3,10,2,8,3,6,10,4,9,4,10,6,3,5,9,11,9,9,4,10,10,5,10,0,4,9,10,3,6,10,9,6,4,6,4,0,4,5,6,10,11,2,6,10,3,0,3,3,2,0,4,5,9,7,9,3,4
10,5,8,3,4,10,6,6,11,0,10,11,4,3,10,8,6,11,2,7,11,11,7,3,2,2,7,3,4,6,5,2,4,10,6,2,8,6,10,11,0,4,5,6,3,11,10,9,5,4,10,3,6,6,4,7,7,2,0,6,11,0,5,2,3,2,4,9,4,5,8,10,3,2,5,10,4,7,4,3,6,8,10,3,6,4,11,5,6,4,3,7,4,4,11,3,9,4,7,11,5,10,5,11,7,4,6,10,0,10,10,5,11,11,6,11,2,5,10,11,4,7,11,10,7,5,7,5,2,5,6,7,11,0,3,7,11,4,2,4,4,3,2,5,6,10,8,10,4,5
11,6,9,4,5,11,7,7,0,2,11,0,5,4,11,9,7,0,3,8,0,0,8,4,3,3,8,4,5,7,6,3,5,11,7,3,9,7,11,0,2,5,6,7,4,0,11,10,6,5,11,4,7,7,5,8,8,3,2,7,0,2,6,3,4,3,5,10,5,6,9,11,4,3,6,11,5,8,5,4,7,9,11,4,7,5,0,6,7,5,4,8,5,5,0,4,10,5,8,0,6,11,6,0,8,5,7,11,2,11,11,6,0,0,7,0,3,6,11,0,5,8,0,11,8,6,8,6,3,6,7,8,0,2,4,8,0,5,3,5,5,4,3,6,7,11,9,11,5,6
0,7,10,5,6,0,8,8,2,3,0,2,6,5,0,10,8,2,4,9,2,2,9,5,4,4,9,5,6,8,7,4,6,0,8,4,10,8,0,2,3,6,7,8,5,2,0,11,7,6,0,5,8,8,6,9,9,4,3,8,2,3,7,4,5,4,6,11,6,7,10,0,5,4,7,0,6,9,6,5,8,10,0,5,8,6,2,7,8,6,5,9,6,6,2,5,11,6,9,2,7,0,7,2,9,6,8,0,3,0,0,7,2,2,8,2,4,7,0,2,6,9,2,0,9,7,9,7,4,7,8,9,2,3,5,9,2,6,4,6,6,5,4,7,8,0,10,0,6,7
2,8,11,6,7,2,9,9,3,4,2,3,7,6,2,11,9,3,5,10,3,3,10,6,5,5,10,6,7,9,8,5,7,2,9,5,11,9,2,3,4,7,8,9,6,3,2,0,8,7,2,6,9,9,7,10,10,5,4,9,3,4,8,5,6,5,7,0,7,8,11,2,6,5,8,2,7,10,7,6,9,11,2,6,9,7,3,8,9,7,6,10,7,7,3,6,0,7,10,3,8,2,8,3,10,7,9,2,4,2,2,8,3,3,9,3,5,8,2,3,7,10,3,2,10,8,10,8,5,8,9,10,3,4,6,10,3,7,5,7,7,6,5,8,9,2,11,2,7,8
3,9,0,7,8,3,10,10,4,5,3,4,8,7,3,0,10,4,6,11,4,4,11,7,6,6,11,7,8,10,9,6,8,3,10,6,0,10,3,4,5,8,9,10,7,4,3,2,9,8,3,7,10,10,8,11,11,6,5,10,4,5,9,6,7,6,8,2,8,9,0,3,7,6,9,3,8,11,8,7,10,0,3,7,10,8,4,9,10,8,7,11,8,8,4,7,2,8,11,4,9,3,9,4,11,8,10,3,5,3,3,9,4,4,10,4,6,9,3,4,8,11,4,3,11,9,11,9,6,9,10,11,4,5,7,11,4,8,6,8,8,7,6,9,10,3,0,3,8,9
4,10,2,8,9,4,11,11,5,6,4,5,9,8,4,2,11,5,7,0,5,5,0,8,7,7,0,8,9,11,10,7,9,4,11,7,2,11,4,5,6,9,10,11,8,5,4,3,10,9,4,8,11,11,9,0,0,7,6,11,5,6,10,7,8,7,9,3,9,10,2,4,8,7,10,4,9,0,9,8,11,2,4,8,11,9,5,10,11,9,8,0,9,9,5,8,3,9,0,5,10,4,10,5,0,9,11,4,6,4,4,10,5,5,11,5,7,10,4,5,9,0,5,4,0,10,0,10,7,10,11,0,5,6,8,0,5,9,7,9,9,8,7,10,11,4,2,4,9,10
5,11,3,9,10,5,0,0,6,7,5,6,10,9,5,3,0,6,8,2,6,6,2,9,8,8,2,9,10,0,11,8,10,5,0,8,3,0,5,6,7,10,11,0,9,6,5,4,11,10,5,9,0,0,10,2,2,8,7,0,6,7,11,8,9,8,10,4,10,11,3,5,9,8,11,5,10,2,10,9,0,3,5,9,0,10,6,11,0,10,9,2,10,10,6,9,4,10,2,6,11,5,11,6,2,10,0,5,7,5,5,11,6,6,0,6,8,11,5,6,10,2,6,5,2,11,2,11,8,11,0,2,6,7,9,2,6,10,8,10,10,9,8,11,0,5,3,5,10,11
6,0,4,10,11,6,2,2,7,8,6,7,11,10,6,4,2,7,9,3,7,7,3,10,9,9,3,10,11,2,0,9,11,6,2,9,4,2,6,7,8,11,0,2,10,7,6,5,0,11,6,10,2,2,11,3,3,9,8,2,7,8,0,9,10,9,11,5,11,0,4,6,10,9,0,6,11,3,11,10,2,4,6,10,2,11,7,0,2,11,10,3,11,11,7,10,5,11,3,7,0,6,0,7,3,11,2,6,8,6,6,0,7,7,2,7,9,0,6,7,11,3,7,6,3,0,3,0,9,0,2,3,7,8,10,3,7,11,9,11,11,10,9,0,2,6,4,6,11,0
7,2,5,11,0,7,3,3,8,9,7,8,0,11,7,5,3,8,10,4,8,8,4,11,10,10,4,11,0,3,2,10,0,7,3,10,5,3,7,8,9,0,2,3,11,8,7,6,2,0,7,11,3,3,0,4,4,10,9,3,8,9,2,10,11,10,0,6,0,2,5,7,11,10,2,7,0,4,0,11,3,5,7,11,3,0,8,2,3,0,11,4,0,0,8,11,6,0,4,8,2,7,2,8,4,0,3,7,9,7,7,2,8,8,3,8,10,2,7,8,0,4,8,7,4,2,4,2,10,2,3,4,8,9,11,4,8,0,10,0,0,11,10,2,3,7,5,7,0,2
8,3,6,0,2,8,4,4,9,10,8,9,2,0,8,6,4,9,11,5,9,9,5,0,11,11,5,0,2,4,3,11,2,8,4,11,6,4,8,9,10,2,3,4,0,9,8,7,3,2,8,0,4,4,2,5,5,11,10,4,9,10,3,11,0,11,2,7,2,3,6,8,0,11,3,8,2,5,2,0,4,6,8,0,4,2,9,3,4,2,0,5,2,2,9,0,7,2,5,9,3,8,3,9,5,2,4,8,10,8,8,3,9,9,4,9,11,3,8,9,2,5,9,8,5,3,5,3,11,3,4,5,9,10,0,5,9,2,11,2,2,0,11,3,4,8,6,8,2,3
9,4,7,2,3,9,5,5,10,11,9,10,3,2,9,7,5,10,0,6,10,10,6,2,0,0,6,2,3,5,4,0,3,9,5,0,7,5,9,10,11,3,4,5,2,10,9,8,4,3,9,2,5,5,3,6,6,0,11,5,10,11,4,0,2,0,3,8,3,4,7,9,2,0,4,9,3,6,3,2,5,7,9,2,5,3,10,4,5,3,2,6,3,3,10,2,8,3,6,10,4,9,4,10,6,3,5,9,11,9,9,4,10,10,5,10,0,4,9,10,3,6,10,9,6,4,6,4,0,4,5,6,10,11,2,6,10,3,0,3,3,2,0,4,5,9,7,9,3,4
10,5,8,3,4,10,6,6,11,0,10,11,4,3,10,8,6,11,2,7,11,11,7,3,2,2,7,3,4,6,5,2,4,10,6,2,8,6,10,11,0,4,5,6,3,11,10,9,5,4,10,3,6,6,4,7,7,2,0,6,11,0,5,2,3,2,4,9,4,5,8,10,3,2,5,10,4,7,4,3,6,8,10,3,6,4,11,5,6,4,3,7,4,4,11,3,9,4,7,11,5,10,5,11,7,4,6,10,0,10,10,5,11,11,6,11,2,5,10,11,4,7,11,10,7,5,7,5,2,5,6,7,11,0,3,7,11,4,2,4,4,3,2,5,6,10,8,10,4,5
11,6,9,4,5,11,7,7,0,2,11,0,5,4,11,9,7,0,3,8,0,0,8,4,3,3,8,4,5,7,6,3,5,11,7,3,9,7,11,0,2,5,6,7,4,0,11,10,6,5,11,4,7,7,5,8,8,3,2,7,0,2,6,3,4,3,5,10,5,6,9,11,4,3,6,11,5,8,5,4,7,9,11,4,7,5,0,6,7,5,4,8,5,5,0,4,10,5,8,0,6,11,6,0,8,5,7,11,2,11,11,6,0,0,7,0,3,6,11,0,5,8,0,11,8,6,8,6,3,6,7,8,0,2,4,8,0,5,3,5,5,4,3,6,7,11,9,11,5,6
0,7,10,5,6,0,8,8,2,3,0,2,6,5,0,10,8,2,4,9,2,2,9,5,4,4,9,5,6,8,7,4,6,0,8,4,10,8,0,2,3,6,7,8,5,2,0,11,7,6,0,5,8,8,6,9,9,4,3,8,2,3,7,4,5,4,6,11,6,7,10,0,5,4,7,0,6,9,6,5,8,10,0,5,8,6,2,7,8,6,5,9,6,6,2,5,11,6,9,2,7,0,7,2,9,6,8,0,3,0,0,7,2,2,8,2,4,7,0,2,6,9,2,0,9,7,9,7,4,7,8,9,2,3,5,9,2,6,4,6,6,5,4,7,8,0,10,0,6,7
2,8,11,6,7,2,9,9,3,4,2,3,7,6,2,11,9,3,5,10,3,3,10,6,5,5,10,6,7,9,8,5,7,2,9,5,11,9,2,3,4,7,8,9,6,3,2,0,8,7,2,6,9,9,7,10,10,5,4,9,3,4,8,5,6,5,7,0,7,8,11,2,6,5,8,2,7,10,7,6,9,11,2,6,9,7,3,8,9,7,6,10,7,7,3,6,0,7,10,3,8,2,8,3,10,7,9,2,4,2,2,8,3,3,9,3,5,8,2,3,7,10,3,2,10,8,10,8,5,8,9,10,3,4,6,10,3,7,5,7,7,6,5,8,9,2,11,2,7,8
3,9,0,7,8,3,10,10,4,5,3,4,8,7,3,0,10,4,6,11,4,4,11,7,6,6,11,7,8,10,9,6,8,3,10,6,0,10,3,4,5,8,9,10,7,4,3,2,9,8,3,7,10,10,8,11,11,6,5,10,4,5,9,6,7,6,8,2,8,9,0,3,7,6,9,3,8,11,8,7,10,0,3,7,10,8,4,9,10,8,7,11,8,8,4,7,2,8,11,4,9,3,9,4,11,8,10,3,5,3,3,9,4,4,10,4,6,9,3,4,8,11,4,3,11,9,11,9,6,9,10,11,4,5,7,11,4,8,6,8,8,7,6,9,10,3,0,3,8,9
4,10,2,8,9,4,11,11,5,6,4,5,9,8,4,2,11,5,7,0,5,5,0,8,7,7,0,8,9,11,10,7,9,4,11,7,2,11,4,5,6,9,10,11,8,5,4,3,10,9,4,8,11,11,9,0,0,7,6,11,5,6,10,7,8,7,9,3,9,10,2,4,8,7,10,4,9,0,9,8,11,2,4,8,11,9,5,10,11,9,8,0,9,9,5,8,3,9,0,5,10,4,10,5,0,9,11,4,6,4,4,10,5,5,11,5,7,10,4,5,9,0,5,4,0,10,0,10,7,10,11,0,5,6,8,0,5,9,7,9,9,8,7,10,11,4,2,4,9,10
5,11,3,9,10,5,0,0,6,7,5,6,10,9,5,3,0,6,8,2,6,6,2,9,8,8,2,9,10,0,11,8,10,5,0,8,3,0,5,6,7,10,11,0,9,6,5,4,11,10,5,9,0,0,10,2,2,8,7,0,6,7,11,8,9,8,10,4,10,11,3,5,9,8,11,5,10,2,10,9,0,3,5,9,0,10,6,11,0,10,9,2,10,10,6,9,4,10,2,6,11,5,11,6,2,10,0,5,7,5,5,11,6,6,0,6,8,11,5,6,10,2,6,5,2,11,2,11,8,11,0,2,6,7,9,2,6,10,8,10,10,9,8,11,0,5,3,5,10,11
6,0,4,10,11,6,2,2,7,8,6,7,11,10,6,4,2,7,9,3,7,7,3,10,9,9,3,10,11,2,0,9,11,6,2,9,4,2,6,7,8,11,0,2,10,7,6,5,0,11,6,10,2,2,11,3,3,9,8,2,7,8,0,9,10,9,11,5,11,0,4,6,10,9,0,6,11,3,11,10,2,4,6,10,2,11,7,0,2,11,10,3,11,11,7,10,5,11,3,7,0,6,0,7,3,11,2,6,8,6,6,0,7,7,2,7,9,0,6,7,11,3,7,6,3,0,3,0,9,0,2,3,7,8,10,3,7,11,9,11,11,10,9,0,2,6,4,6,11,0
7,2,5,11,0,7,3,3,8,9,7,8,0,11,7,5,3,8,10,4,8,8,4,11,10,10,4,11,0,3,2,10,0,7,3,10,5,3,7,8,9,0,2,3,11,8,7,6,2,0,7,11,3,3,0,4,4,10,9,3,8,9,2,10,11,10,0,6,0,2,5,7,11,10,2,7,0,4,0,11,3,5,7,11,3,0,8,2,3,0,11,4,0,0,8,11,6,0,4,8,2,7,2,8,4,0,3,7,9,7,7,2,8,8,3,8,10,2,7,8,0,4,8,7,4,2,4,2,10,2,3,4,8,9,11,4,8,0,10,0,0,11,10,2,3,7,5,7,0,2
8,3,6,0,2,8,4,4,9,10,8,9,2,0,8,6,4,9,11,5,9,9,5,0,11,11,5,0,2,4,3,11,2,8,4,11,6,4,8,9,10,2,3,4,0,9,8,7,3,2,8,0,4,4,2,5,5,11,10,4,9,10,3,11,0,11,2,7,2,3,6,8,0,11,3,8,2,5,2,0,4,6,8,0,4,2,9,3,4,2,0,5,2,2,9,0,7,2,5,9,3,8,3,9,5,2,4,8,10,8,8,3,9,9,4,9,11,3,8,9,2,5,9,8,5,3,5,3,11,3,4,5,9,10,0,5,9,2,11,2,2,0,11,3,4,8,6,8,2,3
9,4,7,2,3,9,5,5,10,11,9,10,3,2,9,7,5,10,0,6,10,10,6,2,0,0,6,2,3,5,4,0,3,9,5,0,7,5,9,10,11,3,4,5,2,10,9,8,4,3,9,2,5,5,3,6,6,0,11,5,10,11,4,0,2,0,3,8,3,4,7,9,2,0,4,9,3,6,3,2,5,7,9,2,5,3,10,4,5,3,2,6,3,3,10,2,8,3,6,10,4,9,4,10,6,3,5,9,11,9,9,4,10,10,5,10,0,4,9,10,3,6,10,9,6,4,6,4,0,4,5,6,10,11,2,6,10,3,0,3,3,2,0,4,5,9,7,9,3,4
10,5,8,3,4,10,6,6,11,0,10,11,4,3,10,8,6,11,2,7,11,11,7,3,2,2,7,3,4,6,5,2,4,10,6,2,8,6,10,11,0,4,5,6,3,11,10,9,5,4,10,3,6,6,4,7,7,2,0,6,11,0,5,2,3,2,4,9,4,5,8,10,3,2,5,10,4,7,4,3,6,8,10,3,6,4,11,5,6,4,3,7,4,4,11,3,9,4,7,11,5,10,5,11,7,4,6,10,0,10,10,5,11,11,6,11,2,5,10,11,4,7,11,10,7,5,7,5,2,5,6,7,11,0,3,7,11,4,2,4,4,3,2,5,6,10,8,10,4,5
11,6,9,4,5,11,7,7,0,2,11,0,5,4,11,9,7,0,3,8,0,0,8,4,3,3,8,4,5,7,6,3,5,11,7,3,9,7,11,0,2,5,6,7,4,0,11,10,6,5,11,4,7,7,5,8,8,3,2,7,0,2,6,3,4,3,5,10,5,6,9,11,4,3,6,11,5,8,5,4,7,9,11,4,7,5,0,6,7,5,4,8,5,5,0,4,10,5,8,0,6,11,6,0,8,5,7,11,2,11,11,6,0,0,7,0,3,6,11,0,5,8,0,11,8,6,8,6,3,6,7,8,0,2,4,8,0,5,3,5,5,4,3,6,7,11,9,11,5,6
0,7,10,5,6,0,8,8,2,3,0,2,6,5,0,10,8,2,4,9,2,2,9,5,4,4,9,5,6,8,7,4,6,0,8,4,10,8,0,2,3,6,7,8,5,2,0,11,7,6,0,5,8,8,6,9,9,4,3,8,2,3,7,4,5,4,6,11,6,7,10,0,5,4,7,0,6,9,6,5,8,10,0,5,8,6,2,7,8,6,5,9,6,6,2,5,11,6,9,2,7,0,7,2,9,6,8,0,3,0,0,7,2,2,8,2,4,7,0,2,6,9,2,0,9,7,9,7,4,7,8,9,2,3,5,9,2,6,4,6,6,5,4,7,8,0,10,0,6,7
2,8,11,6,7,2,9,9,3,4,2,3,7,6,2,11,9,3,5,10,3,3,10,6,5,5,10,6,7,9,8,5,7,2,9,5,11,9,2,3,4,7,8,9,6,3,2,0,8,7,2,6,9,9,7,10,10,5,4,9,3,4,8,5,6,5,7,0,7,8,11,2,6,5,8,2,7,10,7,6,9,11,2,6,9,7,3,8,9,7,6,10,7,7,3,6,0,7,10,3,8,2,8,3,10,7,9,2,4,2,2,8,3,3,9,3,5,8,2,3,7,10,3,2,10,8,10,8,5,8,9,10,3,4,6,10,3,7,5,7,7,6,5,8,9,2,11,2,7,8
3,9,0,7,8,3,10,10,4,5,3,4,8,7,3,0,10,4,6,11,4,4,11,7,6,6,11,7,8,10,9,6,8,3,10,6,0,10,3,4,5,8,9,10,7,4,3,2,9,8,3,7,10,10,8,11,11,6,5,10,4,5,9,6,7,6,8,2,8,9,0,3,7,6,9,3,8,11,8,7,10,0,3,7,10,8,4,9,10,8,7,11,8,8,4,7,2,8,11,4,9,3,9,4,11,8,10,3,5,3,3,9,4,4,10,4,6,9,3,4,8,11,4,3,11,9,11,9,6,9,10,11,4,5,7,11,4,8,6,8,8,7,6,9,10,3,0,3,8,9
4,10,2,8,9,4,11,11,5,6,4,5,9,8,4,2,11,5,7,0,5,5,0,8,7,7,0,8,9,11,10,7,9,4,11,7,2,11,4,5,6,9,10,11,8,5,4,3,10,9,4,8,11,11,9,0,0,7,6,11,5,6,10,7,8,7,9,3,9,10,2,4,8,7,10,4,9,0,9,8,11,2,4,8,11,9,5,10,11,9,8,0,9,9,5,8,3,9,0,5,10,4,10,5,0,9,11,4,6,4,4,10,5,5,11,5,7,10,4,5,9,0,5,4,0,10,0,10,7,10,11,0,5,6,8,0,5,9,7,9,9,8,7,10,11,4,2,4,9,10
5,11,3,9,10,5,0,0,6,7,5,6,10,9,5,3,0,6,8,2,6,6,2,9,8,8,2,9,10,0,11,8,10,5,0,8,3,0,5,6,7,10,11,0,9,6,5,4,11,10,5,9,0,0,10,2,2,8,7,0,6,7,11,8,9,8,10,4,10,11,3,5,9,8,11,5,10,2,10,9,0,3,5,9,0,10,6,11,0,10,9,2,10,10,6,9,4,10,2,6,11,5,11,6,2,10,0,5,7,5,5,11,6,6,0,6,8,11,5,6,10,2,6,5,2,11,2,11,8,11,0,2,6,7,9,2,6,10,8,10,10,9,8,11,0,5,3,5,10,11
6,0,4,10,11,6,2,2,7,8,6,7,11,10,6,4,2,7,9,3,7,7,3,10,9,9,3,10,11,2,0,9,11,6,2,9,4,2,6,7,8,11,0,2,10,7,6,5,0,11,6,10,2,2,11,3,3,9,8,2,7,8,0,9,10,9,11,5,11,0,4,6,10,9,0,6,11,3,11,10,2,4,6,10,2,11,7,0,2,11,10,3,11,11,7,10,5,11,3,7,0,6,0,7,3,11,2,6,8,6,6,0,7,7,2,7,9,0,6,7,11,3,7,6,3,0,3,0,9,0,2,3,7,8,10,3,7,11,9,11,11,10,9,0,2,6,4,6,11,0
7,2,5,11,0,7,3,3,8,9,7,8,0,11,7,5,3,8,10,4,8,8,4,11,10,10,4,11,0,3,2,10,0,7,3,10,5,3,7,8,9,0,2,3,11,8,7,6,2,0,7,11,3,3,0,4,4,10,9,3,8,9,2,10,11,10,0,6,0,2,5,7,11,10,2,7,0,4,0,11,3,5,7,11,3,0,8,2,3,0,11,4,0,0,8,11,6,0,4,8,2,7,2,8,4,0,3,7,9,7,7,2,8,8,3,8,10,2,7,8,0,4,8,7,4,2,4,2,10,2,3,4,8,9,11,4,8,0,10,0,0,11,10,2,3,7,5,7,0,2
8,3,6,0,2,8,4,4,9,10,8,9,2,0,8,6,4,9,11,5,9,9,5,0,11,11,5,0,2,4,3,11,2,8,4,11,6,4,8,9,10,2,3,4,0,9,8,7,3,2,8,0,4,4,2,5,5,11,10,4,9,10,3,11,0,11,2,7,2,3,6,8,0,11,3,8,2,5,2,0,4,6,8,0,4,2,9,3,4,2,0,5,2,2,9,0,7,2,5,9,3,8,3,9,5,2,4,8,10,8,8,3,9,9,4,9,11,3,8,9,2,5,9,8,5,3,5,3,11,3,4,5,9,10,0,5,9,2,11,2,2,0,11,3,4,8,6,8,2,3
9,4,7,2,3,9,5,5,10,11,9,10,3,2,9,7,5,10,0,6,10,10,6,2,0,0,6,2,3,5,4,0,3,9,5,0,7,5,9,10,11,3,4,5,2,10,9,8,4,3,9,2,5,5,3,6,6,0,11,5,10,11,4,0,2,0,3,8,3,4,7,9,2,0,4,9,3,6,3,2,5,7,9,2,5,3,10,4,5,3,2,6,3,3,10,2,8,3,6,10,4,9,4,10,6,3,5,9,11,9,9,4,10,10,5,10,0,4,9,10,3,6,10,9,6,4,6,4,0,4,5,6,10,11,2,6,10,3,0,3,3,2,0,4,5,9,7,9,3,4
10,5,8,3,4,10,6,6,11,0,10,11,4,3,10,8,6,11,2,7,11,11,7,3,2,2,7,3,4,6,5,2,4,10,6,2,8,6,10,11,0,4,5,6,3,11,10,9,5,4,10,3,6,6,4,7,7,2,0,6,11,0,5,2,3,2,4,9,4,5,8,10,3,2,5,10,4,7,4,3,6,8,10,3,6,4,11,5,6,4,3,7,4,4,11,3,9,4,7,11,5,10,5,11,7,4,6,10,0,10,10,5,11,11,6,11,2,5,10,11,4,7,11,10,7,5,7,5,2,5,6,7,11,0,3,7,11,4,2,4,4,3,2,5,6,10,8,10,4,5
11,6,9,4,5,11,7,7,0,2,11,0,5,4,11,9,7,0,3,8,0,0,8,4,3,3,8,4,5,7,6,3,5,11,7,3,9,7,11,0,2,5,6,7,4,0,11,10,6,5,11,4,7,7,5,8,8,3,2,7,0,2,6,3,4,3,5,10,5,6,9,11,4,3,6,11,5,8,5,4,7,9,11,4,7,5,0,6,7,5,4,8,5,5,0,4,10,5,8,0,6,11,6,0,8,5,7,11,2,11,11,6,0,0,7,0,3,6,11,0,5,8,0,11,8,6,8,6,3,6,7,8,0,2,4,8,0,5,3,5,5,4,3,6,7,11,9,11,5,6
0,7,10,5,6,0,8,8,2,3,0,2,6,5,0,10,8,2,4,9,2,2,9,5,4,4,9,5,6,8,7,4,6,0,8,4,10,8,0,2,3,6,7,8,5,2,0,11,7,6,0,5,8,8,6,9,9,4,3,8,2,3,7,4,5,4,6,11,6,7,10,0,5,4,7,0,6,9,6,5,8,10,0,5,8,6,2,7,8,6,5,9,6,6,2,5,11,6,9,2,7,0,7,2,9,6,8,0,3,0,0,7,2,2,8,2,4,7,0,2,6,9,2,0,9,7,9,7,4,7,8,9,2,3,5,9,2,6,4,6,6,5,4,7,8,0,10,0,6,7
2,8,11,6,7,2,9,9,3,4,2,3,7,6,2,11,9,3,5,10,3,3,10,6,5,5,10,6,7,9,8,5,7,2,9,5,11,9,2,3,4,7,8,9,6,3,2,0,8,7,2,6,9,9,7,10,10,5,4,9,3,4,8,5,6,5,7,0,7,8,11,2,6,5,8,2,7,10,7,6,9,11,2,6,9,7,3,8,9,7,6,10,7,7,3,6,0,7,10,3,8,2,8,3,10,7,9,2,4,2,2,8,3,3,9,3,5,8,2,3,7,10,3,2,10,8,10,8,5,8,9,10,3,4,6,10,3,7,5,7,7,6,5,8,9,2,11,2,7,8
3,9,0,7,8,3,10,10,4,5,3,4,8,7,3,0,10,4,6,11,4,4,11,7,6,6,11,7,8,10,9,6,8,3,10,6,0,10,3,4,5,8,9,10,7,4,3,2,9,8,3,7,10,10,8,11,11,6,5,10,4,5,9,6,7,6,8,2,8,9,0,3,7,6,9,3,8,11,8,7,10,0,3,7,10,8,4,9,10,8,7,11,8,8,4,7,2,8,11,4,9,3,9,4,11,8,10,3,5,3,3,9,4,4,10,4,6,9,3,4,8,11,4,3,11,9,11,9,6,9,10,11,4,5,7,11,4,8,6,8,8,7,6,9,10,3,0,3,8,9
4,10,2,8,9,4,11,11,5,6,4,5,9,8,4,2,11,5,7,0,5,5,0,8,7,7,0,8,9,11,10,7,9,4,11,7,2,11,4,5,6,9,10,11,8,5,4,3,10,9,4,8,11,11,9,0,0,7,6,11,5,6,10,7,8,7,9,3,9,10,2,4,8,7,10,4,9,0,9,8,11,2,4,8,11,9,5,10,11,9,8,0,9,9,5,8,3,9,0,5,10,4,10,5,0,9,11,4,6,4,4,10,5,5,11,5,7,10,4,5,9,0,5,4,0,10,0,10,7,10,11,0,5,6,8,0,5,9,7,9,9,8,7,10,11,4,2,4,9,10
5,11,3,9,10,5,0,0,6,7,5,6,10,9,5,3,0,6,8,2,6,6,2,9,8,8,2,9,10,0,11,8,10,5,0,8,3,0,5,6,7,10,11,0,9,6,5,4,11,10,5,9,0,0,10,2,2,8,7,0,6,7,11,8,9,8,10,4,10,11,3,5,9,8,11,5,10,2,10,9,0,3,5,9,0,10,6,11,0,10,9,2,10,10,6,9,4,10,2,6,11,5,11,6,2,10,0,5,7,5,5,11,6,6,0,6,8,11,5,6,10,2,6,5,2,11,2,11,8,11,0,2,6,7,9,2,6,10,8,10,10,9,8,11,0,5,3,5,10,11
6,0,4,10,11,6,2,2,7,8,6,7,11,10,6,4,2,7,9,3,7,7,3,10,9,9,3,10,11,2,0,9,11,6,2,9,4,2,6,7,8,11,0,2,10,7,6,5,0,11,6,10,2,2,11,3,3,9,8,2,7,8,0,9,10,9,11,5,11,0,4,6,10,9,0,6,11,3,11,10,2,4,6,10,2,11,7,0,2,11,10,3,11,11,7,10,5,11,3,7,0,6,0,7,3,11,2,6,8,6,6,0,7,7,2,7,9,0,6,7,11,3,7,6,3,0,3,0,9,0,2,3,7,8,10,3,7,11,9,11,11,10,9,0,2,6,4,6,11,0
7,2,5,11,0,7,3,3,8,9,7,8,0,11,7,5,3,8,10,4,8,8,4,11,10,10,4,11,0,3,2,10,0,7,3,10,5,3,7,8,9,0,2,3,11,8,7,6,2,0,7,11,3,3,0,4,4,10,9,3,8,9,2,10,11,10,0,6,0,2,5,7,11,10,2,7,0,4,0,11,3,5,7,11,3,0,8,2,3,0,11,4,0,0,8,11,6,0,4,8,2,7,2,8,4,0,3,7,9,7,7,2,8,8,3,8,10,2,7,8,0,4,8,7,4,2,4,2,10,2,3,4,8,9,11,4,8,0,10,0,0,11,10,2,3,7,5,7,0,2
8,3,6,0,2,8,4,4,9,10,8,9,2,0,8,6,4,9,11,5,9,9,5,0,11,11,5,0,2,4,3,11,2,8,4,11,6,4,8,9,10,2,3,4,0,9,8,7,3,2,8,0,4,4,2,5,5,11,10,4,9,10,3,11,0,11,2,7,2,3,6,8,0,11,3,8,2,5,2,0,4,6,8,0,4,2,9,3,4,2,0,5,2,2,9,0,7,2,5,9,3,8,3,9,5,2,4,8,10,8,8,3,9,9,4,9,11,3,8,9,2,5,9,8,5,3,5,3,11,3,4,5,9,10,0,5,9,2,11,2,2,0,11,3,4,8,6,8,2,3
9,4,7,2,3,9,5,5,10,11,9,10,3,2,9,7,5,10,0,6,10,10,6,2,0,0,6,2,3,5,4,0,3,9,5,0,7,5,9,10,11,3,4,5,2,10,9,8,4,3,9,2,5,5,3,6,6,0,11,5,10,11,4,0,2,0,3,8,3,4,7,9,2,0,4,9,3,6,3,2,5,7,9,2,5,3,10,4,5,3,2,6,3,3,10,2,8,3,6,10,4,9,4,10,6,3,5,9,11,9,9,4,10,10,5,10,0,4,9,10,3,6,10,9,6,4,6,4,0,4,5,6,10,11,2,6,10,3,0,3,3,2,0,4,5,9,7,9,3,4
10,5,8,3,4,10,6,6,11,0,10,11,4,3,10,8,6,11,2,7,11,11,7,3,2,2,7,3,4,6,5,2,4,10,6,2,8,6,10,11,0,4,5,6,3,11,10,9,5,4,10,3,6,6,4,7,7,2,0,6,11,0,5,2,3,2,4,9,4,5,8,10,3,2,5,10,4,7,4,3,6,8,10,3,6,4,11,5,6,4,3,7,4,4,11,3,9,4,7,11,5,10,5,11,7,4,6,10,0,10,10,5,11,11,6,11,2,5,10,11,4,7,11,10,7,5,7,5,2,5,6,7,11,0,3,7,11,4,2,4,4,3,2,5,6,10,8,10,4,5
11,6,9,4,5,11,7,7,0,2,11,0,5,4,11,9,7,0,3,8,0,0,8,4,3,3,8,4,5,7,6,3,5,11,7,3,9,7,11,0,2,5,6,7,4,0,11,10,6,5,11,4,7,7,5,8,8,3,2,7,0,2,6,3,4,3,5,10,5,6,9,11,4,3,6,11,5,8,5,4,7,9,11,4,7,5,0,6,7,5,4,8,5,5,0,4,10,5,8,0,6,11,6,0,8,5,7,11,2,11,11,6,0,0,7,0,3,6,11,0,5,8,0,11,8,6,8,6,3,6,7,8,0,2,4,8,0,5,3,5,5,4,3,6,7,11,9,11,5,6
0,7,10,5,6,0,8,8,2,3,0,2,6,5,0,10,8,2,4,9,2,2,9,5,4,4,9,5,6,8,7,4,6,0,8,4,10,8,0,2,3,6,7,8,5,2,0,11,7,6,0,5,8,8,6,9,9,4,3,8,2,3,7,4,5,4,6,11,6,7,10,0,5,4,7,0,6,9,6,5,8,10,0,5,8,6,2,7,8,6,5,9,6,6,2,5,11,6,9,2,7,0,7,2,9,6,8,0,3,0,0,7,2,2,8,2,4,7,0,2,6,9,2,0,9,7,9,7,4,7,8,9,2,3,5,9,2,6,4,6,6,5,4,7,8,0,10,0,6,7
2,8,11,6,7,2,9,9,3,4,2,3,7,6,2,11,9,3,5,10,3,3,10,6,5,5,10,6,7,9,8,5,7,2,9,5,11,9,2,3,4,7,8,9,6,3,2,0,8,7,2,6,9,9,7,10,10,5,4,9,3,4,8,5,6,5,7,0,7,8,11,2,6,5,8,2,7,10,7,6,9,11,2,6,9,7,3,8,9,7,6,10,7,7,3,6,0,7,10,3,8,2,8,3,10,7,9,2,4,2,2,8,3,3,9,3,5,8,2,3,7,10,3,2,10,8,10,8,5,8,9,10,3,4,6,10,3,7,5,7,7,6,5,8,9,2,11,2,7,8
3,9,0,7,8,3,10,10,4,5,3,4,8,7,3,0,10,4,6,11,4,4,11,7,6,6,11,7,8,10,9,6,8,3,10,6,0,10,3,4,5,8,9,10,7,4,3,2,9,8,3,7,10,10,8,11,11,6,5,10,4,5,9,6,7,6,8,2,8,9,0,3,7,6,9,3,8,11,8,7,10,0,3,7,10,8,4,9,10,8,7,11,8,8,4,7,2,8,11,4,9,3,9,4,11,8,10,3,5,3,3,9,4,4,10,4,6,9,3,4,8,11,4,3,11,9,11,9,6,9,10,11,4,5,7,11,4,8,6,8,8,7,6,9,10,3,0,3,8,9
4,10,2,8,9,4,11,11,5,6,4,5,9,8,4,2,11,5,7,0,5,5,0,8,7,7,0,8,9,11,10,7,9,4,11,7,2,11,4,5,6,9,10,11,8,5,4,3,10,9,4,8,11,11,9,0,0,7,6,11,5,6,10,7,8,7,9,3,9,10,2,4,8,7,10,4,9,0,9,8,11,2,4,8,11,9,5,10,11,9,8,0,9,9,5,8,3,9,0,5,10,4,10,5,0,9,11,4,6,4,4,10,5,5,11,5,7,10,4,5,9,0,5,4,0,10,0,10,7,10,11,0,5,6,8,0,5,9,7,9,9,8,7,10,11,4,2,4,9,10
5,11,3,9,10,5,0,0,6,7,5,6,10,9,5,3,0,6,8,2,6,6,2,9,8,8,2,9,10,0,11,8,10,5,0,8,3,0,5,6,7,10,11,0,9,6,5,4,11,10,5,9,0,0,10,2,2,8,7,0,6,7,11,8,9,8,10,4,10,11,3,5,9,8,11,5,10,2,10,9,0,3,5,9,0,10,6,11,0,10,9,2,10,10,6,9,4,10,2,6,11,5,11,6,2,10,0,5,7,5,5,11,6,6,0,6,8,11,5,6,10,2,6,5,2,11,2,11,8,11,0,2,6,7,9,2,6,10,8,10,10,9,8,11,0,5,3,5,10,11
6,0,4,10,11,6,2,2,7,8,6,7,11,10,6,4,2,7,9,3,7,7,3,10,9,9,3,10,11,2,0,9,11,6,2,9,4,2,6,7,8,11,0,2,10,7,6,5,0,11,6,10,2,2,11,3,3,9,8,2,7,8,0,9,10,9,11,5,11,0,4,6,10,9,0,6,11,3,11,10,2,4,6,10,2,11,7,0,2,11,10,3,11,11,7,10,5,11,3,7,0,6,0,7,3,11,2,6,8,6,6,0,7,7,2,7,9,0,6,7,11,3,7,6,3,0,3,0,9,0,2,3,7,8,10,3,7,11,9,11,11,10,9,0,2,6,4,6,11,0
7,2,5,11,0,7,3,3,8,9,7,8,0,11,7,5,3,8,10,4,8,8,4,11,10,10,4,11,0,3,2,10,0,7,3,10,5,3,7,8,9,0,2,3,11,8,7,6,2,0,7,11,3,3,0,4,4,10,9,3,8,9,2,10,11,10,0,6,0,2,5,7,11,10,2,7,0,4,0,11,3,5,7,11,3,0,8,2,3,0,11,4,0,0,8,11,6,0,4,8,2,7,2,8,4,0,3,7,9,7,7,2,8,8,3,8,10,2,7,8,0,4,8,7,4,2,4,2,10,2,3,4,8,9,11,4,8,0,10,0,0,11,10,2,3,7,5,7,0,2
8,3,6,0,2,8,4,4,9,10,8,9,2,0,8,6,4,9,11,5,9,9,5,0,11,11,5,0,2,4,3,11,2,8,4,11,6,4,8,9,10,2,3,4,0,9,8,7,3,2,8,0,4,4,2,5,5,11,10,4,9,10,3,11,0,11,2,7,2,3,6,8,0,11,3,8,2,5,2,0,4,6,8,0,4,2,9,3,4,2,0,5,2,2,9,0,7,2,5,9,3,8,3,9,5,2,4,8,10,8,8,3,9,9,4,9,11,3,8,9,2,5,9,8,5,3,5,3,11,3,4,5,9,10,0,5,9,2,11,2,2,0,11,3,4,8,6,8,2,3
9,4,7,2,3,9,5,5,10,11,9,10,3,2,9,7,5,10,0,6,10,10,6,2,0,0,6,2,3,5,4,0,3,9,5,0,7,5,9,10,11,3,4,5,2,10,9,8,4,3,9,2,5,5,3,6,6,0,11,5,10,11,4,0,2,0,3,8,3,4,7,9,2,0,4,9,3,6,3,2,5,7,9,2,5,3,10,4,5,3,2,6,3,3,10,2,8,3,6,10,4,9,4,10,6,3,5,9,11,9,9,4,10,10,5,10,0,4,9,10,3,6,10,9,6,4,6,4,0,4,5,6,10,11,2,6,10,3,0,3,3,2,0,4,5,9,7,9,3,4
10,5,8,3,4,10,6,6,11,0,10,11,4,3,10,8,6,11,2,7,11,11,7,3,2,2,7,3,4,6,5,2,4,10,6,2,8,6,10,11,0,4,5,6,3,11,10,9,5,4,10,3,6,6,4,7,7,2,0,6,11,0,5,2,3,2,4,9,4,5,8,10,3,2,5,10,4,7,4,3,6,8,10,3,6,4,11,5,6,4,3,7,4,4,11,3,9,4,7,11,5,10,5,11,7,4,6,10,0,10,10,5,11,11,6,11,2,5,10,11,4,7,11,10,7,5,7,5,2,5,6,7,11,0,3,7,11,4,2,4,4,3,2,5,6,10,8,10,4,5
11,6,9,4,5,11,7,7,0,2,11,0,5,4,11,9,7,0,3,8,0,0,8,4,3,3,8,4,5,7,6,3,5,11,7,3,9,7,11,0,2,5,6,7,4,0,11,10,6,5,11,4,7,7,5,8,8,3,2,7,0,2,6,3,4,3,5,10,5,6,9,11,4,3,6,11,5,8,5,4,7,9,11,4,7,5,0,6,7,5,4,8,5,5,0,4,10,5,8,0,6,11,6,0,8,5,7,11,2,11,11,6,0,0,7,0,3,6,11,0,5,8,0,11,8,6,8,6,3,6,7,8,0,2,4,8,0,5,3,5,5,4,3,6,7,11,9,11,5,6
0,7,10,5,6,0,8,8,2,3,0,2,6,5,0,10,8,2,4,9,2,2,9,5,4,4,9,5,6,8,7,4,6,0,8,4,10,8,0,2,3,6,7,8,5,2,0,11,7,6,0,5,8,8,6,9,9,4,3,8,2,3,7,4,5,4,6,11,6,7,10,0,5,4,7,0,6,9,6,5,8,10,0,5,8,6,2,7,8,6,5,9,6,6,2,5,11,6,9,2,7,0,7,2,9,6,8,0,3,0,0,7,2,2,8,2,4,7,0,2,6,9,2,0,9,7,9,7,4,7,8,9,2,3,5,9,2,6,4,6,6,5,4,7,8,0,10,0,6,7
2,8,11,6,7,2,9,9,3,4,2,3,7,6,2,11,9,3,5,10,3,3,10,6,5,5,10,6,7,9,8,5,7,2,9,5,11,9,2,3,4,7,8,9,6,3,2,0,8,7,2,6,9,9,7,10,10,5,4,9,3,4,8,5,6,5,7,0,7,8,11,2,6,5,8,2,7,10,7,6,9,11,2,6,9,7,3,8,9,7,6,10,7,7,3,6,0,7,10,3,8,2,8,3,10,7,9,2,4,2,2,8,3,3,9,3,5,8,2,3,7,10,3,2,10,8,10,8,5,8,9,10,3,4,6,10,3,7,5,7,7,6,5,8,9,2,11,2,7,8
3,9,0,7,8,3,10,10,4,5,3,4,8,7,3,0,10,4,6,11,4,4,11,7,6,6,11,7,8,10,9,6,8,3,10,6,0,10,3,4,5,8,9,10,7,4,3,2,9,8,3,7,10,10,8,11,11,6,5,10,4,5,9,6,7,6,8,2,8,9,0,3,7,6,9,3,8,11,8,7,10,0,3,7,10,8,4,9,10,8,7,11,8,8,4,7,2,8,11,4,9,3,9,4,11,8,10,3,5,3,3,9,4,4,10,4,6,9,3,4,8,11,4,3,11,9,11,9,6,9,10,11,4,5,7,11,4,8,6,8,8,7,6,9,10,3,0,3,8,9
4,10,2,8,9,4,11,11,5,6,4,5,9,8,4,2,11,5,7,0,5,5,0,8,7,7,0,8,9,11,10,7,9,4,11,7,2,11,4,5,6,9,10,11,8,5,4,3,10,9,4,8,11,11,9,0,0,7,6,11,5,6,10,7,8,7,9,3,9,10,2,4,8,7,10,4,9,0,9,8,11,2,4,8,11,9,5,10,11,9,8,0,9,9,5,8,3,9,0,5,10,4,10,5,0,9,11,4,6,4,4,10,5,5,11,5,7,10,4,5,9,0,5,4,0,10,0,10,7,10,11,0,5,6,8,0,5,9,7,9,9,8,7,10,11,4,2,4,9,10
5,11,3,9,10,5,0,0,6,7,5,6,10,9,5,3,0,6,8,2,6,6,2,9,8,8,2,9,10,0,11,8,10,5,0,8,3,0,5,6,7,10,11,0,9,6,5,4,11,10,5,9,0,0,10,2,2,8,7,0,6,7,11,8,9,8,10,4,10,11,3,5,9,8,11,5,10,2,10,9,0,3,5,9,0,10,6,11,0,10,9,2,10,10,6,9,4,10,2,6,11,5,11,6,2,10,0,5,7,5,5,11,6,6,0,6,8,11,5,6,10,2,6,5,2,11,2,11,8,11,0,2,6,7,9,2,6,10,8,10,10,9,8,11,0,5,3,5,10,11
6,0,4,10,11,6,2,2,7,8,6,7,11,10,6,4,2,7,9,3,7,7,3,10,9,9,3,10,11,2,0,9,11,6,2,9,4,2,6,7,8,11,0,2,10,7,6,5,0,11,6,10,2,2,11,3,3,9,8,2,7,8,0,9,10,9,11,5,11,0,4,6,10,9,0,6,11,3,11,10,2,4,6,10,2,11,7,0,2,11,10,3,11,11,7,10,5,11,3,7,0,6,0,7,3,11,2,6,8,6,6,0,7,7,2,7,9,0,6,7,11,3,7,6,3,0,3,0,9,0,2,3,7,8,10,3,7,11,9,11,11,10,9,0,2,6,4,6,11,0
7,2,5,11,0,7,3,3,8,9,7,8,0,11,7,5,3,8,10,4,8,8,4,11,10,10,4,11,0,3,2,10,0,7,3,10,5,3,7,8,9,0,2,3,11,8,7,6,2,0,7,11,3,3,0,4,4,10,9,3,8,9,2,10,11,10,0,6,0,2,5,7,11,10,2,7,0,4,0,11,3,5,7,11,3,0,8,2,3,0,11,4,0,0,8,11,6,0,4,8,2,7,2,8,4,0,3,7,9,7,7,2,8,8,3,8,10,2,7,8,0,4,8,7,4,2,4,2,10,2,3,4,8,9,11,4,8,0,10,0,0,11,10,2,3,7,5,7,0,2
8,3,6,0,2,8,4,4,9,10,8,9,2,0,8,6,4,9,11,5,9,9,5,0,11,11,5,0,2,4,3,11,2,8,4,11,6,4,8,9,10,2,3,4,0,9,8,7,3,2,8,0,4,4,2,5,5,11,10,4,9,10,3,11,0,11,2,7,2,3,6,8,0,11,3,8,2,5,2,0,4,6,8,0,4,2,9,3,4,2,0,5,2,2,9,0,7,2,5,9,3,8,3,9,5,2,4,8,10,8,8,3,9,9,4,9,11,3,8,9,2,5,9,8,5,3,5,3,11,3,4,5,9,10,0,5,9,2,11,2,2,0,11,3,4,8,6,8,2,3
9,4,7,2,3,9,5,5,10,11,9,10,3,2,9,7,5,10,0,6,10,10,6,2,0,0,6,2,3,5,4,0,3,9,5,0,7,5,9,10,11,3,4,5,2,10,9,8,4,3,9,2,5,5,3,6,6,0,11,5,10,11,4,0,2,0,3,8,3,4,7,9,2,0,4,9,3,6,3,2,5,7,9,2,5,3,10,4,5,3,2,6,3,3,10,2,8,3,6,10,4,9,4,10,6,3,5,9,11,9,9,4,10,10,5,10,0,4,9,10,3,6,10,9,6,4,6,4,0,4,5,6,10,11,2,6,10,3,0,3,3,2,0,4,5,9,7,9,3,4
10,5,8,3,4,10,6,6,11,0,10,11,4,3,10,8,6,11,2,7,11,11,7,3,2,2,7,3,4,6,5,2,4,10,6,2,8,6,10,11,0,4,5,6,3,11,10,9,5,4,10,3,6,6,4,7,7,2,0,6,11,0,5,2,3,2,4,9,4,5,8,10,3,2,5,10,4,7,4,3,6,8,10,3,6,4,11,5,6,4,3,7,4,4,11,3,9,4,7,11,5,10,5,11,7,4,6,10,0,10,10,5,11,11,6,11,2,5,10,11,4,7,11,10,7,5,7,5,2,5,6,7,11,0,3,7,11,4,2,4,4,3,2,5,6,10,8,10,4,5
11,6,9,4,5,11,7,7,0,2,11,0,5,4,11,9,7,0,3,8,0,0,8,4,3,3,8,4,5,7,6,3,5,11,7,3,9,7,11,0,2,5,6,7,4,0,11,10,6,5,11,4,7,7,5,8,8,3,2,7,0,2,6,3,4,3,5,10,5,6,9,11,4,3,6,11,5,8,5,4,7,9,11,4,7,5,0,6,7,5,4,8,5,5,0,4,10,5,8,0,6,11,6,0,8,5,7,11,2,11,11,6,0,0,7,0,3,6,11,0,5,8,0,11,8,6,8,6,3,6,7,8,0,2,4,8,0,5,3,5,5,4,3,6,7,11,9,11,5,6
0,7,10,5,6,0,8,8,2,3,0,2,6,5,0,10,8,2,4,9,2,2,9,5,4,4,9,5,6,8,7,4,6,0,8,4,10,8,0,2,3,6,7,8,5,2,0,11,7,6,0,5,8,8,6,9,9,4,3,8,2,3,7,4,5,4,6,11,6,7,10,0,5,4,7,0,6,9,6,5,8,10,0,5,8,6,2,7,8,6,5,9,6,6,2,5,11,6,9,2,7,0,7,2,9,6,8,0,3,0,0,7,2,2,8,2,4,7,0,2,6,9,2,0,9,7,9,7,4,7,8,9,2,3,5,9,2,6,4,6,6,5,4,7,8,0,10,0,6,7
2,8,11,6,7,2,9,9,3,4,2,3,7,6,2,11,9,3,5,10,3,3,10,6,5,5,10,6,7,9,8,5,7,2,9,5,11,9,2,3,4,7,8,9,6,3,2,0,8,7,2,6,9,9,7,10,10,5,4,9,3,4,8,5,6,5,7,0,7,8,11,2,6,5,8,2,7,10,7,6,9,11,2,6,9,7,3,8,9,7,6,10,7,7,3,6,0,7,10,3,8,2,8,3,10,7,9,2,4,2,2,8,3,3,9,3,5,8,2,3,7,10,3,2,10,8,10,8,5,8,9,10,3,4,6,10,3,7,5,7,7,6,5,8,9,2,11,2,7,8
3,9,0,7,8,3,10,10,4,5,3,4,8,7,3,0,10,4,6,11,4,4,11,7,6,6,11,7,8,10,9,6,8,3,10,6,0,10,3,4,5,8,9,10,7,4,3,2,9,8,3,7,10,10,8,11,11,6,5,10,4,5,9,6,7,6,8,2,8,9,0,3,7,6,9,3,8,11,8,7,10,0,3,7,10,8,4,9,10,8,7,11,8,8,4,7,2,8,11,4,9,3,9,4,11,8,10,3,5,3,3,9,4,4,10,4,6,9,3,4,8,11,4,3,11,9,11,9,6,9,10,11,4,5,7,11,4,8,6,8,8,7,6,9,10,3,0,3,8,9
4,10,2,8,9,4,11,11,5,6,4,5,9,8,4,2,11,5,7,0,5,5,0,8,7,7,0,8,9,11,10,7,9,4,11,7,2,11,4,5,6,9,10,11,8,5,4,3,10,9,4,8,11,11,9,0,0,7,6,11,5,6,10,7,8,7,9,3,9,10,2,4,8,7,10,4,9,0,9,8,11,2,4,8,11,9,5,10,11,9,8,0,9,9,5,8,3,9,0,5,10,4,10,5,0,9,11,4,6,4,4,10,5,5,11,5,7,10,4,5,9,0,5,4,0,10,0,10,7,10,11,0,5,6,8,0,5,9,7,9,9,8,7,10,11,4,2,4,9,10
5,11,3,9,10,5,0,0,6,7,5,6,10,9,5,3,0,6,8,2,6,6,2,9,8,8,2,9,10,0,11,8,10,5,0,8,3,0,5,6,7,10,11,0,9,6,5,4,11,10,5,9,0,0,10,2,2,8,7,0,6,7,11,8,9,8,10,4,10,11,3,5,9,8,11,5,10,2,10,9,0,3,5,9,0,10,6,11,0,10,9,2,10,10,6,9,4,10,2,6,11,5,11,6,2,10,0,5,7,5,5,11,6,6,0,6,8,11,5,6,10,2,6,5,2,11,2,11,8,11,0,2,6,7,9,2,6,10,8,10,10,9,8,11,0,5,3,5,10,11
6,0,4,10,11,6,2,2,7,8,6,7,11,10,6,4,2,7,9,3,7,7,3,10,9,9,3,10,11,2,0,9,11,6,2,9,4,2,6,7,8,11,0,2,10,7,6,5,0,11,6,10,2,2,11,3,3,9,8,2,7,8,0,9,10,9,11,5,11,0,4,6,10,9,0,6,11,3,11,10,2,4,6,10,2,11,7,0,2,11,10,3,11,11,7,10,5,11,3,7,0,6,0,7,3,11,2,6,8,6,6,0,7,7,2,7,9,0,6,7,11,3,7,6,3,0,3,0,9,0,2,3,7,8,10,3,7,11,9,11,11,10,9,0,2,6,4,6,11,0
7,2,5,11,0,7,3,3,8,9,7,8,0,11,7,5,3,8,10,4,8,8,4,11,10,10,4,11,0,3,2,10,0,7,3,10,5,3,7,8,9,0,2,3,11,8,7,6,2,0,7,11,3,3,0,4,4,10,9,3,8,9,2,10,11,10,0,6,0,2,5,7,11,10,2,7,0,4,0,11,3,5,7,11,3,0,8,2,3,0,11,4,0,0,8,11,6,0,4,8,2,7,2,8,4,0,3,7,9,7,7,2,8,8,3,8,10,2,7,8,0,4,8,7,4,2,4,2,10,2,3,4,8,9,11,4,8,0,10,0,0,11,10,2,3,7,5,7,0,2
8,3,6,0,2,8,4,4,9,10,8,9,2,0,8,6,4,9,11,5,9,9,5,0,11,11,5,0,2,4,3,11,2,8,4,11,6,4,8,9,10,2,3,4,0,9,8,7,3,2,8,0,4,4,2,5,5,11,10,4,9,10,3,11,0,11,2,7,2,3,6,8,0,11,3,8,2,5,2,0,4,6,8,0,4,2,9,3,4,2,0,5,2,2,9,0,7,2,5,9,3,8,3,9,5,2,4,8,10,8,8,3,9,9,4,9,11,3,8,9,2,5,9,8,5,3,5,3,11,3,4,5,9,10,0,5,9,2,11,2,2,0,11,3,4,8,6,8,2,3
9,4,7,2,3,9,5,5,10,11,9,10,3,2,9,7,5,10,0,6,10,10,6,2,0,0,6,2,3,5,4,0,3,9,5,0,7,5,9,10,11,3,4,5,2,10,9,8,4,3,9,2,5,5,3,6,6,0,11,5,10,11,4,0,2,0,3,8,3,4,7,9,2,0,4,9,3,6,3,2,5,7,9,2,5,3,10,4,5,3,2,6,3,3,10,2,8,3,6,10,4,9,4,10,6,3,5,9,11,9,9,4,10,10,5,10,0,4,9,10,3,6,10,9,6,4,6,4,0,4,5,6,10,11,2,6,10,3,0,3,3,2,0,4,5,9,7,9,3,4
10,5,8,3,4,10,6,6,11,0,10,11,4,3,10,8,6,11,2,7,11,11,7,3,2,2,7,3,4,6,5,2,4,10,6,2,8,6,10,11,0,4,5,6,3,11,10,9,5,4,10,3,6,6,4,7,7,2,0,6,11,0,5,2,3,2,4,9,4,5,8,10,3,2,5,10,4,7,4,3,6,8,10,3,6,4,11,5,6,4,3,7,4,4,11,3,9,4,7,11,5,10,5,11,7,4,6,10,0,10,10,5,11,11,6,11,2,5,10,11,4,7,11,10,7,5,7,5,2,5,6,7,11,0,3,7,11,4,2,4,4,3,2,5,6,10,8,10,4,5
11,6,9,4,5,11,7,7,0,2,11,0,5,4,11,9,7,0,3,8,0,0,8,4,3,3,8,4,5,7,6,3,5,11,7,3,9,7,11,0,2,5,6,7,4,0,11,10,6,5,11,4,7,7,5,8,8,3,2,7,0,2,6,3,4,3,5,10,5,6,9,11,4,3,6,11,5,8,5,4,7,9,11,4,7,5,0,6,7,5,4,8,5,5,0,4,10,5,8,0,6,11,6,0,8,5,7,11,2,11,11,6,0,0,7,0,3,6,11,0,5,8,0,11,8,6,8,6,3,6,7,8,0,2,4,8,0,5,3,5,5,4,3,6,7,11,9,11,5,6
0,7,10,5,6,0,8,8,2,3,0,2,6,5,0,10,8,2,4,9,2,2,9,5,4,4,9,5,6,8,7,4,6,0,8,4,10,8,0,2,3,6,7,8,5,2,0,11,7,6,0,5,8,8,6,9,9,4,3,8,2,3,7,4,5,4,6,11,6,7,10,0,5,4,7,0,6,9,6,5,8,10,0,5,8,6,2,7,8,6,5,9,6,6,2,5,11,6,9,2,7,0,7,2,9,6,8,0,3,0,0,7,2,2,8,2,4,7,0,2,6,9,2,0,9,7,9,7,4,7,8,9,2,3,5,9,2,6,4,6,6,5,4,7,8,0,10,0,6,7
2,8,11,6,7,2,9,9,3,4,2,3,7,6,2,11,9,3,5,10,3,3,10,6,5,5,10,6,7,9,8,5,7,2,9,5,11,9,2,3,4,7,8,9,6,3,2,0,8,7,2,6,9,9,7,10,10,5,4,9,3,4,8,5,6,5,7,0,7,8,11,2,6,5,8,2,7,10,7,6,9,11,2,6,9,7,3,8,9,7,6,10,7,7,3,6,0,7,10,3,8,2,8,3,10,7,9,2,4,2,2,8,3,3,9,3,5,8,2,3,7,10,3,2,10,8,10,8,5,8,9,10,3,4,6,10,3,7,5,7,7,6,5,8,9,2,11,2,7,8
3,9,0,7,8,3,10,10,4,5,3,4,8,7,3,0,10,4,6,11,4,4,11,7,6,6,11,7,8,10,9,6,8,3,10,6,0,10,3,4,5,8,9,10,7,4,3,2,9,8,3,7,10,10,8,11,11,6,5,10,4,5,9,6,7,6,8,2,8,9,0,3,7,6,9,3,8,11,8,7,10,0,3,7,10,8,4,9,10,8,7,11,8,8,4,7,2,8,11,4,9,3,9,4,11,8,10,3,5,3,3,9,4,4,10,4,6,9,3,4,8,11,4,3,11,9,11,9,6,9,10,11,4,5,7,11,4,8,6,8,8,7,6,9,10,3,0,3,8,9
4,10,2,8,9,4,11,11,5,6,4,5,9,8,4,2,11,5,7,0,5,5,0,8,7,7,0,8,9,11,10,7,9,4,11,7,2,11,4,5,6,9,10,11,8,5,4,3,10,9,4,8,11,11,9,0,0,7,6,11,5,6,10,7,8,7,9,3,9,10,2,4,8,7,10,4,9,0,9,8,11,2,4,8,11,9,5,10,11,9,8,0,9,9,5,8,3,9,0,5,10,4,10,5,0,9,11,4,6,4,4,10,5,5,11,5,7,10,4,5,9,0,5,4,0,10,0,10,7,10,11,0,5,6,8,0,5,9,7,9,9,8,7,10,11,4,2,4,9,10
5,11,3,9,10,5,0,0,6,7,5,6,10,9,5,3,0,6,8,2,6,6,2,9,8,8,2,9,10,0,11,8,10,5,0,8,3,0,5,6,7,10,11,0,9,6,5,4,11,10,5,9,0,0,10,2,2,8,7,0,6,7,11,8,9,8,10,4,10,11,3,5,9,8,11,5,10,2,10,9,0,3,5,9,0,10,6,11,0,10,9,2,10,10,6,9,4,10,2,6,11,5,11,6,2,10,0,5,7,5,5,11,6,6,0,6,8,11,5,6,10,2,6,5,2,11,2,11,8,11,0,2,6,7,9,2,6,10,8,10,10,9,8,11,0,5,3,5,10,11
6,0,4,10,11,6,2,2,7,8,6,7,11,10,6,4,2,7,9,3,7,7,3,10,9,9,3,10,11,2,0,9,11,6,2,9,4,2,6,7,8,11,0,2,10,7,6,5,0,11,6,10,2,2,11,3,3,9,8,2,7,8,0,9,10,9,11,5,11,0,4,6,10,9,0,6,11,3,11,10,2,4,6,10,2,11,7,0,2,11,10,3,11,11,7,10,5,11,3,7,0,6,0,7,3,11,2,6,8,6,6,0,7,7,2,7,9,0,6,7,11,3,7,6,3,0,3,0,9,0,2,3,7,8,10,3,7,11,9,11,11,10,9,0,2,6,4,6,11,0
7,2,5,11,0,7,3,3,8,9,7,8,0,11,7,5,3,8,10,4,8,8,4,11,10,10,4,11,0,3,2,10,0,7,3,10,5,3,7,8,9,0,2,3,11,8,7,6,2,0,7,11,3,3,0,4,4,10,9,3,8,9,2,10,11,10,0,6,0,2,5,7,11,10,2,7,0,4,0,11,3,5,7,11,3,0,8,2,3,0,11,4,0,0,8,11,6,0,4,8,2,7,2,8,4,0,3,7,9,7,7,2,8,8,3,8,10,2,7,8,0,4,8,7,4,2,4,2,10,2,3,4,8,9,11,4,8,0,10,0,0,11,10,2,3,7,5,7,0,2
8,3,6,0,2,8,4,4,9,10,8,9,2,0,8,6,4,9,11,5,9,9,5,0,11,11,5,0,2,4,3,11,2,8,4,11,6,4,8,9,10,2,3,4,0,9,8,7,3,2,8,0,4,4,2,5,5,11,10,4,9,10,3,11,0,11,2,7,2,3,6,8,0,11,3,8,2,5,2,0,4,6,8,0,4,2,9,3,4,2,0,5,2,2,9,0,7,2,5,9,3,8,3,9,5,2,4,8,10,8,8,3,9,9,4,9,11,3,8,9,2,5,9,8,5,3,5,3,11,3,4,5,9,10,0,5,9,2,11,2,2,0,11,3,4,8,6,8,2,3
9,4,7,2,3,9,5,5,10,11,9,10,3,2,9,7,5,10,0,6,10,10,6,2,0,0,6,2,3,5,4,0,3,9,5,0,7,5,9,10,11,3,4,5,2,10,9,8,4,3,9,2,5,5,3,6,6,0,11,5,10,11,4,0,2,0,3,8,3,4,7,9,2,0,4,9,3,6,3,2,5,7,9,2,5,3,10,4,5,3,2,6,3,3,10,2,8,3,6,10,4,9,4,10,6,3,5,9,11,9,9,4,10,10,5,10,0,4,9,10,3,6,10,9,6,4,6,4,0,4,5,6,10,11,2,6,10,3,0,3,3,2,0,4,5,9,7,9,3,4
10,5,8,3,4,10,6,6,11,0,10,11,4,3,10,8,6,11,2,7,11,11,7,3,2,2,7,3,4,6,5,2,4,10,6,2,8,6,10,11,0,4,5,6,3,11,10,9,5,4,10,3,6,6,4,7,7,2,0,6,11,0,5,2,3,2,4,9,4,5,8,10,3,2,5,10,4,7,4,3,6,8,10,3,6,4,11,5,6,4,3,7,4,4,11,3,9,4,7,11,5,10,5,11,7,4,6,10,0,10,10,5,11,11,6,11,2,5,10,11,4,7,11,10,7,5,7,5,2,5,6,7,11,0,3,7,11,4,2,4,4,3,2,5,6,10,8,10,4,5
11,6,9,4,5,11,7,7,0,2,11,0,5,4,11,9,7,0,3,8,0,0,8,4,3,3,8,4,5,7,6,3,5,11,7,3,9,7,11,0,2,5,6,7,4,0,11,10,6,5,11,4,7,7,5,8,8,3,2,7,0,2,6,3,4,3,5,10,5,6,9,11,4,3,6,11,5,8,5,4,7,9,11,4,7,5,0,6,7,5,4,8,5,5,0,4,10,5,8,0,6,11,6,0,8,5,7,11,2,11,11,6,0,0,7,0,3,6,11,0,5,8,0,11,8,6,8,6,3,6,7,8,0,2,4,8,0,5,3,5,5,4,3,6,7,11,9,11,5,6
0,7,10,5,6,0,8,8,2,3,0,2,6,5,0,10,8,2,4,9,2,2,9,5,4,4,9,5,6,8,7,4,6,0,8,4,10,8,0,2,3,6,7,8,5,2,0,11,7,6,0,5,8,8,6,9,9,4,3,8,2,3,7,4,5,4,6,11,6,7,10,0,5,4,7,0,6,9,6,5,8,10,0,5,8,6,2,7,8,6,5,9,6,6,2,5,11,6,9,2,7,0,7,2,9,6,8,0,3,0,0,7,2,2,8,2,4,7,0,2,6,9,2,0,9,7,9,7,4,7,8,9,2,3,5,9,2,6,4,6,6,5,4,7,8,0,10,0,6,7
2,8,11,6,7,2,9,9,3,4,2,3,7,6,2,11,9,3,5,10,3,3,10,6,5,5,10,6,7,9,8,5,7,2,9,5,11,9,2,3,4,7,8,9,6,3,2,0,8,7,2,6,9,9,7,10,10,5,4,9,3,4,8,5,6,5,7,0,7,8,11,2,6,5,8,2,7,10,7,6,9,11,2,6,9,7,3,8,9,7,6,10,7,7,3,6,0,7,10,3,8,2,8,3,10,7,9,2,4,2,2,8,3,3,9,3,5,8,2,3,7,10,3,2,10,8,10,8,5,8,9,10,3,4,6,10,3,7,5,7,7,6,5,8,9,2,11,2,7,8
3,9,0,7,8,3,10,10,4,5,3,4,8,7,3,0,10,4,6,11,4,4,11,7,6,6,11,7,8,10,9,6,8,3,10,6,0,10,3,4,5,8,9,10,7,4,3,2,9,8,3,7,10,10,8,11,11,6,5,10,4,5,9,6,7,6,8,2,8,9,0,3,7,6,9,3,8,11,8,7,10,0,3,7,10,8,4,9,10,8,7,11,8,8,4,7,2,8,11,4,9,3,9,4,11,8,10,3,5,3,3,9,4,4,10,4,6,9,3,4,8,11,4,3,11,9,11,9,6,9,10,11,4,5,7,11,4,8,6,8,8,7,6,9,10,3,0,3,8,9
4,10,2,8,9,4,11,11,5,6,4,5,9,8,4,2,11,5,7,0,5,5,0,8,7,7,0,8,9,11,10,7,9,4,11,7,2,11,4,5,6,9,10,11,8,5,4,3,10,9,4,8,11,11,9,0,0,7,6,11,5,6,10,7,8,7,9,3,9,10,2,4,8,7,10,4,9,0,9,8,11,2,4,8,11,9,5,10,11,9,8,0,9,9,5,8,3,9,0,5,10,4,10,5,0,9,11,4,6,4,4,10,5,5,11,5,7,10,4,5,9,0,5,4,0,10,0,10,7,10,11,0,5,6,8,0,5,9,7,9,9,8,7,10,11,4,2,4,9,10
5,11,3,9,10,5,0,0,6,7,5,6,10,9,5,3,0,6,8,2,6,6,2,9,8,8,2,9,10,0,11,8,10,5,0,8,3,0,5,6,7,10,11,0,9,6,5,4,11,10,5,9,0,0,10,2,2,8,7,0,6,7,11,8,9,8,10,4,10,11,3,5,9,8,11,5,10,2,10,9,0,3,5,9,0,10,6,11,0,10,9,2,10,10,6,9,4,10,2,6,11,5,11,6,2,10,0,5,7,5,5,11,6,6,0,6,8,11,5,6,10,2,6,5,2,11,2,11,8,11,0,2,6,7,9,2,6,10,8,10,10,9,8,11,0,5,3,5,10,11
6,0,4,10,11,6,2,2,7,8,6,7,11,10,6,4,2,7,9,3,7,7,3,10,9,9,3,10,11,2,0,9,11,6,2,9,4,2,6,7,8,11,0,2,10,7,6,5,0,11,6,10,2,2,11,3,3,9,8,2,7,8,0,9,10,9,11,5,11,0,4,6,10,9,0,6,11,3,11,10,2,4,6,10,2,11,7,0,2,11,10,3,11,11,7,10,5,11,3,7,0,6,0,7,3,11,2,6,8,6,6,0,7,7,2,7,9,0,6,7,11,3,7,6,3,0,3,0,9,0,2,3,7,8,10,3,7,11,9,11,11,10,9,0,2,6,4,6,11,0
7,2,5,11,0,7,3,3,8,9,7,8,0,11,7,5,3,8,10,4,8,8,4,11,10,10,4,11,0,3,2,10,0,7,3,10,5,3,7,8,9,0,2,3,11,8,7,6,2,0,7,11,3,3,0,4,4,10,9,3,8,9,2,10,11,10,0,6,0,2,5,7,11,10,2,7,0,4,0,11,3,5,7,11,3,0,8,2,3,0,11,4,0,0,8,11,6,0,4,8,2,7,2,8,4,0,3,7,9,7,7,2,8,8,3,8,10,2,7,8,0,4,8,7,4,2,4,2,10,2,3,4,8,9,11,4,8,0,10,0,0,11,10,2,3,7,5,7,0,2
8,3,6,0,2,8,4,4,9,10,8,9,2,0,8,6,4,9,11,5,9,9,5,0,11,11,5,0,2,4,3,11,2,8,4,11,6,4,8,9,10,2,3,4,0,9,8,7,3,2,8,0,4,4,2,5,5,11,10,4,9,10,3,11,0,11,2,7,2,3,6,8,0,11,3,8,2,5,2,0,4,6,8,0,4,2,9,3,4,2,0,5,2,2,9,0,7,2,5,9,3,8,3,9,5,2,4,8,10,8,8,3,9,9,4,9,11,3,8,9,2,5,9,8,5,3,5,3,11,3,4,5,9,10,0,5,9,2,11,2,2,0,11,3,4,8,6,8,2,3
9,4,7,2,3,9,5,5,10,11,9,10,3,2,9,7,5,10,0,6,10,10,6,2,0,0,6,2,3,5,4,0,3,9,5,0,7,5,9,10,11,3,4,5,2,10,9,8,4,3,9,2,5,5,3,6,6,0,11,5,10,11,4,0,2,0,3,8,3,4,7,9,2,0,4,9,3,6,3,2,5,7,9,2,5,3,10,4,5,3,2,6,3,3,10,2,8,3,6,10,4,9,4,10,6,3,5,9,11,9,9,4,10,10,5,10,0,4,9,10,3,6,10,9,6,4,6,4,0,4,5,6,10,11,2,6,10,3,0,3,3,2,0,4,5,9,7,9,3,4
10,5,8,3,4,10,6,6,11,0,10,11,4,3,10,8,6,11,2,7,11,11,7,3,2,2,7,3,4,6,5,2,4,10,6,2,8,6,10,11,0,4,5,6,3,11,10,9,5,4,10,3,6,6,4,7,7,2,0,6,11,0,5,2,3,2,4,9,4,5,8,10,3,2,5,10,4,7,4,3,6,8,10,3,6,4,11,5,6,4,3,7,4,4,11,3,9,4,7,11,5,10,5,11,7,4,6,10,0,10,10,5,11,11,6,11,2,5,10,11,4,7,11,10,7,5,7,5,2,5,6,7,11,0,3,7,11,4,2,4,4,3,2,5,6,10,8,10,4,5
11,6,9,4,5,11,7,7,0,2,11,0,5,4,11,9,7,0,3,8,0,0,8,4,3,3,8,4,5,7,6,3,5,11,7,3,9,7,11,0,2,5,6,7,4,0,11,10,6,5,11,4,7,7,5,8,8,3,2,7,0,2,6,3,4,3,5,10,5,6,9,11,4,3,6,11,5,8,5,4,7,9,11,4,7,5,0,6,7,5,4,8,5,5,0,4,10,5,8,0,6,11,6,0,8,5,7,11,2,11,11,6,0,0,7,0,3,6,11,0,5,8,0,11,8,6,8,6,3,6,7,8,0,2,4,8,0,5,3,5,5,4,3,6,7,11,9,11,5,6
0,7,10,5,6,0,8,8,2,3,0,2,6,5,0,10,8,2,4,9,2,2,9,5,4,4,9,5,6,8,7,4,6,0,8,4,10,8,0,2,3,6,7,8,5,2,0,11,7,6,0,5,8,8,6,9,9,4,3,8,2,3,7,4,5,4,6,11,6,7,10,0,5,4,7,0,6,9,6,5,8,10,0,5,8,6,2,7,8,6,5,9,6,6,2,5,11,6,9,2,7,0,7,2,9,6,8,0,3,0,0,7,2,2,8,2,4,7,0,2,6,9,2,0,9,7,9,7,4,7,8,9,2,3,5,9,2,6,4,6,6,5,4,7,8,0,10,0,6,7
2,8,11,6,7,2,9,9,3,4,2,3,7,6,2,11,9,3,5,10,3,3,10,6,5,5,10,6,7,9,8,5,7,2,9,5,11,9,2,3,4,7,8,9,6,3,2,0,8,7,2,6,9,9,7,10,10,5,4,9,3,4,8,5,6,5,7,0,7,8,11,2,6,5,8,2,7,10,7,6,9,11,2,6,9,7,3,8,9,7,6,10,7,7,3,6,0,7,10,3,8,2,8,3,10,7,9,2,4,2,2,8,3,3,9,3,5,8,2,3,7,10,3,2,10,8,10,8,5,8,9,10,3,4,6,10,3,7,5,7,7,6,5,8,9,2,11,2,7,8
3,9,0,7,8,3,10,10,4,5,3,4,8,7,3,0,10,4,6,11,4,4,11,7,6,6,11,7,8,10,9,6,8,3,10,6,0,10,3,4,5,8,9,10,7,4,3,2,9,8,3,7,10,10,8,11,11,6,5,10,4,5,9,6,7,6,8,2,8,9,0,3,7,6,9,3,8,11,8,7,10,0,3,7,10,8,4,9,10,8,7,11,8,8,4,7,2,8,11,4,9,3,9,4,11,8,10,3,5,3,3,9,4,4,10,4,6,9,3,4,8,11,4,3,11,9,11,9,6,9,10,11,4,5,7,11,4,8,6,8,8,7,6,9,10,3,0,3,8,9
4,10,2,8,9,4,11,11,5,6,4,5,9,8,4,2,11,5,7,0,5,5,0,8,7,7,0,8,9,11,10,7,9,4,11,7,2,11,4,5,6,9,10,11,8,5,4,3,10,9,4,8,11,11,9,0,0,7,6,11,5,6,10,7,8,7,9,3,9,10,2,4,8,7,10,4,9,0,9,8,11,2,4,8,11,9,5,10,11,9,8,0,9,9,5,8,3,9,0,5,10,4,10,5,0,9,11,4,6,4,4,10,5,5,11,5,7,10,4,5,9,0,5,4,0,10,0,10,7,10,11,0,5,6,8,0,5,9,7,9,9,8,7,10,11,4,2,4,9,10
5,11,3,9,10,5,0,0,6,7,5,6,10,9,5,3,0,6,8,2,6,6,2,9,8,8,2,9,10,0,11,8,10,5,0,8,3,0,5,6,7,10,11,0,9,6,5,4,11,10,5,9,0,0,10,2,2,8,7,0,6,7,11,8,9,8,10,4,10,11,3,5,9,8,11,5,10,2,10,9,0,3,5,9,0,10,6,11,0,10,9,2,10,10,6,9,4,10,2,6,11,5,11,6,2,10,0,5,7,5,5,11,6,6,0,6,8,11,5,6,10,2,6,5,2,11,2,11,8,11,0,2,6,7,9,2,6,10,8,10,10,9,8,11,0,5,3,5,10,11
6,0,4,10,11,6,2,2,7,8,6,7,11,10,6,4,2,7,9,3,7,7,3,10,9,9,3,10,11,2,0,9,11,6,2,9,4,2,6,7,8,11,0,2,10,7,6,5,0,11,6,10,2,2,11,3,3,9,8,2,7,8,0,9,10,9,11,5,11,0,4,6,10,9,0,6,11,3,11,10,2,4,6,10,2,11,7,0,2,11,10,3,11,11,7,10,5,11,3,7,0,6,0,7,3,11,2,6,8,6,6,0,7,7,2,7,9,0,6,7,11,3,7,6,3,0,3,0,9,0,2,3,7,8,10,3,7,11,9,11,11,10,9,0,2,6,4,6,11,0
7,2,5,11,0,7,3,3,8,9,7,8,0,11,7,5,3,8,10,4,8,8,4,11,10,10,4,11,0,3,2,10,0,7,3,10,5,3,7,8,9,0,2,3,11,8,7,6,2,0,7,11,3,3,0,4,4,10,9,3,8,9,2,10,11,10,0,6,0,2,5,7,11,10,2,7,0,4,0,11,3,5,7,11,3,0,8,2,3,0,11,4,0,0,8,11,6,0,4,8,2,7,2,8,4,0,3,7,9,7,7,2,8,8,3,8,10,2,7,8,0,4,8,7,4,2,4,2,10,2,3,4,8,9,11,4,8,0,10,0,0,11,10,2,3,7,5,7,0,2
8,3,6,0,2,8,4,4,9,10,8,9,2,0,8,6,4,9,11,5,9,9,5,0,11,11,5,0,2,4,3,11,2,8,4,11,6,4,8,9,10,2,3,4,0,9,8,7,3,2,8,0,4,4,2,5,5,11,10,4,9,10,3,11,0,11,2,7,2,3,6,8,0,11,3,8,2,5,2,0,4,6,8,0,4,2,9,3,4,2,0,5,2,2,9,0,7,2,5,9,3,8,3,9,5,2,4,8,10,8,8,3,9,9,4,9,11,3,8,9,2,5,9,8,5,3,5,3,11,3,4,5,9,10,0,5,9,2,11,2,2,0,11,3,4,8,6,8,2,3
9,4,7,2,3,9,5,5,10,11,9,10,3,2,9,7,5,10,0,6,10,10,6,2,0,0,6,2,3,5,4,0,3,9,5,0,7,5,9,10,11,3,4,5,2,10,9,8,4,3,9,2,5,5,3,6,6,0,11,5,10,11,4,0,2,0,3,8,3,4,7,9,2,0,4,9,3,6,3,2,5,7,9,2,5,3,10,4,5,3,2,6,3,3,10,2,8,3,6,10,4,9,4,10,6,3,5,9,11,9,9,4,10,10,5,10,0,4,9,10,3,6,10,9,6,4,6,4,0,4,5,6,10,11,2,6,10,3,0,3,3,2,0,4,5,9,7,9,3,4
10,5,8,3,4,10,6,6,11,0,10,11,4,3,10,8,6,11,2,7,11,11,7,3,2,2,7,3,4,6,5,2,4,10,6,2,8,6,10,11,0,4,5,6,3,11,10,9,5,4,10,3,6,6,4,7,7,2,0,6,11,0,5,2,3,2,4,9,4,5,8,10,3,2,5,10,4,7,4,3,6,8,10,3,6,4,11,5,6,4,3,7,4,4,11,3,9,4,7,11,5,10,5,11,7,4,6,10,0,10,10,5,11,11,6,11,2,5,10,11,4,7,11,10,7,5,7,5,2,5,6,7,11,0,3,7,11,4,2,4,4,3,2,5,6,10,8,10,4,5
11,6,9,4,5,11,7,7,0,2,11,0,5,4,11,9,7,0,3,8,0,0,8,4,3,3,8,4,5,7,6,3,5,11,7,3,9,7,11,0,2,5,6,7,4,0,11,10,6,5,11,4,7,7,5,8,8,3,2,7,0,2,6,3,4,3,5,10,5,6,9,11,4,3,6,11,5,8,5,4,7,9,11,4,7,5,0,6,7,5,4,8,5,5,0,4,10,5,8,0,6,11,6,0,8,5,7,11,2,11,11,6,0,0,7,0,3,6,11,0,5,8,0,11,8,6,8,6,3,6,7,8,0,2,4,8,0,5,3,5,5,4,3,6,7,11,9,11,5,6
0,7,10,5,6,0,8,8,2,3,0,2,6,5,0,10,8,2,4,9,2,2,9,5,4,4,9,5,6,8,7,4,6,0,8,4,10,8,0,2,3,6,7,8,5,2,0,11,7,6,0,5,8,8,6,9,9,4,3,8,2,3,7,4,5,4,6,11,6,7,10,0,5,4,7,0,6,9,6,5,8,10,0,5,8,6,2,7,8,6,5,9,6,6,2,5,11,6,9,2,7,0,7,2,9,6,8,0,3,0,0,7,2,2,8,2,4,7,0,2,6,9,2,0,9,7,9,7,4,7,8,9,2,3,5,9,2,6,4,6,6,5,4,7,8,0,10,0,6,7
2,8,11,6,7,2,9,9,3,4,2,3,7,6,2,11,9,3,5,10,3,3,10,6,5,5,10,6,7,9,8,5,7,2,9,5,11,9,2,3,4,7,8,9,6,3,2,0,8,7,2,6,9,9,7,10,10,5,4,9,3,4,8,5,6,5,7,0,7,8,11,2,6,5,8,2,7,10,7,6,9,11,2,6,9,7,3,8,9,7,6,10,7,7,3,6,0,7,10,3,8,2,8,3,10,7,9,2,4,2,2,8,3,3,9,3,5,8,2,3,7,10,3,2,10,8,10,8,5,8,9,10,3,4,6,10,3,7,5,7,7,6,5,8,9,2,11,2,7,8
3,9,0,7,8,3,10,10,4,5,3,4,8,7,3,0,10,4,6,11,4,4,11,7,6,6,11,7,8,10,9,6,8,3,10,6,0,10,3,4,5,8,9,10,7,4,3,2,9,8,3,7,10,10,8,11,11,6,5,10,4,5,9,6,7,6,8,2,8,9,0,3,7,6,9,3,8,11,8,7,10,0,3,7,10,8,4,9,10,8,7,11,8,8,4,7,2,8,11,4,9,3,9,4,11,8,10,3,5,3,3,9,4,4,10,4,6,9,3,4,8,11,4,3,11,9,11,9,6,9,10,11,4,5,7,11,4,8,6,8,8,7,6,9,10,3,0,3,8,9
4,10,2,8,9,4,11,11,5,6,4,5,9,8,4,2,11,5,7,0,5,5,0,8,7,7,0,8,9,11,10,7,9,4,11,7,2,11,4,5,6,9,10,11,8,5,4,3,10,9,4,8,11,11,9,0,0,7,6,11,5,6,10,7,8,7,9,3,9,10,2,4,8,7,10,4,9,0,9,8,11,2,4,8,11,9,5,10,11,9,8,0,9,9,5,8,3,9,0,5,10,4,10,5,0,9,11,4,6,4,4,10,5,5,11,5,7,10,4,5,9,0,5,4,0,10,0,10,7,10,11,0,5,6,8,0,5,9,7,9,9,8,7,10,11,4,2,4,9,10
5,11,3,9,10,5,0,0,6,7,5,6,10,9,5,3,0,6,8,2,6,6,2,9,8,8,2,9,10,0,11,8,10,5,0,8,3,0,5,6,7,10,11,0,9,6,5,4,11,10,5,9,0,0,10,2,2,8,7,0,6,7,11,8,9,8,10,4,10,11,3,5,9,8,11,5,10,2,10,9,0,3,5,9,0,10,6,11,0,10,9,2,10,10,6,9,4,10,2,6,11,5,11,6,2,10,0,5,7,5,5,11,6,6,0,6,8,11,5,6,10,2,6,5,2,11,2,11,8,11,0,2,6,7,9,2,6,10,8,10,10,9,8,11,0,5,3,5,10,11
6,0,4,10,11,6,2,2,7,8,6,7,11,10,6,4,2,7,9,3,7,7,3,10,9,9,3,10,11,2,0,9,11,6,2,9,4,2,6,7,8,11,0,2,10,7,6,5,0,11,6,10,2,2,11,3,3,9,8,2,7,8,0,9,10,9,11,5,11,0,4,6,10,9,0,6,11,3,11,10,2,4,6,10,2,11,7,0,2,11,10,3,11,11,7,10,5,11,3,7,0,6,0,7,3,11,2,6,8,6,6,0,7,7,2,7,9,0,6,7,11,3,7,6,3,0,3,0,9,0,2,3,7,8,10,3,7,11,9,11,11,10,9,0,2,6,4,6,11,0
7,2,5,11,0,7,3,3,8,9,7,8,0,11,7,5,3,8,10,4,8,8,4,11,10,10,4,11,0,3,2,10,0,7,3,10,5,3,7,8,9,0,2,3,11,8,7,6,2,0,7,11,3,3,0,4,4,10,9,3,8,9,2,10,11,10,0,6,0,2,5,7,11,10,2,7,0,4,0,11,3,5,7,11,3,0,8,2,3,0,11,4,0,0,8,11,6,0,4,8,2,7,2,8,4,0,3,7,9,7,7,2,8,8,3,8,10,2,7,8,0,4,8,7,4,2,4,2,10,2,3,4,8,9,11,4,8,0,10,0,0,11,10,2,3,7,5,7,0,2
8,3,6,0,2,8,4,4,9,10,8,9,2,0,8,6,4,9,11,5,9,9,5,0,11,11,5,0,2,4,3,11,2,8,4,11,6,4,8,9,10,2,3,4,0,9,8,7,3,2,8,0,4,4,2,5,5,11,10,4,9,10,3,11,0,11,2,7,2,3,6,8,0,11,3,8,2,5,2,0,4,6,8,0,4,2,9,3,4,2,0,5,2,2,9,0,7,2,5,9,3,8,3,9,5,2,4,8,10,8,8,3,9,9,4,9,11,3,8,9,2,5,9,8,5,3,5,3,11,3,4,5,9,10,0,5,9,2,11,2,2,0,11,3,4,8,6,8,2,3
9,4,7,2,3,9,5,5,10,11,9,10,3,2,9,7,5,10,0,6,10,10,6,2,0,0,6,2,3,5,4,0,3,9,5,0,7,5,9,10,11,3,4,5,2,10,9,8,4,3,9,2,5,5,3,6,6,0,11,5,10,11,4,0,2,0,3,8,3,4,7,9,2,0,4,9,3,6,3,2,5,7,9,2,5,3,10,4,5,3,2,6,3,3,10,2,8,3,6,10,4,9,4,10,6,3,5,9,11,9,9,4,10,10,5,10,0,4,9,10,3,6,10,9,6,4,6,4,0,4,5,6,10,11,2,6,10,3,0,3,3,2,0,4,5,9,7,9,3,4
10,5,8,3,4,10,6,6,11,0,10,11,4,3,10,8,6,11,2,7,11,11,7,3,2,2,7,3,4,6,5,2,4,10,6,2,8,6,10,11,0,4,5,6,3,11,10,9,5,4,10,3,6,6,4,7,7,2,0,6,11,0,5,2,3,2,4,9,4,5,8,10,3,2,5,10,4,7,4,3,6,8,10,3,6,4,11,5,6,4,3,7,4,4,11,3,9,4,7,11,5,10,5,11,7,4,6,10,0,10,10,5,11,11,6,11,2,5,10,11,4,7,11,10,7,5,7,5,2,5,6,7,11,0,3,7,11,4,2,4,4,3,2,5,6,10,8,10,4,5
11,6,9,4,5,11,7,7,0,2,11,0,5,4,11,9,7,0,3,8,0,0,8,4,3,3,8,4,5,7,6,3,5,11,7,3,9,7,11,0,2,5,6,7,4,0,11,10,6,5,11,4,7,7,5,8,8,3,2,7,0,2,6,3,4,3,5,10,5,6,9,11,4,3,6,11,5,8,5,4,7,9,11,4,7,5,0,6,7,5,4,8,5,5,0,4,10,5,8,0,6,11,6,0,8,5,7,11,2,11,11,6,0,0,7,0,3,6,11,0,5,8,0,11,8,6,8,6,3,6,7,8,0,2,4,8,0,5,3,5,5,4,3,6,7,11,9,11,5,6
0,7,10,5,6,0,8,8,2,3,0,2,6,5,0,10,8,2,4,9,2,2,9,5,4,4,9,5,6,8,7,4,6,0,8,4,10,8,0,2,3,6,7,8,5,2,0,11,7,6,0,5,8,8,6,9,9,4,3,8,2,3,7,4,5,4,6,11,6,7,10,0,5,4,7,0,6,9,6,5,8,10,0,5,8,6,2,7,8,6,5,9,6,6,2,5,11,6,9,2,7,0,7,2,9,6,8,0,3,0,0,7,2,2,8,2,4,7,0,2,6,9,2,0,9,7,9,7,4,7,8,9,2,3,5,9,2,6,4,6,6,5,4,7,8,0,10,0,6,7
2,8,11,6,7,2,9,9,3,4,2,3,7,6,2,11,9,3,5,10,3,3,10,6,5,5,10,6,7,9,8,5,7,2,9,5,11,9,2,3,4,7,8,9,6,3,2,0,8,7,2,6,9,9,7,10,10,5,4,9,3,4,8,5,6,5,7,0,7,8,11,2,6,5,8,2,7,10,7,6,9,11,2,6,9,7,3,8,9,7,6,10,7,7,3,6,0,7,10,3,8,2,8,3,10,7,9,2,4,2,2,8,3,3,9,3,5,8,2,3,7,10,3,2,10,8,10,8,5,8,9,10,3,4,6,10,3,7,5,7,7,6,5,8,9,2,11,2,7,8
3,9,0,7,8,3,10,10,4,5,3,4,8,7,3,0,10,4,6,11,4,4,11,7,6,6,11,7,8,10,9,6,8,3,10,6,0,10,3,4,5,8,9,10,7,4,3,2,9,8,3,7,10,10,8,11,11,6,5,10,4,5,9,6,7,6,8,2,8,9,0,3,7,6,9,3,8,11,8,7,10,0,3,7,10,8,4,9,10,8,7,11,8,8,4,7,2,8,11,4,9,3,9,4,11,8,10,3,5,3,3,9,4,4,10,4,6,9,3,4,8,11,4,3,11,9,11,9,6,9,10,11,4,5,7,11,4,8,6,8,8,7,6,9,10,3,0,3,8,9
4,10,2,8,9,4,11,11,5,6,4,5,9,8,4,2,11,5,7,0,5,5,0,8,7,7,0,8,9,11,10,7,9,4,11,7,2,11,4,5,6,9,10,11,8,5,4,3,10,9,4,8,11,11,9,0,0,7,6,11,5,6,10,7,8,7,9,3,9,10,2,4,8,7,10,4,9,0,9,8,11,2,4,8,11,9,5,10,11,9,8,0,9,9,5,8,3,9,0,5,10,4,10,5,0,9,11,4,6,4,4,10,5,5,11,5,7,10,4,5,9,0,5,4,0,10,0,10,7,10,11,0,5,6,8,0,5,9,7,9,9,8,7,10,11,4,2,4,9,10
5,11,3,9,10,5,0,0,6,7,5,6,10,9,5,3,0,6,8,2,6,6,2,9,8,8,2,9,10,0,11,8,10,5,0,8,3,0,5,6,7,10,11,0,9,6,5,4,11,10,5,9,0,0,10,2,2,8,7,0,6,7,11,8,9,8,10,4,10,11,3,5,9,8,11,5,10,2,10,9,0,3,5,9,0,10,6,11,0,10,9,2,10,10,6,9,4,10,2,6,11,5,11,6,2,10,0,5,7,5,5,11,6,6,0,6,8,11,5,6,10,2,6,5,2,11,2,11,8,11,0,2,6,7,9,2,6,10,8,10,10,9,8,11,0,5,3,5,10,11
6,0,4,10,11,6,2,2,7,8,6,7,11,10,6,4,2,7,9,3,7,7,3,10,9,9,3,10,11,2,0,9,11,6,2,9,4,2,6,7,8,11,0,2,10,7,6,5,0,11,6,10,2,2,11,3,3,9,8,2,7,8,0,9,10,9,11,5,11,0,4,6,10,9,0,6,11,3,11,10,2,4,6,10,2,11,7,0,2,11,10,3,11,11,7,10,5,11,3,7,0,6,0,7,3,11,2,6,8,6,6,0,7,7,2,7,9,0,6,7,11,3,7,6,3,0,3,0,9,0,2,3,7,8,10,3,7,11,9,11,11,10,9,0,2,6,4,6,11,0
7,2,5,11,0,7,3,3,8,9,7,8,0,11,7,5,3,8,10,4,8,8,4,11,10,10,4,11,0,3,2,10,0,7,3,10,5,3,7,8,9,0,2,3,11,8,7,6,2,0,7,11,3,3,0,4,4,10,9,3,8,9,2,10,11,10,0,6,0,2,5,7,11,10,2,7,0,4,0,11,3,5,7,11,3,0,8,2,3,0,11,4,0,0,8,11,6,0,4,8,2,7,2,8,4,0,3,7,9,7,7,2,8,8,3,8,10,2,7,8,0,4,8,7,4,2,4,2,10,2,3,4,8,9,11,4,8,0,10,0,0,11,10,2,3,7,5,7,0,2
8,3,6,0,2,8,4,4,9,10,8,9,2,0,8,6,4,9,11,5,9,9,5,0,11,11,5,0,2,4,3,11,2,8,4,11,6,4,8,9,10,2,3,4,0,9,8,7,3,2,8,0,4,4,2,5,5,11,10,4,9,10,3,11,0,11,2,7,2,3,6,8,0,11,3,8,2,5,2,0,4,6,8,0,4,2,9,3,4,2,0,5,2,2,9,0,7,2,5,9,3,8,3,9,5,2,4,8,10,8,8,3,9,9,4,9,11,3,8,9,2,5,9,8,5,3,5,3,11,3,4,5,9,10,0,5,9,2,11,2,2,0,11,3,4,8,6,8,2,3
9,4,7,2,3,9,5,5,10,11,9,10,3,2,9,7,5,10,0,6,10,10,6,2,0,0,6,2,3,5,4,0,3,9,5,0,7,5,9,10,11,3,4,5,2,10,9,8,4,3,9,2,5,5,3,6,6,0,11,5,10,11,4,0,2,0,3,8,3,4,7,9,2,0,4,9,3,6,3,2,5,7,9,2,5,3,10,4,5,3,2,6,3,3,10,2,8,3,6,10,4,9,4,10,6,3,5,9,11,9,9,4,10,10,5,10,0,4,9,10,3,6,10,9,6,4,6,4,0,4,5,6,10,11,2,6,10,3,0,3,3,2,0,4,5,9,7,9,3,4
10,5,8,3,4,10,6,6,11,0,10,11,4,3,10,8,6,11,2,7,11,11,7,3,2,2,7,3,4,6,5,2,4,10,6,2,8,6,10,11,0,4,5,6,3,11,10,9,5,4,10,3,6,6,4,7,7,2,0,6,11,0,5,2,3,2,4,9,4,5,8,10,3,2,5,10,4,7,4,3,6,8,10,3,6,4,11,5,6,4,3,7,4,4,11,3,9,4,7,11,5,10,5,11,7,4,6,10,0,10,10,5,11,11,6,11,2,5,10,11,4,7,11,10,7,5,7,5,2,5,6,7,11,0,3,7,11,4,2,4,4,3,2,5,6,10,8,10,4,5
11,6,9,4,5,11,7,7,0,2,11,0,5,4,11,9,7,0,3,8,0,0,8,4,3,3,8,4,5,7,6,3,5,11,7,3,9,7,11,0,2,5,6,7,4,0,11,10,6,5,11,4,7,7,5,8,8,3,2,7,0,2,6,3,4,3,5,10,5,6,9,11,4,3,6,11,5,8,5,4,7,9,11,4,7,5,0,6,7,5,4,8,5,5,0,4,10,5,8,0,6,11,6,0,8,5,7,11,2,11,11,6,0,0,7,0,3,6,11,0,5,8,0,11,8,6,8,6,3,6,7,8,0,2,4,8,0,5,3,5,5,4,3,6,7,11,9,11,5,6
0,7,10,5,6,0,8,8,2,3,0,2,6,5,0,10,8,2,4,9,2,2,9,5,4,4,9,5,6,8,7,4,6,0,8,4,10,8,0,2,3,6,7,8,5,2,0,11,7,6,0,5,8,8,6,9,9,4,3,8,2,3,7,4,5,4,6,11,6,7,10,0,5,4,7,0,6,9,6,5,8,10,0,5,8,6,2,7,8,6,5,9,6,6,2,5,11,6,9,2,7,0,7,2,9,6,8,0,3,0,0,7,2,2,8,2,4,7,0,2,6,9,2,0,9,7,9,7,4,7,8,9,2,3,5,9,2,6,4,6,6,5,4,7,8,0,10,0,6,7
2,8,11,6,7,2,9,9,3,4,2,3,7,6,2,11,9,3,5,10,3,3,10,6,5,5,10,6,7,9,8,5,7,2,9,5,11,9,2,3,4,7,8,9,6,3,2,0,8,7,2,6,9,9,7,10,10,5,4,9,3,4,8,5,6,5,7,0,7,8,11,2,6,5,8,2,7,10,7,6,9,11,2,6,9,7,3,8,9,7,6,10,7,7,3,6,0,7,10,3,8,2,8,3,10,7,9,2,4,2,2,8,3,3,9,3,5,8,2,3,7,10,3,2,10,8,10,8,5,8,9,10,3,4,6,10,3,7,5,7,7,6,5,8,9,2,11,2,7,8
3,9,0,7,8,3,10,10,4,5,3,4,8,7,3,0,10,4,6,11,4,4,11,7,6,6,11,7,8,10,9,6,8,3,10,6,0,10,3,4,5,8,9,10,7,4,3,2,9,8,3,7,10,10,8,11,11,6,5,10,4,5,9,6,7,6,8,2,8,9,0,3,7,6,9,3,8,11,8,7,10,0,3,7,10,8,4,9,10,8,7,11,8,8,4,7,2,8,11,4,9,3,9,4,11,8,10,3,5,3,3,9,4,4,10,4,6,9,3,4,8,11,4,3,11,9,11,9,6,9,10,11,4,5,7,11,4,8,6,8,8,7,6,9,10,3,0,3,8,9
4,10,2,8,9,4,11,11,5,6,4,5,9,8,4,2,11,5,7,0,5,5,0,8,7,7,0,8,9,11,10,7,9,4,11,7,2,11,4,5,6,9,10,11,8,5,4,3,10,9,4,8,11,11,9,0,0,7,6,11,5,6,10,7,8,7,9,3,9,10,2,4,8,7,10,4,9,0,9,8,11,2,4,8,11,9,5,10,11,9,8,0,9,9,5,8,3,9,0,5,10,4,10,5,0,9,11,4,6,4,4,10,5,5,11,5,7,10,4,5,9,0,5,4,0,10,0,10,7,10,11,0,5,6,8,0,5,9,7,9,9,8,7,10,11,4,2,4,9,10
5,11,3,9,10,5,0,0,6,7,5,6,10,9,5,3,0,6,8,2,6,6,2,9,8,8,2,9,10,0,11,8,10,5,0,8,3,0,5,6,7,10,11,0,9,6,5,4,11,10,5,9,0,0,10,2,2,8,7,0,6,7,11,8,9,8,10,4,10,11,3,5,9,8,11,5,10,2,10,9,0,3,5,9,0,10,6,11,0,10,9,2,10,10,6,9,4,10,2,6,11,5,11,6,2,10,0,5,7,5,5,11,6,6,0,6,8,11,5,6,10,2,6,5,2,11,2,11,8,11,0,2,6,7,9,2,6,10,8,10,10,9,8,11,0,5,3,5,10,11
6,0,4,10,11,6,2,2,7,8,6,7,11,10,6,4,2,7,9,3,7,7,3,10,9,9,3,10,11,2,0,9,11,6,2,9,4,2,6,7,8,11,0,2,10,7,6,5,0,11,6,10,2,2,11,3,3,9,8,2,7,8,0,9,10,9,11,5,11,0,4,6,10,9,0,6,11,3,11,10,2,4,6,10,2,11,7,0,2,11,10,3,11,11,7,10,5,11,3,7,0,6,0,7,3,11,2,6,8,6,6,0,7,7,2,7,9,0,6,7,11,3,7,6,3,0,3,0,9,0,2,3,7,8,10,3,7,11,9,11,11,10,9,0,2,6,4,6,11,0
7,2,5,11,0,7,3,3,8,9,7,8,0,11,7,5,3,8,10,4,8,8,4,11,10,10,4,11,0,3,2,10,0,7,3,10,5,3,7,8,9,0,2,3,11,8,7,6,2,0,7,11,3,3,0,4,4,10,9,3,8,9,2,10,11,10,0,6,0,2,5,7,11,10,2,7,0,4,0,11,3,5,7,11,3,0,8,2,3,0,11,4,0,0,8,11,6,0,4,8,2,7,2,8,4,0,3,7,9,7,7,2,8,8,3,8,10,2,7,8,0,4,8,7,4,2,4,2,10,2,3,4,8,9,11,4,8,0,10,0,0,11,10,2,3,7,5,7,0,2
8,3,6,0,2,8,4,4,9,10,8,9,2,0,8,6,4,9,11,5,9,9,5,0,11,11,5,0,2,4,3,11,2,8,4,11,6,4,8,9,10,2,3,4,0,9,8,7,3,2,8,0,4,4,2,5,5,11,10,4,9,10,3,11,0,11,2,7,2,3,6,8,0,11,3,8,2,5,2,0,4,6,8,0,4,2,9,3,4,2,0,5,2,2,9,0,7,2,5,9,3,8,3,9,5,2,4,8,10,8,8,3,9,9,4,9,11,3,8,9,2,5,9,8,5,3,5,3,11,3,4,5,9,10,0,5,9,2,11,2,2,0,11,3,4,8,6,8,2,3
9,4,7,2,3,9,5,5,10,11,9,10,3,2,9,7,5,10,0,6,10,10,6,2,0,0,6,2,3,5,4,0,3,9,5,0,7,5,9,10,11,3,4,5,2,10,9,8,4,3,9,2,5,5,3,6,6,0,11,5,10,11,4,0,2,0,3,8,3,4,7,9,2,0,4,9,3,6,3,2,5,7,9,2,5,3,10,4,5,3,2,6,3,3,10,2,8,3,6,10,4,9,4,10,6,3,5,9,11,9,9,4,10,10,5,10,0,4,9,10,3,6,10,9,6,4,6,4,0,4,5,6,10,11,2,6,10,3,0,3,3,2,0,4,5,9,7,9,3,4
10,5,8,3,4,10,6,6,11,0,10,11,4,3,10,8,6,11,2,7,11,11,7,3,2,2,7,3,4,6,5,2,4,10,6,2,8,6,10,11,0,4,5,6,3,11,10,9,5,4,10,3,6,6,4,7,7,2,0,6,11,0,5,2,3,2,4,9,4,5,8,10,3,2,5,10,4,7,4,3,6,8,10,3,6,4,11,5,6,4,3,7,4,4,11,3,9,4,7,11,5,10,5,11,7,4,6,10,0,10,10,5,11,11,6,11,2,5,10,11,4,7,11,10,7,5,7,5,2,5,6,7,11,0,3,7,11,4,2,4,4,3,2,5,6,10,8,10,4,5
11,6,9,4,5,11,7,7,0,2,11,0,5,4,11,9,7,0,3,8,0,0,8,4,3,3,8,4,5,7,6,3,5,11,7,3,9,7,11,0,2,5,6,7,4,0,11,10,6,5,11,4,7,7,5,8,8,3,2,7,0,2,6,3,4,3,5,10,5,6,9,11,4,3,6,11,5,8,5,4,7,9,11,4,7,5,0,6,7,5,4,8,5,5,0,4,10,5,8,0,6,11,6,0,8,5,7,11,2,11,11,6,0,0,7,0,3,6,11,0,5,8,0,11,8,6,8,6,3,6,7,8,0,2,4,8,0,5,3,5,5,4,3,6,7,11,9,11,5,6
0,7,10,5,6,0,8,8,2,3,0,2,6,5,0,10,8,2,4,9,2,2,9,5,4,4,9,5,6,8,7,4,6,0,8,4,10,8,0,2,3,6,7,8,5,2,0,11,7,6,0,5,8,8,6,9,9,4,3,8,2,3,7,4,5,4,6,11,6,7,10,0,5,4,7,0,6,9,6,5,8,10,0,5,8,6,2,7,8,6,5,9,6,6,2,5,11,6,9,2,7,0,7,2,9,6,8,0,3,0,0,7,2,2,8,2,4,7,0,2,6,9,2,0,9,7,9,7,4,7,8,9,2,3,5,9,2,6,4,6,6,5,4,7,8,0,10,0,6,7
2,8,11,6,7,2,9,9,3,4,2,3,7,6,2,11,9,3,5,10,3,3,10,6,5,5,10,6,7,9,8,5,7,2,9,5,11,9,2,3,4,7,8,9,6,3,2,0,8,7,2,6,9,9,7,10,10,5,4,9,3,4,8,5,6,5,7,0,7,8,11,2,6,5,8,2,7,10,7,6,9,11,2,6,9,7,3,8,9,7,6,10,7,7,3,6,0,7,10,3,8,2,8,3,10,7,9,2,4,2,2,8,3,3,9,3,5,8,2,3,7,10,3,2,10,8,10,8,5,8,9,10,3,4,6,10,3,7,5,7,7,6,5,8,9,2,11,2,7,8
3,9,0,7,8,3,10,10,4,5,3,4,8,7,3,0,10,4,6,11,4,4,11,7,6,6,11,7,8,10,9,6,8,3,10,6,0,10,3,4,5,8,9,10,7,4,3,2,9,8,3,7,10,10,8,11,11,6,5,10,4,5,9,6,7,6,8,2,8,9,0,3,7,6,9,3,8,11,8,7,10,0,3,7,10,8,4,9,10,8,7,11,8,8,4,7,2,8,11,4,9,3,9,4,11,8,10,3,5,3,3,9,4,4,10,4,6,9,3,4,8,11,4,3,11,9,11,9,6,9,10,11,4,5,7,11,4,8,6,8,8,7,6,9,10,3,0,3,8,9
4,10,2,8,9,4,11,11,5,6,4,5,9,8,4,2,11,5,7,0,5,5,0,8,7,7,0,8,9,11,10,7,9,4,11,7,2,11,4,5,6,9,10,11,8,5,4,3,10,9,4,8,11,11,9,0,0,7,6,11,5,6,10,7,8,7,9,3,9,10,2,4,8,7,10,4,9,0,9,8,11,2,4,8,11,9,5,10,11,9,8,0,9,9,5,8,3,9,0,5,10,4,10,5,0,9,11,4,6,4,4,10,5,5,11,5,7,10,4,5,9,0,5,4,0,10,0,10,7,10,11,0,5,6,8,0,5,9,7,9,9,8,7,10,11,4,2,4,9,10
5,11,3,9,10,5,0,0,6,7,5,6,10,9,5,3,0,6,8,2,6,6,2,9,8,8,2,9,10,0,11,8,10,5,0,8,3,0,5,6,7,10,11,0,9,6,5,4,11,10,5,9,0,0,10,2,2,8,7,0,6,7,11,8,9,8,10,4,10,11,3,5,9,8,11,5,10,2,10,9,0,3,5,9,0,10,6,11,0,10,9,2,10,10,6,9,4,10,2,6,11,5,11,6,2,10,0,5,7,5,5,11,6,6,0,6,8,11,5,6,10,2,6,5,2,11,2,11,8,11,0,2,6,7,9,2,6,10,8,10,10,9,8,11,0,5,3,5,10,11
6,0,4,10,11,6,2,2,7,8,6,7,11,10,6,4,2,7,9,3,7,7,3,10,9,9,3,10,11,2,0,9,11,6,2,9,4,2,6,7,8,11,0,2,10,7,6,5,0,11,6,10,2,2,11,3,3,9,8,2,7,8,0,9,10,9,11,5,11,0,4,6,10,9,0,6,11,3,11,10,2,4,6,10,2,11,7,0,2,11,10,3,11,11,7,10,5,11,3,7,0,6,0,7,3,11,2,6,8,6,6,0,7,7,2,7,9,0,6,7,11,3,7,6,3,0,3,0,9,0,2,3,7,8,10,3,7,11,9,11,11,10,9,0,2,6,4,6,11,0
7,2,5,11,0,7,3,3,8,9,7,8,0,11,7,5,3,8,10,4,8,8,4,11,10,10,4,11,0,3,2,10,0,7,3,10,5,3,7,8,9,0,2,3,11,8,7,6,2,0,7,11,3,3,0,4,4,10,9,3,8,9,2,10,11,10,0,6,0,2,5,7,11,10,2,7,0,4,0,11,3,5,7,11,3,0,8,2,3,0,11,4,0,0,8,11,6,0,4,8,2,7,2,8,4,0,3,7,9,7,7,2,8,8,3,8,10,2,7,8,0,4,8,7,4,2,4,2,10,2,3,4,8,9,11,4,8,0,10,0,0,11,10,2,3,7,5,7,0,2
8,3,6,0,2,8,4,4,9,10,8,9,2,0,8,6,4,9,11,5,9,9,5,0,11,11,5,0,2,4,3,11,2,8,4,11,6,4,8,9,10,2,3,4,0,9,8,7,3,2,8,0,4,4,2,5,5,11,10,4,9,10,3,11,0,11,2,7,2,3,6,8,0,11,3,8,2,5,2,0,4,6,8,0,4,2,9,3,4,2,0,5,2,2,9,0,7,2,5,9,3,8,3,9,5,2,4,8,10,8,8,3,9,9,4,9,11,3,8,9,2,5,9,8,5,3,5,3,11,3,4,5,9,10,0,5,9,2,11,2,2,0,11,3,4,8,6,8,2,3
9,4,7,2,3,9,5,5,10,11,9,10,3,2,9,7,5,10,0,6,10,10,6,2,0,0,6,2,3,5,4,0,3,9,5,0,7,5,9,10,11,3,4,5,2,10,9,8,4,3,9,2,5,5,3,6,6,0,11,5,10,11,4,0,2,0,3,8,3,4,7,9,2,0,4,9,3,6,3,2,5,7,9,2,5,3,10,4,5,3,2,6,3,3,10,2,8,3,6,10,4,9,4,10,6,3,5,9,11,9,9,4,10,10,5,10,0,4,9,10,3,6,10,9,6,4,6,4,0,4,5,6,10,11,2,6,10,3,0,3,3,2,0,4,5,9,7,9,3,4
10,5,8,3,4,10,6,6,11,0,10,11,4,3,10,8,6,11,2,7,11,11,7,3,2,2,7,3,4,6,5,2,4,10,6,2,8,6,10,11,0,4,5,6,3,11,10,9,5,4,10,3,6,6,4,7,7,2,0,6,11,0,5,2,3,2,4,9,4,5,8,10,3,2,5,10,4,7,4,3,6,8,10,3,6,4,11,5,6,4,3,7,4,4,11,3,9,4,7,11,5,10,5,11,7,4,6,10,0,10,10,5,11,11,6,11,2,5,10,11,4,7,11,10,7,5,7,5,2,5,6,7,11,0,3,7,11,4,2,4,4,3,2,5,6,10,8,10,4,5
11,6,9,4,5,11,7,7,0,2,11,0,5,4,11,9,7,0,3,8,0,0,8,4,3,3,8,4,5,7,6,3,5,11,7,3,9,7,11,0,2,5,6,7,4,0,11,10,6,5,11,4,7,7,5,8,8,3,2,7,0,2,6,3,4,3,5,10,5,6,9,11,4,3,6,11,5,8,5,4,7,9,11,4,7,5,0,6,7,5,4,8,5,5,0,4,10,5,8,0,6,11,6,0,8,5,7,11,2,11,11,6,0,0,7,0,3,6,11,0,5,8,0,11,8,6,8,6,3,6,7,8,0,2,4,8,0,5,3,5,5,4,3,6,7,11,9,11,5,6
0,7,10,5,6,0,8,8,2,3,0,2,6,5,0,10,8,2,4,9,2,2,9,5,4,4,9,5,6,8,7,4,6,0,8,4,10,8,0,2,3,6,7,8,5,2,0,11,7,6,0,5,8,8,6,9,9,4,3,8,2,3,7,4,5,4,6,11,6,7,10,0,5,4,7,0,6,9,6,5,8,10,0,5,8,6,2,7,8,6,5,9,6,6,2,5,11,6,9,2,7,0,7,2,9,6,8,0,3,0,0,7,2,2,8,2,4,7,0,2,6,9,2,0,9,7,9,7,4,7,8,9,2,3,5,9,2,6,4,6,6,5,4,7,8,0,10,0,6,7
2,8,11,6,7,2,9,9,3,4,2,3,7,6,2,11,9,3,5,10,3,3,10,6,5,5,10,6,7,9,8,5,7,2,9,5,11,9,2,3,4,7,8,9,6,3,2,0,8,7,2,6,9,9,7,10,10,5,4,9,3,4,8,5,6,5,7,0,7,8,11,2,6,5,8,2,7,10,7,6,9,11,2,6,9,7,3,8,9,7,6,10,7,7,3,6,0,7,10,3,8,2,8,3,10,7,9,2,4,2,2,8,3,3,9,3,5,8,2,3,7,10,3,2,10,8,10,8,5,8,9,10,3,4,6,10,3,7,5,7,7,6,5,8,9,2,11,2,7,8
3,9,0,7,8,3,10,10,4,5,3,4,8,7,3,0,10,4,6,11,4,4,11,7,6,6,11,7,8,10,9,6,8,3,10,6,0,10,3,4,5,8,9,10,7,4,3,2,9,8,3,7,10,10,8,11,11,6,5,10,4,5,9,6,7,6,8,2,8,9,0,3,7,6,9,3,8,11,8,7,10,0,3,7,10,8,4,9,10,8,7,11,8,8,4,7,2,8,11,4,9,3,9,4,11,8,10,3,5,3,3,9,4,4,10,4,6,9,3,4,8,11,4,3,11,9,11,9,6,9,10,11,4,5,7,11,4,8,6,8,8,7,6,9,10,3,0,3,8,9
4,10,2,8,9,4,11,11,5,6,4,5,9,8,4,2,11,5,7,0,5,5,0,8,7,7,0,8,9,11,10,7,9,4,11,7,2,11,4,5,6,9,10,11,8,5,4,3,10,9,4,8,11,11,9,0,0,7,6,11,5,6,10,7,8,7,9,3,9,10,2,4,8,7,10,4,9,0,9,8,11,2,4,8,11,9,5,10,11,9,8,0,9,9,5,8,3,9,0,5,10,4,10,5,0,9,11,4,6,4,4,10,5,5,11,5,7,10,4,5,9,0,5,4,0,10,0,10,7,10,11,0,5,6,8,0,5,9,7,9,9,8,7,10,11,4,2,4,9,10
5,11,3,9,10,5,0,0,6,7,5,6,10,9,5,3,0,6,8,2,6,6,2,9,8,8,2,9,10,0,11,8,10,5,0,8,3,0,5,6,7,10,11,0,9,6,5,4,11,10,5,9,0,0,10,2,2,8,7,0,6,7,11,8,9,8,10,4,10,11,3,5,9,8,11,5,10,2,10,9,0,3,5,9,0,10,6,11,0,10,9,2,10,10,6,9,4,10,2,6,11,5,11,6,2,10,0,5,7,5,5,11,6,6,0,6,8,11,5,6,10,2,6,5,2,11,2,11,8,11,0,2,6,7,9,2,6,10,8,10,10,9,8,11,0,5,3,5,10,11
6,0,4,10,11,6,2,2,7,8,6,7,11,10,6,4,2,7,9,3,7,7,3,10,9,9,3,10,11,2,0,9,11,6,2,9,4,2,6,7,8,11,0,2,10,7,6,5,0,11,6,10,2,2,11,3,3,9,8,2,7,8,0,9,10,9,11,5,11,0,4,6,10,9,0,6,11,3,11,10,2,4,6,10,2,11,7,0,2,11,10,3,11,11,7,10,5,11,3,7,0,6,0,7,3,11,2,6,8,6,6,0,7,7,2,7,9,0,6,7,11,3,7,6,3,0,3,0,9,0,2,3,7,8,10,3,7,11,9,11,11,10,9,0,2,6,4,6,11,0
7,2,5,11,0,7,3,3,8,9,7,8,0,11,7,5,3,8,10,4,8,8,4,11,10,10,4,11,0,3,2,10,0,7,3,10,5,3,7,8,9,0,2,3,11,8,7,6,2,0,7,11,3,3,0,4,4,10,9,3,8,9,2,10,11,10,0,6,0,2,5,7,11,10,2,7,0,4,0,11,3,5,7,11,3,0,8,2,3,0,11,4,0,0,8,11,6,0,4,8,2,7,2,8,4,0,3,7,9,7,7,2,8,8,3,8,10,2,7,8,0,4,8,7,4,2,4,2,10,2,3,4,8,9,11,4,8,0,10,0,0,11,10,2,3,7,5,7,0,2
8,3,6,0,2,8,4,4,9,10,8,9,2,0,8,6,4,9,11,5,9,9,5,0,11,11,5,0,2,4,3,11,2,8,4,11,6,4,8,9,10,2,3,4,0,9,8,7,3,2,8,0,4,4,2,5,5,11,10,4,9,10,3,11,0,11,2,7,2,3,6,8,0,11,3,8,2,5,2,0,4,6,8,0,4,2,9,3,4,2,0,5,2,2,9,0,7,2,5,9,3,8,3,9,5,2,4,8,10,8,8,3,9,9,4,9,11,3,8,9,2,5,9,8,5,3,5,3,11,3,4,5,9,10,0,5,9,2,11,2,2,0,11,3,4,8,6,8,2,3
9,4,7,2,3,9,5,5,10,11,9,10,3,2,9,7,5,10,0,6,10,10,6,2,0,0,6,2,3,5,4,0,3,9,5,0,7,5,9,10,11,3,4,5,2,10,9,8,4,3,9,2,5,5,3,6,6,0,11,5,10,11,4,0,2,0,3,8,3,4,7,9,2,0,4,9,3,6,3,2,5,7,9,2,5,3,10,4,5,3,2,6,3,3,10,2,8,3,6,10,4,9,4,10,6,3,5,9,11,9,9,4,10,10,5,10,0,4,9,10,3,6,10,9,6,4,6,4,0,4,5,6,10,11,2,6,10,3,0,3,3,2,0,4,5,9,7,9,3,4
10,5,8,3,4,10,6,6,11,0,10,11,4,3,10,8,6,11,2,7,11,11,7,3,2,2,7,3,4,6,5,2,4,10,6,2,8,6,10,11,0,4,5,6,3,11,10,9,5,4,10,3,6,6,4,7,7,2,0,6,11,0,5,2,3,2,4,9,4,5,8,10,3,2,5,10,4,7,4,3,6,8,10,3,6,4,11,5,6,4,3,7,4,4,11,3,9,4,7,11,5,10,5,11,7,4,6,10,0,10,10,5,11,11,6,11,2,5,10,11,4,7,11,10,7,5,7,5,2,5,6,7,11,0,3,7,11,4,2,4,4,3,2,5,6,10,8,10,4,5
11,6,9,4,5,11,7,7,0,2,11,0,5,4,11,9,7,0,3,8,0,0,8,4,3,3,8,4,5,7,6,3,5,11,7,3,9,7,11,0,2,5,6,7,4,0,11,10,6,5,11,4,7,7,5,8,8,3,2,7,0,2,6,3,4,3,5,10,5,6,9,11,4,3,6,11,5,8,5,4,7,9,11,4,7,5,0,6,7,5,4,8,5,5,0,4,10,5,8,0,6,11,6,0,8,5,7,11,2,11,11,6,0,0,7,0,3,6,11,0,5,8,0,11,8,6,8,6,3,6,7,8,0,2,4,8,0,5,3,5,5,4,3,6,7,11,9,11,5,6
0,7,10,5,6,0,8,8,2,3,0,2,6,5,0,10,8,2,4,9,2,2,9,5,4,4,9,5,6,8,7,4,6,0,8,4,10,8,0,2,3,6,7,8,5,2,0,11,7,6,0,5,8,8,6,9,9,4,3,8,2,3,7,4,5,4,6,11,6,7,10,0,5,4,7,0,6,9,6,5,8,10,0,5,8,6,2,7,8,6,5,9,6,6,2,5,11,6,9,2,7,0,7,2,9,6,8,0,3,0,0,7,2,2,8,2,4,7,0,2,6,9,2,0,9,7,9,7,4,7,8,9,2,3,5,9,2,6,4,6,6,5,4,7,8,0,10,0,6,7
2,8,11,6,7,2,9,9,3,4,2,3,7,6,2,11,9,3,5,10,3,3,10,6,5,5,10,6,7,9,8,5,7,2,9,5,11,9,2,3,4,7,8,9,6,3,2,0,8,7,2,6,9,9,7,10,10,5,4,9,3,4,8,5,6,5,7,0,7,8,11,2,6,5,8,2,7,10,7,6,9,11,2,6,9,7,3,8,9,7,6,10,7,7,3,6,0,7,10,3,8,2,8,3,10,7,9,2,4,2,2,8,3,3,9,3,5,8,2,3,7,10,3,2,10,8,10,8,5,8,9,10,3,4,6,10,3,7,5,7,7,6,5,8,9,2,11,2,7,8
3,9,0,7,8,3,10,10,4,5,3,4,8,7,3,0,10,4,6,11,4,4,11,7,6,6,11,7,8,10,9,6,8,3,10,6,0,10,3,4,5,8,9,10,7,4,3,2,9,8,3,7,10,10,8,11,11,6,5,10,4,5,9,6,7,6,8,2,8,9,0,3,7,6,9,3,8,11,8,7,10,0,3,7,10,8,4,9,10,8,7,11,8,8,4,7,2,8,11,4,9,3,9,4,11,8,10,3,5,3,3,9,4,4,10,4,6,9,3,4,8,11,4,3,11,9,11,9,6,9,10,11,4,5,7,11,4,8,6,8,8,7,6,9,10,3,0,3,8,9
4,10,2,8,9,4,11,11,5,6,4,5,9,8,4,2,11,5,7,0,5,5,0,8,7,7,0,8,9,11,10,7,9,4,11,7,2,11,4,5,6,9,10,11,8,5,4,3,10,9,4,8,11,11,9,0,0,7,6,11,5,6,10,7,8,7,9,3,9,10,2,4,8,7,10,4,9,0,9,8,11,2,4,8,11,9,5,10,11,9,8,0,9,9,5,8,3,9,0,5,10,4,10,5,0,9,11,4,6,4,4,10,5,5,11,5,7,10,4,5,9,0,5,4,0,10,0,10,7,10,11,0,5,6,8,0,5,9,7,9,9,8,7,10,11,4,2,4,9,10
5,11,3,9,10,5,0,0,6,7,5,6,10,9,5,3,0,6,8,2,6,6,2,9,8,8,2,9,10,0,11,8,10,5,0,8,3,0,5,6,7,10,11,0,9,6,5,4,11,10,5,9,0,0,10,2,2,8,7,0,6,7,11,8,9,8,10,4,10,11,3,5,9,8,11,5,10,2,10,9,0,3,5,9,0,10,6,11,0,10,9,2,10,10,6,9,4,10,2,6,11,5,11,6,2,10,0,5,7,5,5,11,6,6,0,6,8,11,5,6,10,2,6,5,2,11,2,11,8,11,0,2,6,7,9,2,6,10,8,10,10,9,8,11,0,5,3,5,10,11
6,0,4,10,11,6,2,2,7,8,6,7,11,10,6,4,2,7,9,3,7,7,3,10,9,9,3,10,11,2,0,9,11,6,2,9,4,2,6,7,8,11,0,2,10,7,6,5,0,11,6,10,2,2,11,3,3,9,8,2,7,8,0,9,10,9,11,5,11,0,4,6,10,9,0,6,11,3,11,10,2,4,6,10,2,11,7,0,2,11,10,3,11,11,7,10,5,11,3,7,0,6,0,7,3,11,2,6,8,6,6,0,7,7,2,7,9,0,6,7,11,3,7,6,3,0,3,0,9,0,2,3,7,8,10,3,7,11,9,11,11,10,9,0,2,6,4,6,11,0
7,2,5,11,0,7,3,3,8,9,7,8,0,11,7,5,3,8,10,4,8,8,4,11,10,10,4,11,0,3,2,10,0,7,3,10,5,3,7,8,9,0,2,3,11,8,7,6,2,0,7,11,3,3,0,4,4,10,9,3,8,9,2,10,11,10,0,6,0,2,5,7,11,10,2,7,0,4,0,11,3,5,7,11,3,0,8,2,3,0,11,4,0,0,8,11,6,0,4,8,2,7,2,8,4,0,3,7,9,7,7,2,8,8,3,8,10,2,7,8,0,4,8,7,4,2,4,2,10,2,3,4,8,9,11,4,8,0,10,0,0,11,10,2,3,7,5,7,0,2
8,3,6,0,2,8,4,4,9,10,8,9,2,0,8,6,4,9,11,5,9,9,5,0,11,11,5,0,2,4,3,11,2,8,4,11,6,4,8,9,10,2,3,4,0,9,8,7,3,2,8,0,4,4,2,5,5,11,10,4,9,10,3,11,0,11,2,7,2,3,6,8,0,11,3,8,2,5,2,0,4,6,8,0,4,2,9,3,4,2,0,5,2,2,9,0,7,2,5,9,3,8,3,9,5,2,4,8,10,8,8,3,9,9,4,9,11,3,8,9,2,5,9,8,5,3,5,3,11,3,4,5,9,10,0,5,9,2,11,2,2,0,11,3,4,8,6,8,2,3
9,4,7,2,3,9,5,5,10,11,9,10,3,2,9,7,5,10,0,6,10,10,6,2,0,0,6,2,3,5,4,0,3,9,5,0,7,5,9,10,11,3,4,5,2,10,9,8,4,3,9,2,5,5,3,6,6,0,11,5,10,11,4,0,2,0,3,8,3,4,7,9,2,0,4,9,3,6,3,2,5,7,9,2,5,3,10,4,5,3,2,6,3,3,10,2,8,3,6,10,4,9,4,10,6,3,5,9,11,9,9,4,10,10,5,10,0,4,9,10,3,6,10,9,6,4,6,4,0,4,5,6,10,11,2,6,10,3,0,3,3,2,0,4,5,9,7,9,3,4
10,5,8,3,4,10,6,6,11,0,10,11,4,3,10,8,6,11,2,7,11,11,7,3,2,2,7,3,4,6,5,2,4,10,6,2,8,6,10,11,0,4,5,6,3,11,10,9,5,4,10,3,6,6,4,7,7,2,0,6,11,0,5,2,3,2,4,9,4,5,8,10,3,2,5,10,4,7,4,3,6,8,10,3,6,4,11,5,6,4,3,7,4,4,11,3,9,4,7,11,5,10,5,11,7,4,6,10,0,10,10,5,11,11,6,11,2,5,10,11,4,7,11,10,7,5,7,5,2,5,6,7,11,0,3,7,11,4,2,4,4,3,2,5,6,10,8,10,4,5
11,6,9,4,5,11,7,7,0,2,11,0,5,4,11,9,7,0,3,8,0,0,8,4,3,3,8,4,5,7,6,3,5,11,7,3,9,7,11,0,2,5,6,7,4,0,11,10,6,5,11,4,7,7,5,8,8,3,2,7,0,2,6,3,4,3,5,10,5,6,9,11,4,3,6,11,5,8,5,4,7,9,11,4,7,5,0,6,7,5,4,8,5,5,0,4,10,5,8,0,6,11,6,0,8,5,7,11,2,11,11,6,0,0,7,0,3,6,11,0,5,8,0,11,8,6,8,6,3,6,7,8,0,2,4,8,0,5,3,5,5,4,3,6,7,11,9,11,5,6
0,7,10,5,6,0,8,8,2,3,0,2,6,5,0,10,8,2,4,9,2,2,9,5,4,4,9,5,6,8,7,4,6,0,8,4,10,8,0,2,3,6,7,8,5,2,0,11,7,6,0,5,8,8,6,9,9,4,3,8,2,3,7,4,5,4,6,11,6,7,10,0,5,4,7,0,6,9,6,5,8,10,0,5,8,6,2,7,8,6,5,9,6,6,2,5,11,6,9,2,7,0,7,2,9,6,8,0,3,0,0,7,2,2,8,2,4,7,0,2,6,9,2,0,9,7,9,7,4,7,8,9,2,3,5,9,2,6,4,6,6,5,4,7,8,0,10,0,6,7
2,8,11,6,7,2,9,9,3,4,2,3,7,6,2,11,9,3,5,10,3,3,10,6,5,5,10,6,7,9,8,5,7,2,9,5,11,9,2,3,4,7,8,9,6,3,2,0,8,7,2,6,9,9,7,10,10,5,4,9,3,4,8,5,6,5,7,0,7,8,11,2,6,5,8,2,7,10,7,6,9,11,2,6,9,7,3,8,9,7,6,10,7,7,3,6,0,7,10,3,8,2,8,3,10,7,9,2,4,2,2,8,3,3,9,3,5,8,2,3,7,10,3,2,10,8,10,8,5,8,9,10,3,4,6,10,3,7,5,7,7,6,5,8,9,2,11,2,7,8
3,9,0,7,8,3,10,10,4,5,3,4,8,7,3,0,10,4,6,11,4,4,11,7,6,6,11,7,8,10,9,6,8,3,10,6,0,10,3,4,5,8,9,10,7,4,3,2,9,8,3,7,10,10,8,11,11,6,5,10,4,5,9,6,7,6,8,2,8,9,0,3,7,6,9,3,8,11,8,7,10,0,3,7,10,8,4,9,10,8,7,11,8,8,4,7,2,8,11,4,9,3,9,4,11,8,10,3,5,3,3,9,4,4,10,4,6,9,3,4,8,11,4,3,11,9,11,9,6,9,10,11,4,5,7,11,4,8,6,8,8,7,6,9,10,3,0,3,8,9
4,10,2,8,9,4,11,11,5,6,4,5,9,8,4,2,11,5,7,0,5,5,0,8,7,7,0,8,9,11,10,7,9,4,11,7,2,11,4,5,6,9,10,11,8,5,4,3,10,9,4,8,11,11,9,0,0,7,6,11,5,6,10,7,8,7,9,3,9,10,2,4,8,7,10,4,9,0,9,8,11,2,4,8,11,9,5,10,11,9,8,0,9,9,5,8,3,9,0,5,10,4,10,5,0,9,11,4,6,4,4,10,5,5,11,5,7,10,4,5,9,0,5,4,0,10,0,10,7,10,11,0,5,6,8,0,5,9,7,9,9,8,7,10,11,4,2,4,9,10
5,11,3,9,10,5,0,0,6,7,5,6,10,9,5,3,0,6,8,2,6,6,2,9,8,8,2,9,10,0,11,8,10,5,0,8,3,0,5,6,7,10,11,0,9,6,5,4,11,10,5,9,0,0,10,2,2,8,7,0,6,7,11,8,9,8,10,4,10,11,3,5,9,8,11,5,10,2,10,9,0,3,5,9,0,10,6,11,0,10,9,2,10,10,6,9,4,10,2,6,11,5,11,6,2,10,0,5,7,5,5,11,6,6,0,6,8,11,5,6,10,2,6,5,2,11,2,11,8,11,0,2,6,7,9,2,6,10,8,10,10,9,8,11,0,5,3,5,10,11
6,0,4,10,11,6,2,2,7,8,6,7,11,10,6,4,2,7,9,3,7,7,3,10,9,9,3,10,11,2,0,9,11,6,2,9,4,2,6,7,8,11,0,2,10,7,6,5,0,11,6,10,2,2,11,3,3,9,8,2,7,8,0,9,10,9,11,5,11,0,4,6,10,9,0,6,11,3,11,10,2,4,6,10,2,11,7,0,2,11,10,3,11,11,7,10,5,11,3,7,0,6,0,7,3,11,2,6,8,6,6,0,7,7,2,7,9,0,6,7,11,3,7,6,3,0,3,0,9,0,2,3,7,8,10,3,7,11,9,11,11,10,9,0,2,6,4,6,11,0
7,2,5,11,0,7,3,3,8,9,7,8,0,11,7,5,3,8,10,4,8,8,4,11,10,10,4,11,0,3,2,10,0,7,3,10,5,3,7,8,9,0,2,3,11,8,7,6,2,0,7,11,3,3,0,4,4,10,9,3,8,9,2,10,11,10,0,6,0,2,5,7,11,10,2,7,0,4,0,11,3,5,7,11,3,0,8,2,3,0,11,4,0,0,8,11,6,0,4,8,2,7,2,8,4,0,3,7,9,7,7,2,8,8,3,8,10,2,7,8,0,4,8,7,4,2,4,2,10,2,3,4,8,9,11,4,8,0,10,0,0,11,10,2,3,7,5,7,0,2
8,3,6,0,2,8,4,4,9,10,8,9,2,0,8,6,4,9,11,5,9,9,5,0,11,11,5,0,2,4,3,11,2,8,4,11,6,4,8,9,10,2,3,4,0,9,8,7,3,2,8,0,4,4,2,5,5,11,10,4,9,10,3,11,0,11,2,7,2,3,6,8,0,11,3,8,2,5,2,0,4,6,8,0,4,2,9,3,4,2,0,5,2,2,9,0,7,2,5,9,3,8,3,9,5,2,4,8,10,8,8,3,9,9,4,9,11,3,8,9,2,5,9,8,5,3,5,3,11,3,4,5,9,10,0,5,9,2,11,2,2,0,11,3,4,8,6,8,2,3
9,4,7,2,3,9,5,5,10,11,9,10,3,2,9,7,5,10,0,6,10,10,6,2,0,0,6,2,3,5,4,0,3,9,5,0,7,5,9,10,11,3,4,5,2,10,9,8,4,3,9,2,5,5,3,6,6,0,11,5,10,11,4,0,2,0,3,8,3,4,7,9,2,0,4,9,3,6,3,2,5,7,9,2,5,3,10,4,5,3,2,6,3,3,10,2,8,3,6,10,4,9,4,10,6,3,5,9,11,9,9,4,10,10,5,10,0,4,9,10,3,6,10,9,6,4,6,4,0,4,5,6,10,11,2,6,10,3,0,3,3,2,0,4,5,9,7,9,3,4
10,5,8,3,4,10,6,6,11,0,10,11,4,3,10,8,6,11,2,7,11,11,7,3,2,2,7,3,4,6,5,2,4,10,6,2,8,6,10,11,0,4,5,6,3,11,10,9,5,4,10,3,6,6,4,7,7,2,0,6,11,0,5,2,3,2,4,9,4,5,8,10,3,2,5,10,4,7,4,3,6,8,10,3,6,4,11,5,6,4,3,7,4,4,11,3,9,4,7,11,5,10,5,11,7,4,6,10,0,10,10,5,11,11,6,11,2,5,10,11,4,7,11,10,7,5,7,5,2,5,6,7,11,0,3,7,11,4,2,4,4,3,2,5,6,10,8,10,4,5
11,6,9,4,5,11,7,7,0,2,11,0,5,4,11,9,7,0,3,8,0,0,8,4,3,3,8,4,5,7,6,3,5,11,7,3,9,7,11,0,2,5,6,7,4,0,11,10,6,5,11,4,7,7,5,8,8,3,2,7,0,2,6,3,4,3,5,10,5,6,9,11,4,3,6,11,5,8,5,4,7,9,11,4,7,5,0,6,7,5,4,8,5,5,0,4,10,5,8,0,6,11,6,0,8,5,7,11,2,11,11,6,0,0,7,0,3,6,11,0,5,8,0,11,8,6,8,6,3,6,7,8,0,2,4,8,0,5,3,5,5,4,3,6,7,11,9,11,5,6
0,7,10,5,6,0,8,8,2,3,0,2,6,5,0,10,8,2,4,9,2,2,9,5,4,4,9,5,6,8,7,4,6,0,8,4,10,8,0,2,3,6,7,8,5,2,0,11,7,6,0,5,8,8,6,9,9,4,3,8,2,3,7,4,5,4,6,11,6,7,10,0,5,4,7,0,6,9,6,5,8,10,0,5,8,6,2,7,8,6,5,9,6,6,2,5,11,6,9,2,7,0,7,2,9,6,8,0,3,0,0,7,2,2,8,2,4,7,0,2,6,9,2,0,9,7,9,7,4,7,8,9,2,3,5,9,2,6,4,6,6,5,4,7,8,0,10,0,6,7
2,8,11,6,7,2,9,9,3,4,2,3,7,6,2,11,9,3,5,10,3,3,10,6,5,5,10,6,7,9,8,5,7,2,9,5,11,9,2,3,4,7,8,9,6,3,2,0,8,7,2,6,9,9,7,10,10,5,4,9,3,4,8,5,6,5,7,0,7,8,11,2,6,5,8,2,7,10,7,6,9,11,2,6,9,7,3,8,9,7,6,10,7,7,3,6,0,7,10,3,8,2,8,3,10,7,9,2,4,2,2,8,3,3,9,3,5,8,2,3,7,10,3,2,10,8,10,8,5,8,9,10,3,4,6,10,3,7,5,7,7,6,5,8,9,2,11,2,7,8
3,9,0,7,8,3,10,10,4,5,3,4,8,7,3,0,10,4,6,11,4,4,11,7,6,6,11,7,8,10,9,6,8,3,10,6,0,10,3,4,5,8,9,10,7,4,3,2,9,8,3,7,10,10,8,11,11,6,5,10,4,5,9,6,7,6,8,2,8,9,0,3,7,6,9,3,8,11,8,7,10,0,3,7,10,8,4,9,10,8,7,11,8,8,4,7,2,8,11,4,9,3,9,4,11,8,10,3,5,3,3,9,4,4,10,4,6,9,3,4,8,11,4,3,11,9,11,9,6,9,10,11,4,5,7,11,4,8,6,8,8,7,6,9,10,3,0,3,8,9
4,10,2,8,9,4,11,11,5,6,4,5,9,8,4,2,11,5,7,0,5,5,0,8,7,7,0,8,9,11,10,7,9,4,11,7,2,11,4,5,6,9,10,11,8,5,4,3,10,9,4,8,11,11,9,0,0,7,6,11,5,6,10,7,8,7,9,3,9,10,2,4,8,7,10,4,9,0,9,8,11,2,4,8,11,9,5,10,11,9,8,0,9,9,5,8,3,9,0,5,10,4,10,5,0,9,11,4,6,4,4,10,5,5,11,5,7,10,4,5,9,0,5,4,0,10,0,10,7,10,11,0,5,6,8,0,5,9,7,9,9,8,7,10,11,4,2,4,9,10
5,11,3,9,10,5,0,0,6,7,5,6,10,9,5,3,0,6,8,2,6,6,2,9,8,8,2,9,10,0,11,8,10,5,0,8,3,0,5,6,7,10,11,0,9,6,5,4,11,10,5,9,0,0,10,2,2,8,7,0,6,7,11,8,9,8,10,4,10,11,3,5,9,8,11,5,10,2,10,9,0,3,5,9,0,10,6,11,0,10,9,2,10,10,6,9,4,10,2,6,11,5,11,6,2,10,0,5,7,5,5,11,6,6,0,6,8,11,5,6,10,2,6,5,2,11,2,11,8,11,0,2,6,7,9,2,6,10,8,10,10,9,8,11,0,5,3,5,10,11
6,0,4,10,11,6,2,2,7,8,6,7,11,10,6,4,2,7,9,3,7,7,3,10,9,9,3,10,11,2,0,9,11,6,2,9,4,2,6,7,8,11,0,2,10,7,6,5,0,11,6,10,2,2,11,3,3,9,8,2,7,8,0,9,10,9,11,5,11,0,4,6,10,9,0,6,11,3,11,10,2,4,6,10,2,11,7,0,2,11,10,3,11,11,7,10,5,11,3,7,0,6,0,7,3,11,2,6,8,6,6,0,7,7,2,7,9,0,6,7,11,3,7,6,3,0,3,0,9,0,2,3,7,8,10,3,7,11,9,11,11,10,9,0,2,6,4,6,11,0
7,2,5,11,0,7,3,3,8,9,7,8,0,11,7,5,3,8,10,4,8,8,4,11,10,10,4,11,0,3,2,10,0,7,3,10,5,3,7,8,9,0,2,3,11,8,7,6,2,0,7,11,3,3,0,4,4,10,9,3,8,9,2,10,11,10,0,6,0,2,5,7,11,10,2,7,0,4,0,11,3,5,7,11,3,0,8,2,3,0,11,4,0,0,8,11,6,0,4,8,2,7,2,8,4,0,3,7,9,7,7,2,8,8,3,8,10,2,7,8,0,4,8,7,4,2,4,2,10,2,3,4,8,9,11,4,8,0,10,0,0,11,10,2,3,7,5,7,0,2
8,3,6,0,2,8,4,4,9,10,8,9,2,0,8,6,4,9,11,5,9,9,5,0,11,11,5,0,2,4,3,11,2,8,4,11,6,4,8,9,10,2,3,4,0,9,8,7,3,2,8,0,4,4,2,5,5,11,10,4,9,10,3,11,0,11,2,7,2,3,6,8,0,11,3,8,2,5,2,0,4,6,8,0,4,2,9,3,4,2,0,5,2,2,9,0,7,2,5,9,3,8,3,9,5,2,4,8,10,8,8,3,9,9,4,9,11,3,8,9,2,5,9,8,5,3,5,3,11,3,4,5,9,10,0,5,9,2,11,2,2,0,11,3,4,8,6,8,2,3
9,4,7,2,3,9,5,5,10,11,9,10,3,2,9,7,5,10,0,6,10,10,6,2,0,0,6,2,3,5,4,0,3,9,5,0,7,5,9,10,11,3,4,5,2,10,9,8,4,3,9,2,5,5,3,6,6,0,11,5,10,11,4,0,2,0,3,8,3,4,7,9,2,0,4,9,3,6,3,2,5,7,9,2,5,3,10,4,5,3,2,6,3,3,10,2,8,3,6,10,4,9,4,10,6,3,5,9,11,9,9,4,10,10,5,10,0,4,9,10,3,6,10,9,6,4,6,4,0,4,5,6,10,11,2,6,10,3,0,3,3,2,0,4,5,9,7,9,3,4
10,5,8,3,4,10,6,6,11,0,10,11,4,3,10,8,6,11,2,7,11,11,7,3,2,2,7,3,4,6,5,2,4,10,6,2,8,6,10,11,0,4,5,6,3,11,10,9,5,4,10,3,6,6,4,7,7,2,0,6,11,0,5,2,3,2,4,9,4,5,8,10,3,2,5,10,4,7,4,3,6,8,10,3,6,4,11,5,6,4,3,7,4,4,11,3,9,4,7,11,5,10,5,11,7,4,6,10,0,10,10,5,11,11,6,11,2,5,10,11,4,7,11,10,7,5,7,5,2,5,6,7,11,0,3,7,11,4,2,4,4,3,2,5,6,10,8,10,4,5
11,6,9,4,5,11,7,7,0,2,11,0,5,4,11,9,7,0,3,8,0,0,8,4,3,3,8,4,5,7,6,3,5,11,7,3,9,7,11,0,2,5,6,7,4,0,11,10,6,5,11,4,7,7,5,8,8,3,2,7,0,2,6,3,4,3,5,10,5,6,9,11,4,3,6,11,5,8,5,4,7,9,11,4,7,5,0,6,7,5,4,8,5,5,0,4,10,5,8,0,6,11,6,0,8,5,7,11,2,11,11,6,0,0,7,0,3,6,11,0,5,8,0,11,8,6,8,6,3,6,7,8,0,2,4,8,0,5,3,5,5,4,3,6,7,11,9,11,5,6
0,7,10,5,6,0,8,8,2,3,0,2,6,5,0,10,8,2,4,9,2,2,9,5,4,4,9,5,6,8,7,4,6,0,8,4,10,8,0,2,3,6,7,8,5,2,0,11,7,6,0,5,8,8,6,9,9,4,3,8,2,3,7,4,5,4,6,11,6,7,10,0,5,4,7,0,6,9,6,5,8,10,0,5,8,6,2,7,8,6,5,9,6,6,2,5,11,6,9,2,7,0,7,2,9,6,8,0,3,0,0,7,2,2,8,2,4,7,0,2,6,9,2,0,9,7,9,7,4,7,8,9,2,3,5,9,2,6,4,6,6,5,4,7,8,0,10,0,6,7
2,8,11,6,7,2,9,9,3,4,2,3,7,6,2,11,9,3,5,10,3,3,10,6,5,5,10,6,7,9,8,5,7,2,9,5,11,9,2,3,4,7,8,9,6,3,2,0,8,7,2,6,9,9,7,10,10,5,4,9,3,4,8,5,6,5,7,0,7,8,11,2,6,5,8,2,7,10,7,6,9,11,2,6,9,7,3,8,9,7,6,10,7,7,3,6,0,7,10,3,8,2,8,3,10,7,9,2,4,2,2,8,3,3,9,3,5,8,2,3,7,10,3,2,10,8,10,8,5,8,9,10,3,4,6,10,3,7,5,7,7,6,5,8,9,2,11,2,7,8
3,9,0,7,8,3,10,10,4,5,3,4,8,7,3,0,10,4,6,11,4,4,11,7,6,6,11,7,8,10,9,6,8,3,10,6,0,10,3,4,5,8,9,10,7,4,3,2,9,8,3,7,10,10,8,11,11,6,5,10,4,5,9,6,7,6,8,2,8,9,0,3,7,6,9,3,8,11,8,7,10,0,3,7,10,8,4,9,10,8,7,11,8,8,4,7,2,8,11,4,9,3,9,4,11,8,10,3,5,3,3,9,4,4,10,4,6,9,3,4,8,11,4,3,11,9,11,9,6,9,10,11,4,5,7,11,4,8,6,8,8,7,6,9,10,3,0,3,8,9
4,10,2,8,9,4,11,11,5,6,4,5,9,8,4,2,11,5,7,0,5,5,0,8,7,7,0,8,9,11,10,7,9,4,11,7,2,11,4,5,6,9,10,11,8,5,4,3,10,9,4,8,11,11,9,0,0,7,6,11,5,6,10,7,8,7,9,3,9,10,2,4,8,7,10,4,9,0,9,8,11,2,4,8,11,9,5,10,11,9,8,0,9,9,5,8,3,9,0,5,10,4,10,5,0,9,11,4,6,4,4,10,5,5,11,5,7,10,4,5,9,0,5,4,0,10,0,10,7,10,11,0,5,6,8,0,5,9,7,9,9,8,7,10,11,4,2,4,9,10
5,11,3,9,10,5,0,0,6,7,5,6,10,9,5,3,0,6,8,2,6,6,2,9,8,8,2,9,10,0,11,8,10,5,0,8,3,0,5,6,7,10,11,0,9,6,5,4,11,10,5,9,0,0,10,2,2,8,7,0,6,7,11,8,9,8,10,4,10,11,3,5,9,8,11,5,10,2,10,9,0,3,5,9,0,10,6,11,0,10,9,2,10,10,6,9,4,10,2,6,11,5,11,6,2,10,0,5,7,5,5,11,6,6,0,6,8,11,5,6,10,2,6,5,2,11,2,11,8,11,0,2,6,7,9,2,6,10,8,10,10,9,8,11,0,5,3,5,10,11
6,0,4,10,11,6,2,2,7,8,6,7,11,10,6,4,2,7,9,3,7,7,3,10,9,9,3,10,11,2,0,9,11,6,2,9,4,2,6,7,8,11,0,2,10,7,6,5,0,11,6,10,2,2,11,3,3,9,8,2,7,8,0,9,10,9,11,5,11,0,4,6,10,9,0,6,11,3,11,10,2,4,6,10,2,11,7,0,2,11,10,3,11,11,7,10,5,11,3,7,0,6,0,7,3,11,2,6,8,6,6,0,7,7,2,7,9,0,6,7,11,3,7,6,3,0,3,0,9,0,2,3,7,8,10,3,7,11,9,11,11,10,9,0,2,6,4,6,11,0
7,2,5,11,0,7,3,3,8,9,7,8,0,11,7,5,3,8,10,4,8,8,4,11,10,10,4,11,0,3,2,10,0,7,3,10,5,3,7,8,9,0,2,3,11,8,7,6,2,0,7,11,3,3,0,4,4,10,9,3,8,9,2,10,11,10,0,6,0,2,5,7,11,10,2,7,0,4,0,11,3,5,7,11,3,0,8,2,3,0,11,4,0,0,8,11,6,0,4,8,2,7,2,8,4,0,3,7,9,7,7,2,8,8,3,8,10,2,7,8,0,4,8,7,4,2,4,2,10,2,3,4,8,9,11,4,8,0,10,0,0,11,10,2,3,7,5,7,0,2
8,3,6,0,2,8,4,4,9,10,8,9,2,0,8,6,4,9,11,5,9,9,5,0,11,11,5,0,2,4,3,11,2,8,4,11,6,4,8,9,10,2,3,4,0,9,8,7,3,2,8,0,4,4,2,5,5,11,10,4,9,10,3,11,0,11,2,7,2,3,6,8,0,11,3,8,2,5,2,0,4,6,8,0,4,2,9,3,4,2,0,5,2,2,9,0,7,2,5,9,3,8,3,9,5,2,4,8,10,8,8,3,9,9,4,9,11,3,8,9,2,5,9,8,5,3,5,3,11,3,4,5,9,10,0,5,9,2,11,2,2,0,11,3,4,8,6,8,2,3
9,4,7,2,3,9,5,5,10,11,9,10,3,2,9,7,5,10,0,6,10,10,6,2,0,0,6,2,3,5,4,0,3,9,5,0,7,5,9,10,11,3,4,5,2,10,9,8,4,3,9,2,5,5,3,6,6,0,11,5,10,11,4,0,2,0,3,8,3,4,7,9,2,0,4,9,3,6,3,2,5,7,9,2,5,3,10,4,5,3,2,6,3,3,10,2,8,3,6,10,4,9,4,10,6,3,5,9,11,9,9,4,10,10,5,10,0,4,9,10,3,6,10,9,6,4,6,4,0,4,5,6,10,11,2,6,10,3,0,3,3,2,0,4,5,9,7,9,3,4
10,5,8,3,4,10,6,6,11,0,10,11,4,3,10,8,6,11,2,7,11,11,7,3,2,2,7,3,4,6,5,2,4,10,6,2,8,6,10,11,0,4,5,6,3,11,10,9,5,4,10,3,6,6,4,7,7,2,0,6,11,0,5,2,3,2,4,9,4,5,8,10,3,2,5,10,4,7,4,3,6,8,10,3,6,4,11,5,6,4,3,7,4,4,11,3,9,4,7,11,5,10,5,11,7,4,6,10,0,10,10,5,11,11,6,11,2,5,10,11,4,7,11,10,7,5,7,5,2,5,6,7,11,0,3,7,11,4,2,4,4,3,2,5,6,10,8,10,4,5
11,6,9,4,5,11,7,7,0,2,11,0,5,4,11,9,7,0,3,8,0,0,8,4,3,3,8,4,5,7,6,3,5,11,7,3,9,7,11,0,2,5,6,7,4,0,11,10,6,5,11,4,7,7,5,8,8,3,2,7,0,2,6,3,4,3,5,10,5,6,9,11,4,3,6,11,5,8,5,4,7,9,11,4,7,5,0,6,7,5,4,8,5,5,0,4,10,5,8,0,6,11,6,0,8,5,7,11,2,11,11,6,0,0,7,0,3,6,11,0,5,8,0,11,8,6,8,6,3,6,7,8,0,2,4,8,0,5,3,5,5,4,3,6,7,11,9,11,5,6
0,7,10,5,6,0,8,8,2,3,0,2,6,5,0,10,8,2,4,9,2,2,9,5,4,4,9,5,6,8,7,4,6,0,8,4,10,8,0,2,3,6,7,8,5,2,0,11,7,6,0,5,8,8,6,9,9,4,3,8,2,3,7,4,5,4,6,11,6,7,10,0,5,4,7,0,6,9,6,5,8,10,0,5,8,6,2,7,8,6,5,9,6,6,2,5,11,6,9,2,7,0,7,2,9,6,8,0,3,0,0,7,2,2,8,2,4,7,0,2,6,9,2,0,9,7,9,7,4,7,8,9,2,3,5,9,2,6,4,6,6,5,4,7,8,0,10,0,6,7
2,8,11,6,7,2,9,9,3,4,2,3,7,6,2,11,9,3,5,10,3,3,10,6,5,5,10,6,7,9,8,5,7,2,9,5,11,9,2,3,4,7,8,9,6,3,2,0,8,7,2,6,9,9,7,10,10,5,4,9,3,4,8,5,6,5,7,0,7,8,11,2,6,5,8,2,7,10,7,6,9,11,2,6,9,7,3,8,9,7,6,10,7,7,3,6,0,7,10,3,8,2,8,3,10,7,9,2,4,2,2,8,3,3,9,3,5,8,2,3,7,10,3,2,10,8,10,8,5,8,9,10,3,4,6,10,3,7,5,7,7,6,5,8,9,2,11,2,7,8
3,9,0,7,8,3,10,10,4,5,3,4,8,7,3,0,10,4,6,11,4,4,11,7,6,6,11,7,8,10,9,6,8,3,10,6,0,10,3,4,5,8,9,10,7,4,3,2,9,8,3,7,10,10,8,11,11,6,5,10,4,5,9,6,7,6,8,2,8,9,0,3,7,6,9,3,8,11,8,7,10,0,3,7,10,8,4,9,10,8,7,11,8,8,4,7,2,8,11,4,9,3,9,4,11,8,10,3,5,3,3,9,4,4,10,4,6,9,3,4,8,11,4,3,11,9,11,9,6,9,10,11,4,5,7,11,4,8,6,8,8,7,6,9,10,3,0,3,8,9
4,10,2,8,9,4,11,11,5,6,4,5,9,8,4,2,11,5,7,0,5,5,0,8,7,7,0,8,9,11,10,7,9,4,11,7,2,11,4,5,6,9,10,11,8,5,4,3,10,9,4,8,11,11,9,0,0,7,6,11,5,6,10,7,8,7,9,3,9,10,2,4,8,7,10,4,9,0,9,8,11,2,4,8,11,9,5,10,11,9,8,0,9,9,5,8,3,9,0,5,10,4,10,5,0,9,11,4,6,4,4,10,5,5,11,5,7,10,4,5,9,0,5,4,0,10,0,10,7,10,11,0,5,6,8,0,5,9,7,9,9,8,7,10,11,4,2,4,9,10
5,11,3,9,10,5,0,0,6,7,5,6,10,9,5,3,0,6,8,2,6,6,2,9,8,8,2,9,10,0,11,8,10,5,0,8,3,0,5,6,7,10,11,0,9,6,5,4,11,10,5,9,0,0,10,2,2,8,7,0,6,7,11,8,9,8,10,4,10,11,3,5,9,8,11,5,10,2,10,9,0,3,5,9,0,10,6,11,0,10,9,2,10,10,6,9,4,10,2,6,11,5,11,6,2,10,0,5,7,5,5,11,6,6,0,6,8,11,5,6,10,2,6,5,2,11,2,11,8,11,0,2,6,7,9,2,6,10,8,10,10,9,8,11,0,5,3,5,10,11
6,0,4,10,11,6,2,2,7,8,6,7,11,10,6,4,2,7,9,3,7,7,3,10,9,9,3,10,11,2,0,9,11,6,2,9,4,2,6,7,8,11,0,2,10,7,6,5,0,11,6,10,2,2,11,3,3,9,8,2,7,8,0,9,10,9,11,5,11,0,4,6,10,9,0,6,11,3,11,10,2,4,6,10,2,11,7,0,2,11,10,3,11,11,7,10,5,11,3,7,0,6,0,7,3,11,2,6,8,6,6,0,7,7,2,7,9,0,6,7,11,3,7,6,3,0,3,0,9,0,2,3,7,8,10,3,7,11,9,11,11,10,9,0,2,6,4,6,11,0
7,2,5,11,0,7,3,3,8,9,7,8,0,11,7,5,3,8,10,4,8,8,4,11,10,10,4,11,0,3,2,10,0,7,3,10,5,3,7,8,9,0,2,3,11,8,7,6,2,0,7,11,3,3,0,4,4,10,9,3,8,9,2,10,11,10,0,6,0,2,5,7,11,10,2,7,0,4,0,11,3,5,7,11,3,0,8,2,3,0,11,4,0,0,8,11,6,0,4,8,2,7,2,8,4,0,3,7,9,7,7,2,8,8,3,8,10,2,7,8,0,4,8,7,4,2,4,2,10,2,3,4,8,9,11,4,8,0,10,0,0,11,10,2,3,7,5,7,0,2
8,3,6,0,2,8,4,4,9,10,8,9,2,0,8,6,4,9,11,5,9,9,5,0,11,11,5,0,2,4,3,11,2,8,4,11,6,4,8,9,10,2,3,4,0,9,8,7,3,2,8,0,4,4,2,5,5,11,10,4,9,10,3,11,0,11,2,7,2,3,6,8,0,11,3,8,2,5,2,0,4,6,8,0,4,2,9,3,4,2,0,5,2,2,9,0,7,2,5,9,3,8,3,9,5,2,4,8,10,8,8,3,9,9,4,9,11,3,8,9,2,5,9,8,5,3,5,3,11,3,4,5,9,10,0,5,9,2,11,2,2,0,11,3,4,8,6,8,2,3
9,4,7,2,3,9,5,5,10,11,9,10,3,2,9,7,5,10,0,6,10,10,6,2,0,0,6,2,3,5,4,0,3,9,5,0,7,5,9,10,11,3,4,5,2,10,9,8,4,3,9,2,5,5,3,6,6,0,11,5,10,11,4,0,2,0,3,8,3,4,7,9,2,0,4,9,3,6,3,2,5,7,9,2,5,3,10,4,5,3,2,6,3,3,10,2,8,3,6,10,4,9,4,10,6,3,5,9,11,9,9,4,10,10,5,10,0,4,9,10,3,6,10,9,6,4,6,4,0,4,5,6,10,11,2,6,10,3,0,3,3,2,0,4,5,9,7,9,3,4
10,5,8,3,4,10,6,6,11,0,10,11,4,3,10,8,6,11,2,7,11,11,7,3,2,2,7,3,4,6,5,2,4,10,6,2,8,6,10,11,0,4,5,6,3,11,10,9,5,4,10,3,6,6,4,7,7,2,0,6,11,0,5,2,3,2,4,9,4,5,8,10,3,2,5,10,4,7,4,3,6,8,10,3,6,4,11,5,6,4,3,7,4,4,11,3,9,4,7,11,5,10,5,11,7,4,6,10,0,10,10,5,11,11,6,11,2,5,10,11,4,7,11,10,7,5,7,5,2,5,6,7,11,0,3,7,11,4,2,4,4,3,2,5,6,10,8,10,4,5
11,6,9,4,5,11,7,7,0,2,11,0,5,4,11,9,7,0,3,8,0,0,8,4,3,3,8,4,5,7,6,3,5,11,7,3,9,7,11,0,2,5,6,7,4,0,11,10,6,5,11,4,7,7,5,8,8,3,2,7,0,2,6,3,4,3,5,10,5,6,9,11,4,3,6,11,5,8,5,4,7,9,11,4,7,5,0,6,7,5,4,8,5,5,0,4,10,5,8,0,6,11,6,0,8,5,7,11,2,11,11,6,0,0,7,0,3,6,11,0,5,8,0,11,8,6,8,6,3,6,7,8,0,2,4,8,0,5,3,5,5,4,3,6,7,11,9,11,5,6
0,7,10,5,6,0,8,8,2,3,0,2,6,5,0,10,8,2,4,9,2,2,9,5,4,4,9,5,6,8,7,4,6,0,8,4,10,8,0,2,3,6,7,8,5,2,0,11,7,6,0,5,8,8,6,9,9,4,3,8,2,3,7,4,5,4,6,11,6,7,10,0,5,4,7,0,6,9,6,5,8,10,0,5,8,6,2,7,8,6,5,9,6,6,2,5,11,6,9,2,7,0,7,2,9,6,8,0,3,0,0,7,2,2,8,2,4,7,0,2,6,9,2,0,9,7,9,7,4,7,8,9,2,3,5,9,2,6,4,6,6,5,4,7,8,0,10,0,6,7
2,8,11,6,7,2,9,9,3,4,2,3,7,6,2,11,9,3,5,10,3,3,10,6,5,5,10,6,7,9,8,5,7,2,9,5,11,9,2,3,4,7,8,9,6,3,2,0,8,7,2,6,9,9,7,10,10,5,4,9,3,4,8,5,6,5,7,0,7,8,11,2,6,5,8,2,7,10,7,6,9,11,2,6,9,7,3,8,9,7,6,10,7,7,3,6,0,7,10,3,8,2,8,3,10,7,9,2,4,2,2,8,3,3,9,3,5,8,2,3,7,10,3,2,10,8,10,8,5,8,9,10,3,4,6,10,3,7,5,7,7,6,5,8,9,2,11,2,7,8
3,9,0,7,8,3,10,10,4,5,3,4,8,7,3,0,10,4,6,11,4,4,11,7,6,6,11,7,8,10,9,6,8,3,10,6,0,10,3,4,5,8,9,10,7,4,3,2,9,8,3,7,10,10,8,11,11,6,5,10,4,5,9,6,7,6,8,2,8,9,0,3,7,6,9,3,8,11,8,7,10,0,3,7,10,8,4,9,10,8,7,11,8,8,4,7,2,8,11,4,9,3,9,4,11,8,10,3,5,3,3,9,4,4,10,4,6,9,3,4,8,11,4,3,11,9,11,9,6,9,10,11,4,5,7,11,4,8,6,8,8,7,6,9,10,3,0,3,8,9
4,10,2,8,9,4,11,11,5,6,4,5,9,8,4,2,11,5,7,0,5,5,0,8,7,7,0,8,9,11,10,7,9,4,11,7,2,11,4,5,6,9,10,11,8,5,4,3,10,9,4,8,11,11,9,0,0,7,6,11,5,6,10,7,8,7,9,3,9,10,2,4,8,7,10,4,9,0,9,8,11,2,4,8,11,9,5,10,11,9,8,0,9,9,5,8,3,9,0,5,10,4,10,5,0,9,11,4,6,4,4,10,5,5,11,5,7,10,4,5,9,0,5,4,0,10,0,10,7,10,11,0,5,6,8,0,5,9,7,9,9,8,7,10,11,4,2,4,9,10
5,11,3,9,10,5,0,0,6,7,5,6,10,9,5,3,0,6,8,2,6,6,2,9,8,8,2,9,10,0,11,8,10,5,0,8,3,0,5,6,7,10,11,0,9,6,5,4,11,10,5,9,0,0,10,2,2,8,7,0,6,7,11,8,9,8,10,4,10,11,3,5,9,8,11,5,10,2,10,9,0,3,5,9,0,10,6,11,0,10,9,2,10,10,6,9,4,10,2,6,11,5,11,6,2,10,0,5,7,5,5,11,6,6,0,6,8,11,5,6,10,2,6,5,2,11,2,11,8,11,0,2,6,7,9,2,6,10,8,10,10,9,8,11,0,5,3,5,10,11
6,0,4,10,11,6,2,2,7,8,6,7,11,10,6,4,2,7,9,3,7,7,3,10,9,9,3,10,11,2,0,9,11,6,2,9,4,2,6,7,8,11,0,2,10,7,6,5,0,11,6,10,2,2,11,3,3,9,8,2,7,8,0,9,10,9,11,5,11,0,4,6,10,9,0,6,11,3,11,10,2,4,6,10,2,11,7,0,2,11,10,3,11,11,7,10,5,11,3,7,0,6,0,7,3,11,2,6,8,6,6,0,7,7,2,7,9,0,6,7,11,3,7,6,3,0,3,0,9,0,2,3,7,8,10,3,7,11,9,11,11,10,9,0,2,6,4,6,11,0
7,2,5,11,0,7,3,3,8,9,7,8,0,11,7,5,3,8,10,4,8,8,4,11,10,10,4,11,0,3,2,10,0,7,3,10,5,3,7,8,9,0,2,3,11,8,7,6,2,0,7,11,3,3,0,4,4,10,9,3,8,9,2,10,11,10,0,6,0,2,5,7,11,10,2,7,0,4,0,11,3,5,7,11,3,0,8,2,3,0,11,4,0,0,8,11,6,0,4,8,2,7,2,8,4,0,3,7,9,7,7,2,8,8,3,8,10,2,7,8,0,4,8,7,4,2,4,2,10,2,3,4,8,9,11,4,8,0,10,0,0,11,10,2,3,7,5,7,0,2
8,3,6,0,2,8,4,4,9,10,8,9,2,0,8,6,4,9,11,5,9,9,5,0,11,11,5,0,2,4,3,11,2,8,4,11,6,4,8,9,10,2,3,4,0,9,8,7,3,2,8,0,4,4,2,5,5,11,10,4,9,10,3,11,0,11,2,7,2,3,6,8,0,11,3,8,2,5,2,0,4,6,8,0,4,2,9,3,4,2,0,5,2,2,9,0,7,2,5,9,3,8,3,9,5,2,4,8,10,8,8,3,9,9,4,9,11,3,8,9,2,5,9,8,5,3,5,3,11,3,4,5,9,10,0,5,9,2,11,2,2,0,11,3,4,8,6,8,2,3
9,4,7,2,3,9,5,5,10,11,9,10,3,2,9,7,5,10,0,6,10,10,6,2,0,0,6,2,3,5,4,0,3,9,5,0,7,5,9,10,11,3,4,5,2,10,9,8,4,3,9,2,5,5,3,6,6,0,11,5,10,11,4,0,2,0,3,8,3,4,7,9,2,0,4,9,3,6,3,2,5,7,9,2,5,3,10,4,5,3,2,6,3,3,10,2,8,3,6,10,4,9,4,10,6,3,5,9,11,9,9,4,10,10,5,10,0,4,9,10,3,6,10,9,6,4,6,4,0,4,5,6,10,11,2,6,10,3,0,3,3,2,0,4,5,9,7,9,3,4
10,5,8,3,4,10,6,6,11,0,10,11,4,3,10,8,6,11,2,7,11,11,7,3,2,2,7,3,4,6,5,2,4,10,6,2,8,6,10,11,0,4,5,6,3,11,10,9,5,4,10,3,6,6,4,7,7,2,0,6,11,0,5,2,3,2,4,9,4,5,8,10,3,2,5,10,4,7,4,3,6,8,10,3,6,4,11,5,6,4,3,7,4,4,11,3,9,4,7,11,5,10,5,11,7,4,6,10,0,10,10,5,11,11,6,11,2,5,10,11,4,7,11,10,7,5,7,5,2,5,6,7,11,0,3,7,11,4,2,4,4,3,2,5,6,10,8,10,4,5
11,6,9,4,5,11,7,7,0,2,11,0,5,4,11,9,7,0,3,8,0,0,8,4,3,3,8,4,5,7,6,3,5,11,7,3,9,7,11,0,2,5,6,7,4,0,11,10,6,5,11,4,7,7,5,8,8,3,2,7,0,2,6,3,4,3,5,10,5,6,9,11,4,3,6,11,5,8,5,4,7,9,11,4,7,5,0,6,7,5,4,8,5,5,0,4,10,5,8,0,6,11,6,0,8,5,7,11,2,11,11,6,0,0,7,0,3,6,11,0,5,8,0,11,8,6,8,6,3,6,7,8,0,2,4,8,0,5,3,5,5,4,3,6,7,11,9,11,5,6
0,7,10,5,6,0,8,8,2,3,0,2,6,5,0,10,8,2,4,9,2,2,9,5,4,4,9,5,6,8,7,4,6,0,8,4,10,8,0,2,3,6,7,8,5,2,0,11,7,6,0,5,8,8,6,9,9,4,3,8,2,3,7,4,5,4,6,11,6,7,10,0,5,4,7,0,6,9,6,5,8,10,0,5,8,6,2,7,8,6,5,9,6,6,2,5,11,6,9,2,7,0,7,2,9,6,8,0,3,0,0,7,2,2,8,2,4,7,0,2,6,9,2,0,9,7,9,7,4,7,8,9,2,3,5,9,2,6,4,6,6,5,4,7,8,0,10,0,6,7
2,8,11,6,7,2,9,9,3,4,2,3,7,6,2,11,9,3,5,10,3,3,10,6,5,5,10,6,7,9,8,5,7,2,9,5,11,9,2,3,4,7,8,9,6,3,2,0,8,7,2,6,9,9,7,10,10,5,4,9,3,4,8,5,6,5,7,0,7,8,11,2,6,5,8,2,7,10,7,6,9,11,2,6,9,7,3,8,9,7,6,10,7,7,3,6,0,7,10,3,8,2,8,3,10,7,9,2,4,2,2,8,3,3,9,3,5,8,2,3,7,10,3,2,10,8,10,8,5,8,9,10,3,4,6,10,3,7,5,7,7,6,5,8,9,2,11,2,7,8
3,9,0,7,8,3,10,10,4,5,3,4,8,7,3,0,10,4,6,11,4,4,11,7,6,6,11,7,8,10,9,6,8,3,10,6,0,10,3,4,5,8,9,10,7,4,3,2,9,8,3,7,10,10,8,11,11,6,5,10,4,5,9,6,7,6,8,2,8,9,0,3,7,6,9,3,8,11,8,7,10,0,3,7,10,8,4,9,10,8,7,11,8,8,4,7,2,8,11,4,9,3,9,4,11,8,10,3,5,3,3,9,4,4,10,4,6,9,3,4,8,11,4,3,11,9,11,9,6,9,10,11,4,5,7,11,4,8,6,8,8,7,6,9,10,3,0,3,8,9
4,10,2,8,9,4,11,11,5,6,4,5,9,8,4,2,11,5,7,0,5,5,0,8,7,7,0,8,9,11,10,7,9,4,11,7,2,11,4,5,6,9,10,11,8,5,4,3,10,9,4,8,11,11,9,0,0,7,6,11,5,6,10,7,8,7,9,3,9,10,2,4,8,7,10,4,9,0,9,8,11,2,4,8,11,9,5,10,11,9,8,0,9,9,5,8,3,9,0,5,10,4,10,5,0,9,11,4,6,4,4,10,5,5,11,5,7,10,4,5,9,0,5,4,0,10,0,10,7,10,11,0,5,6,8,0,5,9,7,9,9,8,7,10,11,4,2,4,9,10
5,11,3,9,10,5,0,0,6,7,5,6,10,9,5,3,0,6,8,2,6,6,2,9,8,8,2,9,10,0,11,8,10,5,0,8,3,0,5,6,7,10,11,0,9,6,5,4,11,10,5,9,0,0,10,2,2,8,7,0,6,7,11,8,9,8,10,4,10,11,3,5,9,8,11,5,10,2,10,9,0,3,5,9,0,10,6,11,0,10,9,2,10,10,6,9,4,10,2,6,11,5,11,6,2,10,0,5,7,5,5,11,6,6,0,6,8,11,5,6,10,2,6,5,2,11,2,11,8,11,0,2,6,7,9,2,6,10,8,10,10,9,8,11,0,5,3,5,10,11
6,0,4,10,11,6,2,2,7,8,6,7,11,10,6,4,2,7,9,3,7,7,3,10,9,9,3,10,11,2,0,9,11,6,2,9,4,2,6,7,8,11,0,2,10,7,6,5,0,11,6,10,2,2,11,3,3,9,8,2,7,8,0,9,10,9,11,5,11,0,4,6,10,9,0,6,11,3,11,10,2,4,6,10,2,11,7,0,2,11,10,3,11,11,7,10,5,11,3,7,0,6,0,7,3,11,2,6,8,6,6,0,7,7,2,7,9,0,6,7,11,3,7,6,3,0,3,0,9,0,2,3,7,8,10,3,7,11,9,11,11,10,9,0,2,6,4,6,11,0
7,2,5,11,0,7,3,3,8,9,7,8,0,11,7,5,3,8,10,4,8,8,4,11,10,10,4,11,0,3,2,10,0,7,3,10,5,3,7,8,9,0,2,3,11,8,7,6,2,0,7,11,3,3,0,4,4,10,9,3,8,9,2,10,11,10,0,6,0,2,5,7,11,10,2,7,0,4,0,11,3,5,7,11,3,0,8,2,3,0,11,4,0,0,8,11,6,0,4,8,2,7,2,8,4,0,3,7,9,7,7,2,8,8,3,8,10,2,7,8,0,4,8,7,4,2,4,2,10,2,3,4,8,9,11,4,8,0,10,0,0,11,10,2,3,7,5,7,0,2
8,3,6,0,2,8,4,4,9,10,8,9,2,0,8,6,4,9,11,5,9,9,5,0,11,11,5,0,2,4,3,11,2,8,4,11,6,4,8,9,10,2,3,4,0,9,8,7,3,2,8,0,4,4,2,5,5,11,10,4,9,10,3,11,0,11,2,7,2,3,6,8,0,11,3,8,2,5,2,0,4,6,8,0,4,2,9,3,4,2,0,5,2,2,9,0,7,2,5,9,3,8,3,9,5,2,4,8,10,8,8,3,9,9,4,9,11,3,8,9,2,5,9,8,5,3,5,3,11,3,4,5,9,10,0,5,9,2,11,2,2,0,11,3,4,8,6,8,2,3
9,4,7,2,3,9,5,5,10,11,9,10,3,2,9,7,5,10,0,6,10,10,6,2,0,0,6,2,3,5,4,0,3,9,5,0,7,5,9,10,11,3,4,5,2,10,9,8,4,3,9,2,5,5,3,6,6,0,11,5,10,11,4,0,2,0,3,8,3,4,7,9,2,0,4,9,3,6,3,2,5,7,9,2,5,3,10,4,5,3,2,6,3,3,10,2,8,3,6,10,4,9,4,10,6,3,5,9,11,9,9,4,10,10,5,10,0,4,9,10,3,6,10,9,6,4,6,4,0,4,5,6,10,11,2,6,10,3,0,3,3,2,0,4,5,9,7,9,3,4
10,5,8,3,4,10,6,6,11,0,10,11,4,3,10,8,6,11,2,7,11,11,7,3,2,2,7,3,4,6,5,2,4,10,6,2,8,6,10,11,0,4,5,6,3,11,10,9,5,4,10,3,6,6,4,7,7,2,0,6,11,0,5,2,3,2,4,9,4,5,8,10,3,2,5,10,4,7,4,3,6,8,10,3,6,4,11,5,6,4,3,7,4,4,11,3,9,4,7,11,5,10,5,11,7,4,6,10,0,10,10,5,11,11,6,11,2,5,10,11,4,7,11,10,7,5,7,5,2,5,6,7,11,0,3,7,11,4,2,4,4,3,2,5,6,10,8,10,4,5
11,6,9,4,5,11,7,7,0,2,11,0,5,4,11,9,7,0,3,8,0,0,8,4,3,3,8,4,5,7,6,3,5,11,7,3,9,7,11,0,2,5,6,7,4,0,11,10,6,5,11,4,7,7,5,8,8,3,2,7,0,2,6,3,4,3,5,10,5,6,9,11,4,3,6,11,5,8,5,4,7,9,11,4,7,5,0,6,7,5,4,8,5,5,0,4,10,5,8,0,6,11,6,0,8,5,7,11,2,11,11,6,0,0,7,0,3,6,11,0,5,8,0,11,8,6,8,6,3,6,7,8,0,2,4,8,0,5,3,5,5,4,3,6,7,11,9,11,5,6
0,7,10,5,6,0,8,8,2,3,0,2,6,5,0,10,8,2,4,9,2,2,9,5,4,4,9,5,6,8,7,4,6,0,8,4,10,8,0,2,3,6,7,8,5,2,0,11,7,6,0,5,8,8,6,9,9,4,3,8,2,3,7,4,5,4,6,11,6,7,10,0,5,4,7,0,6,9,6,5,8,10,0,5,8,6,2,7,8,6,5,9,6,6,2,5,11,6,9,2,7,0,7,2,9,6,8,0,3,0,0,7,2,2,8,2,4,7,0,2,6,9,2,0,9,7,9,7,4,7,8,9,2,3,5,9,2,6,4,6,6,5,4,7,8,0,10,0,6,7
2,8,11,6,7,2,9,9,3,4,2,3,7,6,2,11,9,3,5,10,3,3,10,6,5,5,10,6,7,9,8,5,7,2,9,5,11,9,2,3,4,7,8,9,6,3,2,0,8,7,2,6,9,9,7,10,10,5,4,9,3,4,8,5,6,5,7,0,7,8,11,2,6,5,8,2,7,10,7,6,9,11,2,6,9,7,3,8,9,7,6,10,7,7,3,6,0,7,10,3,8,2,8,3,10,7,9,2,4,2,2,8,3,3,9,3,5,8,2,3,7,10,3,2,10,8,10,8,5,8,9,10,3,4,6,10,3,7,5,7,7,6,5,8,9,2,11,2,7,8
3,9,0,7,8,3,10,10,4,5,3,4,8,7,3,0,10,4,6,11,4,4,11,7,6,6,11,7,8,10,9,6,8,3,10,6,0,10,3,4,5,8,9,10,7,4,3,2,9,8,3,7,10,10,8,11,11,6,5,10,4,5,9,6,7,6,8,2,8,9,0,3,7,6,9,3,8,11,8,7,10,0,3,7,10,8,4,9,10,8,7,11,8,8,4,7,2,8,11,4,9,3,9,4,11,8,10,3,5,3,3,9,4,4,10,4,6,9,3,4,8,11,4,3,11,9,11,9,6,9,10,11,4,5,7,11,4,8,6,8,8,7,6,9,10,3,0,3,8,9
4,10,2,8,9,4,11,11,5,6,4,5,9,8,4,2,11,5,7,0,5,5,0,8,7,7,0,8,9,11,10,7,9,4,11,7,2,11,4,5,6,9,10,11,8,5,4,3,10,9,4,8,11,11,9,0,0,7,6,11,5,6,10,7,8,7,9,3,9,10,2,4,8,7,10,4,9,0,9,8,11,2,4,8,11,9,5,10,11,9,8,0,9,9,5,8,3,9,0,5,10,4,10,5,0,9,11,4,6,4,4,10,5,5,11,5,7,10,4,5,9,0,5,4,0,10,0,10,7,10,11,0,5,6,8,0,5,9,7,9,9,8,7,10,11,4,2,4,9,10
5,11,3,9,10,5,0,0,6,7,5,6,10,9,5,3,0,6,8,2,6,6,2,9,8,8,2,9,10,0,11,8,10,5,0,8,3,0,5,6,7,10,11,0,9,6,5,4,11,10,5,9,0,0,10,2,2,8,7,0,6,7,11,8,9,8,10,4,10,11,3,5,9,8,11,5,10,2,10,9,0,3,5,9,0,10,6,11,0,10,9,2,10,10,6,9,4,10,2,6,11,5,11,6,2,10,0,5,7,5,5,11,6,6,0,6,8,11,5,6,10,2,6,5,2,11,2,11,8,11,0,2,6,7,9,2,6,10,8,10,10,9,8,11,0,5,3,5,10,11
6,0,4,10,11,6,2,2,7,8,6,7,11,10,6,4,2,7,9,3,7,7,3,10,9,9,3,10,11,2,0,9,11,6,2,9,4,2,6,7,8,11,0,2,10,7,6,5,0,11,6,10,2,2,11,3,3,9,8,2,7,8,0,9,10,9,11,5,11,0,4,6,10,9,0,6,11,3,11,10,2,4,6,10,2,11,7,0,2,11,10,3,11,11,7,10,5,11,3,7,0,6,0,7,3,11,2,6,8,6,6,0,7,7,2,7,9,0,6,7,11,3,7,6,3,0,3,0,9,0,2,3,7,8,10,3,7,11,9,11,11,10,9,0,2,6,4,6,11,0
7,2,5,11,0,7,3,3,8,9,7,8,0,11,7,5,3,8,10,4,8,8,4,11,10,10,4,11,0,3,2,10,0,7,3,10,5,3,7,8,9,0,2,3,11,8,7,6,2,0,7,11,3,3,0,4,4,10,9,3,8,9,2,10,11,10,0,6,0,2,5,7,11,10,2,7,0,4,0,11,3,5,7,11,3,0,8,2,3,0,11,4,0,0,8,11,6,0,4,8,2,7,2,8,4,0,3,7,9,7,7,2,8,8,3,8,10,2,7,8,0,4,8,7,4,2,4,2,10,2,3,4,8,9,11,4,8,0,10,0,0,11,10,2,3,7,5,7,0,2
8,3,6,0,2,8,4,4,9,10,8,9,2,0,8,6,4,9,11,5,9,9,5,0,11,11,5,0,2,4,3,11,2,8,4,11,6,4,8,9,10,2,3,4,0,9,8,7,3,2,8,0,4,4,2,5,5,11,10,4,9,10,3,11,0,11,2,7,2,3,6,8,0,11,3,8,2,5,2,0,4,6,8,0,4,2,9,3,4,2,0,5,2,2,9,0,7,2,5,9,3,8,3,9,5,2,4,8,10,8,8,3,9,9,4,9,11,3,8,9,2,5,9,8,5,3,5,3,11,3,4,5,9,10,0,5,9,2,11,2,2,0,11,3,4,8,6,8,2,3
9,4,7,2,3,9,5,5,10,11,9,10,3,2,9,7,5,10,0,6,10,10,6,2,0,0,6,2,3,5,4,0,3,9,5,0,7,5,9,10,11,3,4,5,2,10,9,8,4,3,9,2,5,5,3,6,6,0,11,5,10,11,4,0,2,0,3,8,3,4,7,9,2,0,4,9,3,6,3,2,5,7,9,2,5,3,10,4,5,3,2,6,3,3,10,2,8,3,6,10,4,9,4,10,6,3,5,9,11,9,9,4,10,10,5,10,0,4,9,10,3,6,10,9,6,4,6,4,0,4,5,6,10,11,2,6,10,3,0,3,3,2,0,4,5,9,7,9,3,4
10,5,8,3,4,10,6,6,11,0,10,11,4,3,10,8,6,11,2,7,11,11,7,3,2,2,7,3,4,6,5,2,4,10,6,2,8,6,10,11,0,4,5,6,3,11,10,9,5,4,10,3,6,6,4,7,7,2,0,6,11,0,5,2,3,2,4,9,4,5,8,10,3,2,5,10,4,7,4,3,6,8,10,3,6,4,11,5,6,4,3,7,4,4,11,3,9,4,7,11,5,10,5,11,7,4,6,10,0,10,10,5,11,11,6,11,2,5,10,11,4,7,11,10,7,5,7,5,2,5,6,7,11,0,3,7,11,4,2,4,4,3,2,5,6,10,8,10,4,5
11,6,9,4,5,11,7,7,0,2,11,0,5,4,11,9,7,0,3,8,0,0,8,4,3,3,8,4,5,7,6,3,5,11,7,3,9,7,11,0,2,5,6,7,4,0,11,10,6,5,11,4,7,7,5,8,8,3,2,7,0,2,6,3,4,3,5,10,5,6,9,11,4,3,6,11,5,8,5,4,7,9,11,4,7,5,0,6,7,5,4,8,5,5,0,4,10,5,8,0,6,11,6,0,8,5,7,11,2,11,11,6,0,0,7,0,3,6,11,0,5,8,0,11,8,6,8,6,3,6,7,8,0,2,4,8,0,5,3,5,5,4,3,6,7,11,9,11,5,6
0,7,10,5,6,0,8,8,2,3,0,2,6,5,0,10,8,2,4,9,2,2,9,5,4,4,9,5,6,8,7,4,6,0,8,4,10,8,0,2,3,6,7,8,5,2,0,11,7,6,0,5,8,8,6,9,9,4,3,8,2,3,7,4,5,4,6,11,6,7,10,0,5,4,7,0,6,9,6,5,8,10,0,5,8,6,2,7,8,6,5,9,6,6,2,5,11,6,9,2,7,0,7,2,9,6,8,0,3,0,0,7,2,2,8,2,4,7,0,2,6,9,2,0,9,7,9,7,4,7,8,9,2,3,5,9,2,6,4,6,6,5,4,7,8,0,10,0,6,7
2,8,11,6,7,2,9,9,3,4,2,3,7,6,2,11,9,3,5,10,3,3,10,6,5,5,10,6,7,9,8,5,7,2,9,5,11,9,2,3,4,7,8,9,6,3,2,0,8,7,2,6,9,9,7,10,10,5,4,9,3,4,8,5,6,5,7,0,7,8,11,2,6,5,8,2,7,10,7,6,9,11,2,6,9,7,3,8,9,7,6,10,7,7,3,6,0,7,10,3,8,2,8,3,10,7,9,2,4,2,2,8,3,3,9,3,5,8,2,3,7,10,3,2,10,8,10,8,5,8,9,10,3,4,6,10,3,7,5,7,7,6,5,8,9,2,11,2,7,8
3,9,0,7,8,3,10,10,4,5,3,4,8,7,3,0,10,4,6,11,4,4,11,7,6,6,11,7,8,10,9,6,8,3,10,6,0,10,3,4,5,8,9,10,7,4,3,2,9,8,3,7,10,10,8,11,11,6,5,10,4,5,9,6,7,6,8,2,8,9,0,3,7,6,9,3,8,11,8,7,10,0,3,7,10,8,4,9,10,8,7,11,8,8,4,7,2,8,11,4,9,3,9,4,11,8,10,3,5,3,3,9,4,4,10,4,6,9,3,4,8,11,4,3,11,9,11,9,6,9,10,11,4,5,7,11,4,8,6,8,8,7,6,9,10,3,0,3,8,9
4,10,2,8,9,4,11,11,5,6,4,5,9,8,4,2,11,5,7,0,5,5,0,8,7,7,0,8,9,11,10,7,9,4,11,7,2,11,4,5,6,9,10,11,8,5,4,3,10,9,4,8,11,11,9,0,0,7,6,11,5,6,10,7,8,7,9,3,9,10,2,4,8,7,10,4,9,0,9,8,11,2,4,8,11,9,5,10,11,9,8,0,9,9,5,8,3,9,0,5,10,4,10,5,0,9,11,4,6,4,4,10,5,5,11,5,7,10,4,5,9,0,5,4,0,10,0,10,7,10,11,0,5,6,8,0,5,9,7,9,9,8,7,10,11,4,2,4,9,10
5,11,3,9,10,5,0,0,6,7,5,6,10,9,5,3,0,6,8,2,6,6,2,9,8,8,2,9,10,0,11,8,10,5,0,8,3,0,5,6,7,10,11,0,9,6,5,4,11,10,5,9,0,0,10,2,2,8,7,0,6,7,11,8,9,8,10,4,10,11,3,5,9,8,11,5,10,2,10,9,0,3,5,9,0,10,6,11,0,10,9,2,10,10,6,9,4,10,2,6,11,5,11,6,2,10,0,5,7,5,5,11,6,6,0,6,8,11,5,6,10,2,6,5,2,11,2,11,8,11,0,2,6,7,9,2,6,10,8,10,10,9,8,11,0,5,3,5,10,11
6,0,4,10,11,6,2,2,7,8,6,7,11,10,6,4,2,7,9,3,7,7,3,10,9,9,3,10,11,2,0,9,11,6,2,9,4,2,6,7,8,11,0,2,10,7,6,5,0,11,6,10,2,2,11,3,3,9,8,2,7,8,0,9,10,9,11,5,11,0,4,6,10,9,0,6,11,3,11,10,2,4,6,10,2,11,7,0,2,11,10,3,11,11,7,10,5,11,3,7,0,6,0,7,3,11,2,6,8,6,6,0,7,7,2,7,9,0,6,7,11,3,7,6,3,0,3,0,9,0,2,3,7,8,10,3,7,11,9,11,11,10,9,0,2,6,4,6,11,0
7,2,5,11,0,7,3,3,8,9,7,8,0,11,7,5,3,8,10,4,8,8,4,11,10,10,4,11,0,3,2,10,0,7,3,10,5,3,7,8,9,0,2,3,11,8,7,6,2,0,7,11,3,3,0,4,4,10,9,3,8,9,2,10,11,10,0,6,0,2,5,7,11,10,2,7,0,4,0,11,3,5,7,11,3,0,8,2,3,0,11,4,0,0,8,11,6,0,4,8,2,7,2,8,4,0,3,7,9,7,7,2,8,8,3,8,10,2,7,8,0,4,8,7,4,2,4,2,10,2,3,4,8,9,11,4,8,0,10,0,0,11,10,2,3,7,5,7,0,2
8,3,6,0,2,8,4,4,9,10,8,9,2,0,8,6,4,9,11,5,9,9,5,0,11,11,5,0,2,4,3,11,2,8,4,11,6,4,8,9,10,2,3,4,0,9,8,7,3,2,8,0,4,4,2,5,5,11,10,4,9,10,3,11,0,11,2,7,2,3,6,8,0,11,3,8,2,5,2,0,4,6,8,0,4,2,9,3,4,2,0,5,2,2,9,0,7,2,5,9,3,8,3,9,5,2,4,8,10,8,8,3,9,9,4,9,11,3,8,9,2,5,9,8,5,3,5,3,11,3,4,5,9,10,0,5,9,2,11,2,2,0,11,3,4,8,6,8,2,3
9,4,7,2,3,9,5,5,10,11,9,10,3,2,9,7,5,10,0,6,10,10,6,2,0,0,6,2,3,5,4,0,3,9,5,0,7,5,9,10,11,3,4,5,2,10,9,8,4,3,9,2,5,5,3,6,6,0,11,5,10,11,4,0,2,0,3,8,3,4,7,9,2,0,4,9,3,6,3,2,5,7,9,2,5,3,10,4,5,3,2,6,3,3,10,2,8,3,6,10,4,9,4,10,6,3,5,9,11,9,9,4,10,10,5,10,0,4,9,10,3,6,10,9,6,4,6,4,0,4,5,6,10,11,2,6,10,3,0,3,3,2,0,4,5,9,7,9,3,4
10,5,8,3,4,10,6,6,11,0,10,11,4,3,10,8,6,11,2,7,11,11,7,3,2,2,7,3,4,6,5,2,4,10,6,2,8,6,10,11,0,4,5,6,3,11,10,9,5,4,10,3,6,6,4,7,7,2,0,6,11,0,5,2,3,2,4,9,4,5,8,10,3,2,5,10,4,7,4,3,6,8,10,3,6,4,11,5,6,4,3,7,4,4,11,3,9,4,7,11,5,10,5,11,7,4,6,10,0,10,10,5,11,11,6,11,2,5,10,11,4,7,11,10,7,5,7,5,2,5,6,7,11,0,3,7,11,4,2,4,4,3,2,5,6,10,8,10,4,5
11,6,9,4,5,11,7,7,0,2,11,0,5,4,11,9,7,0,3,8,0,0,8,4,3,3,8,4,5,7,6,3,5,11,7,3,9,7,11,0,2,5,6,7,4,0,11,10,6,5,11,4,7,7,5,8,8,3,2,7,0,2,6,3,4,3,5,10,5,6,9,11,4,3,6,11,5,8,5,4,7,9,11,4,7,5,0,6,7,5,4,8,5,5,0,4,10,5,8,0,6,11,6,0,8,5,7,11,2,11,11,6,0,0,7,0,3,6,11,0,5,8,0,11,8,6,8,6,3,6,7,8,0,2,4,8,0,5,3,5,5,4,3,6,7,11,9,11,5,6
0,7,10,5,6,0,8,8,2,3,0,2,6,5,0,10,8,2,4,9,2,2,9,5,4,4,9,5,6,8,7,4,6,0,8,4,10,8,0,2,3,6,7,8,5,2,0,11,7,6,0,5,8,8,6,9,9,4,3,8,2,3,7,4,5,4,6,11,6,7,10,0,5,4,7,0,6,9,6,5,8,10,0,5,8,6,2,7,8,6,5,9,6,6,2,5,11,6,9,2,7,0,7,2,9,6,8,0,3,0,0,7,2,2,8,2,4,7,0,2,6,9,2,0,9,7,9,7,4,7,8,9,2,3,5,9,2,6,4,6,6,5,4,7,8,0,10,0,6,7
2,8,11,6,7,2,9,9,3,4,2,3,7,6,2,11,9,3,5,10,3,3,10,6,5,5,10,6,7,9,8,5,7,2,9,5,11,9,2,3,4,7,8,9,6,3,2,0,8,7,2,6,9,9,7,10,10,5,4,9,3,4,8,5,6,5,7,0,7,8,11,2,6,5,8,2,7,10,7,6,9,11,2,6,9,7,3,8,9,7,6,10,7,7,3,6,0,7,10,3,8,2,8,3,10,7,9,2,4,2,2,8,3,3,9,3,5,8,2,3,7,10,3,2,10,8,10,8,5,8,9,10,3,4,6,10,3,7,5,7,7,6,5,8,9,2,11,2,7,8
3,9,0,7,8,3,10,10,4,5,3,4,8,7,3,0,10,4,6,11,4,4,11,7,6,6,11,7,8,10,9,6,8,3,10,6,0,10,3,4,5,8,9,10,7,4,3,2,9,8,3,7,10,10,8,11,11,6,5,10,4,5,9,6,7,6,8,2,8,9,0,3,7,6,9,3,8,11,8,7,10,0,3,7,10,8,4,9,10,8,7,11,8,8,4,7,2,8,11,4,9,3,9,4,11,8,10,3,5,3,3,9,4,4,10,4,6,9,3,4,8,11,4,3,11,9,11,9,6,9,10,11,4,5,7,11,4,8,6,8,8,7,6,9,10,3,0,3,8,9
4,10,2,8,9,4,11,11,5,6,4,5,9,8,4,2,11,5,7,0,5,5,0,8,7,7,0,8,9,11,10,7,9,4,11,7,2,11,4,5,6,9,10,11,8,5,4,3,10,9,4,8,11,11,9,0,0,7,6,11,5,6,10,7,8,7,9,3,9,10,2,4,8,7,10,4,9,0,9,8,11,2,4,8,11,9,5,10,11,9,8,0,9,9,5,8,3,9,0,5,10,4,10,5,0,9,11,4,6,4,4,10,5,5,11,5,7,10,4,5,9,0,5,4,0,10,0,10,7,10,11,0,5,6,8,0,5,9,7,9,9,8,7,10,11,4,2,4,9,10
5,11,3,9,10,5,0,0,6,7,5,6,10,9,5,3,0,6,8,2,6,6,2,9,8,8,2,9,10,0,11,8,10,5,0,8,3,0,5,6,7,10,11,0,9,6,5,4,11,10,5,9,0,0,10,2,2,8,7,0,6,7,11,8,9,8,10,4,10,11,3,5,9,8,11,5,10,2,10,9,0,3,5,9,0,10,6,11,0,10,9,2,10,10,6,9,4,10,2,6,11,5,11,6,2,10,0,5,7,5,5,11,6,6,0,6,8,11,5,6,10,2,6,5,2,11,2,11,8,11,0,2,6,7,9,2,6,10,8,10,10,9,8,11,0,5,3,5,10,11
6,0,4,10,11,6,2,2,7,8,6,7,11,10,6,4,2,7,9,3,7,7,3,10,9,9,3,10,11,2,0,9,11,6,2,9,4,2,6,7,8,11,0,2,10,7,6,5,0,11,6,10,2,2,11,3,3,9,8,2,7,8,0,9,10,9,11,5,11,0,4,6,10,9,0,6,11,3,11,10,2,4,6,10,2,11,7,0,2,11,10,3,11,11,7,10,5,11,3,7,0,6,0,7,3,11,2,6,8,6,6,0,7,7,2,7,9,0,6,7,11,3,7,6,3,0,3,0,9,0,2,3,7,8,10,3,7,11,9,11,11,10,9,0,2,6,4,6,11,0
7,2,5,11,0,7,3,3,8,9,7,8,0,11,7,5,3,8,10,4,8,8,4,11,10,10,4,11,0,3,2,10,0,7,3,10,5,3,7,8,9,0,2,3,11,8,7,6,2,0,7,11,3,3,0,4,4,10,9,3,8,9,2,10,11,10,0,6,0,2,5,7,11,10,2,7,0,4,0,11,3,5,7,11,3,0,8,2,3,0,11,4,0,0,8,11,6,0,4,8,2,7,2,8,4,0,3,7,9,7,7,2,8,8,3,8,10,2,7,8,0,4,8,7,4,2,4,2,10,2,3,4,8,9,11,4,8,0,10,0,0,11,10,2,3,7,5,7,0,2
8,3,6,0,2,8,4,4,9,10,8,9,2,0,8,6,4,9,11,5,9,9,5,0,11,11,5,0,2,4,3,11,2,8,4,11,6,4,8,9,10,2,3,4,0,9,8,7,3,2,8,0,4,4,2,5,5,11,10,4,9,10,3,11,0,11,2,7,2,3,6,8,0,11,3,8,2,5,2,0,4,6,8,0,4,2,9,3,4,2,0,5,2,2,9,0,7,2,5,9,3,8,3,9,5,2,4,8,10,8,8,3,9,9,4,9,11,3,8,9,2,5,9,8,5,3,5,3,11,3,4,5,9,10,0,5,9,2,11,2,2,0,11,3,4,8,6,8,2,3
9,4,7,2,3,9,5,5,10,11,9,10,3,2,9,7,5,10,0,6,10,10,6,2,0,0,6,2,3,5,4,0,3,9,5,0,7,5,9,10,11,3,4,5,2,10,9,8,4,3,9,2,5,5,3,6,6,0,11,5,10,11,4,0,2,0,3,8,3,4,7,9,2,0,4,9,3,6,3,2,5,7,9,2,5,3,10,4,5,3,2,6,3,3,10,2,8,3,6,10,4,9,4,10,6,3,5,9,11,9,9,4,10,10,5,10,0,4,9,10,3,6,10,9,6,4,6,4,0,4,5,6,10,11,2,6,10,3,0,3,3,2,0,4,5,9,7,9,3,4
10,5,8,3,4,10,6,6,11,0,10,11,4,3,10,8,6,11,2,7,11,11,7,3,2,2,7,3,4,6,5,2,4,10,6,2,8,6,10,11,0,4,5,6,3,11,10,9,5,4,10,3,6,6,4,7,7,2,0,6,11,0,5,2,3,2,4,9,4,5,8,10,3,2,5,10,4,7,4,3,6,8,10,3,6,4,11,5,6,4,3,7,4,4,11,3,9,4,7,11,5,10,5,11,7,4,6,10,0,10,10,5,11,11,6,11,2,5,10,11,4,7,11,10,7,5,7,5,2,5,6,7,11,0,3,7,11,4,2,4,4,3,2,5,6,10,8,10,4,5
11,6,9,4,5,11,7,7,0,2,11,0,5,4,11,9,7,0,3,8,0,0,8,4,3,3,8,4,5,7,6,3,5,11,7,3,9,7,11,0,2,5,6,7,4,0,11,10,6,5,11,4,7,7,5,8,8,3,2,7,0,2,6,3,4,3,5,10,5,6,9,11,4,3,6,11,5,8,5,4,7,9,11,4,7,5,0,6,7,5,4,8,5,5,0,4,10,5,8,0,6,11,6,0,8,5,7,11,2,11,11,6,0,0,7,0,3,6,11,0,5,8,0,11,8,6,8,6,3,6,7,8,0,2,4,8,0,5,3,5,5,4,3,6,7,11,9,11,5,6
0,7,10,5,6,0,8,8,2,3,0,2,6,5,0,10,8,2,4,9,2,2,9,5,4,4,9,5,6,8,7,4,6,0,8,4,10,8,0,2,3,6,7,8,5,2,0,11,7,6,0,5,8,8,6,9,9,4,3,8,2,3,7,4,5,4,6,11,6,7,10,0,5,4,7,0,6,9,6,5,8,10,0,5,8,6,2,7,8,6,5,9,6,6,2,5,11,6,9,2,7,0,7,2,9,6,8,0,3,0,0,7,2,2,8,2,4,7,0,2,6,9,2,0,9,7,9,7,4,7,8,9,2,3,5,9,2,6,4,6,6,5,4,7,8,0,10,0,6,7
2,8,11,6,7,2,9,9,3,4,2,3,7,6,2,11,9,3,5,10,3,3,10,6,5,5,10,6,7,9,8,5,7,2,9,5,11,9,2,3,4,7,8,9,6,3,2,0,8,7,2,6,9,9,7,10,10,5,4,9,3,4,8,5,6,5,7,0,7,8,11,2,6,5,8,2,7,10,7,6,9,11,2,6,9,7,3,8,9,7,6,10,7,7,3,6,0,7,10,3,8,2,8,3,10,7,9,2,4,2,2,8,3,3,9,3,5,8,2,3,7,10,3,2,10,8,10,8,5,8,9,10,3,4,6,10,3,7,5,7,7,6,5,8,9,2,11,2,7,8
3,9,0,7,8,3,10,10,4,5,3,4,8,7,3,0,10,4,6,11,4,4,11,7,6,6,11,7,8,10,9,6,8,3,10,6,0,10,3,4,5,8,9,10,7,4,3,2,9,8,3,7,10,10,8,11,11,6,5,10,4,5,9,6,7,6,8,2,8,9,0,3,7,6,9,3,8,11,8,7,10,0,3,7,10,8,4,9,10,8,7,11,8,8,4,7,2,8,11,4,9,3,9,4,11,8,10,3,5,3,3,9,4,4,10,4,6,9,3,4,8,11,4,3,11,9,11,9,6,9,10,11,4,5,7,11,4,8,6,8,8,7,6,9,10,3,0,3,8,9
4,10,2,8,9,4,11,11,5,6,4,5,9,8,4,2,11,5,7,0,5,5,0,8,7,7,0,8,9,11,10,7,9,4,11,7,2,11,4,5,6,9,10,11,8,5,4,3,10,9,4,8,11,11,9,0,0,7,6,11,5,6,10,7,8,7,9,3,9,10,2,4,8,7,10,4,9,0,9,8,11,2,4,8,11,9,5,10,11,9,8,0,9,9,5,8,3,9,0,5,10,4,10,5,0,9,11,4,6,4,4,10,5,5,11,5,7,10,4,5,9,0,5,4,0,10,0,10,7,10,11,0,5,6,8,0,5,9,7,9,9,8,7,10,11,4,2,4,9,10
5,11,3,9,10,5,0,0,6,7,5,6,10,9,5,3,0,6,8,2,6,6,2,9,8,8,2,9,10,0,11,8,10,5,0,8,3,0,5,6,7,10,11,0,9,6,5,4,11,10,5,9,0,0,10,2,2,8,7,0,6,7,11,8,9,8,10,4,10,11,3,5,9,8,11,5,10,2,10,9,0,3,5,9,0,10,6,11,0,10,9,2,10,10,6,9,4,10,2,6,11,5,11,6,2,10,0,5,7,5,5,11,6,6,0,6,8,11,5,6,10,2,6,5,2,11,2,11,8,11,0,2,6,7,9,2,6,10,8,10,10,9,8,11,0,5,3,5,10,11
6,0,4,10,11,6,2,2,7,8,6,7,11,10,6,4,2,7,9,3,7,7,3,10,9,9,3,10,11,2,0,9,11,6,2,9,4,2,6,7,8,11,0,2,10,7,6,5,0,11,6,10,2,2,11,3,3,9,8,2,7,8,0,9,10,9,11,5,11,0,4,6,10,9,0,6,11,3,11,10,2,4,6,10,2,11,7,0,2,11,10,3,11,11,7,10,5,11,3,7,0,6,0,7,3,11,2,6,8,6,6,0,7,7,2,7,9,0,6,7,11,3,7,6,3,0,3,0,9,0,2,3,7,8,10,3,7,11,9,11,11,10,9,0,2,6,4,6,11,0
7,2,5,11,0,7,3,3,8,9,7,8,0,11,7,5,3,8,10,4,8,8,4,11,10,10,4,11,0,3,2,10,0,7,3,10,5,3,7,8,9,0,2,3,11,8,7,6,2,0,7,11,3,3,0,4,4,10,9,3,8,9,2,10,11,10,0,6,0,2,5,7,11,10,2,7,0,4,0,11,3,5,7,11,3,0,8,2,3,0,11,4,0,0,8,11,6,0,4,8,2,7,2,8,4,0,3,7,9,7,7,2,8,8,3,8,10,2,7,8,0,4,8,7,4,2,4,2,10,2,3,4,8,9,11,4,8,0,10,0,0,11,10,2,3,7,5,7,0,2
8,3,6,0,2,8,4,4,9,10,8,9,2,0,8,6,4,9,11,5,9,9,5,0,11,11,5,0,2,4,3,11,2,8,4,11,6,4,8,9,10,2,3,4,0,9,8,7,3,2,8,0,4,4,2,5,5,11,10,4,9,10,3,11,0,11,2,7,2,3,6,8,0,11,3,8,2,5,2,0,4,6,8,0,4,2,9,3,4,2,0,5,2,2,9,0,7,2,5,9,3,8,3,9,5,2,4,8,10,8,8,3,9,9,4,9,11,3,8,9,2,5,9,8,5,3,5,3,11,3,4,5,9,10,0,5,9,2,11,2,2,0,11,3,4,8,6,8,2,3
9,4,7,2,3,9,5,5,10,11,9,10,3,2,9,7,5,10,0,6,10,10,6,2,0,0,6,2,3,5,4,0,3,9,5,0,7,5,9,10,11,3,4,5,2,10,9,8,4,3,9,2,5,5,3,6,6,0,11,5,10,11,4,0,2,0,3,8,3,4,7,9,2,0,4,9,3,6,3,2,5,7,9,2,5,3,10,4,5,3,2,6,3,3,10,2,8,3,6,10,4,9,4,10,6,3,5,9,11,9,9,4,10,10,5,10,0,4,9,10,3,6,10,9,6,4,6,4,0,4,5,6,10,11,2,6,10,3,0,3,3,2,0,4,5,9,7,9,3,4
10,5,8,3,4,10,6,6,11,0,10,11,4,3,10,8,6,11,2,7,11,11,7,3,2,2,7,3,4,6,5,2,4,10,6,2,8,6,10,11,0,4,5,6,3,11,10,9,5,4,10,3,6,6,4,7,7,2,0,6,11,0,5,2,3,2,4,9,4,5,8,10,3,2,5,10,4,7,4,3,6,8,10,3,6,4,11,5,6,4,3,7,4,4,11,3,9,4,7,11,5,10,5,11,7,4,6,10,0,10,10,5,11,11,6,11,2,5,10,11,4,7,11,10,7,5,7,5,2,5,6,7,11,0,3,7,11,4,2,4,4,3,2,5,6,10,8,10,4,5
11,6,9,4,5,11,7,7,0,2,11,0,5,4,11,9,7,0,3,8,0,0,8,4,3,3,8,4,5,7,6,3,5,11,7,3,9,7,11,0,2,5,6,7,4,0,11,10,6,5,11,4,7,7,5,8,8,3,2,7,0,2,6,3,4,3,5,10,5,6,9,11,4,3,6,11,5,8,5,4,7,9,11,4,7,5,0,6,7,5,4,8,5,5,0,4,10,5,8,0,6,11,6,0,8,5,7,11,2,11,11,6,0,0,7,0,3,6,11,0,5,8,0,11,8,6,8,6,3,6,7,8,0,2,4,8,0,5,3,5,5,4,3,6,7,11,9,11,5,6
0,7,10,5,6,0,8,8,2,3,0,2,6,5,0,10,8,2,4,9,2,2,9,5,4,4,9,5,6,8,7,4,6,0,8,4,10,8,0,2,3,6,7,8,5,2,0,11,7,6,0,5,8,8,6,9,9,4,3,8,2,3,7,4,5,4,6,11,6,7,10,0,5,4,7,0,6,9,6,5,8,10,0,5,8,6,2,7,8,6,5,9,6,6,2,5,11,6,9,2,7,0,7,2,9,6,8,0,3,0,0,7,2,2,8,2,4,7,0,2,6,9,2,0,9,7,9,7,4,7,8,9,2,3,5,9,2,6,4,6,6,5,4,7,8,0,10,0,6,7
2,8,11,6,7,2,9,9,3,4,2,3,7,6,2,11,9,3,5,10,3,3,10,6,5,5,10,6,7,9,8,5,7,2,9,5,11,9,2,3,4,7,8,9,6,3,2,0,8,7,2,6,9,9,7,10,10,5,4,9,3,4,8,5,6,5,7,0,7,8,11,2,6,5,8,2,7,10,7,6,9,11,2,6,9,7,3,8,9,7,6,10,7,7,3,6,0,7,10,3,8,2,8,3,10,7,9,2,4,2,2,8,3,3,9,3,5,8,2,3,7,10,3,2,10,8,10,8,5,8,9,10,3,4,6,10,3,7,5,7,7,6,5,8,9,2,11,2,7,8
3,9,0,7,8,3,10,10,4,5,3,4,8,7,3,0,10,4,6,11,4,4,11,7,6,6,11,7,8,10,9,6,8,3,10,6,0,10,3,4,5,8,9,10,7,4,3,2,9,8,3,7,10,10,8,11,11,6,5,10,4,5,9,6,7,6,8,2,8,9,0,3,7,6,9,3,8,11,8,7,10,0,3,7,10,8,4,9,10,8,7,11,8,8,4,7,2,8,11,4,9,3,9,4,11,8,10,3,5,3,3,9,4,4,10,4,6,9,3,4,8,11,4,3,11,9,11,9,6,9,10,11,4,5,7,11,4,8,6,8,8,7,6,9,10,3,0,3,8,9
4,10,2,8,9,4,11,11,5,6,4,5,9,8,4,2,11,5,7,0,5,5,0,8,7,7,0,8,9,11,10,7,9,4,11,7,2,11,4,5,6,9,10,11,8,5,4,3,10,9,4,8,11,11,9,0,0,7,6,11,5,6,10,7,8,7,9,3,9,10,2,4,8,7,10,4,9,0,9,8,11,2,4,8,11,9,5,10,11,9,8,0,9,9,5,8,3,9,0,5,10,4,10,5,0,9,11,4,6,4,4,10,5,5,11,5,7,10,4,5,9,0,5,4,0,10,0,10,7,10,11,0,5,6,8,0,5,9,7,9,9,8,7,10,11,4,2,4,9,10
5,11,3,9,10,5,0,0,6,7,5,6,10,9,5,3,0,6,8,2,6,6,2,9,8,8,2,9,10,0,11,8,10,5,0,8,3,0,5,6,7,10,11,0,9,6,5,4,11,10,5,9,0,0,10,2,2,8,7,0,6,7,11,8,9,8,10,4,10,11,3,5,9,8,11,5,10,2,10,9,0,3,5,9,0,10,6,11,0,10,9,2,10,10,6,9,4,10,2,6,11,5,11,6,2,10,0,5,7,5,5,11,6,6,0,6,8,11,5,6,10,2,6,5,2,11,2,11,8,11,0,2,6,7,9,2,6,10,8,10,10,9,8,11,0,5,3,5,10,11
6,0,4,10,11,6,2,2,7,8,6,7,11,10,6,4,2,7,9,3,7,7,3,10,9,9,3,10,11,2,0,9,11,6,2,9,4,2,6,7,8,11,0,2,10,7,6,5,0,11,6,10,2,2,11,3,3,9,8,2,7,8,0,9,10,9,11,5,11,0,4,6,10,9,0,6,11,3,11,10,2,4,6,10,2,11,7,0,2,11,10,3,11,11,7,10,5,11,3,7,0,6,0,7,3,11,2,6,8,6,6,0,7,7,2,7,9,0,6,7,11,3,7,6,3,0,3,0,9,0,2,3,7,8,10,3,7,11,9,11,11,10,9,0,2,6,4,6,11,0
7,2,5,11,0,7,3,3,8,9,7,8,0,11,7,5,3,8,10,4,8,8,4,11,10,10,4,11,0,3,2,10,0,7,3,10,5,3,7,8,9,0,2,3,11,8,7,6,2,0,7,11,3,3,0,4,4,10,9,3,8,9,2,10,11,10,0,6,0,2,5,7,11,10,2,7,0,4,0,11,3,5,7,11,3,0,8,2,3,0,11,4,0,0,8,11,6,0,4,8,2,7,2,8,4,0,3,7,9,7,7,2,8,8,3,8,10,2,7,8,0,4,8,7,4,2,4,2,10,2,3,4,8,9,11,4,8,0,10,0,0,11,10,2,3,7,5,7,0,2
8,3,6,0,2,8,4,4,9,10,8,9,2,0,8,6,4,9,11,5,9,9,5,0,11,11,5,0,2,4,3,11,2,8,4,11,6,4,8,9,10,2,3,4,0,9,8,7,3,2,8,0,4,4,2,5,5,11,10,4,9,10,3,11,0,11,2,7,2,3,6,8,0,11,3,8,2,5,2,0,4,6,8,0,4,2,9,3,4,2,0,5,2,2,9,0,7,2,5,9,3,8,3,9,5,2,4,8,10,8,8,3,9,9,4,9,11,3,8,9,2,5,9,8,5,3,5,3,11,3,4,5,9,10,0,5,9,2,11,2,2,0,11,3,4,8,6,8,2,3
9,4,7,2,3,9,5,5,10,11,9,10,3,2,9,7,5,10,0,6,10,10,6,2,0,0,6,2,3,5,4,0,3,9,5,0,7,5,9,10,11,3,4,5,2,10,9,8,4,3,9,2,5,5,3,6,6,0,11,5,10,11,4,0,2,0,3,8,3,4,7,9,2,0,4,9,3,6,3,2,5,7,9,2,5,3,10,4,5,3,2,6,3,3,10,2,8,3,6,10,4,9,4,10,6,3,5,9,11,9,9,4,10,10,5,10,0,4,9,10,3,6,10,9,6,4,6,4,0,4,5,6,10,11,2,6,10,3,0,3,3,2,0,4,5,9,7,9,3,4
10,5,8,3,4,10,6,6,11,0,10,11,4,3,10,8,6,11,2,7,11,11,7,3,2,2,7,3,4,6,5,2,4,10,6,2,8,6,10,11,0,4,5,6,3,11,10,9,5,4,10,3,6,6,4,7,7,2,0,6,11,0,5,2,3,2,4,9,4,5,8,10,3,2,5,10,4,7,4,3,6,8,10,3,6,4,11,5,6,4,3,7,4,4,11,3,9,4,7,11,5,10,5,11,7,4,6,10,0,10,10,5,11,11,6,11,2,5,10,11,4,7,11,10,7,5,7,5,2,5,6,7,11,0,3,7,11,4,2,4,4,3,2,5,6,10,8,10,4,5
11,6,9,4,5,11,7,7,0,2,11,0,5,4,11,9,7,0,3,8,0,0,8,4,3,3,8,4,5,7,6,3,5,11,7,3,9,7,11,0,2,5,6,7,4,0,11,10,6,5,11,4,7,7,5,8,8,3,2,7,0,2,6,3,4,3,5,10,5,6,9,11,4,3,6,11,5,8,5,4,7,9,11,4,7,5,0,6,7,5,4,8,5,5,0,4,10,5,8,0,6,11,6,0,8,5,7,11,2,11,11,6,0,0,7,0,3,6,11,0,5,8,0,11,8,6,8,6,3,6,7,8,0,2,4,8,0,5,3,5,5,4,3,6,7,11,9,11,5,6
0,7,10,5,6,0,8,8,2,3,0,2,6,5,0,10,8,2,4,9,2,2,9,5,4,4,9,5,6,8,7,4,6,0,8,4,10,8,0,2,3,6,7,8,5,2,0,11,7,6,0,5,8,8,6,9,9,4,3,8,2,3,7,4,5,4,6,11,6,7,10,0,5,4,7,0,6,9,6,5,8,10,0,5,8,6,2,7,8,6,5,9,6,6,2,5,11,6,9,2,7,0,7,2,9,6,8,0,3,0,0,7,2,2,8,2,4,7,0,2,6,9,2,0,9,7,9,7,4,7,8,9,2,3,5,9,2,6,4,6,6,5,4,7,8,0,10,0,6,7
2,8,11,6,7,2,9,9,3,4,2,3,7,6,2,11,9,3,5,10,3,3,10,6,5,5,10,6,7,9,8,5,7,2,9,5,11,9,2,3,4,7,8,9,6,3,2,0,8,7,2,6,9,9,7,10,10,5,4,9,3,4,8,5,6,5,7,0,7,8,11,2,6,5,8,2,7,10,7,6,9,11,2,6,9,7,3,8,9,7,6,10,7,7,3,6,0,7,10,3,8,2,8,3,10,7,9,2,4,2,2,8,3,3,9,3,5,8,2,3,7,10,3,2,10,8,10,8,5,8,9,10,3,4,6,10,3,7,5,7,7,6,5,8,9,2,11,2,7,8
3,9,0,7,8,3,10,10,4,5,3,4,8,7,3,0,10,4,6,11,4,4,11,7,6,6,11,7,8,10,9,6,8,3,10,6,0,10,3,4,5,8,9,10,7,4,3,2,9,8,3,7,10,10,8,11,11,6,5,10,4,5,9,6,7,6,8,2,8,9,0,3,7,6,9,3,8,11,8,7,10,0,3,7,10,8,4,9,10,8,7,11,8,8,4,7,2,8,11,4,9,3,9,4,11,8,10,3,5,3,3,9,4,4,10,4,6,9,3,4,8,11,4,3,11,9,11,9,6,9,10,11,4,5,7,11,4,8,6,8,8,7,6,9,10,3,0,3,8,9
4,10,2,8,9,4,11,11,5,6,4,5,9,8,4,2,11,5,7,0,5,5,0,8,7,7,0,8,9,11,10,7,9,4,11,7,2,11,4,5,6,9,10,11,8,5,4,3,10,9,4,8,11,11,9,0,0,7,6,11,5,6,10,7,8,7,9,3,9,10,2,4,8,7,10,4,9,0,9,8,11,2,4,8,11,9,5,10,11,9,8,0,9,9,5,8,3,9,0,5,10,4,10,5,0,9,11,4,6,4,4,10,5,5,11,5,7,10,4,5,9,0,5,4,0,10,0,10,7,10,11,0,5,6,8,0,5,9,7,9,9,8,7,10,11,4,2,4,9,10
5,11,3,9,10,5,0,0,6,7,5,6,10,9,5,3,0,6,8,2,6,6,2,9,8,8,2,9,10,0,11,8,10,5,0,8,3,0,5,6,7,10,11,0,9,6,5,4,11,10,5,9,0,0,10,2,2,8,7,0,6,7,11,8,9,8,10,4,10,11,3,5,9,8,11,5,10,2,10,9,0,3,5,9,0,10,6,11,0,10,9,2,10,10,6,9,4,10,2,6,11,5,11,6,2,10,0,5,7,5,5,11,6,6,0,6,8,11,5,6,10,2,6,5,2,11,2,11,8,11,0,2,6,7,9,2,6,10,8,10,10,9,8,11,0,5,3,5,10,11
6,0,4,10,11,6,2,2,7,8,6,7,11,10,6,4,2,7,9,3,7,7,3,10,9,9,3,10,11,2,0,9,11,6,2,9,4,2,6,7,8,11,0,2,10,7,6,5,0,11,6,10,2,2,11,3,3,9,8,2,7,8,0,9,10,9,11,5,11,0,4,6,10,9,0,6,11,3,11,10,2,4,6,10,2,11,7,0,2,11,10,3,11,11,7,10,5,11,3,7,0,6,0,7,3,11,2,6,8,6,6,0,7,7,2,7,9,0,6,7,11,3,7,6,3,0,3,0,9,0,2,3,7,8,10,3,7,11,9,11,11,10,9,0,2,6,4,6,11,0
7,2,5,11,0,7,3,3,8,9,7,8,0,11,7,5,3,8,10,4,8,8,4,11,10,10,4,11,0,3,2,10,0,7,3,10,5,3,7,8,9,0,2,3,11,8,7,6,2,0,7,11,3,3,0,4,4,10,9,3,8,9,2,10,11,10,0,6,0,2,5,7,11,10,2,7,0,4,0,11,3,5,7,11,3,0,8,2,3,0,11,4,0,0,8,11,6,0,4,8,2,7,2,8,4,0,3,7,9,7,7,2,8,8,3,8,10,2,7,8,0,4,8,7,4,2,4,2,10,2,3,4,8,9,11,4,8,0,10,0,0,11,10,2,3,7,5,7,0,2
8,3,6,0,2,8,4,4,9,10,8,9,2,0,8,6,4,9,11,5,9,9,5,0,11,11,5,0,2,4,3,11,2,8,4,11,6,4,8,9,10,2,3,4,0,9,8,7,3,2,8,0,4,4,2,5,5,11,10,4,9,10,3,11,0,11,2,7,2,3,6,8,0,11,3,8,2,5,2,0,4,6,8,0,4,2,9,3,4,2,0,5,2,2,9,0,7,2,5,9,3,8,3,9,5,2,4,8,10,8,8,3,9,9,4,9,11,3,8,9,2,5,9,8,5,3,5,3,11,3,4,5,9,10,0,5,9,2,11,2,2,0,11,3,4,8,6,8,2,3
9,4,7,2,3,9,5,5,10,11,9,10,3,2,9,7,5,10,0,6,10,10,6,2,0,0,6,2,3,5,4,0,3,9,5,0,7,5,9,10,11,3,4,5,2,10,9,8,4,3,9,2,5,5,3,6,6,0,11,5,10,11,4,0,2,0,3,8,3,4,7,9,2,0,4,9,3,6,3,2,5,7,9,2,5,3,10,4,5,3,2,6,3,3,10,2,8,3,6,10,4,9,4,10,6,3,5,9,11,9,9,4,10,10,5,10,0,4,9,10,3,6,10,9,6,4,6,4,0,4,5,6,10,11,2,6,10,3,0,3,3,2,0,4,5,9,7,9,3,4
10,5,8,3,4,10,6,6,11,0,10,11,4,3,10,8,6,11,2,7,11,11,7,3,2,2,7,3,4,6,5,2,4,10,6,2,8,6,10,11,0,4,5,6,3,11,10,9,5,4,10,3,6,6,4,7,7,2,0,6,11,0,5,2,3,2,4,9,4,5,8,10,3,2,5,10,4,7,4,3,6,8,10,3,6,4,11,5,6,4,3,7,4,4,11,3,9,4,7,11,5,10,5,11,7,4,6,10,0,10,10,5,11,11,6,11,2,5,10,11,4,7,11,10,7,5,7,5,2,5,6,7,11,0,3,7,11,4,2,4,4,3,2,5,6,10,8,10,4,5
11,6,9,4,5,11,7,7,0,2,11,0,5,4,11,9,7,0,3,8,0,0,8,4,3,3,8,4,5,7,6,3,5,11,7,3,9,7,11,0,2,5,6,7,4,0,11,10,6,5,11,4,7,7,5,8,8,3,2,7,0,2,6,3,4,3,5,10,5,6,9,11,4,3,6,11,5,8,5,4,7,9,11,4,7,5,0,6,7,5,4,8,5,5,0,4,10,5,8,0,6,11,6,0,8,5,7,11,2,11,11,6,0,0,7,0,3,6,11,0,5,8,0,11,8,6,8,6,3,6,7,8,0,2,4,8,0,5,3,5,5,4,3,6,7,11,9,11,5,6
0,7,10,5,6,0,8,8,2,3,0,2,6,5,0,10,8,2,4,9,2,2,9,5,4,4,9,5,6,8,7,4,6,0,8,4,10,8,0,2,3,6,7,8,5,2,0,11,7,6,0,5,8,8,6,9,9,4,3,8,2,3,7,4,5,4,6,11,6,7,10,0,5,4,7,0,6,9,6,5,8,10,0,5,8,6,2,7,8,6,5,9,6,6,2,5,11,6,9,2,7,0,7,2,9,6,8,0,3,0,0,7,2,2,8,2,4,7,0,2,6,9,2,0,9,7,9,7,4,7,8,9,2,3,5,9,2,6,4,6,6,5,4,7,8,0,10,0,6,7
2,8,11,6,7,2,9,9,3,4,2,3,7,6,2,11,9,3,5,10,3,3,10,6,5,5,10,6,7,9,8,5,7,2,9,5,11,9,2,3,4,7,8,9,6,3,2,0,8,7,2,6,9,9,7,10,10,5,4,9,3,4,8,5,6,5,7,0,7,8,11,2,6,5,8,2,7,10,7,6,9,11,2,6,9,7,3,8,9,7,6,10,7,7,3,6,0,7,10,3,8,2,8,3,10,7,9,2,4,2,2,8,3,3,9,3,5,8,2,3,7,10,3,2,10,8,10,8,5,8,9,10,3,4,6,10,3,7,5,7,7,6,5,8,9,2,11,2,7,8
3,9,0,7,8,3,10,10,4,5,3,4,8,7,3,0,10,4,6,11,4,4,11,7,6,6,11,7,8,10,9,6,8,3,10,6,0,10,3,4,5,8,9,10,7,4,3,2,9,8,3,7,10,10,8,11,11,6,5,10,4,5,9,6,7,6,8,2,8,9,0,3,7,6,9,3,8,11,8,7,10,0,3,7,10,8,4,9,10,8,7,11,8,8,4,7,2,8,11,4,9,3,9,4,11,8,10,3,5,3,3,9,4,4,10,4,6,9,3,4,8,11,4,3,11,9,11,9,6,9,10,11,4,5,7,11,4,8,6,8,8,7,6,9,10,3,0,3,8,9
4,10,2,8,9,4,11,11,5,6,4,5,9,8,4,2,11,5,7,0,5,5,0,8,7,7,0,8,9,11,10,7,9,4,11,7,2,11,4,5,6,9,10,11,8,5,4,3,10,9,4,8,11,11,9,0,0,7,6,11,5,6,10,7,8,7,9,3,9,10,2,4,8,7,10,4,9,0,9,8,11,2,4,8,11,9,5,10,11,9,8,0,9,9,5,8,3,9,0,5,10,4,10,5,0,9,11,4,6,4,4,10,5,5,11,5,7,10,4,5,9,0,5,4,0,10,0,10,7,10,11,0,5,6,8,0,5,9,7,9,9,8,7,10,11,4,2,4,9,10
5,11,3,9,10,5,0,0,6,7,5,6,10,9,5,3,0,6,8,2,6,6,2,9,8,8,2,9,10,0,11,8,10,5,0,8,3,0,5,6,7,10,11,0,9,6,5,4,11,10,5,9,0,0,10,2,2,8,7,0,6,7,11,8,9,8,10,4,10,11,3,5,9,8,11,5,10,2,10,9,0,3,5,9,0,10,6,11,0,10,9,2,10,10,6,9,4,10,2,6,11,5,11,6,2,10,0,5,7,5,5,11,6,6,0,6,8,11,5,6,10,2,6,5,2,11,2,11,8,11,0,2,6,7,9,2,6,10,8,10,10,9,8,11,0,5,3,5,10,11
6,0,4,10,11,6,2,2,7,8,6,7,11,10,6,4,2,7,9,3,7,7,3,10,9,9,3,10,11,2,0,9,11,6,2,9,4,2,6,7,8,11,0,2,10,7,6,5,0,11,6,10,2,2,11,3,3,9,8,2,7,8,0,9,10,9,11,5,11,0,4,6,10,9,0,6,11,3,11,10,2,4,6,10,2,11,7,0,2,11,10,3,11,11,7,10,5,11,3,7,0,6,0,7,3,11,2,6,8,6,6,0,7,7,2,7,9,0,6,7,11,3,7,6,3,0,3,0,9,0,2,3,7,8,10,3,7,11,9,11,11,10,9,0,2,6,4,6,11,0
7,2,5,11,0,7,3,3,8,9,7,8,0,11,7,5,3,8,10,4,8,8,4,11,10,10,4,11,0,3,2,10,0,7,3,10,5,3,7,8,9,0,2,3,11,8,7,6,2,0,7,11,3,3,0,4,4,10,9,3,8,9,2,10,11,10,0,6,0,2,5,7,11,10,2,7,0,4,0,11,3,5,7,11,3,0,8,2,3,0,11,4,0,0,8,11,6,0,4,8,2,7,2,8,4,0,3,7,9,7,7,2,8,8,3,8,10,2,7,8,0,4,8,7,4,2,4,2,10,2,3,4,8,9,11,4,8,0,10,0,0,11,10,2,3,7,5,7,0,2
8,3,6,0,2,8,4,4,9,10,8,9,2,0,8,6,4,9,11,5,9,9,5,0,11,11,5,0,2,4,3,11,2,8,4,11,6,4,8,9,10,2,3,4,0,9,8,7,3,2,8,0,4,4,2,5,5,11,10,4,9,10,3,11,0,11,2,7,2,3,6,8,0,11,3,8,2,5,2,0,4,6,8,0,4,2,9,3,4,2,0,5,2,2,9,0,7,2,5,9,3,8,3,9,5,2,4,8,10,8,8,3,9,9,4,9,11,3,8,9,2,5,9,8,5,3,5,3,11,3,4,5,9,10,0,5,9,2,11,2,2,0,11,3,4,8,6,8,2,3
9,4,7,2,3,9,5,5,10,11,9,10,3,2,9,7,5,10,0,6,10,10,6,2,0,0,6,2,3,5,4,0,3,9,5,0,7,5,9,10,11,3,4,5,2,10,9,8,4,3,9,2,5,5,3,6,6,0,11,5,10,11,4,0,2,0,3,8,3,4,7,9,2,0,4,9,3,6,3,2,5,7,9,2,5,3,10,4,5,3,2,6,3,3,10,2,8,3,6,10,4,9,4,10,6,3,5,9,11,9,9,4,10,10,5,10,0,4,9,10,3,6,10,9,6,4,6,4,0,4,5,6,10,11,2,6,10,3,0,3,3,2,0,4,5,9,7,9,3,4
10,5,8,3,4,10,6,6,11,0,10,11,4,3,10,8,6,11,2,7,11,11,7,3,2,2,7,3,4,6,5,2,4,10,6,2,8,6,10,11,0,4,5,6,3,11,10,9,5,4,10,3,6,6,4,7,7,2,0,6,11,0,5,2,3,2,4,9,4,5,8,10,3,2,5,10,4,7,4,3,6,8,10,3,6,4,11,5,6,4,3,7,4,4,11,3,9,4,7,11,5,10,5,11,7,4,6,10,0,10,10,5,11,11,6,11,2,5,10,11,4,7,11,10,7,5,7,5,2,5,6,7,11,0,3,7,11,4,2,4,4,3,2,5,6,10,8,10,4,5
11,6,9,4,5,11,7,7,0,2,11,0,5,4,11,9,7,0,3,8,0,0,8,4,3,3,8,4,5,7,6,3,5,11,7,3,9,7,11,0,2,5,6,7,4,0,11,10,6,5,11,4,7,7,5,8,8,3,2,7,0,2,6,3,4,3,5,10,5,6,9,11,4,3,6,11,5,8,5,4,7,9,11,4,7,5,0,6,7,5,4,8,5,5,0,4,10,5,8,0,6,11,6,0,8,5,7,11,2,11,11,6,0,0,7,0,3,6,11,0,5,8,0,11,8,6,8,6,3,6,7,8,0,2,4,8,0,5,3,5,5,4,3,6,7,11,9,11,5,6
0,7,10,5,6,0,8,8,2,3,0,2,6,5,0,10,8,2,4,9,2,2,9,5,4,4,9,5,6,8,7,4,6,0,8,4,10,8,0,2,3,6,7,8,5,2,0,11,7,6,0,5,8,8,6,9,9,4,3,8,2,3,7,4,5,4,6,11,6,7,10,0,5,4,7,0,6,9,6,5,8,10,0,5,8,6,2,7,8,6,5,9,6,6,2,5,11,6,9,2,7,0,7,2,9,6,8,0,3,0,0,7,2,2,8,2,4,7,0,2,6,9,2,0,9,7,9,7,4,7,8,9,2,3,5,9,2,6,4,6,6,5,4,7,8,0,10,0,6,7
2,8,11,6,7,2,9,9,3,4,2,3,7,6,2,11,9,3,5,10,3,3,10,6,5,5,10,6,7,9,8,5,7,2,9,5,11,9,2,3,4,7,8,9,6,3,2,0,8,7,2,6,9,9,7,10,10,5,4,9,3,4,8,5,6,5,7,0,7,8,11,2,6,5,8,2,7,10,7,6,9,11,2,6,9,7,3,8,9,7,6,10,7,7,3,6,0,7,10,3,8,2,8,3,10,7,9,2,4,2,2,8,3,3,9,3,5,8,2,3,7,10,3,2,10,8,10,8,5,8,9,10,3,4,6,10,3,7,5,7,7,6,5,8,9,2,11,2,7,8
3,9,0,7,8,3,10,10,4,5,3,4,8,7,3,0,10,4,6,11,4,4,11,7,6,6,11,7,8,10,9,6,8,3,10,6,0,10,3,4,5,8,9,10,7,4,3,2,9,8,3,7,10,10,8,11,11,6,5,10,4,5,9,6,7,6,8,2,8,9,0,3,7,6,9,3,8,11,8,7,10,0,3,7,10,8,4,9,10,8,7,11,8,8,4,7,2,8,11,4,9,3,9,4,11,8,10,3,5,3,3,9,4,4,10,4,6,9,3,4,8,11,4,3,11,9,11,9,6,9,10,11,4,5,7,11,4,8,6,8,8,7,6,9,10,3,0,3,8,9
4,10,2,8,9,4,11,11,5,6,4,5,9,8,4,2,11,5,7,0,5,5,0,8,7,7,0,8,9,11,10,7,9,4,11,7,2,11,4,5,6,9,10,11,8,5,4,3,10,9,4,8,11,11,9,0,0,7,6,11,5,6,10,7,8,7,9,3,9,10,2,4,8,7,10,4,9,0,9,8,11,2,4,8,11,9,5,10,11,9,8,0,9,9,5,8,3,9,0,5,10,4,10,5,0,9,11,4,6,4,4,10,5,5,11,5,7,10,4,5,9,0,5,4,0,10,0,10,7,10,11,0,5,6,8,0,5,9,7,9,9,8,7,10,11,4,2,4,9,10
5,11,3,9,10,5,0,0,6,7,5,6,10,9,5,3,0,6,8,2,6,6,2,9,8,8,2,9,10,0,11,8,10,5,0,8,3,0,5,6,7,10,11,0,9,6,5,4,11,10,5,9,0,0,10,2,2,8,7,0,6,7,11,8,9,8,10,4,10,11,3,5,9,8,11,5,10,2,10,9,0,3,5,9,0,10,6,11,0,10,9,2,10,10,6,9,4,10,2,6,11,5,11,6,2,10,0,5,7,5,5,11,6,6,0,6,8,11,5,6,10,2,6,5,2,11,2,11,8,11,0,2,6,7,9,2,6,10,8,10,10,9,8,11,0,5,3,5,10,11
6,0,4,10,11,6,2,2,7,8,6,7,11,10,6,4,2,7,9,3,7,7,3,10,9,9,3,10,11,2,0,9,11,6,2,9,4,2,6,7,8,11,0,2,10,7,6,5,0,11,6,10,2,2,11,3,3,9,8,2,7,8,0,9,10,9,11,5,11,0,4,6,10,9,0,6,11,3,11,10,2,4,6,10,2,11,7,0,2,11,10,3,11,11,7,10,5,11,3,7,0,6,0,7,3,11,2,6,8,6,6,0,7,7,2,7,9,0,6,7,11,3,7,6,3,0,3,0,9,0,2,3,7,8,10,3,7,11,9,11,11,10,9,0,2,6,4,6,11,0
7,2,5,11,0,7,3,3,8,9,7,8,0,11,7,5,3,8,10,4,8,8,4,11,10,10,4,11,0,3,2,10,0,7,3,10,5,3,7,8,9,0,2,3,11,8,7,6,2,0,7,11,3,3,0,4,4,10,9,3,8,9,2,10,11,10,0,6,0,2,5,7,11,10,2,7,0,4,0,11,3,5,7,11,3,0,8,2,3,0,11,4,0,0,8,11,6,0,4,8,2,7,2,8,4,0,3,7,9,7,7,2,8,8,3,8,10,2,7,8,0,4,8,7,4,2,4,2,10,2,3,4,8,9,11,4,8,0,10,0,0,11,10,2,3,7,5,7,0,2
8,3,6,0,2,8,4,4,9,10,8,9,2,0,8,6,4,9,11,5,9,9,5,0,11,11,5,0,2,4,3,11,2,8,4,11,6,4,8,9,10,2,3,4,0,9,8,7,3,2,8,0,4,4,2,5,5,11,10,4,9,10,3,11,0,11,2,7,2,3,6,8,0,11,3,8,2,5,2,0,4,6,8,0,4,2,9,3,4,2,0,5,2,2,9,0,7,2,5,9,3,8,3,9,5,2,4,8,10,8,8,3,9,9,4,9,11,3,8,9,2,5,9,8,5,3,5,3,11,3,4,5,9,10,0,5,9,2,11,2,2,0,11,3,4,8,6,8,2,3
9,4,7,2,3,9,5,5,10,11,9,10,3,2,9,7,5,10,0,6,10,10,6,2,0,0,6,2,3,5,4,0,3,9,5,0,7,5,9,10,11,3,4,5,2,10,9,8,4,3,9,2,5,5,3,6,6,0,11,5,10,11,4,0,2,0,3,8,3,4,7,9,2,0,4,9,3,6,3,2,5,7,9,2,5,3,10,4,5,3,2,6,3,3,10,2,8,3,6,10,4,9,4,10,6,3,5,9,11,9,9,4,10,10,5,10,0,4,9,10,3,6,10,9,6,4,6,4,0,4,5,6,10,11,2,6,10,3,0,3,3,2,0,4,5,9,7,9,3,4
10,5,8,3,4,10,6,6,11,0,10,11,4,3,10,8,6,11,2,7,11,11,7,3,2,2,7,3,4,6,5,2,4,10,6,2,8,6,10,11,0,4,5,6,3,11,10,9,5,4,10,3,6,6,4,7,7,2,0,6,11,0,5,2,3,2,4,9,4,5,8,10,3,2,5,10,4,7,4,3,6,8,10,3,6,4,11,5,6,4,3,7,4,4,11,3,9,4,7,11,5,10,5,11,7,4,6,10,0,10,10,5,11,11,6,11,2,5,10,11,4,7,11,10,7,5,7,5,2,5,6,7,11,0,3,7,11,4,2,4,4,3,2,5,6,10,8,10,4,5
11,6,9,4,5,11,7,7,0,2,11,0,5,4,11,9,7,0,3,8,0,0,8,4,3,3,8,4,5,7,6,3,5,11,7,3,9,7,11,0,2,5,6,7,4,0,11,10,6,5,11,4,7,7,5,8,8,3,2,7,0,2,6,3,4,3,5,10,5,6,9,11,4,3,6,11,5,8,5,4,7,9,11,4,7,5,0,6,7,5,4,8,5,5,0,4,10,5,8,0,6,11,6,0,8,5,7,11,2,11,11,6,0,0,7,0,3,6,11,0,5,8,0,11,8,6,8,6,3,6,7,8,0,2,4,8,0,5,3,5,5,4,3,6,7,11,9,11,5,6
0,7,10,5,6,0,8,8,2,3,0,2,6,5,0,10,8,2,4,9,2,2,9,5,4,4,9,5,6,8,7,4,6,0,8,4,10,8,0,2,3,6,7,8,5,2,0,11,7,6,0,5,8,8,6,9,9,4,3,8,2,3,7,4,5,4,6,11,6,7,10,0,5,4,7,0,6,9,6,5,8,10,0,5,8,6,2,7,8,6,5,9,6,6,2,5,11,6,9,2,7,0,7,2,9,6,8,0,3,0,0,7,2,2,8,2,4,7,0,2,6,9,2,0,9,7,9,7,4,7,8,9,2,3,5,9,2,6,4,6,6,5,4,7,8,0,10,0,6,7
2,8,11,6,7,2,9,9,3,4,2,3,7,6,2,11,9,3,5,10,3,3,10,6,5,5,10,6,7,9,8,5,7,2,9,5,11,9,2,3,4,7,8,9,6,3,2,0,8,7,2,6,9,9,7,10,10,5,4,9,3,4,8,5,6,5,7,0,7,8,11,2,6,5,8,2,7,10,7,6,9,11,2,6,9,7,3,8,9,7,6,10,7,7,3,6,0,7,10,3,8,2,8,3,10,7,9,2,4,2,2,8,3,3,9,3,5,8,2,3,7,10,3,2,10,8,10,8,5,8,9,10,3,4,6,10,3,7,5,7,7,6,5,8,9,2,11,2,7,8
3,9,0,7,8,3,10,10,4,5,3,4,8,7,3,0,10,4,6,11,4,4,11,7,6,6,11,7,8,10,9,6,8,3,10,6,0,10,3,4,5,8,9,10,7,4,3,2,9,8,3,7,10,10,8,11,11,6,5,10,4,5,9,6,7,6,8,2,8,9,0,3,7,6,9,3,8,11,8,7,10,0,3,7,10,8,4,9,10,8,7,11,8,8,4,7,2,8,11,4,9,3,9,4,11,8,10,3,5,3,3,9,4,4,10,4,6,9,3,4,8,11,4,3,11,9,11,9,6,9,10,11,4,5,7,11,4,8,6,8,8,7,6,9,10,3,0,3,8,9
4,10,2,8,9,4,11,11,5,6,4,5,9,8,4,2,11,5,7,0,5,5,0,8,7,7,0,8,9,11,10,7,9,4,11,7,2,11,4,5,6,9,10,11,8,5,4,3,10,9,4,8,11,11,9,0,0,7,6,11,5,6,10,7,8,7,9,3,9,10,2,4,8,7,10,4,9,0,9,8,11,2,4,8,11,9,5,10,11,9,8,0,9,9,5,8,3,9,0,5,10,4,10,5,0,9,11,4,6,4,4,10,5,5,11,5,7,10,4,5,9,0,5,4,0,10,0,10,7,10,11,0,5,6,8,0,5,9,7,9,9,8,7,10,11,4,2,4,9,10
5,11,3,9,10,5,0,0,6,7,5,6,10,9,5,3,0,6,8,2,6,6,2,9,8,8,2,9,10,0,11,8,10,5,0,8,3,0,5,6,7,10,11,0,9,6,5,4,11,10,5,9,0,0,10,2,2,8,7,0,6,7,11,8,9,8,10,4,10,11,3,5,9,8,11,5,10,2,10,9,0,3,5,9,0,10,6,11,0,10,9,2,10,10,6,9,4,10,2,6,11,5,11,6,2,10,0,5,7,5,5,11,6,6,0,6,8,11,5,6,10,2,6,5,2,11,2,11,8,11,0,2,6,7,9,2,6,10,8,10,10,9,8,11,0,5,3,5,10,11
6,0,4,10,11,6,2,2,7,8,6,7,11,10,6,4,2,7,9,3,7,7,3,10,9,9,3,10,11,2,0,9,11,6,2,9,4,2,6,7,8,11,0,2,10,7,6,5,0,11,6,10,2,2,11,3,3,9,8,2,7,8,0,9,10,9,11,5,11,0,4,6,10,9,0,6,11,3,11,10,2,4,6,10,2,11,7,0,2,11,10,3,11,11,7,10,5,11,3,7,0,6,0,7,3,11,2,6,8,6,6,0,7,7,2,7,9,0,6,7,11,3,7,6,3,0,3,0,9,0,2,3,7,8,10,3,7,11,9,11,11,10,9,0,2,6,4,6,11,0
7,2,5,11,0,7,3,3,8,9,7,8,0,11,7,5,3,8,10,4,8,8,4,11,10,10,4,11,0,3,2,10,0,7,3,10,5,3,7,8,9,0,2,3,11,8,7,6,2,0,7,11,3,3,0,4,4,10,9,3,8,9,2,10,11,10,0,6,0,2,5,7,11,10,2,7,0,4,0,11,3,5,7,11,3,0,8,2,3,0,11,4,0,0,8,11,6,0,4,8,2,7,2,8,4,0,3,7,9,7,7,2,8,8,3,8,10,2,7,8,0,4,8,7,4,2,4,2,10,2,3,4,8,9,11,4,8,0,10,0,0,11,10,2,3,7,5,7,0,2
8,3,6,0,2,8,4,4,9,10,8,9,2,0,8,6,4,9,11,5,9,9,5,0,11,11,5,0,2,4,3,11,2,8,4,11,6,4,8,9,10,2,3,4,0,9,8,7,3,2,8,0,4,4,2,5,5,11,10,4,9,10,3,11,0,11,2,7,2,3,6,8,0,11,3,8,2,5,2,0,4,6,8,0,4,2,9,3,4,2,0,5,2,2,9,0,7,2,5,9,3,8,3,9,5,2,4,8,10,8,8,3,9,9,4,9,11,3,8,9,2,5,9,8,5,3,5,3,11,3,4,5,9,10,0,5,9,2,11,2,2,0,11,3,4,8,6,8,2,3
9,4,7,2,3,9,5,5,10,11,9,10,3,2,9,7,5,10,0,6,10,10,6,2,0,0,6,2,3,5,4,0,3,9,5,0,7,5,9,10,11,3,4,5,2,10,9,8,4,3,9,2,5,5,3,6,6,0,11,5,10,11,4,0,2,0,3,8,3,4,7,9,2,0,4,9,3,6,3,2,5,7,9,2,5,3,10,4,5,3,2,6,3,3,10,2,8,3,6,10,4,9,4,10,6,3,5,9,11,9,9,4,10,10,5,10,0,4,9,10,3,6,10,9,6,4,6,4,0,4,5,6,10,11,2,6,10,3,0,3,3,2,0,4,5,9,7,9,3,4
10,5,8,3,4,10,6,6,11,0,10,11,4,3,10,8,6,11,2,7,11,11,7,3,2,2,7,3,4,6,5,2,4,10,6,2,8,6,10,11,0,4,5,6,3,11,10,9,5,4,10,3,6,6,4,7,7,2,0,6,11,0,5,2,3,2,4,9,4,5,8,10,3,2,5,10,4,7,4,3,6,8,10,3,6,4,11,5,6,4,3,7,4,4,11,3,9,4,7,11,5,10,5,11,7,4,6,10,0,10,10,5,11,11,6,11,2,5,10,11,4,7,11,10,7,5,7,5,2,5,6,7,11,0,3,7,11,4,2,4,4,3,2,5,6,10,8,10,4,5
11,6,9,4,5,11,7,7,0,2,11,0,5,4,11,9,7,0,3,8,0,0,8,4,3,3,8,4,5,7,6,3,5,11,7,3,9,7,11,0,2,5,6,7,4,0,11,10,6,5,11,4,7,7,5,8,8,3,2,7,0,2,6,3,4,3,5,10,5,6,9,11,4,3,6,11,5,8,5,4,7,9,11,4,7,5,0,6,7,5,4,8,5,5,0,4,10,5,8,0,6,11,6,0,8,5,7,11,2,11,11,6,0,0,7,0,3,6,11,0,5,8,0,11,8,6,8,6,3,6,7,8,0,2,4,8,0,5,3,5,5,4,3,6,7,11,9,11,5,6
0,7,10,5,6,0,8,8,2,3,0,2,6,5,0,10,8,2,4,9,2,2,9,5,4,4,9,5,6,8,7,4,6,0,8,4,10,8,0,2,3,6,7,8,5,2,0,11,7,6,0,5,8,8,6,9,9,4,3,8,2,3,7,4,5,4,6,11,6,7,10,0,5,4,7,0,6,9,6,5,8,10,0,5,8,6,2,7,8,6,5,9,6,6,2,5,11,6,9,2,7,0,7,2,9,6,8,0,3,0,0,7,2,2,8,2,4,7,0,2,6,9,2,0,9,7,9,7,4,7,8,9,2,3,5,9,2,6,4,6,6,5,4,7,8,0,10,0,6,7
2,8,11,6,7,2,9,9,3,4,2,3,7,6,2,11,9,3,5,10,3,3,10,6,5,5,10,6,7,9,8,5,7,2,9,5,11,9,2,3,4,7,8,9,6,3,2,0,8,7,2,6,9,9,7,10,10,5,4,9,3,4,8,5,6,5,7,0,7,8,11,2,6,5,8,2,7,10,7,6,9,11,2,6,9,7,3,8,9,7,6,10,7,7,3,6,0,7,10,3,8,2,8,3,10,7,9,2,4,2,2,8,3,3,9,3,5,8,2,3,7,10,3,2,10,8,10,8,5,8,9,10,3,4,6,10,3,7,5,7,7,6,5,8,9,2,11,2,7,8
3,9,0,7,8,3,10,10,4,5,3,4,8,7,3,0,10,4,6,11,4,4,11,7,6,6,11,7,8,10,9,6,8,3,10,6,0,10,3,4,5,8,9,10,7,4,3,2,9,8,3,7,10,10,8,11,11,6,5,10,4,5,9,6,7,6,8,2,8,9,0,3,7,6,9,3,8,11,8,7,10,0,3,7,10,8,4,9,10,8,7,11,8,8,4,7,2,8,11,4,9,3,9,4,11,8,10,3,5,3,3,9,4,4,10,4,6,9,3,4,8,11,4,3,11,9,11,9,6,9,10,11,4,5,7,11,4,8,6,8,8,7,6,9,10,3,0,3,8,9
4,10,2,8,9,4,11,11,5,6,4,5,9,8,4,2,11,5,7,0,5,5,0,8,7,7,0,8,9,11,10,7,9,4,11,7,2,11,4,5,6,9,10,11,8,5,4,3,10,9,4,8,11,11,9,0,0,7,6,11,5,6,10,7,8,7,9,3,9,10,2,4,8,7,10,4,9,0,9,8,11,2,4,8,11,9,5,10,11,9,8,0,9,9,5,8,3,9,0,5,10,4,10,5,0,9,11,4,6,4,4,10,5,5,11,5,7,10,4,5,9,0,5,4,0,10,0,10,7,10,11,0,5,6,8,0,5,9,7,9,9,8,7,10,11,4,2,4,9,10
5,11,3,9,10,5,0,0,6,7,5,6,10,9,5,3,0,6,8,2,6,6,2,9,8,8,2,9,10,0,11,8,10,5,0,8,3,0,5,6,7,10,11,0,9,6,5,4,11,10,5,9,0,0,10,2,2,8,7,0,6,7,11,8,9,8,10,4,10,11,3,5,9,8,11,5,10,2,10,9,0,3,5,9,0,10,6,11,0,10,9,2,10,10,6,9,4,10,2,6,11,5,11,6,2,10,0,5,7,5,5,11,6,6,0,6,8,11,5,6,10,2,6,5,2,11,2,11,8,11,0,2,6,7,9,2,6,10,8,10,10,9,8,11,0,5,3,5,10,11
6,0,4,10,11,6,2,2,7,8,6,7,11,10,6,4,2,7,9,3,7,7,3,10,9,9,3,10,11,2,0,9,11,6,2,9,4,2,6,7,8,11,0,2,10,7,6,5,0,11,6,10,2,2,11,3,3,9,8,2,7,8,0,9,10,9,11,5,11,0,4,6,10,9,0,6,11,3,11,10,2,4,6,10,2,11,7,0,2,11,10,3,11,11,7,10,5,11,3,7,0,6,0,7,3,11,2,6,8,6,6,0,7,7,2,7,9,0,6,7,11,3,7,6,3,0,3,0,9,0,2,3,7,8,10,3,7,11,9,11,11,10,9,0,2,6,4,6,11,0
7,2,5,11,0,7,3,3,8,9,7,8,0,11,7,5,3,8,10,4,8,8,4,11,10,10,4,11,0,3,2,10,0,7,3,10,5,3,7,8,9,0,2,3,11,8,7,6,2,0,7,11,3,3,0,4,4,10,9,3,8,9,2,10,11,10,0,6,0,2,5,7,11,10,2,7,0,4,0,11,3,5,7,11,3,0,8,2,3,0,11,4,0,0,8,11,6,0,4,8,2,7,2,8,4,0,3,7,9,7,7,2,8,8,3,8,10,2,7,8,0,4,8,7,4,2,4,2,10,2,3,4,8,9,11,4,8,0,10,0,0,11,10,2,3,7,5,7,0,2
8,3,6,0,2,8,4,4,9,10,8,9,2,0,8,6,4,9,11,5,9,9,5,0,11,11,5,0,2,4,3,11,2,8,4,11,6,4,8,9,10,2,3,4,0,9,8,7,3,2,8,0,4,4,2,5,5,11,10,4,9,10,3,11,0,11,2,7,2,3,6,8,0,11,3,8,2,5,2,0,4,6,8,0,4,2,9,3,4,2,0,5,2,2,9,0,7,2,5,9,3,8,3,9,5,2,4,8,10,8,8,3,9,9,4,9,11,3,8,9,2,5,9,8,5,3,5,3,11,3,4,5,9,10,0,5,9,2,11,2,2,0,11,3,4,8,6,8,2,3
9,4,7,2,3,9,5,5,10,11,9,10,3,2,9,7,5,10,0,6,10,10,6,2,0,0,6,2,3,5,4,0,3,9,5,0,7,5,9,10,11,3,4,5,2,10,9,8,4,3,9,2,5,5,3,6,6,0,11,5,10,11,4,0,2,0,3,8,3,4,7,9,2,0,4,9,3,6,3,2,5,7,9,2,5,3,10,4,5,3,2,6,3,3,10,2,8,3,6,10,4,9,4,10,6,3,5,9,11,9,9,4,10,10,5,10,0,4,9,10,3,6,10,9,6,4,6,4,0,4,5,6,10,11,2,6,10,3,0,3,3,2,0,4,5,9,7,9,3,4
10,5,8,3,4,10,6,6,11,0,10,11,4,3,10,8,6,11,2,7,11,11,7,3,2,2,7,3,4,6,5,2,4,10,6,2,8,6,10,11,0,4,5,6,3,11,10,9,5,4,10,3,6,6,4,7,7,2,0,6,11,0,5,2,3,2,4,9,4,5,8,10,3,2,5,10,4,7,4,3,6,8,10,3,6,4,11,5,6,4,3,7,4,4,11,3,9,4,7,11,5,10,5,11,7,4,6,10,0,10,10,5,11,11,6,11,2,5,10,11,4,7,11,10,7,5,7,5,2,5,6,7,11,0,3,7,11,4,2,4,4,3,2,5,6,10,8,10,4,5
11,6,9,4,5,11,7,7,0,2,11,0,5,4,11,9,7,0,3,8,0,0,8,4,3,3,8,4,5,7,6,3,5,11,7,3,9,7,11,0,2,5,6,7,4,0,11,10,6,5,11,4,7,7,5,8,8,3,2,7,0,2,6,3,4,3,5,10,5,6,9,11,4,3,6,11,5,8,5,4,7,9,11,4,7,5,0,6,7,5,4,8,5,5,0,4,10,5,8,0,6,11,6,0,8,5,7,11,2,11,11,6,0,0,7,0,3,6,11,0,5,8,0,11,8,6,8,6,3,6,7,8,0,2,4,8,0,5,3,5,5,4,3,6,7,11,9,11,5,6
0,7,10,5,6,0,8,8,2,3,0,2,6,5,0,10,8,2,4,9,2,2,9,5,4,4,9,5,6,8,7,4,6,0,8,4,10,8,0,2,3,6,7,8,5,2,0,11,7,6,0,5,8,8,6,9,9,4,3,8,2,3,7,4,5,4,6,11,6,7,10,0,5,4,7,0,6,9,6,5,8,10,0,5,8,6,2,7,8,6,5,9,6,6,2,5,11,6,9,2,7,0,7,2,9,6,8,0,3,0,0,7,2,2,8,2,4,7,0,2,6,9,2,0,9,7,9,7,4,7,8,9,2,3,5,9,2,6,4,6,6,5,4,7,8,0,10,0,6,7
2,8,11,6,7,2,9,9,3,4,2,3,7,6,2,11,9,3,5,10,3,3,10,6,5,5,10,6,7,9,8,5,7,2,9,5,11,9,2,3,4,7,8,9,6,3,2,0,8,7,2,6,9,9,7,10,10,5,4,9,3,4,8,5,6,5,7,0,7,8,11,2,6,5,8,2,7,10,7,6,9,11,2,6,9,7,3,8,9,7,6,10,7,7,3,6,0,7,10,3,8,2,8,3,10,7,9,2,4,2,2,8,3,3,9,3,5,8,2,3,7,10,3,2,10,8,10,8,5,8,9,10,3,4,6,10,3,7,5,7,7,6,5,8,9,2,11,2,7,8
3,9,0,7,8,3,10,10,4,5,3,4,8,7,3,0,10,4,6,11,4,4,11,7,6,6,11,7,8,10,9,6,8,3,10,6,0,10,3,4,5,8,9,10,7,4,3,2,9,8,3,7,10,10,8,11,11,6,5,10,4,5,9,6,7,6,8,2,8,9,0,3,7,6,9,3,8,11,8,7,10,0,3,7,10,8,4,9,10,8,7,11,8,8,4,7,2,8,11,4,9,3,9,4,11,8,10,3,5,3,3,9,4,4,10,4,6,9,3,4,8,11,4,3,11,9,11,9,6,9,10,11,4,5,7,11,4,8,6,8,8,7,6,9,10,3,0,3,8,9
4,10,2,8,9,4,11,11,5,6,4,5,9,8,4,2,11,5,7,0,5,5,0,8,7,7,0,8,9,11,10,7,9,4,11,7,2,11,4,5,6,9,10,11,8,5,4,3,10,9,4,8,11,11,9,0,0,7,6,11,5,6,10,7,8,7,9,3,9,10,2,4,8,7,10,4,9,0,9,8,11,2,4,8,11,9,5,10,11,9,8,0,9,9,5,8,3,9,0,5,10,4,10,5,0,9,11,4,6,4,4,10,5,5,11,5,7,10,4,5,9,0,5,4,0,10,0,10,7,10,11,0,5,6,8,0,5,9,7,9,9,8,7,10,11,4,2,4,9,10
5,11,3,9,10,5,0,0,6,7,5,6,10,9,5,3,0,6,8,2,6,6,2,9,8,8,2,9,10,0,11,8,10,5,0,8,3,0,5,6,7,10,11,0,9,6,5,4,11,10,5,9,0,0,10,2,2,8,7,0,6,7,11,8,9,8,10,4,10,11,3,5,9,8,11,5,10,2,10,9,0,3,5,9,0,10,6,11,0,10,9,2,10,10,6,9,4,10,2,6,11,5,11,6,2,10,0,5,7,5,5,11,6,6,0,6,8,11,5,6,10,2,6,5,2,11,2,11,8,11,0,2,6,7,9,2,6,10,8,10,10,9,8,11,0,5,3,5,10,11
6,0,4,10,11,6,2,2,7,8,6,7,11,10,6,4,2,7,9,3,7,7,3,10,9,9,3,10,11,2,0,9,11,6,2,9,4,2,6,7,8,11,0,2,10,7,6,5,0,11,6,10,2,2,11,3,3,9,8,2,7,8,0,9,10,9,11,5,11,0,4,6,10,9,0,6,11,3,11,10,2,4,6,10,2,11,7,0,2,11,10,3,11,11,7,10,5,11,3,7,0,6,0,7,3,11,2,6,8,6,6,0,7,7,2,7,9,0,6,7,11,3,7,6,3,0,3,0,9,0,2,3,7,8,10,3,7,11,9,11,11,10,9,0,2,6,4,6,11,0
7,2,5,11,0,7,3,3,8,9,7,8,0,11,7,5,3,8,10,4,8,8,4,11,10,10,4,11,0,3,2,10,0,7,3,10,5,3,7,8,9,0,2,3,11,8,7,6,2,0,7,11,3,3,0,4,4,10,9,3,8,9,2,10,11,10,0,6,0,2,5,7,11,10,2,7,0,4,0,11,3,5,7,11,3,0,8,2,3,0,11,4,0,0,8,11,6,0,4,8,2,7,2,8,4,0,3,7,9,7,7,2,8,8,3,8,10,2,7,8,0,4,8,7,4,2,4,2,10,2,3,4,8,9,11,4,8,0,10,0,0,11,10,2,3,7,5,7,0,2
8,3,6,0,2,8,4,4,9,10,8,9,2,0,8,6,4,9,11,5,9,9,5,0,11,11,5,0,2,4,3,11,2,8,4,11,6,4,8,9,10,2,3,4,0,9,8,7,3,2,8,0,4,4,2,5,5,11,10,4,9,10,3,11,0,11,2,7,2,3,6,8,0,11,3,8,2,5,2,0,4,6,8,0,4,2,9,3,4,2,0,5,2,2,9,0,7,2,5,9,3,8,3,9,5,2,4,8,10,8,8,3,9,9,4,9,11,3,8,9,2,5,9,8,5,3,5,3,11,3,4,5,9,10,0,5,9,2,11,2,2,0,11,3,4,8,6,8,2,3
9,4,7,2,3,9,5,5,10,11,9,10,3,2,9,7,5,10,0,6,10,10,6,2,0,0,6,2,3,5,4,0,3,9,5,0,7,5,9,10,11,3,4,5,2,10,9,8,4,3,9,2,5,5,3,6,6,0,11,5,10,11,4,0,2,0,3,8,3,4,7,9,2,0,4,9,3,6,3,2,5,7,9,2,5,3,10,4,5,3,2,6,3,3,10,2,8,3,6,10,4,9,4,10,6,3,5,9,11,9,9,4,10,10,5,10,0,4,9,10,3,6,10,9,6,4,6,4,0,4,5,6,10,11,2,6,10,3,0,3,3,2,0,4,5,9,7,9,3,4
10,5,8,3,4,10,6,6,11,0,10,11,4,3,10,8,6,11,2,7,11,11,7,3,2,2,7,3,4,6,5,2,4,10,6,2,8,6,10,11,0,4,5,6,3,11,10,9,5,4,10,3,6,6,4,7,7,2,0,6,11,0,5,2,3,2,4,9,4,5,8,10,3,2,5,10,4,7,4,3,6,8,10,3,6,4,11,5,6,4,3,7,4,4,11,3,9,4,7,11,5,10,5,11,7,4,6,10,0,10,10,5,11,11,6,11,2,5,10,11,4,7,11,10,7,5,7,5,2,5,6,7,11,0,3,7,11,4,2,4,4,3,2,5,6,10,8,10,4,5
11,6,9,4,5,11,7,7,0,2,11,0,5,4,11,9,7,0,3,8,0,0,8,4,3,3,8,4,5,7,6,3,5,11,7,3,9,7,11,0,2,5,6,7,4,0,11,10,6,5,11,4,7,7,5,8,8,3,2,7,0,2,6,3,4,3,5,10,5,6,9,11,4,3,6,11,5,8,5,4,7,9,11,4,7,5,0,6,7,5,4,8,5,5,0,4,10,5,8,0,6,11,6,0,8,5,7,11,2,11,11,6,0,0,7,0,3,6,11,0,5,8,0,11,8,6,8,6,3,6,7,8,0,2,4,8,0,5,3,5,5,4,3,6,7,11,9,11,5,6
0,7,10,5,6,0,8,8,2,3,0,2,6,5,0,10,8,2,4,9,2,2,9,5,4,4,9,5,6,8,7,4,6,0,8,4,10,8,0,2,3,6,7,8,5,2,0,11,7,6,0,5,8,8,6,9,9,4,3,8,2,3,7,4,5,4,6,11,6,7,10,0,5,4,7,0,6,9,6,5,8,10,0,5,8,6,2,7,8,6,5,9,6,6,2,5,11,6,9,2,7,0,7,2,9,6,8,0,3,0,0,7,2,2,8,2,4,7,0,2,6,9,2,0,9,7,9,7,4,7,8,9,2,3,5,9,2,6,4,6,6,5,4,7,8,0,10,0,6,7
2,8,11,6,7,2,9,9,3,4,2,3,7,6,2,11,9,3,5,10,3,3,10,6,5,5,10,6,7,9,8,5,7,2,9,5,11,9,2,3,4,7,8,9,6,3,2,0,8,7,2,6,9,9,7,10,10,5,4,9,3,4,8,5,6,5,7,0,7,8,11,2,6,5,8,2,7,10,7,6,9,11,2,6,9,7,3,8,9,7,6,10,7,7,3,6,0,7,10,3,8,2,8,3,10,7,9,2,4,2,2,8,3,3,9,3,5,8,2,3,7,10,3,2,10,8,10,8,5,8,9,10,3,4,6,10,3,7,5,7,7,6,5,8,9,2,11,2,7,8
3,9,0,7,8,3,10,10,4,5,3,4,8,7,3,0,10,4,6,11,4,4,11,7,6,6,11,7,8,10,9,6,8,3,10,6,0,10,3,4,5,8,9,10,7,4,3,2,9,8,3,7,10,10,8,11,11,6,5,10,4,5,9,6,7,6,8,2,8,9,0,3,7,6,9,3,8,11,8,7,10,0,3,7,10,8,4,9,10,8,7,11,8,8,4,7,2,8,11,4,9,3,9,4,11,8,10,3,5,3,3,9,4,4,10,4,6,9,3,4,8,11,4,3,11,9,11,9,6,9,10,11,4,5,7,11,4,8,6,8,8,7,6,9,10,3,0,3,8,9
4,10,2,8,9,4,11,11,5,6,4,5,9,8,4,2,11,5,7,0,5,5,0,8,7,7,0,8,9,11,10,7,9,4,11,7,2,11,4,5,6,9,10,11,8,5,4,3,10,9,4,8,11,11,9,0,0,7,6,11,5,6,10,7,8,7,9,3,9,10,2,4,8,7,10,4,9,0,9,8,11,2,4,8,11,9,5,10,11,9,8,0,9,9,5,8,3,9,0,5,10,4,10,5,0,9,11,4,6,4,4,10,5,5,11,5,7,10,4,5,9,0,5,4,0,10,0,10,7,10,11,0,5,6,8,0,5,9,7,9,9,8,7,10,11,4,2,4,9,10
5,11,3,9,10,5,0,0,6,7,5,6,10,9,5,3,0,6,8,2,6,6,2,9,8,8,2,9,10,0,11,8,10,5,0,8,3,0,5,6,7,10,11,0,9,6,5,4,11,10,5,9,0,0,10,2,2,8,7,0,6,7,11,8,9,8,10,4,10,11,3,5,9,8,11,5,10,2,10,9,0,3,5,9,0,10,6,11,0,10,9,2,10,10,6,9,4,10,2,6,11,5,11,6,2,10,0,5,7,5,5,11,6,6,0,6,8,11,5,6,10,2,6,5,2,11,2,11,8,11,0,2,6,7,9,2,6,10,8,10,10,9,8,11,0,5,3,5,10,11
6,0,4,10,11,6,2,2,7,8,6,7,11,10,6,4,2,7,9,3,7,7,3,10,9,9,3,10,11,2,0,9,11,6,2,9,4,2,6,7,8,11,0,2,10,7,6,5,0,11,6,10,2,2,11,3,3,9,8,2,7,8,0,9,10,9,11,5,11,0,4,6,10,9,0,6,11,3,11,10,2,4,6,10,2,11,7,0,2,11,10,3,11,11,7,10,5,11,3,7,0,6,0,7,3,11,2,6,8,6,6,0,7,7,2,7,9,0,6,7,11,3,7,6,3,0,3,0,9,0,2,3,7,8,10,3,7,11,9,11,11,10,9,0,2,6,4,6,11,0
7,2,5,11,0,7,3,3,8,9,7,8,0,11,7,5,3,8,10,4,8,8,4,11,10,10,4,11,0,3,2,10,0,7,3,10,5,3,7,8,9,0,2,3,11,8,7,6,2,0,7,11,3,3,0,4,4,10,9,3,8,9,2,10,11,10,0,6,0,2,5,7,11,10,2,7,0,4,0,11,3,5,7,11,3,0,8,2,3,0,11,4,0,0,8,11,6,0,4,8,2,7,2,8,4,0,3,7,9,7,7,2,8,8,3,8,10,2,7,8,0,4,8,7,4,2,4,2,10,2,3,4,8,9,11,4,8,0,10,0,0,11,10,2,3,7,5,7,0,2
8,3,6,0,2,8,4,4,9,10,8,9,2,0,8,6,4,9,11,5,9,9,5,0,11,11,5,0,2,4,3,11,2,8,4,11,6,4,8,9,10,2,3,4,0,9,8,7,3,2,8,0,4,4,2,5,5,11,10,4,9,10,3,11,0,11,2,7,2,3,6,8,0,11,3,8,2,5,2,0,4,6,8,0,4,2,9,3,4,2,0,5,2,2,9,0,7,2,5,9,3,8,3,9,5,2,4,8,10,8,8,3,9,9,4,9,11,3,8,9,2,5,9,8,5,3,5,3,11,3,4,5,9,10,0,5,9,2,11,2,2,0,11,3,4,8,6,8,2,3
9,4,7,2,3,9,5,5,10,11,9,10,3,2,9,7,5,10,0,6,10,10,6,2,0,0,6,2,3,5,4,0,3,9,5,0,7,5,9,10,11,3,4,5,2,10,9,8,4,3,9,2,5,5,3,6,6,0,11,5,10,11,4,0,2,0,3,8,3,4,7,9,2,0,4,9,3,6,3,2,5,7,9,2,5,3,10,4,5,3,2,6,3,3,10,2,8,3,6,10,4,9,4,10,6,3,5,9,11,9,9,4,10,10,5,10,0,4,9,10,3,6,10,9,6,4,6,4,0,4,5,6,10,11,2,6,10,3,0,3,3,2,0,4,5,9,7,9,3,4
10,5,8,3,4,10,6,6,11,0,10,11,4,3,10,8,6,11,2,7,11,11,7,3,2,2,7,3,4,6,5,2,4,10,6,2,8,6,10,11,0,4,5,6,3,11,10,9,5,4,10,3,6,6,4,7,7,2,0,6,11,0,5,2,3,2,4,9,4,5,8,10,3,2,5,10,4,7,4,3,6,8,10,3,6,4,11,5,6,4,3,7,4,4,11,3,9,4,7,11,5,10,5,11,7,4,6,10,0,10,10,5,11,11,6,11,2,5,10,11,4,7,11,10,7,5,7,5,2,5,6,7,11,0,3,7,11,4,2,4,4,3,2,5,6,10,8,10,4,5
11,6,9,4,5,11,7,7,0,2,11,0,5,4,11,9,7,0,3,8,0,0,8,4,3,3,8,4,5,7,6,3,5,11,7,3,9,7,11,0,2,5,6,7,4,0,11,10,6,5,11,4,7,7,5,8,8,3,2,7,0,2,6,3,4,3,5,10,5,6,9,11,4,3,6,11,5,8,5,4,7,9,11,4,7,5,0,6,7,5,4,8,5,5,0,4,10,5,8,0,6,11,6,0,8,5,7,11,2,11,11,6,0,0,7,0,3,6,11,0,5,8,0,11,8,6,8,6,3,6,7,8,0,2,4,8,0,5,3,5,5,4,3,6,7,11,9,11,5,6
0,7,10,5,6,0,8,8,2,3,0,2,6,5,0,10,8,2,4,9,2,2,9,5,4,4,9,5,6,8,7,4,6,0,8,4,10,8,0,2,3,6,7,8,5,2,0,11,7,6,0,5,8,8,6,9,9,4,3,8,2,3,7,4,5,4,6,11,6,7,10,0,5,4,7,0,6,9,6,5,8,10,0,5,8,6,2,7,8,6,5,9,6,6,2,5,11,6,9,2,7,0,7,2,9,6,8,0,3,0,0,7,2,2,8,2,4,7,0,2,6,9,2,0,9,7,9,7,4,7,8,9,2,3,5,9,2,6,4,6,6,5,4,7,8,0,10,0,6,7
2,8,11,6,7,2,9,9,3,4,2,3,7,6,2,11,9,3,5,10,3,3,10,6,5,5,10,6,7,9,8,5,7,2,9,5,11,9,2,3,4,7,8,9,6,3,2,0,8,7,2,6,9,9,7,10,10,5,4,9,3,4,8,5,6,5,7,0,7,8,11,2,6,5,8,2,7,10,7,6,9,11,2,6,9,7,3,8,9,7,6,10,7,7,3,6,0,7,10,3,8,2,8,3,10,7,9,2,4,2,2,8,3,3,9,3,5,8,2,3,7,10,3,2,10,8,10,8,5,8,9,10,3,4,6,10,3,7,5,7,7,6,5,8,9,2,11,2,7,8
3,9,0,7,8,3,10,10,4,5,3,4,8,7,3,0,10,4,6,11,4,4,11,7,6,6,11,7,8,10,9,6,8,3,10,6,0,10,3,4,5,8,9,10,7,4,3,2,9,8,3,7,10,10,8,11,11,6,5,10,4,5,9,6,7,6,8,2,8,9,0,3,7,6,9,3,8,11,8,7,10,0,3,7,10,8,4,9,10,8,7,11,8,8,4,7,2,8,11,4,9,3,9,4,11,8,10,3,5,3,3,9,4,4,10,4,6,9,3,4,8,11,4,3,11,9,11,9,6,9,10,11,4,5,7,11,4,8,6,8,8,7,6,9,10,3,0,3,8,9
4,10,2,8,9,4,11,11,5,6,4,5,9,8,4,2,11,5,7,0,5,5,0,8,7,7,0,8,9,11,10,7,9,4,11,7,2,11,4,5,6,9,10,11,8,5,4,3,10,9,4,8,11,11,9,0,0,7,6,11,5,6,10,7,8,7,9,3,9,10,2,4,8,7,10,4,9,0,9,8,11,2,4,8,11,9,5,10,11,9,8,0,9,9,5,8,3,9,0,5,10,4,10,5,0,9,11,4,6,4,4,10,5,5,11,5,7,10,4,5,9,0,5,4,0,10,0,10,7,10,11,0,5,6,8,0,5,9,7,9,9,8,7,10,11,4,2,4,9,10
5,11,3,9,10,5,0,0,6,7,5,6,10,9,5,3,0,6,8,2,6,6,2,9,8,8,2,9,10,0,11,8,10,5,0,8,3,0,5,6,7,10,11,0,9,6,5,4,11,10,5,9,0,0,10,2,2,8,7,0,6,7,11,8,9,8,10,4,10,11,3,5,9,8,11,5,10,2,10,9,0,3,5,9,0,10,6,11,0,10,9,2,10,10,6,9,4,10,2,6,11,5,11,6,2,10,0,5,7,5,5,11,6,6,0,6,8,11,5,6,10,2,6,5,2,11,2,11,8,11,0,2,6,7,9,2,6,10,8,10,10,9,8,11,0,5,3,5,10,11
6,0,4,10,11,6,2,2,7,8,6,7,11,10,6,4,2,7,9,3,7,7,3,10,9,9,3,10,11,2,0,9,11,6,2,9,4,2,6,7,8,11,0,2,10,7,6,5,0,11,6,10,2,2,11,3,3,9,8,2,7,8,0,9,10,9,11,5,11,0,4,6,10,9,0,6,11,3,11,10,2,4,6,10,2,11,7,0,2,11,10,3,11,11,7,10,5,11,3,7,0,6,0,7,3,11,2,6,8,6,6,0,7,7,2,7,9,0,6,7,11,3,7,6,3,0,3,0,9,0,2,3,7,8,10,3,7,11,9,11,11,10,9,0,2,6,4,6,11,0
7,2,5,11,0,7,3,3,8,9,7,8,0,11,7,5,3,8,10,4,8,8,4,11,10,10,4,11,0,3,2,10,0,7,3,10,5,3,7,8,9,0,2,3,11,8,7,6,2,0,7,11,3,3,0,4,4,10,9,3,8,9,2,10,11,10,0,6,0,2,5,7,11,10,2,7,0,4,0,11,3,5,7,11,3,0,8,2,3,0,11,4,0,0,8,11,6,0,4,8,2,7,2,8,4,0,3,7,9,7,7,2,8,8,3,8,10,2,7,8,0,4,8,7,4,2,4,2,10,2,3,4,8,9,11,4,8,0,10,0,0,11,10,2,3,7,5,7,0,2
8,3,6,0,2,8,4,4,9,10,8,9,2,0,8,6,4,9,11,5,9,9,5,0,11,11,5,0,2,4,3,11,2,8,4,11,6,4,8,9,10,2,3,4,0,9,8,7,3,2,8,0,4,4,2,5,5,11,10,4,9,10,3,11,0,11,2,7,2,3,6,8,0,11,3,8,2,5,2,0,4,6,8,0,4,2,9,3,4,2,0,5,2,2,9,0,7,2,5,9,3,8,3,9,5,2,4,8,10,8,8,3,9,9,4,9,11,3,8,9,2,5,9,8,5,3,5,3,11,3,4,5,9,10,0,5,9,2,11,2,2,0,11,3,4,8,6,8,2,3
9,4,7,2,3,9,5,5,10,11,9,10,3,2,9,7,5,10,0,6,10,10,6,2,0,0,6,2,3,5,4,0,3,9,5,0,7,5,9,10,11,3,4,5,2,10,9,8,4,3,9,2,5,5,3,6,6,0,11,5,10,11,4,0,2,0,3,8,3,4,7,9,2,0,4,9,3,6,3,2,5,7,9,2,5,3,10,4,5,3,2,6,3,3,10,2,8,3,6,10,4,9,4,10,6,3,5,9,11,9,9,4,10,10,5,10,0,4,9,10,3,6,10,9,6,4,6,4,0,4,5,6,10,11,2,6,10,3,0,3,3,2,0,4,5,9,7,9,3,4
10,5,8,3,4,10,6,6,11,0,10,11,4,3,10,8,6,11,2,7,11,11,7,3,2,2,7,3,4,6,5,2,4,10,6,2,8,6,10,11,0,4,5,6,3,11,10,9,5,4,10,3,6,6,4,7,7,2,0,6,11,0,5,2,3,2,4,9,4,5,8,10,3,2,5,10,4,7,4,3,6,8,10,3,6,4,11,5,6,4,3,7,4,4,11,3,9,4,7,11,5,10,5,11,7,4,6,10,0,10,10,5,11,11,6,11,2,5,10,11,4,7,11,10,7,5,7,5,2,5,6,7,11,0,3,7,11,4,2,4,4,3,2,5,6,10,8,10,4,5
11,6,9,4,5,11,7,7,0,2,11,0,5,4,11,9,7,0,3,8,0,0,8,4,3,3,8,4,5,7,6,3,5,11,7,3,9,7,11,0,2,5,6,7,4,0,11,10,6,5,11,4,7,7,5,8,8,3,2,7,0,2,6,3,4,3,5,10,5,6,9,11,4,3,6,11,5,8,5,4,7,9,11,4,7,5,0,6,7,5,4,8,5,5,0,4,10,5,8,0,6,11,6,0,8,5,7,11,2,11,11,6,0,0,7,0,3,6,11,0,5,8,0,11,8,6,8,6,3,6,7,8,0,2,4,8,0,5,3,5,5,4,3,6,7,11,9,11,5,6
0,7,10,5,6,0,8,8,2,3,0,2,6,5,0,10,8,2,4,9,2,2,9,5,4,4,9,5,6,8,7,4,6,0,8,4,10,8,0,2,3,6,7,8,5,2,0,11,7,6,0,5,8,8,6,9,9,4,3,8,2,3,7,4,5,4,6,11,6,7,10,0,5,4,7,0,6,9,6,5,8,10,0,5,8,6,2,7,8,6,5,9,6,6,2,5,11,6,9,2,7,0,7,2,9,6,8,0,3,0,0,7,2,2,8,2,4,7,0,2,6,9,2,0,9,7,9,7,4,7,8,9,2,3,5,9,2,6,4,6,6,5,4,7,8,0,10,0,6,7
2,8,11,6,7,2,9,9,3,4,2,3,7,6,2,11,9,3,5,10,3,3,10,6,5,5,10,6,7,9,8,5,7,2,9,5,11,9,2,3,4,7,8,9,6,3,2,0,8,7,2,6,9,9,7,10,10,5,4,9,3,4,8,5,6,5,7,0,7,8,11,2,6,5,8,2,7,10,7,6,9,11,2,6,9,7,3,8,9,7,6,10,7,7,3,6,0,7,10,3,8,2,8,3,10,7,9,2,4,2,2,8,3,3,9,3,5,8,2,3,7,10,3,2,10,8,10,8,5,8,9,10,3,4,6,10,3,7,5,7,7,6,5,8,9,2,11,2,7,8
3,9,0,7,8,3,10,10,4,5,3,4,8,7,3,0,10,4,6,11,4,4,11,7,6,6,11,7,8,10,9,6,8,3,10,6,0,10,3,4,5,8,9,10,7,4,3,2,9,8,3,7,10,10,8,11,11,6,5,10,4,5,9,6,7,6,8,2,8,9,0,3,7,6,9,3,8,11,8,7,10,0,3,7,10,8,4,9,10,8,7,11,8,8,4,7,2,8,11,4,9,3,9,4,11,8,10,3,5,3,3,9,4,4,10,4,6,9,3,4,8,11,4,3,11,9,11,9,6,9,10,11,4,5,7,11,4,8,6,8,8,7,6,9,10,3,0,3,8,9
4,10,2,8,9,4,11,11,5,6,4,5,9,8,4,2,11,5,7,0,5,5,0,8,7,7,0,8,9,11,10,7,9,4,11,7,2,11,4,5,6,9,10,11,8,5,4,3,10,9,4,8,11,11,9,0,0,7,6,11,5,6,10,7,8,7,9,3,9,10,2,4,8,7,10,4,9,0,9,8,11,2,4,8,11,9,5,10,11,9,8,0,9,9,5,8,3,9,0,5,10,4,10,5,0,9,11,4,6,4,4,10,5,5,11,5,7,10,4,5,9,0,5,4,0,10,0,10,7,10,11,0,5,6,8,0,5,9,7,9,9,8,7,10,11,4,2,4,9,10
5,11,3,9,10,5,0,0,6,7,5,6,10,9,5,3,0,6,8,2,6,6,2,9,8,8,2,9,10,0,11,8,10,5,0,8,3,0,5,6,7,10,11,0,9,6,5,4,11,10,5,9,0,0,10,2,2,8,7,0,6,7,11,8,9,8,10,4,10,11,3,5,9,8,11,5,10,2,10,9,0,3,5,9,0,10,6,11,0,10,9,2,10,10,6,9,4,10,2,6,11,5,11,6,2,10,0,5,7,5,5,11,6,6,0,6,8,11,5,6,10,2,6,5,2,11,2,11,8,11,0,2,6,7,9,2,6,10,8,10,10,9,8,11,0,5,3,5,10,11
6,0,4,10,11,6,2,2,7,8,6,7,11,10,6,4,2,7,9,3,7,7,3,10,9,9,3,10,11,2,0,9,11,6,2,9,4,2,6,7,8,11,0,2,10,7,6,5,0,11,6,10,2,2,11,3,3,9,8,2,7,8,0,9,10,9,11,5,11,0,4,6,10,9,0,6,11,3,11,10,2,4,6,10,2,11,7,0,2,11,10,3,11,11,7,10,5,11,3,7,0,6,0,7,3,11,2,6,8,6,6,0,7,7,2,7,9,0,6,7,11,3,7,6,3,0,3,0,9,0,2,3,7,8,10,3,7,11,9,11,11,10,9,0,2,6,4,6,11,0
7,2,5,11,0,7,3,3,8,9,7,8,0,11,7,5,3,8,10,4,8,8,4,11,10,10,4,11,0,3,2,10,0,7,3,10,5,3,7,8,9,0,2,3,11,8,7,6,2,0,7,11,3,3,0,4,4,10,9,3,8,9,2,10,11,10,0,6,0,2,5,7,11,10,2,7,0,4,0,11,3,5,7,11,3,0,8,2,3,0,11,4,0,0,8,11,6,0,4,8,2,7,2,8,4,0,3,7,9,7,7,2,8,8,3,8,10,2,7,8,0,4,8,7,4,2,4,2,10,2,3,4,8,9,11,4,8,0,10,0,0,11,10,2,3,7,5,7,0,2
8,3,6,0,2,8,4,4,9,10,8,9,2,0,8,6,4,9,11,5,9,9,5,0,11,11,5,0,2,4,3,11,2,8,4,11,6,4,8,9,10,2,3,4,0,9,8,7,3,2,8,0,4,4,2,5,5,11,10,4,9,10,3,11,0,11,2,7,2,3,6,8,0,11,3,8,2,5,2,0,4,6,8,0,4,2,9,3,4,2,0,5,2,2,9,0,7,2,5,9,3,8,3,9,5,2,4,8,10,8,8,3,9,9,4,9,11,3,8,9,2,5,9,8,5,3,5,3,11,3,4,5,9,10,0,5,9,2,11,2,2,0,11,3,4,8,6,8,2,3
9,4,7,2,3,9,5,5,10,11,9,10,3,2,9,7,5,10,0,6,10,10,6,2,0,0,6,2,3,5,4,0,3,9,5,0,7,5,9,10,11,3,4,5,2,10,9,8,4,3,9,2,5,5,3,6,6,0,11,5,10,11,4,0,2,0,3,8,3,4,7,9,2,0,4,9,3,6,3,2,5,7,9,2,5,3,10,4,5,3,2,6,3,3,10,2,8,3,6,10,4,9,4,10,6,3,5,9,11,9,9,4,10,10,5,10,0,4,9,10,3,6,10,9,6,4,6,4,0,4,5,6,10,11,2,6,10,3,0,3,3,2,0,4,5,9,7,9,3,4
10,5,8,3,4,10,6,6,11,0,10,11,4,3,10,8,6,11,2,7,11,11,7,3,2,2,7,3,4,6,5,2,4,10,6,2,8,6,10,11,0,4,5,6,3,11,10,9,5,4,10,3,6,6,4,7,7,2,0,6,11,0,5,2,3,2,4,9,4,5,8,10,3,2,5,10,4,7,4,3,6,8,10,3,6,4,11,5,6,4,3,7,4,4,11,3,9,4,7,11,5,10,5,11,7,4,6,10,0,10,10,5,11,11,6,11,2,5,10,11,4,7,11,10,7,5,7,5,2,5,6,7,11,0,3,7,11,4,2,4,4,3,2,5,6,10,8,10,4,5
11,6,9,4,5,11,7,7,0,2,11,0,5,4,11,9,7,0,3,8,0,0,8,4,3,3,8,4,5,7,6,3,5,11,7,3,9,7,11,0,2,5,6,7,4,0,11,10,6,5,11,4,7,7,5,8,8,3,2,7,0,2,6,3,4,3,5,10,5,6,9,11,4,3,6,11,5,8,5,4,7,9,11,4,7,5,0,6,7,5,4,8,5,5,0,4,10,5,8,0,6,11,6,0,8,5,7,11,2,11,11,6,0,0,7,0,3,6,11,0,5,8,0,11,8,6,8,6,3,6,7,8,0,2,4,8,0,5,3,5,5,4,3,6,7,11,9,11,5,6
0,7,10,5,6,0,8,8,2,3,0,2,6,5,0,10,8,2,4,9,2,2,9,5,4,4,9,5,6,8,7,4,6,0,8,4,10,8,0,2,3,6,7,8,5,2,0,11,7,6,0,5,8,8,6,9,9,4,3,8,2,3,7,4,5,4,6,11,6,7,10,0,5,4,7,0,6,9,6,5,8,10,0,5,8,6,2,7,8,6,5,9,6,6,2,5,11,6,9,2,7,0,7,2,9,6,8,0,3,0,0,7,2,2,8,2,4,7,0,2,6,9,2,0,9,7,9,7,4,7,8,9,2,3,5,9,2,6,4,6,6,5,4,7,8,0,10,0,6,7
2,8,11,6,7,2,9,9,3,4,2,3,7,6,2,11,9,3,5,10,3,3,10,6,5,5,10,6,7,9,8,5,7,2,9,5,11,9,2,3,4,7,8,9,6,3,2,0,8,7,2,6,9,9,7,10,10,5,4,9,3,4,8,5,6,5,7,0,7,8,11,2,6,5,8,2,7,10,7,6,9,11,2,6,9,7,3,8,9,7,6,10,7,7,3,6,0,7,10,3,8,2,8,3,10,7,9,2,4,2,2,8,3,3,9,3,5,8,2,3,7,10,3,2,10,8,10,8,5,8,9,10,3,4,6,10,3,7,5,7,7,6,5,8,9,2,11,2,7,8
3,9,0,7,8,3,10,10,4,5,3,4,8,7,3,0,10,4,6,11,4,4,11,7,6,6,11,7,8,10,9,6,8,3,10,6,0,10,3,4,5,8,9,10,7,4,3,2,9,8,3,7,10,10,8,11,11,6,5,10,4,5,9,6,7,6,8,2,8,9,0,3,7,6,9,3,8,11,8,7,10,0,3,7,10,8,4,9,10,8,7,11,8,8,4,7,2,8,11,4,9,3,9,4,11,8,10,3,5,3,3,9,4,4,10,4,6,9,3,4,8,11,4,3,11,9,11,9,6,9,10,11,4,5,7,11,4,8,6,8,8,7,6,9,10,3,0,3,8,9
4,10,2,8,9,4,11,11,5,6,4,5,9,8,4,2,11,5,7,0,5,5,0,8,7,7,0,8,9,11,10,7,9,4,11,7,2,11,4,5,6,9,10,11,8,5,4,3,10,9,4,8,11,11,9,0,0,7,6,11,5,6,10,7,8,7,9,3,9,10,2,4,8,7,10,4,9,0,9,8,11,2,4,8,11,9,5,10,11,9,8,0,9,9,5,8,3,9,0,5,10,4,10,5,0,9,11,4,6,4,4,10,5,5,11,5,7,10,4,5,9,0,5,4,0,10,0,10,7,10,11,0,5,6,8,0,5,9,7,9,9,8,7,10,11,4,2,4,9,10
5,11,3,9,10,5,0,0,6,7,5,6,10,9,5,3,0,6,8,2,6,6,2,9,8,8,2,9,10,0,11,8,10,5,0,8,3,0,5,6,7,10,11,0,9,6,5,4,11,10,5,9,0,0,10,2,2,8,7,0,6,7,11,8,9,8,10,4,10,11,3,5,9,8,11,5,10,2,10,9,0,3,5,9,0,10,6,11,0,10,9,2,10,10,6,9,4,10,2,6,11,5,11,6,2,10,0,5,7,5,5,11,6,6,0,6,8,11,5,6,10,2,6,5,2,11,2,11,8,11,0,2,6,7,9,2,6,10,8,10,10,9,8,11,0,5,3,5,10,11
6,0,4,10,11,6,2,2,7,8,6,7,11,10,6,4,2,7,9,3,7,7,3,10,9,9,3,10,11,2,0,9,11,6,2,9,4,2,6,7,8,11,0,2,10,7,6,5,0,11,6,10,2,2,11,3,3,9,8,2,7,8,0,9,10,9,11,5,11,0,4,6,10,9,0,6,11,3,11,10,2,4,6,10,2,11,7,0,2,11,10,3,11,11,7,10,5,11,3,7,0,6,0,7,3,11,2,6,8,6,6,0,7,7,2,7,9,0,6,7,11,3,7,6,3,0,3,0,9,0,2,3,7,8,10,3,7,11,9,11,11,10,9,0,2,6,4,6,11,0
7,2,5,11,0,7,3,3,8,9,7,8,0,11,7,5,3,8,10,4,8,8,4,11,10,10,4,11,0,3,2,10,0,7,3,10,5,3,7,8,9,0,2,3,11,8,7,6,2,0,7,11,3,3,0,4,4,10,9,3,8,9,2,10,11,10,0,6,0,2,5,7,11,10,2,7,0,4,0,11,3,5,7,11,3,0,8,2,3,0,11,4,0,0,8,11,6,0,4,8,2,7,2,8,4,0,3,7,9,7,7,2,8,8,3,8,10,2,7,8,0,4,8,7,4,2,4,2,10,2,3,4,8,9,11,4,8,0,10,0,0,11,10,2,3,7,5,7,0,2
8,3,6,0,2,8,4,4,9,10,8,9,2,0,8,6,4,9,11,5,9,9,5,0,11,11,5,0,2,4,3,11,2,8,4,11,6,4,8,9,10,2,3,4,0,9,8,7,3,2,8,0,4,4,2,5,5,11,10,4,9,10,3,11,0,11,2,7,2,3,6,8,0,11,3,8,2,5,2,0,4,6,8,0,4,2,9,3,4,2,0,5,2,2,9,0,7,2,5,9,3,8,3,9,5,2,4,8,10,8,8,3,9,9,4,9,11,3,8,9,2,5,9,8,5,3,5,3,11,3,4,5,9,10,0,5,9,2,11,2,2,0,11,3,4,8,6,8,2,3
9,4,7,2,3,9,5,5,10,11,9,10,3,2,9,7,5,10,0,6,10,10,6,2,0,0,6,2,3,5,4,0,3,9,5,0,7,5,9,10,11,3,4,5,2,10,9,8,4,3,9,2,5,5,3,6,6,0,11,5,10,11,4,0,2,0,3,8,3,4,7,9,2,0,4,9,3,6,3,2,5,7,9,2,5,3,10,4,5,3,2,6,3,3,10,2,8,3,6,10,4,9,4,10,6,3,5,9,11,9,9,4,10,10,5,10,0,4,9,10,3,6,10,9,6,4,6,4,0,4,5,6,10,11,2,6,10,3,0,3,3,2,0,4,5,9,7,9,3,4
10,5,8,3,4,10,6,6,11,0,10,11,4,3,10,8,6,11,2,7,11,11,7,3,2,2,7,3,4,6,5,2,4,10,6,2,8,6,10,11,0,4,5,6,3,11,10,9,5,4,10,3,6,6,4,7,7,2,0,6,11,0,5,2,3,2,4,9,4,5,8,10,3,2,5,10,4,7,4,3,6,8,10,3,6,4,11,5,6,4,3,7,4,4,11,3,9,4,7,11,5,10,5,11,7,4,6,10,0,10,10,5,11,11,6,11,2,5,10,11,4,7,11,10,7,5,7,5,2,5,6,7,11,0,3,7,11,4,2,4,4,3,2,5,6,10,8,10,4,5
11,6,9,4,5,11,7,7,0,2,11,0,5,4,11,9,7,0,3,8,0,0,8,4,3,3,8,4,5,7,6,3,5,11,7,3,9,7,11,0,2,5,6,7,4,0,11,10,6,5,11,4,7,7,5,8,8,3,2,7,0,2,6,3,4,3,5,10,5,6,9,11,4,3,6,11,5,8,5,4,7,9,11,4,7,5,0,6,7,5,4,8,5,5,0,4,10,5,8,0,6,11,6,0,8,5,7,11,2,11,11,6,0,0,7,0,3,6,11,0,5,8,0,11,8,6,8,6,3,6,7,8,0,2,4,8,0,5,3,5,5,4,3,6,7,11,9,11,5,6
0,7,10,5,6,0,8,8,2,3,0,2,6,5,0,10,8,2,4,9,2,2,9,5,4,4,9,5,6,8,7,4,6,0,8,4,10,8,0,2,3,6,7,8,5,2,0,11,7,6,0,5,8,8,6,9,9,4,3,8,2,3,7,4,5,4,6,11,6,7,10,0,5,4,7,0,6,9,6,5,8,10,0,5,8,6,2,7,8,6,5,9,6,6,2,5,11,6,9,2,7,0,7,2,9,6,8,0,3,0,0,7,2,2,8,2,4,7,0,2,6,9,2,0,9,7,9,7,4,7,8,9,2,3,5,9,2,6,4,6,6,5,4,7,8,0,10,0,6,7
2,8,11,6,7,2,9,9,3,4,2,3,7,6,2,11,9,3,5,10,3,3,10,6,5,5,10,6,7,9,8,5,7,2,9,5,11,9,2,3,4,7,8,9,6,3,2,0,8,7,2,6,9,9,7,10,10,5,4,9,3,4,8,5,6,5,7,0,7,8,11,2,6,5,8,2,7,10,7,6,9,11,2,6,9,7,3,8,9,7,6,10,7,7,3,6,0,7,10,3,8,2,8,3,10,7,9,2,4,2,2,8,3,3,9,3,5,8,2,3,7,10,3,2,10,8,10,8,5,8,9,10,3,4,6,10,3,7,5,7,7,6,5,8,9,2,11,2,7,8
3,9,0,7,8,3,10,10,4,5,3,4,8,7,3,0,10,4,6,11,4,4,11,7,6,6,11,7,8,10,9,6,8,3,10,6,0,10,3,4,5,8,9,10,7,4,3,2,9,8,3,7,10,10,8,11,11,6,5,10,4,5,9,6,7,6,8,2,8,9,0,3,7,6,9,3,8,11,8,7,10,0,3,7,10,8,4,9,10,8,7,11,8,8,4,7,2,8,11,4,9,3,9,4,11,8,10,3,5,3,3,9,4,4,10,4,6,9,3,4,8,11,4,3,11,9,11,9,6,9,10,11,4,5,7,11,4,8,6,8,8,7,6,9,10,3,0,3,8,9
4,10,2,8,9,4,11,11,5,6,4,5,9,8,4,2,11,5,7,0,5,5,0,8,7,7,0,8,9,11,10,7,9,4,11,7,2,11,4,5,6,9,10,11,8,5,4,3,10,9,4,8,11,11,9,0,0,7,6,11,5,6,10,7,8,7,9,3,9,10,2,4,8,7,10,4,9,0,9,8,11,2,4,8,11,9,5,10,11,9,8,0,9,9,5,8,3,9,0,5,10,4,10,5,0,9,11,4,6,4,4,10,5,5,11,5,7,10,4,5,9,0,5,4,0,10,0,10,7,10,11,0,5,6,8,0,5,9,7,9,9,8,7,10,11,4,2,4,9,10
5,11,3,9,10,5,0,0,6,7,5,6,10,9,5,3,0,6,8,2,6,6,2,9,8,8,2,9,10,0,11,8,10,5,0,8,3,0,5,6,7,10,11,0,9,6,5,4,11,10,5,9,0,0,10,2,2,8,7,0,6,7,11,8,9,8,10,4,10,11,3,5,9,8,11,5,10,2,10,9,0,3,5,9,0,10,6,11,0,10,9,2,10,10,6,9,4,10,2,6,11,5,11,6,2,10,0,5,7,5,5,11,6,6,0,6,8,11,5,6,10,2,6,5,2,11,2,11,8,11,0,2,6,7,9,2,6,10,8,10,10,9,8,11,0,5,3,5,10,11
6,0,4,10,11,6,2,2,7,8,6,7,11,10,6,4,2,7,9,3,7,7,3,10,9,9,3,10,11,2,0,9,11,6,2,9,4,2,6,7,8,11,0,2,10,7,6,5,0,11,6,10,2,2,11,3,3,9,8,2,7,8,0,9,10,9,11,5,11,0,4,6,10,9,0,6,11,3,11,10,2,4,6,10,2,11,7,0,2,11,10,3,11,11,7,10,5,11,3,7,0,6,0,7,3,11,2,6,8,6,6,0,7,7,2,7,9,0,6,7,11,3,7,6,3,0,3,0,9,0,2,3,7,8,10,3,7,11,9,11,11,10,9,0,2,6,4,6,11,0
7,2,5,11,0,7,3,3,8,9,7,8,0,11,7,5,3,8,10,4,8,8,4,11,10,10,4,11,0,3,2,10,0,7,3,10,5,3,7,8,9,0,2,3,11,8,7,6,2,0,7,11,3,3,0,4,4,10,9,3,8,9,2,10,11,10,0,6,0,2,5,7,11,10,2,7,0,4,0,11,3,5,7,11,3,0,8,2,3,0,11,4,0,0,8,11,6,0,4,8,2,7,2,8,4,0,3,7,9,7,7,2,8,8,3,8,10,2,7,8,0,4,8,7,4,2,4,2,10,2,3,4,8,9,11,4,8,0,10,0,0,11,10,2,3,7,5,7,0,2
8,3,6,0,2,8,4,4,9,10,8,9,2,0,8,6,4,9,11,5,9,9,5,0,11,11,5,0,2,4,3,11,2,8,4,11,6,4,8,9,10,2,3,4,0,9,8,7,3,2,8,0,4,4,2,5,5,11,10,4,9,10,3,11,0,11,2,7,2,3,6,8,0,11,3,8,2,5,2,0,4,6,8,0,4,2,9,3,4,2,0,5,2,2,9,0,7,2,5,9,3,8,3,9,5,2,4,8,10,8,8,3,9,9,4,9,11,3,8,9,2,5,9,8,5,3,5,3,11,3,4,5,9,10,0,5,9,2,11,2,2,0,11,3,4,8,6,8,2,3
9,4,7,2,3,9,5,5,10,11,9,10,3,2,9,7,5,10,0,6,10,10,6,2,0,0,6,2,3,5,4,0,3,9,5,0,7,5,9,10,11,3,4,5,2,10,9,8,4,3,9,2,5,5,3,6,6,0,11,5,10,11,4,0,2,0,3,8,3,4,7,9,2,0,4,9,3,6,3,2,5,7,9,2,5,3,10,4,5,3,2,6,3,3,10,2,8,3,6,10,4,9,4,10,6,3,5,9,11,9,9,4,10,10,5,10,0,4,9,10,3,6,10,9,6,4,6,4,0,4,5,6,10,11,2,6,10,3,0,3,3,2,0,4,5,9,7,9,3,4
10,5,8,3,4,10,6,6,11,0,10,11,4,3,10,8,6,11,2,7,11,11,7,3,2,2,7,3,4,6,5,2,4,10,6,2,8,6,10,11,0,4,5,6,3,11,10,9,5,4,10,3,6,6,4,7,7,2,0,6,11,0,5,2,3,2,4,9,4,5,8,10,3,2,5,10,4,7,4,3,6,8,10,3,6,4,11,5,6,4,3,7,4,4,11,3,9,4,7,11,5,10,5,11,7,4,6,10,0,10,10,5,11,11,6,11,2,5,10,11,4,7,11,10,7,5,7,5,2,5,6,7,11,0,3,7,11,4,2,4,4,3,2,5,6,10,8,10,4,5
11,6,9,4,5,11,7,7,0,2,11,0,5,4,11,9,7,0,3,8,0,0,8,4,3,3,8,4,5,7,6,3,5,11,7,3,9,7,11,0,2,5,6,7,4,0,11,10,6,5,11,4,7,7,5,8,8,3,2,7,0,2,6,3,4,3,5,10,5,6,9,11,4,3,6,11,5,8,5,4,7,9,11,4,7,5,0,6,7,5,4,8,5,5,0,4,10,5,8,0,6,11,6,0,8,5,7,11,2,11,11,6,0,0,7,0,3,6,11,0,5,8,0,11,8,6,8,6,3,6,7,8,0,2,4,8,0,5,3,5,5,4,3,6,7,11,9,11,5,6
0,7,10,5,6,0,8,8,2,3,0,2,6,5,0,10,8,2,4,9,2,2,9,5,4,4,9,5,6,8,7,4,6,0,8,4,10,8,0,2,3,6,7,8,5,2,0,11,7,6,0,5,8,8,6,9,9,4,3,8,2,3,7,4,5,4,6,11,6,7,10,0,5,4,7,0,6,9,6,5,8,10,0,5,8,6,2,7,8,6,5,9,6,6,2,5,11,6,9,2,7,0,7,2,9,6,8,0,3,0,0,7,2,2,8,2,4,7,0,2,6,9,2,0,9,7,9,7,4,7,8,9,2,3,5,9,2,6,4,6,6,5,4,7,8,0,10,0,6,7
2,8,11,6,7,2,9,9,3,4,2,3,7,6,2,11,9,3,5,10,3,3,10,6,5,5,10,6,7,9,8,5,7,2,9,5,11,9,2,3,4,7,8,9,6,3,2,0,8,7,2,6,9,9,7,10,10,5,4,9,3,4,8,5,6,5,7,0,7,8,11,2,6,5,8,2,7,10,7,6,9,11,2,6,9,7,3,8,9,7,6,10,7,7,3,6,0,7,10,3,8,2,8,3,10,7,9,2,4,2,2,8,3,3,9,3,5,8,2,3,7,10,3,2,10,8,10,8,5,8,9,10,3,4,6,10,3,7,5,7,7,6,5,8,9,2,11,2,7,8
3,9,0,7,8,3,10,10,4,5,3,4,8,7,3,0,10,4,6,11,4,4,11,7,6,6,11,7,8,10,9,6,8,3,10,6,0,10,3,4,5,8,9,10,7,4,3,2,9,8,3,7,10,10,8,11,11,6,5,10,4,5,9,6,7,6,8,2,8,9,0,3,7,6,9,3,8,11,8,7,10,0,3,7,10,8,4,9,10,8,7,11,8,8,4,7,2,8,11,4,9,3,9,4,11,8,10,3,5,3,3,9,4,4,10,4,6,9,3,4,8,11,4,3,11,9,11,9,6,9,10,11,4,5,7,11,4,8,6,8,8,7,6,9,10,3,0,3,8,9
4,10,2,8,9,4,11,11,5,6,4,5,9,8,4,2,11,5,7,0,5,5,0,8,7,7,0,8,9,11,10,7,9,4,11,7,2,11,4,5,6,9,10,11,8,5,4,3,10,9,4,8,11,11,9,0,0,7,6,11,5,6,10,7,8,7,9,3,9,10,2,4,8,7,10,4,9,0,9,8,11,2,4,8,11,9,5,10,11,9,8,0,9,9,5,8,3,9,0,5,10,4,10,5,0,9,11,4,6,4,4,10,5,5,11,5,7,10,4,5,9,0,5,4,0,10,0,10,7,10,11,0,5,6,8,0,5,9,7,9,9,8,7,10,11,4,2,4,9,10
5,11,3,9,10,5,0,0,6,7,5,6,10,9,5,3,0,6,8,2,6,6,2,9,8,8,2,9,10,0,11,8,10,5,0,8,3,0,5,6,7,10,11,0,9,6,5,4,11,10,5,9,0,0,10,2,2,8,7,0,6,7,11,8,9,8,10,4,10,11,3,5,9,8,11,5,10,2,10,9,0,3,5,9,0,10,6,11,0,10,9,2,10,10,6,9,4,10,2,6,11,5,11,6,2,10,0,5,7,5,5,11,6,6,0,6,8,11,5,6,10,2,6,5,2,11,2,11,8,11,0,2,6,7,9,2,6,10,8,10,10,9,8,11,0,5,3,5,10,11
6,0,4,10,11,6,2,2,7,8,6,7,11,10,6,4,2,7,9,3,7,7,3,10,9,9,3,10,11,2,0,9,11,6,2,9,4,2,6,7,8,11,0,2,10,7,6,5,0,11,6,10,2,2,11,3,3,9,8,2,7,8,0,9,10,9,11,5,11,0,4,6,10,9,0,6,11,3,11,10,2,4,6,10,2,11,7,0,2,11,10,3,11,11,7,10,5,11,3,7,0,6,0,7,3,11,2,6,8,6,6,0,7,7,2,7,9,0,6,7,11,3,7,6,3,0,3,0,9,0,2,3,7,8,10,3,7,11,9,11,11,10,9,0,2,6,4,6,11,0
7,2,5,11,0,7,3,3,8,9,7,8,0,11,7,5,3,8,10,4,8,8,4,11,10,10,4,11,0,3,2,10,0,7,3,10,5,3,7,8,9,0,2,3,11,8,7,6,2,0,7,11,3,3,0,4,4,10,9,3,8,9,2,10,11,10,0,6,0,2,5,7,11,10,2,7,0,4,0,11,3,5,7,11,3,0,8,2,3,0,11,4,0,0,8,11,6,0,4,8,2,7,2,8,4,0,3,7,9,7,7,2,8,8,3,8,10,2,7,8,0,4,8,7,4,2,4,2,10,2,3,4,8,9,11,4,8,0,10,0,0,11,10,2,3,7,5,7,0,2
8,3,6,0,2,8,4,4,9,10,8,9,2,0,8,6,4,9,11,5,9,9,5,0,11,11,5,0,2,4,3,11,2,8,4,11,6,4,8,9,10,2,3,4,0,9,8,7,3,2,8,0,4,4,2,5,5,11,10,4,9,10,3,11,0,11,2,7,2,3,6,8,0,11,3,8,2,5,2,0,4,6,8,0,4,2,9,3,4,2,0,5,2,2,9,0,7,2,5,9,3,8,3,9,5,2,4,8,10,8,8,3,9,9,4,9,11,3,8,9,2,5,9,8,5,3,5,3,11,3,4,5,9,10,0,5,9,2,11,2,2,0,11,3,4,8,6,8,2,3
9,4,7,2,3,9,5,5,10,11,9,10,3,2,9,7,5,10,0,6,10,10,6,2,0,0,6,2,3,5,4,0,3,9,5,0,7,5,9,10,11,3,4,5,2,10,9,8,4,3,9,2,5,5,3,6,6,0,11,5,10,11,4,0,2,0,3,8,3,4,7,9,2,0,4,9,3,6,3,2,5,7,9,2,5,3,10,4,5,3,2,6,3,3,10,2,8,3,6,10,4,9,4,10,6,3,5,9,11,9,9,4,10,10,5,10,0,4,9,10,3,6,10,9,6,4,6,4,0,4,5,6,10,11,2,6,10,3,0,3,3,2,0,4,5,9,7,9,3,4
10,5,8,3,4,10,6,6,11,0,10,11,4,3,10,8,6,11,2,7,11,11,7,3,2,2,7,3,4,6,5,2,4,10,6,2,8,6,10,11,0,4,5,6,3,11,10,9,5,4,10,3,6,6,4,7,7,2,0,6,11,0,5,2,3,2,4,9,4,5,8,10,3,2,5,10,4,7,4,3,6,8,10,3,6,4,11,5,6,4,3,7,4,4,11,3,9,4,7,11,5,10,5,11,7,4,6,10,0,10,10,5,11,11,6,11,2,5,10,11,4,7,11,10,7,5,7,5,2,5,6,7,11,0,3,7,11,4,2,4,4,3,2,5,6,10,8,10,4,5
11,6,9,4,5,11,7,7,0,2,11,0,5,4,11,9,7,0,3,8,0,0,8,4,3,3,8,4,5,7,6,3,5,11,7,3,9,7,11,0,2,5,6,7,4,0,11,10,6,5,11,4,7,7,5,8,8,3,2,7,0,2,6,3,4,3,5,10,5,6,9,11,4,3,6,11,5,8,5,4,7,9,11,4,7,5,0,6,7,5,4,8,5,5,0,4,10,5,8,0,6,11,6,0,8,5,7,11,2,11,11,6,0,0,7,0,3,6,11,0,5,8,0,11,8,6,8,6,3,6,7,8,0,2,4,8,0,5,3,5,5,4,3,6,7,11,9,11,5,6
0,7,10,5,6,0,8,8,2,3,0,2,6,5,0,10,8,2,4,9,2,2,9,5,4,4,9,5,6,8,7,4,6,0,8,4,10,8,0,2,3,6,7,8,5,2,0,11,7,6,0,5,8,8,6,9,9,4,3,8,2,3,7,4,5,4,6,11,6,7,10,0,5,4,7,0,6,9,6,5,8,10,0,5,8,6,2,7,8,6,5,9,6,6,2,5,11,6,9,2,7,0,7,2,9,6,8,0,3,0,0,7,2,2,8,2,4,7,0,2,6,9,2,0,9,7,9,7,4,7,8,9,2,3,5,9,2,6,4,6,6,5,4,7,8,0,10,0,6,7
2,8,11,6,7,2,9,9,3,4,2,3,7,6,2,11,9,3,5,10,3,3,10,6,5,5,10,6,7,9,8,5,7,2,9,5,11,9,2,3,4,7,8,9,6,3,2,0,8,7,2,6,9,9,7,10,10,5,4,9,3,4,8,5,6,5,7,0,7,8,11,2,6,5,8,2,7,10,7,6,9,11,2,6,9,7,3,8,9,7,6,10,7,7,3,6,0,7,10,3,8,2,8,3,10,7,9,2,4,2,2,8,3,3,9,3,5,8,2,3,7,10,3,2,10,8,10,8,5,8,9,10,3,4,6,10,3,7,5,7,7,6,5,8,9,2,11,2,7,8
3,9,0,7,8,3,10,10,4,5,3,4,8,7,3,0,10,4,6,11,4,4,11,7,6,6,11,7,8,10,9,6,8,3,10,6,0,10,3,4,5,8,9,10,7,4,3,2,9,8,3,7,10,10,8,11,11,6,5,10,4,5,9,6,7,6,8,2,8,9,0,3,7,6,9,3,8,11,8,7,10,0,3,7,10,8,4,9,10,8,7,11,8,8,4,7,2,8,11,4,9,3,9,4,11,8,10,3,5,3,3,9,4,4,10,4,6,9,3,4,8,11,4,3,11,9,11,9,6,9,10,11,4,5,7,11,4,8,6,8,8,7,6,9,10,3,0,3,8,9
4,10,2,8,9,4,11,11,5,6,4,5,9,8,4,2,11,5,7,0,5,5,0,8,7,7,0,8,9,11,10,7,9,4,11,7,2,11,4,5,6,9,10,11,8,5,4,3,10,9,4,8,11,11,9,0,0,7,6,11,5,6,10,7,8,7,9,3,9,10,2,4,8,7,10,4,9,0,9,8,11,2,4,8,11,9,5,10,11,9,8,0,9,9,5,8,3,9,0,5,10,4,10,5,0,9,11,4,6,4,4,10,5,5,11,5,7,10,4,5,9,0,5,4,0,10,0,10,7,10,11,0,5,6,8,0,5,9,7,9,9,8,7,10,11,4,2,4,9,10
5,11,3,9,10,5,0,0,6,7,5,6,10,9,5,3,0,6,8,2,6,6,2,9,8,8,2,9,10,0,11,8,10,5,0,8,3,0,5,6,7,10,11,0,9,6,5,4,11,10,5,9,0,0,10,2,2,8,7,0,6,7,11,8,9,8,10,4,10,11,3,5,9,8,11,5,10,2,10,9,0,3,5,9,0,10,6,11,0,10,9,2,10,10,6,9,4,10,2,6,11,5,11,6,2,10,0,5,7,5,5,11,6,6,0,6,8,11,5,6,10,2,6,5,2,11,2,11,8,11,0,2,6,7,9,2,6,10,8,10,10,9,8,11,0,5,3,5,10,11
6,0,4,10,11,6,2,2,7,8,6,7,11,10,6,4,2,7,9,3,7,7,3,10,9,9,3,10,11,2,0,9,11,6,2,9,4,2,6,7,8,11,0,2,10,7,6,5,0,11,6,10,2,2,11,3,3,9,8,2,7,8,0,9,10,9,11,5,11,0,4,6,10,9,0,6,11,3,11,10,2,4,6,10,2,11,7,0,2,11,10,3,11,11,7,10,5,11,3,7,0,6,0,7,3,11,2,6,8,6,6,0,7,7,2,7,9,0,6,7,11,3,7,6,3,0,3,0,9,0,2,3,7,8,10,3,7,11,9,11,11,10,9,0,2,6,4,6,11,0
7,2,5,11,0,7,3,3,8,9,7,8,0,11,7,5,3,8,10,4,8,8,4,11,10,10,4,11,0,3,2,10,0,7,3,10,5,3,7,8,9,0,2,3,11,8,7,6,2,0,7,11,3,3,0,4,4,10,9,3,8,9,2,10,11,10,0,6,0,2,5,7,11,10,2,7,0,4,0,11,3,5,7,11,3,0,8,2,3,0,11,4,0,0,8,11,6,0,4,8,2,7,2,8,4,0,3,7,9,7,7,2,8,8,3,8,10,2,7,8,0,4,8,7,4,2,4,2,10,2,3,4,8,9,11,4,8,0,10,0,0,11,10,2,3,7,5,7,0,2
8,3,6,0,2,8,4,4,9,10,8,9,2,0,8,6,4,9,11,5,9,9,5,0,11,11,5,0,2,4,3,11,2,8,4,11,6,4,8,9,10,2,3,4,0,9,8,7,3,2,8,0,4,4,2,5,5,11,10,4,9,10,3,11,0,11,2,7,2,3,6,8,0,11,3,8,2,5,2,0,4,6,8,0,4,2,9,3,4,2,0,5,2,2,9,0,7,2,5,9,3,8,3,9,5,2,4,8,10,8,8,3,9,9,4,9,11,3,8,9,2,5,9,8,5,3,5,3,11,3,4,5,9,10,0,5,9,2,11,2,2,0,11,3,4,8,6,8,2,3
9,4,7,2,3,9,5,5,10,11,9,10,3,2,9,7,5,10,0,6,10,10,6,2,0,0,6,2,3,5,4,0,3,9,5,0,7,5,9,10,11,3,4,5,2,10,9,8,4,3,9,2,5,5,3,6,6,0,11,5,10,11,4,0,2,0,3,8,3,4,7,9,2,0,4,9,3,6,3,2,5,7,9,2,5,3,10,4,5,3,2,6,3,3,10,2,8,3,6,10,4,9,4,10,6,3,5,9,11,9,9,4,10,10,5,10,0,4,9,10,3,6,10,9,6,4,6,4,0,4,5,6,10,11,2,6,10,3,0,3,3,2,0,4,5,9,7,9,3,4
10,5,8,3,4,10,6,6,11,0,10,11,4,3,10,8,6,11,2,7,11,11,7,3,2,2,7,3,4,6,5,2,4,10,6,2,8,6,10,11,0,4,5,6,3,11,10,9,5,4,10,3,6,6,4,7,7,2,0,6,11,0,5,2,3,2,4,9,4,5,8,10,3,2,5,10,4,7,4,3,6,8,10,3,6,4,11,5,6,4,3,7,4,4,11,3,9,4,7,11,5,10,5,11,7,4,6,10,0,10,10,5,11,11,6,11,2,5,10,11,4,7,11,10,7,5,7,5,2,5,6,7,11,0,3,7,11,4,2,4,4,3,2,5,6,10,8,10,4,5
11,6,9,4,5,11,7,7,0,2,11,0,5,4,11,9,7,0,3,8,0,0,8,4,3,3,8,4,5,7,6,3,5,11,7,3,9,7,11,0,2,5,6,7,4,0,11,10,6,5,11,4,7,7,5,8,8,3,2,7,0,2,6,3,4,3,5,10,5,6,9,11,4,3,6,11,5,8,5,4,7,9,11,4,7,5,0,6,7,5,4,8,5,5,0,4,10,5,8,0,6,11,6,0,8,5,7,11,2,11,11,6,0,0,7,0,3,6,11,0,5,8,0,11,8,6,8,6,3,6,7,8,0,2,4,8,0,5,3,5,5,4,3,6,7,11,9,11,5,6
0,7,10,5,6,0,8,8,2,3,0,2,6,5,0,10,8,2,4,9,2,2,9,5,4,4,9,5,6,8,7,4,6,0,8,4,10,8,0,2,3,6,7,8,5,2,0,11,7,6,0,5,8,8,6,9,9,4,3,8,2,3,7,4,5,4,6,11,6,7,10,0,5,4,7,0,6,9,6,5,8,10,0,5,8,6,2,7,8,6,5,9,6,6,2,5,11,6,9,2,7,0,7,2,9,6,8,0,3,0,0,7,2,2,8,2,4,7,0,2,6,9,2,0,9,7,9,7,4,7,8,9,2,3,5,9,2,6,4,6,6,5,4,7,8,0,10,0,6,7
2,8,11,6,7,2,9,9,3,4,2,3,7,6,2,11,9,3,5,10,3,3,10,6,5,5,10,6,7,9,8,5,7,2,9,5,11,9,2,3,4,7,8,9,6,3,2,0,8,7,2,6,9,9,7,10,10,5,4,9,3,4,8,5,6,5,7,0,7,8,11,2,6,5,8,2,7,10,7,6,9,11,2,6,9,7,3,8,9,7,6,10,7,7,3,6,0,7,10,3,8,2,8,3,10,7,9,2,4,2,2,8,3,3,9,3,5,8,2,3,7,10,3,2,10,8,10,8,5,8,9,10,3,4,6,10,3,7,5,7,7,6,5,8,9,2,11,2,7,8
3,9,0,7,8,3,10,10,4,5,3,4,8,7,3,0,10,4,6,11,4,4,11,7,6,6,11,7,8,10,9,6,8,3,10,6,0,10,3,4,5,8,9,10,7,4,3,2,9,8,3,7,10,10,8,11,11,6,5,10,4,5,9,6,7,6,8,2,8,9,0,3,7,6,9,3,8,11,8,7,10,0,3,7,10,8,4,9,10,8,7,11,8,8,4,7,2,8,11,4,9,3,9,4,11,8,10,3,5,3,3,9,4,4,10,4,6,9,3,4,8,11,4,3,11,9,11,9,6,9,10,11,4,5,7,11,4,8,6,8,8,7,6,9,10,3,0,3,8,9
4,10,2,8,9,4,11,11,5,6,4,5,9,8,4,2,11,5,7,0,5,5,0,8,7,7,0,8,9,11,10,7,9,4,11,7,2,11,4,5,6,9,10,11,8,5,4,3,10,9,4,8,11,11,9,0,0,7,6,11,5,6,10,7,8,7,9,3,9,10,2,4,8,7,10,4,9,0,9,8,11,2,4,8,11,9,5,10,11,9,8,0,9,9,5,8,3,9,0,5,10,4,10,5,0,9,11,4,6,4,4,10,5,5,11,5,7,10,4,5,9,0,5,4,0,10,0,10,7,10,11,0,5,6,8,0,5,9,7,9,9,8,7,10,11,4,2,4,9,10
5,11,3,9,10,5,0,0,6,7,5,6,10,9,5,3,0,6,8,2,6,6,2,9,8,8,2,9,10,0,11,8,10,5,0,8,3,0,5,6,7,10,11,0,9,6,5,4,11,10,5,9,0,0,10,2,2,8,7,0,6,7,11,8,9,8,10,4,10,11,3,5,9,8,11,5,10,2,10,9,0,3,5,9,0,10,6,11,0,10,9,2,10,10,6,9,4,10,2,6,11,5,11,6,2,10,0,5,7,5,5,11,6,6,0,6,8,11,5,6,10,2,6,5,2,11,2,11,8,11,0,2,6,7,9,2,6,10,8,10,10,9,8,11,0,5,3,5,10,11
6,0,4,10,11,6,2,2,7,8,6,7,11,10,6,4,2,7,9,3,7,7,3,10,9,9,3,10,11,2,0,9,11,6,2,9,4,2,6,7,8,11,0,2,10,7,6,5,0,11,6,10,2,2,11,3,3,9,8,2,7,8,0,9,10,9,11,5,11,0,4,6,10,9,0,6,11,3,11,10,2,4,6,10,2,11,7,0,2,11,10,3,11,11,7,10,5,11,3,7,0,6,0,7,3,11,2,6,8,6,6,0,7,7,2,7,9,0,6,7,11,3,7,6,3,0,3,0,9,0,2,3,7,8,10,3,7,11,9,11,11,10,9,0,2,6,4,6,11,0
7,2,5,11,0,7,3,3,8,9,7,8,0,11,7,5,3,8,10,4,8,8,4,11,10,10,4,11,0,3,2,10,0,7,3,10,5,3,7,8,9,0,2,3,11,8,7,6,2,0,7,11,3,3,0,4,4,10,9,3,8,9,2,10,11,10,0,6,0,2,5,7,11,10,2,7,0,4,0,11,3,5,7,11,3,0,8,2,3,0,11,4,0,0,8,11,6,0,4,8,2,7,2,8,4,0,3,7,9,7,7,2,8,8,3,8,10,2,7,8,0,4,8,7,4,2,4,2,10,2,3,4,8,9,11,4,8,0,10,0,0,11,10,2,3,7,5,7,0,2
8,3,6,0,2,8,4,4,9,10,8,9,2,0,8,6,4,9,11,5,9,9,5,0,11,11,5,0,2,4,3,11,2,8,4,11,6,4,8,9,10,2,3,4,0,9,8,7,3,2,8,0,4,4,2,5,5,11,10,4,9,10,3,11,0,11,2,7,2,3,6,8,0,11,3,8,2,5,2,0,4,6,8,0,4,2,9,3,4,2,0,5,2,2,9,0,7,2,5,9,3,8,3,9,5,2,4,8,10,8,8,3,9,9,4,9,11,3,8,9,2,5,9,8,5,3,5,3,11,3,4,5,9,10,0,5,9,2,11,2,2,0,11,3,4,8,6,8,2,3
9,4,7,2,3,9,5,5,10,11,9,10,3,2,9,7,5,10,0,6,10,10,6,2,0,0,6,2,3,5,4,0,3,9,5,0,7,5,9,10,11,3,4,5,2,10,9,8,4,3,9,2,5,5,3,6,6,0,11,5,10,11,4,0,2,0,3,8,3,4,7,9,2,0,4,9,3,6,3,2,5,7,9,2,5,3,10,4,5,3,2,6,3,3,10,2,8,3,6,10,4,9,4,10,6,3,5,9,11,9,9,4,10,10,5,10,0,4,9,10,3,6,10,9,6,4,6,4,0,4,5,6,10,11,2,6,10,3,0,3,3,2,0,4,5,9,7,9,3,4
10,5,8,3,4,10,6,6,11,0,10,11,4,3,10,8,6,11,2,7,11,11,7,3,2,2,7,3,4,6,5,2,4,10,6,2,8,6,10,11,0,4,5,6,3,11,10,9,5,4,10,3,6,6,4,7,7,2,0,6,11,0,5,2,3,2,4,9,4,5,8,10,3,2,5,10,4,7,4,3,6,8,10,3,6,4,11,5,6,4,3,7,4,4,11,3,9,4,7,11,5,10,5,11,7,4,6,10,0,10,10,5,11,11,6,11,2,5,10,11,4,7,11,10,7,5,7,5,2,5,6,7,11,0,3,7,11,4,2,4,4,3,2,5,6,10,8,10,4,5
11,6,9,4,5,11,7,7,0,2,11,0,5,4,11,9,7,0,3,8,0,0,8,4,3,3,8,4,5,7,6,3,5,11,7,3,9,7,11,0,2,5,6,7,4,0,11,10,6,5,11,4,7,7,5,8,8,3,2,7,0,2,6,3,4,3,5,10,5,6,9,11,4,3,6,11,5,8,5,4,7,9,11,4,7,5,0,6,7,5,4,8,5,5,0,4,10,5,8,0,6,11,6,0,8,5,7,11,2,11,11,6,0,0,7,0,3,6,11,0,5,8,0,11,8,6,8,6,3,6,7,8,0,2,4,8,0,5,3,5,5,4,3,6,7,11,9,11,5,6
0,7,10,5,6,0,8,8,2,3,0,2,6,5,0,10,8,2,4,9,2,2,9,5,4,4,9,5,6,8,7,4,6,0,8,4,10,8,0,2,3,6,7,8,5,2,0,11,7,6,0,5,8,8,6,9,9,4,3,8,2,3,7,4,5,4,6,11,6,7,10,0,5,4,7,0,6,9,6,5,8,10,0,5,8,6,2,7,8,6,5,9,6,6,2,5,11,6,9,2,7,0,7,2,9,6,8,0,3,0,0,7,2,2,8,2,4,7,0,2,6,9,2,0,9,7,9,7,4,7,8,9,2,3,5,9,2,6,4,6,6,5,4,7,8,0,10,0,6,7
2,8,11,6,7,2,9,9,3,4,2,3,7,6,2,11,9,3,5,10,3,3,10,6,5,5,10,6,7,9,8,5,7,2,9,5,11,9,2,3,4,7,8,9,6,3,2,0,8,7,2,6,9,9,7,10,10,5,4,9,3,4,8,5,6,5,7,0,7,8,11,2,6,5,8,2,7,10,7,6,9,11,2,6,9,7,3,8,9,7,6,10,7,7,3,6,0,7,10,3,8,2,8,3,10,7,9,2,4,2,2,8,3,3,9,3,5,8,2,3,7,10,3,2,10,8,10,8,5,8,9,10,3,4,6,10,3,7,5,7,7,6,5,8,9,2,11,2,7,8
3,9,0,7,8,3,10,10,4,5,3,4,8,7,3,0,10,4,6,11,4,4,11,7,6,6,11,7,8,10,9,6,8,3,10,6,0,10,3,4,5,8,9,10,7,4,3,2,9,8,3,7,10,10,8,11,11,6,5,10,4,5,9,6,7,6,8,2,8,9,0,3,7,6,9,3,8,11,8,7,10,0,3,7,10,8,4,9,10,8,7,11,8,8,4,7,2,8,11,4,9,3,9,4,11,8,10,3,5,3,3,9,4,4,10,4,6,9,3,4,8,11,4,3,11,9,11,9,6,9,10,11,4,5,7,11,4,8,6,8,8,7,6,9,10,3,0,3,8,9
4,10,2,8,9,4,11,11,5,6,4,5,9,8,4,2,11,5,7,0,5,5,0,8,7,7,0,8,9,11,10,7,9,4,11,7,2,11,4,5,6,9,10,11,8,5,4,3,10,9,4,8,11,11,9,0,0,7,6,11,5,6,10,7,8,7,9,3,9,10,2,4,8,7,10,4,9,0,9,8,11,2,4,8,11,9,5,10,11,9,8,0,9,9,5,8,3,9,0,5,10,4,10,5,0,9,11,4,6,4,4,10,5,5,11,5,7,10,4,5,9,0,5,4,0,10,0,10,7,10,11,0,5,6,8,0,5,9,7,9,9,8,7,10,11,4,2,4,9,10
5,11,3,9,10,5,0,0,6,7,5,6,10,9,5,3,0,6,8,2,6,6,2,9,8,8,2,9,10,0,11,8,10,5,0,8,3,0,5,6,7,10,11,0,9,6,5,4,11,10,5,9,0,0,10,2,2,8,7,0,6,7,11,8,9,8,10,4,10,11,3,5,9,8,11,5,10,2,10,9,0,3,5,9,0,10,6,11,0,10,9,2,10,10,6,9,4,10,2,6,11,5,11,6,2,10,0,5,7,5,5,11,6,6,0,6,8,11,5,6,10,2,6,5,2,11,2,11,8,11,0,2,6,7,9,2,6,10,8,10,10,9,8,11,0,5,3,5,10,11
6,0,4,10,11,6,2,2,7,8,6,7,11,10,6,4,2,7,9,3,7,7,3,10,9,9,3,10,11,2,0,9,11,6,2,9,4,2,6,7,8,11,0,2,10,7,6,5,0,11,6,10,2,2,11,3,3,9,8,2,7,8,0,9,10,9,11,5,11,0,4,6,10,9,0,6,11,3,11,10,2,4,6,10,2,11,7,0,2,11,10,3,11,11,7,10,5,11,3,7,0,6,0,7,3,11,2,6,8,6,6,0,7,7,2,7,9,0,6,7,11,3,7,6,3,0,3,0,9,0,2,3,7,8,10,3,7,11,9,11,11,10,9,0,2,6,4,6,11,0
7,2,5,11,0,7,3,3,8,9,7,8,0,11,7,5,3,8,10,4,8,8,4,11,10,10,4,11,0,3,2,10,0,7,3,10,5,3,7,8,9,0,2,3,11,8,7,6,2,0,7,11,3,3,0,4,4,10,9,3,8,9,2,10,11,10,0,6,0,2,5,7,11,10,2,7,0,4,0,11,3,5,7,11,3,0,8,2,3,0,11,4,0,0,8,11,6,0,4,8,2,7,2,8,4,0,3,7,9,7,7,2,8,8,3,8,10,2,7,8,0,4,8,7,4,2,4,2,10,2,3,4,8,9,11,4,8,0,10,0,0,11,10,2,3,7,5,7,0,2
8,3,6,0,2,8,4,4,9,10,8,9,2,0,8,6,4,9,11,5,9,9,5,0,11,11,5,0,2,4,3,11,2,8,4,11,6,4,8,9,10,2,3,4,0,9,8,7,3,2,8,0,4,4,2,5,5,11,10,4,9,10,3,11,0,11,2,7,2,3,6,8,0,11,3,8,2,5,2,0,4,6,8,0,4,2,9,3,4,2,0,5,2,2,9,0,7,2,5,9,3,8,3,9,5,2,4,8,10,8,8,3,9,9,4,9,11,3,8,9,2,5,9,8,5,3,5,3,11,3,4,5,9,10,0,5,9,2,11,2,2,0,11,3,4,8,6,8,2,3
9,4,7,2,3,9,5,5,10,11,9,10,3,2,9,7,5,10,0,6,10,10,6,2,0,0,6,2,3,5,4,0,3,9,5,0,7,5,9,10,11,3,4,5,2,10,9,8,4,3,9,2,5,5,3,6,6,0,11,5,10,11,4,0,2,0,3,8,3,4,7,9,2,0,4,9,3,6,3,2,5,7,9,2,5,3,10,4,5,3,2,6,3,3,10,2,8,3,6,10,4,9,4,10,6,3,5,9,11,9,9,4,10,10,5,10,0,4,9,10,3,6,10,9,6,4,6,4,0,4,5,6,10,11,2,6,10,3,0,3,3,2,0,4,5,9,7,9,3,4
10,5,8,3,4,10,6,6,11,0,10,11,4,3,10,8,6,11,2,7,11,11,7,3,2,2,7,3,4,6,5,2,4,10,6,2,8,6,10,11,0,4,5,6,3,11,10,9,5,4,10,3,6,6,4,7,7,2,0,6,11,0,5,2,3,2,4,9,4,5,8,10,3,2,5,10,4,7,4,3,6,8,10,3,6,4,11,5,6,4,3,7,4,4,11,3,9,4,7,11,5,10,5,11,7,4,6,10,0,10,10,5,11,11,6,11,2,5,10,11,4,7,11,10,7,5,7,5,2,5,6,7,11,0,3,7,11,4,2,4,4,3,2,5,6,10,8,10,4,5
11,6,9,4,5,11,7,7,0,2,11,0,5,4,11,9,7,0,3,8,0,0,8,4,3,3,8,4,5,7,6,3,5,11,7,3,9,7,11,0,2,5,6,7,4,0,11,10,6,5,11,4,7,7,5,8,8,3,2,7,0,2,6,3,4,3,5,10,5,6,9,11,4,3,6,11,5,8,5,4,7,9,11,4,7,5,0,6,7,5,4,8,5,5,0,4,10,5,8,0,6,11,6,0,8,5,7,11,2,11,11,6,0,0,7,0,3,6,11,0,5,8,0,11,8,6,8,6,3,6,7,8,0,2,4,8,0,5,3,5,5,4,3,6,7,11,9,11,5,6
0,7,10,5,6,0,8,8,2,3,0,2,6,5,0,10,8,2,4,9,2,2,9,5,4,4,9,5,6,8,7,4,6,0,8,4,10,8,0,2,3,6,7,8,5,2,0,11,7,6,0,5,8,8,6,9,9,4,3,8,2,3,7,4,5,4,6,11,6,7,10,0,5,4,7,0,6,9,6,5,8,10,0,5,8,6,2,7,8,6,5,9,6,6,2,5,11,6,9,2,7,0,7,2,9,6,8,0,3,0,0,7,2,2,8,2,4,7,0,2,6,9,2,0,9,7,9,7,4,7,8,9,2,3,5,9,2,6,4,6,6,5,4,7,8,0,10,0,6,7
2,8,11,6,7,2,9,9,3,4,2,3,7,6,2,11,9,3,5,10,3,3,10,6,5,5,10,6,7,9,8,5,7,2,9,5,11,9,2,3,4,7,8,9,6,3,2,0,8,7,2,6,9,9,7,10,10,5,4,9,3,4,8,5,6,5,7,0,7,8,11,2,6,5,8,2,7,10,7,6,9,11,2,6,9,7,3,8,9,7,6,10,7,7,3,6,0,7,10,3,8,2,8,3,10,7,9,2,4,2,2,8,3,3,9,3,5,8,2,3,7,10,3,2,10,8,10,8,5,8,9,10,3,4,6,10,3,7,5,7,7,6,5,8,9,2,11,2,7,8
3,9,0,7,8,3,10,10,4,5,3,4,8,7,3,0,10,4,6,11,4,4,11,7,6,6,11,7,8,10,9,6,8,3,10,6,0,10,3,4,5,8,9,10,7,4,3,2,9,8,3,7,10,10,8,11,11,6,5,10,4,5,9,6,7,6,8,2,8,9,0,3,7,6,9,3,8,11,8,7,10,0,3,7,10,8,4,9,10,8,7,11,8,8,4,7,2,8,11,4,9,3,9,4,11,8,10,3,5,3,3,9,4,4,10,4,6,9,3,4,8,11,4,3,11,9,11,9,6,9,10,11,4,5,7,11,4,8,6,8,8,7,6,9,10,3,0,3,8,9
4,10,2,8,9,4,11,11,5,6,4,5,9,8,4,2,11,5,7,0,5,5,0,8,7,7,0,8,9,11,10,7,9,4,11,7,2,11,4,5,6,9,10,11,8,5,4,3,10,9,4,8,11,11,9,0,0,7,6,11,5,6,10,7,8,7,9,3,9,10,2,4,8,7,10,4,9,0,9,8,11,2,4,8,11,9,5,10,11,9,8,0,9,9,5,8,3,9,0,5,10,4,10,5,0,9,11,4,6,4,4,10,5,5,11,5,7,10,4,5,9,0,5,4,0,10,0,10,7,10,11,0,5,6,8,0,5,9,7,9,9,8,7,10,11,4,2,4,9,10
5,11,3,9,10,5,0,0,6,7,5,6,10,9,5,3,0,6,8,2,6,6,2,9,8,8,2,9,10,0,11,8,10,5,0,8,3,0,5,6,7,10,11,0,9,6,5,4,11,10,5,9,0,0,10,2,2,8,7,0,6,7,11,8,9,8,10,4,10,11,3,5,9,8,11,5,10,2,10,9,0,3,5,9,0,10,6,11,0,10,9,2,10,10,6,9,4,10,2,6,11,5,11,6,2,10,0,5,7,5,5,11,6,6,0,6,8,11,5,6,10,2,6,5,2,11,2,11,8,11,0,2,6,7,9,2,6,10,8,10,10,9,8,11,0,5,3,5,10,11
6,0,4,10,11,6,2,2,7,8,6,7,11,10,6,4,2,7,9,3,7,7,3,10,9,9,3,10,11,2,0,9,11,6,2,9,4,2,6,7,8,11,0,2,10,7,6,5,0,11,6,10,2,2,11,3,3,9,8,2,7,8,0,9,10,9,11,5,11,0,4,6,10,9,0,6,11,3,11,10,2,4,6,10,2,11,7,0,2,11,10,3,11,11,7,10,5,11,3,7,0,6,0,7,3,11,2,6,8,6,6,0,7,7,2,7,9,0,6,7,11,3,7,6,3,0,3,0,9,0,2,3,7,8,10,3,7,11,9,11,11,10,9,0,2,6,4,6,11,0
7,2,5,11,0,7,3,3,8,9,7,8,0,11,7,5,3,8,10,4,8,8,4,11,10,10,4,11,0,3,2,10,0,7,3,10,5,3,7,8,9,0,2,3,11,8,7,6,2,0,7,11,3,3,0,4,4,10,9,3,8,9,2,10,11,10,0,6,0,2,5,7,11,10,2,7,0,4,0,11,3,5,7,11,3,0,8,2,3,0,11,4,0,0,8,11,6,0,4,8,2,7,2,8,4,0,3,7,9,7,7,2,8,8,3,8,10,2,7,8,0,4,8,7,4,2,4,2,10,2,3,4,8,9,11,4,8,0,10,0,0,11,10,2,3,7,5,7,0,2
8,3,6,0,2,8,4,4,9,10,8,9,2,0,8,6,4,9,11,5,9,9,5,0,11,11,5,0,2,4,3,11,2,8,4,11,6,4,8,9,10,2,3,4,0,9,8,7,3,2,8,0,4,4,2,5,5,11,10,4,9,10,3,11,0,11,2,7,2,3,6,8,0,11,3,8,2,5,2,0,4,6,8,0,4,2,9,3,4,2,0,5,2,2,9,0,7,2,5,9,3,8,3,9,5,2,4,8,10,8,8,3,9,9,4,9,11,3,8,9,2,5,9,8,5,3,5,3,11,3,4,5,9,10,0,5,9,2,11,2,2,0,11,3,4,8,6,8,2,3
9,4,7,2,3,9,5,5,10,11,9,10,3,2,9,7,5,10,0,6,10,10,6,2,0,0,6,2,3,5,4,0,3,9,5,0,7,5,9,10,11,3,4,5,2,10,9,8,4,3,9,2,5,5,3,6,6,0,11,5,10,11,4,0,2,0,3,8,3,4,7,9,2,0,4,9,3,6,3,2,5,7,9,2,5,3,10,4,5,3,2,6,3,3,10,2,8,3,6,10,4,9,4,10,6,3,5,9,11,9,9,4,10,10,5,10,0,4,9,10,3,6,10,9,6,4,6,4,0,4,5,6,10,11,2,6,10,3,0,3,3,2,0,4,5,9,7,9,3,4
10,5,8,3,4,10,6,6,11,0,10,11,4,3,10,8,6,11,2,7,11,11,7,3,2,2,7,3,4,6,5,2,4,10,6,2,8,6,10,11,0,4,5,6,3,11,10,9,5,4,10,3,6,6,4,7,7,2,0,6,11,0,5,2,3,2,4,9,4,5,8,10,3,2,5,10,4,7,4,3,6,8,10,3,6,4,11,5,6,4,3,7,4,4,11,3,9,4,7,11,5,10,5,11,7,4,6,10,0,10,10,5,11,11,6,11,2,5,10,11,4,7,11,10,7,5,7,5,2,5,6,7,11,0,3,7,11,4,2,4,4,3,2,5,6,10,8,10,4,5
11,6,9,4,5,11,7,7,0,2,11,0,5,4,11,9,7,0,3,8,0,0,8,4,3,3,8,4,5,7,6,3,5,11,7,3,9,7,11,0,2,5,6,7,4,0,11,10,6,5,11,4,7,7,5,8,8,3,2,7,0,2,6,3,4,3,5,10,5,6,9,11,4,3,6,11,5,8,5,4,7,9,11,4,7,5,0,6,7,5,4,8,5,5,0,4,10,5,8,0,6,11,6,0,8,5,7,11,2,11,11,6,0,0,7,0,3,6,11,0,5,8,0,11,8,6,8,6,3,6,7,8,0,2,4,8,0,5,3,5,5,4,3,6,7,11,9,11,5,6
0,7,10,5,6,0,8,8,2,3,0,2,6,5,0,10,8,2,4,9,2,2,9,5,4,4,9,5,6,8,7,4,6,0,8,4,10,8,0,2,3,6,7,8,5,2,0,11,7,6,0,5,8,8,6,9,9,4,3,8,2,3,7,4,5,4,6,11,6,7,10,0,5,4,7,0,6,9,6,5,8,10,0,5,8,6,2,7,8,6,5,9,6,6,2,5,11,6,9,2,7,0,7,2,9,6,8,0,3,0,0,7,2,2,8,2,4,7,0,2,6,9,2,0,9,7,9,7,4,7,8,9,2,3,5,9,2,6,4,6,6,5,4,7,8,0,10,0,6,7
2,8,11,6,7,2,9,9,3,4,2,3,7,6,2,11,9,3,5,10,3,3,10,6,5,5,10,6,7,9,8,5,7,2,9,5,11,9,2,3,4,7,8,9,6,3,2,0,8,7,2,6,9,9,7,10,10,5,4,9,3,4,8,5,6,5,7,0,7,8,11,2,6,5,8,2,7,10,7,6,9,11,2,6,9,7,3,8,9,7,6,10,7,7,3,6,0,7,10,3,8,2,8,3,10,7,9,2,4,2,2,8,3,3,9,3,5,8,2,3,7,10,3,2,10,8,10,8,5,8,9,10,3,4,6,10,3,7,5,7,7,6,5,8,9,2,11,2,7,8
3,9,0,7,8,3,10,10,4,5,3,4,8,7,3,0,10,4,6,11,4,4,11,7,6,6,11,7,8,10,9,6,8,3,10,6,0,10,3,4,5,8,9,10,7,4,3,2,9,8,3,7,10,10,8,11,11,6,5,10,4,5,9,6,7,6,8,2,8,9,0,3,7,6,9,3,8,11,8,7,10,0,3,7,10,8,4,9,10,8,7,11,8,8,4,7,2,8,11,4,9,3,9,4,11,8,10,3,5,3,3,9,4,4,10,4,6,9,3,4,8,11,4,3,11,9,11,9,6,9,10,11,4,5,7,11,4,8,6,8,8,7,6,9,10,3,0,3,8,9
4,10,2,8,9,4,11,11,5,6,4,5,9,8,4,2,11,5,7,0,5,5,0,8,7,7,0,8,9,11,10,7,9,4,11,7,2,11,4,5,6,9,10,11,8,5,4,3,10,9,4,8,11,11,9,0,0,7,6,11,5,6,10,7,8,7,9,3,9,10,2,4,8,7,10,4,9,0,9,8,11,2,4,8,11,9,5,10,11,9,8,0,9,9,5,8,3,9,0,5,10,4,10,5,0,9,11,4,6,4,4,10,5,5,11,5,7,10,4,5,9,0,5,4,0,10,0,10,7,10,11,0,5,6,8,0,5,9,7,9,9,8,7,10,11,4,2,4,9,10
5,11,3,9,10,5,0,0,6,7,5,6,10,9,5,3,0,6,8,2,6,6,2,9,8,8,2,9,10,0,11,8,10,5,0,8,3,0,5,6,7,10,11,0,9,6,5,4,11,10,5,9,0,0,10,2,2,8,7,0,6,7,11,8,9,8,10,4,10,11,3,5,9,8,11,5,10,2,10,9,0,3,5,9,0,10,6,11,0,10,9,2,10,10,6,9,4,10,2,6,11,5,11,6,2,10,0,5,7,5,5,11,6,6,0,6,8,11,5,6,10,2,6,5,2,11,2,11,8,11,0,2,6,7,9,2,6,10,8,10,10,9,8,11,0,5,3,5,10,11
6,0,4,10,11,6,2,2,7,8,6,7,11,10,6,4,2,7,9,3,7,7,3,10,9,9,3,10,11,2,0,9,11,6,2,9,4,2,6,7,8,11,0,2,10,7,6,5,0,11,6,10,2,2,11,3,3,9,8,2,7,8,0,9,10,9,11,5,11,0,4,6,10,9,0,6,11,3,11,10,2,4,6,10,2,11,7,0,2,11,10,3,11,11,7,10,5,11,3,7,0,6,0,7,3,11,2,6,8,6,6,0,7,7,2,7,9,0,6,7,11,3,7,6,3,0,3,0,9,0,2,3,7,8,10,3,7,11,9,11,11,10,9,0,2,6,4,6,11,0
7,2,5,11,0,7,3,3,8,9,7,8,0,11,7,5,3,8,10,4,8,8,4,11,10,10,4,11,0,3,2,10,0,7,3,10,5,3,7,8,9,0,2,3,11,8,7,6,2,0,7,11,3,3,0,4,4,10,9,3,8,9,2,10,11,10,0,6,0,2,5,7,11,10,2,7,0,4,0,11,3,5,7,11,3,0,8,2,3,0,11,4,0,0,8,11,6,0,4,8,2,7,2,8,4,0,3,7,9,7,7,2,8,8,3,8,10,2,7,8,0,4,8,7,4,2,4,2,10,2,3,4,8,9,11,4,8,0,10,0,0,11,10,2,3,7,5,7,0,2
8,3,6,0,2,8,4,4,9,10,8,9,2,0,8,6,4,9,11,5,9,9,5,0,11,11,5,0,2,4,3,11,2,8,4,11,6,4,8,9,10,2,3,4,0,9,8,7,3,2,8,0,4,4,2,5,5,11,10,4,9,10,3,11,0,11,2,7,2,3,6,8,0,11,3,8,2,5,2,0,4,6,8,0,4,2,9,3,4,2,0,5,2,2,9,0,7,2,5,9,3,8,3,9,5,2,4,8,10,8,8,3,9,9,4,9,11,3,8,9,2,5,9,8,5,3,5,3,11,3,4,5,9,10,0,5,9,2,11,2,2,0,11,3,4,8,6,8,2,3
9,4,7,2,3,9,5,5,10,11,9,10,3,2,9,7,5,10,0,6,10,10,6,2,0,0,6,2,3,5,4,0,3,9,5,0,7,5,9,10,11,3,4,5,2,10,9,8,4,3,9,2,5,5,3,6,6,0,11,5,10,11,4,0,2,0,3,8,3,4,7,9,2,0,4,9,3,6,3,2,5,7,9,2,5,3,10,4,5,3,2,6,3,3,10,2,8,3,6,10,4,9,4,10,6,3,5,9,11,9,9,4,10,10,5,10,0,4,9,10,3,6,10,9,6,4,6,4,0,4,5,6,10,11,2,6,10,3,0,3,3,2,0,4,5,9,7,9,3,4
10,5,8,3,4,10,6,6,11,0,10,11,4,3,10,8,6,11,2,7,11,11,7,3,2,2,7,3,4,6,5,2,4,10,6,2,8,6,10,11,0,4,5,6,3,11,10,9,5,4,10,3,6,6,4,7,7,2,0,6,11,0,5,2,3,2,4,9,4,5,8,10,3,2,5,10,4,7,4,3,6,8,10,3,6,4,11,5,6,4,3,7,4,4,11,3,9,4,7,11,5,10,5,11,7,4,6,10,0,10,10,5,11,11,6,11,2,5,10,11,4,7,11,10,7,5,7,5,2,5,6,7,11,0,3,7,11,4,2,4,4,3,2,5,6,10,8,10,4,5
11,6,9,4,5,11,7,7,0,2,11,0,5,4,11,9,7,0,3,8,0,0,8,4,3,3,8,4,5,7,6,3,5,11,7,3,9,7,11,0,2,5,6,7,4,0,11,10,6,5,11,4,7,7,5,8,8,3,2,7,0,2,6,3,4,3,5,10,5,6,9,11,4,3,6,11,5,8,5,4,7,9,11,4,7,5,0,6,7,5,4,8,5,5,0,4,10,5,8,0,6,11,6,0,8,5,7,11,2,11,11,6,0,0,7,0,3,6,11,0,5,8,0,11,8,6,8,6,3,6,7,8,0,2,4,8,0,5,3,5,5,4,3,6,7,11,9,11,5,6
0,7,10,5,6,0,8,8,2,3,0,2,6,5,0,10,8,2,4,9,2,2,9,5,4,4,9,5,6,8,7,4,6,0,8,4,10,8,0,2,3,6,7,8,5,2,0,11,7,6,0,5,8,8,6,9,9,4,3,8,2,3,7,4,5,4,6,11,6,7,10,0,5,4,7,0,6,9,6,5,8,10,0,5,8,6,2,7,8,6,5,9,6,6,2,5,11,6,9,2,7,0,7,2,9,6,8,0,3,0,0,7,2,2,8,2,4,7,0,2,6,9,2,0,9,7,9,7,4,7,8,9,2,3,5,9,2,6,4,6,6,5,4,7,8,0,10,0,6,7
2,8,11,6,7,2,9,9,3,4,2,3,7,6,2,11,9,3,5,10,3,3,10,6,5,5,10,6,7,9,8,5,7,2,9,5,11,9,2,3,4,7,8,9,6,3,2,0,8,7,2,6,9,9,7,10,10,5,4,9,3,4,8,5,6,5,7,0,7,8,11,2,6,5,8,2,7,10,7,6,9,11,2,6,9,7,3,8,9,7,6,10,7,7,3,6,0,7,10,3,8,2,8,3,10,7,9,2,4,2,2,8,3,3,9,3,5,8,2,3,7,10,3,2,10,8,10,8,5,8,9,10,3,4,6,10,3,7,5,7,7,6,5,8,9,2,11,2,7,8
3,9,0,7,8,3,10,10,4,5,3,4,8,7,3,0,10,4,6,11,4,4,11,7,6,6,11,7,8,10,9,6,8,3,10,6,0,10,3,4,5,8,9,10,7,4,3,2,9,8,3,7,10,10,8,11,11,6,5,10,4,5,9,6,7,6,8,2,8,9,0,3,7,6,9,3,8,11,8,7,10,0,3,7,10,8,4,9,10,8,7,11,8,8,4,7,2,8,11,4,9,3,9,4,11,8,10,3,5,3,3,9,4,4,10,4,6,9,3,4,8,11,4,3,11,9,11,9,6,9,10,11,4,5,7,11,4,8,6,8,8,7,6,9,10,3,0,3,8,9
4,10,2,8,9,4,11,11,5,6,4,5,9,8,4,2,11,5,7,0,5,5,0,8,7,7,0,8,9,11,10,7,9,4,11,7,2,11,4,5,6,9,10,11,8,5,4,3,10,9,4,8,11,11,9,0,0,7,6,11,5,6,10,7,8,7,9,3,9,10,2,4,8,7,10,4,9,0,9,8,11,2,4,8,11,9,5,10,11,9,8,0,9,9,5,8,3,9,0,5,10,4,10,5,0,9,11,4,6,4,4,10,5,5,11,5,7,10,4,5,9,0,5,4,0,10,0,10,7,10,11,0,5,6,8,0,5,9,7,9,9,8,7,10,11,4,2,4,9,10
5,11,3,9,10,5,0,0,6,7,5,6,10,9,5,3,0,6,8,2,6,6,2,9,8,8,2,9,10,0,11,8,10,5,0,8,3,0,5,6,7,10,11,0,9,6,5,4,11,10,5,9,0,0,10,2,2,8,7,0,6,7,11,8,9,8,10,4,10,11,3,5,9,8,11,5,10,2,10,9,0,3,5,9,0,10,6,11,0,10,9,2,10,10,6,9,4,10,2,6,11,5,11,6,2,10,0,5,7,5,5,11,6,6,0,6,8,11,5,6,10,2,6,5,2,11,2,11,8,11,0,2,6,7,9,2,6,10,8,10,10,9,8,11,0,5,3,5,10,11
6,0,4,10,11,6,2,2,7,8,6,7,11,10,6,4,2,7,9,3,7,7,3,10,9,9,3,10,11,2,0,9,11,6,2,9,4,2,6,7,8,11,0,2,10,7,6,5,0,11,6,10,2,2,11,3,3,9,8,2,7,8,0,9,10,9,11,5,11,0,4,6,10,9,0,6,11,3,11,10,2,4,6,10,2,11,7,0,2,11,10,3,11,11,7,10,5,11,3,7,0,6,0,7,3,11,2,6,8,6,6,0,7,7,2,7,9,0,6,7,11,3,7,6,3,0,3,0,9,0,2,3,7,8,10,3,7,11,9,11,11,10,9,0,2,6,4,6,11,0
7,2,5,11,0,7,3,3,8,9,7,8,0,11,7,5,3,8,10,4,8,8,4,11,10,10,4,11,0,3,2,10,0,7,3,10,5,3,7,8,9,0,2,3,11,8,7,6,2,0,7,11,3,3,0,4,4,10,9,3,8,9,2,10,11,10,0,6,0,2,5,7,11,10,2,7,0,4,0,11,3,5,7,11,3,0,8,2,3,0,11,4,0,0,8,11,6,0,4,8,2,7,2,8,4,0,3,7,9,7,7,2,8,8,3,8,10,2,7,8,0,4,8,7,4,2,4,2,10,2,3,4,8,9,11,4,8,0,10,0,0,11,10,2,3,7,5,7,0,2
8,3,6,0,2,8,4,4,9,10,8,9,2,0,8,6,4,9,11,5,9,9,5,0,11,11,5,0,2,4,3,11,2,8,4,11,6,4,8,9,10,2,3,4,0,9,8,7,3,2,8,0,4,4,2,5,5,11,10,4,9,10,3,11,0,11,2,7,2,3,6,8,0,11,3,8,2,5,2,0,4,6,8,0,4,2,9,3,4,2,0,5,2,2,9,0,7,2,5,9,3,8,3,9,5,2,4,8,10,8,8,3,9,9,4,9,11,3,8,9,2,5,9,8,5,3,5,3,11,3,4,5,9,10,0,5,9,2,11,2,2,0,11,3,4,8,6,8,2,3
9,4,7,2,3,9,5,5,10,11,9,10,3,2,9,7,5,10,0,6,10,10,6,2,0,0,6,2,3,5,4,0,3,9,5,0,7,5,9,10,11,3,4,5,2,10,9,8,4,3,9,2,5,5,3,6,6,0,11,5,10,11,4,0,2,0,3,8,3,4,7,9,2,0,4,9,3,6,3,2,5,7,9,2,5,3,10,4,5,3,2,6,3,3,10,2,8,3,6,10,4,9,4,10,6,3,5,9,11,9,9,4,10,10,5,10,0,4,9,10,3,6,10,9,6,4,6,4,0,4,5,6,10,11,2,6,10,3,0,3,3,2,0,4,5,9,7,9,3,4
10,5,8,3,4,10,6,6,11,0,10,11,4,3,10,8,6,11,2,7,11,11,7,3,2,2,7,3,4,6,5,2,4,10,6,2,8,6,10,11,0,4,5,6,3,11,10,9,5,4,10,3,6,6,4,7,7,2,0,6,11,0,5,2,3,2,4,9,4,5,8,10,3,2,5,10,4,7,4,3,6,8,10,3,6,4,11,5,6,4,3,7,4,4,11,3,9,4,7,11,5,10,5,11,7,4,6,10,0,10,10,5,11,11,6,11,2,5,10,11,4,7,11,10,7,5,7,5,2,5,6,7,11,0,3,7,11,4,2,4,4,3,2,5,6,10,8,10,4,5
11,6,9,4,5,11,7,7,0,2,11,0,5,4,11,9,7,0,3,8,0,0,8,4,3,3,8,4,5,7,6,3,5,11,7,3,9,7,11,0,2,5,6,7,4,0,11,10,6,5,11,4,7,7,5,8,8,3,2,7,0,2,6,3,4,3,5,10,5,6,9,11,4,3,6,11,5,8,5,4,7,9,11,4,7,5,0,6,7,5,4,8,5,5,0,4,10,5,8,0,6,11,6,0,8,5,7,11,2,11,11,6,0,0,7,0,3,6,11,0,5,8,0,11,8,6,8,6,3,6,7,8,0,2,4,8,0,5,3,5,5,4,3,6,7,11,9,11,5,6
0,7,10,5,6,0,8,8,2,3,0,2,6,5,0,10,8,2,4,9,2,2,9,5,4,4,9,5,6,8,7,4,6,0,8,4,10,8,0,2,3,6,7,8,5,2,0,11,7,6,0,5,8,8,6,9,9,4,3,8,2,3,7,4,5,4,6,11,6,7,10,0,5,4,7,0,6,9,6,5,8,10,0,5,8,6,2,7,8,6,5,9,6,6,2,5,11,6,9,2,7,0,7,2,9,6,8,0,3,0,0,7,2,2,8,2,4,7,0,2,6,9,2,0,9,7,9,7,4,7,8,9,2,3,5,9,2,6,4,6,6,5,4,7,8,0,10,0,6,7
2,8,11,6,7,2,9,9,3,4,2,3,7,6,2,11,9,3,5,10,3,3,10,6,5,5,10,6,7,9,8,5,7,2,9,5,11,9,2,3,4,7,8,9,6,3,2,0,8,7,2,6,9,9,7,10,10,5,4,9,3,4,8,5,6,5,7,0,7,8,11,2,6,5,8,2,7,10,7,6,9,11,2,6,9,7,3,8,9,7,6,10,7,7,3,6,0,7,10,3,8,2,8,3,10,7,9,2,4,2,2,8,3,3,9,3,5,8,2,3,7,10,3,2,10,8,10,8,5,8,9,10,3,4,6,10,3,7,5,7,7,6,5,8,9,2,11,2,7,8
3,9,0,7,8,3,10,10,4,5,3,4,8,7,3,0,10,4,6,11,4,4,11,7,6,6,11,7,8,10,9,6,8,3,10,6,0,10,3,4,5,8,9,10,7,4,3,2,9,8,3,7,10,10,8,11,11,6,5,10,4,5,9,6,7,6,8,2,8,9,0,3,7,6,9,3,8,11,8,7,10,0,3,7,10,8,4,9,10,8,7,11,8,8,4,7,2,8,11,4,9,3,9,4,11,8,10,3,5,3,3,9,4,4,10,4,6,9,3,4,8,11,4,3,11,9,11,9,6,9,10,11,4,5,7,11,4,8,6,8,8,7,6,9,10,3,0,3,8,9
4,10,2,8,9,4,11,11,5,6,4,5,9,8,4,2,11,5,7,0,5,5,0,8,7,7,0,8,9,11,10,7,9,4,11,7,2,11,4,5,6,9,10,11,8,5,4,3,10,9,4,8,11,11,9,0,0,7,6,11,5,6,10,7,8,7,9,3,9,10,2,4,8,7,10,4,9,0,9,8,11,2,4,8,11,9,5,10,11,9,8,0,9,9,5,8,3,9,0,5,10,4,10,5,0,9,11,4,6,4,4,10,5,5,11,5,7,10,4,5,9,0,5,4,0,10,0,10,7,10,11,0,5,6,8,0,5,9,7,9,9,8,7,10,11,4,2,4,9,10
5,11,3,9,10,5,0,0,6,7,5,6,10,9,5,3,0,6,8,2,6,6,2,9,8,8,2,9,10,0,11,8,10,5,0,8,3,0,5,6,7,10,11,0,9,6,5,4,11,10,5,9,0,0,10,2,2,8,7,0,6,7,11,8,9,8,10,4,10,11,3,5,9,8,11,5,10,2,10,9,0,3,5,9,0,10,6,11,0,10,9,2,10,10,6,9,4,10,2,6,11,5,11,6,2,10,0,5,7,5,5,11,6,6,0,6,8,11,5,6,10,2,6,5,2,11,2,11,8,11,0,2,6,7,9,2,6,10,8,10,10,9,8,11,0,5,3,5,10,11
6,0,4,10,11,6,2,2,7,8,6,7,11,10,6,4,2,7,9,3,7,7,3,10,9,9,3,10,11,2,0,9,11,6,2,9,4,2,6,7,8,11,0,2,10,7,6,5,0,11,6,10,2,2,11,3,3,9,8,2,7,8,0,9,10,9,11,5,11,0,4,6,10,9,0,6,11,3,11,10,2,4,6,10,2,11,7,0,2,11,10,3,11,11,7,10,5,11,3,7,0,6,0,7,3,11,2,6,8,6,6,0,7,7,2,7,9,0,6,7,11,3,7,6,3,0,3,0,9,0,2,3,7,8,10,3,7,11,9,11,11,10,9,0,2,6,4,6,11,0
7,2,5,11,0,7,3,3,8,9,7,8,0,11,7,5,3,8,10,4,8,8,4,11,10,10,4,11,0,3,2,10,0,7,3,10,5,3,7,8,9,0,2,3,11,8,7,6,2,0,7,11,3,3,0,4,4,10,9,3,8,9,2,10,11,10,0,6,0,2,5,7,11,10,2,7,0,4,0,11,3,5,7,11,3,0,8,2,3,0,11,4,0,0,8,11,6,0,4,8,2,7,2,8,4,0,3,7,9,7,7,2,8,8,3,8,10,2,7,8,0,4,8,7,4,2,4,2,10,2,3,4,8,9,11,4,8,0,10,0,0,11,10,2,3,7,5,7,0,2
8,3,6,0,2,8,4,4,9,10,8,9,2,0,8,6,4,9,11,5,9,9,5,0,11,11,5,0,2,4,3,11,2,8,4,11,6,4,8,9,10,2,3,4,0,9,8,7,3,2,8,0,4,4,2,5,5,11,10,4,9,10,3,11,0,11,2,7,2,3,6,8,0,11,3,8,2,5,2,0,4,6,8,0,4,2,9,3,4,2,0,5,2,2,9,0,7,2,5,9,3,8,3,9,5,2,4,8,10,8,8,3,9,9,4,9,11,3,8,9,2,5,9,8,5,3,5,3,11,3,4,5,9,10,0,5,9,2,11,2,2,0,11,3,4,8,6,8,2,3
9,4,7,2,3,9,5,5,10,11,9,10,3,2,9,7,5,10,0,6,10,10,6,2,0,0,6,2,3,5,4,0,3,9,5,0,7,5,9,10,11,3,4,5,2,10,9,8,4,3,9,2,5,5,3,6,6,0,11,5,10,11,4,0,2,0,3,8,3,4,7,9,2,0,4,9,3,6,3,2,5,7,9,2,5,3,10,4,5,3,2,6,3,3,10,2,8,3,6,10,4,9,4,10,6,3,5,9,11,9,9,4,10,10,5,10,0,4,9,10,3,6,10,9,6,4,6,4,0,4,5,6,10,11,2,6,10,3,0,3,3,2,0,4,5,9,7,9,3,4
10,5,8,3,4,10,6,6,11,0,10,11,4,3,10,8,6,11,2,7,11,11,7,3,2,2,7,3,4,6,5,2,4,10,6,2,8,6,10,11,0,4,5,6,3,11,10,9,5,4,10,3,6,6,4,7,7,2,0,6,11,0,5,2,3,2,4,9,4,5,8,10,3,2,5,10,4,7,4,3,6,8,10,3,6,4,11,5,6,4,3,7,4,4,11,3,9,4,7,11,5,10,5,11,7,4,6,10,0,10,10,5,11,11,6,11,2,5,10,11,4,7,11,10,7,5,7,5,2,5,6,7,11,0,3,7,11,4,2,4,4,3,2,5,6,10,8,10,4,5
11,6,9,4,5,11,7,7,0,2,11,0,5,4,11,9,7,0,3,8,0,0,8,4,3,3,8,4,5,7,6,3,5,11,7,3,9,7,11,0,2,5,6,7,4,0,11,10,6,5,11,4,7,7,5,8,8,3,2,7,0,2,6,3,4,3,5,10,5,6,9,11,4,3,6,11,5,8,5,4,7,9,11,4,7,5,0,6,7,5,4,8,5,5,0,4,10,5,8,0,6,11,6,0,8,5,7,11,2,11,11,6,0,0,7,0,3,6,11,0,5,8,0,11,8,6,8,6,3,6,7,8,0,2,4,8,0,5,3,5,5,4,3,6,7,11,9,11,5,6
0,7,10,5,6,0,8,8,2,3,0,2,6,5,0,10,8,2,4,9,2,2,9,5,4,4,9,5,6,8,7,4,6,0,8,4,10,8,0,2,3,6,7,8,5,2,0,11,7,6,0,5,8,8,6,9,9,4,3,8,2,3,7,4,5,4,6,11,6,7,10,0,5,4,7,0,6,9,6,5,8,10,0,5,8,6,2,7,8,6,5,9,6,6,2,5,11,6,9,2,7,0,7,2,9,6,8,0,3,0,0,7,2,2,8,2,4,7,0,2,6,9,2,0,9,7,9,7,4,7,8,9,2,3,5,9,2,6,4,6,6,5,4,7,8,0,10,0,6,7
2,8,11,6,7,2,9,9,3,4,2,3,7,6,2,11,9,3,5,10,3,3,10,6,5,5,10,6,7,9,8,5,7,2,9,5,11,9,2,3,4,7,8,9,6,3,2,0,8,7,2,6,9,9,7,10,10,5,4,9,3,4,8,5,6,5,7,0,7,8,11,2,6,5,8,2,7,10,7,6,9,11,2,6,9,7,3,8,9,7,6,10,7,7,3,6,0,7,10,3,8,2,8,3,10,7,9,2,4,2,2,8,3,3,9,3,5,8,2,3,7,10,3,2,10,8,10,8,5,8,9,10,3,4,6,10,3,7,5,7,7,6,5,8,9,2,11,2,7,8
3,9,0,7,8,3,10,10,4,5,3,4,8,7,3,0,10,4,6,11,4,4,11,7,6,6,11,7,8,10,9,6,8,3,10,6,0,10,3,4,5,8,9,10,7,4,3,2,9,8,3,7,10,10,8,11,11,6,5,10,4,5,9,6,7,6,8,2,8,9,0,3,7,6,9,3,8,11,8,7,10,0,3,7,10,8,4,9,10,8,7,11,8,8,4,7,2,8,11,4,9,3,9,4,11,8,10,3,5,3,3,9,4,4,10,4,6,9,3,4,8,11,4,3,11,9,11,9,6,9,10,11,4,5,7,11,4,8,6,8,8,7,6,9,10,3,0,3,8,9
4,10,2,8,9,4,11,11,5,6,4,5,9,8,4,2,11,5,7,0,5,5,0,8,7,7,0,8,9,11,10,7,9,4,11,7,2,11,4,5,6,9,10,11,8,5,4,3,10,9,4,8,11,11,9,0,0,7,6,11,5,6,10,7,8,7,9,3,9,10,2,4,8,7,10,4,9,0,9,8,11,2,4,8,11,9,5,10,11,9,8,0,9,9,5,8,3,9,0,5,10,4,10,5,0,9,11,4,6,4,4,10,5,5,11,5,7,10,4,5,9,0,5,4,0,10,0,10,7,10,11,0,5,6,8,0,5,9,7,9,9,8,7,10,11,4,2,4,9,10
5,11,3,9,10,5,0,0,6,7,5,6,10,9,5,3,0,6,8,2,6,6,2,9,8,8,2,9,10,0,11,8,10,5,0,8,3,0,5,6,7,10,11,0,9,6,5,4,11,10,5,9,0,0,10,2,2,8,7,0,6,7,11,8,9,8,10,4,10,11,3,5,9,8,11,5,10,2,10,9,0,3,5,9,0,10,6,11,0,10,9,2,10,10,6,9,4,10,2,6,11,5,11,6,2,10,0,5,7,5,5,11,6,6,0,6,8,11,5,6,10,2,6,5,2,11,2,11,8,11,0,2,6,7,9,2,6,10,8,10,10,9,8,11,0,5,3,5,10,11
6,0,4,10,11,6,2,2,7,8,6,7,11,10,6,4,2,7,9,3,7,7,3,10,9,9,3,10,11,2,0,9,11,6,2,9,4,2,6,7,8,11,0,2,10,7,6,5,0,11,6,10,2,2,11,3,3,9,8,2,7,8,0,9,10,9,11,5,11,0,4,6,10,9,0,6,11,3,11,10,2,4,6,10,2,11,7,0,2,11,10,3,11,11,7,10,5,11,3,7,0,6,0,7,3,11,2,6,8,6,6,0,7,7,2,7,9,0,6,7,11,3,7,6,3,0,3,0,9,0,2,3,7,8,10,3,7,11,9,11,11,10,9,0,2,6,4,6,11,0
7,2,5,11,0,7,3,3,8,9,7,8,0,11,7,5,3,8,10,4,8,8,4,11,10,10,4,11,0,3,2,10,0,7,3,10,5,3,7,8,9,0,2,3,11,8,7,6,2,0,7,11,3,3,0,4,4,10,9,3,8,9,2,10,11,10,0,6,0,2,5,7,11,10,2,7,0,4,0,11,3,5,7,11,3,0,8,2,3,0,11,4,0,0,8,11,6,0,4,8,2,7,2,8,4,0,3,7,9,7,7,2,8,8,3,8,10,2,7,8,0,4,8,7,4,2,4,2,10,2,3,4,8,9,11,4,8,0,10,0,0,11,10,2,3,7,5,7,0,2
8,3,6,0,2,8,4,4,9,10,8,9,2,0,8,6,4,9,11,5,9,9,5,0,11,11,5,0,2,4,3,11,2,8,4,11,6,4,8,9,10,2,3,4,0,9,8,7,3,2,8,0,4,4,2,5,5,11,10,4,9,10,3,11,0,11,2,7,2,3,6,8,0,11,3,8,2,5,2,0,4,6,8,0,4,2,9,3,4,2,0,5,2,2,9,0,7,2,5,9,3,8,3,9,5,2,4,8,10,8,8,3,9,9,4,9,11,3,8,9,2,5,9,8,5,3,5,3,11,3,4,5,9,10,0,5,9,2,11,2,2,0,11,3,4,8,6,8,2,3
9,4,7,2,3,9,5,5,10,11,9,10,3,2,9,7,5,10,0,6,10,10,6,2,0,0,6,2,3,5,4,0,3,9,5,0,7,5,9,10,11,3,4,5,2,10,9,8,4,3,9,2,5,5,3,6,6,0,11,5,10,11,4,0,2,0,3,8,3,4,7,9,2,0,4,9,3,6,3,2,5,7,9,2,5,3,10,4,5,3,2,6,3,3,10,2,8,3,6,10,4,9,4,10,6,3,5,9,11,9,9,4,10,10,5,10,0,4,9,10,3,6,10,9,6,4,6,4,0,4,5,6,10,11,2,6,10,3,0,3,3,2,0,4,5,9,7,9,3,4
10,5,8,3,4,10,6,6,11,0,10,11,4,3,10,8,6,11,2,7,11,11,7,3,2,2,7,3,4,6,5,2,4,10,6,2,8,6,10,11,0,4,5,6,3,11,10,9,5,4,10,3,6,6,4,7,7,2,0,6,11,0,5,2,3,2,4,9,4,5,8,10,3,2,5,10,4,7,4,3,6,8,10,3,6,4,11,5,6,4,3,7,4,4,11,3,9,4,7,11,5,10,5,11,7,4,6,10,0,10,10,5,11,11,6,11,2,5,10,11,4,7,11,10,7,5,7,5,2,5,6,7,11,0,3,7,11,4,2,4,4,3,2,5,6,10,8,10,4,5
11,6,9,4,5,11,7,7,0,2,11,0,5,4,11,9,7,0,3,8,0,0,8,4,3,3,8,4,5,7,6,3,5,11,7,3,9,7,11,0,2,5,6,7,4,0,11,10,6,5,11,4,7,7,5,8,8,3,2,7,0,2,6,3,4,3,5,10,5,6,9,11,4,3,6,11,5,8,5,4,7,9,11,4,7,5,0,6,7,5,4,8,5,5,0,4,10,5,8,0,6,11,6,0,8,5,7,11,2,11,11,6,0,0,7,0,3,6,11,0,5,8,0,11,8,6,8,6,3,6,7,8,0,2,4,8,0,5,3,5,5,4,3,6,7,11,9,11,5,6
0,7,10,5,6,0,8,8,2,3,0,2,6,5,0,10,8,2,4,9,2,2,9,5,4,4,9,5,6,8,7,4,6,0,8,4,10,8,0,2,3,6,7,8,5,2,0,11,7,6,0,5,8,8,6,9,9,4,3,8,2,3,7,4,5,4,6,11,6,7,10,0,5,4,7,0,6,9,6,5,8,10,0,5,8,6,2,7,8,6,5,9,6,6,2,5,11,6,9,2,7,0,7,2,9,6,8,0,3,0,0,7,2,2,8,2,4,7,0,2,6,9,2,0,9,7,9,7,4,7,8,9,2,3,5,9,2,6,4,6,6,5,4,7,8,0,10,0,6,7
2,8,11,6,7,2,9,9,3,4,2,3,7,6,2,11,9,3,5,10,3,3,10,6,5,5,10,6,7,9,8,5,7,2,9,5,11,9,2,3,4,7,8,9,6,3,2,0,8,7,2,6,9,9,7,10,10,5,4,9,3,4,8,5,6,5,7,0,7,8,11,2,6,5,8,2,7,10,7,6,9,11,2,6,9,7,3,8,9,7,6,10,7,7,3,6,0,7,10,3,8,2,8,3,10,7,9,2,4,2,2,8,3,3,9,3,5,8,2,3,7,10,3,2,10,8,10,8,5,8,9,10,3,4,6,10,3,7,5,7,7,6,5,8,9,2,11,2,7,8
3,9,0,7,8,3,10,10,4,5,3,4,8,7,3,0,10,4,6,11,4,4,11,7,6,6,11,7,8,10,9,6,8,3,10,6,0,10,3,4,5,8,9,10,7,4,3,2,9,8,3,7,10,10,8,11,11,6,5,10,4,5,9,6,7,6,8,2,8,9,0,3,7,6,9,3,8,11,8,7,10,0,3,7,10,8,4,9,10,8,7,11,8,8,4,7,2,8,11,4,9,3,9,4,11,8,10,3,5,3,3,9,4,4,10,4,6,9,3,4,8,11,4,3,11,9,11,9,6,9,10,11,4,5,7,11,4,8,6,8,8,7,6,9,10,3,0,3,8,9
4,10,2,8,9,4,11,11,5,6,4,5,9,8,4,2,11,5,7,0,5,5,0,8,7,7,0,8,9,11,10,7,9,4,11,7,2,11,4,5,6,9,10,11,8,5,4,3,10,9,4,8,11,11,9,0,0,7,6,11,5,6,10,7,8,7,9,3,9,10,2,4,8,7,10,4,9,0,9,8,11,2,4,8,11,9,5,10,11,9,8,0,9,9,5,8,3,9,0,5,10,4,10,5,0,9,11,4,6,4,4,10,5,5,11,5,7,10,4,5,9,0,5,4,0,10,0,10,7,10,11,0,5,6,8,0,5,9,7,9,9,8,7,10,11,4,2,4,9,10
5,11,3,9,10,5,0,0,6,7,5,6,10,9,5,3,0,6,8,2,6,6,2,9,8,8,2,9,10,0,11,8,10,5,0,8,3,0,5,6,7,10,11,0,9,6,5,4,11,10,5,9,0,0,10,2,2,8,7,0,6,7,11,8,9,8,10,4,10,11,3,5,9,8,11,5,10,2,10,9,0,3,5,9,0,10,6,11,0,10,9,2,10,10,6,9,4,10,2,6,11,5,11,6,2,10,0,5,7,5,5,11,6,6,0,6,8,11,5,6,10,2,6,5,2,11,2,11,8,11,0,2,6,7,9,2,6,10,8,10,10,9,8,11,0,5,3,5,10,11
6,0,4,10,11,6,2,2,7,8,6,7,11,10,6,4,2,7,9,3,7,7,3,10,9,9,3,10,11,2,0,9,11,6,2,9,4,2,6,7,8,11,0,2,10,7,6,5,0,11,6,10,2,2,11,3,3,9,8,2,7,8,0,9,10,9,11,5,11,0,4,6,10,9,0,6,11,3,11,10,2,4,6,10,2,11,7,0,2,11,10,3,11,11,7,10,5,11,3,7,0,6,0,7,3,11,2,6,8,6,6,0,7,7,2,7,9,0,6,7,11,3,7,6,3,0,3,0,9,0,2,3,7,8,10,3,7,11,9,11,11,10,9,0,2,6,4,6,11,0
7,2,5,11,0,7,3,3,8,9,7,8,0,11,7,5,3,8,10,4,8,8,4,11,10,10,4,11,0,3,2,10,0,7,3,10,5,3,7,8,9,0,2,3,11,8,7,6,2,0,7,11,3,3,0,4,4,10,9,3,8,9,2,10,11,10,0,6,0,2,5,7,11,10,2,7,0,4,0,11,3,5,7,11,3,0,8,2,3,0,11,4,0,0,8,11,6,0,4,8,2,7,2,8,4,0,3,7,9,7,7,2,8,8,3,8,10,2,7,8,0,4,8,7,4,2,4,2,10,2,3,4,8,9,11,4,8,0,10,0,0,11,10,2,3,7,5,7,0,2
8,3,6,0,2,8,4,4,9,10,8,9,2,0,8,6,4,9,11,5,9,9,5,0,11,11,5,0,2,4,3,11,2,8,4,11,6,4,8,9,10,2,3,4,0,9,8,7,3,2,8,0,4,4,2,5,5,11,10,4,9,10,3,11,0,11,2,7,2,3,6,8,0,11,3,8,2,5,2,0,4,6,8,0,4,2,9,3,4,2,0,5,2,2,9,0,7,2,5,9,3,8,3,9,5,2,4,8,10,8,8,3,9,9,4,9,11,3,8,9,2,5,9,8,5,3,5,3,11,3,4,5,9,10,0,5,9,2,11,2,2,0,11,3,4,8,6,8,2,3
9,4,7,2,3,9,5,5,10,11,9,10,3,2,9,7,5,10,0,6,10,10,6,2,0,0,6,2,3,5,4,0,3,9,5,0,7,5,9,10,11,3,4,5,2,10,9,8,4,3,9,2,5,5,3,6,6,0,11,5,10,11,4,0,2,0,3,8,3,4,7,9,2,0,4,9,3,6,3,2,5,7,9,2,5,3,10,4,5,3,2,6,3,3,10,2,8,3,6,10,4,9,4,10,6,3,5,9,11,9,9,4,10,10,5,10,0,4,9,10,3,6,10,9,6,4,6,4,0,4,5,6,10,11,2,6,10,3,0,3,3,2,0,4,5,9,7,9,3,4
10,5,8,3,4,10,6,6,11,0,10,11,4,3,10,8,6,11,2,7,11,11,7,3,2,2,7,3,4,6,5,2,4,10,6,2,8,6,10,11,0,4,5,6,3,11,10,9,5,4,10,3,6,6,4,7,7,2,0,6,11,0,5,2,3,2,4,9,4,5,8,10,3,2,5,10,4,7,4,3,6,8,10,3,6,4,11,5,6,4,3,7,4,4,11,3,9,4,7,11,5,10,5,11,7,4,6,10,0,10,10,5,11,11,6,11,2,5,10,11,4,7,11,10,7,5,7,5,2,5,6,7,11,0,3,7,11,4,2,4,4,3,2,5,6,10,8,10,4,5
11,6,9,4,5,11,7,7,0,2,11,0,5,4,11,9,7,0,3,8,0,0,8,4,3,3,8,4,5,7,6,3,5,11,7,3,9,7,11,0,2,5,6,7,4,0,11,10,6,5,11,4,7,7,5,8,8,3,2,7,0,2,6,3,4,3,5,10,5,6,9,11,4,3,6,11,5,8,5,4,7,9,11,4,7,5,0,6,7,5,4,8,5,5,0,4,10,5,8,0,6,11,6,0,8,5,7,11,2,11,11,6,0,0,7,0,3,6,11,0,5,8,0,11,8,6,8,6,3,6,7,8,0,2,4,8,0,5,3,5,5,4,3,6,7,11,9,11,5,6
0,7,10,5,6,0,8,8,2,3,0,2,6,5,0,10,8,2,4,9,2,2,9,5,4,4,9,5,6,8,7,4,6,0,8,4,10,8,0,2,3,6,7,8,5,2,0,11,7,6,0,5,8,8,6,9,9,4,3,8,2,3,7,4,5,4,6,11,6,7,10,0,5,4,7,0,6,9,6,5,8,10,0,5,8,6,2,7,8,6,5,9,6,6,2,5,11,6,9,2,7,0,7,2,9,6,8,0,3,0,0,7,2,2,8,2,4,7,0,2,6,9,2,0,9,7,9,7,4,7,8,9,2,3,5,9,2,6,4,6,6,5,4,7,8,0,10,0,6,7
2,8,11,6,7,2,9,9,3,4,2,3,7,6,2,11,9,3,5,10,3,3,10,6,5,5,10,6,7,9,8,5,7,2,9,5,11,9,2,3,4,7,8,9,6,3,2,0,8,7,2,6,9,9,7,10,10,5,4,9,3,4,8,5,6,5,7,0,7,8,11,2,6,5,8,2,7,10,7,6,9,11,2,6,9,7,3,8,9,7,6,10,7,7,3,6,0,7,10,3,8,2,8,3,10,7,9,2,4,2,2,8,3,3,9,3,5,8,2,3,7,10,3,2,10,8,10,8,5,8,9,10,3,4,6,10,3,7,5,7,7,6,5,8,9,2,11,2,7,8
3,9,0,7,8,3,10,10,4,5,3,4,8,7,3,0,10,4,6,11,4,4,11,7,6,6,11,7,8,10,9,6,8,3,10,6,0,10,3,4,5,8,9,10,7,4,3,2,9,8,3,7,10,10,8,11,11,6,5,10,4,5,9,6,7,6,8,2,8,9,0,3,7,6,9,3,8,11,8,7,10,0,3,7,10,8,4,9,10,8,7,11,8,8,4,7,2,8,11,4,9,3,9,4,11,8,10,3,5,3,3,9,4,4,10,4,6,9,3,4,8,11,4,3,11,9,11,9,6,9,10,11,4,5,7,11,4,8,6,8,8,7,6,9,10,3,0,3,8,9
4,10,2,8,9,4,11,11,5,6,4,5,9,8,4,2,11,5,7,0,5,5,0,8,7,7,0,8,9,11,10,7,9,4,11,7,2,11,4,5,6,9,10,11,8,5,4,3,10,9,4,8,11,11,9,0,0,7,6,11,5,6,10,7,8,7,9,3,9,10,2,4,8,7,10,4,9,0,9,8,11,2,4,8,11,9,5,10,11,9,8,0,9,9,5,8,3,9,0,5,10,4,10,5,0,9,11,4,6,4,4,10,5,5,11,5,7,10,4,5,9,0,5,4,0,10,0,10,7,10,11,0,5,6,8,0,5,9,7,9,9,8,7,10,11,4,2,4,9,10
5,11,3,9,10,5,0,0,6,7,5,6,10,9,5,3,0,6,8,2,6,6,2,9,8,8,2,9,10,0,11,8,10,5,0,8,3,0,5,6,7,10,11,0,9,6,5,4,11,10,5,9,0,0,10,2,2,8,7,0,6,7,11,8,9,8,10,4,10,11,3,5,9,8,11,5,10,2,10,9,0,3,5,9,0,10,6,11,0,10,9,2,10,10,6,9,4,10,2,6,11,5,11,6,2,10,0,5,7,5,5,11,6,6,0,6,8,11,5,6,10,2,6,5,2,11,2,11,8,11,0,2,6,7,9,2,6,10,8,10,10,9,8,11,0,5,3,5,10,11
6,0,4,10,11,6,2,2,7,8,6,7,11,10,6,4,2,7,9,3,7,7,3,10,9,9,3,10,11,2,0,9,11,6,2,9,4,2,6,7,8,11,0,2,10,7,6,5,0,11,6,10,2,2,11,3,3,9,8,2,7,8,0,9,10,9,11,5,11,0,4,6,10,9,0,6,11,3,11,10,2,4,6,10,2,11,7,0,2,11,10,3,11,11,7,10,5,11,3,7,0,6,0,7,3,11,2,6,8,6,6,0,7,7,2,7,9,0,6,7,11,3,7,6,3,0,3,0,9,0,2,3,7,8,10,3,7,11,9,11,11,10,9,0,2,6,4,6,11,0
7,2,5,11,0,7,3,3,8,9,7,8,0,11,7,5,3,8,10,4,8,8,4,11,10,10,4,11,0,3,2,10,0,7,3,10,5,3,7,8,9,0,2,3,11,8,7,6,2,0,7,11,3,3,0,4,4,10,9,3,8,9,2,10,11,10,0,6,0,2,5,7,11,10,2,7,0,4,0,11,3,5,7,11,3,0,8,2,3,0,11,4,0,0,8,11,6,0,4,8,2,7,2,8,4,0,3,7,9,7,7,2,8,8,3,8,10,2,7,8,0,4,8,7,4,2,4,2,10,2,3,4,8,9,11,4,8,0,10,0,0,11,10,2,3,7,5,7,0,2
8,3,6,0,2,8,4,4,9,10,8,9,2,0,8,6,4,9,11,5,9,9,5,0,11,11,5,0,2,4,3,11,2,8,4,11,6,4,8,9,10,2,3,4,0,9,8,7,3,2,8,0,4,4,2,5,5,11,10,4,9,10,3,11,0,11,2,7,2,3,6,8,0,11,3,8,2,5,2,0,4,6,8,0,4,2,9,3,4,2,0,5,2,2,9,0,7,2,5,9,3,8,3,9,5,2,4,8,10,8,8,3,9,9,4,9,11,3,8,9,2,5,9,8,5,3,5,3,11,3,4,5,9,10,0,5,9,2,11,2,2,0,11,3,4,8,6,8,2,3
9,4,7,2,3,9,5,5,10,11,9,10,3,2,9,7,5,10,0,6,10,10,6,2,0,0,6,2,3,5,4,0,3,9,5,0,7,5,9,10,11,3,4,5,2,10,9,8,4,3,9,2,5,5,3,6,6,0,11,5,10,11,4,0,2,0,3,8,3,4,7,9,2,0,4,9,3,6,3,2,5,7,9,2,5,3,10,4,5,3,2,6,3,3,10,2,8,3,6,10,4,9,4,10,6,3,5,9,11,9,9,4,10,10,5,10,0,4,9,10,3,6,10,9,6,4,6,4,0,4,5,6,10,11,2,6,10,3,0,3,3,2,0,4,5,9,7,9,3,4
10,5,8,3,4,10,6,6,11,0,10,11,4,3,10,8,6,11,2,7,11,11,7,3,2,2,7,3,4,6,5,2,4,10,6,2,8,6,10,11,0,4,5,6,3,11,10,9,5,4,10,3,6,6,4,7,7,2,0,6,11,0,5,2,3,2,4,9,4,5,8,10,3,2,5,10,4,7,4,3,6,8,10,3,6,4,11,5,6,4,3,7,4,4,11,3,9,4,7,11,5,10,5,11,7,4,6,10,0,10,10,5,11,11,6,11,2,5,10,11,4,7,11,10,7,5,7,5,2,5,6,7,11,0,3,7,11,4,2,4,4,3,2,5,6,10,8,10,4,5
11,6,9,4,5,11,7,7,0,2,11,0,5,4,11,9,7,0,3,8,0,0,8,4,3,3,8,4,5,7,6,3,5,11,7,3,9,7,11,0,2,5,6,7,4,0,11,10,6,5,11,4,7,7,5,8,8,3,2,7,0,2,6,3,4,3,5,10,5,6,9,11,4,3,6,11,5,8,5,4,7,9,11,4,7,5,0,6,7,5,4,8,5,5,0,4,10,5,8,0,6,11,6,0,8,5,7,11,2,11,11,6,0,0,7,0,3,6,11,0,5,8,0,11,8,6,8,6,3,6,7,8,0,2,4,8,0,5,3,5,5,4,3,6,7,11,9,11,5,6
0,7,10,5,6,0,8,8,2,3,0,2,6,5,0,10,8,2,4,9,2,2,9,5,4,4,9,5,6,8,7,4,6,0,8,4,10,8,0,2,3,6,7,8,5,2,0,11,7,6,0,5,8,8,6,9,9,4,3,8,2,3,7,4,5,4,6,11,6,7,10,0,5,4,7,0,6,9,6,5,8,10,0,5,8,6,2,7,8,6,5,9,6,6,2,5,11,6,9,2,7,0,7,2,9,6,8,0,3,0,0,7,2,2,8,2,4,7,0,2,6,9,2,0,9,7,9,7,4,7,8,9,2,3,5,9,2,6,4,6,6,5,4,7,8,0,10,0,6,7
2,8,11,6,7,2,9,9,3,4,2,3,7,6,2,11,9,3,5,10,3,3,10,6,5,5,10,6,7,9,8,5,7,2,9,5,11,9,2,3,4,7,8,9,6,3,2,0,8,7,2,6,9,9,7,10,10,5,4,9,3,4,8,5,6,5,7,0,7,8,11,2,6,5,8,2,7,10,7,6,9,11,2,6,9,7,3,8,9,7,6,10,7,7,3,6,0,7,10,3,8,2,8,3,10,7,9,2,4,2,2,8,3,3,9,3,5,8,2,3,7,10,3,2,10,8,10,8,5,8,9,10,3,4,6,10,3,7,5,7,7,6,5,8,9,2,11,2,7,8
3,9,0,7,8,3,10,10,4,5,3,4,8,7,3,0,10,4,6,11,4,4,11,7,6,6,11,7,8,10,9,6,8,3,10,6,0,10,3,4,5,8,9,10,7,4,3,2,9,8,3,7,10,10,8,11,11,6,5,10,4,5,9,6,7,6,8,2,8,9,0,3,7,6,9,3,8,11,8,7,10,0,3,7,10,8,4,9,10,8,7,11,8,8,4,7,2,8,11,4,9,3,9,4,11,8,10,3,5,3,3,9,4,4,10,4,6,9,3,4,8,11,4,3,11,9,11,9,6,9,10,11,4,5,7,11,4,8,6,8,8,7,6,9,10,3,0,3,8,9
4,10,2,8,9,4,11,11,5,6,4,5,9,8,4,2,11,5,7,0,5,5,0,8,7,7,0,8,9,11,10,7,9,4,11,7,2,11,4,5,6,9,10,11,8,5,4,3,10,9,4,8,11,11,9,0,0,7,6,11,5,6,10,7,8,7,9,3,9,10,2,4,8,7,10,4,9,0,9,8,11,2,4,8,11,9,5,10,11,9,8,0,9,9,5,8,3,9,0,5,10,4,10,5,0,9,11,4,6,4,4,10,5,5,11,5,7,10,4,5,9,0,5,4,0,10,0,10,7,10,11,0,5,6,8,0,5,9,7,9,9,8,7,10,11,4,2,4,9,10
5,11,3,9,10,5,0,0,6,7,5,6,10,9,5,3,0,6,8,2,6,6,2,9,8,8,2,9,10,0,11,8,10,5,0,8,3,0,5,6,7,10,11,0,9,6,5,4,11,10,5,9,0,0,10,2,2,8,7,0,6,7,11,8,9,8,10,4,10,11,3,5,9,8,11,5,10,2,10,9,0,3,5,9,0,10,6,11,0,10,9,2,10,10,6,9,4,10,2,6,11,5,11,6,2,10,0,5,7,5,5,11,6,6,0,6,8,11,5,6,10,2,6,5,2,11,2,11,8,11,0,2,6,7,9,2,6,10,8,10,10,9,8,11,0,5,3,5,10,11
6,0,4,10,11,6,2,2,7,8,6,7,11,10,6,4,2,7,9,3,7,7,3,10,9,9,3,10,11,2,0,9,11,6,2,9,4,2,6,7,8,11,0,2,10,7,6,5,0,11,6,10,2,2,11,3,3,9,8,2,7,8,0,9,10,9,11,5,11,0,4,6,10,9,0,6,11,3,11,10,2,4,6,10,2,11,7,0,2,11,10,3,11,11,7,10,5,11,3,7,0,6,0,7,3,11,2,6,8,6,6,0,7,7,2,7,9,0,6,7,11,3,7,6,3,0,3,0,9,0,2,3,7,8,10,3,7,11,9,11,11,10,9,0,2,6,4,6,11,0
7,2,5,11,0,7,3,3,8,9,7,8,0,11,7,5,3,8,10,4,8,8,4,11,10,10,4,11,0,3,2,10,0,7,3,10,5,3,7,8,9,0,2,3,11,8,7,6,2,0,7,11,3,3,0,4,4,10,9,3,8,9,2,10,11,10,0,6,0,2,5,7,11,10,2,7,0,4,0,11,3,5,7,11,3,0,8,2,3,0,11,4,0,0,8,11,6,0,4,8,2,7,2,8,4,0,3,7,9,7,7,2,8,8,3,8,10,2,7,8,0,4,8,7,4,2,4,2,10,2,3,4,8,9,11,4,8,0,10,0,0,11,10,2,3,7,5,7,0,2
8,3,6,0,2,8,4,4,9,10,8,9,2,0,8,6,4,9,11,5,9,9,5,0,11,11,5,0,2,4,3,11,2,8,4,11,6,4,8,9,10,2,3,4,0,9,8,7,3,2,8,0,4,4,2,5,5,11,10,4,9,10,3,11,0,11,2,7,2,3,6,8,0,11,3,8,2,5,2,0,4,6,8,0,4,2,9,3,4,2,0,5,2,2,9,0,7,2,5,9,3,8,3,9,5,2,4,8,10,8,8,3,9,9,4,9,11,3,8,9,2,5,9,8,5,3,5,3,11,3,4,5,9,10,0,5,9,2,11,2,2,0,11,3,4,8,6,8,2,3
9,4,7,2,3,9,5,5,10,11,9,10,3,2,9,7,5,10,0,6,10,10,6,2,0,0,6,2,3,5,4,0,3,9,5,0,7,5,9,10,11,3,4,5,2,10,9,8,4,3,9,2,5,5,3,6,6,0,11,5,10,11,4,0,2,0,3,8,3,4,7,9,2,0,4,9,3,6,3,2,5,7,9,2,5,3,10,4,5,3,2,6,3,3,10,2,8,3,6,10,4,9,4,10,6,3,5,9,11,9,9,4,10,10,5,10,0,4,9,10,3,6,10,9,6,4,6,4,0,4,5,6,10,11,2,6,10,3,0,3,3,2,0,4,5,9,7,9,3,4
10,5,8,3,4,10,6,6,11,0,10,11,4,3,10,8,6,11,2,7,11,11,7,3,2,2,7,3,4,6,5,2,4,10,6,2,8,6,10,11,0,4,5,6,3,11,10,9,5,4,10,3,6,6,4,7,7,2,0,6,11,0,5,2,3,2,4,9,4,5,8,10,3,2,5,10,4,7,4,3,6,8,10,3,6,4,11,5,6,4,3,7,4,4,11,3,9,4,7,11,5,10,5,11,7,4,6,10,0,10,10,5,11,11,6,11,2,5,10,11,4,7,11,10,7,5,7,5,2,5,6,7,11,0,3,7,11,4,2,4,4,3,2,5,6,10,8,10,4,5
11,6,9,4,5,11,7,7,0,2,11,0,5,4,11,9,7,0,3,8,0,0,8,4,3,3,8,4,5,7,6,3,5,11,7,3,9,7,11,0,2,5,6,7,4,0,11,10,6,5,11,4,7,7,5,8,8,3,2,7,0,2,6,3,4,3,5,10,5,6,9,11,4,3,6,11,5,8,5,4,7,9,11,4,7,5,0,6,7,5,4,8,5,5,0,4,10,5,8,0,6,11,6,0,8,5,7,11,2,11,11,6,0,0,7,0,3,6,11,0,5,8,0,11,8,6,8,6,3,6,7,8,0,2,4,8,0,5,3,5,5,4,3,6,7,11,9,11,5,6
0,7,10,5,6,0,8,8,2,3,0,2,6,5,0,10,8,2,4,9,2,2,9,5,4,4,9,5,6,8,7,4,6,0,8,4,10,8,0,2,3,6,7,8,5,2,0,11,7,6,0,5,8,8,6,9,9,4,3,8,2,3,7,4,5,4,6,11,6,7,10,0,5,4,7,0,6,9,6,5,8,10,0,5,8,6,2,7,8,6,5,9,6,6,2,5,11,6,9,2,7,0,7,2,9,6,8,0,3,0,0,7,2,2,8,2,4,7,0,2,6,9,2,0,9,7,9,7,4,7,8,9,2,3,5,9,2,6,4,6,6,5,4,7,8,0,10,0,6,7
2,8,11,6,7,2,9,9,3,4,2,3,7,6,2,11,9,3,5,10,3,3,10,6,5,5,10,6,7,9,8,5,7,2,9,5,11,9,2,3,4,7,8,9,6,3,2,0,8,7,2,6,9,9,7,10,10,5,4,9,3,4,8,5,6,5,7,0,7,8,11,2,6,5,8,2,7,10,7,6,9,11,2,6,9,7,3,8,9,7,6,10,7,7,3,6,0,7,10,3,8,2,8,3,10,7,9,2,4,2,2,8,3,3,9,3,5,8,2,3,7,10,3,2,10,8,10,8,5,8,9,10,3,4,6,10,3,7,5,7,7,6,5,8,9,2,11,2,7,8
3,9,0,7,8,3,10,10,4,5,3,4,8,7,3,0,10,4,6,11,4,4,11,7,6,6,11,7,8,10,9,6,8,3,10,6,0,10,3,4,5,8,9,10,7,4,3,2,9,8,3,7,10,10,8,11,11,6,5,10,4,5,9,6,7,6,8,2,8,9,0,3,7,6,9,3,8,11,8,7,10,0,3,7,10,8,4,9,10,8,7,11,8,8,4,7,2,8,11,4,9,3,9,4,11,8,10,3,5,3,3,9,4,4,10,4,6,9,3,4,8,11,4,3,11,9,11,9,6,9,10,11,4,5,7,11,4,8,6,8,8,7,6,9,10,3,0,3,8,9
4,10,2,8,9,4,11,11,5,6,4,5,9,8,4,2,11,5,7,0,5,5,0,8,7,7,0,8,9,11,10,7,9,4,11,7,2,11,4,5,6,9,10,11,8,5,4,3,10,9,4,8,11,11,9,0,0,7,6,11,5,6,10,7,8,7,9,3,9,10,2,4,8,7,10,4,9,0,9,8,11,2,4,8,11,9,5,10,11,9,8,0,9,9,5,8,3,9,0,5,10,4,10,5,0,9,11,4,6,4,4,10,5,5,11,5,7,10,4,5,9,0,5,4,0,10,0,10,7,10,11,0,5,6,8,0,5,9,7,9,9,8,7,10,11,4,2,4,9,10
5,11,3,9,10,5,0,0,6,7,5,6,10,9,5,3,0,6,8,2,6,6,2,9,8,8,2,9,10,0,11,8,10,5,0,8,3,0,5,6,7,10,11,0,9,6,5,4,11,10,5,9,0,0,10,2,2,8,7,0,6,7,11,8,9,8,10,4,10,11,3,5,9,8,11,5,10,2,10,9,0,3,5,9,0,10,6,11,0,10,9,2,10,10,6,9,4,10,2,6,11,5,11,6,2,10,0,5,7,5,5,11,6,6,0,6,8,11,5,6,10,2,6,5,2,11,2,11,8,11,0,2,6,7,9,2,6,10,8,10,10,9,8,11,0,5,3,5,10,11
6,0,4,10,11,6,2,2,7,8,6,7,11,10,6,4,2,7,9,3,7,7,3,10,9,9,3,10,11,2,0,9,11,6,2,9,4,2,6,7,8,11,0,2,10,7,6,5,0,11,6,10,2,2,11,3,3,9,8,2,7,8,0,9,10,9,11,5,11,0,4,6,10,9,0,6,11,3,11,10,2,4,6,10,2,11,7,0,2,11,10,3,11,11,7,10,5,11,3,7,0,6,0,7,3,11,2,6,8,6,6,0,7,7,2,7,9,0,6,7,11,3,7,6,3,0,3,0,9,0,2,3,7,8,10,3,7,11,9,11,11,10,9,0,2,6,4,6,11,0
7,2,5,11,0,7,3,3,8,9,7,8,0,11,7,5,3,8,10,4,8,8,4,11,10,10,4,11,0,3,2,10,0,7,3,10,5,3,7,8,9,0,2,3,11,8,7,6,2,0,7,11,3,3,0,4,4,10,9,3,8,9,2,10,11,10,0,6,0,2,5,7,11,10,2,7,0,4,0,11,3,5,7,11,3,0,8,2,3,0,11,4,0,0,8,11,6,0,4,8,2,7,2,8,4,0,3,7,9,7,7,2,8,8,3,8,10,2,7,8,0,4,8,7,4,2,4,2,10,2,3,4,8,9,11,4,8,0,10,0,0,11,10,2,3,7,5,7,0,2
8,3,6,0,2,8,4,4,9,10,8,9,2,0,8,6,4,9,11,5,9,9,5,0,11,11,5,0,2,4,3,11,2,8,4,11,6,4,8,9,10,2,3,4,0,9,8,7,3,2,8,0,4,4,2,5,5,11,10,4,9,10,3,11,0,11,2,7,2,3,6,8,0,11,3,8,2,5,2,0,4,6,8,0,4,2,9,3,4,2,0,5,2,2,9,0,7,2,5,9,3,8,3,9,5,2,4,8,10,8,8,3,9,9,4,9,11,3,8,9,2,5,9,8,5,3,5,3,11,3,4,5,9,10,0,5,9,2,11,2,2,0,11,3,4,8,6,8,2,3
9,4,7,2,3,9,5,5,10,11,9,10,3,2,9,7,5,10,0,6,10,10,6,2,0,0,6,2,3,5,4,0,3,9,5,0,7,5,9,10,11,3,4,5,2,10,9,8,4,3,9,2,5,5,3,6,6,0,11,5,10,11,4,0,2,0,3,8,3,4,7,9,2,0,4,9,3,6,3,2,5,7,9,2,5,3,10,4,5,3,2,6,3,3,10,2,8,3,6,10,4,9,4,10,6,3,5,9,11,9,9,4,10,10,5,10,0,4,9,10,3,6,10,9,6,4,6,4,0,4,5,6,10,11,2,6,10,3,0,3,3,2,0,4,5,9,7,9,3,4
10,5,8,3,4,10,6,6,11,0,10,11,4,3,10,8,6,11,2,7,11,11,7,3,2,2,7,3,4,6,5,2,4,10,6,2,8,6,10,11,0,4,5,6,3,11,10,9,5,4,10,3,6,6,4,7,7,2,0,6,11,0,5,2,3,2,4,9,4,5,8,10,3,2,5,10,4,7,4,3,6,8,10,3,6,4,11,5,6,4,3,7,4,4,11,3,9,4,7,11,5,10,5,11,7,4,6,10,0,10,10,5,11,11,6,11,2,5,10,11,4,7,11,10,7,5,7,5,2,5,6,7,11,0,3,7,11,4,2,4,4,3,2,5,6,10,8,10,4,5
11,6,9,4,5,11,7,7,0,2,11,0,5,4,11,9,7,0,3,8,0,0,8,4,3,3,8,4,5,7,6,3,5,11,7,3,9,7,11,0,2,5,6,7,4,0,11,10,6,5,11,4,7,7,5,8,8,3,2,7,0,2,6,3,4,3,5,10,5,6,9,11,4,3,6,11,5,8,5,4,7,9,11,4,7,5,0,6,7,5,4,8,5,5,0,4,10,5,8,0,6,11,6,0,8,5,7,11,2,11,11,6,0,0,7,0,3,6,11,0,5,8,0,11,8,6,8,6,3,6,7,8,0,2,4,8,0,5,3,5,5,4,3,6,7,11,9,11,5,6
0,7,10,5,6,0,8,8,2,3,0,2,6,5,0,10,8,2,4,9,2,2,9,5,4,4,9,5,6,8,7,4,6,0,8,4,10,8,0,2,3,6,7,8,5,2,0,11,7,6,0,5,8,8,6,9,9,4,3,8,2,3,7,4,5,4,6,11,6,7,10,0,5,4,7,0,6,9,6,5,8,10,0,5,8,6,2,7,8,6,5,9,6,6,2,5,11,6,9,2,7,0,7,2,9,6,8,0,3,0,0,7,2,2,8,2,4,7,0,2,6,9,2,0,9,7,9,7,4,7,8,9,2,3,5,9,2,6,4,6,6,5,4,7,8,0,10,0,6,7
2,8,11,6,7,2,9,9,3,4,2,3,7,6,2,11,9,3,5,10,3,3,10,6,5,5,10,6,7,9,8,5,7,2,9,5,11,9,2,3,4,7,8,9,6,3,2,0,8,7,2,6,9,9,7,10,10,5,4,9,3,4,8,5,6,5,7,0,7,8,11,2,6,5,8,2,7,10,7,6,9,11,2,6,9,7,3,8,9,7,6,10,7,7,3,6,0,7,10,3,8,2,8,3,10,7,9,2,4,2,2,8,3,3,9,3,5,8,2,3,7,10,3,2,10,8,10,8,5,8,9,10,3,4,6,10,3,7,5,7,7,6,5,8,9,2,11,2,7,8
3,9,0,7,8,3,10,10,4,5,3,4,8,7,3,0,10,4,6,11,4,4,11,7,6,6,11,7,8,10,9,6,8,3,10,6,0,10,3,4,5,8,9,10,7,4,3,2,9,8,3,7,10,10,8,11,11,6,5,10,4,5,9,6,7,6,8,2,8,9,0,3,7,6,9,3,8,11,8,7,10,0,3,7,10,8,4,9,10,8,7,11,8,8,4,7,2,8,11,4,9,3,9,4,11,8,10,3,5,3,3,9,4,4,10,4,6,9,3,4,8,11,4,3,11,9,11,9,6,9,10,11,4,5,7,11,4,8,6,8,8,7,6,9,10,3,0,3,8,9
4,10,2,8,9,4,11,11,5,6,4,5,9,8,4,2,11,5,7,0,5,5,0,8,7,7,0,8,9,11,10,7,9,4,11,7,2,11,4,5,6,9,10,11,8,5,4,3,10,9,4,8,11,11,9,0,0,7,6,11,5,6,10,7,8,7,9,3,9,10,2,4,8,7,10,4,9,0,9,8,11,2,4,8,11,9,5,10,11,9,8,0,9,9,5,8,3,9,0,5,10,4,10,5,0,9,11,4,6,4,4,10,5,5,11,5,7,10,4,5,9,0,5,4,0,10,0,10,7,10,11,0,5,6,8,0,5,9,7,9,9,8,7,10,11,4,2,4,9,10
5,11,3,9,10,5,0,0,6,7,5,6,10,9,5,3,0,6,8,2,6,6,2,9,8,8,2,9,10,0,11,8,10,5,0,8,3,0,5,6,7,10,11,0,9,6,5,4,11,10,5,9,0,0,10,2,2,8,7,0,6,7,11,8,9,8,10,4,10,11,3,5,9,8,11,5,10,2,10,9,0,3,5,9,0,10,6,11,0,10,9,2,10,10,6,9,4,10,2,6,11,5,11,6,2,10,0,5,7,5,5,11,6,6,0,6,8,11,5,6,10,2,6,5,2,11,2,11,8,11,0,2,6,7,9,2,6,10,8,10,10,9,8,11,0,5,3,5,10,11
6,0,4,10,11,6,2,2,7,8,6,7,11,10,6,4,2,7,9,3,7,7,3,10,9,9,3,10,11,2,0,9,11,6,2,9,4,2,6,7,8,11,0,2,10,7,6,5,0,11,6,10,2,2,11,3,3,9,8,2,7,8,0,9,10,9,11,5,11,0,4,6,10,9,0,6,11,3,11,10,2,4,6,10,2,11,7,0,2,11,10,3,11,11,7,10,5,11,3,7,0,6,0,7,3,11,2,6,8,6,6,0,7,7,2,7,9,0,6,7,11,3,7,6,3,0,3,0,9,0,2,3,7,8,10,3,7,11,9,11,11,10,9,0,2,6,4,6,11,0
7,2,5,11,0,7,3,3,8,9,7,8,0,11,7,5,3,8,10,4,8,8,4,11,10,10,4,11,0,3,2,10,0,7,3,10,5,3,7,8,9,0,2,3,11,8,7,6,2,0,7,11,3,3,0,4,4,10,9,3,8,9,2,10,11,10,0,6,0,2,5,7,11,10,2,7,0,4,0,11,3,5,7,11,3,0,8,2,3,0,11,4,0,0,8,11,6,0,4,8,2,7,2,8,4,0,3,7,9,7,7,2,8,8,3,8,10,2,7,8,0,4,8,7,4,2,4,2,10,2,3,4,8,9,11,4,8,0,10,0,0,11,10,2,3,7,5,7,0,2
8,3,6,0,2,8,4,4,9,10,8,9,2,0,8,6,4,9,11,5,9,9,5,0,11,11,5,0,2,4,3,11,2,8,4,11,6,4,8,9,10,2,3,4,0,9,8,7,3,2,8,0,4,4,2,5,5,11,10,4,9,10,3,11,0,11,2,7,2,3,6,8,0,11,3,8,2,5,2,0,4,6,8,0,4,2,9,3,4,2,0,5,2,2,9,0,7,2,5,9,3,8,3,9,5,2,4,8,10,8,8,3,9,9,4,9,11,3,8,9,2,5,9,8,5,3,5,3,11,3,4,5,9,10,0,5,9,2,11,2,2,0,11,3,4,8,6,8,2,3
9,4,7,2,3,9,5,5,10,11,9,10,3,2,9,7,5,10,0,6,10,10,6,2,0,0,6,2,3,5,4,0,3,9,5,0,7,5,9,10,11,3,4,5,2,10,9,8,4,3,9,2,5,5,3,6,6,0,11,5,10,11,4,0,2,0,3,8,3,4,7,9,2,0,4,9,3,6,3,2,5,7,9,2,5,3,10,4,5,3,2,6,3,3,10,2,8,3,6,10,4,9,4,10,6,3,5,9,11,9,9,4,10,10,5,10,0,4,9,10,3,6,10,9,6,4,6,4,0,4,5,6,10,11,2,6,10,3,0,3,3,2,0,4,5,9,7,9,3,4
10,5,8,3,4,10,6,6,11,0,10,11,4,3,10,8,6,11,2,7,11,11,7,3,2,2,7,3,4,6,5,2,4,10,6,2,8,6,10,11,0,4,5,6,3,11,10,9,5,4,10,3,6,6,4,7,7,2,0,6,11,0,5,2,3,2,4,9,4,5,8,10,3,2,5,10,4,7,4,3,6,8,10,3,6,4,11,5,6,4,3,7,4,4,11,3,9,4,7,11,5,10,5,11,7,4,6,10,0,10,10,5,11,11,6,11,2,5,10,11,4,7,11,10,7,5,7,5,2,5,6,7,11,0,3,7,11,4,2,4,4,3,2,5,6,10,8,10,4,5
11,6,9,4,5,11,7,7,0,2,11,0,5,4,11,9,7,0,3,8,0,0,8,4,3,3,8,4,5,7,6,3,5,11,7,3,9,7,11,0,2,5,6,7,4,0,11,10,6,5,11,4,7,7,5,8,8,3,2,7,0,2,6,3,4,3,5,10,5,6,9,11,4,3,6,11,5,8,5,4,7,9,11,4,7,5,0,6,7,5,4,8,5,5,0,4,10,5,8,0,6,11,6,0,8,5,7,11,2,11,11,6,0,0,7,0,3,6,11,0,5,8,0,11,8,6,8,6,3,6,7,8,0,2,4,8,0,5,3,5,5,4,3,6,7,11,9,11,5,6
0,7,10,5,6,0,8,8,2,3,0,2,6,5,0,10,8,2,4,9,2,2,9,5,4,4,9,5,6,8,7,4,6,0,8,4,10,8,0,2,3,6,7,8,5,2,0,11,7,6,0,5,8,8,6,9,9,4,3,8,2,3,7,4,5,4,6,11,6,7,10,0,5,4,7,0,6,9,6,5,8,10,0,5,8,6,2,7,8,6,5,9,6,6,2,5,11,6,9,2,7,0,7,2,9,6,8,0,3,0,0,7,2,2,8,2,4,7,0,2,6,9,2,0,9,7,9,7,4,7,8,9,2,3,5,9,2,6,4,6,6,5,4,7,8,0,10,0,6,7
2,8,11,6,7,2,9,9,3,4,2,3,7,6,2,11,9,3,5,10,3,3,10,6,5,5,10,6,7,9,8,5,7,2,9,5,11,9,2,3,4,7,8,9,6,3,2,0,8,7,2,6,9,9,7,10,10,5,4,9,3,4,8,5,6,5,7,0,7,8,11,2,6,5,8,2,7,10,7,6,9,11,2,6,9,7,3,8,9,7,6,10,7,7,3,6,0,7,10,3,8,2,8,3,10,7,9,2,4,2,2,8,3,3,9,3,5,8,2,3,7,10,3,2,10,8,10,8,5,8,9,10,3,4,6,10,3,7,5,7,7,6,5,8,9,2,11,2,7,8
3,9,0,7,8,3,10,10,4,5,3,4,8,7,3,0,10,4,6,11,4,4,11,7,6,6,11,7,8,10,9,6,8,3,10,6,0,10,3,4,5,8,9,10,7,4,3,2,9,8,3,7,10,10,8,11,11,6,5,10,4,5,9,6,7,6,8,2,8,9,0,3,7,6,9,3,8,11,8,7,10,0,3,7,10,8,4,9,10,8,7,11,8,8,4,7,2,8,11,4,9,3,9,4,11,8,10,3,5,3,3,9,4,4,10,4,6,9,3,4,8,11,4,3,11,9,11,9,6,9,10,11,4,5,7,11,4,8,6,8,8,7,6,9,10,3,0,3,8,9
4,10,2,8,9,4,11,11,5,6,4,5,9,8,4,2,11,5,7,0,5,5,0,8,7,7,0,8,9,11,10,7,9,4,11,7,2,11,4,5,6,9,10,11,8,5,4,3,10,9,4,8,11,11,9,0,0,7,6,11,5,6,10,7,8,7,9,3,9,10,2,4,8,7,10,4,9,0,9,8,11,2,4,8,11,9,5,10,11,9,8,0,9,9,5,8,3,9,0,5,10,4,10,5,0,9,11,4,6,4,4,10,5,5,11,5,7,10,4,5,9,0,5,4,0,10,0,10,7,10,11,0,5,6,8,0,5,9,7,9,9,8,7,10,11,4,2,4,9,10
5,11,3,9,10,5,0,0,6,7,5,6,10,9,5,3,0,6,8,2,6,6,2,9,8,8,2,9,10,0,11,8,10,5,0,8,3,0,5,6,7,10,11,0,9,6,5,4,11,10,5,9,0,0,10,2,2,8,7,0,6,7,11,8,9,8,10,4,10,11,3,5,9,8,11,5,10,2,10,9,0,3,5,9,0,10,6,11,0,10,9,2,10,10,6,9,4,10,2,6,11,5,11,6,2,10,0,5,7,5,5,11,6,6,0,6,8,11,5,6,10,2,6,5,2,11,2,11,8,11,0,2,6,7,9,2,6,10,8,10,10,9,8,11,0,5,3,5,10,11
6,0,4,10,11,6,2,2,7,8,6,7,11,10,6,4,2,7,9,3,7,7,3,10,9,9,3,10,11,2,0,9,11,6,2,9,4,2,6,7,8,11,0,2,10,7,6,5,0,11,6,10,2,2,11,3,3,9,8,2,7,8,0,9,10,9,11,5,11,0,4,6,10,9,0,6,11,3,11,10,2,4,6,10,2,11,7,0,2,11,10,3,11,11,7,10,5,11,3,7,0,6,0,7,3,11,2,6,8,6,6,0,7,7,2,7,9,0,6,7,11,3,7,6,3,0,3,0,9,0,2,3,7,8,10,3,7,11,9,11,11,10,9,0,2,6,4,6,11,0
7,2,5,11,0,7,3,3,8,9,7,8,0,11,7,5,3,8,10,4,8,8,4,11,10,10,4,11,0,3,2,10,0,7,3,10,5,3,7,8,9,0,2,3,11,8,7,6,2,0,7,11,3,3,0,4,4,10,9,3,8,9,2,10,11,10,0,6,0,2,5,7,11,10,2,7,0,4,0,11,3,5,7,11,3,0,8,2,3,0,11,4,0,0,8,11,6,0,4,8,2,7,2,8,4,0,3,7,9,7,7,2,8,8,3,8,10,2,7,8,0,4,8,7,4,2,4,2,10,2,3,4,8,9,11,4,8,0,10,0,0,11,10,2,3,7,5,7,0,2
8,3,6,0,2,8,4,4,9,10,8,9,2,0,8,6,4,9,11,5,9,9,5,0,11,11,5,0,2,4,3,11,2,8,4,11,6,4,8,9,10,2,3,4,0,9,8,7,3,2,8,0,4,4,2,5,5,11,10,4,9,10,3,11,0,11,2,7,2,3,6,8,0,11,3,8,2,5,2,0,4,6,8,0,4,2,9,3,4,2,0,5,2,2,9,0,7,2,5,9,3,8,3,9,5,2,4,8,10,8,8,3,9,9,4,9,11,3,8,9,2,5,9,8,5,3,5,3,11,3,4,5,9,10,0,5,9,2,11,2,2,0,11,3,4,8,6,8,2,3
9,4,7,2,3,9,5,5,10,11,9,10,3,2,9,7,5,10,0,6,10,10,6,2,0,0,6,2,3,5,4,0,3,9,5,0,7,5,9,10,11,3,4,5,2,10,9,8,4,3,9,2,5,5,3,6,6,0,11,5,10,11,4,0,2,0,3,8,3,4,7,9,2,0,4,9,3,6,3,2,5,7,9,2,5,3,10,4,5,3,2,6,3,3,10,2,8,3,6,10,4,9,4,10,6,3,5,9,11,9,9,4,10,10,5,10,0,4,9,10,3,6,10,9,6,4,6,4,0,4,5,6,10,11,2,6,10,3,0,3,3,2,0,4,5,9,7,9,3,4
10,5,8,3,4,10,6,6,11,0,10,11,4,3,10,8,6,11,2,7,11,11,7,3,2,2,7,3,4,6,5,2,4,10,6,2,8,6,10,11,0,4,5,6,3,11,10,9,5,4,10,3,6,6,4,7,7,2,0,6,11,0,5,2,3,2,4,9,4,5,8,10,3,2,5,10,4,7,4,3,6,8,10,3,6,4,11,5,6,4,3,7,4,4,11,3,9,4,7,11,5,10,5,11,7,4,6,10,0,10,10,5,11,11,6,11,2,5,10,11,4,7,11,10,7,5,7,5,2,5,6,7,11,0,3,7,11,4,2,4,4,3,2,5,6,10,8,10,4,5
11,6,9,4,5,11,7,7,0,2,11,0,5,4,11,9,7,0,3,8,0,0,8,4,3,3,8,4,5,7,6,3,5,11,7,3,9,7,11,0,2,5,6,7,4,0,11,10,6,5,11,4,7,7,5,8,8,3,2,7,0,2,6,3,4,3,5,10,5,6,9,11,4,3,6,11,5,8,5,4,7,9,11,4,7,5,0,6,7,5,4,8,5,5,0,4,10,5,8,0,6,11,6,0,8,5,7,11,2,11,11,6,0,0,7,0,3,6,11,0,5,8,0,11,8,6,8,6,3,6,7,8,0,2,4,8,0,5,3,5,5,4,3,6,7,11,9,11,5,6
0,7,10,5,6,0,8,8,2,3,0,2,6,5,0,10,8,2,4,9,2,2,9,5,4,4,9,5,6,8,7,4,6,0,8,4,10,8,0,2,3,6,7,8,5,2,0,11,7,6,0,5,8,8,6,9,9,4,3,8,2,3,7,4,5,4,6,11,6,7,10,0,5,4,7,0,6,9,6,5,8,10,0,5,8,6,2,7,8,6,5,9,6,6,2,5,11,6,9,2,7,0,7,2,9,6,8,0,3,0,0,7,2,2,8,2,4,7,0,2,6,9,2,0,9,7,9,7,4,7,8,9,2,3,5,9,2,6,4,6,6,5,4,7,8,0,10,0,6,7
2,8,11,6,7,2,9,9,3,4,2,3,7,6,2,11,9,3,5,10,3,3,10,6,5,5,10,6,7,9,8,5,7,2,9,5,11,9,2,3,4,7,8,9,6,3,2,0,8,7,2,6,9,9,7,10,10,5,4,9,3,4,8,5,6,5,7,0,7,8,11,2,6,5,8,2,7,10,7,6,9,11,2,6,9,7,3,8,9,7,6,10,7,7,3,6,0,7,10,3,8,2,8,3,10,7,9,2,4,2,2,8,3,3,9,3,5,8,2,3,7,10,3,2,10,8,10,8,5,8,9,10,3,4,6,10,3,7,5,7,7,6,5,8,9,2,11,2,7,8
3,9,0,7,8,3,10,10,4,5,3,4,8,7,3,0,10,4,6,11,4,4,11,7,6,6,11,7,8,10,9,6,8,3,10,6,0,10,3,4,5,8,9,10,7,4,3,2,9,8,3,7,10,10,8,11,11,6,5,10,4,5,9,6,7,6,8,2,8,9,0,3,7,6,9,3,8,11,8,7,10,0,3,7,10,8,4,9,10,8,7,11,8,8,4,7,2,8,11,4,9,3,9,4,11,8,10,3,5,3,3,9,4,4,10,4,6,9,3,4,8,11,4,3,11,9,11,9,6,9,10,11,4,5,7,11,4,8,6,8,8,7,6,9,10,3,0,3,8,9
4,10,2,8,9,4,11,11,5,6,4,5,9,8,4,2,11,5,7,0,5,5,0,8,7,7,0,8,9,11,10,7,9,4,11,7,2,11,4,5,6,9,10,11,8,5,4,3,10,9,4,8,11,11,9,0,0,7,6,11,5,6,10,7,8,7,9,3,9,10,2,4,8,7,10,4,9,0,9,8,11,2,4,8,11,9,5,10,11,9,8,0,9,9,5,8,3,9,0,5,10,4,10,5,0,9,11,4,6,4,4,10,5,5,11,5,7,10,4,5,9,0,5,4,0,10,0,10,7,10,11,0,5,6,8,0,5,9,7,9,9,8,7,10,11,4,2,4,9,10
5,11,3,9,10,5,0,0,6,7,5,6,10,9,5,3,0,6,8,2,6,6,2,9,8,8,2,9,10,0,11,8,10,5,0,8,3,0,5,6,7,10,11,0,9,6,5,4,11,10,5,9,0,0,10,2,2,8,7,0,6,7,11,8,9,8,10,4,10,11,3,5,9,8,11,5,10,2,10,9,0,3,5,9,0,10,6,11,0,10,9,2,10,10,6,9,4,10,2,6,11,5,11,6,2,10,0,5,7,5,5,11,6,6,0,6,8,11,5,6,10,2,6,5,2,11,2,11,8,11,0,2,6,7,9,2,6,10,8,10,10,9,8,11,0,5,3,5,10,11
6,0,4,10,11,6,2,2,7,8,6,7,11,10,6,4,2,7,9,3,7,7,3,10,9,9,3,10,11,2,0,9,11,6,2,9,4,2,6,7,8,11,0,2,10,7,6,5,0,11,6,10,2,2,11,3,3,9,8,2,7,8,0,9,10,9,11,5,11,0,4,6,10,9,0,6,11,3,11,10,2,4,6,10,2,11,7,0,2,11,10,3,11,11,7,10,5,11,3,7,0,6,0,7,3,11,2,6,8,6,6,0,7,7,2,7,9,0,6,7,11,3,7,6,3,0,3,0,9,0,2,3,7,8,10,3,7,11,9,11,11,10,9,0,2,6,4,6,11,0
7,2,5,11,0,7,3,3,8,9,7,8,0,11,7,5,3,8,10,4,8,8,4,11,10,10,4,11,0,3,2,10,0,7,3,10,5,3,7,8,9,0,2,3,11,8,7,6,2,0,7,11,3,3,0,4,4,10,9,3,8,9,2,10,11,10,0,6,0,2,5,7,11,10,2,7,0,4,0,11,3,5,7,11,3,0,8,2,3,0,11,4,0,0,8,11,6,0,4,8,2,7,2,8,4,0,3,7,9,7,7,2,8,8,3,8,10,2,7,8,0,4,8,7,4,2,4,2,10,2,3,4,8,9,11,4,8,0,10,0,0,11,10,2,3,7,5,7,0,2
8,3,6,0,2,8,4,4,9,10,8,9,2,0,8,6,4,9,11,5,9,9,5,0,11,11,5,0,2,4,3,11,2,8,4,11,6,4,8,9,10,2,3,4,0,9,8,7,3,2,8,0,4,4,2,5,5,11,10,4,9,10,3,11,0,11,2,7,2,3,6,8,0,11,3,8,2,5,2,0,4,6,8,0,4,2,9,3,4,2,0,5,2,2,9,0,7,2,5,9,3,8,3,9,5,2,4,8,10,8,8,3,9,9,4,9,11,3,8,9,2,5,9,8,5,3,5,3,11,3,4,5,9,10,0,5,9,2,11,2,2,0,11,3,4,8,6,8,2,3
9,4,7,2,3,9,5,5,10,11,9,10,3,2,9,7,5,10,0,6,10,10,6,2,0,0,6,2,3,5,4,0,3,9,5,0,7,5,9,10,11,3,4,5,2,10,9,8,4,3,9,2,5,5,3,6,6,0,11,5,10,11,4,0,2,0,3,8,3,4,7,9,2,0,4,9,3,6,3,2,5,7,9,2,5,3,10,4,5,3,2,6,3,3,10,2,8,3,6,10,4,9,4,10,6,3,5,9,11,9,9,4,10,10,5,10,0,4,9,10,3,6,10,9,6,4,6,4,0,4,5,6,10,11,2,6,10,3,0,3,3,2,0,4,5,9,7,9,3,4
10,5,8,3,4,10,6,6,11,0,10,11,4,3,10,8,6,11,2,7,11,11,7,3,2,2,7,3,4,6,5,2,4,10,6,2,8,6,10,11,0,4,5,6,3,11,10,9,5,4,10,3,6,6,4,7,7,2,0,6,11,0,5,2,3,2,4,9,4,5,8,10,3,2,5,10,4,7,4,3,6,8,10,3,6,4,11,5,6,4,3,7,4,4,11,3,9,4,7,11,5,10,5,11,7,4,6,10,0,10,10,5,11,11,6,11,2,5,10,11,4,7,11,10,7,5,7,5,2,5,6,7,11,0,3,7,11,4,2,4,4,3,2,5,6,10,8,10,4,5
11,6,9,4,5,11,7,7,0,2,11,0,5,4,11,9,7,0,3,8,0,0,8,4,3,3,8,4,5,7,6,3,5,11,7,3,9,7,11,0,2,5,6,7,4,0,11,10,6,5,11,4,7,7,5,8,8,3,2,7,0,2,6,3,4,3,5,10,5,6,9,11,4,3,6,11,5,8,5,4,7,9,11,4,7,5,0,6,7,5,4,8,5,5,0,4,10,5,8,0,6,11,6,0,8,5,7,11,2,11,11,6,0,0,7,0,3,6,11,0,5,8,0,11,8,6,8,6,3,6,7,8,0,2,4,8,0,5,3,5,5,4,3,6,7,11,9,11,5,6
0,7,10,5,6,0,8,8,2,3,0,2,6,5,0,10,8,2,4,9,2,2,9,5,4,4,9,5,6,8,7,4,6,0,8,4,10,8,0,2,3,6,7,8,5,2,0,11,7,6,0,5,8,8,6,9,9,4,3,8,2,3,7,4,5,4,6,11,6,7,10,0,5,4,7,0,6,9,6,5,8,10,0,5,8,6,2,7,8,6,5,9,6,6,2,5,11,6,9,2,7,0,7,2,9,6,8,0,3,0,0,7,2,2,8,2,4,7,0,2,6,9,2,0,9,7,9,7,4,7,8,9,2,3,5,9,2,6,4,6,6,5,4,7,8,0,10,0,6,7
2,8,11,6,7,2,9,9,3,4,2,3,7,6,2,11,9,3,5,10,3,3,10,6,5,5,10,6,7,9,8,5,7,2,9,5,11,9,2,3,4,7,8,9,6,3,2,0,8,7,2,6,9,9,7,10,10,5,4,9,3,4,8,5,6,5,7,0,7,8,11,2,6,5,8,2,7,10,7,6,9,11,2,6,9,7,3,8,9,7,6,10,7,7,3,6,0,7,10,3,8,2,8,3,10,7,9,2,4,2,2,8,3,3,9,3,5,8,2,3,7,10,3,2,10,8,10,8,5,8,9,10,3,4,6,10,3,7,5,7,7,6,5,8,9,2,11,2,7,8
3,9,0,7,8,3,10,10,4,5,3,4,8,7,3,0,10,4,6,11,4,4,11,7,6,6,11,7,8,10,9,6,8,3,10,6,0,10,3,4,5,8,9,10,7,4,3,2,9,8,3,7,10,10,8,11,11,6,5,10,4,5,9,6,7,6,8,2,8,9,0,3,7,6,9,3,8,11,8,7,10,0,3,7,10,8,4,9,10,8,7,11,8,8,4,7,2,8,11,4,9,3,9,4,11,8,10,3,5,3,3,9,4,4,10,4,6,9,3,4,8,11,4,3,11,9,11,9,6,9,10,11,4,5,7,11,4,8,6,8,8,7,6,9,10,3,0,3,8,9
4,10,2,8,9,4,11,11,5,6,4,5,9,8,4,2,11,5,7,0,5,5,0,8,7,7,0,8,9,11,10,7,9,4,11,7,2,11,4,5,6,9,10,11,8,5,4,3,10,9,4,8,11,11,9,0,0,7,6,11,5,6,10,7,8,7,9,3,9,10,2,4,8,7,10,4,9,0,9,8,11,2,4,8,11,9,5,10,11,9,8,0,9,9,5,8,3,9,0,5,10,4,10,5,0,9,11,4,6,4,4,10,5,5,11,5,7,10,4,5,9,0,5,4,0,10,0,10,7,10,11,0,5,6,8,0,5,9,7,9,9,8,7,10,11,4,2,4,9,10
5,11,3,9,10,5,0,0,6,7,5,6,10,9,5,3,0,6,8,2,6,6,2,9,8,8,2,9,10,0,11,8,10,5,0,8,3,0,5,6,7,10,11,0,9,6,5,4,11,10,5,9,0,0,10,2,2,8,7,0,6,7,11,8,9,8,10,4,10,11,3,5,9,8,11,5,10,2,10,9,0,3,5,9,0,10,6,11,0,10,9,2,10,10,6,9,4,10,2,6,11,5,11,6,2,10,0,5,7,5,5,11,6,6,0,6,8,11,5,6,10,2,6,5,2,11,2,11,8,11,0,2,6,7,9,2,6,10,8,10,10,9,8,11,0,5,3,5,10,11
6,0,4,10,11,6,2,2,7,8,6,7,11,10,6,4,2,7,9,3,7,7,3,10,9,9,3,10,11,2,0,9,11,6,2,9,4,2,6,7,8,11,0,2,10,7,6,5,0,11,6,10,2,2,11,3,3,9,8,2,7,8,0,9,10,9,11,5,11,0,4,6,10,9,0,6,11,3,11,10,2,4,6,10,2,11,7,0,2,11,10,3,11,11,7,10,5,11,3,7,0,6,0,7,3,11,2,6,8,6,6,0,7,7,2,7,9,0,6,7,11,3,7,6,3,0,3,0,9,0,2,3,7,8,10,3,7,11,9,11,11,10,9,0,2,6,4,6,11,0
7,2,5,11,0,7,3,3,8,9,7,8,0,11,7,5,3,8,10,4,8,8,4,11,10,10,4,11,0,3,2,10,0,7,3,10,5,3,7,8,9,0,2,3,11,8,7,6,2,0,7,11,3,3,0,4,4,10,9,3,8,9,2,10,11,10,0,6,0,2,5,7,11,10,2,7,0,4,0,11,3,5,7,11,3,0,8,2,3,0,11,4,0,0,8,11,6,0,4,8,2,7,2,8,4,0,3,7,9,7,7,2,8,8,3,8,10,2,7,8,0,4,8,7,4,2,4,2,10,2,3,4,8,9,11,4,8,0,10,0,0,11,10,2,3,7,5,7,0,2
8,3,6,0,2,8,4,4,9,10,8,9,2,0,8,6,4,9,11,5,9,9,5,0,11,11,5,0,2,4,3,11,2,8,4,11,6,4,8,9,10,2,3,4,0,9,8,7,3,2,8,0,4,4,2,5,5,11,10,4,9,10,3,11,0,11,2,7,2,3,6,8,0,11,3,8,2,5,2,0,4,6,8,0,4,2,9,3,4,2,0,5,2,2,9,0,7,2,5,9,3,8,3,9,5,2,4,8,10,8,8,3,9,9,4,9,11,3,8,9,2,5,9,8,5,3,5,3,11,3,4,5,9,10,0,5,9,2,11,2,2,0,11,3,4,8,6,8,2,3
9,4,7,2,3,9,5,5,10,11,9,10,3,2,9,7,5,10,0,6,10,10,6,2,0,0,6,2,3,5,4,0,3,9,5,0,7,5,9,10,11,3,4,5,2,10,9,8,4,3,9,2,5,5,3,6,6,0,11,5,10,11,4,0,2,0,3,8,3,4,7,9,2,0,4,9,3,6,3,2,5,7,9,2,5,3,10,4,5,3,2,6,3,3,10,2,8,3,6,10,4,9,4,10,6,3,5,9,11,9,9,4,10,10,5,10,0,4,9,10,3,6,10,9,6,4,6,4,0,4,5,6,10,11,2,6,10,3,0,3,3,2,0,4,5,9,7,9,3,4
10,5,8,3,4,10,6,6,11,0,10,11,4,3,10,8,6,11,2,7,11,11,7,3,2,2,7,3,4,6,5,2,4,10,6,2,8,6,10,11,0,4,5,6,3,11,10,9,5,4,10,3,6,6,4,7,7,2,0,6,11,0,5,2,3,2,4,9,4,5,8,10,3,2,5,10,4,7,4,3,6,8,10,3,6,4,11,5,6,4,3,7,4,4,11,3,9,4,7,11,5,10,5,11,7,4,6,10,0,10,10,5,11,11,6,11,2,5,10,11,4,7,11,10,7,5,7,5,2,5,6,7,11,0,3,7,11,4,2,4,4,3,2,5,6,10,8,10,4,5
11,6,9,4,5,11,7,7,0,2,11,0,5,4,11,9,7,0,3,8,0,0,8,4,3,3,8,4,5,7,6,3,5,11,7,3,9,7,11,0,2,5,6,7,4,0,11,10,6,5,11,4,7,7,5,8,8,3,2,7,0,2,6,3,4,3,5,10,5,6,9,11,4,3,6,11,5,8,5,4,7,9,11,4,7,5,0,6,7,5,4,8,5,5,0,4,10,5,8,0,6,11,6,0,8,5,7,11,2,11,11,6,0,0,7,0,3,6,11,0,5,8,0,11,8,6,8,6,3,6,7,8,0,2,4,8,0,5,3,5,5,4,3,6,7,11,9,11,5,6
0,7,10,5,6,0,8,8,2,3,0,2,6,5,0,10,8,2,4,9,2,2,9,5,4,4,9,5,6,8,7,4,6,0,8,4,10,8,0,2,3,6,7,8,5,2,0,11,7,6,0,5,8,8,6,9,9,4,3,8,2,3,7,4,5,4,6,11,6,7,10,0,5,4,7,0,6,9,6,5,8,10,0,5,8,6,2,7,8,6,5,9,6,6,2,5,11,6,9,2,7,0,7,2,9,6,8,0,3,0,0,7,2,2,8,2,4,7,0,2,6,9,2,0,9,7,9,7,4,7,8,9,2,3,5,9,2,6,4,6,6,5,4,7,8,0,10,0,6,7
2,8,11,6,7,2,9,9,3,4,2,3,7,6,2,11,9,3,5,10,3,3,10,6,5,5,10,6,7,9,8,5,7,2,9,5,11,9,2,3,4,7,8,9,6,3,2,0,8,7,2,6,9,9,7,10,10,5,4,9,3,4,8,5,6,5,7,0,7,8,11,2,6,5,8,2,7,10,7,6,9,11,2,6,9,7,3,8,9,7,6,10,7,7,3,6,0,7,10,3,8,2,8,3,10,7,9,2,4,2,2,8,3,3,9,3,5,8,2,3,7,10,3,2,10,8,10,8,5,8,9,10,3,4,6,10,3,7,5,7,7,6,5,8,9,2,11,2,7,8
3,9,0,7,8,3,10,10,4,5,3,4,8,7,3,0,10,4,6,11,4,4,11,7,6,6,11,7,8,10,9,6,8,3,10,6,0,10,3,4,5,8,9,10,7,4,3,2,9,8,3,7,10,10,8,11,11,6,5,10,4,5,9,6,7,6,8,2,8,9,0,3,7,6,9,3,8,11,8,7,10,0,3,7,10,8,4,9,10,8,7,11,8,8,4,7,2,8,11,4,9,3,9,4,11,8,10,3,5,3,3,9,4,4,10,4,6,9,3,4,8,11,4,3,11,9,11,9,6,9,10,11,4,5,7,11,4,8,6,8,8,7,6,9,10,3,0,3,8,9
4,10,2,8,9,4,11,11,5,6,4,5,9,8,4,2,11,5,7,0,5,5,0,8,7,7,0,8,9,11,10,7,9,4,11,7,2,11,4,5,6,9,10,11,8,5,4,3,10,9,4,8,11,11,9,0,0,7,6,11,5,6,10,7,8,7,9,3,9,10,2,4,8,7,10,4,9,0,9,8,11,2,4,8,11,9,5,10,11,9,8,0,9,9,5,8,3,9,0,5,10,4,10,5,0,9,11,4,6,4,4,10,5,5,11,5,7,10,4,5,9,0,5,4,0,10,0,10,7,10,11,0,5,6,8,0,5,9,7,9,9,8,7,10,11,4,2,4,9,10
5,11,3,9,10,5,0,0,6,7,5,6,10,9,5,3,0,6,8,2,6,6,2,9,8,8,2,9,10,0,11,8,10,5,0,8,3,0,5,6,7,10,11,0,9,6,5,4,11,10,5,9,0,0,10,2,2,8,7,0,6,7,11,8,9,8,10,4,10,11,3,5,9,8,11,5,10,2,10,9,0,3,5,9,0,10,6,11,0,10,9,2,10,10,6,9,4,10,2,6,11,5,11,6,2,10,0,5,7,5,5,11,6,6,0,6,8,11,5,6,10,2,6,5,2,11,2,11,8,11,0,2,6,7,9,2,6,10,8,10,10,9,8,11,0,5,3,5,10,11
6,0,4,10,11,6,2,2,7,8,6,7,11,10,6,4,2,7,9,3,7,7,3,10,9,9,3,10,11,2,0,9,11,6,2,9,4,2,6,7,8,11,0,2,10,7,6,5,0,11,6,10,2,2,11,3,3,9,8,2,7,8,0,9,10,9,11,5,11,0,4,6,10,9,0,6,11,3,11,10,2,4,6,10,2,11,7,0,2,11,10,3,11,11,7,10,5,11,3,7,0,6,0,7,3,11,2,6,8,6,6,0,7,7,2,7,9,0,6,7,11,3,7,6,3,0,3,0,9,0,2,3,7,8,10,3,7,11,9,11,11,10,9,0,2,6,4,6,11,0
7,2,5,11,0,7,3,3,8,9,7,8,0,11,7,5,3,8,10,4,8,8,4,11,10,10,4,11,0,3,2,10,0,7,3,10,5,3,7,8,9,0,2,3,11,8,7,6,2,0,7,11,3,3,0,4,4,10,9,3,8,9,2,10,11,10,0,6,0,2,5,7,11,10,2,7,0,4,0,11,3,5,7,11,3,0,8,2,3,0,11,4,0,0,8,11,6,0,4,8,2,7,2,8,4,0,3,7,9,7,7,2,8,8,3,8,10,2,7,8,0,4,8,7,4,2,4,2,10,2,3,4,8,9,11,4,8,0,10,0,0,11,10,2,3,7,5,7,0,2
8,3,6,0,2,8,4,4,9,10,8,9,2,0,8,6,4,9,11,5,9,9,5,0,11,11,5,0,2,4,3,11,2,8,4,11,6,4,8,9,10,2,3,4,0,9,8,7,3,2,8,0,4,4,2,5,5,11,10,4,9,10,3,11,0,11,2,7,2,3,6,8,0,11,3,8,2,5,2,0,4,6,8,0,4,2,9,3,4,2,0,5,2,2,9,0,7,2,5,9,3,8,3,9,5,2,4,8,10,8,8,3,9,9,4,9,11,3,8,9,2,5,9,8,5,3,5,3,11,3,4,5,9,10,0,5,9,2,11,2,2,0,11,3,4,8,6,8,2,3
9,4,7,2,3,9,5,5,10,11,9,10,3,2,9,7,5,10,0,6,10,10,6,2,0,0,6,2,3,5,4,0,3,9,5,0,7,5,9,10,11,3,4,5,2,10,9,8,4,3,9,2,5,5,3,6,6,0,11,5,10,11,4,0,2,0,3,8,3,4,7,9,2,0,4,9,3,6,3,2,5,7,9,2,5,3,10,4,5,3,2,6,3,3,10,2,8,3,6,10,4,9,4,10,6,3,5,9,11,9,9,4,10,10,5,10,0,4,9,10,3,6,10,9,6,4,6,4,0,4,5,6,10,11,2,6,10,3,0,3,3,2,0,4,5,9,7,9,3,4
10,5,8,3,4,10,6,6,11,0,10,11,4,3,10,8,6,11,2,7,11,11,7,3,2,2,7,3,4,6,5,2,4,10,6,2,8,6,10,11,0,4,5,6,3,11,10,9,5,4,10,3,6,6,4,7,7,2,0,6,11,0,5,2,3,2,4,9,4,5,8,10,3,2,5,10,4,7,4,3,6,8,10,3,6,4,11,5,6,4,3,7,4,4,11,3,9,4,7,11,5,10,5,11,7,4,6,10,0,10,10,5,11,11,6,11,2,5,10,11,4,7,11,10,7,5,7,5,2,5,6,7,11,0,3,7,11,4,2,4,4,3,2,5,6,10,8,10,4,5
11,6,9,4,5,11,7,7,0,2,11,0,5,4,11,9,7,0,3,8,0,0,8,4,3,3,8,4,5,7,6,3,5,11,7,3,9,7,11,0,2,5,6,7,4,0,11,10,6,5,11,4,7,7,5,8,8,3,2,7,0,2,6,3,4,3,5,10,5,6,9,11,4,3,6,11,5,8,5,4,7,9,11,4,7,5,0,6,7,5,4,8,5,5,0,4,10,5,8,0,6,11,6,0,8,5,7,11,2,11,11,6,0,0,7,0,3,6,11,0,5,8,0,11,8,6,8,6,3,6,7,8,0,2,4,8,0,5,3,5,5,4,3,6,7,11,9,11,5,6
0,7,10,5,6,0,8,8,2,3,0,2,6,5,0,10,8,2,4,9,2,2,9,5,4,4,9,5,6,8,7,4,6,0,8,4,10,8,0,2,3,6,7,8,5,2,0,11,7,6,0,5,8,8,6,9,9,4,3,8,2,3,7,4,5,4,6,11,6,7,10,0,5,4,7,0,6,9,6,5,8,10,0,5,8,6,2,7,8,6,5,9,6,6,2,5,11,6,9,2,7,0,7,2,9,6,8,0,3,0,0,7,2,2,8,2,4,7,0,2,6,9,2,0,9,7,9,7,4,7,8,9,2,3,5,9,2,6,4,6,6,5,4,7,8,0,10,0,6,7
2,8,11,6,7,2,9,9,3,4,2,3,7,6,2,11,9,3,5,10,3,3,10,6,5,5,10,6,7,9,8,5,7,2,9,5,11,9,2,3,4,7,8,9,6,3,2,0,8,7,2,6,9,9,7,10,10,5,4,9,3,4,8,5,6,5,7,0,7,8,11,2,6,5,8,2,7,10,7,6,9,11,2,6,9,7,3,8,9,7,6,10,7,7,3,6,0,7,10,3,8,2,8,3,10,7,9,2,4,2,2,8,3,3,9,3,5,8,2,3,7,10,3,2,10,8,10,8,5,8,9,10,3,4,6,10,3,7,5,7,7,6,5,8,9,2,11,2,7,8
3,9,0,7,8,3,10,10,4,5,3,4,8,7,3,0,10,4,6,11,4,4,11,7,6,6,11,7,8,10,9,6,8,3,10,6,0,10,3,4,5,8,9,10,7,4,3,2,9,8,3,7,10,10,8,11,11,6,5,10,4,5,9,6,7,6,8,2,8,9,0,3,7,6,9,3,8,11,8,7,10,0,3,7,10,8,4,9,10,8,7,11,8,8,4,7,2,8,11,4,9,3,9,4,11,8,10,3,5,3,3,9,4,4,10,4,6,9,3,4,8,11,4,3,11,9,11,9,6,9,10,11,4,5,7,11,4,8,6,8,8,7,6,9,10,3,0,3,8,9
4,10,2,8,9,4,11,11,5,6,4,5,9,8,4,2,11,5,7,0,5,5,0,8,7,7,0,8,9,11,10,7,9,4,11,7,2,11,4,5,6,9,10,11,8,5,4,3,10,9,4,8,11,11,9,0,0,7,6,11,5,6,10,7,8,7,9,3,9,10,2,4,8,7,10,4,9,0,9,8,11,2,4,8,11,9,5,10,11,9,8,0,9,9,5,8,3,9,0,5,10,4,10,5,0,9,11,4,6,4,4,10,5,5,11,5,7,10,4,5,9,0,5,4,0,10,0,10,7,10,11,0,5,6,8,0,5,9,7,9,9,8,7,10,11,4,2,4,9,10
5,11,3,9,10,5,0,0,6,7,5,6,10,9,5,3,0,6,8,2,6,6,2,9,8,8,2,9,10,0,11,8,10,5,0,8,3,0,5,6,7,10,11,0,9,6,5,4,11,10,5,9,0,0,10,2,2,8,7,0,6,7,11,8,9,8,10,4,10,11,3,5,9,8,11,5,10,2,10,9,0,3,5,9,0,10,6,11,0,10,9,2,10,10,6,9,4,10,2,6,11,5,11,6,2,10,0,5,7,5,5,11,6,6,0,6,8,11,5,6,10,2,6,5,2,11,2,11,8,11,0,2,6,7,9,2,6,10,8,10,10,9,8,11,0,5,3,5,10,11
6,0,4,10,11,6,2,2,7,8,6,7,11,10,6,4,2,7,9,3,7,7,3,10,9,9,3,10,11,2,0,9,11,6,2,9,4,2,6,7,8,11,0,2,10,7,6,5,0,11,6,10,2,2,11,3,3,9,8,2,7,8,0,9,10,9,11,5,11,0,4,6,10,9,0,6,11,3,11,10,2,4,6,10,2,11,7,0,2,11,10,3,11,11,7,10,5,11,3,7,0,6,0,7,3,11,2,6,8,6,6,0,7,7,2,7,9,0,6,7,11,3,7,6,3,0,3,0,9,0,2,3,7,8,10,3,7,11,9,11,11,10,9,0,2,6,4,6,11,0
7,2,5,11,0,7,3,3,8,9,7,8,0,11,7,5,3,8,10,4,8,8,4,11,10,10,4,11,0,3,2,10,0,7,3,10,5,3,7,8,9,0,2,3,11,8,7,6,2,0,7,11,3,3,0,4,4,10,9,3,8,9,2,10,11,10,0,6,0,2,5,7,11,10,2,7,0,4,0,11,3,5,7,11,3,0,8,2,3,0,11,4,0,0,8,11,6,0,4,8,2,7,2,8,4,0,3,7,9,7,7,2,8,8,3,8,10,2,7,8,0,4,8,7,4,2,4,2,10,2,3,4,8,9,11,4,8,0,10,0,0,11,10,2,3,7,5,7,0,2
8,3,6,0,2,8,4,4,9,10,8,9,2,0,8,6,4,9,11,5,9,9,5,0,11,11,5,0,2,4,3,11,2,8,4,11,6,4,8,9,10,2,3,4,0,9,8,7,3,2,8,0,4,4,2,5,5,11,10,4,9,10,3,11,0,11,2,7,2,3,6,8,0,11,3,8,2,5,2,0,4,6,8,0,4,2,9,3,4,2,0,5,2,2,9,0,7,2,5,9,3,8,3,9,5,2,4,8,10,8,8,3,9,9,4,9,11,3,8,9,2,5,9,8,5,3,5,3,11,3,4,5,9,10,0,5,9,2,11,2,2,0,11,3,4,8,6,8,2,3
9,4,7,2,3,9,5,5,10,11,9,10,3,2,9,7,5,10,0,6,10,10,6,2,0,0,6,2,3,5,4,0,3,9,5,0,7,5,9,10,11,3,4,5,2,10,9,8,4,3,9,2,5,5,3,6,6,0,11,5,10,11,4,0,2,0,3,8,3,4,7,9,2,0,4,9,3,6,3,2,5,7,9,2,5,3,10,4,5,3,2,6,3,3,10,2,8,3,6,10,4,9,4,10,6,3,5,9,11,9,9,4,10,10,5,10,0,4,9,10,3,6,10,9,6,4,6,4,0,4,5,6,10,11,2,6,10,3,0,3,3,2,0,4,5,9,7,9,3,4
10,5,8,3,4,10,6,6,11,0,10,11,4,3,10,8,6,11,2,7,11,11,7,3,2,2,7,3,4,6,5,2,4,10,6,2,8,6,10,11,0,4,5,6,3,11,10,9,5,4,10,3,6,6,4,7,7,2,0,6,11,0,5,2,3,2,4,9,4,5,8,10,3,2,5,10,4,7,4,3,6,8,10,3,6,4,11,5,6,4,3,7,4,4,11,3,9,4,7,11,5,10,5,11,7,4,6,10,0,10,10,5,11,11,6,11,2,5,10,11,4,7,11,10,7,5,7,5,2,5,6,7,11,0,3,7,11,4,2,4,4,3,2,5,6,10,8,10,4,5
11,6,9,4,5,11,7,7,0,2,11,0,5,4,11,9,7,0,3,8,0,0,8,4,3,3,8,4,5,7,6,3,5,11,7,3,9,7,11,0,2,5,6,7,4,0,11,10,6,5,11,4,7,7,5,8,8,3,2,7,0,2,6,3,4,3,5,10,5,6,9,11,4,3,6,11,5,8,5,4,7,9,11,4,7,5,0,6,7,5,4,8,5,5,0,4,10,5,8,0,6,11,6,0,8,5,7,11,2,11,11,6,0,0,7,0,3,6,11,0,5,8,0,11,8,6,8,6,3,6,7,8,0,2,4,8,0,5,3,5,5,4,3,6,7,11,9,11,5,6
0,7,10,5,6,0,8,8,2,3,0,2,6,5,0,10,8,2,4,9,2,2,9,5,4,4,9,5,6,8,7,4,6,0,8,4,10,8,0,2,3,6,7,8,5,2,0,11,7,6,0,5,8,8,6,9,9,4,3,8,2,3,7,4,5,4,6,11,6,7,10,0,5,4,7,0,6,9,6,5,8,10,0,5,8,6,2,7,8,6,5,9,6,6,2,5,11,6,9,2,7,0,7,2,9,6,8,0,3,0,0,7,2,2,8,2,4,7,0,2,6,9,2,0,9,7,9,7,4,7,8,9,2,3,5,9,2,6,4,6,6,5,4,7,8,0,10,0,6,7
2,8,11,6,7,2,9,9,3,4,2,3,7,6,2,11,9,3,5,10,3,3,10,6,5,5,10,6,7,9,8,5,7,2,9,5,11,9,2,3,4,7,8,9,6,3,2,0,8,7,2,6,9,9,7,10,10,5,4,9,3,4,8,5,6,5,7,0,7,8,11,2,6,5,8,2,7,10,7,6,9,11,2,6,9,7,3,8,9,7,6,10,7,7,3,6,0,7,10,3,8,2,8,3,10,7,9,2,4,2,2,8,3,3,9,3,5,8,2,3,7,10,3,2,10,8,10,8,5,8,9,10,3,4,6,10,3,7,5,7,7,6,5,8,9,2,11,2,7,8
3,9,0,7,8,3,10,10,4,5,3,4,8,7,3,0,10,4,6,11,4,4,11,7,6,6,11,7,8,10,9,6,8,3,10,6,0,10,3,4,5,8,9,10,7,4,3,2,9,8,3,7,10,10,8,11,11,6,5,10,4,5,9,6,7,6,8,2,8,9,0,3,7,6,9,3,8,11,8,7,10,0,3,7,10,8,4,9,10,8,7,11,8,8,4,7,2,8,11,4,9,3,9,4,11,8,10,3,5,3,3,9,4,4,10,4,6,9,3,4,8,11,4,3,11,9,11,9,6,9,10,11,4,5,7,11,4,8,6,8,8,7,6,9,10,3,0,3,8,9
4,10,2,8,9,4,11,11,5,6,4,5,9,8,4,2,11,5,7,0,5,5,0,8,7,7,0,8,9,11,10,7,9,4,11,7,2,11,4,5,6,9,10,11,8,5,4,3,10,9,4,8,11,11,9,0,0,7,6,11,5,6,10,7,8,7,9,3,9,10,2,4,8,7,10,4,9,0,9,8,11,2,4,8,11,9,5,10,11,9,8,0,9,9,5,8,3,9,0,5,10,4,10,5,0,9,11,4,6,4,4,10,5,5,11,5,7,10,4,5,9,0,5,4,0,10,0,10,7,10,11,0,5,6,8,0,5,9,7,9,9,8,7,10,11,4,2,4,9,10
5,11,3,9,10,5,0,0,6,7,5,6,10,9,5,3,0,6,8,2,6,6,2,9,8,8,2,9,10,0,11,8,10,5,0,8,3,0,5,6,7,10,11,0,9,6,5,4,11,10,5,9,0,0,10,2,2,8,7,0,6,7,11,8,9,8,10,4,10,11,3,5,9,8,11,5,10,2,10,9,0,3,5,9,0,10,6,11,0,10,9,2,10,10,6,9,4,10,2,6,11,5,11,6,2,10,0,5,7,5,5,11,6,6,0,6,8,11,5,6,10,2,6,5,2,11,2,11,8,11,0,2,6,7,9,2,6,10,8,10,10,9,8,11,0,5,3,5,10,11
6,0,4,10,11,6,2,2,7,8,6,7,11,10,6,4,2,7,9,3,7,7,3,10,9,9,3,10,11,2,0,9,11,6,2,9,4,2,6,7,8,11,0,2,10,7,6,5,0,11,6,10,2,2,11,3,3,9,8,2,7,8,0,9,10,9,11,5,11,0,4,6,10,9,0,6,11,3,11,10,2,4,6,10,2,11,7,0,2,11,10,3,11,11,7,10,5,11,3,7,0,6,0,7,3,11,2,6,8,6,6,0,7,7,2,7,9,0,6,7,11,3,7,6,3,0,3,0,9,0,2,3,7,8,10,3,7,11,9,11,11,10,9,0,2,6,4,6,11,0
7,2,5,11,0,7,3,3,8,9,7,8,0,11,7,5,3,8,10,4,8,8,4,11,10,10,4,11,0,3,2,10,0,7,3,10,5,3,7,8,9,0,2,3,11,8,7,6,2,0,7,11,3,3,0,4,4,10,9,3,8,9,2,10,11,10,0,6,0,2,5,7,11,10,2,7,0,4,0,11,3,5,7,11,3,0,8,2,3,0,11,4,0,0,8,11,6,0,4,8,2,7,2,8,4,0,3,7,9,7,7,2,8,8,3,8,10,2,7,8,0,4,8,7,4,2,4,2,10,2,3,4,8,9,11,4,8,0,10,0,0,11,10,2,3,7,5,7,0,2
8,3,6,0,2,8,4,4,9,10,8,9,2,0,8,6,4,9,11,5,9,9,5,0,11,11,5,0,2,4,3,11,2,8,4,11,6,4,8,9,10,2,3,4,0,9,8,7,3,2,8,0,4,4,2,5,5,11,10,4,9,10,3,11,0,11,2,7,2,3,6,8,0,11,3,8,2,5,2,0,4,6,8,0,4,2,9,3,4,2,0,5,2,2,9,0,7,2,5,9,3,8,3,9,5,2,4,8,10,8,8,3,9,9,4,9,11,3,8,9,2,5,9,8,5,3,5,3,11,3,4,5,9,10,0,5,9,2,11,2,2,0,11,3,4,8,6,8,2,3
9,4,7,2,3,9,5,5,10,11,9,10,3,2,9,7,5,10,0,6,10,10,6,2,0,0,6,2,3,5,4,0,3,9,5,0,7,5,9,10,11,3,4,5,2,10,9,8,4,3,9,2,5,5,3,6,6,0,11,5,10,11,4,0,2,0,3,8,3,4,7,9,2,0,4,9,3,6,3,2,5,7,9,2,5,3,10,4,5,3,2,6,3,3,10,2,8,3,6,10,4,9,4,10,6,3,5,9,11,9,9,4,10,10,5,10,0,4,9,10,3,6,10,9,6,4,6,4,0,4,5,6,10,11,2,6,10,3,0,3,3,2,0,4,5,9,7,9,3,4
10,5,8,3,4,10,6,6,11,0,10,11,4,3,10,8,6,11,2,7,11,11,7,3,2,2,7,3,4,6,5,2,4,10,6,2,8,6,10,11,0,4,5,6,3,11,10,9,5,4,10,3,6,6,4,7,7,2,0,6,11,0,5,2,3,2,4,9,4,5,8,10,3,2,5,10,4,7,4,3,6,8,10,3,6,4,11,5,6,4,3,7,4,4,11,3,9,4,7,11,5,10,5,11,7,4,6,10,0,10,10,5,11,11,6,11,2,5,10,11,4,7,11,10,7,5,7,5,2,5,6,7,11,0,3,7,11,4,2,4,4,3,2,5,6,10,8,10,4,5
11,6,9,4,5,11,7,7,0,2,11,0,5,4,11,9,7,0,3,8,0,0,8,4,3,3,8,4,5,7,6,3,5,11,7,3,9,7,11,0,2,5,6,7,4,0,11,10,6,5,11,4,7,7,5,8,8,3,2,7,0,2,6,3,4,3,5,10,5,6,9,11,4,3,6,11,5,8,5,4,7,9,11,4,7,5,0,6,7,5,4,8,5,5,0,4,10,5,8,0,6,11,6,0,8,5,7,11,2,11,11,6,0,0,7,0,3,6,11,0,5,8,0,11,8,6,8,6,3,6,7,8,0,2,4,8,0,5,3,5,5,4,3,6,7,11,9,11,5,6
0,7,10,5,6,0,8,8,2,3,0,2,6,5,0,10,8,2,4,9,2,2,9,5,4,4,9,5,6,8,7,4,6,0,8,4,10,8,0,2,3,6,7,8,5,2,0,11,7,6,0,5,8,8,6,9,9,4,3,8,2,3,7,4,5,4,6,11,6,7,10,0,5,4,7,0,6,9,6,5,8,10,0,5,8,6,2,7,8,6,5,9,6,6,2,5,11,6,9,2,7,0,7,2,9,6,8,0,3,0,0,7,2,2,8,2,4,7,0,2,6,9,2,0,9,7,9,7,4,7,8,9,2,3,5,9,2,6,4,6,6,5,4,7,8,0,10,0,6,7
2,8,11,6,7,2,9,9,3,4,2,3,7,6,2,11,9,3,5,10,3,3,10,6,5,5,10,6,7,9,8,5,7,2,9,5,11,9,2,3,4,7,8,9,6,3,2,0,8,7,2,6,9,9,7,10,10,5,4,9,3,4,8,5,6,5,7,0,7,8,11,2,6,5,8,2,7,10,7,6,9,11,2,6,9,7,3,8,9,7,6,10,7,7,3,6,0,7,10,3,8,2,8,3,10,7,9,2,4,2,2,8,3,3,9,3,5,8,2,3,7,10,3,2,10,8,10,8,5,8,9,10,3,4,6,10,3,7,5,7,7,6,5,8,9,2,11,2,7,8
3,9,0,7,8,3,10,10,4,5,3,4,8,7,3,0,10,4,6,11,4,4,11,7,6,6,11,7,8,10,9,6,8,3,10,6,0,10,3,4,5,8,9,10,7,4,3,2,9,8,3,7,10,10,8,11,11,6,5,10,4,5,9,6,7,6,8,2,8,9,0,3,7,6,9,3,8,11,8,7,10,0,3,7,10,8,4,9,10,8,7,11,8,8,4,7,2,8,11,4,9,3,9,4,11,8,10,3,5,3,3,9,4,4,10,4,6,9,3,4,8,11,4,3,11,9,11,9,6,9,10,11,4,5,7,11,4,8,6,8,8,7,6,9,10,3,0,3,8,9
4,10,2,8,9,4,11,11,5,6,4,5,9,8,4,2,11,5,7,0,5,5,0,8,7,7,0,8,9,11,10,7,9,4,11,7,2,11,4,5,6,9,10,11,8,5,4,3,10,9,4,8,11,11,9,0,0,7,6,11,5,6,10,7,8,7,9,3,9,10,2,4,8,7,10,4,9,0,9,8,11,2,4,8,11,9,5,10,11,9,8,0,9,9,5,8,3,9,0,5,10,4,10,5,0,9,11,4,6,4,4,10,5,5,11,5,7,10,4,5,9,0,5,4,0,10,0,10,7,10,11,0,5,6,8,0,5,9,7,9,9,8,7,10,11,4,2,4,9,10
5,11,3,9,10,5,0,0,6,7,5,6,10,9,5,3,0,6,8,2,6,6,2,9,8,8,2,9,10,0,11,8,10,5,0,8,3,0,5,6,7,10,11,0,9,6,5,4,11,10,5,9,0,0,10,2,2,8,7,0,6,7,11,8,9,8,10,4,10,11,3,5,9,8,11,5,10,2,10,9,0,3,5,9,0,10,6,11,0,10,9,2,10,10,6,9,4,10,2,6,11,5,11,6,2,10,0,5,7,5,5,11,6,6,0,6,8,11,5,6,10,2,6,5,2,11,2,11,8,11,0,2,6,7,9,2,6,10,8,10,10,9,8,11,0,5,3,5,10,11
6,0,4,10,11,6,2,2,7,8,6,7,11,10,6,4,2,7,9,3,7,7,3,10,9,9,3,10,11,2,0,9,11,6,2,9,4,2,6,7,8,11,0,2,10,7,6,5,0,11,6,10,2,2,11,3,3,9,8,2,7,8,0,9,10,9,11,5,11,0,4,6,10,9,0,6,11,3,11,10,2,4,6,10,2,11,7,0,2,11,10,3,11,11,7,10,5,11,3,7,0,6,0,7,3,11,2,6,8,6,6,0,7,7,2,7,9,0,6,7,11,3,7,6,3,0,3,0,9,0,2,3,7,8,10,3,7,11,9,11,11,10,9,0,2,6,4,6,11,0
7,2,5,11,0,7,3,3,8,9,7,8,0,11,7,5,3,8,10,4,8,8,4,11,10,10,4,11,0,3,2,10,0,7,3,10,5,3,7,8,9,0,2,3,11,8,7,6,2,0,7,11,3,3,0,4,4,10,9,3,8,9,2,10,11,10,0,6,0,2,5,7,11,10,2,7,0,4,0,11,3,5,7,11,3,0,8,2,3,0,11,4,0,0,8,11,6,0,4,8,2,7,2,8,4,0,3,7,9,7,7,2,8,8,3,8,10,2,7,8,0,4,8,7,4,2,4,2,10,2,3,4,8,9,11,4,8,0,10,0,0,11,10,2,3,7,5,7,0,2
8,3,6,0,2,8,4,4,9,10,8,9,2,0,8,6,4,9,11,5,9,9,5,0,11,11,5,0,2,4,3,11,2,8,4,11,6,4,8,9,10,2,3,4,0,9,8,7,3,2,8,0,4,4,2,5,5,11,10,4,9,10,3,11,0,11,2,7,2,3,6,8,0,11,3,8,2,5,2,0,4,6,8,0,4,2,9,3,4,2,0,5,2,2,9,0,7,2,5,9,3,8,3,9,5,2,4,8,10,8,8,3,9,9,4,9,11,3,8,9,2,5,9,8,5,3,5,3,11,3,4,5,9,10,0,5,9,2,11,2,2,0,11,3,4,8,6,8,2,3
9,4,7,2,3,9,5,5,10,11,9,10,3,2,9,7,5,10,0,6,10,10,6,2,0,0,6,2,3,5,4,0,3,9,5,0,7,5,9,10,11,3,4,5,2,10,9,8,4,3,9,2,5,5,3,6,6,0,11,5,10,11,4,0,2,0,3,8,3,4,7,9,2,0,4,9,3,6,3,2,5,7,9,2,5,3,10,4,5,3,2,6,3,3,10,2,8,3,6,10,4,9,4,10,6,3,5,9,11,9,9,4,10,10,5,10,0,4,9,10,3,6,10,9,6,4,6,4,0,4,5,6,10,11,2,6,10,3,0,3,3,2,0,4,5,9,7,9,3,4
10,5,8,3,4,10,6,6,11,0,10,11,4,3,10,8,6,11,2,7,11,11,7,3,2,2,7,3,4,6,5,2,4,10,6,2,8,6,10,11,0,4,5,6,3,11,10,9,5,4,10,3,6,6,4,7,7,2,0,6,11,0,5,2,3,2,4,9,4,5,8,10,3,2,5,10,4,7,4,3,6,8,10,3,6,4,11,5,6,4,3,7,4,4,11,3,9,4,7,11,5,10,5,11,7,4,6,10,0,10,10,5,11,11,6,11,2,5,10,11,4,7,11,10,7,5,7,5,2,5,6,7,11,0,3,7,11,4,2,4,4,3,2,5,6,10,8,10,4,5
11,6,9,4,5,11,7,7,0,2,11,0,5,4,11,9,7,0,3,8,0,0,8,4,3,3,8,4,5,7,6,3,5,11,7,3,9,7,11,0,2,5,6,7,4,0,11,10,6,5,11,4,7,7,5,8,8,3,2,7,0,2,6,3,4,3,5,10,5,6,9,11,4,3,6,11,5,8,5,4,7,9,11,4,7,5,0,6,7,5,4,8,5,5,0,4,10,5,8,0,6,11,6,0,8,5,7,11,2,11,11,6,0,0,7,0,3,6,11,0,5,8,0,11,8,6,8,6,3,6,7,8,0,2,4,8,0,5,3,5,5,4,3,6,7,11,9,11,5,6
0,7,10,5,6,0,8,8,2,3,0,2,6,5,0,10,8,2,4,9,2,2,9,5,4,4,9,5,6,8,7,4,6,0,8,4,10,8,0,2,3,6,7,8,5,2,0,11,7,6,0,5,8,8,6,9,9,4,3,8,2,3,7,4,5,4,6,11,6,7,10,0,5,4,7,0,6,9,6,5,8,10,0,5,8,6,2,7,8,6,5,9,6,6,2,5,11,6,9,2,7,0,7,2,9,6,8,0,3,0,0,7,2,2,8,2,4,7,0,2,6,9,2,0,9,7,9,7,4,7,8,9,2,3,5,9,2,6,4,6,6,5,4,7,8,0,10,0,6,7
2,8,11,6,7,2,9,9,3,4,2,3,7,6,2,11,9,3,5,10,3,3,10,6,5,5,10,6,7,9,8,5,7,2,9,5,11,9,2,3,4,7,8,9,6,3,2,0,8,7,2,6,9,9,7,10,10,5,4,9,3,4,8,5,6,5,7,0,7,8,11,2,6,5,8,2,7,10,7,6,9,11,2,6,9,7,3,8,9,7,6,10,7,7,3,6,0,7,10,3,8,2,8,3,10,7,9,2,4,2,2,8,3,3,9,3,5,8,2,3,7,10,3,2,10,8,10,8,5,8,9,10,3,4,6,10,3,7,5,7,7,6,5,8,9,2,11,2,7,8
3,9,0,7,8,3,10,10,4,5,3,4,8,7,3,0,10,4,6,11,4,4,11,7,6,6,11,7,8,10,9,6,8,3,10,6,0,10,3,4,5,8,9,10,7,4,3,2,9,8,3,7,10,10,8,11,11,6,5,10,4,5,9,6,7,6,8,2,8,9,0,3,7,6,9,3,8,11,8,7,10,0,3,7,10,8,4,9,10,8,7,11,8,8,4,7,2,8,11,4,9,3,9,4,11,8,10,3,5,3,3,9,4,4,10,4,6,9,3,4,8,11,4,3,11,9,11,9,6,9,10,11,4,5,7,11,4,8,6,8,8,7,6,9,10,3,0,3,8,9
4,10,2,8,9,4,11,11,5,6,4,5,9,8,4,2,11,5,7,0,5,5,0,8,7,7,0,8,9,11,10,7,9,4,11,7,2,11,4,5,6,9,10,11,8,5,4,3,10,9,4,8,11,11,9,0,0,7,6,11,5,6,10,7,8,7,9,3,9,10,2,4,8,7,10,4,9,0,9,8,11,2,4,8,11,9,5,10,11,9,8,0,9,9,5,8,3,9,0,5,10,4,10,5,0,9,11,4,6,4,4,10,5,5,11,5,7,10,4,5,9,0,5,4,0,10,0,10,7,10,11,0,5,6,8,0,5,9,7,9,9,8,7,10,11,4,2,4,9,10
5,11,3,9,10,5,0,0,6,7,5,6,10,9,5,3,0,6,8,2,6,6,2,9,8,8,2,9,10,0,11,8,10,5,0,8,3,0,5,6,7,10,11,0,9,6,5,4,11,10,5,9,0,0,10,2,2,8,7,0,6,7,11,8,9,8,10,4,10,11,3,5,9,8,11,5,10,2,10,9,0,3,5,9,0,10,6,11,0,10,9,2,10,10,6,9,4,10,2,6,11,5,11,6,2,10,0,5,7,5,5,11,6,6,0,6,8,11,5,6,10,2,6,5,2,11,2,11,8,11,0,2,6,7,9,2,6,10,8,10,10,9,8,11,0,5,3,5,10,11
6,0,4,10,11,6,2,2,7,8,6,7,11,10,6,4,2,7,9,3,7,7,3,10,9,9,3,10,11,2,0,9,11,6,2,9,4,2,6,7,8,11,0,2,10,7,6,5,0,11,6,10,2,2,11,3,3,9,8,2,7,8,0,9,10,9,11,5,11,0,4,6,10,9,0,6,11,3,11,10,2,4,6,10,2,11,7,0,2,11,10,3,11,11,7,10,5,11,3,7,0,6,0,7,3,11,2,6,8,6,6,0,7,7,2,7,9,0,6,7,11,3,7,6,3,0,3,0,9,0,2,3,7,8,10,3,7,11,9,11,11,10,9,0,2,6,4,6,11,0
7,2,5,11,0,7,3,3,8,9,7,8,0,11,7,5,3,8,10,4,8,8,4,11,10,10,4,11,0,3,2,10,0,7,3,10,5,3,7,8,9,0,2,3,11,8,7,6,2,0,7,11,3,3,0,4,4,10,9,3,8,9,2,10,11,10,0,6,0,2,5,7,11,10,2,7,0,4,0,11,3,5,7,11,3,0,8,2,3,0,11,4,0,0,8,11,6,0,4,8,2,7,2,8,4,0,3,7,9,7,7,2,8,8,3,8,10,2,7,8,0,4,8,7,4,2,4,2,10,2,3,4,8,9,11,4,8,0,10,0,0,11,10,2,3,7,5,7,0,2
8,3,6,0,2,8,4,4,9,10,8,9,2,0,8,6,4,9,11,5,9,9,5,0,11,11,5,0,2,4,3,11,2,8,4,11,6,4,8,9,10,2,3,4,0,9,8,7,3,2,8,0,4,4,2,5,5,11,10,4,9,10,3,11,0,11,2,7,2,3,6,8,0,11,3,8,2,5,2,0,4,6,8,0,4,2,9,3,4,2,0,5,2,2,9,0,7,2,5,9,3,8,3,9,5,2,4,8,10,8,8,3,9,9,4,9,11,3,8,9,2,5,9,8,5,3,5,3,11,3,4,5,9,10,0,5,9,2,11,2,2,0,11,3,4,8,6,8,2,3
9,4,7,2,3,9,5,5,10,11,9,10,3,2,9,7,5,10,0,6,10,10,6,2,0,0,6,2,3,5,4,0,3,9,5,0,7,5,9,10,11,3,4,5,2,10,9,8,4,3,9,2,5,5,3,6,6,0,11,5,10,11,4,0,2,0,3,8,3,4,7,9,2,0,4,9,3,6,3,2,5,7,9,2,5,3,10,4,5,3,2,6,3,3,10,2,8,3,6,10,4,9,4,10,6,3,5,9,11,9,9,4,10,10,5,10,0,4,9,10,3,6,10,9,6,4,6,4,0,4,5,6,10,11,2,6,10,3,0,3,3,2,0,4,5,9,7,9,3,4
10,5,8,3,4,10,6,6,11,0,10,11,4,3,10,8,6,11,2,7,11,11,7,3,2,2,7,3,4,6,5,2,4,10,6,2,8,6,10,11,0,4,5,6,3,11,10,9,5,4,10,3,6,6,4,7,7,2,0,6,11,0,5,2,3,2,4,9,4,5,8,10,3,2,5,10,4,7,4,3,6,8,10,3,6,4,11,5,6,4,3,7,4,4,11,3,9,4,7,11,5,10,5,11,7,4,6,10,0,10,10,5,11,11,6,11,2,5,10,11,4,7,11,10,7,5,7,5,2,5,6,7,11,0,3,7,11,4,2,4,4,3,2,5,6,10,8,10,4,5
11,6,9,4,5,11,7,7,0,2,11,0,5,4,11,9,7,0,3,8,0,0,8,4,3,3,8,4,5,7,6,3,5,11,7,3,9,7,11,0,2,5,6,7,4,0,11,10,6,5,11,4,7,7,5,8,8,3,2,7,0,2,6,3,4,3,5,10,5,6,9,11,4,3,6,11,5,8,5,4,7,9,11,4,7,5,0,6,7,5,4,8,5,5,0,4,10,5,8,0,6,11,6,0,8,5,7,11,2,11,11,6,0,0,7,0,3,6,11,0,5,8,0,11,8,6,8,6,3,6,7,8,0,2,4,8,0,5,3,5,5,4,3,6,7,11,9,11,5,6
0,7,10,5,6,0,8,8,2,3,0,2,6,5,0,10,8,2,4,9,2,2,9,5,4,4,9,5,6,8,7,4,6,0,8,4,10,8,0,2,3,6,7,8,5,2,0,11,7,6,0,5,8,8,6,9,9,4,3,8,2,3,7,4,5,4,6,11,6,7,10,0,5,4,7,0,6,9,6,5,8,10,0,5,8,6,2,7,8,6,5,9,6,6,2,5,11,6,9,2,7,0,7,2,9,6,8,0,3,0,0,7,2,2,8,2,4,7,0,2,6,9,2,0,9,7,9,7,4,7,8,9,2,3,5,9,2,6,4,6,6,5,4,7,8,0,10,0,6,7
2,8,11,6,7,2,9,9,3,4,2,3,7,6,2,11,9,3,5,10,3,3,10,6,5,5,10,6,7,9,8,5,7,2,9,5,11,9,2,3,4,7,8,9,6,3,2,0,8,7,2,6,9,9,7,10,10,5,4,9,3,4,8,5,6,5,7,0,7,8,11,2,6,5,8,2,7,10,7,6,9,11,2,6,9,7,3,8,9,7,6,10,7,7,3,6,0,7,10,3,8,2,8,3,10,7,9,2,4,2,2,8,3,3,9,3,5,8,2,3,7,10,3,2,10,8,10,8,5,8,9,10,3,4,6,10,3,7,5,7,7,6,5,8,9,2,11,2,7,8
3,9,0,7,8,3,10,10,4,5,3,4,8,7,3,0,10,4,6,11,4,4,11,7,6,6,11,7,8,10,9,6,8,3,10,6,0,10,3,4,5,8,9,10,7,4,3,2,9,8,3,7,10,10,8,11,11,6,5,10,4,5,9,6,7,6,8,2,8,9,0,3,7,6,9,3,8,11,8,7,10,0,3,7,10,8,4,9,10,8,7,11,8,8,4,7,2,8,11,4,9,3,9,4,11,8,10,3,5,3,3,9,4,4,10,4,6,9,3,4,8,11,4,3,11,9,11,9,6,9,10,11,4,5,7,11,4,8,6,8,8,7,6,9,10,3,0,3,8,9
4,10,2,8,9,4,11,11,5,6,4,5,9,8,4,2,11,5,7,0,5,5,0,8,7,7,0,8,9,11,10,7,9,4,11,7,2,11,4,5,6,9,10,11,8,5,4,3,10,9,4,8,11,11,9,0,0,7,6,11,5,6,10,7,8,7,9,3,9,10,2,4,8,7,10,4,9,0,9,8,11,2,4,8,11,9,5,10,11,9,8,0,9,9,5,8,3,9,0,5,10,4,10,5,0,9,11,4,6,4,4,10,5,5,11,5,7,10,4,5,9,0,5,4,0,10,0,10,7,10,11,0,5,6,8,0,5,9,7,9,9,8,7,10,11,4,2,4,9,10
5,11,3,9,10,5,0,0,6,7,5,6,10,9,5,3,0,6,8,2,6,6,2,9,8,8,2,9,10,0,11,8,10,5,0,8,3,0,5,6,7,10,11,0,9,6,5,4,11,10,5,9,0,0,10,2,2,8,7,0,6,7,11,8,9,8,10,4,10,11,3,5,9,8,11,5,10,2,10,9,0,3,5,9,0,10,6,11,0,10,9,2,10,10,6,9,4,10,2,6,11,5,11,6,2,10,0,5,7,5,5,11,6,6,0,6,8,11,5,6,10,2,6,5,2,11,2,11,8,11,0,2,6,7,9,2,6,10,8,10,10,9,8,11,0,5,3,5,10,11
6,0,4,10,11,6,2,2,7,8,6,7,11,10,6,4,2,7,9,3,7,7,3,10,9,9,3,10,11,2,0,9,11,6,2,9,4,2,6,7,8,11,0,2,10,7,6,5,0,11,6,10,2,2,11,3,3,9,8,2,7,8,0,9,10,9,11,5,11,0,4,6,10,9,0,6,11,3,11,10,2,4,6,10,2,11,7,0,2,11,10,3,11,11,7,10,5,11,3,7,0,6,0,7,3,11,2,6,8,6,6,0,7,7,2,7,9,0,6,7,11,3,7,6,3,0,3,0,9,0,2,3,7,8,10,3,7,11,9,11,11,10,9,0,2,6,4,6,11,0
7,2,5,11,0,7,3,3,8,9,7,8,0,11,7,5,3,8,10,4,8,8,4,11,10,10,4,11,0,3,2,10,0,7,3,10,5,3,7,8,9,0,2,3,11,8,7,6,2,0,7,11,3,3,0,4,4,10,9,3,8,9,2,10,11,10,0,6,0,2,5,7,11,10,2,7,0,4,0,11,3,5,7,11,3,0,8,2,3,0,11,4,0,0,8,11,6,0,4,8,2,7,2,8,4,0,3,7,9,7,7,2,8,8,3,8,10,2,7,8,0,4,8,7,4,2,4,2,10,2,3,4,8,9,11,4,8,0,10,0,0,11,10,2,3,7,5,7,0,2
8,3,6,0,2,8,4,4,9,10,8,9,2,0,8,6,4,9,11,5,9,9,5,0,11,11,5,0,2,4,3,11,2,8,4,11,6,4,8,9,10,2,3,4,0,9,8,7,3,2,8,0,4,4,2,5,5,11,10,4,9,10,3,11,0,11,2,7,2,3,6,8,0,11,3,8,2,5,2,0,4,6,8,0,4,2,9,3,4,2,0,5,2,2,9,0,7,2,5,9,3,8,3,9,5,2,4,8,10,8,8,3,9,9,4,9,11,3,8,9,2,5,9,8,5,3,5,3,11,3,4,5,9,10,0,5,9,2,11,2,2,0,11,3,4,8,6,8,2,3
9,4,7,2,3,9,5,5,10,11,9,10,3,2,9,7,5,10,0,6,10,10,6,2,0,0,6,2,3,5,4,0,3,9,5,0,7,5,9,10,11,3,4,5,2,10,9,8,4,3,9,2,5,5,3,6,6,0,11,5,10,11,4,0,2,0,3,8,3,4,7,9,2,0,4,9,3,6,3,2,5,7,9,2,5,3,10,4,5,3,2,6,3,3,10,2,8,3,6,10,4,9,4,10,6,3,5,9,11,9,9,4,10,10,5,10,0,4,9,10,3,6,10,9,6,4,6,4,0,4,5,6,10,11,2,6,10,3,0,3,3,2,0,4,5,9,7,9,3,4
10,5,8,3,4,10,6,6,11,0,10,11,4,3,10,8,6,11,2,7,11,11,7,3,2,2,7,3,4,6,5,2,4,10,6,2,8,6,10,11,0,4,5,6,3,11,10,9,5,4,10,3,6,6,4,7,7,2,0,6,11,0,5,2,3,2,4,9,4,5,8,10,3,2,5,10,4,7,4,3,6,8,10,3,6,4,11,5,6,4,3,7,4,4,11,3,9,4,7,11,5,10,5,11,7,4,6,10,0,10,10,5,11,11,6,11,2,5,10,11,4,7,11,10,7,5,7,5,2,5,6,7,11,0,3,7,11,4,2,4,4,3,2,5,6,10,8,10,4,5
11,6,9,4,5,11,7,7,0,2,11,0,5,4,11,9,7,0,3,8,0,0,8,4,3,3,8,4,5,7,6,3,5,11,7,3,9,7,11,0,2,5,6,7,4,0,11,10,6,5,11,4,7,7,5,8,8,3,2,7,0,2,6,3,4,3,5,10,5,6,9,11,4,3,6,11,5,8,5,4,7,9,11,4,7,5,0,6,7,5,4,8,5,5,0,4,10,5,8,0,6,11,6,0,8,5,7,11,2,11,11,6,0,0,7,0,3,6,11,0,5,8,0,11,8,6,8,6,3,6,7,8,0,2,4,8,0,5,3,5,5,4,3,6,7,11,9,11,5,6
0,7,10,5,6,0,8,8,2,3,0,2,6,5,0,10,8,2,4,9,2,2,9,5,4,4,9,5,6,8,7,4,6,0,8,4,10,8,0,2,3,6,7,8,5,2,0,11,7,6,0,5,8,8,6,9,9,4,3,8,2,3,7,4,5,4,6,11,6,7,10,0,5,4,7,0,6,9,6,5,8,10,0,5,8,6,2,7,8,6,5,9,6,6,2,5,11,6,9,2,7,0,7,2,9,6,8,0,3,0,0,7,2,2,8,2,4,7,0,2,6,9,2,0,9,7,9,7,4,7,8,9,2,3,5,9,2,6,4,6,6,5,4,7,8,0,10,0,6,7
2,8,11,6,7,2,9,9,3,4,2,3,7,6,2,11,9,3,5,10,3,3,10,6,5,5,10,6,7,9,8,5,7,2,9,5,11,9,2,3,4,7,8,9,6,3,2,0,8,7,2,6,9,9,7,10,10,5,4,9,3,4,8,5,6,5,7,0,7,8,11,2,6,5,8,2,7,10,7,6,9,11,2,6,9,7,3,8,9,7,6,10,7,7,3,6,0,7,10,3,8,2,8,3,10,7,9,2,4,2,2,8,3,3,9,3,5,8,2,3,7,10,3,2,10,8,10,8,5,8,9,10,3,4,6,10,3,7,5,7,7,6,5,8,9,2,11,2,7,8
3,9,0,7,8,3,10,10,4,5,3,4,8,7,3,0,10,4,6,11,4,4,11,7,6,6,11,7,8,10,9,6,8,3,10,6,0,10,3,4,5,8,9,10,7,4,3,2,9,8,3,7,10,10,8,11,11,6,5,10,4,5,9,6,7,6,8,2,8,9,0,3,7,6,9,3,8,11,8,7,10,0,3,7,10,8,4,9,10,8,7,11,8,8,4,7,2,8,11,4,9,3,9,4,11,8,10,3,5,3,3,9,4,4,10,4,6,9,3,4,8,11,4,3,11,9,11,9,6,9,10,11,4,5,7,11,4,8,6,8,8,7,6,9,10,3,0,3,8,9
4,10,2,8,9,4,11,11,5,6,4,5,9,8,4,2,11,5,7,0,5,5,0,8,7,7,0,8,9,11,10,7,9,4,11,7,2,11,4,5,6,9,10,11,8,5,4,3,10,9,4,8,11,11,9,0,0,7,6,11,5,6,10,7,8,7,9,3,9,10,2,4,8,7,10,4,9,0,9,8,11,2,4,8,11,9,5,10,11,9,8,0,9,9,5,8,3,9,0,5,10,4,10,5,0,9,11,4,6,4,4,10,5,5,11,5,7,10,4,5,9,0,5,4,0,10,0,10,7,10,11,0,5,6,8,0,5,9,7,9,9,8,7,10,11,4,2,4,9,10
5,11,3,9,10,5,0,0,6,7,5,6,10,9,5,3,0,6,8,2,6,6,2,9,8,8,2,9,10,0,11,8,10,5,0,8,3,0,5,6,7,10,11,0,9,6,5,4,11,10,5,9,0,0,10,2,2,8,7,0,6,7,11,8,9,8,10,4,10,11,3,5,9,8,11,5,10,2,10,9,0,3,5,9,0,10,6,11,0,10,9,2,10,10,6,9,4,10,2,6,11,5,11,6,2,10,0,5,7,5,5,11,6,6,0,6,8,11,5,6,10,2,6,5,2,11,2,11,8,11,0,2,6,7,9,2,6,10,8,10,10,9,8,11,0,5,3,5,10,11
6,0,4,10,11,6,2,2,7,8,6,7,11,10,6,4,2,7,9,3,7,7,3,10,9,9,3,10,11,2,0,9,11,6,2,9,4,2,6,7,8,11,0,2,10,7,6,5,0,11,6,10,2,2,11,3,3,9,8,2,7,8,0,9,10,9,11,5,11,0,4,6,10,9,0,6,11,3,11,10,2,4,6,10,2,11,7,0,2,11,10,3,11,11,7,10,5,11,3,7,0,6,0,7,3,11,2,6,8,6,6,0,7,7,2,7,9,0,6,7,11,3,7,6,3,0,3,0,9,0,2,3,7,8,10,3,7,11,9,11,11,10,9,0,2,6,4,6,11,0
7,2,5,11,0,7,3,3,8,9,7,8,0,11,7,5,3,8,10,4,8,8,4,11,10,10,4,11,0,3,2,10,0,7,3,10,5,3,7,8,9,0,2,3,11,8,7,6,2,0,7,11,3,3,0,4,4,10,9,3,8,9,2,10,11,10,0,6,0,2,5,7,11,10,2,7,0,4,0,11,3,5,7,11,3,0,8,2,3,0,11,4,0,0,8,11,6,0,4,8,2,7,2,8,4,0,3,7,9,7,7,2,8,8,3,8,10,2,7,8,0,4,8,7,4,2,4,2,10,2,3,4,8,9,11,4,8,0,10,0,0,11,10,2,3,7,5,7,0,2
8,3,6,0,2,8,4,4,9,10,8,9,2,0,8,6,4,9,11,5,9,9,5,0,11,11,5,0,2,4,3,11,2,8,4,11,6,4,8,9,10,2,3,4,0,9,8,7,3,2,8,0,4,4,2,5,5,11,10,4,9,10,3,11,0,11,2,7,2,3,6,8,0,11,3,8,2,5,2,0,4,6,8,0,4,2,9,3,4,2,0,5,2,2,9,0,7,2,5,9,3,8,3,9,5,2,4,8,10,8,8,3,9,9,4,9,11,3,8,9,2,5,9,8,5,3,5,3,11,3,4,5,9,10,0,5,9,2,11,2,2,0,11,3,4,8,6,8,2,3
9,4,7,2,3,9,5,5,10,11,9,10,3,2,9,7,5,10,0,6,10,10,6,2,0,0,6,2,3,5,4,0,3,9,5,0,7,5,9,10,11,3,4,5,2,10,9,8,4,3,9,2,5,5,3,6,6,0,11,5,10,11,4,0,2,0,3,8,3,4,7,9,2,0,4,9,3,6,3,2,5,7,9,2,5,3,10,4,5,3,2,6,3,3,10,2,8,3,6,10,4,9,4,10,6,3,5,9,11,9,9,4,10,10,5,10,0,4,9,10,3,6,10,9,6,4,6,4,0,4,5,6,10,11,2,6,10,3,0,3,3,2,0,4,5,9,7,9,3,4
10,5,8,3,4,10,6,6,11,0,10,11,4,3,10,8,6,11,2,7,11,11,7,3,2,2,7,3,4,6,5,2,4,10,6,2,8,6,10,11,0,4,5,6,3,11,10,9,5,4,10,3,6,6,4,7,7,2,0,6,11,0,5,2,3,2,4,9,4,5,8,10,3,2,5,10,4,7,4,3,6,8,10,3,6,4,11,5,6,4,3,7,4,4,11,3,9,4,7,11,5,10,5,11,7,4,6,10,0,10,10,5,11,11,6,11,2,5,10,11,4,7,11,10,7,5,7,5,2,5,6,7,11,0,3,7,11,4,2,4,4,3,2,5,6,10,8,10,4,5
11,6,9,4,5,11,7,7,0,2,11,0,5,4,11,9,7,0,3,8,0,0,8,4,3,3,8,4,5,7,6,3,5,11,7,3,9,7,11,0,2,5,6,7,4,0,11,10,6,5,11,4,7,7,5,8,8,3,2,7,0,2,6,3,4,3,5,10,5,6,9,11,4,3,6,11,5,8,5,4,7,9,11,4,7,5,0,6,7,5,4,8,5,5,0,4,10,5,8,0,6,11,6,0,8,5,7,11,2,11,11,6,0,0,7,0,3,6,11,0,5,8,0,11,8,6,8,6,3,6,7,8,0,2,4,8,0,5,3,5,5,4,3,6,7,11,9,11,5,6
0,7,10,5,6,0,8,8,2,3,0,2,6,5,0,10,8,2,4,9,2,2,9,5,4,4,9,5,6,8,7,4,6,0,8,4,10,8,0,2,3,6,7,8,5,2,0,11,7,6,0,5,8,8,6,9,9,4,3,8,2,3,7,4,5,4,6,11,6,7,10,0,5,4,7,0,6,9,6,5,8,10,0,5,8,6,2,7,8,6,5,9,6,6,2,5,11,6,9,2,7,0,7,2,9,6,8,0,3,0,0,7,2,2,8,2,4,7,0,2,6,9,2,0,9,7,9,7,4,7,8,9,2,3,5,9,2,6,4,6,6,5,4,7,8,0,10,0,6,7
2,8,11,6,7,2,9,9,3,4,2,3,7,6,2,11,9,3,5,10,3,3,10,6,5,5,10,6,7,9,8,5,7,2,9,5,11,9,2,3,4,7,8,9,6,3,2,0,8,7,2,6,9,9,7,10,10,5,4,9,3,4,8,5,6,5,7,0,7,8,11,2,6,5,8,2,7,10,7,6,9,11,2,6,9,7,3,8,9,7,6,10,7,7,3,6,0,7,10,3,8,2,8,3,10,7,9,2,4,2,2,8,3,3,9,3,5,8,2,3,7,10,3,2,10,8,10,8,5,8,9,10,3,4,6,10,3,7,5,7,7,6,5,8,9,2,11,2,7,8
3,9,0,7,8,3,10,10,4,5,3,4,8,7,3,0,10,4,6,11,4,4,11,7,6,6,11,7,8,10,9,6,8,3,10,6,0,10,3,4,5,8,9,10,7,4,3,2,9,8,3,7,10,10,8,11,11,6,5,10,4,5,9,6,7,6,8,2,8,9,0,3,7,6,9,3,8,11,8,7,10,0,3,7,10,8,4,9,10,8,7,11,8,8,4,7,2,8,11,4,9,3,9,4,11,8,10,3,5,3,3,9,4,4,10,4,6,9,3,4,8,11,4,3,11,9,11,9,6,9,10,11,4,5,7,11,4,8,6,8,8,7,6,9,10,3,0,3,8,9
4,10,2,8,9,4,11,11,5,6,4,5,9,8,4,2,11,5,7,0,5,5,0,8,7,7,0,8,9,11,10,7,9,4,11,7,2,11,4,5,6,9,10,11,8,5,4,3,10,9,4,8,11,11,9,0,0,7,6,11,5,6,10,7,8,7,9,3,9,10,2,4,8,7,10,4,9,0,9,8,11,2,4,8,11,9,5,10,11,9,8,0,9,9,5,8,3,9,0,5,10,4,10,5,0,9,11,4,6,4,4,10,5,5,11,5,7,10,4,5,9,0,5,4,0,10,0,10,7,10,11,0,5,6,8,0,5,9,7,9,9,8,7,10,11,4,2,4,9,10
5,11,3,9,10,5,0,0,6,7,5,6,10,9,5,3,0,6,8,2,6,6,2,9,8,8,2,9,10,0,11,8,10,5,0,8,3,0,5,6,7,10,11,0,9,6,5,4,11,10,5,9,0,0,10,2,2,8,7,0,6,7,11,8,9,8,10,4,10,11,3,5,9,8,11,5,10,2,10,9,0,3,5,9,0,10,6,11,0,10,9,2,10,10,6,9,4,10,2,6,11,5,11,6,2,10,0,5,7,5,5,11,6,6,0,6,8,11,5,6,10,2,6,5,2,11,2,11,8,11,0,2,6,7,9,2,6,10,8,10,10,9,8,11,0,5,3,5,10,11
6,0,4,10,11,6,2,2,7,8,6,7,11,10,6,4,2,7,9,3,7,7,3,10,9,9,3,10,11,2,0,9,11,6,2,9,4,2,6,7,8,11,0,2,10,7,6,5,0,11,6,10,2,2,11,3,3,9,8,2,7,8,0,9,10,9,11,5,11,0,4,6,10,9,0,6,11,3,11,10,2,4,6,10,2,11,7,0,2,11,10,3,11,11,7,10,5,11,3,7,0,6,0,7,3,11,2,6,8,6,6,0,7,7,2,7,9,0,6,7,11,3,7,6,3,0,3,0,9,0,2,3,7,8,10,3,7,11,9,11,11,10,9,0,2,6,4,6,11,0
7,2,5,11,0,7,3,3,8,9,7,8,0,11,7,5,3,8,10,4,8,8,4,11,10,10,4,11,0,3,2,10,0,7,3,10,5,3,7,8,9,0,2,3,11,8,7,6,2,0,7,11,3,3,0,4,4,10,9,3,8,9,2,10,11,10,0,6,0,2,5,7,11,10,2,7,0,4,0,11,3,5,7,11,3,0,8,2,3,0,11,4,0,0,8,11,6,0,4,8,2,7,2,8,4,0,3,7,9,7,7,2,8,8,3,8,10,2,7,8,0,4,8,7,4,2,4,2,10,2,3,4,8,9,11,4,8,0,10,0,0,11,10,2,3,7,5,7,0,2
8,3,6,0,2,8,4,4,9,10,8,9,2,0,8,6,4,9,11,5,9,9,5,0,11,11,5,0,2,4,3,11,2,8,4,11,6,4,8,9,10,2,3,4,0,9,8,7,3,2,8,0,4,4,2,5,5,11,10,4,9,10,3,11,0,11,2,7,2,3,6,8,0,11,3,8,2,5,2,0,4,6,8,0,4,2,9,3,4,2,0,5,2,2,9,0,7,2,5,9,3,8,3,9,5,2,4,8,10,8,8,3,9,9,4,9,11,3,8,9,2,5,9,8,5,3,5,3,11,3,4,5,9,10,0,5,9,2,11,2,2,0,11,3,4,8,6,8,2,3
9,4,7,2,3,9,5,5,10,11,9,10,3,2,9,7,5,10,0,6,10,10,6,2,0,0,6,2,3,5,4,0,3,9,5,0,7,5,9,10,11,3,4,5,2,10,9,8,4,3,9,2,5,5,3,6,6,0,11,5,10,11,4,0,2,0,3,8,3,4,7,9,2,0,4,9,3,6,3,2,5,7,9,2,5,3,10,4,5,3,2,6,3,3,10,2,8,3,6,10,4,9,4,10,6,3,5,9,11,9,9,4,10,10,5,10,0,4,9,10,3,6,10,9,6,4,6,4,0,4,5,6,10,11,2,6,10,3,0,3,3,2,0,4,5,9,7,9,3,4
10,5,8,3,4,10,6,6,11,0,10,11,4,3,10,8,6,11,2,7,11,11,7,3,2,2,7,3,4,6,5,2,4,10,6,2,8,6,10,11,0,4,5,6,3,11,10,9,5,4,10,3,6,6,4,7,7,2,0,6,11,0,5,2,3,2,4,9,4,5,8,10,3,2,5,10,4,7,4,3,6,8,10,3,6,4,11,5,6,4,3,7,4,4,11,3,9,4,7,11,5,10,5,11,7,4,6,10,0,10,10,5,11,11,6,11,2,5,10,11,4,7,11,10,7,5,7,5,2,5,6,7,11,0,3,7,11,4,2,4,4,3,2,5,6,10,8,10,4,5
11,6,9,4,5,11,7,7,0,2,11,0,5,4,11,9,7,0,3,8,0,0,8,4,3,3,8,4,5,7,6,3,5,11,7,3,9,7,11,0,2,5,6,7,4,0,11,10,6,5,11,4,7,7,5,8,8,3,2,7,0,2,6,3,4,3,5,10,5,6,9,11,4,3,6,11,5,8,5,4,7,9,11,4,7,5,0,6,7,5,4,8,5,5,0,4,10,5,8,0,6,11,6,0,8,5,7,11,2,11,11,6,0,0,7,0,3,6,11,0,5,8,0,11,8,6,8,6,3,6,7,8,0,2,4,8,0,5,3,5,5,4,3,6,7,11,9,11,5,6
0,7,10,5,6,0,8,8,2,3,0,2,6,5,0,10,8,2,4,9,2,2,9,5,4,4,9,5,6,8,7,4,6,0,8,4,10,8,0,2,3,6,7,8,5,2,0,11,7,6,0,5,8,8,6,9,9,4,3,8,2,3,7,4,5,4,6,11,6,7,10,0,5,4,7,0,6,9,6,5,8,10,0,5,8,6,2,7,8,6,5,9,6,6,2,5,11,6,9,2,7,0,7,2,9,6,8,0,3,0,0,7,2,2,8,2,4,7,0,2,6,9,2,0,9,7,9,7,4,7,8,9,2,3,5,9,2,6,4,6,6,5,4,7,8,0,10,0,6,7
2,8,11,6,7,2,9,9,3,4,2,3,7,6,2,11,9,3,5,10,3,3,10,6,5,5,10,6,7,9,8,5,7,2,9,5,11,9,2,3,4,7,8,9,6,3,2,0,8,7,2,6,9,9,7,10,10,5,4,9,3,4,8,5,6,5,7,0,7,8,11,2,6,5,8,2,7,10,7,6,9,11,2,6,9,7,3,8,9,7,6,10,7,7,3,6,0,7,10,3,8,2,8,3,10,7,9,2,4,2,2,8,3,3,9,3,5,8,2,3,7,10,3,2,10,8,10,8,5,8,9,10,3,4,6,10,3,7,5,7,7,6,5,8,9,2,11,2,7,8
3,9,0,7,8,3,10,10,4,5,3,4,8,7,3,0,10,4,6,11,4,4,11,7,6,6,11,7,8,10,9,6,8,3,10,6,0,10,3,4,5,8,9,10,7,4,3,2,9,8,3,7,10,10,8,11,11,6,5,10,4,5,9,6,7,6,8,2,8,9,0,3,7,6,9,3,8,11,8,7,10,0,3,7,10,8,4,9,10,8,7,11,8,8,4,7,2,8,11,4,9,3,9,4,11,8,10,3,5,3,3,9,4,4,10,4,6,9,3,4,8,11,4,3,11,9,11,9,6,9,10,11,4,5,7,11,4,8,6,8,8,7,6,9,10,3,0,3,8,9
4,10,2,8,9,4,11,11,5,6,4,5,9,8,4,2,11,5,7,0,5,5,0,8,7,7,0,8,9,11,10,7,9,4,11,7,2,11,4,5,6,9,10,11,8,5,4,3,10,9,4,8,11,11,9,0,0,7,6,11,5,6,10,7,8,7,9,3,9,10,2,4,8,7,10,4,9,0,9,8,11,2,4,8,11,9,5,10,11,9,8,0,9,9,5,8,3,9,0,5,10,4,10,5,0,9,11,4,6,4,4,10,5,5,11,5,7,10,4,5,9,0,5,4,0,10,0,10,7,10,11,0,5,6,8,0,5,9,7,9,9,8,7,10,11,4,2,4,9,10
5,11,3,9,10,5,0,0,6,7,5,6,10,9,5,3,0,6,8,2,6,6,2,9,8,8,2,9,10,0,11,8,10,5,0,8,3,0,5,6,7,10,11,0,9,6,5,4,11,10,5,9,0,0,10,2,2,8,7,0,6,7,11,8,9,8,10,4,10,11,3,5,9,8,11,5,10,2,10,9,0,3,5,9,0,10,6,11,0,10,9,2,10,10,6,9,4,10,2,6,11,5,11,6,2,10,0,5,7,5,5,11,6,6,0,6,8,11,5,6,10,2,6,5,2,11,2,11,8,11,0,2,6,7,9,2,6,10,8,10,10,9,8,11,0,5,3,5,10,11
6,0,4,10,11,6,2,2,7,8,6,7,11,10,6,4,2,7,9,3,7,7,3,10,9,9,3,10,11,2,0,9,11,6,2,9,4,2,6,7,8,11,0,2,10,7,6,5,0,11,6,10,2,2,11,3,3,9,8,2,7,8,0,9,10,9,11,5,11,0,4,6,10,9,0,6,11,3,11,10,2,4,6,10,2,11,7,0,2,11,10,3,11,11,7,10,5,11,3,7,0,6,0,7,3,11,2,6,8,6,6,0,7,7,2,7,9,0,6,7,11,3,7,6,3,0,3,0,9,0,2,3,7,8,10,3,7,11,9,11,11,10,9,0,2,6,4,6,11,0
7,2,5,11,0,7,3,3,8,9,7,8,0,11,7,5,3,8,10,4,8,8,4,11,10,10,4,11,0,3,2,10,0,7,3,10,5,3,7,8,9,0,2,3,11,8,7,6,2,0,7,11,3,3,0,4,4,10,9,3,8,9,2,10,11,10,0,6,0,2,5,7,11,10,2,7,0,4,0,11,3,5,7,11,3,0,8,2,3,0,11,4,0,0,8,11,6,0,4,8,2,7,2,8,4,0,3,7,9,7,7,2,8,8,3,8,10,2,7,8,0,4,8,7,4,2,4,2,10,2,3,4,8,9,11,4,8,0,10,0,0,11,10,2,3,7,5,7,0,2
8,3,6,0,2,8,4,4,9,10,8,9,2,0,8,6,4,9,11,5,9,9,5,0,11,11,5,0,2,4,3,11,2,8,4,11,6,4,8,9,10,2,3,4,0,9,8,7,3,2,8,0,4,4,2,5,5,11,10,4,9,10,3,11,0,11,2,7,2,3,6,8,0,11,3,8,2,5,2,0,4,6,8,0,4,2,9,3,4,2,0,5,2,2,9,0,7,2,5,9,3,8,3,9,5,2,4,8,10,8,8,3,9,9,4,9,11,3,8,9,2,5,9,8,5,3,5,3,11,3,4,5,9,10,0,5,9,2,11,2,2,0,11,3,4,8,6,8,2,3
9,4,7,2,3,9,5,5,10,11,9,10,3,2,9,7,5,10,0,6,10,10,6,2,0,0,6,2,3,5,4,0,3,9,5,0,7,5,9,10,11,3,4,5,2,10,9,8,4,3,9,2,5,5,3,6,6,0,11,5,10,11,4,0,2,0,3,8,3,4,7,9,2,0,4,9,3,6,3,2,5,7,9,2,5,3,10,4,5,3,2,6,3,3,10,2,8,3,6,10,4,9,4,10,6,3,5,9,11,9,9,4,10,10,5,10,0,4,9,10,3,6,10,9,6,4,6,4,0,4,5,6,10,11,2,6,10,3,0,3,3,2,0,4,5,9,7,9,3,4
10,5,8,3,4,10,6,6,11,0,10,11,4,3,10,8,6,11,2,7,11,11,7,3,2,2,7,3,4,6,5,2,4,10,6,2,8,6,10,11,0,4,5,6,3,11,10,9,5,4,10,3,6,6,4,7,7,2,0,6,11,0,5,2,3,2,4,9,4,5,8,10,3,2,5,10,4,7,4,3,6,8,10,3,6,4,11,5,6,4,3,7,4,4,11,3,9,4,7,11,5,10,5,11,7,4,6,10,0,10,10,5,11,11,6,11,2,5,10,11,4,7,11,10,7,5,7,5,2,5,6,7,11,0,3,7,11,4,2,4,4,3,2,5,6,10,8,10,4,5
11,6,9,4,5,11,7,7,0,2,11,0,5,4,11,9,7,0,3,8,0,0,8,4,3,3,8,4,5,7,6,3,5,11,7,3,9,7,11,0,2,5,6,7,4,0,11,10,6,5,11,4,7,7,5,8,8,3,2,7,0,2,6,3,4,3,5,10,5,6,9,11,4,3,6,11,5,8,5,4,7,9,11,4,7,5,0,6,7,5,4,8,5,5,0,4,10,5,8,0,6,11,6,0,8,5,7,11,2,11,11,6,0,0,7,0,3,6,11,0,5,8,0,11,8,6,8,6,3,6,7,8,0,2,4,8,0,5,3,5,5,4,3,6,7,11,9,11,5,6
0,7,10,5,6,0,8,8,2,3,0,2,6,5,0,10,8,2,4,9,2,2,9,5,4,4,9,5,6,8,7,4,6,0,8,4,10,8,0,2,3,6,7,8,5,2,0,11,7,6,0,5,8,8,6,9,9,4,3,8,2,3,7,4,5,4,6,11,6,7,10,0,5,4,7,0,6,9,6,5,8,10,0,5,8,6,2,7,8,6,5,9,6,6,2,5,11,6,9,2,7,0,7,2,9,6,8,0,3,0,0,7,2,2,8,2,4,7,0,2,6,9,2,0,9,7,9,7,4,7,8,9,2,3,5,9,2,6,4,6,6,5,4,7,8,0,10,0,6,7
2,8,11,6,7,2,9,9,3,4,2,3,7,6,2,11,9,3,5,10,3,3,10,6,5,5,10,6,7,9,8,5,7,2,9,5,11,9,2,3,4,7,8,9,6,3,2,0,8,7,2,6,9,9,7,10,10,5,4,9,3,4,8,5,6,5,7,0,7,8,11,2,6,5,8,2,7,10,7,6,9,11,2,6,9,7,3,8,9,7,6,10,7,7,3,6,0,7,10,3,8,2,8,3,10,7,9,2,4,2,2,8,3,3,9,3,5,8,2,3,7,10,3,2,10,8,10,8,5,8,9,10,3,4,6,10,3,7,5,7,7,6,5,8,9,2,11,2,7,8
3,9,0,7,8,3,10,10,4,5,3,4,8,7,3,0,10,4,6,11,4,4,11,7,6,6,11,7,8,10,9,6,8,3,10,6,0,10,3,4,5,8,9,10,7,4,3,2,9,8,3,7,10,10,8,11,11,6,5,10,4,5,9,6,7,6,8,2,8,9,0,3,7,6,9,3,8,11,8,7,10,0,3,7,10,8,4,9,10,8,7,11,8,8,4,7,2,8,11,4,9,3,9,4,11,8,10,3,5,3,3,9,4,4,10,4,6,9,3,4,8,11,4,3,11,9,11,9,6,9,10,11,4,5,7,11,4,8,6,8,8,7,6,9,10,3,0,3,8,9
4,10,2,8,9,4,11,11,5,6,4,5,9,8,4,2,11,5,7,0,5,5,0,8,7,7,0,8,9,11,10,7,9,4,11,7,2,11,4,5,6,9,10,11,8,5,4,3,10,9,4,8,11,11,9,0,0,7,6,11,5,6,10,7,8,7,9,3,9,10,2,4,8,7,10,4,9,0,9,8,11,2,4,8,11,9,5,10,11,9,8,0,9,9,5,8,3,9,0,5,10,4,10,5,0,9,11,4,6,4,4,10,5,5,11,5,7,10,4,5,9,0,5,4,0,10,0,10,7,10,11,0,5,6,8,0,5,9,7,9,9,8,7,10,11,4,2,4,9,10
5,11,3,9,10,5,0,0,6,7,5,6,10,9,5,3,0,6,8,2,6,6,2,9,8,8,2,9,10,0,11,8,10,5,0,8,3,0,5,6,7,10,11,0,9,6,5,4,11,10,5,9,0,0,10,2,2,8,7,0,6,7,11,8,9,8,10,4,10,11,3,5,9,8,11,5,10,2,10,9,0,3,5,9,0,10,6,11,0,10,9,2,10,10,6,9,4,10,2,6,11,5,11,6,2,10,0,5,7,5,5,11,6,6,0,6,8,11,5,6,10,2,6,5,2,11,2,11,8,11,0,2,6,7,9,2,6,10,8,10,10,9,8,11,0,5,3,5,10,11
6,0,4,10,11,6,2,2,7,8,6,7,11,10,6,4,2,7,9,3,7,7,3,10,9,9,3,10,11,2,0,9,11,6,2,9,4,2,6,7,8,11,0,2,10,7,6,5,0,11,6,10,2,2,11,3,3,9,8,2,7,8,0,9,10,9,11,5,11,0,4,6,10,9,0,6,11,3,11,10,2,4,6,10,2,11,7,0,2,11,10,3,11,11,7,10,5,11,3,7,0,6,0,7,3,11,2,6,8,6,6,0,7,7,2,7,9,0,6,7,11,3,7,6,3,0,3,0,9,0,2,3,7,8,10,3,7,11,9,11,11,10,9,0,2,6,4,6,11,0
7,2,5,11,0,7,3,3,8,9,7,8,0,11,7,5,3,8,10,4,8,8,4,11,10,10,4,11,0,3,2,10,0,7,3,10,5,3,7,8,9,0,2,3,11,8,7,6,2,0,7,11,3,3,0,4,4,10,9,3,8,9,2,10,11,10,0,6,0,2,5,7,11,10,2,7,0,4,0,11,3,5,7,11,3,0,8,2,3,0,11,4,0,0,8,11,6,0,4,8,2,7,2,8,4,0,3,7,9,7,7,2,8,8,3,8,10,2,7,8,0,4,8,7,4,2,4,2,10,2,3,4,8,9,11,4,8,0,10,0,0,11,10,2,3,7,5,7,0,2
8,3,6,0,2,8,4,4,9,10,8,9,2,0,8,6,4,9,11,5,9,9,5,0,11,11,5,0,2,4,3,11,2,8,4,11,6,4,8,9,10,2,3,4,0,9,8,7,3,2,8,0,4,4,2,5,5,11,10,4,9,10,3,11,0,11,2,7,2,3,6,8,0,11,3,8,2,5,2,0,4,6,8,0,4,2,9,3,4,2,0,5,2,2,9,0,7,2,5,9,3,8,3,9,5,2,4,8,10,8,8,3,9,9,4,9,11,3,8,9,2,5,9,8,5,3,5,3,11,3,4,5,9,10,0,5,9,2,11,2,2,0,11,3,4,8,6,8,2,3
9,4,7,2,3,9,5,5,10,11,9,10,3,2,9,7,5,10,0,6,10,10,6,2,0,0,6,2,3,5,4,0,3,9,5,0,7,5,9,10,11,3,4,5,2,10,9,8,4,3,9,2,5,5,3,6,6,0,11,5,10,11,4,0,2,0,3,8,3,4,7,9,2,0,4,9,3,6,3,2,5,7,9,2,5,3,10,4,5,3,2,6,3,3,10,2,8,3,6,10,4,9,4,10,6,3,5,9,11,9,9,4,10,10,5,10,0,4,9,10,3,6,10,9,6,4,6,4,0,4,5,6,10,11,2,6,10,3,0,3,3,2,0,4,5,9,7,9,3,4
10,5,8,3,4,10,6,6,11,0,10,11,4,3,10,8,6,11,2,7,11,11,7,3,2,2,7,3,4,6,5,2,4,10,6,2,8,6,10,11,0,4,5,6,3,11,10,9,5,4,10,3,6,6,4,7,7,2,0,6,11,0,5,2,3,2,4,9,4,5,8,10,3,2,5,10,4,7,4,3,6,8,10,3,6,4,11,5,6,4,3,7,4,4,11,3,9,4,7,11,5,10,5,11,7,4,6,10,0,10,10,5,11,11,6,11,2,5,10,11,4,7,11,10,7,5,7,5,2,5,6,7,11,0,3,7,11,4,2,4,4,3,2,5,6,10,8,10,4,5
11,6,9,4,5,11,7,7,0,2,11,0,5,4,11,9,7,0,3,8,0,0,8,4,3,3,8,4,5,7,6,3,5,11,7,3,9,7,11,0,2,5,6,7,4,0,11,10,6,5,11,4,7,7,5,8,8,3,2,7,0,2,6,3,4,3,5,10,5,6,9,11,4,3,6,11,5,8,5,4,7,9,11,4,7,5,0,6,7,5,4,8,5,5,0,4,10,5,8,0,6,11,6,0,8,5,7,11,2,11,11,6,0,0,7,0,3,6,11,0,5,8,0,11,8,6,8,6,3,6,7,8,0,2,4,8,0,5,3,5,5,4,3,6,7,11,9,11,5,6
0,7,10,5,6,0,8,8,2,3,0,2,6,5,0,10,8,2,4,9,2,2,9,5,4,4,9,5,6,8,7,4,6,0,8,4,10,8,0,2,3,6,7,8,5,2,0,11,7,6,0,5,8,8,6,9,9,4,3,8,2,3,7,4,5,4,6,11,6,7,10,0,5,4,7,0,6,9,6,5,8,10,0,5,8,6,2,7,8,6,5,9,6,6,2,5,11,6,9,2,7,0,7,2,9,6,8,0,3,0,0,7,2,2,8,2,4,7,0,2,6,9,2,0,9,7,9,7,4,7,8,9,2,3,5,9,2,6,4,6,6,5,4,7,8,0,10,0,6,7
2,8,11,6,7,2,9,9,3,4,2,3,7,6,2,11,9,3,5,10,3,3,10,6,5,5,10,6,7,9,8,5,7,2,9,5,11,9,2,3,4,7,8,9,6,3,2,0,8,7,2,6,9,9,7,10,10,5,4,9,3,4,8,5,6,5,7,0,7,8,11,2,6,5,8,2,7,10,7,6,9,11,2,6,9,7,3,8,9,7,6,10,7,7,3,6,0,7,10,3,8,2,8,3,10,7,9,2,4,2,2,8,3,3,9,3,5,8,2,3,7,10,3,2,10,8,10,8,5,8,9,10,3,4,6,10,3,7,5,7,7,6,5,8,9,2,11,2,7,8
3,9,0,7,8,3,10,10,4,5,3,4,8,7,3,0,10,4,6,11,4,4,11,7,6,6,11,7,8,10,9,6,8,3,10,6,0,10,3,4,5,8,9,10,7,4,3,2,9,8,3,7,10,10,8,11,11,6,5,10,4,5,9,6,7,6,8,2,8,9,0,3,7,6,9,3,8,11,8,7,10,0,3,7,10,8,4,9,10,8,7,11,8,8,4,7,2,8,11,4,9,3,9,4,11,8,10,3,5,3,3,9,4,4,10,4,6,9,3,4,8,11,4,3,11,9,11,9,6,9,10,11,4,5,7,11,4,8,6,8,8,7,6,9,10,3,0,3,8,9
4,10,2,8,9,4,11,11,5,6,4,5,9,8,4,2,11,5,7,0,5,5,0,8,7,7,0,8,9,11,10,7,9,4,11,7,2,11,4,5,6,9,10,11,8,5,4,3,10,9,4,8,11,11,9,0,0,7,6,11,5,6,10,7,8,7,9,3,9,10,2,4,8,7,10,4,9,0,9,8,11,2,4,8,11,9,5,10,11,9,8,0,9,9,5,8,3,9,0,5,10,4,10,5,0,9,11,4,6,4,4,10,5,5,11,5,7,10,4,5,9,0,5,4,0,10,0,10,7,10,11,0,5,6,8,0,5,9,7,9,9,8,7,10,11,4,2,4,9,10
5,11,3,9,10,5,0,0,6,7,5,6,10,9,5,3,0,6,8,2,6,6,2,9,8,8,2,9,10,0,11,8,10,5,0,8,3,0,5,6,7,10,11,0,9,6,5,4,11,10,5,9,0,0,10,2,2,8,7,0,6,7,11,8,9,8,10,4,10,11,3,5,9,8,11,5,10,2,10,9,0,3,5,9,0,10,6,11,0,10,9,2,10,10,6,9,4,10,2,6,11,5,11,6,2,10,0,5,7,5,5,11,6,6,0,6,8,11,5,6,10,2,6,5,2,11,2,11,8,11,0,2,6,7,9,2,6,10,8,10,10,9,8,11,0,5,3,5,10,11
6,0,4,10,11,6,2,2,7,8,6,7,11,10,6,4,2,7,9,3,7,7,3,10,9,9,3,10,11,2,0,9,11,6,2,9,4,2,6,7,8,11,0,2,10,7,6,5,0,11,6,10,2,2,11,3,3,9,8,2,7,8,0,9,10,9,11,5,11,0,4,6,10,9,0,6,11,3,11,10,2,4,6,10,2,11,7,0,2,11,10,3,11,11,7,10,5,11,3,7,0,6,0,7,3,11,2,6,8,6,6,0,7,7,2,7,9,0,6,7,11,3,7,6,3,0,3,0,9,0,2,3,7,8,10,3,7,11,9,11,11,10,9,0,2,6,4,6,11,0
7,2,5,11,0,7,3,3,8,9,7,8,0,11,7,5,3,8,10,4,8,8,4,11,10,10,4,11,0,3,2,10,0,7,3,10,5,3,7,8,9,0,2,3,11,8,7,6,2,0,7,11,3,3,0,4,4,10,9,3,8,9,2,10,11,10,0,6,0,2,5,7,11,10,2,7,0,4,0,11,3,5,7,11,3,0,8,2,3,0,11,4,0,0,8,11,6,0,4,8,2,7,2,8,4,0,3,7,9,7,7,2,8,8,3,8,10,2,7,8,0,4,8,7,4,2,4,2,10,2,3,4,8,9,11,4,8,0,10,0,0,11,10,2,3,7,5,7,0,2
8,3,6,0,2,8,4,4,9,10,8,9,2,0,8,6,4,9,11,5,9,9,5,0,11,11,5,0,2,4,3,11,2,8,4,11,6,4,8,9,10,2,3,4,0,9,8,7,3,2,8,0,4,4,2,5,5,11,10,4,9,10,3,11,0,11,2,7,2,3,6,8,0,11,3,8,2,5,2,0,4,6,8,0,4,2,9,3,4,2,0,5,2,2,9,0,7,2,5,9,3,8,3,9,5,2,4,8,10,8,8,3,9,9,4,9,11,3,8,9,2,5,9,8,5,3,5,3,11,3,4,5,9,10,0,5,9,2,11,2,2,0,11,3,4,8,6,8,2,3
9,4,7,2,3,9,5,5,10,11,9,10,3,2,9,7,5,10,0,6,10,10,6,2,0,0,6,2,3,5,4,0,3,9,5,0,7,5,9,10,11,3,4,5,2,10,9,8,4,3,9,2,5,5,3,6,6,0,11,5,10,11,4,0,2,0,3,8,3,4,7,9,2,0,4,9,3,6,3,2,5,7,9,2,5,3,10,4,5,3,2,6,3,3,10,2,8,3,6,10,4,9,4,10,6,3,5,9,11,9,9,4,10,10,5,10,0,4,9,10,3,6,10,9,6,4,6,4,0,4,5,6,10,11,2,6,10,3,0,3,3,2,0,4,5,9,7,9,3,4
10,5,8,3,4,10,6,6,11,0,10,11,4,3,10,8,6,11,2,7,11,11,7,3,2,2,7,3,4,6,5,2,4,10,6,2,8,6,10,11,0,4,5,6,3,11,10,9,5,4,10,3,6,6,4,7,7,2,0,6,11,0,5,2,3,2,4,9,4,5,8,10,3,2,5,10,4,7,4,3,6,8,10,3,6,4,11,5,6,4,3,7,4,4,11,3,9,4,7,11,5,10,5,11,7,4,6,10,0,10,10,5,11,11,6,11,2,5,10,11,4,7,11,10,7,5,7,5,2,5,6,7,11,0,3,7,11,4,2,4,4,3,2,5,6,10,8,10,4,5
11,6,9,4,5,11,7,7,0,2,11,0,5,4,11,9,7,0,3,8,0,0,8,4,3,3,8,4,5,7,6,3,5,11,7,3,9,7,11,0,2,5,6,7,4,0,11,10,6,5,11,4,7,7,5,8,8,3,2,7,0,2,6,3,4,3,5,10,5,6,9,11,4,3,6,11,5,8,5,4,7,9,11,4,7,5,0,6,7,5,4,8,5,5,0,4,10,5,8,0,6,11,6,0,8,5,7,11,2,11,11,6,0,0,7,0,3,6,11,0,5,8,0,11,8,6,8,6,3,6,7,8,0,2,4,8,0,5,3,5,5,4,3,6,7,11,9,11,5,6
0,7,10,5,6,0,8,8,2,3,0,2,6,5,0,10,8,2,4,9,2,2,9,5,4,4,9,5,6,8,7,4,6,0,8,4,10,8,0,2,3,6,7,8,5,2,0,11,7,6,0,5,8,8,6,9,9,4,3,8,2,3,7,4,5,4,6,11,6,7,10,0,5,4,7,0,6,9,6,5,8,10,0,5,8,6,2,7,8,6,5,9,6,6,2,5,11,6,9,2,7,0,7,2,9,6,8,0,3,0,0,7,2,2,8,2,4,7,0,2,6,9,2,0,9,7,9,7,4,7,8,9,2,3,5,9,2,6,4,6,6,5,4,7,8,0,10,0,6,7
2,8,11,6,7,2,9,9,3,4,2,3,7,6,2,11,9,3,5,10,3,3,10,6,5,5,10,6,7,9,8,5,7,2,9,5,11,9,2,3,4,7,8,9,6,3,2,0,8,7,2,6,9,9,7,10,10,5,4,9,3,4,8,5,6,5,7,0,7,8,11,2,6,5,8,2,7,10,7,6,9,11,2,6,9,7,3,8,9,7,6,10,7,7,3,6,0,7,10,3,8,2,8,3,10,7,9,2,4,2,2,8,3,3,9,3,5,8,2,3,7,10,3,2,10,8,10,8,5,8,9,10,3,4,6,10,3,7,5,7,7,6,5,8,9,2,11,2,7,8
3,9,0,7,8,3,10,10,4,5,3,4,8,7,3,0,10,4,6,11,4,4,11,7,6,6,11,7,8,10,9,6,8,3,10,6,0,10,3,4,5,8,9,10,7,4,3,2,9,8,3,7,10,10,8,11,11,6,5,10,4,5,9,6,7,6,8,2,8,9,0,3,7,6,9,3,8,11,8,7,10,0,3,7,10,8,4,9,10,8,7,11,8,8,4,7,2,8,11,4,9,3,9,4,11,8,10,3,5,3,3,9,4,4,10,4,6,9,3,4,8,11,4,3,11,9,11,9,6,9,10,11,4,5,7,11,4,8,6,8,8,7,6,9,10,3,0,3,8,9
4,10,2,8,9,4,11,11,5,6,4,5,9,8,4,2,11,5,7,0,5,5,0,8,7,7,0,8,9,11,10,7,9,4,11,7,2,11,4,5,6,9,10,11,8,5,4,3,10,9,4,8,11,11,9,0,0,7,6,11,5,6,10,7,8,7,9,3,9,10,2,4,8,7,10,4,9,0,9,8,11,2,4,8,11,9,5,10,11,9,8,0,9,9,5,8,3,9,0,5,10,4,10,5,0,9,11,4,6,4,4,10,5,5,11,5,7,10,4,5,9,0,5,4,0,10,0,10,7,10,11,0,5,6,8,0,5,9,7,9,9,8,7,10,11,4,2,4,9,10
5,11,3,9,10,5,0,0,6,7,5,6,10,9,5,3,0,6,8,2,6,6,2,9,8,8,2,9,10,0,11,8,10,5,0,8,3,0,5,6,7,10,11,0,9,6,5,4,11,10,5,9,0,0,10,2,2,8,7,0,6,7,11,8,9,8,10,4,10,11,3,5,9,8,11,5,10,2,10,9,0,3,5,9,0,10,6,11,0,10,9,2,10,10,6,9,4,10,2,6,11,5,11,6,2,10,0,5,7,5,5,11,6,6,0,6,8,11,5,6,10,2,6,5,2,11,2,11,8,11,0,2,6,7,9,2,6,10,8,10,10,9,8,11,0,5,3,5,10,11
6,0,4,10,11,6,2,2,7,8,6,7,11,10,6,4,2,7,9,3,7,7,3,10,9,9,3,10,11,2,0,9,11,6,2,9,4,2,6,7,8,11,0,2,10,7,6,5,0,11,6,10,2,2,11,3,3,9,8,2,7,8,0,9,10,9,11,5,11,0,4,6,10,9,0,6,11,3,11,10,2,4,6,10,2,11,7,0,2,11,10,3,11,11,7,10,5,11,3,7,0,6,0,7,3,11,2,6,8,6,6,0,7,7,2,7,9,0,6,7,11,3,7,6,3,0,3,0,9,0,2,3,7,8,10,3,7,11,9,11,11,10,9,0,2,6,4,6,11,0
7,2,5,11,0,7,3,3,8,9,7,8,0,11,7,5,3,8,10,4,8,8,4,11,10,10,4,11,0,3,2,10,0,7,3,10,5,3,7,8,9,0,2,3,11,8,7,6,2,0,7,11,3,3,0,4,4,10,9,3,8,9,2,10,11,10,0,6,0,2,5,7,11,10,2,7,0,4,0,11,3,5,7,11,3,0,8,2,3,0,11,4,0,0,8,11,6,0,4,8,2,7,2,8,4,0,3,7,9,7,7,2,8,8,3,8,10,2,7,8,0,4,8,7,4,2,4,2,10,2,3,4,8,9,11,4,8,0,10,0,0,11,10,2,3,7,5,7,0,2
8,3,6,0,2,8,4,4,9,10,8,9,2,0,8,6,4,9,11,5,9,9,5,0,11,11,5,0,2,4,3,11,2,8,4,11,6,4,8,9,10,2,3,4,0,9,8,7,3,2,8,0,4,4,2,5,5,11,10,4,9,10,3,11,0,11,2,7,2,3,6,8,0,11,3,8,2,5,2,0,4,6,8,0,4,2,9,3,4,2,0,5,2,2,9,0,7,2,5,9,3,8,3,9,5,2,4,8,10,8,8,3,9,9,4,9,11,3,8,9,2,5,9,8,5,3,5,3,11,3,4,5,9,10,0,5,9,2,11,2,2,0,11,3,4,8,6,8,2,3
9,4,7,2,3,9,5,5,10,11,9,10,3,2,9,7,5,10,0,6,10,10,6,2,0,0,6,2,3,5,4,0,3,9,5,0,7,5,9,10,11,3,4,5,2,10,9,8,4,3,9,2,5,5,3,6,6,0,11,5,10,11,4,0,2,0,3,8,3,4,7,9,2,0,4,9,3,6,3,2,5,7,9,2,5,3,10,4,5,3,2,6,3,3,10,2,8,3,6,10,4,9,4,10,6,3,5,9,11,9,9,4,10,10,5,10,0,4,9,10,3,6,10,9,6,4,6,4,0,4,5,6,10,11,2,6,10,3,0,3,3,2,0,4,5,9,7,9,3,4
10,5,8,3,4,10,6,6,11,0,10,11,4,3,10,8,6,11,2,7,11,11,7,3,2,2,7,3,4,6,5,2,4,10,6,2,8,6,10,11,0,4,5,6,3,11,10,9,5,4,10,3,6,6,4,7,7,2,0,6,11,0,5,2,3,2,4,9,4,5,8,10,3,2,5,10,4,7,4,3,6,8,10,3,6,4,11,5,6,4,3,7,4,4,11,3,9,4,7,11,5,10,5,11,7,4,6,10,0,10,10,5,11,11,6,11,2,5,10,11,4,7,11,10,7,5,7,5,2,5,6,7,11,0,3,7,11,4,2,4,4,3,2,5,6,10,8,10,4,5
11,6,9,4,5,11,7,7,0,2,11,0,5,4,11,9,7,0,3,8,0,0,8,4,3,3,8,4,5,7,6,3,5,11,7,3,9,7,11,0,2,5,6,7,4,0,11,10,6,5,11,4,7,7,5,8,8,3,2,7,0,2,6,3,4,3,5,10,5,6,9,11,4,3,6,11,5,8,5,4,7,9,11,4,7,5,0,6,7,5,4,8,5,5,0,4,10,5,8,0,6,11,6,0,8,5,7,11,2,11,11,6,0,0,7,0,3,6,11,0,5,8,0,11,8,6,8,6,3,6,7,8,0,2,4,8,0,5,3,5,5,4,3,6,7,11,9,11,5,6
0,7,10,5,6,0,8,8,2,3,0,2,6,5,0,10,8,2,4,9,2,2,9,5,4,4,9,5,6,8,7,4,6,0,8,4,10,8,0,2,3,6,7,8,5,2,0,11,7,6,0,5,8,8,6,9,9,4,3,8,2,3,7,4,5,4,6,11,6,7,10,0,5,4,7,0,6,9,6,5,8,10,0,5,8,6,2,7,8,6,5,9,6,6,2,5,11,6,9,2,7,0,7,2,9,6,8,0,3,0,0,7,2,2,8,2,4,7,0,2,6,9,2,0,9,7,9,7,4,7,8,9,2,3,5,9,2,6,4,6,6,5,4,7,8,0,10,0,6,7
2,8,11,6,7,2,9,9,3,4,2,3,7,6,2,11,9,3,5,10,3,3,10,6,5,5,10,6,7,9,8,5,7,2,9,5,11,9,2,3,4,7,8,9,6,3,2,0,8,7,2,6,9,9,7,10,10,5,4,9,3,4,8,5,6,5,7,0,7,8,11,2,6,5,8,2,7,10,7,6,9,11,2,6,9,7,3,8,9,7,6,10,7,7,3,6,0,7,10,3,8,2,8,3,10,7,9,2,4,2,2,8,3,3,9,3,5,8,2,3,7,10,3,2,10,8,10,8,5,8,9,10,3,4,6,10,3,7,5,7,7,6,5,8,9,2,11,2,7,8
3,9,0,7,8,3,10,10,4,5,3,4,8,7,3,0,10,4,6,11,4,4,11,7,6,6,11,7,8,10,9,6,8,3,10,6,0,10,3,4,5,8,9,10,7,4,3,2,9,8,3,7,10,10,8,11,11,6,5,10,4,5,9,6,7,6,8,2,8,9,0,3,7,6,9,3,8,11,8,7,10,0,3,7,10,8,4,9,10,8,7,11,8,8,4,7,2,8,11,4,9,3,9,4,11,8,10,3,5,3,3,9,4,4,10,4,6,9,3,4,8,11,4,3,11,9,11,9,6,9,10,11,4,5,7,11,4,8,6,8,8,7,6,9,10,3,0,3,8,9
4,10,2,8,9,4,11,11,5,6,4,5,9,8,4,2,11,5,7,0,5,5,0,8,7,7,0,8,9,11,10,7,9,4,11,7,2,11,4,5,6,9,10,11,8,5,4,3,10,9,4,8,11,11,9,0,0,7,6,11,5,6,10,7,8,7,9,3,9,10,2,4,8,7,10,4,9,0,9,8,11,2,4,8,11,9,5,10,11,9,8,0,9,9,5,8,3,9,0,5,10,4,10,5,0,9,11,4,6,4,4,10,5,5,11,5,7,10,4,5,9,0,5,4,0,10,0,10,7,10,11,0,5,6,8,0,5,9,7,9,9,8,7,10,11,4,2,4,9,10
5,11,3,9,10,5,0,0,6,7,5,6,10,9,5,3,0,6,8,2,6,6,2,9,8,8,2,9,10,0,11,8,10,5,0,8,3,0,5,6,7,10,11,0,9,6,5,4,11,10,5,9,0,0,10,2,2,8,7,0,6,7,11,8,9,8,10,4,10,11,3,5,9,8,11,5,10,2,10,9,0,3,5,9,0,10,6,11,0,10,9,2,10,10,6,9,4,10,2,6,11,5,11,6,2,10,0,5,7,5,5,11,6,6,0,6,8,11,5,6,10,2,6,5,2,11,2,11,8,11,0,2,6,7,9,2,6,10,8,10,10,9,8,11,0,5,3,5,10,11
6,0,4,10,11,6,2,2,7,8,6,7,11,10,6,4,2,7,9,3,7,7,3,10,9,9,3,10,11,2,0,9,11,6,2,9,4,2,6,7,8,11,0,2,10,7,6,5,0,11,6,10,2,2,11,3,3,9,8,2,7,8,0,9,10,9,11,5,11,0,4,6,10,9,0,6,11,3,11,10,2,4,6,10,2,11,7,0,2,11,10,3,11,11,7,10,5,11,3,7,0,6,0,7,3,11,2,6,8,6,6,0,7,7,2,7,9,0,6,7,11,3,7,6,3,0,3,0,9,0,2,3,7,8,10,3,7,11,9,11,11,10,9,0,2,6,4,6,11,0
7,2,5,11,0,7,3,3,8,9,7,8,0,11,7,5,3,8,10,4,8,8,4,11,10,10,4,11,0,3,2,10,0,7,3,10,5,3,7,8,9,0,2,3,11,8,7,6,2,0,7,11,3,3,0,4,4,10,9,3,8,9,2,10,11,10,0,6,0,2,5,7,11,10,2,7,0,4,0,11,3,5,7,11,3,0,8,2,3,0,11,4,0,0,8,11,6,0,4,8,2,7,2,8,4,0,3,7,9,7,7,2,8,8,3,8,10,2,7,8,0,4,8,7,4,2,4,2,10,2,3,4,8,9,11,4,8,0,10,0,0,11,10,2,3,7,5,7,0,2
8,3,6,0,2,8,4,4,9,10,8,9,2,0,8,6,4,9,11,5,9,9,5,0,11,11,5,0,2,4,3,11,2,8,4,11,6,4,8,9,10,2,3,4,0,9,8,7,3,2,8,0,4,4,2,5,5,11,10,4,9,10,3,11,0,11,2,7,2,3,6,8,0,11,3,8,2,5,2,0,4,6,8,0,4,2,9,3,4,2,0,5,2,2,9,0,7,2,5,9,3,8,3,9,5,2,4,8,10,8,8,3,9,9,4,9,11,3,8,9,2,5,9,8,5,3,5,3,11,3,4,5,9,10,0,5,9,2,11,2,2,0,11,3,4,8,6,8,2,3
9,4,7,2,3,9,5,5,10,11,9,10,3,2,9,7,5,10,0,6,10,10,6,2,0,0,6,2,3,5,4,0,3,9,5,0,7,5,9,10,11,3,4,5,2,10,9,8,4,3,9,2,5,5,3,6,6,0,11,5,10,11,4,0,2,0,3,8,3,4,7,9,2,0,4,9,3,6,3,2,5,7,9,2,5,3,10,4,5,3,2,6,3,3,10,2,8,3,6,10,4,9,4,10,6,3,5,9,11,9,9,4,10,10,5,10,0,4,9,10,3,6,10,9,6,4,6,4,0,4,5,6,10,11,2,6,10,3,0,3,3,2,0,4,5,9,7,9,3,4
10,5,8,3,4,10,6,6,11,0,10,11,4,3,10,8,6,11,2,7,11,11,7,3,2,2,7,3,4,6,5,2,4,10,6,2,8,6,10,11,0,4,5,6,3,11,10,9,5,4,10,3,6,6,4,7,7,2,0,6,11,0,5,2,3,2,4,9,4,5,8,10,3,2,5,10,4,7,4,3,6,8,10,3,6,4,11,5,6,4,3,7,4,4,11,3,9,4,7,11,5,10,5,11,7,4,6,10,0,10,10,5,11,11,6,11,2,5,10,11,4,7,11,10,7,5,7,5,2,5,6,7,11,0,3,7,11,4,2,4,4,3,2,5,6,10,8,10,4,5
11,6,9,4,5,11,7,7,0,2,11,0,5,4,11,9,7,0,3,8,0,0,8,4,3,3,8,4,5,7,6,3,5,11,7,3,9,7,11,0,2,5,6,7,4,0,11,10,6,5,11,4,7,7,5,8,8,3,2,7,0,2,6,3,4,3,5,10,5,6,9,11,4,3,6,11,5,8,5,4,7,9,11,4,7,5,0,6,7,5,4,8,5,5,0,4,10,5,8,0,6,11,6,0,8,5,7,11,2,11,11,6,0,0,7,0,3,6,11,0,5,8,0,11,8,6,8,6,3,6,7,8,0,2,4,8,0,5,3,5,5,4,3,6,7,11,9,11,5,6
0,7,10,5,6,0,8,8,2,3,0,2,6,5,0,10,8,2,4,9,2,2,9,5,4,4,9,5,6,8,7,4,6,0,8,4,10,8,0,2,3,6,7,8,5,2,0,11,7,6,0,5,8,8,6,9,9,4,3,8,2,3,7,4,5,4,6,11,6,7,10,0,5,4,7,0,6,9,6,5,8,10,0,5,8,6,2,7,8,6,5,9,6,6,2,5,11,6,9,2,7,0,7,2,9,6,8,0,3,0,0,7,2,2,8,2,4,7,0,2,6,9,2,0,9,7,9,7,4,7,8,9,2,3,5,9,2,6,4,6,6,5,4,7,8,0,10,0,6,7
2,8,11,6,7,2,9,9,3,4,2,3,7,6,2,11,9,3,5,10,3,3,10,6,5,5,10,6,7,9,8,5,7,2,9,5,11,9,2,3,4,7,8,9,6,3,2,0,8,7,2,6,9,9,7,10,10,5,4,9,3,4,8,5,6,5,7,0,7,8,11,2,6,5,8,2,7,10,7,6,9,11,2,6,9,7,3,8,9,7,6,10,7,7,3,6,0,7,10,3,8,2,8,3,10,7,9,2,4,2,2,8,3,3,9,3,5,8,2,3,7,10,3,2,10,8,10,8,5,8,9,10,3,4,6,10,3,7,5,7,7,6,5,8,9,2,11,2,7,8
3,9,0,7,8,3,10,10,4,5,3,4,8,7,3,0,10,4,6,11,4,4,11,7,6,6,11,7,8,10,9,6,8,3,10,6,0,10,3,4,5,8,9,10,7,4,3,2,9,8,3,7,10,10,8,11,11,6,5,10,4,5,9,6,7,6,8,2,8,9,0,3,7,6,9,3,8,11,8,7,10,0,3,7,10,8,4,9,10,8,7,11,8,8,4,7,2,8,11,4,9,3,9,4,11,8,10,3,5,3,3,9,4,4,10,4,6,9,3,4,8,11,4,3,11,9,11,9,6,9,10,11,4,5,7,11,4,8,6,8,8,7,6,9,10,3,0,3,8,9
4,10,2,8,9,4,11,11,5,6,4,5,9,8,4,2,11,5,7,0,5,5,0,8,7,7,0,8,9,11,10,7,9,4,11,7,2,11,4,5,6,9,10,11,8,5,4,3,10,9,4,8,11,11,9,0,0,7,6,11,5,6,10,7,8,7,9,3,9,10,2,4,8,7,10,4,9,0,9,8,11,2,4,8,11,9,5,10,11,9,8,0,9,9,5,8,3,9,0,5,10,4,10,5,0,9,11,4,6,4,4,10,5,5,11,5,7,10,4,5,9,0,5,4,0,10,0,10,7,10,11,0,5,6,8,0,5,9,7,9,9,8,7,10,11,4,2,4,9,10
5,11,3,9,10,5,0,0,6,7,5,6,10,9,5,3,0,6,8,2,6,6,2,9,8,8,2,9,10,0,11,8,10,5,0,8,3,0,5,6,7,10,11,0,9,6,5,4,11,10,5,9,0,0,10,2,2,8,7,0,6,7,11,8,9,8,10,4,10,11,3,5,9,8,11,5,10,2,10,9,0,3,5,9,0,10,6,11,0,10,9,2,10,10,6,9,4,10,2,6,11,5,11,6,2,10,0,5,7,5,5,11,6,6,0,6,8,11,5,6,10,2,6,5,2,11,2,11,8,11,0,2,6,7,9,2,6,10,8,10,10,9,8,11,0,5,3,5,10,11
6,0,4,10,11,6,2,2,7,8,6,7,11,10,6,4,2,7,9,3,7,7,3,10,9,9,3,10,11,2,0,9,11,6,2,9,4,2,6,7,8,11,0,2,10,7,6,5,0,11,6,10,2,2,11,3,3,9,8,2,7,8,0,9,10,9,11,5,11,0,4,6,10,9,0,6,11,3,11,10,2,4,6,10,2,11,7,0,2,11,10,3,11,11,7,10,5,11,3,7,0,6,0,7,3,11,2,6,8,6,6,0,7,7,2,7,9,0,6,7,11,3,7,6,3,0,3,0,9,0,2,3,7,8,10,3,7,11,9,11,11,10,9,0,2,6,4,6,11,0
7,2,5,11,0,7,3,3,8,9,7,8,0,11,7,5,3,8,10,4,8,8,4,11,10,10,4,11,0,3,2,10,0,7,3,10,5,3,7,8,9,0,2,3,11,8,7,6,2,0,7,11,3,3,0,4,4,10,9,3,8,9,2,10,11,10,0,6,0,2,5,7,11,10,2,7,0,4,0,11,3,5,7,11,3,0,8,2,3,0,11,4,0,0,8,11,6,0,4,8,2,7,2,8,4,0,3,7,9,7,7,2,8,8,3,8,10,2,7,8,0,4,8,7,4,2,4,2,10,2,3,4,8,9,11,4,8,0,10,0,0,11,10,2,3,7,5,7,0,2
8,3,6,0,2,8,4,4,9,10,8,9,2,0,8,6,4,9,11,5,9,9,5,0,11,11,5,0,2,4,3,11,2,8,4,11,6,4,8,9,10,2,3,4,0,9,8,7,3,2,8,0,4,4,2,5,5,11,10,4,9,10,3,11,0,11,2,7,2,3,6,8,0,11,3,8,2,5,2,0,4,6,8,0,4,2,9,3,4,2,0,5,2,2,9,0,7,2,5,9,3,8,3,9,5,2,4,8,10,8,8,3,9,9,4,9,11,3,8,9,2,5,9,8,5,3,5,3,11,3,4,5,9,10,0,5,9,2,11,2,2,0,11,3,4,8,6,8,2,3
9,4,7,2,3,9,5,5,10,11,9,10,3,2,9,7,5,10,0,6,10,10,6,2,0,0,6,2,3,5,4,0,3,9,5,0,7,5,9,10,11,3,4,5,2,10,9,8,4,3,9,2,5,5,3,6,6,0,11,5,10,11,4,0,2,0,3,8,3,4,7,9,2,0,4,9,3,6,3,2,5,7,9,2,5,3,10,4,5,3,2,6,3,3,10,2,8,3,6,10,4,9,4,10,6,3,5,9,11,9,9,4,10,10,5,10,0,4,9,10,3,6,10,9,6,4,6,4,0,4,5,6,10,11,2,6,10,3,0,3,3,2,0,4,5,9,7,9,3,4
10,5,8,3,4,10,6,6,11,0,10,11,4,3,10,8,6,11,2,7,11,11,7,3,2,2,7,3,4,6,5,2,4,10,6,2,8,6,10,11,0,4,5,6,3,11,10,9,5,4,10,3,6,6,4,7,7,2,0,6,11,0,5,2,3,2,4,9,4,5,8,10,3,2,5,10,4,7,4,3,6,8,10,3,6,4,11,5,6,4,3,7,4,4,11,3,9,4,7,11,5,10,5,11,7,4,6,10,0,10,10,5,11,11,6,11,2,5,10,11,4,7,11,10,7,5,7,5,2,5,6,7,11,0,3,7,11,4,2,4,4,3,2,5,6,10,8,10,4,5
11,6,9,4,5,11,7,7,0,2,11,0,5,4,11,9,7,0,3,8,0,0,8,4,3,3,8,4,5,7,6,3,5,11,7,3,9,7,11,0,2,5,6,7,4,0,11,10,6,5,11,4,7,7,5,8,8,3,2,7,0,2,6,3,4,3,5,10,5,6,9,11,4,3,6,11,5,8,5,4,7,9,11,4,7,5,0,6,7,5,4,8,5,5,0,4,10,5,8,0,6,11,6,0,8,5,7,11,2,11,11,6,0,0,7,0,3,6,11,0,5,8,0,11,8,6,8,6,3,6,7,8,0,2,4,8,0,5,3,5,5,4,3,6,7,11,9,11,5,6
0,7,10,5,6,0,8,8,2,3,0,2,6,5,0,10,8,2,4,9,2,2,9,5,4,4,9,5,6,8,7,4,6,0,8,4,10,8,0,2,3,6,7,8,5,2,0,11,7,6,0,5,8,8,6,9,9,4,3,8,2,3,7,4,5,4,6,11,6,7,10,0,5,4,7,0,6,9,6,5,8,10,0,5,8,6,2,7,8,6,5,9,6,6,2,5,11,6,9,2,7,0,7,2,9,6,8,0,3,0,0,7,2,2,8,2,4,7,0,2,6,9,2,0,9,7,9,7,4,7,8,9,2,3,5,9,2,6,4,6,6,5,4,7,8,0,10,0,6,7
2,8,11,6,7,2,9,9,3,4,2,3,7,6,2,11,9,3,5,10,3,3,10,6,5,5,10,6,7,9,8,5,7,2,9,5,11,9,2,3,4,7,8,9,6,3,2,0,8,7,2,6,9,9,7,10,10,5,4,9,3,4,8,5,6,5,7,0,7,8,11,2,6,5,8,2,7,10,7,6,9,11,2,6,9,7,3,8,9,7,6,10,7,7,3,6,0,7,10,3,8,2,8,3,10,7,9,2,4,2,2,8,3,3,9,3,5,8,2,3,7,10,3,2,10,8,10,8,5,8,9,10,3,4,6,10,3,7,5,7,7,6,5,8,9,2,11,2,7,8
3,9,0,7,8,3,10,10,4,5,3,4,8,7,3,0,10,4,6,11,4,4,11,7,6,6,11,7,8,10,9,6,8,3,10,6,0,10,3,4,5,8,9,10,7,4,3,2,9,8,3,7,10,10,8,11,11,6,5,10,4,5,9,6,7,6,8,2,8,9,0,3,7,6,9,3,8,11,8,7,10,0,3,7,10,8,4,9,10,8,7,11,8,8,4,7,2,8,11,4,9,3,9,4,11,8,10,3,5,3,3,9,4,4,10,4,6,9,3,4,8,11,4,3,11,9,11,9,6,9,10,11,4,5,7,11,4,8,6,8,8,7,6,9,10,3,0,3,8,9
4,10,2,8,9,4,11,11,5,6,4,5,9,8,4,2,11,5,7,0,5,5,0,8,7,7,0,8,9,11,10,7,9,4,11,7,2,11,4,5,6,9,10,11,8,5,4,3,10,9,4,8,11,11,9,0,0,7,6,11,5,6,10,7,8,7,9,3,9,10,2,4,8,7,10,4,9,0,9,8,11,2,4,8,11,9,5,10,11,9,8,0,9,9,5,8,3,9,0,5,10,4,10,5,0,9,11,4,6,4,4,10,5,5,11,5,7,10,4,5,9,0,5,4,0,10,0,10,7,10,11,0,5,6,8,0,5,9,7,9,9,8,7,10,11,4,2,4,9,10
5,11,3,9,10,5,0,0,6,7,5,6,10,9,5,3,0,6,8,2,6,6,2,9,8,8,2,9,10,0,11,8,10,5,0,8,3,0,5,6,7,10,11,0,9,6,5,4,11,10,5,9,0,0,10,2,2,8,7,0,6,7,11,8,9,8,10,4,10,11,3,5,9,8,11,5,10,2,10,9,0,3,5,9,0,10,6,11,0,10,9,2,10,10,6,9,4,10,2,6,11,5,11,6,2,10,0,5,7,5,5,11,6,6,0,6,8,11,5,6,10,2,6,5,2,11,2,11,8,11,0,2,6,7,9,2,6,10,8,10,10,9,8,11,0,5,3,5,10,11
6,0,4,10,11,6,2,2,7,8,6,7,11,10,6,4,2,7,9,3,7,7,3,10,9,9,3,10,11,2,0,9,11,6,2,9,4,2,6,7,8,11,0,2,10,7,6,5,0,11,6,10,2,2,11,3,3,9,8,2,7,8,0,9,10,9,11,5,11,0,4,6,10,9,0,6,11,3,11,10,2,4,6,10,2,11,7,0,2,11,10,3,11,11,7,10,5,11,3,7,0,6,0,7,3,11,2,6,8,6,6,0,7,7,2,7,9,0,6,7,11,3,7,6,3,0,3,0,9,0,2,3,7,8,10,3,7,11,9,11,11,10,9,0,2,6,4,6,11,0
7,2,5,11,0,7,3,3,8,9,7,8,0,11,7,5,3,8,10,4,8,8,4,11,10,10,4,11,0,3,2,10,0,7,3,10,5,3,7,8,9,0,2,3,11,8,7,6,2,0,7,11,3,3,0,4,4,10,9,3,8,9,2,10,11,10,0,6,0,2,5,7,11,10,2,7,0,4,0,11,3,5,7,11,3,0,8,2,3,0,11,4,0,0,8,11,6,0,4,8,2,7,2,8,4,0,3,7,9,7,7,2,8,8,3,8,10,2,7,8,0,4,8,7,4,2,4,2,10,2,3,4,8,9,11,4,8,0,10,0,0,11,10,2,3,7,5,7,0,2
8,3,6,0,2,8,4,4,9,10,8,9,2,0,8,6,4,9,11,5,9,9,5,0,11,11,5,0,2,4,3,11,2,8,4,11,6,4,8,9,10,2,3,4,0,9,8,7,3,2,8,0,4,4,2,5,5,11,10,4,9,10,3,11,0,11,2,7,2,3,6,8,0,11,3,8,2,5,2,0,4,6,8,0,4,2,9,3,4,2,0,5,2,2,9,0,7,2,5,9,3,8,3,9,5,2,4,8,10,8,8,3,9,9,4,9,11,3,8,9,2,5,9,8,5,3,5,3,11,3,4,5,9,10,0,5,9,2,11,2,2,0,11,3,4,8,6,8,2,3
9,4,7,2,3,9,5,5,10,11,9,10,3,2,9,7,5,10,0,6,10,10,6,2,0,0,6,2,3,5,4,0,3,9,5,0,7,5,9,10,11,3,4,5,2,10,9,8,4,3,9,2,5,5,3,6,6,0,11,5,10,11,4,0,2,0,3,8,3,4,7,9,2,0,4,9,3,6,3,2,5,7,9,2,5,3,10,4,5,3,2,6,3,3,10,2,8,3,6,10,4,9,4,10,6,3,5,9,11,9,9,4,10,10,5,10,0,4,9,10,3,6,10,9,6,4,6,4,0,4,5,6,10,11,2,6,10,3,0,3,3,2,0,4,5,9,7,9,3,4
10,5,8,3,4,10,6,6,11,0,10,11,4,3,10,8,6,11,2,7,11,11,7,3,2,2,7,3,4,6,5,2,4,10,6,2,8,6,10,11,0,4,5,6,3,11,10,9,5,4,10,3,6,6,4,7,7,2,0,6,11,0,5,2,3,2,4,9,4,5,8,10,3,2,5,10,4,7,4,3,6,8,10,3,6,4,11,5,6,4,3,7,4,4,11,3,9,4,7,11,5,10,5,11,7,4,6,10,0,10,10,5,11,11,6,11,2,5,10,11,4,7,11,10,7,5,7,5,2,5,6,7,11,0,3,7,11,4,2,4,4,3,2,5,6,10,8,10,4,5
11,6,9,4,5,11,7,7,0,2,11,0,5,4,11,9,7,0,3,8,0,0,8,4,3,3,8,4,5,7,6,3,5,11,7,3,9,7,11,0,2,5,6,7,4,0,11,10,6,5,11,4,7,7,5,8,8,3,2,7,0,2,6,3,4,3,5,10,5,6,9,11,4,3,6,11,5,8,5,4,7,9,11,4,7,5,0,6,7,5,4,8,5,5,0,4,10,5,8,0,6,11,6,0,8,5,7,11,2,11,11,6,0,0,7,0,3,6,11,0,5,8,0,11,8,6,8,6,3,6,7,8,0,2,4,8,0,5,3,5,5,4,3,6,7,11,9,11,5,6
0,7,10,5,6,0,8,8,2,3,0,2,6,5,0,10,8,2,4,9,2,2,9,5,4,4,9,5,6,8,7,4,6,0,8,4,10,8,0,2,3,6,7,8,5,2,0,11,7,6,0,5,8,8,6,9,9,4,3,8,2,3,7,4,5,4,6,11,6,7,10,0,5,4,7,0,6,9,6,5,8,10,0,5,8,6,2,7,8,6,5,9,6,6,2,5,11,6,9,2,7,0,7,2,9,6,8,0,3,0,0,7,2,2,8,2,4,7,0,2,6,9,2,0,9,7,9,7,4,7,8,9,2,3,5,9,2,6,4,6,6,5,4,7,8,0,10,0,6,7
2,8,11,6,7,2,9,9,3,4,2,3,7,6,2,11,9,3,5,10,3,3,10,6,5,5,10,6,7,9,8,5,7,2,9,5,11,9,2,3,4,7,8,9,6,3,2,0,8,7,2,6,9,9,7,10,10,5,4,9,3,4,8,5,6,5,7,0,7,8,11,2,6,5,8,2,7,10,7,6,9,11,2,6,9,7,3,8,9,7,6,10,7,7,3,6,0,7,10,3,8,2,8,3,10,7,9,2,4,2,2,8,3,3,9,3,5,8,2,3,7,10,3,2,10,8,10,8,5,8,9,10,3,4,6,10,3,7,5,7,7,6,5,8,9,2,11,2,7,8
3,9,0,7,8,3,10,10,4,5,3,4,8,7,3,0,10,4,6,11,4,4,11,7,6,6,11,7,8,10,9,6,8,3,10,6,0,10,3,4,5,8,9,10,7,4,3,2,9,8,3,7,10,10,8,11,11,6,5,10,4,5,9,6,7,6,8,2,8,9,0,3,7,6,9,3,8,11,8,7,10,0,3,7,10,8,4,9,10,8,7,11,8,8,4,7,2,8,11,4,9,3,9,4,11,8,10,3,5,3,3,9,4,4,10,4,6,9,3,4,8,11,4,3,11,9,11,9,6,9,10,11,4,5,7,11,4,8,6,8,8,7,6,9,10,3,0,3,8,9
4,10,2,8,9,4,11,11,5,6,4,5,9,8,4,2,11,5,7,0,5,5,0,8,7,7,0,8,9,11,10,7,9,4,11,7,2,11,4,5,6,9,10,11,8,5,4,3,10,9,4,8,11,11,9,0,0,7,6,11,5,6,10,7,8,7,9,3,9,10,2,4,8,7,10,4,9,0,9,8,11,2,4,8,11,9,5,10,11,9,8,0,9,9,5,8,3,9,0,5,10,4,10,5,0,9,11,4,6,4,4,10,5,5,11,5,7,10,4,5,9,0,5,4,0,10,0,10,7,10,11,0,5,6,8,0,5,9,7,9,9,8,7,10,11,4,2,4,9,10
5,11,3,9,10,5,0,0,6,7,5,6,10,9,5,3,0,6,8,2,6,6,2,9,8,8,2,9,10,0,11,8,10,5,0,8,3,0,5,6,7,10,11,0,9,6,5,4,11,10,5,9,0,0,10,2,2,8,7,0,6,7,11,8,9,8,10,4,10,11,3,5,9,8,11,5,10,2,10,9,0,3,5,9,0,10,6,11,0,10,9,2,10,10,6,9,4,10,2,6,11,5,11,6,2,10,0,5,7,5,5,11,6,6,0,6,8,11,5,6,10,2,6,5,2,11,2,11,8,11,0,2,6,7,9,2,6,10,8,10,10,9,8,11,0,5,3,5,10,11
6,0,4,10,11,6,2,2,7,8,6,7,11,10,6,4,2,7,9,3,7,7,3,10,9,9,3,10,11,2,0,9,11,6,2,9,4,2,6,7,8,11,0,2,10,7,6,5,0,11,6,10,2,2,11,3,3,9,8,2,7,8,0,9,10,9,11,5,11,0,4,6,10,9,0,6,11,3,11,10,2,4,6,10,2,11,7,0,2,11,10,3,11,11,7,10,5,11,3,7,0,6,0,7,3,11,2,6,8,6,6,0,7,7,2,7,9,0,6,7,11,3,7,6,3,0,3,0,9,0,2,3,7,8,10,3,7,11,9,11,11,10,9,0,2,6,4,6,11,0
7,2,5,11,0,7,3,3,8,9,7,8,0,11,7,5,3,8,10,4,8,8,4,11,10,10,4,11,0,3,2,10,0,7,3,10,5,3,7,8,9,0,2,3,11,8,7,6,2,0,7,11,3,3,0,4,4,10,9,3,8,9,2,10,11,10,0,6,0,2,5,7,11,10,2,7,0,4,0,11,3,5,7,11,3,0,8,2,3,0,11,4,0,0,8,11,6,0,4,8,2,7,2,8,4,0,3,7,9,7,7,2,8,8,3,8,10,2,7,8,0,4,8,7,4,2,4,2,10,2,3,4,8,9,11,4,8,0,10,0,0,11,10,2,3,7,5,7,0,2
8,3,6,0,2,8,4,4,9,10,8,9,2,0,8,6,4,9,11,5,9,9,5,0,11,11,5,0,2,4,3,11,2,8,4,11,6,4,8,9,10,2,3,4,0,9,8,7,3,2,8,0,4,4,2,5,5,11,10,4,9,10,3,11,0,11,2,7,2,3,6,8,0,11,3,8,2,5,2,0,4,6,8,0,4,2,9,3,4,2,0,5,2,2,9,0,7,2,5,9,3,8,3,9,5,2,4,8,10,8,8,3,9,9,4,9,11,3,8,9,2,5,9,8,5,3,5,3,11,3,4,5,9,10,0,5,9,2,11,2,2,0,11,3,4,8,6,8,2,3
9,4,7,2,3,9,5,5,10,11,9,10,3,2,9,7,5,10,0,6,10,10,6,2,0,0,6,2,3,5,4,0,3,9,5,0,7,5,9,10,11,3,4,5,2,10,9,8,4,3,9,2,5,5,3,6,6,0,11,5,10,11,4,0,2,0,3,8,3,4,7,9,2,0,4,9,3,6,3,2,5,7,9,2,5,3,10,4,5,3,2,6,3,3,10,2,8,3,6,10,4,9,4,10,6,3,5,9,11,9,9,4,10,10,5,10,0,4,9,10,3,6,10,9,6,4,6,4,0,4,5,6,10,11,2,6,10,3,0,3,3,2,0,4,5,9,7,9,3,4
10,5,8,3,4,10,6,6,11,0,10,11,4,3,10,8,6,11,2,7,11,11,7,3,2,2,7,3,4,6,5,2,4,10,6,2,8,6,10,11,0,4,5,6,3,11,10,9,5,4,10,3,6,6,4,7,7,2,0,6,11,0,5,2,3,2,4,9,4,5,8,10,3,2,5,10,4,7,4,3,6,8,10,3,6,4,11,5,6,4,3,7,4,4,11,3,9,4,7,11,5,10,5,11,7,4,6,10,0,10,10,5,11,11,6,11,2,5,10,11,4,7,11,10,7,5,7,5,2,5,6,7,11,0,3,7,11,4,2,4,4,3,2,5,6,10,8,10,4,5
11,6,9,4,5,11,7,7,0,2,11,0,5,4,11,9,7,0,3,8,0,0,8,4,3,3,8,4,5,7,6,3,5,11,7,3,9,7,11,0,2,5,6,7,4,0,11,10,6,5,11,4,7,7,5,8,8,3,2,7,0,2,6,3,4,3,5,10,5,6,9,11,4,3,6,11,5,8,5,4,7,9,11,4,7,5,0,6,7,5,4,8,5,5,0,4,10,5,8,0,6,11,6,0,8,5,7,11,2,11,11,6,0,0,7,0,3,6,11,0,5,8,0,11,8,6,8,6,3,6,7,8,0,2,4,8,0,5,3,5,5,4,3,6,7,11,9,11,5,6
0,7,10,5,6,0,8,8,2,3,0,2,6,5,0,10,8,2,4,9,2,2,9,5,4,4,9,5,6,8,7,4,6,0,8,4,10,8,0,2,3,6,7,8,5,2,0,11,7,6,0,5,8,8,6,9,9,4,3,8,2,3,7,4,5,4,6,11,6,7,10,0,5,4,7,0,6,9,6,5,8,10,0,5,8,6,2,7,8,6,5,9,6,6,2,5,11,6,9,2,7,0,7,2,9,6,8,0,3,0,0,7,2,2,8,2,4,7,0,2,6,9,2,0,9,7,9,7,4,7,8,9,2,3,5,9,2,6,4,6,6,5,4,7,8,0,10,0,6,7
2,8,11,6,7,2,9,9,3,4,2,3,7,6,2,11,9,3,5,10,3,3,10,6,5,5,10,6,7,9,8,5,7,2,9,5,11,9,2,3,4,7,8,9,6,3,2,0,8,7,2,6,9,9,7,10,10,5,4,9,3,4,8,5,6,5,7,0,7,8,11,2,6,5,8,2,7,10,7,6,9,11,2,6,9,7,3,8,9,7,6,10,7,7,3,6,0,7,10,3,8,2,8,3,10,7,9,2,4,2,2,8,3,3,9,3,5,8,2,3,7,10,3,2,10,8,10,8,5,8,9,10,3,4,6,10,3,7,5,7,7,6,5,8,9,2,11,2,7,8
3,9,0,7,8,3,10,10,4,5,3,4,8,7,3,0,10,4,6,11,4,4,11,7,6,6,11,7,8,10,9,6,8,3,10,6,0,10,3,4,5,8,9,10,7,4,3,2,9,8,3,7,10,10,8,11,11,6,5,10,4,5,9,6,7,6,8,2,8,9,0,3,7,6,9,3,8,11,8,7,10,0,3,7,10,8,4,9,10,8,7,11,8,8,4,7,2,8,11,4,9,3,9,4,11,8,10,3,5,3,3,9,4,4,10,4,6,9,3,4,8,11,4,3,11,9,11,9,6,9,10,11,4,5,7,11,4,8,6,8,8,7,6,9,10,3,0,3,8,9
4,10,2,8,9,4,11,11,5,6,4,5,9,8,4,2,11,5,7,0,5,5,0,8,7,7,0,8,9,11,10,7,9,4,11,7,2,11,4,5,6,9,10,11,8,5,4,3,10,9,4,8,11,11,9,0,0,7,6,11,5,6,10,7,8,7,9,3,9,10,2,4,8,7,10,4,9,0,9,8,11,2,4,8,11,9,5,10,11,9,8,0,9,9,5,8,3,9,0,5,10,4,10,5,0,9,11,4,6,4,4,10,5,5,11,5,7,10,4,5,9,0,5,4,0,10,0,10,7,10,11,0,5,6,8,0,5,9,7,9,9,8,7,10,11,4,2,4,9,10
5,11,3,9,10,5,0,0,6,7,5,6,10,9,5,3,0,6,8,2,6,6,2,9,8,8,2,9,10,0,11,8,10,5,0,8,3,0,5,6,7,10,11,0,9,6,5,4,11,10,5,9,0,0,10,2,2,8,7,0,6,7,11,8,9,8,10,4,10,11,3,5,9,8,11,5,10,2,10,9,0,3,5,9,0,10,6,11,0,10,9,2,10,10,6,9,4,10,2,6,11,5,11,6,2,10,0,5,7,5,5,11,6,6,0,6,8,11,5,6,10,2,6,5,2,11,2,11,8,11,0,2,6,7,9,2,6,10,8,10,10,9,8,11,0,5,3,5,10,11
6,0,4,10,11,6,2,2,7,8,6,7,11,10,6,4,2,7,9,3,7,7,3,10,9,9,3,10,11,2,0,9,11,6,2,9,4,2,6,7,8,11,0,2,10,7,6,5,0,11,6,10,2,2,11,3,3,9,8,2,7,8,0,9,10,9,11,5,11,0,4,6,10,9,0,6,11,3,11,10,2,4,6,10,2,11,7,0,2,11,10,3,11,11,7,10,5,11,3,7,0,6,0,7,3,11,2,6,8,6,6,0,7,7,2,7,9,0,6,7,11,3,7,6,3,0,3,0,9,0,2,3,7,8,10,3,7,11,9,11,11,10,9,0,2,6,4,6,11,0
7,2,5,11,0,7,3,3,8,9,7,8,0,11,7,5,3,8,10,4,8,8,4,11,10,10,4,11,0,3,2,10,0,7,3,10,5,3,7,8,9,0,2,3,11,8,7,6,2,0,7,11,3,3,0,4,4,10,9,3,8,9,2,10,11,10,0,6,0,2,5,7,11,10,2,7,0,4,0,11,3,5,7,11,3,0,8,2,3,0,11,4,0,0,8,11,6,0,4,8,2,7,2,8,4,0,3,7,9,7,7,2,8,8,3,8,10,2,7,8,0,4,8,7,4,2,4,2,10,2,3,4,8,9,11,4,8,0,10,0,0,11,10,2,3,7,5,7,0,2
8,3,6,0,2,8,4,4,9,10,8,9,2,0,8,6,4,9,11,5,9,9,5,0,11,11,5,0,2,4,3,11,2,8,4,11,6,4,8,9,10,2,3,4,0,9,8,7,3,2,8,0,4,4,2,5,5,11,10,4,9,10,3,11,0,11,2,7,2,3,6,8,0,11,3,8,2,5,2,0,4,6,8,0,4,2,9,3,4,2,0,5,2,2,9,0,7,2,5,9,3,8,3,9,5,2,4,8,10,8,8,3,9,9,4,9,11,3,8,9,2,5,9,8,5,3,5,3,11,3,4,5,9,10,0,5,9,2,11,2,2,0,11,3,4,8,6,8,2,3
9,4,7,2,3,9,5,5,10,11,9,10,3,2,9,7,5,10,0,6,10,10,6,2,0,0,6,2,3,5,4,0,3,9,5,0,7,5,9,10,11,3,4,5,2,10,9,8,4,3,9,2,5,5,3,6,6,0,11,5,10,11,4,0,2,0,3,8,3,4,7,9,2,0,4,9,3,6,3,2,5,7,9,2,5,3,10,4,5,3,2,6,3,3,10,2,8,3,6,10,4,9,4,10,6,3,5,9,11,9,9,4,10,10,5,10,0,4,9,10,3,6,10,9,6,4,6,4,0,4,5,6,10,11,2,6,10,3,0,3,3,2,0,4,5,9,7,9,3,4
10,5,8,3,4,10,6,6,11,0,10,11,4,3,10,8,6,11,2,7,11,11,7,3,2,2,7,3,4,6,5,2,4,10,6,2,8,6,10,11,0,4,5,6,3,11,10,9,5,4,10,3,6,6,4,7,7,2,0,6,11,0,5,2,3,2,4,9,4,5,8,10,3,2,5,10,4,7,4,3,6,8,10,3,6,4,11,5,6,4,3,7,4,4,11,3,9,4,7,11,5,10,5,11,7,4,6,10,0,10,10,5,11,11,6,11,2,5,10,11,4,7,11,10,7,5,7,5,2,5,6,7,11,0,3,7,11,4,2,4,4,3,2,5,6,10,8,10,4,5
11,6,9,4,5,11,7,7,0,2,11,0,5,4,11,9,7,0,3,8,0,0,8,4,3,3,8,4,5,7,6,3,5,11,7,3,9,7,11,0,2,5,6,7,4,0,11,10,6,5,11,4,7,7,5,8,8,3,2,7,0,2,6,3,4,3,5,10,5,6,9,11,4,3,6,11,5,8,5,4,7,9,11,4,7,5,0,6,7,5,4,8,5,5,0,4,10,5,8,0,6,11,6,0,8,5,7,11,2,11,11,6,0,0,7,0,3,6,11,0,5,8,0,11,8,6,8,6,3,6,7,8,0,2,4,8,0,5,3,5,5,4,3,6,7,11,9,11,5,6
0,7,10,5,6,0,8,8,2,3,0,2,6,5,0,10,8,2,4,9,2,2,9,5,4,4,9,5,6,8,7,4,6,0,8,4,10,8,0,2,3,6,7,8,5,2,0,11,7,6,0,5,8,8,6,9,9,4,3,8,2,3,7,4,5,4,6,11,6,7,10,0,5,4,7,0,6,9,6,5,8,10,0,5,8,6,2,7,8,6,5,9,6,6,2,5,11,6,9,2,7,0,7,2,9,6,8,0,3,0,0,7,2,2,8,2,4,7,0,2,6,9,2,0,9,7,9,7,4,7,8,9,2,3,5,9,2,6,4,6,6,5,4,7,8,0,10,0,6,7
2,8,11,6,7,2,9,9,3,4,2,3,7,6,2,11,9,3,5,10,3,3,10,6,5,5,10,6,7,9,8,5,7,2,9,5,11,9,2,3,4,7,8,9,6,3,2,0,8,7,2,6,9,9,7,10,10,5,4,9,3,4,8,5,6,5,7,0,7,8,11,2,6,5,8,2,7,10,7,6,9,11,2,6,9,7,3,8,9,7,6,10,7,7,3,6,0,7,10,3,8,2,8,3,10,7,9,2,4,2,2,8,3,3,9,3,5,8,2,3,7,10,3,2,10,8,10,8,5,8,9,10,3,4,6,10,3,7,5,7,7,6,5,8,9,2,11,2,7,8
3,9,0,7,8,3,10,10,4,5,3,4,8,7,3,0,10,4,6,11,4,4,11,7,6,6,11,7,8,10,9,6,8,3,10,6,0,10,3,4,5,8,9,10,7,4,3,2,9,8,3,7,10,10,8,11,11,6,5,10,4,5,9,6,7,6,8,2,8,9,0,3,7,6,9,3,8,11,8,7,10,0,3,7,10,8,4,9,10,8,7,11,8,8,4,7,2,8,11,4,9,3,9,4,11,8,10,3,5,3,3,9,4,4,10,4,6,9,3,4,8,11,4,3,11,9,11,9,6,9,10,11,4,5,7,11,4,8,6,8,8,7,6,9,10,3,0,3,8,9
4,10,2,8,9,4,11,11,5,6,4,5,9,8,4,2,11,5,7,0,5,5,0,8,7,7,0,8,9,11,10,7,9,4,11,7,2,11,4,5,6,9,10,11,8,5,4,3,10,9,4,8,11,11,9,0,0,7,6,11,5,6,10,7,8,7,9,3,9,10,2,4,8,7,10,4,9,0,9,8,11,2,4,8,11,9,5,10,11,9,8,0,9,9,5,8,3,9,0,5,10,4,10,5,0,9,11,4,6,4,4,10,5,5,11,5,7,10,4,5,9,0,5,4,0,10,0,10,7,10,11,0,5,6,8,0,5,9,7,9,9,8,7,10,11,4,2,4,9,10
5,11,3,9,10,5,0,0,6,7,5,6,10,9,5,3,0,6,8,2,6,6,2,9,8,8,2,9,10,0,11,8,10,5,0,8,3,0,5,6,7,10,11,0,9,6,5,4,11,10,5,9,0,0,10,2,2,8,7,0,6,7,11,8,9,8,10,4,10,11,3,5,9,8,11,5,10,2,10,9,0,3,5,9,0,10,6,11,0,10,9,2,10,10,6,9,4,10,2,6,11,5,11,6,2,10,0,5,7,5,5,11,6,6,0,6,8,11,5,6,10,2,6,5,2,11,2,11,8,11,0,2,6,7,9,2,6,10,8,10,10,9,8,11,0,5,3,5,10,11
6,0,4,10,11,6,2,2,7,8,6,7,11,10,6,4,2,7,9,3,7,7,3,10,9,9,3,10,11,2,0,9,11,6,2,9,4,2,6,7,8,11,0,2,10,7,6,5,0,11,6,10,2,2,11,3,3,9,8,2,7,8,0,9,10,9,11,5,11,0,4,6,10,9,0,6,11,3,11,10,2,4,6,10,2,11,7,0,2,11,10,3,11,11,7,10,5,11,3,7,0,6,0,7,3,11,2,6,8,6,6,0,7,7,2,7,9,0,6,7,11,3,7,6,3,0,3,0,9,0,2,3,7,8,10,3,7,11,9,11,11,10,9,0,2,6,4,6,11,0
7,2,5,11,0,7,3,3,8,9,7,8,0,11,7,5,3,8,10,4,8,8,4,11,10,10,4,11,0,3,2,10,0,7,3,10,5,3,7,8,9,0,2,3,11,8,7,6,2,0,7,11,3,3,0,4,4,10,9,3,8,9,2,10,11,10,0,6,0,2,5,7,11,10,2,7,0,4,0,11,3,5,7,11,3,0,8,2,3,0,11,4,0,0,8,11,6,0,4,8,2,7,2,8,4,0,3,7,9,7,7,2,8,8,3,8,10,2,7,8,0,4,8,7,4,2,4,2,10,2,3,4,8,9,11,4,8,0,10,0,0,11,10,2,3,7,5,7,0,2
8,3,6,0,2,8,4,4,9,10,8,9,2,0,8,6,4,9,11,5,9,9,5,0,11,11,5,0,2,4,3,11,2,8,4,11,6,4,8,9,10,2,3,4,0,9,8,7,3,2,8,0,4,4,2,5,5,11,10,4,9,10,3,11,0,11,2,7,2,3,6,8,0,11,3,8,2,5,2,0,4,6,8,0,4,2,9,3,4,2,0,5,2,2,9,0,7,2,5,9,3,8,3,9,5,2,4,8,10,8,8,3,9,9,4,9,11,3,8,9,2,5,9,8,5,3,5,3,11,3,4,5,9,10,0,5,9,2,11,2,2,0,11,3,4,8,6,8,2,3
9,4,7,2,3,9,5,5,10,11,9,10,3,2,9,7,5,10,0,6,10,10,6,2,0,0,6,2,3,5,4,0,3,9,5,0,7,5,9,10,11,3,4,5,2,10,9,8,4,3,9,2,5,5,3,6,6,0,11,5,10,11,4,0,2,0,3,8,3,4,7,9,2,0,4,9,3,6,3,2,5,7,9,2,5,3,10,4,5,3,2,6,3,3,10,2,8,3,6,10,4,9,4,10,6,3,5,9,11,9,9,4,10,10,5,10,0,4,9,10,3,6,10,9,6,4,6,4,0,4,5,6,10,11,2,6,10,3,0,3,3,2,0,4,5,9,7,9,3,4
10,5,8,3,4,10,6,6,11,0,10,11,4,3,10,8,6,11,2,7,11,11,7,3,2,2,7,3,4,6,5,2,4,10,6,2,8,6,10,11,0,4,5,6,3,11,10,9,5,4,10,3,6,6,4,7,7,2,0,6,11,0,5,2,3,2,4,9,4,5,8,10,3,2,5,10,4,7,4,3,6,8,10,3,6,4,11,5,6,4,3,7,4,4,11,3,9,4,7,11,5,10,5,11,7,4,6,10,0,10,10,5,11,11,6,11,2,5,10,11,4,7,11,10,7,5,7,5,2,5,6,7,11,0,3,7,11,4,2,4,4,3,2,5,6,10,8,10,4,5
11,6,9,4,5,11,7,7,0,2,11,0,5,4,11,9,7,0,3,8,0,0,8,4,3,3,8,4,5,7,6,3,5,11,7,3,9,7,11,0,2,5,6,7,4,0,11,10,6,5,11,4,7,7,5,8,8,3,2,7,0,2,6,3,4,3,5,10,5,6,9,11,4,3,6,11,5,8,5,4,7,9,11,4,7,5,0,6,7,5,4,8,5,5,0,4,10,5,8,0,6,11,6,0,8,5,7,11,2,11,11,6,0,0,7,0,3,6,11,0,5,8,0,11,8,6,8,6,3,6,7,8,0,2,4,8,0,5,3,5,5,4,3,6,7,11,9,11,5,6
0,7,10,5,6,0,8,8,2,3,0,2,6,5,0,10,8,2,4,9,2,2,9,5,4,4,9,5,6,8,7,4,6,0,8,4,10,8,0,2,3,6,7,8,5,2,0,11,7,6,0,5,8,8,6,9,9,4,3,8,2,3,7,4,5,4,6,11,6,7,10,0,5,4,7,0,6,9,6,5,8,10,0,5,8,6,2,7,8,6,5,9,6,6,2,5,11,6,9,2,7,0,7,2,9,6,8,0,3,0,0,7,2,2,8,2,4,7,0,2,6,9,2,0,9,7,9,7,4,7,8,9,2,3,5,9,2,6,4,6,6,5,4,7,8,0,10,0,6,7
2,8,11,6,7,2,9,9,3,4,2,3,7,6,2,11,9,3,5,10,3,3,10,6,5,5,10,6,7,9,8,5,7,2,9,5,11,9,2,3,4,7,8,9,6,3,2,0,8,7,2,6,9,9,7,10,10,5,4,9,3,4,8,5,6,5,7,0,7,8,11,2,6,5,8,2,7,10,7,6,9,11,2,6,9,7,3,8,9,7,6,10,7,7,3,6,0,7,10,3,8,2,8,3,10,7,9,2,4,2,2,8,3,3,9,3,5,8,2,3,7,10,3,2,10,8,10,8,5,8,9,10,3,4,6,10,3,7,5,7,7,6,5,8,9,2,11,2,7,8
3,9,0,7,8,3,10,10,4,5,3,4,8,7,3,0,10,4,6,11,4,4,11,7,6,6,11,7,8,10,9,6,8,3,10,6,0,10,3,4,5,8,9,10,7,4,3,2,9,8,3,7,10,10,8,11,11,6,5,10,4,5,9,6,7,6,8,2,8,9,0,3,7,6,9,3,8,11,8,7,10,0,3,7,10,8,4,9,10,8,7,11,8,8,4,7,2,8,11,4,9,3,9,4,11,8,10,3,5,3,3,9,4,4,10,4,6,9,3,4,8,11,4,3,11,9,11,9,6,9,10,11,4,5,7,11,4,8,6,8,8,7,6,9,10,3,0,3,8,9
4,10,2,8,9,4,11,11,5,6,4,5,9,8,4,2,11,5,7,0,5,5,0,8,7,7,0,8,9,11,10,7,9,4,11,7,2,11,4,5,6,9,10,11,8,5,4,3,10,9,4,8,11,11,9,0,0,7,6,11,5,6,10,7,8,7,9,3,9,10,2,4,8,7,10,4,9,0,9,8,11,2,4,8,11,9,5,10,11,9,8,0,9,9,5,8,3,9,0,5,10,4,10,5,0,9,11,4,6,4,4,10,5,5,11,5,7,10,4,5,9,0,5,4,0,10,0,10,7,10,11,0,5,6,8,0,5,9,7,9,9,8,7,10,11,4,2,4,9,10
5,11,3,9,10,5,0,0,6,7,5,6,10,9,5,3,0,6,8,2,6,6,2,9,8,8,2,9,10,0,11,8,10,5,0,8,3,0,5,6,7,10,11,0,9,6,5,4,11,10,5,9,0,0,10,2,2,8,7,0,6,7,11,8,9,8,10,4,10,11,3,5,9,8,11,5,10,2,10,9,0,3,5,9,0,10,6,11,0,10,9,2,10,10,6,9,4,10,2,6,11,5,11,6,2,10,0,5,7,5,5,11,6,6,0,6,8,11,5,6,10,2,6,5,2,11,2,11,8,11,0,2,6,7,9,2,6,10,8,10,10,9,8,11,0,5,3,5,10,11
6,0,4,10,11,6,2,2,7,8,6,7,11,10,6,4,2,7,9,3,7,7,3,10,9,9,3,10,11,2,0,9,11,6,2,9,4,2,6,7,8,11,0,2,10,7,6,5,0,11,6,10,2,2,11,3,3,9,8,2,7,8,0,9,10,9,11,5,11,0,4,6,10,9,0,6,11,3,11,10,2,4,6,10,2,11,7,0,2,11,10,3,11,11,7,10,5,11,3,7,0,6,0,7,3,11,2,6,8,6,6,0,7,7,2,7,9,0,6,7,11,3,7,6,3,0,3,0,9,0,2,3,7,8,10,3,7,11,9,11,11,10,9,0,2,6,4,6,11,0
7,2,5,11,0,7,3,3,8,9,7,8,0,11,7,5,3,8,10,4,8,8,4,11,10,10,4,11,0,3,2,10,0,7,3,10,5,3,7,8,9,0,2,3,11,8,7,6,2,0,7,11,3,3,0,4,4,10,9,3,8,9,2,10,11,10,0,6,0,2,5,7,11,10,2,7,0,4,0,11,3,5,7,11,3,0,8,2,3,0,11,4,0,0,8,11,6,0,4,8,2,7,2,8,4,0,3,7,9,7,7,2,8,8,3,8,10,2,7,8,0,4,8,7,4,2,4,2,10,2,3,4,8,9,11,4,8,0,10,0,0,11,10,2,3,7,5,7,0,2
8,3,6,0,2,8,4,4,9,10,8,9,2,0,8,6,4,9,11,5,9,9,5,0,11,11,5,0,2,4,3,11,2,8,4,11,6,4,8,9,10,2,3,4,0,9,8,7,3,2,8,0,4,4,2,5,5,11,10,4,9,10,3,11,0,11,2,7,2,3,6,8,0,11,3,8,2,5,2,0,4,6,8,0,4,2,9,3,4,2,0,5,2,2,9,0,7,2,5,9,3,8,3,9,5,2,4,8,10,8,8,3,9,9,4,9,11,3,8,9,2,5,9,8,5,3,5,3,11,3,4,5,9,10,0,5,9,2,11,2,2,0,11,3,4,8,6,8,2,3
9,4,7,2,3,9,5,5,10,11,9,10,3,2,9,7,5,10,0,6,10,10,6,2,0,0,6,2,3,5,4,0,3,9,5,0,7,5,9,10,11,3,4,5,2,10,9,8,4,3,9,2,5,5,3,6,6,0,11,5,10,11,4,0,2,0,3,8,3,4,7,9,2,0,4,9,3,6,3,2,5,7,9,2,5,3,10,4,5,3,2,6,3,3,10,2,8,3,6,10,4,9,4,10,6,3,5,9,11,9,9,4,10,10,5,10,0,4,9,10,3,6,10,9,6,4,6,4,0,4,5,6,10,11,2,6,10,3,0,3,3,2,0,4,5,9,7,9,3,4
10,5,8,3,4,10,6,6,11,0,10,11,4,3,10,8,6,11,2,7,11,11,7,3,2,2,7,3,4,6,5,2,4,10,6,2,8,6,10,11,0,4,5,6,3,11,10,9,5,4,10,3,6,6,4,7,7,2,0,6,11,0,5,2,3,2,4,9,4,5,8,10,3,2,5,10,4,7,4,3,6,8,10,3,6,4,11,5,6,4,3,7,4,4,11,3,9,4,7,11,5,10,5,11,7,4,6,10,0,10,10,5,11,11,6,11,2,5,10,11,4,7,11,10,7,5,7,5,2,5,6,7,11,0,3,7,11,4,2,4,4,3,2,5,6,10,8,10,4,5
11,6,9,4,5,11,7,7,0,2,11,0,5,4,11,9,7,0,3,8,0,0,8,4,3,3,8,4,5,7,6,3,5,11,7,3,9,7,11,0,2,5,6,7,4,0,11,10,6,5,11,4,7,7,5,8,8,3,2,7,0,2,6,3,4,3,5,10,5,6,9,11,4,3,6,11,5,8,5,4,7,9,11,4,7,5,0,6,7,5,4,8,5,5,0,4,10,5,8,0,6,11,6,0,8,5,7,11,2,11,11,6,0,0,7,0,3,6,11,0,5,8,0,11,8,6,8,6,3,6,7,8,0,2,4,8,0,5,3,5,5,4,3,6,7,11,9,11,5,6
0,7,10,5,6,0,8,8,2,3,0,2,6,5,0,10,8,2,4,9,2,2,9,5,4,4,9,5,6,8,7,4,6,0,8,4,10,8,0,2,3,6,7,8,5,2,0,11,7,6,0,5,8,8,6,9,9,4,3,8,2,3,7,4,5,4,6,11,6,7,10,0,5,4,7,0,6,9,6,5,8,10,0,5,8,6,2,7,8,6,5,9,6,6,2,5,11,6,9,2,7,0,7,2,9,6,8,0,3,0,0,7,2,2,8,2,4,7,0,2,6,9,2,0,9,7,9,7,4,7,8,9,2,3,5,9,2,6,4,6,6,5,4,7,8,0,10,0,6,7
2,8,11,6,7,2,9,9,3,4,2,3,7,6,2,11,9,3,5,10,3,3,10,6,5,5,10,6,7,9,8,5,7,2,9,5,11,9,2,3,4,7,8,9,6,3,2,0,8,7,2,6,9,9,7,10,10,5,4,9,3,4,8,5,6,5,7,0,7,8,11,2,6,5,8,2,7,10,7,6,9,11,2,6,9,7,3,8,9,7,6,10,7,7,3,6,0,7,10,3,8,2,8,3,10,7,9,2,4,2,2,8,3,3,9,3,5,8,2,3,7,10,3,2,10,8,10,8,5,8,9,10,3,4,6,10,3,7,5,7,7,6,5,8,9,2,11,2,7,8
3,9,0,7,8,3,10,10,4,5,3,4,8,7,3,0,10,4,6,11,4,4,11,7,6,6,11,7,8,10,9,6,8,3,10,6,0,10,3,4,5,8,9,10,7,4,3,2,9,8,3,7,10,10,8,11,11,6,5,10,4,5,9,6,7,6,8,2,8,9,0,3,7,6,9,3,8,11,8,7,10,0,3,7,10,8,4,9,10,8,7,11,8,8,4,7,2,8,11,4,9,3,9,4,11,8,10,3,5,3,3,9,4,4,10,4,6,9,3,4,8,11,4,3,11,9,11,9,6,9,10,11,4,5,7,11,4,8,6,8,8,7,6,9,10,3,0,3,8,9
4,10,2,8,9,4,11,11,5,6,4,5,9,8,4,2,11,5,7,0,5,5,0,8,7,7,0,8,9,11,10,7,9,4,11,7,2,11,4,5,6,9,10,11,8,5,4,3,10,9,4,8,11,11,9,0,0,7,6,11,5,6,10,7,8,7,9,3,9,10,2,4,8,7,10,4,9,0,9,8,11,2,4,8,11,9,5,10,11,9,8,0,9,9,5,8,3,9,0,5,10,4,10,5,0,9,11,4,6,4,4,10,5,5,11,5,7,10,4,5,9,0,5,4,0,10,0,10,7,10,11,0,5,6,8,0,5,9,7,9,9,8,7,10,11,4,2,4,9,10
5,11,3,9,10,5,0,0,6,7,5,6,10,9,5,3,0,6,8,2,6,6,2,9,8,8,2,9,10,0,11,8,10,5,0,8,3,0,5,6,7,10,11,0,9,6,5,4,11,10,5,9,0,0,10,2,2,8,7,0,6,7,11,8,9,8,10,4,10,11,3,5,9,8,11,5,10,2,10,9,0,3,5,9,0,10,6,11,0,10,9,2,10,10,6,9,4,10,2,6,11,5,11,6,2,10,0,5,7,5,5,11,6,6,0,6,8,11,5,6,10,2,6,5,2,11,2,11,8,11,0,2,6,7,9,2,6,10,8,10,10,9,8,11,0,5,3,5,10,11
6,0,4,10,11,6,2,2,7,8,6,7,11,10,6,4,2,7,9,3,7,7,3,10,9,9,3,10,11,2,0,9,11,6,2,9,4,2,6,7,8,11,0,2,10,7,6,5,0,11,6,10,2,2,11,3,3,9,8,2,7,8,0,9,10,9,11,5,11,0,4,6,10,9,0,6,11,3,11,10,2,4,6,10,2,11,7,0,2,11,10,3,11,11,7,10,5,11,3,7,0,6,0,7,3,11,2,6,8,6,6,0,7,7,2,7,9,0,6,7,11,3,7,6,3,0,3,0,9,0,2,3,7,8,10,3,7,11,9,11,11,10,9,0,2,6,4,6,11,0
7,2,5,11,0,7,3,3,8,9,7,8,0,11,7,5,3,8,10,4,8,8,4,11,10,10,4,11,0,3,2,10,0,7,3,10,5,3,7,8,9,0,2,3,11,8,7,6,2,0,7,11,3,3,0,4,4,10,9,3,8,9,2,10,11,10,0,6,0,2,5,7,11,10,2,7,0,4,0,11,3,5,7,11,3,0,8,2,3,0,11,4,0,0,8,11,6,0,4,8,2,7,2,8,4,0,3,7,9,7,7,2,8,8,3,8,10,2,7,8,0,4,8,7,4,2,4,2,10,2,3,4,8,9,11,4,8,0,10,0,0,11,10,2,3,7,5,7,0,2
8,3,6,0,2,8,4,4,9,10,8,9,2,0,8,6,4,9,11,5,9,9,5,0,11,11,5,0,2,4,3,11,2,8,4,11,6,4,8,9,10,2,3,4,0,9,8,7,3,2,8,0,4,4,2,5,5,11,10,4,9,10,3,11,0,11,2,7,2,3,6,8,0,11,3,8,2,5,2,0,4,6,8,0,4,2,9,3,4,2,0,5,2,2,9,0,7,2,5,9,3,8,3,9,5,2,4,8,10,8,8,3,9,9,4,9,11,3,8,9,2,5,9,8,5,3,5,3,11,3,4,5,9,10,0,5,9,2,11,2,2,0,11,3,4,8,6,8,2,3
9,4,7,2,3,9,5,5,10,11,9,10,3,2,9,7,5,10,0,6,10,10,6,2,0,0,6,2,3,5,4,0,3,9,5,0,7,5,9,10,11,3,4,5,2,10,9,8,4,3,9,2,5,5,3,6,6,0,11,5,10,11,4,0,2,0,3,8,3,4,7,9,2,0,4,9,3,6,3,2,5,7,9,2,5,3,10,4,5,3,2,6,3,3,10,2,8,3,6,10,4,9,4,10,6,3,5,9,11,9,9,4,10,10,5,10,0,4,9,10,3,6,10,9,6,4,6,4,0,4,5,6,10,11,2,6,10,3,0,3,3,2,0,4,5,9,7,9,3,4
10,5,8,3,4,10,6,6,11,0,10,11,4,3,10,8,6,11,2,7,11,11,7,3,2,2,7,3,4,6,5,2,4,10,6,2,8,6,10,11,0,4,5,6,3,11,10,9,5,4,10,3,6,6,4,7,7,2,0,6,11,0,5,2,3,2,4,9,4,5,8,10,3,2,5,10,4,7,4,3,6,8,10,3,6,4,11,5,6,4,3,7,4,4,11,3,9,4,7,11,5,10,5,11,7,4,6,10,0,10,10,5,11,11,6,11,2,5,10,11,4,7,11,10,7,5,7,5,2,5,6,7,11,0,3,7,11,4,2,4,4,3,2,5,6,10,8,10,4,5
11,6,9,4,5,11,7,7,0,2,11,0,5,4,11,9,7,0,3,8,0,0,8,4,3,3,8,4,5,7,6,3,5,11,7,3,9,7,11,0,2,5,6,7,4,0,11,10,6,5,11,4,7,7,5,8,8,3,2,7,0,2,6,3,4,3,5,10,5,6,9,11,4,3,6,11,5,8,5,4,7,9,11,4,7,5,0,6,7,5,4,8,5,5,0,4,10,5,8,0,6,11,6,0,8,5,7,11,2,11,11,6,0,0,7,0,3,6,11,0,5,8,0,11,8,6,8,6,3,6,7,8,0,2,4,8,0,5,3,5,5,4,3,6,7,11,9,11,5,6
0,7,10,5,6,0,8,8,2,3,0,2,6,5,0,10,8,2,4,9,2,2,9,5,4,4,9,5,6,8,7,4,6,0,8,4,10,8,0,2,3,6,7,8,5,2,0,11,7,6,0,5,8,8,6,9,9,4,3,8,2,3,7,4,5,4,6,11,6,7,10,0,5,4,7,0,6,9,6,5,8,10,0,5,8,6,2,7,8,6,5,9,6,6,2,5,11,6,9,2,7,0,7,2,9,6,8,0,3,0,0,7,2,2,8,2,4,7,0,2,6,9,2,0,9,7,9,7,4,7,8,9,2,3,5,9,2,6,4,6,6,5,4,7,8,0,10,0,6,7
2,8,11,6,7,2,9,9,3,4,2,3,7,6,2,11,9,3,5,10,3,3,10,6,5,5,10,6,7,9,8,5,7,2,9,5,11,9,2,3,4,7,8,9,6,3,2,0,8,7,2,6,9,9,7,10,10,5,4,9,3,4,8,5,6,5,7,0,7,8,11,2,6,5,8,2,7,10,7,6,9,11,2,6,9,7,3,8,9,7,6,10,7,7,3,6,0,7,10,3,8,2,8,3,10,7,9,2,4,2,2,8,3,3,9,3,5,8,2,3,7,10,3,2,10,8,10,8,5,8,9,10,3,4,6,10,3,7,5,7,7,6,5,8,9,2,11,2,7,8
3,9,0,7,8,3,10,10,4,5,3,4,8,7,3,0,10,4,6,11,4,4,11,7,6,6,11,7,8,10,9,6,8,3,10,6,0,10,3,4,5,8,9,10,7,4,3,2,9,8,3,7,10,10,8,11,11,6,5,10,4,5,9,6,7,6,8,2,8,9,0,3,7,6,9,3,8,11,8,7,10,0,3,7,10,8,4,9,10,8,7,11,8,8,4,7,2,8,11,4,9,3,9,4,11,8,10,3,5,3,3,9,4,4,10,4,6,9,3,4,8,11,4,3,11,9,11,9,6,9,10,11,4,5,7,11,4,8,6,8,8,7,6,9,10,3,0,3,8,9
4,10,2,8,9,4,11,11,5,6,4,5,9,8,4,2,11,5,7,0,5,5,0,8,7,7,0,8,9,11,10,7,9,4,11,7,2,11,4,5,6,9,10,11,8,5,4,3,10,9,4,8,11,11,9,0,0,7,6,11,5,6,10,7,8,7,9,3,9,10,2,4,8,7,10,4,9,0,9,8,11,2,4,8,11,9,5,10,11,9,8,0,9,9,5,8,3,9,0,5,10,4,10,5,0,9,11,4,6,4,4,10,5,5,11,5,7,10,4,5,9,0,5,4,0,10,0,10,7,10,11,0,5,6,8,0,5,9,7,9,9,8,7,10,11,4,2,4,9,10
5,11,3,9,10,5,0,0,6,7,5,6,10,9,5,3,0,6,8,2,6,6,2,9,8,8,2,9,10,0,11,8,10,5,0,8,3,0,5,6,7,10,11,0,9,6,5,4,11,10,5,9,0,0,10,2,2,8,7,0,6,7,11,8,9,8,10,4,10,11,3,5,9,8,11,5,10,2,10,9,0,3,5,9,0,10,6,11,0,10,9,2,10,10,6,9,4,10,2,6,11,5,11,6,2,10,0,5,7,5,5,11,6,6,0,6,8,11,5,6,10,2,6,5,2,11,2,11,8,11,0,2,6,7,9,2,6,10,8,10,10,9,8,11,0,5,3,5,10,11
6,0,4,10,11,6,2,2,7,8,6,7,11,10,6,4,2,7,9,3,7,7,3,10,9,9,3,10,11,2,0,9,11,6,2,9,4,2,6,7,8,11,0,2,10,7,6,5,0,11,6,10,2,2,11,3,3,9,8,2,7,8,0,9,10,9,11,5,11,0,4,6,10,9,0,6,11,3,11,10,2,4,6,10,2,11,7,0,2,11,10,3,11,11,7,10,5,11,3,7,0,6,0,7,3,11,2,6,8,6,6,0,7,7,2,7,9,0,6,7,11,3,7,6,3,0,3,0,9,0,2,3,7,8,10,3,7,11,9,11,11,10,9,0,2,6,4,6,11,0
7,2,5,11,0,7,3,3,8,9,7,8,0,11,7,5,3,8,10,4,8,8,4,11,10,10,4,11,0,3,2,10,0,7,3,10,5,3,7,8,9,0,2,3,11,8,7,6,2,0,7,11,3,3,0,4,4,10,9,3,8,9,2,10,11,10,0,6,0,2,5,7,11,10,2,7,0,4,0,11,3,5,7,11,3,0,8,2,3,0,11,4,0,0,8,11,6,0,4,8,2,7,2,8,4,0,3,7,9,7,7,2,8,8,3,8,10,2,7,8,0,4,8,7,4,2,4,2,10,2,3,4,8,9,11,4,8,0,10,0,0,11,10,2,3,7,5,7,0,2
8,3,6,0,2,8,4,4,9,10,8,9,2,0,8,6,4,9,11,5,9,9,5,0,11,11,5,0,2,4,3,11,2,8,4,11,6,4,8,9,10,2,3,4,0,9,8,7,3,2,8,0,4,4,2,5,5,11,10,4,9,10,3,11,0,11,2,7,2,3,6,8,0,11,3,8,2,5,2,0,4,6,8,0,4,2,9,3,4,2,0,5,2,2,9,0,7,2,5,9,3,8,3,9,5,2,4,8,10,8,8,3,9,9,4,9,11,3,8,9,2,5,9,8,5,3,5,3,11,3,4,5,9,10,0,5,9,2,11,2,2,0,11,3,4,8,6,8,2,3
9,4,7,2,3,9,5,5,10,11,9,10,3,2,9,7,5,10,0,6,10,10,6,2,0,0,6,2,3,5,4,0,3,9,5,0,7,5,9,10,11,3,4,5,2,10,9,8,4,3,9,2,5,5,3,6,6,0,11,5,10,11,4,0,2,0,3,8,3,4,7,9,2,0,4,9,3,6,3,2,5,7,9,2,5,3,10,4,5,3,2,6,3,3,10,2,8,3,6,10,4,9,4,10,6,3,5,9,11,9,9,4,10,10,5,10,0,4,9,10,3,6,10,9,6,4,6,4,0,4,5,6,10,11,2,6,10,3,0,3,3,2,0,4,5,9,7,9,3,4
10,5,8,3,4,10,6,6,11,0,10,11,4,3,10,8,6,11,2,7,11,11,7,3,2,2,7,3,4,6,5,2,4,10,6,2,8,6,10,11,0,4,5,6,3,11,10,9,5,4,10,3,6,6,4,7,7,2,0,6,11,0,5,2,3,2,4,9,4,5,8,10,3,2,5,10,4,7,4,3,6,8,10,3,6,4,11,5,6,4,3,7,4,4,11,3,9,4,7,11,5,10,5,11,7,4,6,10,0,10,10,5,11,11,6,11,2,5,10,11,4,7,11,10,7,5,7,5,2,5,6,7,11,0,3,7,11,4,2,4,4,3,2,5,6,10,8,10,4,5
11,6,9,4,5,11,7,7,0,2,11,0,5,4,11,9,7,0,3,8,0,0,8,4,3,3,8,4,5,7,6,3,5,11,7,3,9,7,11,0,2,5,6,7,4,0,11,10,6,5,11,4,7,7,5,8,8,3,2,7,0,2,6,3,4,3,5,10,5,6,9,11,4,3,6,11,5,8,5,4,7,9,11,4,7,5,0,6,7,5,4,8,5,5,0,4,10,5,8,0,6,11,6,0,8,5,7,11,2,11,11,6,0,0,7,0,3,6,11,0,5,8,0,11,8,6,8,6,3,6,7,8,0,2,4,8,0,5,3,5,5,4,3,6,7,11,9,11,5,6
0,7,10,5,6,0,8,8,2,3,0,2,6,5,0,10,8,2,4,9,2,2,9,5,4,4,9,5,6,8,7,4,6,0,8,4,10,8,0,2,3,6,7,8,5,2,0,11,7,6,0,5,8,8,6,9,9,4,3,8,2,3,7,4,5,4,6,11,6,7,10,0,5,4,7,0,6,9,6,5,8,10,0,5,8,6,2,7,8,6,5,9,6,6,2,5,11,6,9,2,7,0,7,2,9,6,8,0,3,0,0,7,2,2,8,2,4,7,0,2,6,9,2,0,9,7,9,7,4,7,8,9,2,3,5,9,2,6,4,6,6,5,4,7,8,0,10,0,6,7
2,8,11,6,7,2,9,9,3,4,2,3,7,6,2,11,9,3,5,10,3,3,10,6,5,5,10,6,7,9,8,5,7,2,9,5,11,9,2,3,4,7,8,9,6,3,2,0,8,7,2,6,9,9,7,10,10,5,4,9,3,4,8,5,6,5,7,0,7,8,11,2,6,5,8,2,7,10,7,6,9,11,2,6,9,7,3,8,9,7,6,10,7,7,3,6,0,7,10,3,8,2,8,3,10,7,9,2,4,2,2,8,3,3,9,3,5,8,2,3,7,10,3,2,10,8,10,8,5,8,9,10,3,4,6,10,3,7,5,7,7,6,5,8,9,2,11,2,7,8
3,9,0,7,8,3,10,10,4,5,3,4,8,7,3,0,10,4,6,11,4,4,11,7,6,6,11,7,8,10,9,6,8,3,10,6,0,10,3,4,5,8,9,10,7,4,3,2,9,8,3,7,10,10,8,11,11,6,5,10,4,5,9,6,7,6,8,2,8,9,0,3,7,6,9,3,8,11,8,7,10,0,3,7,10,8,4,9,10,8,7,11,8,8,4,7,2,8,11,4,9,3,9,4,11,8,10,3,5,3,3,9,4,4,10,4,6,9,3,4,8,11,4,3,11,9,11,9,6,9,10,11,4,5,7,11,4,8,6,8,8,7,6,9,10,3,0,3,8,9
4,10,2,8,9,4,11,11,5,6,4,5,9,8,4,2,11,5,7,0,5,5,0,8,7,7,0,8,9,11,10,7,9,4,11,7,2,11,4,5,6,9,10,11,8,5,4,3,10,9,4,8,11,11,9,0,0,7,6,11,5,6,10,7,8,7,9,3,9,10,2,4,8,7,10,4,9,0,9,8,11,2,4,8,11,9,5,10,11,9,8,0,9,9,5,8,3,9,0,5,10,4,10,5,0,9,11,4,6,4,4,10,5,5,11,5,7,10,4,5,9,0,5,4,0,10,0,10,7,10,11,0,5,6,8,0,5,9,7,9,9,8,7,10,11,4,2,4,9,10
5,11,3,9,10,5,0,0,6,7,5,6,10,9,5,3,0,6,8,2,6,6,2,9,8,8,2,9,10,0,11,8,10,5,0,8,3,0,5,6,7,10,11,0,9,6,5,4,11,10,5,9,0,0,10,2,2,8,7,0,6,7,11,8,9,8,10,4,10,11,3,5,9,8,11,5,10,2,10,9,0,3,5,9,0,10,6,11,0,10,9,2,10,10,6,9,4,10,2,6,11,5,11,6,2,10,0,5,7,5,5,11,6,6,0,6,8,11,5,6,10,2,6,5,2,11,2,11,8,11,0,2,6,7,9,2,6,10,8,10,10,9,8,11,0,5,3,5,10,11
6,0,4,10,11,6,2,2,7,8,6,7,11,10,6,4,2,7,9,3,7,7,3,10,9,9,3,10,11,2,0,9,11,6,2,9,4,2,6,7,8,11,0,2,10,7,6,5,0,11,6,10,2,2,11,3,3,9,8,2,7,8,0,9,10,9,11,5,11,0,4,6,10,9,0,6,11,3,11,10,2,4,6,10,2,11,7,0,2,11,10,3,11,11,7,10,5,11,3,7,0,6,0,7,3,11,2,6,8,6,6,0,7,7,2,7,9,0,6,7,11,3,7,6,3,0,3,0,9,0,2,3,7,8,10,3,7,11,9,11,11,10,9,0,2,6,4,6,11,0
7,2,5,11,0,7,3,3,8,9,7,8,0,11,7,5,3,8,10,4,8,8,4,11,10,10,4,11,0,3,2,10,0,7,3,10,5,3,7,8,9,0,2,3,11,8,7,6,2,0,7,11,3,3,0,4,4,10,9,3,8,9,2,10,11,10,0,6,0,2,5,7,11,10,2,7,0,4,0,11,3,5,7,11,3,0,8,2,3,0,11,4,0,0,8,11,6,0,4,8,2,7,2,8,4,0,3,7,9,7,7,2,8,8,3,8,10,2,7,8,0,4,8,7,4,2,4,2,10,2,3,4,8,9,11,4,8,0,10,0,0,11,10,2,3,7,5,7,0,2
8,3,6,0,2,8,4,4,9,10,8,9,2,0,8,6,4,9,11,5,9,9,5,0,11,11,5,0,2,4,3,11,2,8,4,11,6,4,8,9,10,2,3,4,0,9,8,7,3,2,8,0,4,4,2,5,5,11,10,4,9,10,3,11,0,11,2,7,2,3,6,8,0,11,3,8,2,5,2,0,4,6,8,0,4,2,9,3,4,2,0,5,2,2,9,0,7,2,5,9,3,8,3,9,5,2,4,8,10,8,8,3,9,9,4,9,11,3,8,9,2,5,9,8,5,3,5,3,11,3,4,5,9,10,0,5,9,2,11,2,2,0,11,3,4,8,6,8,2,3
9,4,7,2,3,9,5,5,10,11,9,10,3,2,9,7,5,10,0,6,10,10,6,2,0,0,6,2,3,5,4,0,3,9,5,0,7,5,9,10,11,3,4,5,2,10,9,8,4,3,9,2,5,5,3,6,6,0,11,5,10,11,4,0,2,0,3,8,3,4,7,9,2,0,4,9,3,6,3,2,5,7,9,2,5,3,10,4,5,3,2,6,3,3,10,2,8,3,6,10,4,9,4,10,6,3,5,9,11,9,9,4,10,10,5,10,0,4,9,10,3,6,10,9,6,4,6,4,0,4,5,6,10,11,2,6,10,3,0,3,3,2,0,4,5,9,7,9,3,4
10,5,8,3,4,10,6,6,11,0,10,11,4,3,10,8,6,11,2,7,11,11,7,3,2,2,7,3,4,6,5,2,4,10,6,2,8,6,10,11,0,4,5,6,3,11,10,9,5,4,10,3,6,6,4,7,7,2,0,6,11,0,5,2,3,2,4,9,4,5,8,10,3,2,5,10,4,7,4,3,6,8,10,3,6,4,11,5,6,4,3,7,4,4,11,3,9,4,7,11,5,10,5,11,7,4,6,10,0,10,10,5,11,11,6,11,2,5,10,11,4,7,11,10,7,5,7,5,2,5,6,7,11,0,3,7,11,4,2,4,4,3,2,5,6,10,8,10,4,5
11,6,9,4,5,11,7,7,0,2,11,0,5,4,11,9,7,0,3,8,0,0,8,4,3,3,8,4,5,7,6,3,5,11,7,3,9,7,11,0,2,5,6,7,4,0,11,10,6,5,11,4,7,7,5,8,8,3,2,7,0,2,6,3,4,3,5,10,5,6,9,11,4,3,6,11,5,8,5,4,7,9,11,4,7,5,0,6,7,5,4,8,5,5,0,4,10,5,8,0,6,11,6,0,8,5,7,11,2,11,11,6,0,0,7,0,3,6,11,0,5,8,0,11,8,6,8,6,3,6,7,8,0,2,4,8,0,5,3,5,5,4,3,6,7,11,9,11,5,6
0,7,10,5,6,0,8,8,2,3,0,2,6,5,0,10,8,2,4,9,2,2,9,5,4,4,9,5,6,8,7,4,6,0,8,4,10,8,0,2,3,6,7,8,5,2,0,11,7,6,0,5,8,8,6,9,9,4,3,8,2,3,7,4,5,4,6,11,6,7,10,0,5,4,7,0,6,9,6,5,8,10,0,5,8,6,2,7,8,6,5,9,6,6,2,5,11,6,9,2,7,0,7,2,9,6,8,0,3,0,0,7,2,2,8,2,4,7,0,2,6,9,2,0,9,7,9,7,4,7,8,9,2,3,5,9,2,6,4,6,6,5,4,7,8,0,10,0,6,7
2,8,11,6,7,2,9,9,3,4,2,3,7,6,2,11,9,3,5,10,3,3,10,6,5,5,10,6,7,9,8,5,7,2,9,5,11,9,2,3,4,7,8,9,6,3,2,0,8,7,2,6,9,9,7,10,10,5,4,9,3,4,8,5,6,5,7,0,7,8,11,2,6,5,8,2,7,10,7,6,9,11,2,6,9,7,3,8,9,7,6,10,7,7,3,6,0,7,10,3,8,2,8,3,10,7,9,2,4,2,2,8,3,3,9,3,5,8,2,3,7,10,3,2,10,8,10,8,5,8,9,10,3,4,6,10,3,7,5,7,7,6,5,8,9,2,11,2,7,8
3,9,0,7,8,3,10,10,4,5,3,4,8,7,3,0,10,4,6,11,4,4,11,7,6,6,11,7,8,10,9,6,8,3,10,6,0,10,3,4,5,8,9,10,7,4,3,2,9,8,3,7,10,10,8,11,11,6,5,10,4,5,9,6,7,6,8,2,8,9,0,3,7,6,9,3,8,11,8,7,10,0,3,7,10,8,4,9,10,8,7,11,8,8,4,7,2,8,11,4,9,3,9,4,11,8,10,3,5,3,3,9,4,4,10,4,6,9,3,4,8,11,4,3,11,9,11,9,6,9,10,11,4,5,7,11,4,8,6,8,8,7,6,9,10,3,0,3,8,9
4,10,2,8,9,4,11,11,5,6,4,5,9,8,4,2,11,5,7,0,5,5,0,8,7,7,0,8,9,11,10,7,9,4,11,7,2,11,4,5,6,9,10,11,8,5,4,3,10,9,4,8,11,11,9,0,0,7,6,11,5,6,10,7,8,7,9,3,9,10,2,4,8,7,10,4,9,0,9,8,11,2,4,8,11,9,5,10,11,9,8,0,9,9,5,8,3,9,0,5,10,4,10,5,0,9,11,4,6,4,4,10,5,5,11,5,7,10,4,5,9,0,5,4,0,10,0,10,7,10,11,0,5,6,8,0,5,9,7,9,9,8,7,10,11,4,2,4,9,10
5,11,3,9,10,5,0,0,6,7,5,6,10,9,5,3,0,6,8,2,6,6,2,9,8,8,2,9,10,0,11,8,10,5,0,8,3,0,5,6,7,10,11,0,9,6,5,4,11,10,5,9,0,0,10,2,2,8,7,0,6,7,11,8,9,8,10,4,10,11,3,5,9,8,11,5,10,2,10,9,0,3,5,9,0,10,6,11,0,10,9,2,10,10,6,9,4,10,2,6,11,5,11,6,2,10,0,5,7,5,5,11,6,6,0,6,8,11,5,6,10,2,6,5,2,11,2,11,8,11,0,2,6,7,9,2,6,10,8,10,10,9,8,11,0,5,3,5,10,11
6,0,4,10,11,6,2,2,7,8,6,7,11,10,6,4,2,7,9,3,7,7,3,10,9,9,3,10,11,2,0,9,11,6,2,9,4,2,6,7,8,11,0,2,10,7,6,5,0,11,6,10,2,2,11,3,3,9,8,2,7,8,0,9,10,9,11,5,11,0,4,6,10,9,0,6,11,3,11,10,2,4,6,10,2,11,7,0,2,11,10,3,11,11,7,10,5,11,3,7,0,6,0,7,3,11,2,6,8,6,6,0,7,7,2,7,9,0,6,7,11,3,7,6,3,0,3,0,9,0,2,3,7,8,10,3,7,11,9,11,11,10,9,0,2,6,4,6,11,0
7,2,5,11,0,7,3,3,8,9,7,8,0,11,7,5,3,8,10,4,8,8,4,11,10,10,4,11,0,3,2,10,0,7,3,10,5,3,7,8,9,0,2,3,11,8,7,6,2,0,7,11,3,3,0,4,4,10,9,3,8,9,2,10,11,10,0,6,0,2,5,7,11,10,2,7,0,4,0,11,3,5,7,11,3,0,8,2,3,0,11,4,0,0,8,11,6,0,4,8,2,7,2,8,4,0,3,7,9,7,7,2,8,8,3,8,10,2,7,8,0,4,8,7,4,2,4,2,10,2,3,4,8,9,11,4,8,0,10,0,0,11,10,2,3,7,5,7,0,2
8,3,6,0,2,8,4,4,9,10,8,9,2,0,8,6,4,9,11,5,9,9,5,0,11,11,5,0,2,4,3,11,2,8,4,11,6,4,8,9,10,2,3,4,0,9,8,7,3,2,8,0,4,4,2,5,5,11,10,4,9,10,3,11,0,11,2,7,2,3,6,8,0,11,3,8,2,5,2,0,4,6,8,0,4,2,9,3,4,2,0,5,2,2,9,0,7,2,5,9,3,8,3,9,5,2,4,8,10,8,8,3,9,9,4,9,11,3,8,9,2,5,9,8,5,3,5,3,11,3,4,5,9,10,0,5,9,2,11,2,2,0,11,3,4,8,6,8,2,3
9,4,7,2,3,9,5,5,10,11,9,10,3,2,9,7,5,10,0,6,10,10,6,2,0,0,6,2,3,5,4,0,3,9,5,0,7,5,9,10,11,3,4,5,2,10,9,8,4,3,9,2,5,5,3,6,6,0,11,5,10,11,4,0,2,0,3,8,3,4,7,9,2,0,4,9,3,6,3,2,5,7,9,2,5,3,10,4,5,3,2,6,3,3,10,2,8,3,6,10,4,9,4,10,6,3,5,9,11,9,9,4,10,10,5,10,0,4,9,10,3,6,10,9,6,4,6,4,0,4,5,6,10,11,2,6,10,3,0,3,3,2,0,4,5,9,7,9,3,4
10,5,8,3,4,10,6,6,11,0,10,11,4,3,10,8,6,11,2,7,11,11,7,3,2,2,7,3,4,6,5,2,4,10,6,2,8,6,10,11,0,4,5,6,3,11,10,9,5,4,10,3,6,6,4,7,7,2,0,6,11,0,5,2,3,2,4,9,4,5,8,10,3,2,5,10,4,7,4,3,6,8,10,3,6,4,11,5,6,4,3,7,4,4,11,3,9,4,7,11,5,10,5,11,7,4,6,10,0,10,10,5,11,11,6,11,2,5,10,11,4,7,11,10,7,5,7,5,2,5,6,7,11,0,3,7,11,4,2,4,4,3,2,5,6,10,8,10,4,5
11,6,9,4,5,11,7,7,0,2,11,0,5,4,11,9,7,0,3,8,0,0,8,4,3,3,8,4,5,7,6,3,5,11,7,3,9,7,11,0,2,5,6,7,4,0,11,10,6,5,11,4,7,7,5,8,8,3,2,7,0,2,6,3,4,3,5,10,5,6,9,11,4,3,6,11,5,8,5,4,7,9,11,4,7,5,0,6,7,5,4,8,5,5,0,4,10,5,8,0,6,11,6,0,8,5,7,11,2,11,11,6,0,0,7,0,3,6,11,0,5,8,0,11,8,6,8,6,3,6,7,8,0,2,4,8,0,5,3,5,5,4,3,6,7,11,9,11,5,6
0,7,10,5,6,0,8,8,2,3,0,2,6,5,0,10,8,2,4,9,2,2,9,5,4,4,9,5,6,8,7,4,6,0,8,4,10,8,0,2,3,6,7,8,5,2,0,11,7,6,0,5,8,8,6,9,9,4,3,8,2,3,7,4,5,4,6,11,6,7,10,0,5,4,7,0,6,9,6,5,8,10,0,5,8,6,2,7,8,6,5,9,6,6,2,5,11,6,9,2,7,0,7,2,9,6,8,0,3,0,0,7,2,2,8,2,4,7,0,2,6,9,2,0,9,7,9,7,4,7,8,9,2,3,5,9,2,6,4,6,6,5,4,7,8,0,10,0,6,7
2,8,11,6,7,2,9,9,3,4,2,3,7,6,2,11,9,3,5,10,3,3,10,6,5,5,10,6,7,9,8,5,7,2,9,5,11,9,2,3,4,7,8,9,6,3,2,0,8,7,2,6,9,9,7,10,10,5,4,9,3,4,8,5,6,5,7,0,7,8,11,2,6,5,8,2,7,10,7,6,9,11,2,6,9,7,3,8,9,7,6,10,7,7,3,6,0,7,10,3,8,2,8,3,10,7,9,2,4,2,2,8,3,3,9,3,5,8,2,3,7,10,3,2,10,8,10,8,5,8,9,10,3,4,6,10,3,7,5,7,7,6,5,8,9,2,11,2,7,8
3,9,0,7,8,3,10,10,4,5,3,4,8,7,3,0,10,4,6,11,4,4,11,7,6,6,11,7,8,10,9,6,8,3,10,6,0,10,3,4,5,8,9,10,7,4,3,2,9,8,3,7,10,10,8,11,11,6,5,10,4,5,9,6,7,6,8,2,8,9,0,3,7,6,9,3,8,11,8,7,10,0,3,7,10,8,4,9,10,8,7,11,8,8,4,7,2,8,11,4,9,3,9,4,11,8,10,3,5,3,3,9,4,4,10,4,6,9,3,4,8,11,4,3,11,9,11,9,6,9,10,11,4,5,7,11,4,8,6,8,8,7,6,9,10,3,0,3,8,9
4,10,2,8,9,4,11,11,5,6,4,5,9,8,4,2,11,5,7,0,5,5,0,8,7,7,0,8,9,11,10,7,9,4,11,7,2,11,4,5,6,9,10,11,8,5,4,3,10,9,4,8,11,11,9,0,0,7,6,11,5,6,10,7,8,7,9,3,9,10,2,4,8,7,10,4,9,0,9,8,11,2,4,8,11,9,5,10,11,9,8,0,9,9,5,8,3,9,0,5,10,4,10,5,0,9,11,4,6,4,4,10,5,5,11,5,7,10,4,5,9,0,5,4,0,10,0,10,7,10,11,0,5,6,8,0,5,9,7,9,9,8,7,10,11,4,2,4,9,10
5,11,3,9,10,5,0,0,6,7,5,6,10,9,5,3,0,6,8,2,6,6,2,9,8,8,2,9,10,0,11,8,10,5,0,8,3,0,5,6,7,10,11,0,9,6,5,4,11,10,5,9,0,0,10,2,2,8,7,0,6,7,11,8,9,8,10,4,10,11,3,5,9,8,11,5,10,2,10,9,0,3,5,9,0,10,6,11,0,10,9,2,10,10,6,9,4,10,2,6,11,5,11,6,2,10,0,5,7,5,5,11,6,6,0,6,8,11,5,6,10,2,6,5,2,11,2,11,8,11,0,2,6,7,9,2,6,10,8,10,10,9,8,11,0,5,3,5,10,11
6,0,4,10,11,6,2,2,7,8,6,7,11,10,6,4,2,7,9,3,7,7,3,10,9,9,3,10,11,2,0,9,11,6,2,9,4,2,6,7,8,11,0,2,10,7,6,5,0,11,6,10,2,2,11,3,3,9,8,2,7,8,0,9,10,9,11,5,11,0,4,6,10,9,0,6,11,3,11,10,2,4,6,10,2,11,7,0,2,11,10,3,11,11,7,10,5,11,3,7,0,6,0,7,3,11,2,6,8,6,6,0,7,7,2,7,9,0,6,7,11,3,7,6,3,0,3,0,9,0,2,3,7,8,10,3,7,11,9,11,11,10,9,0,2,6,4,6,11,0
7,2,5,11,0,7,3,3,8,9,7,8,0,11,7,5,3,8,10,4,8,8,4,11,10,10,4,11,0,3,2,10,0,7,3,10,5,3,7,8,9,0,2,3,11,8,7,6,2,0,7,11,3,3,0,4,4,10,9,3,8,9,2,10,11,10,0,6,0,2,5,7,11,10,2,7,0,4,0,11,3,5,7,11,3,0,8,2,3,0,11,4,0,0,8,11,6,0,4,8,2,7,2,8,4,0,3,7,9,7,7,2,8,8,3,8,10,2,7,8,0,4,8,7,4,2,4,2,10,2,3,4,8,9,11,4,8,0,10,0,0,11,10,2,3,7,5,7,0,2
8,3,6,0,2,8,4,4,9,10,8,9,2,0,8,6,4,9,11,5,9,9,5,0,11,11,5,0,2,4,3,11,2,8,4,11,6,4,8,9,10,2,3,4,0,9,8,7,3,2,8,0,4,4,2,5,5,11,10,4,9,10,3,11,0,11,2,7,2,3,6,8,0,11,3,8,2,5,2,0,4,6,8,0,4,2,9,3,4,2,0,5,2,2,9,0,7,2,5,9,3,8,3,9,5,2,4,8,10,8,8,3,9,9,4,9,11,3,8,9,2,5,9,8,5,3,5,3,11,3,4,5,9,10,0,5,9,2,11,2,2,0,11,3,4,8,6,8,2,3
9,4,7,2,3,9,5,5,10,11,9,10,3,2,9,7,5,10,0,6,10,10,6,2,0,0,6,2,3,5,4,0,3,9,5,0,7,5,9,10,11,3,4,5,2,10,9,8,4,3,9,2,5,5,3,6,6,0,11,5,10,11,4,0,2,0,3,8,3,4,7,9,2,0,4,9,3,6,3,2,5,7,9,2,5,3,10,4,5,3,2,6,3,3,10,2,8,3,6,10,4,9,4,10,6,3,5,9,11,9,9,4,10,10,5,10,0,4,9,10,3,6,10,9,6,4,6,4,0,4,5,6,10,11,2,6,10,3,0,3,3,2,0,4,5,9,7,9,3,4
10,5,8,3,4,10,6,6,11,0,10,11,4,3,10,8,6,11,2,7,11,11,7,3,2,2,7,3,4,6,5,2,4,10,6,2,8,6,10,11,0,4,5,6,3,11,10,9,5,4,10,3,6,6,4,7,7,2,0,6,11,0,5,2,3,2,4,9,4,5,8,10,3,2,5,10,4,7,4,3,6,8,10,3,6,4,11,5,6,4,3,7,4,4,11,3,9,4,7,11,5,10,5,11,7,4,6,10,0,10,10,5,11,11,6,11,2,5,10,11,4,7,11,10,7,5,7,5,2,5,6,7,11,0,3,7,11,4,2,4,4,3,2,5,6,10,8,10,4,5
11,6,9,4,5,11,7,7,0,2,11,0,5,4,11,9,7,0,3,8,0,0,8,4,3,3,8,4,5,7,6,3,5,11,7,3,9,7,11,0,2,5,6,7,4,0,11,10,6,5,11,4,7,7,5,8,8,3,2,7,0,2,6,3,4,3,5,10,5,6,9,11,4,3,6,11,5,8,5,4,7,9,11,4,7,5,0,6,7,5,4,8,5,5,0,4,10,5,8,0,6,11,6,0,8,5,7,11,2,11,11,6,0,0,7,0,3,6,11,0,5,8,0,11,8,6,8,6,3,6,7,8,0,2,4,8,0,5,3,5,5,4,3,6,7,11,9,11,5,6
0,7,10,5,6,0,8,8,2,3,0,2,6,5,0,10,8,2,4,9,2,2,9,5,4,4,9,5,6,8,7,4,6,0,8,4,10,8,0,2,3,6,7,8,5,2,0,11,7,6,0,5,8,8,6,9,9,4,3,8,2,3,7,4,5,4,6,11,6,7,10,0,5,4,7,0,6,9,6,5,8,10,0,5,8,6,2,7,8,6,5,9,6,6,2,5,11,6,9,2,7,0,7,2,9,6,8,0,3,0,0,7,2,2,8,2,4,7,0,2,6,9,2,0,9,7,9,7,4,7,8,9,2,3,5,9,2,6,4,6,6,5,4,7,8,0,10,0,6,7
2,8,11,6,7,2,9,9,3,4,2,3,7,6,2,11,9,3,5,10,3,3,10,6,5,5,10,6,7,9,8,5,7,2,9,5,11,9,2,3,4,7,8,9,6,3,2,0,8,7,2,6,9,9,7,10,10,5,4,9,3,4,8,5,6,5,7,0,7,8,11,2,6,5,8,2,7,10,7,6,9,11,2,6,9,7,3,8,9,7,6,10,7,7,3,6,0,7,10,3,8,2,8,3,10,7,9,2,4,2,2,8,3,3,9,3,5,8,2,3,7,10,3,2,10,8,10,8,5,8,9,10,3,4,6,10,3,7,5,7,7,6,5,8,9,2,11,2,7,8
3,9,0,7,8,3,10,10,4,5,3,4,8,7,3,0,10,4,6,11,4,4,11,7,6,6,11,7,8,10,9,6,8,3,10,6,0,10,3,4,5,8,9,10,7,4,3,2,9,8,3,7,10,10,8,11,11,6,5,10,4,5,9,6,7,6,8,2,8,9,0,3,7,6,9,3,8,11,8,7,10,0,3,7,10,8,4,9,10,8,7,11,8,8,4,7,2,8,11,4,9,3,9,4,11,8,10,3,5,3,3,9,4,4,10,4,6,9,3,4,8,11,4,3,11,9,11,9,6,9,10,11,4,5,7,11,4,8,6,8,8,7,6,9,10,3,0,3,8,9
4,10,2,8,9,4,11,11,5,6,4,5,9,8,4,2,11,5,7,0,5,5,0,8,7,7,0,8,9,11,10,7,9,4,11,7,2,11,4,5,6,9,10,11,8,5,4,3,10,9,4,8,11,11,9,0,0,7,6,11,5,6,10,7,8,7,9,3,9,10,2,4,8,7,10,4,9,0,9,8,11,2,4,8,11,9,5,10,11,9,8,0,9,9,5,8,3,9,0,5,10,4,10,5,0,9,11,4,6,4,4,10,5,5,11,5,7,10,4,5,9,0,5,4,0,10,0,10,7,10,11,0,5,6,8,0,5,9,7,9,9,8,7,10,11,4,2,4,9,10
5,11,3,9,10,5,0,0,6,7,5,6,10,9,5,3,0,6,8,2,6,6,2,9,8,8,2,9,10,0,11,8,10,5,0,8,3,0,5,6,7,10,11,0,9,6,5,4,11,10,5,9,0,0,10,2,2,8,7,0,6,7,11,8,9,8,10,4,10,11,3,5,9,8,11,5,10,2,10,9,0,3,5,9,0,10,6,11,0,10,9,2,10,10,6,9,4,10,2,6,11,5,11,6,2,10,0,5,7,5,5,11,6,6,0,6,8,11,5,6,10,2,6,5,2,11,2,11,8,11,0,2,6,7,9,2,6,10,8,10,10,9,8,11,0,5,3,5,10,11
6,0,4,10,11,6,2,2,7,8,6,7,11,10,6,4,2,7,9,3,7,7,3,10,9,9,3,10,11,2,0,9,11,6,2,9,4,2,6,7,8,11,0,2,10,7,6,5,0,11,6,10,2,2,11,3,3,9,8,2,7,8,0,9,10,9,11,5,11,0,4,6,10,9,0,6,11,3,11,10,2,4,6,10,2,11,7,0,2,11,10,3,11,11,7,10,5,11,3,7,0,6,0,7,3,11,2,6,8,6,6,0,7,7,2,7,9,0,6,7,11,3,7,6,3,0,3,0,9,0,2,3,7,8,10,3,7,11,9,11,11,10,9,0,2,6,4,6,11,0
7,2,5,11,0,7,3,3,8,9,7,8,0,11,7,5,3,8,10,4,8,8,4,11,10,10,4,11,0,3,2,10,0,7,3,10,5,3,7,8,9,0,2,3,11,8,7,6,2,0,7,11,3,3,0,4,4,10,9,3,8,9,2,10,11,10,0,6,0,2,5,7,11,10,2,7,0,4,0,11,3,5,7,11,3,0,8,2,3,0,11,4,0,0,8,11,6,0,4,8,2,7,2,8,4,0,3,7,9,7,7,2,8,8,3,8,10,2,7,8,0,4,8,7,4,2,4,2,10,2,3,4,8,9,11,4,8,0,10,0,0,11,10,2,3,7,5,7,0,2
8,3,6,0,2,8,4,4,9,10,8,9,2,0,8,6,4,9,11,5,9,9,5,0,11,11,5,0,2,4,3,11,2,8,4,11,6,4,8,9,10,2,3,4,0,9,8,7,3,2,8,0,4,4,2,5,5,11,10,4,9,10,3,11,0,11,2,7,2,3,6,8,0,11,3,8,2,5,2,0,4,6,8,0,4,2,9,3,4,2,0,5,2,2,9,0,7,2,5,9,3,8,3,9,5,2,4,8,10,8,8,3,9,9,4,9,11,3,8,9,2,5,9,8,5,3,5,3,11,3,4,5,9,10,0,5,9,2,11,2,2,0,11,3,4,8,6,8,2,3
9,4,7,2,3,9,5,5,10,11,9,10,3,2,9,7,5,10,0,6,10,10,6,2,0,0,6,2,3,5,4,0,3,9,5,0,7,5,9,10,11,3,4,5,2,10,9,8,4,3,9,2,5,5,3,6,6,0,11,5,10,11,4,0,2,0,3,8,3,4,7,9,2,0,4,9,3,6,3,2,5,7,9,2,5,3,10,4,5,3,2,6,3,3,10,2,8,3,6,10,4,9,4,10,6,3,5,9,11,9,9,4,10,10,5,10,0,4,9,10,3,6,10,9,6,4,6,4,0,4,5,6,10,11,2,6,10,3,0,3,3,2,0,4,5,9,7,9,3,4
10,5,8,3,4,10,6,6,11,0,10,11,4,3,10,8,6,11,2,7,11,11,7,3,2,2,7,3,4,6,5,2,4,10,6,2,8,6,10,11,0,4,5,6,3,11,10,9,5,4,10,3,6,6,4,7,7,2,0,6,11,0,5,2,3,2,4,9,4,5,8,10,3,2,5,10,4,7,4,3,6,8,10,3,6,4,11,5,6,4,3,7,4,4,11,3,9,4,7,11,5,10,5,11,7,4,6,10,0,10,10,5,11,11,6,11,2,5,10,11,4,7,11,10,7,5,7,5,2,5,6,7,11,0,3,7,11,4,2,4,4,3,2,5,6,10,8,10,4,5
11,6,9,4,5,11,7,7,0,2,11,0,5,4,11,9,7,0,3,8,0,0,8,4,3,3,8,4,5,7,6,3,5,11,7,3,9,7,11,0,2,5,6,7,4,0,11,10,6,5,11,4,7,7,5,8,8,3,2,7,0,2,6,3,4,3,5,10,5,6,9,11,4,3,6,11,5,8,5,4,7,9,11,4,7,5,0,6,7,5,4,8,5,5,0,4,10,5,8,0,6,11,6,0,8,5,7,11,2,11,11,6,0,0,7,0,3,6,11,0,5,8,0,11,8,6,8,6,3,6,7,8,0,2,4,8,0,5,3,5,5,4,3,6,7,11,9,11,5,6
0,7,10,5,6,0,8,8,2,3,0,2,6,5,0,10,8,2,4,9,2,2,9,5,4,4,9,5,6,8,7,4,6,0,8,4,10,8,0,2,3,6,7,8,5,2,0,11,7,6,0,5,8,8,6,9,9,4,3,8,2,3,7,4,5,4,6,11,6,7,10,0,5,4,7,0,6,9,6,5,8,10,0,5,8,6,2,7,8,6,5,9,6,6,2,5,11,6,9,2,7,0,7,2,9,6,8,0,3,0,0,7,2,2,8,2,4,7,0,2,6,9,2,0,9,7,9,7,4,7,8,9,2,3,5,9,2,6,4,6,6,5,4,7,8,0,10,0,6,7
2,8,11,6,7,2,9,9,3,4,2,3,7,6,2,11,9,3,5,10,3,3,10,6,5,5,10,6,7,9,8,5,7,2,9,5,11,9,2,3,4,7,8,9,6,3,2,0,8,7,2,6,9,9,7,10,10,5,4,9,3,4,8,5,6,5,7,0,7,8,11,2,6,5,8,2,7,10,7,6,9,11,2,6,9,7,3,8,9,7,6,10,7,7,3,6,0,7,10,3,8,2,8,3,10,7,9,2,4,2,2,8,3,3,9,3,5,8,2,3,7,10,3,2,10,8,10,8,5,8,9,10,3,4,6,10,3,7,5,7,7,6,5,8,9,2,11,2,7,8
3,9,0,7,8,3,10,10,4,5,3,4,8,7,3,0,10,4,6,11,4,4,11,7,6,6,11,7,8,10,9,6,8,3,10,6,0,10,3,4,5,8,9,10,7,4,3,2,9,8,3,7,10,10,8,11,11,6,5,10,4,5,9,6,7,6,8,2,8,9,0,3,7,6,9,3,8,11,8,7,10,0,3,7,10,8,4,9,10,8,7,11,8,8,4,7,2,8,11,4,9,3,9,4,11,8,10,3,5,3,3,9,4,4,10,4,6,9,3,4,8,11,4,3,11,9,11,9,6,9,10,11,4,5,7,11,4,8,6,8,8,7,6,9,10,3,0,3,8,9
4,10,2,8,9,4,11,11,5,6,4,5,9,8,4,2,11,5,7,0,5,5,0,8,7,7,0,8,9,11,10,7,9,4,11,7,2,11,4,5,6,9,10,11,8,5,4,3,10,9,4,8,11,11,9,0,0,7,6,11,5,6,10,7,8,7,9,3,9,10,2,4,8,7,10,4,9,0,9,8,11,2,4,8,11,9,5,10,11,9,8,0,9,9,5,8,3,9,0,5,10,4,10,5,0,9,11,4,6,4,4,10,5,5,11,5,7,10,4,5,9,0,5,4,0,10,0,10,7,10,11,0,5,6,8,0,5,9,7,9,9,8,7,10,11,4,2,4,9,10
5,11,3,9,10,5,0,0,6,7,5,6,10,9,5,3,0,6,8,2,6,6,2,9,8,8,2,9,10,0,11,8,10,5,0,8,3,0,5,6,7,10,11,0,9,6,5,4,11,10,5,9,0,0,10,2,2,8,7,0,6,7,11,8,9,8,10,4,10,11,3,5,9,8,11,5,10,2,10,9,0,3,5,9,0,10,6,11,0,10,9,2,10,10,6,9,4,10,2,6,11,5,11,6,2,10,0,5,7,5,5,11,6,6,0,6,8,11,5,6,10,2,6,5,2,11,2,11,8,11,0,2,6,7,9,2,6,10,8,10,10,9,8,11,0,5,3,5,10,11
6,0,4,10,11,6,2,2,7,8,6,7,11,10,6,4,2,7,9,3,7,7,3,10,9,9,3,10,11,2,0,9,11,6,2,9,4,2,6,7,8,11,0,2,10,7,6,5,0,11,6,10,2,2,11,3,3,9,8,2,7,8,0,9,10,9,11,5,11,0,4,6,10,9,0,6,11,3,11,10,2,4,6,10,2,11,7,0,2,11,10,3,11,11,7,10,5,11,3,7,0,6,0,7,3,11,2,6,8,6,6,0,7,7,2,7,9,0,6,7,11,3,7,6,3,0,3,0,9,0,2,3,7,8,10,3,7,11,9,11,11,10,9,0,2,6,4,6,11,0
7,2,5,11,0,7,3,3,8,9,7,8,0,11,7,5,3,8,10,4,8,8,4,11,10,10,4,11,0,3,2,10,0,7,3,10,5,3,7,8,9,0,2,3,11,8,7,6,2,0,7,11,3,3,0,4,4,10,9,3,8,9,2,10,11,10,0,6,0,2,5,7,11,10,2,7,0,4,0,11,3,5,7,11,3,0,8,2,3,0,11,4,0,0,8,11,6,0,4,8,2,7,2,8,4,0,3,7,9,7,7,2,8,8,3,8,10,2,7,8,0,4,8,7,4,2,4,2,10,2,3,4,8,9,11,4,8,0,10,0,0,11,10,2,3,7,5,7,0,2
8,3,6,0,2,8,4,4,9,10,8,9,2,0,8,6,4,9,11,5,9,9,5,0,11,11,5,0,2,4,3,11,2,8,4,11,6,4,8,9,10,2,3,4,0,9,8,7,3,2,8,0,4,4,2,5,5,11,10,4,9,10,3,11,0,11,2,7,2,3,6,8,0,11,3,8,2,5,2,0,4,6,8,0,4,2,9,3,4,2,0,5,2,2,9,0,7,2,5,9,3,8,3,9,5,2,4,8,10,8,8,3,9,9,4,9,11,3,8,9,2,5,9,8,5,3,5,3,11,3,4,5,9,10,0,5,9,2,11,2,2,0,11,3,4,8,6,8,2,3
9,4,7,2,3,9,5,5,10,11,9,10,3,2,9,7,5,10,0,6,10,10,6,2,0,0,6,2,3,5,4,0,3,9,5,0,7,5,9,10,11,3,4,5,2,10,9,8,4,3,9,2,5,5,3,6,6,0,11,5,10,11,4,0,2,0,3,8,3,4,7,9,2,0,4,9,3,6,3,2,5,7,9,2,5,3,10,4,5,3,2,6,3,3,10,2,8,3,6,10,4,9,4,10,6,3,5,9,11,9,9,4,10,10,5,10,0,4,9,10,3,6,10,9,6,4,6,4,0,4,5,6,10,11,2,6,10,3,0,3,3,2,0,4,5,9,7,9,3,4
10,5,8,3,4,10,6,6,11,0,10,11,4,3,10,8,6,11,2,7,11,11,7,3,2,2,7,3,4,6,5,2,4,10,6,2,8,6,10,11,0,4,5,6,3,11,10,9,5,4,10,3,6,6,4,7,7,2,0,6,11,0,5,2,3,2,4,9,4,5,8,10,3,2,5,10,4,7,4,3,6,8,10,3,6,4,11,5,6,4,3,7,4,4,11,3,9,4,7,11,5,10,5,11,7,4,6,10,0,10,10,5,11,11,6,11,2,5,10,11,4,7,11,10,7,5,7,5,2,5,6,7,11,0,3,7,11,4,2,4,4,3,2,5,6,10,8,10,4,5
11,6,9,4,5,11,7,7,0,2,11,0,5,4,11,9,7,0,3,8,0,0,8,4,3,3,8,4,5,7,6,3,5,11,7,3,9,7,11,0,2,5,6,7,4,0,11,10,6,5,11,4,7,7,5,8,8,3,2,7,0,2,6,3,4,3,5,10,5,6,9,11,4,3,6,11,5,8,5,4,7,9,11,4,7,5,0,6,7,5,4,8,5,5,0,4,10,5,8,0,6,11,6,0,8,5,7,11,2,11,11,6,0,0,7,0,3,6,11,0,5,8,0,11,8,6,8,6,3,6,7,8,0,2,4,8,0,5,3,5,5,4,3,6,7,11,9,11,5,6
0,7,10,5,6,0,8,8,2,3,0,2,6,5,0,10,8,2,4,9,2,2,9,5,4,4,9,5,6,8,7,4,6,0,8,4,10,8,0,2,3,6,7,8,5,2,0,11,7,6,0,5,8,8,6,9,9,4,3,8,2,3,7,4,5,4,6,11,6,7,10,0,5,4,7,0,6,9,6,5,8,10,0,5,8,6,2,7,8,6,5,9,6,6,2,5,11,6,9,2,7,0,7,2,9,6,8,0,3,0,0,7,2,2,8,2,4,7,0,2,6,9,2,0,9,7,9,7,4,7,8,9,2,3,5,9,2,6,4,6,6,5,4,7,8,0,10,0,6,7
2,8,11,6,7,2,9,9,3,4,2,3,7,6,2,11,9,3,5,10,3,3,10,6,5,5,10,6,7,9,8,5,7,2,9,5,11,9,2,3,4,7,8,9,6,3,2,0,8,7,2,6,9,9,7,10,10,5,4,9,3,4,8,5,6,5,7,0,7,8,11,2,6,5,8,2,7,10,7,6,9,11,2,6,9,7,3,8,9,7,6,10,7,7,3,6,0,7,10,3,8,2,8,3,10,7,9,2,4,2,2,8,3,3,9,3,5,8,2,3,7,10,3,2,10,8,10,8,5,8,9,10,3,4,6,10,3,7,5,7,7,6,5,8,9,2,11,2,7,8
3,9,0,7,8,3,10,10,4,5,3,4,8,7,3,0,10,4,6,11,4,4,11,7,6,6,11,7,8,10,9,6,8,3,10,6,0,10,3,4,5,8,9,10,7,4,3,2,9,8,3,7,10,10,8,11,11,6,5,10,4,5,9,6,7,6,8,2,8,9,0,3,7,6,9,3,8,11,8,7,10,0,3,7,10,8,4,9,10,8,7,11,8,8,4,7,2,8,11,4,9,3,9,4,11,8,10,3,5,3,3,9,4,4,10,4,6,9,3,4,8,11,4,3,11,9,11,9,6,9,10,11,4,5,7,11,4,8,6,8,8,7,6,9,10,3,0,3,8,9
4,10,2,8,9,4,11,11,5,6,4,5,9,8,4,2,11,5,7,0,5,5,0,8,7,7,0,8,9,11,10,7,9,4,11,7,2,11,4,5,6,9,10,11,8,5,4,3,10,9,4,8,11,11,9,0,0,7,6,11,5,6,10,7,8,7,9,3,9,10,2,4,8,7,10,4,9,0,9,8,11,2,4,8,11,9,5,10,11,9,8,0,9,9,5,8,3,9,0,5,10,4,10,5,0,9,11,4,6,4,4,10,5,5,11,5,7,10,4,5,9,0,5,4,0,10,0,10,7,10,11,0,5,6,8,0,5,9,7,9,9,8,7,10,11,4,2,4,9,10
5,11,3,9,10,5,0,0,6,7,5,6,10,9,5,3,0,6,8,2,6,6,2,9,8,8,2,9,10,0,11,8,10,5,0,8,3,0,5,6,7,10,11,0,9,6,5,4,11,10,5,9,0,0,10,2,2,8,7,0,6,7,11,8,9,8,10,4,10,11,3,5,9,8,11,5,10,2,10,9,0,3,5,9,0,10,6,11,0,10,9,2,10,10,6,9,4,10,2,6,11,5,11,6,2,10,0,5,7,5,5,11,6,6,0,6,8,11,5,6,10,2,6,5,2,11,2,11,8,11,0,2,6,7,9,2,6,10,8,10,10,9,8,11,0,5,3,5,10,11
6,0,4,10,11,6,2,2,7,8,6,7,11,10,6,4,2,7,9,3,7,7,3,10,9,9,3,10,11,2,0,9,11,6,2,9,4,2,6,7,8,11,0,2,10,7,6,5,0,11,6,10,2,2,11,3,3,9,8,2,7,8,0,9,10,9,11,5,11,0,4,6,10,9,0,6,11,3,11,10,2,4,6,10,2,11,7,0,2,11,10,3,11,11,7,10,5,11,3,7,0,6,0,7,3,11,2,6,8,6,6,0,7,7,2,7,9,0,6,7,11,3,7,6,3,0,3,0,9,0,2,3,7,8,10,3,7,11,9,11,11,10,9,0,2,6,4,6,11,0
7,2,5,11,0,7,3,3,8,9,7,8,0,11,7,5,3,8,10,4,8,8,4,11,10,10,4,11,0,3,2,10,0,7,3,10,5,3,7,8,9,0,2,3,11,8,7,6,2,0,7,11,3,3,0,4,4,10,9,3,8,9,2,10,11,10,0,6,0,2,5,7,11,10,2,7,0,4,0,11,3,5,7,11,3,0,8,2,3,0,11,4,0,0,8,11,6,0,4,8,2,7,2,8,4,0,3,7,9,7,7,2,8,8,3,8,10,2,7,8,0,4,8,7,4,2,4,2,10,2,3,4,8,9,11,4,8,0,10,0,0,11,10,2,3,7,5,7,0,2
8,3,6,0,2,8,4,4,9,10,8,9,2,0,8,6,4,9,11,5,9,9,5,0,11,11,5,0,2,4,3,11,2,8,4,11,6,4,8,9,10,2,3,4,0,9,8,7,3,2,8,0,4,4,2,5,5,11,10,4,9,10,3,11,0,11,2,7,2,3,6,8,0,11,3,8,2,5,2,0,4,6,8,0,4,2,9,3,4,2,0,5,2,2,9,0,7,2,5,9,3,8,3,9,5,2,4,8,10,8,8,3,9,9,4,9,11,3,8,9,2,5,9,8,5,3,5,3,11,3,4,5,9,10,0,5,9,2,11,2,2,0,11,3,4,8,6,8,2,3
9,4,7,2,3,9,5,5,10,11,9,10,3,2,9,7,5,10,0,6,10,10,6,2,0,0,6,2,3,5,4,0,3,9,5,0,7,5,9,10,11,3,4,5,2,10,9,8,4,3,9,2,5,5,3,6,6,0,11,5,10,11,4,0,2,0,3,8,3,4,7,9,2,0,4,9,3,6,3,2,5,7,9,2,5,3,10,4,5,3,2,6,3,3,10,2,8,3,6,10,4,9,4,10,6,3,5,9,11,9,9,4,10,10,5,10,0,4,9,10,3,6,10,9,6,4,6,4,0,4,5,6,10,11,2,6,10,3,0,3,3,2,0,4,5,9,7,9,3,4
10,5,8,3,4,10,6,6,11,0,10,11,4,3,10,8,6,11,2,7,11,11,7,3,2,2,7,3,4,6,5,2,4,10,6,2,8,6,10,11,0,4,5,6,3,11,10,9,5,4,10,3,6,6,4,7,7,2,0,6,11,0,5,2,3,2,4,9,4,5,8,10,3,2,5,10,4,7,4,3,6,8,10,3,6,4,11,5,6,4,3,7,4,4,11,3,9,4,7,11,5,10,5,11,7,4,6,10,0,10,10,5,11,11,6,11,2,5,10,11,4,7,11,10,7,5,7,5,2,5,6,7,11,0,3,7,11,4,2,4,4,3,2,5,6,10,8,10,4,5
11,6,9,4,5,11,7,7,0,2,11,0,5,4,11,9,7,0,3,8,0,0,8,4,3,3,8,4,5,7,6,3,5,11,7,3,9,7,11,0,2,5,6,7,4,0,11,10,6,5,11,4,7,7,5,8,8,3,2,7,0,2,6,3,4,3,5,10,5,6,9,11,4,3,6,11,5,8,5,4,7,9,11,4,7,5,0,6,7,5,4,8,5,5,0,4,10,5,8,0,6,11,6,0,8,5,7,11,2,11,11,6,0,0,7,0,3,6,11,0,5,8,0,11,8,6,8,6,3,6,7,8,0,2,4,8,0,5,3,5,5,4,3,6,7,11,9,11,5,6
0,7,10,5,6,0,8,8,2,3,0,2,6,5,0,10,8,2,4,9,2,2,9,5,4,4,9,5,6,8,7,4,6,0,8,4,10,8,0,2,3,6,7,8,5,2,0,11,7,6,0,5,8,8,6,9,9,4,3,8,2,3,7,4,5,4,6,11,6,7,10,0,5,4,7,0,6,9,6,5,8,10,0,5,8,6,2,7,8,6,5,9,6,6,2,5,11,6,9,2,7,0,7,2,9,6,8,0,3,0,0,7,2,2,8,2,4,7,0,2,6,9,2,0,9,7,9,7,4,7,8,9,2,3,5,9,2,6,4,6,6,5,4,7,8,0,10,0,6,7
2,8,11,6,7,2,9,9,3,4,2,3,7,6,2,11,9,3,5,10,3,3,10,6,5,5,10,6,7,9,8,5,7,2,9,5,11,9,2,3,4,7,8,9,6,3,2,0,8,7,2,6,9,9,7,10,10,5,4,9,3,4,8,5,6,5,7,0,7,8,11,2,6,5,8,2,7,10,7,6,9,11,2,6,9,7,3,8,9,7,6,10,7,7,3,6,0,7,10,3,8,2,8,3,10,7,9,2,4,2,2,8,3,3,9,3,5,8,2,3,7,10,3,2,10,8,10,8,5,8,9,10,3,4,6,10,3,7,5,7,7,6,5,8,9,2,11,2,7,8
3,9,0,7,8,3,10,10,4,5,3,4,8,7,3,0,10,4,6,11,4,4,11,7,6,6,11,7,8,10,9,6,8,3,10,6,0,10,3,4,5,8,9,10,7,4,3,2,9,8,3,7,10,10,8,11,11,6,5,10,4,5,9,6,7,6,8,2,8,9,0,3,7,6,9,3,8,11,8,7,10,0,3,7,10,8,4,9,10,8,7,11,8,8,4,7,2,8,11,4,9,3,9,4,11,8,10,3,5,3,3,9,4,4,10,4,6,9,3,4,8,11,4,3,11,9,11,9,6,9,10,11,4,5,7,11,4,8,6,8,8,7,6,9,10,3,0,3,8,9
4,10,2,8,9,4,11,11,5,6,4,5,9,8,4,2,11,5,7,0,5,5,0,8,7,7,0,8,9,11,10,7,9,4,11,7,2,11,4,5,6,9,10,11,8,5,4,3,10,9,4,8,11,11,9,0,0,7,6,11,5,6,10,7,8,7,9,3,9,10,2,4,8,7,10,4,9,0,9,8,11,2,4,8,11,9,5,10,11,9,8,0,9,9,5,8,3,9,0,5,10,4,10,5,0,9,11,4,6,4,4,10,5,5,11,5,7,10,4,5,9,0,5,4,0,10,0,10,7,10,11,0,5,6,8,0,5,9,7,9,9,8,7,10,11,4,2,4,9,10
5,11,3,9,10,5,0,0,6,7,5,6,10,9,5,3,0,6,8,2,6,6,2,9,8,8,2,9,10,0,11,8,10,5,0,8,3,0,5,6,7,10,11,0,9,6,5,4,11,10,5,9,0,0,10,2,2,8,7,0,6,7,11,8,9,8,10,4,10,11,3,5,9,8,11,5,10,2,10,9,0,3,5,9,0,10,6,11,0,10,9,2,10,10,6,9,4,10,2,6,11,5,11,6,2,10,0,5,7,5,5,11,6,6,0,6,8,11,5,6,10,2,6,5,2,11,2,11,8,11,0,2,6,7,9,2,6,10,8,10,10,9,8,11,0,5,3,5,10,11
6,0,4,10,11,6,2,2,7,8,6,7,11,10,6,4,2,7,9,3,7,7,3,10,9,9,3,10,11,2,0,9,11,6,2,9,4,2,6,7,8,11,0,2,10,7,6,5,0,11,6,10,2,2,11,3,3,9,8,2,7,8,0,9,10,9,11,5,11,0,4,6,10,9,0,6,11,3,11,10,2,4,6,10,2,11,7,0,2,11,10,3,11,11,7,10,5,11,3,7,0,6,0,7,3,11,2,6,8,6,6,0,7,7,2,7,9,0,6,7,11,3,7,6,3,0,3,0,9,0,2,3,7,8,10,3,7,11,9,11,11,10,9,0,2,6,4,6,11,0
7,2,5,11,0,7,3,3,8,9,7,8,0,11,7,5,3,8,10,4,8,8,4,11,10,10,4,11,0,3,2,10,0,7,3,10,5,3,7,8,9,0,2,3,11,8,7,6,2,0,7,11,3,3,0,4,4,10,9,3,8,9,2,10,11,10,0,6,0,2,5,7,11,10,2,7,0,4,0,11,3,5,7,11,3,0,8,2,3,0,11,4,0,0,8,11,6,0,4,8,2,7,2,8,4,0,3,7,9,7,7,2,8,8,3,8,10,2,7,8,0,4,8,7,4,2,4,2,10,2,3,4,8,9,11,4,8,0,10,0,0,11,10,2,3,7,5,7,0,2
8,3,6,0,2,8,4,4,9,10,8,9,2,0,8,6,4,9,11,5,9,9,5,0,11,11,5,0,2,4,3,11,2,8,4,11,6,4,8,9,10,2,3,4,0,9,8,7,3,2,8,0,4,4,2,5,5,11,10,4,9,10,3,11,0,11,2,7,2,3,6,8,0,11,3,8,2,5,2,0,4,6,8,0,4,2,9,3,4,2,0,5,2,2,9,0,7,2,5,9,3,8,3,9,5,2,4,8,10,8,8,3,9,9,4,9,11,3,8,9,2,5,9,8,5,3,5,3,11,3,4,5,9,10,0,5,9,2,11,2,2,0,11,3,4,8,6,8,2,3
9,4,7,2,3,9,5,5,10,11,9,10,3,2,9,7,5,10,0,6,10,10,6,2,0,0,6,2,3,5,4,0,3,9,5,0,7,5,9,10,11,3,4,5,2,10,9,8,4,3,9,2,5,5,3,6,6,0,11,5,10,11,4,0,2,0,3,8,3,4,7,9,2,0,4,9,3,6,3,2,5,7,9,2,5,3,10,4,5,3,2,6,3,3,10,2,8,3,6,10,4,9,4,10,6,3,5,9,11,9,9,4,10,10,5,10,0,4,9,10,3,6,10,9,6,4,6,4,0,4,5,6,10,11,2,6,10,3,0,3,3,2,0,4,5,9,7,9,3,4
10,5,8,3,4,10,6,6,11,0,10,11,4,3,10,8,6,11,2,7,11,11,7,3,2,2,7,3,4,6,5,2,4,10,6,2,8,6,10,11,0,4,5,6,3,11,10,9,5,4,10,3,6,6,4,7,7,2,0,6,11,0,5,2,3,2,4,9,4,5,8,10,3,2,5,10,4,7,4,3,6,8,10,3,6,4,11,5,6,4,3,7,4,4,11,3,9,4,7,11,5,10,5,11,7,4,6,10,0,10,10,5,11,11,6,11,2,5,10,11,4,7,11,10,7,5,7,5,2,5,6,7,11,0,3,7,11,4,2,4,4,3,2,5,6,10,8,10,4,5
11,6,9,4,5,11,7,7,0,2,11,0,5,4,11,9,7,0,3,8,0,0,8,4,3,3,8,4,5,7,6,3,5,11,7,3,9,7,11,0,2,5,6,7,4,0,11,10,6,5,11,4,7,7,5,8,8,3,2,7,0,2,6,3,4,3,5,10,5,6,9,11,4,3,6,11,5,8,5,4,7,9,11,4,7,5,0,6,7,5,4,8,5,5,0,4,10,5,8,0,6,11,6,0,8,5,7,11,2,11,11,6,0,0,7,0,3,6,11,0,5,8,0,11,8,6,8,6,3,6,7,8,0,2,4,8,0,5,3,5,5,4,3,6,7,11,9,11,5,6
0,7,10,5,6,0,8,8,2,3,0,2,6,5,0,10,8,2,4,9,2,2,9,5,4,4,9,5,6,8,7,4,6,0,8,4,10,8,0,2,3,6,7,8,5,2,0,11,7,6,0,5,8,8,6,9,9,4,3,8,2,3,7,4,5,4,6,11,6,7,10,0,5,4,7,0,6,9,6,5,8,10,0,5,8,6,2,7,8,6,5,9,6,6,2,5,11,6,9,2,7,0,7,2,9,6,8,0,3,0,0,7,2,2,8,2,4,7,0,2,6,9,2,0,9,7,9,7,4,7,8,9,2,3,5,9,2,6,4,6,6,5,4,7,8,0,10,0,6,7
2,8,11,6,7,2,9,9,3,4,2,3,7,6,2,11,9,3,5,10,3,3,10,6,5,5,10,6,7,9,8,5,7,2,9,5,11,9,2,3,4,7,8,9,6,3,2,0,8,7,2,6,9,9,7,10,10,5,4,9,3,4,8,5,6,5,7,0,7,8,11,2,6,5,8,2,7,10,7,6,9,11,2,6,9,7,3,8,9,7,6,10,7,7,3,6,0,7,10,3,8,2,8,3,10,7,9,2,4,2,2,8,3,3,9,3,5,8,2,3,7,10,3,2,10,8,10,8,5,8,9,10,3,4,6,10,3,7,5,7,7,6,5,8,9,2,11,2,7,8
3,9,0,7,8,3,10,10,4,5,3,4,8,7,3,0,10,4,6,11,4,4,11,7,6,6,11,7,8,10,9,6,8,3,10,6,0,10,3,4,5,8,9,10,7,4,3,2,9,8,3,7,10,10,8,11,11,6,5,10,4,5,9,6,7,6,8,2,8,9,0,3,7,6,9,3,8,11,8,7,10,0,3,7,10,8,4,9,10,8,7,11,8,8,4,7,2,8,11,4,9,3,9,4,11,8,10,3,5,3,3,9,4,4,10,4,6,9,3,4,8,11,4,3,11,9,11,9,6,9,10,11,4,5,7,11,4,8,6,8,8,7,6,9,10,3,0,3,8,9
4,10,2,8,9,4,11,11,5,6,4,5,9,8,4,2,11,5,7,0,5,5,0,8,7,7,0,8,9,11,10,7,9,4,11,7,2,11,4,5,6,9,10,11,8,5,4,3,10,9,4,8,11,11,9,0,0,7,6,11,5,6,10,7,8,7,9,3,9,10,2,4,8,7,10,4,9,0,9,8,11,2,4,8,11,9,5,10,11,9,8,0,9,9,5,8,3,9,0,5,10,4,10,5,0,9,11,4,6,4,4,10,5,5,11,5,7,10,4,5,9,0,5,4,0,10,0,10,7,10,11,0,5,6,8,0,5,9,7,9,9,8,7,10,11,4,2,4,9,10
5,11,3,9,10,5,0,0,6,7,5,6,10,9,5,3,0,6,8,2,6,6,2,9,8,8,2,9,10,0,11,8,10,5,0,8,3,0,5,6,7,10,11,0,9,6,5,4,11,10,5,9,0,0,10,2,2,8,7,0,6,7,11,8,9,8,10,4,10,11,3,5,9,8,11,5,10,2,10,9,0,3,5,9,0,10,6,11,0,10,9,2,10,10,6,9,4,10,2,6,11,5,11,6,2,10,0,5,7,5,5,11,6,6,0,6,8,11,5,6,10,2,6,5,2,11,2,11,8,11,0,2,6,7,9,2,6,10,8,10,10,9,8,11,0,5,3,5,10,11
6,0,4,10,11,6,2,2,7,8,6,7,11,10,6,4,2,7,9,3,7,7,3,10,9,9,3,10,11,2,0,9,11,6,2,9,4,2,6,7,8,11,0,2,10,7,6,5,0,11,6,10,2,2,11,3,3,9,8,2,7,8,0,9,10,9,11,5,11,0,4,6,10,9,0,6,11,3,11,10,2,4,6,10,2,11,7,0,2,11,10,3,11,11,7,10,5,11,3,7,0,6,0,7,3,11,2,6,8,6,6,0,7,7,2,7,9,0,6,7,11,3,7,6,3,0,3,0,9,0,2,3,7,8,10,3,7,11,9,11,11,10,9,0,2,6,4,6,11,0
7,2,5,11,0,7,3,3,8,9,7,8,0,11,7,5,3,8,10,4,8,8,4,11,10,10,4,11,0,3,2,10,0,7,3,10,5,3,7,8,9,0,2,3,11,8,7,6,2,0,7,11,3,3,0,4,4,10,9,3,8,9,2,10,11,10,0,6,0,2,5,7,11,10,2,7,0,4,0,11,3,5,7,11,3,0,8,2,3,0,11,4,0,0,8,11,6,0,4,8,2,7,2,8,4,0,3,7,9,7,7,2,8,8,3,8,10,2,7,8,0,4,8,7,4,2,4,2,10,2,3,4,8,9,11,4,8,0,10,0,0,11,10,2,3,7,5,7,0,2
8,3,6,0,2,8,4,4,9,10,8,9,2,0,8,6,4,9,11,5,9,9,5,0,11,11,5,0,2,4,3,11,2,8,4,11,6,4,8,9,10,2,3,4,0,9,8,7,3,2,8,0,4,4,2,5,5,11,10,4,9,10,3,11,0,11,2,7,2,3,6,8,0,11,3,8,2,5,2,0,4,6,8,0,4,2,9,3,4,2,0,5,2,2,9,0,7,2,5,9,3,8,3,9,5,2,4,8,10,8,8,3,9,9,4,9,11,3,8,9,2,5,9,8,5,3,5,3,11,3,4,5,9,10,0,5,9,2,11,2,2,0,11,3,4,8,6,8,2,3
9,4,7,2,3,9,5,5,10,11,9,10,3,2,9,7,5,10,0,6,10,10,6,2,0,0,6,2,3,5,4,0,3,9,5,0,7,5,9,10,11,3,4,5,2,10,9,8,4,3,9,2,5,5,3,6,6,0,11,5,10,11,4,0,2,0,3,8,3,4,7,9,2,0,4,9,3,6,3,2,5,7,9,2,5,3,10,4,5,3,2,6,3,3,10,2,8,3,6,10,4,9,4,10,6,3,5,9,11,9,9,4,10,10,5,10,0,4,9,10,3,6,10,9,6,4,6,4,0,4,5,6,10,11,2,6,10,3,0,3,3,2,0,4,5,9,7,9,3,4
10,5,8,3,4,10,6,6,11,0,10,11,4,3,10,8,6,11,2,7,11,11,7,3,2,2,7,3,4,6,5,2,4,10,6,2,8,6,10,11,0,4,5,6,3,11,10,9,5,4,10,3,6,6,4,7,7,2,0,6,11,0,5,2,3,2,4,9,4,5,8,10,3,2,5,10,4,7,4,3,6,8,10,3,6,4,11,5,6,4,3,7,4,4,11,3,9,4,7,11,5,10,5,11,7,4,6,10,0,10,10,5,11,11,6,11,2,5,10,11,4,7,11,10,7,5,7,5,2,5,6,7,11,0,3,7,11,4,2,4,4,3,2,5,6,10,8,10,4,5
11,6,9,4,5,11,7,7,0,2,11,0,5,4,11,9,7,0,3,8,0,0,8,4,3,3,8,4,5,7,6,3,5,11,7,3,9,7,11,0,2,5,6,7,4,0,11,10,6,5,11,4,7,7,5,8,8,3,2,7,0,2,6,3,4,3,5,10,5,6,9,11,4,3,6,11,5,8,5,4,7,9,11,4,7,5,0,6,7,5,4,8,5,5,0,4,10,5,8,0,6,11,6,0,8,5,7,11,2,11,11,6,0,0,7,0,3,6,11,0,5,8,0,11,8,6,8,6,3,6,7,8,0,2,4,8,0,5,3,5,5,4,3,6,7,11,9,11,5,6
0,7,10,5,6,0,8,8,2,3,0,2,6,5,0,10,8,2,4,9,2,2,9,5,4,4,9,5,6,8,7,4,6,0,8,4,10,8,0,2,3,6,7,8,5,2,0,11,7,6,0,5,8,8,6,9,9,4,3,8,2,3,7,4,5,4,6,11,6,7,10,0,5,4,7,0,6,9,6,5,8,10,0,5,8,6,2,7,8,6,5,9,6,6,2,5,11,6,9,2,7,0,7,2,9,6,8,0,3,0,0,7,2,2,8,2,4,7,0,2,6,9,2,0,9,7,9,7,4,7,8,9,2,3,5,9,2,6,4,6,6,5,4,7,8,0,10,0,6,7
2,8,11,6,7,2,9,9,3,4,2,3,7,6,2,11,9,3,5,10,3,3,10,6,5,5,10,6,7,9,8,5,7,2,9,5,11,9,2,3,4,7,8,9,6,3,2,0,8,7,2,6,9,9,7,10,10,5,4,9,3,4,8,5,6,5,7,0,7,8,11,2,6,5,8,2,7,10,7,6,9,11,2,6,9,7,3,8,9,7,6,10,7,7,3,6,0,7,10,3,8,2,8,3,10,7,9,2,4,2,2,8,3,3,9,3,5,8,2,3,7,10,3,2,10,8,10,8,5,8,9,10,3,4,6,10,3,7,5,7,7,6,5,8,9,2,11,2,7,8
3,9,0,7,8,3,10,10,4,5,3,4,8,7,3,0,10,4,6,11,4,4,11,7,6,6,11,7,8,10,9,6,8,3,10,6,0,10,3,4,5,8,9,10,7,4,3,2,9,8,3,7,10,10,8,11,11,6,5,10,4,5,9,6,7,6,8,2,8,9,0,3,7,6,9,3,8,11,8,7,10,0,3,7,10,8,4,9,10,8,7,11,8,8,4,7,2,8,11,4,9,3,9,4,11,8,10,3,5,3,3,9,4,4,10,4,6,9,3,4,8,11,4,3,11,9,11,9,6,9,10,11,4,5,7,11,4,8,6,8,8,7,6,9,10,3,0,3,8,9
4,10,2,8,9,4,11,11,5,6,4,5,9,8,4,2,11,5,7,0,5,5,0,8,7,7,0,8,9,11,10,7,9,4,11,7,2,11,4,5,6,9,10,11,8,5,4,3,10,9,4,8,11,11,9,0,0,7,6,11,5,6,10,7,8,7,9,3,9,10,2,4,8,7,10,4,9,0,9,8,11,2,4,8,11,9,5,10,11,9,8,0,9,9,5,8,3,9,0,5,10,4,10,5,0,9,11,4,6,4,4,10,5,5,11,5,7,10,4,5,9,0,5,4,0,10,0,10,7,10,11,0,5,6,8,0,5,9,7,9,9,8,7,10,11,4,2,4,9,10
5,11,3,9,10,5,0,0,6,7,5,6,10,9,5,3,0,6,8,2,6,6,2,9,8,8,2,9,10,0,11,8,10,5,0,8,3,0,5,6,7,10,11,0,9,6,5,4,11,10,5,9,0,0,10,2,2,8,7,0,6,7,11,8,9,8,10,4,10,11,3,5,9,8,11,5,10,2,10,9,0,3,5,9,0,10,6,11,0,10,9,2,10,10,6,9,4,10,2,6,11,5,11,6,2,10,0,5,7,5,5,11,6,6,0,6,8,11,5,6,10,2,6,5,2,11,2,11,8,11,0,2,6,7,9,2,6,10,8,10,10,9,8,11,0,5,3,5,10,11
6,0,4,10,11,6,2,2,7,8,6,7,11,10,6,4,2,7,9,3,7,7,3,10,9,9,3,10,11,2,0,9,11,6,2,9,4,2,6,7,8,11,0,2,10,7,6,5,0,11,6,10,2,2,11,3,3,9,8,2,7,8,0,9,10,9,11,5,11,0,4,6,10,9,0,6,11,3,11,10,2,4,6,10,2,11,7,0,2,11,10,3,11,11,7,10,5,11,3,7,0,6,0,7,3,11,2,6,8,6,6,0,7,7,2,7,9,0,6,7,11,3,7,6,3,0,3,0,9,0,2,3,7,8,10,3,7,11,9,11,11,10,9,0,2,6,4,6,11,0
7,2,5,11,0,7,3,3,8,9,7,8,0,11,7,5,3,8,10,4,8,8,4,11,10,10,4,11,0,3,2,10,0,7,3,10,5,3,7,8,9,0,2,3,11,8,7,6,2,0,7,11,3,3,0,4,4,10,9,3,8,9,2,10,11,10,0,6,0,2,5,7,11,10,2,7,0,4,0,11,3,5,7,11,3,0,8,2,3,0,11,4,0,0,8,11,6,0,4,8,2,7,2,8,4,0,3,7,9,7,7,2,8,8,3,8,10,2,7,8,0,4,8,7,4,2,4,2,10,2,3,4,8,9,11,4,8,0,10,0,0,11,10,2,3,7,5,7,0,2
8,3,6,0,2,8,4,4,9,10,8,9,2,0,8,6,4,9,11,5,9,9,5,0,11,11,5,0,2,4,3,11,2,8,4,11,6,4,8,9,10,2,3,4,0,9,8,7,3,2,8,0,4,4,2,5,5,11,10,4,9,10,3,11,0,11,2,7,2,3,6,8,0,11,3,8,2,5,2,0,4,6,8,0,4,2,9,3,4,2,0,5,2,2,9,0,7,2,5,9,3,8,3,9,5,2,4,8,10,8,8,3,9,9,4,9,11,3,8,9,2,5,9,8,5,3,5,3,11,3,4,5,9,10,0,5,9,2,11,2,2,0,11,3,4,8,6,8,2,3
9,4,7,2,3,9,5,5,10,11,9,10,3,2,9,7,5,10,0,6,10,10,6,2,0,0,6,2,3,5,4,0,3,9,5,0,7,5,9,10,11,3,4,5,2,10,9,8,4,3,9,2,5,5,3,6,6,0,11,5,10,11,4,0,2,0,3,8,3,4,7,9,2,0,4,9,3,6,3,2,5,7,9,2,5,3,10,4,5,3,2,6,3,3,10,2,8,3,6,10,4,9,4,10,6,3,5,9,11,9,9,4,10,10,5,10,0,4,9,10,3,6,10,9,6,4,6,4,0,4,5,6,10,11,2,6,10,3,0,3,3,2,0,4,5,9,7,9,3,4
10,5,8,3,4,10,6,6,11,0,10,11,4,3,10,8,6,11,2,7,11,11,7,3,2,2,7,3,4,6,5,2,4,10,6,2,8,6,10,11,0,4,5,6,3,11,10,9,5,4,10,3,6,6,4,7,7,2,0,6,11,0,5,2,3,2,4,9,4,5,8,10,3,2,5,10,4,7,4,3,6,8,10,3,6,4,11,5,6,4,3,7,4,4,11,3,9,4,7,11,5,10,5,11,7,4,6,10,0,10,10,5,11,11,6,11,2,5,10,11,4,7,11,10,7,5,7,5,2,5,6,7,11,0,3,7,11,4,2,4,4,3,2,5,6,10,8,10,4,5
11,6,9,4,5,11,7,7,0,2,11,0,5,4,11,9,7,0,3,8,0,0,8,4,3,3,8,4,5,7,6,3,5,11,7,3,9,7,11,0,2,5,6,7,4,0,11,10,6,5,11,4,7,7,5,8,8,3,2,7,0,2,6,3,4,3,5,10,5,6,9,11,4,3,6,11,5,8,5,4,7,9,11,4,7,5,0,6,7,5,4,8,5,5,0,4,10,5,8,0,6,11,6,0,8,5,7,11,2,11,11,6,0,0,7,0,3,6,11,0,5,8,0,11,8,6,8,6,3,6,7,8,0,2,4,8,0,5,3,5,5,4,3,6,7,11,9,11,5,6
0,7,10,5,6,0,8,8,2,3,0,2,6,5,0,10,8,2,4,9,2,2,9,5,4,4,9,5,6,8,7,4,6,0,8,4,10,8,0,2,3,6,7,8,5,2,0,11,7,6,0,5,8,8,6,9,9,4,3,8,2,3,7,4,5,4,6,11,6,7,10,0,5,4,7,0,6,9,6,5,8,10,0,5,8,6,2,7,8,6,5,9,6,6,2,5,11,6,9,2,7,0,7,2,9,6,8,0,3,0,0,7,2,2,8,2,4,7,0,2,6,9,2,0,9,7,9,7,4,7,8,9,2,3,5,9,2,6,4,6,6,5,4,7,8,0,10,0,6,7
2,8,11,6,7,2,9,9,3,4,2,3,7,6,2,11,9,3,5,10,3,3,10,6,5,5,10,6,7,9,8,5,7,2,9,5,11,9,2,3,4,7,8,9,6,3,2,0,8,7,2,6,9,9,7,10,10,5,4,9,3,4,8,5,6,5,7,0,7,8,11,2,6,5,8,2,7,10,7,6,9,11,2,6,9,7,3,8,9,7,6,10,7,7,3,6,0,7,10,3,8,2,8,3,10,7,9,2,4,2,2,8,3,3,9,3,5,8,2,3,7,10,3,2,10,8,10,8,5,8,9,10,3,4,6,10,3,7,5,7,7,6,5,8,9,2,11,2,7,8
3,9,0,7,8,3,10,10,4,5,3,4,8,7,3,0,10,4,6,11,4,4,11,7,6,6,11,7,8,10,9,6,8,3,10,6,0,10,3,4,5,8,9,10,7,4,3,2,9,8,3,7,10,10,8,11,11,6,5,10,4,5,9,6,7,6,8,2,8,9,0,3,7,6,9,3,8,11,8,7,10,0,3,7,10,8,4,9,10,8,7,11,8,8,4,7,2,8,11,4,9,3,9,4,11,8,10,3,5,3,3,9,4,4,10,4,6,9,3,4,8,11,4,3,11,9,11,9,6,9,10,11,4,5,7,11,4,8,6,8,8,7,6,9,10,3,0,3,8,9
4,10,2,8,9,4,11,11,5,6,4,5,9,8,4,2,11,5,7,0,5,5,0,8,7,7,0,8,9,11,10,7,9,4,11,7,2,11,4,5,6,9,10,11,8,5,4,3,10,9,4,8,11,11,9,0,0,7,6,11,5,6,10,7,8,7,9,3,9,10,2,4,8,7,10,4,9,0,9,8,11,2,4,8,11,9,5,10,11,9,8,0,9,9,5,8,3,9,0,5,10,4,10,5,0,9,11,4,6,4,4,10,5,5,11,5,7,10,4,5,9,0,5,4,0,10,0,10,7,10,11,0,5,6,8,0,5,9,7,9,9,8,7,10,11,4,2,4,9,10
5,11,3,9,10,5,0,0,6,7,5,6,10,9,5,3,0,6,8,2,6,6,2,9,8,8,2,9,10,0,11,8,10,5,0,8,3,0,5,6,7,10,11,0,9,6,5,4,11,10,5,9,0,0,10,2,2,8,7,0,6,7,11,8,9,8,10,4,10,11,3,5,9,8,11,5,10,2,10,9,0,3,5,9,0,10,6,11,0,10,9,2,10,10,6,9,4,10,2,6,11,5,11,6,2,10,0,5,7,5,5,11,6,6,0,6,8,11,5,6,10,2,6,5,2,11,2,11,8,11,0,2,6,7,9,2,6,10,8,10,10,9,8,11,0,5,3,5,10,11
6,0,4,10,11,6,2,2,7,8,6,7,11,10,6,4,2,7,9,3,7,7,3,10,9,9,3,10,11,2,0,9,11,6,2,9,4,2,6,7,8,11,0,2,10,7,6,5,0,11,6,10,2,2,11,3,3,9,8,2,7,8,0,9,10,9,11,5,11,0,4,6,10,9,0,6,11,3,11,10,2,4,6,10,2,11,7,0,2,11,10,3,11,11,7,10,5,11,3,7,0,6,0,7,3,11,2,6,8,6,6,0,7,7,2,7,9,0,6,7,11,3,7,6,3,0,3,0,9,0,2,3,7,8,10,3,7,11,9,11,11,10,9,0,2,6,4,6,11,0
7,2,5,11,0,7,3,3,8,9,7,8,0,11,7,5,3,8,10,4,8,8,4,11,10,10,4,11,0,3,2,10,0,7,3,10,5,3,7,8,9,0,2,3,11,8,7,6,2,0,7,11,3,3,0,4,4,10,9,3,8,9,2,10,11,10,0,6,0,2,5,7,11,10,2,7,0,4,0,11,3,5,7,11,3,0,8,2,3,0,11,4,0,0,8,11,6,0,4,8,2,7,2,8,4,0,3,7,9,7,7,2,8,8,3,8,10,2,7,8,0,4,8,7,4,2,4,2,10,2,3,4,8,9,11,4,8,0,10,0,0,11,10,2,3,7,5,7,0,2
8,3,6,0,2,8,4,4,9,10,8,9,2,0,8,6,4,9,11,5,9,9,5,0,11,11,5,0,2,4,3,11,2,8,4,11,6,4,8,9,10,2,3,4,0,9,8,7,3,2,8,0,4,4,2,5,5,11,10,4,9,10,3,11,0,11,2,7,2,3,6,8,0,11,3,8,2,5,2,0,4,6,8,0,4,2,9,3,4,2,0,5,2,2,9,0,7,2,5,9,3,8,3,9,5,2,4,8,10,8,8,3,9,9,4,9,11,3,8,9,2,5,9,8,5,3,5,3,11,3,4,5,9,10,0,5,9,2,11,2,2,0,11,3,4,8,6,8,2,3
9,4,7,2,3,9,5,5,10,11,9,10,3,2,9,7,5,10,0,6,10,10,6,2,0,0,6,2,3,5,4,0,3,9,5,0,7,5,9,10,11,3,4,5,2,10,9,8,4,3,9,2,5,5,3,6,6,0,11,5,10,11,4,0,2,0,3,8,3,4,7,9,2,0,4,9,3,6,3,2,5,7,9,2,5,3,10,4,5,3,2,6,3,3,10,2,8,3,6,10,4,9,4,10,6,3,5,9,11,9,9,4,10,10,5,10,0,4,9,10,3,6,10,9,6,4,6,4,0,4,5,6,10,11,2,6,10,3,0,3,3,2,0,4,5,9,7,9,3,4
10,5,8,3,4,10,6,6,11,0,10,11,4,3,10,8,6,11,2,7,11,11,7,3,2,2,7,3,4,6,5,2,4,10,6,2,8,6,10,11,0,4,5,6,3,11,10,9,5,4,10,3,6,6,4,7,7,2,0,6,11,0,5,2,3,2,4,9,4,5,8,10,3,2,5,10,4,7,4,3,6,8,10,3,6,4,11,5,6,4,3,7,4,4,11,3,9,4,7,11,5,10,5,11,7,4,6,10,0,10,10,5,11,11,6,11,2,5,10,11,4,7,11,10,7,5,7,5,2,5,6,7,11,0,3,7,11,4,2,4,4,3,2,5,6,10,8,10,4,5
11,6,9,4,5,11,7,7,0,2,11,0,5,4,11,9,7,0,3,8,0,0,8,4,3,3,8,4,5,7,6,3,5,11,7,3,9,7,11,0,2,5,6,7,4,0,11,10,6,5,11,4,7,7,5,8,8,3,2,7,0,2,6,3,4,3,5,10,5,6,9,11,4,3,6,11,5,8,5,4,7,9,11,4,7,5,0,6,7,5,4,8,5,5,0,4,10,5,8,0,6,11,6,0,8,5,7,11,2,11,11,6,0,0,7,0,3,6,11,0,5,8,0,11,8,6,8,6,3,6,7,8,0,2,4,8,0,5,3,5,5,4,3,6,7,11,9,11,5,6
0,7,10,5,6,0,8,8,2,3,0,2,6,5,0,10,8,2,4,9,2,2,9,5,4,4,9,5,6,8,7,4,6,0,8,4,10,8,0,2,3,6,7,8,5,2,0,11,7,6,0,5,8,8,6,9,9,4,3,8,2,3,7,4,5,4,6,11,6,7,10,0,5,4,7,0,6,9,6,5,8,10,0,5,8,6,2,7,8,6,5,9,6,6,2,5,11,6,9,2,7,0,7,2,9,6,8,0,3,0,0,7,2,2,8,2,4,7,0,2,6,9,2,0,9,7,9,7,4,7,8,9,2,3,5,9,2,6,4,6,6,5,4,7,8,0,10,0,6,7
2,8,11,6,7,2,9,9,3,4,2,3,7,6,2,11,9,3,5,10,3,3,10,6,5,5,10,6,7,9,8,5,7,2,9,5,11,9,2,3,4,7,8,9,6,3,2,0,8,7,2,6,9,9,7,10,10,5,4,9,3,4,8,5,6,5,7,0,7,8,11,2,6,5,8,2,7,10,7,6,9,11,2,6,9,7,3,8,9,7,6,10,7,7,3,6,0,7,10,3,8,2,8,3,10,7,9,2,4,2,2,8,3,3,9,3,5,8,2,3,7,10,3,2,10,8,10,8,5,8,9,10,3,4,6,10,3,7,5,7,7,6,5,8,9,2,11,2,7,8
3,9,0,7,8,3,10,10,4,5,3,4,8,7,3,0,10,4,6,11,4,4,11,7,6,6,11,7,8,10,9,6,8,3,10,6,0,10,3,4,5,8,9,10,7,4,3,2,9,8,3,7,10,10,8,11,11,6,5,10,4,5,9,6,7,6,8,2,8,9,0,3,7,6,9,3,8,11,8,7,10,0,3,7,10,8,4,9,10,8,7,11,8,8,4,7,2,8,11,4,9,3,9,4,11,8,10,3,5,3,3,9,4,4,10,4,6,9,3,4,8,11,4,3,11,9,11,9,6,9,10,11,4,5,7,11,4,8,6,8,8,7,6,9,10,3,0,3,8,9
4,10,2,8,9,4,11,11,5,6,4,5,9,8,4,2,11,5,7,0,5,5,0,8,7,7,0,8,9,11,10,7,9,4,11,7,2,11,4,5,6,9,10,11,8,5,4,3,10,9,4,8,11,11,9,0,0,7,6,11,5,6,10,7,8,7,9,3,9,10,2,4,8,7,10,4,9,0,9,8,11,2,4,8,11,9,5,10,11,9,8,0,9,9,5,8,3,9,0,5,10,4,10,5,0,9,11,4,6,4,4,10,5,5,11,5,7,10,4,5,9,0,5,4,0,10,0,10,7,10,11,0,5,6,8,0,5,9,7,9,9,8,7,10,11,4,2,4,9,10
5,11,3,9,10,5,0,0,6,7,5,6,10,9,5,3,0,6,8,2,6,6,2,9,8,8,2,9,10,0,11,8,10,5,0,8,3,0,5,6,7,10,11,0,9,6,5,4,11,10,5,9,0,0,10,2,2,8,7,0,6,7,11,8,9,8,10,4,10,11,3,5,9,8,11,5,10,2,10,9,0,3,5,9,0,10,6,11,0,10,9,2,10,10,6,9,4,10,2,6,11,5,11,6,2,10,0,5,7,5,5,11,6,6,0,6,8,11,5,6,10,2,6,5,2,11,2,11,8,11,0,2,6,7,9,2,6,10,8,10,10,9,8,11,0,5,3,5,10,11
6,0,4,10,11,6,2,2,7,8,6,7,11,10,6,4,2,7,9,3,7,7,3,10,9,9,3,10,11,2,0,9,11,6,2,9,4,2,6,7,8,11,0,2,10,7,6,5,0,11,6,10,2,2,11,3,3,9,8,2,7,8,0,9,10,9,11,5,11,0,4,6,10,9,0,6,11,3,11,10,2,4,6,10,2,11,7,0,2,11,10,3,11,11,7,10,5,11,3,7,0,6,0,7,3,11,2,6,8,6,6,0,7,7,2,7,9,0,6,7,11,3,7,6,3,0,3,0,9,0,2,3,7,8,10,3,7,11,9,11,11,10,9,0,2,6,4,6,11,0
7,2,5,11,0,7,3,3,8,9,7,8,0,11,7,5,3,8,10,4,8,8,4,11,10,10,4,11,0,3,2,10,0,7,3,10,5,3,7,8,9,0,2,3,11,8,7,6,2,0,7,11,3,3,0,4,4,10,9,3,8,9,2,10,11,10,0,6,0,2,5,7,11,10,2,7,0,4,0,11,3,5,7,11,3,0,8,2,3,0,11,4,0,0,8,11,6,0,4,8,2,7,2,8,4,0,3,7,9,7,7,2,8,8,3,8,10,2,7,8,0,4,8,7,4,2,4,2,10,2,3,4,8,9,11,4,8,0,10,0,0,11,10,2,3,7,5,7,0,2
8,3,6,0,2,8,4,4,9,10,8,9,2,0,8,6,4,9,11,5,9,9,5,0,11,11,5,0,2,4,3,11,2,8,4,11,6,4,8,9,10,2,3,4,0,9,8,7,3,2,8,0,4,4,2,5,5,11,10,4,9,10,3,11,0,11,2,7,2,3,6,8,0,11,3,8,2,5,2,0,4,6,8,0,4,2,9,3,4,2,0,5,2,2,9,0,7,2,5,9,3,8,3,9,5,2,4,8,10,8,8,3,9,9,4,9,11,3,8,9,2,5,9,8,5,3,5,3,11,3,4,5,9,10,0,5,9,2,11,2,2,0,11,3,4,8,6,8,2,3
9,4,7,2,3,9,5,5,10,11,9,10,3,2,9,7,5,10,0,6,10,10,6,2,0,0,6,2,3,5,4,0,3,9,5,0,7,5,9,10,11,3,4,5,2,10,9,8,4,3,9,2,5,5,3,6,6,0,11,5,10,11,4,0,2,0,3,8,3,4,7,9,2,0,4,9,3,6,3,2,5,7,9,2,5,3,10,4,5,3,2,6,3,3,10,2,8,3,6,10,4,9,4,10,6,3,5,9,11,9,9,4,10,10,5,10,0,4,9,10,3,6,10,9,6,4,6,4,0,4,5,6,10,11,2,6,10,3,0,3,3,2,0,4,5,9,7,9,3,4
10,5,8,3,4,10,6,6,11,0,10,11,4,3,10,8,6,11,2,7,11,11,7,3,2,2,7,3,4,6,5,2,4,10,6,2,8,6,10,11,0,4,5,6,3,11,10,9,5,4,10,3,6,6,4,7,7,2,0,6,11,0,5,2,3,2,4,9,4,5,8,10,3,2,5,10,4,7,4,3,6,8,10,3,6,4,11,5,6,4,3,7,4,4,11,3,9,4,7,11,5,10,5,11,7,4,6,10,0,10,10,5,11,11,6,11,2,5,10,11,4,7,11,10,7,5,7,5,2,5,6,7,11,0,3,7,11,4,2,4,4,3,2,5,6,10,8,10,4,5
11,6,9,4,5,11,7,7,0,2,11,0,5,4,11,9,7,0,3,8,0,0,8,4,3,3,8,4,5,7,6,3,5,11,7,3,9,7,11,0,2,5,6,7,4,0,11,10,6,5,11,4,7,7,5,8,8,3,2,7,0,2,6,3,4,3,5,10,5,6,9,11,4,3,6,11,5,8,5,4,7,9,11,4,7,5,0,6,7,5,4,8,5,5,0,4,10,5,8,0,6,11,6,0,8,5,7,11,2,11,11,6,0,0,7,0,3,6,11,0,5,8,0,11,8,6,8,6,3,6,7,8,0,2,4,8,0,5,3,5,5,4,3,6,7,11,9,11,5,6
0,7,10,5,6,0,8,8,2,3,0,2,6,5,0,10,8,2,4,9,2,2,9,5,4,4,9,5,6,8,7,4,6,0,8,4,10,8,0,2,3,6,7,8,5,2,0,11,7,6,0,5,8,8,6,9,9,4,3,8,2,3,7,4,5,4,6,11,6,7,10,0,5,4,7,0,6,9,6,5,8,10,0,5,8,6,2,7,8,6,5,9,6,6,2,5,11,6,9,2,7,0,7,2,9,6,8,0,3,0,0,7,2,2,8,2,4,7,0,2,6,9,2,0,9,7,9,7,4,7,8,9,2,3,5,9,2,6,4,6,6,5,4,7,8,0,10,0,6,7
2,8,11,6,7,2,9,9,3,4,2,3,7,6,2,11,9,3,5,10,3,3,10,6,5,5,10,6,7,9,8,5,7,2,9,5,11,9,2,3,4,7,8,9,6,3,2,0,8,7,2,6,9,9,7,10,10,5,4,9,3,4,8,5,6,5,7,0,7,8,11,2,6,5,8,2,7,10,7,6,9,11,2,6,9,7,3,8,9,7,6,10,7,7,3,6,0,7,10,3,8,2,8,3,10,7,9,2,4,2,2,8,3,3,9,3,5,8,2,3,7,10,3,2,10,8,10,8,5,8,9,10,3,4,6,10,3,7,5,7,7,6,5,8,9,2,11,2,7,8
3,9,0,7,8,3,10,10,4,5,3,4,8,7,3,0,10,4,6,11,4,4,11,7,6,6,11,7,8,10,9,6,8,3,10,6,0,10,3,4,5,8,9,10,7,4,3,2,9,8,3,7,10,10,8,11,11,6,5,10,4,5,9,6,7,6,8,2,8,9,0,3,7,6,9,3,8,11,8,7,10,0,3,7,10,8,4,9,10,8,7,11,8,8,4,7,2,8,11,4,9,3,9,4,11,8,10,3,5,3,3,9,4,4,10,4,6,9,3,4,8,11,4,3,11,9,11,9,6,9,10,11,4,5,7,11,4,8,6,8,8,7,6,9,10,3,0,3,8,9
4,10,2,8,9,4,11,11,5,6,4,5,9,8,4,2,11,5,7,0,5,5,0,8,7,7,0,8,9,11,10,7,9,4,11,7,2,11,4,5,6,9,10,11,8,5,4,3,10,9,4,8,11,11,9,0,0,7,6,11,5,6,10,7,8,7,9,3,9,10,2,4,8,7,10,4,9,0,9,8,11,2,4,8,11,9,5,10,11,9,8,0,9,9,5,8,3,9,0,5,10,4,10,5,0,9,11,4,6,4,4,10,5,5,11,5,7,10,4,5,9,0,5,4,0,10,0,10,7,10,11,0,5,6,8,0,5,9,7,9,9,8,7,10,11,4,2,4,9,10
5,11,3,9,10,5,0,0,6,7,5,6,10,9,5,3,0,6,8,2,6,6,2,9,8,8,2,9,10,0,11,8,10,5,0,8,3,0,5,6,7,10,11,0,9,6,5,4,11,10,5,9,0,0,10,2,2,8,7,0,6,7,11,8,9,8,10,4,10,11,3,5,9,8,11,5,10,2,10,9,0,3,5,9,0,10,6,11,0,10,9,2,10,10,6,9,4,10,2,6,11,5,11,6,2,10,0,5,7,5,5,11,6,6,0,6,8,11,5,6,10,2,6,5,2,11,2,11,8,11,0,2,6,7,9,2,6,10,8,10,10,9,8,11,0,5,3,5,10,11
6,0,4,10,11,6,2,2,7,8,6,7,11,10,6,4,2,7,9,3,7,7,3,10,9,9,3,10,11,2,0,9,11,6,2,9,4,2,6,7,8,11,0,2,10,7,6,5,0,11,6,10,2,2,11,3,3,9,8,2,7,8,0,9,10,9,11,5,11,0,4,6,10,9,0,6,11,3,11,10,2,4,6,10,2,11,7,0,2,11,10,3,11,11,7,10,5,11,3,7,0,6,0,7,3,11,2,6,8,6,6,0,7,7,2,7,9,0,6,7,11,3,7,6,3,0,3,0,9,0,2,3,7,8,10,3,7,11,9,11,11,10,9,0,2,6,4,6,11,0
7,2,5,11,0,7,3,3,8,9,7,8,0,11,7,5,3,8,10,4,8,8,4,11,10,10,4,11,0,3,2,10,0,7,3,10,5,3,7,8,9,0,2,3,11,8,7,6,2,0,7,11,3,3,0,4,4,10,9,3,8,9,2,10,11,10,0,6,0,2,5,7,11,10,2,7,0,4,0,11,3,5,7,11,3,0,8,2,3,0,11,4,0,0,8,11,6,0,4,8,2,7,2,8,4,0,3,7,9,7,7,2,8,8,3,8,10,2,7,8,0,4,8,7,4,2,4,2,10,2,3,4,8,9,11,4,8,0,10,0,0,11,10,2,3,7,5,7,0,2
8,3,6,0,2,8,4,4,9,10,8,9,2,0,8,6,4,9,11,5,9,9,5,0,11,11,5,0,2,4,3,11,2,8,4,11,6,4,8,9,10,2,3,4,0,9,8,7,3,2,8,0,4,4,2,5,5,11,10,4,9,10,3,11,0,11,2,7,2,3,6,8,0,11,3,8,2,5,2,0,4,6,8,0,4,2,9,3,4,2,0,5,2,2,9,0,7,2,5,9,3,8,3,9,5,2,4,8,10,8,8,3,9,9,4,9,11,3,8,9,2,5,9,8,5,3,5,3,11,3,4,5,9,10,0,5,9,2,11,2,2,0,11,3,4,8,6,8,2,3
9,4,7,2,3,9,5,5,10,11,9,10,3,2,9,7,5,10,0,6,10,10,6,2,0,0,6,2,3,5,4,0,3,9,5,0,7,5,9,10,11,3,4,5,2,10,9,8,4,3,9,2,5,5,3,6,6,0,11,5,10,11,4,0,2,0,3,8,3,4,7,9,2,0,4,9,3,6,3,2,5,7,9,2,5,3,10,4,5,3,2,6,3,3,10,2,8,3,6,10,4,9,4,10,6,3,5,9,11,9,9,4,10,10,5,10,0,4,9,10,3,6,10,9,6,4,6,4,0,4,5,6,10,11,2,6,10,3,0,3,3,2,0,4,5,9,7,9,3,4
10,5,8,3,4,10,6,6,11,0,10,11,4,3,10,8,6,11,2,7,11,11,7,3,2,2,7,3,4,6,5,2,4,10,6,2,8,6,10,11,0,4,5,6,3,11,10,9,5,4,10,3,6,6,4,7,7,2,0,6,11,0,5,2,3,2,4,9,4,5,8,10,3,2,5,10,4,7,4,3,6,8,10,3,6,4,11,5,6,4,3,7,4,4,11,3,9,4,7,11,5,10,5,11,7,4,6,10,0,10,10,5,11,11,6,11,2,5,10,11,4,7,11,10,7,5,7,5,2,5,6,7,11,0,3,7,11,4,2,4,4,3,2,5,6,10,8,10,4,5
11,6,9,4,5,11,7,7,0,2,11,0,5,4,11,9,7,0,3,8,0,0,8,4,3,3,8,4,5,7,6,3,5,11,7,3,9,7,11,0,2,5,6,7,4,0,11,10,6,5,11,4,7,7,5,8,8,3,2,7,0,2,6,3,4,3,5,10,5,6,9,11,4,3,6,11,5,8,5,4,7,9,11,4,7,5,0,6,7,5,4,8,5,5,0,4,10,5,8,0,6,11,6,0,8,5,7,11,2,11,11,6,0,0,7,0,3,6,11,0,5,8,0,11,8,6,8,6,3,6,7,8,0,2,4,8,0,5,3,5,5,4,3,6,7,11,9,11,5,6
0,7,10,5,6,0,8,8,2,3,0,2,6,5,0,10,8,2,4,9,2,2,9,5,4,4,9,5,6,8,7,4,6,0,8,4,10,8,0,2,3,6,7,8,5,2,0,11,7,6,0,5,8,8,6,9,9,4,3,8,2,3,7,4,5,4,6,11,6,7,10,0,5,4,7,0,6,9,6,5,8,10,0,5,8,6,2,7,8,6,5,9,6,6,2,5,11,6,9,2,7,0,7,2,9,6,8,0,3,0,0,7,2,2,8,2,4,7,0,2,6,9,2,0,9,7,9,7,4,7,8,9,2,3,5,9,2,6,4,6,6,5,4,7,8,0,10,0,6,7
2,8,11,6,7,2,9,9,3,4,2,3,7,6,2,11,9,3,5,10,3,3,10,6,5,5,10,6,7,9,8,5,7,2,9,5,11,9,2,3,4,7,8,9,6,3,2,0,8,7,2,6,9,9,7,10,10,5,4,9,3,4,8,5,6,5,7,0,7,8,11,2,6,5,8,2,7,10,7,6,9,11,2,6,9,7,3,8,9,7,6,10,7,7,3,6,0,7,10,3,8,2,8,3,10,7,9,2,4,2,2,8,3,3,9,3,5,8,2,3,7,10,3,2,10,8,10,8,5,8,9,10,3,4,6,10,3,7,5,7,7,6,5,8,9,2,11,2,7,8
3,9,0,7,8,3,10,10,4,5,3,4,8,7,3,0,10,4,6,11,4,4,11,7,6,6,11,7,8,10,9,6,8,3,10,6,0,10,3,4,5,8,9,10,7,4,3,2,9,8,3,7,10,10,8,11,11,6,5,10,4,5,9,6,7,6,8,2,8,9,0,3,7,6,9,3,8,11,8,7,10,0,3,7,10,8,4,9,10,8,7,11,8,8,4,7,2,8,11,4,9,3,9,4,11,8,10,3,5,3,3,9,4,4,10,4,6,9,3,4,8,11,4,3,11,9,11,9,6,9,10,11,4,5,7,11,4,8,6,8,8,7,6,9,10,3,0,3,8,9
4,10,2,8,9,4,11,11,5,6,4,5,9,8,4,2,11,5,7,0,5,5,0,8,7,7,0,8,9,11,10,7,9,4,11,7,2,11,4,5,6,9,10,11,8,5,4,3,10,9,4,8,11,11,9,0,0,7,6,11,5,6,10,7,8,7,9,3,9,10,2,4,8,7,10,4,9,0,9,8,11,2,4,8,11,9,5,10,11,9,8,0,9,9,5,8,3,9,0,5,10,4,10,5,0,9,11,4,6,4,4,10,5,5,11,5,7,10,4,5,9,0,5,4,0,10,0,10,7,10,11,0,5,6,8,0,5,9,7,9,9,8,7,10,11,4,2,4,9,10
5,11,3,9,10,5,0,0,6,7,5,6,10,9,5,3,0,6,8,2,6,6,2,9,8,8,2,9,10,0,11,8,10,5,0,8,3,0,5,6,7,10,11,0,9,6,5,4,11,10,5,9,0,0,10,2,2,8,7,0,6,7,11,8,9,8,10,4,10,11,3,5,9,8,11,5,10,2,10,9,0,3,5,9,0,10,6,11,0,10,9,2,10,10,6,9,4,10,2,6,11,5,11,6,2,10,0,5,7,5,5,11,6,6,0,6,8,11,5,6,10,2,6,5,2,11,2,11,8,11,0,2,6,7,9,2,6,10,8,10,10,9,8,11,0,5,3,5,10,11
6,0,4,10,11,6,2,2,7,8,6,7,11,10,6,4,2,7,9,3,7,7,3,10,9,9,3,10,11,2,0,9,11,6,2,9,4,2,6,7,8,11,0,2,10,7,6,5,0,11,6,10,2,2,11,3,3,9,8,2,7,8,0,9,10,9,11,5,11,0,4,6,10,9,0,6,11,3,11,10,2,4,6,10,2,11,7,0,2,11,10,3,11,11,7,10,5,11,3,7,0,6,0,7,3,11,2,6,8,6,6,0,7,7,2,7,9,0,6,7,11,3,7,6,3,0,3,0,9,0,2,3,7,8,10,3,7,11,9,11,11,10,9,0,2,6,4,6,11,0
7,2,5,11,0,7,3,3,8,9,7,8,0,11,7,5,3,8,10,4,8,8,4,11,10,10,4,11,0,3,2,10,0,7,3,10,5,3,7,8,9,0,2,3,11,8,7,6,2,0,7,11,3,3,0,4,4,10,9,3,8,9,2,10,11,10,0,6,0,2,5,7,11,10,2,7,0,4,0,11,3,5,7,11,3,0,8,2,3,0,11,4,0,0,8,11,6,0,4,8,2,7,2,8,4,0,3,7,9,7,7,2,8,8,3,8,10,2,7,8,0,4,8,7,4,2,4,2,10,2,3,4,8,9,11,4,8,0,10,0,0,11,10,2,3,7,5,7,0,2
8,3,6,0,2,8,4,4,9,10,8,9,2,0,8,6,4,9,11,5,9,9,5,0,11,11,5,0,2,4,3,11,2,8,4,11,6,4,8,9,10,2,3,4,0,9,8,7,3,2,8,0,4,4,2,5,5,11,10,4,9,10,3,11,0,11,2,7,2,3,6,8,0,11,3,8,2,5,2,0,4,6,8,0,4,2,9,3,4,2,0,5,2,2,9,0,7,2,5,9,3,8,3,9,5,2,4,8,10,8,8,3,9,9,4,9,11,3,8,9,2,5,9,8,5,3,5,3,11,3,4,5,9,10,0,5,9,2,11,2,2,0,11,3,4,8,6,8,2,3
9,4,7,2,3,9,5,5,10,11,9,10,3,2,9,7,5,10,0,6,10,10,6,2,0,0,6,2,3,5,4,0,3,9,5,0,7,5,9,10,11,3,4,5,2,10,9,8,4,3,9,2,5,5,3,6,6,0,11,5,10,11,4,0,2,0,3,8,3,4,7,9,2,0,4,9,3,6,3,2,5,7,9,2,5,3,10,4,5,3,2,6,3,3,10,2,8,3,6,10,4,9,4,10,6,3,5,9,11,9,9,4,10,10,5,10,0,4,9,10,3,6,10,9,6,4,6,4,0,4,5,6,10,11,2,6,10,3,0,3,3,2,0,4,5,9,7,9,3,4
10,5,8,3,4,10,6,6,11,0,10,11,4,3,10,8,6,11,2,7,11,11,7,3,2,2,7,3,4,6,5,2,4,10,6,2,8,6,10,11,0,4,5,6,3,11,10,9,5,4,10,3,6,6,4,7,7,2,0,6,11,0,5,2,3,2,4,9,4,5,8,10,3,2,5,10,4,7,4,3,6,8,10,3,6,4,11,5,6,4,3,7,4,4,11,3,9,4,7,11,5,10,5,11,7,4,6,10,0,10,10,5,11,11,6,11,2,5,10,11,4,7,11,10,7,5,7,5,2,5,6,7,11,0,3,7,11,4,2,4,4,3,2,5,6,10,8,10,4,5
11,6,9,4,5,11,7,7,0,2,11,0,5,4,11,9,7,0,3,8,0,0,8,4,3,3,8,4,5,7,6,3,5,11,7,3,9,7,11,0,2,5,6,7,4,0,11,10,6,5,11,4,7,7,5,8,8,3,2,7,0,2,6,3,4,3,5,10,5,6,9,11,4,3,6,11,5,8,5,4,7,9,11,4,7,5,0,6,7,5,4,8,5,5,0,4,10,5,8,0,6,11,6,0,8,5,7,11,2,11,11,6,0,0,7,0,3,6,11,0,5,8,0,11,8,6,8,6,3,6,7,8,0,2,4,8,0,5,3,5,5,4,3,6,7,11,9,11,5,6
0,7,10,5,6,0,8,8,2,3,0,2,6,5,0,10,8,2,4,9,2,2,9,5,4,4,9,5,6,8,7,4,6,0,8,4,10,8,0,2,3,6,7,8,5,2,0,11,7,6,0,5,8,8,6,9,9,4,3,8,2,3,7,4,5,4,6,11,6,7,10,0,5,4,7,0,6,9,6,5,8,10,0,5,8,6,2,7,8,6,5,9,6,6,2,5,11,6,9,2,7,0,7,2,9,6,8,0,3,0,0,7,2,2,8,2,4,7,0,2,6,9,2,0,9,7,9,7,4,7,8,9,2,3,5,9,2,6,4,6,6,5,4,7,8,0,10,0,6,7
2,8,11,6,7,2,9,9,3,4,2,3,7,6,2,11,9,3,5,10,3,3,10,6,5,5,10,6,7,9,8,5,7,2,9,5,11,9,2,3,4,7,8,9,6,3,2,0,8,7,2,6,9,9,7,10,10,5,4,9,3,4,8,5,6,5,7,0,7,8,11,2,6,5,8,2,7,10,7,6,9,11,2,6,9,7,3,8,9,7,6,10,7,7,3,6,0,7,10,3,8,2,8,3,10,7,9,2,4,2,2,8,3,3,9,3,5,8,2,3,7,10,3,2,10,8,10,8,5,8,9,10,3,4,6,10,3,7,5,7,7,6,5,8,9,2,11,2,7,8
3,9,0,7,8,3,10,10,4,5,3,4,8,7,3,0,10,4,6,11,4,4,11,7,6,6,11,7,8,10,9,6,8,3,10,6,0,10,3,4,5,8,9,10,7,4,3,2,9,8,3,7,10,10,8,11,11,6,5,10,4,5,9,6,7,6,8,2,8,9,0,3,7,6,9,3,8,11,8,7,10,0,3,7,10,8,4,9,10,8,7,11,8,8,4,7,2,8,11,4,9,3,9,4,11,8,10,3,5,3,3,9,4,4,10,4,6,9,3,4,8,11,4,3,11,9,11,9,6,9,10,11,4,5,7,11,4,8,6,8,8,7,6,9,10,3,0,3,8,9
4,10,2,8,9,4,11,11,5,6,4,5,9,8,4,2,11,5,7,0,5,5,0,8,7,7,0,8,9,11,10,7,9,4,11,7,2,11,4,5,6,9,10,11,8,5,4,3,10,9,4,8,11,11,9,0,0,7,6,11,5,6,10,7,8,7,9,3,9,10,2,4,8,7,10,4,9,0,9,8,11,2,4,8,11,9,5,10,11,9,8,0,9,9,5,8,3,9,0,5,10,4,10,5,0,9,11,4,6,4,4,10,5,5,11,5,7,10,4,5,9,0,5,4,0,10,0,10,7,10,11,0,5,6,8,0,5,9,7,9,9,8,7,10,11,4,2,4,9,10
5,11,3,9,10,5,0,0,6,7,5,6,10,9,5,3,0,6,8,2,6,6,2,9,8,8,2,9,10,0,11,8,10,5,0,8,3,0,5,6,7,10,11,0,9,6,5,4,11,10,5,9,0,0,10,2,2,8,7,0,6,7,11,8,9,8,10,4,10,11,3,5,9,8,11,5,10,2,10,9,0,3,5,9,0,10,6,11,0,10,9,2,10,10,6,9,4,10,2,6,11,5,11,6,2,10,0,5,7,5,5,11,6,6,0,6,8,11,5,6,10,2,6,5,2,11,2,11,8,11,0,2,6,7,9,2,6,10,8,10,10,9,8,11,0,5,3,5,10,11
6,0,4,10,11,6,2,2,7,8,6,7,11,10,6,4,2,7,9,3,7,7,3,10,9,9,3,10,11,2,0,9,11,6,2,9,4,2,6,7,8,11,0,2,10,7,6,5,0,11,6,10,2,2,11,3,3,9,8,2,7,8,0,9,10,9,11,5,11,0,4,6,10,9,0,6,11,3,11,10,2,4,6,10,2,11,7,0,2,11,10,3,11,11,7,10,5,11,3,7,0,6,0,7,3,11,2,6,8,6,6,0,7,7,2,7,9,0,6,7,11,3,7,6,3,0,3,0,9,0,2,3,7,8,10,3,7,11,9,11,11,10,9,0,2,6,4,6,11,0
7,2,5,11,0,7,3,3,8,9,7,8,0,11,7,5,3,8,10,4,8,8,4,11,10,10,4,11,0,3,2,10,0,7,3,10,5,3,7,8,9,0,2,3,11,8,7,6,2,0,7,11,3,3,0,4,4,10,9,3,8,9,2,10,11,10,0,6,0,2,5,7,11,10,2,7,0,4,0,11,3,5,7,11,3,0,8,2,3,0,11,4,0,0,8,11,6,0,4,8,2,7,2,8,4,0,3,7,9,7,7,2,8,8,3,8,10,2,7,8,0,4,8,7,4,2,4,2,10,2,3,4,8,9,11,4,8,0,10,0,0,11,10,2,3,7,5,7,0,2
8,3,6,0,2,8,4,4,9,10,8,9,2,0,8,6,4,9,11,5,9,9,5,0,11,11,5,0,2,4,3,11,2,8,4,11,6,4,8,9,10,2,3,4,0,9,8,7,3,2,8,0,4,4,2,5,5,11,10,4,9,10,3,11,0,11,2,7,2,3,6,8,0,11,3,8,2,5,2,0,4,6,8,0,4,2,9,3,4,2,0,5,2,2,9,0,7,2,5,9,3,8,3,9,5,2,4,8,10,8,8,3,9,9,4,9,11,3,8,9,2,5,9,8,5,3,5,3,11,3,4,5,9,10,0,5,9,2,11,2,2,0,11,3,4,8,6,8,2,3
9,4,7,2,3,9,5,5,10,11,9,10,3,2,9,7,5,10,0,6,10,10,6,2,0,0,6,2,3,5,4,0,3,9,5,0,7,5,9,10,11,3,4,5,2,10,9,8,4,3,9,2,5,5,3,6,6,0,11,5,10,11,4,0,2,0,3,8,3,4,7,9,2,0,4,9,3,6,3,2,5,7,9,2,5,3,10,4,5,3,2,6,3,3,10,2,8,3,6,10,4,9,4,10,6,3,5,9,11,9,9,4,10,10,5,10,0,4,9,10,3,6,10,9,6,4,6,4,0,4,5,6,10,11,2,6,10,3,0,3,3,2,0,4,5,9,7,9,3,4
10,5,8,3,4,10,6,6,11,0,10,11,4,3,10,8,6,11,2,7,11,11,7,3,2,2,7,3,4,6,5,2,4,10,6,2,8,6,10,11,0,4,5,6,3,11,10,9,5,4,10,3,6,6,4,7,7,2,0,6,11,0,5,2,3,2,4,9,4,5,8,10,3,2,5,10,4,7,4,3,6,8,10,3,6,4,11,5,6,4,3,7,4,4,11,3,9,4,7,11,5,10,5,11,7,4,6,10,0,10,10,5,11,11,6,11,2,5,10,11,4,7,11,10,7,5,7,5,2,5,6,7,11,0,3,7,11,4,2,4,4,3,2,5,6,10,8,10,4,5
11,6,9,4,5,11,7,7,0,2,11,0,5,4,11,9,7,0,3,8,0,0,8,4,3,3,8,4,5,7,6,3,5,11,7,3,9,7,11,0,2,5,6,7,4,0,11,10,6,5,11,4,7,7,5,8,8,3,2,7,0,2,6,3,4,3,5,10,5,6,9,11,4,3,6,11,5,8,5,4,7,9,11,4,7,5,0,6,7,5,4,8,5,5,0,4,10,5,8,0,6,11,6,0,8,5,7,11,2,11,11,6,0,0,7,0,3,6,11,0,5,8,0,11,8,6,8,6,3,6,7,8,0,2,4,8,0,5,3,5,5,4,3,6,7,11,9,11,5,6
0,7,10,5,6,0,8,8,2,3,0,2,6,5,0,10,8,2,4,9,2,2,9,5,4,4,9,5,6,8,7,4,6,0,8,4,10,8,0,2,3,6,7,8,5,2,0,11,7,6,0,5,8,8,6,9,9,4,3,8,2,3,7,4,5,4,6,11,6,7,10,0,5,4,7,0,6,9,6,5,8,10,0,5,8,6,2,7,8,6,5,9,6,6,2,5,11,6,9,2,7,0,7,2,9,6,8,0,3,0,0,7,2,2,8,2,4,7,0,2,6,9,2,0,9,7,9,7,4,7,8,9,2,3,5,9,2,6,4,6,6,5,4,7,8,0,10,0,6,7
2,8,11,6,7,2,9,9,3,4,2,3,7,6,2,11,9,3,5,10,3,3,10,6,5,5,10,6,7,9,8,5,7,2,9,5,11,9,2,3,4,7,8,9,6,3,2,0,8,7,2,6,9,9,7,10,10,5,4,9,3,4,8,5,6,5,7,0,7,8,11,2,6,5,8,2,7,10,7,6,9,11,2,6,9,7,3,8,9,7,6,10,7,7,3,6,0,7,10,3,8,2,8,3,10,7,9,2,4,2,2,8,3,3,9,3,5,8,2,3,7,10,3,2,10,8,10,8,5,8,9,10,3,4,6,10,3,7,5,7,7,6,5,8,9,2,11,2,7,8
3,9,0,7,8,3,10,10,4,5,3,4,8,7,3,0,10,4,6,11,4,4,11,7,6,6,11,7,8,10,9,6,8,3,10,6,0,10,3,4,5,8,9,10,7,4,3,2,9,8,3,7,10,10,8,11,11,6,5,10,4,5,9,6,7,6,8,2,8,9,0,3,7,6,9,3,8,11,8,7,10,0,3,7,10,8,4,9,10,8,7,11,8,8,4,7,2,8,11,4,9,3,9,4,11,8,10,3,5,3,3,9,4,4,10,4,6,9,3,4,8,11,4,3,11,9,11,9,6,9,10,11,4,5,7,11,4,8,6,8,8,7,6,9,10,3,0,3,8,9
4,10,2,8,9,4,11,11,5,6,4,5,9,8,4,2,11,5,7,0,5,5,0,8,7,7,0,8,9,11,10,7,9,4,11,7,2,11,4,5,6,9,10,11,8,5,4,3,10,9,4,8,11,11,9,0,0,7,6,11,5,6,10,7,8,7,9,3,9,10,2,4,8,7,10,4,9,0,9,8,11,2,4,8,11,9,5,10,11,9,8,0,9,9,5,8,3,9,0,5,10,4,10,5,0,9,11,4,6,4,4,10,5,5,11,5,7,10,4,5,9,0,5,4,0,10,0,10,7,10,11,0,5,6,8,0,5,9,7,9,9,8,7,10,11,4,2,4,9,10
5,11,3,9,10,5,0,0,6,7,5,6,10,9,5,3,0,6,8,2,6,6,2,9,8,8,2,9,10,0,11,8,10,5,0,8,3,0,5,6,7,10,11,0,9,6,5,4,11,10,5,9,0,0,10,2,2,8,7,0,6,7,11,8,9,8,10,4,10,11,3,5,9,8,11,5,10,2,10,9,0,3,5,9,0,10,6,11,0,10,9,2,10,10,6,9,4,10,2,6,11,5,11,6,2,10,0,5,7,5,5,11,6,6,0,6,8,11,5,6,10,2,6,5,2,11,2,11,8,11,0,2,6,7,9,2,6,10,8,10,10,9,8,11,0,5,3,5,10,11
6,0,4,10,11,6,2,2,7,8,6,7,11,10,6,4,2,7,9,3,7,7,3,10,9,9,3,10,11,2,0,9,11,6,2,9,4,2,6,7,8,11,0,2,10,7,6,5,0,11,6,10,2,2,11,3,3,9,8,2,7,8,0,9,10,9,11,5,11,0,4,6,10,9,0,6,11,3,11,10,2,4,6,10,2,11,7,0,2,11,10,3,11,11,7,10,5,11,3,7,0,6,0,7,3,11,2,6,8,6,6,0,7,7,2,7,9,0,6,7,11,3,7,6,3,0,3,0,9,0,2,3,7,8,10,3,7,11,9,11,11,10,9,0,2,6,4,6,11,0
7,2,5,11,0,7,3,3,8,9,7,8,0,11,7,5,3,8,10,4,8,8,4,11,10,10,4,11,0,3,2,10,0,7,3,10,5,3,7,8,9,0,2,3,11,8,7,6,2,0,7,11,3,3,0,4,4,10,9,3,8,9,2,10,11,10,0,6,0,2,5,7,11,10,2,7,0,4,0,11,3,5,7,11,3,0,8,2,3,0,11,4,0,0,8,11,6,0,4,8,2,7,2,8,4,0,3,7,9,7,7,2,8,8,3,8,10,2,7,8,0,4,8,7,4,2,4,2,10,2,3,4,8,9,11,4,8,0,10,0,0,11,10,2,3,7,5,7,0,2
8,3,6,0,2,8,4,4,9,10,8,9,2,0,8,6,4,9,11,5,9,9,5,0,11,11,5,0,2,4,3,11,2,8,4,11,6,4,8,9,10,2,3,4,0,9,8,7,3,2,8,0,4,4,2,5,5,11,10,4,9,10,3,11,0,11,2,7,2,3,6,8,0,11,3,8,2,5,2,0,4,6,8,0,4,2,9,3,4,2,0,5,2,2,9,0,7,2,5,9,3,8,3,9,5,2,4,8,10,8,8,3,9,9,4,9,11,3,8,9,2,5,9,8,5,3,5,3,11,3,4,5,9,10,0,5,9,2,11,2,2,0,11,3,4,8,6,8,2,3
9,4,7,2,3,9,5,5,10,11,9,10,3,2,9,7,5,10,0,6,10,10,6,2,0,0,6,2,3,5,4,0,3,9,5,0,7,5,9,10,11,3,4,5,2,10,9,8,4,3,9,2,5,5,3,6,6,0,11,5,10,11,4,0,2,0,3,8,3,4,7,9,2,0,4,9,3,6,3,2,5,7,9,2,5,3,10,4,5,3,2,6,3,3,10,2,8,3,6,10,4,9,4,10,6,3,5,9,11,9,9,4,10,10,5,10,0,4,9,10,3,6,10,9,6,4,6,4,0,4,5,6,10,11,2,6,10,3,0,3,3,2,0,4,5,9,7,9,3,4
10,5,8,3,4,10,6,6,11,0,10,11,4,3,10,8,6,11,2,7,11,11,7,3,2,2,7,3,4,6,5,2,4,10,6,2,8,6,10,11,0,4,5,6,3,11,10,9,5,4,10,3,6,6,4,7,7,2,0,6,11,0,5,2,3,2,4,9,4,5,8,10,3,2,5,10,4,7,4,3,6,8,10,3,6,4,11,5,6,4,3,7,4,4,11,3,9,4,7,11,5,10,5,11,7,4,6,10,0,10,10,5,11,11,6,11,2,5,10,11,4,7,11,10,7,5,7,5,2,5,6,7,11,0,3,7,11,4,2,4,4,3,2,5,6,10,8,10,4,5
11,6,9,4,5,11,7,7,0,2,11,0,5,4,11,9,7,0,3,8,0,0,8,4,3,3,8,4,5,7,6,3,5,11,7,3,9,7,11,0,2,5,6,7,4,0,11,10,6,5,11,4,7,7,5,8,8,3,2,7,0,2,6,3,4,3,5,10,5,6,9,11,4,3,6,11,5,8,5,4,7,9,11,4,7,5,0,6,7,5,4,8,5,5,0,4,10,5,8,0,6,11,6,0,8,5,7,11,2,11,11,6,0,0,7,0,3,6,11,0,5,8,0,11,8,6,8,6,3,6,7,8,0,2,4,8,0,5,3,5,5,4,3,6,7,11,9,11,5,6
0,7,10,5,6,0,8,8,2,3,0,2,6,5,0,10,8,2,4,9,2,2,9,5,4,4,9,5,6,8,7,4,6,0,8,4,10,8,0,2,3,6,7,8,5,2,0,11,7,6,0,5,8,8,6,9,9,4,3,8,2,3,7,4,5,4,6,11,6,7,10,0,5,4,7,0,6,9,6,5,8,10,0,5,8,6,2,7,8,6,5,9,6,6,2,5,11,6,9,2,7,0,7,2,9,6,8,0,3,0,0,7,2,2,8,2,4,7,0,2,6,9,2,0,9,7,9,7,4,7,8,9,2,3,5,9,2,6,4,6,6,5,4,7,8,0,10,0,6,7
2,8,11,6,7,2,9,9,3,4,2,3,7,6,2,11,9,3,5,10,3,3,10,6,5,5,10,6,7,9,8,5,7,2,9,5,11,9,2,3,4,7,8,9,6,3,2,0,8,7,2,6,9,9,7,10,10,5,4,9,3,4,8,5,6,5,7,0,7,8,11,2,6,5,8,2,7,10,7,6,9,11,2,6,9,7,3,8,9,7,6,10,7,7,3,6,0,7,10,3,8,2,8,3,10,7,9,2,4,2,2,8,3,3,9,3,5,8,2,3,7,10,3,2,10,8,10,8,5,8,9,10,3,4,6,10,3,7,5,7,7,6,5,8,9,2,11,2,7,8
3,9,0,7,8,3,10,10,4,5,3,4,8,7,3,0,10,4,6,11,4,4,11,7,6,6,11,7,8,10,9,6,8,3,10,6,0,10,3,4,5,8,9,10,7,4,3,2,9,8,3,7,10,10,8,11,11,6,5,10,4,5,9,6,7,6,8,2,8,9,0,3,7,6,9,3,8,11,8,7,10,0,3,7,10,8,4,9,10,8,7,11,8,8,4,7,2,8,11,4,9,3,9,4,11,8,10,3,5,3,3,9,4,4,10,4,6,9,3,4,8,11,4,3,11,9,11,9,6,9,10,11,4,5,7,11,4,8,6,8,8,7,6,9,10,3,0,3,8,9
4,10,2,8,9,4,11,11,5,6,4,5,9,8,4,2,11,5,7,0,5,5,0,8,7,7,0,8,9,11,10,7,9,4,11,7,2,11,4,5,6,9,10,11,8,5,4,3,10,9,4,8,11,11,9,0,0,7,6,11,5,6,10,7,8,7,9,3,9,10,2,4,8,7,10,4,9,0,9,8,11,2,4,8,11,9,5,10,11,9,8,0,9,9,5,8,3,9,0,5,10,4,10,5,0,9,11,4,6,4,4,10,5,5,11,5,7,10,4,5,9,0,5,4,0,10,0,10,7,10,11,0,5,6,8,0,5,9,7,9,9,8,7,10,11,4,2,4,9,10
5,11,3,9,10,5,0,0,6,7,5,6,10,9,5,3,0,6,8,2,6,6,2,9,8,8,2,9,10,0,11,8,10,5,0,8,3,0,5,6,7,10,11,0,9,6,5,4,11,10,5,9,0,0,10,2,2,8,7,0,6,7,11,8,9,8,10,4,10,11,3,5,9,8,11,5,10,2,10,9,0,3,5,9,0,10,6,11,0,10,9,2,10,10,6,9,4,10,2,6,11,5,11,6,2,10,0,5,7,5,5,11,6,6,0,6,8,11,5,6,10,2,6,5,2,11,2,11,8,11,0,2,6,7,9,2,6,10,8,10,10,9,8,11,0,5,3,5,10,11
6,0,4,10,11,6,2,2,7,8,6,7,11,10,6,4,2,7,9,3,7,7,3,10,9,9,3,10,11,2,0,9,11,6,2,9,4,2,6,7,8,11,0,2,10,7,6,5,0,11,6,10,2,2,11,3,3,9,8,2,7,8,0,9,10,9,11,5,11,0,4,6,10,9,0,6,11,3,11,10,2,4,6,10,2,11,7,0,2,11,10,3,11,11,7,10,5,11,3,7,0,6,0,7,3,11,2,6,8,6,6,0,7,7,2,7,9,0,6,7,11,3,7,6,3,0,3,0,9,0,2,3,7,8,10,3,7,11,9,11,11,10,9,0,2,6,4,6,11,0
7,2,5,11,0,7,3,3,8,9,7,8,0,11,7,5,3,8,10,4,8,8,4,11,10,10,4,11,0,3,2,10,0,7,3,10,5,3,7,8,9,0,2,3,11,8,7,6,2,0,7,11,3,3,0,4,4,10,9,3,8,9,2,10,11,10,0,6,0,2,5,7,11,10,2,7,0,4,0,11,3,5,7,11,3,0,8,2,3,0,11,4,0,0,8,11,6,0,4,8,2,7,2,8,4,0,3,7,9,7,7,2,8,8,3,8,10,2,7,8,0,4,8,7,4,2,4,2,10,2,3,4,8,9,11,4,8,0,10,0,0,11,10,2,3,7,5,7,0,2
8,3,6,0,2,8,4,4,9,10,8,9,2,0,8,6,4,9,11,5,9,9,5,0,11,11,5,0,2,4,3,11,2,8,4,11,6,4,8,9,10,2,3,4,0,9,8,7,3,2,8,0,4,4,2,5,5,11,10,4,9,10,3,11,0,11,2,7,2,3,6,8,0,11,3,8,2,5,2,0,4,6,8,0,4,2,9,3,4,2,0,5,2,2,9,0,7,2,5,9,3,8,3,9,5,2,4,8,10,8,8,3,9,9,4,9,11,3,8,9,2,5,9,8,5,3,5,3,11,3,4,5,9,10,0,5,9,2,11,2,2,0,11,3,4,8,6,8,2,3
9,4,7,2,3,9,5,5,10,11,9,10,3,2,9,7,5,10,0,6,10,10,6,2,0,0,6,2,3,5,4,0,3,9,5,0,7,5,9,10,11,3,4,5,2,10,9,8,4,3,9,2,5,5,3,6,6,0,11,5,10,11,4,0,2,0,3,8,3,4,7,9,2,0,4,9,3,6,3,2,5,7,9,2,5,3,10,4,5,3,2,6,3,3,10,2,8,3,6,10,4,9,4,10,6,3,5,9,11,9,9,4,10,10,5,10,0,4,9,10,3,6,10,9,6,4,6,4,0,4,5,6,10,11,2,6,10,3,0,3,3,2,0,4,5,9,7,9,3,4
10,5,8,3,4,10,6,6,11,0,10,11,4,3,10,8,6,11,2,7,11,11,7,3,2,2,7,3,4,6,5,2,4,10,6,2,8,6,10,11,0,4,5,6,3,11,10,9,5,4,10,3,6,6,4,7,7,2,0,6,11,0,5,2,3,2,4,9,4,5,8,10,3,2,5,10,4,7,4,3,6,8,10,3,6,4,11,5,6,4,3,7,4,4,11,3,9,4,7,11,5,10,5,11,7,4,6,10,0,10,10,5,11,11,6,11,2,5,10,11,4,7,11,10,7,5,7,5,2,5,6,7,11,0,3,7,11,4,2,4,4,3,2,5,6,10,8,10,4,5
11,6,9,4,5,11,7,7,0,2,11,0,5,4,11,9,7,0,3,8,0,0,8,4,3,3,8,4,5,7,6,3,5,11,7,3,9,7,11,0,2,5,6,7,4,0,11,10,6,5,11,4,7,7,5,8,8,3,2,7,0,2,6,3,4,3,5,10,5,6,9,11,4,3,6,11,5,8,5,4,7,9,11,4,7,5,0,6,7,5,4,8,5,5,0,4,10,5,8,0,6,11,6,0,8,5,7,11,2,11,11,6,0,0,7,0,3,6,11,0,5,8,0,11,8,6,8,6,3,6,7,8,0,2,4,8,0,5,3,5,5,4,3,6,7,11,9,11,5,6
0,7,10,5,6,0,8,8,2,3,0,2,6,5,0,10,8,2,4,9,2,2,9,5,4,4,9,5,6,8,7,4,6,0,8,4,10,8,0,2,3,6,7,8,5,2,0,11,7,6,0,5,8,8,6,9,9,4,3,8,2,3,7,4,5,4,6,11,6,7,10,0,5,4,7,0,6,9,6,5,8,10,0,5,8,6,2,7,8,6,5,9,6,6,2,5,11,6,9,2,7,0,7,2,9,6,8,0,3,0,0,7,2,2,8,2,4,7,0,2,6,9,2,0,9,7,9,7,4,7,8,9,2,3,5,9,2,6,4,6,6,5,4,7,8,0,10,0,6,7
2,8,11,6,7,2,9,9,3,4,2,3,7,6,2,11,9,3,5,10,3,3,10,6,5,5,10,6,7,9,8,5,7,2,9,5,11,9,2,3,4,7,8,9,6,3,2,0,8,7,2,6,9,9,7,10,10,5,4,9,3,4,8,5,6,5,7,0,7,8,11,2,6,5,8,2,7,10,7,6,9,11,2,6,9,7,3,8,9,7,6,10,7,7,3,6,0,7,10,3,8,2,8,3,10,7,9,2,4,2,2,8,3,3,9,3,5,8,2,3,7,10,3,2,10,8,10,8,5,8,9,10,3,4,6,10,3,7,5,7,7,6,5,8,9,2,11,2,7,8
3,9,0,7,8,3,10,10,4,5,3,4,8,7,3,0,10,4,6,11,4,4,11,7,6,6,11,7,8,10,9,6,8,3,10,6,0,10,3,4,5,8,9,10,7,4,3,2,9,8,3,7,10,10,8,11,11,6,5,10,4,5,9,6,7,6,8,2,8,9,0,3,7,6,9,3,8,11,8,7,10,0,3,7,10,8,4,9,10,8,7,11,8,8,4,7,2,8,11,4,9,3,9,4,11,8,10,3,5,3,3,9,4,4,10,4,6,9,3,4,8,11,4,3,11,9,11,9,6,9,10,11,4,5,7,11,4,8,6,8,8,7,6,9,10,3,0,3,8,9
4,10,2,8,9,4,11,11,5,6,4,5,9,8,4,2,11,5,7,0,5,5,0,8,7,7,0,8,9,11,10,7,9,4,11,7,2,11,4,5,6,9,10,11,8,5,4,3,10,9,4,8,11,11,9,0,0,7,6,11,5,6,10,7,8,7,9,3,9,10,2,4,8,7,10,4,9,0,9,8,11,2,4,8,11,9,5,10,11,9,8,0,9,9,5,8,3,9,0,5,10,4,10,5,0,9,11,4,6,4,4,10,5,5,11,5,7,10,4,5,9,0,5,4,0,10,0,10,7,10,11,0,5,6,8,0,5,9,7,9,9,8,7,10,11,4,2,4,9,10
5,11,3,9,10,5,0,0,6,7,5,6,10,9,5,3,0,6,8,2,6,6,2,9,8,8,2,9,10,0,11,8,10,5,0,8,3,0,5,6,7,10,11,0,9,6,5,4,11,10,5,9,0,0,10,2,2,8,7,0,6,7,11,8,9,8,10,4,10,11,3,5,9,8,11,5,10,2,10,9,0,3,5,9,0,10,6,11,0,10,9,2,10,10,6,9,4,10,2,6,11,5,11,6,2,10,0,5,7,5,5,11,6,6,0,6,8,11,5,6,10,2,6,5,2,11,2,11,8,11,0,2,6,7,9,2,6,10,8,10,10,9,8,11,0,5,3,5,10,11
6,0,4,10,11,6,2,2,7,8,6,7,11,10,6,4,2,7,9,3,7,7,3,10,9,9,3,10,11,2,0,9,11,6,2,9,4,2,6,7,8,11,0,2,10,7,6,5,0,11,6,10,2,2,11,3,3,9,8,2,7,8,0,9,10,9,11,5,11,0,4,6,10,9,0,6,11,3,11,10,2,4,6,10,2,11,7,0,2,11,10,3,11,11,7,10,5,11,3,7,0,6,0,7,3,11,2,6,8,6,6,0,7,7,2,7,9,0,6,7,11,3,7,6,3,0,3,0,9,0,2,3,7,8,10,3,7,11,9,11,11,10,9,0,2,6,4,6,11,0
7,2,5,11,0,7,3,3,8,9,7,8,0,11,7,5,3,8,10,4,8,8,4,11,10,10,4,11,0,3,2,10,0,7,3,10,5,3,7,8,9,0,2,3,11,8,7,6,2,0,7,11,3,3,0,4,4,10,9,3,8,9,2,10,11,10,0,6,0,2,5,7,11,10,2,7,0,4,0,11,3,5,7,11,3,0,8,2,3,0,11,4,0,0,8,11,6,0,4,8,2,7,2,8,4,0,3,7,9,7,7,2,8,8,3,8,10,2,7,8,0,4,8,7,4,2,4,2,10,2,3,4,8,9,11,4,8,0,10,0,0,11,10,2,3,7,5,7,0,2
8,3,6,0,2,8,4,4,9,10,8,9,2,0,8,6,4,9,11,5,9,9,5,0,11,11,5,0,2,4,3,11,2,8,4,11,6,4,8,9,10,2,3,4,0,9,8,7,3,2,8,0,4,4,2,5,5,11,10,4,9,10,3,11,0,11,2,7,2,3,6,8,0,11,3,8,2,5,2,0,4,6,8,0,4,2,9,3,4,2,0,5,2,2,9,0,7,2,5,9,3,8,3,9,5,2,4,8,10,8,8,3,9,9,4,9,11,3,8,9,2,5,9,8,5,3,5,3,11,3,4,5,9,10,0,5,9,2,11,2,2,0,11,3,4,8,6,8,2,3
9,4,7,2,3,9,5,5,10,11,9,10,3,2,9,7,5,10,0,6,10,10,6,2,0,0,6,2,3,5,4,0,3,9,5,0,7,5,9,10,11,3,4,5,2,10,9,8,4,3,9,2,5,5,3,6,6,0,11,5,10,11,4,0,2,0,3,8,3,4,7,9,2,0,4,9,3,6,3,2,5,7,9,2,5,3,10,4,5,3,2,6,3,3,10,2,8,3,6,10,4,9,4,10,6,3,5,9,11,9,9,4,10,10,5,10,0,4,9,10,3,6,10,9,6,4,6,4,0,4,5,6,10,11,2,6,10,3,0,3,3,2,0,4,5,9,7,9,3,4
10,5,8,3,4,10,6,6,11,0,10,11,4,3,10,8,6,11,2,7,11,11,7,3,2,2,7,3,4,6,5,2,4,10,6,2,8,6,10,11,0,4,5,6,3,11,10,9,5,4,10,3,6,6,4,7,7,2,0,6,11,0,5,2,3,2,4,9,4,5,8,10,3,2,5,10,4,7,4,3,6,8,10,3,6,4,11,5,6,4,3,7,4,4,11,3,9,4,7,11,5,10,5,11,7,4,6,10,0,10,10,5,11,11,6,11,2,5,10,11,4,7,11,10,7,5,7,5,2,5,6,7,11,0,3,7,11,4,2,4,4,3,2,5,6,10,8,10,4,5
11,6,9,4,5,11,7,7,0,2,11,0,5,4,11,9,7,0,3,8,0,0,8,4,3,3,8,4,5,7,6,3,5,11,7,3,9,7,11,0,2,5,6,7,4,0,11,10,6,5,11,4,7,7,5,8,8,3,2,7,0,2,6,3,4,3,5,10,5,6,9,11,4,3,6,11,5,8,5,4,7,9,11,4,7,5,0,6,7,5,4,8,5,5,0,4,10,5,8,0,6,11,6,0,8,5,7,11,2,11,11,6,0,0,7,0,3,6,11,0,5,8,0,11,8,6,8,6,3,6,7,8,0,2,4,8,0,5,3,5,5,4,3,6,7,11,9,11,5,6
0,7,10,5,6,0,8,8,2,3,0,2,6,5,0,10,8,2,4,9,2,2,9,5,4,4,9,5,6,8,7,4,6,0,8,4,10,8,0,2,3,6,7,8,5,2,0,11,7,6,0,5,8,8,6,9,9,4,3,8,2,3,7,4,5,4,6,11,6,7,10,0,5,4,7,0,6,9,6,5,8,10,0,5,8,6,2,7,8,6,5,9,6,6,2,5,11,6,9,2,7,0,7,2,9,6,8,0,3,0,0,7,2,2,8,2,4,7,0,2,6,9,2,0,9,7,9,7,4,7,8,9,2,3,5,9,2,6,4,6,6,5,4,7,8,0,10,0,6,7
2,8,11,6,7,2,9,9,3,4,2,3,7,6,2,11,9,3,5,10,3,3,10,6,5,5,10,6,7,9,8,5,7,2,9,5,11,9,2,3,4,7,8,9,6,3,2,0,8,7,2,6,9,9,7,10,10,5,4,9,3,4,8,5,6,5,7,0,7,8,11,2,6,5,8,2,7,10,7,6,9,11,2,6,9,7,3,8,9,7,6,10,7,7,3,6,0,7,10,3,8,2,8,3,10,7,9,2,4,2,2,8,3,3,9,3,5,8,2,3,7,10,3,2,10,8,10,8,5,8,9,10,3,4,6,10,3,7,5,7,7,6,5,8,9,2,11,2,7,8
3,9,0,7,8,3,10,10,4,5,3,4,8,7,3,0,10,4,6,11,4,4,11,7,6,6,11,7,8,10,9,6,8,3,10,6,0,10,3,4,5,8,9,10,7,4,3,2,9,8,3,7,10,10,8,11,11,6,5,10,4,5,9,6,7,6,8,2,8,9,0,3,7,6,9,3,8,11,8,7,10,0,3,7,10,8,4,9,10,8,7,11,8,8,4,7,2,8,11,4,9,3,9,4,11,8,10,3,5,3,3,9,4,4,10,4,6,9,3,4,8,11,4,3,11,9,11,9,6,9,10,11,4,5,7,11,4,8,6,8,8,7,6,9,10,3,0,3,8,9
4,10,2,8,9,4,11,11,5,6,4,5,9,8,4,2,11,5,7,0,5,5,0,8,7,7,0,8,9,11,10,7,9,4,11,7,2,11,4,5,6,9,10,11,8,5,4,3,10,9,4,8,11,11,9,0,0,7,6,11,5,6,10,7,8,7,9,3,9,10,2,4,8,7,10,4,9,0,9,8,11,2,4,8,11,9,5,10,11,9,8,0,9,9,5,8,3,9,0,5,10,4,10,5,0,9,11,4,6,4,4,10,5,5,11,5,7,10,4,5,9,0,5,4,0,10,0,10,7,10,11,0,5,6,8,0,5,9,7,9,9,8,7,10,11,4,2,4,9,10
5,11,3,9,10,5,0,0,6,7,5,6,10,9,5,3,0,6,8,2,6,6,2,9,8,8,2,9,10,0,11,8,10,5,0,8,3,0,5,6,7,10,11,0,9,6,5,4,11,10,5,9,0,0,10,2,2,8,7,0,6,7,11,8,9,8,10,4,10,11,3,5,9,8,11,5,10,2,10,9,0,3,5,9,0,10,6,11,0,10,9,2,10,10,6,9,4,10,2,6,11,5,11,6,2,10,0,5,7,5,5,11,6,6,0,6,8,11,5,6,10,2,6,5,2,11,2,11,8,11,0,2,6,7,9,2,6,10,8,10,10,9,8,11,0,5,3,5,10,11
6,0,4,10,11,6,2,2,7,8,6,7,11,10,6,4,2,7,9,3,7,7,3,10,9,9,3,10,11,2,0,9,11,6,2,9,4,2,6,7,8,11,0,2,10,7,6,5,0,11,6,10,2,2,11,3,3,9,8,2,7,8,0,9,10,9,11,5,11,0,4,6,10,9,0,6,11,3,11,10,2,4,6,10,2,11,7,0,2,11,10,3,11,11,7,10,5,11,3,7,0,6,0,7,3,11,2,6,8,6,6,0,7,7,2,7,9,0,6,7,11,3,7,6,3,0,3,0,9,0,2,3,7,8,10,3,7,11,9,11,11,10,9,0,2,6,4,6,11,0
7,2,5,11,0,7,3,3,8,9,7,8,0,11,7,5,3,8,10,4,8,8,4,11,10,10,4,11,0,3,2,10,0,7,3,10,5,3,7,8,9,0,2,3,11,8,7,6,2,0,7,11,3,3,0,4,4,10,9,3,8,9,2,10,11,10,0,6,0,2,5,7,11,10,2,7,0,4,0,11,3,5,7,11,3,0,8,2,3,0,11,4,0,0,8,11,6,0,4,8,2,7,2,8,4,0,3,7,9,7,7,2,8,8,3,8,10,2,7,8,0,4,8,7,4,2,4,2,10,2,3,4,8,9,11,4,8,0,10,0,0,11,10,2,3,7,5,7,0,2
8,3,6,0,2,8,4,4,9,10,8,9,2,0,8,6,4,9,11,5,9,9,5,0,11,11,5,0,2,4,3,11,2,8,4,11,6,4,8,9,10,2,3,4,0,9,8,7,3,2,8,0,4,4,2,5,5,11,10,4,9,10,3,11,0,11,2,7,2,3,6,8,0,11,3,8,2,5,2,0,4,6,8,0,4,2,9,3,4,2,0,5,2,2,9,0,7,2,5,9,3,8,3,9,5,2,4,8,10,8,8,3,9,9,4,9,11,3,8,9,2,5,9,8,5,3,5,3,11,3,4,5,9,10,0,5,9,2,11,2,2,0,11,3,4,8,6,8,2,3
9,4,7,2,3,9,5,5,10,11,9,10,3,2,9,7,5,10,0,6,10,10,6,2,0,0,6,2,3,5,4,0,3,9,5,0,7,5,9,10,11,3,4,5,2,10,9,8,4,3,9,2,5,5,3,6,6,0,11,5,10,11,4,0,2,0,3,8,3,4,7,9,2,0,4,9,3,6,3,2,5,7,9,2,5,3,10,4,5,3,2,6,3,3,10,2,8,3,6,10,4,9,4,10,6,3,5,9,11,9,9,4,10,10,5,10,0,4,9,10,3,6,10,9,6,4,6,4,0,4,5,6,10,11,2,6,10,3,0,3,3,2,0,4,5,9,7,9,3,4
10,5,8,3,4,10,6,6,11,0,10,11,4,3,10,8,6,11,2,7,11,11,7,3,2,2,7,3,4,6,5,2,4,10,6,2,8,6,10,11,0,4,5,6,3,11,10,9,5,4,10,3,6,6,4,7,7,2,0,6,11,0,5,2,3,2,4,9,4,5,8,10,3,2,5,10,4,7,4,3,6,8,10,3,6,4,11,5,6,4,3,7,4,4,11,3,9,4,7,11,5,10,5,11,7,4,6,10,0,10,10,5,11,11,6,11,2,5,10,11,4,7,11,10,7,5,7,5,2,5,6,7,11,0,3,7,11,4,2,4,4,3,2,5,6,10,8,10,4,5
11,6,9,4,5,11,7,7,0,2,11,0,5,4,11,9,7,0,3,8,0,0,8,4,3,3,8,4,5,7,6,3,5,11,7,3,9,7,11,0,2,5,6,7,4,0,11,10,6,5,11,4,7,7,5,8,8,3,2,7,0,2,6,3,4,3,5,10,5,6,9,11,4,3,6,11,5,8,5,4,7,9,11,4,7,5,0,6,7,5,4,8,5,5,0,4,10,5,8,0,6,11,6,0,8,5,7,11,2,11,11,6,0,0,7,0,3,6,11,0,5,8,0,11,8,6,8,6,3,6,7,8,0,2,4,8,0,5,3,5,5,4,3,6,7,11,9,11,5,6
0,7,10,5,6,0,8,8,2,3,0,2,6,5,0,10,8,2,4,9,2,2,9,5,4,4,9,5,6,8,7,4,6,0,8,4,10,8,0,2,3,6,7,8,5,2,0,11,7,6,0,5,8,8,6,9,9,4,3,8,2,3,7,4,5,4,6,11,6,7,10,0,5,4,7,0,6,9,6,5,8,10,0,5,8,6,2,7,8,6,5,9,6,6,2,5,11,6,9,2,7,0,7,2,9,6,8,0,3,0,0,7,2,2,8,2,4,7,0,2,6,9,2,0,9,7,9,7,4,7,8,9,2,3,5,9,2,6,4,6,6,5,4,7,8,0,10,0,6,7
2,8,11,6,7,2,9,9,3,4,2,3,7,6,2,11,9,3,5,10,3,3,10,6,5,5,10,6,7,9,8,5,7,2,9,5,11,9,2,3,4,7,8,9,6,3,2,0,8,7,2,6,9,9,7,10,10,5,4,9,3,4,8,5,6,5,7,0,7,8,11,2,6,5,8,2,7,10,7,6,9,11,2,6,9,7,3,8,9,7,6,10,7,7,3,6,0,7,10,3,8,2,8,3,10,7,9,2,4,2,2,8,3,3,9,3,5,8,2,3,7,10,3,2,10,8,10,8,5,8,9,10,3,4,6,10,3,7,5,7,7,6,5,8,9,2,11,2,7,8
3,9,0,7,8,3,10,10,4,5,3,4,8,7,3,0,10,4,6,11,4,4,11,7,6,6,11,7,8,10,9,6,8,3,10,6,0,10,3,4,5,8,9,10,7,4,3,2,9,8,3,7,10,10,8,11,11,6,5,10,4,5,9,6,7,6,8,2,8,9,0,3,7,6,9,3,8,11,8,7,10,0,3,7,10,8,4,9,10,8,7,11,8,8,4,7,2,8,11,4,9,3,9,4,11,8,10,3,5,3,3,9,4,4,10,4,6,9,3,4,8,11,4,3,11,9,11,9,6,9,10,11,4,5,7,11,4,8,6,8,8,7,6,9,10,3,0,3,8,9
4,10,2,8,9,4,11,11,5,6,4,5,9,8,4,2,11,5,7,0,5,5,0,8,7,7,0,8,9,11,10,7,9,4,11,7,2,11,4,5,6,9,10,11,8,5,4,3,10,9,4,8,11,11,9,0,0,7,6,11,5,6,10,7,8,7,9,3,9,10,2,4,8,7,10,4,9,0,9,8,11,2,4,8,11,9,5,10,11,9,8,0,9,9,5,8,3,9,0,5,10,4,10,5,0,9,11,4,6,4,4,10,5,5,11,5,7,10,4,5,9,0,5,4,0,10,0,10,7,10,11,0,5,6,8,0,5,9,7,9,9,8,7,10,11,4,2,4,9,10
5,11,3,9,10,5,0,0,6,7,5,6,10,9,5,3,0,6,8,2,6,6,2,9,8,8,2,9,10,0,11,8,10,5,0,8,3,0,5,6,7,10,11,0,9,6,5,4,11,10,5,9,0,0,10,2,2,8,7,0,6,7,11,8,9,8,10,4,10,11,3,5,9,8,11,5,10,2,10,9,0,3,5,9,0,10,6,11,0,10,9,2,10,10,6,9,4,10,2,6,11,5,11,6,2,10,0,5,7,5,5,11,6,6,0,6,8,11,5,6,10,2,6,5,2,11,2,11,8,11,0,2,6,7,9,2,6,10,8,10,10,9,8,11,0,5,3,5,10,11
6,0,4,10,11,6,2,2,7,8,6,7,11,10,6,4,2,7,9,3,7,7,3,10,9,9,3,10,11,2,0,9,11,6,2,9,4,2,6,7,8,11,0,2,10,7,6,5,0,11,6,10,2,2,11,3,3,9,8,2,7,8,0,9,10,9,11,5,11,0,4,6,10,9,0,6,11,3,11,10,2,4,6,10,2,11,7,0,2,11,10,3,11,11,7,10,5,11,3,7,0,6,0,7,3,11,2,6,8,6,6,0,7,7,2,7,9,0,6,7,11,3,7,6,3,0,3,0,9,0,2,3,7,8,10,3,7,11,9,11,11,10,9,0,2,6,4,6,11,0
7,2,5,11,0,7,3,3,8,9,7,8,0,11,7,5,3,8,10,4,8,8,4,11,10,10,4,11,0,3,2,10,0,7,3,10,5,3,7,8,9,0,2,3,11,8,7,6,2,0,7,11,3,3,0,4,4,10,9,3,8,9,2,10,11,10,0,6,0,2,5,7,11,10,2,7,0,4,0,11,3,5,7,11,3,0,8,2,3,0,11,4,0,0,8,11,6,0,4,8,2,7,2,8,4,0,3,7,9,7,7,2,8,8,3,8,10,2,7,8,0,4,8,7,4,2,4,2,10,2,3,4,8,9,11,4,8,0,10,0,0,11,10,2,3,7,5,7,0,2
8,3,6,0,2,8,4,4,9,10,8,9,2,0,8,6,4,9,11,5,9,9,5,0,11,11,5,0,2,4,3,11,2,8,4,11,6,4,8,9,10,2,3,4,0,9,8,7,3,2,8,0,4,4,2,5,5,11,10,4,9,10,3,11,0,11,2,7,2,3,6,8,0,11,3,8,2,5,2,0,4,6,8,0,4,2,9,3,4,2,0,5,2,2,9,0,7,2,5,9,3,8,3,9,5,2,4,8,10,8,8,3,9,9,4,9,11,3,8,9,2,5,9,8,5,3,5,3,11,3,4,5,9,10,0,5,9,2,11,2,2,0,11,3,4,8,6,8,2,3
9,4,7,2,3,9,5,5,10,11,9,10,3,2,9,7,5,10,0,6,10,10,6,2,0,0,6,2,3,5,4,0,3,9,5,0,7,5,9,10,11,3,4,5,2,10,9,8,4,3,9,2,5,5,3,6,6,0,11,5,10,11,4,0,2,0,3,8,3,4,7,9,2,0,4,9,3,6,3,2,5,7,9,2,5,3,10,4,5,3,2,6,3,3,10,2,8,3,6,10,4,9,4,10,6,3,5,9,11,9,9,4,10,10,5,10,0,4,9,10,3,6,10,9,6,4,6,4,0,4,5,6,10,11,2,6,10,3,0,3,3,2,0,4,5,9,7,9,3,4
10,5,8,3,4,10,6,6,11,0,10,11,4,3,10,8,6,11,2,7,11,11,7,3,2,2,7,3,4,6,5,2,4,10,6,2,8,6,10,11,0,4,5,6,3,11,10,9,5,4,10,3,6,6,4,7,7,2,0,6,11,0,5,2,3,2,4,9,4,5,8,10,3,2,5,10,4,7,4,3,6,8,10,3,6,4,11,5,6,4,3,7,4,4,11,3,9,4,7,11,5,10,5,11,7,4,6,10,0,10,10,5,11,11,6,11,2,5,10,11,4,7,11,10,7,5,7,5,2,5,6,7,11,0,3,7,11,4,2,4,4,3,2,5,6,10,8,10,4,5
11,6,9,4,5,11,7,7,0,2,11,0,5,4,11,9,7,0,3,8,0,0,8,4,3,3,8,4,5,7,6,3,5,11,7,3,9,7,11,0,2,5,6,7,4,0,11,10,6,5,11,4,7,7,5,8,8,3,2,7,0,2,6,3,4,3,5,10,5,6,9,11,4,3,6,11,5,8,5,4,7,9,11,4,7,5,0,6,7,5,4,8,5,5,0,4,10,5,8,0,6,11,6,0,8,5,7,11,2,11,11,6,0,0,7,0,3,6,11,0,5,8,0,11,8,6,8,6,3,6,7,8,0,2,4,8,0,5,3,5,5,4,3,6,7,11,9,11,5,6
0,7,10,5,6,0,8,8,2,3,0,2,6,5,0,10,8,2,4,9,2,2,9,5,4,4,9,5,6,8,7,4,6,0,8,4,10,8,0,2,3,6,7,8,5,2,0,11,7,6,0,5,8,8,6,9,9,4,3,8,2,3,7,4,5,4,6,11,6,7,10,0,5,4,7,0,6,9,6,5,8,10,0,5,8,6,2,7,8,6,5,9,6,6,2,5,11,6,9,2,7,0,7,2,9,6,8,0,3,0,0,7,2,2,8,2,4,7,0,2,6,9,2,0,9,7,9,7,4,7,8,9,2,3,5,9,2,6,4,6,6,5,4,7,8,0,10,0,6,7
2,8,11,6,7,2,9,9,3,4,2,3,7,6,2,11,9,3,5,10,3,3,10,6,5,5,10,6,7,9,8,5,7,2,9,5,11,9,2,3,4,7,8,9,6,3,2,0,8,7,2,6,9,9,7,10,10,5,4,9,3,4,8,5,6,5,7,0,7,8,11,2,6,5,8,2,7,10,7,6,9,11,2,6,9,7,3,8,9,7,6,10,7,7,3,6,0,7,10,3,8,2,8,3,10,7,9,2,4,2,2,8,3,3,9,3,5,8,2,3,7,10,3,2,10,8,10,8,5,8,9,10,3,4,6,10,3,7,5,7,7,6,5,8,9,2,11,2,7,8
3,9,0,7,8,3,10,10,4,5,3,4,8,7,3,0,10,4,6,11,4,4,11,7,6,6,11,7,8,10,9,6,8,3,10,6,0,10,3,4,5,8,9,10,7,4,3,2,9,8,3,7,10,10,8,11,11,6,5,10,4,5,9,6,7,6,8,2,8,9,0,3,7,6,9,3,8,11,8,7,10,0,3,7,10,8,4,9,10,8,7,11,8,8,4,7,2,8,11,4,9,3,9,4,11,8,10,3,5,3,3,9,4,4,10,4,6,9,3,4,8,11,4,3,11,9,11,9,6,9,10,11,4,5,7,11,4,8,6,8,8,7,6,9,10,3,0,3,8,9
4,10,2,8,9,4,11,11,5,6,4,5,9,8,4,2,11,5,7,0,5,5,0,8,7,7,0,8,9,11,10,7,9,4,11,7,2,11,4,5,6,9,10,11,8,5,4,3,10,9,4,8,11,11,9,0,0,7,6,11,5,6,10,7,8,7,9,3,9,10,2,4,8,7,10,4,9,0,9,8,11,2,4,8,11,9,5,10,11,9,8,0,9,9,5,8,3,9,0,5,10,4,10,5,0,9,11,4,6,4,4,10,5,5,11,5,7,10,4,5,9,0,5,4,0,10,0,10,7,10,11,0,5,6,8,0,5,9,7,9,9,8,7,10,11,4,2,4,9,10
5,11,3,9,10,5,0,0,6,7,5,6,10,9,5,3,0,6,8,2,6,6,2,9,8,8,2,9,10,0,11,8,10,5,0,8,3,0,5,6,7,10,11,0,9,6,5,4,11,10,5,9,0,0,10,2,2,8,7,0,6,7,11,8,9,8,10,4,10,11,3,5,9,8,11,5,10,2,10,9,0,3,5,9,0,10,6,11,0,10,9,2,10,10,6,9,4,10,2,6,11,5,11,6,2,10,0,5,7,5,5,11,6,6,0,6,8,11,5,6,10,2,6,5,2,11,2,11,8,11,0,2,6,7,9,2,6,10,8,10,10,9,8,11,0,5,3,5,10,11
6,0,4,10,11,6,2,2,7,8,6,7,11,10,6,4,2,7,9,3,7,7,3,10,9,9,3,10,11,2,0,9,11,6,2,9,4,2,6,7,8,11,0,2,10,7,6,5,0,11,6,10,2,2,11,3,3,9,8,2,7,8,0,9,10,9,11,5,11,0,4,6,10,9,0,6,11,3,11,10,2,4,6,10,2,11,7,0,2,11,10,3,11,11,7,10,5,11,3,7,0,6,0,7,3,11,2,6,8,6,6,0,7,7,2,7,9,0,6,7,11,3,7,6,3,0,3,0,9,0,2,3,7,8,10,3,7,11,9,11,11,10,9,0,2,6,4,6,11,0
7,2,5,11,0,7,3,3,8,9,7,8,0,11,7,5,3,8,10,4,8,8,4,11,10,10,4,11,0,3,2,10,0,7,3,10,5,3,7,8,9,0,2,3,11,8,7,6,2,0,7,11,3,3,0,4,4,10,9,3,8,9,2,10,11,10,0,6,0,2,5,7,11,10,2,7,0,4,0,11,3,5,7,11,3,0,8,2,3,0,11,4,0,0,8,11,6,0,4,8,2,7,2,8,4,0,3,7,9,7,7,2,8,8,3,8,10,2,7,8,0,4,8,7,4,2,4,2,10,2,3,4,8,9,11,4,8,0,10,0,0,11,10,2,3,7,5,7,0,2
8,3,6,0,2,8,4,4,9,10,8,9,2,0,8,6,4,9,11,5,9,9,5,0,11,11,5,0,2,4,3,11,2,8,4,11,6,4,8,9,10,2,3,4,0,9,8,7,3,2,8,0,4,4,2,5,5,11,10,4,9,10,3,11,0,11,2,7,2,3,6,8,0,11,3,8,2,5,2,0,4,6,8,0,4,2,9,3,4,2,0,5,2,2,9,0,7,2,5,9,3,8,3,9,5,2,4,8,10,8,8,3,9,9,4,9,11,3,8,9,2,5,9,8,5,3,5,3,11,3,4,5,9,10,0,5,9,2,11,2,2,0,11,3,4,8,6,8,2,3
9,4,7,2,3,9,5,5,10,11,9,10,3,2,9,7,5,10,0,6,10,10,6,2,0,0,6,2,3,5,4,0,3,9,5,0,7,5,9,10,11,3,4,5,2,10,9,8,4,3,9,2,5,5,3,6,6,0,11,5,10,11,4,0,2,0,3,8,3,4,7,9,2,0,4,9,3,6,3,2,5,7,9,2,5,3,10,4,5,3,2,6,3,3,10,2,8,3,6,10,4,9,4,10,6,3,5,9,11,9,9,4,10,10,5,10,0,4,9,10,3,6,10,9,6,4,6,4,0,4,5,6,10,11,2,6,10,3,0,3,3,2,0,4,5,9,7,9,3,4
10,5,8,3,4,10,6,6,11,0,10,11,4,3,10,8,6,11,2,7,11,11,7,3,2,2,7,3,4,6,5,2,4,10,6,2,8,6,10,11,0,4,5,6,3,11,10,9,5,4,10,3,6,6,4,7,7,2,0,6,11,0,5,2,3,2,4,9,4,5,8,10,3,2,5,10,4,7,4,3,6,8,10,3,6,4,11,5,6,4,3,7,4,4,11,3,9,4,7,11,5,10,5,11,7,4,6,10,0,10,10,5,11,11,6,11,2,5,10,11,4,7,11,10,7,5,7,5,2,5,6,7,11,0,3,7,11,4,2,4,4,3,2,5,6,10,8,10,4,5
11,6,9,4,5,11,7,7,0,2,11,0,5,4,11,9,7,0,3,8,0,0,8,4,3,3,8,4,5,7,6,3,5,11,7,3,9,7,11,0,2,5,6,7,4,0,11,10,6,5,11,4,7,7,5,8,8,3,2,7,0,2,6,3,4,3,5,10,5,6,9,11,4,3,6,11,5,8,5,4,7,9,11,4,7,5,0,6,7,5,4,8,5,5,0,4,10,5,8,0,6,11,6,0,8,5,7,11,2,11,11,6,0,0,7,0,3,6,11,0,5,8,0,11,8,6,8,6,3,6,7,8,0,2,4,8,0,5,3,5,5,4,3,6,7,11,9,11,5,6
0,7,10,5,6,0,8,8,2,3,0,2,6,5,0,10,8,2,4,9,2,2,9,5,4,4,9,5,6,8,7,4,6,0,8,4,10,8,0,2,3,6,7,8,5,2,0,11,7,6,0,5,8,8,6,9,9,4,3,8,2,3,7,4,5,4,6,11,6,7,10,0,5,4,7,0,6,9,6,5,8,10,0,5,8,6,2,7,8,6,5,9,6,6,2,5,11,6,9,2,7,0,7,2,9,6,8,0,3,0,0,7,2,2,8,2,4,7,0,2,6,9,2,0,9,7,9,7,4,7,8,9,2,3,5,9,2,6,4,6,6,5,4,7,8,0,10,0,6,7
2,8,11,6,7,2,9,9,3,4,2,3,7,6,2,11,9,3,5,10,3,3,10,6,5,5,10,6,7,9,8,5,7,2,9,5,11,9,2,3,4,7,8,9,6,3,2,0,8,7,2,6,9,9,7,10,10,5,4,9,3,4,8,5,6,5,7,0,7,8,11,2,6,5,8,2,7,10,7,6,9,11,2,6,9,7,3,8,9,7,6,10,7,7,3,6,0,7,10,3,8,2,8,3,10,7,9,2,4,2,2,8,3,3,9,3,5,8,2,3,7,10,3,2,10,8,10,8,5,8,9,10,3,4,6,10,3,7,5,7,7,6,5,8,9,2,11,2,7,8
3,9,0,7,8,3,10,10,4,5,3,4,8,7,3,0,10,4,6,11,4,4,11,7,6,6,11,7,8,10,9,6,8,3,10,6,0,10,3,4,5,8,9,10,7,4,3,2,9,8,3,7,10,10,8,11,11,6,5,10,4,5,9,6,7,6,8,2,8,9,0,3,7,6,9,3,8,11,8,7,10,0,3,7,10,8,4,9,10,8,7,11,8,8,4,7,2,8,11,4,9,3,9,4,11,8,10,3,5,3,3,9,4,4,10,4,6,9,3,4,8,11,4,3,11,9,11,9,6,9,10,11,4,5,7,11,4,8,6,8,8,7,6,9,10,3,0,3,8,9
4,10,2,8,9,4,11,11,5,6,4,5,9,8,4,2,11,5,7,0,5,5,0,8,7,7,0,8,9,11,10,7,9,4,11,7,2,11,4,5,6,9,10,11,8,5,4,3,10,9,4,8,11,11,9,0,0,7,6,11,5,6,10,7,8,7,9,3,9,10,2,4,8,7,10,4,9,0,9,8,11,2,4,8,11,9,5,10,11,9,8,0,9,9,5,8,3,9,0,5,10,4,10,5,0,9,11,4,6,4,4,10,5,5,11,5,7,10,4,5,9,0,5,4,0,10,0,10,7,10,11,0,5,6,8,0,5,9,7,9,9,8,7,10,11,4,2,4,9,10
5,11,3,9,10,5,0,0,6,7,5,6,10,9,5,3,0,6,8,2,6,6,2,9,8,8,2,9,10,0,11,8,10,5,0,8,3,0,5,6,7,10,11,0,9,6,5,4,11,10,5,9,0,0,10,2,2,8,7,0,6,7,11,8,9,8,10,4,10,11,3,5,9,8,11,5,10,2,10,9,0,3,5,9,0,10,6,11,0,10,9,2,10,10,6,9,4,10,2,6,11,5,11,6,2,10,0,5,7,5,5,11,6,6,0,6,8,11,5,6,10,2,6,5,2,11,2,11,8,11,0,2,6,7,9,2,6,10,8,10,10,9,8,11,0,5,3,5,10,11
6,0,4,10,11,6,2,2,7,8,6,7,11,10,6,4,2,7,9,3,7,7,3,10,9,9,3,10,11,2,0,9,11,6,2,9,4,2,6,7,8,11,0,2,10,7,6,5,0,11,6,10,2,2,11,3,3,9,8,2,7,8,0,9,10,9,11,5,11,0,4,6,10,9,0,6,11,3,11,10,2,4,6,10,2,11,7,0,2,11,10,3,11,11,7,10,5,11,3,7,0,6,0,7,3,11,2,6,8,6,6,0,7,7,2,7,9,0,6,7,11,3,7,6,3,0,3,0,9,0,2,3,7,8,10,3,7,11,9,11,11,10,9,0,2,6,4,6,11,0
7,2,5,11,0,7,3,3,8,9,7,8,0,11,7,5,3,8,10,4,8,8,4,11,10,10,4,11,0,3,2,10,0,7,3,10,5,3,7,8,9,0,2,3,11,8,7,6,2,0,7,11,3,3,0,4,4,10,9,3,8,9,2,10,11,10,0,6,0,2,5,7,11,10,2,7,0,4,0,11,3,5,7,11,3,0,8,2,3,0,11,4,0,0,8,11,6,0,4,8,2,7,2,8,4,0,3,7,9,7,7,2,8,8,3,8,10,2,7,8,0,4,8,7,4,2,4,2,10,2,3,4,8,9,11,4,8,0,10,0,0,11,10,2,3,7,5,7,0,2
8,3,6,0,2,8,4,4,9,10,8,9,2,0,8,6,4,9,11,5,9,9,5,0,11,11,5,0,2,4,3,11,2,8,4,11,6,4,8,9,10,2,3,4,0,9,8,7,3,2,8,0,4,4,2,5,5,11,10,4,9,10,3,11,0,11,2,7,2,3,6,8,0,11,3,8,2,5,2,0,4,6,8,0,4,2,9,3,4,2,0,5,2,2,9,0,7,2,5,9,3,8,3,9,5,2,4,8,10,8,8,3,9,9,4,9,11,3,8,9,2,5,9,8,5,3,5,3,11,3,4,5,9,10,0,5,9,2,11,2,2,0,11,3,4,8,6,8,2,3
9,4,7,2,3,9,5,5,10,11,9,10,3,2,9,7,5,10,0,6,10,10,6,2,0,0,6,2,3,5,4,0,3,9,5,0,7,5,9,10,11,3,4,5,2,10,9,8,4,3,9,2,5,5,3,6,6,0,11,5,10,11,4,0,2,0,3,8,3,4,7,9,2,0,4,9,3,6,3,2,5,7,9,2,5,3,10,4,5,3,2,6,3,3,10,2,8,3,6,10,4,9,4,10,6,3,5,9,11,9,9,4,10,10,5,10,0,4,9,10,3,6,10,9,6,4,6,4,0,4,5,6,10,11,2,6,10,3,0,3,3,2,0,4,5,9,7,9,3,4
10,5,8,3,4,10,6,6,11,0,10,11,4,3,10,8,6,11,2,7,11,11,7,3,2,2,7,3,4,6,5,2,4,10,6,2,8,6,10,11,0,4,5,6,3,11,10,9,5,4,10,3,6,6,4,7,7,2,0,6,11,0,5,2,3,2,4,9,4,5,8,10,3,2,5,10,4,7,4,3,6,8,10,3,6,4,11,5,6,4,3,7,4,4,11,3,9,4,7,11,5,10,5,11,7,4,6,10,0,10,10,5,11,11,6,11,2,5,10,11,4,7,11,10,7,5,7,5,2,5,6,7,11,0,3,7,11,4,2,4,4,3,2,5,6,10,8,10,4,5
11,6,9,4,5,11,7,7,0,2,11,0,5,4,11,9,7,0,3,8,0,0,8,4,3,3,8,4,5,7,6,3,5,11,7,3,9,7,11,0,2,5,6,7,4,0,11,10,6,5,11,4,7,7,5,8,8,3,2,7,0,2,6,3,4,3,5,10,5,6,9,11,4,3,6,11,5,8,5,4,7,9,11,4,7,5,0,6,7,5,4,8,5,5,0,4,10,5,8,0,6,11,6,0,8,5,7,11,2,11,11,6,0,0,7,0,3,6,11,0,5,8,0,11,8,6,8,6,3,6,7,8,0,2,4,8,0,5,3,5,5,4,3,6,7,11,9,11,5,6
0,7,10,5,6,0,8,8,2,3,0,2,6,5,0,10,8,2,4,9,2,2,9,5,4,4,9,5,6,8,7,4,6,0,8,4,10,8,0,2,3,6,7,8,5,2,0,11,7,6,0,5,8,8,6,9,9,4,3,8,2,3,7,4,5,4,6,11,6,7,10,0,5,4,7,0,6,9,6,5,8,10,0,5,8,6,2,7,8,6,5,9,6,6,2,5,11,6,9,2,7,0,7,2,9,6,8,0,3,0,0,7,2,2,8,2,4,7,0,2,6,9,2,0,9,7,9,7,4,7,8,9,2,3,5,9,2,6,4,6,6,5,4,7,8,0,10,0,6,7
2,8,11,6,7,2,9,9,3,4,2,3,7,6,2,11,9,3,5,10,3,3,10,6,5,5,10,6,7,9,8,5,7,2,9,5,11,9,2,3,4,7,8,9,6,3,2,0,8,7,2,6,9,9,7,10,10,5,4,9,3,4,8,5,6,5,7,0,7,8,11,2,6,5,8,2,7,10,7,6,9,11,2,6,9,7,3,8,9,7,6,10,7,7,3,6,0,7,10,3,8,2,8,3,10,7,9,2,4,2,2,8,3,3,9,3,5,8,2,3,7,10,3,2,10,8,10,8,5,8,9,10,3,4,6,10,3,7,5,7,7,6,5,8,9,2,11,2,7,8
3,9,0,7,8,3,10,10,4,5,3,4,8,7,3,0,10,4,6,11,4,4,11,7,6,6,11,7,8,10,9,6,8,3,10,6,0,10,3,4,5,8,9,10,7,4,3,2,9,8,3,7,10,10,8,11,11,6,5,10,4,5,9,6,7,6,8,2,8,9,0,3,7,6,9,3,8,11,8,7,10,0,3,7,10,8,4,9,10,8,7,11,8,8,4,7,2,8,11,4,9,3,9,4,11,8,10,3,5,3,3,9,4,4,10,4,6,9,3,4,8,11,4,3,11,9,11,9,6,9,10,11,4,5,7,11,4,8,6,8,8,7,6,9,10,3,0,3,8,9
4,10,2,8,9,4,11,11,5,6,4,5,9,8,4,2,11,5,7,0,5,5,0,8,7,7,0,8,9,11,10,7,9,4,11,7,2,11,4,5,6,9,10,11,8,5,4,3,10,9,4,8,11,11,9,0,0,7,6,11,5,6,10,7,8,7,9,3,9,10,2,4,8,7,10,4,9,0,9,8,11,2,4,8,11,9,5,10,11,9,8,0,9,9,5,8,3,9,0,5,10,4,10,5,0,9,11,4,6,4,4,10,5,5,11,5,7,10,4,5,9,0,5,4,0,10,0,10,7,10,11,0,5,6,8,0,5,9,7,9,9,8,7,10,11,4,2,4,9,10
5,11,3,9,10,5,0,0,6,7,5,6,10,9,5,3,0,6,8,2,6,6,2,9,8,8,2,9,10,0,11,8,10,5,0,8,3,0,5,6,7,10,11,0,9,6,5,4,11,10,5,9,0,0,10,2,2,8,7,0,6,7,11,8,9,8,10,4,10,11,3,5,9,8,11,5,10,2,10,9,0,3,5,9,0,10,6,11,0,10,9,2,10,10,6,9,4,10,2,6,11,5,11,6,2,10,0,5,7,5,5,11,6,6,0,6,8,11,5,6,10,2,6,5,2,11,2,11,8,11,0,2,6,7,9,2,6,10,8,10,10,9,8,11,0,5,3,5,10,11
6,0,4,10,11,6,2,2,7,8,6,7,11,10,6,4,2,7,9,3,7,7,3,10,9,9,3,10,11,2,0,9,11,6,2,9,4,2,6,7,8,11,0,2,10,7,6,5,0,11,6,10,2,2,11,3,3,9,8,2,7,8,0,9,10,9,11,5,11,0,4,6,10,9,0,6,11,3,11,10,2,4,6,10,2,11,7,0,2,11,10,3,11,11,7,10,5,11,3,7,0,6,0,7,3,11,2,6,8,6,6,0,7,7,2,7,9,0,6,7,11,3,7,6,3,0,3,0,9,0,2,3,7,8,10,3,7,11,9,11,11,10,9,0,2,6,4,6,11,0
7,2,5,11,0,7,3,3,8,9,7,8,0,11,7,5,3,8,10,4,8,8,4,11,10,10,4,11,0,3,2,10,0,7,3,10,5,3,7,8,9,0,2,3,11,8,7,6,2,0,7,11,3,3,0,4,4,10,9,3,8,9,2,10,11,10,0,6,0,2,5,7,11,10,2,7,0,4,0,11,3,5,7,11,3,0,8,2,3,0,11,4,0,0,8,11,6,0,4,8,2,7,2,8,4,0,3,7,9,7,7,2,8,8,3,8,10,2,7,8,0,4,8,7,4,2,4,2,10,2,3,4,8,9,11,4,8,0,10,0,0,11,10,2,3,7,5,7,0,2
8,3,6,0,2,8,4,4,9,10,8,9,2,0,8,6,4,9,11,5,9,9,5,0,11,11,5,0,2,4,3,11,2,8,4,11,6,4,8,9,10,2,3,4,0,9,8,7,3,2,8,0,4,4,2,5,5,11,10,4,9,10,3,11,0,11,2,7,2,3,6,8,0,11,3,8,2,5,2,0,4,6,8,0,4,2,9,3,4,2,0,5,2,2,9,0,7,2,5,9,3,8,3,9,5,2,4,8,10,8,8,3,9,9,4,9,11,3,8,9,2,5,9,8,5,3,5,3,11,3,4,5,9,10,0,5,9,2,11,2,2,0,11,3,4,8,6,8,2,3
9,4,7,2,3,9,5,5,10,11,9,10,3,2,9,7,5,10,0,6,10,10,6,2,0,0,6,2,3,5,4,0,3,9,5,0,7,5,9,10,11,3,4,5,2,10,9,8,4,3,9,2,5,5,3,6,6,0,11,5,10,11,4,0,2,0,3,8,3,4,7,9,2,0,4,9,3,6,3,2,5,7,9,2,5,3,10,4,5,3,2,6,3,3,10,2,8,3,6,10,4,9,4,10,6,3,5,9,11,9,9,4,10,10,5,10,0,4,9,10,3,6,10,9,6,4,6,4,0,4,5,6,10,11,2,6,10,3,0,3,3,2,0,4,5,9,7,9,3,4
10,5,8,3,4,10,6,6,11,0,10,11,4,3,10,8,6,11,2,7,11,11,7,3,2,2,7,3,4,6,5,2,4,10,6,2,8,6,10,11,0,4,5,6,3,11,10,9,5,4,10,3,6,6,4,7,7,2,0,6,11,0,5,2,3,2,4,9,4,5,8,10,3,2,5,10,4,7,4,3,6,8,10,3,6,4,11,5,6,4,3,7,4,4,11,3,9,4,7,11,5,10,5,11,7,4,6,10,0,10,10,5,11,11,6,11,2,5,10,11,4,7,11,10,7,5,7,5,2,5,6,7,11,0,3,7,11,4,2,4,4,3,2,5,6,10,8,10,4,5
11,6,9,4,5,11,7,7,0,2,11,0,5,4,11,9,7,0,3,8,0,0,8,4,3,3,8,4,5,7,6,3,5,11,7,3,9,7,11,0,2,5,6,7,4,0,11,10,6,5,11,4,7,7,5,8,8,3,2,7,0,2,6,3,4,3,5,10,5,6,9,11,4,3,6,11,5,8,5,4,7,9,11,4,7,5,0,6,7,5,4,8,5,5,0,4,10,5,8,0,6,11,6,0,8,5,7,11,2,11,11,6,0,0,7,0,3,6,11,0,5,8,0,11,8,6,8,6,3,6,7,8,0,2,4,8,0,5,3,5,5,4,3,6,7,11,9,11,5,6
0,7,10,5,6,0,8,8,2,3,0,2,6,5,0,10,8,2,4,9,2,2,9,5,4,4,9,5,6,8,7,4,6,0,8,4,10,8,0,2,3,6,7,8,5,2,0,11,7,6,0,5,8,8,6,9,9,4,3,8,2,3,7,4,5,4,6,11,6,7,10,0,5,4,7,0,6,9,6,5,8,10,0,5,8,6,2,7,8,6,5,9,6,6,2,5,11,6,9,2,7,0,7,2,9,6,8,0,3,0,0,7,2,2,8,2,4,7,0,2,6,9,2,0,9,7,9,7,4,7,8,9,2,3,5,9,2,6,4,6,6,5,4,7,8,0,10,0,6,7
2,8,11,6,7,2,9,9,3,4,2,3,7,6,2,11,9,3,5,10,3,3,10,6,5,5,10,6,7,9,8,5,7,2,9,5,11,9,2,3,4,7,8,9,6,3,2,0,8,7,2,6,9,9,7,10,10,5,4,9,3,4,8,5,6,5,7,0,7,8,11,2,6,5,8,2,7,10,7,6,9,11,2,6,9,7,3,8,9,7,6,10,7,7,3,6,0,7,10,3,8,2,8,3,10,7,9,2,4,2,2,8,3,3,9,3,5,8,2,3,7,10,3,2,10,8,10,8,5,8,9,10,3,4,6,10,3,7,5,7,7,6,5,8,9,2,11,2,7,8
3,9,0,7,8,3,10,10,4,5,3,4,8,7,3,0,10,4,6,11,4,4,11,7,6,6,11,7,8,10,9,6,8,3,10,6,0,10,3,4,5,8,9,10,7,4,3,2,9,8,3,7,10,10,8,11,11,6,5,10,4,5,9,6,7,6,8,2,8,9,0,3,7,6,9,3,8,11,8,7,10,0,3,7,10,8,4,9,10,8,7,11,8,8,4,7,2,8,11,4,9,3,9,4,11,8,10,3,5,3,3,9,4,4,10,4,6,9,3,4,8,11,4,3,11,9,11,9,6,9,10,11,4,5,7,11,4,8,6,8,8,7,6,9,10,3,0,3,8,9
4,10,2,8,9,4,11,11,5,6,4,5,9,8,4,2,11,5,7,0,5,5,0,8,7,7,0,8,9,11,10,7,9,4,11,7,2,11,4,5,6,9,10,11,8,5,4,3,10,9,4,8,11,11,9,0,0,7,6,11,5,6,10,7,8,7,9,3,9,10,2,4,8,7,10,4,9,0,9,8,11,2,4,8,11,9,5,10,11,9,8,0,9,9,5,8,3,9,0,5,10,4,10,5,0,9,11,4,6,4,4,10,5,5,11,5,7,10,4,5,9,0,5,4,0,10,0,10,7,10,11,0,5,6,8,0,5,9,7,9,9,8,7,10,11,4,2,4,9,10
5,11,3,9,10,5,0,0,6,7,5,6,10,9,5,3,0,6,8,2,6,6,2,9,8,8,2,9,10,0,11,8,10,5,0,8,3,0,5,6,7,10,11,0,9,6,5,4,11,10,5,9,0,0,10,2,2,8,7,0,6,7,11,8,9,8,10,4,10,11,3,5,9,8,11,5,10,2,10,9,0,3,5,9,0,10,6,11,0,10,9,2,10,10,6,9,4,10,2,6,11,5,11,6,2,10,0,5,7,5,5,11,6,6,0,6,8,11,5,6,10,2,6,5,2,11,2,11,8,11,0,2,6,7,9,2,6,10,8,10,10,9,8,11,0,5,3,5,10,11
6,0,4,10,11,6,2,2,7,8,6,7,11,10,6,4,2,7,9,3,7,7,3,10,9,9,3,10,11,2,0,9,11,6,2,9,4,2,6,7,8,11,0,2,10,7,6,5,0,11,6,10,2,2,11,3,3,9,8,2,7,8,0,9,10,9,11,5,11,0,4,6,10,9,0,6,11,3,11,10,2,4,6,10,2,11,7,0,2,11,10,3,11,11,7,10,5,11,3,7,0,6,0,7,3,11,2,6,8,6,6,0,7,7,2,7,9,0,6,7,11,3,7,6,3,0,3,0,9,0,2,3,7,8,10,3,7,11,9,11,11,10,9,0,2,6,4,6,11,0
7,2,5,11,0,7,3,3,8,9,7,8,0,11,7,5,3,8,10,4,8,8,4,11,10,10,4,11,0,3,2,10,0,7,3,10,5,3,7,8,9,0,2,3,11,8,7,6,2,0,7,11,3,3,0,4,4,10,9,3,8,9,2,10,11,10,0,6,0,2,5,7,11,10,2,7,0,4,0,11,3,5,7,11,3,0,8,2,3,0,11,4,0,0,8,11,6,0,4,8,2,7,2,8,4,0,3,7,9,7,7,2,8,8,3,8,10,2,7,8,0,4,8,7,4,2,4,2,10,2,3,4,8,9,11,4,8,0,10,0,0,11,10,2,3,7,5,7,0,2
8,3,6,0,2,8,4,4,9,10,8,9,2,0,8,6,4,9,11,5,9,9,5,0,11,11,5,0,2,4,3,11,2,8,4,11,6,4,8,9,10,2,3,4,0,9,8,7,3,2,8,0,4,4,2,5,5,11,10,4,9,10,3,11,0,11,2,7,2,3,6,8,0,11,3,8,2,5,2,0,4,6,8,0,4,2,9,3,4,2,0,5,2,2,9,0,7,2,5,9,3,8,3,9,5,2,4,8,10,8,8,3,9,9,4,9,11,3,8,9,2,5,9,8,5,3,5,3,11,3,4,5,9,10,0,5,9,2,11,2,2,0,11,3,4,8,6,8,2,3
9,4,7,2,3,9,5,5,10,11,9,10,3,2,9,7,5,10,0,6,10,10,6,2,0,0,6,2,3,5,4,0,3,9,5,0,7,5,9,10,11,3,4,5,2,10,9,8,4,3,9,2,5,5,3,6,6,0,11,5,10,11,4,0,2,0,3,8,3,4,7,9,2,0,4,9,3,6,3,2,5,7,9,2,5,3,10,4,5,3,2,6,3,3,10,2,8,3,6,10,4,9,4,10,6,3,5,9,11,9,9,4,10,10,5,10,0,4,9,10,3,6,10,9,6,4,6,4,0,4,5,6,10,11,2,6,10,3,0,3,3,2,0,4,5,9,7,9,3,4
10,5,8,3,4,10,6,6,11,0,10,11,4,3,10,8,6,11,2,7,11,11,7,3,2,2,7,3,4,6,5,2,4,10,6,2,8,6,10,11,0,4,5,6,3,11,10,9,5,4,10,3,6,6,4,7,7,2,0,6,11,0,5,2,3,2,4,9,4,5,8,10,3,2,5,10,4,7,4,3,6,8,10,3,6,4,11,5,6,4,3,7,4,4,11,3,9,4,7,11,5,10,5,11,7,4,6,10,0,10,10,5,11,11,6,11,2,5,10,11,4,7,11,10,7,5,7,5,2,5,6,7,11,0,3,7,11,4,2,4,4,3,2,5,6,10,8,10,4,5
11,6,9,4,5,11,7,7,0,2,11,0,5,4,11,9,7,0,3,8,0,0,8,4,3,3,8,4,5,7,6,3,5,11,7,3,9,7,11,0,2,5,6,7,4,0,11,10,6,5,11,4,7,7,5,8,8,3,2,7,0,2,6,3,4,3,5,10,5,6,9,11,4,3,6,11,5,8,5,4,7,9,11,4,7,5,0,6,7,5,4,8,5,5,0,4,10,5,8,0,6,11,6,0,8,5,7,11,2,11,11,6,0,0,7,0,3,6,11,0,5,8,0,11,8,6,8,6,3,6,7,8,0,2,4,8,0,5,3,5,5,4,3,6,7,11,9,11,5,6
0,7,10,5,6,0,8,8,2,3,0,2,6,5,0,10,8,2,4,9,2,2,9,5,4,4,9,5,6,8,7,4,6,0,8,4,10,8,0,2,3,6,7,8,5,2,0,11,7,6,0,5,8,8,6,9,9,4,3,8,2,3,7,4,5,4,6,11,6,7,10,0,5,4,7,0,6,9,6,5,8,10,0,5,8,6,2,7,8,6,5,9,6,6,2,5,11,6,9,2,7,0,7,2,9,6,8,0,3,0,0,7,2,2,8,2,4,7,0,2,6,9,2,0,9,7,9,7,4,7,8,9,2,3,5,9,2,6,4,6,6,5,4,7,8,0,10,0,6,7
2,8,11,6,7,2,9,9,3,4,2,3,7,6,2,11,9,3,5,10,3,3,10,6,5,5,10,6,7,9,8,5,7,2,9,5,11,9,2,3,4,7,8,9,6,3,2,0,8,7,2,6,9,9,7,10,10,5,4,9,3,4,8,5,6,5,7,0,7,8,11,2,6,5,8,2,7,10,7,6,9,11,2,6,9,7,3,8,9,7,6,10,7,7,3,6,0,7,10,3,8,2,8,3,10,7,9,2,4,2,2,8,3,3,9,3,5,8,2,3,7,10,3,2,10,8,10,8,5,8,9,10,3,4,6,10,3,7,5,7,7,6,5,8,9,2,11,2,7,8
3,9,0,7,8,3,10,10,4,5,3,4,8,7,3,0,10,4,6,11,4,4,11,7,6,6,11,7,8,10,9,6,8,3,10,6,0,10,3,4,5,8,9,10,7,4,3,2,9,8,3,7,10,10,8,11,11,6,5,10,4,5,9,6,7,6,8,2,8,9,0,3,7,6,9,3,8,11,8,7,10,0,3,7,10,8,4,9,10,8,7,11,8,8,4,7,2,8,11,4,9,3,9,4,11,8,10,3,5,3,3,9,4,4,10,4,6,9,3,4,8,11,4,3,11,9,11,9,6,9,10,11,4,5,7,11,4,8,6,8,8,7,6,9,10,3,0,3,8,9
4,10,2,8,9,4,11,11,5,6,4,5,9,8,4,2,11,5,7,0,5,5,0,8,7,7,0,8,9,11,10,7,9,4,11,7,2,11,4,5,6,9,10,11,8,5,4,3,10,9,4,8,11,11,9,0,0,7,6,11,5,6,10,7,8,7,9,3,9,10,2,4,8,7,10,4,9,0,9,8,11,2,4,8,11,9,5,10,11,9,8,0,9,9,5,8,3,9,0,5,10,4,10,5,0,9,11,4,6,4,4,10,5,5,11,5,7,10,4,5,9,0,5,4,0,10,0,10,7,10,11,0,5,6,8,0,5,9,7,9,9,8,7,10,11,4,2,4,9,10
5,11,3,9,10,5,0,0,6,7,5,6,10,9,5,3,0,6,8,2,6,6,2,9,8,8,2,9,10,0,11,8,10,5,0,8,3,0,5,6,7,10,11,0,9,6,5,4,11,10,5,9,0,0,10,2,2,8,7,0,6,7,11,8,9,8,10,4,10,11,3,5,9,8,11,5,10,2,10,9,0,3,5,9,0,10,6,11,0,10,9,2,10,10,6,9,4,10,2,6,11,5,11,6,2,10,0,5,7,5,5,11,6,6,0,6,8,11,5,6,10,2,6,5,2,11,2,11,8,11,0,2,6,7,9,2,6,10,8,10,10,9,8,11,0,5,3,5,10,11
6,0,4,10,11,6,2,2,7,8,6,7,11,10,6,4,2,7,9,3,7,7,3,10,9,9,3,10,11,2,0,9,11,6,2,9,4,2,6,7,8,11,0,2,10,7,6,5,0,11,6,10,2,2,11,3,3,9,8,2,7,8,0,9,10,9,11,5,11,0,4,6,10,9,0,6,11,3,11,10,2,4,6,10,2,11,7,0,2,11,10,3,11,11,7,10,5,11,3,7,0,6,0,7,3,11,2,6,8,6,6,0,7,7,2,7,9,0,6,7,11,3,7,6,3,0,3,0,9,0,2,3,7,8,10,3,7,11,9,11,11,10,9,0,2,6,4,6,11,0
7,2,5,11,0,7,3,3,8,9,7,8,0,11,7,5,3,8,10,4,8,8,4,11,10,10,4,11,0,3,2,10,0,7,3,10,5,3,7,8,9,0,2,3,11,8,7,6,2,0,7,11,3,3,0,4,4,10,9,3,8,9,2,10,11,10,0,6,0,2,5,7,11,10,2,7,0,4,0,11,3,5,7,11,3,0,8,2,3,0,11,4,0,0,8,11,6,0,4,8,2,7,2,8,4,0,3,7,9,7,7,2,8,8,3,8,10,2,7,8,0,4,8,7,4,2,4,2,10,2,3,4,8,9,11,4,8,0,10,0,0,11,10,2,3,7,5,7,0,2
8,3,6,0,2,8,4,4,9,10,8,9,2,0,8,6,4,9,11,5,9,9,5,0,11,11,5,0,2,4,3,11,2,8,4,11,6,4,8,9,10,2,3,4,0,9,8,7,3,2,8,0,4,4,2,5,5,11,10,4,9,10,3,11,0,11,2,7,2,3,6,8,0,11,3,8,2,5,2,0,4,6,8,0,4,2,9,3,4,2,0,5,2,2,9,0,7,2,5,9,3,8,3,9,5,2,4,8,10,8,8,3,9,9,4,9,11,3,8,9,2,5,9,8,5,3,5,3,11,3,4,5,9,10,0,5,9,2,11,2,2,0,11,3,4,8,6,8,2,3
9,4,7,2,3,9,5,5,10,11,9,10,3,2,9,7,5,10,0,6,10,10,6,2,0,0,6,2,3,5,4,0,3,9,5,0,7,5,9,10,11,3,4,5,2,10,9,8,4,3,9,2,5,5,3,6,6,0,11,5,10,11,4,0,2,0,3,8,3,4,7,9,2,0,4,9,3,6,3,2,5,7,9,2,5,3,10,4,5,3,2,6,3,3,10,2,8,3,6,10,4,9,4,10,6,3,5,9,11,9,9,4,10,10,5,10,0,4,9,10,3,6,10,9,6,4,6,4,0,4,5,6,10,11,2,6,10,3,0,3,3,2,0,4,5,9,7,9,3,4
10,5,8,3,4,10,6,6,11,0,10,11,4,3,10,8,6,11,2,7,11,11,7,3,2,2,7,3,4,6,5,2,4,10,6,2,8,6,10,11,0,4,5,6,3,11,10,9,5,4,10,3,6,6,4,7,7,2,0,6,11,0,5,2,3,2,4,9,4,5,8,10,3,2,5,10,4,7,4,3,6,8,10,3,6,4,11,5,6,4,3,7,4,4,11,3,9,4,7,11,5,10,5,11,7,4,6,10,0,10,10,5,11,11,6,11,2,5,10,11,4,7,11,10,7,5,7,5,2,5,6,7,11,0,3,7,11,4,2,4,4,3,2,5,6,10,8,10,4,5
11,6,9,4,5,11,7,7,0,2,11,0,5,4,11,9,7,0,3,8,0,0,8,4,3,3,8,4,5,7,6,3,5,11,7,3,9,7,11,0,2,5,6,7,4,0,11,10,6,5,11,4,7,7,5,8,8,3,2,7,0,2,6,3,4,3,5,10,5,6,9,11,4,3,6,11,5,8,5,4,7,9,11,4,7,5,0,6,7,5,4,8,5,5,0,4,10,5,8,0,6,11,6,0,8,5,7,11,2,11,11,6,0,0,7,0,3,6,11,0,5,8,0,11,8,6,8,6,3,6,7,8,0,2,4,8,0,5,3,5,5,4,3,6,7,11,9,11,5,6
0,7,10,5,6,0,8,8,2,3,0,2,6,5,0,10,8,2,4,9,2,2,9,5,4,4,9,5,6,8,7,4,6,0,8,4,10,8,0,2,3,6,7,8,5,2,0,11,7,6,0,5,8,8,6,9,9,4,3,8,2,3,7,4,5,4,6,11,6,7,10,0,5,4,7,0,6,9,6,5,8,10,0,5,8,6,2,7,8,6,5,9,6,6,2,5,11,6,9,2,7,0,7,2,9,6,8,0,3,0,0,7,2,2,8,2,4,7,0,2,6,9,2,0,9,7,9,7,4,7,8,9,2,3,5,9,2,6,4,6,6,5,4,7,8,0,10,0,6,7
2,8,11,6,7,2,9,9,3,4,2,3,7,6,2,11,9,3,5,10,3,3,10,6,5,5,10,6,7,9,8,5,7,2,9,5,11,9,2,3,4,7,8,9,6,3,2,0,8,7,2,6,9,9,7,10,10,5,4,9,3,4,8,5,6,5,7,0,7,8,11,2,6,5,8,2,7,10,7,6,9,11,2,6,9,7,3,8,9,7,6,10,7,7,3,6,0,7,10,3,8,2,8,3,10,7,9,2,4,2,2,8,3,3,9,3,5,8,2,3,7,10,3,2,10,8,10,8,5,8,9,10,3,4,6,10,3,7,5,7,7,6,5,8,9,2,11,2,7,8
3,9,0,7,8,3,10,10,4,5,3,4,8,7,3,0,10,4,6,11,4,4,11,7,6,6,11,7,8,10,9,6,8,3,10,6,0,10,3,4,5,8,9,10,7,4,3,2,9,8,3,7,10,10,8,11,11,6,5,10,4,5,9,6,7,6,8,2,8,9,0,3,7,6,9,3,8,11,8,7,10,0,3,7,10,8,4,9,10,8,7,11,8,8,4,7,2,8,11,4,9,3,9,4,11,8,10,3,5,3,3,9,4,4,10,4,6,9,3,4,8,11,4,3,11,9,11,9,6,9,10,11,4,5,7,11,4,8,6,8,8,7,6,9,10,3,0,3,8,9
4,10,2,8,9,4,11,11,5,6,4,5,9,8,4,2,11,5,7,0,5,5,0,8,7,7,0,8,9,11,10,7,9,4,11,7,2,11,4,5,6,9,10,11,8,5,4,3,10,9,4,8,11,11,9,0,0,7,6,11,5,6,10,7,8,7,9,3,9,10,2,4,8,7,10,4,9,0,9,8,11,2,4,8,11,9,5,10,11,9,8,0,9,9,5,8,3,9,0,5,10,4,10,5,0,9,11,4,6,4,4,10,5,5,11,5,7,10,4,5,9,0,5,4,0,10,0,10,7,10,11,0,5,6,8,0,5,9,7,9,9,8,7,10,11,4,2,4,9,10
5,11,3,9,10,5,0,0,6,7,5,6,10,9,5,3,0,6,8,2,6,6,2,9,8,8,2,9,10,0,11,8,10,5,0,8,3,0,5,6,7,10,11,0,9,6,5,4,11,10,5,9,0,0,10,2,2,8,7,0,6,7,11,8,9,8,10,4,10,11,3,5,9,8,11,5,10,2,10,9,0,3,5,9,0,10,6,11,0,10,9,2,10,10,6,9,4,10,2,6,11,5,11,6,2,10,0,5,7,5,5,11,6,6,0,6,8,11,5,6,10,2,6,5,2,11,2,11,8,11,0,2,6,7,9,2,6,10,8,10,10,9,8,11,0,5,3,5,10,11
6,0,4,10,11,6,2,2,7,8,6,7,11,10,6,4,2,7,9,3,7,7,3,10,9,9,3,10,11,2,0,9,11,6,2,9,4,2,6,7,8,11,0,2,10,7,6,5,0,11,6,10,2,2,11,3,3,9,8,2,7,8,0,9,10,9,11,5,11,0,4,6,10,9,0,6,11,3,11,10,2,4,6,10,2,11,7,0,2,11,10,3,11,11,7,10,5,11,3,7,0,6,0,7,3,11,2,6,8,6,6,0,7,7,2,7,9,0,6,7,11,3,7,6,3,0,3,0,9,0,2,3,7,8,10,3,7,11,9,11,11,10,9,0,2,6,4,6,11,0
7,2,5,11,0,7,3,3,8,9,7,8,0,11,7,5,3,8,10,4,8,8,4,11,10,10,4,11,0,3,2,10,0,7,3,10,5,3,7,8,9,0,2,3,11,8,7,6,2,0,7,11,3,3,0,4,4,10,9,3,8,9,2,10,11,10,0,6,0,2,5,7,11,10,2,7,0,4,0,11,3,5,7,11,3,0,8,2,3,0,11,4,0,0,8,11,6,0,4,8,2,7,2,8,4,0,3,7,9,7,7,2,8,8,3,8,10,2,7,8,0,4,8,7,4,2,4,2,10,2,3,4,8,9,11,4,8,0,10,0,0,11,10,2,3,7,5,7,0,2
8,3,6,0,2,8,4,4,9,10,8,9,2,0,8,6,4,9,11,5,9,9,5,0,11,11,5,0,2,4,3,11,2,8,4,11,6,4,8,9,10,2,3,4,0,9,8,7,3,2,8,0,4,4,2,5,5,11,10,4,9,10,3,11,0,11,2,7,2,3,6,8,0,11,3,8,2,5,2,0,4,6,8,0,4,2,9,3,4,2,0,5,2,2,9,0,7,2,5,9,3,8,3,9,5,2,4,8,10,8,8,3,9,9,4,9,11,3,8,9,2,5,9,8,5,3,5,3,11,3,4,5,9,10,0,5,9,2,11,2,2,0,11,3,4,8,6,8,2,3
9,4,7,2,3,9,5,5,10,11,9,10,3,2,9,7,5,10,0,6,10,10,6,2,0,0,6,2,3,5,4,0,3,9,5,0,7,5,9,10,11,3,4,5,2,10,9,8,4,3,9,2,5,5,3,6,6,0,11,5,10,11,4,0,2,0,3,8,3,4,7,9,2,0,4,9,3,6,3,2,5,7,9,2,5,3,10,4,5,3,2,6,3,3,10,2,8,3,6,10,4,9,4,10,6,3,5,9,11,9,9,4,10,10,5,10,0,4,9,10,3,6,10,9,6,4,6,4,0,4,5,6,10,11,2,6,10,3,0,3,3,2,0,4,5,9,7,9,3,4
10,5,8,3,4,10,6,6,11,0,10,11,4,3,10,8,6,11,2,7,11,11,7,3,2,2,7,3,4,6,5,2,4,10,6,2,8,6,10,11,0,4,5,6,3,11,10,9,5,4,10,3,6,6,4,7,7,2,0,6,11,0,5,2,3,2,4,9,4,5,8,10,3,2,5,10,4,7,4,3,6,8,10,3,6,4,11,5,6,4,3,7,4,4,11,3,9,4,7,11,5,10,5,11,7,4,6,10,0,10,10,5,11,11,6,11,2,5,10,11,4,7,11,10,7,5,7,5,2,5,6,7,11,0,3,7,11,4,2,4,4,3,2,5,6,10,8,10,4,5
11,6,9,4,5,11,7,7,0,2,11,0,5,4,11,9,7,0,3,8,0,0,8,4,3,3,8,4,5,7,6,3,5,11,7,3,9,7,11,0,2,5,6,7,4,0,11,10,6,5,11,4,7,7,5,8,8,3,2,7,0,2,6,3,4,3,5,10,5,6,9,11,4,3,6,11,5,8,5,4,7,9,11,4,7,5,0,6,7,5,4,8,5,5,0,4,10,5,8,0,6,11,6,0,8,5,7,11,2,11,11,6,0,0,7,0,3,6,11,0,5,8,0,11,8,6,8,6,3,6,7,8,0,2,4,8,0,5,3,5,5,4,3,6,7,11,9,11,5,6
0,7,10,5,6,0,8,8,2,3,0,2,6,5,0,10,8,2,4,9,2,2,9,5,4,4,9,5,6,8,7,4,6,0,8,4,10,8,0,2,3,6,7,8,5,2,0,11,7,6,0,5,8,8,6,9,9,4,3,8,2,3,7,4,5,4,6,11,6,7,10,0,5,4,7,0,6,9,6,5,8,10,0,5,8,6,2,7,8,6,5,9,6,6,2,5,11,6,9,2,7,0,7,2,9,6,8,0,3,0,0,7,2,2,8,2,4,7,0,2,6,9,2,0,9,7,9,7,4,7,8,9,2,3,5,9,2,6,4,6,6,5,4,7,8,0,10,0,6,7
2,8,11,6,7,2,9,9,3,4,2,3,7,6,2,11,9,3,5,10,3,3,10,6,5,5,10,6,7,9,8,5,7,2,9,5,11,9,2,3,4,7,8,9,6,3,2,0,8,7,2,6,9,9,7,10,10,5,4,9,3,4,8,5,6,5,7,0,7,8,11,2,6,5,8,2,7,10,7,6,9,11,2,6,9,7,3,8,9,7,6,10,7,7,3,6,0,7,10,3,8,2,8,3,10,7,9,2,4,2,2,8,3,3,9,3,5,8,2,3,7,10,3,2,10,8,10,8,5,8,9,10,3,4,6,10,3,7,5,7,7,6,5,8,9,2,11,2,7,8
3,9,0,7,8,3,10,10,4,5,3,4,8,7,3,0,10,4,6,11,4,4,11,7,6,6,11,7,8,10,9,6,8,3,10,6,0,10,3,4,5,8,9,10,7,4,3,2,9,8,3,7,10,10,8,11,11,6,5,10,4,5,9,6,7,6,8,2,8,9,0,3,7,6,9,3,8,11,8,7,10,0,3,7,10,8,4,9,10,8,7,11,8,8,4,7,2,8,11,4,9,3,9,4,11,8,10,3,5,3,3,9,4,4,10,4,6,9,3,4,8,11,4,3,11,9,11,9,6,9,10,11,4,5,7,11,4,8,6,8,8,7,6,9,10,3,0,3,8,9
4,10,2,8,9,4,11,11,5,6,4,5,9,8,4,2,11,5,7,0,5,5,0,8,7,7,0,8,9,11,10,7,9,4,11,7,2,11,4,5,6,9,10,11,8,5,4,3,10,9,4,8,11,11,9,0,0,7,6,11,5,6,10,7,8,7,9,3,9,10,2,4,8,7,10,4,9,0,9,8,11,2,4,8,11,9,5,10,11,9,8,0,9,9,5,8,3,9,0,5,10,4,10,5,0,9,11,4,6,4,4,10,5,5,11,5,7,10,4,5,9,0,5,4,0,10,0,10,7,10,11,0,5,6,8,0,5,9,7,9,9,8,7,10,11,4,2,4,9,10
5,11,3,9,10,5,0,0,6,7,5,6,10,9,5,3,0,6,8,2,6,6,2,9,8,8,2,9,10,0,11,8,10,5,0,8,3,0,5,6,7,10,11,0,9,6,5,4,11,10,5,9,0,0,10,2,2,8,7,0,6,7,11,8,9,8,10,4,10,11,3,5,9,8,11,5,10,2,10,9,0,3,5,9,0,10,6,11,0,10,9,2,10,10,6,9,4,10,2,6,11,5,11,6,2,10,0,5,7,5,5,11,6,6,0,6,8,11,5,6,10,2,6,5,2,11,2,11,8,11,0,2,6,7,9,2,6,10,8,10,10,9,8,11,0,5,3,5,10,11
6,0,4,10,11,6,2,2,7,8,6,7,11,10,6,4,2,7,9,3,7,7,3,10,9,9,3,10,11,2,0,9,11,6,2,9,4,2,6,7,8,11,0,2,10,7,6,5,0,11,6,10,2,2,11,3,3,9,8,2,7,8,0,9,10,9,11,5,11,0,4,6,10,9,0,6,11,3,11,10,2,4,6,10,2,11,7,0,2,11,10,3,11,11,7,10,5,11,3,7,0,6,0,7,3,11,2,6,8,6,6,0,7,7,2,7,9,0,6,7,11,3,7,6,3,0,3,0,9,0,2,3,7,8,10,3,7,11,9,11,11,10,9,0,2,6,4,6,11,0
7,2,5,11,0,7,3,3,8,9,7,8,0,11,7,5,3,8,10,4,8,8,4,11,10,10,4,11,0,3,2,10,0,7,3,10,5,3,7,8,9,0,2,3,11,8,7,6,2,0,7,11,3,3,0,4,4,10,9,3,8,9,2,10,11,10,0,6,0,2,5,7,11,10,2,7,0,4,0,11,3,5,7,11,3,0,8,2,3,0,11,4,0,0,8,11,6,0,4,8,2,7,2,8,4,0,3,7,9,7,7,2,8,8,3,8,10,2,7,8,0,4,8,7,4,2,4,2,10,2,3,4,8,9,11,4,8,0,10,0,0,11,10,2,3,7,5,7,0,2
8,3,6,0,2,8,4,4,9,10,8,9,2,0,8,6,4,9,11,5,9,9,5,0,11,11,5,0,2,4,3,11,2,8,4,11,6,4,8,9,10,2,3,4,0,9,8,7,3,2,8,0,4,4,2,5,5,11,10,4,9,10,3,11,0,11,2,7,2,3,6,8,0,11,3,8,2,5,2,0,4,6,8,0,4,2,9,3,4,2,0,5,2,2,9,0,7,2,5,9,3,8,3,9,5,2,4,8,10,8,8,3,9,9,4,9,11,3,8,9,2,5,9,8,5,3,5,3,11,3,4,5,9,10,0,5,9,2,11,2,2,0,11,3,4,8,6,8,2,3
9,4,7,2,3,9,5,5,10,11,9,10,3,2,9,7,5,10,0,6,10,10,6,2,0,0,6,2,3,5,4,0,3,9,5,0,7,5,9,10,11,3,4,5,2,10,9,8,4,3,9,2,5,5,3,6,6,0,11,5,10,11,4,0,2,0,3,8,3,4,7,9,2,0,4,9,3,6,3,2,5,7,9,2,5,3,10,4,5,3,2,6,3,3,10,2,8,3,6,10,4,9,4,10,6,3,5,9,11,9,9,4,10,10,5,10,0,4,9,10,3,6,10,9,6,4,6,4,0,4,5,6,10,11,2,6,10,3,0,3,3,2,0,4,5,9,7,9,3,4
10,5,8,3,4,10,6,6,11,0,10,11,4,3,10,8,6,11,2,7,11,11,7,3,2,2,7,3,4,6,5,2,4,10,6,2,8,6,10,11,0,4,5,6,3,11,10,9,5,4,10,3,6,6,4,7,7,2,0,6,11,0,5,2,3,2,4,9,4,5,8,10,3,2,5,10,4,7,4,3,6,8,10,3,6,4,11,5,6,4,3,7,4,4,11,3,9,4,7,11,5,10,5,11,7,4,6,10,0,10,10,5,11,11,6,11,2,5,10,11,4,7,11,10,7,5,7,5,2,5,6,7,11,0,3,7,11,4,2,4,4,3,2,5,6,10,8,10,4,5
11,6,9,4,5,11,7,7,0,2,11,0,5,4,11,9,7,0,3,8,0,0,8,4,3,3,8,4,5,7,6,3,5,11,7,3,9,7,11,0,2,5,6,7,4,0,11,10,6,5,11,4,7,7,5,8,8,3,2,7,0,2,6,3,4,3,5,10,5,6,9,11,4,3,6,11,5,8,5,4,7,9,11,4,7,5,0,6,7,5,4,8,5,5,0,4,10,5,8,0,6,11,6,0,8,5,7,11,2,11,11,6,0,0,7,0,3,6,11,0,5,8,0,11,8,6,8,6,3,6,7,8,0,2,4,8,0,5,3,5,5,4,3,6,7,11,9,11,5,6
0,7,10,5,6,0,8,8,2,3,0,2,6,5,0,10,8,2,4,9,2,2,9,5,4,4,9,5,6,8,7,4,6,0,8,4,10,8,0,2,3,6,7,8,5,2,0,11,7,6,0,5,8,8,6,9,9,4,3,8,2,3,7,4,5,4,6,11,6,7,10,0,5,4,7,0,6,9,6,5,8,10,0,5,8,6,2,7,8,6,5,9,6,6,2,5,11,6,9,2,7,0,7,2,9,6,8,0,3,0,0,7,2,2,8,2,4,7,0,2,6,9,2,0,9,7,9,7,4,7,8,9,2,3,5,9,2,6,4,6,6,5,4,7,8,0,10,0,6,7
2,8,11,6,7,2,9,9,3,4,2,3,7,6,2,11,9,3,5,10,3,3,10,6,5,5,10,6,7,9,8,5,7,2,9,5,11,9,2,3,4,7,8,9,6,3,2,0,8,7,2,6,9,9,7,10,10,5,4,9,3,4,8,5,6,5,7,0,7,8,11,2,6,5,8,2,7,10,7,6,9,11,2,6,9,7,3,8,9,7,6,10,7,7,3,6,0,7,10,3,8,2,8,3,10,7,9,2,4,2,2,8,3,3,9,3,5,8,2,3,7,10,3,2,10,8,10,8,5,8,9,10,3,4,6,10,3,7,5,7,7,6,5,8,9,2,11,2,7,8
3,9,0,7,8,3,10,10,4,5,3,4,8,7,3,0,10,4,6,11,4,4,11,7,6,6,11,7,8,10,9,6,8,3,10,6,0,10,3,4,5,8,9,10,7,4,3,2,9,8,3,7,10,10,8,11,11,6,5,10,4,5,9,6,7,6,8,2,8,9,0,3,7,6,9,3,8,11,8,7,10,0,3,7,10,8,4,9,10,8,7,11,8,8,4,7,2,8,11,4,9,3,9,4,11,8,10,3,5,3,3,9,4,4,10,4,6,9,3,4,8,11,4,3,11,9,11,9,6,9,10,11,4,5,7,11,4,8,6,8,8,7,6,9,10,3,0,3,8,9
4,10,2,8,9,4,11,11,5,6,4,5,9,8,4,2,11,5,7,0,5,5,0,8,7,7,0,8,9,11,10,7,9,4,11,7,2,11,4,5,6,9,10,11,8,5,4,3,10,9,4,8,11,11,9,0,0,7,6,11,5,6,10,7,8,7,9,3,9,10,2,4,8,7,10,4,9,0,9,8,11,2,4,8,11,9,5,10,11,9,8,0,9,9,5,8,3,9,0,5,10,4,10,5,0,9,11,4,6,4,4,10,5,5,11,5,7,10,4,5,9,0,5,4,0,10,0,10,7,10,11,0,5,6,8,0,5,9,7,9,9,8,7,10,11,4,2,4,9,10
5,11,3,9,10,5,0,0,6,7,5,6,10,9,5,3,0,6,8,2,6,6,2,9,8,8,2,9,10,0,11,8,10,5,0,8,3,0,5,6,7,10,11,0,9,6,5,4,11,10,5,9,0,0,10,2,2,8,7,0,6,7,11,8,9,8,10,4,10,11,3,5,9,8,11,5,10,2,10,9,0,3,5,9,0,10,6,11,0,10,9,2,10,10,6,9,4,10,2,6,11,5,11,6,2,10,0,5,7,5,5,11,6,6,0,6,8,11,5,6,10,2,6,5,2,11,2,11,8,11,0,2,6,7,9,2,6,10,8,10,10,9,8,11,0,5,3,5,10,11
6,0,4,10,11,6,2,2,7,8,6,7,11,10,6,4,2,7,9,3,7,7,3,10,9,9,3,10,11,2,0,9,11,6,2,9,4,2,6,7,8,11,0,2,10,7,6,5,0,11,6,10,2,2,11,3,3,9,8,2,7,8,0,9,10,9,11,5,11,0,4,6,10,9,0,6,11,3,11,10,2,4,6,10,2,11,7,0,2,11,10,3,11,11,7,10,5,11,3,7,0,6,0,7,3,11,2,6,8,6,6,0,7,7,2,7,9,0,6,7,11,3,7,6,3,0,3,0,9,0,2,3,7,8,10,3,7,11,9,11,11,10,9,0,2,6,4,6,11,0
7,2,5,11,0,7,3,3,8,9,7,8,0,11,7,5,3,8,10,4,8,8,4,11,10,10,4,11,0,3,2,10,0,7,3,10,5,3,7,8,9,0,2,3,11,8,7,6,2,0,7,11,3,3,0,4,4,10,9,3,8,9,2,10,11,10,0,6,0,2,5,7,11,10,2,7,0,4,0,11,3,5,7,11,3,0,8,2,3,0,11,4,0,0,8,11,6,0,4,8,2,7,2,8,4,0,3,7,9,7,7,2,8,8,3,8,10,2,7,8,0,4,8,7,4,2,4,2,10,2,3,4,8,9,11,4,8,0,10,0,0,11,10,2,3,7,5,7,0,2
8,3,6,0,2,8,4,4,9,10,8,9,2,0,8,6,4,9,11,5,9,9,5,0,11,11,5,0,2,4,3,11,2,8,4,11,6,4,8,9,10,2,3,4,0,9,8,7,3,2,8,0,4,4,2,5,5,11,10,4,9,10,3,11,0,11,2,7,2,3,6,8,0,11,3,8,2,5,2,0,4,6,8,0,4,2,9,3,4,2,0,5,2,2,9,0,7,2,5,9,3,8,3,9,5,2,4,8,10,8,8,3,9,9,4,9,11,3,8,9,2,5,9,8,5,3,5,3,11,3,4,5,9,10,0,5,9,2,11,2,2,0,11,3,4,8,6,8,2,3
9,4,7,2,3,9,5,5,10,11,9,10,3,2,9,7,5,10,0,6,10,10,6,2,0,0,6,2,3,5,4,0,3,9,5,0,7,5,9,10,11,3,4,5,2,10,9,8,4,3,9,2,5,5,3,6,6,0,11,5,10,11,4,0,2,0,3,8,3,4,7,9,2,0,4,9,3,6,3,2,5,7,9,2,5,3,10,4,5,3,2,6,3,3,10,2,8,3,6,10,4,9,4,10,6,3,5,9,11,9,9,4,10,10,5,10,0,4,9,10,3,6,10,9,6,4,6,4,0,4,5,6,10,11,2,6,10,3,0,3,3,2,0,4,5,9,7,9,3,4
10,5,8,3,4,10,6,6,11,0,10,11,4,3,10,8,6,11,2,7,11,11,7,3,2,2,7,3,4,6,5,2,4,10,6,2,8,6,10,11,0,4,5,6,3,11,10,9,5,4,10,3,6,6,4,7,7,2,0,6,11,0,5,2,3,2,4,9,4,5,8,10,3,2,5,10,4,7,4,3,6,8,10,3,6,4,11,5,6,4,3,7,4,4,11,3,9,4,7,11,5,10,5,11,7,4,6,10,0,10,10,5,11,11,6,11,2,5,10,11,4,7,11,10,7,5,7,5,2,5,6,7,11,0,3,7,11,4,2,4,4,3,2,5,6,10,8,10,4,5
11,6,9,4,5,11,7,7,0,2,11,0,5,4,11,9,7,0,3,8,0,0,8,4,3,3,8,4,5,7,6,3,5,11,7,3,9,7,11,0,2,5,6,7,4,0,11,10,6,5,11,4,7,7,5,8,8,3,2,7,0,2,6,3,4,3,5,10,5,6,9,11,4,3,6,11,5,8,5,4,7,9,11,4,7,5,0,6,7,5,4,8,5,5,0,4,10,5,8,0,6,11,6,0,8,5,7,11,2,11,11,6,0,0,7,0,3,6,11,0,5,8,0,11,8,6,8,6,3,6,7,8,0,2,4,8,0,5,3,5,5,4,3,6,7,11,9,11,5,6
0,7,10,5,6,0,8,8,2,3,0,2,6,5,0,10,8,2,4,9,2,2,9,5,4,4,9,5,6,8,7,4,6,0,8,4,10,8,0,2,3,6,7,8,5,2,0,11,7,6,0,5,8,8,6,9,9,4,3,8,2,3,7,4,5,4,6,11,6,7,10,0,5,4,7,0,6,9,6,5,8,10,0,5,8,6,2,7,8,6,5,9,6,6,2,5,11,6,9,2,7,0,7,2,9,6,8,0,3,0,0,7,2,2,8,2,4,7,0,2,6,9,2,0,9,7,9,7,4,7,8,9,2,3,5,9,2,6,4,6,6,5,4,7,8,0,10,0,6,7
2,8,11,6,7,2,9,9,3,4,2,3,7,6,2,11,9,3,5,10,3,3,10,6,5,5,10,6,7,9,8,5,7,2,9,5,11,9,2,3,4,7,8,9,6,3,2,0,8,7,2,6,9,9,7,10,10,5,4,9,3,4,8,5,6,5,7,0,7,8,11,2,6,5,8,2,7,10,7,6,9,11,2,6,9,7,3,8,9,7,6,10,7,7,3,6,0,7,10,3,8,2,8,3,10,7,9,2,4,2,2,8,3,3,9,3,5,8,2,3,7,10,3,2,10,8,10,8,5,8,9,10,3,4,6,10,3,7,5,7,7,6,5,8,9,2,11,2,7,8
3,9,0,7,8,3,10,10,4,5,3,4,8,7,3,0,10,4,6,11,4,4,11,7,6,6,11,7,8,10,9,6,8,3,10,6,0,10,3,4,5,8,9,10,7,4,3,2,9,8,3,7,10,10,8,11,11,6,5,10,4,5,9,6,7,6,8,2,8,9,0,3,7,6,9,3,8,11,8,7,10,0,3,7,10,8,4,9,10,8,7,11,8,8,4,7,2,8,11,4,9,3,9,4,11,8,10,3,5,3,3,9,4,4,10,4,6,9,3,4,8,11,4,3,11,9,11,9,6,9,10,11,4,5,7,11,4,8,6,8,8,7,6,9,10,3,0,3,8,9
4,10,2,8,9,4,11,11,5,6,4,5,9,8,4,2,11,5,7,0,5,5,0,8,7,7,0,8,9,11,10,7,9,4,11,7,2,11,4,5,6,9,10,11,8,5,4,3,10,9,4,8,11,11,9,0,0,7,6,11,5,6,10,7,8,7,9,3,9,10,2,4,8,7,10,4,9,0,9,8,11,2,4,8,11,9,5,10,11,9,8,0,9,9,5,8,3,9,0,5,10,4,10,5,0,9,11,4,6,4,4,10,5,5,11,5,7,10,4,5,9,0,5,4,0,10,0,10,7,10,11,0,5,6,8,0,5,9,7,9,9,8,7,10,11,4,2,4,9,10
5,11,3,9,10,5,0,0,6,7,5,6,10,9,5,3,0,6,8,2,6,6,2,9,8,8,2,9,10,0,11,8,10,5,0,8,3,0,5,6,7,10,11,0,9,6,5,4,11,10,5,9,0,0,10,2,2,8,7,0,6,7,11,8,9,8,10,4,10,11,3,5,9,8,11,5,10,2,10,9,0,3,5,9,0,10,6,11,0,10,9,2,10,10,6,9,4,10,2,6,11,5,11,6,2,10,0,5,7,5,5,11,6,6,0,6,8,11,5,6,10,2,6,5,2,11,2,11,8,11,0,2,6,7,9,2,6,10,8,10,10,9,8,11,0,5,3,5,10,11
6,0,4,10,11,6,2,2,7,8,6,7,11,10,6,4,2,7,9,3,7,7,3,10,9,9,3,10,11,2,0,9,11,6,2,9,4,2,6,7,8,11,0,2,10,7,6,5,0,11,6,10,2,2,11,3,3,9,8,2,7,8,0,9,10,9,11,5,11,0,4,6,10,9,0,6,11,3,11,10,2,4,6,10,2,11,7,0,2,11,10,3,11,11,7,10,5,11,3,7,0,6,0,7,3,11,2,6,8,6,6,0,7,7,2,7,9,0,6,7,11,3,7,6,3,0,3,0,9,0,2,3,7,8,10,3,7,11,9,11,11,10,9,0,2,6,4,6,11,0
7,2,5,11,0,7,3,3,8,9,7,8,0,11,7,5,3,8,10,4,8,8,4,11,10,10,4,11,0,3,2,10,0,7,3,10,5,3,7,8,9,0,2,3,11,8,7,6,2,0,7,11,3,3,0,4,4,10,9,3,8,9,2,10,11,10,0,6,0,2,5,7,11,10,2,7,0,4,0,11,3,5,7,11,3,0,8,2,3,0,11,4,0,0,8,11,6,0,4,8,2,7,2,8,4,0,3,7,9,7,7,2,8,8,3,8,10,2,7,8,0,4,8,7,4,2,4,2,10,2,3,4,8,9,11,4,8,0,10,0,0,11,10,2,3,7,5,7,0,2
8,3,6,0,2,8,4,4,9,10,8,9,2,0,8,6,4,9,11,5,9,9,5,0,11,11,5,0,2,4,3,11,2,8,4,11,6,4,8,9,10,2,3,4,0,9,8,7,3,2,8,0,4,4,2,5,5,11,10,4,9,10,3,11,0,11,2,7,2,3,6,8,0,11,3,8,2,5,2,0,4,6,8,0,4,2,9,3,4,2,0,5,2,2,9,0,7,2,5,9,3,8,3,9,5,2,4,8,10,8,8,3,9,9,4,9,11,3,8,9,2,5,9,8,5,3,5,3,11,3,4,5,9,10,0,5,9,2,11,2,2,0,11,3,4,8,6,8,2,3
9,4,7,2,3,9,5,5,10,11,9,10,3,2,9,7,5,10,0,6,10,10,6,2,0,0,6,2,3,5,4,0,3,9,5,0,7,5,9,10,11,3,4,5,2,10,9,8,4,3,9,2,5,5,3,6,6,0,11,5,10,11,4,0,2,0,3,8,3,4,7,9,2,0,4,9,3,6,3,2,5,7,9,2,5,3,10,4,5,3,2,6,3,3,10,2,8,3,6,10,4,9,4,10,6,3,5,9,11,9,9,4,10,10,5,10,0,4,9,10,3,6,10,9,6,4,6,4,0,4,5,6,10,11,2,6,10,3,0,3,3,2,0,4,5,9,7,9,3,4
10,5,8,3,4,10,6,6,11,0,10,11,4,3,10,8,6,11,2,7,11,11,7,3,2,2,7,3,4,6,5,2,4,10,6,2,8,6,10,11,0,4,5,6,3,11,10,9,5,4,10,3,6,6,4,7,7,2,0,6,11,0,5,2,3,2,4,9,4,5,8,10,3,2,5,10,4,7,4,3,6,8,10,3,6,4,11,5,6,4,3,7,4,4,11,3,9,4,7,11,5,10,5,11,7,4,6,10,0,10,10,5,11,11,6,11,2,5,10,11,4,7,11,10,7,5,7,5,2,5,6,7,11,0,3,7,11,4,2,4,4,3,2,5,6,10,8,10,4,5
11,6,9,4,5,11,7,7,0,2,11,0,5,4,11,9,7,0,3,8,0,0,8,4,3,3,8,4,5,7,6,3,5,11,7,3,9,7,11,0,2,5,6,7,4,0,11,10,6,5,11,4,7,7,5,8,8,3,2,7,0,2,6,3,4,3,5,10,5,6,9,11,4,3,6,11,5,8,5,4,7,9,11,4,7,5,0,6,7,5,4,8,5,5,0,4,10,5,8,0,6,11,6,0,8,5,7,11,2,11,11,6,0,0,7,0,3,6,11,0,5,8,0,11,8,6,8,6,3,6,7,8,0,2,4,8,0,5,3,5,5,4,3,6,7,11,9,11,5,6
0,7,10,5,6,0,8,8,2,3,0,2,6,5,0,10,8,2,4,9,2,2,9,5,4,4,9,5,6,8,7,4,6,0,8,4,10,8,0,2,3,6,7,8,5,2,0,11,7,6,0,5,8,8,6,9,9,4,3,8,2,3,7,4,5,4,6,11,6,7,10,0,5,4,7,0,6,9,6,5,8,10,0,5,8,6,2,7,8,6,5,9,6,6,2,5,11,6,9,2,7,0,7,2,9,6,8,0,3,0,0,7,2,2,8,2,4,7,0,2,6,9,2,0,9,7,9,7,4,7,8,9,2,3,5,9,2,6,4,6,6,5,4,7,8,0,10,0,6,7
2,8,11,6,7,2,9,9,3,4,2,3,7,6,2,11,9,3,5,10,3,3,10,6,5,5,10,6,7,9,8,5,7,2,9,5,11,9,2,3,4,7,8,9,6,3,2,0,8,7,2,6,9,9,7,10,10,5,4,9,3,4,8,5,6,5,7,0,7,8,11,2,6,5,8,2,7,10,7,6,9,11,2,6,9,7,3,8,9,7,6,10,7,7,3,6,0,7,10,3,8,2,8,3,10,7,9,2,4,2,2,8,3,3,9,3,5,8,2,3,7,10,3,2,10,8,10,8,5,8,9,10,3,4,6,10,3,7,5,7,7,6,5,8,9,2,11,2,7,8
3,9,0,7,8,3,10,10,4,5,3,4,8,7,3,0,10,4,6,11,4,4,11,7,6,6,11,7,8,10,9,6,8,3,10,6,0,10,3,4,5,8,9,10,7,4,3,2,9,8,3,7,10,10,8,11,11,6,5,10,4,5,9,6,7,6,8,2,8,9,0,3,7,6,9,3,8,11,8,7,10,0,3,7,10,8,4,9,10,8,7,11,8,8,4,7,2,8,11,4,9,3,9,4,11,8,10,3,5,3,3,9,4,4,10,4,6,9,3,4,8,11,4,3,11,9,11,9,6,9,10,11,4,5,7,11,4,8,6,8,8,7,6,9,10,3,0,3,8,9
4,10,2,8,9,4,11,11,5,6,4,5,9,8,4,2,11,5,7,0,5,5,0,8,7,7,0,8,9,11,10,7,9,4,11,7,2,11,4,5,6,9,10,11,8,5,4,3,10,9,4,8,11,11,9,0,0,7,6,11,5,6,10,7,8,7,9,3,9,10,2,4,8,7,10,4,9,0,9,8,11,2,4,8,11,9,5,10,11,9,8,0,9,9,5,8,3,9,0,5,10,4,10,5,0,9,11,4,6,4,4,10,5,5,11,5,7,10,4,5,9,0,5,4,0,10,0,10,7,10,11,0,5,6,8,0,5,9,7,9,9,8,7,10,11,4,2,4,9,10
5,11,3,9,10,5,0,0,6,7,5,6,10,9,5,3,0,6,8,2,6,6,2,9,8,8,2,9,10,0,11,8,10,5,0,8,3,0,5,6,7,10,11,0,9,6,5,4,11,10,5,9,0,0,10,2,2,8,7,0,6,7,11,8,9,8,10,4,10,11,3,5,9,8,11,5,10,2,10,9,0,3,5,9,0,10,6,11,0,10,9,2,10,10,6,9,4,10,2,6,11,5,11,6,2,10,0,5,7,5,5,11,6,6,0,6,8,11,5,6,10,2,6,5,2,11,2,11,8,11,0,2,6,7,9,2,6,10,8,10,10,9,8,11,0,5,3,5,10,11
6,0,4,10,11,6,2,2,7,8,6,7,11,10,6,4,2,7,9,3,7,7,3,10,9,9,3,10,11,2,0,9,11,6,2,9,4,2,6,7,8,11,0,2,10,7,6,5,0,11,6,10,2,2,11,3,3,9,8,2,7,8,0,9,10,9,11,5,11,0,4,6,10,9,0,6,11,3,11,10,2,4,6,10,2,11,7,0,2,11,10,3,11,11,7,10,5,11,3,7,0,6,0,7,3,11,2,6,8,6,6,0,7,7,2,7,9,0,6,7,11,3,7,6,3,0,3,0,9,0,2,3,7,8,10,3,7,11,9,11,11,10,9,0,2,6,4,6,11,0
7,2,5,11,0,7,3,3,8,9,7,8,0,11,7,5,3,8,10,4,8,8,4,11,10,10,4,11,0,3,2,10,0,7,3,10,5,3,7,8,9,0,2,3,11,8,7,6,2,0,7,11,3,3,0,4,4,10,9,3,8,9,2,10,11,10,0,6,0,2,5,7,11,10,2,7,0,4,0,11,3,5,7,11,3,0,8,2,3,0,11,4,0,0,8,11,6,0,4,8,2,7,2,8,4,0,3,7,9,7,7,2,8,8,3,8,10,2,7,8,0,4,8,7,4,2,4,2,10,2,3,4,8,9,11,4,8,0,10,0,0,11,10,2,3,7,5,7,0,2
8,3,6,0,2,8,4,4,9,10,8,9,2,0,8,6,4,9,11,5,9,9,5,0,11,11,5,0,2,4,3,11,2,8,4,11,6,4,8,9,10,2,3,4,0,9,8,7,3,2,8,0,4,4,2,5,5,11,10,4,9,10,3,11,0,11,2,7,2,3,6,8,0,11,3,8,2,5,2,0,4,6,8,0,4,2,9,3,4,2,0,5,2,2,9,0,7,2,5,9,3,8,3,9,5,2,4,8,10,8,8,3,9,9,4,9,11,3,8,9,2,5,9,8,5,3,5,3,11,3,4,5,9,10,0,5,9,2,11,2,2,0,11,3,4,8,6,8,2,3
9,4,7,2,3,9,5,5,10,11,9,10,3,2,9,7,5,10,0,6,10,10,6,2,0,0,6,2,3,5,4,0,3,9,5,0,7,5,9,10,11,3,4,5,2,10,9,8,4,3,9,2,5,5,3,6,6,0,11,5,10,11,4,0,2,0,3,8,3,4,7,9,2,0,4,9,3,6,3,2,5,7,9,2,5,3,10,4,5,3,2,6,3,3,10,2,8,3,6,10,4,9,4,10,6,3,5,9,11,9,9,4,10,10,5,10,0,4,9,10,3,6,10,9,6,4,6,4,0,4,5,6,10,11,2,6,10,3,0,3,3,2,0,4,5,9,7,9,3,4
10,5,8,3,4,10,6,6,11,0,10,11,4,3,10,8,6,11,2,7,11,11,7,3,2,2,7,3,4,6,5,2,4,10,6,2,8,6,10,11,0,4,5,6,3,11,10,9,5,4,10,3,6,6,4,7,7,2,0,6,11,0,5,2,3,2,4,9,4,5,8,10,3,2,5,10,4,7,4,3,6,8,10,3,6,4,11,5,6,4,3,7,4,4,11,3,9,4,7,11,5,10,5,11,7,4,6,10,0,10,10,5,11,11,6,11,2,5,10,11,4,7,11,10,7,5,7,5,2,5,6,7,11,0,3,7,11,4,2,4,4,3,2,5,6,10,8,10,4,5
11,6,9,4,5,11,7,7,0,2,11,0,5,4,11,9,7,0,3,8,0,0,8,4,3,3,8,4,5,7,6,3,5,11,7,3,9,7,11,0,2,5,6,7,4,0,11,10,6,5,11,4,7,7,5,8,8,3,2,7,0,2,6,3,4,3,5,10,5,6,9,11,4,3,6,11,5,8,5,4,7,9,11,4,7,5,0,6,7,5,4,8,5,5,0,4,10,5,8,0,6,11,6,0,8,5,7,11,2,11,11,6,0,0,7,0,3,6,11,0,5,8,0,11,8,6,8,6,3,6,7,8,0,2,4,8,0,5,3,5,5,4,3,6,7,11,9,11,5,6
0,7,10,5,6,0,8,8,2,3,0,2,6,5,0,10,8,2,4,9,2,2,9,5,4,4,9,5,6,8,7,4,6,0,8,4,10,8,0,2,3,6,7,8,5,2,0,11,7,6,0,5,8,8,6,9,9,4,3,8,2,3,7,4,5,4,6,11,6,7,10,0,5,4,7,0,6,9,6,5,8,10,0,5,8,6,2,7,8,6,5,9,6,6,2,5,11,6,9,2,7,0,7,2,9,6,8,0,3,0,0,7,2,2,8,2,4,7,0,2,6,9,2,0,9,7,9,7,4,7,8,9,2,3,5,9,2,6,4,6,6,5,4,7,8,0,10,0,6,7
2,8,11,6,7,2,9,9,3,4,2,3,7,6,2,11,9,3,5,10,3,3,10,6,5,5,10,6,7,9,8,5,7,2,9,5,11,9,2,3,4,7,8,9,6,3,2,0,8,7,2,6,9,9,7,10,10,5,4,9,3,4,8,5,6,5,7,0,7,8,11,2,6,5,8,2,7,10,7,6,9,11,2,6,9,7,3,8,9,7,6,10,7,7,3,6,0,7,10,3,8,2,8,3,10,7,9,2,4,2,2,8,3,3,9,3,5,8,2,3,7,10,3,2,10,8,10,8,5,8,9,10,3,4,6,10,3,7,5,7,7,6,5,8,9,2,11,2,7,8
3,9,0,7,8,3,10,10,4,5,3,4,8,7,3,0,10,4,6,11,4,4,11,7,6,6,11,7,8,10,9,6,8,3,10,6,0,10,3,4,5,8,9,10,7,4,3,2,9,8,3,7,10,10,8,11,11,6,5,10,4,5,9,6,7,6,8,2,8,9,0,3,7,6,9,3,8,11,8,7,10,0,3,7,10,8,4,9,10,8,7,11,8,8,4,7,2,8,11,4,9,3,9,4,11,8,10,3,5,3,3,9,4,4,10,4,6,9,3,4,8,11,4,3,11,9,11,9,6,9,10,11,4,5,7,11,4,8,6,8,8,7,6,9,10,3,0,3,8,9
4,10,2,8,9,4,11,11,5,6,4,5,9,8,4,2,11,5,7,0,5,5,0,8,7,7,0,8,9,11,10,7,9,4,11,7,2,11,4,5,6,9,10,11,8,5,4,3,10,9,4,8,11,11,9,0,0,7,6,11,5,6,10,7,8,7,9,3,9,10,2,4,8,7,10,4,9,0,9,8,11,2,4,8,11,9,5,10,11,9,8,0,9,9,5,8,3,9,0,5,10,4,10,5,0,9,11,4,6,4,4,10,5,5,11,5,7,10,4,5,9,0,5,4,0,10,0,10,7,10,11,0,5,6,8,0,5,9,7,9,9,8,7,10,11,4,2,4,9,10
5,11,3,9,10,5,0,0,6,7,5,6,10,9,5,3,0,6,8,2,6,6,2,9,8,8,2,9,10,0,11,8,10,5,0,8,3,0,5,6,7,10,11,0,9,6,5,4,11,10,5,9,0,0,10,2,2,8,7,0,6,7,11,8,9,8,10,4,10,11,3,5,9,8,11,5,10,2,10,9,0,3,5,9,0,10,6,11,0,10,9,2,10,10,6,9,4,10,2,6,11,5,11,6,2,10,0,5,7,5,5,11,6,6,0,6,8,11,5,6,10,2,6,5,2,11,2,11,8,11,0,2,6,7,9,2,6,10,8,10,10,9,8,11,0,5,3,5,10,11
6,0,4,10,11,6,2,2,7,8,6,7,11,10,6,4,2,7,9,3,7,7,3,10,9,9,3,10,11,2,0,9,11,6,2,9,4,2,6,7,8,11,0,2,10,7,6,5,0,11,6,10,2,2,11,3,3,9,8,2,7,8,0,9,10,9,11,5,11,0,4,6,10,9,0,6,11,3,11,10,2,4,6,10,2,11,7,0,2,11,10,3,11,11,7,10,5,11,3,7,0,6,0,7,3,11,2,6,8,6,6,0,7,7,2,7,9,0,6,7,11,3,7,6,3,0,3,0,9,0,2,3,7,8,10,3,7,11,9,11,11,10,9,0,2,6,4,6,11,0
7,2,5,11,0,7,3,3,8,9,7,8,0,11,7,5,3,8,10,4,8,8,4,11,10,10,4,11,0,3,2,10,0,7,3,10,5,3,7,8,9,0,2,3,11,8,7,6,2,0,7,11,3,3,0,4,4,10,9,3,8,9,2,10,11,10,0,6,0,2,5,7,11,10,2,7,0,4,0,11,3,5,7,11,3,0,8,2,3,0,11,4,0,0,8,11,6,0,4,8,2,7,2,8,4,0,3,7,9,7,7,2,8,8,3,8,10,2,7,8,0,4,8,7,4,2,4,2,10,2,3,4,8,9,11,4,8,0,10,0,0,11,10,2,3,7,5,7,0,2
8,3,6,0,2,8,4,4,9,10,8,9,2,0,8,6,4,9,11,5,9,9,5,0,11,11,5,0,2,4,3,11,2,8,4,11,6,4,8,9,10,2,3,4,0,9,8,7,3,2,8,0,4,4,2,5,5,11,10,4,9,10,3,11,0,11,2,7,2,3,6,8,0,11,3,8,2,5,2,0,4,6,8,0,4,2,9,3,4,2,0,5,2,2,9,0,7,2,5,9,3,8,3,9,5,2,4,8,10,8,8,3,9,9,4,9,11,3,8,9,2,5,9,8,5,3,5,3,11,3,4,5,9,10,0,5,9,2,11,2,2,0,11,3,4,8,6,8,2,3
9,4,7,2,3,9,5,5,10,11,9,10,3,2,9,7,5,10,0,6,10,10,6,2,0,0,6,2,3,5,4,0,3,9,5,0,7,5,9,10,11,3,4,5,2,10,9,8,4,3,9,2,5,5,3,6,6,0,11,5,10,11,4,0,2,0,3,8,3,4,7,9,2,0,4,9,3,6,3,2,5,7,9,2,5,3,10,4,5,3,2,6,3,3,10,2,8,3,6,10,4,9,4,10,6,3,5,9,11,9,9,4,10,10,5,10,0,4,9,10,3,6,10,9,6,4,6,4,0,4,5,6,10,11,2,6,10,3,0,3,3,2,0,4,5,9,7,9,3,4
10,5,8,3,4,10,6,6,11,0,10,11,4,3,10,8,6,11,2,7,11,11,7,3,2,2,7,3,4,6,5,2,4,10,6,2,8,6,10,11,0,4,5,6,3,11,10,9,5,4,10,3,6,6,4,7,7,2,0,6,11,0,5,2,3,2,4,9,4,5,8,10,3,2,5,10,4,7,4,3,6,8,10,3,6,4,11,5,6,4,3,7,4,4,11,3,9,4,7,11,5,10,5,11,7,4,6,10,0,10,10,5,11,11,6,11,2,5,10,11,4,7,11,10,7,5,7,5,2,5,6,7,11,0,3,7,11,4,2,4,4,3,2,5,6,10,8,10,4,5
11,6,9,4,5,11,7,7,0,2,11,0,5,4,11,9,7,0,3,8,0,0,8,4,3,3,8,4,5,7,6,3,5,11,7,3,9,7,11,0,2,5,6,7,4,0,11,10,6,5,11,4,7,7,5,8,8,3,2,7,0,2,6,3,4,3,5,10,5,6,9,11,4,3,6,11,5,8,5,4,7,9,11,4,7,5,0,6,7,5,4,8,5,5,0,4,10,5,8,0,6,11,6,0,8,5,7,11,2,11,11,6,0,0,7,0,3,6,11,0,5,8,0,11,8,6,8,6,3,6,7,8,0,2,4,8,0,5,3,5,5,4,3,6,7,11,9,11,5,6
0,7,10,5,6,0,8,8,2,3,0,2,6,5,0,10,8,2,4,9,2,2,9,5,4,4,9,5,6,8,7,4,6,0,8,4,10,8,0,2,3,6,7,8,5,2,0,11,7,6,0,5,8,8,6,9,9,4,3,8,2,3,7,4,5,4,6,11,6,7,10,0,5,4,7,0,6,9,6,5,8,10,0,5,8,6,2,7,8,6,5,9,6,6,2,5,11,6,9,2,7,0,7,2,9,6,8,0,3,0,0,7,2,2,8,2,4,7,0,2,6,9,2,0,9,7,9,7,4,7,8,9,2,3,5,9,2,6,4,6,6,5,4,7,8,0,10,0,6,7
2,8,11,6,7,2,9,9,3,4,2,3,7,6,2,11,9,3,5,10,3,3,10,6,5,5,10,6,7,9,8,5,7,2,9,5,11,9,2,3,4,7,8,9,6,3,2,0,8,7,2,6,9,9,7,10,10,5,4,9,3,4,8,5,6,5,7,0,7,8,11,2,6,5,8,2,7,10,7,6,9,11,2,6,9,7,3,8,9,7,6,10,7,7,3,6,0,7,10,3,8,2,8,3,10,7,9,2,4,2,2,8,3,3,9,3,5,8,2,3,7,10,3,2,10,8,10,8,5,8,9,10,3,4,6,10,3,7,5,7,7,6,5,8,9,2,11,2,7,8
3,9,0,7,8,3,10,10,4,5,3,4,8,7,3,0,10,4,6,11,4,4,11,7,6,6,11,7,8,10,9,6,8,3,10,6,0,10,3,4,5,8,9,10,7,4,3,2,9,8,3,7,10,10,8,11,11,6,5,10,4,5,9,6,7,6,8,2,8,9,0,3,7,6,9,3,8,11,8,7,10,0,3,7,10,8,4,9,10,8,7,11,8,8,4,7,2,8,11,4,9,3,9,4,11,8,10,3,5,3,3,9,4,4,10,4,6,9,3,4,8,11,4,3,11,9,11,9,6,9,10,11,4,5,7,11,4,8,6,8,8,7,6,9,10,3,0,3,8,9
4,10,2,8,9,4,11,11,5,6,4,5,9,8,4,2,11,5,7,0,5,5,0,8,7,7,0,8,9,11,10,7,9,4,11,7,2,11,4,5,6,9,10,11,8,5,4,3,10,9,4,8,11,11,9,0,0,7,6,11,5,6,10,7,8,7,9,3,9,10,2,4,8,7,10,4,9,0,9,8,11,2,4,8,11,9,5,10,11,9,8,0,9,9,5,8,3,9,0,5,10,4,10,5,0,9,11,4,6,4,4,10,5,5,11,5,7,10,4,5,9,0,5,4,0,10,0,10,7,10,11,0,5,6,8,0,5,9,7,9,9,8,7,10,11,4,2,4,9,10
5,11,3,9,10,5,0,0,6,7,5,6,10,9,5,3,0,6,8,2,6,6,2,9,8,8,2,9,10,0,11,8,10,5,0,8,3,0,5,6,7,10,11,0,9,6,5,4,11,10,5,9,0,0,10,2,2,8,7,0,6,7,11,8,9,8,10,4,10,11,3,5,9,8,11,5,10,2,10,9,0,3,5,9,0,10,6,11,0,10,9,2,10,10,6,9,4,10,2,6,11,5,11,6,2,10,0,5,7,5,5,11,6,6,0,6,8,11,5,6,10,2,6,5,2,11,2,11,8,11,0,2,6,7,9,2,6,10,8,10,10,9,8,11,0,5,3,5,10,11
6,0,4,10,11,6,2,2,7,8,6,7,11,10,6,4,2,7,9,3,7,7,3,10,9,9,3,10,11,2,0,9,11,6,2,9,4,2,6,7,8,11,0,2,10,7,6,5,0,11,6,10,2,2,11,3,3,9,8,2,7,8,0,9,10,9,11,5,11,0,4,6,10,9,0,6,11,3,11,10,2,4,6,10,2,11,7,0,2,11,10,3,11,11,7,10,5,11,3,7,0,6,0,7,3,11,2,6,8,6,6,0,7,7,2,7,9,0,6,7,11,3,7,6,3,0,3,0,9,0,2,3,7,8,10,3,7,11,9,11,11,10,9,0,2,6,4,6,11,0
7,2,5,11,0,7,3,3,8,9,7,8,0,11,7,5,3,8,10,4,8,8,4,11,10,10,4,11,0,3,2,10,0,7,3,10,5,3,7,8,9,0,2,3,11,8,7,6,2,0,7,11,3,3,0,4,4,10,9,3,8,9,2,10,11,10,0,6,0,2,5,7,11,10,2,7,0,4,0,11,3,5,7,11,3,0,8,2,3,0,11,4,0,0,8,11,6,0,4,8,2,7,2,8,4,0,3,7,9,7,7,2,8,8,3,8,10,2,7,8,0,4,8,7,4,2,4,2,10,2,3,4,8,9,11,4,8,0,10,0,0,11,10,2,3,7,5,7,0,2
8,3,6,0,2,8,4,4,9,10,8,9,2,0,8,6,4,9,11,5,9,9,5,0,11,11,5,0,2,4,3,11,2,8,4,11,6,4,8,9,10,2,3,4,0,9,8,7,3,2,8,0,4,4,2,5,5,11,10,4,9,10,3,11,0,11,2,7,2,3,6,8,0,11,3,8,2,5,2,0,4,6,8,0,4,2,9,3,4,2,0,5,2,2,9,0,7,2,5,9,3,8,3,9,5,2,4,8,10,8,8,3,9,9,4,9,11,3,8,9,2,5,9,8,5,3,5,3,11,3,4,5,9,10,0,5,9,2,11,2,2,0,11,3,4,8,6,8,2,3
9,4,7,2,3,9,5,5,10,11,9,10,3,2,9,7,5,10,0,6,10,10,6,2,0,0,6,2,3,5,4,0,3,9,5,0,7,5,9,10,11,3,4,5,2,10,9,8,4,3,9,2,5,5,3,6,6,0,11,5,10,11,4,0,2,0,3,8,3,4,7,9,2,0,4,9,3,6,3,2,5,7,9,2,5,3,10,4,5,3,2,6,3,3,10,2,8,3,6,10,4,9,4,10,6,3,5,9,11,9,9,4,10,10,5,10,0,4,9,10,3,6,10,9,6,4,6,4,0,4,5,6,10,11,2,6,10,3,0,3,3,2,0,4,5,9,7,9,3,4
10,5,8,3,4,10,6,6,11,0,10,11,4,3,10,8,6,11,2,7,11,11,7,3,2,2,7,3,4,6,5,2,4,10,6,2,8,6,10,11,0,4,5,6,3,11,10,9,5,4,10,3,6,6,4,7,7,2,0,6,11,0,5,2,3,2,4,9,4,5,8,10,3,2,5,10,4,7,4,3,6,8,10,3,6,4,11,5,6,4,3,7,4,4,11,3,9,4,7,11,5,10,5,11,7,4,6,10,0,10,10,5,11,11,6,11,2,5,10,11,4,7,11,10,7,5,7,5,2,5,6,7,11,0,3,7,11,4,2,4,4,3,2,5,6,10,8,10,4,5
11,6,9,4,5,11,7,7,0,2,11,0,5,4,11,9,7,0,3,8,0,0,8,4,3,3,8,4,5,7,6,3,5,11,7,3,9,7,11,0,2,5,6,7,4,0,11,10,6,5,11,4,7,7,5,8,8,3,2,7,0,2,6,3,4,3,5,10,5,6,9,11,4,3,6,11,5,8,5,4,7,9,11,4,7,5,0,6,7,5,4,8,5,5,0,4,10,5,8,0,6,11,6,0,8,5,7,11,2,11,11,6,0,0,7,0,3,6,11,0,5,8,0,11,8,6,8,6,3,6,7,8,0,2,4,8,0,5,3,5,5,4,3,6,7,11,9,11,5,6
0,7,10,5,6,0,8,8,2,3,0,2,6,5,0,10,8,2,4,9,2,2,9,5,4,4,9,5,6,8,7,4,6,0,8,4,10,8,0,2,3,6,7,8,5,2,0,11,7,6,0,5,8,8,6,9,9,4,3,8,2,3,7,4,5,4,6,11,6,7,10,0,5,4,7,0,6,9,6,5,8,10,0,5,8,6,2,7,8,6,5,9,6,6,2,5,11,6,9,2,7,0,7,2,9,6,8,0,3,0,0,7,2,2,8,2,4,7,0,2,6,9,2,0,9,7,9,7,4,7,8,9,2,3,5,9,2,6,4,6,6,5,4,7,8,0,10,0,6,7
2,8,11,6,7,2,9,9,3,4,2,3,7,6,2,11,9,3,5,10,3,3,10,6,5,5,10,6,7,9,8,5,7,2,9,5,11,9,2,3,4,7,8,9,6,3,2,0,8,7,2,6,9,9,7,10,10,5,4,9,3,4,8,5,6,5,7,0,7,8,11,2,6,5,8,2,7,10,7,6,9,11,2,6,9,7,3,8,9,7,6,10,7,7,3,6,0,7,10,3,8,2,8,3,10,7,9,2,4,2,2,8,3,3,9,3,5,8,2,3,7,10,3,2,10,8,10,8,5,8,9,10,3,4,6,10,3,7,5,7,7,6,5,8,9,2,11,2,7,8
3,9,0,7,8,3,10,10,4,5,3,4,8,7,3,0,10,4,6,11,4,4,11,7,6,6,11,7,8,10,9,6,8,3,10,6,0,10,3,4,5,8,9,10,7,4,3,2,9,8,3,7,10,10,8,11,11,6,5,10,4,5,9,6,7,6,8,2,8,9,0,3,7,6,9,3,8,11,8,7,10,0,3,7,10,8,4,9,10,8,7,11,8,8,4,7,2,8,11,4,9,3,9,4,11,8,10,3,5,3,3,9,4,4,10,4,6,9,3,4,8,11,4,3,11,9,11,9,6,9,10,11,4,5,7,11,4,8,6,8,8,7,6,9,10,3,0,3,8,9
4,10,2,8,9,4,11,11,5,6,4,5,9,8,4,2,11,5,7,0,5,5,0,8,7,7,0,8,9,11,10,7,9,4,11,7,2,11,4,5,6,9,10,11,8,5,4,3,10,9,4,8,11,11,9,0,0,7,6,11,5,6,10,7,8,7,9,3,9,10,2,4,8,7,10,4,9,0,9,8,11,2,4,8,11,9,5,10,11,9,8,0,9,9,5,8,3,9,0,5,10,4,10,5,0,9,11,4,6,4,4,10,5,5,11,5,7,10,4,5,9,0,5,4,0,10,0,10,7,10,11,0,5,6,8,0,5,9,7,9,9,8,7,10,11,4,2,4,9,10
5,11,3,9,10,5,0,0,6,7,5,6,10,9,5,3,0,6,8,2,6,6,2,9,8,8,2,9,10,0,11,8,10,5,0,8,3,0,5,6,7,10,11,0,9,6,5,4,11,10,5,9,0,0,10,2,2,8,7,0,6,7,11,8,9,8,10,4,10,11,3,5,9,8,11,5,10,2,10,9,0,3,5,9,0,10,6,11,0,10,9,2,10,10,6,9,4,10,2,6,11,5,11,6,2,10,0,5,7,5,5,11,6,6,0,6,8,11,5,6,10,2,6,5,2,11,2,11,8,11,0,2,6,7,9,2,6,10,8,10,10,9,8,11,0,5,3,5,10,11
6,0,4,10,11,6,2,2,7,8,6,7,11,10,6,4,2,7,9,3,7,7,3,10,9,9,3,10,11,2,0,9,11,6,2,9,4,2,6,7,8,11,0,2,10,7,6,5,0,11,6,10,2,2,11,3,3,9,8,2,7,8,0,9,10,9,11,5,11,0,4,6,10,9,0,6,11,3,11,10,2,4,6,10,2,11,7,0,2,11,10,3,11,11,7,10,5,11,3,7,0,6,0,7,3,11,2,6,8,6,6,0,7,7,2,7,9,0,6,7,11,3,7,6,3,0,3,0,9,0,2,3,7,8,10,3,7,11,9,11,11,10,9,0,2,6,4,6,11,0
7,2,5,11,0,7,3,3,8,9,7,8,0,11,7,5,3,8,10,4,8,8,4,11,10,10,4,11,0,3,2,10,0,7,3,10,5,3,7,8,9,0,2,3,11,8,7,6,2,0,7,11,3,3,0,4,4,10,9,3,8,9,2,10,11,10,0,6,0,2,5,7,11,10,2,7,0,4,0,11,3,5,7,11,3,0,8,2,3,0,11,4,0,0,8,11,6,0,4,8,2,7,2,8,4,0,3,7,9,7,7,2,8,8,3,8,10,2,7,8,0,4,8,7,4,2,4,2,10,2,3,4,8,9,11,4,8,0,10,0,0,11,10,2,3,7,5,7,0,2
8,3,6,0,2,8,4,4,9,10,8,9,2,0,8,6,4,9,11,5,9,9,5,0,11,11,5,0,2,4,3,11,2,8,4,11,6,4,8,9,10,2,3,4,0,9,8,7,3,2,8,0,4,4,2,5,5,11,10,4,9,10,3,11,0,11,2,7,2,3,6,8,0,11,3,8,2,5,2,0,4,6,8,0,4,2,9,3,4,2,0,5,2,2,9,0,7,2,5,9,3,8,3,9,5,2,4,8,10,8,8,3,9,9,4,9,11,3,8,9,2,5,9,8,5,3,5,3,11,3,4,5,9,10,0,5,9,2,11,2,2,0,11,3,4,8,6,8,2,3
9,4,7,2,3,9,5,5,10,11,9,10,3,2,9,7,5,10,0,6,10,10,6,2,0,0,6,2,3,5,4,0,3,9,5,0,7,5,9,10,11,3,4,5,2,10,9,8,4,3,9,2,5,5,3,6,6,0,11,5,10,11,4,0,2,0,3,8,3,4,7,9,2,0,4,9,3,6,3,2,5,7,9,2,5,3,10,4,5,3,2,6,3,3,10,2,8,3,6,10,4,9,4,10,6,3,5,9,11,9,9,4,10,10,5,10,0,4,9,10,3,6,10,9,6,4,6,4,0,4,5,6,10,11,2,6,10,3,0,3,3,2,0,4,5,9,7,9,3,4
10,5,8,3,4,10,6,6,11,0,10,11,4,3,10,8,6,11,2,7,11,11,7,3,2,2,7,3,4,6,5,2,4,10,6,2,8,6,10,11,0,4,5,6,3,11,10,9,5,4,10,3,6,6,4,7,7,2,0,6,11,0,5,2,3,2,4,9,4,5,8,10,3,2,5,10,4,7,4,3,6,8,10,3,6,4,11,5,6,4,3,7,4,4,11,3,9,4,7,11,5,10,5,11,7,4,6,10,0,10,10,5,11,11,6,11,2,5,10,11,4,7,11,10,7,5,7,5,2,5,6,7,11,0,3,7,11,4,2,4,4,3,2,5,6,10,8,10,4,5
11,6,9,4,5,11,7,7,0,2,11,0,5,4,11,9,7,0,3,8,0,0,8,4,3,3,8,4,5,7,6,3,5,11,7,3,9,7,11,0,2,5,6,7,4,0,11,10,6,5,11,4,7,7,5,8,8,3,2,7,0,2,6,3,4,3,5,10,5,6,9,11,4,3,6,11,5,8,5,4,7,9,11,4,7,5,0,6,7,5,4,8,5,5,0,4,10,5,8,0,6,11,6,0,8,5,7,11,2,11,11,6,0,0,7,0,3,6,11,0,5,8,0,11,8,6,8,6,3,6,7,8,0,2,4,8,0,5,3,5,5,4,3,6,7,11,9,11,5,6
0,7,10,5,6,0,8,8,2,3,0,2,6,5,0,10,8,2,4,9,2,2,9,5,4,4,9,5,6,8,7,4,6,0,8,4,10,8,0,2,3,6,7,8,5,2,0,11,7,6,0,5,8,8,6,9,9,4,3,8,2,3,7,4,5,4,6,11,6,7,10,0,5,4,7,0,6,9,6,5,8,10,0,5,8,6,2,7,8,6,5,9,6,6,2,5,11,6,9,2,7,0,7,2,9,6,8,0,3,0,0,7,2,2,8,2,4,7,0,2,6,9,2,0,9,7,9,7,4,7,8,9,2,3,5,9,2,6,4,6,6,5,4,7,8,0,10,0,6,7
2,8,11,6,7,2,9,9,3,4,2,3,7,6,2,11,9,3,5,10,3,3,10,6,5,5,10,6,7,9,8,5,7,2,9,5,11,9,2,3,4,7,8,9,6,3,2,0,8,7,2,6,9,9,7,10,10,5,4,9,3,4,8,5,6,5,7,0,7,8,11,2,6,5,8,2,7,10,7,6,9,11,2,6,9,7,3,8,9,7,6,10,7,7,3,6,0,7,10,3,8,2,8,3,10,7,9,2,4,2,2,8,3,3,9,3,5,8,2,3,7,10,3,2,10,8,10,8,5,8,9,10,3,4,6,10,3,7,5,7,7,6,5,8,9,2,11,2,7,8
3,9,0,7,8,3,10,10,4,5,3,4,8,7,3,0,10,4,6,11,4,4,11,7,6,6,11,7,8,10,9,6,8,3,10,6,0,10,3,4,5,8,9,10,7,4,3,2,9,8,3,7,10,10,8,11,11,6,5,10,4,5,9,6,7,6,8,2,8,9,0,3,7,6,9,3,8,11,8,7,10,0,3,7,10,8,4,9,10,8,7,11,8,8,4,7,2,8,11,4,9,3,9,4,11,8,10,3,5,3,3,9,4,4,10,4,6,9,3,4,8,11,4,3,11,9,11,9,6,9,10,11,4,5,7,11,4,8,6,8,8,7,6,9,10,3,0,3,8,9
4,10,2,8,9,4,11,11,5,6,4,5,9,8,4,2,11,5,7,0,5,5,0,8,7,7,0,8,9,11,10,7,9,4,11,7,2,11,4,5,6,9,10,11,8,5,4,3,10,9,4,8,11,11,9,0,0,7,6,11,5,6,10,7,8,7,9,3,9,10,2,4,8,7,10,4,9,0,9,8,11,2,4,8,11,9,5,10,11,9,8,0,9,9,5,8,3,9,0,5,10,4,10,5,0,9,11,4,6,4,4,10,5,5,11,5,7,10,4,5,9,0,5,4,0,10,0,10,7,10,11,0,5,6,8,0,5,9,7,9,9,8,7,10,11,4,2,4,9,10
5,11,3,9,10,5,0,0,6,7,5,6,10,9,5,3,0,6,8,2,6,6,2,9,8,8,2,9,10,0,11,8,10,5,0,8,3,0,5,6,7,10,11,0,9,6,5,4,11,10,5,9,0,0,10,2,2,8,7,0,6,7,11,8,9,8,10,4,10,11,3,5,9,8,11,5,10,2,10,9,0,3,5,9,0,10,6,11,0,10,9,2,10,10,6,9,4,10,2,6,11,5,11,6,2,10,0,5,7,5,5,11,6,6,0,6,8,11,5,6,10,2,6,5,2,11,2,11,8,11,0,2,6,7,9,2,6,10,8,10,10,9,8,11,0,5,3,5,10,11
6,0,4,10,11,6,2,2,7,8,6,7,11,10,6,4,2,7,9,3,7,7,3,10,9,9,3,10,11,2,0,9,11,6,2,9,4,2,6,7,8,11,0,2,10,7,6,5,0,11,6,10,2,2,11,3,3,9,8,2,7,8,0,9,10,9,11,5,11,0,4,6,10,9,0,6,11,3,11,10,2,4,6,10,2,11,7,0,2,11,10,3,11,11,7,10,5,11,3,7,0,6,0,7,3,11,2,6,8,6,6,0,7,7,2,7,9,0,6,7,11,3,7,6,3,0,3,0,9,0,2,3,7,8,10,3,7,11,9,11,11,10,9,0,2,6,4,6,11,0
7,2,5,11,0,7,3,3,8,9,7,8,0,11,7,5,3,8,10,4,8,8,4,11,10,10,4,11,0,3,2,10,0,7,3,10,5,3,7,8,9,0,2,3,11,8,7,6,2,0,7,11,3,3,0,4,4,10,9,3,8,9,2,10,11,10,0,6,0,2,5,7,11,10,2,7,0,4,0,11,3,5,7,11,3,0,8,2,3,0,11,4,0,0,8,11,6,0,4,8,2,7,2,8,4,0,3,7,9,7,7,2,8,8,3,8,10,2,7,8,0,4,8,7,4,2,4,2,10,2,3,4,8,9,11,4,8,0,10,0,0,11,10,2,3,7,5,7,0,2
8,3,6,0,2,8,4,4,9,10,8,9,2,0,8,6,4,9,11,5,9,9,5,0,11,11,5,0,2,4,3,11,2,8,4,11,6,4,8,9,10,2,3,4,0,9,8,7,3,2,8,0,4,4,2,5,5,11,10,4,9,10,3,11,0,11,2,7,2,3,6,8,0,11,3,8,2,5,2,0,4,6,8,0,4,2,9,3,4,2,0,5,2,2,9,0,7,2,5,9,3,8,3,9,5,2,4,8,10,8,8,3,9,9,4,9,11,3,8,9,2,5,9,8,5,3,5,3,11,3,4,5,9,10,0,5,9,2,11,2,2,0,11,3,4,8,6,8,2,3
9,4,7,2,3,9,5,5,10,11,9,10,3,2,9,7,5,10,0,6,10,10,6,2,0,0,6,2,3,5,4,0,3,9,5,0,7,5,9,10,11,3,4,5,2,10,9,8,4,3,9,2,5,5,3,6,6,0,11,5,10,11,4,0,2,0,3,8,3,4,7,9,2,0,4,9,3,6,3,2,5,7,9,2,5,3,10,4,5,3,2,6,3,3,10,2,8,3,6,10,4,9,4,10,6,3,5,9,11,9,9,4,10,10,5,10,0,4,9,10,3,6,10,9,6,4,6,4,0,4,5,6,10,11,2,6,10,3,0,3,3,2,0,4,5,9,7,9,3,4
10,5,8,3,4,10,6,6,11,0,10,11,4,3,10,8,6,11,2,7,11,11,7,3,2,2,7,3,4,6,5,2,4,10,6,2,8,6,10,11,0,4,5,6,3,11,10,9,5,4,10,3,6,6,4,7,7,2,0,6,11,0,5,2,3,2,4,9,4,5,8,10,3,2,5,10,4,7,4,3,6,8,10,3,6,4,11,5,6,4,3,7,4,4,11,3,9,4,7,11,5,10,5,11,7,4,6,10,0,10,10,5,11,11,6,11,2,5,10,11,4,7,11,10,7,5,7,5,2,5,6,7,11,0,3,7,11,4,2,4,4,3,2,5,6,10,8,10,4,5
11,6,9,4,5,11,7,7,0,2,11,0,5,4,11,9,7,0,3,8,0,0,8,4,3,3,8,4,5,7,6,3,5,11,7,3,9,7,11,0,2,5,6,7,4,0,11,10,6,5,11,4,7,7,5,8,8,3,2,7,0,2,6,3,4,3,5,10,5,6,9,11,4,3,6,11,5,8,5,4,7,9,11,4,7,5,0,6,7,5,4,8,5,5,0,4,10,5,8,0,6,11,6,0,8,5,7,11,2,11,11,6,0,0,7,0,3,6,11,0,5,8,0,11,8,6,8,6,3,6,7,8,0,2,4,8,0,5,3,5,5,4,3,6,7,11,9,11,5,6
0,7,10,5,6,0,8,8,2,3,0,2,6,5,0,10,8,2,4,9,2,2,9,5,4,4,9,5,6,8,7,4,6,0,8,4,10,8,0,2,3,6,7,8,5,2,0,11,7,6,0,5,8,8,6,9,9,4,3,8,2,3,7,4,5,4,6,11,6,7,10,0,5,4,7,0,6,9,6,5,8,10,0,5,8,6,2,7,8,6,5,9,6,6,2,5,11,6,9,2,7,0,7,2,9,6,8,0,3,0,0,7,2,2,8,2,4,7,0,2,6,9,2,0,9,7,9,7,4,7,8,9,2,3,5,9,2,6,4,6,6,5,4,7,8,0,10,0,6,7
2,8,11,6,7,2,9,9,3,4,2,3,7,6,2,11,9,3,5,10,3,3,10,6,5,5,10,6,7,9,8,5,7,2,9,5,11,9,2,3,4,7,8,9,6,3,2,0,8,7,2,6,9,9,7,10,10,5,4,9,3,4,8,5,6,5,7,0,7,8,11,2,6,5,8,2,7,10,7,6,9,11,2,6,9,7,3,8,9,7,6,10,7,7,3,6,0,7,10,3,8,2,8,3,10,7,9,2,4,2,2,8,3,3,9,3,5,8,2,3,7,10,3,2,10,8,10,8,5,8,9,10,3,4,6,10,3,7,5,7,7,6,5,8,9,2,11,2,7,8
3,9,0,7,8,3,10,10,4,5,3,4,8,7,3,0,10,4,6,11,4,4,11,7,6,6,11,7,8,10,9,6,8,3,10,6,0,10,3,4,5,8,9,10,7,4,3,2,9,8,3,7,10,10,8,11,11,6,5,10,4,5,9,6,7,6,8,2,8,9,0,3,7,6,9,3,8,11,8,7,10,0,3,7,10,8,4,9,10,8,7,11,8,8,4,7,2,8,11,4,9,3,9,4,11,8,10,3,5,3,3,9,4,4,10,4,6,9,3,4,8,11,4,3,11,9,11,9,6,9,10,11,4,5,7,11,4,8,6,8,8,7,6,9,10,3,0,3,8,9
4,10,2,8,9,4,11,11,5,6,4,5,9,8,4,2,11,5,7,0,5,5,0,8,7,7,0,8,9,11,10,7,9,4,11,7,2,11,4,5,6,9,10,11,8,5,4,3,10,9,4,8,11,11,9,0,0,7,6,11,5,6,10,7,8,7,9,3,9,10,2,4,8,7,10,4,9,0,9,8,11,2,4,8,11,9,5,10,11,9,8,0,9,9,5,8,3,9,0,5,10,4,10,5,0,9,11,4,6,4,4,10,5,5,11,5,7,10,4,5,9,0,5,4,0,10,0,10,7,10,11,0,5,6,8,0,5,9,7,9,9,8,7,10,11,4,2,4,9,10
5,11,3,9,10,5,0,0,6,7,5,6,10,9,5,3,0,6,8,2,6,6,2,9,8,8,2,9,10,0,11,8,10,5,0,8,3,0,5,6,7,10,11,0,9,6,5,4,11,10,5,9,0,0,10,2,2,8,7,0,6,7,11,8,9,8,10,4,10,11,3,5,9,8,11,5,10,2,10,9,0,3,5,9,0,10,6,11,0,10,9,2,10,10,6,9,4,10,2,6,11,5,11,6,2,10,0,5,7,5,5,11,6,6,0,6,8,11,5,6,10,2,6,5,2,11,2,11,8,11,0,2,6,7,9,2,6,10,8,10,10,9,8,11,0,5,3,5,10,11
6,0,4,10,11,6,2,2,7,8,6,7,11,10,6,4,2,7,9,3,7,7,3,10,9,9,3,10,11,2,0,9,11,6,2,9,4,2,6,7,8,11,0,2,10,7,6,5,0,11,6,10,2,2,11,3,3,9,8,2,7,8,0,9,10,9,11,5,11,0,4,6,10,9,0,6,11,3,11,10,2,4,6,10,2,11,7,0,2,11,10,3,11,11,7,10,5,11,3,7,0,6,0,7,3,11,2,6,8,6,6,0,7,7,2,7,9,0,6,7,11,3,7,6,3,0,3,0,9,0,2,3,7,8,10,3,7,11,9,11,11,10,9,0,2,6,4,6,11,0
7,2,5,11,0,7,3,3,8,9,7,8,0,11,7,5,3,8,10,4,8,8,4,11,10,10,4,11,0,3,2,10,0,7,3,10,5,3,7,8,9,0,2,3,11,8,7,6,2,0,7,11,3,3,0,4,4,10,9,3,8,9,2,10,11,10,0,6,0,2,5,7,11,10,2,7,0,4,0,11,3,5,7,11,3,0,8,2,3,0,11,4,0,0,8,11,6,0,4,8,2,7,2,8,4,0,3,7,9,7,7,2,8,8,3,8,10,2,7,8,0,4,8,7,4,2,4,2,10,2,3,4,8,9,11,4,8,0,10,0,0,11,10,2,3,7,5,7,0,2
8,3,6,0,2,8,4,4,9,10,8,9,2,0,8,6,4,9,11,5,9,9,5,0,11,11,5,0,2,4,3,11,2,8,4,11,6,4,8,9,10,2,3,4,0,9,8,7,3,2,8,0,4,4,2,5,5,11,10,4,9,10,3,11,0,11,2,7,2,3,6,8,0,11,3,8,2,5,2,0,4,6,8,0,4,2,9,3,4,2,0,5,2,2,9,0,7,2,5,9,3,8,3,9,5,2,4,8,10,8,8,3,9,9,4,9,11,3,8,9,2,5,9,8,5,3,5,3,11,3,4,5,9,10,0,5,9,2,11,2,2,0,11,3,4,8,6,8,2,3
9,4,7,2,3,9,5,5,10,11,9,10,3,2,9,7,5,10,0,6,10,10,6,2,0,0,6,2,3,5,4,0,3,9,5,0,7,5,9,10,11,3,4,5,2,10,9,8,4,3,9,2,5,5,3,6,6,0,11,5,10,11,4,0,2,0,3,8,3,4,7,9,2,0,4,9,3,6,3,2,5,7,9,2,5,3,10,4,5,3,2,6,3,3,10,2,8,3,6,10,4,9,4,10,6,3,5,9,11,9,9,4,10,10,5,10,0,4,9,10,3,6,10,9,6,4,6,4,0,4,5,6,10,11,2,6,10,3,0,3,3,2,0,4,5,9,7,9,3,4
10,5,8,3,4,10,6,6,11,0,10,11,4,3,10,8,6,11,2,7,11,11,7,3,2,2,7,3,4,6,5,2,4,10,6,2,8,6,10,11,0,4,5,6,3,11,10,9,5,4,10,3,6,6,4,7,7,2,0,6,11,0,5,2,3,2,4,9,4,5,8,10,3,2,5,10,4,7,4,3,6,8,10,3,6,4,11,5,6,4,3,7,4,4,11,3,9,4,7,11,5,10,5,11,7,4,6,10,0,10,10,5,11,11,6,11,2,5,10,11,4,7,11,10,7,5,7,5,2,5,6,7,11,0,3,7,11,4,2,4,4,3,2,5,6,10,8,10,4,5
11,6,9,4,5,11,7,7,0,2,11,0,5,4,11,9,7,0,3,8,0,0,8,4,3,3,8,4,5,7,6,3,5,11,7,3,9,7,11,0,2,5,6,7,4,0,11,10,6,5,11,4,7,7,5,8,8,3,2,7,0,2,6,3,4,3,5,10,5,6,9,11,4,3,6,11,5,8,5,4,7,9,11,4,7,5,0,6,7,5,4,8,5,5,0,4,10,5,8,0,6,11,6,0,8,5,7,11,2,11,11,6,0,0,7,0,3,6,11,0,5,8,0,11,8,6,8,6,3,6,7,8,0,2,4,8,0,5,3,5,5,4,3,6,7,11,9,11,5,6
0,7,10,5,6,0,8,8,2,3,0,2,6,5,0,10,8,2,4,9,2,2,9,5,4,4,9,5,6,8,7,4,6,0,8,4,10,8,0,2,3,6,7,8,5,2,0,11,7,6,0,5,8,8,6,9,9,4,3,8,2,3,7,4,5,4,6,11,6,7,10,0,5,4,7,0,6,9,6,5,8,10,0,5,8,6,2,7,8,6,5,9,6,6,2,5,11,6,9,2,7,0,7,2,9,6,8,0,3,0,0,7,2,2,8,2,4,7,0,2,6,9,2,0,9,7,9,7,4,7,8,9,2,3,5,9,2,6,4,6,6,5,4,7,8,0,10,0,6,7
2,8,11,6,7,2,9,9,3,4,2,3,7,6,2,11,9,3,5,10,3,3,10,6,5,5,10,6,7,9,8,5,7,2,9,5,11,9,2,3,4,7,8,9,6,3,2,0,8,7,2,6,9,9,7,10,10,5,4,9,3,4,8,5,6,5,7,0,7,8,11,2,6,5,8,2,7,10,7,6,9,11,2,6,9,7,3,8,9,7,6,10,7,7,3,6,0,7,10,3,8,2,8,3,10,7,9,2,4,2,2,8,3,3,9,3,5,8,2,3,7,10,3,2,10,8,10,8,5,8,9,10,3,4,6,10,3,7,5,7,7,6,5,8,9,2,11,2,7,8
3,9,0,7,8,3,10,10,4,5,3,4,8,7,3,0,10,4,6,11,4,4,11,7,6,6,11,7,8,10,9,6,8,3,10,6,0,10,3,4,5,8,9,10,7,4,3,2,9,8,3,7,10,10,8,11,11,6,5,10,4,5,9,6,7,6,8,2,8,9,0,3,7,6,9,3,8,11,8,7,10,0,3,7,10,8,4,9,10,8,7,11,8,8,4,7,2,8,11,4,9,3,9,4,11,8,10,3,5,3,3,9,4,4,10,4,6,9,3,4,8,11,4,3,11,9,11,9,6,9,10,11,4,5,7,11,4,8,6,8,8,7,6,9,10,3,0,3,8,9
4,10,2,8,9,4,11,11,5,6,4,5,9,8,4,2,11,5,7,0,5,5,0,8,7,7,0,8,9,11,10,7,9,4,11,7,2,11,4,5,6,9,10,11,8,5,4,3,10,9,4,8,11,11,9,0,0,7,6,11,5,6,10,7,8,7,9,3,9,10,2,4,8,7,10,4,9,0,9,8,11,2,4,8,11,9,5,10,11,9,8,0,9,9,5,8,3,9,0,5,10,4,10,5,0,9,11,4,6,4,4,10,5,5,11,5,7,10,4,5,9,0,5,4,0,10,0,10,7,10,11,0,5,6,8,0,5,9,7,9,9,8,7,10,11,4,2,4,9,10
5,11,3,9,10,5,0,0,6,7,5,6,10,9,5,3,0,6,8,2,6,6,2,9,8,8,2,9,10,0,11,8,10,5,0,8,3,0,5,6,7,10,11,0,9,6,5,4,11,10,5,9,0,0,10,2,2,8,7,0,6,7,11,8,9,8,10,4,10,11,3,5,9,8,11,5,10,2,10,9,0,3,5,9,0,10,6,11,0,10,9,2,10,10,6,9,4,10,2,6,11,5,11,6,2,10,0,5,7,5,5,11,6,6,0,6,8,11,5,6,10,2,6,5,2,11,2,11,8,11,0,2,6,7,9,2,6,10,8,10,10,9,8,11,0,5,3,5,10,11
6,0,4,10,11,6,2,2,7,8,6,7,11,10,6,4,2,7,9,3,7,7,3,10,9,9,3,10,11,2,0,9,11,6,2,9,4,2,6,7,8,11,0,2,10,7,6,5,0,11,6,10,2,2,11,3,3,9,8,2,7,8,0,9,10,9,11,5,11,0,4,6,10,9,0,6,11,3,11,10,2,4,6,10,2,11,7,0,2,11,10,3,11,11,7,10,5,11,3,7,0,6,0,7,3,11,2,6,8,6,6,0,7,7,2,7,9,0,6,7,11,3,7,6,3,0,3,0,9,0,2,3,7,8,10,3,7,11,9,11,11,10,9,0,2,6,4,6,11,0
7,2,5,11,0,7,3,3,8,9,7,8,0,11,7,5,3,8,10,4,8,8,4,11,10,10,4,11,0,3,2,10,0,7,3,10,5,3,7,8,9,0,2,3,11,8,7,6,2,0,7,11,3,3,0,4,4,10,9,3,8,9,2,10,11,10,0,6,0,2,5,7,11,10,2,7,0,4,0,11,3,5,7,11,3,0,8,2,3,0,11,4,0,0,8,11,6,0,4,8,2,7,2,8,4,0,3,7,9,7,7,2,8,8,3,8,10,2,7,8,0,4,8,7,4,2,4,2,10,2,3,4,8,9,11,4,8,0,10,0,0,11,10,2,3,7,5,7,0,2
8,3,6,0,2,8,4,4,9,10,8,9,2,0,8,6,4,9,11,5,9,9,5,0,11,11,5,0,2,4,3,11,2,8,4,11,6,4,8,9,10,2,3,4,0,9,8,7,3,2,8,0,4,4,2,5,5,11,10,4,9,10,3,11,0,11,2,7,2,3,6,8,0,11,3,8,2,5,2,0,4,6,8,0,4,2,9,3,4,2,0,5,2,2,9,0,7,2,5,9,3,8,3,9,5,2,4,8,10,8,8,3,9,9,4,9,11,3,8,9,2,5,9,8,5,3,5,3,11,3,4,5,9,10,0,5,9,2,11,2,2,0,11,3,4,8,6,8,2,3
9,4,7,2,3,9,5,5,10,11,9,10,3,2,9,7,5,10,0,6,10,10,6,2,0,0,6,2,3,5,4,0,3,9,5,0,7,5,9,10,11,3,4,5,2,10,9,8,4,3,9,2,5,5,3,6,6,0,11,5,10,11,4,0,2,0,3,8,3,4,7,9,2,0,4,9,3,6,3,2,5,7,9,2,5,3,10,4,5,3,2,6,3,3,10,2,8,3,6,10,4,9,4,10,6,3,5,9,11,9,9,4,10,10,5,10,0,4,9,10,3,6,10,9,6,4,6,4,0,4,5,6,10,11,2,6,10,3,0,3,3,2,0,4,5,9,7,9,3,4
10,5,8,3,4,10,6,6,11,0,10,11,4,3,10,8,6,11,2,7,11,11,7,3,2,2,7,3,4,6,5,2,4,10,6,2,8,6,10,11,0,4,5,6,3,11,10,9,5,4,10,3,6,6,4,7,7,2,0,6,11,0,5,2,3,2,4,9,4,5,8,10,3,2,5,10,4,7,4,3,6,8,10,3,6,4,11,5,6,4,3,7,4,4,11,3,9,4,7,11,5,10,5,11,7,4,6,10,0,10,10,5,11,11,6,11,2,5,10,11,4,7,11,10,7,5,7,5,2,5,6,7,11,0,3,7,11,4,2,4,4,3,2,5,6,10,8,10,4,5
11,6,9,4,5,11,7,7,0,2,11,0,5,4,11,9,7,0,3,8,0,0,8,4,3,3,8,4,5,7,6,3,5,11,7,3,9,7,11,0,2,5,6,7,4,0,11,10,6,5,11,4,7,7,5,8,8,3,2,7,0,2,6,3,4,3,5,10,5,6,9,11,4,3,6,11,5,8,5,4,7,9,11,4,7,5,0,6,7,5,4,8,5,5,0,4,10,5,8,0,6,11,6,0,8,5,7,11,2,11,11,6,0,0,7,0,3,6,11,0,5,8,0,11,8,6,8,6,3,6,7,8,0,2,4,8,0,5,3,5,5,4,3,6,7,11,9,11,5,6
0,7,10,5,6,0,8,8,2,3,0,2,6,5,0,10,8,2,4,9,2,2,9,5,4,4,9,5,6,8,7,4,6,0,8,4,10,8,0,2,3,6,7,8,5,2,0,11,7,6,0,5,8,8,6,9,9,4,3,8,2,3,7,4,5,4,6,11,6,7,10,0,5,4,7,0,6,9,6,5,8,10,0,5,8,6,2,7,8,6,5,9,6,6,2,5,11,6,9,2,7,0,7,2,9,6,8,0,3,0,0,7,2,2,8,2,4,7,0,2,6,9,2,0,9,7,9,7,4,7,8,9,2,3,5,9,2,6,4,6,6,5,4,7,8,0,10,0,6,7
2,8,11,6,7,2,9,9,3,4,2,3,7,6,2,11,9,3,5,10,3,3,10,6,5,5,10,6,7,9,8,5,7,2,9,5,11,9,2,3,4,7,8,9,6,3,2,0,8,7,2,6,9,9,7,10,10,5,4,9,3,4,8,5,6,5,7,0,7,8,11,2,6,5,8,2,7,10,7,6,9,11,2,6,9,7,3,8,9,7,6,10,7,7,3,6,0,7,10,3,8,2,8,3,10,7,9,2,4,2,2,8,3,3,9,3,5,8,2,3,7,10,3,2,10,8,10,8,5,8,9,10,3,4,6,10,3,7,5,7,7,6,5,8,9,2,11,2,7,8
3,9,0,7,8,3,10,10,4,5,3,4,8,7,3,0,10,4,6,11,4,4,11,7,6,6,11,7,8,10,9,6,8,3,10,6,0,10,3,4,5,8,9,10,7,4,3,2,9,8,3,7,10,10,8,11,11,6,5,10,4,5,9,6,7,6,8,2,8,9,0,3,7,6,9,3,8,11,8,7,10,0,3,7,10,8,4,9,10,8,7,11,8,8,4,7,2,8,11,4,9,3,9,4,11,8,10,3,5,3,3,9,4,4,10,4,6,9,3,4,8,11,4,3,11,9,11,9,6,9,10,11,4,5,7,11,4,8,6,8,8,7,6,9,10,3,0,3,8,9
4,10,2,8,9,4,11,11,5,6,4,5,9,8,4,2,11,5,7,0,5,5,0,8,7,7,0,8,9,11,10,7,9,4,11,7,2,11,4,5,6,9,10,11,8,5,4,3,10,9,4,8,11,11,9,0,0,7,6,11,5,6,10,7,8,7,9,3,9,10,2,4,8,7,10,4,9,0,9,8,11,2,4,8,11,9,5,10,11,9,8,0,9,9,5,8,3,9,0,5,10,4,10,5,0,9,11,4,6,4,4,10,5,5,11,5,7,10,4,5,9,0,5,4,0,10,0,10,7,10,11,0,5,6,8,0,5,9,7,9,9,8,7,10,11,4,2,4,9,10
5,11,3,9,10,5,0,0,6,7,5,6,10,9,5,3,0,6,8,2,6,6,2,9,8,8,2,9,10,0,11,8,10,5,0,8,3,0,5,6,7,10,11,0,9,6,5,4,11,10,5,9,0,0,10,2,2,8,7,0,6,7,11,8,9,8,10,4,10,11,3,5,9,8,11,5,10,2,10,9,0,3,5,9,0,10,6,11,0,10,9,2,10,10,6,9,4,10,2,6,11,5,11,6,2,10,0,5,7,5,5,11,6,6,0,6,8,11,5,6,10,2,6,5,2,11,2,11,8,11,0,2,6,7,9,2,6,10,8,10,10,9,8,11,0,5,3,5,10,11
6,0,4,10,11,6,2,2,7,8,6,7,11,10,6,4,2,7,9,3,7,7,3,10,9,9,3,10,11,2,0,9,11,6,2,9,4,2,6,7,8,11,0,2,10,7,6,5,0,11,6,10,2,2,11,3,3,9,8,2,7,8,0,9,10,9,11,5,11,0,4,6,10,9,0,6,11,3,11,10,2,4,6,10,2,11,7,0,2,11,10,3,11,11,7,10,5,11,3,7,0,6,0,7,3,11,2,6,8,6,6,0,7,7,2,7,9,0,6,7,11,3,7,6,3,0,3,0,9,0,2,3,7,8,10,3,7,11,9,11,11,10,9,0,2,6,4,6,11,0
7,2,5,11,0,7,3,3,8,9,7,8,0,11,7,5,3,8,10,4,8,8,4,11,10,10,4,11,0,3,2,10,0,7,3,10,5,3,7,8,9,0,2,3,11,8,7,6,2,0,7,11,3,3,0,4,4,10,9,3,8,9,2,10,11,10,0,6,0,2,5,7,11,10,2,7,0,4,0,11,3,5,7,11,3,0,8,2,3,0,11,4,0,0,8,11,6,0,4,8,2,7,2,8,4,0,3,7,9,7,7,2,8,8,3,8,10,2,7,8,0,4,8,7,4,2,4,2,10,2,3,4,8,9,11,4,8,0,10,0,0,11,10,2,3,7,5,7,0,2
8,3,6,0,2,8,4,4,9,10,8,9,2,0,8,6,4,9,11,5,9,9,5,0,11,11,5,0,2,4,3,11,2,8,4,11,6,4,8,9,10,2,3,4,0,9,8,7,3,2,8,0,4,4,2,5,5,11,10,4,9,10,3,11,0,11,2,7,2,3,6,8,0,11,3,8,2,5,2,0,4,6,8,0,4,2,9,3,4,2,0,5,2,2,9,0,7,2,5,9,3,8,3,9,5,2,4,8,10,8,8,3,9,9,4,9,11,3,8,9,2,5,9,8,5,3,5,3,11,3,4,5,9,10,0,5,9,2,11,2,2,0,11,3,4,8,6,8,2,3
9,4,7,2,3,9,5,5,10,11,9,10,3,2,9,7,5,10,0,6,10,10,6,2,0,0,6,2,3,5,4,0,3,9,5,0,7,5,9,10,11,3,4,5,2,10,9,8,4,3,9,2,5,5,3,6,6,0,11,5,10,11,4,0,2,0,3,8,3,4,7,9,2,0,4,9,3,6,3,2,5,7,9,2,5,3,10,4,5,3,2,6,3,3,10,2,8,3,6,10,4,9,4,10,6,3,5,9,11,9,9,4,10,10,5,10,0,4,9,10,3,6,10,9,6,4,6,4,0,4,5,6,10,11,2,6,10,3,0,3,3,2,0,4,5,9,7,9,3,4
10,5,8,3,4,10,6,6,11,0,10,11,4,3,10,8,6,11,2,7,11,11,7,3,2,2,7,3,4,6,5,2,4,10,6,2,8,6,10,11,0,4,5,6,3,11,10,9,5,4,10,3,6,6,4,7,7,2,0,6,11,0,5,2,3,2,4,9,4,5,8,10,3,2,5,10,4,7,4,3,6,8,10,3,6,4,11,5,6,4,3,7,4,4,11,3,9,4,7,11,5,10,5,11,7,4,6,10,0,10,10,5,11,11,6,11,2,5,10,11,4,7,11,10,7,5,7,5,2,5,6,7,11,0,3,7,11,4,2,4,4,3,2,5,6,10,8,10,4,5
11,6,9,4,5,11,7,7,0,2,11,0,5,4,11,9,7,0,3,8,0,0,8,4,3,3,8,4,5,7,6,3,5,11,7,3,9,7,11,0,2,5,6,7,4,0,11,10,6,5,11,4,7,7,5,8,8,3,2,7,0,2,6,3,4,3,5,10,5,6,9,11,4,3,6,11,5,8,5,4,7,9,11,4,7,5,0,6,7,5,4,8,5,5,0,4,10,5,8,0,6,11,6,0,8,5,7,11,2,11,11,6,0,0,7,0,3,6,11,0,5,8,0,11,8,6,8,6,3,6,7,8,0,2,4,8,0,5,3,5,5,4,3,6,7,11,9,11,5,6
0,7,10,5,6,0,8,8,2,3,0,2,6,5,0,10,8,2,4,9,2,2,9,5,4,4,9,5,6,8,7,4,6,0,8,4,10,8,0,2,3,6,7,8,5,2,0,11,7,6,0,5,8,8,6,9,9,4,3,8,2,3,7,4,5,4,6,11,6,7,10,0,5,4,7,0,6,9,6,5,8,10,0,5,8,6,2,7,8,6,5,9,6,6,2,5,11,6,9,2,7,0,7,2,9,6,8,0,3,0,0,7,2,2,8,2,4,7,0,2,6,9,2,0,9,7,9,7,4,7,8,9,2,3,5,9,2,6,4,6,6,5,4,7,8,0,10,0,6,7
2,8,11,6,7,2,9,9,3,4,2,3,7,6,2,11,9,3,5,10,3,3,10,6,5,5,10,6,7,9,8,5,7,2,9,5,11,9,2,3,4,7,8,9,6,3,2,0,8,7,2,6,9,9,7,10,10,5,4,9,3,4,8,5,6,5,7,0,7,8,11,2,6,5,8,2,7,10,7,6,9,11,2,6,9,7,3,8,9,7,6,10,7,7,3,6,0,7,10,3,8,2,8,3,10,7,9,2,4,2,2,8,3,3,9,3,5,8,2,3,7,10,3,2,10,8,10,8,5,8,9,10,3,4,6,10,3,7,5,7,7,6,5,8,9,2,11,2,7,8
3,9,0,7,8,3,10,10,4,5,3,4,8,7,3,0,10,4,6,11,4,4,11,7,6,6,11,7,8,10,9,6,8,3,10,6,0,10,3,4,5,8,9,10,7,4,3,2,9,8,3,7,10,10,8,11,11,6,5,10,4,5,9,6,7,6,8,2,8,9,0,3,7,6,9,3,8,11,8,7,10,0,3,7,10,8,4,9,10,8,7,11,8,8,4,7,2,8,11,4,9,3,9,4,11,8,10,3,5,3,3,9,4,4,10,4,6,9,3,4,8,11,4,3,11,9,11,9,6,9,10,11,4,5,7,11,4,8,6,8,8,7,6,9,10,3,0,3,8,9
4,10,2,8,9,4,11,11,5,6,4,5,9,8,4,2,11,5,7,0,5,5,0,8,7,7,0,8,9,11,10,7,9,4,11,7,2,11,4,5,6,9,10,11,8,5,4,3,10,9,4,8,11,11,9,0,0,7,6,11,5,6,10,7,8,7,9,3,9,10,2,4,8,7,10,4,9,0,9,8,11,2,4,8,11,9,5,10,11,9,8,0,9,9,5,8,3,9,0,5,10,4,10,5,0,9,11,4,6,4,4,10,5,5,11,5,7,10,4,5,9,0,5,4,0,10,0,10,7,10,11,0,5,6,8,0,5,9,7,9,9,8,7,10,11,4,2,4,9,10
5,11,3,9,10,5,0,0,6,7,5,6,10,9,5,3,0,6,8,2,6,6,2,9,8,8,2,9,10,0,11,8,10,5,0,8,3,0,5,6,7,10,11,0,9,6,5,4,11,10,5,9,0,0,10,2,2,8,7,0,6,7,11,8,9,8,10,4,10,11,3,5,9,8,11,5,10,2,10,9,0,3,5,9,0,10,6,11,0,10,9,2,10,10,6,9,4,10,2,6,11,5,11,6,2,10,0,5,7,5,5,11,6,6,0,6,8,11,5,6,10,2,6,5,2,11,2,11,8,11,0,2,6,7,9,2,6,10,8,10,10,9,8,11,0,5,3,5,10,11
6,0,4,10,11,6,2,2,7,8,6,7,11,10,6,4,2,7,9,3,7,7,3,10,9,9,3,10,11,2,0,9,11,6,2,9,4,2,6,7,8,11,0,2,10,7,6,5,0,11,6,10,2,2,11,3,3,9,8,2,7,8,0,9,10,9,11,5,11,0,4,6,10,9,0,6,11,3,11,10,2,4,6,10,2,11,7,0,2,11,10,3,11,11,7,10,5,11,3,7,0,6,0,7,3,11,2,6,8,6,6,0,7,7,2,7,9,0,6,7,11,3,7,6,3,0,3,0,9,0,2,3,7,8,10,3,7,11,9,11,11,10,9,0,2,6,4,6,11,0
7,2,5,11,0,7,3,3,8,9,7,8,0,11,7,5,3,8,10,4,8,8,4,11,10,10,4,11,0,3,2,10,0,7,3,10,5,3,7,8,9,0,2,3,11,8,7,6,2,0,7,11,3,3,0,4,4,10,9,3,8,9,2,10,11,10,0,6,0,2,5,7,11,10,2,7,0,4,0,11,3,5,7,11,3,0,8,2,3,0,11,4,0,0,8,11,6,0,4,8,2,7,2,8,4,0,3,7,9,7,7,2,8,8,3,8,10,2,7,8,0,4,8,7,4,2,4,2,10,2,3,4,8,9,11,4,8,0,10,0,0,11,10,2,3,7,5,7,0,2
8,3,6,0,2,8,4,4,9,10,8,9,2,0,8,6,4,9,11,5,9,9,5,0,11,11,5,0,2,4,3,11,2,8,4,11,6,4,8,9,10,2,3,4,0,9,8,7,3,2,8,0,4,4,2,5,5,11,10,4,9,10,3,11,0,11,2,7,2,3,6,8,0,11,3,8,2,5,2,0,4,6,8,0,4,2,9,3,4,2,0,5,2,2,9,0,7,2,5,9,3,8,3,9,5,2,4,8,10,8,8,3,9,9,4,9,11,3,8,9,2,5,9,8,5,3,5,3,11,3,4,5,9,10,0,5,9,2,11,2,2,0,11,3,4,8,6,8,2,3
9,4,7,2,3,9,5,5,10,11,9,10,3,2,9,7,5,10,0,6,10,10,6,2,0,0,6,2,3,5,4,0,3,9,5,0,7,5,9,10,11,3,4,5,2,10,9,8,4,3,9,2,5,5,3,6,6,0,11,5,10,11,4,0,2,0,3,8,3,4,7,9,2,0,4,9,3,6,3,2,5,7,9,2,5,3,10,4,5,3,2,6,3,3,10,2,8,3,6,10,4,9,4,10,6,3,5,9,11,9,9,4,10,10,5,10,0,4,9,10,3,6,10,9,6,4,6,4,0,4,5,6,10,11,2,6,10,3,0,3,3,2,0,4,5,9,7,9,3,4
10,5,8,3,4,10,6,6,11,0,10,11,4,3,10,8,6,11,2,7,11,11,7,3,2,2,7,3,4,6,5,2,4,10,6,2,8,6,10,11,0,4,5,6,3,11,10,9,5,4,10,3,6,6,4,7,7,2,0,6,11,0,5,2,3,2,4,9,4,5,8,10,3,2,5,10,4,7,4,3,6,8,10,3,6,4,11,5,6,4,3,7,4,4,11,3,9,4,7,11,5,10,5,11,7,4,6,10,0,10,10,5,11,11,6,11,2,5,10,11,4,7,11,10,7,5,7,5,2,5,6,7,11,0,3,7,11,4,2,4,4,3,2,5,6,10,8,10,4,5
11,6,9,4,5,11,7,7,0,2,11,0,5,4,11,9,7,0,3,8,0,0,8,4,3,3,8,4,5,7,6,3,5,11,7,3,9,7,11,0,2,5,6,7,4,0,11,10,6,5,11,4,7,7,5,8,8,3,2,7,0,2,6,3,4,3,5,10,5,6,9,11,4,3,6,11,5,8,5,4,7,9,11,4,7,5,0,6,7,5,4,8,5,5,0,4,10,5,8,0,6,11,6,0,8,5,7,11,2,11,11,6,0,0,7,0,3,6,11,0,5,8,0,11,8,6,8,6,3,6,7,8,0,2,4,8,0,5,3,5,5,4,3,6,7,11,9,11,5,6
0,7,10,5,6,0,8,8,2,3,0,2,6,5,0,10,8,2,4,9,2,2,9,5,4,4,9,5,6,8,7,4,6,0,8,4,10,8,0,2,3,6,7,8,5,2,0,11,7,6,0,5,8,8,6,9,9,4,3,8,2,3,7,4,5,4,6,11,6,7,10,0,5,4,7,0,6,9,6,5,8,10,0,5,8,6,2,7,8,6,5,9,6,6,2,5,11,6,9,2,7,0,7,2,9,6,8,0,3,0,0,7,2,2,8,2,4,7,0,2,6,9,2,0,9,7,9,7,4,7,8,9,2,3,5,9,2,6,4,6,6,5,4,7,8,0,10,0,6,7
2,8,11,6,7,2,9,9,3,4,2,3,7,6,2,11,9,3,5,10,3,3,10,6,5,5,10,6,7,9,8,5,7,2,9,5,11,9,2,3,4,7,8,9,6,3,2,0,8,7,2,6,9,9,7,10,10,5,4,9,3,4,8,5,6,5,7,0,7,8,11,2,6,5,8,2,7,10,7,6,9,11,2,6,9,7,3,8,9,7,6,10,7,7,3,6,0,7,10,3,8,2,8,3,10,7,9,2,4,2,2,8,3,3,9,3,5,8,2,3,7,10,3,2,10,8,10,8,5,8,9,10,3,4,6,10,3,7,5,7,7,6,5,8,9,2,11,2,7,8
3,9,0,7,8,3,10,10,4,5,3,4,8,7,3,0,10,4,6,11,4,4,11,7,6,6,11,7,8,10,9,6,8,3,10,6,0,10,3,4,5,8,9,10,7,4,3,2,9,8,3,7,10,10,8,11,11,6,5,10,4,5,9,6,7,6,8,2,8,9,0,3,7,6,9,3,8,11,8,7,10,0,3,7,10,8,4,9,10,8,7,11,8,8,4,7,2,8,11,4,9,3,9,4,11,8,10,3,5,3,3,9,4,4,10,4,6,9,3,4,8,11,4,3,11,9,11,9,6,9,10,11,4,5,7,11,4,8,6,8,8,7,6,9,10,3,0,3,8,9
4,10,2,8,9,4,11,11,5,6,4,5,9,8,4,2,11,5,7,0,5,5,0,8,7,7,0,8,9,11,10,7,9,4,11,7,2,11,4,5,6,9,10,11,8,5,4,3,10,9,4,8,11,11,9,0,0,7,6,11,5,6,10,7,8,7,9,3,9,10,2,4,8,7,10,4,9,0,9,8,11,2,4,8,11,9,5,10,11,9,8,0,9,9,5,8,3,9,0,5,10,4,10,5,0,9,11,4,6,4,4,10,5,5,11,5,7,10,4,5,9,0,5,4,0,10,0,10,7,10,11,0,5,6,8,0,5,9,7,9,9,8,7,10,11,4,2,4,9,10
5,11,3,9,10,5,0,0,6,7,5,6,10,9,5,3,0,6,8,2,6,6,2,9,8,8,2,9,10,0,11,8,10,5,0,8,3,0,5,6,7,10,11,0,9,6,5,4,11,10,5,9,0,0,10,2,2,8,7,0,6,7,11,8,9,8,10,4,10,11,3,5,9,8,11,5,10,2,10,9,0,3,5,9,0,10,6,11,0,10,9,2,10,10,6,9,4,10,2,6,11,5,11,6,2,10,0,5,7,5,5,11,6,6,0,6,8,11,5,6,10,2,6,5,2,11,2,11,8,11,0,2,6,7,9,2,6,10,8,10,10,9,8,11,0,5,3,5,10,11
6,0,4,10,11,6,2,2,7,8,6,7,11,10,6,4,2,7,9,3,7,7,3,10,9,9,3,10,11,2,0,9,11,6,2,9,4,2,6,7,8,11,0,2,10,7,6,5,0,11,6,10,2,2,11,3,3,9,8,2,7,8,0,9,10,9,11,5,11,0,4,6,10,9,0,6,11,3,11,10,2,4,6,10,2,11,7,0,2,11,10,3,11,11,7,10,5,11,3,7,0,6,0,7,3,11,2,6,8,6,6,0,7,7,2,7,9,0,6,7,11,3,7,6,3,0,3,0,9,0,2,3,7,8,10,3,7,11,9,11,11,10,9,0,2,6,4,6,11,0
7,2,5,11,0,7,3,3,8,9,7,8,0,11,7,5,3,8,10,4,8,8,4,11,10,10,4,11,0,3,2,10,0,7,3,10,5,3,7,8,9,0,2,3,11,8,7,6,2,0,7,11,3,3,0,4,4,10,9,3,8,9,2,10,11,10,0,6,0,2,5,7,11,10,2,7,0,4,0,11,3,5,7,11,3,0,8,2,3,0,11,4,0,0,8,11,6,0,4,8,2,7,2,8,4,0,3,7,9,7,7,2,8,8,3,8,10,2,7,8,0,4,8,7,4,2,4,2,10,2,3,4,8,9,11,4,8,0,10,0,0,11,10,2,3,7,5,7,0,2
8,3,6,0,2,8,4,4,9,10,8,9,2,0,8,6,4,9,11,5,9,9,5,0,11,11,5,0,2,4,3,11,2,8,4,11,6,4,8,9,10,2,3,4,0,9,8,7,3,2,8,0,4,4,2,5,5,11,10,4,9,10,3,11,0,11,2,7,2,3,6,8,0,11,3,8,2,5,2,0,4,6,8,0,4,2,9,3,4,2,0,5,2,2,9,0,7,2,5,9,3,8,3,9,5,2,4,8,10,8,8,3,9,9,4,9,11,3,8,9,2,5,9,8,5,3,5,3,11,3,4,5,9,10,0,5,9,2,11,2,2,0,11,3,4,8,6,8,2,3
9,4,7,2,3,9,5,5,10,11,9,10,3,2,9,7,5,10,0,6,10,10,6,2,0,0,6,2,3,5,4,0,3,9,5,0,7,5,9,10,11,3,4,5,2,10,9,8,4,3,9,2,5,5,3,6,6,0,11,5,10,11,4,0,2,0,3,8,3,4,7,9,2,0,4,9,3,6,3,2,5,7,9,2,5,3,10,4,5,3,2,6,3,3,10,2,8,3,6,10,4,9,4,10,6,3,5,9,11,9,9,4,10,10,5,10,0,4,9,10,3,6,10,9,6,4,6,4,0,4,5,6,10,11,2,6,10,3,0,3,3,2,0,4,5,9,7,9,3,4
10,5,8,3,4,10,6,6,11,0,10,11,4,3,10,8,6,11,2,7,11,11,7,3,2,2,7,3,4,6,5,2,4,10,6,2,8,6,10,11,0,4,5,6,3,11,10,9,5,4,10,3,6,6,4,7,7,2,0,6,11,0,5,2,3,2,4,9,4,5,8,10,3,2,5,10,4,7,4,3,6,8,10,3,6,4,11,5,6,4,3,7,4,4,11,3,9,4,7,11,5,10,5,11,7,4,6,10,0,10,10,5,11,11,6,11,2,5,10,11,4,7,11,10,7,5,7,5,2,5,6,7,11,0,3,7,11,4,2,4,4,3,2,5,6,10,8,10,4,5
11,6,9,4,5,11,7,7,0,2,11,0,5,4,11,9,7,0,3,8,0,0,8,4,3,3,8,4,5,7,6,3,5,11,7,3,9,7,11,0,2,5,6,7,4,0,11,10,6,5,11,4,7,7,5,8,8,3,2,7,0,2,6,3,4,3,5,10,5,6,9,11,4,3,6,11,5,8,5,4,7,9,11,4,7,5,0,6,7,5,4,8,5,5,0,4,10,5,8,0,6,11,6,0,8,5,7,11,2,11,11,6,0,0,7,0,3,6,11,0,5,8,0,11,8,6,8,6,3,6,7,8,0,2,4,8,0,5,3,5,5,4,3,6,7,11,9,11,5,6
0,7,10,5,6,0,8,8,2,3,0,2,6,5,0,10,8,2,4,9,2,2,9,5,4,4,9,5,6,8,7,4,6,0,8,4,10,8,0,2,3,6,7,8,5,2,0,11,7,6,0,5,8,8,6,9,9,4,3,8,2,3,7,4,5,4,6,11,6,7,10,0,5,4,7,0,6,9,6,5,8,10,0,5,8,6,2,7,8,6,5,9,6,6,2,5,11,6,9,2,7,0,7,2,9,6,8,0,3,0,0,7,2,2,8,2,4,7,0,2,6,9,2,0,9,7,9,7,4,7,8,9,2,3,5,9,2,6,4,6,6,5,4,7,8,0,10,0,6,7
2,8,11,6,7,2,9,9,3,4,2,3,7,6,2,11,9,3,5,10,3,3,10,6,5,5,10,6,7,9,8,5,7,2,9,5,11,9,2,3,4,7,8,9,6,3,2,0,8,7,2,6,9,9,7,10,10,5,4,9,3,4,8,5,6,5,7,0,7,8,11,2,6,5,8,2,7,10,7,6,9,11,2,6,9,7,3,8,9,7,6,10,7,7,3,6,0,7,10,3,8,2,8,3,10,7,9,2,4,2,2,8,3,3,9,3,5,8,2,3,7,10,3,2,10,8,10,8,5,8,9,10,3,4,6,10,3,7,5,7,7,6,5,8,9,2,11,2,7,8
3,9,0,7,8,3,10,10,4,5,3,4,8,7,3,0,10,4,6,11,4,4,11,7,6,6,11,7,8,10,9,6,8,3,10,6,0,10,3,4,5,8,9,10,7,4,3,2,9,8,3,7,10,10,8,11,11,6,5,10,4,5,9,6,7,6,8,2,8,9,0,3,7,6,9,3,8,11,8,7,10,0,3,7,10,8,4,9,10,8,7,11,8,8,4,7,2,8,11,4,9,3,9,4,11,8,10,3,5,3,3,9,4,4,10,4,6,9,3,4,8,11,4,3,11,9,11,9,6,9,10,11,4,5,7,11,4,8,6,8,8,7,6,9,10,3,0,3,8,9
4,10,2,8,9,4,11,11,5,6,4,5,9,8,4,2,11,5,7,0,5,5,0,8,7,7,0,8,9,11,10,7,9,4,11,7,2,11,4,5,6,9,10,11,8,5,4,3,10,9,4,8,11,11,9,0,0,7,6,11,5,6,10,7,8,7,9,3,9,10,2,4,8,7,10,4,9,0,9,8,11,2,4,8,11,9,5,10,11,9,8,0,9,9,5,8,3,9,0,5,10,4,10,5,0,9,11,4,6,4,4,10,5,5,11,5,7,10,4,5,9,0,5,4,0,10,0,10,7,10,11,0,5,6,8,0,5,9,7,9,9,8,7,10,11,4,2,4,9,10
5,11,3,9,10,5,0,0,6,7,5,6,10,9,5,3,0,6,8,2,6,6,2,9,8,8,2,9,10,0,11,8,10,5,0,8,3,0,5,6,7,10,11,0,9,6,5,4,11,10,5,9,0,0,10,2,2,8,7,0,6,7,11,8,9,8,10,4,10,11,3,5,9,8,11,5,10,2,10,9,0,3,5,9,0,10,6,11,0,10,9,2,10,10,6,9,4,10,2,6,11,5,11,6,2,10,0,5,7,5,5,11,6,6,0,6,8,11,5,6,10,2,6,5,2,11,2,11,8,11,0,2,6,7,9,2,6,10,8,10,10,9,8,11,0,5,3,5,10,11
6,0,4,10,11,6,2,2,7,8,6,7,11,10,6,4,2,7,9,3,7,7,3,10,9,9,3,10,11,2,0,9,11,6,2,9,4,2,6,7,8,11,0,2,10,7,6,5,0,11,6,10,2,2,11,3,3,9,8,2,7,8,0,9,10,9,11,5,11,0,4,6,10,9,0,6,11,3,11,10,2,4,6,10,2,11,7,0,2,11,10,3,11,11,7,10,5,11,3,7,0,6,0,7,3,11,2,6,8,6,6,0,7,7,2,7,9,0,6,7,11,3,7,6,3,0,3,0,9,0,2,3,7,8,10,3,7,11,9,11,11,10,9,0,2,6,4,6,11,0
7,2,5,11,0,7,3,3,8,9,7,8,0,11,7,5,3,8,10,4,8,8,4,11,10,10,4,11,0,3,2,10,0,7,3,10,5,3,7,8,9,0,2,3,11,8,7,6,2,0,7,11,3,3,0,4,4,10,9,3,8,9,2,10,11,10,0,6,0,2,5,7,11,10,2,7,0,4,0,11,3,5,7,11,3,0,8,2,3,0,11,4,0,0,8,11,6,0,4,8,2,7,2,8,4,0,3,7,9,7,7,2,8,8,3,8,10,2,7,8,0,4,8,7,4,2,4,2,10,2,3,4,8,9,11,4,8,0,10,0,0,11,10,2,3,7,5,7,0,2
8,3,6,0,2,8,4,4,9,10,8,9,2,0,8,6,4,9,11,5,9,9,5,0,11,11,5,0,2,4,3,11,2,8,4,11,6,4,8,9,10,2,3,4,0,9,8,7,3,2,8,0,4,4,2,5,5,11,10,4,9,10,3,11,0,11,2,7,2,3,6,8,0,11,3,8,2,5,2,0,4,6,8,0,4,2,9,3,4,2,0,5,2,2,9,0,7,2,5,9,3,8,3,9,5,2,4,8,10,8,8,3,9,9,4,9,11,3,8,9,2,5,9,8,5,3,5,3,11,3,4,5,9,10,0,5,9,2,11,2,2,0,11,3,4,8,6,8,2,3
9,4,7,2,3,9,5,5,10,11,9,10,3,2,9,7,5,10,0,6,10,10,6,2,0,0,6,2,3,5,4,0,3,9,5,0,7,5,9,10,11,3,4,5,2,10,9,8,4,3,9,2,5,5,3,6,6,0,11,5,10,11,4,0,2,0,3,8,3,4,7,9,2,0,4,9,3,6,3,2,5,7,9,2,5,3,10,4,5,3,2,6,3,3,10,2,8,3,6,10,4,9,4,10,6,3,5,9,11,9,9,4,10,10,5,10,0,4,9,10,3,6,10,9,6,4,6,4,0,4,5,6,10,11,2,6,10,3,0,3,3,2,0,4,5,9,7,9,3,4
10,5,8,3,4,10,6,6,11,0,10,11,4,3,10,8,6,11,2,7,11,11,7,3,2,2,7,3,4,6,5,2,4,10,6,2,8,6,10,11,0,4,5,6,3,11,10,9,5,4,10,3,6,6,4,7,7,2,0,6,11,0,5,2,3,2,4,9,4,5,8,10,3,2,5,10,4,7,4,3,6,8,10,3,6,4,11,5,6,4,3,7,4,4,11,3,9,4,7,11,5,10,5,11,7,4,6,10,0,10,10,5,11,11,6,11,2,5,10,11,4,7,11,10,7,5,7,5,2,5,6,7,11,0,3,7,11,4,2,4,4,3,2,5,6,10,8,10,4,5
11,6,9,4,5,11,7,7,0,2,11,0,5,4,11,9,7,0,3,8,0,0,8,4,3,3,8,4,5,7,6,3,5,11,7,3,9,7,11,0,2,5,6,7,4,0,11,10,6,5,11,4,7,7,5,8,8,3,2,7,0,2,6,3,4,3,5,10,5,6,9,11,4,3,6,11,5,8,5,4,7,9,11,4,7,5,0,6,7,5,4,8,5,5,0,4,10,5,8,0,6,11,6,0,8,5,7,11,2,11,11,6,0,0,7,0,3,6,11,0,5,8,0,11,8,6,8,6,3,6,7,8,0,2,4,8,0,5,3,5,5,4,3,6,7,11,9,11,5,6
0,7,10,5,6,0,8,8,2,3,0,2,6,5,0,10,8,2,4,9,2,2,9,5,4,4,9,5,6,8,7,4,6,0,8,4,10,8,0,2,3,6,7,8,5,2,0,11,7,6,0,5,8,8,6,9,9,4,3,8,2,3,7,4,5,4,6,11,6,7,10,0,5,4,7,0,6,9,6,5,8,10,0,5,8,6,2,7,8,6,5,9,6,6,2,5,11,6,9,2,7,0,7,2,9,6,8,0,3,0,0,7,2,2,8,2,4,7,0,2,6,9,2,0,9,7,9,7,4,7,8,9,2,3,5,9,2,6,4,6,6,5,4,7,8,0,10,0,6,7
2,8,11,6,7,2,9,9,3,4,2,3,7,6,2,11,9,3,5,10,3,3,10,6,5,5,10,6,7,9,8,5,7,2,9,5,11,9,2,3,4,7,8,9,6,3,2,0,8,7,2,6,9,9,7,10,10,5,4,9,3,4,8,5,6,5,7,0,7,8,11,2,6,5,8,2,7,10,7,6,9,11,2,6,9,7,3,8,9,7,6,10,7,7,3,6,0,7,10,3,8,2,8,3,10,7,9,2,4,2,2,8,3,3,9,3,5,8,2,3,7,10,3,2,10,8,10,8,5,8,9,10,3,4,6,10,3,7,5,7,7,6,5,8,9,2,11,2,7,8
3,9,0,7,8,3,10,10,4,5,3,4,8,7,3,0,10,4,6,11,4,4,11,7,6,6,11,7,8,10,9,6,8,3,10,6,0,10,3,4,5,8,9,10,7,4,3,2,9,8,3,7,10,10,8,11,11,6,5,10,4,5,9,6,7,6,8,2,8,9,0,3,7,6,9,3,8,11,8,7,10,0,3,7,10,8,4,9,10,8,7,11,8,8,4,7,2,8,11,4,9,3,9,4,11,8,10,3,5,3,3,9,4,4,10,4,6,9,3,4,8,11,4,3,11,9,11,9,6,9,10,11,4,5,7,11,4,8,6,8,8,7,6,9,10,3,0,3,8,9
4,10,2,8,9,4,11,11,5,6,4,5,9,8,4,2,11,5,7,0,5,5,0,8,7,7,0,8,9,11,10,7,9,4,11,7,2,11,4,5,6,9,10,11,8,5,4,3,10,9,4,8,11,11,9,0,0,7,6,11,5,6,10,7,8,7,9,3,9,10,2,4,8,7,10,4,9,0,9,8,11,2,4,8,11,9,5,10,11,9,8,0,9,9,5,8,3,9,0,5,10,4,10,5,0,9,11,4,6,4,4,10,5,5,11,5,7,10,4,5,9,0,5,4,0,10,0,10,7,10,11,0,5,6,8,0,5,9,7,9,9,8,7,10,11,4,2,4,9,10
5,11,3,9,10,5,0,0,6,7,5,6,10,9,5,3,0,6,8,2,6,6,2,9,8,8,2,9,10,0,11,8,10,5,0,8,3,0,5,6,7,10,11,0,9,6,5,4,11,10,5,9,0,0,10,2,2,8,7,0,6,7,11,8,9,8,10,4,10,11,3,5,9,8,11,5,10,2,10,9,0,3,5,9,0,10,6,11,0,10,9,2,10,10,6,9,4,10,2,6,11,5,11,6,2,10,0,5,7,5,5,11,6,6,0,6,8,11,5,6,10,2,6,5,2,11,2,11,8,11,0,2,6,7,9,2,6,10,8,10,10,9,8,11,0,5,3,5,10,11
6,0,4,10,11,6,2,2,7,8,6,7,11,10,6,4,2,7,9,3,7,7,3,10,9,9,3,10,11,2,0,9,11,6,2,9,4,2,6,7,8,11,0,2,10,7,6,5,0,11,6,10,2,2,11,3,3,9,8,2,7,8,0,9,10,9,11,5,11,0,4,6,10,9,0,6,11,3,11,10,2,4,6,10,2,11,7,0,2,11,10,3,11,11,7,10,5,11,3,7,0,6,0,7,3,11,2,6,8,6,6,0,7,7,2,7,9,0,6,7,11,3,7,6,3,0,3,0,9,0,2,3,7,8,10,3,7,11,9,11,11,10,9,0,2,6,4,6,11,0
7,2,5,11,0,7,3,3,8,9,7,8,0,11,7,5,3,8,10,4,8,8,4,11,10,10,4,11,0,3,2,10,0,7,3,10,5,3,7,8,9,0,2,3,11,8,7,6,2,0,7,11,3,3,0,4,4,10,9,3,8,9,2,10,11,10,0,6,0,2,5,7,11,10,2,7,0,4,0,11,3,5,7,11,3,0,8,2,3,0,11,4,0,0,8,11,6,0,4,8,2,7,2,8,4,0,3,7,9,7,7,2,8,8,3,8,10,2,7,8,0,4,8,7,4,2,4,2,10,2,3,4,8,9,11,4,8,0,10,0,0,11,10,2,3,7,5,7,0,2
8,3,6,0,2,8,4,4,9,10,8,9,2,0,8,6,4,9,11,5,9,9,5,0,11,11,5,0,2,4,3,11,2,8,4,11,6,4,8,9,10,2,3,4,0,9,8,7,3,2,8,0,4,4,2,5,5,11,10,4,9,10,3,11,0,11,2,7,2,3,6,8,0,11,3,8,2,5,2,0,4,6,8,0,4,2,9,3,4,2,0,5,2,2,9,0,7,2,5,9,3,8,3,9,5,2,4,8,10,8,8,3,9,9,4,9,11,3,8,9,2,5,9,8,5,3,5,3,11,3,4,5,9,10,0,5,9,2,11,2,2,0,11,3,4,8,6,8,2,3
9,4,7,2,3,9,5,5,10,11,9,10,3,2,9,7,5,10,0,6,10,10,6,2,0,0,6,2,3,5,4,0,3,9,5,0,7,5,9,10,11,3,4,5,2,10,9,8,4,3,9,2,5,5,3,6,6,0,11,5,10,11,4,0,2,0,3,8,3,4,7,9,2,0,4,9,3,6,3,2,5,7,9,2,5,3,10,4,5,3,2,6,3,3,10,2,8,3,6,10,4,9,4,10,6,3,5,9,11,9,9,4,10,10,5,10,0,4,9,10,3,6,10,9,6,4,6,4,0,4,5,6,10,11,2,6,10,3,0,3,3,2,0,4,5,9,7,9,3,4
10,5,8,3,4,10,6,6,11,0,10,11,4,3,10,8,6,11,2,7,11,11,7,3,2,2,7,3,4,6,5,2,4,10,6,2,8,6,10,11,0,4,5,6,3,11,10,9,5,4,10,3,6,6,4,7,7,2,0,6,11,0,5,2,3,2,4,9,4,5,8,10,3,2,5,10,4,7,4,3,6,8,10,3,6,4,11,5,6,4,3,7,4,4,11,3,9,4,7,11,5,10,5,11,7,4,6,10,0,10,10,5,11,11,6,11,2,5,10,11,4,7,11,10,7,5,7,5,2,5,6,7,11,0,3,7,11,4,2,4,4,3,2,5,6,10,8,10,4,5
11,6,9,4,5,11,7,7,0,2,11,0,5,4,11,9,7,0,3,8,0,0,8,4,3,3,8,4,5,7,6,3,5,11,7,3,9,7,11,0,2,5,6,7,4,0,11,10,6,5,11,4,7,7,5,8,8,3,2,7,0,2,6,3,4,3,5,10,5,6,9,11,4,3,6,11,5,8,5,4,7,9,11,4,7,5,0,6,7,5,4,8,5,5,0,4,10,5,8,0,6,11,6,0,8,5,7,11,2,11,11,6,0,0,7,0,3,6,11,0,5,8,0,11,8,6,8,6,3,6,7,8,0,2,4,8,0,5,3,5,5,4,3,6,7,11,9,11,5,6
0,7,10,5,6,0,8,8,2,3,0,2,6,5,0,10,8,2,4,9,2,2,9,5,4,4,9,5,6,8,7,4,6,0,8,4,10,8,0,2,3,6,7,8,5,2,0,11,7,6,0,5,8,8,6,9,9,4,3,8,2,3,7,4,5,4,6,11,6,7,10,0,5,4,7,0,6,9,6,5,8,10,0,5,8,6,2,7,8,6,5,9,6,6,2,5,11,6,9,2,7,0,7,2,9,6,8,0,3,0,0,7,2,2,8,2,4,7,0,2,6,9,2,0,9,7,9,7,4,7,8,9,2,3,5,9,2,6,4,6,6,5,4,7,8,0,10,0,6,7
2,8,11,6,7,2,9,9,3,4,2,3,7,6,2,11,9,3,5,10,3,3,10,6,5,5,10,6,7,9,8,5,7,2,9,5,11,9,2,3,4,7,8,9,6,3,2,0,8,7,2,6,9,9,7,10,10,5,4,9,3,4,8,5,6,5,7,0,7,8,11,2,6,5,8,2,7,10,7,6,9,11,2,6,9,7,3,8,9,7,6,10,7,7,3,6,0,7,10,3,8,2,8,3,10,7,9,2,4,2,2,8,3,3,9,3,5,8,2,3,7,10,3,2,10,8,10,8,5,8,9,10,3,4,6,10,3,7,5,7,7,6,5,8,9,2,11,2,7,8
3,9,0,7,8,3,10,10,4,5,3,4,8,7,3,0,10,4,6,11,4,4,11,7,6,6,11,7,8,10,9,6,8,3,10,6,0,10,3,4,5,8,9,10,7,4,3,2,9,8,3,7,10,10,8,11,11,6,5,10,4,5,9,6,7,6,8,2,8,9,0,3,7,6,9,3,8,11,8,7,10,0,3,7,10,8,4,9,10,8,7,11,8,8,4,7,2,8,11,4,9,3,9,4,11,8,10,3,5,3,3,9,4,4,10,4,6,9,3,4,8,11,4,3,11,9,11,9,6,9,10,11,4,5,7,11,4,8,6,8,8,7,6,9,10,3,0,3,8,9
4,10,2,8,9,4,11,11,5,6,4,5,9,8,4,2,11,5,7,0,5,5,0,8,7,7,0,8,9,11,10,7,9,4,11,7,2,11,4,5,6,9,10,11,8,5,4,3,10,9,4,8,11,11,9,0,0,7,6,11,5,6,10,7,8,7,9,3,9,10,2,4,8,7,10,4,9,0,9,8,11,2,4,8,11,9,5,10,11,9,8,0,9,9,5,8,3,9,0,5,10,4,10,5,0,9,11,4,6,4,4,10,5,5,11,5,7,10,4,5,9,0,5,4,0,10,0,10,7,10,11,0,5,6,8,0,5,9,7,9,9,8,7,10,11,4,2,4,9,10
5,11,3,9,10,5,0,0,6,7,5,6,10,9,5,3,0,6,8,2,6,6,2,9,8,8,2,9,10,0,11,8,10,5,0,8,3,0,5,6,7,10,11,0,9,6,5,4,11,10,5,9,0,0,10,2,2,8,7,0,6,7,11,8,9,8,10,4,10,11,3,5,9,8,11,5,10,2,10,9,0,3,5,9,0,10,6,11,0,10,9,2,10,10,6,9,4,10,2,6,11,5,11,6,2,10,0,5,7,5,5,11,6,6,0,6,8,11,5,6,10,2,6,5,2,11,2,11,8,11,0,2,6,7,9,2,6,10,8,10,10,9,8,11,0,5,3,5,10,11
6,0,4,10,11,6,2,2,7,8,6,7,11,10,6,4,2,7,9,3,7,7,3,10,9,9,3,10,11,2,0,9,11,6,2,9,4,2,6,7,8,11,0,2,10,7,6,5,0,11,6,10,2,2,11,3,3,9,8,2,7,8,0,9,10,9,11,5,11,0,4,6,10,9,0,6,11,3,11,10,2,4,6,10,2,11,7,0,2,11,10,3,11,11,7,10,5,11,3,7,0,6,0,7,3,11,2,6,8,6,6,0,7,7,2,7,9,0,6,7,11,3,7,6,3,0,3,0,9,0,2,3,7,8,10,3,7,11,9,11,11,10,9,0,2,6,4,6,11,0
7,2,5,11,0,7,3,3,8,9,7,8,0,11,7,5,3,8,10,4,8,8,4,11,10,10,4,11,0,3,2,10,0,7,3,10,5,3,7,8,9,0,2,3,11,8,7,6,2,0,7,11,3,3,0,4,4,10,9,3,8,9,2,10,11,10,0,6,0,2,5,7,11,10,2,7,0,4,0,11,3,5,7,11,3,0,8,2,3,0,11,4,0,0,8,11,6,0,4,8,2,7,2,8,4,0,3,7,9,7,7,2,8,8,3,8,10,2,7,8,0,4,8,7,4,2,4,2,10,2,3,4,8,9,11,4,8,0,10,0,0,11,10,2,3,7,5,7,0,2
8,3,6,0,2,8,4,4,9,10,8,9,2,0,8,6,4,9,11,5,9,9,5,0,11,11,5,0,2,4,3,11,2,8,4,11,6,4,8,9,10,2,3,4,0,9,8,7,3,2,8,0,4,4,2,5,5,11,10,4,9,10,3,11,0,11,2,7,2,3,6,8,0,11,3,8,2,5,2,0,4,6,8,0,4,2,9,3,4,2,0,5,2,2,9,0,7,2,5,9,3,8,3,9,5,2,4,8,10,8,8,3,9,9,4,9,11,3,8,9,2,5,9,8,5,3,5,3,11,3,4,5,9,10,0,5,9,2,11,2,2,0,11,3,4,8,6,8,2,3
9,4,7,2,3,9,5,5,10,11,9,10,3,2,9,7,5,10,0,6,10,10,6,2,0,0,6,2,3,5,4,0,3,9,5,0,7,5,9,10,11,3,4,5,2,10,9,8,4,3,9,2,5,5,3,6,6,0,11,5,10,11,4,0,2,0,3,8,3,4,7,9,2,0,4,9,3,6,3,2,5,7,9,2,5,3,10,4,5,3,2,6,3,3,10,2,8,3,6,10,4,9,4,10,6,3,5,9,11,9,9,4,10,10,5,10,0,4,9,10,3,6,10,9,6,4,6,4,0,4,5,6,10,11,2,6,10,3,0,3,3,2,0,4,5,9,7,9,3,4
10,5,8,3,4,10,6,6,11,0,10,11,4,3,10,8,6,11,2,7,11,11,7,3,2,2,7,3,4,6,5,2,4,10,6,2,8,6,10,11,0,4,5,6,3,11,10,9,5,4,10,3,6,6,4,7,7,2,0,6,11,0,5,2,3,2,4,9,4,5,8,10,3,2,5,10,4,7,4,3,6,8,10,3,6,4,11,5,6,4,3,7,4,4,11,3,9,4,7,11,5,10,5,11,7,4,6,10,0,10,10,5,11,11,6,11,2,5,10,11,4,7,11,10,7,5,7,5,2,5,6,7,11,0,3,7,11,4,2,4,4,3,2,5,6,10,8,10,4,5
11,6,9,4,5,11,7,7,0,2,11,0,5,4,11,9,7,0,3,8,0,0,8,4,3,3,8,4,5,7,6,3,5,11,7,3,9,7,11,0,2,5,6,7,4,0,11,10,6,5,11,4,7,7,5,8,8,3,2,7,0,2,6,3,4,3,5,10,5,6,9,11,4,3,6,11,5,8,5,4,7,9,11,4,7,5,0,6,7,5,4,8,5,5,0,4,10,5,8,0,6,11,6,0,8,5,7,11,2,11,11,6,0,0,7,0,3,6,11,0,5,8,0,11,8,6,8,6,3,6,7,8,0,2,4,8,0,5,3,5,5,4,3,6,7,11,9,11,5,6
0,7,10,5,6,0,8,8,2,3,0,2,6,5,0,10,8,2,4,9,2,2,9,5,4,4,9,5,6,8,7,4,6,0,8,4,10,8,0,2,3,6,7,8,5,2,0,11,7,6,0,5,8,8,6,9,9,4,3,8,2,3,7,4,5,4,6,11,6,7,10,0,5,4,7,0,6,9,6,5,8,10,0,5,8,6,2,7,8,6,5,9,6,6,2,5,11,6,9,2,7,0,7,2,9,6,8,0,3,0,0,7,2,2,8,2,4,7,0,2,6,9,2,0,9,7,9,7,4,7,8,9,2,3,5,9,2,6,4,6,6,5,4,7,8,0,10,0,6,7
2,8,11,6,7,2,9,9,3,4,2,3,7,6,2,11,9,3,5,10,3,3,10,6,5,5,10,6,7,9,8,5,7,2,9,5,11,9,2,3,4,7,8,9,6,3,2,0,8,7,2,6,9,9,7,10,10,5,4,9,3,4,8,5,6,5,7,0,7,8,11,2,6,5,8,2,7,10,7,6,9,11,2,6,9,7,3,8,9,7,6,10,7,7,3,6,0,7,10,3,8,2,8,3,10,7,9,2,4,2,2,8,3,3,9,3,5,8,2,3,7,10,3,2,10,8,10,8,5,8,9,10,3,4,6,10,3,7,5,7,7,6,5,8,9,2,11,2,7,8
3,9,0,7,8,3,10,10,4,5,3,4,8,7,3,0,10,4,6,11,4,4,11,7,6,6,11,7,8,10,9,6,8,3,10,6,0,10,3,4,5,8,9,10,7,4,3,2,9,8,3,7,10,10,8,11,11,6,5,10,4,5,9,6,7,6,8,2,8,9,0,3,7,6,9,3,8,11,8,7,10,0,3,7,10,8,4,9,10,8,7,11,8,8,4,7,2,8,11,4,9,3,9,4,11,8,10,3,5,3,3,9,4,4,10,4,6,9,3,4,8,11,4,3,11,9,11,9,6,9,10,11,4,5,7,11,4,8,6,8,8,7,6,9,10,3,0,3,8,9
4,10,2,8,9,4,11,11,5,6,4,5,9,8,4,2,11,5,7,0,5,5,0,8,7,7,0,8,9,11,10,7,9,4,11,7,2,11,4,5,6,9,10,11,8,5,4,3,10,9,4,8,11,11,9,0,0,7,6,11,5,6,10,7,8,7,9,3,9,10,2,4,8,7,10,4,9,0,9,8,11,2,4,8,11,9,5,10,11,9,8,0,9,9,5,8,3,9,0,5,10,4,10,5,0,9,11,4,6,4,4,10,5,5,11,5,7,10,4,5,9,0,5,4,0,10,0,10,7,10,11,0,5,6,8,0,5,9,7,9,9,8,7,10,11,4,2,4,9,10
5,11,3,9,10,5,0,0,6,7,5,6,10,9,5,3,0,6,8,2,6,6,2,9,8,8,2,9,10,0,11,8,10,5,0,8,3,0,5,6,7,10,11,0,9,6,5,4,11,10,5,9,0,0,10,2,2,8,7,0,6,7,11,8,9,8,10,4,10,11,3,5,9,8,11,5,10,2,10,9,0,3,5,9,0,10,6,11,0,10,9,2,10,10,6,9,4,10,2,6,11,5,11,6,2,10,0,5,7,5,5,11,6,6,0,6,8,11,5,6,10,2,6,5,2,11,2,11,8,11,0,2,6,7,9,2,6,10,8,10,10,9,8,11,0,5,3,5,10,11
6,0,4,10,11,6,2,2,7,8,6,7,11,10,6,4,2,7,9,3,7,7,3,10,9,9,3,10,11,2,0,9,11,6,2,9,4,2,6,7,8,11,0,2,10,7,6,5,0,11,6,10,2,2,11,3,3,9,8,2,7,8,0,9,10,9,11,5,11,0,4,6,10,9,0,6,11,3,11,10,2,4,6,10,2,11,7,0,2,11,10,3,11,11,7,10,5,11,3,7,0,6,0,7,3,11,2,6,8,6,6,0,7,7,2,7,9,0,6,7,11,3,7,6,3,0,3,0,9,0,2,3,7,8,10,3,7,11,9,11,11,10,9,0,2,6,4,6,11,0
7,2,5,11,0,7,3,3,8,9,7,8,0,11,7,5,3,8,10,4,8,8,4,11,10,10,4,11,0,3,2,10,0,7,3,10,5,3,7,8,9,0,2,3,11,8,7,6,2,0,7,11,3,3,0,4,4,10,9,3,8,9,2,10,11,10,0,6,0,2,5,7,11,10,2,7,0,4,0,11,3,5,7,11,3,0,8,2,3,0,11,4,0,0,8,11,6,0,4,8,2,7,2,8,4,0,3,7,9,7,7,2,8,8,3,8,10,2,7,8,0,4,8,7,4,2,4,2,10,2,3,4,8,9,11,4,8,0,10,0,0,11,10,2,3,7,5,7,0,2
8,3,6,0,2,8,4,4,9,10,8,9,2,0,8,6,4,9,11,5,9,9,5,0,11,11,5,0,2,4,3,11,2,8,4,11,6,4,8,9,10,2,3,4,0,9,8,7,3,2,8,0,4,4,2,5,5,11,10,4,9,10,3,11,0,11,2,7,2,3,6,8,0,11,3,8,2,5,2,0,4,6,8,0,4,2,9,3,4,2,0,5,2,2,9,0,7,2,5,9,3,8,3,9,5,2,4,8,10,8,8,3,9,9,4,9,11,3,8,9,2,5,9,8,5,3,5,3,11,3,4,5,9,10,0,5,9,2,11,2,2,0,11,3,4,8,6,8,2,3
9,4,7,2,3,9,5,5,10,11,9,10,3,2,9,7,5,10,0,6,10,10,6,2,0,0,6,2,3,5,4,0,3,9,5,0,7,5,9,10,11,3,4,5,2,10,9,8,4,3,9,2,5,5,3,6,6,0,11,5,10,11,4,0,2,0,3,8,3,4,7,9,2,0,4,9,3,6,3,2,5,7,9,2,5,3,10,4,5,3,2,6,3,3,10,2,8,3,6,10,4,9,4,10,6,3,5,9,11,9,9,4,10,10,5,10,0,4,9,10,3,6,10,9,6,4,6,4,0,4,5,6,10,11,2,6,10,3,0,3,3,2,0,4,5,9,7,9,3,4
10,5,8,3,4,10,6,6,11,0,10,11,4,3,10,8,6,11,2,7,11,11,7,3,2,2,7,3,4,6,5,2,4,10,6,2,8,6,10,11,0,4,5,6,3,11,10,9,5,4,10,3,6,6,4,7,7,2,0,6,11,0,5,2,3,2,4,9,4,5,8,10,3,2,5,10,4,7,4,3,6,8,10,3,6,4,11,5,6,4,3,7,4,4,11,3,9,4,7,11,5,10,5,11,7,4,6,10,0,10,10,5,11,11,6,11,2,5,10,11,4,7,11,10,7,5,7,5,2,5,6,7,11,0,3,7,11,4,2,4,4,3,2,5,6,10,8,10,4,5
11,6,9,4,5,11,7,7,0,2,11,0,5,4,11,9,7,0,3,8,0,0,8,4,3,3,8,4,5,7,6,3,5,11,7,3,9,7,11,0,2,5,6,7,4,0,11,10,6,5,11,4,7,7,5,8,8,3,2,7,0,2,6,3,4,3,5,10,5,6,9,11,4,3,6,11,5,8,5,4,7,9,11,4,7,5,0,6,7,5,4,8,5,5,0,4,10,5,8,0,6,11,6,0,8,5,7,11,2,11,11,6,0,0,7,0,3,6,11,0,5,8,0,11,8,6,8,6,3,6,7,8,0,2,4,8,0,5,3,5,5,4,3,6,7,11,9,11,5,6
0,7,10,5,6,0,8,8,2,3,0,2,6,5,0,10,8,2,4,9,2,2,9,5,4,4,9,5,6,8,7,4,6,0,8,4,10,8,0,2,3,6,7,8,5,2,0,11,7,6,0,5,8,8,6,9,9,4,3,8,2,3,7,4,5,4,6,11,6,7,10,0,5,4,7,0,6,9,6,5,8,10,0,5,8,6,2,7,8,6,5,9,6,6,2,5,11,6,9,2,7,0,7,2,9,6,8,0,3,0,0,7,2,2,8,2,4,7,0,2,6,9,2,0,9,7,9,7,4,7,8,9,2,3,5,9,2,6,4,6,6,5,4,7,8,0,10,0,6,7
2,8,11,6,7,2,9,9,3,4,2,3,7,6,2,11,9,3,5,10,3,3,10,6,5,5,10,6,7,9,8,5,7,2,9,5,11,9,2,3,4,7,8,9,6,3,2,0,8,7,2,6,9,9,7,10,10,5,4,9,3,4,8,5,6,5,7,0,7,8,11,2,6,5,8,2,7,10,7,6,9,11,2,6,9,7,3,8,9,7,6,10,7,7,3,6,0,7,10,3,8,2,8,3,10,7,9,2,4,2,2,8,3,3,9,3,5,8,2,3,7,10,3,2,10,8,10,8,5,8,9,10,3,4,6,10,3,7,5,7,7,6,5,8,9,2,11,2,7,8
3,9,0,7,8,3,10,10,4,5,3,4,8,7,3,0,10,4,6,11,4,4,11,7,6,6,11,7,8,10,9,6,8,3,10,6,0,10,3,4,5,8,9,10,7,4,3,2,9,8,3,7,10,10,8,11,11,6,5,10,4,5,9,6,7,6,8,2,8,9,0,3,7,6,9,3,8,11,8,7,10,0,3,7,10,8,4,9,10,8,7,11,8,8,4,7,2,8,11,4,9,3,9,4,11,8,10,3,5,3,3,9,4,4,10,4,6,9,3,4,8,11,4,3,11,9,11,9,6,9,10,11,4,5,7,11,4,8,6,8,8,7,6,9,10,3,0,3,8,9
4,10,2,8,9,4,11,11,5,6,4,5,9,8,4,2,11,5,7,0,5,5,0,8,7,7,0,8,9,11,10,7,9,4,11,7,2,11,4,5,6,9,10,11,8,5,4,3,10,9,4,8,11,11,9,0,0,7,6,11,5,6,10,7,8,7,9,3,9,10,2,4,8,7,10,4,9,0,9,8,11,2,4,8,11,9,5,10,11,9,8,0,9,9,5,8,3,9,0,5,10,4,10,5,0,9,11,4,6,4,4,10,5,5,11,5,7,10,4,5,9,0,5,4,0,10,0,10,7,10,11,0,5,6,8,0,5,9,7,9,9,8,7,10,11,4,2,4,9,10
5,11,3,9,10,5,0,0,6,7,5,6,10,9,5,3,0,6,8,2,6,6,2,9,8,8,2,9,10,0,11,8,10,5,0,8,3,0,5,6,7,10,11,0,9,6,5,4,11,10,5,9,0,0,10,2,2,8,7,0,6,7,11,8,9,8,10,4,10,11,3,5,9,8,11,5,10,2,10,9,0,3,5,9,0,10,6,11,0,10,9,2,10,10,6,9,4,10,2,6,11,5,11,6,2,10,0,5,7,5,5,11,6,6,0,6,8,11,5,6,10,2,6,5,2,11,2,11,8,11,0,2,6,7,9,2,6,10,8,10,10,9,8,11,0,5,3,5,10,11
6,0,4,10,11,6,2,2,7,8,6,7,11,10,6,4,2,7,9,3,7,7,3,10,9,9,3,10,11,2,0,9,11,6,2,9,4,2,6,7,8,11,0,2,10,7,6,5,0,11,6,10,2,2,11,3,3,9,8,2,7,8,0,9,10,9,11,5,11,0,4,6,10,9,0,6,11,3,11,10,2,4,6,10,2,11,7,0,2,11,10,3,11,11,7,10,5,11,3,7,0,6,0,7,3,11,2,6,8,6,6,0,7,7,2,7,9,0,6,7,11,3,7,6,3,0,3,0,9,0,2,3,7,8,10,3,7,11,9,11,11,10,9,0,2,6,4,6,11,0
7,2,5,11,0,7,3,3,8,9,7,8,0,11,7,5,3,8,10,4,8,8,4,11,10,10,4,11,0,3,2,10,0,7,3,10,5,3,7,8,9,0,2,3,11,8,7,6,2,0,7,11,3,3,0,4,4,10,9,3,8,9,2,10,11,10,0,6,0,2,5,7,11,10,2,7,0,4,0,11,3,5,7,11,3,0,8,2,3,0,11,4,0,0,8,11,6,0,4,8,2,7,2,8,4,0,3,7,9,7,7,2,8,8,3,8,10,2,7,8,0,4,8,7,4,2,4,2,10,2,3,4,8,9,11,4,8,0,10,0,0,11,10,2,3,7,5,7,0,2
8,3,6,0,2,8,4,4,9,10,8,9,2,0,8,6,4,9,11,5,9,9,5,0,11,11,5,0,2,4,3,11,2,8,4,11,6,4,8,9,10,2,3,4,0,9,8,7,3,2,8,0,4,4,2,5,5,11,10,4,9,10,3,11,0,11,2,7,2,3,6,8,0,11,3,8,2,5,2,0,4,6,8,0,4,2,9,3,4,2,0,5,2,2,9,0,7,2,5,9,3,8,3,9,5,2,4,8,10,8,8,3,9,9,4,9,11,3,8,9,2,5,9,8,5,3,5,3,11,3,4,5,9,10,0,5,9,2,11,2,2,0,11,3,4,8,6,8,2,3
9,4,7,2,3,9,5,5,10,11,9,10,3,2,9,7,5,10,0,6,10,10,6,2,0,0,6,2,3,5,4,0,3,9,5,0,7,5,9,10,11,3,4,5,2,10,9,8,4,3,9,2,5,5,3,6,6,0,11,5,10,11,4,0,2,0,3,8,3,4,7,9,2,0,4,9,3,6,3,2,5,7,9,2,5,3,10,4,5,3,2,6,3,3,10,2,8,3,6,10,4,9,4,10,6,3,5,9,11,9,9,4,10,10,5,10,0,4,9,10,3,6,10,9,6,4,6,4,0,4,5,6,10,11,2,6,10,3,0,3,3,2,0,4,5,9,7,9,3,4
10,5,8,3,4,10,6,6,11,0,10,11,4,3,10,8,6,11,2,7,11,11,7,3,2,2,7,3,4,6,5,2,4,10,6,2,8,6,10,11,0,4,5,6,3,11,10,9,5,4,10,3,6,6,4,7,7,2,0,6,11,0,5,2,3,2,4,9,4,5,8,10,3,2,5,10,4,7,4,3,6,8,10,3,6,4,11,5,6,4,3,7,4,4,11,3,9,4,7,11,5,10,5,11,7,4,6,10,0,10,10,5,11,11,6,11,2,5,10,11,4,7,11,10,7,5,7,5,2,5,6,7,11,0,3,7,11,4,2,4,4,3,2,5,6,10,8,10,4,5
11,6,9,4,5,11,7,7,0,2,11,0,5,4,11,9,7,0,3,8,0,0,8,4,3,3,8,4,5,7,6,3,5,11,7,3,9,7,11,0,2,5,6,7,4,0,11,10,6,5,11,4,7,7,5,8,8,3,2,7,0,2,6,3,4,3,5,10,5,6,9,11,4,3,6,11,5,8,5,4,7,9,11,4,7,5,0,6,7,5,4,8,5,5,0,4,10,5,8,0,6,11,6,0,8,5,7,11,2,11,11,6,0,0,7,0,3,6,11,0,5,8,0,11,8,6,8,6,3,6,7,8,0,2,4,8,0,5,3,5,5,4,3,6,7,11,9,11,5,6
0,7,10,5,6,0,8,8,2,3,0,2,6,5,0,10,8,2,4,9,2,2,9,5,4,4,9,5,6,8,7,4,6,0,8,4,10,8,0,2,3,6,7,8,5,2,0,11,7,6,0,5,8,8,6,9,9,4,3,8,2,3,7,4,5,4,6,11,6,7,10,0,5,4,7,0,6,9,6,5,8,10,0,5,8,6,2,7,8,6,5,9,6,6,2,5,11,6,9,2,7,0,7,2,9,6,8,0,3,0,0,7,2,2,8,2,4,7,0,2,6,9,2,0,9,7,9,7,4,7,8,9,2,3,5,9,2,6,4,6,6,5,4,7,8,0,10,0,6,7
2,8,11,6,7,2,9,9,3,4,2,3,7,6,2,11,9,3,5,10,3,3,10,6,5,5,10,6,7,9,8,5,7,2,9,5,11,9,2,3,4,7,8,9,6,3,2,0,8,7,2,6,9,9,7,10,10,5,4,9,3,4,8,5,6,5,7,0,7,8,11,2,6,5,8,2,7,10,7,6,9,11,2,6,9,7,3,8,9,7,6,10,7,7,3,6,0,7,10,3,8,2,8,3,10,7,9,2,4,2,2,8,3,3,9,3,5,8,2,3,7,10,3,2,10,8,10,8,5,8,9,10,3,4,6,10,3,7,5,7,7,6,5,8,9,2,11,2,7,8
3,9,0,7,8,3,10,10,4,5,3,4,8,7,3,0,10,4,6,11,4,4,11,7,6,6,11,7,8,10,9,6,8,3,10,6,0,10,3,4,5,8,9,10,7,4,3,2,9,8,3,7,10,10,8,11,11,6,5,10,4,5,9,6,7,6,8,2,8,9,0,3,7,6,9,3,8,11,8,7,10,0,3,7,10,8,4,9,10,8,7,11,8,8,4,7,2,8,11,4,9,3,9,4,11,8,10,3,5,3,3,9,4,4,10,4,6,9,3,4,8,11,4,3,11,9,11,9,6,9,10,11,4,5,7,11,4,8,6,8,8,7,6,9,10,3,0,3,8,9
4,10,2,8,9,4,11,11,5,6,4,5,9,8,4,2,11,5,7,0,5,5,0,8,7,7,0,8,9,11,10,7,9,4,11,7,2,11,4,5,6,9,10,11,8,5,4,3,10,9,4,8,11,11,9,0,0,7,6,11,5,6,10,7,8,7,9,3,9,10,2,4,8,7,10,4,9,0,9,8,11,2,4,8,11,9,5,10,11,9,8,0,9,9,5,8,3,9,0,5,10,4,10,5,0,9,11,4,6,4,4,10,5,5,11,5,7,10,4,5,9,0,5,4,0,10,0,10,7,10,11,0,5,6,8,0,5,9,7,9,9,8,7,10,11,4,2,4,9,10
5,11,3,9,10,5,0,0,6,7,5,6,10,9,5,3,0,6,8,2,6,6,2,9,8,8,2,9,10,0,11,8,10,5,0,8,3,0,5,6,7,10,11,0,9,6,5,4,11,10,5,9,0,0,10,2,2,8,7,0,6,7,11,8,9,8,10,4,10,11,3,5,9,8,11,5,10,2,10,9,0,3,5,9,0,10,6,11,0,10,9,2,10,10,6,9,4,10,2,6,11,5,11,6,2,10,0,5,7,5,5,11,6,6,0,6,8,11,5,6,10,2,6,5,2,11,2,11,8,11,0,2,6,7,9,2,6,10,8,10,10,9,8,11,0,5,3,5,10,11
6,0,4,10,11,6,2,2,7,8,6,7,11,10,6,4,2,7,9,3,7,7,3,10,9,9,3,10,11,2,0,9,11,6,2,9,4,2,6,7,8,11,0,2,10,7,6,5,0,11,6,10,2,2,11,3,3,9,8,2,7,8,0,9,10,9,11,5,11,0,4,6,10,9,0,6,11,3,11,10,2,4,6,10,2,11,7,0,2,11,10,3,11,11,7,10,5,11,3,7,0,6,0,7,3,11,2,6,8,6,6,0,7,7,2,7,9,0,6,7,11,3,7,6,3,0,3,0,9,0,2,3,7,8,10,3,7,11,9,11,11,10,9,0,2,6,4,6,11,0
7,2,5,11,0,7,3,3,8,9,7,8,0,11,7,5,3,8,10,4,8,8,4,11,10,10,4,11,0,3,2,10,0,7,3,10,5,3,7,8,9,0,2,3,11,8,7,6,2,0,7,11,3,3,0,4,4,10,9,3,8,9,2,10,11,10,0,6,0,2,5,7,11,10,2,7,0,4,0,11,3,5,7,11,3,0,8,2,3,0,11,4,0,0,8,11,6,0,4,8,2,7,2,8,4,0,3,7,9,7,7,2,8,8,3,8,10,2,7,8,0,4,8,7,4,2,4,2,10,2,3,4,8,9,11,4,8,0,10,0,0,11,10,2,3,7,5,7,0,2
8,3,6,0,2,8,4,4,9,10,8,9,2,0,8,6,4,9,11,5,9,9,5,0,11,11,5,0,2,4,3,11,2,8,4,11,6,4,8,9,10,2,3,4,0,9,8,7,3,2,8,0,4,4,2,5,5,11,10,4,9,10,3,11,0,11,2,7,2,3,6,8,0,11,3,8,2,5,2,0,4,6,8,0,4,2,9,3,4,2,0,5,2,2,9,0,7,2,5,9,3,8,3,9,5,2,4,8,10,8,8,3,9,9,4,9,11,3,8,9,2,5,9,8,5,3,5,3,11,3,4,5,9,10,0,5,9,2,11,2,2,0,11,3,4,8,6,8,2,3
9,4,7,2,3,9,5,5,10,11,9,10,3,2,9,7,5,10,0,6,10,10,6,2,0,0,6,2,3,5,4,0,3,9,5,0,7,5,9,10,11,3,4,5,2,10,9,8,4,3,9,2,5,5,3,6,6,0,11,5,10,11,4,0,2,0,3,8,3,4,7,9,2,0,4,9,3,6,3,2,5,7,9,2,5,3,10,4,5,3,2,6,3,3,10,2,8,3,6,10,4,9,4,10,6,3,5,9,11,9,9,4,10,10,5,10,0,4,9,10,3,6,10,9,6,4,6,4,0,4,5,6,10,11,2,6,10,3,0,3,3,2,0,4,5,9,7,9,3,4
10,5,8,3,4,10,6,6,11,0,10,11,4,3,10,8,6,11,2,7,11,11,7,3,2,2,7,3,4,6,5,2,4,10,6,2,8,6,10,11,0,4,5,6,3,11,10,9,5,4,10,3,6,6,4,7,7,2,0,6,11,0,5,2,3,2,4,9,4,5,8,10,3,2,5,10,4,7,4,3,6,8,10,3,6,4,11,5,6,4,3,7,4,4,11,3,9,4,7,11,5,10,5,11,7,4,6,10,0,10,10,5,11,11,6,11,2,5,10,11,4,7,11,10,7,5,7,5,2,5,6,7,11,0,3,7,11,4,2,4,4,3,2,5,6,10,8,10,4,5
11,6,9,4,5,11,7,7,0,2,11,0,5,4,11,9,7,0,3,8,0,0,8,4,3,3,8,4,5,7,6,3,5,11,7,3,9,7,11,0,2,5,6,7,4,0,11,10,6,5,11,4,7,7,5,8,8,3,2,7,0,2,6,3,4,3,5,10,5,6,9,11,4,3,6,11,5,8,5,4,7,9,11,4,7,5,0,6,7,5,4,8,5,5,0,4,10,5,8,0,6,11,6,0,8,5,7,11,2,11,11,6,0,0,7,0,3,6,11,0,5,8,0,11,8,6,8,6,3,6,7,8,0,2,4,8,0,5,3,5,5,4,3,6,7,11,9,11,5,6
0,7,10,5,6,0,8,8,2,3,0,2,6,5,0,10,8,2,4,9,2,2,9,5,4,4,9,5,6,8,7,4,6,0,8,4,10,8,0,2,3,6,7,8,5,2,0,11,7,6,0,5,8,8,6,9,9,4,3,8,2,3,7,4,5,4,6,11,6,7,10,0,5,4,7,0,6,9,6,5,8,10,0,5,8,6,2,7,8,6,5,9,6,6,2,5,11,6,9,2,7,0,7,2,9,6,8,0,3,0,0,7,2,2,8,2,4,7,0,2,6,9,2,0,9,7,9,7,4,7,8,9,2,3,5,9,2,6,4,6,6,5,4,7,8,0,10,0,6,7
2,8,11,6,7,2,9,9,3,4,2,3,7,6,2,11,9,3,5,10,3,3,10,6,5,5,10,6,7,9,8,5,7,2,9,5,11,9,2,3,4,7,8,9,6,3,2,0,8,7,2,6,9,9,7,10,10,5,4,9,3,4,8,5,6,5,7,0,7,8,11,2,6,5,8,2,7,10,7,6,9,11,2,6,9,7,3,8,9,7,6,10,7,7,3,6,0,7,10,3,8,2,8,3,10,7,9,2,4,2,2,8,3,3,9,3,5,8,2,3,7,10,3,2,10,8,10,8,5,8,9,10,3,4,6,10,3,7,5,7,7,6,5,8,9,2,11,2,7,8
3,9,0,7,8,3,10,10,4,5,3,4,8,7,3,0,10,4,6,11,4,4,11,7,6,6,11,7,8,10,9,6,8,3,10,6,0,10,3,4,5,8,9,10,7,4,3,2,9,8,3,7,10,10,8,11,11,6,5,10,4,5,9,6,7,6,8,2,8,9,0,3,7,6,9,3,8,11,8,7,10,0,3,7,10,8,4,9,10,8,7,11,8,8,4,7,2,8,11,4,9,3,9,4,11,8,10,3,5,3,3,9,4,4,10,4,6,9,3,4,8,11,4,3,11,9,11,9,6,9,10,11,4,5,7,11,4,8,6,8,8,7,6,9,10,3,0,3,8,9
4,10,2,8,9,4,11,11,5,6,4,5,9,8,4,2,11,5,7,0,5,5,0,8,7,7,0,8,9,11,10,7,9,4,11,7,2,11,4,5,6,9,10,11,8,5,4,3,10,9,4,8,11,11,9,0,0,7,6,11,5,6,10,7,8,7,9,3,9,10,2,4,8,7,10,4,9,0,9,8,11,2,4,8,11,9,5,10,11,9,8,0,9,9,5,8,3,9,0,5,10,4,10,5,0,9,11,4,6,4,4,10,5,5,11,5,7,10,4,5,9,0,5,4,0,10,0,10,7,10,11,0,5,6,8,0,5,9,7,9,9,8,7,10,11,4,2,4,9,10
5,11,3,9,10,5,0,0,6,7,5,6,10,9,5,3,0,6,8,2,6,6,2,9,8,8,2,9,10,0,11,8,10,5,0,8,3,0,5,6,7,10,11,0,9,6,5,4,11,10,5,9,0,0,10,2,2,8,7,0,6,7,11,8,9,8,10,4,10,11,3,5,9,8,11,5,10,2,10,9,0,3,5,9,0,10,6,11,0,10,9,2,10,10,6,9,4,10,2,6,11,5,11,6,2,10,0,5,7,5,5,11,6,6,0,6,8,11,5,6,10,2,6,5,2,11,2,11,8,11,0,2,6,7,9,2,6,10,8,10,10,9,8,11,0,5,3,5,10,11
6,0,4,10,11,6,2,2,7,8,6,7,11,10,6,4,2,7,9,3,7,7,3,10,9,9,3,10,11,2,0,9,11,6,2,9,4,2,6,7,8,11,0,2,10,7,6,5,0,11,6,10,2,2,11,3,3,9,8,2,7,8,0,9,10,9,11,5,11,0,4,6,10,9,0,6,11,3,11,10,2,4,6,10,2,11,7,0,2,11,10,3,11,11,7,10,5,11,3,7,0,6,0,7,3,11,2,6,8,6,6,0,7,7,2,7,9,0,6,7,11,3,7,6,3,0,3,0,9,0,2,3,7,8,10,3,7,11,9,11,11,10,9,0,2,6,4,6,11,0
7,2,5,11,0,7,3,3,8,9,7,8,0,11,7,5,3,8,10,4,8,8,4,11,10,10,4,11,0,3,2,10,0,7,3,10,5,3,7,8,9,0,2,3,11,8,7,6,2,0,7,11,3,3,0,4,4,10,9,3,8,9,2,10,11,10,0,6,0,2,5,7,11,10,2,7,0,4,0,11,3,5,7,11,3,0,8,2,3,0,11,4,0,0,8,11,6,0,4,8,2,7,2,8,4,0,3,7,9,7,7,2,8,8,3,8,10,2,7,8,0,4,8,7,4,2,4,2,10,2,3,4,8,9,11,4,8,0,10,0,0,11,10,2,3,7,5,7,0,2
8,3,6,0,2,8,4,4,9,10,8,9,2,0,8,6,4,9,11,5,9,9,5,0,11,11,5,0,2,4,3,11,2,8,4,11,6,4,8,9,10,2,3,4,0,9,8,7,3,2,8,0,4,4,2,5,5,11,10,4,9,10,3,11,0,11,2,7,2,3,6,8,0,11,3,8,2,5,2,0,4,6,8,0,4,2,9,3,4,2,0,5,2,2,9,0,7,2,5,9,3,8,3,9,5,2,4,8,10,8,8,3,9,9,4,9,11,3,8,9,2,5,9,8,5,3,5,3,11,3,4,5,9,10,0,5,9,2,11,2,2,0,11,3,4,8,6,8,2,3
9,4,7,2,3,9,5,5,10,11,9,10,3,2,9,7,5,10,0,6,10,10,6,2,0,0,6,2,3,5,4,0,3,9,5,0,7,5,9,10,11,3,4,5,2,10,9,8,4,3,9,2,5,5,3,6,6,0,11,5,10,11,4,0,2,0,3,8,3,4,7,9,2,0,4,9,3,6,3,2,5,7,9,2,5,3,10,4,5,3,2,6,3,3,10,2,8,3,6,10,4,9,4,10,6,3,5,9,11,9,9,4,10,10,5,10,0,4,9,10,3,6,10,9,6,4,6,4,0,4,5,6,10,11,2,6,10,3,0,3,3,2,0,4,5,9,7,9,3,4
10,5,8,3,4,10,6,6,11,0,10,11,4,3,10,8,6,11,2,7,11,11,7,3,2,2,7,3,4,6,5,2,4,10,6,2,8,6,10,11,0,4,5,6,3,11,10,9,5,4,10,3,6,6,4,7,7,2,0,6,11,0,5,2,3,2,4,9,4,5,8,10,3,2,5,10,4,7,4,3,6,8,10,3,6,4,11,5,6,4,3,7,4,4,11,3,9,4,7,11,5,10,5,11,7,4,6,10,0,10,10,5,11,11,6,11,2,5,10,11,4,7,11,10,7,5,7,5,2,5,6,7,11,0,3,7,11,4,2,4,4,3,2,5,6,10,8,10,4,5
11,6,9,4,5,11,7,7,0,2,11,0,5,4,11,9,7,0,3,8,0,0,8,4,3,3,8,4,5,7,6,3,5,11,7,3,9,7,11,0,2,5,6,7,4,0,11,10,6,5,11,4,7,7,5,8,8,3,2,7,0,2,6,3,4,3,5,10,5,6,9,11,4,3,6,11,5,8,5,4,7,9,11,4,7,5,0,6,7,5,4,8,5,5,0,4,10,5,8,0,6,11,6,0,8,5,7,11,2,11,11,6,0,0,7,0,3,6,11,0,5,8,0,11,8,6,8,6,3,6,7,8,0,2,4,8,0,5,3,5,5,4,3,6,7,11,9,11,5,6
0,7,10,5,6,0,8,8,2,3,0,2,6,5,0,10,8,2,4,9,2,2,9,5,4,4,9,5,6,8,7,4,6,0,8,4,10,8,0,2,3,6,7,8,5,2,0,11,7,6,0,5,8,8,6,9,9,4,3,8,2,3,7,4,5,4,6,11,6,7,10,0,5,4,7,0,6,9,6,5,8,10,0,5,8,6,2,7,8,6,5,9,6,6,2,5,11,6,9,2,7,0,7,2,9,6,8,0,3,0,0,7,2,2,8,2,4,7,0,2,6,9,2,0,9,7,9,7,4,7,8,9,2,3,5,9,2,6,4,6,6,5,4,7,8,0,10,0,6,7
2,8,11,6,7,2,9,9,3,4,2,3,7,6,2,11,9,3,5,10,3,3,10,6,5,5,10,6,7,9,8,5,7,2,9,5,11,9,2,3,4,7,8,9,6,3,2,0,8,7,2,6,9,9,7,10,10,5,4,9,3,4,8,5,6,5,7,0,7,8,11,2,6,5,8,2,7,10,7,6,9,11,2,6,9,7,3,8,9,7,6,10,7,7,3,6,0,7,10,3,8,2,8,3,10,7,9,2,4,2,2,8,3,3,9,3,5,8,2,3,7,10,3,2,10,8,10,8,5,8,9,10,3,4,6,10,3,7,5,7,7,6,5,8,9,2,11,2,7,8
3,9,0,7,8,3,10,10,4,5,3,4,8,7,3,0,10,4,6,11,4,4,11,7,6,6,11,7,8,10,9,6,8,3,10,6,0,10,3,4,5,8,9,10,7,4,3,2,9,8,3,7,10,10,8,11,11,6,5,10,4,5,9,6,7,6,8,2,8,9,0,3,7,6,9,3,8,11,8,7,10,0,3,7,10,8,4,9,10,8,7,11,8,8,4,7,2,8,11,4,9,3,9,4,11,8,10,3,5,3,3,9,4,4,10,4,6,9,3,4,8,11,4,3,11,9,11,9,6,9,10,11,4,5,7,11,4,8,6,8,8,7,6,9,10,3,0,3,8,9
4,10,2,8,9,4,11,11,5,6,4,5,9,8,4,2,11,5,7,0,5,5,0,8,7,7,0,8,9,11,10,7,9,4,11,7,2,11,4,5,6,9,10,11,8,5,4,3,10,9,4,8,11,11,9,0,0,7,6,11,5,6,10,7,8,7,9,3,9,10,2,4,8,7,10,4,9,0,9,8,11,2,4,8,11,9,5,10,11,9,8,0,9,9,5,8,3,9,0,5,10,4,10,5,0,9,11,4,6,4,4,10,5,5,11,5,7,10,4,5,9,0,5,4,0,10,0,10,7,10,11,0,5,6,8,0,5,9,7,9,9,8,7,10,11,4,2,4,9,10
5,11,3,9,10,5,0,0,6,7,5,6,10,9,5,3,0,6,8,2,6,6,2,9,8,8,2,9,10,0,11,8,10,5,0,8,3,0,5,6,7,10,11,0,9,6,5,4,11,10,5,9,0,0,10,2,2,8,7,0,6,7,11,8,9,8,10,4,10,11,3,5,9,8,11,5,10,2,10,9,0,3,5,9,0,10,6,11,0,10,9,2,10,10,6,9,4,10,2,6,11,5,11,6,2,10,0,5,7,5,5,11,6,6,0,6,8,11,5,6,10,2,6,5,2,11,2,11,8,11,0,2,6,7,9,2,6,10,8,10,10,9,8,11,0,5,3,5,10,11
6,0,4,10,11,6,2,2,7,8,6,7,11,10,6,4,2,7,9,3,7,7,3,10,9,9,3,10,11,2,0,9,11,6,2,9,4,2,6,7,8,11,0,2,10,7,6,5,0,11,6,10,2,2,11,3,3,9,8,2,7,8,0,9,10,9,11,5,11,0,4,6,10,9,0,6,11,3,11,10,2,4,6,10,2,11,7,0,2,11,10,3,11,11,7,10,5,11,3,7,0,6,0,7,3,11,2,6,8,6,6,0,7,7,2,7,9,0,6,7,11,3,7,6,3,0,3,0,9,0,2,3,7,8,10,3,7,11,9,11,11,10,9,0,2,6,4,6,11,0
7,2,5,11,0,7,3,3,8,9,7,8,0,11,7,5,3,8,10,4,8,8,4,11,10,10,4,11,0,3,2,10,0,7,3,10,5,3,7,8,9,0,2,3,11,8,7,6,2,0,7,11,3,3,0,4,4,10,9,3,8,9,2,10,11,10,0,6,0,2,5,7,11,10,2,7,0,4,0,11,3,5,7,11,3,0,8,2,3,0,11,4,0,0,8,11,6,0,4,8,2,7,2,8,4,0,3,7,9,7,7,2,8,8,3,8,10,2,7,8,0,4,8,7,4,2,4,2,10,2,3,4,8,9,11,4,8,0,10,0,0,11,10,2,3,7,5,7,0,2
8,3,6,0,2,8,4,4,9,10,8,9,2,0,8,6,4,9,11,5,9,9,5,0,11,11,5,0,2,4,3,11,2,8,4,11,6,4,8,9,10,2,3,4,0,9,8,7,3,2,8,0,4,4,2,5,5,11,10,4,9,10,3,11,0,11,2,7,2,3,6,8,0,11,3,8,2,5,2,0,4,6,8,0,4,2,9,3,4,2,0,5,2,2,9,0,7,2,5,9,3,8,3,9,5,2,4,8,10,8,8,3,9,9,4,9,11,3,8,9,2,5,9,8,5,3,5,3,11,3,4,5,9,10,0,5,9,2,11,2,2,0,11,3,4,8,6,8,2,3
9,4,7,2,3,9,5,5,10,11,9,10,3,2,9,7,5,10,0,6,10,10,6,2,0,0,6,2,3,5,4,0,3,9,5,0,7,5,9,10,11,3,4,5,2,10,9,8,4,3,9,2,5,5,3,6,6,0,11,5,10,11,4,0,2,0,3,8,3,4,7,9,2,0,4,9,3,6,3,2,5,7,9,2,5,3,10,4,5,3,2,6,3,3,10,2,8,3,6,10,4,9,4,10,6,3,5,9,11,9,9,4,10,10,5,10,0,4,9,10,3,6,10,9,6,4,6,4,0,4,5,6,10,11,2,6,10,3,0,3,3,2,0,4,5,9,7,9,3,4
10,5,8,3,4,10,6,6,11,0,10,11,4,3,10,8,6,11,2,7,11,11,7,3,2,2,7,3,4,6,5,2,4,10,6,2,8,6,10,11,0,4,5,6,3,11,10,9,5,4,10,3,6,6,4,7,7,2,0,6,11,0,5,2,3,2,4,9,4,5,8,10,3,2,5,10,4,7,4,3,6,8,10,3,6,4,11,5,6,4,3,7,4,4,11,3,9,4,7,11,5,10,5,11,7,4,6,10,0,10,10,5,11,11,6,11,2,5,10,11,4,7,11,10,7,5,7,5,2,5,6,7,11,0,3,7,11,4,2,4,4,3,2,5,6,10,8,10,4,5
11,6,9,4,5,11,7,7,0,2,11,0,5,4,11,9,7,0,3,8,0,0,8,4,3,3,8,4,5,7,6,3,5,11,7,3,9,7,11,0,2,5,6,7,4,0,11,10,6,5,11,4,7,7,5,8,8,3,2,7,0,2,6,3,4,3,5,10,5,6,9,11,4,3,6,11,5,8,5,4,7,9,11,4,7,5,0,6,7,5,4,8,5,5,0,4,10,5,8,0,6,11,6,0,8,5,7,11,2,11,11,6,0,0,7,0,3,6,11,0,5,8,0,11,8,6,8,6,3,6,7,8,0,2,4,8,0,5,3,5,5,4,3,6,7,11,9,11,5,6
0,7,10,5,6,0,8,8,2,3,0,2,6,5,0,10,8,2,4,9,2,2,9,5,4,4,9,5,6,8,7,4,6,0,8,4,10,8,0,2,3,6,7,8,5,2,0,11,7,6,0,5,8,8,6,9,9,4,3,8,2,3,7,4,5,4,6,11,6,7,10,0,5,4,7,0,6,9,6,5,8,10,0,5,8,6,2,7,8,6,5,9,6,6,2,5,11,6,9,2,7,0,7,2,9,6,8,0,3,0,0,7,2,2,8,2,4,7,0,2,6,9,2,0,9,7,9,7,4,7,8,9,2,3,5,9,2,6,4,6,6,5,4,7,8,0,10,0,6,7
2,8,11,6,7,2,9,9,3,4,2,3,7,6,2,11,9,3,5,10,3,3,10,6,5,5,10,6,7,9,8,5,7,2,9,5,11,9,2,3,4,7,8,9,6,3,2,0,8,7,2,6,9,9,7,10,10,5,4,9,3,4,8,5,6,5,7,0,7,8,11,2,6,5,8,2,7,10,7,6,9,11,2,6,9,7,3,8,9,7,6,10,7,7,3,6,0,7,10,3,8,2,8,3,10,7,9,2,4,2,2,8,3,3,9,3,5,8,2,3,7,10,3,2,10,8,10,8,5,8,9,10,3,4,6,10,3,7,5,7,7,6,5,8,9,2,11,2,7,8
3,9,0,7,8,3,10,10,4,5,3,4,8,7,3,0,10,4,6,11,4,4,11,7,6,6,11,7,8,10,9,6,8,3,10,6,0,10,3,4,5,8,9,10,7,4,3,2,9,8,3,7,10,10,8,11,11,6,5,10,4,5,9,6,7,6,8,2,8,9,0,3,7,6,9,3,8,11,8,7,10,0,3,7,10,8,4,9,10,8,7,11,8,8,4,7,2,8,11,4,9,3,9,4,11,8,10,3,5,3,3,9,4,4,10,4,6,9,3,4,8,11,4,3,11,9,11,9,6,9,10,11,4,5,7,11,4,8,6,8,8,7,6,9,10,3,0,3,8,9
4,10,2,8,9,4,11,11,5,6,4,5,9,8,4,2,11,5,7,0,5,5,0,8,7,7,0,8,9,11,10,7,9,4,11,7,2,11,4,5,6,9,10,11,8,5,4,3,10,9,4,8,11,11,9,0,0,7,6,11,5,6,10,7,8,7,9,3,9,10,2,4,8,7,10,4,9,0,9,8,11,2,4,8,11,9,5,10,11,9,8,0,9,9,5,8,3,9,0,5,10,4,10,5,0,9,11,4,6,4,4,10,5,5,11,5,7,10,4,5,9,0,5,4,0,10,0,10,7,10,11,0,5,6,8,0,5,9,7,9,9,8,7,10,11,4,2,4,9,10
5,11,3,9,10,5,0,0,6,7,5,6,10,9,5,3,0,6,8,2,6,6,2,9,8,8,2,9,10,0,11,8,10,5,0,8,3,0,5,6,7,10,11,0,9,6,5,4,11,10,5,9,0,0,10,2,2,8,7,0,6,7,11,8,9,8,10,4,10,11,3,5,9,8,11,5,10,2,10,9,0,3,5,9,0,10,6,11,0,10,9,2,10,10,6,9,4,10,2,6,11,5,11,6,2,10,0,5,7,5,5,11,6,6,0,6,8,11,5,6,10,2,6,5,2,11,2,11,8,11,0,2,6,7,9,2,6,10,8,10,10,9,8,11,0,5,3,5,10,11
6,0,4,10,11,6,2,2,7,8,6,7,11,10,6,4,2,7,9,3,7,7,3,10,9,9,3,10,11,2,0,9,11,6,2,9,4,2,6,7,8,11,0,2,10,7,6,5,0,11,6,10,2,2,11,3,3,9,8,2,7,8,0,9,10,9,11,5,11,0,4,6,10,9,0,6,11,3,11,10,2,4,6,10,2,11,7,0,2,11,10,3,11,11,7,10,5,11,3,7,0,6,0,7,3,11,2,6,8,6,6,0,7,7,2,7,9,0,6,7,11,3,7,6,3,0,3,0,9,0,2,3,7,8,10,3,7,11,9,11,11,10,9,0,2,6,4,6,11,0
7,2,5,11,0,7,3,3,8,9,7,8,0,11,7,5,3,8,10,4,8,8,4,11,10,10,4,11,0,3,2,10,0,7,3,10,5,3,7,8,9,0,2,3,11,8,7,6,2,0,7,11,3,3,0,4,4,10,9,3,8,9,2,10,11,10,0,6,0,2,5,7,11,10,2,7,0,4,0,11,3,5,7,11,3,0,8,2,3,0,11,4,0,0,8,11,6,0,4,8,2,7,2,8,4,0,3,7,9,7,7,2,8,8,3,8,10,2,7,8,0,4,8,7,4,2,4,2,10,2,3,4,8,9,11,4,8,0,10,0,0,11,10,2,3,7,5,7,0,2
8,3,6,0,2,8,4,4,9,10,8,9,2,0,8,6,4,9,11,5,9,9,5,0,11,11,5,0,2,4,3,11,2,8,4,11,6,4,8,9,10,2,3,4,0,9,8,7,3,2,8,0,4,4,2,5,5,11,10,4,9,10,3,11,0,11,2,7,2,3,6,8,0,11,3,8,2,5,2,0,4,6,8,0,4,2,9,3,4,2,0,5,2,2,9,0,7,2,5,9,3,8,3,9,5,2,4,8,10,8,8,3,9,9,4,9,11,3,8,9,2,5,9,8,5,3,5,3,11,3,4,5,9,10,0,5,9,2,11,2,2,0,11,3,4,8,6,8,2,3
9,4,7,2,3,9,5,5,10,11,9,10,3,2,9,7,5,10,0,6,10,10,6,2,0,0,6,2,3,5,4,0,3,9,5,0,7,5,9,10,11,3,4,5,2,10,9,8,4,3,9,2,5,5,3,6,6,0,11,5,10,11,4,0,2,0,3,8,3,4,7,9,2,0,4,9,3,6,3,2,5,7,9,2,5,3,10,4,5,3,2,6,3,3,10,2,8,3,6,10,4,9,4,10,6,3,5,9,11,9,9,4,10,10,5,10,0,4,9,10,3,6,10,9,6,4,6,4,0,4,5,6,10,11,2,6,10,3,0,3,3,2,0,4,5,9,7,9,3,4
10,5,8,3,4,10,6,6,11,0,10,11,4,3,10,8,6,11,2,7,11,11,7,3,2,2,7,3,4,6,5,2,4,10,6,2,8,6,10,11,0,4,5,6,3,11,10,9,5,4,10,3,6,6,4,7,7,2,0,6,11,0,5,2,3,2,4,9,4,5,8,10,3,2,5,10,4,7,4,3,6,8,10,3,6,4,11,5,6,4,3,7,4,4,11,3,9,4,7,11,5,10,5,11,7,4,6,10,0,10,10,5,11,11,6,11,2,5,10,11,4,7,11,10,7,5,7,5,2,5,6,7,11,0,3,7,11,4,2,4,4,3,2,5,6,10,8,10,4,5
11,6,9,4,5,11,7,7,0,2,11,0,5,4,11,9,7,0,3,8,0,0,8,4,3,3,8,4,5,7,6,3,5,11,7,3,9,7,11,0,2,5,6,7,4,0,11,10,6,5,11,4,7,7,5,8,8,3,2,7,0,2,6,3,4,3,5,10,5,6,9,11,4,3,6,11,5,8,5,4,7,9,11,4,7,5,0,6,7,5,4,8,5,5,0,4,10,5,8,0,6,11,6,0,8,5,7,11,2,11,11,6,0,0,7,0,3,6,11,0,5,8,0,11,8,6,8,6,3,6,7,8,0,2,4,8,0,5,3,5,5,4,3,6,7,11,9,11,5,6
0,7,10,5,6,0,8,8,2,3,0,2,6,5,0,10,8,2,4,9,2,2,9,5,4,4,9,5,6,8,7,4,6,0,8,4,10,8,0,2,3,6,7,8,5,2,0,11,7,6,0,5,8,8,6,9,9,4,3,8,2,3,7,4,5,4,6,11,6,7,10,0,5,4,7,0,6,9,6,5,8,10,0,5,8,6,2,7,8,6,5,9,6,6,2,5,11,6,9,2,7,0,7,2,9,6,8,0,3,0,0,7,2,2,8,2,4,7,0,2,6,9,2,0,9,7,9,7,4,7,8,9,2,3,5,9,2,6,4,6,6,5,4,7,8,0,10,0,6,7
2,8,11,6,7,2,9,9,3,4,2,3,7,6,2,11,9,3,5,10,3,3,10,6,5,5,10,6,7,9,8,5,7,2,9,5,11,9,2,3,4,7,8,9,6,3,2,0,8,7,2,6,9,9,7,10,10,5,4,9,3,4,8,5,6,5,7,0,7,8,11,2,6,5,8,2,7,10,7,6,9,11,2,6,9,7,3,8,9,7,6,10,7,7,3,6,0,7,10,3,8,2,8,3,10,7,9,2,4,2,2,8,3,3,9,3,5,8,2,3,7,10,3,2,10,8,10,8,5,8,9,10,3,4,6,10,3,7,5,7,7,6,5,8,9,2,11,2,7,8
3,9,0,7,8,3,10,10,4,5,3,4,8,7,3,0,10,4,6,11,4,4,11,7,6,6,11,7,8,10,9,6,8,3,10,6,0,10,3,4,5,8,9,10,7,4,3,2,9,8,3,7,10,10,8,11,11,6,5,10,4,5,9,6,7,6,8,2,8,9,0,3,7,6,9,3,8,11,8,7,10,0,3,7,10,8,4,9,10,8,7,11,8,8,4,7,2,8,11,4,9,3,9,4,11,8,10,3,5,3,3,9,4,4,10,4,6,9,3,4,8,11,4,3,11,9,11,9,6,9,10,11,4,5,7,11,4,8,6,8,8,7,6,9,10,3,0,3,8,9
4,10,2,8,9,4,11,11,5,6,4,5,9,8,4,2,11,5,7,0,5,5,0,8,7,7,0,8,9,11,10,7,9,4,11,7,2,11,4,5,6,9,10,11,8,5,4,3,10,9,4,8,11,11,9,0,0,7,6,11,5,6,10,7,8,7,9,3,9,10,2,4,8,7,10,4,9,0,9,8,11,2,4,8,11,9,5,10,11,9,8,0,9,9,5,8,3,9,0,5,10,4,10,5,0,9,11,4,6,4,4,10,5,5,11,5,7,10,4,5,9,0,5,4,0,10,0,10,7,10,11,0,5,6,8,0,5,9,7,9,9,8,7,10,11,4,2,4,9,10
5,11,3,9,10,5,0,0,6,7,5,6,10,9,5,3,0,6,8,2,6,6,2,9,8,8,2,9,10,0,11,8,10,5,0,8,3,0,5,6,7,10,11,0,9,6,5,4,11,10,5,9,0,0,10,2,2,8,7,0,6,7,11,8,9,8,10,4,10,11,3,5,9,8,11,5,10,2,10,9,0,3,5,9,0,10,6,11,0,10,9,2,10,10,6,9,4,10,2,6,11,5,11,6,2,10,0,5,7,5,5,11,6,6,0,6,8,11,5,6,10,2,6,5,2,11,2,11,8,11,0,2,6,7,9,2,6,10,8,10,10,9,8,11,0,5,3,5,10,11
6,0,4,10,11,6,2,2,7,8,6,7,11,10,6,4,2,7,9,3,7,7,3,10,9,9,3,10,11,2,0,9,11,6,2,9,4,2,6,7,8,11,0,2,10,7,6,5,0,11,6,10,2,2,11,3,3,9,8,2,7,8,0,9,10,9,11,5,11,0,4,6,10,9,0,6,11,3,11,10,2,4,6,10,2,11,7,0,2,11,10,3,11,11,7,10,5,11,3,7,0,6,0,7,3,11,2,6,8,6,6,0,7,7,2,7,9,0,6,7,11,3,7,6,3,0,3,0,9,0,2,3,7,8,10,3,7,11,9,11,11,10,9,0,2,6,4,6,11,0
7,2,5,11,0,7,3,3,8,9,7,8,0,11,7,5,3,8,10,4,8,8,4,11,10,10,4,11,0,3,2,10,0,7,3,10,5,3,7,8,9,0,2,3,11,8,7,6,2,0,7,11,3,3,0,4,4,10,9,3,8,9,2,10,11,10,0,6,0,2,5,7,11,10,2,7,0,4,0,11,3,5,7,11,3,0,8,2,3,0,11,4,0,0,8,11,6,0,4,8,2,7,2,8,4,0,3,7,9,7,7,2,8,8,3,8,10,2,7,8,0,4,8,7,4,2,4,2,10,2,3,4,8,9,11,4,8,0,10,0,0,11,10,2,3,7,5,7,0,2
8,3,6,0,2,8,4,4,9,10,8,9,2,0,8,6,4,9,11,5,9,9,5,0,11,11,5,0,2,4,3,11,2,8,4,11,6,4,8,9,10,2,3,4,0,9,8,7,3,2,8,0,4,4,2,5,5,11,10,4,9,10,3,11,0,11,2,7,2,3,6,8,0,11,3,8,2,5,2,0,4,6,8,0,4,2,9,3,4,2,0,5,2,2,9,0,7,2,5,9,3,8,3,9,5,2,4,8,10,8,8,3,9,9,4,9,11,3,8,9,2,5,9,8,5,3,5,3,11,3,4,5,9,10,0,5,9,2,11,2,2,0,11,3,4,8,6,8,2,3
9,4,7,2,3,9,5,5,10,11,9,10,3,2,9,7,5,10,0,6,10,10,6,2,0,0,6,2,3,5,4,0,3,9,5,0,7,5,9,10,11,3,4,5,2,10,9,8,4,3,9,2,5,5,3,6,6,0,11,5,10,11,4,0,2,0,3,8,3,4,7,9,2,0,4,9,3,6,3,2,5,7,9,2,5,3,10,4,5,3,2,6,3,3,10,2,8,3,6,10,4,9,4,10,6,3,5,9,11,9,9,4,10,10,5,10,0,4,9,10,3,6,10,9,6,4,6,4,0,4,5,6,10,11,2,6,10,3,0,3,3,2,0,4,5,9,7,9,3,4
10,5,8,3,4,10,6,6,11,0,10,11,4,3,10,8,6,11,2,7,11,11,7,3,2,2,7,3,4,6,5,2,4,10,6,2,8,6,10,11,0,4,5,6,3,11,10,9,5,4,10,3,6,6,4,7,7,2,0,6,11,0,5,2,3,2,4,9,4,5,8,10,3,2,5,10,4,7,4,3,6,8,10,3,6,4,11,5,6,4,3,7,4,4,11,3,9,4,7,11,5,10,5,11,7,4,6,10,0,10,10,5,11,11,6,11,2,5,10,11,4,7,11,10,7,5,7,5,2,5,6,7,11,0,3,7,11,4,2,4,4,3,2,5,6,10,8,10,4,5
11,6,9,4,5,11,7,7,0,2,11,0,5,4,11,9,7,0,3,8,0,0,8,4,3,3,8,4,5,7,6,3,5,11,7,3,9,7,11,0,2,5,6,7,4,0,11,10,6,5,11,4,7,7,5,8,8,3,2,7,0,2,6,3,4,3,5,10,5,6,9,11,4,3,6,11,5,8,5,4,7,9,11,4,7,5,0,6,7,5,4,8,5,5,0,4,10,5,8,0,6,11,6,0,8,5,7,11,2,11,11,6,0,0,7,0,3,6,11,0,5,8,0,11,8,6,8,6,3,6,7,8,0,2,4,8,0,5,3,5,5,4,3,6,7,11,9,11,5,6
0,7,10,5,6,0,8,8,2,3,0,2,6,5,0,10,8,2,4,9,2,2,9,5,4,4,9,5,6,8,7,4,6,0,8,4,10,8,0,2,3,6,7,8,5,2,0,11,7,6,0,5,8,8,6,9,9,4,3,8,2,3,7,4,5,4,6,11,6,7,10,0,5,4,7,0,6,9,6,5,8,10,0,5,8,6,2,7,8,6,5,9,6,6,2,5,11,6,9,2,7,0,7,2,9,6,8,0,3,0,0,7,2,2,8,2,4,7,0,2,6,9,2,0,9,7,9,7,4,7,8,9,2,3,5,9,2,6,4,6,6,5,4,7,8,0,10,0,6,7
2,8,11,6,7,2,9,9,3,4,2,3,7,6,2,11,9,3,5,10,3,3,10,6,5,5,10,6,7,9,8,5,7,2,9,5,11,9,2,3,4,7,8,9,6,3,2,0,8,7,2,6,9,9,7,10,10,5,4,9,3,4,8,5,6,5,7,0,7,8,11,2,6,5,8,2,7,10,7,6,9,11,2,6,9,7,3,8,9,7,6,10,7,7,3,6,0,7,10,3,8,2,8,3,10,7,9,2,4,2,2,8,3,3,9,3,5,8,2,3,7,10,3,2,10,8,10,8,5,8,9,10,3,4,6,10,3,7,5,7,7,6,5,8,9,2,11,2,7,8
3,9,0,7,8,3,10,10,4,5,3,4,8,7,3,0,10,4,6,11,4,4,11,7,6,6,11,7,8,10,9,6,8,3,10,6,0,10,3,4,5,8,9,10,7,4,3,2,9,8,3,7,10,10,8,11,11,6,5,10,4,5,9,6,7,6,8,2,8,9,0,3,7,6,9,3,8,11,8,7,10,0,3,7,10,8,4,9,10,8,7,11,8,8,4,7,2,8,11,4,9,3,9,4,11,8,10,3,5,3,3,9,4,4,10,4,6,9,3,4,8,11,4,3,11,9,11,9,6,9,10,11,4,5,7,11,4,8,6,8,8,7,6,9,10,3,0,3,8,9
4,10,2,8,9,4,11,11,5,6,4,5,9,8,4,2,11,5,7,0,5,5,0,8,7,7,0,8,9,11,10,7,9,4,11,7,2,11,4,5,6,9,10,11,8,5,4,3,10,9,4,8,11,11,9,0,0,7,6,11,5,6,10,7,8,7,9,3,9,10,2,4,8,7,10,4,9,0,9,8,11,2,4,8,11,9,5,10,11,9,8,0,9,9,5,8,3,9,0,5,10,4,10,5,0,9,11,4,6,4,4,10,5,5,11,5,7,10,4,5,9,0,5,4,0,10,0,10,7,10,11,0,5,6,8,0,5,9,7,9,9,8,7,10,11,4,2,4,9,10
5,11,3,9,10,5,0,0,6,7,5,6,10,9,5,3,0,6,8,2,6,6,2,9,8,8,2,9,10,0,11,8,10,5,0,8,3,0,5,6,7,10,11,0,9,6,5,4,11,10,5,9,0,0,10,2,2,8,7,0,6,7,11,8,9,8,10,4,10,11,3,5,9,8,11,5,10,2,10,9,0,3,5,9,0,10,6,11,0,10,9,2,10,10,6,9,4,10,2,6,11,5,11,6,2,10,0,5,7,5,5,11,6,6,0,6,8,11,5,6,10,2,6,5,2,11,2,11,8,11,0,2,6,7,9,2,6,10,8,10,10,9,8,11,0,5,3,5,10,11
6,0,4,10,11,6,2,2,7,8,6,7,11,10,6,4,2,7,9,3,7,7,3,10,9,9,3,10,11,2,0,9,11,6,2,9,4,2,6,7,8,11,0,2,10,7,6,5,0,11,6,10,2,2,11,3,3,9,8,2,7,8,0,9,10,9,11,5,11,0,4,6,10,9,0,6,11,3,11,10,2,4,6,10,2,11,7,0,2,11,10,3,11,11,7,10,5,11,3,7,0,6,0,7,3,11,2,6,8,6,6,0,7,7,2,7,9,0,6,7,11,3,7,6,3,0,3,0,9,0,2,3,7,8,10,3,7,11,9,11,11,10,9,0,2,6,4,6,11,0
7,2,5,11,0,7,3,3,8,9,7,8,0,11,7,5,3,8,10,4,8,8,4,11,10,10,4,11,0,3,2,10,0,7,3,10,5,3,7,8,9,0,2,3,11,8,7,6,2,0,7,11,3,3,0,4,4,10,9,3,8,9,2,10,11,10,0,6,0,2,5,7,11,10,2,7,0,4,0,11,3,5,7,11,3,0,8,2,3,0,11,4,0,0,8,11,6,0,4,8,2,7,2,8,4,0,3,7,9,7,7,2,8,8,3,8,10,2,7,8,0,4,8,7,4,2,4,2,10,2,3,4,8,9,11,4,8,0,10,0,0,11,10,2,3,7,5,7,0,2
8,3,6,0,2,8,4,4,9,10,8,9,2,0,8,6,4,9,11,5,9,9,5,0,11,11,5,0,2,4,3,11,2,8,4,11,6,4,8,9,10,2,3,4,0,9,8,7,3,2,8,0,4,4,2,5,5,11,10,4,9,10,3,11,0,11,2,7,2,3,6,8,0,11,3,8,2,5,2,0,4,6,8,0,4,2,9,3,4,2,0,5,2,2,9,0,7,2,5,9,3,8,3,9,5,2,4,8,10,8,8,3,9,9,4,9,11,3,8,9,2,5,9,8,5,3,5,3,11,3,4,5,9,10,0,5,9,2,11,2,2,0,11,3,4,8,6,8,2,3
9,4,7,2,3,9,5,5,10,11,9,10,3,2,9,7,5,10,0,6,10,10,6,2,0,0,6,2,3,5,4,0,3,9,5,0,7,5,9,10,11,3,4,5,2,10,9,8,4,3,9,2,5,5,3,6,6,0,11,5,10,11,4,0,2,0,3,8,3,4,7,9,2,0,4,9,3,6,3,2,5,7,9,2,5,3,10,4,5,3,2,6,3,3,10,2,8,3,6,10,4,9,4,10,6,3,5,9,11,9,9,4,10,10,5,10,0,4,9,10,3,6,10,9,6,4,6,4,0,4,5,6,10,11,2,6,10,3,0,3,3,2,0,4,5,9,7,9,3,4
10,5,8,3,4,10,6,6,11,0,10,11,4,3,10,8,6,11,2,7,11,11,7,3,2,2,7,3,4,6,5,2,4,10,6,2,8,6,10,11,0,4,5,6,3,11,10,9,5,4,10,3,6,6,4,7,7,2,0,6,11,0,5,2,3,2,4,9,4,5,8,10,3,2,5,10,4,7,4,3,6,8,10,3,6,4,11,5,6,4,3,7,4,4,11,3,9,4,7,11,5,10,5,11,7,4,6,10,0,10,10,5,11,11,6,11,2,5,10,11,4,7,11,10,7,5,7,5,2,5,6,7,11,0,3,7,11,4,2,4,4,3,2,5,6,10,8,10,4,5
11,6,9,4,5,11,7,7,0,2,11,0,5,4,11,9,7,0,3,8,0,0,8,4,3,3,8,4,5,7,6,3,5,11,7,3,9,7,11,0,2,5,6,7,4,0,11,10,6,5,11,4,7,7,5,8,8,3,2,7,0,2,6,3,4,3,5,10,5,6,9,11,4,3,6,11,5,8,5,4,7,9,11,4,7,5,0,6,7,5,4,8,5,5,0,4,10,5,8,0,6,11,6,0,8,5,7,11,2,11,11,6,0,0,7,0,3,6,11,0,5,8,0,11,8,6,8,6,3,6,7,8,0,2,4,8,0,5,3,5,5,4,3,6,7,11,9,11,5,6
0,7,10,5,6,0,8,8,2,3,0,2,6,5,0,10,8,2,4,9,2,2,9,5,4,4,9,5,6,8,7,4,6,0,8,4,10,8,0,2,3,6,7,8,5,2,0,11,7,6,0,5,8,8,6,9,9,4,3,8,2,3,7,4,5,4,6,11,6,7,10,0,5,4,7,0,6,9,6,5,8,10,0,5,8,6,2,7,8,6,5,9,6,6,2,5,11,6,9,2,7,0,7,2,9,6,8,0,3,0,0,7,2,2,8,2,4,7,0,2,6,9,2,0,9,7,9,7,4,7,8,9,2,3,5,9,2,6,4,6,6,5,4,7,8,0,10,0,6,7
2,8,11,6,7,2,9,9,3,4,2,3,7,6,2,11,9,3,5,10,3,3,10,6,5,5,10,6,7,9,8,5,7,2,9,5,11,9,2,3,4,7,8,9,6,3,2,0,8,7,2,6,9,9,7,10,10,5,4,9,3,4,8,5,6,5,7,0,7,8,11,2,6,5,8,2,7,10,7,6,9,11,2,6,9,7,3,8,9,7,6,10,7,7,3,6,0,7,10,3,8,2,8,3,10,7,9,2,4,2,2,8,3,3,9,3,5,8,2,3,7,10,3,2,10,8,10,8,5,8,9,10,3,4,6,10,3,7,5,7,7,6,5,8,9,2,11,2,7,8
3,9,0,7,8,3,10,10,4,5,3,4,8,7,3,0,10,4,6,11,4,4,11,7,6,6,11,7,8,10,9,6,8,3,10,6,0,10,3,4,5,8,9,10,7,4,3,2,9,8,3,7,10,10,8,11,11,6,5,10,4,5,9,6,7,6,8,2,8,9,0,3,7,6,9,3,8,11,8,7,10,0,3,7,10,8,4,9,10,8,7,11,8,8,4,7,2,8,11,4,9,3,9,4,11,8,10,3,5,3,3,9,4,4,10,4,6,9,3,4,8,11,4,3,11,9,11,9,6,9,10,11,4,5,7,11,4,8,6,8,8,7,6,9,10,3,0,3,8,9
4,10,2,8,9,4,11,11,5,6,4,5,9,8,4,2,11,5,7,0,5,5,0,8,7,7,0,8,9,11,10,7,9,4,11,7,2,11,4,5,6,9,10,11,8,5,4,3,10,9,4,8,11,11,9,0,0,7,6,11,5,6,10,7,8,7,9,3,9,10,2,4,8,7,10,4,9,0,9,8,11,2,4,8,11,9,5,10,11,9,8,0,9,9,5,8,3,9,0,5,10,4,10,5,0,9,11,4,6,4,4,10,5,5,11,5,7,10,4,5,9,0,5,4,0,10,0,10,7,10,11,0,5,6,8,0,5,9,7,9,9,8,7,10,11,4,2,4,9,10
5,11,3,9,10,5,0,0,6,7,5,6,10,9,5,3,0,6,8,2,6,6,2,9,8,8,2,9,10,0,11,8,10,5,0,8,3,0,5,6,7,10,11,0,9,6,5,4,11,10,5,9,0,0,10,2,2,8,7,0,6,7,11,8,9,8,10,4,10,11,3,5,9,8,11,5,10,2,10,9,0,3,5,9,0,10,6,11,0,10,9,2,10,10,6,9,4,10,2,6,11,5,11,6,2,10,0,5,7,5,5,11,6,6,0,6,8,11,5,6,10,2,6,5,2,11,2,11,8,11,0,2,6,7,9,2,6,10,8,10,10,9,8,11,0,5,3,5,10,11
6,0,4,10,11,6,2,2,7,8,6,7,11,10,6,4,2,7,9,3,7,7,3,10,9,9,3,10,11,2,0,9,11,6,2,9,4,2,6,7,8,11,0,2,10,7,6,5,0,11,6,10,2,2,11,3,3,9,8,2,7,8,0,9,10,9,11,5,11,0,4,6,10,9,0,6,11,3,11,10,2,4,6,10,2,11,7,0,2,11,10,3,11,11,7,10,5,11,3,7,0,6,0,7,3,11,2,6,8,6,6,0,7,7,2,7,9,0,6,7,11,3,7,6,3,0,3,0,9,0,2,3,7,8,10,3,7,11,9,11,11,10,9,0,2,6,4,6,11,0
7,2,5,11,0,7,3,3,8,9,7,8,0,11,7,5,3,8,10,4,8,8,4,11,10,10,4,11,0,3,2,10,0,7,3,10,5,3,7,8,9,0,2,3,11,8,7,6,2,0,7,11,3,3,0,4,4,10,9,3,8,9,2,10,11,10,0,6,0,2,5,7,11,10,2,7,0,4,0,11,3,5,7,11,3,0,8,2,3,0,11,4,0,0,8,11,6,0,4,8,2,7,2,8,4,0,3,7,9,7,7,2,8,8,3,8,10,2,7,8,0,4,8,7,4,2,4,2,10,2,3,4,8,9,11,4,8,0,10,0,0,11,10,2,3,7,5,7,0,2
8,3,6,0,2,8,4,4,9,10,8,9,2,0,8,6,4,9,11,5,9,9,5,0,11,11,5,0,2,4,3,11,2,8,4,11,6,4,8,9,10,2,3,4,0,9,8,7,3,2,8,0,4,4,2,5,5,11,10,4,9,10,3,11,0,11,2,7,2,3,6,8,0,11,3,8,2,5,2,0,4,6,8,0,4,2,9,3,4,2,0,5,2,2,9,0,7,2,5,9,3,8,3,9,5,2,4,8,10,8,8,3,9,9,4,9,11,3,8,9,2,5,9,8,5,3,5,3,11,3,4,5,9,10,0,5,9,2,11,2,2,0,11,3,4,8,6,8,2,3
9,4,7,2,3,9,5,5,10,11,9,10,3,2,9,7,5,10,0,6,10,10,6,2,0,0,6,2,3,5,4,0,3,9,5,0,7,5,9,10,11,3,4,5,2,10,9,8,4,3,9,2,5,5,3,6,6,0,11,5,10,11,4,0,2,0,3,8,3,4,7,9,2,0,4,9,3,6,3,2,5,7,9,2,5,3,10,4,5,3,2,6,3,3,10,2,8,3,6,10,4,9,4,10,6,3,5,9,11,9,9,4,10,10,5,10,0,4,9,10,3,6,10,9,6,4,6,4,0,4,5,6,10,11,2,6,10,3,0,3,3,2,0,4,5,9,7,9,3,4
10,5,8,3,4,10,6,6,11,0,10,11,4,3,10,8,6,11,2,7,11,11,7,3,2,2,7,3,4,6,5,2,4,10,6,2,8,6,10,11,0,4,5,6,3,11,10,9,5,4,10,3,6,6,4,7,7,2,0,6,11,0,5,2,3,2,4,9,4,5,8,10,3,2,5,10,4,7,4,3,6,8,10,3,6,4,11,5,6,4,3,7,4,4,11,3,9,4,7,11,5,10,5,11,7,4,6,10,0,10,10,5,11,11,6,11,2,5,10,11,4,7,11,10,7,5,7,5,2,5,6,7,11,0,3,7,11,4,2,4,4,3,2,5,6,10,8,10,4,5
11,6,9,4,5,11,7,7,0,2,11,0,5,4,11,9,7,0,3,8,0,0,8,4,3,3,8,4,5,7,6,3,5,11,7,3,9,7,11,0,2,5,6,7,4,0,11,10,6,5,11,4,7,7,5,8,8,3,2,7,0,2,6,3,4,3,5,10,5,6,9,11,4,3,6,11,5,8,5,4,7,9,11,4,7,5,0,6,7,5,4,8,5,5,0,4,10,5,8,0,6,11,6,0,8,5,7,11,2,11,11,6,0,0,7,0,3,6,11,0,5,8,0,11,8,6,8,6,3,6,7,8,0,2,4,8,0,5,3,5,5,4,3,6,7,11,9,11,5,6
0,7,10,5,6,0,8,8,2,3,0,2,6,5,0,10,8,2,4,9,2,2,9,5,4,4,9,5,6,8,7,4,6,0,8,4,10,8,0,2,3,6,7,8,5,2,0,11,7,6,0,5,8,8,6,9,9,4,3,8,2,3,7,4,5,4,6,11,6,7,10,0,5,4,7,0,6,9,6,5,8,10,0,5,8,6,2,7,8,6,5,9,6,6,2,5,11,6,9,2,7,0,7,2,9,6,8,0,3,0,0,7,2,2,8,2,4,7,0,2,6,9,2,0,9,7,9,7,4,7,8,9,2,3,5,9,2,6,4,6,6,5,4,7,8,0,10,0,6,7
2,8,11,6,7,2,9,9,3,4,2,3,7,6,2,11,9,3,5,10,3,3,10,6,5,5,10,6,7,9,8,5,7,2,9,5,11,9,2,3,4,7,8,9,6,3,2,0,8,7,2,6,9,9,7,10,10,5,4,9,3,4,8,5,6,5,7,0,7,8,11,2,6,5,8,2,7,10,7,6,9,11,2,6,9,7,3,8,9,7,6,10,7,7,3,6,0,7,10,3,8,2,8,3,10,7,9,2,4,2,2,8,3,3,9,3,5,8,2,3,7,10,3,2,10,8,10,8,5,8,9,10,3,4,6,10,3,7,5,7,7,6,5,8,9,2,11,2,7,8
3,9,0,7,8,3,10,10,4,5,3,4,8,7,3,0,10,4,6,11,4,4,11,7,6,6,11,7,8,10,9,6,8,3,10,6,0,10,3,4,5,8,9,10,7,4,3,2,9,8,3,7,10,10,8,11,11,6,5,10,4,5,9,6,7,6,8,2,8,9,0,3,7,6,9,3,8,11,8,7,10,0,3,7,10,8,4,9,10,8,7,11,8,8,4,7,2,8,11,4,9,3,9,4,11,8,10,3,5,3,3,9,4,4,10,4,6,9,3,4,8,11,4,3,11,9,11,9,6,9,10,11,4,5,7,11,4,8,6,8,8,7,6,9,10,3,0,3,8,9
4,10,2,8,9,4,11,11,5,6,4,5,9,8,4,2,11,5,7,0,5,5,0,8,7,7,0,8,9,11,10,7,9,4,11,7,2,11,4,5,6,9,10,11,8,5,4,3,10,9,4,8,11,11,9,0,0,7,6,11,5,6,10,7,8,7,9,3,9,10,2,4,8,7,10,4,9,0,9,8,11,2,4,8,11,9,5,10,11,9,8,0,9,9,5,8,3,9,0,5,10,4,10,5,0,9,11,4,6,4,4,10,5,5,11,5,7,10,4,5,9,0,5,4,0,10,0,10,7,10,11,0,5,6,8,0,5,9,7,9,9,8,7,10,11,4,2,4,9,10
5,11,3,9,10,5,0,0,6,7,5,6,10,9,5,3,0,6,8,2,6,6,2,9,8,8,2,9,10,0,11,8,10,5,0,8,3,0,5,6,7,10,11,0,9,6,5,4,11,10,5,9,0,0,10,2,2,8,7,0,6,7,11,8,9,8,10,4,10,11,3,5,9,8,11,5,10,2,10,9,0,3,5,9,0,10,6,11,0,10,9,2,10,10,6,9,4,10,2,6,11,5,11,6,2,10,0,5,7,5,5,11,6,6,0,6,8,11,5,6,10,2,6,5,2,11,2,11,8,11,0,2,6,7,9,2,6,10,8,10,10,9,8,11,0,5,3,5,10,11
6,0,4,10,11,6,2,2,7,8,6,7,11,10,6,4,2,7,9,3,7,7,3,10,9,9,3,10,11,2,0,9,11,6,2,9,4,2,6,7,8,11,0,2,10,7,6,5,0,11,6,10,2,2,11,3,3,9,8,2,7,8,0,9,10,9,11,5,11,0,4,6,10,9,0,6,11,3,11,10,2,4,6,10,2,11,7,0,2,11,10,3,11,11,7,10,5,11,3,7,0,6,0,7,3,11,2,6,8,6,6,0,7,7,2,7,9,0,6,7,11,3,7,6,3,0,3,0,9,0,2,3,7,8,10,3,7,11,9,11,11,10,9,0,2,6,4,6,11,0
7,2,5,11,0,7,3,3,8,9,7,8,0,11,7,5,3,8,10,4,8,8,4,11,10,10,4,11,0,3,2,10,0,7,3,10,5,3,7,8,9,0,2,3,11,8,7,6,2,0,7,11,3,3,0,4,4,10,9,3,8,9,2,10,11,10,0,6,0,2,5,7,11,10,2,7,0,4,0,11,3,5,7,11,3,0,8,2,3,0,11,4,0,0,8,11,6,0,4,8,2,7,2,8,4,0,3,7,9,7,7,2,8,8,3,8,10,2,7,8,0,4,8,7,4,2,4,2,10,2,3,4,8,9,11,4,8,0,10,0,0,11,10,2,3,7,5,7,0,2
8,3,6,0,2,8,4,4,9,10,8,9,2,0,8,6,4,9,11,5,9,9,5,0,11,11,5,0,2,4,3,11,2,8,4,11,6,4,8,9,10,2,3,4,0,9,8,7,3,2,8,0,4,4,2,5,5,11,10,4,9,10,3,11,0,11,2,7,2,3,6,8,0,11,3,8,2,5,2,0,4,6,8,0,4,2,9,3,4,2,0,5,2,2,9,0,7,2,5,9,3,8,3,9,5,2,4,8,10,8,8,3,9,9,4,9,11,3,8,9,2,5,9,8,5,3,5,3,11,3,4,5,9,10,0,5,9,2,11,2,2,0,11,3,4,8,6,8,2,3
9,4,7,2,3,9,5,5,10,11,9,10,3,2,9,7,5,10,0,6,10,10,6,2,0,0,6,2,3,5,4,0,3,9,5,0,7,5,9,10,11,3,4,5,2,10,9,8,4,3,9,2,5,5,3,6,6,0,11,5,10,11,4,0,2,0,3,8,3,4,7,9,2,0,4,9,3,6,3,2,5,7,9,2,5,3,10,4,5,3,2,6,3,3,10,2,8,3,6,10,4,9,4,10,6,3,5,9,11,9,9,4,10,10,5,10,0,4,9,10,3,6,10,9,6,4,6,4,0,4,5,6,10,11,2,6,10,3,0,3,3,2,0,4,5,9,7,9,3,4
10,5,8,3,4,10,6,6,11,0,10,11,4,3,10,8,6,11,2,7,11,11,7,3,2,2,7,3,4,6,5,2,4,10,6,2,8,6,10,11,0,4,5,6,3,11,10,9,5,4,10,3,6,6,4,7,7,2,0,6,11,0,5,2,3,2,4,9,4,5,8,10,3,2,5,10,4,7,4,3,6,8,10,3,6,4,11,5,6,4,3,7,4,4,11,3,9,4,7,11,5,10,5,11,7,4,6,10,0,10,10,5,11,11,6,11,2,5,10,11,4,7,11,10,7,5,7,5,2,5,6,7,11,0,3,7,11,4,2,4,4,3,2,5,6,10,8,10,4,5
11,6,9,4,5,11,7,7,0,2,11,0,5,4,11,9,7,0,3,8,0,0,8,4,3,3,8,4,5,7,6,3,5,11,7,3,9,7,11,0,2,5,6,7,4,0,11,10,6,5,11,4,7,7,5,8,8,3,2,7,0,2,6,3,4,3,5,10,5,6,9,11,4,3,6,11,5,8,5,4,7,9,11,4,7,5,0,6,7,5,4,8,5,5,0,4,10,5,8,0,6,11,6,0,8,5,7,11,2,11,11,6,0,0,7,0,3,6,11,0,5,8,0,11,8,6,8,6,3,6,7,8,0,2,4,8,0,5,3,5,5,4,3,6,7,11,9,11,5,6
0,7,10,5,6,0,8,8,2,3,0,2,6,5,0,10,8,2,4,9,2,2,9,5,4,4,9,5,6,8,7,4,6,0,8,4,10,8,0,2,3,6,7,8,5,2,0,11,7,6,0,5,8,8,6,9,9,4,3,8,2,3,7,4,5,4,6,11,6,7,10,0,5,4,7,0,6,9,6,5,8,10,0,5,8,6,2,7,8,6,5,9,6,6,2,5,11,6,9,2,7,0,7,2,9,6,8,0,3,0,0,7,2,2,8,2,4,7,0,2,6,9,2,0,9,7,9,7,4,7,8,9,2,3,5,9,2,6,4,6,6,5,4,7,8,0,10,0,6,7
2,8,11,6,7,2,9,9,3,4,2,3,7,6,2,11,9,3,5,10,3,3,10,6,5,5,10,6,7,9,8,5,7,2,9,5,11,9,2,3,4,7,8,9,6,3,2,0,8,7,2,6,9,9,7,10,10,5,4,9,3,4,8,5,6,5,7,0,7,8,11,2,6,5,8,2,7,10,7,6,9,11,2,6,9,7,3,8,9,7,6,10,7,7,3,6,0,7,10,3,8,2,8,3,10,7,9,2,4,2,2,8,3,3,9,3,5,8,2,3,7,10,3,2,10,8,10,8,5,8,9,10,3,4,6,10,3,7,5,7,7,6,5,8,9,2,11,2,7,8
3,9,0,7,8,3,10,10,4,5,3,4,8,7,3,0,10,4,6,11,4,4,11,7,6,6,11,7,8,10,9,6,8,3,10,6,0,10,3,4,5,8,9,10,7,4,3,2,9,8,3,7,10,10,8,11,11,6,5,10,4,5,9,6,7,6,8,2,8,9,0,3,7,6,9,3,8,11,8,7,10,0,3,7,10,8,4,9,10,8,7,11,8,8,4,7,2,8,11,4,9,3,9,4,11,8,10,3,5,3,3,9,4,4,10,4,6,9,3,4,8,11,4,3,11,9,11,9,6,9,10,11,4,5,7,11,4,8,6,8,8,7,6,9,10,3,0,3,8,9
4,10,2,8,9,4,11,11,5,6,4,5,9,8,4,2,11,5,7,0,5,5,0,8,7,7,0,8,9,11,10,7,9,4,11,7,2,11,4,5,6,9,10,11,8,5,4,3,10,9,4,8,11,11,9,0,0,7,6,11,5,6,10,7,8,7,9,3,9,10,2,4,8,7,10,4,9,0,9,8,11,2,4,8,11,9,5,10,11,9,8,0,9,9,5,8,3,9,0,5,10,4,10,5,0,9,11,4,6,4,4,10,5,5,11,5,7,10,4,5,9,0,5,4,0,10,0,10,7,10,11,0,5,6,8,0,5,9,7,9,9,8,7,10,11,4,2,4,9,10
5,11,3,9,10,5,0,0,6,7,5,6,10,9,5,3,0,6,8,2,6,6,2,9,8,8,2,9,10,0,11,8,10,5,0,8,3,0,5,6,7,10,11,0,9,6,5,4,11,10,5,9,0,0,10,2,2,8,7,0,6,7,11,8,9,8,10,4,10,11,3,5,9,8,11,5,10,2,10,9,0,3,5,9,0,10,6,11,0,10,9,2,10,10,6,9,4,10,2,6,11,5,11,6,2,10,0,5,7,5,5,11,6,6,0,6,8,11,5,6,10,2,6,5,2,11,2,11,8,11,0,2,6,7,9,2,6,10,8,10,10,9,8,11,0,5,3,5,10,11
6,0,4,10,11,6,2,2,7,8,6,7,11,10,6,4,2,7,9,3,7,7,3,10,9,9,3,10,11,2,0,9,11,6,2,9,4,2,6,7,8,11,0,2,10,7,6,5,0,11,6,10,2,2,11,3,3,9,8,2,7,8,0,9,10,9,11,5,11,0,4,6,10,9,0,6,11,3,11,10,2,4,6,10,2,11,7,0,2,11,10,3,11,11,7,10,5,11,3,7,0,6,0,7,3,11,2,6,8,6,6,0,7,7,2,7,9,0,6,7,11,3,7,6,3,0,3,0,9,0,2,3,7,8,10,3,7,11,9,11,11,10,9,0,2,6,4,6,11,0
7,2,5,11,0,7,3,3,8,9,7,8,0,11,7,5,3,8,10,4,8,8,4,11,10,10,4,11,0,3,2,10,0,7,3,10,5,3,7,8,9,0,2,3,11,8,7,6,2,0,7,11,3,3,0,4,4,10,9,3,8,9,2,10,11,10,0,6,0,2,5,7,11,10,2,7,0,4,0,11,3,5,7,11,3,0,8,2,3,0,11,4,0,0,8,11,6,0,4,8,2,7,2,8,4,0,3,7,9,7,7,2,8,8,3,8,10,2,7,8,0,4,8,7,4,2,4,2,10,2,3,4,8,9,11,4,8,0,10,0,0,11,10,2,3,7,5,7,0,2
8,3,6,0,2,8,4,4,9,10,8,9,2,0,8,6,4,9,11,5,9,9,5,0,11,11,5,0,2,4,3,11,2,8,4,11,6,4,8,9,10,2,3,4,0,9,8,7,3,2,8,0,4,4,2,5,5,11,10,4,9,10,3,11,0,11,2,7,2,3,6,8,0,11,3,8,2,5,2,0,4,6,8,0,4,2,9,3,4,2,0,5,2,2,9,0,7,2,5,9,3,8,3,9,5,2,4,8,10,8,8,3,9,9,4,9,11,3,8,9,2,5,9,8,5,3,5,3,11,3,4,5,9,10,0,5,9,2,11,2,2,0,11,3,4,8,6,8,2,3
9,4,7,2,3,9,5,5,10,11,9,10,3,2,9,7,5,10,0,6,10,10,6,2,0,0,6,2,3,5,4,0,3,9,5,0,7,5,9,10,11,3,4,5,2,10,9,8,4,3,9,2,5,5,3,6,6,0,11,5,10,11,4,0,2,0,3,8,3,4,7,9,2,0,4,9,3,6,3,2,5,7,9,2,5,3,10,4,5,3,2,6,3,3,10,2,8,3,6,10,4,9,4,10,6,3,5,9,11,9,9,4,10,10,5,10,0,4,9,10,3,6,10,9,6,4,6,4,0,4,5,6,10,11,2,6,10,3,0,3,3,2,0,4,5,9,7,9,3,4
10,5,8,3,4,10,6,6,11,0,10,11,4,3,10,8,6,11,2,7,11,11,7,3,2,2,7,3,4,6,5,2,4,10,6,2,8,6,10,11,0,4,5,6,3,11,10,9,5,4,10,3,6,6,4,7,7,2,0,6,11,0,5,2,3,2,4,9,4,5,8,10,3,2,5,10,4,7,4,3,6,8,10,3,6,4,11,5,6,4,3,7,4,4,11,3,9,4,7,11,5,10,5,11,7,4,6,10,0,10,10,5,11,11,6,11,2,5,10,11,4,7,11,10,7,5,7,5,2,5,6,7,11,0,3,7,11,4,2,4,4,3,2,5,6,10,8,10,4,5
11,6,9,4,5,11,7,7,0,2,11,0,5,4,11,9,7,0,3,8,0,0,8,4,3,3,8,4,5,7,6,3,5,11,7,3,9,7,11,0,2,5,6,7,4,0,11,10,6,5,11,4,7,7,5,8,8,3,2,7,0,2,6,3,4,3,5,10,5,6,9,11,4,3,6,11,5,8,5,4,7,9,11,4,7,5,0,6,7,5,4,8,5,5,0,4,10,5,8,0,6,11,6,0,8,5,7,11,2,11,11,6,0,0,7,0,3,6,11,0,5,8,0,11,8,6,8,6,3,6,7,8,0,2,4,8,0,5,3,5,5,4,3,6,7,11,9,11,5,6
0,7,10,5,6,0,8,8,2,3,0,2,6,5,0,10,8,2,4,9,2,2,9,5,4,4,9,5,6,8,7,4,6,0,8,4,10,8,0,2,3,6,7,8,5,2,0,11,7,6,0,5,8,8,6,9,9,4,3,8,2,3,7,4,5,4,6,11,6,7,10,0,5,4,7,0,6,9,6,5,8,10,0,5,8,6,2,7,8,6,5,9,6,6,2,5,11,6,9,2,7,0,7,2,9,6,8,0,3,0,0,7,2,2,8,2,4,7,0,2,6,9,2,0,9,7,9,7,4,7,8,9,2,3,5,9,2,6,4,6,6,5,4,7,8,0,10,0,6,7
2,8,11,6,7,2,9,9,3,4,2,3,7,6,2,11,9,3,5,10,3,3,10,6,5,5,10,6,7,9,8,5,7,2,9,5,11,9,2,3,4,7,8,9,6,3,2,0,8,7,2,6,9,9,7,10,10,5,4,9,3,4,8,5,6,5,7,0,7,8,11,2,6,5,8,2,7,10,7,6,9,11,2,6,9,7,3,8,9,7,6,10,7,7,3,6,0,7,10,3,8,2,8,3,10,7,9,2,4,2,2,8,3,3,9,3,5,8,2,3,7,10,3,2,10,8,10,8,5,8,9,10,3,4,6,10,3,7,5,7,7,6,5,8,9,2,11,2,7,8
3,9,0,7,8,3,10,10,4,5,3,4,8,7,3,0,10,4,6,11,4,4,11,7,6,6,11,7,8,10,9,6,8,3,10,6,0,10,3,4,5,8,9,10,7,4,3,2,9,8,3,7,10,10,8,11,11,6,5,10,4,5,9,6,7,6,8,2,8,9,0,3,7,6,9,3,8,11,8,7,10,0,3,7,10,8,4,9,10,8,7,11,8,8,4,7,2,8,11,4,9,3,9,4,11,8,10,3,5,3,3,9,4,4,10,4,6,9,3,4,8,11,4,3,11,9,11,9,6,9,10,11,4,5,7,11,4,8,6,8,8,7,6,9,10,3,0,3,8,9
4,10,2,8,9,4,11,11,5,6,4,5,9,8,4,2,11,5,7,0,5,5,0,8,7,7,0,8,9,11,10,7,9,4,11,7,2,11,4,5,6,9,10,11,8,5,4,3,10,9,4,8,11,11,9,0,0,7,6,11,5,6,10,7,8,7,9,3,9,10,2,4,8,7,10,4,9,0,9,8,11,2,4,8,11,9,5,10,11,9,8,0,9,9,5,8,3,9,0,5,10,4,10,5,0,9,11,4,6,4,4,10,5,5,11,5,7,10,4,5,9,0,5,4,0,10,0,10,7,10,11,0,5,6,8,0,5,9,7,9,9,8,7,10,11,4,2,4,9,10
5,11,3,9,10,5,0,0,6,7,5,6,10,9,5,3,0,6,8,2,6,6,2,9,8,8,2,9,10,0,11,8,10,5,0,8,3,0,5,6,7,10,11,0,9,6,5,4,11,10,5,9,0,0,10,2,2,8,7,0,6,7,11,8,9,8,10,4,10,11,3,5,9,8,11,5,10,2,10,9,0,3,5,9,0,10,6,11,0,10,9,2,10,10,6,9,4,10,2,6,11,5,11,6,2,10,0,5,7,5,5,11,6,6,0,6,8,11,5,6,10,2,6,5,2,11,2,11,8,11,0,2,6,7,9,2,6,10,8,10,10,9,8,11,0,5,3,5,10,11
6,0,4,10,11,6,2,2,7,8,6,7,11,10,6,4,2,7,9,3,7,7,3,10,9,9,3,10,11,2,0,9,11,6,2,9,4,2,6,7,8,11,0,2,10,7,6,5,0,11,6,10,2,2,11,3,3,9,8,2,7,8,0,9,10,9,11,5,11,0,4,6,10,9,0,6,11,3,11,10,2,4,6,10,2,11,7,0,2,11,10,3,11,11,7,10,5,11,3,7,0,6,0,7,3,11,2,6,8,6,6,0,7,7,2,7,9,0,6,7,11,3,7,6,3,0,3,0,9,0,2,3,7,8,10,3,7,11,9,11,11,10,9,0,2,6,4,6,11,0
7,2,5,11,0,7,3,3,8,9,7,8,0,11,7,5,3,8,10,4,8,8,4,11,10,10,4,11,0,3,2,10,0,7,3,10,5,3,7,8,9,0,2,3,11,8,7,6,2,0,7,11,3,3,0,4,4,10,9,3,8,9,2,10,11,10,0,6,0,2,5,7,11,10,2,7,0,4,0,11,3,5,7,11,3,0,8,2,3,0,11,4,0,0,8,11,6,0,4,8,2,7,2,8,4,0,3,7,9,7,7,2,8,8,3,8,10,2,7,8,0,4,8,7,4,2,4,2,10,2,3,4,8,9,11,4,8,0,10,0,0,11,10,2,3,7,5,7,0,2
8,3,6,0,2,8,4,4,9,10,8,9,2,0,8,6,4,9,11,5,9,9,5,0,11,11,5,0,2,4,3,11,2,8,4,11,6,4,8,9,10,2,3,4,0,9,8,7,3,2,8,0,4,4,2,5,5,11,10,4,9,10,3,11,0,11,2,7,2,3,6,8,0,11,3,8,2,5,2,0,4,6,8,0,4,2,9,3,4,2,0,5,2,2,9,0,7,2,5,9,3,8,3,9,5,2,4,8,10,8,8,3,9,9,4,9,11,3,8,9,2,5,9,8,5,3,5,3,11,3,4,5,9,10,0,5,9,2,11,2,2,0,11,3,4,8,6,8,2,3
9,4,7,2,3,9,5,5,10,11,9,10,3,2,9,7,5,10,0,6,10,10,6,2,0,0,6,2,3,5,4,0,3,9,5,0,7,5,9,10,11,3,4,5,2,10,9,8,4,3,9,2,5,5,3,6,6,0,11,5,10,11,4,0,2,0,3,8,3,4,7,9,2,0,4,9,3,6,3,2,5,7,9,2,5,3,10,4,5,3,2,6,3,3,10,2,8,3,6,10,4,9,4,10,6,3,5,9,11,9,9,4,10,10,5,10,0,4,9,10,3,6,10,9,6,4,6,4,0,4,5,6,10,11,2,6,10,3,0,3,3,2,0,4,5,9,7,9,3,4
10,5,8,3,4,10,6,6,11,0,10,11,4,3,10,8,6,11,2,7,11,11,7,3,2,2,7,3,4,6,5,2,4,10,6,2,8,6,10,11,0,4,5,6,3,11,10,9,5,4,10,3,6,6,4,7,7,2,0,6,11,0,5,2,3,2,4,9,4,5,8,10,3,2,5,10,4,7,4,3,6,8,10,3,6,4,11,5,6,4,3,7,4,4,11,3,9,4,7,11,5,10,5,11,7,4,6,10,0,10,10,5,11,11,6,11,2,5,10,11,4,7,11,10,7,5,7,5,2,5,6,7,11,0,3,7,11,4,2,4,4,3,2,5,6,10,8,10,4,5
11,6,9,4,5,11,7,7,0,2,11,0,5,4,11,9,7,0,3,8,0,0,8,4,3,3,8,4,5,7,6,3,5,11,7,3,9,7,11,0,2,5,6,7,4,0,11,10,6,5,11,4,7,7,5,8,8,3,2,7,0,2,6,3,4,3,5,10,5,6,9,11,4,3,6,11,5,8,5,4,7,9,11,4,7,5,0,6,7,5,4,8,5,5,0,4,10,5,8,0,6,11,6,0,8,5,7,11,2,11,11,6,0,0,7,0,3,6,11,0,5,8,0,11,8,6,8,6,3,6,7,8,0,2,4,8,0,5,3,5,5,4,3,6,7,11,9,11,5,6
0,7,10,5,6,0,8,8,2,3,0,2,6,5,0,10,8,2,4,9,2,2,9,5,4,4,9,5,6,8,7,4,6,0,8,4,10,8,0,2,3,6,7,8,5,2,0,11,7,6,0,5,8,8,6,9,9,4,3,8,2,3,7,4,5,4,6,11,6,7,10,0,5,4,7,0,6,9,6,5,8,10,0,5,8,6,2,7,8,6,5,9,6,6,2,5,11,6,9,2,7,0,7,2,9,6,8,0,3,0,0,7,2,2,8,2,4,7,0,2,6,9,2,0,9,7,9,7,4,7,8,9,2,3,5,9,2,6,4,6,6,5,4,7,8,0,10,0,6,7
2,8,11,6,7,2,9,9,3,4,2,3,7,6,2,11,9,3,5,10,3,3,10,6,5,5,10,6,7,9,8,5,7,2,9,5,11,9,2,3,4,7,8,9,6,3,2,0,8,7,2,6,9,9,7,10,10,5,4,9,3,4,8,5,6,5,7,0,7,8,11,2,6,5,8,2,7,10,7,6,9,11,2,6,9,7,3,8,9,7,6,10,7,7,3,6,0,7,10,3,8,2,8,3,10,7,9,2,4,2,2,8,3,3,9,3,5,8,2,3,7,10,3,2,10,8,10,8,5,8,9,10,3,4,6,10,3,7,5,7,7,6,5,8,9,2,11,2,7,8
3,9,0,7,8,3,10,10,4,5,3,4,8,7,3,0,10,4,6,11,4,4,11,7,6,6,11,7,8,10,9,6,8,3,10,6,0,10,3,4,5,8,9,10,7,4,3,2,9,8,3,7,10,10,8,11,11,6,5,10,4,5,9,6,7,6,8,2,8,9,0,3,7,6,9,3,8,11,8,7,10,0,3,7,10,8,4,9,10,8,7,11,8,8,4,7,2,8,11,4,9,3,9,4,11,8,10,3,5,3,3,9,4,4,10,4,6,9,3,4,8,11,4,3,11,9,11,9,6,9,10,11,4,5,7,11,4,8,6,8,8,7,6,9,10,3,0,3,8,9
4,10,2,8,9,4,11,11,5,6,4,5,9,8,4,2,11,5,7,0,5,5,0,8,7,7,0,8,9,11,10,7,9,4,11,7,2,11,4,5,6,9,10,11,8,5,4,3,10,9,4,8,11,11,9,0,0,7,6,11,5,6,10,7,8,7,9,3,9,10,2,4,8,7,10,4,9,0,9,8,11,2,4,8,11,9,5,10,11,9,8,0,9,9,5,8,3,9,0,5,10,4,10,5,0,9,11,4,6,4,4,10,5,5,11,5,7,10,4,5,9,0,5,4,0,10,0,10,7,10,11,0,5,6,8,0,5,9,7,9,9,8,7,10,11,4,2,4,9,10
5,11,3,9,10,5,0,0,6,7,5,6,10,9,5,3,0,6,8,2,6,6,2,9,8,8,2,9,10,0,11,8,10,5,0,8,3,0,5,6,7,10,11,0,9,6,5,4,11,10,5,9,0,0,10,2,2,8,7,0,6,7,11,8,9,8,10,4,10,11,3,5,9,8,11,5,10,2,10,9,0,3,5,9,0,10,6,11,0,10,9,2,10,10,6,9,4,10,2,6,11,5,11,6,2,10,0,5,7,5,5,11,6,6,0,6,8,11,5,6,10,2,6,5,2,11,2,11,8,11,0,2,6,7,9,2,6,10,8,10,10,9,8,11,0,5,3,5,10,11
6,0,4,10,11,6,2,2,7,8,6,7,11,10,6,4,2,7,9,3,7,7,3,10,9,9,3,10,11,2,0,9,11,6,2,9,4,2,6,7,8,11,0,2,10,7,6,5,0,11,6,10,2,2,11,3,3,9,8,2,7,8,0,9,10,9,11,5,11,0,4,6,10,9,0,6,11,3,11,10,2,4,6,10,2,11,7,0,2,11,10,3,11,11,7,10,5,11,3,7,0,6,0,7,3,11,2,6,8,6,6,0,7,7,2,7,9,0,6,7,11,3,7,6,3,0,3,0,9,0,2,3,7,8,10,3,7,11,9,11,11,10,9,0,2,6,4,6,11,0
7,2,5,11,0,7,3,3,8,9,7,8,0,11,7,5,3,8,10,4,8,8,4,11,10,10,4,11,0,3,2,10,0,7,3,10,5,3,7,8,9,0,2,3,11,8,7,6,2,0,7,11,3,3,0,4,4,10,9,3,8,9,2,10,11,10,0,6,0,2,5,7,11,10,2,7,0,4,0,11,3,5,7,11,3,0,8,2,3,0,11,4,0,0,8,11,6,0,4,8,2,7,2,8,4,0,3,7,9,7,7,2,8,8,3,8,10,2,7,8,0,4,8,7,4,2,4,2,10,2,3,4,8,9,11,4,8,0,10,0,0,11,10,2,3,7,5,7,0,2
8,3,6,0,2,8,4,4,9,10,8,9,2,0,8,6,4,9,11,5,9,9,5,0,11,11,5,0,2,4,3,11,2,8,4,11,6,4,8,9,10,2,3,4,0,9,8,7,3,2,8,0,4,4,2,5,5,11,10,4,9,10,3,11,0,11,2,7,2,3,6,8,0,11,3,8,2,5,2,0,4,6,8,0,4,2,9,3,4,2,0,5,2,2,9,0,7,2,5,9,3,8,3,9,5,2,4,8,10,8,8,3,9,9,4,9,11,3,8,9,2,5,9,8,5,3,5,3,11,3,4,5,9,10,0,5,9,2,11,2,2,0,11,3,4,8,6,8,2,3
9,4,7,2,3,9,5,5,10,11,9,10,3,2,9,7,5,10,0,6,10,10,6,2,0,0,6,2,3,5,4,0,3,9,5,0,7,5,9,10,11,3,4,5,2,10,9,8,4,3,9,2,5,5,3,6,6,0,11,5,10,11,4,0,2,0,3,8,3,4,7,9,2,0,4,9,3,6,3,2,5,7,9,2,5,3,10,4,5,3,2,6,3,3,10,2,8,3,6,10,4,9,4,10,6,3,5,9,11,9,9,4,10,10,5,10,0,4,9,10,3,6,10,9,6,4,6,4,0,4,5,6,10,11,2,6,10,3,0,3,3,2,0,4,5,9,7,9,3,4
10,5,8,3,4,10,6,6,11,0,10,11,4,3,10,8,6,11,2,7,11,11,7,3,2,2,7,3,4,6,5,2,4,10,6,2,8,6,10,11,0,4,5,6,3,11,10,9,5,4,10,3,6,6,4,7,7,2,0,6,11,0,5,2,3,2,4,9,4,5,8,10,3,2,5,10,4,7,4,3,6,8,10,3,6,4,11,5,6,4,3,7,4,4,11,3,9,4,7,11,5,10,5,11,7,4,6,10,0,10,10,5,11,11,6,11,2,5,10,11,4,7,11,10,7,5,7,5,2,5,6,7,11,0,3,7,11,4,2,4,4,3,2,5,6,10,8,10,4,5
11,6,9,4,5,11,7,7,0,2,11,0,5,4,11,9,7,0,3,8,0,0,8,4,3,3,8,4,5,7,6,3,5,11,7,3,9,7,11,0,2,5,6,7,4,0,11,10,6,5,11,4,7,7,5,8,8,3,2,7,0,2,6,3,4,3,5,10,5,6,9,11,4,3,6,11,5,8,5,4,7,9,11,4,7,5,0,6,7,5,4,8,5,5,0,4,10,5,8,0,6,11,6,0,8,5,7,11,2,11,11,6,0,0,7,0,3,6,11,0,5,8,0,11,8,6,8,6,3,6,7,8,0,2,4,8,0,5,3,5,5,4,3,6,7,11,9,11,5,6
0,7,10,5,6,0,8,8,2,3,0,2,6,5,0,10,8,2,4,9,2,2,9,5,4,4,9,5,6,8,7,4,6,0,8,4,10,8,0,2,3,6,7,8,5,2,0,11,7,6,0,5,8,8,6,9,9,4,3,8,2,3,7,4,5,4,6,11,6,7,10,0,5,4,7,0,6,9,6,5,8,10,0,5,8,6,2,7,8,6,5,9,6,6,2,5,11,6,9,2,7,0,7,2,9,6,8,0,3,0,0,7,2,2,8,2,4,7,0,2,6,9,2,0,9,7,9,7,4,7,8,9,2,3,5,9,2,6,4,6,6,5,4,7,8,0,10,0,6,7
2,8,11,6,7,2,9,9,3,4,2,3,7,6,2,11,9,3,5,10,3,3,10,6,5,5,10,6,7,9,8,5,7,2,9,5,11,9,2,3,4,7,8,9,6,3,2,0,8,7,2,6,9,9,7,10,10,5,4,9,3,4,8,5,6,5,7,0,7,8,11,2,6,5,8,2,7,10,7,6,9,11,2,6,9,7,3,8,9,7,6,10,7,7,3,6,0,7,10,3,8,2,8,3,10,7,9,2,4,2,2,8,3,3,9,3,5,8,2,3,7,10,3,2,10,8,10,8,5,8,9,10,3,4,6,10,3,7,5,7,7,6,5,8,9,2,11,2,7,8
3,9,0,7,8,3,10,10,4,5,3,4,8,7,3,0,10,4,6,11,4,4,11,7,6,6,11,7,8,10,9,6,8,3,10,6,0,10,3,4,5,8,9,10,7,4,3,2,9,8,3,7,10,10,8,11,11,6,5,10,4,5,9,6,7,6,8,2,8,9,0,3,7,6,9,3,8,11,8,7,10,0,3,7,10,8,4,9,10,8,7,11,8,8,4,7,2,8,11,4,9,3,9,4,11,8,10,3,5,3,3,9,4,4,10,4,6,9,3,4,8,11,4,3,11,9,11,9,6,9,10,11,4,5,7,11,4,8,6,8,8,7,6,9,10,3,0,3,8,9
4,10,2,8,9,4,11,11,5,6,4,5,9,8,4,2,11,5,7,0,5,5,0,8,7,7,0,8,9,11,10,7,9,4,11,7,2,11,4,5,6,9,10,11,8,5,4,3,10,9,4,8,11,11,9,0,0,7,6,11,5,6,10,7,8,7,9,3,9,10,2,4,8,7,10,4,9,0,9,8,11,2,4,8,11,9,5,10,11,9,8,0,9,9,5,8,3,9,0,5,10,4,10,5,0,9,11,4,6,4,4,10,5,5,11,5,7,10,4,5,9,0,5,4,0,10,0,10,7,10,11,0,5,6,8,0,5,9,7,9,9,8,7,10,11,4,2,4,9,10
5,11,3,9,10,5,0,0,6,7,5,6,10,9,5,3,0,6,8,2,6,6,2,9,8,8,2,9,10,0,11,8,10,5,0,8,3,0,5,6,7,10,11,0,9,6,5,4,11,10,5,9,0,0,10,2,2,8,7,0,6,7,11,8,9,8,10,4,10,11,3,5,9,8,11,5,10,2,10,9,0,3,5,9,0,10,6,11,0,10,9,2,10,10,6,9,4,10,2,6,11,5,11,6,2,10,0,5,7,5,5,11,6,6,0,6,8,11,5,6,10,2,6,5,2,11,2,11,8,11,0,2,6,7,9,2,6,10,8,10,10,9,8,11,0,5,3,5,10,11
6,0,4,10,11,6,2,2,7,8,6,7,11,10,6,4,2,7,9,3,7,7,3,10,9,9,3,10,11,2,0,9,11,6,2,9,4,2,6,7,8,11,0,2,10,7,6,5,0,11,6,10,2,2,11,3,3,9,8,2,7,8,0,9,10,9,11,5,11,0,4,6,10,9,0,6,11,3,11,10,2,4,6,10,2,11,7,0,2,11,10,3,11,11,7,10,5,11,3,7,0,6,0,7,3,11,2,6,8,6,6,0,7,7,2,7,9,0,6,7,11,3,7,6,3,0,3,0,9,0,2,3,7,8,10,3,7,11,9,11,11,10,9,0,2,6,4,6,11,0
7,2,5,11,0,7,3,3,8,9,7,8,0,11,7,5,3,8,10,4,8,8,4,11,10,10,4,11,0,3,2,10,0,7,3,10,5,3,7,8,9,0,2,3,11,8,7,6,2,0,7,11,3,3,0,4,4,10,9,3,8,9,2,10,11,10,0,6,0,2,5,7,11,10,2,7,0,4,0,11,3,5,7,11,3,0,8,2,3,0,11,4,0,0,8,11,6,0,4,8,2,7,2,8,4,0,3,7,9,7,7,2,8,8,3,8,10,2,7,8,0,4,8,7,4,2,4,2,10,2,3,4,8,9,11,4,8,0,10,0,0,11,10,2,3,7,5,7,0,2
8,3,6,0,2,8,4,4,9,10,8,9,2,0,8,6,4,9,11,5,9,9,5,0,11,11,5,0,2,4,3,11,2,8,4,11,6,4,8,9,10,2,3,4,0,9,8,7,3,2,8,0,4,4,2,5,5,11,10,4,9,10,3,11,0,11,2,7,2,3,6,8,0,11,3,8,2,5,2,0,4,6,8,0,4,2,9,3,4,2,0,5,2,2,9,0,7,2,5,9,3,8,3,9,5,2,4,8,10,8,8,3,9,9,4,9,11,3,8,9,2,5,9,8,5,3,5,3,11,3,4,5,9,10,0,5,9,2,11,2,2,0,11,3,4,8,6,8,2,3
9,4,7,2,3,9,5,5,10,11,9,10,3,2,9,7,5,10,0,6,10,10,6,2,0,0,6,2,3,5,4,0,3,9,5,0,7,5,9,10,11,3,4,5,2,10,9,8,4,3,9,2,5,5,3,6,6,0,11,5,10,11,4,0,2,0,3,8,3,4,7,9,2,0,4,9,3,6,3,2,5,7,9,2,5,3,10,4,5,3,2,6,3,3,10,2,8,3,6,10,4,9,4,10,6,3,5,9,11,9,9,4,10,10,5,10,0,4,9,10,3,6,10,9,6,4,6,4,0,4,5,6,10,11,2,6,10,3,0,3,3,2,0,4,5,9,7,9,3,4
10,5,8,3,4,10,6,6,11,0,10,11,4,3,10,8,6,11,2,7,11,11,7,3,2,2,7,3,4,6,5,2,4,10,6,2,8,6,10,11,0,4,5,6,3,11,10,9,5,4,10,3,6,6,4,7,7,2,0,6,11,0,5,2,3,2,4,9,4,5,8,10,3,2,5,10,4,7,4,3,6,8,10,3,6,4,11,5,6,4,3,7,4,4,11,3,9,4,7,11,5,10,5,11,7,4,6,10,0,10,10,5,11,11,6,11,2,5,10,11,4,7,11,10,7,5,7,5,2,5,6,7,11,0,3,7,11,4,2,4,4,3,2,5,6,10,8,10,4,5
11,6,9,4,5,11,7,7,0,2,11,0,5,4,11,9,7,0,3,8,0,0,8,4,3,3,8,4,5,7,6,3,5,11,7,3,9,7,11,0,2,5,6,7,4,0,11,10,6,5,11,4,7,7,5,8,8,3,2,7,0,2,6,3,4,3,5,10,5,6,9,11,4,3,6,11,5,8,5,4,7,9,11,4,7,5,0,6,7,5,4,8,5,5,0,4,10,5,8,0,6,11,6,0,8,5,7,11,2,11,11,6,0,0,7,0,3,6,11,0,5,8,0,11,8,6,8,6,3,6,7,8,0,2,4,8,0,5,3,5,5,4,3,6,7,11,9,11,5,6
0,7,10,5,6,0,8,8,2,3,0,2,6,5,0,10,8,2,4,9,2,2,9,5,4,4,9,5,6,8,7,4,6,0,8,4,10,8,0,2,3,6,7,8,5,2,0,11,7,6,0,5,8,8,6,9,9,4,3,8,2,3,7,4,5,4,6,11,6,7,10,0,5,4,7,0,6,9,6,5,8,10,0,5,8,6,2,7,8,6,5,9,6,6,2,5,11,6,9,2,7,0,7,2,9,6,8,0,3,0,0,7,2,2,8,2,4,7,0,2,6,9,2,0,9,7,9,7,4,7,8,9,2,3,5,9,2,6,4,6,6,5,4,7,8,0,10,0,6,7
2,8,11,6,7,2,9,9,3,4,2,3,7,6,2,11,9,3,5,10,3,3,10,6,5,5,10,6,7,9,8,5,7,2,9,5,11,9,2,3,4,7,8,9,6,3,2,0,8,7,2,6,9,9,7,10,10,5,4,9,3,4,8,5,6,5,7,0,7,8,11,2,6,5,8,2,7,10,7,6,9,11,2,6,9,7,3,8,9,7,6,10,7,7,3,6,0,7,10,3,8,2,8,3,10,7,9,2,4,2,2,8,3,3,9,3,5,8,2,3,7,10,3,2,10,8,10,8,5,8,9,10,3,4,6,10,3,7,5,7,7,6,5,8,9,2,11,2,7,8
3,9,0,7,8,3,10,10,4,5,3,4,8,7,3,0,10,4,6,11,4,4,11,7,6,6,11,7,8,10,9,6,8,3,10,6,0,10,3,4,5,8,9,10,7,4,3,2,9,8,3,7,10,10,8,11,11,6,5,10,4,5,9,6,7,6,8,2,8,9,0,3,7,6,9,3,8,11,8,7,10,0,3,7,10,8,4,9,10,8,7,11,8,8,4,7,2,8,11,4,9,3,9,4,11,8,10,3,5,3,3,9,4,4,10,4,6,9,3,4,8,11,4,3,11,9,11,9,6,9,10,11,4,5,7,11,4,8,6,8,8,7,6,9,10,3,0,3,8,9
4,10,2,8,9,4,11,11,5,6,4,5,9,8,4,2,11,5,7,0,5,5,0,8,7,7,0,8,9,11,10,7,9,4,11,7,2,11,4,5,6,9,10,11,8,5,4,3,10,9,4,8,11,11,9,0,0,7,6,11,5,6,10,7,8,7,9,3,9,10,2,4,8,7,10,4,9,0,9,8,11,2,4,8,11,9,5,10,11,9,8,0,9,9,5,8,3,9,0,5,10,4,10,5,0,9,11,4,6,4,4,10,5,5,11,5,7,10,4,5,9,0,5,4,0,10,0,10,7,10,11,0,5,6,8,0,5,9,7,9,9,8,7,10,11,4,2,4,9,10
5,11,3,9,10,5,0,0,6,7,5,6,10,9,5,3,0,6,8,2,6,6,2,9,8,8,2,9,10,0,11,8,10,5,0,8,3,0,5,6,7,10,11,0,9,6,5,4,11,10,5,9,0,0,10,2,2,8,7,0,6,7,11,8,9,8,10,4,10,11,3,5,9,8,11,5,10,2,10,9,0,3,5,9,0,10,6,11,0,10,9,2,10,10,6,9,4,10,2,6,11,5,11,6,2,10,0,5,7,5,5,11,6,6,0,6,8,11,5,6,10,2,6,5,2,11,2,11,8,11,0,2,6,7,9,2,6,10,8,10,10,9,8,11,0,5,3,5,10,11
6,0,4,10,11,6,2,2,7,8,6,7,11,10,6,4,2,7,9,3,7,7,3,10,9,9,3,10,11,2,0,9,11,6,2,9,4,2,6,7,8,11,0,2,10,7,6,5,0,11,6,10,2,2,11,3,3,9,8,2,7,8,0,9,10,9,11,5,11,0,4,6,10,9,0,6,11,3,11,10,2,4,6,10,2,11,7,0,2,11,10,3,11,11,7,10,5,11,3,7,0,6,0,7,3,11,2,6,8,6,6,0,7,7,2,7,9,0,6,7,11,3,7,6,3,0,3,0,9,0,2,3,7,8,10,3,7,11,9,11,11,10,9,0,2,6,4,6,11,0
7,2,5,11,0,7,3,3,8,9,7,8,0,11,7,5,3,8,10,4,8,8,4,11,10,10,4,11,0,3,2,10,0,7,3,10,5,3,7,8,9,0,2,3,11,8,7,6,2,0,7,11,3,3,0,4,4,10,9,3,8,9,2,10,11,10,0,6,0,2,5,7,11,10,2,7,0,4,0,11,3,5,7,11,3,0,8,2,3,0,11,4,0,0,8,11,6,0,4,8,2,7,2,8,4,0,3,7,9,7,7,2,8,8,3,8,10,2,7,8,0,4,8,7,4,2,4,2,10,2,3,4,8,9,11,4,8,0,10,0,0,11,10,2,3,7,5,7,0,2
8,3,6,0,2,8,4,4,9,10,8,9,2,0,8,6,4,9,11,5,9,9,5,0,11,11,5,0,2,4,3,11,2,8,4,11,6,4,8,9,10,2,3,4,0,9,8,7,3,2,8,0,4,4,2,5,5,11,10,4,9,10,3,11,0,11,2,7,2,3,6,8,0,11,3,8,2,5,2,0,4,6,8,0,4,2,9,3,4,2,0,5,2,2,9,0,7,2,5,9,3,8,3,9,5,2,4,8,10,8,8,3,9,9,4,9,11,3,8,9,2,5,9,8,5,3,5,3,11,3,4,5,9,10,0,5,9,2,11,2,2,0,11,3,4,8,6,8,2,3
9,4,7,2,3,9,5,5,10,11,9,10,3,2,9,7,5,10,0,6,10,10,6,2,0,0,6,2,3,5,4,0,3,9,5,0,7,5,9,10,11,3,4,5,2,10,9,8,4,3,9,2,5,5,3,6,6,0,11,5,10,11,4,0,2,0,3,8,3,4,7,9,2,0,4,9,3,6,3,2,5,7,9,2,5,3,10,4,5,3,2,6,3,3,10,2,8,3,6,10,4,9,4,10,6,3,5,9,11,9,9,4,10,10,5,10,0,4,9,10,3,6,10,9,6,4,6,4,0,4,5,6,10,11,2,6,10,3,0,3,3,2,0,4,5,9,7,9,3,4
10,5,8,3,4,10,6,6,11,0,10,11,4,3,10,8,6,11,2,7,11,11,7,3,2,2,7,3,4,6,5,2,4,10,6,2,8,6,10,11,0,4,5,6,3,11,10,9,5,4,10,3,6,6,4,7,7,2,0,6,11,0,5,2,3,2,4,9,4,5,8,10,3,2,5,10,4,7,4,3,6,8,10,3,6,4,11,5,6,4,3,7,4,4,11,3,9,4,7,11,5,10,5,11,7,4,6,10,0,10,10,5,11,11,6,11,2,5,10,11,4,7,11,10,7,5,7,5,2,5,6,7,11,0,3,7,11,4,2,4,4,3,2,5,6,10,8,10,4,5
11,6,9,4,5,11,7,7,0,2,11,0,5,4,11,9,7,0,3,8,0,0,8,4,3,3,8,4,5,7,6,3,5,11,7,3,9,7,11,0,2,5,6,7,4,0,11,10,6,5,11,4,7,7,5,8,8,3,2,7,0,2,6,3,4,3,5,10,5,6,9,11,4,3,6,11,5,8,5,4,7,9,11,4,7,5,0,6,7,5,4,8,5,5,0,4,10,5,8,0,6,11,6,0,8,5,7,11,2,11,11,6,0,0,7,0,3,6,11,0,5,8,0,11,8,6,8,6,3,6,7,8,0,2,4,8,0,5,3,5,5,4,3,6,7,11,9,11,5,6
0,7,10,5,6,0,8,8,2,3,0,2,6,5,0,10,8,2,4,9,2,2,9,5,4,4,9,5,6,8,7,4,6,0,8,4,10,8,0,2,3,6,7,8,5,2,0,11,7,6,0,5,8,8,6,9,9,4,3,8,2,3,7,4,5,4,6,11,6,7,10,0,5,4,7,0,6,9,6,5,8,10,0,5,8,6,2,7,8,6,5,9,6,6,2,5,11,6,9,2,7,0,7,2,9,6,8,0,3,0,0,7,2,2,8,2,4,7,0,2,6,9,2,0,9,7,9,7,4,7,8,9,2,3,5,9,2,6,4,6,6,5,4,7,8,0,10,0,6,7
2,8,11,6,7,2,9,9,3,4,2,3,7,6,2,11,9,3,5,10,3,3,10,6,5,5,10,6,7,9,8,5,7,2,9,5,11,9,2,3,4,7,8,9,6,3,2,0,8,7,2,6,9,9,7,10,10,5,4,9,3,4,8,5,6,5,7,0,7,8,11,2,6,5,8,2,7,10,7,6,9,11,2,6,9,7,3,8,9,7,6,10,7,7,3,6,0,7,10,3,8,2,8,3,10,7,9,2,4,2,2,8,3,3,9,3,5,8,2,3,7,10,3,2,10,8,10,8,5,8,9,10,3,4,6,10,3,7,5,7,7,6,5,8,9,2,11,2,7,8
3,9,0,7,8,3,10,10,4,5,3,4,8,7,3,0,10,4,6,11,4,4,11,7,6,6,11,7,8,10,9,6,8,3,10,6,0,10,3,4,5,8,9,10,7,4,3,2,9,8,3,7,10,10,8,11,11,6,5,10,4,5,9,6,7,6,8,2,8,9,0,3,7,6,9,3,8,11,8,7,10,0,3,7,10,8,4,9,10,8,7,11,8,8,4,7,2,8,11,4,9,3,9,4,11,8,10,3,5,3,3,9,4,4,10,4,6,9,3,4,8,11,4,3,11,9,11,9,6,9,10,11,4,5,7,11,4,8,6,8,8,7,6,9,10,3,0,3,8,9
4,10,2,8,9,4,11,11,5,6,4,5,9,8,4,2,11,5,7,0,5,5,0,8,7,7,0,8,9,11,10,7,9,4,11,7,2,11,4,5,6,9,10,11,8,5,4,3,10,9,4,8,11,11,9,0,0,7,6,11,5,6,10,7,8,7,9,3,9,10,2,4,8,7,10,4,9,0,9,8,11,2,4,8,11,9,5,10,11,9,8,0,9,9,5,8,3,9,0,5,10,4,10,5,0,9,11,4,6,4,4,10,5,5,11,5,7,10,4,5,9,0,5,4,0,10,0,10,7,10,11,0,5,6,8,0,5,9,7,9,9,8,7,10,11,4,2,4,9,10
5,11,3,9,10,5,0,0,6,7,5,6,10,9,5,3,0,6,8,2,6,6,2,9,8,8,2,9,10,0,11,8,10,5,0,8,3,0,5,6,7,10,11,0,9,6,5,4,11,10,5,9,0,0,10,2,2,8,7,0,6,7,11,8,9,8,10,4,10,11,3,5,9,8,11,5,10,2,10,9,0,3,5,9,0,10,6,11,0,10,9,2,10,10,6,9,4,10,2,6,11,5,11,6,2,10,0,5,7,5,5,11,6,6,0,6,8,11,5,6,10,2,6,5,2,11,2,11,8,11,0,2,6,7,9,2,6,10,8,10,10,9,8,11,0,5,3,5,10,11
6,0,4,10,11,6,2,2,7,8,6,7,11,10,6,4,2,7,9,3,7,7,3,10,9,9,3,10,11,2,0,9,11,6,2,9,4,2,6,7,8,11,0,2,10,7,6,5,0,11,6,10,2,2,11,3,3,9,8,2,7,8,0,9,10,9,11,5,11,0,4,6,10,9,0,6,11,3,11,10,2,4,6,10,2,11,7,0,2,11,10,3,11,11,7,10,5,11,3,7,0,6,0,7,3,11,2,6,8,6,6,0,7,7,2,7,9,0,6,7,11,3,7,6,3,0,3,0,9,0,2,3,7,8,10,3,7,11,9,11,11,10,9,0,2,6,4,6,11,0
7,2,5,11,0,7,3,3,8,9,7,8,0,11,7,5,3,8,10,4,8,8,4,11,10,10,4,11,0,3,2,10,0,7,3,10,5,3,7,8,9,0,2,3,11,8,7,6,2,0,7,11,3,3,0,4,4,10,9,3,8,9,2,10,11,10,0,6,0,2,5,7,11,10,2,7,0,4,0,11,3,5,7,11,3,0,8,2,3,0,11,4,0,0,8,11,6,0,4,8,2,7,2,8,4,0,3,7,9,7,7,2,8,8,3,8,10,2,7,8,0,4,8,7,4,2,4,2,10,2,3,4,8,9,11,4,8,0,10,0,0,11,10,2,3,7,5,7,0,2
8,3,6,0,2,8,4,4,9,10,8,9,2,0,8,6,4,9,11,5,9,9,5,0,11,11,5,0,2,4,3,11,2,8,4,11,6,4,8,9,10,2,3,4,0,9,8,7,3,2,8,0,4,4,2,5,5,11,10,4,9,10,3,11,0,11,2,7,2,3,6,8,0,11,3,8,2,5,2,0,4,6,8,0,4,2,9,3,4,2,0,5,2,2,9,0,7,2,5,9,3,8,3,9,5,2,4,8,10,8,8,3,9,9,4,9,11,3,8,9,2,5,9,8,5,3,5,3,11,3,4,5,9,10,0,5,9,2,11,2,2,0,11,3,4,8,6,8,2,3
9,4,7,2,3,9,5,5,10,11,9,10,3,2,9,7,5,10,0,6,10,10,6,2,0,0,6,2,3,5,4,0,3,9,5,0,7,5,9,10,11,3,4,5,2,10,9,8,4,3,9,2,5,5,3,6,6,0,11,5,10,11,4,0,2,0,3,8,3,4,7,9,2,0,4,9,3,6,3,2,5,7,9,2,5,3,10,4,5,3,2,6,3,3,10,2,8,3,6,10,4,9,4,10,6,3,5,9,11,9,9,4,10,10,5,10,0,4,9,10,3,6,10,9,6,4,6,4,0,4,5,6,10,11,2,6,10,3,0,3,3,2,0,4,5,9,7,9,3,4
10,5,8,3,4,10,6,6,11,0,10,11,4,3,10,8,6,11,2,7,11,11,7,3,2,2,7,3,4,6,5,2,4,10,6,2,8,6,10,11,0,4,5,6,3,11,10,9,5,4,10,3,6,6,4,7,7,2,0,6,11,0,5,2,3,2,4,9,4,5,8,10,3,2,5,10,4,7,4,3,6,8,10,3,6,4,11,5,6,4,3,7,4,4,11,3,9,4,7,11,5,10,5,11,7,4,6,10,0,10,10,5,11,11,6,11,2,5,10,11,4,7,11,10,7,5,7,5,2,5,6,7,11,0,3,7,11,4,2,4,4,3,2,5,6,10,8,10,4,5
11,6,9,4,5,11,7,7,0,2,11,0,5,4,11,9,7,0,3,8,0,0,8,4,3,3,8,4,5,7,6,3,5,11,7,3,9,7,11,0,2,5,6,7,4,0,11,10,6,5,11,4,7,7,5,8,8,3,2,7,0,2,6,3,4,3,5,10,5,6,9,11,4,3,6,11,5,8,5,4,7,9,11,4,7,5,0,6,7,5,4,8,5,5,0,4,10,5,8,0,6,11,6,0,8,5,7,11,2,11,11,6,0,0,7,0,3,6,11,0,5,8,0,11,8,6,8,6,3,6,7,8,0,2,4,8,0,5,3,5,5,4,3,6,7,11,9,11,5,6
0,7,10,5,6,0,8,8,2,3,0,2,6,5,0,10,8,2,4,9,2,2,9,5,4,4,9,5,6,8,7,4,6,0,8,4,10,8,0,2,3,6,7,8,5,2,0,11,7,6,0,5,8,8,6,9,9,4,3,8,2,3,7,4,5,4,6,11,6,7,10,0,5,4,7,0,6,9,6,5,8,10,0,5,8,6,2,7,8,6,5,9,6,6,2,5,11,6,9,2,7,0,7,2,9,6,8,0,3,0,0,7,2,2,8,2,4,7,0,2,6,9,2,0,9,7,9,7,4,7,8,9,2,3,5,9,2,6,4,6,6,5,4,7,8,0,10,0,6,7
2,8,11,6,7,2,9,9,3,4,2,3,7,6,2,11,9,3,5,10,3,3,10,6,5,5,10,6,7,9,8,5,7,2,9,5,11,9,2,3,4,7,8,9,6,3,2,0,8,7,2,6,9,9,7,10,10,5,4,9,3,4,8,5,6,5,7,0,7,8,11,2,6,5,8,2,7,10,7,6,9,11,2,6,9,7,3,8,9,7,6,10,7,7,3,6,0,7,10,3,8,2,8,3,10,7,9,2,4,2,2,8,3,3,9,3,5,8,2,3,7,10,3,2,10,8,10,8,5,8,9,10,3,4,6,10,3,7,5,7,7,6,5,8,9,2,11,2,7,8
3,9,0,7,8,3,10,10,4,5,3,4,8,7,3,0,10,4,6,11,4,4,11,7,6,6,11,7,8,10,9,6,8,3,10,6,0,10,3,4,5,8,9,10,7,4,3,2,9,8,3,7,10,10,8,11,11,6,5,10,4,5,9,6,7,6,8,2,8,9,0,3,7,6,9,3,8,11,8,7,10,0,3,7,10,8,4,9,10,8,7,11,8,8,4,7,2,8,11,4,9,3,9,4,11,8,10,3,5,3,3,9,4,4,10,4,6,9,3,4,8,11,4,3,11,9,11,9,6,9,10,11,4,5,7,11,4,8,6,8,8,7,6,9,10,3,0,3,8,9
4,10,2,8,9,4,11,11,5,6,4,5,9,8,4,2,11,5,7,0,5,5,0,8,7,7,0,8,9,11,10,7,9,4,11,7,2,11,4,5,6,9,10,11,8,5,4,3,10,9,4,8,11,11,9,0,0,7,6,11,5,6,10,7,8,7,9,3,9,10,2,4,8,7,10,4,9,0,9,8,11,2,4,8,11,9,5,10,11,9,8,0,9,9,5,8,3,9,0,5,10,4,10,5,0,9,11,4,6,4,4,10,5,5,11,5,7,10,4,5,9,0,5,4,0,10,0,10,7,10,11,0,5,6,8,0,5,9,7,9,9,8,7,10,11,4,2,4,9,10
5,11,3,9,10,5,0,0,6,7,5,6,10,9,5,3,0,6,8,2,6,6,2,9,8,8,2,9,10,0,11,8,10,5,0,8,3,0,5,6,7,10,11,0,9,6,5,4,11,10,5,9,0,0,10,2,2,8,7,0,6,7,11,8,9,8,10,4,10,11,3,5,9,8,11,5,10,2,10,9,0,3,5,9,0,10,6,11,0,10,9,2,10,10,6,9,4,10,2,6,11,5,11,6,2,10,0,5,7,5,5,11,6,6,0,6,8,11,5,6,10,2,6,5,2,11,2,11,8,11,0,2,6,7,9,2,6,10,8,10,10,9,8,11,0,5,3,5,10,11
6,0,4,10,11,6,2,2,7,8,6,7,11,10,6,4,2,7,9,3,7,7,3,10,9,9,3,10,11,2,0,9,11,6,2,9,4,2,6,7,8,11,0,2,10,7,6,5,0,11,6,10,2,2,11,3,3,9,8,2,7,8,0,9,10,9,11,5,11,0,4,6,10,9,0,6,11,3,11,10,2,4,6,10,2,11,7,0,2,11,10,3,11,11,7,10,5,11,3,7,0,6,0,7,3,11,2,6,8,6,6,0,7,7,2,7,9,0,6,7,11,3,7,6,3,0,3,0,9,0,2,3,7,8,10,3,7,11,9,11,11,10,9,0,2,6,4,6,11,0
7,2,5,11,0,7,3,3,8,9,7,8,0,11,7,5,3,8,10,4,8,8,4,11,10,10,4,11,0,3,2,10,0,7,3,10,5,3,7,8,9,0,2,3,11,8,7,6,2,0,7,11,3,3,0,4,4,10,9,3,8,9,2,10,11,10,0,6,0,2,5,7,11,10,2,7,0,4,0,11,3,5,7,11,3,0,8,2,3,0,11,4,0,0,8,11,6,0,4,8,2,7,2,8,4,0,3,7,9,7,7,2,8,8,3,8,10,2,7,8,0,4,8,7,4,2,4,2,10,2,3,4,8,9,11,4,8,0,10,0,0,11,10,2,3,7,5,7,0,2
8,3,6,0,2,8,4,4,9,10,8,9,2,0,8,6,4,9,11,5,9,9,5,0,11,11,5,0,2,4,3,11,2,8,4,11,6,4,8,9,10,2,3,4,0,9,8,7,3,2,8,0,4,4,2,5,5,11,10,4,9,10,3,11,0,11,2,7,2,3,6,8,0,11,3,8,2,5,2,0,4,6,8,0,4,2,9,3,4,2,0,5,2,2,9,0,7,2,5,9,3,8,3,9,5,2,4,8,10,8,8,3,9,9,4,9,11,3,8,9,2,5,9,8,5,3,5,3,11,3,4,5,9,10,0,5,9,2,11,2,2,0,11,3,4,8,6,8,2,3
9,4,7,2,3,9,5,5,10,11,9,10,3,2,9,7,5,10,0,6,10,10,6,2,0,0,6,2,3,5,4,0,3,9,5,0,7,5,9,10,11,3,4,5,2,10,9,8,4,3,9,2,5,5,3,6,6,0,11,5,10,11,4,0,2,0,3,8,3,4,7,9,2,0,4,9,3,6,3,2,5,7,9,2,5,3,10,4,5,3,2,6,3,3,10,2,8,3,6,10,4,9,4,10,6,3,5,9,11,9,9,4,10,10,5,10,0,4,9,10,3,6,10,9,6,4,6,4,0,4,5,6,10,11,2,6,10,3,0,3,3,2,0,4,5,9,7,9,3,4
10,5,8,3,4,10,6,6,11,0,10,11,4,3,10,8,6,11,2,7,11,11,7,3,2,2,7,3,4,6,5,2,4,10,6,2,8,6,10,11,0,4,5,6,3,11,10,9,5,4,10,3,6,6,4,7,7,2,0,6,11,0,5,2,3,2,4,9,4,5,8,10,3,2,5,10,4,7,4,3,6,8,10,3,6,4,11,5,6,4,3,7,4,4,11,3,9,4,7,11,5,10,5,11,7,4,6,10,0,10,10,5,11,11,6,11,2,5,10,11,4,7,11,10,7,5,7,5,2,5,6,7,11,0,3,7,11,4,2,4,4,3,2,5,6,10,8,10,4,5
11,6,9,4,5,11,7,7,0,2,11,0,5,4,11,9,7,0,3,8,0,0,8,4,3,3,8,4,5,7,6,3,5,11,7,3,9,7,11,0,2,5,6,7,4,0,11,10,6,5,11,4,7,7,5,8,8,3,2,7,0,2,6,3,4,3,5,10,5,6,9,11,4,3,6,11,5,8,5,4,7,9,11,4,7,5,0,6,7,5,4,8,5,5,0,4,10,5,8,0,6,11,6,0,8,5,7,11,2,11,11,6,0,0,7,0,3,6,11,0,5,8,0,11,8,6,8,6,3,6,7,8,0,2,4,8,0,5,3,5,5,4,3,6,7,11,9,11,5,6
0,7,10,5,6,0,8,8,2,3,0,2,6,5,0,10,8,2,4,9,2,2,9,5,4,4,9,5,6,8,7,4,6,0,8,4,10,8,0,2,3,6,7,8,5,2,0,11,7,6,0,5,8,8,6,9,9,4,3,8,2,3,7,4,5,4,6,11,6,7,10,0,5,4,7,0,6,9,6,5,8,10,0,5,8,6,2,7,8,6,5,9,6,6,2,5,11,6,9,2,7,0,7,2,9,6,8,0,3,0,0,7,2,2,8,2,4,7,0,2,6,9,2,0,9,7,9,7,4,7,8,9,2,3,5,9,2,6,4,6,6,5,4,7,8,0,10,0,6,7
2,8,11,6,7,2,9,9,3,4,2,3,7,6,2,11,9,3,5,10,3,3,10,6,5,5,10,6,7,9,8,5,7,2,9,5,11,9,2,3,4,7,8,9,6,3,2,0,8,7,2,6,9,9,7,10,10,5,4,9,3,4,8,5,6,5,7,0,7,8,11,2,6,5,8,2,7,10,7,6,9,11,2,6,9,7,3,8,9,7,6,10,7,7,3,6,0,7,10,3,8,2,8,3,10,7,9,2,4,2,2,8,3,3,9,3,5,8,2,3,7,10,3,2,10,8,10,8,5,8,9,10,3,4,6,10,3,7,5,7,7,6,5,8,9,2,11,2,7,8
3,9,0,7,8,3,10,10,4,5,3,4,8,7,3,0,10,4,6,11,4,4,11,7,6,6,11,7,8,10,9,6,8,3,10,6,0,10,3,4,5,8,9,10,7,4,3,2,9,8,3,7,10,10,8,11,11,6,5,10,4,5,9,6,7,6,8,2,8,9,0,3,7,6,9,3,8,11,8,7,10,0,3,7,10,8,4,9,10,8,7,11,8,8,4,7,2,8,11,4,9,3,9,4,11,8,10,3,5,3,3,9,4,4,10,4,6,9,3,4,8,11,4,3,11,9,11,9,6,9,10,11,4,5,7,11,4,8,6,8,8,7,6,9,10,3,0,3,8,9
4,10,2,8,9,4,11,11,5,6,4,5,9,8,4,2,11,5,7,0,5,5,0,8,7,7,0,8,9,11,10,7,9,4,11,7,2,11,4,5,6,9,10,11,8,5,4,3,10,9,4,8,11,11,9,0,0,7,6,11,5,6,10,7,8,7,9,3,9,10,2,4,8,7,10,4,9,0,9,8,11,2,4,8,11,9,5,10,11,9,8,0,9,9,5,8,3,9,0,5,10,4,10,5,0,9,11,4,6,4,4,10,5,5,11,5,7,10,4,5,9,0,5,4,0,10,0,10,7,10,11,0,5,6,8,0,5,9,7,9,9,8,7,10,11,4,2,4,9,10
5,11,3,9,10,5,0,0,6,7,5,6,10,9,5,3,0,6,8,2,6,6,2,9,8,8,2,9,10,0,11,8,10,5,0,8,3,0,5,6,7,10,11,0,9,6,5,4,11,10,5,9,0,0,10,2,2,8,7,0,6,7,11,8,9,8,10,4,10,11,3,5,9,8,11,5,10,2,10,9,0,3,5,9,0,10,6,11,0,10,9,2,10,10,6,9,4,10,2,6,11,5,11,6,2,10,0,5,7,5,5,11,6,6,0,6,8,11,5,6,10,2,6,5,2,11,2,11,8,11,0,2,6,7,9,2,6,10,8,10,10,9,8,11,0,5,3,5,10,11
6,0,4,10,11,6,2,2,7,8,6,7,11,10,6,4,2,7,9,3,7,7,3,10,9,9,3,10,11,2,0,9,11,6,2,9,4,2,6,7,8,11,0,2,10,7,6,5,0,11,6,10,2,2,11,3,3,9,8,2,7,8,0,9,10,9,11,5,11,0,4,6,10,9,0,6,11,3,11,10,2,4,6,10,2,11,7,0,2,11,10,3,11,11,7,10,5,11,3,7,0,6,0,7,3,11,2,6,8,6,6,0,7,7,2,7,9,0,6,7,11,3,7,6,3,0,3,0,9,0,2,3,7,8,10,3,7,11,9,11,11,10,9,0,2,6,4,6,11,0
7,2,5,11,0,7,3,3,8,9,7,8,0,11,7,5,3,8,10,4,8,8,4,11,10,10,4,11,0,3,2,10,0,7,3,10,5,3,7,8,9,0,2,3,11,8,7,6,2,0,7,11,3,3,0,4,4,10,9,3,8,9,2,10,11,10,0,6,0,2,5,7,11,10,2,7,0,4,0,11,3,5,7,11,3,0,8,2,3,0,11,4,0,0,8,11,6,0,4,8,2,7,2,8,4,0,3,7,9,7,7,2,8,8,3,8,10,2,7,8,0,4,8,7,4,2,4,2,10,2,3,4,8,9,11,4,8,0,10,0,0,11,10,2,3,7,5,7,0,2
8,3,6,0,2,8,4,4,9,10,8,9,2,0,8,6,4,9,11,5,9,9,5,0,11,11,5,0,2,4,3,11,2,8,4,11,6,4,8,9,10,2,3,4,0,9,8,7,3,2,8,0,4,4,2,5,5,11,10,4,9,10,3,11,0,11,2,7,2,3,6,8,0,11,3,8,2,5,2,0,4,6,8,0,4,2,9,3,4,2,0,5,2,2,9,0,7,2,5,9,3,8,3,9,5,2,4,8,10,8,8,3,9,9,4,9,11,3,8,9,2,5,9,8,5,3,5,3,11,3,4,5,9,10,0,5,9,2,11,2,2,0,11,3,4,8,6,8,2,3
9,4,7,2,3,9,5,5,10,11,9,10,3,2,9,7,5,10,0,6,10,10,6,2,0,0,6,2,3,5,4,0,3,9,5,0,7,5,9,10,11,3,4,5,2,10,9,8,4,3,9,2,5,5,3,6,6,0,11,5,10,11,4,0,2,0,3,8,3,4,7,9,2,0,4,9,3,6,3,2,5,7,9,2,5,3,10,4,5,3,2,6,3,3,10,2,8,3,6,10,4,9,4,10,6,3,5,9,11,9,9,4,10,10,5,10,0,4,9,10,3,6,10,9,6,4,6,4,0,4,5,6,10,11,2,6,10,3,0,3,3,2,0,4,5,9,7,9,3,4
10,5,8,3,4,10,6,6,11,0,10,11,4,3,10,8,6,11,2,7,11,11,7,3,2,2,7,3,4,6,5,2,4,10,6,2,8,6,10,11,0,4,5,6,3,11,10,9,5,4,10,3,6,6,4,7,7,2,0,6,11,0,5,2,3,2,4,9,4,5,8,10,3,2,5,10,4,7,4,3,6,8,10,3,6,4,11,5,6,4,3,7,4,4,11,3,9,4,7,11,5,10,5,11,7,4,6,10,0,10,10,5,11,11,6,11,2,5,10,11,4,7,11,10,7,5,7,5,2,5,6,7,11,0,3,7,11,4,2,4,4,3,2,5,6,10,8,10,4,5
11,6,9,4,5,11,7,7,0,2,11,0,5,4,11,9,7,0,3,8,0,0,8,4,3,3,8,4,5,7,6,3,5,11,7,3,9,7,11,0,2,5,6,7,4,0,11,10,6,5,11,4,7,7,5,8,8,3,2,7,0,2,6,3,4,3,5,10,5,6,9,11,4,3,6,11,5,8,5,4,7,9,11,4,7,5,0,6,7,5,4,8,5,5,0,4,10,5,8,0,6,11,6,0,8,5,7,11,2,11,11,6,0,0,7,0,3,6,11,0,5,8,0,11,8,6,8,6,3,6,7,8,0,2,4,8,0,5,3,5,5,4,3,6,7,11,9,11,5,6
0,7,10,5,6,0,8,8,2,3,0,2,6,5,0,10,8,2,4,9,2,2,9,5,4,4,9,5,6,8,7,4,6,0,8,4,10,8,0,2,3,6,7,8,5,2,0,11,7,6,0,5,8,8,6,9,9,4,3,8,2,3,7,4,5,4,6,11,6,7,10,0,5,4,7,0,6,9,6,5,8,10,0,5,8,6,2,7,8,6,5,9,6,6,2,5,11,6,9,2,7,0,7,2,9,6,8,0,3,0,0,7,2,2,8,2,4,7,0,2,6,9,2,0,9,7,9,7,4,7,8,9,2,3,5,9,2,6,4,6,6,5,4,7,8,0,10,0,6,7
2,8,11,6,7,2,9,9,3,4,2,3,7,6,2,11,9,3,5,10,3,3,10,6,5,5,10,6,7,9,8,5,7,2,9,5,11,9,2,3,4,7,8,9,6,3,2,0,8,7,2,6,9,9,7,10,10,5,4,9,3,4,8,5,6,5,7,0,7,8,11,2,6,5,8,2,7,10,7,6,9,11,2,6,9,7,3,8,9,7,6,10,7,7,3,6,0,7,10,3,8,2,8,3,10,7,9,2,4,2,2,8,3,3,9,3,5,8,2,3,7,10,3,2,10,8,10,8,5,8,9,10,3,4,6,10,3,7,5,7,7,6,5,8,9,2,11,2,7,8
3,9,0,7,8,3,10,10,4,5,3,4,8,7,3,0,10,4,6,11,4,4,11,7,6,6,11,7,8,10,9,6,8,3,10,6,0,10,3,4,5,8,9,10,7,4,3,2,9,8,3,7,10,10,8,11,11,6,5,10,4,5,9,6,7,6,8,2,8,9,0,3,7,6,9,3,8,11,8,7,10,0,3,7,10,8,4,9,10,8,7,11,8,8,4,7,2,8,11,4,9,3,9,4,11,8,10,3,5,3,3,9,4,4,10,4,6,9,3,4,8,11,4,3,11,9,11,9,6,9,10,11,4,5,7,11,4,8,6,8,8,7,6,9,10,3,0,3,8,9
4,10,2,8,9,4,11,11,5,6,4,5,9,8,4,2,11,5,7,0,5,5,0,8,7,7,0,8,9,11,10,7,9,4,11,7,2,11,4,5,6,9,10,11,8,5,4,3,10,9,4,8,11,11,9,0,0,7,6,11,5,6,10,7,8,7,9,3,9,10,2,4,8,7,10,4,9,0,9,8,11,2,4,8,11,9,5,10,11,9,8,0,9,9,5,8,3,9,0,5,10,4,10,5,0,9,11,4,6,4,4,10,5,5,11,5,7,10,4,5,9,0,5,4,0,10,0,10,7,10,11,0,5,6,8,0,5,9,7,9,9,8,7,10,11,4,2,4,9,10
5,11,3,9,10,5,0,0,6,7,5,6,10,9,5,3,0,6,8,2,6,6,2,9,8,8,2,9,10,0,11,8,10,5,0,8,3,0,5,6,7,10,11,0,9,6,5,4,11,10,5,9,0,0,10,2,2,8,7,0,6,7,11,8,9,8,10,4,10,11,3,5,9,8,11,5,10,2,10,9,0,3,5,9,0,10,6,11,0,10,9,2,10,10,6,9,4,10,2,6,11,5,11,6,2,10,0,5,7,5,5,11,6,6,0,6,8,11,5,6,10,2,6,5,2,11,2,11,8,11,0,2,6,7,9,2,6,10,8,10,10,9,8,11,0,5,3,5,10,11
6,0,4,10,11,6,2,2,7,8,6,7,11,10,6,4,2,7,9,3,7,7,3,10,9,9,3,10,11,2,0,9,11,6,2,9,4,2,6,7,8,11,0,2,10,7,6,5,0,11,6,10,2,2,11,3,3,9,8,2,7,8,0,9,10,9,11,5,11,0,4,6,10,9,0,6,11,3,11,10,2,4,6,10,2,11,7,0,2,11,10,3,11,11,7,10,5,11,3,7,0,6,0,7,3,11,2,6,8,6,6,0,7,7,2,7,9,0,6,7,11,3,7,6,3,0,3,0,9,0,2,3,7,8,10,3,7,11,9,11,11,10,9,0,2,6,4,6,11,0
7,2,5,11,0,7,3,3,8,9,7,8,0,11,7,5,3,8,10,4,8,8,4,11,10,10,4,11,0,3,2,10,0,7,3,10,5,3,7,8,9,0,2,3,11,8,7,6,2,0,7,11,3,3,0,4,4,10,9,3,8,9,2,10,11,10,0,6,0,2,5,7,11,10,2,7,0,4,0,11,3,5,7,11,3,0,8,2,3,0,11,4,0,0,8,11,6,0,4,8,2,7,2,8,4,0,3,7,9,7,7,2,8,8,3,8,10,2,7,8,0,4,8,7,4,2,4,2,10,2,3,4,8,9,11,4,8,0,10,0,0,11,10,2,3,7,5,7,0,2
8,3,6,0,2,8,4,4,9,10,8,9,2,0,8,6,4,9,11,5,9,9,5,0,11,11,5,0,2,4,3,11,2,8,4,11,6,4,8,9,10,2,3,4,0,9,8,7,3,2,8,0,4,4,2,5,5,11,10,4,9,10,3,11,0,11,2,7,2,3,6,8,0,11,3,8,2,5,2,0,4,6,8,0,4,2,9,3,4,2,0,5,2,2,9,0,7,2,5,9,3,8,3,9,5,2,4,8,10,8,8,3,9,9,4,9,11,3,8,9,2,5,9,8,5,3,5,3,11,3,4,5,9,10,0,5,9,2,11,2,2,0,11,3,4,8,6,8,2,3
9,4,7,2,3,9,5,5,10,11,9,10,3,2,9,7,5,10,0,6,10,10,6,2,0,0,6,2,3,5,4,0,3,9,5,0,7,5,9,10,11,3,4,5,2,10,9,8,4,3,9,2,5,5,3,6,6,0,11,5,10,11,4,0,2,0,3,8,3,4,7,9,2,0,4,9,3,6,3,2,5,7,9,2,5,3,10,4,5,3,2,6,3,3,10,2,8,3,6,10,4,9,4,10,6,3,5,9,11,9,9,4,10,10,5,10,0,4,9,10,3,6,10,9,6,4,6,4,0,4,5,6,10,11,2,6,10,3,0,3,3,2,0,4,5,9,7,9,3,4
10,5,8,3,4,10,6,6,11,0,10,11,4,3,10,8,6,11,2,7,11,11,7,3,2,2,7,3,4,6,5,2,4,10,6,2,8,6,10,11,0,4,5,6,3,11,10,9,5,4,10,3,6,6,4,7,7,2,0,6,11,0,5,2,3,2,4,9,4,5,8,10,3,2,5,10,4,7,4,3,6,8,10,3,6,4,11,5,6,4,3,7,4,4,11,3,9,4,7,11,5,10,5,11,7,4,6,10,0,10,10,5,11,11,6,11,2,5,10,11,4,7,11,10,7,5,7,5,2,5,6,7,11,0,3,7,11,4,2,4,4,3,2,5,6,10,8,10,4,5
11,6,9,4,5,11,7,7,0,2,11,0,5,4,11,9,7,0,3,8,0,0,8,4,3,3,8,4,5,7,6,3,5,11,7,3,9,7,11,0,2,5,6,7,4,0,11,10,6,5,11,4,7,7,5,8,8,3,2,7,0,2,6,3,4,3,5,10,5,6,9,11,4,3,6,11,5,8,5,4,7,9,11,4,7,5,0,6,7,5,4,8,5,5,0,4,10,5,8,0,6,11,6,0,8,5,7,11,2,11,11,6,0,0,7,0,3,6,11,0,5,8,0,11,8,6,8,6,3,6,7,8,0,2,4,8,0,5,3,5,5,4,3,6,7,11,9,11,5,6
0,7,10,5,6,0,8,8,2,3,0,2,6,5,0,10,8,2,4,9,2,2,9,5,4,4,9,5,6,8,7,4,6,0,8,4,10,8,0,2,3,6,7,8,5,2,0,11,7,6,0,5,8,8,6,9,9,4,3,8,2,3,7,4,5,4,6,11,6,7,10,0,5,4,7,0,6,9,6,5,8,10,0,5,8,6,2,7,8,6,5,9,6,6,2,5,11,6,9,2,7,0,7,2,9,6,8,0,3,0,0,7,2,2,8,2,4,7,0,2,6,9,2,0,9,7,9,7,4,7,8,9,2,3,5,9,2,6,4,6,6,5,4,7,8,0,10,0,6,7
2,8,11,6,7,2,9,9,3,4,2,3,7,6,2,11,9,3,5,10,3,3,10,6,5,5,10,6,7,9,8,5,7,2,9,5,11,9,2,3,4,7,8,9,6,3,2,0,8,7,2,6,9,9,7,10,10,5,4,9,3,4,8,5,6,5,7,0,7,8,11,2,6,5,8,2,7,10,7,6,9,11,2,6,9,7,3,8,9,7,6,10,7,7,3,6,0,7,10,3,8,2,8,3,10,7,9,2,4,2,2,8,3,3,9,3,5,8,2,3,7,10,3,2,10,8,10,8,5,8,9,10,3,4,6,10,3,7,5,7,7,6,5,8,9,2,11,2,7,8
3,9,0,7,8,3,10,10,4,5,3,4,8,7,3,0,10,4,6,11,4,4,11,7,6,6,11,7,8,10,9,6,8,3,10,6,0,10,3,4,5,8,9,10,7,4,3,2,9,8,3,7,10,10,8,11,11,6,5,10,4,5,9,6,7,6,8,2,8,9,0,3,7,6,9,3,8,11,8,7,10,0,3,7,10,8,4,9,10,8,7,11,8,8,4,7,2,8,11,4,9,3,9,4,11,8,10,3,5,3,3,9,4,4,10,4,6,9,3,4,8,11,4,3,11,9,11,9,6,9,10,11,4,5,7,11,4,8,6,8,8,7,6,9,10,3,0,3,8,9
4,10,2,8,9,4,11,11,5,6,4,5,9,8,4,2,11,5,7,0,5,5,0,8,7,7,0,8,9,11,10,7,9,4,11,7,2,11,4,5,6,9,10,11,8,5,4,3,10,9,4,8,11,11,9,0,0,7,6,11,5,6,10,7,8,7,9,3,9,10,2,4,8,7,10,4,9,0,9,8,11,2,4,8,11,9,5,10,11,9,8,0,9,9,5,8,3,9,0,5,10,4,10,5,0,9,11,4,6,4,4,10,5,5,11,5,7,10,4,5,9,0,5,4,0,10,0,10,7,10,11,0,5,6,8,0,5,9,7,9,9,8,7,10,11,4,2,4,9,10
5,11,3,9,10,5,0,0,6,7,5,6,10,9,5,3,0,6,8,2,6,6,2,9,8,8,2,9,10,0,11,8,10,5,0,8,3,0,5,6,7,10,11,0,9,6,5,4,11,10,5,9,0,0,10,2,2,8,7,0,6,7,11,8,9,8,10,4,10,11,3,5,9,8,11,5,10,2,10,9,0,3,5,9,0,10,6,11,0,10,9,2,10,10,6,9,4,10,2,6,11,5,11,6,2,10,0,5,7,5,5,11,6,6,0,6,8,11,5,6,10,2,6,5,2,11,2,11,8,11,0,2,6,7,9,2,6,10,8,10,10,9,8,11,0,5,3,5,10,11
6,0,4,10,11,6,2,2,7,8,6,7,11,10,6,4,2,7,9,3,7,7,3,10,9,9,3,10,11,2,0,9,11,6,2,9,4,2,6,7,8,11,0,2,10,7,6,5,0,11,6,10,2,2,11,3,3,9,8,2,7,8,0,9,10,9,11,5,11,0,4,6,10,9,0,6,11,3,11,10,2,4,6,10,2,11,7,0,2,11,10,3,11,11,7,10,5,11,3,7,0,6,0,7,3,11,2,6,8,6,6,0,7,7,2,7,9,0,6,7,11,3,7,6,3,0,3,0,9,0,2,3,7,8,10,3,7,11,9,11,11,10,9,0,2,6,4,6,11,0
7,2,5,11,0,7,3,3,8,9,7,8,0,11,7,5,3,8,10,4,8,8,4,11,10,10,4,11,0,3,2,10,0,7,3,10,5,3,7,8,9,0,2,3,11,8,7,6,2,0,7,11,3,3,0,4,4,10,9,3,8,9,2,10,11,10,0,6,0,2,5,7,11,10,2,7,0,4,0,11,3,5,7,11,3,0,8,2,3,0,11,4,0,0,8,11,6,0,4,8,2,7,2,8,4,0,3,7,9,7,7,2,8,8,3,8,10,2,7,8,0,4,8,7,4,2,4,2,10,2,3,4,8,9,11,4,8,0,10,0,0,11,10,2,3,7,5,7,0,2
8,3,6,0,2,8,4,4,9,10,8,9,2,0,8,6,4,9,11,5,9,9,5,0,11,11,5,0,2,4,3,11,2,8,4,11,6,4,8,9,10,2,3,4,0,9,8,7,3,2,8,0,4,4,2,5,5,11,10,4,9,10,3,11,0,11,2,7,2,3,6,8,0,11,3,8,2,5,2,0,4,6,8,0,4,2,9,3,4,2,0,5,2,2,9,0,7,2,5,9,3,8,3,9,5,2,4,8,10,8,8,3,9,9,4,9,11,3,8,9,2,5,9,8,5,3,5,3,11,3,4,5,9,10,0,5,9,2,11,2,2,0,11,3,4,8,6,8,2,3
9,4,7,2,3,9,5,5,10,11,9,10,3,2,9,7,5,10,0,6,10,10,6,2,0,0,6,2,3,5,4,0,3,9,5,0,7,5,9,10,11,3,4,5,2,10,9,8,4,3,9,2,5,5,3,6,6,0,11,5,10,11,4,0,2,0,3,8,3,4,7,9,2,0,4,9,3,6,3,2,5,7,9,2,5,3,10,4,5,3,2,6,3,3,10,2,8,3,6,10,4,9,4,10,6,3,5,9,11,9,9,4,10,10,5,10,0,4,9,10,3,6,10,9,6,4,6,4,0,4,5,6,10,11,2,6,10,3,0,3,3,2,0,4,5,9,7,9,3,4
10,5,8,3,4,10,6,6,11,0,10,11,4,3,10,8,6,11,2,7,11,11,7,3,2,2,7,3,4,6,5,2,4,10,6,2,8,6,10,11,0,4,5,6,3,11,10,9,5,4,10,3,6,6,4,7,7,2,0,6,11,0,5,2,3,2,4,9,4,5,8,10,3,2,5,10,4,7,4,3,6,8,10,3,6,4,11,5,6,4,3,7,4,4,11,3,9,4,7,11,5,10,5,11,7,4,6,10,0,10,10,5,11,11,6,11,2,5,10,11,4,7,11,10,7,5,7,5,2,5,6,7,11,0,3,7,11,4,2,4,4,3,2,5,6,10,8,10,4,5
11,6,9,4,5,11,7,7,0,2,11,0,5,4,11,9,7,0,3,8,0,0,8,4,3,3,8,4,5,7,6,3,5,11,7,3,9,7,11,0,2,5,6,7,4,0,11,10,6,5,11,4,7,7,5,8,8,3,2,7,0,2,6,3,4,3,5,10,5,6,9,11,4,3,6,11,5,8,5,4,7,9,11,4,7,5,0,6,7,5,4,8,5,5,0,4,10,5,8,0,6,11,6,0,8,5,7,11,2,11,11,6,0,0,7,0,3,6,11,0,5,8,0,11,8,6,8,6,3,6,7,8,0,2,4,8,0,5,3,5,5,4,3,6,7,11,9,11,5,6
0,7,10,5,6,0,8,8,2,3,0,2,6,5,0,10,8,2,4,9,2,2,9,5,4,4,9,5,6,8,7,4,6,0,8,4,10,8,0,2,3,6,7,8,5,2,0,11,7,6,0,5,8,8,6,9,9,4,3,8,2,3,7,4,5,4,6,11,6,7,10,0,5,4,7,0,6,9,6,5,8,10,0,5,8,6,2,7,8,6,5,9,6,6,2,5,11,6,9,2,7,0,7,2,9,6,8,0,3,0,0,7,2,2,8,2,4,7,0,2,6,9,2,0,9,7,9,7,4,7,8,9,2,3,5,9,2,6,4,6,6,5,4,7,8,0,10,0,6,7
2,8,11,6,7,2,9,9,3,4,2,3,7,6,2,11,9,3,5,10,3,3,10,6,5,5,10,6,7,9,8,5,7,2,9,5,11,9,2,3,4,7,8,9,6,3,2,0,8,7,2,6,9,9,7,10,10,5,4,9,3,4,8,5,6,5,7,0,7,8,11,2,6,5,8,2,7,10,7,6,9,11,2,6,9,7,3,8,9,7,6,10,7,7,3,6,0,7,10,3,8,2,8,3,10,7,9,2,4,2,2,8,3,3,9,3,5,8,2,3,7,10,3,2,10,8,10,8,5,8,9,10,3,4,6,10,3,7,5,7,7,6,5,8,9,2,11,2,7,8
3,9,0,7,8,3,10,10,4,5,3,4,8,7,3,0,10,4,6,11,4,4,11,7,6,6,11,7,8,10,9,6,8,3,10,6,0,10,3,4,5,8,9,10,7,4,3,2,9,8,3,7,10,10,8,11,11,6,5,10,4,5,9,6,7,6,8,2,8,9,0,3,7,6,9,3,8,11,8,7,10,0,3,7,10,8,4,9,10,8,7,11,8,8,4,7,2,8,11,4,9,3,9,4,11,8,10,3,5,3,3,9,4,4,10,4,6,9,3,4,8,11,4,3,11,9,11,9,6,9,10,11,4,5,7,11,4,8,6,8,8,7,6,9,10,3,0,3,8,9
4,10,2,8,9,4,11,11,5,6,4,5,9,8,4,2,11,5,7,0,5,5,0,8,7,7,0,8,9,11,10,7,9,4,11,7,2,11,4,5,6,9,10,11,8,5,4,3,10,9,4,8,11,11,9,0,0,7,6,11,5,6,10,7,8,7,9,3,9,10,2,4,8,7,10,4,9,0,9,8,11,2,4,8,11,9,5,10,11,9,8,0,9,9,5,8,3,9,0,5,10,4,10,5,0,9,11,4,6,4,4,10,5,5,11,5,7,10,4,5,9,0,5,4,0,10,0,10,7,10,11,0,5,6,8,0,5,9,7,9,9,8,7,10,11,4,2,4,9,10
5,11,3,9,10,5,0,0,6,7,5,6,10,9,5,3,0,6,8,2,6,6,2,9,8,8,2,9,10,0,11,8,10,5,0,8,3,0,5,6,7,10,11,0,9,6,5,4,11,10,5,9,0,0,10,2,2,8,7,0,6,7,11,8,9,8,10,4,10,11,3,5,9,8,11,5,10,2,10,9,0,3,5,9,0,10,6,11,0,10,9,2,10,10,6,9,4,10,2,6,11,5,11,6,2,10,0,5,7,5,5,11,6,6,0,6,8,11,5,6,10,2,6,5,2,11,2,11,8,11,0,2,6,7,9,2,6,10,8,10,10,9,8,11,0,5,3,5,10,11
6,0,4,10,11,6,2,2,7,8,6,7,11,10,6,4,2,7,9,3,7,7,3,10,9,9,3,10,11,2,0,9,11,6,2,9,4,2,6,7,8,11,0,2,10,7,6,5,0,11,6,10,2,2,11,3,3,9,8,2,7,8,0,9,10,9,11,5,11,0,4,6,10,9,0,6,11,3,11,10,2,4,6,10,2,11,7,0,2,11,10,3,11,11,7,10,5,11,3,7,0,6,0,7,3,11,2,6,8,6,6,0,7,7,2,7,9,0,6,7,11,3,7,6,3,0,3,0,9,0,2,3,7,8,10,3,7,11,9,11,11,10,9,0,2,6,4,6,11,0
7,2,5,11,0,7,3,3,8,9,7,8,0,11,7,5,3,8,10,4,8,8,4,11,10,10,4,11,0,3,2,10,0,7,3,10,5,3,7,8,9,0,2,3,11,8,7,6,2,0,7,11,3,3,0,4,4,10,9,3,8,9,2,10,11,10,0,6,0,2,5,7,11,10,2,7,0,4,0,11,3,5,7,11,3,0,8,2,3,0,11,4,0,0,8,11,6,0,4,8,2,7,2,8,4,0,3,7,9,7,7,2,8,8,3,8,10,2,7,8,0,4,8,7,4,2,4,2,10,2,3,4,8,9,11,4,8,0,10,0,0,11,10,2,3,7,5,7,0,2
8,3,6,0,2,8,4,4,9,10,8,9,2,0,8,6,4,9,11,5,9,9,5,0,11,11,5,0,2,4,3,11,2,8,4,11,6,4,8,9,10,2,3,4,0,9,8,7,3,2,8,0,4,4,2,5,5,11,10,4,9,10,3,11,0,11,2,7,2,3,6,8,0,11,3,8,2,5,2,0,4,6,8,0,4,2,9,3,4,2,0,5,2,2,9,0,7,2,5,9,3,8,3,9,5,2,4,8,10,8,8,3,9,9,4,9,11,3,8,9,2,5,9,8,5,3,5,3,11,3,4,5,9,10,0,5,9,2,11,2,2,0,11,3,4,8,6,8,2,3
9,4,7,2,3,9,5,5,10,11,9,10,3,2,9,7,5,10,0,6,10,10,6,2,0,0,6,2,3,5,4,0,3,9,5,0,7,5,9,10,11,3,4,5,2,10,9,8,4,3,9,2,5,5,3,6,6,0,11,5,10,11,4,0,2,0,3,8,3,4,7,9,2,0,4,9,3,6,3,2,5,7,9,2,5,3,10,4,5,3,2,6,3,3,10,2,8,3,6,10,4,9,4,10,6,3,5,9,11,9,9,4,10,10,5,10,0,4,9,10,3,6,10,9,6,4,6,4,0,4,5,6,10,11,2,6,10,3,0,3,3,2,0,4,5,9,7,9,3,4
10,5,8,3,4,10,6,6,11,0,10,11,4,3,10,8,6,11,2,7,11,11,7,3,2,2,7,3,4,6,5,2,4,10,6,2,8,6,10,11,0,4,5,6,3,11,10,9,5,4,10,3,6,6,4,7,7,2,0,6,11,0,5,2,3,2,4,9,4,5,8,10,3,2,5,10,4,7,4,3,6,8,10,3,6,4,11,5,6,4,3,7,4,4,11,3,9,4,7,11,5,10,5,11,7,4,6,10,0,10,10,5,11,11,6,11,2,5,10,11,4,7,11,10,7,5,7,5,2,5,6,7,11,0,3,7,11,4,2,4,4,3,2,5,6,10,8,10,4,5
11,6,9,4,5,11,7,7,0,2,11,0,5,4,11,9,7,0,3,8,0,0,8,4,3,3,8,4,5,7,6,3,5,11,7,3,9,7,11,0,2,5,6,7,4,0,11,10,6,5,11,4,7,7,5,8,8,3,2,7,0,2,6,3,4,3,5,10,5,6,9,11,4,3,6,11,5,8,5,4,7,9,11,4,7,5,0,6,7,5,4,8,5,5,0,4,10,5,8,0,6,11,6,0,8,5,7,11,2,11,11,6,0,0,7,0,3,6,11,0,5,8,0,11,8,6,8,6,3,6,7,8,0,2,4,8,0,5,3,5,5,4,3,6,7,11,9,11,5,6
0,7,10,5,6,0,8,8,2,3,0,2,6,5,0,10,8,2,4,9,2,2,9,5,4,4,9,5,6,8,7,4,6,0,8,4,10,8,0,2,3,6,7,8,5,2,0,11,7,6,0,5,8,8,6,9,9,4,3,8,2,3,7,4,5,4,6,11,6,7,10,0,5,4,7,0,6,9,6,5,8,10,0,5,8,6,2,7,8,6,5,9,6,6,2,5,11,6,9,2,7,0,7,2,9,6,8,0,3,0,0,7,2,2,8,2,4,7,0,2,6,9,2,0,9,7,9,7,4,7,8,9,2,3,5,9,2,6,4,6,6,5,4,7,8,0,10,0,6,7
2,8,11,6,7,2,9,9,3,4,2,3,7,6,2,11,9,3,5,10,3,3,10,6,5,5,10,6,7,9,8,5,7,2,9,5,11,9,2,3,4,7,8,9,6,3,2,0,8,7,2,6,9,9,7,10,10,5,4,9,3,4,8,5,6,5,7,0,7,8,11,2,6,5,8,2,7,10,7,6,9,11,2,6,9,7,3,8,9,7,6,10,7,7,3,6,0,7,10,3,8,2,8,3,10,7,9,2,4,2,2,8,3,3,9,3,5,8,2,3,7,10,3,2,10,8,10,8,5,8,9,10,3,4,6,10,3,7,5,7,7,6,5,8,9,2,11,2,7,8
3,9,0,7,8,3,10,10,4,5,3,4,8,7,3,0,10,4,6,11,4,4,11,7,6,6,11,7,8,10,9,6,8,3,10,6,0,10,3,4,5,8,9,10,7,4,3,2,9,8,3,7,10,10,8,11,11,6,5,10,4,5,9,6,7,6,8,2,8,9,0,3,7,6,9,3,8,11,8,7,10,0,3,7,10,8,4,9,10,8,7,11,8,8,4,7,2,8,11,4,9,3,9,4,11,8,10,3,5,3,3,9,4,4,10,4,6,9,3,4,8,11,4,3,11,9,11,9,6,9,10,11,4,5,7,11,4,8,6,8,8,7,6,9,10,3,0,3,8,9
4,10,2,8,9,4,11,11,5,6,4,5,9,8,4,2,11,5,7,0,5,5,0,8,7,7,0,8,9,11,10,7,9,4,11,7,2,11,4,5,6,9,10,11,8,5,4,3,10,9,4,8,11,11,9,0,0,7,6,11,5,6,10,7,8,7,9,3,9,10,2,4,8,7,10,4,9,0,9,8,11,2,4,8,11,9,5,10,11,9,8,0,9,9,5,8,3,9,0,5,10,4,10,5,0,9,11,4,6,4,4,10,5,5,11,5,7,10,4,5,9,0,5,4,0,10,0,10,7,10,11,0,5,6,8,0,5,9,7,9,9,8,7,10,11,4,2,4,9,10
5,11,3,9,10,5,0,0,6,7,5,6,10,9,5,3,0,6,8,2,6,6,2,9,8,8,2,9,10,0,11,8,10,5,0,8,3,0,5,6,7,10,11,0,9,6,5,4,11,10,5,9,0,0,10,2,2,8,7,0,6,7,11,8,9,8,10,4,10,11,3,5,9,8,11,5,10,2,10,9,0,3,5,9,0,10,6,11,0,10,9,2,10,10,6,9,4,10,2,6,11,5,11,6,2,10,0,5,7,5,5,11,6,6,0,6,8,11,5,6,10,2,6,5,2,11,2,11,8,11,0,2,6,7,9,2,6,10,8,10,10,9,8,11,0,5,3,5,10,11
6,0,4,10,11,6,2,2,7,8,6,7,11,10,6,4,2,7,9,3,7,7,3,10,9,9,3,10,11,2,0,9,11,6,2,9,4,2,6,7,8,11,0,2,10,7,6,5,0,11,6,10,2,2,11,3,3,9,8,2,7,8,0,9,10,9,11,5,11,0,4,6,10,9,0,6,11,3,11,10,2,4,6,10,2,11,7,0,2,11,10,3,11,11,7,10,5,11,3,7,0,6,0,7,3,11,2,6,8,6,6,0,7,7,2,7,9,0,6,7,11,3,7,6,3,0,3,0,9,0,2,3,7,8,10,3,7,11,9,11,11,10,9,0,2,6,4,6,11,0
7,2,5,11,0,7,3,3,8,9,7,8,0,11,7,5,3,8,10,4,8,8,4,11,10,10,4,11,0,3,2,10,0,7,3,10,5,3,7,8,9,0,2,3,11,8,7,6,2,0,7,11,3,3,0,4,4,10,9,3,8,9,2,10,11,10,0,6,0,2,5,7,11,10,2,7,0,4,0,11,3,5,7,11,3,0,8,2,3,0,11,4,0,0,8,11,6,0,4,8,2,7,2,8,4,0,3,7,9,7,7,2,8,8,3,8,10,2,7,8,0,4,8,7,4,2,4,2,10,2,3,4,8,9,11,4,8,0,10,0,0,11,10,2,3,7,5,7,0,2
8,3,6,0,2,8,4,4,9,10,8,9,2,0,8,6,4,9,11,5,9,9,5,0,11,11,5,0,2,4,3,11,2,8,4,11,6,4,8,9,10,2,3,4,0,9,8,7,3,2,8,0,4,4,2,5,5,11,10,4,9,10,3,11,0,11,2,7,2,3,6,8,0,11,3,8,2,5,2,0,4,6,8,0,4,2,9,3,4,2,0,5,2,2,9,0,7,2,5,9,3,8,3,9,5,2,4,8,10,8,8,3,9,9,4,9,11,3,8,9,2,5,9,8,5,3,5,3,11,3,4,5,9,10,0,5,9,2,11,2,2,0,11,3,4,8,6,8,2,3
9,4,7,2,3,9,5,5,10,11,9,10,3,2,9,7,5,10,0,6,10,10,6,2,0,0,6,2,3,5,4,0,3,9,5,0,7,5,9,10,11,3,4,5,2,10,9,8,4,3,9,2,5,5,3,6,6,0,11,5,10,11,4,0,2,0,3,8,3,4,7,9,2,0,4,9,3,6,3,2,5,7,9,2,5,3,10,4,5,3,2,6,3,3,10,2,8,3,6,10,4,9,4,10,6,3,5,9,11,9,9,4,10,10,5,10,0,4,9,10,3,6,10,9,6,4,6,4,0,4,5,6,10,11,2,6,10,3,0,3,3,2,0,4,5,9,7,9,3,4
10,5,8,3,4,10,6,6,11,0,10,11,4,3,10,8,6,11,2,7,11,11,7,3,2,2,7,3,4,6,5,2,4,10,6,2,8,6,10,11,0,4,5,6,3,11,10,9,5,4,10,3,6,6,4,7,7,2,0,6,11,0,5,2,3,2,4,9,4,5,8,10,3,2,5,10,4,7,4,3,6,8,10,3,6,4,11,5,6,4,3,7,4,4,11,3,9,4,7,11,5,10,5,11,7,4,6,10,0,10,10,5,11,11,6,11,2,5,10,11,4,7,11,10,7,5,7,5,2,5,6,7,11,0,3,7,11,4,2,4,4,3,2,5,6,10,8,10,4,5
11,6,9,4,5,11,7,7,0,2,11,0,5,4,11,9,7,0,3,8,0,0,8,4,3,3,8,4,5,7,6,3,5,11,7,3,9,7,11,0,2,5,6,7,4,0,11,10,6,5,11,4,7,7,5,8,8,3,2,7,0,2,6,3,4,3,5,10,5,6,9,11,4,3,6,11,5,8,5,4,7,9,11,4,7,5,0,6,7,5,4,8,5,5,0,4,10,5,8,0,6,11,6,0,8,5,7,11,2,11,11,6,0,0,7,0,3,6,11,0,5,8,0,11,8,6,8,6,3,6,7,8,0,2,4,8,0,5,3,5,5,4,3,6,7,11,9,11,5,6
0,7,10,5,6,0,8,8,2,3,0,2,6,5,0,10,8,2,4,9,2,2,9,5,4,4,9,5,6,8,7,4,6,0,8,4,10,8,0,2,3,6,7,8,5,2,0,11,7,6,0,5,8,8,6,9,9,4,3,8,2,3,7,4,5,4,6,11,6,7,10,0,5,4,7,0,6,9,6,5,8,10,0,5,8,6,2,7,8,6,5,9,6,6,2,5,11,6,9,2,7,0,7,2,9,6,8,0,3,0,0,7,2,2,8,2,4,7,0,2,6,9,2,0,9,7,9,7,4,7,8,9,2,3,5,9,2,6,4,6,6,5,4,7,8,0,10,0,6,7
2,8,11,6,7,2,9,9,3,4,2,3,7,6,2,11,9,3,5,10,3,3,10,6,5,5,10,6,7,9,8,5,7,2,9,5,11,9,2,3,4,7,8,9,6,3,2,0,8,7,2,6,9,9,7,10,10,5,4,9,3,4,8,5,6,5,7,0,7,8,11,2,6,5,8,2,7,10,7,6,9,11,2,6,9,7,3,8,9,7,6,10,7,7,3,6,0,7,10,3,8,2,8,3,10,7,9,2,4,2,2,8,3,3,9,3,5,8,2,3,7,10,3,2,10,8,10,8,5,8,9,10,3,4,6,10,3,7,5,7,7,6,5,8,9,2,11,2,7,8
3,9,0,7,8,3,10,10,4,5,3,4,8,7,3,0,10,4,6,11,4,4,11,7,6,6,11,7,8,10,9,6,8,3,10,6,0,10,3,4,5,8,9,10,7,4,3,2,9,8,3,7,10,10,8,11,11,6,5,10,4,5,9,6,7,6,8,2,8,9,0,3,7,6,9,3,8,11,8,7,10,0,3,7,10,8,4,9,10,8,7,11,8,8,4,7,2,8,11,4,9,3,9,4,11,8,10,3,5,3,3,9,4,4,10,4,6,9,3,4,8,11,4,3,11,9,11,9,6,9,10,11,4,5,7,11,4,8,6,8,8,7,6,9,10,3,0,3,8,9
4,10,2,8,9,4,11,11,5,6,4,5,9,8,4,2,11,5,7,0,5,5,0,8,7,7,0,8,9,11,10,7,9,4,11,7,2,11,4,5,6,9,10,11,8,5,4,3,10,9,4,8,11,11,9,0,0,7,6,11,5,6,10,7,8,7,9,3,9,10,2,4,8,7,10,4,9,0,9,8,11,2,4,8,11,9,5,10,11,9,8,0,9,9,5,8,3,9,0,5,10,4,10,5,0,9,11,4,6,4,4,10,5,5,11,5,7,10,4,5,9,0,5,4,0,10,0,10,7,10,11,0,5,6,8,0,5,9,7,9,9,8,7,10,11,4,2,4,9,10
5,11,3,9,10,5,0,0,6,7,5,6,10,9,5,3,0,6,8,2,6,6,2,9,8,8,2,9,10,0,11,8,10,5,0,8,3,0,5,6,7,10,11,0,9,6,5,4,11,10,5,9,0,0,10,2,2,8,7,0,6,7,11,8,9,8,10,4,10,11,3,5,9,8,11,5,10,2,10,9,0,3,5,9,0,10,6,11,0,10,9,2,10,10,6,9,4,10,2,6,11,5,11,6,2,10,0,5,7,5,5,11,6,6,0,6,8,11,5,6,10,2,6,5,2,11,2,11,8,11,0,2,6,7,9,2,6,10,8,10,10,9,8,11,0,5,3,5,10,11
6,0,4,10,11,6,2,2,7,8,6,7,11,10,6,4,2,7,9,3,7,7,3,10,9,9,3,10,11,2,0,9,11,6,2,9,4,2,6,7,8,11,0,2,10,7,6,5,0,11,6,10,2,2,11,3,3,9,8,2,7,8,0,9,10,9,11,5,11,0,4,6,10,9,0,6,11,3,11,10,2,4,6,10,2,11,7,0,2,11,10,3,11,11,7,10,5,11,3,7,0,6,0,7,3,11,2,6,8,6,6,0,7,7,2,7,9,0,6,7,11,3,7,6,3,0,3,0,9,0,2,3,7,8,10,3,7,11,9,11,11,10,9,0,2,6,4,6,11,0
7,2,5,11,0,7,3,3,8,9,7,8,0,11,7,5,3,8,10,4,8,8,4,11,10,10,4,11,0,3,2,10,0,7,3,10,5,3,7,8,9,0,2,3,11,8,7,6,2,0,7,11,3,3,0,4,4,10,9,3,8,9,2,10,11,10,0,6,0,2,5,7,11,10,2,7,0,4,0,11,3,5,7,11,3,0,8,2,3,0,11,4,0,0,8,11,6,0,4,8,2,7,2,8,4,0,3,7,9,7,7,2,8,8,3,8,10,2,7,8,0,4,8,7,4,2,4,2,10,2,3,4,8,9,11,4,8,0,10,0,0,11,10,2,3,7,5,7,0,2
8,3,6,0,2,8,4,4,9,10,8,9,2,0,8,6,4,9,11,5,9,9,5,0,11,11,5,0,2,4,3,11,2,8,4,11,6,4,8,9,10,2,3,4,0,9,8,7,3,2,8,0,4,4,2,5,5,11,10,4,9,10,3,11,0,11,2,7,2,3,6,8,0,11,3,8,2,5,2,0,4,6,8,0,4,2,9,3,4,2,0,5,2,2,9,0,7,2,5,9,3,8,3,9,5,2,4,8,10,8,8,3,9,9,4,9,11,3,8,9,2,5,9,8,5,3,5,3,11,3,4,5,9,10,0,5,9,2,11,2,2,0,11,3,4,8,6,8,2,3
9,4,7,2,3,9,5,5,10,11,9,10,3,2,9,7,5,10,0,6,10,10,6,2,0,0,6,2,3,5,4,0,3,9,5,0,7,5,9,10,11,3,4,5,2,10,9,8,4,3,9,2,5,5,3,6,6,0,11,5,10,11,4,0,2,0,3,8,3,4,7,9,2,0,4,9,3,6,3,2,5,7,9,2,5,3,10,4,5,3,2,6,3,3,10,2,8,3,6,10,4,9,4,10,6,3,5,9,11,9,9,4,10,10,5,10,0,4,9,10,3,6,10,9,6,4,6,4,0,4,5,6,10,11,2,6,10,3,0,3,3,2,0,4,5,9,7,9,3,4
10,5,8,3,4,10,6,6,11,0,10,11,4,3,10,8,6,11,2,7,11,11,7,3,2,2,7,3,4,6,5,2,4,10,6,2,8,6,10,11,0,4,5,6,3,11,10,9,5,4,10,3,6,6,4,7,7,2,0,6,11,0,5,2,3,2,4,9,4,5,8,10,3,2,5,10,4,7,4,3,6,8,10,3,6,4,11,5,6,4,3,7,4,4,11,3,9,4,7,11,5,10,5,11,7,4,6,10,0,10,10,5,11,11,6,11,2,5,10,11,4,7,11,10,7,5,7,5,2,5,6,7,11,0,3,7,11,4,2,4,4,3,2,5,6,10,8,10,4,5
11,6,9,4,5,11,7,7,0,2,11,0,5,4,11,9,7,0,3,8,0,0,8,4,3,3,8,4,5,7,6,3,5,11,7,3,9,7,11,0,2,5,6,7,4,0,11,10,6,5,11,4,7,7,5,8,8,3,2,7,0,2,6,3,4,3,5,10,5,6,9,11,4,3,6,11,5,8,5,4,7,9,11,4,7,5,0,6,7,5,4,8,5,5,0,4,10,5,8,0,6,11,6,0,8,5,7,11,2,11,11,6,0,0,7,0,3,6,11,0,5,8,0,11,8,6,8,6,3,6,7,8,0,2,4,8,0,5,3,5,5,4,3,6,7,11,9,11,5,6
0,7,10,5,6,0,8,8,2,3,0,2,6,5,0,10,8,2,4,9,2,2,9,5,4,4,9,5,6,8,7,4,6,0,8,4,10,8,0,2,3,6,7,8,5,2,0,11,7,6,0,5,8,8,6,9,9,4,3,8,2,3,7,4,5,4,6,11,6,7,10,0,5,4,7,0,6,9,6,5,8,10,0,5,8,6,2,7,8,6,5,9,6,6,2,5,11,6,9,2,7,0,7,2,9,6,8,0,3,0,0,7,2,2,8,2,4,7,0,2,6,9,2,0,9,7,9,7,4,7,8,9,2,3,5,9,2,6,4,6,6,5,4,7,8,0,10,0,6,7
2,8,11,6,7,2,9,9,3,4,2,3,7,6,2,11,9,3,5,10,3,3,10,6,5,5,10,6,7,9,8,5,7,2,9,5,11,9,2,3,4,7,8,9,6,3,2,0,8,7,2,6,9,9,7,10,10,5,4,9,3,4,8,5,6,5,7,0,7,8,11,2,6,5,8,2,7,10,7,6,9,11,2,6,9,7,3,8,9,7,6,10,7,7,3,6,0,7,10,3,8,2,8,3,10,7,9,2,4,2,2,8,3,3,9,3,5,8,2,3,7,10,3,2,10,8,10,8,5,8,9,10,3,4,6,10,3,7,5,7,7,6,5,8,9,2,11,2,7,8
3,9,0,7,8,3,10,10,4,5,3,4,8,7,3,0,10,4,6,11,4,4,11,7,6,6,11,7,8,10,9,6,8,3,10,6,0,10,3,4,5,8,9,10,7,4,3,2,9,8,3,7,10,10,8,11,11,6,5,10,4,5,9,6,7,6,8,2,8,9,0,3,7,6,9,3,8,11,8,7,10,0,3,7,10,8,4,9,10,8,7,11,8,8,4,7,2,8,11,4,9,3,9,4,11,8,10,3,5,3,3,9,4,4,10,4,6,9,3,4,8,11,4,3,11,9,11,9,6,9,10,11,4,5,7,11,4,8,6,8,8,7,6,9,10,3,0,3,8,9
4,10,2,8,9,4,11,11,5,6,4,5,9,8,4,2,11,5,7,0,5,5,0,8,7,7,0,8,9,11,10,7,9,4,11,7,2,11,4,5,6,9,10,11,8,5,4,3,10,9,4,8,11,11,9,0,0,7,6,11,5,6,10,7,8,7,9,3,9,10,2,4,8,7,10,4,9,0,9,8,11,2,4,8,11,9,5,10,11,9,8,0,9,9,5,8,3,9,0,5,10,4,10,5,0,9,11,4,6,4,4,10,5,5,11,5,7,10,4,5,9,0,5,4,0,10,0,10,7,10,11,0,5,6,8,0,5,9,7,9,9,8,7,10,11,4,2,4,9,10
5,11,3,9,10,5,0,0,6,7,5,6,10,9,5,3,0,6,8,2,6,6,2,9,8,8,2,9,10,0,11,8,10,5,0,8,3,0,5,6,7,10,11,0,9,6,5,4,11,10,5,9,0,0,10,2,2,8,7,0,6,7,11,8,9,8,10,4,10,11,3,5,9,8,11,5,10,2,10,9,0,3,5,9,0,10,6,11,0,10,9,2,10,10,6,9,4,10,2,6,11,5,11,6,2,10,0,5,7,5,5,11,6,6,0,6,8,11,5,6,10,2,6,5,2,11,2,11,8,11,0,2,6,7,9,2,6,10,8,10,10,9,8,11,0,5,3,5,10,11
6,0,4,10,11,6,2,2,7,8,6,7,11,10,6,4,2,7,9,3,7,7,3,10,9,9,3,10,11,2,0,9,11,6,2,9,4,2,6,7,8,11,0,2,10,7,6,5,0,11,6,10,2,2,11,3,3,9,8,2,7,8,0,9,10,9,11,5,11,0,4,6,10,9,0,6,11,3,11,10,2,4,6,10,2,11,7,0,2,11,10,3,11,11,7,10,5,11,3,7,0,6,0,7,3,11,2,6,8,6,6,0,7,7,2,7,9,0,6,7,11,3,7,6,3,0,3,0,9,0,2,3,7,8,10,3,7,11,9,11,11,10,9,0,2,6,4,6,11,0
7,2,5,11,0,7,3,3,8,9,7,8,0,11,7,5,3,8,10,4,8,8,4,11,10,10,4,11,0,3,2,10,0,7,3,10,5,3,7,8,9,0,2,3,11,8,7,6,2,0,7,11,3,3,0,4,4,10,9,3,8,9,2,10,11,10,0,6,0,2,5,7,11,10,2,7,0,4,0,11,3,5,7,11,3,0,8,2,3,0,11,4,0,0,8,11,6,0,4,8,2,7,2,8,4,0,3,7,9,7,7,2,8,8,3,8,10,2,7,8,0,4,8,7,4,2,4,2,10,2,3,4,8,9,11,4,8,0,10,0,0,11,10,2,3,7,5,7,0,2
8,3,6,0,2,8,4,4,9,10,8,9,2,0,8,6,4,9,11,5,9,9,5,0,11,11,5,0,2,4,3,11,2,8,4,11,6,4,8,9,10,2,3,4,0,9,8,7,3,2,8,0,4,4,2,5,5,11,10,4,9,10,3,11,0,11,2,7,2,3,6,8,0,11,3,8,2,5,2,0,4,6,8,0,4,2,9,3,4,2,0,5,2,2,9,0,7,2,5,9,3,8,3,9,5,2,4,8,10,8,8,3,9,9,4,9,11,3,8,9,2,5,9,8,5,3,5,3,11,3,4,5,9,10,0,5,9,2,11,2,2,0,11,3,4,8,6,8,2,3
9,4,7,2,3,9,5,5,10,11,9,10,3,2,9,7,5,10,0,6,10,10,6,2,0,0,6,2,3,5,4,0,3,9,5,0,7,5,9,10,11,3,4,5,2,10,9,8,4,3,9,2,5,5,3,6,6,0,11,5,10,11,4,0,2,0,3,8,3,4,7,9,2,0,4,9,3,6,3,2,5,7,9,2,5,3,10,4,5,3,2,6,3,3,10,2,8,3,6,10,4,9,4,10,6,3,5,9,11,9,9,4,10,10,5,10,0,4,9,10,3,6,10,9,6,4,6,4,0,4,5,6,10,11,2,6,10,3,0,3,3,2,0,4,5,9,7,9,3,4
10,5,8,3,4,10,6,6,11,0,10,11,4,3,10,8,6,11,2,7,11,11,7,3,2,2,7,3,4,6,5,2,4,10,6,2,8,6,10,11,0,4,5,6,3,11,10,9,5,4,10,3,6,6,4,7,7,2,0,6,11,0,5,2,3,2,4,9,4,5,8,10,3,2,5,10,4,7,4,3,6,8,10,3,6,4,11,5,6,4,3,7,4,4,11,3,9,4,7,11,5,10,5,11,7,4,6,10,0,10,10,5,11,11,6,11,2,5,10,11,4,7,11,10,7,5,7,5,2,5,6,7,11,0,3,7,11,4,2,4,4,3,2,5,6,10,8,10,4,5
11,6,9,4,5,11,7,7,0,2,11,0,5,4,11,9,7,0,3,8,0,0,8,4,3,3,8,4,5,7,6,3,5,11,7,3,9,7,11,0,2,5,6,7,4,0,11,10,6,5,11,4,7,7,5,8,8,3,2,7,0,2,6,3,4,3,5,10,5,6,9,11,4,3,6,11,5,8,5,4,7,9,11,4,7,5,0,6,7,5,4,8,5,5,0,4,10,5,8,0,6,11,6,0,8,5,7,11,2,11,11,6,0,0,7,0,3,6,11,0,5,8,0,11,8,6,8,6,3,6,7,8,0,2,4,8,0,5,3,5,5,4,3,6,7,11,9,11,5,6
0,7,10,5,6,0,8,8,2,3,0,2,6,5,0,10,8,2,4,9,2,2,9,5,4,4,9,5,6,8,7,4,6,0,8,4,10,8,0,2,3,6,7,8,5,2,0,11,7,6,0,5,8,8,6,9,9,4,3,8,2,3,7,4,5,4,6,11,6,7,10,0,5,4,7,0,6,9,6,5,8,10,0,5,8,6,2,7,8,6,5,9,6,6,2,5,11,6,9,2,7,0,7,2,9,6,8,0,3,0,0,7,2,2,8,2,4,7,0,2,6,9,2,0,9,7,9,7,4,7,8,9,2,3,5,9,2,6,4,6,6,5,4,7,8,0,10,0,6,7
2,8,11,6,7,2,9,9,3,4,2,3,7,6,2,11,9,3,5,10,3,3,10,6,5,5,10,6,7,9,8,5,7,2,9,5,11,9,2,3,4,7,8,9,6,3,2,0,8,7,2,6,9,9,7,10,10,5,4,9,3,4,8,5,6,5,7,0,7,8,11,2,6,5,8,2,7,10,7,6,9,11,2,6,9,7,3,8,9,7,6,10,7,7,3,6,0,7,10,3,8,2,8,3,10,7,9,2,4,2,2,8,3,3,9,3,5,8,2,3,7,10,3,2,10,8,10,8,5,8,9,10,3,4,6,10,3,7,5,7,7,6,5,8,9,2,11,2,7,8
3,9,0,7,8,3,10,10,4,5,3,4,8,7,3,0,10,4,6,11,4,4,11,7,6,6,11,7,8,10,9,6,8,3,10,6,0,10,3,4,5,8,9,10,7,4,3,2,9,8,3,7,10,10,8,11,11,6,5,10,4,5,9,6,7,6,8,2,8,9,0,3,7,6,9,3,8,11,8,7,10,0,3,7,10,8,4,9,10,8,7,11,8,8,4,7,2,8,11,4,9,3,9,4,11,8,10,3,5,3,3,9,4,4,10,4,6,9,3,4,8,11,4,3,11,9,11,9,6,9,10,11,4,5,7,11,4,8,6,8,8,7,6,9,10,3,0,3,8,9
4,10,2,8,9,4,11,11,5,6,4,5,9,8,4,2,11,5,7,0,5,5,0,8,7,7,0,8,9,11,10,7,9,4,11,7,2,11,4,5,6,9,10,11,8,5,4,3,10,9,4,8,11,11,9,0,0,7,6,11,5,6,10,7,8,7,9,3,9,10,2,4,8,7,10,4,9,0,9,8,11,2,4,8,11,9,5,10,11,9,8,0,9,9,5,8,3,9,0,5,10,4,10,5,0,9,11,4,6,4,4,10,5,5,11,5,7,10,4,5,9,0,5,4,0,10,0,10,7,10,11,0,5,6,8,0,5,9,7,9,9,8,7,10,11,4,2,4,9,10
5,11,3,9,10,5,0,0,6,7,5,6,10,9,5,3,0,6,8,2,6,6,2,9,8,8,2,9,10,0,11,8,10,5,0,8,3,0,5,6,7,10,11,0,9,6,5,4,11,10,5,9,0,0,10,2,2,8,7,0,6,7,11,8,9,8,10,4,10,11,3,5,9,8,11,5,10,2,10,9,0,3,5,9,0,10,6,11,0,10,9,2,10,10,6,9,4,10,2,6,11,5,11,6,2,10,0,5,7,5,5,11,6,6,0,6,8,11,5,6,10,2,6,5,2,11,2,11,8,11,0,2,6,7,9,2,6,10,8,10,10,9,8,11,0,5,3,5,10,11
6,0,4,10,11,6,2,2,7,8,6,7,11,10,6,4,2,7,9,3,7,7,3,10,9,9,3,10,11,2,0,9,11,6,2,9,4,2,6,7,8,11,0,2,10,7,6,5,0,11,6,10,2,2,11,3,3,9,8,2,7,8,0,9,10,9,11,5,11,0,4,6,10,9,0,6,11,3,11,10,2,4,6,10,2,11,7,0,2,11,10,3,11,11,7,10,5,11,3,7,0,6,0,7,3,11,2,6,8,6,6,0,7,7,2,7,9,0,6,7,11,3,7,6,3,0,3,0,9,0,2,3,7,8,10,3,7,11,9,11,11,10,9,0,2,6,4,6,11,0
7,2,5,11,0,7,3,3,8,9,7,8,0,11,7,5,3,8,10,4,8,8,4,11,10,10,4,11,0,3,2,10,0,7,3,10,5,3,7,8,9,0,2,3,11,8,7,6,2,0,7,11,3,3,0,4,4,10,9,3,8,9,2,10,11,10,0,6,0,2,5,7,11,10,2,7,0,4,0,11,3,5,7,11,3,0,8,2,3,0,11,4,0,0,8,11,6,0,4,8,2,7,2,8,4,0,3,7,9,7,7,2,8,8,3,8,10,2,7,8,0,4,8,7,4,2,4,2,10,2,3,4,8,9,11,4,8,0,10,0,0,11,10,2,3,7,5,7,0,2
8,3,6,0,2,8,4,4,9,10,8,9,2,0,8,6,4,9,11,5,9,9,5,0,11,11,5,0,2,4,3,11,2,8,4,11,6,4,8,9,10,2,3,4,0,9,8,7,3,2,8,0,4,4,2,5,5,11,10,4,9,10,3,11,0,11,2,7,2,3,6,8,0,11,3,8,2,5,2,0,4,6,8,0,4,2,9,3,4,2,0,5,2,2,9,0,7,2,5,9,3,8,3,9,5,2,4,8,10,8,8,3,9,9,4,9,11,3,8,9,2,5,9,8,5,3,5,3,11,3,4,5,9,10,0,5,9,2,11,2,2,0,11,3,4,8,6,8,2,3
9,4,7,2,3,9,5,5,10,11,9,10,3,2,9,7,5,10,0,6,10,10,6,2,0,0,6,2,3,5,4,0,3,9,5,0,7,5,9,10,11,3,4,5,2,10,9,8,4,3,9,2,5,5,3,6,6,0,11,5,10,11,4,0,2,0,3,8,3,4,7,9,2,0,4,9,3,6,3,2,5,7,9,2,5,3,10,4,5,3,2,6,3,3,10,2,8,3,6,10,4,9,4,10,6,3,5,9,11,9,9,4,10,10,5,10,0,4,9,10,3,6,10,9,6,4,6,4,0,4,5,6,10,11,2,6,10,3,0,3,3,2,0,4,5,9,7,9,3,4
10,5,8,3,4,10,6,6,11,0,10,11,4,3,10,8,6,11,2,7,11,11,7,3,2,2,7,3,4,6,5,2,4,10,6,2,8,6,10,11,0,4,5,6,3,11,10,9,5,4,10,3,6,6,4,7,7,2,0,6,11,0,5,2,3,2,4,9,4,5,8,10,3,2,5,10,4,7,4,3,6,8,10,3,6,4,11,5,6,4,3,7,4,4,11,3,9,4,7,11,5,10,5,11,7,4,6,10,0,10,10,5,11,11,6,11,2,5,10,11,4,7,11,10,7,5,7,5,2,5,6,7,11,0,3,7,11,4,2,4,4,3,2,5,6,10,8,10,4,5
11,6,9,4,5,11,7,7,0,2,11,0,5,4,11,9,7,0,3,8,0,0,8,4,3,3,8,4,5,7,6,3,5,11,7,3,9,7,11,0,2,5,6,7,4,0,11,10,6,5,11,4,7,7,5,8,8,3,2,7,0,2,6,3,4,3,5,10,5,6,9,11,4,3,6,11,5,8,5,4,7,9,11,4,7,5,0,6,7,5,4,8,5,5,0,4,10,5,8,0,6,11,6,0,8,5,7,11,2,11,11,6,0,0,7,0,3,6,11,0,5,8,0,11,8,6,8,6,3,6,7,8,0,2,4,8,0,5,3,5,5,4,3,6,7,11,9,11,5,6
0,7,10,5,6,0,8,8,2,3,0,2,6,5,0,10,8,2,4,9,2,2,9,5,4,4,9,5,6,8,7,4,6,0,8,4,10,8,0,2,3,6,7,8,5,2,0,11,7,6,0,5,8,8,6,9,9,4,3,8,2,3,7,4,5,4,6,11,6,7,10,0,5,4,7,0,6,9,6,5,8,10,0,5,8,6,2,7,8,6,5,9,6,6,2,5,11,6,9,2,7,0,7,2,9,6,8,0,3,0,0,7,2,2,8,2,4,7,0,2,6,9,2,0,9,7,9,7,4,7,8,9,2,3,5,9,2,6,4,6,6,5,4,7,8,0,10,0,6,7
2,8,11,6,7,2,9,9,3,4,2,3,7,6,2,11,9,3,5,10,3,3,10,6,5,5,10,6,7,9,8,5,7,2,9,5,11,9,2,3,4,7,8,9,6,3,2,0,8,7,2,6,9,9,7,10,10,5,4,9,3,4,8,5,6,5,7,0,7,8,11,2,6,5,8,2,7,10,7,6,9,11,2,6,9,7,3,8,9,7,6,10,7,7,3,6,0,7,10,3,8,2,8,3,10,7,9,2,4,2,2,8,3,3,9,3,5,8,2,3,7,10,3,2,10,8,10,8,5,8,9,10,3,4,6,10,3,7,5,7,7,6,5,8,9,2,11,2,7,8
3,9,0,7,8,3,10,10,4,5,3,4,8,7,3,0,10,4,6,11,4,4,11,7,6,6,11,7,8,10,9,6,8,3,10,6,0,10,3,4,5,8,9,10,7,4,3,2,9,8,3,7,10,10,8,11,11,6,5,10,4,5,9,6,7,6,8,2,8,9,0,3,7,6,9,3,8,11,8,7,10,0,3,7,10,8,4,9,10,8,7,11,8,8,4,7,2,8,11,4,9,3,9,4,11,8,10,3,5,3,3,9,4,4,10,4,6,9,3,4,8,11,4,3,11,9,11,9,6,9,10,11,4,5,7,11,4,8,6,8,8,7,6,9,10,3,0,3,8,9
4,10,2,8,9,4,11,11,5,6,4,5,9,8,4,2,11,5,7,0,5,5,0,8,7,7,0,8,9,11,10,7,9,4,11,7,2,11,4,5,6,9,10,11,8,5,4,3,10,9,4,8,11,11,9,0,0,7,6,11,5,6,10,7,8,7,9,3,9,10,2,4,8,7,10,4,9,0,9,8,11,2,4,8,11,9,5,10,11,9,8,0,9,9,5,8,3,9,0,5,10,4,10,5,0,9,11,4,6,4,4,10,5,5,11,5,7,10,4,5,9,0,5,4,0,10,0,10,7,10,11,0,5,6,8,0,5,9,7,9,9,8,7,10,11,4,2,4,9,10
5,11,3,9,10,5,0,0,6,7,5,6,10,9,5,3,0,6,8,2,6,6,2,9,8,8,2,9,10,0,11,8,10,5,0,8,3,0,5,6,7,10,11,0,9,6,5,4,11,10,5,9,0,0,10,2,2,8,7,0,6,7,11,8,9,8,10,4,10,11,3,5,9,8,11,5,10,2,10,9,0,3,5,9,0,10,6,11,0,10,9,2,10,10,6,9,4,10,2,6,11,5,11,6,2,10,0,5,7,5,5,11,6,6,0,6,8,11,5,6,10,2,6,5,2,11,2,11,8,11,0,2,6,7,9,2,6,10,8,10,10,9,8,11,0,5,3,5,10,11
6,0,4,10,11,6,2,2,7,8,6,7,11,10,6,4,2,7,9,3,7,7,3,10,9,9,3,10,11,2,0,9,11,6,2,9,4,2,6,7,8,11,0,2,10,7,6,5,0,11,6,10,2,2,11,3,3,9,8,2,7,8,0,9,10,9,11,5,11,0,4,6,10,9,0,6,11,3,11,10,2,4,6,10,2,11,7,0,2,11,10,3,11,11,7,10,5,11,3,7,0,6,0,7,3,11,2,6,8,6,6,0,7,7,2,7,9,0,6,7,11,3,7,6,3,0,3,0,9,0,2,3,7,8,10,3,7,11,9,11,11,10,9,0,2,6,4,6,11,0
7,2,5,11,0,7,3,3,8,9,7,8,0,11,7,5,3,8,10,4,8,8,4,11,10,10,4,11,0,3,2,10,0,7,3,10,5,3,7,8,9,0,2,3,11,8,7,6,2,0,7,11,3,3,0,4,4,10,9,3,8,9,2,10,11,10,0,6,0,2,5,7,11,10,2,7,0,4,0,11,3,5,7,11,3,0,8,2,3,0,11,4,0,0,8,11,6,0,4,8,2,7,2,8,4,0,3,7,9,7,7,2,8,8,3,8,10,2,7,8,0,4,8,7,4,2,4,2,10,2,3,4,8,9,11,4,8,0,10,0,0,11,10,2,3,7,5,7,0,2
8,3,6,0,2,8,4,4,9,10,8,9,2,0,8,6,4,9,11,5,9,9,5,0,11,11,5,0,2,4,3,11,2,8,4,11,6,4,8,9,10,2,3,4,0,9,8,7,3,2,8,0,4,4,2,5,5,11,10,4,9,10,3,11,0,11,2,7,2,3,6,8,0,11,3,8,2,5,2,0,4,6,8,0,4,2,9,3,4,2,0,5,2,2,9,0,7,2,5,9,3,8,3,9,5,2,4,8,10,8,8,3,9,9,4,9,11,3,8,9,2,5,9,8,5,3,5,3,11,3,4,5,9,10,0,5,9,2,11,2,2,0,11,3,4,8,6,8,2,3
9,4,7,2,3,9,5,5,10,11,9,10,3,2,9,7,5,10,0,6,10,10,6,2,0,0,6,2,3,5,4,0,3,9,5,0,7,5,9,10,11,3,4,5,2,10,9,8,4,3,9,2,5,5,3,6,6,0,11,5,10,11,4,0,2,0,3,8,3,4,7,9,2,0,4,9,3,6,3,2,5,7,9,2,5,3,10,4,5,3,2,6,3,3,10,2,8,3,6,10,4,9,4,10,6,3,5,9,11,9,9,4,10,10,5,10,0,4,9,10,3,6,10,9,6,4,6,4,0,4,5,6,10,11,2,6,10,3,0,3,3,2,0,4,5,9,7,9,3,4
10,5,8,3,4,10,6,6,11,0,10,11,4,3,10,8,6,11,2,7,11,11,7,3,2,2,7,3,4,6,5,2,4,10,6,2,8,6,10,11,0,4,5,6,3,11,10,9,5,4,10,3,6,6,4,7,7,2,0,6,11,0,5,2,3,2,4,9,4,5,8,10,3,2,5,10,4,7,4,3,6,8,10,3,6,4,11,5,6,4,3,7,4,4,11,3,9,4,7,11,5,10,5,11,7,4,6,10,0,10,10,5,11,11,6,11,2,5,10,11,4,7,11,10,7,5,7,5,2,5,6,7,11,0,3,7,11,4,2,4,4,3,2,5,6,10,8,10,4,5
11,6,9,4,5,11,7,7,0,2,11,0,5,4,11,9,7,0,3,8,0,0,8,4,3,3,8,4,5,7,6,3,5,11,7,3,9,7,11,0,2,5,6,7,4,0,11,10,6,5,11,4,7,7,5,8,8,3,2,7,0,2,6,3,4,3,5,10,5,6,9,11,4,3,6,11,5,8,5,4,7,9,11,4,7,5,0,6,7,5,4,8,5,5,0,4,10,5,8,0,6,11,6,0,8,5,7,11,2,11,11,6,0,0,7,0,3,6,11,0,5,8,0,11,8,6,8,6,3,6,7,8,0,2,4,8,0,5,3,5,5,4,3,6,7,11,9,11,5,6
0,7,10,5,6,0,8,8,2,3,0,2,6,5,0,10,8,2,4,9,2,2,9,5,4,4,9,5,6,8,7,4,6,0,8,4,10,8,0,2,3,6,7,8,5,2,0,11,7,6,0,5,8,8,6,9,9,4,3,8,2,3,7,4,5,4,6,11,6,7,10,0,5,4,7,0,6,9,6,5,8,10,0,5,8,6,2,7,8,6,5,9,6,6,2,5,11,6,9,2,7,0,7,2,9,6,8,0,3,0,0,7,2,2,8,2,4,7,0,2,6,9,2,0,9,7,9,7,4,7,8,9,2,3,5,9,2,6,4,6,6,5,4,7,8,0,10,0,6,7
2,8,11,6,7,2,9,9,3,4,2,3,7,6,2,11,9,3,5,10,3,3,10,6,5,5,10,6,7,9,8,5,7,2,9,5,11,9,2,3,4,7,8,9,6,3,2,0,8,7,2,6,9,9,7,10,10,5,4,9,3,4,8,5,6,5,7,0,7,8,11,2,6,5,8,2,7,10,7,6,9,11,2,6,9,7,3,8,9,7,6,10,7,7,3,6,0,7,10,3,8,2,8,3,10,7,9,2,4,2,2,8,3,3,9,3,5,8,2,3,7,10,3,2,10,8,10,8,5,8,9,10,3,4,6,10,3,7,5,7,7,6,5,8,9,2,11,2,7,8
3,9,0,7,8,3,10,10,4,5,3,4,8,7,3,0,10,4,6,11,4,4,11,7,6,6,11,7,8,10,9,6,8,3,10,6,0,10,3,4,5,8,9,10,7,4,3,2,9,8,3,7,10,10,8,11,11,6,5,10,4,5,9,6,7,6,8,2,8,9,0,3,7,6,9,3,8,11,8,7,10,0,3,7,10,8,4,9,10,8,7,11,8,8,4,7,2,8,11,4,9,3,9,4,11,8,10,3,5,3,3,9,4,4,10,4,6,9,3,4,8,11,4,3,11,9,11,9,6,9,10,11,4,5,7,11,4,8,6,8,8,7,6,9,10,3,0,3,8,9
4,10,2,8,9,4,11,11,5,6,4,5,9,8,4,2,11,5,7,0,5,5,0,8,7,7,0,8,9,11,10,7,9,4,11,7,2,11,4,5,6,9,10,11,8,5,4,3,10,9,4,8,11,11,9,0,0,7,6,11,5,6,10,7,8,7,9,3,9,10,2,4,8,7,10,4,9,0,9,8,11,2,4,8,11,9,5,10,11,9,8,0,9,9,5,8,3,9,0,5,10,4,10,5,0,9,11,4,6,4,4,10,5,5,11,5,7,10,4,5,9,0,5,4,0,10,0,10,7,10,11,0,5,6,8,0,5,9,7,9,9,8,7,10,11,4,2,4,9,10
5,11,3,9,10,5,0,0,6,7,5,6,10,9,5,3,0,6,8,2,6,6,2,9,8,8,2,9,10,0,11,8,10,5,0,8,3,0,5,6,7,10,11,0,9,6,5,4,11,10,5,9,0,0,10,2,2,8,7,0,6,7,11,8,9,8,10,4,10,11,3,5,9,8,11,5,10,2,10,9,0,3,5,9,0,10,6,11,0,10,9,2,10,10,6,9,4,10,2,6,11,5,11,6,2,10,0,5,7,5,5,11,6,6,0,6,8,11,5,6,10,2,6,5,2,11,2,11,8,11,0,2,6,7,9,2,6,10,8,10,10,9,8,11,0,5,3,5,10,11
6,0,4,10,11,6,2,2,7,8,6,7,11,10,6,4,2,7,9,3,7,7,3,10,9,9,3,10,11,2,0,9,11,6,2,9,4,2,6,7,8,11,0,2,10,7,6,5,0,11,6,10,2,2,11,3,3,9,8,2,7,8,0,9,10,9,11,5,11,0,4,6,10,9,0,6,11,3,11,10,2,4,6,10,2,11,7,0,2,11,10,3,11,11,7,10,5,11,3,7,0,6,0,7,3,11,2,6,8,6,6,0,7,7,2,7,9,0,6,7,11,3,7,6,3,0,3,0,9,0,2,3,7,8,10,3,7,11,9,11,11,10,9,0,2,6,4,6,11,0
7,2,5,11,0,7,3,3,8,9,7,8,0,11,7,5,3,8,10,4,8,8,4,11,10,10,4,11,0,3,2,10,0,7,3,10,5,3,7,8,9,0,2,3,11,8,7,6,2,0,7,11,3,3,0,4,4,10,9,3,8,9,2,10,11,10,0,6,0,2,5,7,11,10,2,7,0,4,0,11,3,5,7,11,3,0,8,2,3,0,11,4,0,0,8,11,6,0,4,8,2,7,2,8,4,0,3,7,9,7,7,2,8,8,3,8,10,2,7,8,0,4,8,7,4,2,4,2,10,2,3,4,8,9,11,4,8,0,10,0,0,11,10,2,3,7,5,7,0,2
8,3,6,0,2,8,4,4,9,10,8,9,2,0,8,6,4,9,11,5,9,9,5,0,11,11,5,0,2,4,3,11,2,8,4,11,6,4,8,9,10,2,3,4,0,9,8,7,3,2,8,0,4,4,2,5,5,11,10,4,9,10,3,11,0,11,2,7,2,3,6,8,0,11,3,8,2,5,2,0,4,6,8,0,4,2,9,3,4,2,0,5,2,2,9,0,7,2,5,9,3,8,3,9,5,2,4,8,10,8,8,3,9,9,4,9,11,3,8,9,2,5,9,8,5,3,5,3,11,3,4,5,9,10,0,5,9,2,11,2,2,0,11,3,4,8,6,8,2,3
9,4,7,2,3,9,5,5,10,11,9,10,3,2,9,7,5,10,0,6,10,10,6,2,0,0,6,2,3,5,4,0,3,9,5,0,7,5,9,10,11,3,4,5,2,10,9,8,4,3,9,2,5,5,3,6,6,0,11,5,10,11,4,0,2,0,3,8,3,4,7,9,2,0,4,9,3,6,3,2,5,7,9,2,5,3,10,4,5,3,2,6,3,3,10,2,8,3,6,10,4,9,4,10,6,3,5,9,11,9,9,4,10,10,5,10,0,4,9,10,3,6,10,9,6,4,6,4,0,4,5,6,10,11,2,6,10,3,0,3,3,2,0,4,5,9,7,9,3,4
10,5,8,3,4,10,6,6,11,0,10,11,4,3,10,8,6,11,2,7,11,11,7,3,2,2,7,3,4,6,5,2,4,10,6,2,8,6,10,11,0,4,5,6,3,11,10,9,5,4,10,3,6,6,4,7,7,2,0,6,11,0,5,2,3,2,4,9,4,5,8,10,3,2,5,10,4,7,4,3,6,8,10,3,6,4,11,5,6,4,3,7,4,4,11,3,9,4,7,11,5,10,5,11,7,4,6,10,0,10,10,5,11,11,6,11,2,5,10,11,4,7,11,10,7,5,7,5,2,5,6,7,11,0,3,7,11,4,2,4,4,3,2,5,6,10,8,10,4,5
11,6,9,4,5,11,7,7,0,2,11,0,5,4,11,9,7,0,3,8,0,0,8,4,3,3,8,4,5,7,6,3,5,11,7,3,9,7,11,0,2,5,6,7,4,0,11,10,6,5,11,4,7,7,5,8,8,3,2,7,0,2,6,3,4,3,5,10,5,6,9,11,4,3,6,11,5,8,5,4,7,9,11,4,7,5,0,6,7,5,4,8,5,5,0,4,10,5,8,0,6,11,6,0,8,5,7,11,2,11,11,6,0,0,7,0,3,6,11,0,5,8,0,11,8,6,8,6,3,6,7,8,0,2,4,8,0,5,3,5,5,4,3,6,7,11,9,11,5,6
0,7,10,5,6,0,8,8,2,3,0,2,6,5,0,10,8,2,4,9,2,2,9,5,4,4,9,5,6,8,7,4,6,0,8,4,10,8,0,2,3,6,7,8,5,2,0,11,7,6,0,5,8,8,6,9,9,4,3,8,2,3,7,4,5,4,6,11,6,7,10,0,5,4,7,0,6,9,6,5,8,10,0,5,8,6,2,7,8,6,5,9,6,6,2,5,11,6,9,2,7,0,7,2,9,6,8,0,3,0,0,7,2,2,8,2,4,7,0,2,6,9,2,0,9,7,9,7,4,7,8,9,2,3,5,9,2,6,4,6,6,5,4,7,8,0,10,0,6,7
2,8,11,6,7,2,9,9,3,4,2,3,7,6,2,11,9,3,5,10,3,3,10,6,5,5,10,6,7,9,8,5,7,2,9,5,11,9,2,3,4,7,8,9,6,3,2,0,8,7,2,6,9,9,7,10,10,5,4,9,3,4,8,5,6,5,7,0,7,8,11,2,6,5,8,2,7,10,7,6,9,11,2,6,9,7,3,8,9,7,6,10,7,7,3,6,0,7,10,3,8,2,8,3,10,7,9,2,4,2,2,8,3,3,9,3,5,8,2,3,7,10,3,2,10,8,10,8,5,8,9,10,3,4,6,10,3,7,5,7,7,6,5,8,9,2,11,2,7,8
3,9,0,7,8,3,10,10,4,5,3,4,8,7,3,0,10,4,6,11,4,4,11,7,6,6,11,7,8,10,9,6,8,3,10,6,0,10,3,4,5,8,9,10,7,4,3,2,9,8,3,7,10,10,8,11,11,6,5,10,4,5,9,6,7,6,8,2,8,9,0,3,7,6,9,3,8,11,8,7,10,0,3,7,10,8,4,9,10,8,7,11,8,8,4,7,2,8,11,4,9,3,9,4,11,8,10,3,5,3,3,9,4,4,10,4,6,9,3,4,8,11,4,3,11,9,11,9,6,9,10,11,4,5,7,11,4,8,6,8,8,7,6,9,10,3,0,3,8,9
4,10,2,8,9,4,11,11,5,6,4,5,9,8,4,2,11,5,7,0,5,5,0,8,7,7,0,8,9,11,10,7,9,4,11,7,2,11,4,5,6,9,10,11,8,5,4,3,10,9,4,8,11,11,9,0,0,7,6,11,5,6,10,7,8,7,9,3,9,10,2,4,8,7,10,4,9,0,9,8,11,2,4,8,11,9,5,10,11,9,8,0,9,9,5,8,3,9,0,5,10,4,10,5,0,9,11,4,6,4,4,10,5,5,11,5,7,10,4,5,9,0,5,4,0,10,0,10,7,10,11,0,5,6,8,0,5,9,7,9,9,8,7,10,11,4,2,4,9,10
5,11,3,9,10,5,0,0,6,7,5,6,10,9,5,3,0,6,8,2,6,6,2,9,8,8,2,9,10,0,11,8,10,5,0,8,3,0,5,6,7,10,11,0,9,6,5,4,11,10,5,9,0,0,10,2,2,8,7,0,6,7,11,8,9,8,10,4,10,11,3,5,9,8,11,5,10,2,10,9,0,3,5,9,0,10,6,11,0,10,9,2,10,10,6,9,4,10,2,6,11,5,11,6,2,10,0,5,7,5,5,11,6,6,0,6,8,11,5,6,10,2,6,5,2,11,2,11,8,11,0,2,6,7,9,2,6,10,8,10,10,9,8,11,0,5,3,5,10,11
6,0,4,10,11,6,2,2,7,8,6,7,11,10,6,4,2,7,9,3,7,7,3,10,9,9,3,10,11,2,0,9,11,6,2,9,4,2,6,7,8,11,0,2,10,7,6,5,0,11,6,10,2,2,11,3,3,9,8,2,7,8,0,9,10,9,11,5,11,0,4,6,10,9,0,6,11,3,11,10,2,4,6,10,2,11,7,0,2,11,10,3,11,11,7,10,5,11,3,7,0,6,0,7,3,11,2,6,8,6,6,0,7,7,2,7,9,0,6,7,11,3,7,6,3,0,3,0,9,0,2,3,7,8,10,3,7,11,9,11,11,10,9,0,2,6,4,6,11,0
7,2,5,11,0,7,3,3,8,9,7,8,0,11,7,5,3,8,10,4,8,8,4,11,10,10,4,11,0,3,2,10,0,7,3,10,5,3,7,8,9,0,2,3,11,8,7,6,2,0,7,11,3,3,0,4,4,10,9,3,8,9,2,10,11,10,0,6,0,2,5,7,11,10,2,7,0,4,0,11,3,5,7,11,3,0,8,2,3,0,11,4,0,0,8,11,6,0,4,8,2,7,2,8,4,0,3,7,9,7,7,2,8,8,3,8,10,2,7,8,0,4,8,7,4,2,4,2,10,2,3,4,8,9,11,4,8,0,10,0,0,11,10,2,3,7,5,7,0,2
8,3,6,0,2,8,4,4,9,10,8,9,2,0,8,6,4,9,11,5,9,9,5,0,11,11,5,0,2,4,3,11,2,8,4,11,6,4,8,9,10,2,3,4,0,9,8,7,3,2,8,0,4,4,2,5,5,11,10,4,9,10,3,11,0,11,2,7,2,3,6,8,0,11,3,8,2,5,2,0,4,6,8,0,4,2,9,3,4,2,0,5,2,2,9,0,7,2,5,9,3,8,3,9,5,2,4,8,10,8,8,3,9,9,4,9,11,3,8,9,2,5,9,8,5,3,5,3,11,3,4,5,9,10,0,5,9,2,11,2,2,0,11,3,4,8,6,8,2,3
9,4,7,2,3,9,5,5,10,11,9,10,3,2,9,7,5,10,0,6,10,10,6,2,0,0,6,2,3,5,4,0,3,9,5,0,7,5,9,10,11,3,4,5,2,10,9,8,4,3,9,2,5,5,3,6,6,0,11,5,10,11,4,0,2,0,3,8,3,4,7,9,2,0,4,9,3,6,3,2,5,7,9,2,5,3,10,4,5,3,2,6,3,3,10,2,8,3,6,10,4,9,4,10,6,3,5,9,11,9,9,4,10,10,5,10,0,4,9,10,3,6,10,9,6,4,6,4,0,4,5,6,10,11,2,6,10,3,0,3,3,2,0,4,5,9,7,9,3,4
10,5,8,3,4,10,6,6,11,0,10,11,4,3,10,8,6,11,2,7,11,11,7,3,2,2,7,3,4,6,5,2,4,10,6,2,8,6,10,11,0,4,5,6,3,11,10,9,5,4,10,3,6,6,4,7,7,2,0,6,11,0,5,2,3,2,4,9,4,5,8,10,3,2,5,10,4,7,4,3,6,8,10,3,6,4,11,5,6,4,3,7,4,4,11,3,9,4,7,11,5,10,5,11,7,4,6,10,0,10,10,5,11,11,6,11,2,5,10,11,4,7,11,10,7,5,7,5,2,5,6,7,11,0,3,7,11,4,2,4,4,3,2,5,6,10,8,10,4,5
11,6,9,4,5,11,7,7,0,2,11,0,5,4,11,9,7,0,3,8,0,0,8,4,3,3,8,4,5,7,6,3,5,11,7,3,9,7,11,0,2,5,6,7,4,0,11,10,6,5,11,4,7,7,5,8,8,3,2,7,0,2,6,3,4,3,5,10,5,6,9,11,4,3,6,11,5,8,5,4,7,9,11,4,7,5,0,6,7,5,4,8,5,5,0,4,10,5,8,0,6,11,6,0,8,5,7,11,2,11,11,6,0,0,7,0,3,6,11,0,5,8,0,11,8,6,8,6,3,6,7,8,0,2,4,8,0,5,3,5,5,4,3,6,7,11,9,11,5,6
0,7,10,5,6,0,8,8,2,3,0,2,6,5,0,10,8,2,4,9,2,2,9,5,4,4,9,5,6,8,7,4,6,0,8,4,10,8,0,2,3,6,7,8,5,2,0,11,7,6,0,5,8,8,6,9,9,4,3,8,2,3,7,4,5,4,6,11,6,7,10,0,5,4,7,0,6,9,6,5,8,10,0,5,8,6,2,7,8,6,5,9,6,6,2,5,11,6,9,2,7,0,7,2,9,6,8,0,3,0,0,7,2,2,8,2,4,7,0,2,6,9,2,0,9,7,9,7,4,7,8,9,2,3,5,9,2,6,4,6,6,5,4,7,8,0,10,0,6,7
2,8,11,6,7,2,9,9,3,4,2,3,7,6,2,11,9,3,5,10,3,3,10,6,5,5,10,6,7,9,8,5,7,2,9,5,11,9,2,3,4,7,8,9,6,3,2,0,8,7,2,6,9,9,7,10,10,5,4,9,3,4,8,5,6,5,7,0,7,8,11,2,6,5,8,2,7,10,7,6,9,11,2,6,9,7,3,8,9,7,6,10,7,7,3,6,0,7,10,3,8,2,8,3,10,7,9,2,4,2,2,8,3,3,9,3,5,8,2,3,7,10,3,2,10,8,10,8,5,8,9,10,3,4,6,10,3,7,5,7,7,6,5,8,9,2,11,2,7,8
3,9,0,7,8,3,10,10,4,5,3,4,8,7,3,0,10,4,6,11,4,4,11,7,6,6,11,7,8,10,9,6,8,3,10,6,0,10,3,4,5,8,9,10,7,4,3,2,9,8,3,7,10,10,8,11,11,6,5,10,4,5,9,6,7,6,8,2,8,9,0,3,7,6,9,3,8,11,8,7,10,0,3,7,10,8,4,9,10,8,7,11,8,8,4,7,2,8,11,4,9,3,9,4,11,8,10,3,5,3,3,9,4,4,10,4,6,9,3,4,8,11,4,3,11,9,11,9,6,9,10,11,4,5,7,11,4,8,6,8,8,7,6,9,10,3,0,3,8,9
4,10,2,8,9,4,11,11,5,6,4,5,9,8,4,2,11,5,7,0,5,5,0,8,7,7,0,8,9,11,10,7,9,4,11,7,2,11,4,5,6,9,10,11,8,5,4,3,10,9,4,8,11,11,9,0,0,7,6,11,5,6,10,7,8,7,9,3,9,10,2,4,8,7,10,4,9,0,9,8,11,2,4,8,11,9,5,10,11,9,8,0,9,9,5,8,3,9,0,5,10,4,10,5,0,9,11,4,6,4,4,10,5,5,11,5,7,10,4,5,9,0,5,4,0,10,0,10,7,10,11,0,5,6,8,0,5,9,7,9,9,8,7,10,11,4,2,4,9,10
5,11,3,9,10,5,0,0,6,7,5,6,10,9,5,3,0,6,8,2,6,6,2,9,8,8,2,9,10,0,11,8,10,5,0,8,3,0,5,6,7,10,11,0,9,6,5,4,11,10,5,9,0,0,10,2,2,8,7,0,6,7,11,8,9,8,10,4,10,11,3,5,9,8,11,5,10,2,10,9,0,3,5,9,0,10,6,11,0,10,9,2,10,10,6,9,4,10,2,6,11,5,11,6,2,10,0,5,7,5,5,11,6,6,0,6,8,11,5,6,10,2,6,5,2,11,2,11,8,11,0,2,6,7,9,2,6,10,8,10,10,9,8,11,0,5,3,5,10,11
6,0,4,10,11,6,2,2,7,8,6,7,11,10,6,4,2,7,9,3,7,7,3,10,9,9,3,10,11,2,0,9,11,6,2,9,4,2,6,7,8,11,0,2,10,7,6,5,0,11,6,10,2,2,11,3,3,9,8,2,7,8,0,9,10,9,11,5,11,0,4,6,10,9,0,6,11,3,11,10,2,4,6,10,2,11,7,0,2,11,10,3,11,11,7,10,5,11,3,7,0,6,0,7,3,11,2,6,8,6,6,0,7,7,2,7,9,0,6,7,11,3,7,6,3,0,3,0,9,0,2,3,7,8,10,3,7,11,9,11,11,10,9,0,2,6,4,6,11,0
7,2,5,11,0,7,3,3,8,9,7,8,0,11,7,5,3,8,10,4,8,8,4,11,10,10,4,11,0,3,2,10,0,7,3,10,5,3,7,8,9,0,2,3,11,8,7,6,2,0,7,11,3,3,0,4,4,10,9,3,8,9,2,10,11,10,0,6,0,2,5,7,11,10,2,7,0,4,0,11,3,5,7,11,3,0,8,2,3,0,11,4,0,0,8,11,6,0,4,8,2,7,2,8,4,0,3,7,9,7,7,2,8,8,3,8,10,2,7,8,0,4,8,7,4,2,4,2,10,2,3,4,8,9,11,4,8,0,10,0,0,11,10,2,3,7,5,7,0,2
8,3,6,0,2,8,4,4,9,10,8,9,2,0,8,6,4,9,11,5,9,9,5,0,11,11,5,0,2,4,3,11,2,8,4,11,6,4,8,9,10,2,3,4,0,9,8,7,3,2,8,0,4,4,2,5,5,11,10,4,9,10,3,11,0,11,2,7,2,3,6,8,0,11,3,8,2,5,2,0,4,6,8,0,4,2,9,3,4,2,0,5,2,2,9,0,7,2,5,9,3,8,3,9,5,2,4,8,10,8,8,3,9,9,4,9,11,3,8,9,2,5,9,8,5,3,5,3,11,3,4,5,9,10,0,5,9,2,11,2,2,0,11,3,4,8,6,8,2,3
9,4,7,2,3,9,5,5,10,11,9,10,3,2,9,7,5,10,0,6,10,10,6,2,0,0,6,2,3,5,4,0,3,9,5,0,7,5,9,10,11,3,4,5,2,10,9,8,4,3,9,2,5,5,3,6,6,0,11,5,10,11,4,0,2,0,3,8,3,4,7,9,2,0,4,9,3,6,3,2,5,7,9,2,5,3,10,4,5,3,2,6,3,3,10,2,8,3,6,10,4,9,4,10,6,3,5,9,11,9,9,4,10,10,5,10,0,4,9,10,3,6,10,9,6,4,6,4,0,4,5,6,10,11,2,6,10,3,0,3,3,2,0,4,5,9,7,9,3,4
10,5,8,3,4,10,6,6,11,0,10,11,4,3,10,8,6,11,2,7,11,11,7,3,2,2,7,3,4,6,5,2,4,10,6,2,8,6,10,11,0,4,5,6,3,11,10,9,5,4,10,3,6,6,4,7,7,2,0,6,11,0,5,2,3,2,4,9,4,5,8,10,3,2,5,10,4,7,4,3,6,8,10,3,6,4,11,5,6,4,3,7,4,4,11,3,9,4,7,11,5,10,5,11,7,4,6,10,0,10,10,5,11,11,6,11,2,5,10,11,4,7,11,10,7,5,7,5,2,5,6,7,11,0,3,7,11,4,2,4,4,3,2,5,6,10,8,10,4,5
11,6,9,4,5,11,7,7,0,2,11,0,5,4,11,9,7,0,3,8,0,0,8,4,3,3,8,4,5,7,6,3,5,11,7,3,9,7,11,0,2,5,6,7,4,0,11,10,6,5,11,4,7,7,5,8,8,3,2,7,0,2,6,3,4,3,5,10,5,6,9,11,4,3,6,11,5,8,5,4,7,9,11,4,7,5,0,6,7,5,4,8,5,5,0,4,10,5,8,0,6,11,6,0,8,5,7,11,2,11,11,6,0,0,7,0,3,6,11,0,5,8,0,11,8,6,8,6,3,6,7,8,0,2,4,8,0,5,3,5,5,4,3,6,7,11,9,11,5,6
0,7,10,5,6,0,8,8,2,3,0,2,6,5,0,10,8,2,4,9,2,2,9,5,4,4,9,5,6,8,7,4,6,0,8,4,10,8,0,2,3,6,7,8,5,2,0,11,7,6,0,5,8,8,6,9,9,4,3,8,2,3,7,4,5,4,6,11,6,7,10,0,5,4,7,0,6,9,6,5,8,10,0,5,8,6,2,7,8,6,5,9,6,6,2,5,11,6,9,2,7,0,7,2,9,6,8,0,3,0,0,7,2,2,8,2,4,7,0,2,6,9,2,0,9,7,9,7,4,7,8,9,2,3,5,9,2,6,4,6,6,5,4,7,8,0,10,0,6,7
2,8,11,6,7,2,9,9,3,4,2,3,7,6,2,11,9,3,5,10,3,3,10,6,5,5,10,6,7,9,8,5,7,2,9,5,11,9,2,3,4,7,8,9,6,3,2,0,8,7,2,6,9,9,7,10,10,5,4,9,3,4,8,5,6,5,7,0,7,8,11,2,6,5,8,2,7,10,7,6,9,11,2,6,9,7,3,8,9,7,6,10,7,7,3,6,0,7,10,3,8,2,8,3,10,7,9,2,4,2,2,8,3,3,9,3,5,8,2,3,7,10,3,2,10,8,10,8,5,8,9,10,3,4,6,10,3,7,5,7,7,6,5,8,9,2,11,2,7,8
3,9,0,7,8,3,10,10,4,5,3,4,8,7,3,0,10,4,6,11,4,4,11,7,6,6,11,7,8,10,9,6,8,3,10,6,0,10,3,4,5,8,9,10,7,4,3,2,9,8,3,7,10,10,8,11,11,6,5,10,4,5,9,6,7,6,8,2,8,9,0,3,7,6,9,3,8,11,8,7,10,0,3,7,10,8,4,9,10,8,7,11,8,8,4,7,2,8,11,4,9,3,9,4,11,8,10,3,5,3,3,9,4,4,10,4,6,9,3,4,8,11,4,3,11,9,11,9,6,9,10,11,4,5,7,11,4,8,6,8,8,7,6,9,10,3,0,3,8,9
4,10,2,8,9,4,11,11,5,6,4,5,9,8,4,2,11,5,7,0,5,5,0,8,7,7,0,8,9,11,10,7,9,4,11,7,2,11,4,5,6,9,10,11,8,5,4,3,10,9,4,8,11,11,9,0,0,7,6,11,5,6,10,7,8,7,9,3,9,10,2,4,8,7,10,4,9,0,9,8,11,2,4,8,11,9,5,10,11,9,8,0,9,9,5,8,3,9,0,5,10,4,10,5,0,9,11,4,6,4,4,10,5,5,11,5,7,10,4,5,9,0,5,4,0,10,0,10,7,10,11,0,5,6,8,0,5,9,7,9,9,8,7,10,11,4,2,4,9,10
5,11,3,9,10,5,0,0,6,7,5,6,10,9,5,3,0,6,8,2,6,6,2,9,8,8,2,9,10,0,11,8,10,5,0,8,3,0,5,6,7,10,11,0,9,6,5,4,11,10,5,9,0,0,10,2,2,8,7,0,6,7,11,8,9,8,10,4,10,11,3,5,9,8,11,5,10,2,10,9,0,3,5,9,0,10,6,11,0,10,9,2,10,10,6,9,4,10,2,6,11,5,11,6,2,10,0,5,7,5,5,11,6,6,0,6,8,11,5,6,10,2,6,5,2,11,2,11,8,11,0,2,6,7,9,2,6,10,8,10,10,9,8,11,0,5,3,5,10,11
6,0,4,10,11,6,2,2,7,8,6,7,11,10,6,4,2,7,9,3,7,7,3,10,9,9,3,10,11,2,0,9,11,6,2,9,4,2,6,7,8,11,0,2,10,7,6,5,0,11,6,10,2,2,11,3,3,9,8,2,7,8,0,9,10,9,11,5,11,0,4,6,10,9,0,6,11,3,11,10,2,4,6,10,2,11,7,0,2,11,10,3,11,11,7,10,5,11,3,7,0,6,0,7,3,11,2,6,8,6,6,0,7,7,2,7,9,0,6,7,11,3,7,6,3,0,3,0,9,0,2,3,7,8,10,3,7,11,9,11,11,10,9,0,2,6,4,6,11,0
7,2,5,11,0,7,3,3,8,9,7,8,0,11,7,5,3,8,10,4,8,8,4,11,10,10,4,11,0,3,2,10,0,7,3,10,5,3,7,8,9,0,2,3,11,8,7,6,2,0,7,11,3,3,0,4,4,10,9,3,8,9,2,10,11,10,0,6,0,2,5,7,11,10,2,7,0,4,0,11,3,5,7,11,3,0,8,2,3,0,11,4,0,0,8,11,6,0,4,8,2,7,2,8,4,0,3,7,9,7,7,2,8,8,3,8,10,2,7,8,0,4,8,7,4,2,4,2,10,2,3,4,8,9,11,4,8,0,10,0,0,11,10,2,3,7,5,7,0,2
8,3,6,0,2,8,4,4,9,10,8,9,2,0,8,6,4,9,11,5,9,9,5,0,11,11,5,0,2,4,3,11,2,8,4,11,6,4,8,9,10,2,3,4,0,9,8,7,3,2,8,0,4,4,2,5,5,11,10,4,9,10,3,11,0,11,2,7,2,3,6,8,0,11,3,8,2,5,2,0,4,6,8,0,4,2,9,3,4,2,0,5,2,2,9,0,7,2,5,9,3,8,3,9,5,2,4,8,10,8,8,3,9,9,4,9,11,3,8,9,2,5,9,8,5,3,5,3,11,3,4,5,9,10,0,5,9,2,11,2,2,0,11,3,4,8,6,8,2,3
9,4,7,2,3,9,5,5,10,11,9,10,3,2,9,7,5,10,0,6,10,10,6,2,0,0,6,2,3,5,4,0,3,9,5,0,7,5,9,10,11,3,4,5,2,10,9,8,4,3,9,2,5,5,3,6,6,0,11,5,10,11,4,0,2,0,3,8,3,4,7,9,2,0,4,9,3,6,3,2,5,7,9,2,5,3,10,4,5,3,2,6,3,3,10,2,8,3,6,10,4,9,4,10,6,3,5,9,11,9,9,4,10,10,5,10,0,4,9,10,3,6,10,9,6,4,6,4,0,4,5,6,10,11,2,6,10,3,0,3,3,2,0,4,5,9,7,9,3,4
10,5,8,3,4,10,6,6,11,0,10,11,4,3,10,8,6,11,2,7,11,11,7,3,2,2,7,3,4,6,5,2,4,10,6,2,8,6,10,11,0,4,5,6,3,11,10,9,5,4,10,3,6,6,4,7,7,2,0,6,11,0,5,2,3,2,4,9,4,5,8,10,3,2,5,10,4,7,4,3,6,8,10,3,6,4,11,5,6,4,3,7,4,4,11,3,9,4,7,11,5,10,5,11,7,4,6,10,0,10,10,5,11,11,6,11,2,5,10,11,4,7,11,10,7,5,7,5,2,5,6,7,11,0,3,7,11,4,2,4,4,3,2,5,6,10,8,10,4,5
11,6,9,4,5,11,7,7,0,2,11,0,5,4,11,9,7,0,3,8,0,0,8,4,3,3,8,4,5,7,6,3,5,11,7,3,9,7,11,0,2,5,6,7,4,0,11,10,6,5,11,4,7,7,5,8,8,3,2,7,0,2,6,3,4,3,5,10,5,6,9,11,4,3,6,11,5,8,5,4,7,9,11,4,7,5,0,6,7,5,4,8,5,5,0,4,10,5,8,0,6,11,6,0,8,5,7,11,2,11,11,6,0,0,7,0,3,6,11,0,5,8,0,11,8,6,8,6,3,6,7,8,0,2,4,8,0,5,3,5,5,4,3,6,7,11,9,11,5,6
0,7,10,5,6,0,8,8,2,3,0,2,6,5,0,10,8,2,4,9,2,2,9,5,4,4,9,5,6,8,7,4,6,0,8,4,10,8,0,2,3,6,7,8,5,2,0,11,7,6,0,5,8,8,6,9,9,4,3,8,2,3,7,4,5,4,6,11,6,7,10,0,5,4,7,0,6,9,6,5,8,10,0,5,8,6,2,7,8,6,5,9,6,6,2,5,11,6,9,2,7,0,7,2,9,6,8,0,3,0,0,7,2,2,8,2,4,7,0,2,6,9,2,0,9,7,9,7,4,7,8,9,2,3,5,9,2,6,4,6,6,5,4,7,8,0,10,0,6,7
2,8,11,6,7,2,9,9,3,4,2,3,7,6,2,11,9,3,5,10,3,3,10,6,5,5,10,6,7,9,8,5,7,2,9,5,11,9,2,3,4,7,8,9,6,3,2,0,8,7,2,6,9,9,7,10,10,5,4,9,3,4,8,5,6,5,7,0,7,8,11,2,6,5,8,2,7,10,7,6,9,11,2,6,9,7,3,8,9,7,6,10,7,7,3,6,0,7,10,3,8,2,8,3,10,7,9,2,4,2,2,8,3,3,9,3,5,8,2,3,7,10,3,2,10,8,10,8,5,8,9,10,3,4,6,10,3,7,5,7,7,6,5,8,9,2,11,2,7,8
3,9,0,7,8,3,10,10,4,5,3,4,8,7,3,0,10,4,6,11,4,4,11,7,6,6,11,7,8,10,9,6,8,3,10,6,0,10,3,4,5,8,9,10,7,4,3,2,9,8,3,7,10,10,8,11,11,6,5,10,4,5,9,6,7,6,8,2,8,9,0,3,7,6,9,3,8,11,8,7,10,0,3,7,10,8,4,9,10,8,7,11,8,8,4,7,2,8,11,4,9,3,9,4,11,8,10,3,5,3,3,9,4,4,10,4,6,9,3,4,8,11,4,3,11,9,11,9,6,9,10,11,4,5,7,11,4,8,6,8,8,7,6,9,10,3,0,3,8,9
4,10,2,8,9,4,11,11,5,6,4,5,9,8,4,2,11,5,7,0,5,5,0,8,7,7,0,8,9,11,10,7,9,4,11,7,2,11,4,5,6,9,10,11,8,5,4,3,10,9,4,8,11,11,9,0,0,7,6,11,5,6,10,7,8,7,9,3,9,10,2,4,8,7,10,4,9,0,9,8,11,2,4,8,11,9,5,10,11,9,8,0,9,9,5,8,3,9,0,5,10,4,10,5,0,9,11,4,6,4,4,10,5,5,11,5,7,10,4,5,9,0,5,4,0,10,0,10,7,10,11,0,5,6,8,0,5,9,7,9,9,8,7,10,11,4,2,4,9,10
5,11,3,9,10,5,0,0,6,7,5,6,10,9,5,3,0,6,8,2,6,6,2,9,8,8,2,9,10,0,11,8,10,5,0,8,3,0,5,6,7,10,11,0,9,6,5,4,11,10,5,9,0,0,10,2,2,8,7,0,6,7,11,8,9,8,10,4,10,11,3,5,9,8,11,5,10,2,10,9,0,3,5,9,0,10,6,11,0,10,9,2,10,10,6,9,4,10,2,6,11,5,11,6,2,10,0,5,7,5,5,11,6,6,0,6,8,11,5,6,10,2,6,5,2,11,2,11,8,11,0,2,6,7,9,2,6,10,8,10,10,9,8,11,0,5,3,5,10,11
6,0,4,10,11,6,2,2,7,8,6,7,11,10,6,4,2,7,9,3,7,7,3,10,9,9,3,10,11,2,0,9,11,6,2,9,4,2,6,7,8,11,0,2,10,7,6,5,0,11,6,10,2,2,11,3,3,9,8,2,7,8,0,9,10,9,11,5,11,0,4,6,10,9,0,6,11,3,11,10,2,4,6,10,2,11,7,0,2,11,10,3,11,11,7,10,5,11,3,7,0,6,0,7,3,11,2,6,8,6,6,0,7,7,2,7,9,0,6,7,11,3,7,6,3,0,3,0,9,0,2,3,7,8,10,3,7,11,9,11,11,10,9,0,2,6,4,6,11,0
7,2,5,11,0,7,3,3,8,9,7,8,0,11,7,5,3,8,10,4,8,8,4,11,10,10,4,11,0,3,2,10,0,7,3,10,5,3,7,8,9,0,2,3,11,8,7,6,2,0,7,11,3,3,0,4,4,10,9,3,8,9,2,10,11,10,0,6,0,2,5,7,11,10,2,7,0,4,0,11,3,5,7,11,3,0,8,2,3,0,11,4,0,0,8,11,6,0,4,8,2,7,2,8,4,0,3,7,9,7,7,2,8,8,3,8,10,2,7,8,0,4,8,7,4,2,4,2,10,2,3,4,8,9,11,4,8,0,10,0,0,11,10,2,3,7,5,7,0,2
8,3,6,0,2,8,4,4,9,10,8,9,2,0,8,6,4,9,11,5,9,9,5,0,11,11,5,0,2,4,3,11,2,8,4,11,6,4,8,9,10,2,3,4,0,9,8,7,3,2,8,0,4,4,2,5,5,11,10,4,9,10,3,11,0,11,2,7,2,3,6,8,0,11,3,8,2,5,2,0,4,6,8,0,4,2,9,3,4,2,0,5,2,2,9,0,7,2,5,9,3,8,3,9,5,2,4,8,10,8,8,3,9,9,4,9,11,3,8,9,2,5,9,8,5,3,5,3,11,3,4,5,9,10,0,5,9,2,11,2,2,0,11,3,4,8,6,8,2,3
9,4,7,2,3,9,5,5,10,11,9,10,3,2,9,7,5,10,0,6,10,10,6,2,0,0,6,2,3,5,4,0,3,9,5,0,7,5,9,10,11,3,4,5,2,10,9,8,4,3,9,2,5,5,3,6,6,0,11,5,10,11,4,0,2,0,3,8,3,4,7,9,2,0,4,9,3,6,3,2,5,7,9,2,5,3,10,4,5,3,2,6,3,3,10,2,8,3,6,10,4,9,4,10,6,3,5,9,11,9,9,4,10,10,5,10,0,4,9,10,3,6,10,9,6,4,6,4,0,4,5,6,10,11,2,6,10,3,0,3,3,2,0,4,5,9,7,9,3,4
10,5,8,3,4,10,6,6,11,0,10,11,4,3,10,8,6,11,2,7,11,11,7,3,2,2,7,3,4,6,5,2,4,10,6,2,8,6,10,11,0,4,5,6,3,11,10,9,5,4,10,3,6,6,4,7,7,2,0,6,11,0,5,2,3,2,4,9,4,5,8,10,3,2,5,10,4,7,4,3,6,8,10,3,6,4,11,5,6,4,3,7,4,4,11,3,9,4,7,11,5,10,5,11,7,4,6,10,0,10,10,5,11,11,6,11,2,5,10,11,4,7,11,10,7,5,7,5,2,5,6,7,11,0,3,7,11,4,2,4,4,3,2,5,6,10,8,10,4,5
11,6,9,4,5,11,7,7,0,2,11,0,5,4,11,9,7,0,3,8,0,0,8,4,3,3,8,4,5,7,6,3,5,11,7,3,9,7,11,0,2,5,6,7,4,0,11,10,6,5,11,4,7,7,5,8,8,3,2,7,0,2,6,3,4,3,5,10,5,6,9,11,4,3,6,11,5,8,5,4,7,9,11,4,7,5,0,6,7,5,4,8,5,5,0,4,10,5,8,0,6,11,6,0,8,5,7,11,2,11,11,6,0,0,7,0,3,6,11,0,5,8,0,11,8,6,8,6,3,6,7,8,0,2,4,8,0,5,3,5,5,4,3,6,7,11,9,11,5,6
0,7,10,5,6,0,8,8,2,3,0,2,6,5,0,10,8,2,4,9,2,2,9,5,4,4,9,5,6,8,7,4,6,0,8,4,10,8,0,2,3,6,7,8,5,2,0,11,7,6,0,5,8,8,6,9,9,4,3,8,2,3,7,4,5,4,6,11,6,7,10,0,5,4,7,0,6,9,6,5,8,10,0,5,8,6,2,7,8,6,5,9,6,6,2,5,11,6,9,2,7,0,7,2,9,6,8,0,3,0,0,7,2,2,8,2,4,7,0,2,6,9,2,0,9,7,9,7,4,7,8,9,2,3,5,9,2,6,4,6,6,5,4,7,8,0,10,0,6,7
2,8,11,6,7,2,9,9,3,4,2,3,7,6,2,11,9,3,5,10,3,3,10,6,5,5,10,6,7,9,8,5,7,2,9,5,11,9,2,3,4,7,8,9,6,3,2,0,8,7,2,6,9,9,7,10,10,5,4,9,3,4,8,5,6,5,7,0,7,8,11,2,6,5,8,2,7,10,7,6,9,11,2,6,9,7,3,8,9,7,6,10,7,7,3,6,0,7,10,3,8,2,8,3,10,7,9,2,4,2,2,8,3,3,9,3,5,8,2,3,7,10,3,2,10,8,10,8,5,8,9,10,3,4,6,10,3,7,5,7,7,6,5,8,9,2,11,2,7,8
3,9,0,7,8,3,10,10,4,5,3,4,8,7,3,0,10,4,6,11,4,4,11,7,6,6,11,7,8,10,9,6,8,3,10,6,0,10,3,4,5,8,9,10,7,4,3,2,9,8,3,7,10,10,8,11,11,6,5,10,4,5,9,6,7,6,8,2,8,9,0,3,7,6,9,3,8,11,8,7,10,0,3,7,10,8,4,9,10,8,7,11,8,8,4,7,2,8,11,4,9,3,9,4,11,8,10,3,5,3,3,9,4,4,10,4,6,9,3,4,8,11,4,3,11,9,11,9,6,9,10,11,4,5,7,11,4,8,6,8,8,7,6,9,10,3,0,3,8,9
4,10,2,8,9,4,11,11,5,6,4,5,9,8,4,2,11,5,7,0,5,5,0,8,7,7,0,8,9,11,10,7,9,4,11,7,2,11,4,5,6,9,10,11,8,5,4,3,10,9,4,8,11,11,9,0,0,7,6,11,5,6,10,7,8,7,9,3,9,10,2,4,8,7,10,4,9,0,9,8,11,2,4,8,11,9,5,10,11,9,8,0,9,9,5,8,3,9,0,5,10,4,10,5,0,9,11,4,6,4,4,10,5,5,11,5,7,10,4,5,9,0,5,4,0,10,0,10,7,10,11,0,5,6,8,0,5,9,7,9,9,8,7,10,11,4,2,4,9,10
5,11,3,9,10,5,0,0,6,7,5,6,10,9,5,3,0,6,8,2,6,6,2,9,8,8,2,9,10,0,11,8,10,5,0,8,3,0,5,6,7,10,11,0,9,6,5,4,11,10,5,9,0,0,10,2,2,8,7,0,6,7,11,8,9,8,10,4,10,11,3,5,9,8,11,5,10,2,10,9,0,3,5,9,0,10,6,11,0,10,9,2,10,10,6,9,4,10,2,6,11,5,11,6,2,10,0,5,7,5,5,11,6,6,0,6,8,11,5,6,10,2,6,5,2,11,2,11,8,11,0,2,6,7,9,2,6,10,8,10,10,9,8,11,0,5,3,5,10,11
6,0,4,10,11,6,2,2,7,8,6,7,11,10,6,4,2,7,9,3,7,7,3,10,9,9,3,10,11,2,0,9,11,6,2,9,4,2,6,7,8,11,0,2,10,7,6,5,0,11,6,10,2,2,11,3,3,9,8,2,7,8,0,9,10,9,11,5,11,0,4,6,10,9,0,6,11,3,11,10,2,4,6,10,2,11,7,0,2,11,10,3,11,11,7,10,5,11,3,7,0,6,0,7,3,11,2,6,8,6,6,0,7,7,2,7,9,0,6,7,11,3,7,6,3,0,3,0,9,0,2,3,7,8,10,3,7,11,9,11,11,10,9,0,2,6,4,6,11,0
7,2,5,11,0,7,3,3,8,9,7,8,0,11,7,5,3,8,10,4,8,8,4,11,10,10,4,11,0,3,2,10,0,7,3,10,5,3,7,8,9,0,2,3,11,8,7,6,2,0,7,11,3,3,0,4,4,10,9,3,8,9,2,10,11,10,0,6,0,2,5,7,11,10,2,7,0,4,0,11,3,5,7,11,3,0,8,2,3,0,11,4,0,0,8,11,6,0,4,8,2,7,2,8,4,0,3,7,9,7,7,2,8,8,3,8,10,2,7,8,0,4,8,7,4,2,4,2,10,2,3,4,8,9,11,4,8,0,10,0,0,11,10,2,3,7,5,7,0,2
8,3,6,0,2,8,4,4,9,10,8,9,2,0,8,6,4,9,11,5,9,9,5,0,11,11,5,0,2,4,3,11,2,8,4,11,6,4,8,9,10,2,3,4,0,9,8,7,3,2,8,0,4,4,2,5,5,11,10,4,9,10,3,11,0,11,2,7,2,3,6,8,0,11,3,8,2,5,2,0,4,6,8,0,4,2,9,3,4,2,0,5,2,2,9,0,7,2,5,9,3,8,3,9,5,2,4,8,10,8,8,3,9,9,4,9,11,3,8,9,2,5,9,8,5,3,5,3,11,3,4,5,9,10,0,5,9,2,11,2,2,0,11,3,4,8,6,8,2,3
9,4,7,2,3,9,5,5,10,11,9,10,3,2,9,7,5,10,0,6,10,10,6,2,0,0,6,2,3,5,4,0,3,9,5,0,7,5,9,10,11,3,4,5,2,10,9,8,4,3,9,2,5,5,3,6,6,0,11,5,10,11,4,0,2,0,3,8,3,4,7,9,2,0,4,9,3,6,3,2,5,7,9,2,5,3,10,4,5,3,2,6,3,3,10,2,8,3,6,10,4,9,4,10,6,3,5,9,11,9,9,4,10,10,5,10,0,4,9,10,3,6,10,9,6,4,6,4,0,4,5,6,10,11,2,6,10,3,0,3,3,2,0,4,5,9,7,9,3,4
10,5,8,3,4,10,6,6,11,0,10,11,4,3,10,8,6,11,2,7,11,11,7,3,2,2,7,3,4,6,5,2,4,10,6,2,8,6,10,11,0,4,5,6,3,11,10,9,5,4,10,3,6,6,4,7,7,2,0,6,11,0,5,2,3,2,4,9,4,5,8,10,3,2,5,10,4,7,4,3,6,8,10,3,6,4,11,5,6,4,3,7,4,4,11,3,9,4,7,11,5,10,5,11,7,4,6,10,0,10,10,5,11,11,6,11,2,5,10,11,4,7,11,10,7,5,7,5,2,5,6,7,11,0,3,7,11,4,2,4,4,3,2,5,6,10,8,10,4,5
11,6,9,4,5,11,7,7,0,2,11,0,5,4,11,9,7,0,3,8,0,0,8,4,3,3,8,4,5,7,6,3,5,11,7,3,9,7,11,0,2,5,6,7,4,0,11,10,6,5,11,4,7,7,5,8,8,3,2,7,0,2,6,3,4,3,5,10,5,6,9,11,4,3,6,11,5,8,5,4,7,9,11,4,7,5,0,6,7,5,4,8,5,5,0,4,10,5,8,0,6,11,6,0,8,5,7,11,2,11,11,6,0,0,7,0,3,6,11,0,5,8,0,11,8,6,8,6,3,6,7,8,0,2,4,8,0,5,3,5,5,4,3,6,7,11,9,11,5,6
0,7,10,5,6,0,8,8,2,3,0,2,6,5,0,10,8,2,4,9,2,2,9,5,4,4,9,5,6,8,7,4,6,0,8,4,10,8,0,2,3,6,7,8,5,2,0,11,7,6,0,5,8,8,6,9,9,4,3,8,2,3,7,4,5,4,6,11,6,7,10,0,5,4,7,0,6,9,6,5,8,10,0,5,8,6,2,7,8,6,5,9,6,6,2,5,11,6,9,2,7,0,7,2,9,6,8,0,3,0,0,7,2,2,8,2,4,7,0,2,6,9,2,0,9,7,9,7,4,7,8,9,2,3,5,9,2,6,4,6,6,5,4,7,8,0,10,0,6,7
2,8,11,6,7,2,9,9,3,4,2,3,7,6,2,11,9,3,5,10,3,3,10,6,5,5,10,6,7,9,8,5,7,2,9,5,11,9,2,3,4,7,8,9,6,3,2,0,8,7,2,6,9,9,7,10,10,5,4,9,3,4,8,5,6,5,7,0,7,8,11,2,6,5,8,2,7,10,7,6,9,11,2,6,9,7,3,8,9,7,6,10,7,7,3,6,0,7,10,3,8,2,8,3,10,7,9,2,4,2,2,8,3,3,9,3,5,8,2,3,7,10,3,2,10,8,10,8,5,8,9,10,3,4,6,10,3,7,5,7,7,6,5,8,9,2,11,2,7,8
3,9,0,7,8,3,10,10,4,5,3,4,8,7,3,0,10,4,6,11,4,4,11,7,6,6,11,7,8,10,9,6,8,3,10,6,0,10,3,4,5,8,9,10,7,4,3,2,9,8,3,7,10,10,8,11,11,6,5,10,4,5,9,6,7,6,8,2,8,9,0,3,7,6,9,3,8,11,8,7,10,0,3,7,10,8,4,9,10,8,7,11,8,8,4,7,2,8,11,4,9,3,9,4,11,8,10,3,5,3,3,9,4,4,10,4,6,9,3,4,8,11,4,3,11,9,11,9,6,9,10,11,4,5,7,11,4,8,6,8,8,7,6,9,10,3,0,3,8,9
4,10,2,8,9,4,11,11,5,6,4,5,9,8,4,2,11,5,7,0,5,5,0,8,7,7,0,8,9,11,10,7,9,4,11,7,2,11,4,5,6,9,10,11,8,5,4,3,10,9,4,8,11,11,9,0,0,7,6,11,5,6,10,7,8,7,9,3,9,10,2,4,8,7,10,4,9,0,9,8,11,2,4,8,11,9,5,10,11,9,8,0,9,9,5,8,3,9,0,5,10,4,10,5,0,9,11,4,6,4,4,10,5,5,11,5,7,10,4,5,9,0,5,4,0,10,0,10,7,10,11,0,5,6,8,0,5,9,7,9,9,8,7,10,11,4,2,4,9,10
5,11,3,9,10,5,0,0,6,7,5,6,10,9,5,3,0,6,8,2,6,6,2,9,8,8,2,9,10,0,11,8,10,5,0,8,3,0,5,6,7,10,11,0,9,6,5,4,11,10,5,9,0,0,10,2,2,8,7,0,6,7,11,8,9,8,10,4,10,11,3,5,9,8,11,5,10,2,10,9,0,3,5,9,0,10,6,11,0,10,9,2,10,10,6,9,4,10,2,6,11,5,11,6,2,10,0,5,7,5,5,11,6,6,0,6,8,11,5,6,10,2,6,5,2,11,2,11,8,11,0,2,6,7,9,2,6,10,8,10,10,9,8,11,0,5,3,5,10,11
6,0,4,10,11,6,2,2,7,8,6,7,11,10,6,4,2,7,9,3,7,7,3,10,9,9,3,10,11,2,0,9,11,6,2,9,4,2,6,7,8,11,0,2,10,7,6,5,0,11,6,10,2,2,11,3,3,9,8,2,7,8,0,9,10,9,11,5,11,0,4,6,10,9,0,6,11,3,11,10,2,4,6,10,2,11,7,0,2,11,10,3,11,11,7,10,5,11,3,7,0,6,0,7,3,11,2,6,8,6,6,0,7,7,2,7,9,0,6,7,11,3,7,6,3,0,3,0,9,0,2,3,7,8,10,3,7,11,9,11,11,10,9,0,2,6,4,6,11,0
7,2,5,11,0,7,3,3,8,9,7,8,0,11,7,5,3,8,10,4,8,8,4,11,10,10,4,11,0,3,2,10,0,7,3,10,5,3,7,8,9,0,2,3,11,8,7,6,2,0,7,11,3,3,0,4,4,10,9,3,8,9,2,10,11,10,0,6,0,2,5,7,11,10,2,7,0,4,0,11,3,5,7,11,3,0,8,2,3,0,11,4,0,0,8,11,6,0,4,8,2,7,2,8,4,0,3,7,9,7,7,2,8,8,3,8,10,2,7,8,0,4,8,7,4,2,4,2,10,2,3,4,8,9,11,4,8,0,10,0,0,11,10,2,3,7,5,7,0,2
8,3,6,0,2,8,4,4,9,10,8,9,2,0,8,6,4,9,11,5,9,9,5,0,11,11,5,0,2,4,3,11,2,8,4,11,6,4,8,9,10,2,3,4,0,9,8,7,3,2,8,0,4,4,2,5,5,11,10,4,9,10,3,11,0,11,2,7,2,3,6,8,0,11,3,8,2,5,2,0,4,6,8,0,4,2,9,3,4,2,0,5,2,2,9,0,7,2,5,9,3,8,3,9,5,2,4,8,10,8,8,3,9,9,4,9,11,3,8,9,2,5,9,8,5,3,5,3,11,3,4,5,9,10,0,5,9,2,11,2,2,0,11,3,4,8,6,8,2,3
9,4,7,2,3,9,5,5,10,11,9,10,3,2,9,7,5,10,0,6,10,10,6,2,0,0,6,2,3,5,4,0,3,9,5,0,7,5,9,10,11,3,4,5,2,10,9,8,4,3,9,2,5,5,3,6,6,0,11,5,10,11,4,0,2,0,3,8,3,4,7,9,2,0,4,9,3,6,3,2,5,7,9,2,5,3,10,4,5,3,2,6,3,3,10,2,8,3,6,10,4,9,4,10,6,3,5,9,11,9,9,4,10,10,5,10,0,4,9,10,3,6,10,9,6,4,6,4,0,4,5,6,10,11,2,6,10,3,0,3,3,2,0,4,5,9,7,9,3,4
10,5,8,3,4,10,6,6,11,0,10,11,4,3,10,8,6,11,2,7,11,11,7,3,2,2,7,3,4,6,5,2,4,10,6,2,8,6,10,11,0,4,5,6,3,11,10,9,5,4,10,3,6,6,4,7,7,2,0,6,11,0,5,2,3,2,4,9,4,5,8,10,3,2,5,10,4,7,4,3,6,8,10,3,6,4,11,5,6,4,3,7,4,4,11,3,9,4,7,11,5,10,5,11,7,4,6,10,0,10,10,5,11,11,6,11,2,5,10,11,4,7,11,10,7,5,7,5,2,5,6,7,11,0,3,7,11,4,2,4,4,3,2,5,6,10,8,10,4,5
11,6,9,4,5,11,7,7,0,2,11,0,5,4,11,9,7,0,3,8,0,0,8,4,3,3,8,4,5,7,6,3,5,11,7,3,9,7,11,0,2,5,6,7,4,0,11,10,6,5,11,4,7,7,5,8,8,3,2,7,0,2,6,3,4,3,5,10,5,6,9,11,4,3,6,11,5,8,5,4,7,9,11,4,7,5,0,6,7,5,4,8,5,5,0,4,10,5,8,0,6,11,6,0,8,5,7,11,2,11,11,6,0,0,7,0,3,6,11,0,5,8,0,11,8,6,8,6,3,6,7,8,0,2,4,8,0,5,3,5,5,4,3,6,7,11,9,11,5,6
0,7,10,5,6,0,8,8,2,3,0,2,6,5,0,10,8,2,4,9,2,2,9,5,4,4,9,5,6,8,7,4,6,0,8,4,10,8,0,2,3,6,7,8,5,2,0,11,7,6,0,5,8,8,6,9,9,4,3,8,2,3,7,4,5,4,6,11,6,7,10,0,5,4,7,0,6,9,6,5,8,10,0,5,8,6,2,7,8,6,5,9,6,6,2,5,11,6,9,2,7,0,7,2,9,6,8,0,3,0,0,7,2,2,8,2,4,7,0,2,6,9,2,0,9,7,9,7,4,7,8,9,2,3,5,9,2,6,4,6,6,5,4,7,8,0,10,0,6,7
2,8,11,6,7,2,9,9,3,4,2,3,7,6,2,11,9,3,5,10,3,3,10,6,5,5,10,6,7,9,8,5,7,2,9,5,11,9,2,3,4,7,8,9,6,3,2,0,8,7,2,6,9,9,7,10,10,5,4,9,3,4,8,5,6,5,7,0,7,8,11,2,6,5,8,2,7,10,7,6,9,11,2,6,9,7,3,8,9,7,6,10,7,7,3,6,0,7,10,3,8,2,8,3,10,7,9,2,4,2,2,8,3,3,9,3,5,8,2,3,7,10,3,2,10,8,10,8,5,8,9,10,3,4,6,10,3,7,5,7,7,6,5,8,9,2,11,2,7,8
3,9,0,7,8,3,10,10,4,5,3,4,8,7,3,0,10,4,6,11,4,4,11,7,6,6,11,7,8,10,9,6,8,3,10,6,0,10,3,4,5,8,9,10,7,4,3,2,9,8,3,7,10,10,8,11,11,6,5,10,4,5,9,6,7,6,8,2,8,9,0,3,7,6,9,3,8,11,8,7,10,0,3,7,10,8,4,9,10,8,7,11,8,8,4,7,2,8,11,4,9,3,9,4,11,8,10,3,5,3,3,9,4,4,10,4,6,9,3,4,8,11,4,3,11,9,11,9,6,9,10,11,4,5,7,11,4,8,6,8,8,7,6,9,10,3,0,3,8,9
4,10,2,8,9,4,11,11,5,6,4,5,9,8,4,2,11,5,7,0,5,5,0,8,7,7,0,8,9,11,10,7,9,4,11,7,2,11,4,5,6,9,10,11,8,5,4,3,10,9,4,8,11,11,9,0,0,7,6,11,5,6,10,7,8,7,9,3,9,10,2,4,8,7,10,4,9,0,9,8,11,2,4,8,11,9,5,10,11,9,8,0,9,9,5,8,3,9,0,5,10,4,10,5,0,9,11,4,6,4,4,10,5,5,11,5,7,10,4,5,9,0,5,4,0,10,0,10,7,10,11,0,5,6,8,0,5,9,7,9,9,8,7,10,11,4,2,4,9,10
5,11,3,9,10,5,0,0,6,7,5,6,10,9,5,3,0,6,8,2,6,6,2,9,8,8,2,9,10,0,11,8,10,5,0,8,3,0,5,6,7,10,11,0,9,6,5,4,11,10,5,9,0,0,10,2,2,8,7,0,6,7,11,8,9,8,10,4,10,11,3,5,9,8,11,5,10,2,10,9,0,3,5,9,0,10,6,11,0,10,9,2,10,10,6,9,4,10,2,6,11,5,11,6,2,10,0,5,7,5,5,11,6,6,0,6,8,11,5,6,10,2,6,5,2,11,2,11,8,11,0,2,6,7,9,2,6,10,8,10,10,9,8,11,0,5,3,5,10,11
6,0,4,10,11,6,2,2,7,8,6,7,11,10,6,4,2,7,9,3,7,7,3,10,9,9,3,10,11,2,0,9,11,6,2,9,4,2,6,7,8,11,0,2,10,7,6,5,0,11,6,10,2,2,11,3,3,9,8,2,7,8,0,9,10,9,11,5,11,0,4,6,10,9,0,6,11,3,11,10,2,4,6,10,2,11,7,0,2,11,10,3,11,11,7,10,5,11,3,7,0,6,0,7,3,11,2,6,8,6,6,0,7,7,2,7,9,0,6,7,11,3,7,6,3,0,3,0,9,0,2,3,7,8,10,3,7,11,9,11,11,10,9,0,2,6,4,6,11,0
7,2,5,11,0,7,3,3,8,9,7,8,0,11,7,5,3,8,10,4,8,8,4,11,10,10,4,11,0,3,2,10,0,7,3,10,5,3,7,8,9,0,2,3,11,8,7,6,2,0,7,11,3,3,0,4,4,10,9,3,8,9,2,10,11,10,0,6,0,2,5,7,11,10,2,7,0,4,0,11,3,5,7,11,3,0,8,2,3,0,11,4,0,0,8,11,6,0,4,8,2,7,2,8,4,0,3,7,9,7,7,2,8,8,3,8,10,2,7,8,0,4,8,7,4,2,4,2,10,2,3,4,8,9,11,4,8,0,10,0,0,11,10,2,3,7,5,7,0,2
8,3,6,0,2,8,4,4,9,10,8,9,2,0,8,6,4,9,11,5,9,9,5,0,11,11,5,0,2,4,3,11,2,8,4,11,6,4,8,9,10,2,3,4,0,9,8,7,3,2,8,0,4,4,2,5,5,11,10,4,9,10,3,11,0,11,2,7,2,3,6,8,0,11,3,8,2,5,2,0,4,6,8,0,4,2,9,3,4,2,0,5,2,2,9,0,7,2,5,9,3,8,3,9,5,2,4,8,10,8,8,3,9,9,4,9,11,3,8,9,2,5,9,8,5,3,5,3,11,3,4,5,9,10,0,5,9,2,11,2,2,0,11,3,4,8,6,8,2,3
9,4,7,2,3,9,5,5,10,11,9,10,3,2,9,7,5,10,0,6,10,10,6,2,0,0,6,2,3,5,4,0,3,9,5,0,7,5,9,10,11,3,4,5,2,10,9,8,4,3,9,2,5,5,3,6,6,0,11,5,10,11,4,0,2,0,3,8,3,4,7,9,2,0,4,9,3,6,3,2,5,7,9,2,5,3,10,4,5,3,2,6,3,3,10,2,8,3,6,10,4,9,4,10,6,3,5,9,11,9,9,4,10,10,5,10,0,4,9,10,3,6,10,9,6,4,6,4,0,4,5,6,10,11,2,6,10,3,0,3,3,2,0,4,5,9,7,9,3,4
10,5,8,3,4,10,6,6,11,0,10,11,4,3,10,8,6,11,2,7,11,11,7,3,2,2,7,3,4,6,5,2,4,10,6,2,8,6,10,11,0,4,5,6,3,11,10,9,5,4,10,3,6,6,4,7,7,2,0,6,11,0,5,2,3,2,4,9,4,5,8,10,3,2,5,10,4,7,4,3,6,8,10,3,6,4,11,5,6,4,3,7,4,4,11,3,9,4,7,11,5,10,5,11,7,4,6,10,0,10,10,5,11,11,6,11,2,5,10,11,4,7,11,10,7,5,7,5,2,5,6,7,11,0,3,7,11,4,2,4,4,3,2,5,6,10,8,10,4,5
11,6,9,4,5,11,7,7,0,2,11,0,5,4,11,9,7,0,3,8,0,0,8,4,3,3,8,4,5,7,6,3,5,11,7,3,9,7,11,0,2,5,6,7,4,0,11,10,6,5,11,4,7,7,5,8,8,3,2,7,0,2,6,3,4,3,5,10,5,6,9,11,4,3,6,11,5,8,5,4,7,9,11,4,7,5,0,6,7,5,4,8,5,5,0,4,10,5,8,0,6,11,6,0,8,5,7,11,2,11,11,6,0,0,7,0,3,6,11,0,5,8,0,11,8,6,8,6,3,6,7,8,0,2,4,8,0,5,3,5,5,4,3,6,7,11,9,11,5,6
0,7,10,5,6,0,8,8,2,3,0,2,6,5,0,10,8,2,4,9,2,2,9,5,4,4,9,5,6,8,7,4,6,0,8,4,10,8,0,2,3,6,7,8,5,2,0,11,7,6,0,5,8,8,6,9,9,4,3,8,2,3,7,4,5,4,6,11,6,7,10,0,5,4,7,0,6,9,6,5,8,10,0,5,8,6,2,7,8,6,5,9,6,6,2,5,11,6,9,2,7,0,7,2,9,6,8,0,3,0,0,7,2,2,8,2,4,7,0,2,6,9,2,0,9,7,9,7,4,7,8,9,2,3,5,9,2,6,4,6,6,5,4,7,8,0,10,0,6,7
2,8,11,6,7,2,9,9,3,4,2,3,7,6,2,11,9,3,5,10,3,3,10,6,5,5,10,6,7,9,8,5,7,2,9,5,11,9,2,3,4,7,8,9,6,3,2,0,8,7,2,6,9,9,7,10,10,5,4,9,3,4,8,5,6,5,7,0,7,8,11,2,6,5,8,2,7,10,7,6,9,11,2,6,9,7,3,8,9,7,6,10,7,7,3,6,0,7,10,3,8,2,8,3,10,7,9,2,4,2,2,8,3,3,9,3,5,8,2,3,7,10,3,2,10,8,10,8,5,8,9,10,3,4,6,10,3,7,5,7,7,6,5,8,9,2,11,2,7,8
3,9,0,7,8,3,10,10,4,5,3,4,8,7,3,0,10,4,6,11,4,4,11,7,6,6,11,7,8,10,9,6,8,3,10,6,0,10,3,4,5,8,9,10,7,4,3,2,9,8,3,7,10,10,8,11,11,6,5,10,4,5,9,6,7,6,8,2,8,9,0,3,7,6,9,3,8,11,8,7,10,0,3,7,10,8,4,9,10,8,7,11,8,8,4,7,2,8,11,4,9,3,9,4,11,8,10,3,5,3,3,9,4,4,10,4,6,9,3,4,8,11,4,3,11,9,11,9,6,9,10,11,4,5,7,11,4,8,6,8,8,7,6,9,10,3,0,3,8,9
4,10,2,8,9,4,11,11,5,6,4,5,9,8,4,2,11,5,7,0,5,5,0,8,7,7,0,8,9,11,10,7,9,4,11,7,2,11,4,5,6,9,10,11,8,5,4,3,10,9,4,8,11,11,9,0,0,7,6,11,5,6,10,7,8,7,9,3,9,10,2,4,8,7,10,4,9,0,9,8,11,2,4,8,11,9,5,10,11,9,8,0,9,9,5,8,3,9,0,5,10,4,10,5,0,9,11,4,6,4,4,10,5,5,11,5,7,10,4,5,9,0,5,4,0,10,0,10,7,10,11,0,5,6,8,0,5,9,7,9,9,8,7,10,11,4,2,4,9,10
5,11,3,9,10,5,0,0,6,7,5,6,10,9,5,3,0,6,8,2,6,6,2,9,8,8,2,9,10,0,11,8,10,5,0,8,3,0,5,6,7,10,11,0,9,6,5,4,11,10,5,9,0,0,10,2,2,8,7,0,6,7,11,8,9,8,10,4,10,11,3,5,9,8,11,5,10,2,10,9,0,3,5,9,0,10,6,11,0,10,9,2,10,10,6,9,4,10,2,6,11,5,11,6,2,10,0,5,7,5,5,11,6,6,0,6,8,11,5,6,10,2,6,5,2,11,2,11,8,11,0,2,6,7,9,2,6,10,8,10,10,9,8,11,0,5,3,5,10,11
6,0,4,10,11,6,2,2,7,8,6,7,11,10,6,4,2,7,9,3,7,7,3,10,9,9,3,10,11,2,0,9,11,6,2,9,4,2,6,7,8,11,0,2,10,7,6,5,0,11,6,10,2,2,11,3,3,9,8,2,7,8,0,9,10,9,11,5,11,0,4,6,10,9,0,6,11,3,11,10,2,4,6,10,2,11,7,0,2,11,10,3,11,11,7,10,5,11,3,7,0,6,0,7,3,11,2,6,8,6,6,0,7,7,2,7,9,0,6,7,11,3,7,6,3,0,3,0,9,0,2,3,7,8,10,3,7,11,9,11,11,10,9,0,2,6,4,6,11,0
7,2,5,11,0,7,3,3,8,9,7,8,0,11,7,5,3,8,10,4,8,8,4,11,10,10,4,11,0,3,2,10,0,7,3,10,5,3,7,8,9,0,2,3,11,8,7,6,2,0,7,11,3,3,0,4,4,10,9,3,8,9,2,10,11,10,0,6,0,2,5,7,11,10,2,7,0,4,0,11,3,5,7,11,3,0,8,2,3,0,11,4,0,0,8,11,6,0,4,8,2,7,2,8,4,0,3,7,9,7,7,2,8,8,3,8,10,2,7,8,0,4,8,7,4,2,4,2,10,2,3,4,8,9,11,4,8,0,10,0,0,11,10,2,3,7,5,7,0,2
8,3,6,0,2,8,4,4,9,10,8,9,2,0,8,6,4,9,11,5,9,9,5,0,11,11,5,0,2,4,3,11,2,8,4,11,6,4,8,9,10,2,3,4,0,9,8,7,3,2,8,0,4,4,2,5,5,11,10,4,9,10,3,11,0,11,2,7,2,3,6,8,0,11,3,8,2,5,2,0,4,6,8,0,4,2,9,3,4,2,0,5,2,2,9,0,7,2,5,9,3,8,3,9,5,2,4,8,10,8,8,3,9,9,4,9,11,3,8,9,2,5,9,8,5,3,5,3,11,3,4,5,9,10,0,5,9,2,11,2,2,0,11,3,4,8,6,8,2,3
9,4,7,2,3,9,5,5,10,11,9,10,3,2,9,7,5,10,0,6,10,10,6,2,0,0,6,2,3,5,4,0,3,9,5,0,7,5,9,10,11,3,4,5,2,10,9,8,4,3,9,2,5,5,3,6,6,0,11,5,10,11,4,0,2,0,3,8,3,4,7,9,2,0,4,9,3,6,3,2,5,7,9,2,5,3,10,4,5,3,2,6,3,3,10,2,8,3,6,10,4,9,4,10,6,3,5,9,11,9,9,4,10,10,5,10,0,4,9,10,3,6,10,9,6,4,6,4,0,4,5,6,10,11,2,6,10,3,0,3,3,2,0,4,5,9,7,9,3,4
10,5,8,3,4,10,6,6,11,0,10,11,4,3,10,8,6,11,2,7,11,11,7,3,2,2,7,3,4,6,5,2,4,10,6,2,8,6,10,11,0,4,5,6,3,11,10,9,5,4,10,3,6,6,4,7,7,2,0,6,11,0,5,2,3,2,4,9,4,5,8,10,3,2,5,10,4,7,4,3,6,8,10,3,6,4,11,5,6,4,3,7,4,4,11,3,9,4,7,11,5,10,5,11,7,4,6,10,0,10,10,5,11,11,6,11,2,5,10,11,4,7,11,10,7,5,7,5,2,5,6,7,11,0,3,7,11,4,2,4,4,3,2,5,6,10,8,10,4,5
11,6,9,4,5,11,7,7,0,2,11,0,5,4,11,9,7,0,3,8,0,0,8,4,3,3,8,4,5,7,6,3,5,11,7,3,9,7,11,0,2,5,6,7,4,0,11,10,6,5,11,4,7,7,5,8,8,3,2,7,0,2,6,3,4,3,5,10,5,6,9,11,4,3,6,11,5,8,5,4,7,9,11,4,7,5,0,6,7,5,4,8,5,5,0,4,10,5,8,0,6,11,6,0,8,5,7,11,2,11,11,6,0,0,7,0,3,6,11,0,5,8,0,11,8,6,8,6,3,6,7,8,0,2,4,8,0,5,3,5,5,4,3,6,7,11,9,11,5,6
0,7,10,5,6,0,8,8,2,3,0,2,6,5,0,10,8,2,4,9,2,2,9,5,4,4,9,5,6,8,7,4,6,0,8,4,10,8,0,2,3,6,7,8,5,2,0,11,7,6,0,5,8,8,6,9,9,4,3,8,2,3,7,4,5,4,6,11,6,7,10,0,5,4,7,0,6,9,6,5,8,10,0,5,8,6,2,7,8,6,5,9,6,6,2,5,11,6,9,2,7,0,7,2,9,6,8,0,3,0,0,7,2,2,8,2,4,7,0,2,6,9,2,0,9,7,9,7,4,7,8,9,2,3,5,9,2,6,4,6,6,5,4,7,8,0,10,0,6,7
2,8,11,6,7,2,9,9,3,4,2,3,7,6,2,11,9,3,5,10,3,3,10,6,5,5,10,6,7,9,8,5,7,2,9,5,11,9,2,3,4,7,8,9,6,3,2,0,8,7,2,6,9,9,7,10,10,5,4,9,3,4,8,5,6,5,7,0,7,8,11,2,6,5,8,2,7,10,7,6,9,11,2,6,9,7,3,8,9,7,6,10,7,7,3,6,0,7,10,3,8,2,8,3,10,7,9,2,4,2,2,8,3,3,9,3,5,8,2,3,7,10,3,2,10,8,10,8,5,8,9,10,3,4,6,10,3,7,5,7,7,6,5,8,9,2,11,2,7,8
3,9,0,7,8,3,10,10,4,5,3,4,8,7,3,0,10,4,6,11,4,4,11,7,6,6,11,7,8,10,9,6,8,3,10,6,0,10,3,4,5,8,9,10,7,4,3,2,9,8,3,7,10,10,8,11,11,6,5,10,4,5,9,6,7,6,8,2,8,9,0,3,7,6,9,3,8,11,8,7,10,0,3,7,10,8,4,9,10,8,7,11,8,8,4,7,2,8,11,4,9,3,9,4,11,8,10,3,5,3,3,9,4,4,10,4,6,9,3,4,8,11,4,3,11,9,11,9,6,9,10,11,4,5,7,11,4,8,6,8,8,7,6,9,10,3,0,3,8,9
4,10,2,8,9,4,11,11,5,6,4,5,9,8,4,2,11,5,7,0,5,5,0,8,7,7,0,8,9,11,10,7,9,4,11,7,2,11,4,5,6,9,10,11,8,5,4,3,10,9,4,8,11,11,9,0,0,7,6,11,5,6,10,7,8,7,9,3,9,10,2,4,8,7,10,4,9,0,9,8,11,2,4,8,11,9,5,10,11,9,8,0,9,9,5,8,3,9,0,5,10,4,10,5,0,9,11,4,6,4,4,10,5,5,11,5,7,10,4,5,9,0,5,4,0,10,0,10,7,10,11,0,5,6,8,0,5,9,7,9,9,8,7,10,11,4,2,4,9,10
5,11,3,9,10,5,0,0,6,7,5,6,10,9,5,3,0,6,8,2,6,6,2,9,8,8,2,9,10,0,11,8,10,5,0,8,3,0,5,6,7,10,11,0,9,6,5,4,11,10,5,9,0,0,10,2,2,8,7,0,6,7,11,8,9,8,10,4,10,11,3,5,9,8,11,5,10,2,10,9,0,3,5,9,0,10,6,11,0,10,9,2,10,10,6,9,4,10,2,6,11,5,11,6,2,10,0,5,7,5,5,11,6,6,0,6,8,11,5,6,10,2,6,5,2,11,2,11,8,11,0,2,6,7,9,2,6,10,8,10,10,9,8,11,0,5,3,5,10,11
6,0,4,10,11,6,2,2,7,8,6,7,11,10,6,4,2,7,9,3,7,7,3,10,9,9,3,10,11,2,0,9,11,6,2,9,4,2,6,7,8,11,0,2,10,7,6,5,0,11,6,10,2,2,11,3,3,9,8,2,7,8,0,9,10,9,11,5,11,0,4,6,10,9,0,6,11,3,11,10,2,4,6,10,2,11,7,0,2,11,10,3,11,11,7,10,5,11,3,7,0,6,0,7,3,11,2,6,8,6,6,0,7,7,2,7,9,0,6,7,11,3,7,6,3,0,3,0,9,0,2,3,7,8,10,3,7,11,9,11,11,10,9,0,2,6,4,6,11,0
7,2,5,11,0,7,3,3,8,9,7,8,0,11,7,5,3,8,10,4,8,8,4,11,10,10,4,11,0,3,2,10,0,7,3,10,5,3,7,8,9,0,2,3,11,8,7,6,2,0,7,11,3,3,0,4,4,10,9,3,8,9,2,10,11,10,0,6,0,2,5,7,11,10,2,7,0,4,0,11,3,5,7,11,3,0,8,2,3,0,11,4,0,0,8,11,6,0,4,8,2,7,2,8,4,0,3,7,9,7,7,2,8,8,3,8,10,2,7,8,0,4,8,7,4,2,4,2,10,2,3,4,8,9,11,4,8,0,10,0,0,11,10,2,3,7,5,7,0,2
8,3,6,0,2,8,4,4,9,10,8,9,2,0,8,6,4,9,11,5,9,9,5,0,11,11,5,0,2,4,3,11,2,8,4,11,6,4,8,9,10,2,3,4,0,9,8,7,3,2,8,0,4,4,2,5,5,11,10,4,9,10,3,11,0,11,2,7,2,3,6,8,0,11,3,8,2,5,2,0,4,6,8,0,4,2,9,3,4,2,0,5,2,2,9,0,7,2,5,9,3,8,3,9,5,2,4,8,10,8,8,3,9,9,4,9,11,3,8,9,2,5,9,8,5,3,5,3,11,3,4,5,9,10,0,5,9,2,11,2,2,0,11,3,4,8,6,8,2,3
9,4,7,2,3,9,5,5,10,11,9,10,3,2,9,7,5,10,0,6,10,10,6,2,0,0,6,2,3,5,4,0,3,9,5,0,7,5,9,10,11,3,4,5,2,10,9,8,4,3,9,2,5,5,3,6,6,0,11,5,10,11,4,0,2,0,3,8,3,4,7,9,2,0,4,9,3,6,3,2,5,7,9,2,5,3,10,4,5,3,2,6,3,3,10,2,8,3,6,10,4,9,4,10,6,3,5,9,11,9,9,4,10,10,5,10,0,4,9,10,3,6,10,9,6,4,6,4,0,4,5,6,10,11,2,6,10,3,0,3,3,2,0,4,5,9,7,9,3,4
10,5,8,3,4,10,6,6,11,0,10,11,4,3,10,8,6,11,2,7,11,11,7,3,2,2,7,3,4,6,5,2,4,10,6,2,8,6,10,11,0,4,5,6,3,11,10,9,5,4,10,3,6,6,4,7,7,2,0,6,11,0,5,2,3,2,4,9,4,5,8,10,3,2,5,10,4,7,4,3,6,8,10,3,6,4,11,5,6,4,3,7,4,4,11,3,9,4,7,11,5,10,5,11,7,4,6,10,0,10,10,5,11,11,6,11,2,5,10,11,4,7,11,10,7,5,7,5,2,5,6,7,11,0,3,7,11,4,2,4,4,3,2,5,6,10,8,10,4,5
11,6,9,4,5,11,7,7,0,2,11,0,5,4,11,9,7,0,3,8,0,0,8,4,3,3,8,4,5,7,6,3,5,11,7,3,9,7,11,0,2,5,6,7,4,0,11,10,6,5,11,4,7,7,5,8,8,3,2,7,0,2,6,3,4,3,5,10,5,6,9,11,4,3,6,11,5,8,5,4,7,9,11,4,7,5,0,6,7,5,4,8,5,5,0,4,10,5,8,0,6,11,6,0,8,5,7,11,2,11,11,6,0,0,7,0,3,6,11,0,5,8,0,11,8,6,8,6,3,6,7,8,0,2,4,8,0,5,3,5,5,4,3,6,7,11,9,11,5,6
0,7,10,5,6,0,8,8,2,3,0,2,6,5,0,10,8,2,4,9,2,2,9,5,4,4,9,5,6,8,7,4,6,0,8,4,10,8,0,2,3,6,7,8,5,2,0,11,7,6,0,5,8,8,6,9,9,4,3,8,2,3,7,4,5,4,6,11,6,7,10,0,5,4,7,0,6,9,6,5,8,10,0,5,8,6,2,7,8,6,5,9,6,6,2,5,11,6,9,2,7,0,7,2,9,6,8,0,3,0,0,7,2,2,8,2,4,7,0,2,6,9,2,0,9,7,9,7,4,7,8,9,2,3,5,9,2,6,4,6,6,5,4,7,8,0,10,0,6,7
2,8,11,6,7,2,9,9,3,4,2,3,7,6,2,11,9,3,5,10,3,3,10,6,5,5,10,6,7,9,8,5,7,2,9,5,11,9,2,3,4,7,8,9,6,3,2,0,8,7,2,6,9,9,7,10,10,5,4,9,3,4,8,5,6,5,7,0,7,8,11,2,6,5,8,2,7,10,7,6,9,11,2,6,9,7,3,8,9,7,6,10,7,7,3,6,0,7,10,3,8,2,8,3,10,7,9,2,4,2,2,8,3,3,9,3,5,8,2,3,7,10,3,2,10,8,10,8,5,8,9,10,3,4,6,10,3,7,5,7,7,6,5,8,9,2,11,2,7,8
3,9,0,7,8,3,10,10,4,5,3,4,8,7,3,0,10,4,6,11,4,4,11,7,6,6,11,7,8,10,9,6,8,3,10,6,0,10,3,4,5,8,9,10,7,4,3,2,9,8,3,7,10,10,8,11,11,6,5,10,4,5,9,6,7,6,8,2,8,9,0,3,7,6,9,3,8,11,8,7,10,0,3,7,10,8,4,9,10,8,7,11,8,8,4,7,2,8,11,4,9,3,9,4,11,8,10,3,5,3,3,9,4,4,10,4,6,9,3,4,8,11,4,3,11,9,11,9,6,9,10,11,4,5,7,11,4,8,6,8,8,7,6,9,10,3,0,3,8,9
4,10,2,8,9,4,11,11,5,6,4,5,9,8,4,2,11,5,7,0,5,5,0,8,7,7,0,8,9,11,10,7,9,4,11,7,2,11,4,5,6,9,10,11,8,5,4,3,10,9,4,8,11,11,9,0,0,7,6,11,5,6,10,7,8,7,9,3,9,10,2,4,8,7,10,4,9,0,9,8,11,2,4,8,11,9,5,10,11,9,8,0,9,9,5,8,3,9,0,5,10,4,10,5,0,9,11,4,6,4,4,10,5,5,11,5,7,10,4,5,9,0,5,4,0,10,0,10,7,10,11,0,5,6,8,0,5,9,7,9,9,8,7,10,11,4,2,4,9,10
5,11,3,9,10,5,0,0,6,7,5,6,10,9,5,3,0,6,8,2,6,6,2,9,8,8,2,9,10,0,11,8,10,5,0,8,3,0,5,6,7,10,11,0,9,6,5,4,11,10,5,9,0,0,10,2,2,8,7,0,6,7,11,8,9,8,10,4,10,11,3,5,9,8,11,5,10,2,10,9,0,3,5,9,0,10,6,11,0,10,9,2,10,10,6,9,4,10,2,6,11,5,11,6,2,10,0,5,7,5,5,11,6,6,0,6,8,11,5,6,10,2,6,5,2,11,2,11,8,11,0,2,6,7,9,2,6,10,8,10,10,9,8,11,0,5,3,5,10,11
6,0,4,10,11,6,2,2,7,8,6,7,11,10,6,4,2,7,9,3,7,7,3,10,9,9,3,10,11,2,0,9,11,6,2,9,4,2,6,7,8,11,0,2,10,7,6,5,0,11,6,10,2,2,11,3,3,9,8,2,7,8,0,9,10,9,11,5,11,0,4,6,10,9,0,6,11,3,11,10,2,4,6,10,2,11,7,0,2,11,10,3,11,11,7,10,5,11,3,7,0,6,0,7,3,11,2,6,8,6,6,0,7,7,2,7,9,0,6,7,11,3,7,6,3,0,3,0,9,0,2,3,7,8,10,3,7,11,9,11,11,10,9,0,2,6,4,6,11,0
7,2,5,11,0,7,3,3,8,9,7,8,0,11,7,5,3,8,10,4,8,8,4,11,10,10,4,11,0,3,2,10,0,7,3,10,5,3,7,8,9,0,2,3,11,8,7,6,2,0,7,11,3,3,0,4,4,10,9,3,8,9,2,10,11,10,0,6,0,2,5,7,11,10,2,7,0,4,0,11,3,5,7,11,3,0,8,2,3,0,11,4,0,0,8,11,6,0,4,8,2,7,2,8,4,0,3,7,9,7,7,2,8,8,3,8,10,2,7,8,0,4,8,7,4,2,4,2,10,2,3,4,8,9,11,4,8,0,10,0,0,11,10,2,3,7,5,7,0,2
8,3,6,0,2,8,4,4,9,10,8,9,2,0,8,6,4,9,11,5,9,9,5,0,11,11,5,0,2,4,3,11,2,8,4,11,6,4,8,9,10,2,3,4,0,9,8,7,3,2,8,0,4,4,2,5,5,11,10,4,9,10,3,11,0,11,2,7,2,3,6,8,0,11,3,8,2,5,2,0,4,6,8,0,4,2,9,3,4,2,0,5,2,2,9,0,7,2,5,9,3,8,3,9,5,2,4,8,10,8,8,3,9,9,4,9,11,3,8,9,2,5,9,8,5,3,5,3,11,3,4,5,9,10,0,5,9,2,11,2,2,0,11,3,4,8,6,8,2,3
9,4,7,2,3,9,5,5,10,11,9,10,3,2,9,7,5,10,0,6,10,10,6,2,0,0,6,2,3,5,4,0,3,9,5,0,7,5,9,10,11,3,4,5,2,10,9,8,4,3,9,2,5,5,3,6,6,0,11,5,10,11,4,0,2,0,3,8,3,4,7,9,2,0,4,9,3,6,3,2,5,7,9,2,5,3,10,4,5,3,2,6,3,3,10,2,8,3,6,10,4,9,4,10,6,3,5,9,11,9,9,4,10,10,5,10,0,4,9,10,3,6,10,9,6,4,6,4,0,4,5,6,10,11,2,6,10,3,0,3,3,2,0,4,5,9,7,9,3,4
10,5,8,3,4,10,6,6,11,0,10,11,4,3,10,8,6,11,2,7,11,11,7,3,2,2,7,3,4,6,5,2,4,10,6,2,8,6,10,11,0,4,5,6,3,11,10,9,5,4,10,3,6,6,4,7,7,2,0,6,11,0,5,2,3,2,4,9,4,5,8,10,3,2,5,10,4,7,4,3,6,8,10,3,6,4,11,5,6,4,3,7,4,4,11,3,9,4,7,11,5,10,5,11,7,4,6,10,0,10,10,5,11,11,6,11,2,5,10,11,4,7,11,10,7,5,7,5,2,5,6,7,11,0,3,7,11,4,2,4,4,3,2,5,6,10,8,10,4,5
11,6,9,4,5,11,7,7,0,2,11,0,5,4,11,9,7,0,3,8,0,0,8,4,3,3,8,4,5,7,6,3,5,11,7,3,9,7,11,0,2,5,6,7,4,0,11,10,6,5,11,4,7,7,5,8,8,3,2,7,0,2,6,3,4,3,5,10,5,6,9,11,4,3,6,11,5,8,5,4,7,9,11,4,7,5,0,6,7,5,4,8,5,5,0,4,10,5,8,0,6,11,6,0,8,5,7,11,2,11,11,6,0,0,7,0,3,6,11,0,5,8,0,11,8,6,8,6,3,6,7,8,0,2,4,8,0,5,3,5,5,4,3,6,7,11,9,11,5,6
0,7,10,5,6,0,8,8,2,3,0,2,6,5,0,10,8,2,4,9,2,2,9,5,4,4,9,5,6,8,7,4,6,0,8,4,10,8,0,2,3,6,7,8,5,2,0,11,7,6,0,5,8,8,6,9,9,4,3,8,2,3,7,4,5,4,6,11,6,7,10,0,5,4,7,0,6,9,6,5,8,10,0,5,8,6,2,7,8,6,5,9,6,6,2,5,11,6,9,2,7,0,7,2,9,6,8,0,3,0,0,7,2,2,8,2,4,7,0,2,6,9,2,0,9,7,9,7,4,7,8,9,2,3,5,9,2,6,4,6,6,5,4,7,8,0,10,0,6,7
2,8,11,6,7,2,9,9,3,4,2,3,7,6,2,11,9,3,5,10,3,3,10,6,5,5,10,6,7,9,8,5,7,2,9,5,11,9,2,3,4,7,8,9,6,3,2,0,8,7,2,6,9,9,7,10,10,5,4,9,3,4,8,5,6,5,7,0,7,8,11,2,6,5,8,2,7,10,7,6,9,11,2,6,9,7,3,8,9,7,6,10,7,7,3,6,0,7,10,3,8,2,8,3,10,7,9,2,4,2,2,8,3,3,9,3,5,8,2,3,7,10,3,2,10,8,10,8,5,8,9,10,3,4,6,10,3,7,5,7,7,6,5,8,9,2,11,2,7,8
3,9,0,7,8,3,10,10,4,5,3,4,8,7,3,0,10,4,6,11,4,4,11,7,6,6,11,7,8,10,9,6,8,3,10,6,0,10,3,4,5,8,9,10,7,4,3,2,9,8,3,7,10,10,8,11,11,6,5,10,4,5,9,6,7,6,8,2,8,9,0,3,7,6,9,3,8,11,8,7,10,0,3,7,10,8,4,9,10,8,7,11,8,8,4,7,2,8,11,4,9,3,9,4,11,8,10,3,5,3,3,9,4,4,10,4,6,9,3,4,8,11,4,3,11,9,11,9,6,9,10,11,4,5,7,11,4,8,6,8,8,7,6,9,10,3,0,3,8,9
4,10,2,8,9,4,11,11,5,6,4,5,9,8,4,2,11,5,7,0,5,5,0,8,7,7,0,8,9,11,10,7,9,4,11,7,2,11,4,5,6,9,10,11,8,5,4,3,10,9,4,8,11,11,9,0,0,7,6,11,5,6,10,7,8,7,9,3,9,10,2,4,8,7,10,4,9,0,9,8,11,2,4,8,11,9,5,10,11,9,8,0,9,9,5,8,3,9,0,5,10,4,10,5,0,9,11,4,6,4,4,10,5,5,11,5,7,10,4,5,9,0,5,4,0,10,0,10,7,10,11,0,5,6,8,0,5,9,7,9,9,8,7,10,11,4,2,4,9,10
5,11,3,9,10,5,0,0,6,7,5,6,10,9,5,3,0,6,8,2,6,6,2,9,8,8,2,9,10,0,11,8,10,5,0,8,3,0,5,6,7,10,11,0,9,6,5,4,11,10,5,9,0,0,10,2,2,8,7,0,6,7,11,8,9,8,10,4,10,11,3,5,9,8,11,5,10,2,10,9,0,3,5,9,0,10,6,11,0,10,9,2,10,10,6,9,4,10,2,6,11,5,11,6,2,10,0,5,7,5,5,11,6,6,0,6,8,11,5,6,10,2,6,5,2,11,2,11,8,11,0,2,6,7,9,2,6,10,8,10,10,9,8,11,0,5,3,5,10,11
6,0,4,10,11,6,2,2,7,8,6,7,11,10,6,4,2,7,9,3,7,7,3,10,9,9,3,10,11,2,0,9,11,6,2,9,4,2,6,7,8,11,0,2,10,7,6,5,0,11,6,10,2,2,11,3,3,9,8,2,7,8,0,9,10,9,11,5,11,0,4,6,10,9,0,6,11,3,11,10,2,4,6,10,2,11,7,0,2,11,10,3,11,11,7,10,5,11,3,7,0,6,0,7,3,11,2,6,8,6,6,0,7,7,2,7,9,0,6,7,11,3,7,6,3,0,3,0,9,0,2,3,7,8,10,3,7,11,9,11,11,10,9,0,2,6,4,6,11,0
7,2,5,11,0,7,3,3,8,9,7,8,0,11,7,5,3,8,10,4,8,8,4,11,10,10,4,11,0,3,2,10,0,7,3,10,5,3,7,8,9,0,2,3,11,8,7,6,2,0,7,11,3,3,0,4,4,10,9,3,8,9,2,10,11,10,0,6,0,2,5,7,11,10,2,7,0,4,0,11,3,5,7,11,3,0,8,2,3,0,11,4,0,0,8,11,6,0,4,8,2,7,2,8,4,0,3,7,9,7,7,2,8,8,3,8,10,2,7,8,0,4,8,7,4,2,4,2,10,2,3,4,8,9,11,4,8,0,10,0,0,11,10,2,3,7,5,7,0,2
8,3,6,0,2,8,4,4,9,10,8,9,2,0,8,6,4,9,11,5,9,9,5,0,11,11,5,0,2,4,3,11,2,8,4,11,6,4,8,9,10,2,3,4,0,9,8,7,3,2,8,0,4,4,2,5,5,11,10,4,9,10,3,11,0,11,2,7,2,3,6,8,0,11,3,8,2,5,2,0,4,6,8,0,4,2,9,3,4,2,0,5,2,2,9,0,7,2,5,9,3,8,3,9,5,2,4,8,10,8,8,3,9,9,4,9,11,3,8,9,2,5,9,8,5,3,5,3,11,3,4,5,9,10,0,5,9,2,11,2,2,0,11,3,4,8,6,8,2,3
9,4,7,2,3,9,5,5,10,11,9,10,3,2,9,7,5,10,0,6,10,10,6,2,0,0,6,2,3,5,4,0,3,9,5,0,7,5,9,10,11,3,4,5,2,10,9,8,4,3,9,2,5,5,3,6,6,0,11,5,10,11,4,0,2,0,3,8,3,4,7,9,2,0,4,9,3,6,3,2,5,7,9,2,5,3,10,4,5,3,2,6,3,3,10,2,8,3,6,10,4,9,4,10,6,3,5,9,11,9,9,4,10,10,5,10,0,4,9,10,3,6,10,9,6,4,6,4,0,4,5,6,10,11,2,6,10,3,0,3,3,2,0,4,5,9,7,9,3,4
10,5,8,3,4,10,6,6,11,0,10,11,4,3,10,8,6,11,2,7,11,11,7,3,2,2,7,3,4,6,5,2,4,10,6,2,8,6,10,11,0,4,5,6,3,11,10,9,5,4,10,3,6,6,4,7,7,2,0,6,11,0,5,2,3,2,4,9,4,5,8,10,3,2,5,10,4,7,4,3,6,8,10,3,6,4,11,5,6,4,3,7,4,4,11,3,9,4,7,11,5,10,5,11,7,4,6,10,0,10,10,5,11,11,6,11,2,5,10,11,4,7,11,10,7,5,7,5,2,5,6,7,11,0,3,7,11,4,2,4,4,3,2,5,6,10,8,10,4,5
11,6,9,4,5,11,7,7,0,2,11,0,5,4,11,9,7,0,3,8,0,0,8,4,3,3,8,4,5,7,6,3,5,11,7,3,9,7,11,0,2,5,6,7,4,0,11,10,6,5,11,4,7,7,5,8,8,3,2,7,0,2,6,3,4,3,5,10,5,6,9,11,4,3,6,11,5,8,5,4,7,9,11,4,7,5,0,6,7,5,4,8,5,5,0,4,10,5,8,0,6,11,6,0,8,5,7,11,2,11,11,6,0,0,7,0,3,6,11,0,5,8,0,11,8,6,8,6,3,6,7,8,0,2,4,8,0,5,3,5,5,4,3,6,7,11,9,11,5,6
0,7,10,5,6,0,8,8,2,3,0,2,6,5,0,10,8,2,4,9,2,2,9,5,4,4,9,5,6,8,7,4,6,0,8,4,10,8,0,2,3,6,7,8,5,2,0,11,7,6,0,5,8,8,6,9,9,4,3,8,2,3,7,4,5,4,6,11,6,7,10,0,5,4,7,0,6,9,6,5,8,10,0,5,8,6,2,7,8,6,5,9,6,6,2,5,11,6,9,2,7,0,7,2,9,6,8,0,3,0,0,7,2,2,8,2,4,7,0,2,6,9,2,0,9,7,9,7,4,7,8,9,2,3,5,9,2,6,4,6,6,5,4,7,8,0,10,0,6,7
2,8,11,6,7,2,9,9,3,4,2,3,7,6,2,11,9,3,5,10,3,3,10,6,5,5,10,6,7,9,8,5,7,2,9,5,11,9,2,3,4,7,8,9,6,3,2,0,8,7,2,6,9,9,7,10,10,5,4,9,3,4,8,5,6,5,7,0,7,8,11,2,6,5,8,2,7,10,7,6,9,11,2,6,9,7,3,8,9,7,6,10,7,7,3,6,0,7,10,3,8,2,8,3,10,7,9,2,4,2,2,8,3,3,9,3,5,8,2,3,7,10,3,2,10,8,10,8,5,8,9,10,3,4,6,10,3,7,5,7,7,6,5,8,9,2,11,2,7,8
3,9,0,7,8,3,10,10,4,5,3,4,8,7,3,0,10,4,6,11,4,4,11,7,6,6,11,7,8,10,9,6,8,3,10,6,0,10,3,4,5,8,9,10,7,4,3,2,9,8,3,7,10,10,8,11,11,6,5,10,4,5,9,6,7,6,8,2,8,9,0,3,7,6,9,3,8,11,8,7,10,0,3,7,10,8,4,9,10,8,7,11,8,8,4,7,2,8,11,4,9,3,9,4,11,8,10,3,5,3,3,9,4,4,10,4,6,9,3,4,8,11,4,3,11,9,11,9,6,9,10,11,4,5,7,11,4,8,6,8,8,7,6,9,10,3,0,3,8,9
4,10,2,8,9,4,11,11,5,6,4,5,9,8,4,2,11,5,7,0,5,5,0,8,7,7,0,8,9,11,10,7,9,4,11,7,2,11,4,5,6,9,10,11,8,5,4,3,10,9,4,8,11,11,9,0,0,7,6,11,5,6,10,7,8,7,9,3,9,10,2,4,8,7,10,4,9,0,9,8,11,2,4,8,11,9,5,10,11,9,8,0,9,9,5,8,3,9,0,5,10,4,10,5,0,9,11,4,6,4,4,10,5,5,11,5,7,10,4,5,9,0,5,4,0,10,0,10,7,10,11,0,5,6,8,0,5,9,7,9,9,8,7,10,11,4,2,4,9,10
5,11,3,9,10,5,0,0,6,7,5,6,10,9,5,3,0,6,8,2,6,6,2,9,8,8,2,9,10,0,11,8,10,5,0,8,3,0,5,6,7,10,11,0,9,6,5,4,11,10,5,9,0,0,10,2,2,8,7,0,6,7,11,8,9,8,10,4,10,11,3,5,9,8,11,5,10,2,10,9,0,3,5,9,0,10,6,11,0,10,9,2,10,10,6,9,4,10,2,6,11,5,11,6,2,10,0,5,7,5,5,11,6,6,0,6,8,11,5,6,10,2,6,5,2,11,2,11,8,11,0,2,6,7,9,2,6,10,8,10,10,9,8,11,0,5,3,5,10,11
6,0,4,10,11,6,2,2,7,8,6,7,11,10,6,4,2,7,9,3,7,7,3,10,9,9,3,10,11,2,0,9,11,6,2,9,4,2,6,7,8,11,0,2,10,7,6,5,0,11,6,10,2,2,11,3,3,9,8,2,7,8,0,9,10,9,11,5,11,0,4,6,10,9,0,6,11,3,11,10,2,4,6,10,2,11,7,0,2,11,10,3,11,11,7,10,5,11,3,7,0,6,0,7,3,11,2,6,8,6,6,0,7,7,2,7,9,0,6,7,11,3,7,6,3,0,3,0,9,0,2,3,7,8,10,3,7,11,9,11,11,10,9,0,2,6,4,6,11,0
7,2,5,11,0,7,3,3,8,9,7,8,0,11,7,5,3,8,10,4,8,8,4,11,10,10,4,11,0,3,2,10,0,7,3,10,5,3,7,8,9,0,2,3,11,8,7,6,2,0,7,11,3,3,0,4,4,10,9,3,8,9,2,10,11,10,0,6,0,2,5,7,11,10,2,7,0,4,0,11,3,5,7,11,3,0,8,2,3,0,11,4,0,0,8,11,6,0,4,8,2,7,2,8,4,0,3,7,9,7,7,2,8,8,3,8,10,2,7,8,0,4,8,7,4,2,4,2,10,2,3,4,8,9,11,4,8,0,10,0,0,11,10,2,3,7,5,7,0,2
8,3,6,0,2,8,4,4,9,10,8,9,2,0,8,6,4,9,11,5,9,9,5,0,11,11,5,0,2,4,3,11,2,8,4,11,6,4,8,9,10,2,3,4,0,9,8,7,3,2,8,0,4,4,2,5,5,11,10,4,9,10,3,11,0,11,2,7,2,3,6,8,0,11,3,8,2,5,2,0,4,6,8,0,4,2,9,3,4,2,0,5,2,2,9,0,7,2,5,9,3,8,3,9,5,2,4,8,10,8,8,3,9,9,4,9,11,3,8,9,2,5,9,8,5,3,5,3,11,3,4,5,9,10,0,5,9,2,11,2,2,0,11,3,4,8,6,8,2,3
9,4,7,2,3,9,5,5,10,11,9,10,3,2,9,7,5,10,0,6,10,10,6,2,0,0,6,2,3,5,4,0,3,9,5,0,7,5,9,10,11,3,4,5,2,10,9,8,4,3,9,2,5,5,3,6,6,0,11,5,10,11,4,0,2,0,3,8,3,4,7,9,2,0,4,9,3,6,3,2,5,7,9,2,5,3,10,4,5,3,2,6,3,3,10,2,8,3,6,10,4,9,4,10,6,3,5,9,11,9,9,4,10,10,5,10,0,4,9,10,3,6,10,9,6,4,6,4,0,4,5,6,10,11,2,6,10,3,0,3,3,2,0,4,5,9,7,9,3,4
10,5,8,3,4,10,6,6,11,0,10,11,4,3,10,8,6,11,2,7,11,11,7,3,2,2,7,3,4,6,5,2,4,10,6,2,8,6,10,11,0,4,5,6,3,11,10,9,5,4,10,3,6,6,4,7,7,2,0,6,11,0,5,2,3,2,4,9,4,5,8,10,3,2,5,10,4,7,4,3,6,8,10,3,6,4,11,5,6,4,3,7,4,4,11,3,9,4,7,11,5,10,5,11,7,4,6,10,0,10,10,5,11,11,6,11,2,5,10,11,4,7,11,10,7,5,7,5,2,5,6,7,11,0,3,7,11,4,2,4,4,3,2,5,6,10,8,10,4,5
11,6,9,4,5,11,7,7,0,2,11,0,5,4,11,9,7,0,3,8,0,0,8,4,3,3,8,4,5,7,6,3,5,11,7,3,9,7,11,0,2,5,6,7,4,0,11,10,6,5,11,4,7,7,5,8,8,3,2,7,0,2,6,3,4,3,5,10,5,6,9,11,4,3,6,11,5,8,5,4,7,9,11,4,7,5,0,6,7,5,4,8,5,5,0,4,10,5,8,0,6,11,6,0,8,5,7,11,2,11,11,6,0,0,7,0,3,6,11,0,5,8,0,11,8,6,8,6,3,6,7,8,0,2,4,8,0,5,3,5,5,4,3,6,7,11,9,11,5,6
0,7,10,5,6,0,8,8,2,3,0,2,6,5,0,10,8,2,4,9,2,2,9,5,4,4,9,5,6,8,7,4,6,0,8,4,10,8,0,2,3,6,7,8,5,2,0,11,7,6,0,5,8,8,6,9,9,4,3,8,2,3,7,4,5,4,6,11,6,7,10,0,5,4,7,0,6,9,6,5,8,10,0,5,8,6,2,7,8,6,5,9,6,6,2,5,11,6,9,2,7,0,7,2,9,6,8,0,3,0,0,7,2,2,8,2,4,7,0,2,6,9,2,0,9,7,9,7,4,7,8,9,2,3,5,9,2,6,4,6,6,5,4,7,8,0,10,0,6,7
2,8,11,6,7,2,9,9,3,4,2,3,7,6,2,11,9,3,5,10,3,3,10,6,5,5,10,6,7,9,8,5,7,2,9,5,11,9,2,3,4,7,8,9,6,3,2,0,8,7,2,6,9,9,7,10,10,5,4,9,3,4,8,5,6,5,7,0,7,8,11,2,6,5,8,2,7,10,7,6,9,11,2,6,9,7,3,8,9,7,6,10,7,7,3,6,0,7,10,3,8,2,8,3,10,7,9,2,4,2,2,8,3,3,9,3,5,8,2,3,7,10,3,2,10,8,10,8,5,8,9,10,3,4,6,10,3,7,5,7,7,6,5,8,9,2,11,2,7,8
3,9,0,7,8,3,10,10,4,5,3,4,8,7,3,0,10,4,6,11,4,4,11,7,6,6,11,7,8,10,9,6,8,3,10,6,0,10,3,4,5,8,9,10,7,4,3,2,9,8,3,7,10,10,8,11,11,6,5,10,4,5,9,6,7,6,8,2,8,9,0,3,7,6,9,3,8,11,8,7,10,0,3,7,10,8,4,9,10,8,7,11,8,8,4,7,2,8,11,4,9,3,9,4,11,8,10,3,5,3,3,9,4,4,10,4,6,9,3,4,8,11,4,3,11,9,11,9,6,9,10,11,4,5,7,11,4,8,6,8,8,7,6,9,10,3,0,3,8,9
4,10,2,8,9,4,11,11,5,6,4,5,9,8,4,2,11,5,7,0,5,5,0,8,7,7,0,8,9,11,10,7,9,4,11,7,2,11,4,5,6,9,10,11,8,5,4,3,10,9,4,8,11,11,9,0,0,7,6,11,5,6,10,7,8,7,9,3,9,10,2,4,8,7,10,4,9,0,9,8,11,2,4,8,11,9,5,10,11,9,8,0,9,9,5,8,3,9,0,5,10,4,10,5,0,9,11,4,6,4,4,10,5,5,11,5,7,10,4,5,9,0,5,4,0,10,0,10,7,10,11,0,5,6,8,0,5,9,7,9,9,8,7,10,11,4,2,4,9,10
5,11,3,9,10,5,0,0,6,7,5,6,10,9,5,3,0,6,8,2,6,6,2,9,8,8,2,9,10,0,11,8,10,5,0,8,3,0,5,6,7,10,11,0,9,6,5,4,11,10,5,9,0,0,10,2,2,8,7,0,6,7,11,8,9,8,10,4,10,11,3,5,9,8,11,5,10,2,10,9,0,3,5,9,0,10,6,11,0,10,9,2,10,10,6,9,4,10,2,6,11,5,11,6,2,10,0,5,7,5,5,11,6,6,0,6,8,11,5,6,10,2,6,5,2,11,2,11,8,11,0,2,6,7,9,2,6,10,8,10,10,9,8,11,0,5,3,5,10,11
6,0,4,10,11,6,2,2,7,8,6,7,11,10,6,4,2,7,9,3,7,7,3,10,9,9,3,10,11,2,0,9,11,6,2,9,4,2,6,7,8,11,0,2,10,7,6,5,0,11,6,10,2,2,11,3,3,9,8,2,7,8,0,9,10,9,11,5,11,0,4,6,10,9,0,6,11,3,11,10,2,4,6,10,2,11,7,0,2,11,10,3,11,11,7,10,5,11,3,7,0,6,0,7,3,11,2,6,8,6,6,0,7,7,2,7,9,0,6,7,11,3,7,6,3,0,3,0,9,0,2,3,7,8,10,3,7,11,9,11,11,10,9,0,2,6,4,6,11,0
7,2,5,11,0,7,3,3,8,9,7,8,0,11,7,5,3,8,10,4,8,8,4,11,10,10,4,11,0,3,2,10,0,7,3,10,5,3,7,8,9,0,2,3,11,8,7,6,2,0,7,11,3,3,0,4,4,10,9,3,8,9,2,10,11,10,0,6,0,2,5,7,11,10,2,7,0,4,0,11,3,5,7,11,3,0,8,2,3,0,11,4,0,0,8,11,6,0,4,8,2,7,2,8,4,0,3,7,9,7,7,2,8,8,3,8,10,2,7,8,0,4,8,7,4,2,4,2,10,2,3,4,8,9,11,4,8,0,10,0,0,11,10,2,3,7,5,7,0,2
8,3,6,0,2,8,4,4,9,10,8,9,2,0,8,6,4,9,11,5,9,9,5,0,11,11,5,0,2,4,3,11,2,8,4,11,6,4,8,9,10,2,3,4,0,9,8,7,3,2,8,0,4,4,2,5,5,11,10,4,9,10,3,11,0,11,2,7,2,3,6,8,0,11,3,8,2,5,2,0,4,6,8,0,4,2,9,3,4,2,0,5,2,2,9,0,7,2,5,9,3,8,3,9,5,2,4,8,10,8,8,3,9,9,4,9,11,3,8,9,2,5,9,8,5,3,5,3,11,3,4,5,9,10,0,5,9,2,11,2,2,0,11,3,4,8,6,8,2,3
9,4,7,2,3,9,5,5,10,11,9,10,3,2,9,7,5,10,0,6,10,10,6,2,0,0,6,2,3,5,4,0,3,9,5,0,7,5,9,10,11,3,4,5,2,10,9,8,4,3,9,2,5,5,3,6,6,0,11,5,10,11,4,0,2,0,3,8,3,4,7,9,2,0,4,9,3,6,3,2,5,7,9,2,5,3,10,4,5,3,2,6,3,3,10,2,8,3,6,10,4,9,4,10,6,3,5,9,11,9,9,4,10,10,5,10,0,4,9,10,3,6,10,9,6,4,6,4,0,4,5,6,10,11,2,6,10,3,0,3,3,2,0,4,5,9,7,9,3,4
10,5,8,3,4,10,6,6,11,0,10,11,4,3,10,8,6,11,2,7,11,11,7,3,2,2,7,3,4,6,5,2,4,10,6,2,8,6,10,11,0,4,5,6,3,11,10,9,5,4,10,3,6,6,4,7,7,2,0,6,11,0,5,2,3,2,4,9,4,5,8,10,3,2,5,10,4,7,4,3,6,8,10,3,6,4,11,5,6,4,3,7,4,4,11,3,9,4,7,11,5,10,5,11,7,4,6,10,0,10,10,5,11,11,6,11,2,5,10,11,4,7,11,10,7,5,7,5,2,5,6,7,11,0,3,7,11,4,2,4,4,3,2,5,6,10,8,10,4,5
11,6,9,4,5,11,7,7,0,2,11,0,5,4,11,9,7,0,3,8,0,0,8,4,3,3,8,4,5,7,6,3,5,11,7,3,9,7,11,0,2,5,6,7,4,0,11,10,6,5,11,4,7,7,5,8,8,3,2,7,0,2,6,3,4,3,5,10,5,6,9,11,4,3,6,11,5,8,5,4,7,9,11,4,7,5,0,6,7,5,4,8,5,5,0,4,10,5,8,0,6,11,6,0,8,5,7,11,2,11,11,6,0,0,7,0,3,6,11,0,5,8,0,11,8,6,8,6,3,6,7,8,0,2,4,8,0,5,3,5,5,4,3,6,7,11,9,11,5,6
0,7,10,5,6,0,8,8,2,3,0,2,6,5,0,10,8,2,4,9,2,2,9,5,4,4,9,5,6,8,7,4,6,0,8,4,10,8,0,2,3,6,7,8,5,2,0,11,7,6,0,5,8,8,6,9,9,4,3,8,2,3,7,4,5,4,6,11,6,7,10,0,5,4,7,0,6,9,6,5,8,10,0,5,8,6,2,7,8,6,5,9,6,6,2,5,11,6,9,2,7,0,7,2,9,6,8,0,3,0,0,7,2,2,8,2,4,7,0,2,6,9,2,0,9,7,9,7,4,7,8,9,2,3,5,9,2,6,4,6,6,5,4,7,8,0,10,0,6,7
2,8,11,6,7,2,9,9,3,4,2,3,7,6,2,11,9,3,5,10,3,3,10,6,5,5,10,6,7,9,8,5,7,2,9,5,11,9,2,3,4,7,8,9,6,3,2,0,8,7,2,6,9,9,7,10,10,5,4,9,3,4,8,5,6,5,7,0,7,8,11,2,6,5,8,2,7,10,7,6,9,11,2,6,9,7,3,8,9,7,6,10,7,7,3,6,0,7,10,3,8,2,8,3,10,7,9,2,4,2,2,8,3,3,9,3,5,8,2,3,7,10,3,2,10,8,10,8,5,8,9,10,3,4,6,10,3,7,5,7,7,6,5,8,9,2,11,2,7,8
3,9,0,7,8,3,10,10,4,5,3,4,8,7,3,0,10,4,6,11,4,4,11,7,6,6,11,7,8,10,9,6,8,3,10,6,0,10,3,4,5,8,9,10,7,4,3,2,9,8,3,7,10,10,8,11,11,6,5,10,4,5,9,6,7,6,8,2,8,9,0,3,7,6,9,3,8,11,8,7,10,0,3,7,10,8,4,9,10,8,7,11,8,8,4,7,2,8,11,4,9,3,9,4,11,8,10,3,5,3,3,9,4,4,10,4,6,9,3,4,8,11,4,3,11,9,11,9,6,9,10,11,4,5,7,11,4,8,6,8,8,7,6,9,10,3,0,3,8,9
4,10,2,8,9,4,11,11,5,6,4,5,9,8,4,2,11,5,7,0,5,5,0,8,7,7,0,8,9,11,10,7,9,4,11,7,2,11,4,5,6,9,10,11,8,5,4,3,10,9,4,8,11,11,9,0,0,7,6,11,5,6,10,7,8,7,9,3,9,10,2,4,8,7,10,4,9,0,9,8,11,2,4,8,11,9,5,10,11,9,8,0,9,9,5,8,3,9,0,5,10,4,10,5,0,9,11,4,6,4,4,10,5,5,11,5,7,10,4,5,9,0,5,4,0,10,0,10,7,10,11,0,5,6,8,0,5,9,7,9,9,8,7,10,11,4,2,4,9,10
5,11,3,9,10,5,0,0,6,7,5,6,10,9,5,3,0,6,8,2,6,6,2,9,8,8,2,9,10,0,11,8,10,5,0,8,3,0,5,6,7,10,11,0,9,6,5,4,11,10,5,9,0,0,10,2,2,8,7,0,6,7,11,8,9,8,10,4,10,11,3,5,9,8,11,5,10,2,10,9,0,3,5,9,0,10,6,11,0,10,9,2,10,10,6,9,4,10,2,6,11,5,11,6,2,10,0,5,7,5,5,11,6,6,0,6,8,11,5,6,10,2,6,5,2,11,2,11,8,11,0,2,6,7,9,2,6,10,8,10,10,9,8,11,0,5,3,5,10,11
6,0,4,10,11,6,2,2,7,8,6,7,11,10,6,4,2,7,9,3,7,7,3,10,9,9,3,10,11,2,0,9,11,6,2,9,4,2,6,7,8,11,0,2,10,7,6,5,0,11,6,10,2,2,11,3,3,9,8,2,7,8,0,9,10,9,11,5,11,0,4,6,10,9,0,6,11,3,11,10,2,4,6,10,2,11,7,0,2,11,10,3,11,11,7,10,5,11,3,7,0,6,0,7,3,11,2,6,8,6,6,0,7,7,2,7,9,0,6,7,11,3,7,6,3,0,3,0,9,0,2,3,7,8,10,3,7,11,9,11,11,10,9,0,2,6,4,6,11,0
7,2,5,11,0,7,3,3,8,9,7,8,0,11,7,5,3,8,10,4,8,8,4,11,10,10,4,11,0,3,2,10,0,7,3,10,5,3,7,8,9,0,2,3,11,8,7,6,2,0,7,11,3,3,0,4,4,10,9,3,8,9,2,10,11,10,0,6,0,2,5,7,11,10,2,7,0,4,0,11,3,5,7,11,3,0,8,2,3,0,11,4,0,0,8,11,6,0,4,8,2,7,2,8,4,0,3,7,9,7,7,2,8,8,3,8,10,2,7,8,0,4,8,7,4,2,4,2,10,2,3,4,8,9,11,4,8,0,10,0,0,11,10,2,3,7,5,7,0,2
8,3,6,0,2,8,4,4,9,10,8,9,2,0,8,6,4,9,11,5,9,9,5,0,11,11,5,0,2,4,3,11,2,8,4,11,6,4,8,9,10,2,3,4,0,9,8,7,3,2,8,0,4,4,2,5,5,11,10,4,9,10,3,11,0,11,2,7,2,3,6,8,0,11,3,8,2,5,2,0,4,6,8,0,4,2,9,3,4,2,0,5,2,2,9,0,7,2,5,9,3,8,3,9,5,2,4,8,10,8,8,3,9,9,4,9,11,3,8,9,2,5,9,8,5,3,5,3,11,3,4,5,9,10,0,5,9,2,11,2,2,0,11,3,4,8,6,8,2,3
9,4,7,2,3,9,5,5,10,11,9,10,3,2,9,7,5,10,0,6,10,10,6,2,0,0,6,2,3,5,4,0,3,9,5,0,7,5,9,10,11,3,4,5,2,10,9,8,4,3,9,2,5,5,3,6,6,0,11,5,10,11,4,0,2,0,3,8,3,4,7,9,2,0,4,9,3,6,3,2,5,7,9,2,5,3,10,4,5,3,2,6,3,3,10,2,8,3,6,10,4,9,4,10,6,3,5,9,11,9,9,4,10,10,5,10,0,4,9,10,3,6,10,9,6,4,6,4,0,4,5,6,10,11,2,6,10,3,0,3,3,2,0,4,5,9,7,9,3,4
10,5,8,3,4,10,6,6,11,0,10,11,4,3,10,8,6,11,2,7,11,11,7,3,2,2,7,3,4,6,5,2,4,10,6,2,8,6,10,11,0,4,5,6,3,11,10,9,5,4,10,3,6,6,4,7,7,2,0,6,11,0,5,2,3,2,4,9,4,5,8,10,3,2,5,10,4,7,4,3,6,8,10,3,6,4,11,5,6,4,3,7,4,4,11,3,9,4,7,11,5,10,5,11,7,4,6,10,0,10,10,5,11,11,6,11,2,5,10,11,4,7,11,10,7,5,7,5,2,5,6,7,11,0,3,7,11,4,2,4,4,3,2,5,6,10,8,10,4,5
11,6,9,4,5,11,7,7,0,2,11,0,5,4,11,9,7,0,3,8,0,0,8,4,3,3,8,4,5,7,6,3,5,11,7,3,9,7,11,0,2,5,6,7,4,0,11,10,6,5,11,4,7,7,5,8,8,3,2,7,0,2,6,3,4,3,5,10,5,6,9,11,4,3,6,11,5,8,5,4,7,9,11,4,7,5,0,6,7,5,4,8,5,5,0,4,10,5,8,0,6,11,6,0,8,5,7,11,2,11,11,6,0,0,7,0,3,6,11,0,5,8,0,11,8,6,8,6,3,6,7,8,0,2,4,8,0,5,3,5,5,4,3,6,7,11,9,11,5,6
0,7,10,5,6,0,8,8,2,3,0,2,6,5,0,10,8,2,4,9,2,2,9,5,4,4,9,5,6,8,7,4,6,0,8,4,10,8,0,2,3,6,7,8,5,2,0,11,7,6,0,5,8,8,6,9,9,4,3,8,2,3,7,4,5,4,6,11,6,7,10,0,5,4,7,0,6,9,6,5,8,10,0,5,8,6,2,7,8,6,5,9,6,6,2,5,11,6,9,2,7,0,7,2,9,6,8,0,3,0,0,7,2,2,8,2,4,7,0,2,6,9,2,0,9,7,9,7,4,7,8,9,2,3,5,9,2,6,4,6,6,5,4,7,8,0,10,0,6,7
2,8,11,6,7,2,9,9,3,4,2,3,7,6,2,11,9,3,5,10,3,3,10,6,5,5,10,6,7,9,8,5,7,2,9,5,11,9,2,3,4,7,8,9,6,3,2,0,8,7,2,6,9,9,7,10,10,5,4,9,3,4,8,5,6,5,7,0,7,8,11,2,6,5,8,2,7,10,7,6,9,11,2,6,9,7,3,8,9,7,6,10,7,7,3,6,0,7,10,3,8,2,8,3,10,7,9,2,4,2,2,8,3,3,9,3,5,8,2,3,7,10,3,2,10,8,10,8,5,8,9,10,3,4,6,10,3,7,5,7,7,6,5,8,9,2,11,2,7,8
3,9,0,7,8,3,10,10,4,5,3,4,8,7,3,0,10,4,6,11,4,4,11,7,6,6,11,7,8,10,9,6,8,3,10,6,0,10,3,4,5,8,9,10,7,4,3,2,9,8,3,7,10,10,8,11,11,6,5,10,4,5,9,6,7,6,8,2,8,9,0,3,7,6,9,3,8,11,8,7,10,0,3,7,10,8,4,9,10,8,7,11,8,8,4,7,2,8,11,4,9,3,9,4,11,8,10,3,5,3,3,9,4,4,10,4,6,9,3,4,8,11,4,3,11,9,11,9,6,9,10,11,4,5,7,11,4,8,6,8,8,7,6,9,10,3,0,3,8,9
4,10,2,8,9,4,11,11,5,6,4,5,9,8,4,2,11,5,7,0,5,5,0,8,7,7,0,8,9,11,10,7,9,4,11,7,2,11,4,5,6,9,10,11,8,5,4,3,10,9,4,8,11,11,9,0,0,7,6,11,5,6,10,7,8,7,9,3,9,10,2,4,8,7,10,4,9,0,9,8,11,2,4,8,11,9,5,10,11,9,8,0,9,9,5,8,3,9,0,5,10,4,10,5,0,9,11,4,6,4,4,10,5,5,11,5,7,10,4,5,9,0,5,4,0,10,0,10,7,10,11,0,5,6,8,0,5,9,7,9,9,8,7,10,11,4,2,4,9,10
5,11,3,9,10,5,0,0,6,7,5,6,10,9,5,3,0,6,8,2,6,6,2,9,8,8,2,9,10,0,11,8,10,5,0,8,3,0,5,6,7,10,11,0,9,6,5,4,11,10,5,9,0,0,10,2,2,8,7,0,6,7,11,8,9,8,10,4,10,11,3,5,9,8,11,5,10,2,10,9,0,3,5,9,0,10,6,11,0,10,9,2,10,10,6,9,4,10,2,6,11,5,11,6,2,10,0,5,7,5,5,11,6,6,0,6,8,11,5,6,10,2,6,5,2,11,2,11,8,11,0,2,6,7,9,2,6,10,8,10,10,9,8,11,0,5,3,5,10,11
6,0,4,10,11,6,2,2,7,8,6,7,11,10,6,4,2,7,9,3,7,7,3,10,9,9,3,10,11,2,0,9,11,6,2,9,4,2,6,7,8,11,0,2,10,7,6,5,0,11,6,10,2,2,11,3,3,9,8,2,7,8,0,9,10,9,11,5,11,0,4,6,10,9,0,6,11,3,11,10,2,4,6,10,2,11,7,0,2,11,10,3,11,11,7,10,5,11,3,7,0,6,0,7,3,11,2,6,8,6,6,0,7,7,2,7,9,0,6,7,11,3,7,6,3,0,3,0,9,0,2,3,7,8,10,3,7,11,9,11,11,10,9,0,2,6,4,6,11,0
7,2,5,11,0,7,3,3,8,9,7,8,0,11,7,5,3,8,10,4,8,8,4,11,10,10,4,11,0,3,2,10,0,7,3,10,5,3,7,8,9,0,2,3,11,8,7,6,2,0,7,11,3,3,0,4,4,10,9,3,8,9,2,10,11,10,0,6,0,2,5,7,11,10,2,7,0,4,0,11,3,5,7,11,3,0,8,2,3,0,11,4,0,0,8,11,6,0,4,8,2,7,2,8,4,0,3,7,9,7,7,2,8,8,3,8,10,2,7,8,0,4,8,7,4,2,4,2,10,2,3,4,8,9,11,4,8,0,10,0,0,11,10,2,3,7,5,7,0,2
8,3,6,0,2,8,4,4,9,10,8,9,2,0,8,6,4,9,11,5,9,9,5,0,11,11,5,0,2,4,3,11,2,8,4,11,6,4,8,9,10,2,3,4,0,9,8,7,3,2,8,0,4,4,2,5,5,11,10,4,9,10,3,11,0,11,2,7,2,3,6,8,0,11,3,8,2,5,2,0,4,6,8,0,4,2,9,3,4,2,0,5,2,2,9,0,7,2,5,9,3,8,3,9,5,2,4,8,10,8,8,3,9,9,4,9,11,3,8,9,2,5,9,8,5,3,5,3,11,3,4,5,9,10,0,5,9,2,11,2,2,0,11,3,4,8,6,8,2,3
9,4,7,2,3,9,5,5,10,11,9,10,3,2,9,7,5,10,0,6,10,10,6,2,0,0,6,2,3,5,4,0,3,9,5,0,7,5,9,10,11,3,4,5,2,10,9,8,4,3,9,2,5,5,3,6,6,0,11,5,10,11,4,0,2,0,3,8,3,4,7,9,2,0,4,9,3,6,3,2,5,7,9,2,5,3,10,4,5,3,2,6,3,3,10,2,8,3,6,10,4,9,4,10,6,3,5,9,11,9,9,4,10,10,5,10,0,4,9,10,3,6,10,9,6,4,6,4,0,4,5,6,10,11,2,6,10,3,0,3,3,2,0,4,5,9,7,9,3,4
10,5,8,3,4,10,6,6,11,0,10,11,4,3,10,8,6,11,2,7,11,11,7,3,2,2,7,3,4,6,5,2,4,10,6,2,8,6,10,11,0,4,5,6,3,11,10,9,5,4,10,3,6,6,4,7,7,2,0,6,11,0,5,2,3,2,4,9,4,5,8,10,3,2,5,10,4,7,4,3,6,8,10,3,6,4,11,5,6,4,3,7,4,4,11,3,9,4,7,11,5,10,5,11,7,4,6,10,0,10,10,5,11,11,6,11,2,5,10,11,4,7,11,10,7,5,7,5,2,5,6,7,11,0,3,7,11,4,2,4,4,3,2,5,6,10,8,10,4,5
11,6,9,4,5,11,7,7,0,2,11,0,5,4,11,9,7,0,3,8,0,0,8,4,3,3,8,4,5,7,6,3,5,11,7,3,9,7,11,0,2,5,6,7,4,0,11,10,6,5,11,4,7,7,5,8,8,3,2,7,0,2,6,3,4,3,5,10,5,6,9,11,4,3,6,11,5,8,5,4,7,9,11,4,7,5,0,6,7,5,4,8,5,5,0,4,10,5,8,0,6,11,6,0,8,5,7,11,2,11,11,6,0,0,7,0,3,6,11,0,5,8,0,11,8,6,8,6,3,6,7,8,0,2,4,8,0,5,3,5,5,4,3,6,7,11,9,11,5,6
0,7,10,5,6,0,8,8,2,3,0,2,6,5,0,10,8,2,4,9,2,2,9,5,4,4,9,5,6,8,7,4,6,0,8,4,10,8,0,2,3,6,7,8,5,2,0,11,7,6,0,5,8,8,6,9,9,4,3,8,2,3,7,4,5,4,6,11,6,7,10,0,5,4,7,0,6,9,6,5,8,10,0,5,8,6,2,7,8,6,5,9,6,6,2,5,11,6,9,2,7,0,7,2,9,6,8,0,3,0,0,7,2,2,8,2,4,7,0,2,6,9,2,0,9,7,9,7,4,7,8,9,2,3,5,9,2,6,4,6,6,5,4,7,8,0,10,0,6,7
2,8,11,6,7,2,9,9,3,4,2,3,7,6,2,11,9,3,5,10,3,3,10,6,5,5,10,6,7,9,8,5,7,2,9,5,11,9,2,3,4,7,8,9,6,3,2,0,8,7,2,6,9,9,7,10,10,5,4,9,3,4,8,5,6,5,7,0,7,8,11,2,6,5,8,2,7,10,7,6,9,11,2,6,9,7,3,8,9,7,6,10,7,7,3,6,0,7,10,3,8,2,8,3,10,7,9,2,4,2,2,8,3,3,9,3,5,8,2,3,7,10,3,2,10,8,10,8,5,8,9,10,3,4,6,10,3,7,5,7,7,6,5,8,9,2,11,2,7,8
3,9,0,7,8,3,10,10,4,5,3,4,8,7,3,0,10,4,6,11,4,4,11,7,6,6,11,7,8,10,9,6,8,3,10,6,0,10,3,4,5,8,9,10,7,4,3,2,9,8,3,7,10,10,8,11,11,6,5,10,4,5,9,6,7,6,8,2,8,9,0,3,7,6,9,3,8,11,8,7,10,0,3,7,10,8,4,9,10,8,7,11,8,8,4,7,2,8,11,4,9,3,9,4,11,8,10,3,5,3,3,9,4,4,10,4,6,9,3,4,8,11,4,3,11,9,11,9,6,9,10,11,4,5,7,11,4,8,6,8,8,7,6,9,10,3,0,3,8,9
4,10,2,8,9,4,11,11,5,6,4,5,9,8,4,2,11,5,7,0,5,5,0,8,7,7,0,8,9,11,10,7,9,4,11,7,2,11,4,5,6,9,10,11,8,5,4,3,10,9,4,8,11,11,9,0,0,7,6,11,5,6,10,7,8,7,9,3,9,10,2,4,8,7,10,4,9,0,9,8,11,2,4,8,11,9,5,10,11,9,8,0,9,9,5,8,3,9,0,5,10,4,10,5,0,9,11,4,6,4,4,10,5,5,11,5,7,10,4,5,9,0,5,4,0,10,0,10,7,10,11,0,5,6,8,0,5,9,7,9,9,8,7,10,11,4,2,4,9,10
5,11,3,9,10,5,0,0,6,7,5,6,10,9,5,3,0,6,8,2,6,6,2,9,8,8,2,9,10,0,11,8,10,5,0,8,3,0,5,6,7,10,11,0,9,6,5,4,11,10,5,9,0,0,10,2,2,8,7,0,6,7,11,8,9,8,10,4,10,11,3,5,9,8,11,5,10,2,10,9,0,3,5,9,0,10,6,11,0,10,9,2,10,10,6,9,4,10,2,6,11,5,11,6,2,10,0,5,7,5,5,11,6,6,0,6,8,11,5,6,10,2,6,5,2,11,2,11,8,11,0,2,6,7,9,2,6,10,8,10,10,9,8,11,0,5,3,5,10,11
6,0,4,10,11,6,2,2,7,8,6,7,11,10,6,4,2,7,9,3,7,7,3,10,9,9,3,10,11,2,0,9,11,6,2,9,4,2,6,7,8,11,0,2,10,7,6,5,0,11,6,10,2,2,11,3,3,9,8,2,7,8,0,9,10,9,11,5,11,0,4,6,10,9,0,6,11,3,11,10,2,4,6,10,2,11,7,0,2,11,10,3,11,11,7,10,5,11,3,7,0,6,0,7,3,11,2,6,8,6,6,0,7,7,2,7,9,0,6,7,11,3,7,6,3,0,3,0,9,0,2,3,7,8,10,3,7,11,9,11,11,10,9,0,2,6,4,6,11,0
7,2,5,11,0,7,3,3,8,9,7,8,0,11,7,5,3,8,10,4,8,8,4,11,10,10,4,11,0,3,2,10,0,7,3,10,5,3,7,8,9,0,2,3,11,8,7,6,2,0,7,11,3,3,0,4,4,10,9,3,8,9,2,10,11,10,0,6,0,2,5,7,11,10,2,7,0,4,0,11,3,5,7,11,3,0,8,2,3,0,11,4,0,0,8,11,6,0,4,8,2,7,2,8,4,0,3,7,9,7,7,2,8,8,3,8,10,2,7,8,0,4,8,7,4,2,4,2,10,2,3,4,8,9,11,4,8,0,10,0,0,11,10,2,3,7,5,7,0,2
8,3,6,0,2,8,4,4,9,10,8,9,2,0,8,6,4,9,11,5,9,9,5,0,11,11,5,0,2,4,3,11,2,8,4,11,6,4,8,9,10,2,3,4,0,9,8,7,3,2,8,0,4,4,2,5,5,11,10,4,9,10,3,11,0,11,2,7,2,3,6,8,0,11,3,8,2,5,2,0,4,6,8,0,4,2,9,3,4,2,0,5,2,2,9,0,7,2,5,9,3,8,3,9,5,2,4,8,10,8,8,3,9,9,4,9,11,3,8,9,2,5,9,8,5,3,5,3,11,3,4,5,9,10,0,5,9,2,11,2,2,0,11,3,4,8,6,8,2,3
9,4,7,2,3,9,5,5,10,11,9,10,3,2,9,7,5,10,0,6,10,10,6,2,0,0,6,2,3,5,4,0,3,9,5,0,7,5,9,10,11,3,4,5,2,10,9,8,4,3,9,2,5,5,3,6,6,0,11,5,10,11,4,0,2,0,3,8,3,4,7,9,2,0,4,9,3,6,3,2,5,7,9,2,5,3,10,4,5,3,2,6,3,3,10,2,8,3,6,10,4,9,4,10,6,3,5,9,11,9,9,4,10,10,5,10,0,4,9,10,3,6,10,9,6,4,6,4,0,4,5,6,10,11,2,6,10,3,0,3,3,2,0,4,5,9,7,9,3,4
10,5,8,3,4,10,6,6,11,0,10,11,4,3,10,8,6,11,2,7,11,11,7,3,2,2,7,3,4,6,5,2,4,10,6,2,8,6,10,11,0,4,5,6,3,11,10,9,5,4,10,3,6,6,4,7,7,2,0,6,11,0,5,2,3,2,4,9,4,5,8,10,3,2,5,10,4,7,4,3,6,8,10,3,6,4,11,5,6,4,3,7,4,4,11,3,9,4,7,11,5,10,5,11,7,4,6,10,0,10,10,5,11,11,6,11,2,5,10,11,4,7,11,10,7,5,7,5,2,5,6,7,11,0,3,7,11,4,2,4,4,3,2,5,6,10,8,10,4,5
11,6,9,4,5,11,7,7,0,2,11,0,5,4,11,9,7,0,3,8,0,0,8,4,3,3,8,4,5,7,6,3,5,11,7,3,9,7,11,0,2,5,6,7,4,0,11,10,6,5,11,4,7,7,5,8,8,3,2,7,0,2,6,3,4,3,5,10,5,6,9,11,4,3,6,11,5,8,5,4,7,9,11,4,7,5,0,6,7,5,4,8,5,5,0,4,10,5,8,0,6,11,6,0,8,5,7,11,2,11,11,6,0,0,7,0,3,6,11,0,5,8,0,11,8,6,8,6,3,6,7,8,0,2,4,8,0,5,3,5,5,4,3,6,7,11,9,11,5,6
0,7,10,5,6,0,8,8,2,3,0,2,6,5,0,10,8,2,4,9,2,2,9,5,4,4,9,5,6,8,7,4,6,0,8,4,10,8,0,2,3,6,7,8,5,2,0,11,7,6,0,5,8,8,6,9,9,4,3,8,2,3,7,4,5,4,6,11,6,7,10,0,5,4,7,0,6,9,6,5,8,10,0,5,8,6,2,7,8,6,5,9,6,6,2,5,11,6,9,2,7,0,7,2,9,6,8,0,3,0,0,7,2,2,8,2,4,7,0,2,6,9,2,0,9,7,9,7,4,7,8,9,2,3,5,9,2,6,4,6,6,5,4,7,8,0,10,0,6,7
2,8,11,6,7,2,9,9,3,4,2,3,7,6,2,11,9,3,5,10,3,3,10,6,5,5,10,6,7,9,8,5,7,2,9,5,11,9,2,3,4,7,8,9,6,3,2,0,8,7,2,6,9,9,7,10,10,5,4,9,3,4,8,5,6,5,7,0,7,8,11,2,6,5,8,2,7,10,7,6,9,11,2,6,9,7,3,8,9,7,6,10,7,7,3,6,0,7,10,3,8,2,8,3,10,7,9,2,4,2,2,8,3,3,9,3,5,8,2,3,7,10,3,2,10,8,10,8,5,8,9,10,3,4,6,10,3,7,5,7,7,6,5,8,9,2,11,2,7,8
3,9,0,7,8,3,10,10,4,5,3,4,8,7,3,0,10,4,6,11,4,4,11,7,6,6,11,7,8,10,9,6,8,3,10,6,0,10,3,4,5,8,9,10,7,4,3,2,9,8,3,7,10,10,8,11,11,6,5,10,4,5,9,6,7,6,8,2,8,9,0,3,7,6,9,3,8,11,8,7,10,0,3,7,10,8,4,9,10,8,7,11,8,8,4,7,2,8,11,4,9,3,9,4,11,8,10,3,5,3,3,9,4,4,10,4,6,9,3,4,8,11,4,3,11,9,11,9,6,9,10,11,4,5,7,11,4,8,6,8,8,7,6,9,10,3,0,3,8,9
4,10,2,8,9,4,11,11,5,6,4,5,9,8,4,2,11,5,7,0,5,5,0,8,7,7,0,8,9,11,10,7,9,4,11,7,2,11,4,5,6,9,10,11,8,5,4,3,10,9,4,8,11,11,9,0,0,7,6,11,5,6,10,7,8,7,9,3,9,10,2,4,8,7,10,4,9,0,9,8,11,2,4,8,11,9,5,10,11,9,8,0,9,9,5,8,3,9,0,5,10,4,10,5,0,9,11,4,6,4,4,10,5,5,11,5,7,10,4,5,9,0,5,4,0,10,0,10,7,10,11,0,5,6,8,0,5,9,7,9,9,8,7,10,11,4,2,4,9,10
5,11,3,9,10,5,0,0,6,7,5,6,10,9,5,3,0,6,8,2,6,6,2,9,8,8,2,9,10,0,11,8,10,5,0,8,3,0,5,6,7,10,11,0,9,6,5,4,11,10,5,9,0,0,10,2,2,8,7,0,6,7,11,8,9,8,10,4,10,11,3,5,9,8,11,5,10,2,10,9,0,3,5,9,0,10,6,11,0,10,9,2,10,10,6,9,4,10,2,6,11,5,11,6,2,10,0,5,7,5,5,11,6,6,0,6,8,11,5,6,10,2,6,5,2,11,2,11,8,11,0,2,6,7,9,2,6,10,8,10,10,9,8,11,0,5,3,5,10,11
6,0,4,10,11,6,2,2,7,8,6,7,11,10,6,4,2,7,9,3,7,7,3,10,9,9,3,10,11,2,0,9,11,6,2,9,4,2,6,7,8,11,0,2,10,7,6,5,0,11,6,10,2,2,11,3,3,9,8,2,7,8,0,9,10,9,11,5,11,0,4,6,10,9,0,6,11,3,11,10,2,4,6,10,2,11,7,0,2,11,10,3,11,11,7,10,5,11,3,7,0,6,0,7,3,11,2,6,8,6,6,0,7,7,2,7,9,0,6,7,11,3,7,6,3,0,3,0,9,0,2,3,7,8,10,3,7,11,9,11,11,10,9,0,2,6,4,6,11,0
7,2,5,11,0,7,3,3,8,9,7,8,0,11,7,5,3,8,10,4,8,8,4,11,10,10,4,11,0,3,2,10,0,7,3,10,5,3,7,8,9,0,2,3,11,8,7,6,2,0,7,11,3,3,0,4,4,10,9,3,8,9,2,10,11,10,0,6,0,2,5,7,11,10,2,7,0,4,0,11,3,5,7,11,3,0,8,2,3,0,11,4,0,0,8,11,6,0,4,8,2,7,2,8,4,0,3,7,9,7,7,2,8,8,3,8,10,2,7,8,0,4,8,7,4,2,4,2,10,2,3,4,8,9,11,4,8,0,10,0,0,11,10,2,3,7,5,7,0,2
8,3,6,0,2,8,4,4,9,10,8,9,2,0,8,6,4,9,11,5,9,9,5,0,11,11,5,0,2,4,3,11,2,8,4,11,6,4,8,9,10,2,3,4,0,9,8,7,3,2,8,0,4,4,2,5,5,11,10,4,9,10,3,11,0,11,2,7,2,3,6,8,0,11,3,8,2,5,2,0,4,6,8,0,4,2,9,3,4,2,0,5,2,2,9,0,7,2,5,9,3,8,3,9,5,2,4,8,10,8,8,3,9,9,4,9,11,3,8,9,2,5,9,8,5,3,5,3,11,3,4,5,9,10,0,5,9,2,11,2,2,0,11,3,4,8,6,8,2,3
9,4,7,2,3,9,5,5,10,11,9,10,3,2,9,7,5,10,0,6,10,10,6,2,0,0,6,2,3,5,4,0,3,9,5,0,7,5,9,10,11,3,4,5,2,10,9,8,4,3,9,2,5,5,3,6,6,0,11,5,10,11,4,0,2,0,3,8,3,4,7,9,2,0,4,9,3,6,3,2,5,7,9,2,5,3,10,4,5,3,2,6,3,3,10,2,8,3,6,10,4,9,4,10,6,3,5,9,11,9,9,4,10,10,5,10,0,4,9,10,3,6,10,9,6,4,6,4,0,4,5,6,10,11,2,6,10,3,0,3,3,2,0,4,5,9,7,9,3,4
10,5,8,3,4,10,6,6,11,0,10,11,4,3,10,8,6,11,2,7,11,11,7,3,2,2,7,3,4,6,5,2,4,10,6,2,8,6,10,11,0,4,5,6,3,11,10,9,5,4,10,3,6,6,4,7,7,2,0,6,11,0,5,2,3,2,4,9,4,5,8,10,3,2,5,10,4,7,4,3,6,8,10,3,6,4,11,5,6,4,3,7,4,4,11,3,9,4,7,11,5,10,5,11,7,4,6,10,0,10,10,5,11,11,6,11,2,5,10,11,4,7,11,10,7,5,7,5,2,5,6,7,11,0,3,7,11,4,2,4,4,3,2,5,6,10,8,10,4,5
11,6,9,4,5,11,7,7,0,2,11,0,5,4,11,9,7,0,3,8,0,0,8,4,3,3,8,4,5,7,6,3,5,11,7,3,9,7,11,0,2,5,6,7,4,0,11,10,6,5,11,4,7,7,5,8,8,3,2,7,0,2,6,3,4,3,5,10,5,6,9,11,4,3,6,11,5,8,5,4,7,9,11,4,7,5,0,6,7,5,4,8,5,5,0,4,10,5,8,0,6,11,6,0,8,5,7,11,2,11,11,6,0,0,7,0,3,6,11,0,5,8,0,11,8,6,8,6,3,6,7,8,0,2,4,8,0,5,3,5,5,4,3,6,7,11,9,11,5,6
0,7,10,5,6,0,8,8,2,3,0,2,6,5,0,10,8,2,4,9,2,2,9,5,4,4,9,5,6,8,7,4,6,0,8,4,10,8,0,2,3,6,7,8,5,2,0,11,7,6,0,5,8,8,6,9,9,4,3,8,2,3,7,4,5,4,6,11,6,7,10,0,5,4,7,0,6,9,6,5,8,10,0,5,8,6,2,7,8,6,5,9,6,6,2,5,11,6,9,2,7,0,7,2,9,6,8,0,3,0,0,7,2,2,8,2,4,7,0,2,6,9,2,0,9,7,9,7,4,7,8,9,2,3,5,9,2,6,4,6,6,5,4,7,8,0,10,0,6,7
2,8,11,6,7,2,9,9,3,4,2,3,7,6,2,11,9,3,5,10,3,3,10,6,5,5,10,6,7,9,8,5,7,2,9,5,11,9,2,3,4,7,8,9,6,3,2,0,8,7,2,6,9,9,7,10,10,5,4,9,3,4,8,5,6,5,7,0,7,8,11,2,6,5,8,2,7,10,7,6,9,11,2,6,9,7,3,8,9,7,6,10,7,7,3,6,0,7,10,3,8,2,8,3,10,7,9,2,4,2,2,8,3,3,9,3,5,8,2,3,7,10,3,2,10,8,10,8,5,8,9,10,3,4,6,10,3,7,5,7,7,6,5,8,9,2,11,2,7,8
3,9,0,7,8,3,10,10,4,5,3,4,8,7,3,0,10,4,6,11,4,4,11,7,6,6,11,7,8,10,9,6,8,3,10,6,0,10,3,4,5,8,9,10,7,4,3,2,9,8,3,7,10,10,8,11,11,6,5,10,4,5,9,6,7,6,8,2,8,9,0,3,7,6,9,3,8,11,8,7,10,0,3,7,10,8,4,9,10,8,7,11,8,8,4,7,2,8,11,4,9,3,9,4,11,8,10,3,5,3,3,9,4,4,10,4,6,9,3,4,8,11,4,3,11,9,11,9,6,9,10,11,4,5,7,11,4,8,6,8,8,7,6,9,10,3,0,3,8,9
4,10,2,8,9,4,11,11,5,6,4,5,9,8,4,2,11,5,7,0,5,5,0,8,7,7,0,8,9,11,10,7,9,4,11,7,2,11,4,5,6,9,10,11,8,5,4,3,10,9,4,8,11,11,9,0,0,7,6,11,5,6,10,7,8,7,9,3,9,10,2,4,8,7,10,4,9,0,9,8,11,2,4,8,11,9,5,10,11,9,8,0,9,9,5,8,3,9,0,5,10,4,10,5,0,9,11,4,6,4,4,10,5,5,11,5,7,10,4,5,9,0,5,4,0,10,0,10,7,10,11,0,5,6,8,0,5,9,7,9,9,8,7,10,11,4,2,4,9,10
5,11,3,9,10,5,0,0,6,7,5,6,10,9,5,3,0,6,8,2,6,6,2,9,8,8,2,9,10,0,11,8,10,5,0,8,3,0,5,6,7,10,11,0,9,6,5,4,11,10,5,9,0,0,10,2,2,8,7,0,6,7,11,8,9,8,10,4,10,11,3,5,9,8,11,5,10,2,10,9,0,3,5,9,0,10,6,11,0,10,9,2,10,10,6,9,4,10,2,6,11,5,11,6,2,10,0,5,7,5,5,11,6,6,0,6,8,11,5,6,10,2,6,5,2,11,2,11,8,11,0,2,6,7,9,2,6,10,8,10,10,9,8,11,0,5,3,5,10,11
6,0,4,10,11,6,2,2,7,8,6,7,11,10,6,4,2,7,9,3,7,7,3,10,9,9,3,10,11,2,0,9,11,6,2,9,4,2,6,7,8,11,0,2,10,7,6,5,0,11,6,10,2,2,11,3,3,9,8,2,7,8,0,9,10,9,11,5,11,0,4,6,10,9,0,6,11,3,11,10,2,4,6,10,2,11,7,0,2,11,10,3,11,11,7,10,5,11,3,7,0,6,0,7,3,11,2,6,8,6,6,0,7,7,2,7,9,0,6,7,11,3,7,6,3,0,3,0,9,0,2,3,7,8,10,3,7,11,9,11,11,10,9,0,2,6,4,6,11,0
7,2,5,11,0,7,3,3,8,9,7,8,0,11,7,5,3,8,10,4,8,8,4,11,10,10,4,11,0,3,2,10,0,7,3,10,5,3,7,8,9,0,2,3,11,8,7,6,2,0,7,11,3,3,0,4,4,10,9,3,8,9,2,10,11,10,0,6,0,2,5,7,11,10,2,7,0,4,0,11,3,5,7,11,3,0,8,2,3,0,11,4,0,0,8,11,6,0,4,8,2,7,2,8,4,0,3,7,9,7,7,2,8,8,3,8,10,2,7,8,0,4,8,7,4,2,4,2,10,2,3,4,8,9,11,4,8,0,10,0,0,11,10,2,3,7,5,7,0,2
8,3,6,0,2,8,4,4,9,10,8,9,2,0,8,6,4,9,11,5,9,9,5,0,11,11,5,0,2,4,3,11,2,8,4,11,6,4,8,9,10,2,3,4,0,9,8,7,3,2,8,0,4,4,2,5,5,11,10,4,9,10,3,11,0,11,2,7,2,3,6,8,0,11,3,8,2,5,2,0,4,6,8,0,4,2,9,3,4,2,0,5,2,2,9,0,7,2,5,9,3,8,3,9,5,2,4,8,10,8,8,3,9,9,4,9,11,3,8,9,2,5,9,8,5,3,5,3,11,3,4,5,9,10,0,5,9,2,11,2,2,0,11,3,4,8,6,8,2,3
9,4,7,2,3,9,5,5,10,11,9,10,3,2,9,7,5,10,0,6,10,10,6,2,0,0,6,2,3,5,4,0,3,9,5,0,7,5,9,10,11,3,4,5,2,10,9,8,4,3,9,2,5,5,3,6,6,0,11,5,10,11,4,0,2,0,3,8,3,4,7,9,2,0,4,9,3,6,3,2,5,7,9,2,5,3,10,4,5,3,2,6,3,3,10,2,8,3,6,10,4,9,4,10,6,3,5,9,11,9,9,4,10,10,5,10,0,4,9,10,3,6,10,9,6,4,6,4,0,4,5,6,10,11,2,6,10,3,0,3,3,2,0,4,5,9,7,9,3,4
10,5,8,3,4,10,6,6,11,0,10,11,4,3,10,8,6,11,2,7,11,11,7,3,2,2,7,3,4,6,5,2,4,10,6,2,8,6,10,11,0,4,5,6,3,11,10,9,5,4,10,3,6,6,4,7,7,2,0,6,11,0,5,2,3,2,4,9,4,5,8,10,3,2,5,10,4,7,4,3,6,8,10,3,6,4,11,5,6,4,3,7,4,4,11,3,9,4,7,11,5,10,5,11,7,4,6,10,0,10,10,5,11,11,6,11,2,5,10,11,4,7,11,10,7,5,7,5,2,5,6,7,11,0,3,7,11,4,2,4,4,3,2,5,6,10,8,10,4,5
11,6,9,4,5,11,7,7,0,2,11,0,5,4,11,9,7,0,3,8,0,0,8,4,3,3,8,4,5,7,6,3,5,11,7,3,9,7,11,0,2,5,6,7,4,0,11,10,6,5,11,4,7,7,5,8,8,3,2,7,0,2,6,3,4,3,5,10,5,6,9,11,4,3,6,11,5,8,5,4,7,9,11,4,7,5,0,6,7,5,4,8,5,5,0,4,10,5,8,0,6,11,6,0,8,5,7,11,2,11,11,6,0,0,7,0,3,6,11,0,5,8,0,11,8,6,8,6,3,6,7,8,0,2,4,8,0,5,3,5,5,4,3,6,7,11,9,11,5,6
0,7,10,5,6,0,8,8,2,3,0,2,6,5,0,10,8,2,4,9,2,2,9,5,4,4,9,5,6,8,7,4,6,0,8,4,10,8,0,2,3,6,7,8,5,2,0,11,7,6,0,5,8,8,6,9,9,4,3,8,2,3,7,4,5,4,6,11,6,7,10,0,5,4,7,0,6,9,6,5,8,10,0,5,8,6,2,7,8,6,5,9,6,6,2,5,11,6,9,2,7,0,7,2,9,6,8,0,3,0,0,7,2,2,8,2,4,7,0,2,6,9,2,0,9,7,9,7,4,7,8,9,2,3,5,9,2,6,4,6,6,5,4,7,8,0,10,0,6,7
2,8,11,6,7,2,9,9,3,4,2,3,7,6,2,11,9,3,5,10,3,3,10,6,5,5,10,6,7,9,8,5,7,2,9,5,11,9,2,3,4,7,8,9,6,3,2,0,8,7,2,6,9,9,7,10,10,5,4,9,3,4,8,5,6,5,7,0,7,8,11,2,6,5,8,2,7,10,7,6,9,11,2,6,9,7,3,8,9,7,6,10,7,7,3,6,0,7,10,3,8,2,8,3,10,7,9,2,4,2,2,8,3,3,9,3,5,8,2,3,7,10,3,2,10,8,10,8,5,8,9,10,3,4,6,10,3,7,5,7,7,6,5,8,9,2,11,2,7,8
3,9,0,7,8,3,10,10,4,5,3,4,8,7,3,0,10,4,6,11,4,4,11,7,6,6,11,7,8,10,9,6,8,3,10,6,0,10,3,4,5,8,9,10,7,4,3,2,9,8,3,7,10,10,8,11,11,6,5,10,4,5,9,6,7,6,8,2,8,9,0,3,7,6,9,3,8,11,8,7,10,0,3,7,10,8,4,9,10,8,7,11,8,8,4,7,2,8,11,4,9,3,9,4,11,8,10,3,5,3,3,9,4,4,10,4,6,9,3,4,8,11,4,3,11,9,11,9,6,9,10,11,4,5,7,11,4,8,6,8,8,7,6,9,10,3,0,3,8,9
4,10,2,8,9,4,11,11,5,6,4,5,9,8,4,2,11,5,7,0,5,5,0,8,7,7,0,8,9,11,10,7,9,4,11,7,2,11,4,5,6,9,10,11,8,5,4,3,10,9,4,8,11,11,9,0,0,7,6,11,5,6,10,7,8,7,9,3,9,10,2,4,8,7,10,4,9,0,9,8,11,2,4,8,11,9,5,10,11,9,8,0,9,9,5,8,3,9,0,5,10,4,10,5,0,9,11,4,6,4,4,10,5,5,11,5,7,10,4,5,9,0,5,4,0,10,0,10,7,10,11,0,5,6,8,0,5,9,7,9,9,8,7,10,11,4,2,4,9,10
5,11,3,9,10,5,0,0,6,7,5,6,10,9,5,3,0,6,8,2,6,6,2,9,8,8,2,9,10,0,11,8,10,5,0,8,3,0,5,6,7,10,11,0,9,6,5,4,11,10,5,9,0,0,10,2,2,8,7,0,6,7,11,8,9,8,10,4,10,11,3,5,9,8,11,5,10,2,10,9,0,3,5,9,0,10,6,11,0,10,9,2,10,10,6,9,4,10,2,6,11,5,11,6,2,10,0,5,7,5,5,11,6,6,0,6,8,11,5,6,10,2,6,5,2,11,2,11,8,11,0,2,6,7,9,2,6,10,8,10,10,9,8,11,0,5,3,5,10,11
6,0,4,10,11,6,2,2,7,8,6,7,11,10,6,4,2,7,9,3,7,7,3,10,9,9,3,10,11,2,0,9,11,6,2,9,4,2,6,7,8,11,0,2,10,7,6,5,0,11,6,10,2,2,11,3,3,9,8,2,7,8,0,9,10,9,11,5,11,0,4,6,10,9,0,6,11,3,11,10,2,4,6,10,2,11,7,0,2,11,10,3,11,11,7,10,5,11,3,7,0,6,0,7,3,11,2,6,8,6,6,0,7,7,2,7,9,0,6,7,11,3,7,6,3,0,3,0,9,0,2,3,7,8,10,3,7,11,9,11,11,10,9,0,2,6,4,6,11,0
7,2,5,11,0,7,3,3,8,9,7,8,0,11,7,5,3,8,10,4,8,8,4,11,10,10,4,11,0,3,2,10,0,7,3,10,5,3,7,8,9,0,2,3,11,8,7,6,2,0,7,11,3,3,0,4,4,10,9,3,8,9,2,10,11,10,0,6,0,2,5,7,11,10,2,7,0,4,0,11,3,5,7,11,3,0,8,2,3,0,11,4,0,0,8,11,6,0,4,8,2,7,2,8,4,0,3,7,9,7,7,2,8,8,3,8,10,2,7,8,0,4,8,7,4,2,4,2,10,2,3,4,8,9,11,4,8,0,10,0,0,11,10,2,3,7,5,7,0,2
8,3,6,0,2,8,4,4,9,10,8,9,2,0,8,6,4,9,11,5,9,9,5,0,11,11,5,0,2,4,3,11,2,8,4,11,6,4,8,9,10,2,3,4,0,9,8,7,3,2,8,0,4,4,2,5,5,11,10,4,9,10,3,11,0,11,2,7,2,3,6,8,0,11,3,8,2,5,2,0,4,6,8,0,4,2,9,3,4,2,0,5,2,2,9,0,7,2,5,9,3,8,3,9,5,2,4,8,10,8,8,3,9,9,4,9,11,3,8,9,2,5,9,8,5,3,5,3,11,3,4,5,9,10,0,5,9,2,11,2,2,0,11,3,4,8,6,8,2,3
9,4,7,2,3,9,5,5,10,11,9,10,3,2,9,7,5,10,0,6,10,10,6,2,0,0,6,2,3,5,4,0,3,9,5,0,7,5,9,10,11,3,4,5,2,10,9,8,4,3,9,2,5,5,3,6,6,0,11,5,10,11,4,0,2,0,3,8,3,4,7,9,2,0,4,9,3,6,3,2,5,7,9,2,5,3,10,4,5,3,2,6,3,3,10,2,8,3,6,10,4,9,4,10,6,3,5,9,11,9,9,4,10,10,5,10,0,4,9,10,3,6,10,9,6,4,6,4,0,4,5,6,10,11,2,6,10,3,0,3,3,2,0,4,5,9,7,9,3,4
10,5,8,3,4,10,6,6,11,0,10,11,4,3,10,8,6,11,2,7,11,11,7,3,2,2,7,3,4,6,5,2,4,10,6,2,8,6,10,11,0,4,5,6,3,11,10,9,5,4,10,3,6,6,4,7,7,2,0,6,11,0,5,2,3,2,4,9,4,5,8,10,3,2,5,10,4,7,4,3,6,8,10,3,6,4,11,5,6,4,3,7,4,4,11,3,9,4,7,11,5,10,5,11,7,4,6,10,0,10,10,5,11,11,6,11,2,5,10,11,4,7,11,10,7,5,7,5,2,5,6,7,11,0,3,7,11,4,2,4,4,3,2,5,6,10,8,10,4,5
11,6,9,4,5,11,7,7,0,2,11,0,5,4,11,9,7,0,3,8,0,0,8,4,3,3,8,4,5,7,6,3,5,11,7,3,9,7,11,0,2,5,6,7,4,0,11,10,6,5,11,4,7,7,5,8,8,3,2,7,0,2,6,3,4,3,5,10,5,6,9,11,4,3,6,11,5,8,5,4,7,9,11,4,7,5,0,6,7,5,4,8,5,5,0,4,10,5,8,0,6,11,6,0,8,5,7,11,2,11,11,6,0,0,7,0,3,6,11,0,5,8,0,11,8,6,8,6,3,6,7,8,0,2,4,8,0,5,3,5,5,4,3,6,7,11,9,11,5,6
0,7,10,5,6,0,8,8,2,3,0,2,6,5,0,10,8,2,4,9,2,2,9,5,4,4,9,5,6,8,7,4,6,0,8,4,10,8,0,2,3,6,7,8,5,2,0,11,7,6,0,5,8,8,6,9,9,4,3,8,2,3,7,4,5,4,6,11,6,7,10,0,5,4,7,0,6,9,6,5,8,10,0,5,8,6,2,7,8,6,5,9,6,6,2,5,11,6,9,2,7,0,7,2,9,6,8,0,3,0,0,7,2,2,8,2,4,7,0,2,6,9,2,0,9,7,9,7,4,7,8,9,2,3,5,9,2,6,4,6,6,5,4,7,8,0,10,0,6,7
2,8,11,6,7,2,9,9,3,4,2,3,7,6,2,11,9,3,5,10,3,3,10,6,5,5,10,6,7,9,8,5,7,2,9,5,11,9,2,3,4,7,8,9,6,3,2,0,8,7,2,6,9,9,7,10,10,5,4,9,3,4,8,5,6,5,7,0,7,8,11,2,6,5,8,2,7,10,7,6,9,11,2,6,9,7,3,8,9,7,6,10,7,7,3,6,0,7,10,3,8,2,8,3,10,7,9,2,4,2,2,8,3,3,9,3,5,8,2,3,7,10,3,2,10,8,10,8,5,8,9,10,3,4,6,10,3,7,5,7,7,6,5,8,9,2,11,2,7,8
3,9,0,7,8,3,10,10,4,5,3,4,8,7,3,0,10,4,6,11,4,4,11,7,6,6,11,7,8,10,9,6,8,3,10,6,0,10,3,4,5,8,9,10,7,4,3,2,9,8,3,7,10,10,8,11,11,6,5,10,4,5,9,6,7,6,8,2,8,9,0,3,7,6,9,3,8,11,8,7,10,0,3,7,10,8,4,9,10,8,7,11,8,8,4,7,2,8,11,4,9,3,9,4,11,8,10,3,5,3,3,9,4,4,10,4,6,9,3,4,8,11,4,3,11,9,11,9,6,9,10,11,4,5,7,11,4,8,6,8,8,7,6,9,10,3,0,3,8,9
4,10,2,8,9,4,11,11,5,6,4,5,9,8,4,2,11,5,7,0,5,5,0,8,7,7,0,8,9,11,10,7,9,4,11,7,2,11,4,5,6,9,10,11,8,5,4,3,10,9,4,8,11,11,9,0,0,7,6,11,5,6,10,7,8,7,9,3,9,10,2,4,8,7,10,4,9,0,9,8,11,2,4,8,11,9,5,10,11,9,8,0,9,9,5,8,3,9,0,5,10,4,10,5,0,9,11,4,6,4,4,10,5,5,11,5,7,10,4,5,9,0,5,4,0,10,0,10,7,10,11,0,5,6,8,0,5,9,7,9,9,8,7,10,11,4,2,4,9,10
5,11,3,9,10,5,0,0,6,7,5,6,10,9,5,3,0,6,8,2,6,6,2,9,8,8,2,9,10,0,11,8,10,5,0,8,3,0,5,6,7,10,11,0,9,6,5,4,11,10,5,9,0,0,10,2,2,8,7,0,6,7,11,8,9,8,10,4,10,11,3,5,9,8,11,5,10,2,10,9,0,3,5,9,0,10,6,11,0,10,9,2,10,10,6,9,4,10,2,6,11,5,11,6,2,10,0,5,7,5,5,11,6,6,0,6,8,11,5,6,10,2,6,5,2,11,2,11,8,11,0,2,6,7,9,2,6,10,8,10,10,9,8,11,0,5,3,5,10,11
6,0,4,10,11,6,2,2,7,8,6,7,11,10,6,4,2,7,9,3,7,7,3,10,9,9,3,10,11,2,0,9,11,6,2,9,4,2,6,7,8,11,0,2,10,7,6,5,0,11,6,10,2,2,11,3,3,9,8,2,7,8,0,9,10,9,11,5,11,0,4,6,10,9,0,6,11,3,11,10,2,4,6,10,2,11,7,0,2,11,10,3,11,11,7,10,5,11,3,7,0,6,0,7,3,11,2,6,8,6,6,0,7,7,2,7,9,0,6,7,11,3,7,6,3,0,3,0,9,0,2,3,7,8,10,3,7,11,9,11,11,10,9,0,2,6,4,6,11,0
7,2,5,11,0,7,3,3,8,9,7,8,0,11,7,5,3,8,10,4,8,8,4,11,10,10,4,11,0,3,2,10,0,7,3,10,5,3,7,8,9,0,2,3,11,8,7,6,2,0,7,11,3,3,0,4,4,10,9,3,8,9,2,10,11,10,0,6,0,2,5,7,11,10,2,7,0,4,0,11,3,5,7,11,3,0,8,2,3,0,11,4,0,0,8,11,6,0,4,8,2,7,2,8,4,0,3,7,9,7,7,2,8,8,3,8,10,2,7,8,0,4,8,7,4,2,4,2,10,2,3,4,8,9,11,4,8,0,10,0,0,11,10,2,3,7,5,7,0,2
8,3,6,0,2,8,4,4,9,10,8,9,2,0,8,6,4,9,11,5,9,9,5,0,11,11,5,0,2,4,3,11,2,8,4,11,6,4,8,9,10,2,3,4,0,9,8,7,3,2,8,0,4,4,2,5,5,11,10,4,9,10,3,11,0,11,2,7,2,3,6,8,0,11,3,8,2,5,2,0,4,6,8,0,4,2,9,3,4,2,0,5,2,2,9,0,7,2,5,9,3,8,3,9,5,2,4,8,10,8,8,3,9,9,4,9,11,3,8,9,2,5,9,8,5,3,5,3,11,3,4,5,9,10,0,5,9,2,11,2,2,0,11,3,4,8,6,8,2,3
9,4,7,2,3,9,5,5,10,11,9,10,3,2,9,7,5,10,0,6,10,10,6,2,0,0,6,2,3,5,4,0,3,9,5,0,7,5,9,10,11,3,4,5,2,10,9,8,4,3,9,2,5,5,3,6,6,0,11,5,10,11,4,0,2,0,3,8,3,4,7,9,2,0,4,9,3,6,3,2,5,7,9,2,5,3,10,4,5,3,2,6,3,3,10,2,8,3,6,10,4,9,4,10,6,3,5,9,11,9,9,4,10,10,5,10,0,4,9,10,3,6,10,9,6,4,6,4,0,4,5,6,10,11,2,6,10,3,0,3,3,2,0,4,5,9,7,9,3,4
10,5,8,3,4,10,6,6,11,0,10,11,4,3,10,8,6,11,2,7,11,11,7,3,2,2,7,3,4,6,5,2,4,10,6,2,8,6,10,11,0,4,5,6,3,11,10,9,5,4,10,3,6,6,4,7,7,2,0,6,11,0,5,2,3,2,4,9,4,5,8,10,3,2,5,10,4,7,4,3,6,8,10,3,6,4,11,5,6,4,3,7,4,4,11,3,9,4,7,11,5,10,5,11,7,4,6,10,0,10,10,5,11,11,6,11,2,5,10,11,4,7,11,10,7,5,7,5,2,5,6,7,11,0,3,7,11,4,2,4,4,3,2,5,6,10,8,10,4,5
11,6,9,4,5,11,7,7,0,2,11,0,5,4,11,9,7,0,3,8,0,0,8,4,3,3,8,4,5,7,6,3,5,11,7,3,9,7,11,0,2,5,6,7,4,0,11,10,6,5,11,4,7,7,5,8,8,3,2,7,0,2,6,3,4,3,5,10,5,6,9,11,4,3,6,11,5,8,5,4,7,9,11,4,7,5,0,6,7,5,4,8,5,5,0,4,10,5,8,0,6,11,6,0,8,5,7,11,2,11,11,6,0,0,7,0,3,6,11,0,5,8,0,11,8,6,8,6,3,6,7,8,0,2,4,8,0,5,3,5,5,4,3,6,7,11,9,11,5,6
0,7,10,5,6,0,8,8,2,3,0,2,6,5,0,10,8,2,4,9,2,2,9,5,4,4,9,5,6,8,7,4,6,0,8,4,10,8,0,2,3,6,7,8,5,2,0,11,7,6,0,5,8,8,6,9,9,4,3,8,2,3,7,4,5,4,6,11,6,7,10,0,5,4,7,0,6,9,6,5,8,10,0,5,8,6,2,7,8,6,5,9,6,6,2,5,11,6,9,2,7,0,7,2,9,6,8,0,3,0,0,7,2,2,8,2,4,7,0,2,6,9,2,0,9,7,9,7,4,7,8,9,2,3,5,9,2,6,4,6,6,5,4,7,8,0,10,0,6,7
2,8,11,6,7,2,9,9,3,4,2,3,7,6,2,11,9,3,5,10,3,3,10,6,5,5,10,6,7,9,8,5,7,2,9,5,11,9,2,3,4,7,8,9,6,3,2,0,8,7,2,6,9,9,7,10,10,5,4,9,3,4,8,5,6,5,7,0,7,8,11,2,6,5,8,2,7,10,7,6,9,11,2,6,9,7,3,8,9,7,6,10,7,7,3,6,0,7,10,3,8,2,8,3,10,7,9,2,4,2,2,8,3,3,9,3,5,8,2,3,7,10,3,2,10,8,10,8,5,8,9,10,3,4,6,10,3,7,5,7,7,6,5,8,9,2,11,2,7,8
3,9,0,7,8,3,10,10,4,5,3,4,8,7,3,0,10,4,6,11,4,4,11,7,6,6,11,7,8,10,9,6,8,3,10,6,0,10,3,4,5,8,9,10,7,4,3,2,9,8,3,7,10,10,8,11,11,6,5,10,4,5,9,6,7,6,8,2,8,9,0,3,7,6,9,3,8,11,8,7,10,0,3,7,10,8,4,9,10,8,7,11,8,8,4,7,2,8,11,4,9,3,9,4,11,8,10,3,5,3,3,9,4,4,10,4,6,9,3,4,8,11,4,3,11,9,11,9,6,9,10,11,4,5,7,11,4,8,6,8,8,7,6,9,10,3,0,3,8,9
4,10,2,8,9,4,11,11,5,6,4,5,9,8,4,2,11,5,7,0,5,5,0,8,7,7,0,8,9,11,10,7,9,4,11,7,2,11,4,5,6,9,10,11,8,5,4,3,10,9,4,8,11,11,9,0,0,7,6,11,5,6,10,7,8,7,9,3,9,10,2,4,8,7,10,4,9,0,9,8,11,2,4,8,11,9,5,10,11,9,8,0,9,9,5,8,3,9,0,5,10,4,10,5,0,9,11,4,6,4,4,10,5,5,11,5,7,10,4,5,9,0,5,4,0,10,0,10,7,10,11,0,5,6,8,0,5,9,7,9,9,8,7,10,11,4,2,4,9,10
5,11,3,9,10,5,0,0,6,7,5,6,10,9,5,3,0,6,8,2,6,6,2,9,8,8,2,9,10,0,11,8,10,5,0,8,3,0,5,6,7,10,11,0,9,6,5,4,11,10,5,9,0,0,10,2,2,8,7,0,6,7,11,8,9,8,10,4,10,11,3,5,9,8,11,5,10,2,10,9,0,3,5,9,0,10,6,11,0,10,9,2,10,10,6,9,4,10,2,6,11,5,11,6,2,10,0,5,7,5,5,11,6,6,0,6,8,11,5,6,10,2,6,5,2,11,2,11,8,11,0,2,6,7,9,2,6,10,8,10,10,9,8,11,0,5,3,5,10,11
6,0,4,10,11,6,2,2,7,8,6,7,11,10,6,4,2,7,9,3,7,7,3,10,9,9,3,10,11,2,0,9,11,6,2,9,4,2,6,7,8,11,0,2,10,7,6,5,0,11,6,10,2,2,11,3,3,9,8,2,7,8,0,9,10,9,11,5,11,0,4,6,10,9,0,6,11,3,11,10,2,4,6,10,2,11,7,0,2,11,10,3,11,11,7,10,5,11,3,7,0,6,0,7,3,11,2,6,8,6,6,0,7,7,2,7,9,0,6,7,11,3,7,6,3,0,3,0,9,0,2,3,7,8,10,3,7,11,9,11,11,10,9,0,2,6,4,6,11,0
7,2,5,11,0,7,3,3,8,9,7,8,0,11,7,5,3,8,10,4,8,8,4,11,10,10,4,11,0,3,2,10,0,7,3,10,5,3,7,8,9,0,2,3,11,8,7,6,2,0,7,11,3,3,0,4,4,10,9,3,8,9,2,10,11,10,0,6,0,2,5,7,11,10,2,7,0,4,0,11,3,5,7,11,3,0,8,2,3,0,11,4,0,0,8,11,6,0,4,8,2,7,2,8,4,0,3,7,9,7,7,2,8,8,3,8,10,2,7,8,0,4,8,7,4,2,4,2,10,2,3,4,8,9,11,4,8,0,10,0,0,11,10,2,3,7,5,7,0,2
8,3,6,0,2,8,4,4,9,10,8,9,2,0,8,6,4,9,11,5,9,9,5,0,11,11,5,0,2,4,3,11,2,8,4,11,6,4,8,9,10,2,3,4,0,9,8,7,3,2,8,0,4,4,2,5,5,11,10,4,9,10,3,11,0,11,2,7,2,3,6,8,0,11,3,8,2,5,2,0,4,6,8,0,4,2,9,3,4,2,0,5,2,2,9,0,7,2,5,9,3,8,3,9,5,2,4,8,10,8,8,3,9,9,4,9,11,3,8,9,2,5,9,8,5,3,5,3,11,3,4,5,9,10,0,5,9,2,11,2,2,0,11,3,4,8,6,8,2,3
9,4,7,2,3,9,5,5,10,11,9,10,3,2,9,7,5,10,0,6,10,10,6,2,0,0,6,2,3,5,4,0,3,9,5,0,7,5,9,10,11,3,4,5,2,10,9,8,4,3,9,2,5,5,3,6,6,0,11,5,10,11,4,0,2,0,3,8,3,4,7,9,2,0,4,9,3,6,3,2,5,7,9,2,5,3,10,4,5,3,2,6,3,3,10,2,8,3,6,10,4,9,4,10,6,3,5,9,11,9,9,4,10,10,5,10,0,4,9,10,3,6,10,9,6,4,6,4,0,4,5,6,10,11,2,6,10,3,0,3,3,2,0,4,5,9,7,9,3,4
10,5,8,3,4,10,6,6,11,0,10,11,4,3,10,8,6,11,2,7,11,11,7,3,2,2,7,3,4,6,5,2,4,10,6,2,8,6,10,11,0,4,5,6,3,11,10,9,5,4,10,3,6,6,4,7,7,2,0,6,11,0,5,2,3,2,4,9,4,5,8,10,3,2,5,10,4,7,4,3,6,8,10,3,6,4,11,5,6,4,3,7,4,4,11,3,9,4,7,11,5,10,5,11,7,4,6,10,0,10,10,5,11,11,6,11,2,5,10,11,4,7,11,10,7,5,7,5,2,5,6,7,11,0,3,7,11,4,2,4,4,3,2,5,6,10,8,10,4,5
11,6,9,4,5,11,7,7,0,2,11,0,5,4,11,9,7,0,3,8,0,0,8,4,3,3,8,4,5,7,6,3,5,11,7,3,9,7,11,0,2,5,6,7,4,0,11,10,6,5,11,4,7,7,5,8,8,3,2,7,0,2,6,3,4,3,5,10,5,6,9,11,4,3,6,11,5,8,5,4,7,9,11,4,7,5,0,6,7,5,4,8,5,5,0,4,10,5,8,0,6,11,6,0,8,5,7,11,2,11,11,6,0,0,7,0,3,6,11,0,5,8,0,11,8,6,8,6,3,6,7,8,0,2,4,8,0,5,3,5,5,4,3,6,7,11,9,11,5,6
0,7,10,5,6,0,8,8,2,3,0,2,6,5,0,10,8,2,4,9,2,2,9,5,4,4,9,5,6,8,7,4,6,0,8,4,10,8,0,2,3,6,7,8,5,2,0,11,7,6,0,5,8,8,6,9,9,4,3,8,2,3,7,4,5,4,6,11,6,7,10,0,5,4,7,0,6,9,6,5,8,10,0,5,8,6,2,7,8,6,5,9,6,6,2,5,11,6,9,2,7,0,7,2,9,6,8,0,3,0,0,7,2,2,8,2,4,7,0,2,6,9,2,0,9,7,9,7,4,7,8,9,2,3,5,9,2,6,4,6,6,5,4,7,8,0,10,0,6,7
2,8,11,6,7,2,9,9,3,4,2,3,7,6,2,11,9,3,5,10,3,3,10,6,5,5,10,6,7,9,8,5,7,2,9,5,11,9,2,3,4,7,8,9,6,3,2,0,8,7,2,6,9,9,7,10,10,5,4,9,3,4,8,5,6,5,7,0,7,8,11,2,6,5,8,2,7,10,7,6,9,11,2,6,9,7,3,8,9,7,6,10,7,7,3,6,0,7,10,3,8,2,8,3,10,7,9,2,4,2,2,8,3,3,9,3,5,8,2,3,7,10,3,2,10,8,10,8,5,8,9,10,3,4,6,10,3,7,5,7,7,6,5,8,9,2,11,2,7,8
3,9,0,7,8,3,10,10,4,5,3,4,8,7,3,0,10,4,6,11,4,4,11,7,6,6,11,7,8,10,9,6,8,3,10,6,0,10,3,4,5,8,9,10,7,4,3,2,9,8,3,7,10,10,8,11,11,6,5,10,4,5,9,6,7,6,8,2,8,9,0,3,7,6,9,3,8,11,8,7,10,0,3,7,10,8,4,9,10,8,7,11,8,8,4,7,2,8,11,4,9,3,9,4,11,8,10,3,5,3,3,9,4,4,10,4,6,9,3,4,8,11,4,3,11,9,11,9,6,9,10,11,4,5,7,11,4,8,6,8,8,7,6,9,10,3,0,3,8,9
4,10,2,8,9,4,11,11,5,6,4,5,9,8,4,2,11,5,7,0,5,5,0,8,7,7,0,8,9,11,10,7,9,4,11,7,2,11,4,5,6,9,10,11,8,5,4,3,10,9,4,8,11,11,9,0,0,7,6,11,5,6,10,7,8,7,9,3,9,10,2,4,8,7,10,4,9,0,9,8,11,2,4,8,11,9,5,10,11,9,8,0,9,9,5,8,3,9,0,5,10,4,10,5,0,9,11,4,6,4,4,10,5,5,11,5,7,10,4,5,9,0,5,4,0,10,0,10,7,10,11,0,5,6,8,0,5,9,7,9,9,8,7,10,11,4,2,4,9,10
5,11,3,9,10,5,0,0,6,7,5,6,10,9,5,3,0,6,8,2,6,6,2,9,8,8,2,9,10,0,11,8,10,5,0,8,3,0,5,6,7,10,11,0,9,6,5,4,11,10,5,9,0,0,10,2,2,8,7,0,6,7,11,8,9,8,10,4,10,11,3,5,9,8,11,5,10,2,10,9,0,3,5,9,0,10,6,11,0,10,9,2,10,10,6,9,4,10,2,6,11,5,11,6,2,10,0,5,7,5,5,11,6,6,0,6,8,11,5,6,10,2,6,5,2,11,2,11,8,11,0,2,6,7,9,2,6,10,8,10,10,9,8,11,0,5,3,5,10,11
6,0,4,10,11,6,2,2,7,8,6,7,11,10,6,4,2,7,9,3,7,7,3,10,9,9,3,10,11,2,0,9,11,6,2,9,4,2,6,7,8,11,0,2,10,7,6,5,0,11,6,10,2,2,11,3,3,9,8,2,7,8,0,9,10,9,11,5,11,0,4,6,10,9,0,6,11,3,11,10,2,4,6,10,2,11,7,0,2,11,10,3,11,11,7,10,5,11,3,7,0,6,0,7,3,11,2,6,8,6,6,0,7,7,2,7,9,0,6,7,11,3,7,6,3,0,3,0,9,0,2,3,7,8,10,3,7,11,9,11,11,10,9,0,2,6,4,6,11,0
7,2,5,11,0,7,3,3,8,9,7,8,0,11,7,5,3,8,10,4,8,8,4,11,10,10,4,11,0,3,2,10,0,7,3,10,5,3,7,8,9,0,2,3,11,8,7,6,2,0,7,11,3,3,0,4,4,10,9,3,8,9,2,10,11,10,0,6,0,2,5,7,11,10,2,7,0,4,0,11,3,5,7,11,3,0,8,2,3,0,11,4,0,0,8,11,6,0,4,8,2,7,2,8,4,0,3,7,9,7,7,2,8,8,3,8,10,2,7,8,0,4,8,7,4,2,4,2,10,2,3,4,8,9,11,4,8,0,10,0,0,11,10,2,3,7,5,7,0,2
8,3,6,0,2,8,4,4,9,10,8,9,2,0,8,6,4,9,11,5,9,9,5,0,11,11,5,0,2,4,3,11,2,8,4,11,6,4,8,9,10,2,3,4,0,9,8,7,3,2,8,0,4,4,2,5,5,11,10,4,9,10,3,11,0,11,2,7,2,3,6,8,0,11,3,8,2,5,2,0,4,6,8,0,4,2,9,3,4,2,0,5,2,2,9,0,7,2,5,9,3,8,3,9,5,2,4,8,10,8,8,3,9,9,4,9,11,3,8,9,2,5,9,8,5,3,5,3,11,3,4,5,9,10,0,5,9,2,11,2,2,0,11,3,4,8,6,8,2,3
9,4,7,2,3,9,5,5,10,11,9,10,3,2,9,7,5,10,0,6,10,10,6,2,0,0,6,2,3,5,4,0,3,9,5,0,7,5,9,10,11,3,4,5,2,10,9,8,4,3,9,2,5,5,3,6,6,0,11,5,10,11,4,0,2,0,3,8,3,4,7,9,2,0,4,9,3,6,3,2,5,7,9,2,5,3,10,4,5,3,2,6,3,3,10,2,8,3,6,10,4,9,4,10,6,3,5,9,11,9,9,4,10,10,5,10,0,4,9,10,3,6,10,9,6,4,6,4,0,4,5,6,10,11,2,6,10,3,0,3,3,2,0,4,5,9,7,9,3,4
10,5,8,3,4,10,6,6,11,0,10,11,4,3,10,8,6,11,2,7,11,11,7,3,2,2,7,3,4,6,5,2,4,10,6,2,8,6,10,11,0,4,5,6,3,11,10,9,5,4,10,3,6,6,4,7,7,2,0,6,11,0,5,2,3,2,4,9,4,5,8,10,3,2,5,10,4,7,4,3,6,8,10,3,6,4,11,5,6,4,3,7,4,4,11,3,9,4,7,11,5,10,5,11,7,4,6,10,0,10,10,5,11,11,6,11,2,5,10,11,4,7,11,10,7,5,7,5,2,5,6,7,11,0,3,7,11,4,2,4,4,3,2,5,6,10,8,10,4,5
11,6,9,4,5,11,7,7,0,2,11,0,5,4,11,9,7,0,3,8,0,0,8,4,3,3,8,4,5,7,6,3,5,11,7,3,9,7,11,0,2,5,6,7,4,0,11,10,6,5,11,4,7,7,5,8,8,3,2,7,0,2,6,3,4,3,5,10,5,6,9,11,4,3,6,11,5,8,5,4,7,9,11,4,7,5,0,6,7,5,4,8,5,5,0,4,10,5,8,0,6,11,6,0,8,5,7,11,2,11,11,6,0,0,7,0,3,6,11,0,5,8,0,11,8,6,8,6,3,6,7,8,0,2,4,8,0,5,3,5,5,4,3,6,7,11,9,11,5,6
0,7,10,5,6,0,8,8,2,3,0,2,6,5,0,10,8,2,4,9,2,2,9,5,4,4,9,5,6,8,7,4,6,0,8,4,10,8,0,2,3,6,7,8,5,2,0,11,7,6,0,5,8,8,6,9,9,4,3,8,2,3,7,4,5,4,6,11,6,7,10,0,5,4,7,0,6,9,6,5,8,10,0,5,8,6,2,7,8,6,5,9,6,6,2,5,11,6,9,2,7,0,7,2,9,6,8,0,3,0,0,7,2,2,8,2,4,7,0,2,6,9,2,0,9,7,9,7,4,7,8,9,2,3,5,9,2,6,4,6,6,5,4,7,8,0,10,0,6,7
2,8,11,6,7,2,9,9,3,4,2,3,7,6,2,11,9,3,5,10,3,3,10,6,5,5,10,6,7,9,8,5,7,2,9,5,11,9,2,3,4,7,8,9,6,3,2,0,8,7,2,6,9,9,7,10,10,5,4,9,3,4,8,5,6,5,7,0,7,8,11,2,6,5,8,2,7,10,7,6,9,11,2,6,9,7,3,8,9,7,6,10,7,7,3,6,0,7,10,3,8,2,8,3,10,7,9,2,4,2,2,8,3,3,9,3,5,8,2,3,7,10,3,2,10,8,10,8,5,8,9,10,3,4,6,10,3,7,5,7,7,6,5,8,9,2,11,2,7,8
3,9,0,7,8,3,10,10,4,5,3,4,8,7,3,0,10,4,6,11,4,4,11,7,6,6,11,7,8,10,9,6,8,3,10,6,0,10,3,4,5,8,9,10,7,4,3,2,9,8,3,7,10,10,8,11,11,6,5,10,4,5,9,6,7,6,8,2,8,9,0,3,7,6,9,3,8,11,8,7,10,0,3,7,10,8,4,9,10,8,7,11,8,8,4,7,2,8,11,4,9,3,9,4,11,8,10,3,5,3,3,9,4,4,10,4,6,9,3,4,8,11,4,3,11,9,11,9,6,9,10,11,4,5,7,11,4,8,6,8,8,7,6,9,10,3,0,3,8,9
4,10,2,8,9,4,11,11,5,6,4,5,9,8,4,2,11,5,7,0,5,5,0,8,7,7,0,8,9,11,10,7,9,4,11,7,2,11,4,5,6,9,10,11,8,5,4,3,10,9,4,8,11,11,9,0,0,7,6,11,5,6,10,7,8,7,9,3,9,10,2,4,8,7,10,4,9,0,9,8,11,2,4,8,11,9,5,10,11,9,8,0,9,9,5,8,3,9,0,5,10,4,10,5,0,9,11,4,6,4,4,10,5,5,11,5,7,10,4,5,9,0,5,4,0,10,0,10,7,10,11,0,5,6,8,0,5,9,7,9,9,8,7,10,11,4,2,4,9,10
5,11,3,9,10,5,0,0,6,7,5,6,10,9,5,3,0,6,8,2,6,6,2,9,8,8,2,9,10,0,11,8,10,5,0,8,3,0,5,6,7,10,11,0,9,6,5,4,11,10,5,9,0,0,10,2,2,8,7,0,6,7,11,8,9,8,10,4,10,11,3,5,9,8,11,5,10,2,10,9,0,3,5,9,0,10,6,11,0,10,9,2,10,10,6,9,4,10,2,6,11,5,11,6,2,10,0,5,7,5,5,11,6,6,0,6,8,11,5,6,10,2,6,5,2,11,2,11,8,11,0,2,6,7,9,2,6,10,8,10,10,9,8,11,0,5,3,5,10,11
6,0,4,10,11,6,2,2,7,8,6,7,11,10,6,4,2,7,9,3,7,7,3,10,9,9,3,10,11,2,0,9,11,6,2,9,4,2,6,7,8,11,0,2,10,7,6,5,0,11,6,10,2,2,11,3,3,9,8,2,7,8,0,9,10,9,11,5,11,0,4,6,10,9,0,6,11,3,11,10,2,4,6,10,2,11,7,0,2,11,10,3,11,11,7,10,5,11,3,7,0,6,0,7,3,11,2,6,8,6,6,0,7,7,2,7,9,0,6,7,11,3,7,6,3,0,3,0,9,0,2,3,7,8,10,3,7,11,9,11,11,10,9,0,2,6,4,6,11,0
7,2,5,11,0,7,3,3,8,9,7,8,0,11,7,5,3,8,10,4,8,8,4,11,10,10,4,11,0,3,2,10,0,7,3,10,5,3,7,8,9,0,2,3,11,8,7,6,2,0,7,11,3,3,0,4,4,10,9,3,8,9,2,10,11,10,0,6,0,2,5,7,11,10,2,7,0,4,0,11,3,5,7,11,3,0,8,2,3,0,11,4,0,0,8,11,6,0,4,8,2,7,2,8,4,0,3,7,9,7,7,2,8,8,3,8,10,2,7,8,0,4,8,7,4,2,4,2,10,2,3,4,8,9,11,4,8,0,10,0,0,11,10,2,3,7,5,7,0,2
8,3,6,0,2,8,4,4,9,10,8,9,2,0,8,6,4,9,11,5,9,9,5,0,11,11,5,0,2,4,3,11,2,8,4,11,6,4,8,9,10,2,3,4,0,9,8,7,3,2,8,0,4,4,2,5,5,11,10,4,9,10,3,11,0,11,2,7,2,3,6,8,0,11,3,8,2,5,2,0,4,6,8,0,4,2,9,3,4,2,0,5,2,2,9,0,7,2,5,9,3,8,3,9,5,2,4,8,10,8,8,3,9,9,4,9,11,3,8,9,2,5,9,8,5,3,5,3,11,3,4,5,9,10,0,5,9,2,11,2,2,0,11,3,4,8,6,8,2,3
9,4,7,2,3,9,5,5,10,11,9,10,3,2,9,7,5,10,0,6,10,10,6,2,0,0,6,2,3,5,4,0,3,9,5,0,7,5,9,10,11,3,4,5,2,10,9,8,4,3,9,2,5,5,3,6,6,0,11,5,10,11,4,0,2,0,3,8,3,4,7,9,2,0,4,9,3,6,3,2,5,7,9,2,5,3,10,4,5,3,2,6,3,3,10,2,8,3,6,10,4,9,4,10,6,3,5,9,11,9,9,4,10,10,5,10,0,4,9,10,3,6,10,9,6,4,6,4,0,4,5,6,10,11,2,6,10,3,0,3,3,2,0,4,5,9,7,9,3,4
10,5,8,3,4,10,6,6,11,0,10,11,4,3,10,8,6,11,2,7,11,11,7,3,2,2,7,3,4,6,5,2,4,10,6,2,8,6,10,11,0,4,5,6,3,11,10,9,5,4,10,3,6,6,4,7,7,2,0,6,11,0,5,2,3,2,4,9,4,5,8,10,3,2,5,10,4,7,4,3,6,8,10,3,6,4,11,5,6,4,3,7,4,4,11,3,9,4,7,11,5,10,5,11,7,4,6,10,0,10,10,5,11,11,6,11,2,5,10,11,4,7,11,10,7,5,7,5,2,5,6,7,11,0,3,7,11,4,2,4,4,3,2,5,6,10,8,10,4,5
11,6,9,4,5,11,7,7,0,2,11,0,5,4,11,9,7,0,3,8,0,0,8,4,3,3,8,4,5,7,6,3,5,11,7,3,9,7,11,0,2,5,6,7,4,0,11,10,6,5,11,4,7,7,5,8,8,3,2,7,0,2,6,3,4,3,5,10,5,6,9,11,4,3,6,11,5,8,5,4,7,9,11,4,7,5,0,6,7,5,4,8,5,5,0,4,10,5,8,0,6,11,6,0,8,5,7,11,2,11,11,6,0,0,7,0,3,6,11,0,5,8,0,11,8,6,8,6,3,6,7,8,0,2,4,8,0,5,3,5,5,4,3,6,7,11,9,11,5,6
0,7,10,5,6,0,8,8,2,3,0,2,6,5,0,10,8,2,4,9,2,2,9,5,4,4,9,5,6,8,7,4,6,0,8,4,10,8,0,2,3,6,7,8,5,2,0,11,7,6,0,5,8,8,6,9,9,4,3,8,2,3,7,4,5,4,6,11,6,7,10,0,5,4,7,0,6,9,6,5,8,10,0,5,8,6,2,7,8,6,5,9,6,6,2,5,11,6,9,2,7,0,7,2,9,6,8,0,3,0,0,7,2,2,8,2,4,7,0,2,6,9,2,0,9,7,9,7,4,7,8,9,2,3,5,9,2,6,4,6,6,5,4,7,8,0,10,0,6,7
2,8,11,6,7,2,9,9,3,4,2,3,7,6,2,11,9,3,5,10,3,3,10,6,5,5,10,6,7,9,8,5,7,2,9,5,11,9,2,3,4,7,8,9,6,3,2,0,8,7,2,6,9,9,7,10,10,5,4,9,3,4,8,5,6,5,7,0,7,8,11,2,6,5,8,2,7,10,7,6,9,11,2,6,9,7,3,8,9,7,6,10,7,7,3,6,0,7,10,3,8,2,8,3,10,7,9,2,4,2,2,8,3,3,9,3,5,8,2,3,7,10,3,2,10,8,10,8,5,8,9,10,3,4,6,10,3,7,5,7,7,6,5,8,9,2,11,2,7,8
3,9,0,7,8,3,10,10,4,5,3,4,8,7,3,0,10,4,6,11,4,4,11,7,6,6,11,7,8,10,9,6,8,3,10,6,0,10,3,4,5,8,9,10,7,4,3,2,9,8,3,7,10,10,8,11,11,6,5,10,4,5,9,6,7,6,8,2,8,9,0,3,7,6,9,3,8,11,8,7,10,0,3,7,10,8,4,9,10,8,7,11,8,8,4,7,2,8,11,4,9,3,9,4,11,8,10,3,5,3,3,9,4,4,10,4,6,9,3,4,8,11,4,3,11,9,11,9,6,9,10,11,4,5,7,11,4,8,6,8,8,7,6,9,10,3,0,3,8,9
4,10,2,8,9,4,11,11,5,6,4,5,9,8,4,2,11,5,7,0,5,5,0,8,7,7,0,8,9,11,10,7,9,4,11,7,2,11,4,5,6,9,10,11,8,5,4,3,10,9,4,8,11,11,9,0,0,7,6,11,5,6,10,7,8,7,9,3,9,10,2,4,8,7,10,4,9,0,9,8,11,2,4,8,11,9,5,10,11,9,8,0,9,9,5,8,3,9,0,5,10,4,10,5,0,9,11,4,6,4,4,10,5,5,11,5,7,10,4,5,9,0,5,4,0,10,0,10,7,10,11,0,5,6,8,0,5,9,7,9,9,8,7,10,11,4,2,4,9,10
5,11,3,9,10,5,0,0,6,7,5,6,10,9,5,3,0,6,8,2,6,6,2,9,8,8,2,9,10,0,11,8,10,5,0,8,3,0,5,6,7,10,11,0,9,6,5,4,11,10,5,9,0,0,10,2,2,8,7,0,6,7,11,8,9,8,10,4,10,11,3,5,9,8,11,5,10,2,10,9,0,3,5,9,0,10,6,11,0,10,9,2,10,10,6,9,4,10,2,6,11,5,11,6,2,10,0,5,7,5,5,11,6,6,0,6,8,11,5,6,10,2,6,5,2,11,2,11,8,11,0,2,6,7,9,2,6,10,8,10,10,9,8,11,0,5,3,5,10,11
6,0,4,10,11,6,2,2,7,8,6,7,11,10,6,4,2,7,9,3,7,7,3,10,9,9,3,10,11,2,0,9,11,6,2,9,4,2,6,7,8,11,0,2,10,7,6,5,0,11,6,10,2,2,11,3,3,9,8,2,7,8,0,9,10,9,11,5,11,0,4,6,10,9,0,6,11,3,11,10,2,4,6,10,2,11,7,0,2,11,10,3,11,11,7,10,5,11,3,7,0,6,0,7,3,11,2,6,8,6,6,0,7,7,2,7,9,0,6,7,11,3,7,6,3,0,3,0,9,0,2,3,7,8,10,3,7,11,9,11,11,10,9,0,2,6,4,6,11,0
7,2,5,11,0,7,3,3,8,9,7,8,0,11,7,5,3,8,10,4,8,8,4,11,10,10,4,11,0,3,2,10,0,7,3,10,5,3,7,8,9,0,2,3,11,8,7,6,2,0,7,11,3,3,0,4,4,10,9,3,8,9,2,10,11,10,0,6,0,2,5,7,11,10,2,7,0,4,0,11,3,5,7,11,3,0,8,2,3,0,11,4,0,0,8,11,6,0,4,8,2,7,2,8,4,0,3,7,9,7,7,2,8,8,3,8,10,2,7,8,0,4,8,7,4,2,4,2,10,2,3,4,8,9,11,4,8,0,10,0,0,11,10,2,3,7,5,7,0,2
8,3,6,0,2,8,4,4,9,10,8,9,2,0,8,6,4,9,11,5,9,9,5,0,11,11,5,0,2,4,3,11,2,8,4,11,6,4,8,9,10,2,3,4,0,9,8,7,3,2,8,0,4,4,2,5,5,11,10,4,9,10,3,11,0,11,2,7,2,3,6,8,0,11,3,8,2,5,2,0,4,6,8,0,4,2,9,3,4,2,0,5,2,2,9,0,7,2,5,9,3,8,3,9,5,2,4,8,10,8,8,3,9,9,4,9,11,3,8,9,2,5,9,8,5,3,5,3,11,3,4,5,9,10,0,5,9,2,11,2,2,0,11,3,4,8,6,8,2,3
9,4,7,2,3,9,5,5,10,11,9,10,3,2,9,7,5,10,0,6,10,10,6,2,0,0,6,2,3,5,4,0,3,9,5,0,7,5,9,10,11,3,4,5,2,10,9,8,4,3,9,2,5,5,3,6,6,0,11,5,10,11,4,0,2,0,3,8,3,4,7,9,2,0,4,9,3,6,3,2,5,7,9,2,5,3,10,4,5,3,2,6,3,3,10,2,8,3,6,10,4,9,4,10,6,3,5,9,11,9,9,4,10,10,5,10,0,4,9,10,3,6,10,9,6,4,6,4,0,4,5,6,10,11,2,6,10,3,0,3,3,2,0,4,5,9,7,9,3,4
10,5,8,3,4,10,6,6,11,0,10,11,4,3,10,8,6,11,2,7,11,11,7,3,2,2,7,3,4,6,5,2,4,10,6,2,8,6,10,11,0,4,5,6,3,11,10,9,5,4,10,3,6,6,4,7,7,2,0,6,11,0,5,2,3,2,4,9,4,5,8,10,3,2,5,10,4,7,4,3,6,8,10,3,6,4,11,5,6,4,3,7,4,4,11,3,9,4,7,11,5,10,5,11,7,4,6,10,0,10,10,5,11,11,6,11,2,5,10,11,4,7,11,10,7,5,7,5,2,5,6,7,11,0,3,7,11,4,2,4,4,3,2,5,6,10,8,10,4,5
11,6,9,4,5,11,7,7,0,2,11,0,5,4,11,9,7,0,3,8,0,0,8,4,3,3,8,4,5,7,6,3,5,11,7,3,9,7,11,0,2,5,6,7,4,0,11,10,6,5,11,4,7,7,5,8,8,3,2,7,0,2,6,3,4,3,5,10,5,6,9,11,4,3,6,11,5,8,5,4,7,9,11,4,7,5,0,6,7,5,4,8,5,5,0,4,10,5,8,0,6,11,6,0,8,5,7,11,2,11,11,6,0,0,7,0,3,6,11,0,5,8,0,11,8,6,8,6,3,6,7,8,0,2,4,8,0,5,3,5,5,4,3,6,7,11,9,11,5,6
0,7,10,5,6,0,8,8,2,3,0,2,6,5,0,10,8,2,4,9,2,2,9,5,4,4,9,5,6,8,7,4,6,0,8,4,10,8,0,2,3,6,7,8,5,2,0,11,7,6,0,5,8,8,6,9,9,4,3,8,2,3,7,4,5,4,6,11,6,7,10,0,5,4,7,0,6,9,6,5,8,10,0,5,8,6,2,7,8,6,5,9,6,6,2,5,11,6,9,2,7,0,7,2,9,6,8,0,3,0,0,7,2,2,8,2,4,7,0,2,6,9,2,0,9,7,9,7,4,7,8,9,2,3,5,9,2,6,4,6,6,5,4,7,8,0,10,0,6,7
2,8,11,6,7,2,9,9,3,4,2,3,7,6,2,11,9,3,5,10,3,3,10,6,5,5,10,6,7,9,8,5,7,2,9,5,11,9,2,3,4,7,8,9,6,3,2,0,8,7,2,6,9,9,7,10,10,5,4,9,3,4,8,5,6,5,7,0,7,8,11,2,6,5,8,2,7,10,7,6,9,11,2,6,9,7,3,8,9,7,6,10,7,7,3,6,0,7,10,3,8,2,8,3,10,7,9,2,4,2,2,8,3,3,9,3,5,8,2,3,7,10,3,2,10,8,10,8,5,8,9,10,3,4,6,10,3,7,5,7,7,6,5,8,9,2,11,2,7,8
3,9,0,7,8,3,10,10,4,5,3,4,8,7,3,0,10,4,6,11,4,4,11,7,6,6,11,7,8,10,9,6,8,3,10,6,0,10,3,4,5,8,9,10,7,4,3,2,9,8,3,7,10,10,8,11,11,6,5,10,4,5,9,6,7,6,8,2,8,9,0,3,7,6,9,3,8,11,8,7,10,0,3,7,10,8,4,9,10,8,7,11,8,8,4,7,2,8,11,4,9,3,9,4,11,8,10,3,5,3,3,9,4,4,10,4,6,9,3,4,8,11,4,3,11,9,11,9,6,9,10,11,4,5,7,11,4,8,6,8,8,7,6,9,10,3,0,3,8,9
4,10,2,8,9,4,11,11,5,6,4,5,9,8,4,2,11,5,7,0,5,5,0,8,7,7,0,8,9,11,10,7,9,4,11,7,2,11,4,5,6,9,10,11,8,5,4,3,10,9,4,8,11,11,9,0,0,7,6,11,5,6,10,7,8,7,9,3,9,10,2,4,8,7,10,4,9,0,9,8,11,2,4,8,11,9,5,10,11,9,8,0,9,9,5,8,3,9,0,5,10,4,10,5,0,9,11,4,6,4,4,10,5,5,11,5,7,10,4,5,9,0,5,4,0,10,0,10,7,10,11,0,5,6,8,0,5,9,7,9,9,8,7,10,11,4,2,4,9,10
5,11,3,9,10,5,0,0,6,7,5,6,10,9,5,3,0,6,8,2,6,6,2,9,8,8,2,9,10,0,11,8,10,5,0,8,3,0,5,6,7,10,11,0,9,6,5,4,11,10,5,9,0,0,10,2,2,8,7,0,6,7,11,8,9,8,10,4,10,11,3,5,9,8,11,5,10,2,10,9,0,3,5,9,0,10,6,11,0,10,9,2,10,10,6,9,4,10,2,6,11,5,11,6,2,10,0,5,7,5,5,11,6,6,0,6,8,11,5,6,10,2,6,5,2,11,2,11,8,11,0,2,6,7,9,2,6,10,8,10,10,9,8,11,0,5,3,5,10,11
6,0,4,10,11,6,2,2,7,8,6,7,11,10,6,4,2,7,9,3,7,7,3,10,9,9,3,10,11,2,0,9,11,6,2,9,4,2,6,7,8,11,0,2,10,7,6,5,0,11,6,10,2,2,11,3,3,9,8,2,7,8,0,9,10,9,11,5,11,0,4,6,10,9,0,6,11,3,11,10,2,4,6,10,2,11,7,0,2,11,10,3,11,11,7,10,5,11,3,7,0,6,0,7,3,11,2,6,8,6,6,0,7,7,2,7,9,0,6,7,11,3,7,6,3,0,3,0,9,0,2,3,7,8,10,3,7,11,9,11,11,10,9,0,2,6,4,6,11,0
7,2,5,11,0,7,3,3,8,9,7,8,0,11,7,5,3,8,10,4,8,8,4,11,10,10,4,11,0,3,2,10,0,7,3,10,5,3,7,8,9,0,2,3,11,8,7,6,2,0,7,11,3,3,0,4,4,10,9,3,8,9,2,10,11,10,0,6,0,2,5,7,11,10,2,7,0,4,0,11,3,5,7,11,3,0,8,2,3,0,11,4,0,0,8,11,6,0,4,8,2,7,2,8,4,0,3,7,9,7,7,2,8,8,3,8,10,2,7,8,0,4,8,7,4,2,4,2,10,2,3,4,8,9,11,4,8,0,10,0,0,11,10,2,3,7,5,7,0,2
8,3,6,0,2,8,4,4,9,10,8,9,2,0,8,6,4,9,11,5,9,9,5,0,11,11,5,0,2,4,3,11,2,8,4,11,6,4,8,9,10,2,3,4,0,9,8,7,3,2,8,0,4,4,2,5,5,11,10,4,9,10,3,11,0,11,2,7,2,3,6,8,0,11,3,8,2,5,2,0,4,6,8,0,4,2,9,3,4,2,0,5,2,2,9,0,7,2,5,9,3,8,3,9,5,2,4,8,10,8,8,3,9,9,4,9,11,3,8,9,2,5,9,8,5,3,5,3,11,3,4,5,9,10,0,5,9,2,11,2,2,0,11,3,4,8,6,8,2,3
9,4,7,2,3,9,5,5,10,11,9,10,3,2,9,7,5,10,0,6,10,10,6,2,0,0,6,2,3,5,4,0,3,9,5,0,7,5,9,10,11,3,4,5,2,10,9,8,4,3,9,2,5,5,3,6,6,0,11,5,10,11,4,0,2,0,3,8,3,4,7,9,2,0,4,9,3,6,3,2,5,7,9,2,5,3,10,4,5,3,2,6,3,3,10,2,8,3,6,10,4,9,4,10,6,3,5,9,11,9,9,4,10,10,5,10,0,4,9,10,3,6,10,9,6,4,6,4,0,4,5,6,10,11,2,6,10,3,0,3,3,2,0,4,5,9,7,9,3,4
10,5,8,3,4,10,6,6,11,0,10,11,4,3,10,8,6,11,2,7,11,11,7,3,2,2,7,3,4,6,5,2,4,10,6,2,8,6,10,11,0,4,5,6,3,11,10,9,5,4,10,3,6,6,4,7,7,2,0,6,11,0,5,2,3,2,4,9,4,5,8,10,3,2,5,10,4,7,4,3,6,8,10,3,6,4,11,5,6,4,3,7,4,4,11,3,9,4,7,11,5,10,5,11,7,4,6,10,0,10,10,5,11,11,6,11,2,5,10,11,4,7,11,10,7,5,7,5,2,5,6,7,11,0,3,7,11,4,2,4,4,3,2,5,6,10,8,10,4,5
11,6,9,4,5,11,7,7,0,2,11,0,5,4,11,9,7,0,3,8,0,0,8,4,3,3,8,4,5,7,6,3,5,11,7,3,9,7,11,0,2,5,6,7,4,0,11,10,6,5,11,4,7,7,5,8,8,3,2,7,0,2,6,3,4,3,5,10,5,6,9,11,4,3,6,11,5,8,5,4,7,9,11,4,7,5,0,6,7,5,4,8,5,5,0,4,10,5,8,0,6,11,6,0,8,5,7,11,2,11,11,6,0,0,7,0,3,6,11,0,5,8,0,11,8,6,8,6,3,6,7,8,0,2,4,8,0,5,3,5,5,4,3,6,7,11,9,11,5,6
0,7,10,5,6,0,8,8,2,3,0,2,6,5,0,10,8,2,4,9,2,2,9,5,4,4,9,5,6,8,7,4,6,0,8,4,10,8,0,2,3,6,7,8,5,2,0,11,7,6,0,5,8,8,6,9,9,4,3,8,2,3,7,4,5,4,6,11,6,7,10,0,5,4,7,0,6,9,6,5,8,10,0,5,8,6,2,7,8,6,5,9,6,6,2,5,11,6,9,2,7,0,7,2,9,6,8,0,3,0,0,7,2,2,8,2,4,7,0,2,6,9,2,0,9,7,9,7,4,7,8,9,2,3,5,9,2,6,4,6,6,5,4,7,8,0,10,0,6,7
2,8,11,6,7,2,9,9,3,4,2,3,7,6,2,11,9,3,5,10,3,3,10,6,5,5,10,6,7,9,8,5,7,2,9,5,11,9,2,3,4,7,8,9,6,3,2,0,8,7,2,6,9,9,7,10,10,5,4,9,3,4,8,5,6,5,7,0,7,8,11,2,6,5,8,2,7,10,7,6,9,11,2,6,9,7,3,8,9,7,6,10,7,7,3,6,0,7,10,3,8,2,8,3,10,7,9,2,4,2,2,8,3,3,9,3,5,8,2,3,7,10,3,2,10,8,10,8,5,8,9,10,3,4,6,10,3,7,5,7,7,6,5,8,9,2,11,2,7,8
3,9,0,7,8,3,10,10,4,5,3,4,8,7,3,0,10,4,6,11,4,4,11,7,6,6,11,7,8,10,9,6,8,3,10,6,0,10,3,4,5,8,9,10,7,4,3,2,9,8,3,7,10,10,8,11,11,6,5,10,4,5,9,6,7,6,8,2,8,9,0,3,7,6,9,3,8,11,8,7,10,0,3,7,10,8,4,9,10,8,7,11,8,8,4,7,2,8,11,4,9,3,9,4,11,8,10,3,5,3,3,9,4,4,10,4,6,9,3,4,8,11,4,3,11,9,11,9,6,9,10,11,4,5,7,11,4,8,6,8,8,7,6,9,10,3,0,3,8,9
4,10,2,8,9,4,11,11,5,6,4,5,9,8,4,2,11,5,7,0,5,5,0,8,7,7,0,8,9,11,10,7,9,4,11,7,2,11,4,5,6,9,10,11,8,5,4,3,10,9,4,8,11,11,9,0,0,7,6,11,5,6,10,7,8,7,9,3,9,10,2,4,8,7,10,4,9,0,9,8,11,2,4,8,11,9,5,10,11,9,8,0,9,9,5,8,3,9,0,5,10,4,10,5,0,9,11,4,6,4,4,10,5,5,11,5,7,10,4,5,9,0,5,4,0,10,0,10,7,10,11,0,5,6,8,0,5,9,7,9,9,8,7,10,11,4,2,4,9,10
5,11,3,9,10,5,0,0,6,7,5,6,10,9,5,3,0,6,8,2,6,6,2,9,8,8,2,9,10,0,11,8,10,5,0,8,3,0,5,6,7,10,11,0,9,6,5,4,11,10,5,9,0,0,10,2,2,8,7,0,6,7,11,8,9,8,10,4,10,11,3,5,9,8,11,5,10,2,10,9,0,3,5,9,0,10,6,11,0,10,9,2,10,10,6,9,4,10,2,6,11,5,11,6,2,10,0,5,7,5,5,11,6,6,0,6,8,11,5,6,10,2,6,5,2,11,2,11,8,11,0,2,6,7,9,2,6,10,8,10,10,9,8,11,0,5,3,5,10,11
6,0,4,10,11,6,2,2,7,8,6,7,11,10,6,4,2,7,9,3,7,7,3,10,9,9,3,10,11,2,0,9,11,6,2,9,4,2,6,7,8,11,0,2,10,7,6,5,0,11,6,10,2,2,11,3,3,9,8,2,7,8,0,9,10,9,11,5,11,0,4,6,10,9,0,6,11,3,11,10,2,4,6,10,2,11,7,0,2,11,10,3,11,11,7,10,5,11,3,7,0,6,0,7,3,11,2,6,8,6,6,0,7,7,2,7,9,0,6,7,11,3,7,6,3,0,3,0,9,0,2,3,7,8,10,3,7,11,9,11,11,10,9,0,2,6,4,6,11,0
7,2,5,11,0,7,3,3,8,9,7,8,0,11,7,5,3,8,10,4,8,8,4,11,10,10,4,11,0,3,2,10,0,7,3,10,5,3,7,8,9,0,2,3,11,8,7,6,2,0,7,11,3,3,0,4,4,10,9,3,8,9,2,10,11,10,0,6,0,2,5,7,11,10,2,7,0,4,0,11,3,5,7,11,3,0,8,2,3,0,11,4,0,0,8,11,6,0,4,8,2,7,2,8,4,0,3,7,9,7,7,2,8,8,3,8,10,2,7,8,0,4,8,7,4,2,4,2,10,2,3,4,8,9,11,4,8,0,10,0,0,11,10,2,3,7,5,7,0,2
8,3,6,0,2,8,4,4,9,10,8,9,2,0,8,6,4,9,11,5,9,9,5,0,11,11,5,0,2,4,3,11,2,8,4,11,6,4,8,9,10,2,3,4,0,9,8,7,3,2,8,0,4,4,2,5,5,11,10,4,9,10,3,11,0,11,2,7,2,3,6,8,0,11,3,8,2,5,2,0,4,6,8,0,4,2,9,3,4,2,0,5,2,2,9,0,7,2,5,9,3,8,3,9,5,2,4,8,10,8,8,3,9,9,4,9,11,3,8,9,2,5,9,8,5,3,5,3,11,3,4,5,9,10,0,5,9,2,11,2,2,0,11,3,4,8,6,8,2,3
9,4,7,2,3,9,5,5,10,11,9,10,3,2,9,7,5,10,0,6,10,10,6,2,0,0,6,2,3,5,4,0,3,9,5,0,7,5,9,10,11,3,4,5,2,10,9,8,4,3,9,2,5,5,3,6,6,0,11,5,10,11,4,0,2,0,3,8,3,4,7,9,2,0,4,9,3,6,3,2,5,7,9,2,5,3,10,4,5,3,2,6,3,3,10,2,8,3,6,10,4,9,4,10,6,3,5,9,11,9,9,4,10,10,5,10,0,4,9,10,3,6,10,9,6,4,6,4,0,4,5,6,10,11,2,6,10,3,0,3,3,2,0,4,5,9,7,9,3,4
10,5,8,3,4,10,6,6,11,0,10,11,4,3,10,8,6,11,2,7,11,11,7,3,2,2,7,3,4,6,5,2,4,10,6,2,8,6,10,11,0,4,5,6,3,11,10,9,5,4,10,3,6,6,4,7,7,2,0,6,11,0,5,2,3,2,4,9,4,5,8,10,3,2,5,10,4,7,4,3,6,8,10,3,6,4,11,5,6,4,3,7,4,4,11,3,9,4,7,11,5,10,5,11,7,4,6,10,0,10,10,5,11,11,6,11,2,5,10,11,4,7,11,10,7,5,7,5,2,5,6,7,11,0,3,7,11,4,2,4,4,3,2,5,6,10,8,10,4,5
11,6,9,4,5,11,7,7,0,2,11,0,5,4,11,9,7,0,3,8,0,0,8,4,3,3,8,4,5,7,6,3,5,11,7,3,9,7,11,0,2,5,6,7,4,0,11,10,6,5,11,4,7,7,5,8,8,3,2,7,0,2,6,3,4,3,5,10,5,6,9,11,4,3,6,11,5,8,5,4,7,9,11,4,7,5,0,6,7,5,4,8,5,5,0,4,10,5,8,0,6,11,6,0,8,5,7,11,2,11,11,6,0,0,7,0,3,6,11,0,5,8,0,11,8,6,8,6,3,6,7,8,0,2,4,8,0,5,3,5,5,4,3,6,7,11,9,11,5,6
0,7,10,5,6,0,8,8,2,3,0,2,6,5,0,10,8,2,4,9,2,2,9,5,4,4,9,5,6,8,7,4,6,0,8,4,10,8,0,2,3,6,7,8,5,2,0,11,7,6,0,5,8,8,6,9,9,4,3,8,2,3,7,4,5,4,6,11,6,7,10,0,5,4,7,0,6,9,6,5,8,10,0,5,8,6,2,7,8,6,5,9,6,6,2,5,11,6,9,2,7,0,7,2,9,6,8,0,3,0,0,7,2,2,8,2,4,7,0,2,6,9,2,0,9,7,9,7,4,7,8,9,2,3,5,9,2,6,4,6,6,5,4,7,8,0,10,0,6,7
2,8,11,6,7,2,9,9,3,4,2,3,7,6,2,11,9,3,5,10,3,3,10,6,5,5,10,6,7,9,8,5,7,2,9,5,11,9,2,3,4,7,8,9,6,3,2,0,8,7,2,6,9,9,7,10,10,5,4,9,3,4,8,5,6,5,7,0,7,8,11,2,6,5,8,2,7,10,7,6,9,11,2,6,9,7,3,8,9,7,6,10,7,7,3,6,0,7,10,3,8,2,8,3,10,7,9,2,4,2,2,8,3,3,9,3,5,8,2,3,7,10,3,2,10,8,10,8,5,8,9,10,3,4,6,10,3,7,5,7,7,6,5,8,9,2,11,2,7,8
3,9,0,7,8,3,10,10,4,5,3,4,8,7,3,0,10,4,6,11,4,4,11,7,6,6,11,7,8,10,9,6,8,3,10,6,0,10,3,4,5,8,9,10,7,4,3,2,9,8,3,7,10,10,8,11,11,6,5,10,4,5,9,6,7,6,8,2,8,9,0,3,7,6,9,3,8,11,8,7,10,0,3,7,10,8,4,9,10,8,7,11,8,8,4,7,2,8,11,4,9,3,9,4,11,8,10,3,5,3,3,9,4,4,10,4,6,9,3,4,8,11,4,3,11,9,11,9,6,9,10,11,4,5,7,11,4,8,6,8,8,7,6,9,10,3,0,3,8,9
4,10,2,8,9,4,11,11,5,6,4,5,9,8,4,2,11,5,7,0,5,5,0,8,7,7,0,8,9,11,10,7,9,4,11,7,2,11,4,5,6,9,10,11,8,5,4,3,10,9,4,8,11,11,9,0,0,7,6,11,5,6,10,7,8,7,9,3,9,10,2,4,8,7,10,4,9,0,9,8,11,2,4,8,11,9,5,10,11,9,8,0,9,9,5,8,3,9,0,5,10,4,10,5,0,9,11,4,6,4,4,10,5,5,11,5,7,10,4,5,9,0,5,4,0,10,0,10,7,10,11,0,5,6,8,0,5,9,7,9,9,8,7,10,11,4,2,4,9,10
5,11,3,9,10,5,0,0,6,7,5,6,10,9,5,3,0,6,8,2,6,6,2,9,8,8,2,9,10,0,11,8,10,5,0,8,3,0,5,6,7,10,11,0,9,6,5,4,11,10,5,9,0,0,10,2,2,8,7,0,6,7,11,8,9,8,10,4,10,11,3,5,9,8,11,5,10,2,10,9,0,3,5,9,0,10,6,11,0,10,9,2,10,10,6,9,4,10,2,6,11,5,11,6,2,10,0,5,7,5,5,11,6,6,0,6,8,11,5,6,10,2,6,5,2,11,2,11,8,11,0,2,6,7,9,2,6,10,8,10,10,9,8,11,0,5,3,5,10,11
6,0,4,10,11,6,2,2,7,8,6,7,11,10,6,4,2,7,9,3,7,7,3,10,9,9,3,10,11,2,0,9,11,6,2,9,4,2,6,7,8,11,0,2,10,7,6,5,0,11,6,10,2,2,11,3,3,9,8,2,7,8,0,9,10,9,11,5,11,0,4,6,10,9,0,6,11,3,11,10,2,4,6,10,2,11,7,0,2,11,10,3,11,11,7,10,5,11,3,7,0,6,0,7,3,11,2,6,8,6,6,0,7,7,2,7,9,0,6,7,11,3,7,6,3,0,3,0,9,0,2,3,7,8,10,3,7,11,9,11,11,10,9,0,2,6,4,6,11,0
7,2,5,11,0,7,3,3,8,9,7,8,0,11,7,5,3,8,10,4,8,8,4,11,10,10,4,11,0,3,2,10,0,7,3,10,5,3,7,8,9,0,2,3,11,8,7,6,2,0,7,11,3,3,0,4,4,10,9,3,8,9,2,10,11,10,0,6,0,2,5,7,11,10,2,7,0,4,0,11,3,5,7,11,3,0,8,2,3,0,11,4,0,0,8,11,6,0,4,8,2,7,2,8,4,0,3,7,9,7,7,2,8,8,3,8,10,2,7,8,0,4,8,7,4,2,4,2,10,2,3,4,8,9,11,4,8,0,10,0,0,11,10,2,3,7,5,7,0,2
8,3,6,0,2,8,4,4,9,10,8,9,2,0,8,6,4,9,11,5,9,9,5,0,11,11,5,0,2,4,3,11,2,8,4,11,6,4,8,9,10,2,3,4,0,9,8,7,3,2,8,0,4,4,2,5,5,11,10,4,9,10,3,11,0,11,2,7,2,3,6,8,0,11,3,8,2,5,2,0,4,6,8,0,4,2,9,3,4,2,0,5,2,2,9,0,7,2,5,9,3,8,3,9,5,2,4,8,10,8,8,3,9,9,4,9,11,3,8,9,2,5,9,8,5,3,5,3,11,3,4,5,9,10,0,5,9,2,11,2,2,0,11,3,4,8,6,8,2,3
9,4,7,2,3,9,5,5,10,11,9,10,3,2,9,7,5,10,0,6,10,10,6,2,0,0,6,2,3,5,4,0,3,9,5,0,7,5,9,10,11,3,4,5,2,10,9,8,4,3,9,2,5,5,3,6,6,0,11,5,10,11,4,0,2,0,3,8,3,4,7,9,2,0,4,9,3,6,3,2,5,7,9,2,5,3,10,4,5,3,2,6,3,3,10,2,8,3,6,10,4,9,4,10,6,3,5,9,11,9,9,4,10,10,5,10,0,4,9,10,3,6,10,9,6,4,6,4,0,4,5,6,10,11,2,6,10,3,0,3,3,2,0,4,5,9,7,9,3,4
10,5,8,3,4,10,6,6,11,0,10,11,4,3,10,8,6,11,2,7,11,11,7,3,2,2,7,3,4,6,5,2,4,10,6,2,8,6,10,11,0,4,5,6,3,11,10,9,5,4,10,3,6,6,4,7,7,2,0,6,11,0,5,2,3,2,4,9,4,5,8,10,3,2,5,10,4,7,4,3,6,8,10,3,6,4,11,5,6,4,3,7,4,4,11,3,9,4,7,11,5,10,5,11,7,4,6,10,0,10,10,5,11,11,6,11,2,5,10,11,4,7,11,10,7,5,7,5,2,5,6,7,11,0,3,7,11,4,2,4,4,3,2,5,6,10,8,10,4,5
11,6,9,4,5,11,7,7,0,2,11,0,5,4,11,9,7,0,3,8,0,0,8,4,3,3,8,4,5,7,6,3,5,11,7,3,9,7,11,0,2,5,6,7,4,0,11,10,6,5,11,4,7,7,5,8,8,3,2,7,0,2,6,3,4,3,5,10,5,6,9,11,4,3,6,11,5,8,5,4,7,9,11,4,7,5,0,6,7,5,4,8,5,5,0,4,10,5,8,0,6,11,6,0,8,5,7,11,2,11,11,6,0,0,7,0,3,6,11,0,5,8,0,11,8,6,8,6,3,6,7,8,0,2,4,8,0,5,3,5,5,4,3,6,7,11,9,11,5,6
0,7,10,5,6,0,8,8,2,3,0,2,6,5,0,10,8,2,4,9,2,2,9,5,4,4,9,5,6,8,7,4,6,0,8,4,10,8,0,2,3,6,7,8,5,2,0,11,7,6,0,5,8,8,6,9,9,4,3,8,2,3,7,4,5,4,6,11,6,7,10,0,5,4,7,0,6,9,6,5,8,10,0,5,8,6,2,7,8,6,5,9,6,6,2,5,11,6,9,2,7,0,7,2,9,6,8,0,3,0,0,7,2,2,8,2,4,7,0,2,6,9,2,0,9,7,9,7,4,7,8,9,2,3,5,9,2,6,4,6,6,5,4,7,8,0,10,0,6,7
2,8,11,6,7,2,9,9,3,4,2,3,7,6,2,11,9,3,5,10,3,3,10,6,5,5,10,6,7,9,8,5,7,2,9,5,11,9,2,3,4,7,8,9,6,3,2,0,8,7,2,6,9,9,7,10,10,5,4,9,3,4,8,5,6,5,7,0,7,8,11,2,6,5,8,2,7,10,7,6,9,11,2,6,9,7,3,8,9,7,6,10,7,7,3,6,0,7,10,3,8,2,8,3,10,7,9,2,4,2,2,8,3,3,9,3,5,8,2,3,7,10,3,2,10,8,10,8,5,8,9,10,3,4,6,10,3,7,5,7,7,6,5,8,9,2,11,2,7,8
3,9,0,7,8,3,10,10,4,5,3,4,8,7,3,0,10,4,6,11,4,4,11,7,6,6,11,7,8,10,9,6,8,3,10,6,0,10,3,4,5,8,9,10,7,4,3,2,9,8,3,7,10,10,8,11,11,6,5,10,4,5,9,6,7,6,8,2,8,9,0,3,7,6,9,3,8,11,8,7,10,0,3,7,10,8,4,9,10,8,7,11,8,8,4,7,2,8,11,4,9,3,9,4,11,8,10,3,5,3,3,9,4,4,10,4,6,9,3,4,8,11,4,3,11,9,11,9,6,9,10,11,4,5,7,11,4,8,6,8,8,7,6,9,10,3,0,3,8,9
4,10,2,8,9,4,11,11,5,6,4,5,9,8,4,2,11,5,7,0,5,5,0,8,7,7,0,8,9,11,10,7,9,4,11,7,2,11,4,5,6,9,10,11,8,5,4,3,10,9,4,8,11,11,9,0,0,7,6,11,5,6,10,7,8,7,9,3,9,10,2,4,8,7,10,4,9,0,9,8,11,2,4,8,11,9,5,10,11,9,8,0,9,9,5,8,3,9,0,5,10,4,10,5,0,9,11,4,6,4,4,10,5,5,11,5,7,10,4,5,9,0,5,4,0,10,0,10,7,10,11,0,5,6,8,0,5,9,7,9,9,8,7,10,11,4,2,4,9,10
5,11,3,9,10,5,0,0,6,7,5,6,10,9,5,3,0,6,8,2,6,6,2,9,8,8,2,9,10,0,11,8,10,5,0,8,3,0,5,6,7,10,11,0,9,6,5,4,11,10,5,9,0,0,10,2,2,8,7,0,6,7,11,8,9,8,10,4,10,11,3,5,9,8,11,5,10,2,10,9,0,3,5,9,0,10,6,11,0,10,9,2,10,10,6,9,4,10,2,6,11,5,11,6,2,10,0,5,7,5,5,11,6,6,0,6,8,11,5,6,10,2,6,5,2,11,2,11,8,11,0,2,6,7,9,2,6,10,8,10,10,9,8,11,0,5,3,5,10,11
6,0,4,10,11,6,2,2,7,8,6,7,11,10,6,4,2,7,9,3,7,7,3,10,9,9,3,10,11,2,0,9,11,6,2,9,4,2,6,7,8,11,0,2,10,7,6,5,0,11,6,10,2,2,11,3,3,9,8,2,7,8,0,9,10,9,11,5,11,0,4,6,10,9,0,6,11,3,11,10,2,4,6,10,2,11,7,0,2,11,10,3,11,11,7,10,5,11,3,7,0,6,0,7,3,11,2,6,8,6,6,0,7,7,2,7,9,0,6,7,11,3,7,6,3,0,3,0,9,0,2,3,7,8,10,3,7,11,9,11,11,10,9,0,2,6,4,6,11,0
7,2,5,11,0,7,3,3,8,9,7,8,0,11,7,5,3,8,10,4,8,8,4,11,10,10,4,11,0,3,2,10,0,7,3,10,5,3,7,8,9,0,2,3,11,8,7,6,2,0,7,11,3,3,0,4,4,10,9,3,8,9,2,10,11,10,0,6,0,2,5,7,11,10,2,7,0,4,0,11,3,5,7,11,3,0,8,2,3,0,11,4,0,0,8,11,6,0,4,8,2,7,2,8,4,0,3,7,9,7,7,2,8,8,3,8,10,2,7,8,0,4,8,7,4,2,4,2,10,2,3,4,8,9,11,4,8,0,10,0,0,11,10,2,3,7,5,7,0,2
8,3,6,0,2,8,4,4,9,10,8,9,2,0,8,6,4,9,11,5,9,9,5,0,11,11,5,0,2,4,3,11,2,8,4,11,6,4,8,9,10,2,3,4,0,9,8,7,3,2,8,0,4,4,2,5,5,11,10,4,9,10,3,11,0,11,2,7,2,3,6,8,0,11,3,8,2,5,2,0,4,6,8,0,4,2,9,3,4,2,0,5,2,2,9,0,7,2,5,9,3,8,3,9,5,2,4,8,10,8,8,3,9,9,4,9,11,3,8,9,2,5,9,8,5,3,5,3,11,3,4,5,9,10,0,5,9,2,11,2,2,0,11,3,4,8,6,8,2,3
9,4,7,2,3,9,5,5,10,11,9,10,3,2,9,7,5,10,0,6,10,10,6,2,0,0,6,2,3,5,4,0,3,9,5,0,7,5,9,10,11,3,4,5,2,10,9,8,4,3,9,2,5,5,3,6,6,0,11,5,10,11,4,0,2,0,3,8,3,4,7,9,2,0,4,9,3,6,3,2,5,7,9,2,5,3,10,4,5,3,2,6,3,3,10,2,8,3,6,10,4,9,4,10,6,3,5,9,11,9,9,4,10,10,5,10,0,4,9,10,3,6,10,9,6,4,6,4,0,4,5,6,10,11,2,6,10,3,0,3,3,2,0,4,5,9,7,9,3,4
10,5,8,3,4,10,6,6,11,0,10,11,4,3,10,8,6,11,2,7,11,11,7,3,2,2,7,3,4,6,5,2,4,10,6,2,8,6,10,11,0,4,5,6,3,11,10,9,5,4,10,3,6,6,4,7,7,2,0,6,11,0,5,2,3,2,4,9,4,5,8,10,3,2,5,10,4,7,4,3,6,8,10,3,6,4,11,5,6,4,3,7,4,4,11,3,9,4,7,11,5,10,5,11,7,4,6,10,0,10,10,5,11,11,6,11,2,5,10,11,4,7,11,10,7,5,7,5,2,5,6,7,11,0,3,7,11,4,2,4,4,3,2,5,6,10,8,10,4,5
11,6,9,4,5,11,7,7,0,2,11,0,5,4,11,9,7,0,3,8,0,0,8,4,3,3,8,4,5,7,6,3,5,11,7,3,9,7,11,0,2,5,6,7,4,0,11,10,6,5,11,4,7,7,5,8,8,3,2,7,0,2,6,3,4,3,5,10,5,6,9,11,4,3,6,11,5,8,5,4,7,9,11,4,7,5,0,6,7,5,4,8,5,5,0,4,10,5,8,0,6,11,6,0,8,5,7,11,2,11,11,6,0,0,7,0,3,6,11,0,5,8,0,11,8,6,8,6,3,6,7,8,0,2,4,8,0,5,3,5,5,4,3,6,7,11,9,11,5,6
0,7,10,5,6,0,8,8,2,3,0,2,6,5,0,10,8,2,4,9,2,2,9,5,4,4,9,5,6,8,7,4,6,0,8,4,10,8,0,2,3,6,7,8,5,2,0,11,7,6,0,5,8,8,6,9,9,4,3,8,2,3,7,4,5,4,6,11,6,7,10,0,5,4,7,0,6,9,6,5,8,10,0,5,8,6,2,7,8,6,5,9,6,6,2,5,11,6,9,2,7,0,7,2,9,6,8,0,3,0,0,7,2,2,8,2,4,7,0,2,6,9,2,0,9,7,9,7,4,7,8,9,2,3,5,9,2,6,4,6,6,5,4,7,8,0,10,0,6,7
2,8,11,6,7,2,9,9,3,4,2,3,7,6,2,11,9,3,5,10,3,3,10,6,5,5,10,6,7,9,8,5,7,2,9,5,11,9,2,3,4,7,8,9,6,3,2,0,8,7,2,6,9,9,7,10,10,5,4,9,3,4,8,5,6,5,7,0,7,8,11,2,6,5,8,2,7,10,7,6,9,11,2,6,9,7,3,8,9,7,6,10,7,7,3,6,0,7,10,3,8,2,8,3,10,7,9,2,4,2,2,8,3,3,9,3,5,8,2,3,7,10,3,2,10,8,10,8,5,8,9,10,3,4,6,10,3,7,5,7,7,6,5,8,9,2,11,2,7,8
3,9,0,7,8,3,10,10,4,5,3,4,8,7,3,0,10,4,6,11,4,4,11,7,6,6,11,7,8,10,9,6,8,3,10,6,0,10,3,4,5,8,9,10,7,4,3,2,9,8,3,7,10,10,8,11,11,6,5,10,4,5,9,6,7,6,8,2,8,9,0,3,7,6,9,3,8,11,8,7,10,0,3,7,10,8,4,9,10,8,7,11,8,8,4,7,2,8,11,4,9,3,9,4,11,8,10,3,5,3,3,9,4,4,10,4,6,9,3,4,8,11,4,3,11,9,11,9,6,9,10,11,4,5,7,11,4,8,6,8,8,7,6,9,10,3,0,3,8,9
4,10,2,8,9,4,11,11,5,6,4,5,9,8,4,2,11,5,7,0,5,5,0,8,7,7,0,8,9,11,10,7,9,4,11,7,2,11,4,5,6,9,10,11,8,5,4,3,10,9,4,8,11,11,9,0,0,7,6,11,5,6,10,7,8,7,9,3,9,10,2,4,8,7,10,4,9,0,9,8,11,2,4,8,11,9,5,10,11,9,8,0,9,9,5,8,3,9,0,5,10,4,10,5,0,9,11,4,6,4,4,10,5,5,11,5,7,10,4,5,9,0,5,4,0,10,0,10,7,10,11,0,5,6,8,0,5,9,7,9,9,8,7,10,11,4,2,4,9,10
5,11,3,9,10,5,0,0,6,7,5,6,10,9,5,3,0,6,8,2,6,6,2,9,8,8,2,9,10,0,11,8,10,5,0,8,3,0,5,6,7,10,11,0,9,6,5,4,11,10,5,9,0,0,10,2,2,8,7,0,6,7,11,8,9,8,10,4,10,11,3,5,9,8,11,5,10,2,10,9,0,3,5,9,0,10,6,11,0,10,9,2,10,10,6,9,4,10,2,6,11,5,11,6,2,10,0,5,7,5,5,11,6,6,0,6,8,11,5,6,10,2,6,5,2,11,2,11,8,11,0,2,6,7,9,2,6,10,8,10,10,9,8,11,0,5,3,5,10,11
6,0,4,10,11,6,2,2,7,8,6,7,11,10,6,4,2,7,9,3,7,7,3,10,9,9,3,10,11,2,0,9,11,6,2,9,4,2,6,7,8,11,0,2,10,7,6,5,0,11,6,10,2,2,11,3,3,9,8,2,7,8,0,9,10,9,11,5,11,0,4,6,10,9,0,6,11,3,11,10,2,4,6,10,2,11,7,0,2,11,10,3,11,11,7,10,5,11,3,7,0,6,0,7,3,11,2,6,8,6,6,0,7,7,2,7,9,0,6,7,11,3,7,6,3,0,3,0,9,0,2,3,7,8,10,3,7,11,9,11,11,10,9,0,2,6,4,6,11,0
7,2,5,11,0,7,3,3,8,9,7,8,0,11,7,5,3,8,10,4,8,8,4,11,10,10,4,11,0,3,2,10,0,7,3,10,5,3,7,8,9,0,2,3,11,8,7,6,2,0,7,11,3,3,0,4,4,10,9,3,8,9,2,10,11,10,0,6,0,2,5,7,11,10,2,7,0,4,0,11,3,5,7,11,3,0,8,2,3,0,11,4,0,0,8,11,6,0,4,8,2,7,2,8,4,0,3,7,9,7,7,2,8,8,3,8,10,2,7,8,0,4,8,7,4,2,4,2,10,2,3,4,8,9,11,4,8,0,10,0,0,11,10,2,3,7,5,7,0,2
8,3,6,0,2,8,4,4,9,10,8,9,2,0,8,6,4,9,11,5,9,9,5,0,11,11,5,0,2,4,3,11,2,8,4,11,6,4,8,9,10,2,3,4,0,9,8,7,3,2,8,0,4,4,2,5,5,11,10,4,9,10,3,11,0,11,2,7,2,3,6,8,0,11,3,8,2,5,2,0,4,6,8,0,4,2,9,3,4,2,0,5,2,2,9,0,7,2,5,9,3,8,3,9,5,2,4,8,10,8,8,3,9,9,4,9,11,3,8,9,2,5,9,8,5,3,5,3,11,3,4,5,9,10,0,5,9,2,11,2,2,0,11,3,4,8,6,8,2,3
9,4,7,2,3,9,5,5,10,11,9,10,3,2,9,7,5,10,0,6,10,10,6,2,0,0,6,2,3,5,4,0,3,9,5,0,7,5,9,10,11,3,4,5,2,10,9,8,4,3,9,2,5,5,3,6,6,0,11,5,10,11,4,0,2,0,3,8,3,4,7,9,2,0,4,9,3,6,3,2,5,7,9,2,5,3,10,4,5,3,2,6,3,3,10,2,8,3,6,10,4,9,4,10,6,3,5,9,11,9,9,4,10,10,5,10,0,4,9,10,3,6,10,9,6,4,6,4,0,4,5,6,10,11,2,6,10,3,0,3,3,2,0,4,5,9,7,9,3,4
10,5,8,3,4,10,6,6,11,0,10,11,4,3,10,8,6,11,2,7,11,11,7,3,2,2,7,3,4,6,5,2,4,10,6,2,8,6,10,11,0,4,5,6,3,11,10,9,5,4,10,3,6,6,4,7,7,2,0,6,11,0,5,2,3,2,4,9,4,5,8,10,3,2,5,10,4,7,4,3,6,8,10,3,6,4,11,5,6,4,3,7,4,4,11,3,9,4,7,11,5,10,5,11,7,4,6,10,0,10,10,5,11,11,6,11,2,5,10,11,4,7,11,10,7,5,7,5,2,5,6,7,11,0,3,7,11,4,2,4,4,3,2,5,6,10,8,10,4,5
11,6,9,4,5,11,7,7,0,2,11,0,5,4,11,9,7,0,3,8,0,0,8,4,3,3,8,4,5,7,6,3,5,11,7,3,9,7,11,0,2,5,6,7,4,0,11,10,6,5,11,4,7,7,5,8,8,3,2,7,0,2,6,3,4,3,5,10,5,6,9,11,4,3,6,11,5,8,5,4,7,9,11,4,7,5,0,6,7,5,4,8,5,5,0,4,10,5,8,0,6,11,6,0,8,5,7,11,2,11,11,6,0,0,7,0,3,6,11,0,5,8,0,11,8,6,8,6,3,6,7,8,0,2,4,8,0,5,3,5,5,4,3,6,7,11,9,11,5,6
0,7,10,5,6,0,8,8,2,3,0,2,6,5,0,10,8,2,4,9,2,2,9,5,4,4,9,5,6,8,7,4,6,0,8,4,10,8,0,2,3,6,7,8,5,2,0,11,7,6,0,5,8,8,6,9,9,4,3,8,2,3,7,4,5,4,6,11,6,7,10,0,5,4,7,0,6,9,6,5,8,10,0,5,8,6,2,7,8,6,5,9,6,6,2,5,11,6,9,2,7,0,7,2,9,6,8,0,3,0,0,7,2,2,8,2,4,7,0,2,6,9,2,0,9,7,9,7,4,7,8,9,2,3,5,9,2,6,4,6,6,5,4,7,8,0,10,0,6,7
2,8,11,6,7,2,9,9,3,4,2,3,7,6,2,11,9,3,5,10,3,3,10,6,5,5,10,6,7,9,8,5,7,2,9,5,11,9,2,3,4,7,8,9,6,3,2,0,8,7,2,6,9,9,7,10,10,5,4,9,3,4,8,5,6,5,7,0,7,8,11,2,6,5,8,2,7,10,7,6,9,11,2,6,9,7,3,8,9,7,6,10,7,7,3,6,0,7,10,3,8,2,8,3,10,7,9,2,4,2,2,8,3,3,9,3,5,8,2,3,7,10,3,2,10,8,10,8,5,8,9,10,3,4,6,10,3,7,5,7,7,6,5,8,9,2,11,2,7,8
3,9,0,7,8,3,10,10,4,5,3,4,8,7,3,0,10,4,6,11,4,4,11,7,6,6,11,7,8,10,9,6,8,3,10,6,0,10,3,4,5,8,9,10,7,4,3,2,9,8,3,7,10,10,8,11,11,6,5,10,4,5,9,6,7,6,8,2,8,9,0,3,7,6,9,3,8,11,8,7,10,0,3,7,10,8,4,9,10,8,7,11,8,8,4,7,2,8,11,4,9,3,9,4,11,8,10,3,5,3,3,9,4,4,10,4,6,9,3,4,8,11,4,3,11,9,11,9,6,9,10,11,4,5,7,11,4,8,6,8,8,7,6,9,10,3,0,3,8,9
4,10,2,8,9,4,11,11,5,6,4,5,9,8,4,2,11,5,7,0,5,5,0,8,7,7,0,8,9,11,10,7,9,4,11,7,2,11,4,5,6,9,10,11,8,5,4,3,10,9,4,8,11,11,9,0,0,7,6,11,5,6,10,7,8,7,9,3,9,10,2,4,8,7,10,4,9,0,9,8,11,2,4,8,11,9,5,10,11,9,8,0,9,9,5,8,3,9,0,5,10,4,10,5,0,9,11,4,6,4,4,10,5,5,11,5,7,10,4,5,9,0,5,4,0,10,0,10,7,10,11,0,5,6,8,0,5,9,7,9,9,8,7,10,11,4,2,4,9,10
5,11,3,9,10,5,0,0,6,7,5,6,10,9,5,3,0,6,8,2,6,6,2,9,8,8,2,9,10,0,11,8,10,5,0,8,3,0,5,6,7,10,11,0,9,6,5,4,11,10,5,9,0,0,10,2,2,8,7,0,6,7,11,8,9,8,10,4,10,11,3,5,9,8,11,5,10,2,10,9,0,3,5,9,0,10,6,11,0,10,9,2,10,10,6,9,4,10,2,6,11,5,11,6,2,10,0,5,7,5,5,11,6,6,0,6,8,11,5,6,10,2,6,5,2,11,2,11,8,11,0,2,6,7,9,2,6,10,8,10,10,9,8,11,0,5,3,5,10,11
6,0,4,10,11,6,2,2,7,8,6,7,11,10,6,4,2,7,9,3,7,7,3,10,9,9,3,10,11,2,0,9,11,6,2,9,4,2,6,7,8,11,0,2,10,7,6,5,0,11,6,10,2,2,11,3,3,9,8,2,7,8,0,9,10,9,11,5,11,0,4,6,10,9,0,6,11,3,11,10,2,4,6,10,2,11,7,0,2,11,10,3,11,11,7,10,5,11,3,7,0,6,0,7,3,11,2,6,8,6,6,0,7,7,2,7,9,0,6,7,11,3,7,6,3,0,3,0,9,0,2,3,7,8,10,3,7,11,9,11,11,10,9,0,2,6,4,6,11,0
7,2,5,11,0,7,3,3,8,9,7,8,0,11,7,5,3,8,10,4,8,8,4,11,10,10,4,11,0,3,2,10,0,7,3,10,5,3,7,8,9,0,2,3,11,8,7,6,2,0,7,11,3,3,0,4,4,10,9,3,8,9,2,10,11,10,0,6,0,2,5,7,11,10,2,7,0,4,0,11,3,5,7,11,3,0,8,2,3,0,11,4,0,0,8,11,6,0,4,8,2,7,2,8,4,0,3,7,9,7,7,2,8,8,3,8,10,2,7,8,0,4,8,7,4,2,4,2,10,2,3,4,8,9,11,4,8,0,10,0,0,11,10,2,3,7,5,7,0,2
8,3,6,0,2,8,4,4,9,10,8,9,2,0,8,6,4,9,11,5,9,9,5,0,11,11,5,0,2,4,3,11,2,8,4,11,6,4,8,9,10,2,3,4,0,9,8,7,3,2,8,0,4,4,2,5,5,11,10,4,9,10,3,11,0,11,2,7,2,3,6,8,0,11,3,8,2,5,2,0,4,6,8,0,4,2,9,3,4,2,0,5,2,2,9,0,7,2,5,9,3,8,3,9,5,2,4,8,10,8,8,3,9,9,4,9,11,3,8,9,2,5,9,8,5,3,5,3,11,3,4,5,9,10,0,5,9,2,11,2,2,0,11,3,4,8,6,8,2,3
9,4,7,2,3,9,5,5,10,11,9,10,3,2,9,7,5,10,0,6,10,10,6,2,0,0,6,2,3,5,4,0,3,9,5,0,7,5,9,10,11,3,4,5,2,10,9,8,4,3,9,2,5,5,3,6,6,0,11,5,10,11,4,0,2,0,3,8,3,4,7,9,2,0,4,9,3,6,3,2,5,7,9,2,5,3,10,4,5,3,2,6,3,3,10,2,8,3,6,10,4,9,4,10,6,3,5,9,11,9,9,4,10,10,5,10,0,4,9,10,3,6,10,9,6,4,6,4,0,4,5,6,10,11,2,6,10,3,0,3,3,2,0,4,5,9,7,9,3,4
10,5,8,3,4,10,6,6,11,0,10,11,4,3,10,8,6,11,2,7,11,11,7,3,2,2,7,3,4,6,5,2,4,10,6,2,8,6,10,11,0,4,5,6,3,11,10,9,5,4,10,3,6,6,4,7,7,2,0,6,11,0,5,2,3,2,4,9,4,5,8,10,3,2,5,10,4,7,4,3,6,8,10,3,6,4,11,5,6,4,3,7,4,4,11,3,9,4,7,11,5,10,5,11,7,4,6,10,0,10,10,5,11,11,6,11,2,5,10,11,4,7,11,10,7,5,7,5,2,5,6,7,11,0,3,7,11,4,2,4,4,3,2,5,6,10,8,10,4,5
11,6,9,4,5,11,7,7,0,2,11,0,5,4,11,9,7,0,3,8,0,0,8,4,3,3,8,4,5,7,6,3,5,11,7,3,9,7,11,0,2,5,6,7,4,0,11,10,6,5,11,4,7,7,5,8,8,3,2,7,0,2,6,3,4,3,5,10,5,6,9,11,4,3,6,11,5,8,5,4,7,9,11,4,7,5,0,6,7,5,4,8,5,5,0,4,10,5,8,0,6,11,6,0,8,5,7,11,2,11,11,6,0,0,7,0,3,6,11,0,5,8,0,11,8,6,8,6,3,6,7,8,0,2,4,8,0,5,3,5,5,4,3,6,7,11,9,11,5,6
0,7,10,5,6,0,8,8,2,3,0,2,6,5,0,10,8,2,4,9,2,2,9,5,4,4,9,5,6,8,7,4,6,0,8,4,10,8,0,2,3,6,7,8,5,2,0,11,7,6,0,5,8,8,6,9,9,4,3,8,2,3,7,4,5,4,6,11,6,7,10,0,5,4,7,0,6,9,6,5,8,10,0,5,8,6,2,7,8,6,5,9,6,6,2,5,11,6,9,2,7,0,7,2,9,6,8,0,3,0,0,7,2,2,8,2,4,7,0,2,6,9,2,0,9,7,9,7,4,7,8,9,2,3,5,9,2,6,4,6,6,5,4,7,8,0,10,0,6,7
2,8,11,6,7,2,9,9,3,4,2,3,7,6,2,11,9,3,5,10,3,3,10,6,5,5,10,6,7,9,8,5,7,2,9,5,11,9,2,3,4,7,8,9,6,3,2,0,8,7,2,6,9,9,7,10,10,5,4,9,3,4,8,5,6,5,7,0,7,8,11,2,6,5,8,2,7,10,7,6,9,11,2,6,9,7,3,8,9,7,6,10,7,7,3,6,0,7,10,3,8,2,8,3,10,7,9,2,4,2,2,8,3,3,9,3,5,8,2,3,7,10,3,2,10,8,10,8,5,8,9,10,3,4,6,10,3,7,5,7,7,6,5,8,9,2,11,2,7,8
3,9,0,7,8,3,10,10,4,5,3,4,8,7,3,0,10,4,6,11,4,4,11,7,6,6,11,7,8,10,9,6,8,3,10,6,0,10,3,4,5,8,9,10,7,4,3,2,9,8,3,7,10,10,8,11,11,6,5,10,4,5,9,6,7,6,8,2,8,9,0,3,7,6,9,3,8,11,8,7,10,0,3,7,10,8,4,9,10,8,7,11,8,8,4,7,2,8,11,4,9,3,9,4,11,8,10,3,5,3,3,9,4,4,10,4,6,9,3,4,8,11,4,3,11,9,11,9,6,9,10,11,4,5,7,11,4,8,6,8,8,7,6,9,10,3,0,3,8,9
4,10,2,8,9,4,11,11,5,6,4,5,9,8,4,2,11,5,7,0,5,5,0,8,7,7,0,8,9,11,10,7,9,4,11,7,2,11,4,5,6,9,10,11,8,5,4,3,10,9,4,8,11,11,9,0,0,7,6,11,5,6,10,7,8,7,9,3,9,10,2,4,8,7,10,4,9,0,9,8,11,2,4,8,11,9,5,10,11,9,8,0,9,9,5,8,3,9,0,5,10,4,10,5,0,9,11,4,6,4,4,10,5,5,11,5,7,10,4,5,9,0,5,4,0,10,0,10,7,10,11,0,5,6,8,0,5,9,7,9,9,8,7,10,11,4,2,4,9,10
5,11,3,9,10,5,0,0,6,7,5,6,10,9,5,3,0,6,8,2,6,6,2,9,8,8,2,9,10,0,11,8,10,5,0,8,3,0,5,6,7,10,11,0,9,6,5,4,11,10,5,9,0,0,10,2,2,8,7,0,6,7,11,8,9,8,10,4,10,11,3,5,9,8,11,5,10,2,10,9,0,3,5,9,0,10,6,11,0,10,9,2,10,10,6,9,4,10,2,6,11,5,11,6,2,10,0,5,7,5,5,11,6,6,0,6,8,11,5,6,10,2,6,5,2,11,2,11,8,11,0,2,6,7,9,2,6,10,8,10,10,9,8,11,0,5,3,5,10,11
6,0,4,10,11,6,2,2,7,8,6,7,11,10,6,4,2,7,9,3,7,7,3,10,9,9,3,10,11,2,0,9,11,6,2,9,4,2,6,7,8,11,0,2,10,7,6,5,0,11,6,10,2,2,11,3,3,9,8,2,7,8,0,9,10,9,11,5,11,0,4,6,10,9,0,6,11,3,11,10,2,4,6,10,2,11,7,0,2,11,10,3,11,11,7,10,5,11,3,7,0,6,0,7,3,11,2,6,8,6,6,0,7,7,2,7,9,0,6,7,11,3,7,6,3,0,3,0,9,0,2,3,7,8,10,3,7,11,9,11,11,10,9,0,2,6,4,6,11,0
7,2,5,11,0,7,3,3,8,9,7,8,0,11,7,5,3,8,10,4,8,8,4,11,10,10,4,11,0,3,2,10,0,7,3,10,5,3,7,8,9,0,2,3,11,8,7,6,2,0,7,11,3,3,0,4,4,10,9,3,8,9,2,10,11,10,0,6,0,2,5,7,11,10,2,7,0,4,0,11,3,5,7,11,3,0,8,2,3,0,11,4,0,0,8,11,6,0,4,8,2,7,2,8,4,0,3,7,9,7,7,2,8,8,3,8,10,2,7,8,0,4,8,7,4,2,4,2,10,2,3,4,8,9,11,4,8,0,10,0,0,11,10,2,3,7,5,7,0,2
8,3,6,0,2,8,4,4,9,10,8,9,2,0,8,6,4,9,11,5,9,9,5,0,11,11,5,0,2,4,3,11,2,8,4,11,6,4,8,9,10,2,3,4,0,9,8,7,3,2,8,0,4,4,2,5,5,11,10,4,9,10,3,11,0,11,2,7,2,3,6,8,0,11,3,8,2,5,2,0,4,6,8,0,4,2,9,3,4,2,0,5,2,2,9,0,7,2,5,9,3,8,3,9,5,2,4,8,10,8,8,3,9,9,4,9,11,3,8,9,2,5,9,8,5,3,5,3,11,3,4,5,9,10,0,5,9,2,11,2,2,0,11,3,4,8,6,8,2,3
9,4,7,2,3,9,5,5,10,11,9,10,3,2,9,7,5,10,0,6,10,10,6,2,0,0,6,2,3,5,4,0,3,9,5,0,7,5,9,10,11,3,4,5,2,10,9,8,4,3,9,2,5,5,3,6,6,0,11,5,10,11,4,0,2,0,3,8,3,4,7,9,2,0,4,9,3,6,3,2,5,7,9,2,5,3,10,4,5,3,2,6,3,3,10,2,8,3,6,10,4,9,4,10,6,3,5,9,11,9,9,4,10,10,5,10,0,4,9,10,3,6,10,9,6,4,6,4,0,4,5,6,10,11,2,6,10,3,0,3,3,2,0,4,5,9,7,9,3,4
10,5,8,3,4,10,6,6,11,0,10,11,4,3,10,8,6,11,2,7,11,11,7,3,2,2,7,3,4,6,5,2,4,10,6,2,8,6,10,11,0,4,5,6,3,11,10,9,5,4,10,3,6,6,4,7,7,2,0,6,11,0,5,2,3,2,4,9,4,5,8,10,3,2,5,10,4,7,4,3,6,8,10,3,6,4,11,5,6,4,3,7,4,4,11,3,9,4,7,11,5,10,5,11,7,4,6,10,0,10,10,5,11,11,6,11,2,5,10,11,4,7,11,10,7,5,7,5,2,5,6,7,11,0,3,7,11,4,2,4,4,3,2,5,6,10,8,10,4,5
11,6,9,4,5,11,7,7,0,2,11,0,5,4,11,9,7,0,3,8,0,0,8,4,3,3,8,4,5,7,6,3,5,11,7,3,9,7,11,0,2,5,6,7,4,0,11,10,6,5,11,4,7,7,5,8,8,3,2,7,0,2,6,3,4,3,5,10,5,6,9,11,4,3,6,11,5,8,5,4,7,9,11,4,7,5,0,6,7,5,4,8,5,5,0,4,10,5,8,0,6,11,6,0,8,5,7,11,2,11,11,6,0,0,7,0,3,6,11,0,5,8,0,11,8,6,8,6,3,6,7,8,0,2,4,8,0,5,3,5,5,4,3,6,7,11,9,11,5,6
0,7,10,5,6,0,8,8,2,3,0,2,6,5,0,10,8,2,4,9,2,2,9,5,4,4,9,5,6,8,7,4,6,0,8,4,10,8,0,2,3,6,7,8,5,2,0,11,7,6,0,5,8,8,6,9,9,4,3,8,2,3,7,4,5,4,6,11,6,7,10,0,5,4,7,0,6,9,6,5,8,10,0,5,8,6,2,7,8,6,5,9,6,6,2,5,11,6,9,2,7,0,7,2,9,6,8,0,3,0,0,7,2,2,8,2,4,7,0,2,6,9,2,0,9,7,9,7,4,7,8,9,2,3,5,9,2,6,4,6,6,5,4,7,8,0,10,0,6,7
2,8,11,6,7,2,9,9,3,4,2,3,7,6,2,11,9,3,5,10,3,3,10,6,5,5,10,6,7,9,8,5,7,2,9,5,11,9,2,3,4,7,8,9,6,3,2,0,8,7,2,6,9,9,7,10,10,5,4,9,3,4,8,5,6,5,7,0,7,8,11,2,6,5,8,2,7,10,7,6,9,11,2,6,9,7,3,8,9,7,6,10,7,7,3,6,0,7,10,3,8,2,8,3,10,7,9,2,4,2,2,8,3,3,9,3,5,8,2,3,7,10,3,2,10,8,10,8,5,8,9,10,3,4,6,10,3,7,5,7,7,6,5,8,9,2,11,2,7,8
3,9,0,7,8,3,10,10,4,5,3,4,8,7,3,0,10,4,6,11,4,4,11,7,6,6,11,7,8,10,9,6,8,3,10,6,0,10,3,4,5,8,9,10,7,4,3,2,9,8,3,7,10,10,8,11,11,6,5,10,4,5,9,6,7,6,8,2,8,9,0,3,7,6,9,3,8,11,8,7,10,0,3,7,10,8,4,9,10,8,7,11,8,8,4,7,2,8,11,4,9,3,9,4,11,8,10,3,5,3,3,9,4,4,10,4,6,9,3,4,8,11,4,3,11,9,11,9,6,9,10,11,4,5,7,11,4,8,6,8,8,7,6,9,10,3,0,3,8,9
4,10,2,8,9,4,11,11,5,6,4,5,9,8,4,2,11,5,7,0,5,5,0,8,7,7,0,8,9,11,10,7,9,4,11,7,2,11,4,5,6,9,10,11,8,5,4,3,10,9,4,8,11,11,9,0,0,7,6,11,5,6,10,7,8,7,9,3,9,10,2,4,8,7,10,4,9,0,9,8,11,2,4,8,11,9,5,10,11,9,8,0,9,9,5,8,3,9,0,5,10,4,10,5,0,9,11,4,6,4,4,10,5,5,11,5,7,10,4,5,9,0,5,4,0,10,0,10,7,10,11,0,5,6,8,0,5,9,7,9,9,8,7,10,11,4,2,4,9,10
5,11,3,9,10,5,0,0,6,7,5,6,10,9,5,3,0,6,8,2,6,6,2,9,8,8,2,9,10,0,11,8,10,5,0,8,3,0,5,6,7,10,11,0,9,6,5,4,11,10,5,9,0,0,10,2,2,8,7,0,6,7,11,8,9,8,10,4,10,11,3,5,9,8,11,5,10,2,10,9,0,3,5,9,0,10,6,11,0,10,9,2,10,10,6,9,4,10,2,6,11,5,11,6,2,10,0,5,7,5,5,11,6,6,0,6,8,11,5,6,10,2,6,5,2,11,2,11,8,11,0,2,6,7,9,2,6,10,8,10,10,9,8,11,0,5,3,5,10,11
6,0,4,10,11,6,2,2,7,8,6,7,11,10,6,4,2,7,9,3,7,7,3,10,9,9,3,10,11,2,0,9,11,6,2,9,4,2,6,7,8,11,0,2,10,7,6,5,0,11,6,10,2,2,11,3,3,9,8,2,7,8,0,9,10,9,11,5,11,0,4,6,10,9,0,6,11,3,11,10,2,4,6,10,2,11,7,0,2,11,10,3,11,11,7,10,5,11,3,7,0,6,0,7,3,11,2,6,8,6,6,0,7,7,2,7,9,0,6,7,11,3,7,6,3,0,3,0,9,0,2,3,7,8,10,3,7,11,9,11,11,10,9,0,2,6,4,6,11,0
7,2,5,11,0,7,3,3,8,9,7,8,0,11,7,5,3,8,10,4,8,8,4,11,10,10,4,11,0,3,2,10,0,7,3,10,5,3,7,8,9,0,2,3,11,8,7,6,2,0,7,11,3,3,0,4,4,10,9,3,8,9,2,10,11,10,0,6,0,2,5,7,11,10,2,7,0,4,0,11,3,5,7,11,3,0,8,2,3,0,11,4,0,0,8,11,6,0,4,8,2,7,2,8,4,0,3,7,9,7,7,2,8,8,3,8,10,2,7,8,0,4,8,7,4,2,4,2,10,2,3,4,8,9,11,4,8,0,10,0,0,11,10,2,3,7,5,7,0,2
8,3,6,0,2,8,4,4,9,10,8,9,2,0,8,6,4,9,11,5,9,9,5,0,11,11,5,0,2,4,3,11,2,8,4,11,6,4,8,9,10,2,3,4,0,9,8,7,3,2,8,0,4,4,2,5,5,11,10,4,9,10,3,11,0,11,2,7,2,3,6,8,0,11,3,8,2,5,2,0,4,6,8,0,4,2,9,3,4,2,0,5,2,2,9,0,7,2,5,9,3,8,3,9,5,2,4,8,10,8,8,3,9,9,4,9,11,3,8,9,2,5,9,8,5,3,5,3,11,3,4,5,9,10,0,5,9,2,11,2,2,0,11,3,4,8,6,8,2,3
9,4,7,2,3,9,5,5,10,11,9,10,3,2,9,7,5,10,0,6,10,10,6,2,0,0,6,2,3,5,4,0,3,9,5,0,7,5,9,10,11,3,4,5,2,10,9,8,4,3,9,2,5,5,3,6,6,0,11,5,10,11,4,0,2,0,3,8,3,4,7,9,2,0,4,9,3,6,3,2,5,7,9,2,5,3,10,4,5,3,2,6,3,3,10,2,8,3,6,10,4,9,4,10,6,3,5,9,11,9,9,4,10,10,5,10,0,4,9,10,3,6,10,9,6,4,6,4,0,4,5,6,10,11,2,6,10,3,0,3,3,2,0,4,5,9,7,9,3,4
10,5,8,3,4,10,6,6,11,0,10,11,4,3,10,8,6,11,2,7,11,11,7,3,2,2,7,3,4,6,5,2,4,10,6,2,8,6,10,11,0,4,5,6,3,11,10,9,5,4,10,3,6,6,4,7,7,2,0,6,11,0,5,2,3,2,4,9,4,5,8,10,3,2,5,10,4,7,4,3,6,8,10,3,6,4,11,5,6,4,3,7,4,4,11,3,9,4,7,11,5,10,5,11,7,4,6,10,0,10,10,5,11,11,6,11,2,5,10,11,4,7,11,10,7,5,7,5,2,5,6,7,11,0,3,7,11,4,2,4,4,3,2,5,6,10,8,10,4,5
11,6,9,4,5,11,7,7,0,2,11,0,5,4,11,9,7,0,3,8,0,0,8,4,3,3,8,4,5,7,6,3,5,11,7,3,9,7,11,0,2,5,6,7,4,0,11,10,6,5,11,4,7,7,5,8,8,3,2,7,0,2,6,3,4,3,5,10,5,6,9,11,4,3,6,11,5,8,5,4,7,9,11,4,7,5,0,6,7,5,4,8,5,5,0,4,10,5,8,0,6,11,6,0,8,5,7,11,2,11,11,6,0,0,7,0,3,6,11,0,5,8,0,11,8,6,8,6,3,6,7,8,0,2,4,8,0,5,3,5,5,4,3,6,7,11,9,11,5,6
0,7,10,5,6,0,8,8,2,3,0,2,6,5,0,10,8,2,4,9,2,2,9,5,4,4,9,5,6,8,7,4,6,0,8,4,10,8,0,2,3,6,7,8,5,2,0,11,7,6,0,5,8,8,6,9,9,4,3,8,2,3,7,4,5,4,6,11,6,7,10,0,5,4,7,0,6,9,6,5,8,10,0,5,8,6,2,7,8,6,5,9,6,6,2,5,11,6,9,2,7,0,7,2,9,6,8,0,3,0,0,7,2,2,8,2,4,7,0,2,6,9,2,0,9,7,9,7,4,7,8,9,2,3,5,9,2,6,4,6,6,5,4,7,8,0,10,0,6,7
2,8,11,6,7,2,9,9,3,4,2,3,7,6,2,11,9,3,5,10,3,3,10,6,5,5,10,6,7,9,8,5,7,2,9,5,11,9,2,3,4,7,8,9,6,3,2,0,8,7,2,6,9,9,7,10,10,5,4,9,3,4,8,5,6,5,7,0,7,8,11,2,6,5,8,2,7,10,7,6,9,11,2,6,9,7,3,8,9,7,6,10,7,7,3,6,0,7,10,3,8,2,8,3,10,7,9,2,4,2,2,8,3,3,9,3,5,8,2,3,7,10,3,2,10,8,10,8,5,8,9,10,3,4,6,10,3,7,5,7,7,6,5,8,9,2,11,2,7,8
3,9,0,7,8,3,10,10,4,5,3,4,8,7,3,0,10,4,6,11,4,4,11,7,6,6,11,7,8,10,9,6,8,3,10,6,0,10,3,4,5,8,9,10,7,4,3,2,9,8,3,7,10,10,8,11,11,6,5,10,4,5,9,6,7,6,8,2,8,9,0,3,7,6,9,3,8,11,8,7,10,0,3,7,10,8,4,9,10,8,7,11,8,8,4,7,2,8,11,4,9,3,9,4,11,8,10,3,5,3,3,9,4,4,10,4,6,9,3,4,8,11,4,3,11,9,11,9,6,9,10,11,4,5,7,11,4,8,6,8,8,7,6,9,10,3,0,3,8,9
4,10,2,8,9,4,11,11,5,6,4,5,9,8,4,2,11,5,7,0,5,5,0,8,7,7,0,8,9,11,10,7,9,4,11,7,2,11,4,5,6,9,10,11,8,5,4,3,10,9,4,8,11,11,9,0,0,7,6,11,5,6,10,7,8,7,9,3,9,10,2,4,8,7,10,4,9,0,9,8,11,2,4,8,11,9,5,10,11,9,8,0,9,9,5,8,3,9,0,5,10,4,10,5,0,9,11,4,6,4,4,10,5,5,11,5,7,10,4,5,9,0,5,4,0,10,0,10,7,10,11,0,5,6,8,0,5,9,7,9,9,8,7,10,11,4,2,4,9,10
5,11,3,9,10,5,0,0,6,7,5,6,10,9,5,3,0,6,8,2,6,6,2,9,8,8,2,9,10,0,11,8,10,5,0,8,3,0,5,6,7,10,11,0,9,6,5,4,11,10,5,9,0,0,10,2,2,8,7,0,6,7,11,8,9,8,10,4,10,11,3,5,9,8,11,5,10,2,10,9,0,3,5,9,0,10,6,11,0,10,9,2,10,10,6,9,4,10,2,6,11,5,11,6,2,10,0,5,7,5,5,11,6,6,0,6,8,11,5,6,10,2,6,5,2,11,2,11,8,11,0,2,6,7,9,2,6,10,8,10,10,9,8,11,0,5,3,5,10,11
6,0,4,10,11,6,2,2,7,8,6,7,11,10,6,4,2,7,9,3,7,7,3,10,9,9,3,10,11,2,0,9,11,6,2,9,4,2,6,7,8,11,0,2,10,7,6,5,0,11,6,10,2,2,11,3,3,9,8,2,7,8,0,9,10,9,11,5,11,0,4,6,10,9,0,6,11,3,11,10,2,4,6,10,2,11,7,0,2,11,10,3,11,11,7,10,5,11,3,7,0,6,0,7,3,11,2,6,8,6,6,0,7,7,2,7,9,0,6,7,11,3,7,6,3,0,3,0,9,0,2,3,7,8,10,3,7,11,9,11,11,10,9,0,2,6,4,6,11,0
7,2,5,11,0,7,3,3,8,9,7,8,0,11,7,5,3,8,10,4,8,8,4,11,10,10,4,11,0,3,2,10,0,7,3,10,5,3,7,8,9,0,2,3,11,8,7,6,2,0,7,11,3,3,0,4,4,10,9,3,8,9,2,10,11,10,0,6,0,2,5,7,11,10,2,7,0,4,0,11,3,5,7,11,3,0,8,2,3,0,11,4,0,0,8,11,6,0,4,8,2,7,2,8,4,0,3,7,9,7,7,2,8,8,3,8,10,2,7,8,0,4,8,7,4,2,4,2,10,2,3,4,8,9,11,4,8,0,10,0,0,11,10,2,3,7,5,7,0,2
8,3,6,0,2,8,4,4,9,10,8,9,2,0,8,6,4,9,11,5,9,9,5,0,11,11,5,0,2,4,3,11,2,8,4,11,6,4,8,9,10,2,3,4,0,9,8,7,3,2,8,0,4,4,2,5,5,11,10,4,9,10,3,11,0,11,2,7,2,3,6,8,0,11,3,8,2,5,2,0,4,6,8,0,4,2,9,3,4,2,0,5,2,2,9,0,7,2,5,9,3,8,3,9,5,2,4,8,10,8,8,3,9,9,4,9,11,3,8,9,2,5,9,8,5,3,5,3,11,3,4,5,9,10,0,5,9,2,11,2,2,0,11,3,4,8,6,8,2,3
9,4,7,2,3,9,5,5,10,11,9,10,3,2,9,7,5,10,0,6,10,10,6,2,0,0,6,2,3,5,4,0,3,9,5,0,7,5,9,10,11,3,4,5,2,10,9,8,4,3,9,2,5,5,3,6,6,0,11,5,10,11,4,0,2,0,3,8,3,4,7,9,2,0,4,9,3,6,3,2,5,7,9,2,5,3,10,4,5,3,2,6,3,3,10,2,8,3,6,10,4,9,4,10,6,3,5,9,11,9,9,4,10,10,5,10,0,4,9,10,3,6,10,9,6,4,6,4,0,4,5,6,10,11,2,6,10,3,0,3,3,2,0,4,5,9,7,9,3,4
10,5,8,3,4,10,6,6,11,0,10,11,4,3,10,8,6,11,2,7,11,11,7,3,2,2,7,3,4,6,5,2,4,10,6,2,8,6,10,11,0,4,5,6,3,11,10,9,5,4,10,3,6,6,4,7,7,2,0,6,11,0,5,2,3,2,4,9,4,5,8,10,3,2,5,10,4,7,4,3,6,8,10,3,6,4,11,5,6,4,3,7,4,4,11,3,9,4,7,11,5,10,5,11,7,4,6,10,0,10,10,5,11,11,6,11,2,5,10,11,4,7,11,10,7,5,7,5,2,5,6,7,11,0,3,7,11,4,2,4,4,3,2,5,6,10,8,10,4,5
11,6,9,4,5,11,7,7,0,2,11,0,5,4,11,9,7,0,3,8,0,0,8,4,3,3,8,4,5,7,6,3,5,11,7,3,9,7,11,0,2,5,6,7,4,0,11,10,6,5,11,4,7,7,5,8,8,3,2,7,0,2,6,3,4,3,5,10,5,6,9,11,4,3,6,11,5,8,5,4,7,9,11,4,7,5,0,6,7,5,4,8,5,5,0,4,10,5,8,0,6,11,6,0,8,5,7,11,2,11,11,6,0,0,7,0,3,6,11,0,5,8,0,11,8,6,8,6,3,6,7,8,0,2,4,8,0,5,3,5,5,4,3,6,7,11,9,11,5,6
0,7,10,5,6,0,8,8,2,3,0,2,6,5,0,10,8,2,4,9,2,2,9,5,4,4,9,5,6,8,7,4,6,0,8,4,10,8,0,2,3,6,7,8,5,2,0,11,7,6,0,5,8,8,6,9,9,4,3,8,2,3,7,4,5,4,6,11,6,7,10,0,5,4,7,0,6,9,6,5,8,10,0,5,8,6,2,7,8,6,5,9,6,6,2,5,11,6,9,2,7,0,7,2,9,6,8,0,3,0,0,7,2,2,8,2,4,7,0,2,6,9,2,0,9,7,9,7,4,7,8,9,2,3,5,9,2,6,4,6,6,5,4,7,8,0,10,0,6,7
2,8,11,6,7,2,9,9,3,4,2,3,7,6,2,11,9,3,5,10,3,3,10,6,5,5,10,6,7,9,8,5,7,2,9,5,11,9,2,3,4,7,8,9,6,3,2,0,8,7,2,6,9,9,7,10,10,5,4,9,3,4,8,5,6,5,7,0,7,8,11,2,6,5,8,2,7,10,7,6,9,11,2,6,9,7,3,8,9,7,6,10,7,7,3,6,0,7,10,3,8,2,8,3,10,7,9,2,4,2,2,8,3,3,9,3,5,8,2,3,7,10,3,2,10,8,10,8,5,8,9,10,3,4,6,10,3,7,5,7,7,6,5,8,9,2,11,2,7,8
3,9,0,7,8,3,10,10,4,5,3,4,8,7,3,0,10,4,6,11,4,4,11,7,6,6,11,7,8,10,9,6,8,3,10,6,0,10,3,4,5,8,9,10,7,4,3,2,9,8,3,7,10,10,8,11,11,6,5,10,4,5,9,6,7,6,8,2,8,9,0,3,7,6,9,3,8,11,8,7,10,0,3,7,10,8,4,9,10,8,7,11,8,8,4,7,2,8,11,4,9,3,9,4,11,8,10,3,5,3,3,9,4,4,10,4,6,9,3,4,8,11,4,3,11,9,11,9,6,9,10,11,4,5,7,11,4,8,6,8,8,7,6,9,10,3,0,3,8,9
4,10,2,8,9,4,11,11,5,6,4,5,9,8,4,2,11,5,7,0,5,5,0,8,7,7,0,8,9,11,10,7,9,4,11,7,2,11,4,5,6,9,10,11,8,5,4,3,10,9,4,8,11,11,9,0,0,7,6,11,5,6,10,7,8,7,9,3,9,10,2,4,8,7,10,4,9,0,9,8,11,2,4,8,11,9,5,10,11,9,8,0,9,9,5,8,3,9,0,5,10,4,10,5,0,9,11,4,6,4,4,10,5,5,11,5,7,10,4,5,9,0,5,4,0,10,0,10,7,10,11,0,5,6,8,0,5,9,7,9,9,8,7,10,11,4,2,4,9,10
5,11,3,9,10,5,0,0,6,7,5,6,10,9,5,3,0,6,8,2,6,6,2,9,8,8,2,9,10,0,11,8,10,5,0,8,3,0,5,6,7,10,11,0,9,6,5,4,11,10,5,9,0,0,10,2,2,8,7,0,6,7,11,8,9,8,10,4,10,11,3,5,9,8,11,5,10,2,10,9,0,3,5,9,0,10,6,11,0,10,9,2,10,10,6,9,4,10,2,6,11,5,11,6,2,10,0,5,7,5,5,11,6,6,0,6,8,11,5,6,10,2,6,5,2,11,2,11,8,11,0,2,6,7,9,2,6,10,8,10,10,9,8,11,0,5,3,5,10,11
6,0,4,10,11,6,2,2,7,8,6,7,11,10,6,4,2,7,9,3,7,7,3,10,9,9,3,10,11,2,0,9,11,6,2,9,4,2,6,7,8,11,0,2,10,7,6,5,0,11,6,10,2,2,11,3,3,9,8,2,7,8,0,9,10,9,11,5,11,0,4,6,10,9,0,6,11,3,11,10,2,4,6,10,2,11,7,0,2,11,10,3,11,11,7,10,5,11,3,7,0,6,0,7,3,11,2,6,8,6,6,0,7,7,2,7,9,0,6,7,11,3,7,6,3,0,3,0,9,0,2,3,7,8,10,3,7,11,9,11,11,10,9,0,2,6,4,6,11,0
7,2,5,11,0,7,3,3,8,9,7,8,0,11,7,5,3,8,10,4,8,8,4,11,10,10,4,11,0,3,2,10,0,7,3,10,5,3,7,8,9,0,2,3,11,8,7,6,2,0,7,11,3,3,0,4,4,10,9,3,8,9,2,10,11,10,0,6,0,2,5,7,11,10,2,7,0,4,0,11,3,5,7,11,3,0,8,2,3,0,11,4,0,0,8,11,6,0,4,8,2,7,2,8,4,0,3,7,9,7,7,2,8,8,3,8,10,2,7,8,0,4,8,7,4,2,4,2,10,2,3,4,8,9,11,4,8,0,10,0,0,11,10,2,3,7,5,7,0,2
8,3,6,0,2,8,4,4,9,10,8,9,2,0,8,6,4,9,11,5,9,9,5,0,11,11,5,0,2,4,3,11,2,8,4,11,6,4,8,9,10,2,3,4,0,9,8,7,3,2,8,0,4,4,2,5,5,11,10,4,9,10,3,11,0,11,2,7,2,3,6,8,0,11,3,8,2,5,2,0,4,6,8,0,4,2,9,3,4,2,0,5,2,2,9,0,7,2,5,9,3,8,3,9,5,2,4,8,10,8,8,3,9,9,4,9,11,3,8,9,2,5,9,8,5,3,5,3,11,3,4,5,9,10,0,5,9,2,11,2,2,0,11,3,4,8,6,8,2,3
9,4,7,2,3,9,5,5,10,11,9,10,3,2,9,7,5,10,0,6,10,10,6,2,0,0,6,2,3,5,4,0,3,9,5,0,7,5,9,10,11,3,4,5,2,10,9,8,4,3,9,2,5,5,3,6,6,0,11,5,10,11,4,0,2,0,3,8,3,4,7,9,2,0,4,9,3,6,3,2,5,7,9,2,5,3,10,4,5,3,2,6,3,3,10,2,8,3,6,10,4,9,4,10,6,3,5,9,11,9,9,4,10,10,5,10,0,4,9,10,3,6,10,9,6,4,6,4,0,4,5,6,10,11,2,6,10,3,0,3,3,2,0,4,5,9,7,9,3,4
10,5,8,3,4,10,6,6,11,0,10,11,4,3,10,8,6,11,2,7,11,11,7,3,2,2,7,3,4,6,5,2,4,10,6,2,8,6,10,11,0,4,5,6,3,11,10,9,5,4,10,3,6,6,4,7,7,2,0,6,11,0,5,2,3,2,4,9,4,5,8,10,3,2,5,10,4,7,4,3,6,8,10,3,6,4,11,5,6,4,3,7,4,4,11,3,9,4,7,11,5,10,5,11,7,4,6,10,0,10,10,5,11,11,6,11,2,5,10,11,4,7,11,10,7,5,7,5,2,5,6,7,11,0,3,7,11,4,2,4,4,3,2,5,6,10,8,10,4,5
11,6,9,4,5,11,7,7,0,2,11,0,5,4,11,9,7,0,3,8,0,0,8,4,3,3,8,4,5,7,6,3,5,11,7,3,9,7,11,0,2,5,6,7,4,0,11,10,6,5,11,4,7,7,5,8,8,3,2,7,0,2,6,3,4,3,5,10,5,6,9,11,4,3,6,11,5,8,5,4,7,9,11,4,7,5,0,6,7,5,4,8,5,5,0,4,10,5,8,0,6,11,6,0,8,5,7,11,2,11,11,6,0,0,7,0,3,6,11,0,5,8,0,11,8,6,8,6,3,6,7,8,0,2,4,8,0,5,3,5,5,4,3,6,7,11,9,11,5,6
0,7,10,5,6,0,8,8,2,3,0,2,6,5,0,10,8,2,4,9,2,2,9,5,4,4,9,5,6,8,7,4,6,0,8,4,10,8,0,2,3,6,7,8,5,2,0,11,7,6,0,5,8,8,6,9,9,4,3,8,2,3,7,4,5,4,6,11,6,7,10,0,5,4,7,0,6,9,6,5,8,10,0,5,8,6,2,7,8,6,5,9,6,6,2,5,11,6,9,2,7,0,7,2,9,6,8,0,3,0,0,7,2,2,8,2,4,7,0,2,6,9,2,0,9,7,9,7,4,7,8,9,2,3,5,9,2,6,4,6,6,5,4,7,8,0,10,0,6,7
2,8,11,6,7,2,9,9,3,4,2,3,7,6,2,11,9,3,5,10,3,3,10,6,5,5,10,6,7,9,8,5,7,2,9,5,11,9,2,3,4,7,8,9,6,3,2,0,8,7,2,6,9,9,7,10,10,5,4,9,3,4,8,5,6,5,7,0,7,8,11,2,6,5,8,2,7,10,7,6,9,11,2,6,9,7,3,8,9,7,6,10,7,7,3,6,0,7,10,3,8,2,8,3,10,7,9,2,4,2,2,8,3,3,9,3,5,8,2,3,7,10,3,2,10,8,10,8,5,8,9,10,3,4,6,10,3,7,5,7,7,6,5,8,9,2,11,2,7,8
3,9,0,7,8,3,10,10,4,5,3,4,8,7,3,0,10,4,6,11,4,4,11,7,6,6,11,7,8,10,9,6,8,3,10,6,0,10,3,4,5,8,9,10,7,4,3,2,9,8,3,7,10,10,8,11,11,6,5,10,4,5,9,6,7,6,8,2,8,9,0,3,7,6,9,3,8,11,8,7,10,0,3,7,10,8,4,9,10,8,7,11,8,8,4,7,2,8,11,4,9,3,9,4,11,8,10,3,5,3,3,9,4,4,10,4,6,9,3,4,8,11,4,3,11,9,11,9,6,9,10,11,4,5,7,11,4,8,6,8,8,7,6,9,10,3,0,3,8,9
4,10,2,8,9,4,11,11,5,6,4,5,9,8,4,2,11,5,7,0,5,5,0,8,7,7,0,8,9,11,10,7,9,4,11,7,2,11,4,5,6,9,10,11,8,5,4,3,10,9,4,8,11,11,9,0,0,7,6,11,5,6,10,7,8,7,9,3,9,10,2,4,8,7,10,4,9,0,9,8,11,2,4,8,11,9,5,10,11,9,8,0,9,9,5,8,3,9,0,5,10,4,10,5,0,9,11,4,6,4,4,10,5,5,11,5,7,10,4,5,9,0,5,4,0,10,0,10,7,10,11,0,5,6,8,0,5,9,7,9,9,8,7,10,11,4,2,4,9,10
5,11,3,9,10,5,0,0,6,7,5,6,10,9,5,3,0,6,8,2,6,6,2,9,8,8,2,9,10,0,11,8,10,5,0,8,3,0,5,6,7,10,11,0,9,6,5,4,11,10,5,9,0,0,10,2,2,8,7,0,6,7,11,8,9,8,10,4,10,11,3,5,9,8,11,5,10,2,10,9,0,3,5,9,0,10,6,11,0,10,9,2,10,10,6,9,4,10,2,6,11,5,11,6,2,10,0,5,7,5,5,11,6,6,0,6,8,11,5,6,10,2,6,5,2,11,2,11,8,11,0,2,6,7,9,2,6,10,8,10,10,9,8,11,0,5,3,5,10,11
6,0,4,10,11,6,2,2,7,8,6,7,11,10,6,4,2,7,9,3,7,7,3,10,9,9,3,10,11,2,0,9,11,6,2,9,4,2,6,7,8,11,0,2,10,7,6,5,0,11,6,10,2,2,11,3,3,9,8,2,7,8,0,9,10,9,11,5,11,0,4,6,10,9,0,6,11,3,11,10,2,4,6,10,2,11,7,0,2,11,10,3,11,11,7,10,5,11,3,7,0,6,0,7,3,11,2,6,8,6,6,0,7,7,2,7,9,0,6,7,11,3,7,6,3,0,3,0,9,0,2,3,7,8,10,3,7,11,9,11,11,10,9,0,2,6,4,6,11,0
7,2,5,11,0,7,3,3,8,9,7,8,0,11,7,5,3,8,10,4,8,8,4,11,10,10,4,11,0,3,2,10,0,7,3,10,5,3,7,8,9,0,2,3,11,8,7,6,2,0,7,11,3,3,0,4,4,10,9,3,8,9,2,10,11,10,0,6,0,2,5,7,11,10,2,7,0,4,0,11,3,5,7,11,3,0,8,2,3,0,11,4,0,0,8,11,6,0,4,8,2,7,2,8,4,0,3,7,9,7,7,2,8,8,3,8,10,2,7,8,0,4,8,7,4,2,4,2,10,2,3,4,8,9,11,4,8,0,10,0,0,11,10,2,3,7,5,7,0,2
8,3,6,0,2,8,4,4,9,10,8,9,2,0,8,6,4,9,11,5,9,9,5,0,11,11,5,0,2,4,3,11,2,8,4,11,6,4,8,9,10,2,3,4,0,9,8,7,3,2,8,0,4,4,2,5,5,11,10,4,9,10,3,11,0,11,2,7,2,3,6,8,0,11,3,8,2,5,2,0,4,6,8,0,4,2,9,3,4,2,0,5,2,2,9,0,7,2,5,9,3,8,3,9,5,2,4,8,10,8,8,3,9,9,4,9,11,3,8,9,2,5,9,8,5,3,5,3,11,3,4,5,9,10,0,5,9,2,11,2,2,0,11,3,4,8,6,8,2,3
9,4,7,2,3,9,5,5,10,11,9,10,3,2,9,7,5,10,0,6,10,10,6,2,0,0,6,2,3,5,4,0,3,9,5,0,7,5,9,10,11,3,4,5,2,10,9,8,4,3,9,2,5,5,3,6,6,0,11,5,10,11,4,0,2,0,3,8,3,4,7,9,2,0,4,9,3,6,3,2,5,7,9,2,5,3,10,4,5,3,2,6,3,3,10,2,8,3,6,10,4,9,4,10,6,3,5,9,11,9,9,4,10,10,5,10,0,4,9,10,3,6,10,9,6,4,6,4,0,4,5,6,10,11,2,6,10,3,0,3,3,2,0,4,5,9,7,9,3,4
10,5,8,3,4,10,6,6,11,0,10,11,4,3,10,8,6,11,2,7,11,11,7,3,2,2,7,3,4,6,5,2,4,10,6,2,8,6,10,11,0,4,5,6,3,11,10,9,5,4,10,3,6,6,4,7,7,2,0,6,11,0,5,2,3,2,4,9,4,5,8,10,3,2,5,10,4,7,4,3,6,8,10,3,6,4,11,5,6,4,3,7,4,4,11,3,9,4,7,11,5,10,5,11,7,4,6,10,0,10,10,5,11,11,6,11,2,5,10,11,4,7,11,10,7,5,7,5,2,5,6,7,11,0,3,7,11,4,2,4,4,3,2,5,6,10,8,10,4,5
11,6,9,4,5,11,7,7,0,2,11,0,5,4,11,9,7,0,3,8,0,0,8,4,3,3,8,4,5,7,6,3,5,11,7,3,9,7,11,0,2,5,6,7,4,0,11,10,6,5,11,4,7,7,5,8,8,3,2,7,0,2,6,3,4,3,5,10,5,6,9,11,4,3,6,11,5,8,5,4,7,9,11,4,7,5,0,6,7,5,4,8,5,5,0,4,10,5,8,0,6,11,6,0,8,5,7,11,2,11,11,6,0,0,7,0,3,6,11,0,5,8,0,11,8,6,8,6,3,6,7,8,0,2,4,8,0,5,3,5,5,4,3,6,7,11,9,11,5,6
0,7,10,5,6,0,8,8,2,3,0,2,6,5,0,10,8,2,4,9,2,2,9,5,4,4,9,5,6,8,7,4,6,0,8,4,10,8,0,2,3,6,7,8,5,2,0,11,7,6,0,5,8,8,6,9,9,4,3,8,2,3,7,4,5,4,6,11,6,7,10,0,5,4,7,0,6,9,6,5,8,10,0,5,8,6,2,7,8,6,5,9,6,6,2,5,11,6,9,2,7,0,7,2,9,6,8,0,3,0,0,7,2,2,8,2,4,7,0,2,6,9,2,0,9,7,9,7,4,7,8,9,2,3,5,9,2,6,4,6,6,5,4,7,8,0,10,0,6,7
2,8,11,6,7,2,9,9,3,4,2,3,7,6,2,11,9,3,5,10,3,3,10,6,5,5,10,6,7,9,8,5,7,2,9,5,11,9,2,3,4,7,8,9,6,3,2,0,8,7,2,6,9,9,7,10,10,5,4,9,3,4,8,5,6,5,7,0,7,8,11,2,6,5,8,2,7,10,7,6,9,11,2,6,9,7,3,8,9,7,6,10,7,7,3,6,0,7,10,3,8,2,8,3,10,7,9,2,4,2,2,8,3,3,9,3,5,8,2,3,7,10,3,2,10,8,10,8,5,8,9,10,3,4,6,10,3,7,5,7,7,6,5,8,9,2,11,2,7,8
3,9,0,7,8,3,10,10,4,5,3,4,8,7,3,0,10,4,6,11,4,4,11,7,6,6,11,7,8,10,9,6,8,3,10,6,0,10,3,4,5,8,9,10,7,4,3,2,9,8,3,7,10,10,8,11,11,6,5,10,4,5,9,6,7,6,8,2,8,9,0,3,7,6,9,3,8,11,8,7,10,0,3,7,10,8,4,9,10,8,7,11,8,8,4,7,2,8,11,4,9,3,9,4,11,8,10,3,5,3,3,9,4,4,10,4,6,9,3,4,8,11,4,3,11,9,11,9,6,9,10,11,4,5,7,11,4,8,6,8,8,7,6,9,10,3,0,3,8,9
4,10,2,8,9,4,11,11,5,6,4,5,9,8,4,2,11,5,7,0,5,5,0,8,7,7,0,8,9,11,10,7,9,4,11,7,2,11,4,5,6,9,10,11,8,5,4,3,10,9,4,8,11,11,9,0,0,7,6,11,5,6,10,7,8,7,9,3,9,10,2,4,8,7,10,4,9,0,9,8,11,2,4,8,11,9,5,10,11,9,8,0,9,9,5,8,3,9,0,5,10,4,10,5,0,9,11,4,6,4,4,10,5,5,11,5,7,10,4,5,9,0,5,4,0,10,0,10,7,10,11,0,5,6,8,0,5,9,7,9,9,8,7,10,11,4,2,4,9,10
5,11,3,9,10,5,0,0,6,7,5,6,10,9,5,3,0,6,8,2,6,6,2,9,8,8,2,9,10,0,11,8,10,5,0,8,3,0,5,6,7,10,11,0,9,6,5,4,11,10,5,9,0,0,10,2,2,8,7,0,6,7,11,8,9,8,10,4,10,11,3,5,9,8,11,5,10,2,10,9,0,3,5,9,0,10,6,11,0,10,9,2,10,10,6,9,4,10,2,6,11,5,11,6,2,10,0,5,7,5,5,11,6,6,0,6,8,11,5,6,10,2,6,5,2,11,2,11,8,11,0,2,6,7,9,2,6,10,8,10,10,9,8,11,0,5,3,5,10,11
6,0,4,10,11,6,2,2,7,8,6,7,11,10,6,4,2,7,9,3,7,7,3,10,9,9,3,10,11,2,0,9,11,6,2,9,4,2,6,7,8,11,0,2,10,7,6,5,0,11,6,10,2,2,11,3,3,9,8,2,7,8,0,9,10,9,11,5,11,0,4,6,10,9,0,6,11,3,11,10,2,4,6,10,2,11,7,0,2,11,10,3,11,11,7,10,5,11,3,7,0,6,0,7,3,11,2,6,8,6,6,0,7,7,2,7,9,0,6,7,11,3,7,6,3,0,3,0,9,0,2,3,7,8,10,3,7,11,9,11,11,10,9,0,2,6,4,6,11,0
7,2,5,11,0,7,3,3,8,9,7,8,0,11,7,5,3,8,10,4,8,8,4,11,10,10,4,11,0,3,2,10,0,7,3,10,5,3,7,8,9,0,2,3,11,8,7,6,2,0,7,11,3,3,0,4,4,10,9,3,8,9,2,10,11,10,0,6,0,2,5,7,11,10,2,7,0,4,0,11,3,5,7,11,3,0,8,2,3,0,11,4,0,0,8,11,6,0,4,8,2,7,2,8,4,0,3,7,9,7,7,2,8,8,3,8,10,2,7,8,0,4,8,7,4,2,4,2,10,2,3,4,8,9,11,4,8,0,10,0,0,11,10,2,3,7,5,7,0,2
8,3,6,0,2,8,4,4,9,10,8,9,2,0,8,6,4,9,11,5,9,9,5,0,11,11,5,0,2,4,3,11,2,8,4,11,6,4,8,9,10,2,3,4,0,9,8,7,3,2,8,0,4,4,2,5,5,11,10,4,9,10,3,11,0,11,2,7,2,3,6,8,0,11,3,8,2,5,2,0,4,6,8,0,4,2,9,3,4,2,0,5,2,2,9,0,7,2,5,9,3,8,3,9,5,2,4,8,10,8,8,3,9,9,4,9,11,3,8,9,2,5,9,8,5,3,5,3,11,3,4,5,9,10,0,5,9,2,11,2,2,0,11,3,4,8,6,8,2,3
9,4,7,2,3,9,5,5,10,11,9,10,3,2,9,7,5,10,0,6,10,10,6,2,0,0,6,2,3,5,4,0,3,9,5,0,7,5,9,10,11,3,4,5,2,10,9,8,4,3,9,2,5,5,3,6,6,0,11,5,10,11,4,0,2,0,3,8,3,4,7,9,2,0,4,9,3,6,3,2,5,7,9,2,5,3,10,4,5,3,2,6,3,3,10,2,8,3,6,10,4,9,4,10,6,3,5,9,11,9,9,4,10,10,5,10,0,4,9,10,3,6,10,9,6,4,6,4,0,4,5,6,10,11,2,6,10,3,0,3,3,2,0,4,5,9,7,9,3,4
10,5,8,3,4,10,6,6,11,0,10,11,4,3,10,8,6,11,2,7,11,11,7,3,2,2,7,3,4,6,5,2,4,10,6,2,8,6,10,11,0,4,5,6,3,11,10,9,5,4,10,3,6,6,4,7,7,2,0,6,11,0,5,2,3,2,4,9,4,5,8,10,3,2,5,10,4,7,4,3,6,8,10,3,6,4,11,5,6,4,3,7,4,4,11,3,9,4,7,11,5,10,5,11,7,4,6,10,0,10,10,5,11,11,6,11,2,5,10,11,4,7,11,10,7,5,7,5,2,5,6,7,11,0,3,7,11,4,2,4,4,3,2,5,6,10,8,10,4,5
11,6,9,4,5,11,7,7,0,2,11,0,5,4,11,9,7,0,3,8,0,0,8,4,3,3,8,4,5,7,6,3,5,11,7,3,9,7,11,0,2,5,6,7,4,0,11,10,6,5,11,4,7,7,5,8,8,3,2,7,0,2,6,3,4,3,5,10,5,6,9,11,4,3,6,11,5,8,5,4,7,9,11,4,7,5,0,6,7,5,4,8,5,5,0,4,10,5,8,0,6,11,6,0,8,5,7,11,2,11,11,6,0,0,7,0,3,6,11,0,5,8,0,11,8,6,8,6,3,6,7,8,0,2,4,8,0,5,3,5,5,4,3,6,7,11,9,11,5,6
0,7,10,5,6,0,8,8,2,3,0,2,6,5,0,10,8,2,4,9,2,2,9,5,4,4,9,5,6,8,7,4,6,0,8,4,10,8,0,2,3,6,7,8,5,2,0,11,7,6,0,5,8,8,6,9,9,4,3,8,2,3,7,4,5,4,6,11,6,7,10,0,5,4,7,0,6,9,6,5,8,10,0,5,8,6,2,7,8,6,5,9,6,6,2,5,11,6,9,2,7,0,7,2,9,6,8,0,3,0,0,7,2,2,8,2,4,7,0,2,6,9,2,0,9,7,9,7,4,7,8,9,2,3,5,9,2,6,4,6,6,5,4,7,8,0,10,0,6,7
2,8,11,6,7,2,9,9,3,4,2,3,7,6,2,11,9,3,5,10,3,3,10,6,5,5,10,6,7,9,8,5,7,2,9,5,11,9,2,3,4,7,8,9,6,3,2,0,8,7,2,6,9,9,7,10,10,5,4,9,3,4,8,5,6,5,7,0,7,8,11,2,6,5,8,2,7,10,7,6,9,11,2,6,9,7,3,8,9,7,6,10,7,7,3,6,0,7,10,3,8,2,8,3,10,7,9,2,4,2,2,8,3,3,9,3,5,8,2,3,7,10,3,2,10,8,10,8,5,8,9,10,3,4,6,10,3,7,5,7,7,6,5,8,9,2,11,2,7,8
3,9,0,7,8,3,10,10,4,5,3,4,8,7,3,0,10,4,6,11,4,4,11,7,6,6,11,7,8,10,9,6,8,3,10,6,0,10,3,4,5,8,9,10,7,4,3,2,9,8,3,7,10,10,8,11,11,6,5,10,4,5,9,6,7,6,8,2,8,9,0,3,7,6,9,3,8,11,8,7,10,0,3,7,10,8,4,9,10,8,7,11,8,8,4,7,2,8,11,4,9,3,9,4,11,8,10,3,5,3,3,9,4,4,10,4,6,9,3,4,8,11,4,3,11,9,11,9,6,9,10,11,4,5,7,11,4,8,6,8,8,7,6,9,10,3,0,3,8,9
4,10,2,8,9,4,11,11,5,6,4,5,9,8,4,2,11,5,7,0,5,5,0,8,7,7,0,8,9,11,10,7,9,4,11,7,2,11,4,5,6,9,10,11,8,5,4,3,10,9,4,8,11,11,9,0,0,7,6,11,5,6,10,7,8,7,9,3,9,10,2,4,8,7,10,4,9,0,9,8,11,2,4,8,11,9,5,10,11,9,8,0,9,9,5,8,3,9,0,5,10,4,10,5,0,9,11,4,6,4,4,10,5,5,11,5,7,10,4,5,9,0,5,4,0,10,0,10,7,10,11,0,5,6,8,0,5,9,7,9,9,8,7,10,11,4,2,4,9,10
5,11,3,9,10,5,0,0,6,7,5,6,10,9,5,3,0,6,8,2,6,6,2,9,8,8,2,9,10,0,11,8,10,5,0,8,3,0,5,6,7,10,11,0,9,6,5,4,11,10,5,9,0,0,10,2,2,8,7,0,6,7,11,8,9,8,10,4,10,11,3,5,9,8,11,5,10,2,10,9,0,3,5,9,0,10,6,11,0,10,9,2,10,10,6,9,4,10,2,6,11,5,11,6,2,10,0,5,7,5,5,11,6,6,0,6,8,11,5,6,10,2,6,5,2,11,2,11,8,11,0,2,6,7,9,2,6,10,8,10,10,9,8,11,0,5,3,5,10,11
6,0,4,10,11,6,2,2,7,8,6,7,11,10,6,4,2,7,9,3,7,7,3,10,9,9,3,10,11,2,0,9,11,6,2,9,4,2,6,7,8,11,0,2,10,7,6,5,0,11,6,10,2,2,11,3,3,9,8,2,7,8,0,9,10,9,11,5,11,0,4,6,10,9,0,6,11,3,11,10,2,4,6,10,2,11,7,0,2,11,10,3,11,11,7,10,5,11,3,7,0,6,0,7,3,11,2,6,8,6,6,0,7,7,2,7,9,0,6,7,11,3,7,6,3,0,3,0,9,0,2,3,7,8,10,3,7,11,9,11,11,10,9,0,2,6,4,6,11,0
7,2,5,11,0,7,3,3,8,9,7,8,0,11,7,5,3,8,10,4,8,8,4,11,10,10,4,11,0,3,2,10,0,7,3,10,5,3,7,8,9,0,2,3,11,8,7,6,2,0,7,11,3,3,0,4,4,10,9,3,8,9,2,10,11,10,0,6,0,2,5,7,11,10,2,7,0,4,0,11,3,5,7,11,3,0,8,2,3,0,11,4,0,0,8,11,6,0,4,8,2,7,2,8,4,0,3,7,9,7,7,2,8,8,3,8,10,2,7,8,0,4,8,7,4,2,4,2,10,2,3,4,8,9,11,4,8,0,10,0,0,11,10,2,3,7,5,7,0,2
8,3,6,0,2,8,4,4,9,10,8,9,2,0,8,6,4,9,11,5,9,9,5,0,11,11,5,0,2,4,3,11,2,8,4,11,6,4,8,9,10,2,3,4,0,9,8,7,3,2,8,0,4,4,2,5,5,11,10,4,9,10,3,11,0,11,2,7,2,3,6,8,0,11,3,8,2,5,2,0,4,6,8,0,4,2,9,3,4,2,0,5,2,2,9,0,7,2,5,9,3,8,3,9,5,2,4,8,10,8,8,3,9,9,4,9,11,3,8,9,2,5,9,8,5,3,5,3,11,3,4,5,9,10,0,5,9,2,11,2,2,0,11,3,4,8,6,8,2,3
9,4,7,2,3,9,5,5,10,11,9,10,3,2,9,7,5,10,0,6,10,10,6,2,0,0,6,2,3,5,4,0,3,9,5,0,7,5,9,10,11,3,4,5,2,10,9,8,4,3,9,2,5,5,3,6,6,0,11,5,10,11,4,0,2,0,3,8,3,4,7,9,2,0,4,9,3,6,3,2,5,7,9,2,5,3,10,4,5,3,2,6,3,3,10,2,8,3,6,10,4,9,4,10,6,3,5,9,11,9,9,4,10,10,5,10,0,4,9,10,3,6,10,9,6,4,6,4,0,4,5,6,10,11,2,6,10,3,0,3,3,2,0,4,5,9,7,9,3,4
10,5,8,3,4,10,6,6,11,0,10,11,4,3,10,8,6,11,2,7,11,11,7,3,2,2,7,3,4,6,5,2,4,10,6,2,8,6,10,11,0,4,5,6,3,11,10,9,5,4,10,3,6,6,4,7,7,2,0,6,11,0,5,2,3,2,4,9,4,5,8,10,3,2,5,10,4,7,4,3,6,8,10,3,6,4,11,5,6,4,3,7,4,4,11,3,9,4,7,11,5,10,5,11,7,4,6,10,0,10,10,5,11,11,6,11,2,5,10,11,4,7,11,10,7,5,7,5,2,5,6,7,11,0,3,7,11,4,2,4,4,3,2,5,6,10,8,10,4,5
11,6,9,4,5,11,7,7,0,2,11,0,5,4,11,9,7,0,3,8,0,0,8,4,3,3,8,4,5,7,6,3,5,11,7,3,9,7,11,0,2,5,6,7,4,0,11,10,6,5,11,4,7,7,5,8,8,3,2,7,0,2,6,3,4,3,5,10,5,6,9,11,4,3,6,11,5,8,5,4,7,9,11,4,7,5,0,6,7,5,4,8,5,5,0,4,10,5,8,0,6,11,6,0,8,5,7,11,2,11,11,6,0,0,7,0,3,6,11,0,5,8,0,11,8,6,8,6,3,6,7,8,0,2,4,8,0,5,3,5,5,4,3,6,7,11,9,11,5,6
0,7,10,5,6,0,8,8,2,3,0,2,6,5,0,10,8,2,4,9,2,2,9,5,4,4,9,5,6,8,7,4,6,0,8,4,10,8,0,2,3,6,7,8,5,2,0,11,7,6,0,5,8,8,6,9,9,4,3,8,2,3,7,4,5,4,6,11,6,7,10,0,5,4,7,0,6,9,6,5,8,10,0,5,8,6,2,7,8,6,5,9,6,6,2,5,11,6,9,2,7,0,7,2,9,6,8,0,3,0,0,7,2,2,8,2,4,7,0,2,6,9,2,0,9,7,9,7,4,7,8,9,2,3,5,9,2,6,4,6,6,5,4,7,8,0,10,0,6,7
2,8,11,6,7,2,9,9,3,4,2,3,7,6,2,11,9,3,5,10,3,3,10,6,5,5,10,6,7,9,8,5,7,2,9,5,11,9,2,3,4,7,8,9,6,3,2,0,8,7,2,6,9,9,7,10,10,5,4,9,3,4,8,5,6,5,7,0,7,8,11,2,6,5,8,2,7,10,7,6,9,11,2,6,9,7,3,8,9,7,6,10,7,7,3,6,0,7,10,3,8,2,8,3,10,7,9,2,4,2,2,8,3,3,9,3,5,8,2,3,7,10,3,2,10,8,10,8,5,8,9,10,3,4,6,10,3,7,5,7,7,6,5,8,9,2,11,2,7,8
3,9,0,7,8,3,10,10,4,5,3,4,8,7,3,0,10,4,6,11,4,4,11,7,6,6,11,7,8,10,9,6,8,3,10,6,0,10,3,4,5,8,9,10,7,4,3,2,9,8,3,7,10,10,8,11,11,6,5,10,4,5,9,6,7,6,8,2,8,9,0,3,7,6,9,3,8,11,8,7,10,0,3,7,10,8,4,9,10,8,7,11,8,8,4,7,2,8,11,4,9,3,9,4,11,8,10,3,5,3,3,9,4,4,10,4,6,9,3,4,8,11,4,3,11,9,11,9,6,9,10,11,4,5,7,11,4,8,6,8,8,7,6,9,10,3,0,3,8,9
4,10,2,8,9,4,11,11,5,6,4,5,9,8,4,2,11,5,7,0,5,5,0,8,7,7,0,8,9,11,10,7,9,4,11,7,2,11,4,5,6,9,10,11,8,5,4,3,10,9,4,8,11,11,9,0,0,7,6,11,5,6,10,7,8,7,9,3,9,10,2,4,8,7,10,4,9,0,9,8,11,2,4,8,11,9,5,10,11,9,8,0,9,9,5,8,3,9,0,5,10,4,10,5,0,9,11,4,6,4,4,10,5,5,11,5,7,10,4,5,9,0,5,4,0,10,0,10,7,10,11,0,5,6,8,0,5,9,7,9,9,8,7,10,11,4,2,4,9,10
5,11,3,9,10,5,0,0,6,7,5,6,10,9,5,3,0,6,8,2,6,6,2,9,8,8,2,9,10,0,11,8,10,5,0,8,3,0,5,6,7,10,11,0,9,6,5,4,11,10,5,9,0,0,10,2,2,8,7,0,6,7,11,8,9,8,10,4,10,11,3,5,9,8,11,5,10,2,10,9,0,3,5,9,0,10,6,11,0,10,9,2,10,10,6,9,4,10,2,6,11,5,11,6,2,10,0,5,7,5,5,11,6,6,0,6,8,11,5,6,10,2,6,5,2,11,2,11,8,11,0,2,6,7,9,2,6,10,8,10,10,9,8,11,0,5,3,5,10,11
6,0,4,10,11,6,2,2,7,8,6,7,11,10,6,4,2,7,9,3,7,7,3,10,9,9,3,10,11,2,0,9,11,6,2,9,4,2,6,7,8,11,0,2,10,7,6,5,0,11,6,10,2,2,11,3,3,9,8,2,7,8,0,9,10,9,11,5,11,0,4,6,10,9,0,6,11,3,11,10,2,4,6,10,2,11,7,0,2,11,10,3,11,11,7,10,5,11,3,7,0,6,0,7,3,11,2,6,8,6,6,0,7,7,2,7,9,0,6,7,11,3,7,6,3,0,3,0,9,0,2,3,7,8,10,3,7,11,9,11,11,10,9,0,2,6,4,6,11,0
7,2,5,11,0,7,3,3,8,9,7,8,0,11,7,5,3,8,10,4,8,8,4,11,10,10,4,11,0,3,2,10,0,7,3,10,5,3,7,8,9,0,2,3,11,8,7,6,2,0,7,11,3,3,0,4,4,10,9,3,8,9,2,10,11,10,0,6,0,2,5,7,11,10,2,7,0,4,0,11,3,5,7,11,3,0,8,2,3,0,11,4,0,0,8,11,6,0,4,8,2,7,2,8,4,0,3,7,9,7,7,2,8,8,3,8,10,2,7,8,0,4,8,7,4,2,4,2,10,2,3,4,8,9,11,4,8,0,10,0,0,11,10,2,3,7,5,7,0,2
8,3,6,0,2,8,4,4,9,10,8,9,2,0,8,6,4,9,11,5,9,9,5,0,11,11,5,0,2,4,3,11,2,8,4,11,6,4,8,9,10,2,3,4,0,9,8,7,3,2,8,0,4,4,2,5,5,11,10,4,9,10,3,11,0,11,2,7,2,3,6,8,0,11,3,8,2,5,2,0,4,6,8,0,4,2,9,3,4,2,0,5,2,2,9,0,7,2,5,9,3,8,3,9,5,2,4,8,10,8,8,3,9,9,4,9,11,3,8,9,2,5,9,8,5,3,5,3,11,3,4,5,9,10,0,5,9,2,11,2,2,0,11,3,4,8,6,8,2,3
9,4,7,2,3,9,5,5,10,11,9,10,3,2,9,7,5,10,0,6,10,10,6,2,0,0,6,2,3,5,4,0,3,9,5,0,7,5,9,10,11,3,4,5,2,10,9,8,4,3,9,2,5,5,3,6,6,0,11,5,10,11,4,0,2,0,3,8,3,4,7,9,2,0,4,9,3,6,3,2,5,7,9,2,5,3,10,4,5,3,2,6,3,3,10,2,8,3,6,10,4,9,4,10,6,3,5,9,11,9,9,4,10,10,5,10,0,4,9,10,3,6,10,9,6,4,6,4,0,4,5,6,10,11,2,6,10,3,0,3,3,2,0,4,5,9,7,9,3,4
10,5,8,3,4,10,6,6,11,0,10,11,4,3,10,8,6,11,2,7,11,11,7,3,2,2,7,3,4,6,5,2,4,10,6,2,8,6,10,11,0,4,5,6,3,11,10,9,5,4,10,3,6,6,4,7,7,2,0,6,11,0,5,2,3,2,4,9,4,5,8,10,3,2,5,10,4,7,4,3,6,8,10,3,6,4,11,5,6,4,3,7,4,4,11,3,9,4,7,11,5,10,5,11,7,4,6,10,0,10,10,5,11,11,6,11,2,5,10,11,4,7,11,10,7,5,7,5,2,5,6,7,11,0,3,7,11,4,2,4,4,3,2,5,6,10,8,10,4,5
11,6,9,4,5,11,7,7,0,2,11,0,5,4,11,9,7,0,3,8,0,0,8,4,3,3,8,4,5,7,6,3,5,11,7,3,9,7,11,0,2,5,6,7,4,0,11,10,6,5,11,4,7,7,5,8,8,3,2,7,0,2,6,3,4,3,5,10,5,6,9,11,4,3,6,11,5,8,5,4,7,9,11,4,7,5,0,6,7,5,4,8,5,5,0,4,10,5,8,0,6,11,6,0,8,5,7,11,2,11,11,6,0,0,7,0,3,6,11,0,5,8,0,11,8,6,8,6,3,6,7,8,0,2,4,8,0,5,3,5,5,4,3,6,7,11,9,11,5,6
0,7,10,5,6,0,8,8,2,3,0,2,6,5,0,10,8,2,4,9,2,2,9,5,4,4,9,5,6,8,7,4,6,0,8,4,10,8,0,2,3,6,7,8,5,2,0,11,7,6,0,5,8,8,6,9,9,4,3,8,2,3,7,4,5,4,6,11,6,7,10,0,5,4,7,0,6,9,6,5,8,10,0,5,8,6,2,7,8,6,5,9,6,6,2,5,11,6,9,2,7,0,7,2,9,6,8,0,3,0,0,7,2,2,8,2,4,7,0,2,6,9,2,0,9,7,9,7,4,7,8,9,2,3,5,9,2,6,4,6,6,5,4,7,8,0,10,0,6,7
2,8,11,6,7,2,9,9,3,4,2,3,7,6,2,11,9,3,5,10,3,3,10,6,5,5,10,6,7,9,8,5,7,2,9,5,11,9,2,3,4,7,8,9,6,3,2,0,8,7,2,6,9,9,7,10,10,5,4,9,3,4,8,5,6,5,7,0,7,8,11,2,6,5,8,2,7,10,7,6,9,11,2,6,9,7,3,8,9,7,6,10,7,7,3,6,0,7,10,3,8,2,8,3,10,7,9,2,4,2,2,8,3,3,9,3,5,8,2,3,7,10,3,2,10,8,10,8,5,8,9,10,3,4,6,10,3,7,5,7,7,6,5,8,9,2,11,2,7,8
3,9,0,7,8,3,10,10,4,5,3,4,8,7,3,0,10,4,6,11,4,4,11,7,6,6,11,7,8,10,9,6,8,3,10,6,0,10,3,4,5,8,9,10,7,4,3,2,9,8,3,7,10,10,8,11,11,6,5,10,4,5,9,6,7,6,8,2,8,9,0,3,7,6,9,3,8,11,8,7,10,0,3,7,10,8,4,9,10,8,7,11,8,8,4,7,2,8,11,4,9,3,9,4,11,8,10,3,5,3,3,9,4,4,10,4,6,9,3,4,8,11,4,3,11,9,11,9,6,9,10,11,4,5,7,11,4,8,6,8,8,7,6,9,10,3,0,3,8,9
4,10,2,8,9,4,11,11,5,6,4,5,9,8,4,2,11,5,7,0,5,5,0,8,7,7,0,8,9,11,10,7,9,4,11,7,2,11,4,5,6,9,10,11,8,5,4,3,10,9,4,8,11,11,9,0,0,7,6,11,5,6,10,7,8,7,9,3,9,10,2,4,8,7,10,4,9,0,9,8,11,2,4,8,11,9,5,10,11,9,8,0,9,9,5,8,3,9,0,5,10,4,10,5,0,9,11,4,6,4,4,10,5,5,11,5,7,10,4,5,9,0,5,4,0,10,0,10,7,10,11,0,5,6,8,0,5,9,7,9,9,8,7,10,11,4,2,4,9,10
5,11,3,9,10,5,0,0,6,7,5,6,10,9,5,3,0,6,8,2,6,6,2,9,8,8,2,9,10,0,11,8,10,5,0,8,3,0,5,6,7,10,11,0,9,6,5,4,11,10,5,9,0,0,10,2,2,8,7,0,6,7,11,8,9,8,10,4,10,11,3,5,9,8,11,5,10,2,10,9,0,3,5,9,0,10,6,11,0,10,9,2,10,10,6,9,4,10,2,6,11,5,11,6,2,10,0,5,7,5,5,11,6,6,0,6,8,11,5,6,10,2,6,5,2,11,2,11,8,11,0,2,6,7,9,2,6,10,8,10,10,9,8,11,0,5,3,5,10,11
6,0,4,10,11,6,2,2,7,8,6,7,11,10,6,4,2,7,9,3,7,7,3,10,9,9,3,10,11,2,0,9,11,6,2,9,4,2,6,7,8,11,0,2,10,7,6,5,0,11,6,10,2,2,11,3,3,9,8,2,7,8,0,9,10,9,11,5,11,0,4,6,10,9,0,6,11,3,11,10,2,4,6,10,2,11,7,0,2,11,10,3,11,11,7,10,5,11,3,7,0,6,0,7,3,11,2,6,8,6,6,0,7,7,2,7,9,0,6,7,11,3,7,6,3,0,3,0,9,0,2,3,7,8,10,3,7,11,9,11,11,10,9,0,2,6,4,6,11,0
7,2,5,11,0,7,3,3,8,9,7,8,0,11,7,5,3,8,10,4,8,8,4,11,10,10,4,11,0,3,2,10,0,7,3,10,5,3,7,8,9,0,2,3,11,8,7,6,2,0,7,11,3,3,0,4,4,10,9,3,8,9,2,10,11,10,0,6,0,2,5,7,11,10,2,7,0,4,0,11,3,5,7,11,3,0,8,2,3,0,11,4,0,0,8,11,6,0,4,8,2,7,2,8,4,0,3,7,9,7,7,2,8,8,3,8,10,2,7,8,0,4,8,7,4,2,4,2,10,2,3,4,8,9,11,4,8,0,10,0,0,11,10,2,3,7,5,7,0,2
8,3,6,0,2,8,4,4,9,10,8,9,2,0,8,6,4,9,11,5,9,9,5,0,11,11,5,0,2,4,3,11,2,8,4,11,6,4,8,9,10,2,3,4,0,9,8,7,3,2,8,0,4,4,2,5,5,11,10,4,9,10,3,11,0,11,2,7,2,3,6,8,0,11,3,8,2,5,2,0,4,6,8,0,4,2,9,3,4,2,0,5,2,2,9,0,7,2,5,9,3,8,3,9,5,2,4,8,10,8,8,3,9,9,4,9,11,3,8,9,2,5,9,8,5,3,5,3,11,3,4,5,9,10,0,5,9,2,11,2,2,0,11,3,4,8,6,8,2,3
9,4,7,2,3,9,5,5,10,11,9,10,3,2,9,7,5,10,0,6,10,10,6,2,0,0,6,2,3,5,4,0,3,9,5,0,7,5,9,10,11,3,4,5,2,10,9,8,4,3,9,2,5,5,3,6,6,0,11,5,10,11,4,0,2,0,3,8,3,4,7,9,2,0,4,9,3,6,3,2,5,7,9,2,5,3,10,4,5,3,2,6,3,3,10,2,8,3,6,10,4,9,4,10,6,3,5,9,11,9,9,4,10,10,5,10,0,4,9,10,3,6,10,9,6,4,6,4,0,4,5,6,10,11,2,6,10,3,0,3,3,2,0,4,5,9,7,9,3,4
10,5,8,3,4,10,6,6,11,0,10,11,4,3,10,8,6,11,2,7,11,11,7,3,2,2,7,3,4,6,5,2,4,10,6,2,8,6,10,11,0,4,5,6,3,11,10,9,5,4,10,3,6,6,4,7,7,2,0,6,11,0,5,2,3,2,4,9,4,5,8,10,3,2,5,10,4,7,4,3,6,8,10,3,6,4,11,5,6,4,3,7,4,4,11,3,9,4,7,11,5,10,5,11,7,4,6,10,0,10,10,5,11,11,6,11,2,5,10,11,4,7,11,10,7,5,7,5,2,5,6,7,11,0,3,7,11,4,2,4,4,3,2,5,6,10,8,10,4,5
11,6,9,4,5,11,7,7,0,2,11,0,5,4,11,9,7,0,3,8,0,0,8,4,3,3,8,4,5,7,6,3,5,11,7,3,9,7,11,0,2,5,6,7,4,0,11,10,6,5,11,4,7,7,5,8,8,3,2,7,0,2,6,3,4,3,5,10,5,6,9,11,4,3,6,11,5,8,5,4,7,9,11,4,7,5,0,6,7,5,4,8,5,5,0,4,10,5,8,0,6,11,6,0,8,5,7,11,2,11,11,6,0,0,7,0,3,6,11,0,5,8,0,11,8,6,8,6,3,6,7,8,0,2,4,8,0,5,3,5,5,4,3,6,7,11,9,11,5,6
0,7,10,5,6,0,8,8,2,3,0,2,6,5,0,10,8,2,4,9,2,2,9,5,4,4,9,5,6,8,7,4,6,0,8,4,10,8,0,2,3,6,7,8,5,2,0,11,7,6,0,5,8,8,6,9,9,4,3,8,2,3,7,4,5,4,6,11,6,7,10,0,5,4,7,0,6,9,6,5,8,10,0,5,8,6,2,7,8,6,5,9,6,6,2,5,11,6,9,2,7,0,7,2,9,6,8,0,3,0,0,7,2,2,8,2,4,7,0,2,6,9,2,0,9,7,9,7,4,7,8,9,2,3,5,9,2,6,4,6,6,5,4,7,8,0,10,0,6,7
2,8,11,6,7,2,9,9,3,4,2,3,7,6,2,11,9,3,5,10,3,3,10,6,5,5,10,6,7,9,8,5,7,2,9,5,11,9,2,3,4,7,8,9,6,3,2,0,8,7,2,6,9,9,7,10,10,5,4,9,3,4,8,5,6,5,7,0,7,8,11,2,6,5,8,2,7,10,7,6,9,11,2,6,9,7,3,8,9,7,6,10,7,7,3,6,0,7,10,3,8,2,8,3,10,7,9,2,4,2,2,8,3,3,9,3,5,8,2,3,7,10,3,2,10,8,10,8,5,8,9,10,3,4,6,10,3,7,5,7,7,6,5,8,9,2,11,2,7,8
3,9,0,7,8,3,10,10,4,5,3,4,8,7,3,0,10,4,6,11,4,4,11,7,6,6,11,7,8,10,9,6,8,3,10,6,0,10,3,4,5,8,9,10,7,4,3,2,9,8,3,7,10,10,8,11,11,6,5,10,4,5,9,6,7,6,8,2,8,9,0,3,7,6,9,3,8,11,8,7,10,0,3,7,10,8,4,9,10,8,7,11,8,8,4,7,2,8,11,4,9,3,9,4,11,8,10,3,5,3,3,9,4,4,10,4,6,9,3,4,8,11,4,3,11,9,11,9,6,9,10,11,4,5,7,11,4,8,6,8,8,7,6,9,10,3,0,3,8,9
4,10,2,8,9,4,11,11,5,6,4,5,9,8,4,2,11,5,7,0,5,5,0,8,7,7,0,8,9,11,10,7,9,4,11,7,2,11,4,5,6,9,10,11,8,5,4,3,10,9,4,8,11,11,9,0,0,7,6,11,5,6,10,7,8,7,9,3,9,10,2,4,8,7,10,4,9,0,9,8,11,2,4,8,11,9,5,10,11,9,8,0,9,9,5,8,3,9,0,5,10,4,10,5,0,9,11,4,6,4,4,10,5,5,11,5,7,10,4,5,9,0,5,4,0,10,0,10,7,10,11,0,5,6,8,0,5,9,7,9,9,8,7,10,11,4,2,4,9,10
5,11,3,9,10,5,0,0,6,7,5,6,10,9,5,3,0,6,8,2,6,6,2,9,8,8,2,9,10,0,11,8,10,5,0,8,3,0,5,6,7,10,11,0,9,6,5,4,11,10,5,9,0,0,10,2,2,8,7,0,6,7,11,8,9,8,10,4,10,11,3,5,9,8,11,5,10,2,10,9,0,3,5,9,0,10,6,11,0,10,9,2,10,10,6,9,4,10,2,6,11,5,11,6,2,10,0,5,7,5,5,11,6,6,0,6,8,11,5,6,10,2,6,5,2,11,2,11,8,11,0,2,6,7,9,2,6,10,8,10,10,9,8,11,0,5,3,5,10,11
6,0,4,10,11,6,2,2,7,8,6,7,11,10,6,4,2,7,9,3,7,7,3,10,9,9,3,10,11,2,0,9,11,6,2,9,4,2,6,7,8,11,0,2,10,7,6,5,0,11,6,10,2,2,11,3,3,9,8,2,7,8,0,9,10,9,11,5,11,0,4,6,10,9,0,6,11,3,11,10,2,4,6,10,2,11,7,0,2,11,10,3,11,11,7,10,5,11,3,7,0,6,0,7,3,11,2,6,8,6,6,0,7,7,2,7,9,0,6,7,11,3,7,6,3,0,3,0,9,0,2,3,7,8,10,3,7,11,9,11,11,10,9,0,2,6,4,6,11,0
7,2,5,11,0,7,3,3,8,9,7,8,0,11,7,5,3,8,10,4,8,8,4,11,10,10,4,11,0,3,2,10,0,7,3,10,5,3,7,8,9,0,2,3,11,8,7,6,2,0,7,11,3,3,0,4,4,10,9,3,8,9,2,10,11,10,0,6,0,2,5,7,11,10,2,7,0,4,0,11,3,5,7,11,3,0,8,2,3,0,11,4,0,0,8,11,6,0,4,8,2,7,2,8,4,0,3,7,9,7,7,2,8,8,3,8,10,2,7,8,0,4,8,7,4,2,4,2,10,2,3,4,8,9,11,4,8,0,10,0,0,11,10,2,3,7,5,7,0,2
8,3,6,0,2,8,4,4,9,10,8,9,2,0,8,6,4,9,11,5,9,9,5,0,11,11,5,0,2,4,3,11,2,8,4,11,6,4,8,9,10,2,3,4,0,9,8,7,3,2,8,0,4,4,2,5,5,11,10,4,9,10,3,11,0,11,2,7,2,3,6,8,0,11,3,8,2,5,2,0,4,6,8,0,4,2,9,3,4,2,0,5,2,2,9,0,7,2,5,9,3,8,3,9,5,2,4,8,10,8,8,3,9,9,4,9,11,3,8,9,2,5,9,8,5,3,5,3,11,3,4,5,9,10,0,5,9,2,11,2,2,0,11,3,4,8,6,8,2,3
9,4,7,2,3,9,5,5,10,11,9,10,3,2,9,7,5,10,0,6,10,10,6,2,0,0,6,2,3,5,4,0,3,9,5,0,7,5,9,10,11,3,4,5,2,10,9,8,4,3,9,2,5,5,3,6,6,0,11,5,10,11,4,0,2,0,3,8,3,4,7,9,2,0,4,9,3,6,3,2,5,7,9,2,5,3,10,4,5,3,2,6,3,3,10,2,8,3,6,10,4,9,4,10,6,3,5,9,11,9,9,4,10,10,5,10,0,4,9,10,3,6,10,9,6,4,6,4,0,4,5,6,10,11,2,6,10,3,0,3,3,2,0,4,5,9,7,9,3,4
10,5,8,3,4,10,6,6,11,0,10,11,4,3,10,8,6,11,2,7,11,11,7,3,2,2,7,3,4,6,5,2,4,10,6,2,8,6,10,11,0,4,5,6,3,11,10,9,5,4,10,3,6,6,4,7,7,2,0,6,11,0,5,2,3,2,4,9,4,5,8,10,3,2,5,10,4,7,4,3,6,8,10,3,6,4,11,5,6,4,3,7,4,4,11,3,9,4,7,11,5,10,5,11,7,4,6,10,0,10,10,5,11,11,6,11,2,5,10,11,4,7,11,10,7,5,7,5,2,5,6,7,11,0,3,7,11,4,2,4,4,3,2,5,6,10,8,10,4,5
11,6,9,4,5,11,7,7,0,2,11,0,5,4,11,9,7,0,3,8,0,0,8,4,3,3,8,4,5,7,6,3,5,11,7,3,9,7,11,0,2,5,6,7,4,0,11,10,6,5,11,4,7,7,5,8,8,3,2,7,0,2,6,3,4,3,5,10,5,6,9,11,4,3,6,11,5,8,5,4,7,9,11,4,7,5,0,6,7,5,4,8,5,5,0,4,10,5,8,0,6,11,6,0,8,5,7,11,2,11,11,6,0,0,7,0,3,6,11,0,5,8,0,11,8,6,8,6,3,6,7,8,0,2,4,8,0,5,3,5,5,4,3,6,7,11,9,11,5,6
0,7,10,5,6,0,8,8,2,3,0,2,6,5,0,10,8,2,4,9,2,2,9,5,4,4,9,5,6,8,7,4,6,0,8,4,10,8,0,2,3,6,7,8,5,2,0,11,7,6,0,5,8,8,6,9,9,4,3,8,2,3,7,4,5,4,6,11,6,7,10,0,5,4,7,0,6,9,6,5,8,10,0,5,8,6,2,7,8,6,5,9,6,6,2,5,11,6,9,2,7,0,7,2,9,6,8,0,3,0,0,7,2,2,8,2,4,7,0,2,6,9,2,0,9,7,9,7,4,7,8,9,2,3,5,9,2,6,4,6,6,5,4,7,8,0,10,0,6,7
2,8,11,6,7,2,9,9,3,4,2,3,7,6,2,11,9,3,5,10,3,3,10,6,5,5,10,6,7,9,8,5,7,2,9,5,11,9,2,3,4,7,8,9,6,3,2,0,8,7,2,6,9,9,7,10,10,5,4,9,3,4,8,5,6,5,7,0,7,8,11,2,6,5,8,2,7,10,7,6,9,11,2,6,9,7,3,8,9,7,6,10,7,7,3,6,0,7,10,3,8,2,8,3,10,7,9,2,4,2,2,8,3,3,9,3,5,8,2,3,7,10,3,2,10,8,10,8,5,8,9,10,3,4,6,10,3,7,5,7,7,6,5,8,9,2,11,2,7,8
3,9,0,7,8,3,10,10,4,5,3,4,8,7,3,0,10,4,6,11,4,4,11,7,6,6,11,7,8,10,9,6,8,3,10,6,0,10,3,4,5,8,9,10,7,4,3,2,9,8,3,7,10,10,8,11,11,6,5,10,4,5,9,6,7,6,8,2,8,9,0,3,7,6,9,3,8,11,8,7,10,0,3,7,10,8,4,9,10,8,7,11,8,8,4,7,2,8,11,4,9,3,9,4,11,8,10,3,5,3,3,9,4,4,10,4,6,9,3,4,8,11,4,3,11,9,11,9,6,9,10,11,4,5,7,11,4,8,6,8,8,7,6,9,10,3,0,3,8,9
4,10,2,8,9,4,11,11,5,6,4,5,9,8,4,2,11,5,7,0,5,5,0,8,7,7,0,8,9,11,10,7,9,4,11,7,2,11,4,5,6,9,10,11,8,5,4,3,10,9,4,8,11,11,9,0,0,7,6,11,5,6,10,7,8,7,9,3,9,10,2,4,8,7,10,4,9,0,9,8,11,2,4,8,11,9,5,10,11,9,8,0,9,9,5,8,3,9,0,5,10,4,10,5,0,9,11,4,6,4,4,10,5,5,11,5,7,10,4,5,9,0,5,4,0,10,0,10,7,10,11,0,5,6,8,0,5,9,7,9,9,8,7,10,11,4,2,4,9,10
5,11,3,9,10,5,0,0,6,7,5,6,10,9,5,3,0,6,8,2,6,6,2,9,8,8,2,9,10,0,11,8,10,5,0,8,3,0,5,6,7,10,11,0,9,6,5,4,11,10,5,9,0,0,10,2,2,8,7,0,6,7,11,8,9,8,10,4,10,11,3,5,9,8,11,5,10,2,10,9,0,3,5,9,0,10,6,11,0,10,9,2,10,10,6,9,4,10,2,6,11,5,11,6,2,10,0,5,7,5,5,11,6,6,0,6,8,11,5,6,10,2,6,5,2,11,2,11,8,11,0,2,6,7,9,2,6,10,8,10,10,9,8,11,0,5,3,5,10,11
6,0,4,10,11,6,2,2,7,8,6,7,11,10,6,4,2,7,9,3,7,7,3,10,9,9,3,10,11,2,0,9,11,6,2,9,4,2,6,7,8,11,0,2,10,7,6,5,0,11,6,10,2,2,11,3,3,9,8,2,7,8,0,9,10,9,11,5,11,0,4,6,10,9,0,6,11,3,11,10,2,4,6,10,2,11,7,0,2,11,10,3,11,11,7,10,5,11,3,7,0,6,0,7,3,11,2,6,8,6,6,0,7,7,2,7,9,0,6,7,11,3,7,6,3,0,3,0,9,0,2,3,7,8,10,3,7,11,9,11,11,10,9,0,2,6,4,6,11,0
7,2,5,11,0,7,3,3,8,9,7,8,0,11,7,5,3,8,10,4,8,8,4,11,10,10,4,11,0,3,2,10,0,7,3,10,5,3,7,8,9,0,2,3,11,8,7,6,2,0,7,11,3,3,0,4,4,10,9,3,8,9,2,10,11,10,0,6,0,2,5,7,11,10,2,7,0,4,0,11,3,5,7,11,3,0,8,2,3,0,11,4,0,0,8,11,6,0,4,8,2,7,2,8,4,0,3,7,9,7,7,2,8,8,3,8,10,2,7,8,0,4,8,7,4,2,4,2,10,2,3,4,8,9,11,4,8,0,10,0,0,11,10,2,3,7,5,7,0,2
8,3,6,0,2,8,4,4,9,10,8,9,2,0,8,6,4,9,11,5,9,9,5,0,11,11,5,0,2,4,3,11,2,8,4,11,6,4,8,9,10,2,3,4,0,9,8,7,3,2,8,0,4,4,2,5,5,11,10,4,9,10,3,11,0,11,2,7,2,3,6,8,0,11,3,8,2,5,2,0,4,6,8,0,4,2,9,3,4,2,0,5,2,2,9,0,7,2,5,9,3,8,3,9,5,2,4,8,10,8,8,3,9,9,4,9,11,3,8,9,2,5,9,8,5,3,5,3,11,3,4,5,9,10,0,5,9,2,11,2,2,0,11,3,4,8,6,8,2,3
9,4,7,2,3,9,5,5,10,11,9,10,3,2,9,7,5,10,0,6,10,10,6,2,0,0,6,2,3,5,4,0,3,9,5,0,7,5,9,10,11,3,4,5,2,10,9,8,4,3,9,2,5,5,3,6,6,0,11,5,10,11,4,0,2,0,3,8,3,4,7,9,2,0,4,9,3,6,3,2,5,7,9,2,5,3,10,4,5,3,2,6,3,3,10,2,8,3,6,10,4,9,4,10,6,3,5,9,11,9,9,4,10,10,5,10,0,4,9,10,3,6,10,9,6,4,6,4,0,4,5,6,10,11,2,6,10,3,0,3,3,2,0,4,5,9,7,9,3,4
10,5,8,3,4,10,6,6,11,0,10,11,4,3,10,8,6,11,2,7,11,11,7,3,2,2,7,3,4,6,5,2,4,10,6,2,8,6,10,11,0,4,5,6,3,11,10,9,5,4,10,3,6,6,4,7,7,2,0,6,11,0,5,2,3,2,4,9,4,5,8,10,3,2,5,10,4,7,4,3,6,8,10,3,6,4,11,5,6,4,3,7,4,4,11,3,9,4,7,11,5,10,5,11,7,4,6,10,0,10,10,5,11,11,6,11,2,5,10,11,4,7,11,10,7,5,7,5,2,5,6,7,11,0,3,7,11,4,2,4,4,3,2,5,6,10,8,10,4,5
11,6,9,4,5,11,7,7,0,2,11,0,5,4,11,9,7,0,3,8,0,0,8,4,3,3,8,4,5,7,6,3,5,11,7,3,9,7,11,0,2,5,6,7,4,0,11,10,6,5,11,4,7,7,5,8,8,3,2,7,0,2,6,3,4,3,5,10,5,6,9,11,4,3,6,11,5,8,5,4,7,9,11,4,7,5,0,6,7,5,4,8,5,5,0,4,10,5,8,0,6,11,6,0,8,5,7,11,2,11,11,6,0,0,7,0,3,6,11,0,5,8,0,11,8,6,8,6,3,6,7,8,0,2,4,8,0,5,3,5,5,4,3,6,7,11,9,11,5,6
0,7,10,5,6,0,8,8,2,3,0,2,6,5,0,10,8,2,4,9,2,2,9,5,4,4,9,5,6,8,7,4,6,0,8,4,10,8,0,2,3,6,7,8,5,2,0,11,7,6,0,5,8,8,6,9,9,4,3,8,2,3,7,4,5,4,6,11,6,7,10,0,5,4,7,0,6,9,6,5,8,10,0,5,8,6,2,7,8,6,5,9,6,6,2,5,11,6,9,2,7,0,7,2,9,6,8,0,3,0,0,7,2,2,8,2,4,7,0,2,6,9,2,0,9,7,9,7,4,7,8,9,2,3,5,9,2,6,4,6,6,5,4,7,8,0,10,0,6,7
2,8,11,6,7,2,9,9,3,4,2,3,7,6,2,11,9,3,5,10,3,3,10,6,5,5,10,6,7,9,8,5,7,2,9,5,11,9,2,3,4,7,8,9,6,3,2,0,8,7,2,6,9,9,7,10,10,5,4,9,3,4,8,5,6,5,7,0,7,8,11,2,6,5,8,2,7,10,7,6,9,11,2,6,9,7,3,8,9,7,6,10,7,7,3,6,0,7,10,3,8,2,8,3,10,7,9,2,4,2,2,8,3,3,9,3,5,8,2,3,7,10,3,2,10,8,10,8,5,8,9,10,3,4,6,10,3,7,5,7,7,6,5,8,9,2,11,2,7,8
3,9,0,7,8,3,10,10,4,5,3,4,8,7,3,0,10,4,6,11,4,4,11,7,6,6,11,7,8,10,9,6,8,3,10,6,0,10,3,4,5,8,9,10,7,4,3,2,9,8,3,7,10,10,8,11,11,6,5,10,4,5,9,6,7,6,8,2,8,9,0,3,7,6,9,3,8,11,8,7,10,0,3,7,10,8,4,9,10,8,7,11,8,8,4,7,2,8,11,4,9,3,9,4,11,8,10,3,5,3,3,9,4,4,10,4,6,9,3,4,8,11,4,3,11,9,11,9,6,9,10,11,4,5,7,11,4,8,6,8,8,7,6,9,10,3,0,3,8,9
4,10,2,8,9,4,11,11,5,6,4,5,9,8,4,2,11,5,7,0,5,5,0,8,7,7,0,8,9,11,10,7,9,4,11,7,2,11,4,5,6,9,10,11,8,5,4,3,10,9,4,8,11,11,9,0,0,7,6,11,5,6,10,7,8,7,9,3,9,10,2,4,8,7,10,4,9,0,9,8,11,2,4,8,11,9,5,10,11,9,8,0,9,9,5,8,3,9,0,5,10,4,10,5,0,9,11,4,6,4,4,10,5,5,11,5,7,10,4,5,9,0,5,4,0,10,0,10,7,10,11,0,5,6,8,0,5,9,7,9,9,8,7,10,11,4,2,4,9,10
5,11,3,9,10,5,0,0,6,7,5,6,10,9,5,3,0,6,8,2,6,6,2,9,8,8,2,9,10,0,11,8,10,5,0,8,3,0,5,6,7,10,11,0,9,6,5,4,11,10,5,9,0,0,10,2,2,8,7,0,6,7,11,8,9,8,10,4,10,11,3,5,9,8,11,5,10,2,10,9,0,3,5,9,0,10,6,11,0,10,9,2,10,10,6,9,4,10,2,6,11,5,11,6,2,10,0,5,7,5,5,11,6,6,0,6,8,11,5,6,10,2,6,5,2,11,2,11,8,11,0,2,6,7,9,2,6,10,8,10,10,9,8,11,0,5,3,5,10,11
6,0,4,10,11,6,2,2,7,8,6,7,11,10,6,4,2,7,9,3,7,7,3,10,9,9,3,10,11,2,0,9,11,6,2,9,4,2,6,7,8,11,0,2,10,7,6,5,0,11,6,10,2,2,11,3,3,9,8,2,7,8,0,9,10,9,11,5,11,0,4,6,10,9,0,6,11,3,11,10,2,4,6,10,2,11,7,0,2,11,10,3,11,11,7,10,5,11,3,7,0,6,0,7,3,11,2,6,8,6,6,0,7,7,2,7,9,0,6,7,11,3,7,6,3,0,3,0,9,0,2,3,7,8,10,3,7,11,9,11,11,10,9,0,2,6,4,6,11,0
7,2,5,11,0,7,3,3,8,9,7,8,0,11,7,5,3,8,10,4,8,8,4,11,10,10,4,11,0,3,2,10,0,7,3,10,5,3,7,8,9,0,2,3,11,8,7,6,2,0,7,11,3,3,0,4,4,10,9,3,8,9,2,10,11,10,0,6,0,2,5,7,11,10,2,7,0,4,0,11,3,5,7,11,3,0,8,2,3,0,11,4,0,0,8,11,6,0,4,8,2,7,2,8,4,0,3,7,9,7,7,2,8,8,3,8,10,2,7,8,0,4,8,7,4,2,4,2,10,2,3,4,8,9,11,4,8,0,10,0,0,11,10,2,3,7,5,7,0,2
8,3,6,0,2,8,4,4,9,10,8,9,2,0,8,6,4,9,11,5,9,9,5,0,11,11,5,0,2,4,3,11,2,8,4,11,6,4,8,9,10,2,3,4,0,9,8,7,3,2,8,0,4,4,2,5,5,11,10,4,9,10,3,11,0,11,2,7,2,3,6,8,0,11,3,8,2,5,2,0,4,6,8,0,4,2,9,3,4,2,0,5,2,2,9,0,7,2,5,9,3,8,3,9,5,2,4,8,10,8,8,3,9,9,4,9,11,3,8,9,2,5,9,8,5,3,5,3,11,3,4,5,9,10,0,5,9,2,11,2,2,0,11,3,4,8,6,8,2,3
9,4,7,2,3,9,5,5,10,11,9,10,3,2,9,7,5,10,0,6,10,10,6,2,0,0,6,2,3,5,4,0,3,9,5,0,7,5,9,10,11,3,4,5,2,10,9,8,4,3,9,2,5,5,3,6,6,0,11,5,10,11,4,0,2,0,3,8,3,4,7,9,2,0,4,9,3,6,3,2,5,7,9,2,5,3,10,4,5,3,2,6,3,3,10,2,8,3,6,10,4,9,4,10,6,3,5,9,11,9,9,4,10,10,5,10,0,4,9,10,3,6,10,9,6,4,6,4,0,4,5,6,10,11,2,6,10,3,0,3,3,2,0,4,5,9,7,9,3,4
10,5,8,3,4,10,6,6,11,0,10,11,4,3,10,8,6,11,2,7,11,11,7,3,2,2,7,3,4,6,5,2,4,10,6,2,8,6,10,11,0,4,5,6,3,11,10,9,5,4,10,3,6,6,4,7,7,2,0,6,11,0,5,2,3,2,4,9,4,5,8,10,3,2,5,10,4,7,4,3,6,8,10,3,6,4,11,5,6,4,3,7,4,4,11,3,9,4,7,11,5,10,5,11,7,4,6,10,0,10,10,5,11,11,6,11,2,5,10,11,4,7,11,10,7,5,7,5,2,5,6,7,11,0,3,7,11,4,2,4,4,3,2,5,6,10,8,10,4,5
11,6,9,4,5,11,7,7,0,2,11,0,5,4,11,9,7,0,3,8,0,0,8,4,3,3,8,4,5,7,6,3,5,11,7,3,9,7,11,0,2,5,6,7,4,0,11,10,6,5,11,4,7,7,5,8,8,3,2,7,0,2,6,3,4,3,5,10,5,6,9,11,4,3,6,11,5,8,5,4,7,9,11,4,7,5,0,6,7,5,4,8,5,5,0,4,10,5,8,0,6,11,6,0,8,5,7,11,2,11,11,6,0,0,7,0,3,6,11,0,5,8,0,11,8,6,8,6,3,6,7,8,0,2,4,8,0,5,3,5,5,4,3,6,7,11,9,11,5,6
0,7,10,5,6,0,8,8,2,3,0,2,6,5,0,10,8,2,4,9,2,2,9,5,4,4,9,5,6,8,7,4,6,0,8,4,10,8,0,2,3,6,7,8,5,2,0,11,7,6,0,5,8,8,6,9,9,4,3,8,2,3,7,4,5,4,6,11,6,7,10,0,5,4,7,0,6,9,6,5,8,10,0,5,8,6,2,7,8,6,5,9,6,6,2,5,11,6,9,2,7,0,7,2,9,6,8,0,3,0,0,7,2,2,8,2,4,7,0,2,6,9,2,0,9,7,9,7,4,7,8,9,2,3,5,9,2,6,4,6,6,5,4,7,8,0,10,0,6,7
2,8,11,6,7,2,9,9,3,4,2,3,7,6,2,11,9,3,5,10,3,3,10,6,5,5,10,6,7,9,8,5,7,2,9,5,11,9,2,3,4,7,8,9,6,3,2,0,8,7,2,6,9,9,7,10,10,5,4,9,3,4,8,5,6,5,7,0,7,8,11,2,6,5,8,2,7,10,7,6,9,11,2,6,9,7,3,8,9,7,6,10,7,7,3,6,0,7,10,3,8,2,8,3,10,7,9,2,4,2,2,8,3,3,9,3,5,8,2,3,7,10,3,2,10,8,10,8,5,8,9,10,3,4,6,10,3,7,5,7,7,6,5,8,9,2,11,2,7,8
3,9,0,7,8,3,10,10,4,5,3,4,8,7,3,0,10,4,6,11,4,4,11,7,6,6,11,7,8,10,9,6,8,3,10,6,0,10,3,4,5,8,9,10,7,4,3,2,9,8,3,7,10,10,8,11,11,6,5,10,4,5,9,6,7,6,8,2,8,9,0,3,7,6,9,3,8,11,8,7,10,0,3,7,10,8,4,9,10,8,7,11,8,8,4,7,2,8,11,4,9,3,9,4,11,8,10,3,5,3,3,9,4,4,10,4,6,9,3,4,8,11,4,3,11,9,11,9,6,9,10,11,4,5,7,11,4,8,6,8,8,7,6,9,10,3,0,3,8,9
4,10,2,8,9,4,11,11,5,6,4,5,9,8,4,2,11,5,7,0,5,5,0,8,7,7,0,8,9,11,10,7,9,4,11,7,2,11,4,5,6,9,10,11,8,5,4,3,10,9,4,8,11,11,9,0,0,7,6,11,5,6,10,7,8,7,9,3,9,10,2,4,8,7,10,4,9,0,9,8,11,2,4,8,11,9,5,10,11,9,8,0,9,9,5,8,3,9,0,5,10,4,10,5,0,9,11,4,6,4,4,10,5,5,11,5,7,10,4,5,9,0,5,4,0,10,0,10,7,10,11,0,5,6,8,0,5,9,7,9,9,8,7,10,11,4,2,4,9,10
5,11,3,9,10,5,0,0,6,7,5,6,10,9,5,3,0,6,8,2,6,6,2,9,8,8,2,9,10,0,11,8,10,5,0,8,3,0,5,6,7,10,11,0,9,6,5,4,11,10,5,9,0,0,10,2,2,8,7,0,6,7,11,8,9,8,10,4,10,11,3,5,9,8,11,5,10,2,10,9,0,3,5,9,0,10,6,11,0,10,9,2,10,10,6,9,4,10,2,6,11,5,11,6,2,10,0,5,7,5,5,11,6,6,0,6,8,11,5,6,10,2,6,5,2,11,2,11,8,11,0,2,6,7,9,2,6,10,8,10,10,9,8,11,0,5,3,5,10,11
6,0,4,10,11,6,2,2,7,8,6,7,11,10,6,4,2,7,9,3,7,7,3,10,9,9,3,10,11,2,0,9,11,6,2,9,4,2,6,7,8,11,0,2,10,7,6,5,0,11,6,10,2,2,11,3,3,9,8,2,7,8,0,9,10,9,11,5,11,0,4,6,10,9,0,6,11,3,11,10,2,4,6,10,2,11,7,0,2,11,10,3,11,11,7,10,5,11,3,7,0,6,0,7,3,11,2,6,8,6,6,0,7,7,2,7,9,0,6,7,11,3,7,6,3,0,3,0,9,0,2,3,7,8,10,3,7,11,9,11,11,10,9,0,2,6,4,6,11,0
7,2,5,11,0,7,3,3,8,9,7,8,0,11,7,5,3,8,10,4,8,8,4,11,10,10,4,11,0,3,2,10,0,7,3,10,5,3,7,8,9,0,2,3,11,8,7,6,2,0,7,11,3,3,0,4,4,10,9,3,8,9,2,10,11,10,0,6,0,2,5,7,11,10,2,7,0,4,0,11,3,5,7,11,3,0,8,2,3,0,11,4,0,0,8,11,6,0,4,8,2,7,2,8,4,0,3,7,9,7,7,2,8,8,3,8,10,2,7,8,0,4,8,7,4,2,4,2,10,2,3,4,8,9,11,4,8,0,10,0,0,11,10,2,3,7,5,7,0,2
8,3,6,0,2,8,4,4,9,10,8,9,2,0,8,6,4,9,11,5,9,9,5,0,11,11,5,0,2,4,3,11,2,8,4,11,6,4,8,9,10,2,3,4,0,9,8,7,3,2,8,0,4,4,2,5,5,11,10,4,9,10,3,11,0,11,2,7,2,3,6,8,0,11,3,8,2,5,2,0,4,6,8,0,4,2,9,3,4,2,0,5,2,2,9,0,7,2,5,9,3,8,3,9,5,2,4,8,10,8,8,3,9,9,4,9,11,3,8,9,2,5,9,8,5,3,5,3,11,3,4,5,9,10,0,5,9,2,11,2,2,0,11,3,4,8,6,8,2,3
9,4,7,2,3,9,5,5,10,11,9,10,3,2,9,7,5,10,0,6,10,10,6,2,0,0,6,2,3,5,4,0,3,9,5,0,7,5,9,10,11,3,4,5,2,10,9,8,4,3,9,2,5,5,3,6,6,0,11,5,10,11,4,0,2,0,3,8,3,4,7,9,2,0,4,9,3,6,3,2,5,7,9,2,5,3,10,4,5,3,2,6,3,3,10,2,8,3,6,10,4,9,4,10,6,3,5,9,11,9,9,4,10,10,5,10,0,4,9,10,3,6,10,9,6,4,6,4,0,4,5,6,10,11,2,6,10,3,0,3,3,2,0,4,5,9,7,9,3,4
10,5,8,3,4,10,6,6,11,0,10,11,4,3,10,8,6,11,2,7,11,11,7,3,2,2,7,3,4,6,5,2,4,10,6,2,8,6,10,11,0,4,5,6,3,11,10,9,5,4,10,3,6,6,4,7,7,2,0,6,11,0,5,2,3,2,4,9,4,5,8,10,3,2,5,10,4,7,4,3,6,8,10,3,6,4,11,5,6,4,3,7,4,4,11,3,9,4,7,11,5,10,5,11,7,4,6,10,0,10,10,5,11,11,6,11,2,5,10,11,4,7,11,10,7,5,7,5,2,5,6,7,11,0,3,7,11,4,2,4,4,3,2,5,6,10,8,10,4,5
11,6,9,4,5,11,7,7,0,2,11,0,5,4,11,9,7,0,3,8,0,0,8,4,3,3,8,4,5,7,6,3,5,11,7,3,9,7,11,0,2,5,6,7,4,0,11,10,6,5,11,4,7,7,5,8,8,3,2,7,0,2,6,3,4,3,5,10,5,6,9,11,4,3,6,11,5,8,5,4,7,9,11,4,7,5,0,6,7,5,4,8,5,5,0,4,10,5,8,0,6,11,6,0,8,5,7,11,2,11,11,6,0,0,7,0,3,6,11,0,5,8,0,11,8,6,8,6,3,6,7,8,0,2,4,8,0,5,3,5,5,4,3,6,7,11,9,11,5,6
0,7,10,5,6,0,8,8,2,3,0,2,6,5,0,10,8,2,4,9,2,2,9,5,4,4,9,5,6,8,7,4,6,0,8,4,10,8,0,2,3,6,7,8,5,2,0,11,7,6,0,5,8,8,6,9,9,4,3,8,2,3,7,4,5,4,6,11,6,7,10,0,5,4,7,0,6,9,6,5,8,10,0,5,8,6,2,7,8,6,5,9,6,6,2,5,11,6,9,2,7,0,7,2,9,6,8,0,3,0,0,7,2,2,8,2,4,7,0,2,6,9,2,0,9,7,9,7,4,7,8,9,2,3,5,9,2,6,4,6,6,5,4,7,8,0,10,0,6,7
2,8,11,6,7,2,9,9,3,4,2,3,7,6,2,11,9,3,5,10,3,3,10,6,5,5,10,6,7,9,8,5,7,2,9,5,11,9,2,3,4,7,8,9,6,3,2,0,8,7,2,6,9,9,7,10,10,5,4,9,3,4,8,5,6,5,7,0,7,8,11,2,6,5,8,2,7,10,7,6,9,11,2,6,9,7,3,8,9,7,6,10,7,7,3,6,0,7,10,3,8,2,8,3,10,7,9,2,4,2,2,8,3,3,9,3,5,8,2,3,7,10,3,2,10,8,10,8,5,8,9,10,3,4,6,10,3,7,5,7,7,6,5,8,9,2,11,2,7,8
3,9,0,7,8,3,10,10,4,5,3,4,8,7,3,0,10,4,6,11,4,4,11,7,6,6,11,7,8,10,9,6,8,3,10,6,0,10,3,4,5,8,9,10,7,4,3,2,9,8,3,7,10,10,8,11,11,6,5,10,4,5,9,6,7,6,8,2,8,9,0,3,7,6,9,3,8,11,8,7,10,0,3,7,10,8,4,9,10,8,7,11,8,8,4,7,2,8,11,4,9,3,9,4,11,8,10,3,5,3,3,9,4,4,10,4,6,9,3,4,8,11,4,3,11,9,11,9,6,9,10,11,4,5,7,11,4,8,6,8,8,7,6,9,10,3,0,3,8,9
4,10,2,8,9,4,11,11,5,6,4,5,9,8,4,2,11,5,7,0,5,5,0,8,7,7,0,8,9,11,10,7,9,4,11,7,2,11,4,5,6,9,10,11,8,5,4,3,10,9,4,8,11,11,9,0,0,7,6,11,5,6,10,7,8,7,9,3,9,10,2,4,8,7,10,4,9,0,9,8,11,2,4,8,11,9,5,10,11,9,8,0,9,9,5,8,3,9,0,5,10,4,10,5,0,9,11,4,6,4,4,10,5,5,11,5,7,10,4,5,9,0,5,4,0,10,0,10,7,10,11,0,5,6,8,0,5,9,7,9,9,8,7,10,11,4,2,4,9,10
5,11,3,9,10,5,0,0,6,7,5,6,10,9,5,3,0,6,8,2,6,6,2,9,8,8,2,9,10,0,11,8,10,5,0,8,3,0,5,6,7,10,11,0,9,6,5,4,11,10,5,9,0,0,10,2,2,8,7,0,6,7,11,8,9,8,10,4,10,11,3,5,9,8,11,5,10,2,10,9,0,3,5,9,0,10,6,11,0,10,9,2,10,10,6,9,4,10,2,6,11,5,11,6,2,10,0,5,7,5,5,11,6,6,0,6,8,11,5,6,10,2,6,5,2,11,2,11,8,11,0,2,6,7,9,2,6,10,8,10,10,9,8,11,0,5,3,5,10,11
6,0,4,10,11,6,2,2,7,8,6,7,11,10,6,4,2,7,9,3,7,7,3,10,9,9,3,10,11,2,0,9,11,6,2,9,4,2,6,7,8,11,0,2,10,7,6,5,0,11,6,10,2,2,11,3,3,9,8,2,7,8,0,9,10,9,11,5,11,0,4,6,10,9,0,6,11,3,11,10,2,4,6,10,2,11,7,0,2,11,10,3,11,11,7,10,5,11,3,7,0,6,0,7,3,11,2,6,8,6,6,0,7,7,2,7,9,0,6,7,11,3,7,6,3,0,3,0,9,0,2,3,7,8,10,3,7,11,9,11,11,10,9,0,2,6,4,6,11,0
7,2,5,11,0,7,3,3,8,9,7,8,0,11,7,5,3,8,10,4,8,8,4,11,10,10,4,11,0,3,2,10,0,7,3,10,5,3,7,8,9,0,2,3,11,8,7,6,2,0,7,11,3,3,0,4,4,10,9,3,8,9,2,10,11,10,0,6,0,2,5,7,11,10,2,7,0,4,0,11,3,5,7,11,3,0,8,2,3,0,11,4,0,0,8,11,6,0,4,8,2,7,2,8,4,0,3,7,9,7,7,2,8,8,3,8,10,2,7,8,0,4,8,7,4,2,4,2,10,2,3,4,8,9,11,4,8,0,10,0,0,11,10,2,3,7,5,7,0,2
8,3,6,0,2,8,4,4,9,10,8,9,2,0,8,6,4,9,11,5,9,9,5,0,11,11,5,0,2,4,3,11,2,8,4,11,6,4,8,9,10,2,3,4,0,9,8,7,3,2,8,0,4,4,2,5,5,11,10,4,9,10,3,11,0,11,2,7,2,3,6,8,0,11,3,8,2,5,2,0,4,6,8,0,4,2,9,3,4,2,0,5,2,2,9,0,7,2,5,9,3,8,3,9,5,2,4,8,10,8,8,3,9,9,4,9,11,3,8,9,2,5,9,8,5,3,5,3,11,3,4,5,9,10,0,5,9,2,11,2,2,0,11,3,4,8,6,8,2,3
9,4,7,2,3,9,5,5,10,11,9,10,3,2,9,7,5,10,0,6,10,10,6,2,0,0,6,2,3,5,4,0,3,9,5,0,7,5,9,10,11,3,4,5,2,10,9,8,4,3,9,2,5,5,3,6,6,0,11,5,10,11,4,0,2,0,3,8,3,4,7,9,2,0,4,9,3,6,3,2,5,7,9,2,5,3,10,4,5,3,2,6,3,3,10,2,8,3,6,10,4,9,4,10,6,3,5,9,11,9,9,4,10,10,5,10,0,4,9,10,3,6,10,9,6,4,6,4,0,4,5,6,10,11,2,6,10,3,0,3,3,2,0,4,5,9,7,9,3,4
10,5,8,3,4,10,6,6,11,0,10,11,4,3,10,8,6,11,2,7,11,11,7,3,2,2,7,3,4,6,5,2,4,10,6,2,8,6,10,11,0,4,5,6,3,11,10,9,5,4,10,3,6,6,4,7,7,2,0,6,11,0,5,2,3,2,4,9,4,5,8,10,3,2,5,10,4,7,4,3,6,8,10,3,6,4,11,5,6,4,3,7,4,4,11,3,9,4,7,11,5,10,5,11,7,4,6,10,0,10,10,5,11,11,6,11,2,5,10,11,4,7,11,10,7,5,7,5,2,5,6,7,11,0,3,7,11,4,2,4,4,3,2,5,6,10,8,10,4,5
11,6,9,4,5,11,7,7,0,2,11,0,5,4,11,9,7,0,3,8,0,0,8,4,3,3,8,4,5,7,6,3,5,11,7,3,9,7,11,0,2,5,6,7,4,0,11,10,6,5,11,4,7,7,5,8,8,3,2,7,0,2,6,3,4,3,5,10,5,6,9,11,4,3,6,11,5,8,5,4,7,9,11,4,7,5,0,6,7,5,4,8,5,5,0,4,10,5,8,0,6,11,6,0,8,5,7,11,2,11,11,6,0,0,7,0,3,6,11,0,5,8,0,11,8,6,8,6,3,6,7,8,0,2,4,8,0,5,3,5,5,4,3,6,7,11,9,11,5,6
0,7,10,5,6,0,8,8,2,3,0,2,6,5,0,10,8,2,4,9,2,2,9,5,4,4,9,5,6,8,7,4,6,0,8,4,10,8,0,2,3,6,7,8,5,2,0,11,7,6,0,5,8,8,6,9,9,4,3,8,2,3,7,4,5,4,6,11,6,7,10,0,5,4,7,0,6,9,6,5,8,10,0,5,8,6,2,7,8,6,5,9,6,6,2,5,11,6,9,2,7,0,7,2,9,6,8,0,3,0,0,7,2,2,8,2,4,7,0,2,6,9,2,0,9,7,9,7,4,7,8,9,2,3,5,9,2,6,4,6,6,5,4,7,8,0,10,0,6,7
2,8,11,6,7,2,9,9,3,4,2,3,7,6,2,11,9,3,5,10,3,3,10,6,5,5,10,6,7,9,8,5,7,2,9,5,11,9,2,3,4,7,8,9,6,3,2,0,8,7,2,6,9,9,7,10,10,5,4,9,3,4,8,5,6,5,7,0,7,8,11,2,6,5,8,2,7,10,7,6,9,11,2,6,9,7,3,8,9,7,6,10,7,7,3,6,0,7,10,3,8,2,8,3,10,7,9,2,4,2,2,8,3,3,9,3,5,8,2,3,7,10,3,2,10,8,10,8,5,8,9,10,3,4,6,10,3,7,5,7,7,6,5,8,9,2,11,2,7,8
3,9,0,7,8,3,10,10,4,5,3,4,8,7,3,0,10,4,6,11,4,4,11,7,6,6,11,7,8,10,9,6,8,3,10,6,0,10,3,4,5,8,9,10,7,4,3,2,9,8,3,7,10,10,8,11,11,6,5,10,4,5,9,6,7,6,8,2,8,9,0,3,7,6,9,3,8,11,8,7,10,0,3,7,10,8,4,9,10,8,7,11,8,8,4,7,2,8,11,4,9,3,9,4,11,8,10,3,5,3,3,9,4,4,10,4,6,9,3,4,8,11,4,3,11,9,11,9,6,9,10,11,4,5,7,11,4,8,6,8,8,7,6,9,10,3,0,3,8,9
4,10,2,8,9,4,11,11,5,6,4,5,9,8,4,2,11,5,7,0,5,5,0,8,7,7,0,8,9,11,10,7,9,4,11,7,2,11,4,5,6,9,10,11,8,5,4,3,10,9,4,8,11,11,9,0,0,7,6,11,5,6,10,7,8,7,9,3,9,10,2,4,8,7,10,4,9,0,9,8,11,2,4,8,11,9,5,10,11,9,8,0,9,9,5,8,3,9,0,5,10,4,10,5,0,9,11,4,6,4,4,10,5,5,11,5,7,10,4,5,9,0,5,4,0,10,0,10,7,10,11,0,5,6,8,0,5,9,7,9,9,8,7,10,11,4,2,4,9,10
5,11,3,9,10,5,0,0,6,7,5,6,10,9,5,3,0,6,8,2,6,6,2,9,8,8,2,9,10,0,11,8,10,5,0,8,3,0,5,6,7,10,11,0,9,6,5,4,11,10,5,9,0,0,10,2,2,8,7,0,6,7,11,8,9,8,10,4,10,11,3,5,9,8,11,5,10,2,10,9,0,3,5,9,0,10,6,11,0,10,9,2,10,10,6,9,4,10,2,6,11,5,11,6,2,10,0,5,7,5,5,11,6,6,0,6,8,11,5,6,10,2,6,5,2,11,2,11,8,11,0,2,6,7,9,2,6,10,8,10,10,9,8,11,0,5,3,5,10,11
6,0,4,10,11,6,2,2,7,8,6,7,11,10,6,4,2,7,9,3,7,7,3,10,9,9,3,10,11,2,0,9,11,6,2,9,4,2,6,7,8,11,0,2,10,7,6,5,0,11,6,10,2,2,11,3,3,9,8,2,7,8,0,9,10,9,11,5,11,0,4,6,10,9,0,6,11,3,11,10,2,4,6,10,2,11,7,0,2,11,10,3,11,11,7,10,5,11,3,7,0,6,0,7,3,11,2,6,8,6,6,0,7,7,2,7,9,0,6,7,11,3,7,6,3,0,3,0,9,0,2,3,7,8,10,3,7,11,9,11,11,10,9,0,2,6,4,6,11,0
7,2,5,11,0,7,3,3,8,9,7,8,0,11,7,5,3,8,10,4,8,8,4,11,10,10,4,11,0,3,2,10,0,7,3,10,5,3,7,8,9,0,2,3,11,8,7,6,2,0,7,11,3,3,0,4,4,10,9,3,8,9,2,10,11,10,0,6,0,2,5,7,11,10,2,7,0,4,0,11,3,5,7,11,3,0,8,2,3,0,11,4,0,0,8,11,6,0,4,8,2,7,2,8,4,0,3,7,9,7,7,2,8,8,3,8,10,2,7,8,0,4,8,7,4,2,4,2,10,2,3,4,8,9,11,4,8,0,10,0,0,11,10,2,3,7,5,7,0,2
8,3,6,0,2,8,4,4,9,10,8,9,2,0,8,6,4,9,11,5,9,9,5,0,11,11,5,0,2,4,3,11,2,8,4,11,6,4,8,9,10,2,3,4,0,9,8,7,3,2,8,0,4,4,2,5,5,11,10,4,9,10,3,11,0,11,2,7,2,3,6,8,0,11,3,8,2,5,2,0,4,6,8,0,4,2,9,3,4,2,0,5,2,2,9,0,7,2,5,9,3,8,3,9,5,2,4,8,10,8,8,3,9,9,4,9,11,3,8,9,2,5,9,8,5,3,5,3,11,3,4,5,9,10,0,5,9,2,11,2,2,0,11,3,4,8,6,8,2,3
9,4,7,2,3,9,5,5,10,11,9,10,3,2,9,7,5,10,0,6,10,10,6,2,0,0,6,2,3,5,4,0,3,9,5,0,7,5,9,10,11,3,4,5,2,10,9,8,4,3,9,2,5,5,3,6,6,0,11,5,10,11,4,0,2,0,3,8,3,4,7,9,2,0,4,9,3,6,3,2,5,7,9,2,5,3,10,4,5,3,2,6,3,3,10,2,8,3,6,10,4,9,4,10,6,3,5,9,11,9,9,4,10,10,5,10,0,4,9,10,3,6,10,9,6,4,6,4,0,4,5,6,10,11,2,6,10,3,0,3,3,2,0,4,5,9,7,9,3,4
10,5,8,3,4,10,6,6,11,0,10,11,4,3,10,8,6,11,2,7,11,11,7,3,2,2,7,3,4,6,5,2,4,10,6,2,8,6,10,11,0,4,5,6,3,11,10,9,5,4,10,3,6,6,4,7,7,2,0,6,11,0,5,2,3,2,4,9,4,5,8,10,3,2,5,10,4,7,4,3,6,8,10,3,6,4,11,5,6,4,3,7,4,4,11,3,9,4,7,11,5,10,5,11,7,4,6,10,0,10,10,5,11,11,6,11,2,5,10,11,4,7,11,10,7,5,7,5,2,5,6,7,11,0,3,7,11,4,2,4,4,3,2,5,6,10,8,10,4,5
11,6,9,4,5,11,7,7,0,2,11,0,5,4,11,9,7,0,3,8,0,0,8,4,3,3,8,4,5,7,6,3,5,11,7,3,9,7,11,0,2,5,6,7,4,0,11,10,6,5,11,4,7,7,5,8,8,3,2,7,0,2,6,3,4,3,5,10,5,6,9,11,4,3,6,11,5,8,5,4,7,9,11,4,7,5,0,6,7,5,4,8,5,5,0,4,10,5,8,0,6,11,6,0,8,5,7,11,2,11,11,6,0,0,7,0,3,6,11,0,5,8,0,11,8,6,8,6,3,6,7,8,0,2,4,8,0,5,3,5,5,4,3,6,7,11,9,11,5,6
0,7,10,5,6,0,8,8,2,3,0,2,6,5,0,10,8,2,4,9,2,2,9,5,4,4,9,5,6,8,7,4,6,0,8,4,10,8,0,2,3,6,7,8,5,2,0,11,7,6,0,5,8,8,6,9,9,4,3,8,2,3,7,4,5,4,6,11,6,7,10,0,5,4,7,0,6,9,6,5,8,10,0,5,8,6,2,7,8,6,5,9,6,6,2,5,11,6,9,2,7,0,7,2,9,6,8,0,3,0,0,7,2,2,8,2,4,7,0,2,6,9,2,0,9,7,9,7,4,7,8,9,2,3,5,9,2,6,4,6,6,5,4,7,8,0,10,0,6,7
2,8,11,6,7,2,9,9,3,4,2,3,7,6,2,11,9,3,5,10,3,3,10,6,5,5,10,6,7,9,8,5,7,2,9,5,11,9,2,3,4,7,8,9,6,3,2,0,8,7,2,6,9,9,7,10,10,5,4,9,3,4,8,5,6,5,7,0,7,8,11,2,6,5,8,2,7,10,7,6,9,11,2,6,9,7,3,8,9,7,6,10,7,7,3,6,0,7,10,3,8,2,8,3,10,7,9,2,4,2,2,8,3,3,9,3,5,8,2,3,7,10,3,2,10,8,10,8,5,8,9,10,3,4,6,10,3,7,5,7,7,6,5,8,9,2,11,2,7,8
3,9,0,7,8,3,10,10,4,5,3,4,8,7,3,0,10,4,6,11,4,4,11,7,6,6,11,7,8,10,9,6,8,3,10,6,0,10,3,4,5,8,9,10,7,4,3,2,9,8,3,7,10,10,8,11,11,6,5,10,4,5,9,6,7,6,8,2,8,9,0,3,7,6,9,3,8,11,8,7,10,0,3,7,10,8,4,9,10,8,7,11,8,8,4,7,2,8,11,4,9,3,9,4,11,8,10,3,5,3,3,9,4,4,10,4,6,9,3,4,8,11,4,3,11,9,11,9,6,9,10,11,4,5,7,11,4,8,6,8,8,7,6,9,10,3,0,3,8,9
4,10,2,8,9,4,11,11,5,6,4,5,9,8,4,2,11,5,7,0,5,5,0,8,7,7,0,8,9,11,10,7,9,4,11,7,2,11,4,5,6,9,10,11,8,5,4,3,10,9,4,8,11,11,9,0,0,7,6,11,5,6,10,7,8,7,9,3,9,10,2,4,8,7,10,4,9,0,9,8,11,2,4,8,11,9,5,10,11,9,8,0,9,9,5,8,3,9,0,5,10,4,10,5,0,9,11,4,6,4,4,10,5,5,11,5,7,10,4,5,9,0,5,4,0,10,0,10,7,10,11,0,5,6,8,0,5,9,7,9,9,8,7,10,11,4,2,4,9,10
5,11,3,9,10,5,0,0,6,7,5,6,10,9,5,3,0,6,8,2,6,6,2,9,8,8,2,9,10,0,11,8,10,5,0,8,3,0,5,6,7,10,11,0,9,6,5,4,11,10,5,9,0,0,10,2,2,8,7,0,6,7,11,8,9,8,10,4,10,11,3,5,9,8,11,5,10,2,10,9,0,3,5,9,0,10,6,11,0,10,9,2,10,10,6,9,4,10,2,6,11,5,11,6,2,10,0,5,7,5,5,11,6,6,0,6,8,11,5,6,10,2,6,5,2,11,2,11,8,11,0,2,6,7,9,2,6,10,8,10,10,9,8,11,0,5,3,5,10,11
6,0,4,10,11,6,2,2,7,8,6,7,11,10,6,4,2,7,9,3,7,7,3,10,9,9,3,10,11,2,0,9,11,6,2,9,4,2,6,7,8,11,0,2,10,7,6,5,0,11,6,10,2,2,11,3,3,9,8,2,7,8,0,9,10,9,11,5,11,0,4,6,10,9,0,6,11,3,11,10,2,4,6,10,2,11,7,0,2,11,10,3,11,11,7,10,5,11,3,7,0,6,0,7,3,11,2,6,8,6,6,0,7,7,2,7,9,0,6,7,11,3,7,6,3,0,3,0,9,0,2,3,7,8,10,3,7,11,9,11,11,10,9,0,2,6,4,6,11,0
7,2,5,11,0,7,3,3,8,9,7,8,0,11,7,5,3,8,10,4,8,8,4,11,10,10,4,11,0,3,2,10,0,7,3,10,5,3,7,8,9,0,2,3,11,8,7,6,2,0,7,11,3,3,0,4,4,10,9,3,8,9,2,10,11,10,0,6,0,2,5,7,11,10,2,7,0,4,0,11,3,5,7,11,3,0,8,2,3,0,11,4,0,0,8,11,6,0,4,8,2,7,2,8,4,0,3,7,9,7,7,2,8,8,3,8,10,2,7,8,0,4,8,7,4,2,4,2,10,2,3,4,8,9,11,4,8,0,10,0,0,11,10,2,3,7,5,7,0,2
8,3,6,0,2,8,4,4,9,10,8,9,2,0,8,6,4,9,11,5,9,9,5,0,11,11,5,0,2,4,3,11,2,8,4,11,6,4,8,9,10,2,3,4,0,9,8,7,3,2,8,0,4,4,2,5,5,11,10,4,9,10,3,11,0,11,2,7,2,3,6,8,0,11,3,8,2,5,2,0,4,6,8,0,4,2,9,3,4,2,0,5,2,2,9,0,7,2,5,9,3,8,3,9,5,2,4,8,10,8,8,3,9,9,4,9,11,3,8,9,2,5,9,8,5,3,5,3,11,3,4,5,9,10,0,5,9,2,11,2,2,0,11,3,4,8,6,8,2,3
9,4,7,2,3,9,5,5,10,11,9,10,3,2,9,7,5,10,0,6,10,10,6,2,0,0,6,2,3,5,4,0,3,9,5,0,7,5,9,10,11,3,4,5,2,10,9,8,4,3,9,2,5,5,3,6,6,0,11,5,10,11,4,0,2,0,3,8,3,4,7,9,2,0,4,9,3,6,3,2,5,7,9,2,5,3,10,4,5,3,2,6,3,3,10,2,8,3,6,10,4,9,4,10,6,3,5,9,11,9,9,4,10,10,5,10,0,4,9,10,3,6,10,9,6,4,6,4,0,4,5,6,10,11,2,6,10,3,0,3,3,2,0,4,5,9,7,9,3,4
10,5,8,3,4,10,6,6,11,0,10,11,4,3,10,8,6,11,2,7,11,11,7,3,2,2,7,3,4,6,5,2,4,10,6,2,8,6,10,11,0,4,5,6,3,11,10,9,5,4,10,3,6,6,4,7,7,2,0,6,11,0,5,2,3,2,4,9,4,5,8,10,3,2,5,10,4,7,4,3,6,8,10,3,6,4,11,5,6,4,3,7,4,4,11,3,9,4,7,11,5,10,5,11,7,4,6,10,0,10,10,5,11,11,6,11,2,5,10,11,4,7,11,10,7,5,7,5,2,5,6,7,11,0,3,7,11,4,2,4,4,3,2,5,6,10,8,10,4,5
11,6,9,4,5,11,7,7,0,2,11,0,5,4,11,9,7,0,3,8,0,0,8,4,3,3,8,4,5,7,6,3,5,11,7,3,9,7,11,0,2,5,6,7,4,0,11,10,6,5,11,4,7,7,5,8,8,3,2,7,0,2,6,3,4,3,5,10,5,6,9,11,4,3,6,11,5,8,5,4,7,9,11,4,7,5,0,6,7,5,4,8,5,5,0,4,10,5,8,0,6,11,6,0,8,5,7,11,2,11,11,6,0,0,7,0,3,6,11,0,5,8,0,11,8,6,8,6,3,6,7,8,0,2,4,8,0,5,3,5,5,4,3,6,7,11,9,11,5,6
0,7,10,5,6,0,8,8,2,3,0,2,6,5,0,10,8,2,4,9,2,2,9,5,4,4,9,5,6,8,7,4,6,0,8,4,10,8,0,2,3,6,7,8,5,2,0,11,7,6,0,5,8,8,6,9,9,4,3,8,2,3,7,4,5,4,6,11,6,7,10,0,5,4,7,0,6,9,6,5,8,10,0,5,8,6,2,7,8,6,5,9,6,6,2,5,11,6,9,2,7,0,7,2,9,6,8,0,3,0,0,7,2,2,8,2,4,7,0,2,6,9,2,0,9,7,9,7,4,7,8,9,2,3,5,9,2,6,4,6,6,5,4,7,8,0,10,0,6,7
2,8,11,6,7,2,9,9,3,4,2,3,7,6,2,11,9,3,5,10,3,3,10,6,5,5,10,6,7,9,8,5,7,2,9,5,11,9,2,3,4,7,8,9,6,3,2,0,8,7,2,6,9,9,7,10,10,5,4,9,3,4,8,5,6,5,7,0,7,8,11,2,6,5,8,2,7,10,7,6,9,11,2,6,9,7,3,8,9,7,6,10,7,7,3,6,0,7,10,3,8,2,8,3,10,7,9,2,4,2,2,8,3,3,9,3,5,8,2,3,7,10,3,2,10,8,10,8,5,8,9,10,3,4,6,10,3,7,5,7,7,6,5,8,9,2,11,2,7,8
3,9,0,7,8,3,10,10,4,5,3,4,8,7,3,0,10,4,6,11,4,4,11,7,6,6,11,7,8,10,9,6,8,3,10,6,0,10,3,4,5,8,9,10,7,4,3,2,9,8,3,7,10,10,8,11,11,6,5,10,4,5,9,6,7,6,8,2,8,9,0,3,7,6,9,3,8,11,8,7,10,0,3,7,10,8,4,9,10,8,7,11,8,8,4,7,2,8,11,4,9,3,9,4,11,8,10,3,5,3,3,9,4,4,10,4,6,9,3,4,8,11,4,3,11,9,11,9,6,9,10,11,4,5,7,11,4,8,6,8,8,7,6,9,10,3,0,3,8,9
4,10,2,8,9,4,11,11,5,6,4,5,9,8,4,2,11,5,7,0,5,5,0,8,7,7,0,8,9,11,10,7,9,4,11,7,2,11,4,5,6,9,10,11,8,5,4,3,10,9,4,8,11,11,9,0,0,7,6,11,5,6,10,7,8,7,9,3,9,10,2,4,8,7,10,4,9,0,9,8,11,2,4,8,11,9,5,10,11,9,8,0,9,9,5,8,3,9,0,5,10,4,10,5,0,9,11,4,6,4,4,10,5,5,11,5,7,10,4,5,9,0,5,4,0,10,0,10,7,10,11,0,5,6,8,0,5,9,7,9,9,8,7,10,11,4,2,4,9,10
5,11,3,9,10,5,0,0,6,7,5,6,10,9,5,3,0,6,8,2,6,6,2,9,8,8,2,9,10,0,11,8,10,5,0,8,3,0,5,6,7,10,11,0,9,6,5,4,11,10,5,9,0,0,10,2,2,8,7,0,6,7,11,8,9,8,10,4,10,11,3,5,9,8,11,5,10,2,10,9,0,3,5,9,0,10,6,11,0,10,9,2,10,10,6,9,4,10,2,6,11,5,11,6,2,10,0,5,7,5,5,11,6,6,0,6,8,11,5,6,10,2,6,5,2,11,2,11,8,11,0,2,6,7,9,2,6,10,8,10,10,9,8,11,0,5,3,5,10,11
6,0,4,10,11,6,2,2,7,8,6,7,11,10,6,4,2,7,9,3,7,7,3,10,9,9,3,10,11,2,0,9,11,6,2,9,4,2,6,7,8,11,0,2,10,7,6,5,0,11,6,10,2,2,11,3,3,9,8,2,7,8,0,9,10,9,11,5,11,0,4,6,10,9,0,6,11,3,11,10,2,4,6,10,2,11,7,0,2,11,10,3,11,11,7,10,5,11,3,7,0,6,0,7,3,11,2,6,8,6,6,0,7,7,2,7,9,0,6,7,11,3,7,6,3,0,3,0,9,0,2,3,7,8,10,3,7,11,9,11,11,10,9,0,2,6,4,6,11,0
7,2,5,11,0,7,3,3,8,9,7,8,0,11,7,5,3,8,10,4,8,8,4,11,10,10,4,11,0,3,2,10,0,7,3,10,5,3,7,8,9,0,2,3,11,8,7,6,2,0,7,11,3,3,0,4,4,10,9,3,8,9,2,10,11,10,0,6,0,2,5,7,11,10,2,7,0,4,0,11,3,5,7,11,3,0,8,2,3,0,11,4,0,0,8,11,6,0,4,8,2,7,2,8,4,0,3,7,9,7,7,2,8,8,3,8,10,2,7,8,0,4,8,7,4,2,4,2,10,2,3,4,8,9,11,4,8,0,10,0,0,11,10,2,3,7,5,7,0,2
8,3,6,0,2,8,4,4,9,10,8,9,2,0,8,6,4,9,11,5,9,9,5,0,11,11,5,0,2,4,3,11,2,8,4,11,6,4,8,9,10,2,3,4,0,9,8,7,3,2,8,0,4,4,2,5,5,11,10,4,9,10,3,11,0,11,2,7,2,3,6,8,0,11,3,8,2,5,2,0,4,6,8,0,4,2,9,3,4,2,0,5,2,2,9,0,7,2,5,9,3,8,3,9,5,2,4,8,10,8,8,3,9,9,4,9,11,3,8,9,2,5,9,8,5,3,5,3,11,3,4,5,9,10,0,5,9,2,11,2,2,0,11,3,4,8,6,8,2,3
9,4,7,2,3,9,5,5,10,11,9,10,3,2,9,7,5,10,0,6,10,10,6,2,0,0,6,2,3,5,4,0,3,9,5,0,7,5,9,10,11,3,4,5,2,10,9,8,4,3,9,2,5,5,3,6,6,0,11,5,10,11,4,0,2,0,3,8,3,4,7,9,2,0,4,9,3,6,3,2,5,7,9,2,5,3,10,4,5,3,2,6,3,3,10,2,8,3,6,10,4,9,4,10,6,3,5,9,11,9,9,4,10,10,5,10,0,4,9,10,3,6,10,9,6,4,6,4,0,4,5,6,10,11,2,6,10,3,0,3,3,2,0,4,5,9,7,9,3,4
10,5,8,3,4,10,6,6,11,0,10,11,4,3,10,8,6,11,2,7,11,11,7,3,2,2,7,3,4,6,5,2,4,10,6,2,8,6,10,11,0,4,5,6,3,11,10,9,5,4,10,3,6,6,4,7,7,2,0,6,11,0,5,2,3,2,4,9,4,5,8,10,3,2,5,10,4,7,4,3,6,8,10,3,6,4,11,5,6,4,3,7,4,4,11,3,9,4,7,11,5,10,5,11,7,4,6,10,0,10,10,5,11,11,6,11,2,5,10,11,4,7,11,10,7,5,7,5,2,5,6,7,11,0,3,7,11,4,2,4,4,3,2,5,6,10,8,10,4,5
11,6,9,4,5,11,7,7,0,2,11,0,5,4,11,9,7,0,3,8,0,0,8,4,3,3,8,4,5,7,6,3,5,11,7,3,9,7,11,0,2,5,6,7,4,0,11,10,6,5,11,4,7,7,5,8,8,3,2,7,0,2,6,3,4,3,5,10,5,6,9,11,4,3,6,11,5,8,5,4,7,9,11,4,7,5,0,6,7,5,4,8,5,5,0,4,10,5,8,0,6,11,6,0,8,5,7,11,2,11,11,6,0,0,7,0,3,6,11,0,5,8,0,11,8,6,8,6,3,6,7,8,0,2,4,8,0,5,3,5,5,4,3,6,7,11,9,11,5,6
0,7,10,5,6,0,8,8,2,3,0,2,6,5,0,10,8,2,4,9,2,2,9,5,4,4,9,5,6,8,7,4,6,0,8,4,10,8,0,2,3,6,7,8,5,2,0,11,7,6,0,5,8,8,6,9,9,4,3,8,2,3,7,4,5,4,6,11,6,7,10,0,5,4,7,0,6,9,6,5,8,10,0,5,8,6,2,7,8,6,5,9,6,6,2,5,11,6,9,2,7,0,7,2,9,6,8,0,3,0,0,7,2,2,8,2,4,7,0,2,6,9,2,0,9,7,9,7,4,7,8,9,2,3,5,9,2,6,4,6,6,5,4,7,8,0,10,0,6,7
2,8,11,6,7,2,9,9,3,4,2,3,7,6,2,11,9,3,5,10,3,3,10,6,5,5,10,6,7,9,8,5,7,2,9,5,11,9,2,3,4,7,8,9,6,3,2,0,8,7,2,6,9,9,7,10,10,5,4,9,3,4,8,5,6,5,7,0,7,8,11,2,6,5,8,2,7,10,7,6,9,11,2,6,9,7,3,8,9,7,6,10,7,7,3,6,0,7,10,3,8,2,8,3,10,7,9,2,4,2,2,8,3,3,9,3,5,8,2,3,7,10,3,2,10,8,10,8,5,8,9,10,3,4,6,10,3,7,5,7,7,6,5,8,9,2,11,2,7,8
3,9,0,7,8,3,10,10,4,5,3,4,8,7,3,0,10,4,6,11,4,4,11,7,6,6,11,7,8,10,9,6,8,3,10,6,0,10,3,4,5,8,9,10,7,4,3,2,9,8,3,7,10,10,8,11,11,6,5,10,4,5,9,6,7,6,8,2,8,9,0,3,7,6,9,3,8,11,8,7,10,0,3,7,10,8,4,9,10,8,7,11,8,8,4,7,2,8,11,4,9,3,9,4,11,8,10,3,5,3,3,9,4,4,10,4,6,9,3,4,8,11,4,3,11,9,11,9,6,9,10,11,4,5,7,11,4,8,6,8,8,7,6,9,10,3,0,3,8,9
4,10,2,8,9,4,11,11,5,6,4,5,9,8,4,2,11,5,7,0,5,5,0,8,7,7,0,8,9,11,10,7,9,4,11,7,2,11,4,5,6,9,10,11,8,5,4,3,10,9,4,8,11,11,9,0,0,7,6,11,5,6,10,7,8,7,9,3,9,10,2,4,8,7,10,4,9,0,9,8,11,2,4,8,11,9,5,10,11,9,8,0,9,9,5,8,3,9,0,5,10,4,10,5,0,9,11,4,6,4,4,10,5,5,11,5,7,10,4,5,9,0,5,4,0,10,0,10,7,10,11,0,5,6,8,0,5,9,7,9,9,8,7,10,11,4,2,4,9,10
5,11,3,9,10,5,0,0,6,7,5,6,10,9,5,3,0,6,8,2,6,6,2,9,8,8,2,9,10,0,11,8,10,5,0,8,3,0,5,6,7,10,11,0,9,6,5,4,11,10,5,9,0,0,10,2,2,8,7,0,6,7,11,8,9,8,10,4,10,11,3,5,9,8,11,5,10,2,10,9,0,3,5,9,0,10,6,11,0,10,9,2,10,10,6,9,4,10,2,6,11,5,11,6,2,10,0,5,7,5,5,11,6,6,0,6,8,11,5,6,10,2,6,5,2,11,2,11,8,11,0,2,6,7,9,2,6,10,8,10,10,9,8,11,0,5,3,5,10,11
6,0,4,10,11,6,2,2,7,8,6,7,11,10,6,4,2,7,9,3,7,7,3,10,9,9,3,10,11,2,0,9,11,6,2,9,4,2,6,7,8,11,0,2,10,7,6,5,0,11,6,10,2,2,11,3,3,9,8,2,7,8,0,9,10,9,11,5,11,0,4,6,10,9,0,6,11,3,11,10,2,4,6,10,2,11,7,0,2,11,10,3,11,11,7,10,5,11,3,7,0,6,0,7,3,11,2,6,8,6,6,0,7,7,2,7,9,0,6,7,11,3,7,6,3,0,3,0,9,0,2,3,7,8,10,3,7,11,9,11,11,10,9,0,2,6,4,6,11,0
