1,7,7,7,7,8,10,3,11,2,10,6,6,9,5,3,10,3,10,11,6,8,5,5,9,4,6,0,0,3,4,4,0,1,5,5,7,0,9,8,3,3,8,1,4,2,4,9,6,8,10,7,11,11,11,8,0,5,3,6,5,7,4,4,8,5,8,6,2,5,2,7,6,8,2,1,10,6,4,7,11,1,0,9,0,7,8,5,8,8,9,5,0,1,2,0,2,7,7,9,7,10,11,0,10,0,0,7,7,5,10,6,10,5,5,6,10,10,3,11,3,5,6,7,0,6,11,3,4,0,7,4,6,5,10,7,1,3,11,3,1,1,4,4,9,6,10,8,5,4
2,8,8,8,8,9,11,4,0,3,11,7,7,10,6,4,11,4,11,0,7,9,6,6,10,5,7,2,2,4,5,5,2,2,6,6,8,2,10,9,4,4,9,2,5,3,5,10,7,9,11,8,0,0,0,9,2,6,4,7,6,8,5,5,9,6,9,7,3,6,3,8,7,9,3,2,11,7,5,8,0,2,2,10,2,8,9,6,9,9,10,6,2,2,3,2,3,8,8,10,8,11,0,2,11,2,2,8,8,6,11,7,11,6,6,7,11,11,4,0,4,6,7,8,2,7,0,4,5,2,8,5,7,6,11,8,2,4,0,4,2,2,5,5,10,7,11,9,6,5
3,9,9,9,9,10,0,5,2,4,0,8,8,11,7,5,0,5,0,2,8,10,7,7,11,6,8,3,3,5,6,6,3,3,7,7,9,3,11,10,5,5,10,3,6,4,6,11,8,10,0,9,2,2,2,10,3,7,5,8,7,9,6,6,10,7,10,8,4,7,4,9,8,10,4,3,0,8,6,9,2,3,3,11,3,9,10,7,10,10,11,7,3,3,4,3,4,9,9,11,9,0,2,3,0,3,3,9,9,7,0,8,0,7,7,8,0,0,5,2,5,7,8,9,3,8,2,5,6,3,9,6,8,7,0,9,3,5,2,5,3,3,6,6,11,8,0,10,7,6
4,10,10,10,10,11,2,6,3,5,2,9,9,0,8,6,2,6,2,3,9,11,8,8,0,7,9,4,4,6,7,7,4,4,8,8,10,4,0,11,6,6,11,4,7,5,7,0,9,11,2,10,3,3,3,11,4,8,6,9,8,10,7,7,11,8,11,9,5,8,5,10,9,11,5,4,2,9,7,10,3,4,4,0,4,10,11,8,11,11,0,8,4,4,5,4,5,10,10,0,10,2,3,4,2,4,4,10,10,8,2,9,2,8,8,9,2,2,6,3,6,8,9,10,4,9,3,6,7,4,10,7,9,8,2,10,4,6,3,6,4,4,7,7,0,9,2,11,8,7
5,11,11,11,11,0,3,7,4,6,3,10,10,2,9,7,3,7,3,4,10,0,9,9,2,8,10,5,5,7,8,8,5,5,9,9,11,5,2,0,7,7,0,5,8,6,8,2,10,0,3,11,4,4,4,0,5,9,7,10,9,11,8,8,0,9,0,10,6,9,6,11,10,0,6,5,3,10,8,11,4,5,5,2,5,11,0,9,0,0,2,9,5,5,6,5,6,11,11,2,11,3,4,5,3,5,5,11,11,9,3,10,3,9,9,10,3,3,7,4,7,9,10,11,5,10,4,7,8,5,11,8,10,9,3,11,5,7,4,7,5,5,8,8,2,10,3,0,9,8
6,0,0,0,0,2,4,8,5,7,4,11,11,3,10,8,4,8,4,5,11,2,10,10,3,9,11,6,6,8,9,9,6,6,10,10,0,6,3,2,8,8,2,6,9,7,9,3,11,2,4,0,5,5,5,2,6,10,8,11,10,0,9,9,2,10,2,11,7,10,7,0,11,2,7,6,4,11,9,0,5,6,6,3,6,0,2,10,2,2,3,10,6,6,7,6,7,0,0,3,0,4,5,6,4,6,6,0,0,10,4,11,4,10,10,11,4,4,8,5,8,10,11,0,6,11,5,8,9,6,0,9,11,10,4,0,6,8,5,8,6,6,9,9,3,11,4,2,10,9
7,2,2,2,2,3,5,9,6,8,5,0,0,4,11,9,5,9,5,6,0,3,11,11,4,10,0,7,7,9,10,10,7,7,11,11,2,7,4,3,9,9,3,7,10,8,10,4,0,3,5,2,6,6,6,3,7,11,9,0,11,2,10,10,3,11,3,0,8,11,8,2,0,3,8,7,5,0,10,2,6,7,7,4,7,2,3,11,3,3,4,11,7,7,8,7,8,2,2,4,2,5,6,7,5,7,7,2,2,11,5,0,5,11,11,0,5,5,9,6,9,11,0,2,7,0,6,9,10,7,2,10,0,11,5,2,7,9,6,9,7,7,10,10,4,0,5,3,11,10
8,3,3,3,3,4,6,10,7,9,6,2,2,5,0,10,6,10,6,7,2,4,0,0,5,11,2,8,8,10,11,11,8,8,0,0,3,8,5,4,10,10,4,8,11,9,11,5,2,4,6,3,7,7,7,4,8,0,10,2,0,3,11,11,4,0,4,2,9,0,9,3,2,4,9,8,6,2,11,3,7,8,8,5,8,3,4,0,4,4,5,0,8,8,9,8,9,3,3,5,3,6,7,8,6,8,8,3,3,0,6,2,6,0,0,2,6,6,10,7,10,0,2,3,8,2,7,10,11,8,3,11,2,0,6,3,8,10,7,10,8,8,11,11,5,2,6,4,0,11
9,4,4,4,4,5,7,11,8,10,7,3,3,6,2,11,7,11,7,8,3,5,2,2,6,0,3,9,9,11,0,0,9,9,2,2,4,9,6,5,11,11,5,9,0,10,0,6,3,5,7,4,8,8,8,5,9,2,11,3,2,4,0,0,5,2,5,3,10,2,10,4,3,5,10,9,7,3,0,4,8,9,9,6,9,4,5,2,5,5,6,2,9,9,10,9,10,4,4,6,4,7,8,9,7,9,9,4,4,2,7,3,7,2,2,3,7,7,11,8,11,2,3,4,9,3,8,11,0,9,4,0,3,2,7,4,9,11,8,11,9,9,0,0,6,3,7,5,2,0
10,5,5,5,5,6,8,0,9,11,8,4,4,7,3,0,8,0,8,9,4,6,3,3,7,2,4,10,10,0,2,2,10,10,3,3,5,10,7,6,0,0,6,10,2,11,2,7,4,6,8,5,9,9,9,6,10,3,0,4,3,5,2,2,6,3,6,4,11,3,11,5,4,6,11,10,8,4,2,5,9,10,10,7,10,5,6,3,6,6,7,3,10,10,11,10,11,5,5,7,5,8,9,10,8,10,10,5,5,3,8,4,8,3,3,4,8,8,0,9,0,3,4,5,10,4,9,0,2,10,5,2,4,3,8,5,10,0,9,0,10,10,2,2,7,4,8,6,3,2
11,6,6,6,6,7,9,2,10,0,9,5,5,8,4,2,9,2,9,10,5,7,4,4,8,3,5,11,11,2,3,3,11,11,4,4,6,11,8,7,2,2,7,11,3,0,3,8,5,7,9,6,10,10,10,7,11,4,2,5,4,6,3,3,7,4,7,5,0,4,0,6,5,7,0,11,9,5,3,6,10,11,11,8,11,6,7,4,7,7,8,4,11,11,0,11,0,6,6,8,6,9,10,11,9,11,11,6,6,4,9,5,9,4,4,5,9,9,2,10,2,4,5,6,11,5,10,2,3,11,6,3,5,4,9,6,11,2,10,2,11,11,3,3,8,5,9,7,4,3
0,7,7,7,7,8,10,3,11,2,10,6,6,9,5,3,10,3,10,11,6,8,5,5,9,4,6,0,0,3,4,4,0,0,5,5,7,0,9,8,3,3,8,0,4,2,4,9,6,8,10,7,11,11,11,8,0,5,3,6,5,7,4,4,8,5,8,6,2,5,2,7,6,8,2,0,10,6,4,7,11,0,0,9,0,7,8,5,8,8,9,5,0,0,2,0,2,7,7,9,7,10,11,0,10,0,0,7,7,5,10,6,10,5,5,6,10,10,3,11,3,5,6,7,0,6,11,3,4,0,7,4,6,5,10,7,0,3,11,3,0,0,4,4,9,6,10,8,5,4
2,8,8,8,8,9,11,4,0,3,11,7,7,10,6,4,11,4,11,0,7,9,6,6,10,5,7,2,2,4,5,5,2,2,6,6,8,2,10,9,4,4,9,2,5,3,5,10,7,9,11,8,0,0,0,9,2,6,4,7,6,8,5,5,9,6,9,7,3,6,3,8,7,9,3,2,11,7,5,8,0,2,2,10,2,8,9,6,9,9,10,6,2,2,3,2,3,8,8,10,8,11,0,2,11,2,2,8,8,6,11,7,11,6,6,7,11,11,4,0,4,6,7,8,2,7,0,4,5,2,8,5,7,6,11,8,2,4,0,4,2,2,5,5,10,7,11,9,6,5
3,9,9,9,9,10,0,5,2,4,0,8,8,11,7,5,0,5,0,2,8,10,7,7,11,6,8,3,3,5,6,6,3,3,7,7,9,3,11,10,5,5,10,3,6,4,6,11,8,10,0,9,2,2,2,10,3,7,5,8,7,9,6,6,10,7,10,8,4,7,4,9,8,10,4,3,0,8,6,9,2,3,3,11,3,9,10,7,10,10,11,7,3,3,4,3,4,9,9,11,9,0,2,3,0,3,3,9,9,7,0,8,0,7,7,8,0,0,5,2,5,7,8,9,3,8,2,5,6,3,9,6,8,7,0,9,3,5,2,5,3,3,6,6,11,8,0,10,7,6
4,10,10,10,10,11,2,6,3,5,2,9,9,0,8,6,2,6,2,3,9,11,8,8,0,7,9,4,4,6,7,7,4,4,8,8,10,4,0,11,6,6,11,4,7,5,7,0,9,11,2,10,3,3,3,11,4,8,6,9,8,10,7,7,11,8,11,9,5,8,5,10,9,11,5,4,2,9,7,10,3,4,4,0,4,10,11,8,11,11,0,8,4,4,5,4,5,10,10,0,10,2,3,4,2,4,4,10,10,8,2,9,2,8,8,9,2,2,6,3,6,8,9,10,4,9,3,6,7,4,10,7,9,8,2,10,4,6,3,6,4,4,7,7,0,9,2,11,8,7
5,11,11,11,11,0,3,7,4,6,3,10,10,2,9,7,3,7,3,4,10,0,9,9,2,8,10,5,5,7,8,8,5,5,9,9,11,5,2,0,7,7,0,5,8,6,8,2,10,0,3,11,4,4,4,0,5,9,7,10,9,11,8,8,0,9,0,10,6,9,6,11,10,0,6,5,3,10,8,11,4,5,5,2,5,11,0,9,0,0,2,9,5,5,6,5,6,11,11,2,11,3,4,5,3,5,5,11,11,9,3,10,3,9,9,10,3,3,7,4,7,9,10,11,5,10,4,7,8,5,11,8,10,9,3,11,5,7,4,7,5,5,8,8,2,10,3,0,9,8
6,0,0,0,0,2,4,8,5,7,4,11,11,3,10,8,4,8,4,5,11,2,10,10,3,9,11,6,6,8,9,9,6,6,10,10,0,6,3,2,8,8,2,6,9,7,9,3,11,2,4,0,5,5,5,2,6,10,8,11,10,0,9,9,2,10,2,11,7,10,7,0,11,2,7,6,4,11,9,0,5,6,6,3,6,0,2,10,2,2,3,10,6,6,7,6,7,0,0,3,0,4,5,6,4,6,6,0,0,10,4,11,4,10,10,11,4,4,8,5,8,10,11,0,6,11,5,8,9,6,0,9,11,10,4,0,6,8,5,8,6,6,9,9,3,11,4,2,10,9
7,2,2,2,2,3,5,9,6,8,5,0,0,4,11,9,5,9,5,6,0,3,11,11,4,10,0,7,7,9,10,10,7,7,11,11,2,7,4,3,9,9,3,7,10,8,10,4,0,3,5,2,6,6,6,3,7,11,9,0,11,2,10,10,3,11,3,0,8,11,8,2,0,3,8,7,5,0,10,2,6,7,7,4,7,2,3,11,3,3,4,11,7,7,8,7,8,2,2,4,2,5,6,7,5,7,7,2,2,11,5,0,5,11,11,0,5,5,9,6,9,11,0,2,7,0,6,9,10,7,2,10,0,11,5,2,7,9,6,9,7,7,10,10,4,0,5,3,11,10
8,3,3,3,3,4,6,10,7,9,6,2,2,5,0,10,6,10,6,7,2,4,0,0,5,11,2,8,8,10,11,11,8,8,0,0,3,8,5,4,10,10,4,8,11,9,11,5,2,4,6,3,7,7,7,4,8,0,10,2,0,3,11,11,4,0,4,2,9,0,9,3,2,4,9,8,6,2,11,3,7,8,8,5,8,3,4,0,4,4,5,0,8,8,9,8,9,3,3,5,3,6,7,8,6,8,8,3,3,0,6,2,6,0,0,2,6,6,10,7,10,0,2,3,8,2,7,10,11,8,3,11,2,0,6,3,8,10,7,10,8,8,11,11,5,2,6,4,0,11
9,4,4,4,4,5,7,11,8,10,7,3,3,6,2,11,7,11,7,8,3,5,2,2,6,0,3,9,9,11,0,0,9,9,2,2,4,9,6,5,11,11,5,9,0,10,0,6,3,5,7,4,8,8,8,5,9,2,11,3,2,4,0,0,5,2,5,3,10,2,10,4,3,5,10,9,7,3,0,4,8,9,9,6,9,4,5,2,5,5,6,2,9,9,10,9,10,4,4,6,4,7,8,9,7,9,9,4,4,2,7,3,7,2,2,3,7,7,11,8,11,2,3,4,9,3,8,11,0,9,4,0,3,2,7,4,9,11,8,11,9,9,0,0,6,3,7,5,2,0
10,5,5,5,5,6,8,0,9,11,8,4,4,7,3,0,8,0,8,9,4,6,3,3,7,2,4,10,10,0,2,2,10,10,3,3,5,10,7,6,0,0,6,10,2,11,2,7,4,6,8,5,9,9,9,6,10,3,0,4,3,5,2,2,6,3,6,4,11,3,11,5,4,6,11,10,8,4,2,5,9,10,10,7,10,5,6,3,6,6,7,3,10,10,11,10,11,5,5,7,5,8,9,10,8,10,10,5,5,3,8,4,8,3,3,4,8,8,0,9,0,3,4,5,10,4,9,0,2,10,5,2,4,3,8,5,10,0,9,0,10,10,2,2,7,4,8,6,3,2
11,6,6,6,6,7,9,2,10,0,9,5,5,8,4,2,9,2,9,10,5,7,4,4,8,3,5,11,11,2,3,3,11,11,4,4,6,11,8,7,2,2,7,11,3,0,3,8,5,7,9,6,10,10,10,7,11,4,2,5,4,6,3,3,7,4,7,5,0,4,0,6,5,7,0,11,9,5,3,6,10,11,11,8,11,6,7,4,7,7,8,4,11,11,0,11,0,6,6,8,6,9,10,11,9,11,11,6,6,4,9,5,9,4,4,5,9,9,2,10,2,4,5,6,11,5,10,2,3,11,6,3,5,4,9,6,11,2,10,2,11,11,3,3,8,5,9,7,4,3
0,7,7,7,7,8,10,3,11,2,10,6,6,9,5,3,10,3,10,11,6,8,5,5,9,4,6,0,0,3,4,4,0,0,5,5,7,0,9,8,3,3,8,0,4,2,4,9,6,8,10,7,11,11,11,8,0,5,3,6,5,7,4,4,8,5,8,6,2,5,2,7,6,8,2,0,10,6,4,7,11,0,0,9,0,7,8,5,8,8,9,5,0,0,2,0,2,7,7,9,7,10,11,0,10,0,0,7,7,5,10,6,10,5,5,6,10,10,3,11,3,5,6,7,0,6,11,3,4,0,7,4,6,5,10,7,0,3,11,3,0,0,4,4,9,6,10,8,5,4
2,8,8,8,8,9,11,4,0,3,11,7,7,10,6,4,11,4,11,0,7,9,6,6,10,5,7,2,2,4,5,5,2,2,6,6,8,2,10,9,4,4,9,2,5,3,5,10,7,9,11,8,0,0,0,9,2,6,4,7,6,8,5,5,9,6,9,7,3,6,3,8,7,9,3,2,11,7,5,8,0,2,2,10,2,8,9,6,9,9,10,6,2,2,3,2,3,8,8,10,8,11,0,2,11,2,2,8,8,6,11,7,11,6,6,7,11,11,4,0,4,6,7,8,2,7,0,4,5,2,8,5,7,6,11,8,2,4,0,4,2,2,5,5,10,7,11,9,6,5
3,9,9,9,9,10,0,5,2,4,0,8,8,11,7,5,0,5,0,2,8,10,7,7,11,6,8,3,3,5,6,6,3,3,7,7,9,3,11,10,5,5,10,3,6,4,6,11,8,10,0,9,2,2,2,10,3,7,5,8,7,9,6,6,10,7,10,8,4,7,4,9,8,10,4,3,0,8,6,9,2,3,3,11,3,9,10,7,10,10,11,7,3,3,4,3,4,9,9,11,9,0,2,3,0,3,3,9,9,7,0,8,0,7,7,8,0,0,5,2,5,7,8,9,3,8,2,5,6,3,9,6,8,7,0,9,3,5,2,5,3,3,6,6,11,8,0,10,7,6
4,10,10,10,10,11,2,6,3,5,2,9,9,0,8,6,2,6,2,3,9,11,8,8,0,7,9,4,4,6,7,7,4,4,8,8,10,4,0,11,6,6,11,4,7,5,7,0,9,11,2,10,3,3,3,11,4,8,6,9,8,10,7,7,11,8,11,9,5,8,5,10,9,11,5,4,2,9,7,10,3,4,4,0,4,10,11,8,11,11,0,8,4,4,5,4,5,10,10,0,10,2,3,4,2,4,4,10,10,8,2,9,2,8,8,9,2,2,6,3,6,8,9,10,4,9,3,6,7,4,10,7,9,8,2,10,4,6,3,6,4,4,7,7,0,9,2,11,8,7
5,11,11,11,11,0,3,7,4,6,3,10,10,2,9,7,3,7,3,4,10,0,9,9,2,8,10,5,5,7,8,8,5,5,9,9,11,5,2,0,7,7,0,5,8,6,8,2,10,0,3,11,4,4,4,0,5,9,7,10,9,11,8,8,0,9,0,10,6,9,6,11,10,0,6,5,3,10,8,11,4,5,5,2,5,11,0,9,0,0,2,9,5,5,6,5,6,11,11,2,11,3,4,5,3,5,5,11,11,9,3,10,3,9,9,10,3,3,7,4,7,9,10,11,5,10,4,7,8,5,11,8,10,9,3,11,5,7,4,7,5,5,8,8,2,10,3,0,9,8
6,0,0,0,0,2,4,8,5,7,4,11,11,3,10,8,4,8,4,5,11,2,10,10,3,9,11,6,6,8,9,9,6,6,10,10,0,6,3,2,8,8,2,6,9,7,9,3,11,2,4,0,5,5,5,2,6,10,8,11,10,0,9,9,2,10,2,11,7,10,7,0,11,2,7,6,4,11,9,0,5,6,6,3,6,0,2,10,2,2,3,10,6,6,7,6,7,0,0,3,0,4,5,6,4,6,6,0,0,10,4,11,4,10,10,11,4,4,8,5,8,10,11,0,6,11,5,8,9,6,0,9,11,10,4,0,6,8,5,8,6,6,9,9,3,11,4,2,10,9
7,2,2,2,2,3,5,9,6,8,5,0,0,4,11,9,5,9,5,6,0,3,11,11,4,10,0,7,7,9,10,10,7,7,11,11,2,7,4,3,9,9,3,7,10,8,10,4,0,3,5,2,6,6,6,3,7,11,9,0,11,2,10,10,3,11,3,0,8,11,8,2,0,3,8,7,5,0,10,2,6,7,7,4,7,2,3,11,3,3,4,11,7,7,8,7,8,2,2,4,2,5,6,7,5,7,7,2,2,11,5,0,5,11,11,0,5,5,9,6,9,11,0,2,7,0,6,9,10,7,2,10,0,11,5,2,7,9,6,9,7,7,10,10,4,0,5,3,11,10
8,3,3,3,3,4,6,10,7,9,6,2,2,5,0,10,6,10,6,7,2,4,0,0,5,11,2,8,8,10,11,11,8,8,0,0,3,8,5,4,10,10,4,8,11,9,11,5,2,4,6,3,7,7,7,4,8,0,10,2,0,3,11,11,4,0,4,2,9,0,9,3,2,4,9,8,6,2,11,3,7,8,8,5,8,3,4,0,4,4,5,0,8,8,9,8,9,3,3,5,3,6,7,8,6,8,8,3,3,0,6,2,6,0,0,2,6,6,10,7,10,0,2,3,8,2,7,10,11,8,3,11,2,0,6,3,8,10,7,10,8,8,11,11,5,2,6,4,0,11
9,4,4,4,4,5,7,11,8,10,7,3,3,6,2,11,7,11,7,8,3,5,2,2,6,0,3,9,9,11,0,0,9,9,2,2,4,9,6,5,11,11,5,9,0,10,0,6,3,5,7,4,8,8,8,5,9,2,11,3,2,4,0,0,5,2,5,3,10,2,10,4,3,5,10,9,7,3,0,4,8,9,9,6,9,4,5,2,5,5,6,2,9,9,10,9,10,4,4,6,4,7,8,9,7,9,9,4,4,2,7,3,7,2,2,3,7,7,11,8,11,2,3,4,9,3,8,11,0,9,4,0,3,2,7,4,9,11,8,11,9,9,0,0,6,3,7,5,2,0
10,5,5,5,5,6,8,0,9,11,8,4,4,7,3,0,8,0,8,9,4,6,3,3,7,2,4,10,10,0,2,2,10,10,3,3,5,10,7,6,0,0,6,10,2,11,2,7,4,6,8,5,9,9,9,6,10,3,0,4,3,5,2,2,6,3,6,4,11,3,11,5,4,6,11,10,8,4,2,5,9,10,10,7,10,5,6,3,6,6,7,3,10,10,11,10,11,5,5,7,5,8,9,10,8,10,10,5,5,3,8,4,8,3,3,4,8,8,0,9,0,3,4,5,10,4,9,0,2,10,5,2,4,3,8,5,10,0,9,0,10,10,2,2,7,4,8,6,3,2
11,6,6,6,6,7,9,2,10,0,9,5,5,8,4,2,9,2,9,10,5,7,4,4,8,3,5,11,11,2,3,3,11,11,4,4,6,11,8,7,2,2,7,11,3,0,3,8,5,7,9,6,10,10,10,7,11,4,2,5,4,6,3,3,7,4,7,5,0,4,0,6,5,7,0,11,9,5,3,6,10,11,11,8,11,6,7,4,7,7,8,4,11,11,0,11,0,6,6,8,6,9,10,11,9,11,11,6,6,4,9,5,9,4,4,5,9,9,2,10,2,4,5,6,11,5,10,2,3,11,6,3,5,4,9,6,11,2,10,2,11,11,3,3,8,5,9,7,4,3
0,7,7,7,7,8,10,3,11,2,10,6,6,9,5,3,10,3,10,11,6,8,5,5,9,4,6,0,0,3,4,4,0,0,5,5,7,0,9,8,3,3,8,0,4,2,4,9,6,8,10,7,11,11,11,8,0,5,3,6,5,7,4,4,8,5,8,6,2,5,2,7,6,8,2,0,10,6,4,7,11,0,0,9,0,7,8,5,8,8,9,5,0,0,2,0,2,7,7,9,7,10,11,0,10,0,0,7,7,5,10,6,10,5,5,6,10,10,3,11,3,5,6,7,0,6,11,3,4,0,7,4,6,5,10,7,0,3,11,3,0,0,4,4,9,6,10,8,5,4
2,8,8,8,8,9,11,4,0,3,11,7,7,10,6,4,11,4,11,0,7,9,6,6,10,5,7,2,2,4,5,5,2,2,6,6,8,2,10,9,4,4,9,2,5,3,5,10,7,9,11,8,0,0,0,9,2,6,4,7,6,8,5,5,9,6,9,7,3,6,3,8,7,9,3,2,11,7,5,8,0,2,2,10,2,8,9,6,9,9,10,6,2,2,3,2,3,8,8,10,8,11,0,2,11,2,2,8,8,6,11,7,11,6,6,7,11,11,4,0,4,6,7,8,2,7,0,4,5,2,8,5,7,6,11,8,2,4,0,4,2,2,5,5,10,7,11,9,6,5
3,9,9,9,9,10,0,5,2,4,0,8,8,11,7,5,0,5,0,2,8,10,7,7,11,6,8,3,3,5,6,6,3,3,7,7,9,3,11,10,5,5,10,3,6,4,6,11,8,10,0,9,2,2,2,10,3,7,5,8,7,9,6,6,10,7,10,8,4,7,4,9,8,10,4,3,0,8,6,9,2,3,3,11,3,9,10,7,10,10,11,7,3,3,4,3,4,9,9,11,9,0,2,3,0,3,3,9,9,7,0,8,0,7,7,8,0,0,5,2,5,7,8,9,3,8,2,5,6,3,9,6,8,7,0,9,3,5,2,5,3,3,6,6,11,8,0,10,7,6
4,10,10,10,10,11,2,6,3,5,2,9,9,0,8,6,2,6,2,3,9,11,8,8,0,7,9,4,4,6,7,7,4,4,8,8,10,4,0,11,6,6,11,4,7,5,7,0,9,11,2,10,3,3,3,11,4,8,6,9,8,10,7,7,11,8,11,9,5,8,5,10,9,11,5,4,2,9,7,10,3,4,4,0,4,10,11,8,11,11,0,8,4,4,5,4,5,10,10,0,10,2,3,4,2,4,4,10,10,8,2,9,2,8,8,9,2,2,6,3,6,8,9,10,4,9,3,6,7,4,10,7,9,8,2,10,4,6,3,6,4,4,7,7,0,9,2,11,8,7
5,11,11,11,11,0,3,7,4,6,3,10,10,2,9,7,3,7,3,4,10,0,9,9,2,8,10,5,5,7,8,8,5,5,9,9,11,5,2,0,7,7,0,5,8,6,8,2,10,0,3,11,4,4,4,0,5,9,7,10,9,11,8,8,0,9,0,10,6,9,6,11,10,0,6,5,3,10,8,11,4,5,5,2,5,11,0,9,0,0,2,9,5,5,6,5,6,11,11,2,11,3,4,5,3,5,5,11,11,9,3,10,3,9,9,10,3,3,7,4,7,9,10,11,5,10,4,7,8,5,11,8,10,9,3,11,5,7,4,7,5,5,8,8,2,10,3,0,9,8
6,0,0,0,0,2,4,8,5,7,4,11,11,3,10,8,4,8,4,5,11,2,10,10,3,9,11,6,6,8,9,9,6,6,10,10,0,6,3,2,8,8,2,6,9,7,9,3,11,2,4,0,5,5,5,2,6,10,8,11,10,0,9,9,2,10,2,11,7,10,7,0,11,2,7,6,4,11,9,0,5,6,6,3,6,0,2,10,2,2,3,10,6,6,7,6,7,0,0,3,0,4,5,6,4,6,6,0,0,10,4,11,4,10,10,11,4,4,8,5,8,10,11,0,6,11,5,8,9,6,0,9,11,10,4,0,6,8,5,8,6,6,9,9,3,11,4,2,10,9
7,2,2,2,2,3,5,9,6,8,5,0,0,4,11,9,5,9,5,6,0,3,11,11,4,10,0,7,7,9,10,10,7,7,11,11,2,7,4,3,9,9,3,7,10,8,10,4,0,3,5,2,6,6,6,3,7,11,9,0,11,2,10,10,3,11,3,0,8,11,8,2,0,3,8,7,5,0,10,2,6,7,7,4,7,2,3,11,3,3,4,11,7,7,8,7,8,2,2,4,2,5,6,7,5,7,7,2,2,11,5,0,5,11,11,0,5,5,9,6,9,11,0,2,7,0,6,9,10,7,2,10,0,11,5,2,7,9,6,9,7,7,10,10,4,0,5,3,11,10
8,3,3,3,3,4,6,10,7,9,6,2,2,5,0,10,6,10,6,7,2,4,0,0,5,11,2,8,8,10,11,11,8,8,0,0,3,8,5,4,10,10,4,8,11,9,11,5,2,4,6,3,7,7,7,4,8,0,10,2,0,3,11,11,4,0,4,2,9,0,9,3,2,4,9,8,6,2,11,3,7,8,8,5,8,3,4,0,4,4,5,0,8,8,9,8,9,3,3,5,3,6,7,8,6,8,8,3,3,0,6,2,6,0,0,2,6,6,10,7,10,0,2,3,8,2,7,10,11,8,3,11,2,0,6,3,8,10,7,10,8,8,11,11,5,2,6,4,0,11
9,4,4,4,4,5,7,11,8,10,7,3,3,6,2,11,7,11,7,8,3,5,2,2,6,0,3,9,9,11,0,0,9,9,2,2,4,9,6,5,11,11,5,9,0,10,0,6,3,5,7,4,8,8,8,5,9,2,11,3,2,4,0,0,5,2,5,3,10,2,10,4,3,5,10,9,7,3,0,4,8,9,9,6,9,4,5,2,5,5,6,2,9,9,10,9,10,4,4,6,4,7,8,9,7,9,9,4,4,2,7,3,7,2,2,3,7,7,11,8,11,2,3,4,9,3,8,11,0,9,4,0,3,2,7,4,9,11,8,11,9,9,0,0,6,3,7,5,2,0
10,5,5,5,5,6,8,0,9,11,8,4,4,7,3,0,8,0,8,9,4,6,3,3,7,2,4,10,10,0,2,2,10,10,3,3,5,10,7,6,0,0,6,10,2,11,2,7,4,6,8,5,9,9,9,6,10,3,0,4,3,5,2,2,6,3,6,4,11,3,11,5,4,6,11,10,8,4,2,5,9,10,10,7,10,5,6,3,6,6,7,3,10,10,11,10,11,5,5,7,5,8,9,10,8,10,10,5,5,3,8,4,8,3,3,4,8,8,0,9,0,3,4,5,10,4,9,0,2,10,5,2,4,3,8,5,10,0,9,0,10,10,2,2,7,4,8,6,3,2
11,6,6,6,6,7,9,2,10,0,9,5,5,8,4,2,9,2,9,10,5,7,4,4,8,3,5,11,11,2,3,3,11,11,4,4,6,11,8,7,2,2,7,11,3,0,3,8,5,7,9,6,10,10,10,7,11,4,2,5,4,6,3,3,7,4,7,5,0,4,0,6,5,7,0,11,9,5,3,6,10,11,11,8,11,6,7,4,7,7,8,4,11,11,0,11,0,6,6,8,6,9,10,11,9,11,11,6,6,4,9,5,9,4,4,5,9,9,2,10,2,4,5,6,11,5,10,2,3,11,6,3,5,4,9,6,11,2,10,2,11,11,3,3,8,5,9,7,4,3
0,7,7,7,7,8,10,3,11,2,10,6,6,9,5,3,10,3,10,11,6,8,5,5,9,4,6,0,0,3,4,4,0,0,5,5,7,0,9,8,3,3,8,0,4,2,4,9,6,8,10,7,11,11,11,8,0,5,3,6,5,7,4,4,8,5,8,6,2,5,2,7,6,8,2,0,10,6,4,7,11,0,0,9,0,7,8,5,8,8,9,5,0,0,2,0,2,7,7,9,7,10,11,0,10,0,0,7,7,5,10,6,10,5,5,6,10,10,3,11,3,5,6,7,0,6,11,3,4,0,7,4,6,5,10,7,0,3,11,3,0,0,4,4,9,6,10,8,5,4
2,8,8,8,8,9,11,4,0,3,11,7,7,10,6,4,11,4,11,0,7,9,6,6,10,5,7,2,2,4,5,5,2,2,6,6,8,2,10,9,4,4,9,2,5,3,5,10,7,9,11,8,0,0,0,9,2,6,4,7,6,8,5,5,9,6,9,7,3,6,3,8,7,9,3,2,11,7,5,8,0,2,2,10,2,8,9,6,9,9,10,6,2,2,3,2,3,8,8,10,8,11,0,2,11,2,2,8,8,6,11,7,11,6,6,7,11,11,4,0,4,6,7,8,2,7,0,4,5,2,8,5,7,6,11,8,2,4,0,4,2,2,5,5,10,7,11,9,6,5
3,9,9,9,9,10,0,5,2,4,0,8,8,11,7,5,0,5,0,2,8,10,7,7,11,6,8,3,3,5,6,6,3,3,7,7,9,3,11,10,5,5,10,3,6,4,6,11,8,10,0,9,2,2,2,10,3,7,5,8,7,9,6,6,10,7,10,8,4,7,4,9,8,10,4,3,0,8,6,9,2,3,3,11,3,9,10,7,10,10,11,7,3,3,4,3,4,9,9,11,9,0,2,3,0,3,3,9,9,7,0,8,0,7,7,8,0,0,5,2,5,7,8,9,3,8,2,5,6,3,9,6,8,7,0,9,3,5,2,5,3,3,6,6,11,8,0,10,7,6
4,10,10,10,10,11,2,6,3,5,2,9,9,0,8,6,2,6,2,3,9,11,8,8,0,7,9,4,4,6,7,7,4,4,8,8,10,4,0,11,6,6,11,4,7,5,7,0,9,11,2,10,3,3,3,11,4,8,6,9,8,10,7,7,11,8,11,9,5,8,5,10,9,11,5,4,2,9,7,10,3,4,4,0,4,10,11,8,11,11,0,8,4,4,5,4,5,10,10,0,10,2,3,4,2,4,4,10,10,8,2,9,2,8,8,9,2,2,6,3,6,8,9,10,4,9,3,6,7,4,10,7,9,8,2,10,4,6,3,6,4,4,7,7,0,9,2,11,8,7
5,11,11,11,11,0,3,7,4,6,3,10,10,2,9,7,3,7,3,4,10,0,9,9,2,8,10,5,5,7,8,8,5,5,9,9,11,5,2,0,7,7,0,5,8,6,8,2,10,0,3,11,4,4,4,0,5,9,7,10,9,11,8,8,0,9,0,10,6,9,6,11,10,0,6,5,3,10,8,11,4,5,5,2,5,11,0,9,0,0,2,9,5,5,6,5,6,11,11,2,11,3,4,5,3,5,5,11,11,9,3,10,3,9,9,10,3,3,7,4,7,9,10,11,5,10,4,7,8,5,11,8,10,9,3,11,5,7,4,7,5,5,8,8,2,10,3,0,9,8
6,0,0,0,0,2,4,8,5,7,4,11,11,3,10,8,4,8,4,5,11,2,10,10,3,9,11,6,6,8,9,9,6,6,10,10,0,6,3,2,8,8,2,6,9,7,9,3,11,2,4,0,5,5,5,2,6,10,8,11,10,0,9,9,2,10,2,11,7,10,7,0,11,2,7,6,4,11,9,0,5,6,6,3,6,0,2,10,2,2,3,10,6,6,7,6,7,0,0,3,0,4,5,6,4,6,6,0,0,10,4,11,4,10,10,11,4,4,8,5,8,10,11,0,6,11,5,8,9,6,0,9,11,10,4,0,6,8,5,8,6,6,9,9,3,11,4,2,10,9
7,2,2,2,2,3,5,9,6,8,5,0,0,4,11,9,5,9,5,6,0,3,11,11,4,10,0,7,7,9,10,10,7,7,11,11,2,7,4,3,9,9,3,7,10,8,10,4,0,3,5,2,6,6,6,3,7,11,9,0,11,2,10,10,3,11,3,0,8,11,8,2,0,3,8,7,5,0,10,2,6,7,7,4,7,2,3,11,3,3,4,11,7,7,8,7,8,2,2,4,2,5,6,7,5,7,7,2,2,11,5,0,5,11,11,0,5,5,9,6,9,11,0,2,7,0,6,9,10,7,2,10,0,11,5,2,7,9,6,9,7,7,10,10,4,0,5,3,11,10
8,3,3,3,3,4,6,10,7,9,6,2,2,5,0,10,6,10,6,7,2,4,0,0,5,11,2,8,8,10,11,11,8,8,0,0,3,8,5,4,10,10,4,8,11,9,11,5,2,4,6,3,7,7,7,4,8,0,10,2,0,3,11,11,4,0,4,2,9,0,9,3,2,4,9,8,6,2,11,3,7,8,8,5,8,3,4,0,4,4,5,0,8,8,9,8,9,3,3,5,3,6,7,8,6,8,8,3,3,0,6,2,6,0,0,2,6,6,10,7,10,0,2,3,8,2,7,10,11,8,3,11,2,0,6,3,8,10,7,10,8,8,11,11,5,2,6,4,0,11
9,4,4,4,4,5,7,11,8,10,7,3,3,6,2,11,7,11,7,8,3,5,2,2,6,0,3,9,9,11,0,0,9,9,2,2,4,9,6,5,11,11,5,9,0,10,0,6,3,5,7,4,8,8,8,5,9,2,11,3,2,4,0,0,5,2,5,3,10,2,10,4,3,5,10,9,7,3,0,4,8,9,9,6,9,4,5,2,5,5,6,2,9,9,10,9,10,4,4,6,4,7,8,9,7,9,9,4,4,2,7,3,7,2,2,3,7,7,11,8,11,2,3,4,9,3,8,11,0,9,4,0,3,2,7,4,9,11,8,11,9,9,0,0,6,3,7,5,2,0
10,5,5,5,5,6,8,0,9,11,8,4,4,7,3,0,8,0,8,9,4,6,3,3,7,2,4,10,10,0,2,2,10,10,3,3,5,10,7,6,0,0,6,10,2,11,2,7,4,6,8,5,9,9,9,6,10,3,0,4,3,5,2,2,6,3,6,4,11,3,11,5,4,6,11,10,8,4,2,5,9,10,10,7,10,5,6,3,6,6,7,3,10,10,11,10,11,5,5,7,5,8,9,10,8,10,10,5,5,3,8,4,8,3,3,4,8,8,0,9,0,3,4,5,10,4,9,0,2,10,5,2,4,3,8,5,10,0,9,0,10,10,2,2,7,4,8,6,3,2
11,6,6,6,6,7,9,2,10,0,9,5,5,8,4,2,9,2,9,10,5,7,4,4,8,3,5,11,11,2,3,3,11,11,4,4,6,11,8,7,2,2,7,11,3,0,3,8,5,7,9,6,10,10,10,7,11,4,2,5,4,6,3,3,7,4,7,5,0,4,0,6,5,7,0,11,9,5,3,6,10,11,11,8,11,6,7,4,7,7,8,4,11,11,0,11,0,6,6,8,6,9,10,11,9,11,11,6,6,4,9,5,9,4,4,5,9,9,2,10,2,4,5,6,11,5,10,2,3,11,6,3,5,4,9,6,11,2,10,2,11,11,3,3,8,5,9,7,4,3
0,7,7,7,7,8,10,3,11,2,10,6,6,9,5,3,10,3,10,11,6,8,5,5,9,4,6,0,0,3,4,4,0,0,5,5,7,0,9,8,3,3,8,0,4,2,4,9,6,8,10,7,11,11,11,8,0,5,3,6,5,7,4,4,8,5,8,6,2,5,2,7,6,8,2,0,10,6,4,7,11,0,0,9,0,7,8,5,8,8,9,5,0,0,2,0,2,7,7,9,7,10,11,0,10,0,0,7,7,5,10,6,10,5,5,6,10,10,3,11,3,5,6,7,0,6,11,3,4,0,7,4,6,5,10,7,0,3,11,3,0,0,4,4,9,6,10,8,5,4
2,8,8,8,8,9,11,4,0,3,11,7,7,10,6,4,11,4,11,0,7,9,6,6,10,5,7,2,2,4,5,5,2,2,6,6,8,2,10,9,4,4,9,2,5,3,5,10,7,9,11,8,0,0,0,9,2,6,4,7,6,8,5,5,9,6,9,7,3,6,3,8,7,9,3,2,11,7,5,8,0,2,2,10,2,8,9,6,9,9,10,6,2,2,3,2,3,8,8,10,8,11,0,2,11,2,2,8,8,6,11,7,11,6,6,7,11,11,4,0,4,6,7,8,2,7,0,4,5,2,8,5,7,6,11,8,2,4,0,4,2,2,5,5,10,7,11,9,6,5
3,9,9,9,9,10,0,5,2,4,0,8,8,11,7,5,0,5,0,2,8,10,7,7,11,6,8,3,3,5,6,6,3,3,7,7,9,3,11,10,5,5,10,3,6,4,6,11,8,10,0,9,2,2,2,10,3,7,5,8,7,9,6,6,10,7,10,8,4,7,4,9,8,10,4,3,0,8,6,9,2,3,3,11,3,9,10,7,10,10,11,7,3,3,4,3,4,9,9,11,9,0,2,3,0,3,3,9,9,7,0,8,0,7,7,8,0,0,5,2,5,7,8,9,3,8,2,5,6,3,9,6,8,7,0,9,3,5,2,5,3,3,6,6,11,8,0,10,7,6
4,10,10,10,10,11,2,6,3,5,2,9,9,0,8,6,2,6,2,3,9,11,8,8,0,7,9,4,4,6,7,7,4,4,8,8,10,4,0,11,6,6,11,4,7,5,7,0,9,11,2,10,3,3,3,11,4,8,6,9,8,10,7,7,11,8,11,9,5,8,5,10,9,11,5,4,2,9,7,10,3,4,4,0,4,10,11,8,11,11,0,8,4,4,5,4,5,10,10,0,10,2,3,4,2,4,4,10,10,8,2,9,2,8,8,9,2,2,6,3,6,8,9,10,4,9,3,6,7,4,10,7,9,8,2,10,4,6,3,6,4,4,7,7,0,9,2,11,8,7
5,11,11,11,11,0,3,7,4,6,3,10,10,2,9,7,3,7,3,4,10,0,9,9,2,8,10,5,5,7,8,8,5,5,9,9,11,5,2,0,7,7,0,5,8,6,8,2,10,0,3,11,4,4,4,0,5,9,7,10,9,11,8,8,0,9,0,10,6,9,6,11,10,0,6,5,3,10,8,11,4,5,5,2,5,11,0,9,0,0,2,9,5,5,6,5,6,11,11,2,11,3,4,5,3,5,5,11,11,9,3,10,3,9,9,10,3,3,7,4,7,9,10,11,5,10,4,7,8,5,11,8,10,9,3,11,5,7,4,7,5,5,8,8,2,10,3,0,9,8
6,0,0,0,0,2,4,8,5,7,4,11,11,3,10,8,4,8,4,5,11,2,10,10,3,9,11,6,6,8,9,9,6,6,10,10,0,6,3,2,8,8,2,6,9,7,9,3,11,2,4,0,5,5,5,2,6,10,8,11,10,0,9,9,2,10,2,11,7,10,7,0,11,2,7,6,4,11,9,0,5,6,6,3,6,0,2,10,2,2,3,10,6,6,7,6,7,0,0,3,0,4,5,6,4,6,6,0,0,10,4,11,4,10,10,11,4,4,8,5,8,10,11,0,6,11,5,8,9,6,0,9,11,10,4,0,6,8,5,8,6,6,9,9,3,11,4,2,10,9
7,2,2,2,2,3,5,9,6,8,5,0,0,4,11,9,5,9,5,6,0,3,11,11,4,10,0,7,7,9,10,10,7,7,11,11,2,7,4,3,9,9,3,7,10,8,10,4,0,3,5,2,6,6,6,3,7,11,9,0,11,2,10,10,3,11,3,0,8,11,8,2,0,3,8,7,5,0,10,2,6,7,7,4,7,2,3,11,3,3,4,11,7,7,8,7,8,2,2,4,2,5,6,7,5,7,7,2,2,11,5,0,5,11,11,0,5,5,9,6,9,11,0,2,7,0,6,9,10,7,2,10,0,11,5,2,7,9,6,9,7,7,10,10,4,0,5,3,11,10
8,3,3,3,3,4,6,10,7,9,6,2,2,5,0,10,6,10,6,7,2,4,0,0,5,11,2,8,8,10,11,11,8,8,0,0,3,8,5,4,10,10,4,8,11,9,11,5,2,4,6,3,7,7,7,4,8,0,10,2,0,3,11,11,4,0,4,2,9,0,9,3,2,4,9,8,6,2,11,3,7,8,8,5,8,3,4,0,4,4,5,0,8,8,9,8,9,3,3,5,3,6,7,8,6,8,8,3,3,0,6,2,6,0,0,2,6,6,10,7,10,0,2,3,8,2,7,10,11,8,3,11,2,0,6,3,8,10,7,10,8,8,11,11,5,2,6,4,0,11
9,4,4,4,4,5,7,11,8,10,7,3,3,6,2,11,7,11,7,8,3,5,2,2,6,0,3,9,9,11,0,0,9,9,2,2,4,9,6,5,11,11,5,9,0,10,0,6,3,5,7,4,8,8,8,5,9,2,11,3,2,4,0,0,5,2,5,3,10,2,10,4,3,5,10,9,7,3,0,4,8,9,9,6,9,4,5,2,5,5,6,2,9,9,10,9,10,4,4,6,4,7,8,9,7,9,9,4,4,2,7,3,7,2,2,3,7,7,11,8,11,2,3,4,9,3,8,11,0,9,4,0,3,2,7,4,9,11,8,11,9,9,0,0,6,3,7,5,2,0
10,5,5,5,5,6,8,0,9,11,8,4,4,7,3,0,8,0,8,9,4,6,3,3,7,2,4,10,10,0,2,2,10,10,3,3,5,10,7,6,0,0,6,10,2,11,2,7,4,6,8,5,9,9,9,6,10,3,0,4,3,5,2,2,6,3,6,4,11,3,11,5,4,6,11,10,8,4,2,5,9,10,10,7,10,5,6,3,6,6,7,3,10,10,11,10,11,5,5,7,5,8,9,10,8,10,10,5,5,3,8,4,8,3,3,4,8,8,0,9,0,3,4,5,10,4,9,0,2,10,5,2,4,3,8,5,10,0,9,0,10,10,2,2,7,4,8,6,3,2
11,6,6,6,6,7,9,2,10,0,9,5,5,8,4,2,9,2,9,10,5,7,4,4,8,3,5,11,11,2,3,3,11,11,4,4,6,11,8,7,2,2,7,11,3,0,3,8,5,7,9,6,10,10,10,7,11,4,2,5,4,6,3,3,7,4,7,5,0,4,0,6,5,7,0,11,9,5,3,6,10,11,11,8,11,6,7,4,7,7,8,4,11,11,0,11,0,6,6,8,6,9,10,11,9,11,11,6,6,4,9,5,9,4,4,5,9,9,2,10,2,4,5,6,11,5,10,2,3,11,6,3,5,4,9,6,11,2,10,2,11,11,3,3,8,5,9,7,4,3
0,7,7,7,7,8,10,3,11,2,10,6,6,9,5,3,10,3,10,11,6,8,5,5,9,4,6,0,0,3,4,4,0,0,5,5,7,0,9,8,3,3,8,0,4,2,4,9,6,8,10,7,11,11,11,8,0,5,3,6,5,7,4,4,8,5,8,6,2,5,2,7,6,8,2,0,10,6,4,7,11,0,0,9,0,7,8,5,8,8,9,5,0,0,2,0,2,7,7,9,7,10,11,0,10,0,0,7,7,5,10,6,10,5,5,6,10,10,3,11,3,5,6,7,0,6,11,3,4,0,7,4,6,5,10,7,0,3,11,3,0,0,4,4,9,6,10,8,5,4
2,8,8,8,8,9,11,4,0,3,11,7,7,10,6,4,11,4,11,0,7,9,6,6,10,5,7,2,2,4,5,5,2,2,6,6,8,2,10,9,4,4,9,2,5,3,5,10,7,9,11,8,0,0,0,9,2,6,4,7,6,8,5,5,9,6,9,7,3,6,3,8,7,9,3,2,11,7,5,8,0,2,2,10,2,8,9,6,9,9,10,6,2,2,3,2,3,8,8,10,8,11,0,2,11,2,2,8,8,6,11,7,11,6,6,7,11,11,4,0,4,6,7,8,2,7,0,4,5,2,8,5,7,6,11,8,2,4,0,4,2,2,5,5,10,7,11,9,6,5
3,9,9,9,9,10,0,5,2,4,0,8,8,11,7,5,0,5,0,2,8,10,7,7,11,6,8,3,3,5,6,6,3,3,7,7,9,3,11,10,5,5,10,3,6,4,6,11,8,10,0,9,2,2,2,10,3,7,5,8,7,9,6,6,10,7,10,8,4,7,4,9,8,10,4,3,0,8,6,9,2,3,3,11,3,9,10,7,10,10,11,7,3,3,4,3,4,9,9,11,9,0,2,3,0,3,3,9,9,7,0,8,0,7,7,8,0,0,5,2,5,7,8,9,3,8,2,5,6,3,9,6,8,7,0,9,3,5,2,5,3,3,6,6,11,8,0,10,7,6
4,10,10,10,10,11,2,6,3,5,2,9,9,0,8,6,2,6,2,3,9,11,8,8,0,7,9,4,4,6,7,7,4,4,8,8,10,4,0,11,6,6,11,4,7,5,7,0,9,11,2,10,3,3,3,11,4,8,6,9,8,10,7,7,11,8,11,9,5,8,5,10,9,11,5,4,2,9,7,10,3,4,4,0,4,10,11,8,11,11,0,8,4,4,5,4,5,10,10,0,10,2,3,4,2,4,4,10,10,8,2,9,2,8,8,9,2,2,6,3,6,8,9,10,4,9,3,6,7,4,10,7,9,8,2,10,4,6,3,6,4,4,7,7,0,9,2,11,8,7
5,11,11,11,11,0,3,7,4,6,3,10,10,2,9,7,3,7,3,4,10,0,9,9,2,8,10,5,5,7,8,8,5,5,9,9,11,5,2,0,7,7,0,5,8,6,8,2,10,0,3,11,4,4,4,0,5,9,7,10,9,11,8,8,0,9,0,10,6,9,6,11,10,0,6,5,3,10,8,11,4,5,5,2,5,11,0,9,0,0,2,9,5,5,6,5,6,11,11,2,11,3,4,5,3,5,5,11,11,9,3,10,3,9,9,10,3,3,7,4,7,9,10,11,5,10,4,7,8,5,11,8,10,9,3,11,5,7,4,7,5,5,8,8,2,10,3,0,9,8
6,0,0,0,0,2,4,8,5,7,4,11,11,3,10,8,4,8,4,5,11,2,10,10,3,9,11,6,6,8,9,9,6,6,10,10,0,6,3,2,8,8,2,6,9,7,9,3,11,2,4,0,5,5,5,2,6,10,8,11,10,0,9,9,2,10,2,11,7,10,7,0,11,2,7,6,4,11,9,0,5,6,6,3,6,0,2,10,2,2,3,10,6,6,7,6,7,0,0,3,0,4,5,6,4,6,6,0,0,10,4,11,4,10,10,11,4,4,8,5,8,10,11,0,6,11,5,8,9,6,0,9,11,10,4,0,6,8,5,8,6,6,9,9,3,11,4,2,10,9
7,2,2,2,2,3,5,9,6,8,5,0,0,4,11,9,5,9,5,6,0,3,11,11,4,10,0,7,7,9,10,10,7,7,11,11,2,7,4,3,9,9,3,7,10,8,10,4,0,3,5,2,6,6,6,3,7,11,9,0,11,2,10,10,3,11,3,0,8,11,8,2,0,3,8,7,5,0,10,2,6,7,7,4,7,2,3,11,3,3,4,11,7,7,8,7,8,2,2,4,2,5,6,7,5,7,7,2,2,11,5,0,5,11,11,0,5,5,9,6,9,11,0,2,7,0,6,9,10,7,2,10,0,11,5,2,7,9,6,9,7,7,10,10,4,0,5,3,11,10
8,3,3,3,3,4,6,10,7,9,6,2,2,5,0,10,6,10,6,7,2,4,0,0,5,11,2,8,8,10,11,11,8,8,0,0,3,8,5,4,10,10,4,8,11,9,11,5,2,4,6,3,7,7,7,4,8,0,10,2,0,3,11,11,4,0,4,2,9,0,9,3,2,4,9,8,6,2,11,3,7,8,8,5,8,3,4,0,4,4,5,0,8,8,9,8,9,3,3,5,3,6,7,8,6,8,8,3,3,0,6,2,6,0,0,2,6,6,10,7,10,0,2,3,8,2,7,10,11,8,3,11,2,0,6,3,8,10,7,10,8,8,11,11,5,2,6,4,0,11
9,4,4,4,4,5,7,11,8,10,7,3,3,6,2,11,7,11,7,8,3,5,2,2,6,0,3,9,9,11,0,0,9,9,2,2,4,9,6,5,11,11,5,9,0,10,0,6,3,5,7,4,8,8,8,5,9,2,11,3,2,4,0,0,5,2,5,3,10,2,10,4,3,5,10,9,7,3,0,4,8,9,9,6,9,4,5,2,5,5,6,2,9,9,10,9,10,4,4,6,4,7,8,9,7,9,9,4,4,2,7,3,7,2,2,3,7,7,11,8,11,2,3,4,9,3,8,11,0,9,4,0,3,2,7,4,9,11,8,11,9,9,0,0,6,3,7,5,2,0
10,5,5,5,5,6,8,0,9,11,8,4,4,7,3,0,8,0,8,9,4,6,3,3,7,2,4,10,10,0,2,2,10,10,3,3,5,10,7,6,0,0,6,10,2,11,2,7,4,6,8,5,9,9,9,6,10,3,0,4,3,5,2,2,6,3,6,4,11,3,11,5,4,6,11,10,8,4,2,5,9,10,10,7,10,5,6,3,6,6,7,3,10,10,11,10,11,5,5,7,5,8,9,10,8,10,10,5,5,3,8,4,8,3,3,4,8,8,0,9,0,3,4,5,10,4,9,0,2,10,5,2,4,3,8,5,10,0,9,0,10,10,2,2,7,4,8,6,3,2
11,6,6,6,6,7,9,2,10,0,9,5,5,8,4,2,9,2,9,10,5,7,4,4,8,3,5,11,11,2,3,3,11,11,4,4,6,11,8,7,2,2,7,11,3,0,3,8,5,7,9,6,10,10,10,7,11,4,2,5,4,6,3,3,7,4,7,5,0,4,0,6,5,7,0,11,9,5,3,6,10,11,11,8,11,6,7,4,7,7,8,4,11,11,0,11,0,6,6,8,6,9,10,11,9,11,11,6,6,4,9,5,9,4,4,5,9,9,2,10,2,4,5,6,11,5,10,2,3,11,6,3,5,4,9,6,11,2,10,2,11,11,3,3,8,5,9,7,4,3
0,7,7,7,7,8,10,3,11,2,10,6,6,9,5,3,10,3,10,11,6,8,5,5,9,4,6,0,0,3,4,4,0,0,5,5,7,0,9,8,3,3,8,0,4,2,4,9,6,8,10,7,11,11,11,8,0,5,3,6,5,7,4,4,8,5,8,6,2,5,2,7,6,8,2,0,10,6,4,7,11,0,0,9,0,7,8,5,8,8,9,5,0,0,2,0,2,7,7,9,7,10,11,0,10,0,0,7,7,5,10,6,10,5,5,6,10,10,3,11,3,5,6,7,0,6,11,3,4,0,7,4,6,5,10,7,0,3,11,3,0,0,4,4,9,6,10,8,5,4
2,8,8,8,8,9,11,4,0,3,11,7,7,10,6,4,11,4,11,0,7,9,6,6,10,5,7,2,2,4,5,5,2,2,6,6,8,2,10,9,4,4,9,2,5,3,5,10,7,9,11,8,0,0,0,9,2,6,4,7,6,8,5,5,9,6,9,7,3,6,3,8,7,9,3,2,11,7,5,8,0,2,2,10,2,8,9,6,9,9,10,6,2,2,3,2,3,8,8,10,8,11,0,2,11,2,2,8,8,6,11,7,11,6,6,7,11,11,4,0,4,6,7,8,2,7,0,4,5,2,8,5,7,6,11,8,2,4,0,4,2,2,5,5,10,7,11,9,6,5
3,9,9,9,9,10,0,5,2,4,0,8,8,11,7,5,0,5,0,2,8,10,7,7,11,6,8,3,3,5,6,6,3,3,7,7,9,3,11,10,5,5,10,3,6,4,6,11,8,10,0,9,2,2,2,10,3,7,5,8,7,9,6,6,10,7,10,8,4,7,4,9,8,10,4,3,0,8,6,9,2,3,3,11,3,9,10,7,10,10,11,7,3,3,4,3,4,9,9,11,9,0,2,3,0,3,3,9,9,7,0,8,0,7,7,8,0,0,5,2,5,7,8,9,3,8,2,5,6,3,9,6,8,7,0,9,3,5,2,5,3,3,6,6,11,8,0,10,7,6
4,10,10,10,10,11,2,6,3,5,2,9,9,0,8,6,2,6,2,3,9,11,8,8,0,7,9,4,4,6,7,7,4,4,8,8,10,4,0,11,6,6,11,4,7,5,7,0,9,11,2,10,3,3,3,11,4,8,6,9,8,10,7,7,11,8,11,9,5,8,5,10,9,11,5,4,2,9,7,10,3,4,4,0,4,10,11,8,11,11,0,8,4,4,5,4,5,10,10,0,10,2,3,4,2,4,4,10,10,8,2,9,2,8,8,9,2,2,6,3,6,8,9,10,4,9,3,6,7,4,10,7,9,8,2,10,4,6,3,6,4,4,7,7,0,9,2,11,8,7
5,11,11,11,11,0,3,7,4,6,3,10,10,2,9,7,3,7,3,4,10,0,9,9,2,8,10,5,5,7,8,8,5,5,9,9,11,5,2,0,7,7,0,5,8,6,8,2,10,0,3,11,4,4,4,0,5,9,7,10,9,11,8,8,0,9,0,10,6,9,6,11,10,0,6,5,3,10,8,11,4,5,5,2,5,11,0,9,0,0,2,9,5,5,6,5,6,11,11,2,11,3,4,5,3,5,5,11,11,9,3,10,3,9,9,10,3,3,7,4,7,9,10,11,5,10,4,7,8,5,11,8,10,9,3,11,5,7,4,7,5,5,8,8,2,10,3,0,9,8
6,0,0,0,0,2,4,8,5,7,4,11,11,3,10,8,4,8,4,5,11,2,10,10,3,9,11,6,6,8,9,9,6,6,10,10,0,6,3,2,8,8,2,6,9,7,9,3,11,2,4,0,5,5,5,2,6,10,8,11,10,0,9,9,2,10,2,11,7,10,7,0,11,2,7,6,4,11,9,0,5,6,6,3,6,0,2,10,2,2,3,10,6,6,7,6,7,0,0,3,0,4,5,6,4,6,6,0,0,10,4,11,4,10,10,11,4,4,8,5,8,10,11,0,6,11,5,8,9,6,0,9,11,10,4,0,6,8,5,8,6,6,9,9,3,11,4,2,10,9
7,2,2,2,2,3,5,9,6,8,5,0,0,4,11,9,5,9,5,6,0,3,11,11,4,10,0,7,7,9,10,10,7,7,11,11,2,7,4,3,9,9,3,7,10,8,10,4,0,3,5,2,6,6,6,3,7,11,9,0,11,2,10,10,3,11,3,0,8,11,8,2,0,3,8,7,5,0,10,2,6,7,7,4,7,2,3,11,3,3,4,11,7,7,8,7,8,2,2,4,2,5,6,7,5,7,7,2,2,11,5,0,5,11,11,0,5,5,9,6,9,11,0,2,7,0,6,9,10,7,2,10,0,11,5,2,7,9,6,9,7,7,10,10,4,0,5,3,11,10
8,3,3,3,3,4,6,10,7,9,6,2,2,5,0,10,6,10,6,7,2,4,0,0,5,11,2,8,8,10,11,11,8,8,0,0,3,8,5,4,10,10,4,8,11,9,11,5,2,4,6,3,7,7,7,4,8,0,10,2,0,3,11,11,4,0,4,2,9,0,9,3,2,4,9,8,6,2,11,3,7,8,8,5,8,3,4,0,4,4,5,0,8,8,9,8,9,3,3,5,3,6,7,8,6,8,8,3,3,0,6,2,6,0,0,2,6,6,10,7,10,0,2,3,8,2,7,10,11,8,3,11,2,0,6,3,8,10,7,10,8,8,11,11,5,2,6,4,0,11
9,4,4,4,4,5,7,11,8,10,7,3,3,6,2,11,7,11,7,8,3,5,2,2,6,0,3,9,9,11,0,0,9,9,2,2,4,9,6,5,11,11,5,9,0,10,0,6,3,5,7,4,8,8,8,5,9,2,11,3,2,4,0,0,5,2,5,3,10,2,10,4,3,5,10,9,7,3,0,4,8,9,9,6,9,4,5,2,5,5,6,2,9,9,10,9,10,4,4,6,4,7,8,9,7,9,9,4,4,2,7,3,7,2,2,3,7,7,11,8,11,2,3,4,9,3,8,11,0,9,4,0,3,2,7,4,9,11,8,11,9,9,0,0,6,3,7,5,2,0
10,5,5,5,5,6,8,0,9,11,8,4,4,7,3,0,8,0,8,9,4,6,3,3,7,2,4,10,10,0,2,2,10,10,3,3,5,10,7,6,0,0,6,10,2,11,2,7,4,6,8,5,9,9,9,6,10,3,0,4,3,5,2,2,6,3,6,4,11,3,11,5,4,6,11,10,8,4,2,5,9,10,10,7,10,5,6,3,6,6,7,3,10,10,11,10,11,5,5,7,5,8,9,10,8,10,10,5,5,3,8,4,8,3,3,4,8,8,0,9,0,3,4,5,10,4,9,0,2,10,5,2,4,3,8,5,10,0,9,0,10,10,2,2,7,4,8,6,3,2
11,6,6,6,6,7,9,2,10,0,9,5,5,8,4,2,9,2,9,10,5,7,4,4,8,3,5,11,11,2,3,3,11,11,4,4,6,11,8,7,2,2,7,11,3,0,3,8,5,7,9,6,10,10,10,7,11,4,2,5,4,6,3,3,7,4,7,5,0,4,0,6,5,7,0,11,9,5,3,6,10,11,11,8,11,6,7,4,7,7,8,4,11,11,0,11,0,6,6,8,6,9,10,11,9,11,11,6,6,4,9,5,9,4,4,5,9,9,2,10,2,4,5,6,11,5,10,2,3,11,6,3,5,4,9,6,11,2,10,2,11,11,3,3,8,5,9,7,4,3
0,7,7,7,7,8,10,3,11,2,10,6,6,9,5,3,10,3,10,11,6,8,5,5,9,4,6,0,0,3,4,4,0,0,5,5,7,0,9,8,3,3,8,0,4,2,4,9,6,8,10,7,11,11,11,8,0,5,3,6,5,7,4,4,8,5,8,6,2,5,2,7,6,8,2,0,10,6,4,7,11,0,0,9,0,7,8,5,8,8,9,5,0,0,2,0,2,7,7,9,7,10,11,0,10,0,0,7,7,5,10,6,10,5,5,6,10,10,3,11,3,5,6,7,0,6,11,3,4,0,7,4,6,5,10,7,0,3,11,3,0,0,4,4,9,6,10,8,5,4
2,8,8,8,8,9,11,4,0,3,11,7,7,10,6,4,11,4,11,0,7,9,6,6,10,5,7,2,2,4,5,5,2,2,6,6,8,2,10,9,4,4,9,2,5,3,5,10,7,9,11,8,0,0,0,9,2,6,4,7,6,8,5,5,9,6,9,7,3,6,3,8,7,9,3,2,11,7,5,8,0,2,2,10,2,8,9,6,9,9,10,6,2,2,3,2,3,8,8,10,8,11,0,2,11,2,2,8,8,6,11,7,11,6,6,7,11,11,4,0,4,6,7,8,2,7,0,4,5,2,8,5,7,6,11,8,2,4,0,4,2,2,5,5,10,7,11,9,6,5
3,9,9,9,9,10,0,5,2,4,0,8,8,11,7,5,0,5,0,2,8,10,7,7,11,6,8,3,3,5,6,6,3,3,7,7,9,3,11,10,5,5,10,3,6,4,6,11,8,10,0,9,2,2,2,10,3,7,5,8,7,9,6,6,10,7,10,8,4,7,4,9,8,10,4,3,0,8,6,9,2,3,3,11,3,9,10,7,10,10,11,7,3,3,4,3,4,9,9,11,9,0,2,3,0,3,3,9,9,7,0,8,0,7,7,8,0,0,5,2,5,7,8,9,3,8,2,5,6,3,9,6,8,7,0,9,3,5,2,5,3,3,6,6,11,8,0,10,7,6
4,10,10,10,10,11,2,6,3,5,2,9,9,0,8,6,2,6,2,3,9,11,8,8,0,7,9,4,4,6,7,7,4,4,8,8,10,4,0,11,6,6,11,4,7,5,7,0,9,11,2,10,3,3,3,11,4,8,6,9,8,10,7,7,11,8,11,9,5,8,5,10,9,11,5,4,2,9,7,10,3,4,4,0,4,10,11,8,11,11,0,8,4,4,5,4,5,10,10,0,10,2,3,4,2,4,4,10,10,8,2,9,2,8,8,9,2,2,6,3,6,8,9,10,4,9,3,6,7,4,10,7,9,8,2,10,4,6,3,6,4,4,7,7,0,9,2,11,8,7
5,11,11,11,11,0,3,7,4,6,3,10,10,2,9,7,3,7,3,4,10,0,9,9,2,8,10,5,5,7,8,8,5,5,9,9,11,5,2,0,7,7,0,5,8,6,8,2,10,0,3,11,4,4,4,0,5,9,7,10,9,11,8,8,0,9,0,10,6,9,6,11,10,0,6,5,3,10,8,11,4,5,5,2,5,11,0,9,0,0,2,9,5,5,6,5,6,11,11,2,11,3,4,5,3,5,5,11,11,9,3,10,3,9,9,10,3,3,7,4,7,9,10,11,5,10,4,7,8,5,11,8,10,9,3,11,5,7,4,7,5,5,8,8,2,10,3,0,9,8
6,0,0,0,0,2,4,8,5,7,4,11,11,3,10,8,4,8,4,5,11,2,10,10,3,9,11,6,6,8,9,9,6,6,10,10,0,6,3,2,8,8,2,6,9,7,9,3,11,2,4,0,5,5,5,2,6,10,8,11,10,0,9,9,2,10,2,11,7,10,7,0,11,2,7,6,4,11,9,0,5,6,6,3,6,0,2,10,2,2,3,10,6,6,7,6,7,0,0,3,0,4,5,6,4,6,6,0,0,10,4,11,4,10,10,11,4,4,8,5,8,10,11,0,6,11,5,8,9,6,0,9,11,10,4,0,6,8,5,8,6,6,9,9,3,11,4,2,10,9
7,2,2,2,2,3,5,9,6,8,5,0,0,4,11,9,5,9,5,6,0,3,11,11,4,10,0,7,7,9,10,10,7,7,11,11,2,7,4,3,9,9,3,7,10,8,10,4,0,3,5,2,6,6,6,3,7,11,9,0,11,2,10,10,3,11,3,0,8,11,8,2,0,3,8,7,5,0,10,2,6,7,7,4,7,2,3,11,3,3,4,11,7,7,8,7,8,2,2,4,2,5,6,7,5,7,7,2,2,11,5,0,5,11,11,0,5,5,9,6,9,11,0,2,7,0,6,9,10,7,2,10,0,11,5,2,7,9,6,9,7,7,10,10,4,0,5,3,11,10
8,3,3,3,3,4,6,10,7,9,6,2,2,5,0,10,6,10,6,7,2,4,0,0,5,11,2,8,8,10,11,11,8,8,0,0,3,8,5,4,10,10,4,8,11,9,11,5,2,4,6,3,7,7,7,4,8,0,10,2,0,3,11,11,4,0,4,2,9,0,9,3,2,4,9,8,6,2,11,3,7,8,8,5,8,3,4,0,4,4,5,0,8,8,9,8,9,3,3,5,3,6,7,8,6,8,8,3,3,0,6,2,6,0,0,2,6,6,10,7,10,0,2,3,8,2,7,10,11,8,3,11,2,0,6,3,8,10,7,10,8,8,11,11,5,2,6,4,0,11
9,4,4,4,4,5,7,11,8,10,7,3,3,6,2,11,7,11,7,8,3,5,2,2,6,0,3,9,9,11,0,0,9,9,2,2,4,9,6,5,11,11,5,9,0,10,0,6,3,5,7,4,8,8,8,5,9,2,11,3,2,4,0,0,5,2,5,3,10,2,10,4,3,5,10,9,7,3,0,4,8,9,9,6,9,4,5,2,5,5,6,2,9,9,10,9,10,4,4,6,4,7,8,9,7,9,9,4,4,2,7,3,7,2,2,3,7,7,11,8,11,2,3,4,9,3,8,11,0,9,4,0,3,2,7,4,9,11,8,11,9,9,0,0,6,3,7,5,2,0
10,5,5,5,5,6,8,0,9,11,8,4,4,7,3,0,8,0,8,9,4,6,3,3,7,2,4,10,10,0,2,2,10,10,3,3,5,10,7,6,0,0,6,10,2,11,2,7,4,6,8,5,9,9,9,6,10,3,0,4,3,5,2,2,6,3,6,4,11,3,11,5,4,6,11,10,8,4,2,5,9,10,10,7,10,5,6,3,6,6,7,3,10,10,11,10,11,5,5,7,5,8,9,10,8,10,10,5,5,3,8,4,8,3,3,4,8,8,0,9,0,3,4,5,10,4,9,0,2,10,5,2,4,3,8,5,10,0,9,0,10,10,2,2,7,4,8,6,3,2
11,6,6,6,6,7,9,2,10,0,9,5,5,8,4,2,9,2,9,10,5,7,4,4,8,3,5,11,11,2,3,3,11,11,4,4,6,11,8,7,2,2,7,11,3,0,3,8,5,7,9,6,10,10,10,7,11,4,2,5,4,6,3,3,7,4,7,5,0,4,0,6,5,7,0,11,9,5,3,6,10,11,11,8,11,6,7,4,7,7,8,4,11,11,0,11,0,6,6,8,6,9,10,11,9,11,11,6,6,4,9,5,9,4,4,5,9,9,2,10,2,4,5,6,11,5,10,2,3,11,6,3,5,4,9,6,11,2,10,2,11,11,3,3,8,5,9,7,4,3
0,7,7,7,7,8,10,3,11,2,10,6,6,9,5,3,10,3,10,11,6,8,5,5,9,4,6,0,0,3,4,4,0,0,5,5,7,0,9,8,3,3,8,0,4,2,4,9,6,8,10,7,11,11,11,8,0,5,3,6,5,7,4,4,8,5,8,6,2,5,2,7,6,8,2,0,10,6,4,7,11,0,0,9,0,7,8,5,8,8,9,5,0,0,2,0,2,7,7,9,7,10,11,0,10,0,0,7,7,5,10,6,10,5,5,6,10,10,3,11,3,5,6,7,0,6,11,3,4,0,7,4,6,5,10,7,0,3,11,3,0,0,4,4,9,6,10,8,5,4
2,8,8,8,8,9,11,4,0,3,11,7,7,10,6,4,11,4,11,0,7,9,6,6,10,5,7,2,2,4,5,5,2,2,6,6,8,2,10,9,4,4,9,2,5,3,5,10,7,9,11,8,0,0,0,9,2,6,4,7,6,8,5,5,9,6,9,7,3,6,3,8,7,9,3,2,11,7,5,8,0,2,2,10,2,8,9,6,9,9,10,6,2,2,3,2,3,8,8,10,8,11,0,2,11,2,2,8,8,6,11,7,11,6,6,7,11,11,4,0,4,6,7,8,2,7,0,4,5,2,8,5,7,6,11,8,2,4,0,4,2,2,5,5,10,7,11,9,6,5
3,9,9,9,9,10,0,5,2,4,0,8,8,11,7,5,0,5,0,2,8,10,7,7,11,6,8,3,3,5,6,6,3,3,7,7,9,3,11,10,5,5,10,3,6,4,6,11,8,10,0,9,2,2,2,10,3,7,5,8,7,9,6,6,10,7,10,8,4,7,4,9,8,10,4,3,0,8,6,9,2,3,3,11,3,9,10,7,10,10,11,7,3,3,4,3,4,9,9,11,9,0,2,3,0,3,3,9,9,7,0,8,0,7,7,8,0,0,5,2,5,7,8,9,3,8,2,5,6,3,9,6,8,7,0,9,3,5,2,5,3,3,6,6,11,8,0,10,7,6
4,10,10,10,10,11,2,6,3,5,2,9,9,0,8,6,2,6,2,3,9,11,8,8,0,7,9,4,4,6,7,7,4,4,8,8,10,4,0,11,6,6,11,4,7,5,7,0,9,11,2,10,3,3,3,11,4,8,6,9,8,10,7,7,11,8,11,9,5,8,5,10,9,11,5,4,2,9,7,10,3,4,4,0,4,10,11,8,11,11,0,8,4,4,5,4,5,10,10,0,10,2,3,4,2,4,4,10,10,8,2,9,2,8,8,9,2,2,6,3,6,8,9,10,4,9,3,6,7,4,10,7,9,8,2,10,4,6,3,6,4,4,7,7,0,9,2,11,8,7
5,11,11,11,11,0,3,7,4,6,3,10,10,2,9,7,3,7,3,4,10,0,9,9,2,8,10,5,5,7,8,8,5,5,9,9,11,5,2,0,7,7,0,5,8,6,8,2,10,0,3,11,4,4,4,0,5,9,7,10,9,11,8,8,0,9,0,10,6,9,6,11,10,0,6,5,3,10,8,11,4,5,5,2,5,11,0,9,0,0,2,9,5,5,6,5,6,11,11,2,11,3,4,5,3,5,5,11,11,9,3,10,3,9,9,10,3,3,7,4,7,9,10,11,5,10,4,7,8,5,11,8,10,9,3,11,5,7,4,7,5,5,8,8,2,10,3,0,9,8
6,0,0,0,0,2,4,8,5,7,4,11,11,3,10,8,4,8,4,5,11,2,10,10,3,9,11,6,6,8,9,9,6,6,10,10,0,6,3,2,8,8,2,6,9,7,9,3,11,2,4,0,5,5,5,2,6,10,8,11,10,0,9,9,2,10,2,11,7,10,7,0,11,2,7,6,4,11,9,0,5,6,6,3,6,0,2,10,2,2,3,10,6,6,7,6,7,0,0,3,0,4,5,6,4,6,6,0,0,10,4,11,4,10,10,11,4,4,8,5,8,10,11,0,6,11,5,8,9,6,0,9,11,10,4,0,6,8,5,8,6,6,9,9,3,11,4,2,10,9
7,2,2,2,2,3,5,9,6,8,5,0,0,4,11,9,5,9,5,6,0,3,11,11,4,10,0,7,7,9,10,10,7,7,11,11,2,7,4,3,9,9,3,7,10,8,10,4,0,3,5,2,6,6,6,3,7,11,9,0,11,2,10,10,3,11,3,0,8,11,8,2,0,3,8,7,5,0,10,2,6,7,7,4,7,2,3,11,3,3,4,11,7,7,8,7,8,2,2,4,2,5,6,7,5,7,7,2,2,11,5,0,5,11,11,0,5,5,9,6,9,11,0,2,7,0,6,9,10,7,2,10,0,11,5,2,7,9,6,9,7,7,10,10,4,0,5,3,11,10
8,3,3,3,3,4,6,10,7,9,6,2,2,5,0,10,6,10,6,7,2,4,0,0,5,11,2,8,8,10,11,11,8,8,0,0,3,8,5,4,10,10,4,8,11,9,11,5,2,4,6,3,7,7,7,4,8,0,10,2,0,3,11,11,4,0,4,2,9,0,9,3,2,4,9,8,6,2,11,3,7,8,8,5,8,3,4,0,4,4,5,0,8,8,9,8,9,3,3,5,3,6,7,8,6,8,8,3,3,0,6,2,6,0,0,2,6,6,10,7,10,0,2,3,8,2,7,10,11,8,3,11,2,0,6,3,8,10,7,10,8,8,11,11,5,2,6,4,0,11
9,4,4,4,4,5,7,11,8,10,7,3,3,6,2,11,7,11,7,8,3,5,2,2,6,0,3,9,9,11,0,0,9,9,2,2,4,9,6,5,11,11,5,9,0,10,0,6,3,5,7,4,8,8,8,5,9,2,11,3,2,4,0,0,5,2,5,3,10,2,10,4,3,5,10,9,7,3,0,4,8,9,9,6,9,4,5,2,5,5,6,2,9,9,10,9,10,4,4,6,4,7,8,9,7,9,9,4,4,2,7,3,7,2,2,3,7,7,11,8,11,2,3,4,9,3,8,11,0,9,4,0,3,2,7,4,9,11,8,11,9,9,0,0,6,3,7,5,2,0
10,5,5,5,5,6,8,0,9,11,8,4,4,7,3,0,8,0,8,9,4,6,3,3,7,2,4,10,10,0,2,2,10,10,3,3,5,10,7,6,0,0,6,10,2,11,2,7,4,6,8,5,9,9,9,6,10,3,0,4,3,5,2,2,6,3,6,4,11,3,11,5,4,6,11,10,8,4,2,5,9,10,10,7,10,5,6,3,6,6,7,3,10,10,11,10,11,5,5,7,5,8,9,10,8,10,10,5,5,3,8,4,8,3,3,4,8,8,0,9,0,3,4,5,10,4,9,0,2,10,5,2,4,3,8,5,10,0,9,0,10,10,2,2,7,4,8,6,3,2
11,6,6,6,6,7,9,2,10,0,9,5,5,8,4,2,9,2,9,10,5,7,4,4,8,3,5,11,11,2,3,3,11,11,4,4,6,11,8,7,2,2,7,11,3,0,3,8,5,7,9,6,10,10,10,7,11,4,2,5,4,6,3,3,7,4,7,5,0,4,0,6,5,7,0,11,9,5,3,6,10,11,11,8,11,6,7,4,7,7,8,4,11,11,0,11,0,6,6,8,6,9,10,11,9,11,11,6,6,4,9,5,9,4,4,5,9,9,2,10,2,4,5,6,11,5,10,2,3,11,6,3,5,4,9,6,11,2,10,2,11,11,3,3,8,5,9,7,4,3
0,7,7,7,7,8,10,3,11,2,10,6,6,9,5,3,10,3,10,11,6,8,5,5,9,4,6,0,0,3,4,4,0,0,5,5,7,0,9,8,3,3,8,0,4,2,4,9,6,8,10,7,11,11,11,8,0,5,3,6,5,7,4,4,8,5,8,6,2,5,2,7,6,8,2,0,10,6,4,7,11,0,0,9,0,7,8,5,8,8,9,5,0,0,2,0,2,7,7,9,7,10,11,0,10,0,0,7,7,5,10,6,10,5,5,6,10,10,3,11,3,5,6,7,0,6,11,3,4,0,7,4,6,5,10,7,0,3,11,3,0,0,4,4,9,6,10,8,5,4
2,8,8,8,8,9,11,4,0,3,11,7,7,10,6,4,11,4,11,0,7,9,6,6,10,5,7,2,2,4,5,5,2,2,6,6,8,2,10,9,4,4,9,2,5,3,5,10,7,9,11,8,0,0,0,9,2,6,4,7,6,8,5,5,9,6,9,7,3,6,3,8,7,9,3,2,11,7,5,8,0,2,2,10,2,8,9,6,9,9,10,6,2,2,3,2,3,8,8,10,8,11,0,2,11,2,2,8,8,6,11,7,11,6,6,7,11,11,4,0,4,6,7,8,2,7,0,4,5,2,8,5,7,6,11,8,2,4,0,4,2,2,5,5,10,7,11,9,6,5
3,9,9,9,9,10,0,5,2,4,0,8,8,11,7,5,0,5,0,2,8,10,7,7,11,6,8,3,3,5,6,6,3,3,7,7,9,3,11,10,5,5,10,3,6,4,6,11,8,10,0,9,2,2,2,10,3,7,5,8,7,9,6,6,10,7,10,8,4,7,4,9,8,10,4,3,0,8,6,9,2,3,3,11,3,9,10,7,10,10,11,7,3,3,4,3,4,9,9,11,9,0,2,3,0,3,3,9,9,7,0,8,0,7,7,8,0,0,5,2,5,7,8,9,3,8,2,5,6,3,9,6,8,7,0,9,3,5,2,5,3,3,6,6,11,8,0,10,7,6
4,10,10,10,10,11,2,6,3,5,2,9,9,0,8,6,2,6,2,3,9,11,8,8,0,7,9,4,4,6,7,7,4,4,8,8,10,4,0,11,6,6,11,4,7,5,7,0,9,11,2,10,3,3,3,11,4,8,6,9,8,10,7,7,11,8,11,9,5,8,5,10,9,11,5,4,2,9,7,10,3,4,4,0,4,10,11,8,11,11,0,8,4,4,5,4,5,10,10,0,10,2,3,4,2,4,4,10,10,8,2,9,2,8,8,9,2,2,6,3,6,8,9,10,4,9,3,6,7,4,10,7,9,8,2,10,4,6,3,6,4,4,7,7,0,9,2,11,8,7
5,11,11,11,11,0,3,7,4,6,3,10,10,2,9,7,3,7,3,4,10,0,9,9,2,8,10,5,5,7,8,8,5,5,9,9,11,5,2,0,7,7,0,5,8,6,8,2,10,0,3,11,4,4,4,0,5,9,7,10,9,11,8,8,0,9,0,10,6,9,6,11,10,0,6,5,3,10,8,11,4,5,5,2,5,11,0,9,0,0,2,9,5,5,6,5,6,11,11,2,11,3,4,5,3,5,5,11,11,9,3,10,3,9,9,10,3,3,7,4,7,9,10,11,5,10,4,7,8,5,11,8,10,9,3,11,5,7,4,7,5,5,8,8,2,10,3,0,9,8
6,0,0,0,0,2,4,8,5,7,4,11,11,3,10,8,4,8,4,5,11,2,10,10,3,9,11,6,6,8,9,9,6,6,10,10,0,6,3,2,8,8,2,6,9,7,9,3,11,2,4,0,5,5,5,2,6,10,8,11,10,0,9,9,2,10,2,11,7,10,7,0,11,2,7,6,4,11,9,0,5,6,6,3,6,0,2,10,2,2,3,10,6,6,7,6,7,0,0,3,0,4,5,6,4,6,6,0,0,10,4,11,4,10,10,11,4,4,8,5,8,10,11,0,6,11,5,8,9,6,0,9,11,10,4,0,6,8,5,8,6,6,9,9,3,11,4,2,10,9
7,2,2,2,2,3,5,9,6,8,5,0,0,4,11,9,5,9,5,6,0,3,11,11,4,10,0,7,7,9,10,10,7,7,11,11,2,7,4,3,9,9,3,7,10,8,10,4,0,3,5,2,6,6,6,3,7,11,9,0,11,2,10,10,3,11,3,0,8,11,8,2,0,3,8,7,5,0,10,2,6,7,7,4,7,2,3,11,3,3,4,11,7,7,8,7,8,2,2,4,2,5,6,7,5,7,7,2,2,11,5,0,5,11,11,0,5,5,9,6,9,11,0,2,7,0,6,9,10,7,2,10,0,11,5,2,7,9,6,9,7,7,10,10,4,0,5,3,11,10
8,3,3,3,3,4,6,10,7,9,6,2,2,5,0,10,6,10,6,7,2,4,0,0,5,11,2,8,8,10,11,11,8,8,0,0,3,8,5,4,10,10,4,8,11,9,11,5,2,4,6,3,7,7,7,4,8,0,10,2,0,3,11,11,4,0,4,2,9,0,9,3,2,4,9,8,6,2,11,3,7,8,8,5,8,3,4,0,4,4,5,0,8,8,9,8,9,3,3,5,3,6,7,8,6,8,8,3,3,0,6,2,6,0,0,2,6,6,10,7,10,0,2,3,8,2,7,10,11,8,3,11,2,0,6,3,8,10,7,10,8,8,11,11,5,2,6,4,0,11
9,4,4,4,4,5,7,11,8,10,7,3,3,6,2,11,7,11,7,8,3,5,2,2,6,0,3,9,9,11,0,0,9,9,2,2,4,9,6,5,11,11,5,9,0,10,0,6,3,5,7,4,8,8,8,5,9,2,11,3,2,4,0,0,5,2,5,3,10,2,10,4,3,5,10,9,7,3,0,4,8,9,9,6,9,4,5,2,5,5,6,2,9,9,10,9,10,4,4,6,4,7,8,9,7,9,9,4,4,2,7,3,7,2,2,3,7,7,11,8,11,2,3,4,9,3,8,11,0,9,4,0,3,2,7,4,9,11,8,11,9,9,0,0,6,3,7,5,2,0
10,5,5,5,5,6,8,0,9,11,8,4,4,7,3,0,8,0,8,9,4,6,3,3,7,2,4,10,10,0,2,2,10,10,3,3,5,10,7,6,0,0,6,10,2,11,2,7,4,6,8,5,9,9,9,6,10,3,0,4,3,5,2,2,6,3,6,4,11,3,11,5,4,6,11,10,8,4,2,5,9,10,10,7,10,5,6,3,6,6,7,3,10,10,11,10,11,5,5,7,5,8,9,10,8,10,10,5,5,3,8,4,8,3,3,4,8,8,0,9,0,3,4,5,10,4,9,0,2,10,5,2,4,3,8,5,10,0,9,0,10,10,2,2,7,4,8,6,3,2
11,6,6,6,6,7,9,2,10,0,9,5,5,8,4,2,9,2,9,10,5,7,4,4,8,3,5,11,11,2,3,3,11,11,4,4,6,11,8,7,2,2,7,11,3,0,3,8,5,7,9,6,10,10,10,7,11,4,2,5,4,6,3,3,7,4,7,5,0,4,0,6,5,7,0,11,9,5,3,6,10,11,11,8,11,6,7,4,7,7,8,4,11,11,0,11,0,6,6,8,6,9,10,11,9,11,11,6,6,4,9,5,9,4,4,5,9,9,2,10,2,4,5,6,11,5,10,2,3,11,6,3,5,4,9,6,11,2,10,2,11,11,3,3,8,5,9,7,4,3
0,7,7,7,7,8,10,3,11,2,10,6,6,9,5,3,10,3,10,11,6,8,5,5,9,4,6,0,0,3,4,4,0,0,5,5,7,0,9,8,3,3,8,0,4,2,4,9,6,8,10,7,11,11,11,8,0,5,3,6,5,7,4,4,8,5,8,6,2,5,2,7,6,8,2,0,10,6,4,7,11,0,0,9,0,7,8,5,8,8,9,5,0,0,2,0,2,7,7,9,7,10,11,0,10,0,0,7,7,5,10,6,10,5,5,6,10,10,3,11,3,5,6,7,0,6,11,3,4,0,7,4,6,5,10,7,0,3,11,3,0,0,4,4,9,6,10,8,5,4
2,8,8,8,8,9,11,4,0,3,11,7,7,10,6,4,11,4,11,0,7,9,6,6,10,5,7,2,2,4,5,5,2,2,6,6,8,2,10,9,4,4,9,2,5,3,5,10,7,9,11,8,0,0,0,9,2,6,4,7,6,8,5,5,9,6,9,7,3,6,3,8,7,9,3,2,11,7,5,8,0,2,2,10,2,8,9,6,9,9,10,6,2,2,3,2,3,8,8,10,8,11,0,2,11,2,2,8,8,6,11,7,11,6,6,7,11,11,4,0,4,6,7,8,2,7,0,4,5,2,8,5,7,6,11,8,2,4,0,4,2,2,5,5,10,7,11,9,6,5
3,9,9,9,9,10,0,5,2,4,0,8,8,11,7,5,0,5,0,2,8,10,7,7,11,6,8,3,3,5,6,6,3,3,7,7,9,3,11,10,5,5,10,3,6,4,6,11,8,10,0,9,2,2,2,10,3,7,5,8,7,9,6,6,10,7,10,8,4,7,4,9,8,10,4,3,0,8,6,9,2,3,3,11,3,9,10,7,10,10,11,7,3,3,4,3,4,9,9,11,9,0,2,3,0,3,3,9,9,7,0,8,0,7,7,8,0,0,5,2,5,7,8,9,3,8,2,5,6,3,9,6,8,7,0,9,3,5,2,5,3,3,6,6,11,8,0,10,7,6
4,10,10,10,10,11,2,6,3,5,2,9,9,0,8,6,2,6,2,3,9,11,8,8,0,7,9,4,4,6,7,7,4,4,8,8,10,4,0,11,6,6,11,4,7,5,7,0,9,11,2,10,3,3,3,11,4,8,6,9,8,10,7,7,11,8,11,9,5,8,5,10,9,11,5,4,2,9,7,10,3,4,4,0,4,10,11,8,11,11,0,8,4,4,5,4,5,10,10,0,10,2,3,4,2,4,4,10,10,8,2,9,2,8,8,9,2,2,6,3,6,8,9,10,4,9,3,6,7,4,10,7,9,8,2,10,4,6,3,6,4,4,7,7,0,9,2,11,8,7
5,11,11,11,11,0,3,7,4,6,3,10,10,2,9,7,3,7,3,4,10,0,9,9,2,8,10,5,5,7,8,8,5,5,9,9,11,5,2,0,7,7,0,5,8,6,8,2,10,0,3,11,4,4,4,0,5,9,7,10,9,11,8,8,0,9,0,10,6,9,6,11,10,0,6,5,3,10,8,11,4,5,5,2,5,11,0,9,0,0,2,9,5,5,6,5,6,11,11,2,11,3,4,5,3,5,5,11,11,9,3,10,3,9,9,10,3,3,7,4,7,9,10,11,5,10,4,7,8,5,11,8,10,9,3,11,5,7,4,7,5,5,8,8,2,10,3,0,9,8
6,0,0,0,0,2,4,8,5,7,4,11,11,3,10,8,4,8,4,5,11,2,10,10,3,9,11,6,6,8,9,9,6,6,10,10,0,6,3,2,8,8,2,6,9,7,9,3,11,2,4,0,5,5,5,2,6,10,8,11,10,0,9,9,2,10,2,11,7,10,7,0,11,2,7,6,4,11,9,0,5,6,6,3,6,0,2,10,2,2,3,10,6,6,7,6,7,0,0,3,0,4,5,6,4,6,6,0,0,10,4,11,4,10,10,11,4,4,8,5,8,10,11,0,6,11,5,8,9,6,0,9,11,10,4,0,6,8,5,8,6,6,9,9,3,11,4,2,10,9
7,2,2,2,2,3,5,9,6,8,5,0,0,4,11,9,5,9,5,6,0,3,11,11,4,10,0,7,7,9,10,10,7,7,11,11,2,7,4,3,9,9,3,7,10,8,10,4,0,3,5,2,6,6,6,3,7,11,9,0,11,2,10,10,3,11,3,0,8,11,8,2,0,3,8,7,5,0,10,2,6,7,7,4,7,2,3,11,3,3,4,11,7,7,8,7,8,2,2,4,2,5,6,7,5,7,7,2,2,11,5,0,5,11,11,0,5,5,9,6,9,11,0,2,7,0,6,9,10,7,2,10,0,11,5,2,7,9,6,9,7,7,10,10,4,0,5,3,11,10
8,3,3,3,3,4,6,10,7,9,6,2,2,5,0,10,6,10,6,7,2,4,0,0,5,11,2,8,8,10,11,11,8,8,0,0,3,8,5,4,10,10,4,8,11,9,11,5,2,4,6,3,7,7,7,4,8,0,10,2,0,3,11,11,4,0,4,2,9,0,9,3,2,4,9,8,6,2,11,3,7,8,8,5,8,3,4,0,4,4,5,0,8,8,9,8,9,3,3,5,3,6,7,8,6,8,8,3,3,0,6,2,6,0,0,2,6,6,10,7,10,0,2,3,8,2,7,10,11,8,3,11,2,0,6,3,8,10,7,10,8,8,11,11,5,2,6,4,0,11
9,4,4,4,4,5,7,11,8,10,7,3,3,6,2,11,7,11,7,8,3,5,2,2,6,0,3,9,9,11,0,0,9,9,2,2,4,9,6,5,11,11,5,9,0,10,0,6,3,5,7,4,8,8,8,5,9,2,11,3,2,4,0,0,5,2,5,3,10,2,10,4,3,5,10,9,7,3,0,4,8,9,9,6,9,4,5,2,5,5,6,2,9,9,10,9,10,4,4,6,4,7,8,9,7,9,9,4,4,2,7,3,7,2,2,3,7,7,11,8,11,2,3,4,9,3,8,11,0,9,4,0,3,2,7,4,9,11,8,11,9,9,0,0,6,3,7,5,2,0
10,5,5,5,5,6,8,0,9,11,8,4,4,7,3,0,8,0,8,9,4,6,3,3,7,2,4,10,10,0,2,2,10,10,3,3,5,10,7,6,0,0,6,10,2,11,2,7,4,6,8,5,9,9,9,6,10,3,0,4,3,5,2,2,6,3,6,4,11,3,11,5,4,6,11,10,8,4,2,5,9,10,10,7,10,5,6,3,6,6,7,3,10,10,11,10,11,5,5,7,5,8,9,10,8,10,10,5,5,3,8,4,8,3,3,4,8,8,0,9,0,3,4,5,10,4,9,0,2,10,5,2,4,3,8,5,10,0,9,0,10,10,2,2,7,4,8,6,3,2
11,6,6,6,6,7,9,2,10,0,9,5,5,8,4,2,9,2,9,10,5,7,4,4,8,3,5,11,11,2,3,3,11,11,4,4,6,11,8,7,2,2,7,11,3,0,3,8,5,7,9,6,10,10,10,7,11,4,2,5,4,6,3,3,7,4,7,5,0,4,0,6,5,7,0,11,9,5,3,6,10,11,11,8,11,6,7,4,7,7,8,4,11,11,0,11,0,6,6,8,6,9,10,11,9,11,11,6,6,4,9,5,9,4,4,5,9,9,2,10,2,4,5,6,11,5,10,2,3,11,6,3,5,4,9,6,11,2,10,2,11,11,3,3,8,5,9,7,4,3
0,7,7,7,7,8,10,3,11,2,10,6,6,9,5,3,10,3,10,11,6,8,5,5,9,4,6,0,0,3,4,4,0,0,5,5,7,0,9,8,3,3,8,0,4,2,4,9,6,8,10,7,11,11,11,8,0,5,3,6,5,7,4,4,8,5,8,6,2,5,2,7,6,8,2,0,10,6,4,7,11,0,0,9,0,7,8,5,8,8,9,5,0,0,2,0,2,7,7,9,7,10,11,0,10,0,0,7,7,5,10,6,10,5,5,6,10,10,3,11,3,5,6,7,0,6,11,3,4,0,7,4,6,5,10,7,0,3,11,3,0,0,4,4,9,6,10,8,5,4
2,8,8,8,8,9,11,4,0,3,11,7,7,10,6,4,11,4,11,0,7,9,6,6,10,5,7,2,2,4,5,5,2,2,6,6,8,2,10,9,4,4,9,2,5,3,5,10,7,9,11,8,0,0,0,9,2,6,4,7,6,8,5,5,9,6,9,7,3,6,3,8,7,9,3,2,11,7,5,8,0,2,2,10,2,8,9,6,9,9,10,6,2,2,3,2,3,8,8,10,8,11,0,2,11,2,2,8,8,6,11,7,11,6,6,7,11,11,4,0,4,6,7,8,2,7,0,4,5,2,8,5,7,6,11,8,2,4,0,4,2,2,5,5,10,7,11,9,6,5
3,9,9,9,9,10,0,5,2,4,0,8,8,11,7,5,0,5,0,2,8,10,7,7,11,6,8,3,3,5,6,6,3,3,7,7,9,3,11,10,5,5,10,3,6,4,6,11,8,10,0,9,2,2,2,10,3,7,5,8,7,9,6,6,10,7,10,8,4,7,4,9,8,10,4,3,0,8,6,9,2,3,3,11,3,9,10,7,10,10,11,7,3,3,4,3,4,9,9,11,9,0,2,3,0,3,3,9,9,7,0,8,0,7,7,8,0,0,5,2,5,7,8,9,3,8,2,5,6,3,9,6,8,7,0,9,3,5,2,5,3,3,6,6,11,8,0,10,7,6
4,10,10,10,10,11,2,6,3,5,2,9,9,0,8,6,2,6,2,3,9,11,8,8,0,7,9,4,4,6,7,7,4,4,8,8,10,4,0,11,6,6,11,4,7,5,7,0,9,11,2,10,3,3,3,11,4,8,6,9,8,10,7,7,11,8,11,9,5,8,5,10,9,11,5,4,2,9,7,10,3,4,4,0,4,10,11,8,11,11,0,8,4,4,5,4,5,10,10,0,10,2,3,4,2,4,4,10,10,8,2,9,2,8,8,9,2,2,6,3,6,8,9,10,4,9,3,6,7,4,10,7,9,8,2,10,4,6,3,6,4,4,7,7,0,9,2,11,8,7
5,11,11,11,11,0,3,7,4,6,3,10,10,2,9,7,3,7,3,4,10,0,9,9,2,8,10,5,5,7,8,8,5,5,9,9,11,5,2,0,7,7,0,5,8,6,8,2,10,0,3,11,4,4,4,0,5,9,7,10,9,11,8,8,0,9,0,10,6,9,6,11,10,0,6,5,3,10,8,11,4,5,5,2,5,11,0,9,0,0,2,9,5,5,6,5,6,11,11,2,11,3,4,5,3,5,5,11,11,9,3,10,3,9,9,10,3,3,7,4,7,9,10,11,5,10,4,7,8,5,11,8,10,9,3,11,5,7,4,7,5,5,8,8,2,10,3,0,9,8
6,0,0,0,0,2,4,8,5,7,4,11,11,3,10,8,4,8,4,5,11,2,10,10,3,9,11,6,6,8,9,9,6,6,10,10,0,6,3,2,8,8,2,6,9,7,9,3,11,2,4,0,5,5,5,2,6,10,8,11,10,0,9,9,2,10,2,11,7,10,7,0,11,2,7,6,4,11,9,0,5,6,6,3,6,0,2,10,2,2,3,10,6,6,7,6,7,0,0,3,0,4,5,6,4,6,6,0,0,10,4,11,4,10,10,11,4,4,8,5,8,10,11,0,6,11,5,8,9,6,0,9,11,10,4,0,6,8,5,8,6,6,9,9,3,11,4,2,10,9
7,2,2,2,2,3,5,9,6,8,5,0,0,4,11,9,5,9,5,6,0,3,11,11,4,10,0,7,7,9,10,10,7,7,11,11,2,7,4,3,9,9,3,7,10,8,10,4,0,3,5,2,6,6,6,3,7,11,9,0,11,2,10,10,3,11,3,0,8,11,8,2,0,3,8,7,5,0,10,2,6,7,7,4,7,2,3,11,3,3,4,11,7,7,8,7,8,2,2,4,2,5,6,7,5,7,7,2,2,11,5,0,5,11,11,0,5,5,9,6,9,11,0,2,7,0,6,9,10,7,2,10,0,11,5,2,7,9,6,9,7,7,10,10,4,0,5,3,11,10
8,3,3,3,3,4,6,10,7,9,6,2,2,5,0,10,6,10,6,7,2,4,0,0,5,11,2,8,8,10,11,11,8,8,0,0,3,8,5,4,10,10,4,8,11,9,11,5,2,4,6,3,7,7,7,4,8,0,10,2,0,3,11,11,4,0,4,2,9,0,9,3,2,4,9,8,6,2,11,3,7,8,8,5,8,3,4,0,4,4,5,0,8,8,9,8,9,3,3,5,3,6,7,8,6,8,8,3,3,0,6,2,6,0,0,2,6,6,10,7,10,0,2,3,8,2,7,10,11,8,3,11,2,0,6,3,8,10,7,10,8,8,11,11,5,2,6,4,0,11
9,4,4,4,4,5,7,11,8,10,7,3,3,6,2,11,7,11,7,8,3,5,2,2,6,0,3,9,9,11,0,0,9,9,2,2,4,9,6,5,11,11,5,9,0,10,0,6,3,5,7,4,8,8,8,5,9,2,11,3,2,4,0,0,5,2,5,3,10,2,10,4,3,5,10,9,7,3,0,4,8,9,9,6,9,4,5,2,5,5,6,2,9,9,10,9,10,4,4,6,4,7,8,9,7,9,9,4,4,2,7,3,7,2,2,3,7,7,11,8,11,2,3,4,9,3,8,11,0,9,4,0,3,2,7,4,9,11,8,11,9,9,0,0,6,3,7,5,2,0
10,5,5,5,5,6,8,0,9,11,8,4,4,7,3,0,8,0,8,9,4,6,3,3,7,2,4,10,10,0,2,2,10,10,3,3,5,10,7,6,0,0,6,10,2,11,2,7,4,6,8,5,9,9,9,6,10,3,0,4,3,5,2,2,6,3,6,4,11,3,11,5,4,6,11,10,8,4,2,5,9,10,10,7,10,5,6,3,6,6,7,3,10,10,11,10,11,5,5,7,5,8,9,10,8,10,10,5,5,3,8,4,8,3,3,4,8,8,0,9,0,3,4,5,10,4,9,0,2,10,5,2,4,3,8,5,10,0,9,0,10,10,2,2,7,4,8,6,3,2
11,6,6,6,6,7,9,2,10,0,9,5,5,8,4,2,9,2,9,10,5,7,4,4,8,3,5,11,11,2,3,3,11,11,4,4,6,11,8,7,2,2,7,11,3,0,3,8,5,7,9,6,10,10,10,7,11,4,2,5,4,6,3,3,7,4,7,5,0,4,0,6,5,7,0,11,9,5,3,6,10,11,11,8,11,6,7,4,7,7,8,4,11,11,0,11,0,6,6,8,6,9,10,11,9,11,11,6,6,4,9,5,9,4,4,5,9,9,2,10,2,4,5,6,11,5,10,2,3,11,6,3,5,4,9,6,11,2,10,2,11,11,3,3,8,5,9,7,4,3
0,7,7,7,7,8,10,3,11,2,10,6,6,9,5,3,10,3,10,11,6,8,5,5,9,4,6,0,0,3,4,4,0,0,5,5,7,0,9,8,3,3,8,0,4,2,4,9,6,8,10,7,11,11,11,8,0,5,3,6,5,7,4,4,8,5,8,6,2,5,2,7,6,8,2,0,10,6,4,7,11,0,0,9,0,7,8,5,8,8,9,5,0,0,2,0,2,7,7,9,7,10,11,0,10,0,0,7,7,5,10,6,10,5,5,6,10,10,3,11,3,5,6,7,0,6,11,3,4,0,7,4,6,5,10,7,0,3,11,3,0,0,4,4,9,6,10,8,5,4
2,8,8,8,8,9,11,4,0,3,11,7,7,10,6,4,11,4,11,0,7,9,6,6,10,5,7,2,2,4,5,5,2,2,6,6,8,2,10,9,4,4,9,2,5,3,5,10,7,9,11,8,0,0,0,9,2,6,4,7,6,8,5,5,9,6,9,7,3,6,3,8,7,9,3,2,11,7,5,8,0,2,2,10,2,8,9,6,9,9,10,6,2,2,3,2,3,8,8,10,8,11,0,2,11,2,2,8,8,6,11,7,11,6,6,7,11,11,4,0,4,6,7,8,2,7,0,4,5,2,8,5,7,6,11,8,2,4,0,4,2,2,5,5,10,7,11,9,6,5
3,9,9,9,9,10,0,5,2,4,0,8,8,11,7,5,0,5,0,2,8,10,7,7,11,6,8,3,3,5,6,6,3,3,7,7,9,3,11,10,5,5,10,3,6,4,6,11,8,10,0,9,2,2,2,10,3,7,5,8,7,9,6,6,10,7,10,8,4,7,4,9,8,10,4,3,0,8,6,9,2,3,3,11,3,9,10,7,10,10,11,7,3,3,4,3,4,9,9,11,9,0,2,3,0,3,3,9,9,7,0,8,0,7,7,8,0,0,5,2,5,7,8,9,3,8,2,5,6,3,9,6,8,7,0,9,3,5,2,5,3,3,6,6,11,8,0,10,7,6
4,10,10,10,10,11,2,6,3,5,2,9,9,0,8,6,2,6,2,3,9,11,8,8,0,7,9,4,4,6,7,7,4,4,8,8,10,4,0,11,6,6,11,4,7,5,7,0,9,11,2,10,3,3,3,11,4,8,6,9,8,10,7,7,11,8,11,9,5,8,5,10,9,11,5,4,2,9,7,10,3,4,4,0,4,10,11,8,11,11,0,8,4,4,5,4,5,10,10,0,10,2,3,4,2,4,4,10,10,8,2,9,2,8,8,9,2,2,6,3,6,8,9,10,4,9,3,6,7,4,10,7,9,8,2,10,4,6,3,6,4,4,7,7,0,9,2,11,8,7
5,11,11,11,11,0,3,7,4,6,3,10,10,2,9,7,3,7,3,4,10,0,9,9,2,8,10,5,5,7,8,8,5,5,9,9,11,5,2,0,7,7,0,5,8,6,8,2,10,0,3,11,4,4,4,0,5,9,7,10,9,11,8,8,0,9,0,10,6,9,6,11,10,0,6,5,3,10,8,11,4,5,5,2,5,11,0,9,0,0,2,9,5,5,6,5,6,11,11,2,11,3,4,5,3,5,5,11,11,9,3,10,3,9,9,10,3,3,7,4,7,9,10,11,5,10,4,7,8,5,11,8,10,9,3,11,5,7,4,7,5,5,8,8,2,10,3,0,9,8
6,0,0,0,0,2,4,8,5,7,4,11,11,3,10,8,4,8,4,5,11,2,10,10,3,9,11,6,6,8,9,9,6,6,10,10,0,6,3,2,8,8,2,6,9,7,9,3,11,2,4,0,5,5,5,2,6,10,8,11,10,0,9,9,2,10,2,11,7,10,7,0,11,2,7,6,4,11,9,0,5,6,6,3,6,0,2,10,2,2,3,10,6,6,7,6,7,0,0,3,0,4,5,6,4,6,6,0,0,10,4,11,4,10,10,11,4,4,8,5,8,10,11,0,6,11,5,8,9,6,0,9,11,10,4,0,6,8,5,8,6,6,9,9,3,11,4,2,10,9
7,2,2,2,2,3,5,9,6,8,5,0,0,4,11,9,5,9,5,6,0,3,11,11,4,10,0,7,7,9,10,10,7,7,11,11,2,7,4,3,9,9,3,7,10,8,10,4,0,3,5,2,6,6,6,3,7,11,9,0,11,2,10,10,3,11,3,0,8,11,8,2,0,3,8,7,5,0,10,2,6,7,7,4,7,2,3,11,3,3,4,11,7,7,8,7,8,2,2,4,2,5,6,7,5,7,7,2,2,11,5,0,5,11,11,0,5,5,9,6,9,11,0,2,7,0,6,9,10,7,2,10,0,11,5,2,7,9,6,9,7,7,10,10,4,0,5,3,11,10
8,3,3,3,3,4,6,10,7,9,6,2,2,5,0,10,6,10,6,7,2,4,0,0,5,11,2,8,8,10,11,11,8,8,0,0,3,8,5,4,10,10,4,8,11,9,11,5,2,4,6,3,7,7,7,4,8,0,10,2,0,3,11,11,4,0,4,2,9,0,9,3,2,4,9,8,6,2,11,3,7,8,8,5,8,3,4,0,4,4,5,0,8,8,9,8,9,3,3,5,3,6,7,8,6,8,8,3,3,0,6,2,6,0,0,2,6,6,10,7,10,0,2,3,8,2,7,10,11,8,3,11,2,0,6,3,8,10,7,10,8,8,11,11,5,2,6,4,0,11
9,4,4,4,4,5,7,11,8,10,7,3,3,6,2,11,7,11,7,8,3,5,2,2,6,0,3,9,9,11,0,0,9,9,2,2,4,9,6,5,11,11,5,9,0,10,0,6,3,5,7,4,8,8,8,5,9,2,11,3,2,4,0,0,5,2,5,3,10,2,10,4,3,5,10,9,7,3,0,4,8,9,9,6,9,4,5,2,5,5,6,2,9,9,10,9,10,4,4,6,4,7,8,9,7,9,9,4,4,2,7,3,7,2,2,3,7,7,11,8,11,2,3,4,9,3,8,11,0,9,4,0,3,2,7,4,9,11,8,11,9,9,0,0,6,3,7,5,2,0
10,5,5,5,5,6,8,0,9,11,8,4,4,7,3,0,8,0,8,9,4,6,3,3,7,2,4,10,10,0,2,2,10,10,3,3,5,10,7,6,0,0,6,10,2,11,2,7,4,6,8,5,9,9,9,6,10,3,0,4,3,5,2,2,6,3,6,4,11,3,11,5,4,6,11,10,8,4,2,5,9,10,10,7,10,5,6,3,6,6,7,3,10,10,11,10,11,5,5,7,5,8,9,10,8,10,10,5,5,3,8,4,8,3,3,4,8,8,0,9,0,3,4,5,10,4,9,0,2,10,5,2,4,3,8,5,10,0,9,0,10,10,2,2,7,4,8,6,3,2
11,6,6,6,6,7,9,2,10,0,9,5,5,8,4,2,9,2,9,10,5,7,4,4,8,3,5,11,11,2,3,3,11,11,4,4,6,11,8,7,2,2,7,11,3,0,3,8,5,7,9,6,10,10,10,7,11,4,2,5,4,6,3,3,7,4,7,5,0,4,0,6,5,7,0,11,9,5,3,6,10,11,11,8,11,6,7,4,7,7,8,4,11,11,0,11,0,6,6,8,6,9,10,11,9,11,11,6,6,4,9,5,9,4,4,5,9,9,2,10,2,4,5,6,11,5,10,2,3,11,6,3,5,4,9,6,11,2,10,2,11,11,3,3,8,5,9,7,4,3
0,7,7,7,7,8,10,3,11,2,10,6,6,9,5,3,10,3,10,11,6,8,5,5,9,4,6,0,0,3,4,4,0,0,5,5,7,0,9,8,3,3,8,0,4,2,4,9,6,8,10,7,11,11,11,8,0,5,3,6,5,7,4,4,8,5,8,6,2,5,2,7,6,8,2,0,10,6,4,7,11,0,0,9,0,7,8,5,8,8,9,5,0,0,2,0,2,7,7,9,7,10,11,0,10,0,0,7,7,5,10,6,10,5,5,6,10,10,3,11,3,5,6,7,0,6,11,3,4,0,7,4,6,5,10,7,0,3,11,3,0,0,4,4,9,6,10,8,5,4
2,8,8,8,8,9,11,4,0,3,11,7,7,10,6,4,11,4,11,0,7,9,6,6,10,5,7,2,2,4,5,5,2,2,6,6,8,2,10,9,4,4,9,2,5,3,5,10,7,9,11,8,0,0,0,9,2,6,4,7,6,8,5,5,9,6,9,7,3,6,3,8,7,9,3,2,11,7,5,8,0,2,2,10,2,8,9,6,9,9,10,6,2,2,3,2,3,8,8,10,8,11,0,2,11,2,2,8,8,6,11,7,11,6,6,7,11,11,4,0,4,6,7,8,2,7,0,4,5,2,8,5,7,6,11,8,2,4,0,4,2,2,5,5,10,7,11,9,6,5
3,9,9,9,9,10,0,5,2,4,0,8,8,11,7,5,0,5,0,2,8,10,7,7,11,6,8,3,3,5,6,6,3,3,7,7,9,3,11,10,5,5,10,3,6,4,6,11,8,10,0,9,2,2,2,10,3,7,5,8,7,9,6,6,10,7,10,8,4,7,4,9,8,10,4,3,0,8,6,9,2,3,3,11,3,9,10,7,10,10,11,7,3,3,4,3,4,9,9,11,9,0,2,3,0,3,3,9,9,7,0,8,0,7,7,8,0,0,5,2,5,7,8,9,3,8,2,5,6,3,9,6,8,7,0,9,3,5,2,5,3,3,6,6,11,8,0,10,7,6
4,10,10,10,10,11,2,6,3,5,2,9,9,0,8,6,2,6,2,3,9,11,8,8,0,7,9,4,4,6,7,7,4,4,8,8,10,4,0,11,6,6,11,4,7,5,7,0,9,11,2,10,3,3,3,11,4,8,6,9,8,10,7,7,11,8,11,9,5,8,5,10,9,11,5,4,2,9,7,10,3,4,4,0,4,10,11,8,11,11,0,8,4,4,5,4,5,10,10,0,10,2,3,4,2,4,4,10,10,8,2,9,2,8,8,9,2,2,6,3,6,8,9,10,4,9,3,6,7,4,10,7,9,8,2,10,4,6,3,6,4,4,7,7,0,9,2,11,8,7
5,11,11,11,11,0,3,7,4,6,3,10,10,2,9,7,3,7,3,4,10,0,9,9,2,8,10,5,5,7,8,8,5,5,9,9,11,5,2,0,7,7,0,5,8,6,8,2,10,0,3,11,4,4,4,0,5,9,7,10,9,11,8,8,0,9,0,10,6,9,6,11,10,0,6,5,3,10,8,11,4,5,5,2,5,11,0,9,0,0,2,9,5,5,6,5,6,11,11,2,11,3,4,5,3,5,5,11,11,9,3,10,3,9,9,10,3,3,7,4,7,9,10,11,5,10,4,7,8,5,11,8,10,9,3,11,5,7,4,7,5,5,8,8,2,10,3,0,9,8
6,0,0,0,0,2,4,8,5,7,4,11,11,3,10,8,4,8,4,5,11,2,10,10,3,9,11,6,6,8,9,9,6,6,10,10,0,6,3,2,8,8,2,6,9,7,9,3,11,2,4,0,5,5,5,2,6,10,8,11,10,0,9,9,2,10,2,11,7,10,7,0,11,2,7,6,4,11,9,0,5,6,6,3,6,0,2,10,2,2,3,10,6,6,7,6,7,0,0,3,0,4,5,6,4,6,6,0,0,10,4,11,4,10,10,11,4,4,8,5,8,10,11,0,6,11,5,8,9,6,0,9,11,10,4,0,6,8,5,8,6,6,9,9,3,11,4,2,10,9
7,2,2,2,2,3,5,9,6,8,5,0,0,4,11,9,5,9,5,6,0,3,11,11,4,10,0,7,7,9,10,10,7,7,11,11,2,7,4,3,9,9,3,7,10,8,10,4,0,3,5,2,6,6,6,3,7,11,9,0,11,2,10,10,3,11,3,0,8,11,8,2,0,3,8,7,5,0,10,2,6,7,7,4,7,2,3,11,3,3,4,11,7,7,8,7,8,2,2,4,2,5,6,7,5,7,7,2,2,11,5,0,5,11,11,0,5,5,9,6,9,11,0,2,7,0,6,9,10,7,2,10,0,11,5,2,7,9,6,9,7,7,10,10,4,0,5,3,11,10
8,3,3,3,3,4,6,10,7,9,6,2,2,5,0,10,6,10,6,7,2,4,0,0,5,11,2,8,8,10,11,11,8,8,0,0,3,8,5,4,10,10,4,8,11,9,11,5,2,4,6,3,7,7,7,4,8,0,10,2,0,3,11,11,4,0,4,2,9,0,9,3,2,4,9,8,6,2,11,3,7,8,8,5,8,3,4,0,4,4,5,0,8,8,9,8,9,3,3,5,3,6,7,8,6,8,8,3,3,0,6,2,6,0,0,2,6,6,10,7,10,0,2,3,8,2,7,10,11,8,3,11,2,0,6,3,8,10,7,10,8,8,11,11,5,2,6,4,0,11
9,4,4,4,4,5,7,11,8,10,7,3,3,6,2,11,7,11,7,8,3,5,2,2,6,0,3,9,9,11,0,0,9,9,2,2,4,9,6,5,11,11,5,9,0,10,0,6,3,5,7,4,8,8,8,5,9,2,11,3,2,4,0,0,5,2,5,3,10,2,10,4,3,5,10,9,7,3,0,4,8,9,9,6,9,4,5,2,5,5,6,2,9,9,10,9,10,4,4,6,4,7,8,9,7,9,9,4,4,2,7,3,7,2,2,3,7,7,11,8,11,2,3,4,9,3,8,11,0,9,4,0,3,2,7,4,9,11,8,11,9,9,0,0,6,3,7,5,2,0
10,5,5,5,5,6,8,0,9,11,8,4,4,7,3,0,8,0,8,9,4,6,3,3,7,2,4,10,10,0,2,2,10,10,3,3,5,10,7,6,0,0,6,10,2,11,2,7,4,6,8,5,9,9,9,6,10,3,0,4,3,5,2,2,6,3,6,4,11,3,11,5,4,6,11,10,8,4,2,5,9,10,10,7,10,5,6,3,6,6,7,3,10,10,11,10,11,5,5,7,5,8,9,10,8,10,10,5,5,3,8,4,8,3,3,4,8,8,0,9,0,3,4,5,10,4,9,0,2,10,5,2,4,3,8,5,10,0,9,0,10,10,2,2,7,4,8,6,3,2
11,6,6,6,6,7,9,2,10,0,9,5,5,8,4,2,9,2,9,10,5,7,4,4,8,3,5,11,11,2,3,3,11,11,4,4,6,11,8,7,2,2,7,11,3,0,3,8,5,7,9,6,10,10,10,7,11,4,2,5,4,6,3,3,7,4,7,5,0,4,0,6,5,7,0,11,9,5,3,6,10,11,11,8,11,6,7,4,7,7,8,4,11,11,0,11,0,6,6,8,6,9,10,11,9,11,11,6,6,4,9,5,9,4,4,5,9,9,2,10,2,4,5,6,11,5,10,2,3,11,6,3,5,4,9,6,11,2,10,2,11,11,3,3,8,5,9,7,4,3
0,7,7,7,7,8,10,3,11,2,10,6,6,9,5,3,10,3,10,11,6,8,5,5,9,4,6,0,0,3,4,4,0,0,5,5,7,0,9,8,3,3,8,0,4,2,4,9,6,8,10,7,11,11,11,8,0,5,3,6,5,7,4,4,8,5,8,6,2,5,2,7,6,8,2,0,10,6,4,7,11,0,0,9,0,7,8,5,8,8,9,5,0,0,2,0,2,7,7,9,7,10,11,0,10,0,0,7,7,5,10,6,10,5,5,6,10,10,3,11,3,5,6,7,0,6,11,3,4,0,7,4,6,5,10,7,0,3,11,3,0,0,4,4,9,6,10,8,5,4
2,8,8,8,8,9,11,4,0,3,11,7,7,10,6,4,11,4,11,0,7,9,6,6,10,5,7,2,2,4,5,5,2,2,6,6,8,2,10,9,4,4,9,2,5,3,5,10,7,9,11,8,0,0,0,9,2,6,4,7,6,8,5,5,9,6,9,7,3,6,3,8,7,9,3,2,11,7,5,8,0,2,2,10,2,8,9,6,9,9,10,6,2,2,3,2,3,8,8,10,8,11,0,2,11,2,2,8,8,6,11,7,11,6,6,7,11,11,4,0,4,6,7,8,2,7,0,4,5,2,8,5,7,6,11,8,2,4,0,4,2,2,5,5,10,7,11,9,6,5
3,9,9,9,9,10,0,5,2,4,0,8,8,11,7,5,0,5,0,2,8,10,7,7,11,6,8,3,3,5,6,6,3,3,7,7,9,3,11,10,5,5,10,3,6,4,6,11,8,10,0,9,2,2,2,10,3,7,5,8,7,9,6,6,10,7,10,8,4,7,4,9,8,10,4,3,0,8,6,9,2,3,3,11,3,9,10,7,10,10,11,7,3,3,4,3,4,9,9,11,9,0,2,3,0,3,3,9,9,7,0,8,0,7,7,8,0,0,5,2,5,7,8,9,3,8,2,5,6,3,9,6,8,7,0,9,3,5,2,5,3,3,6,6,11,8,0,10,7,6
4,10,10,10,10,11,2,6,3,5,2,9,9,0,8,6,2,6,2,3,9,11,8,8,0,7,9,4,4,6,7,7,4,4,8,8,10,4,0,11,6,6,11,4,7,5,7,0,9,11,2,10,3,3,3,11,4,8,6,9,8,10,7,7,11,8,11,9,5,8,5,10,9,11,5,4,2,9,7,10,3,4,4,0,4,10,11,8,11,11,0,8,4,4,5,4,5,10,10,0,10,2,3,4,2,4,4,10,10,8,2,9,2,8,8,9,2,2,6,3,6,8,9,10,4,9,3,6,7,4,10,7,9,8,2,10,4,6,3,6,4,4,7,7,0,9,2,11,8,7
5,11,11,11,11,0,3,7,4,6,3,10,10,2,9,7,3,7,3,4,10,0,9,9,2,8,10,5,5,7,8,8,5,5,9,9,11,5,2,0,7,7,0,5,8,6,8,2,10,0,3,11,4,4,4,0,5,9,7,10,9,11,8,8,0,9,0,10,6,9,6,11,10,0,6,5,3,10,8,11,4,5,5,2,5,11,0,9,0,0,2,9,5,5,6,5,6,11,11,2,11,3,4,5,3,5,5,11,11,9,3,10,3,9,9,10,3,3,7,4,7,9,10,11,5,10,4,7,8,5,11,8,10,9,3,11,5,7,4,7,5,5,8,8,2,10,3,0,9,8
6,0,0,0,0,2,4,8,5,7,4,11,11,3,10,8,4,8,4,5,11,2,10,10,3,9,11,6,6,8,9,9,6,6,10,10,0,6,3,2,8,8,2,6,9,7,9,3,11,2,4,0,5,5,5,2,6,10,8,11,10,0,9,9,2,10,2,11,7,10,7,0,11,2,7,6,4,11,9,0,5,6,6,3,6,0,2,10,2,2,3,10,6,6,7,6,7,0,0,3,0,4,5,6,4,6,6,0,0,10,4,11,4,10,10,11,4,4,8,5,8,10,11,0,6,11,5,8,9,6,0,9,11,10,4,0,6,8,5,8,6,6,9,9,3,11,4,2,10,9
7,2,2,2,2,3,5,9,6,8,5,0,0,4,11,9,5,9,5,6,0,3,11,11,4,10,0,7,7,9,10,10,7,7,11,11,2,7,4,3,9,9,3,7,10,8,10,4,0,3,5,2,6,6,6,3,7,11,9,0,11,2,10,10,3,11,3,0,8,11,8,2,0,3,8,7,5,0,10,2,6,7,7,4,7,2,3,11,3,3,4,11,7,7,8,7,8,2,2,4,2,5,6,7,5,7,7,2,2,11,5,0,5,11,11,0,5,5,9,6,9,11,0,2,7,0,6,9,10,7,2,10,0,11,5,2,7,9,6,9,7,7,10,10,4,0,5,3,11,10
8,3,3,3,3,4,6,10,7,9,6,2,2,5,0,10,6,10,6,7,2,4,0,0,5,11,2,8,8,10,11,11,8,8,0,0,3,8,5,4,10,10,4,8,11,9,11,5,2,4,6,3,7,7,7,4,8,0,10,2,0,3,11,11,4,0,4,2,9,0,9,3,2,4,9,8,6,2,11,3,7,8,8,5,8,3,4,0,4,4,5,0,8,8,9,8,9,3,3,5,3,6,7,8,6,8,8,3,3,0,6,2,6,0,0,2,6,6,10,7,10,0,2,3,8,2,7,10,11,8,3,11,2,0,6,3,8,10,7,10,8,8,11,11,5,2,6,4,0,11
9,4,4,4,4,5,7,11,8,10,7,3,3,6,2,11,7,11,7,8,3,5,2,2,6,0,3,9,9,11,0,0,9,9,2,2,4,9,6,5,11,11,5,9,0,10,0,6,3,5,7,4,8,8,8,5,9,2,11,3,2,4,0,0,5,2,5,3,10,2,10,4,3,5,10,9,7,3,0,4,8,9,9,6,9,4,5,2,5,5,6,2,9,9,10,9,10,4,4,6,4,7,8,9,7,9,9,4,4,2,7,3,7,2,2,3,7,7,11,8,11,2,3,4,9,3,8,11,0,9,4,0,3,2,7,4,9,11,8,11,9,9,0,0,6,3,7,5,2,0
10,5,5,5,5,6,8,0,9,11,8,4,4,7,3,0,8,0,8,9,4,6,3,3,7,2,4,10,10,0,2,2,10,10,3,3,5,10,7,6,0,0,6,10,2,11,2,7,4,6,8,5,9,9,9,6,10,3,0,4,3,5,2,2,6,3,6,4,11,3,11,5,4,6,11,10,8,4,2,5,9,10,10,7,10,5,6,3,6,6,7,3,10,10,11,10,11,5,5,7,5,8,9,10,8,10,10,5,5,3,8,4,8,3,3,4,8,8,0,9,0,3,4,5,10,4,9,0,2,10,5,2,4,3,8,5,10,0,9,0,10,10,2,2,7,4,8,6,3,2
11,6,6,6,6,7,9,2,10,0,9,5,5,8,4,2,9,2,9,10,5,7,4,4,8,3,5,11,11,2,3,3,11,11,4,4,6,11,8,7,2,2,7,11,3,0,3,8,5,7,9,6,10,10,10,7,11,4,2,5,4,6,3,3,7,4,7,5,0,4,0,6,5,7,0,11,9,5,3,6,10,11,11,8,11,6,7,4,7,7,8,4,11,11,0,11,0,6,6,8,6,9,10,11,9,11,11,6,6,4,9,5,9,4,4,5,9,9,2,10,2,4,5,6,11,5,10,2,3,11,6,3,5,4,9,6,11,2,10,2,11,11,3,3,8,5,9,7,4,3
0,7,7,7,7,8,10,3,11,2,10,6,6,9,5,3,10,3,10,11,6,8,5,5,9,4,6,0,0,3,4,4,0,0,5,5,7,0,9,8,3,3,8,0,4,2,4,9,6,8,10,7,11,11,11,8,0,5,3,6,5,7,4,4,8,5,8,6,2,5,2,7,6,8,2,0,10,6,4,7,11,0,0,9,0,7,8,5,8,8,9,5,0,0,2,0,2,7,7,9,7,10,11,0,10,0,0,7,7,5,10,6,10,5,5,6,10,10,3,11,3,5,6,7,0,6,11,3,4,0,7,4,6,5,10,7,0,3,11,3,0,0,4,4,9,6,10,8,5,4
2,8,8,8,8,9,11,4,0,3,11,7,7,10,6,4,11,4,11,0,7,9,6,6,10,5,7,2,2,4,5,5,2,2,6,6,8,2,10,9,4,4,9,2,5,3,5,10,7,9,11,8,0,0,0,9,2,6,4,7,6,8,5,5,9,6,9,7,3,6,3,8,7,9,3,2,11,7,5,8,0,2,2,10,2,8,9,6,9,9,10,6,2,2,3,2,3,8,8,10,8,11,0,2,11,2,2,8,8,6,11,7,11,6,6,7,11,11,4,0,4,6,7,8,2,7,0,4,5,2,8,5,7,6,11,8,2,4,0,4,2,2,5,5,10,7,11,9,6,5
3,9,9,9,9,10,0,5,2,4,0,8,8,11,7,5,0,5,0,2,8,10,7,7,11,6,8,3,3,5,6,6,3,3,7,7,9,3,11,10,5,5,10,3,6,4,6,11,8,10,0,9,2,2,2,10,3,7,5,8,7,9,6,6,10,7,10,8,4,7,4,9,8,10,4,3,0,8,6,9,2,3,3,11,3,9,10,7,10,10,11,7,3,3,4,3,4,9,9,11,9,0,2,3,0,3,3,9,9,7,0,8,0,7,7,8,0,0,5,2,5,7,8,9,3,8,2,5,6,3,9,6,8,7,0,9,3,5,2,5,3,3,6,6,11,8,0,10,7,6
4,10,10,10,10,11,2,6,3,5,2,9,9,0,8,6,2,6,2,3,9,11,8,8,0,7,9,4,4,6,7,7,4,4,8,8,10,4,0,11,6,6,11,4,7,5,7,0,9,11,2,10,3,3,3,11,4,8,6,9,8,10,7,7,11,8,11,9,5,8,5,10,9,11,5,4,2,9,7,10,3,4,4,0,4,10,11,8,11,11,0,8,4,4,5,4,5,10,10,0,10,2,3,4,2,4,4,10,10,8,2,9,2,8,8,9,2,2,6,3,6,8,9,10,4,9,3,6,7,4,10,7,9,8,2,10,4,6,3,6,4,4,7,7,0,9,2,11,8,7
5,11,11,11,11,0,3,7,4,6,3,10,10,2,9,7,3,7,3,4,10,0,9,9,2,8,10,5,5,7,8,8,5,5,9,9,11,5,2,0,7,7,0,5,8,6,8,2,10,0,3,11,4,4,4,0,5,9,7,10,9,11,8,8,0,9,0,10,6,9,6,11,10,0,6,5,3,10,8,11,4,5,5,2,5,11,0,9,0,0,2,9,5,5,6,5,6,11,11,2,11,3,4,5,3,5,5,11,11,9,3,10,3,9,9,10,3,3,7,4,7,9,10,11,5,10,4,7,8,5,11,8,10,9,3,11,5,7,4,7,5,5,8,8,2,10,3,0,9,8
6,0,0,0,0,2,4,8,5,7,4,11,11,3,10,8,4,8,4,5,11,2,10,10,3,9,11,6,6,8,9,9,6,6,10,10,0,6,3,2,8,8,2,6,9,7,9,3,11,2,4,0,5,5,5,2,6,10,8,11,10,0,9,9,2,10,2,11,7,10,7,0,11,2,7,6,4,11,9,0,5,6,6,3,6,0,2,10,2,2,3,10,6,6,7,6,7,0,0,3,0,4,5,6,4,6,6,0,0,10,4,11,4,10,10,11,4,4,8,5,8,10,11,0,6,11,5,8,9,6,0,9,11,10,4,0,6,8,5,8,6,6,9,9,3,11,4,2,10,9
7,2,2,2,2,3,5,9,6,8,5,0,0,4,11,9,5,9,5,6,0,3,11,11,4,10,0,7,7,9,10,10,7,7,11,11,2,7,4,3,9,9,3,7,10,8,10,4,0,3,5,2,6,6,6,3,7,11,9,0,11,2,10,10,3,11,3,0,8,11,8,2,0,3,8,7,5,0,10,2,6,7,7,4,7,2,3,11,3,3,4,11,7,7,8,7,8,2,2,4,2,5,6,7,5,7,7,2,2,11,5,0,5,11,11,0,5,5,9,6,9,11,0,2,7,0,6,9,10,7,2,10,0,11,5,2,7,9,6,9,7,7,10,10,4,0,5,3,11,10
8,3,3,3,3,4,6,10,7,9,6,2,2,5,0,10,6,10,6,7,2,4,0,0,5,11,2,8,8,10,11,11,8,8,0,0,3,8,5,4,10,10,4,8,11,9,11,5,2,4,6,3,7,7,7,4,8,0,10,2,0,3,11,11,4,0,4,2,9,0,9,3,2,4,9,8,6,2,11,3,7,8,8,5,8,3,4,0,4,4,5,0,8,8,9,8,9,3,3,5,3,6,7,8,6,8,8,3,3,0,6,2,6,0,0,2,6,6,10,7,10,0,2,3,8,2,7,10,11,8,3,11,2,0,6,3,8,10,7,10,8,8,11,11,5,2,6,4,0,11
9,4,4,4,4,5,7,11,8,10,7,3,3,6,2,11,7,11,7,8,3,5,2,2,6,0,3,9,9,11,0,0,9,9,2,2,4,9,6,5,11,11,5,9,0,10,0,6,3,5,7,4,8,8,8,5,9,2,11,3,2,4,0,0,5,2,5,3,10,2,10,4,3,5,10,9,7,3,0,4,8,9,9,6,9,4,5,2,5,5,6,2,9,9,10,9,10,4,4,6,4,7,8,9,7,9,9,4,4,2,7,3,7,2,2,3,7,7,11,8,11,2,3,4,9,3,8,11,0,9,4,0,3,2,7,4,9,11,8,11,9,9,0,0,6,3,7,5,2,0
10,5,5,5,5,6,8,0,9,11,8,4,4,7,3,0,8,0,8,9,4,6,3,3,7,2,4,10,10,0,2,2,10,10,3,3,5,10,7,6,0,0,6,10,2,11,2,7,4,6,8,5,9,9,9,6,10,3,0,4,3,5,2,2,6,3,6,4,11,3,11,5,4,6,11,10,8,4,2,5,9,10,10,7,10,5,6,3,6,6,7,3,10,10,11,10,11,5,5,7,5,8,9,10,8,10,10,5,5,3,8,4,8,3,3,4,8,8,0,9,0,3,4,5,10,4,9,0,2,10,5,2,4,3,8,5,10,0,9,0,10,10,2,2,7,4,8,6,3,2
11,6,6,6,6,7,9,2,10,0,9,5,5,8,4,2,9,2,9,10,5,7,4,4,8,3,5,11,11,2,3,3,11,11,4,4,6,11,8,7,2,2,7,11,3,0,3,8,5,7,9,6,10,10,10,7,11,4,2,5,4,6,3,3,7,4,7,5,0,4,0,6,5,7,0,11,9,5,3,6,10,11,11,8,11,6,7,4,7,7,8,4,11,11,0,11,0,6,6,8,6,9,10,11,9,11,11,6,6,4,9,5,9,4,4,5,9,9,2,10,2,4,5,6,11,5,10,2,3,11,6,3,5,4,9,6,11,2,10,2,11,11,3,3,8,5,9,7,4,3
0,7,7,7,7,8,10,3,11,2,10,6,6,9,5,3,10,3,10,11,6,8,5,5,9,4,6,0,0,3,4,4,0,0,5,5,7,0,9,8,3,3,8,0,4,2,4,9,6,8,10,7,11,11,11,8,0,5,3,6,5,7,4,4,8,5,8,6,2,5,2,7,6,8,2,0,10,6,4,7,11,0,0,9,0,7,8,5,8,8,9,5,0,0,2,0,2,7,7,9,7,10,11,0,10,0,0,7,7,5,10,6,10,5,5,6,10,10,3,11,3,5,6,7,0,6,11,3,4,0,7,4,6,5,10,7,0,3,11,3,0,0,4,4,9,6,10,8,5,4
2,8,8,8,8,9,11,4,0,3,11,7,7,10,6,4,11,4,11,0,7,9,6,6,10,5,7,2,2,4,5,5,2,2,6,6,8,2,10,9,4,4,9,2,5,3,5,10,7,9,11,8,0,0,0,9,2,6,4,7,6,8,5,5,9,6,9,7,3,6,3,8,7,9,3,2,11,7,5,8,0,2,2,10,2,8,9,6,9,9,10,6,2,2,3,2,3,8,8,10,8,11,0,2,11,2,2,8,8,6,11,7,11,6,6,7,11,11,4,0,4,6,7,8,2,7,0,4,5,2,8,5,7,6,11,8,2,4,0,4,2,2,5,5,10,7,11,9,6,5
3,9,9,9,9,10,0,5,2,4,0,8,8,11,7,5,0,5,0,2,8,10,7,7,11,6,8,3,3,5,6,6,3,3,7,7,9,3,11,10,5,5,10,3,6,4,6,11,8,10,0,9,2,2,2,10,3,7,5,8,7,9,6,6,10,7,10,8,4,7,4,9,8,10,4,3,0,8,6,9,2,3,3,11,3,9,10,7,10,10,11,7,3,3,4,3,4,9,9,11,9,0,2,3,0,3,3,9,9,7,0,8,0,7,7,8,0,0,5,2,5,7,8,9,3,8,2,5,6,3,9,6,8,7,0,9,3,5,2,5,3,3,6,6,11,8,0,10,7,6
4,10,10,10,10,11,2,6,3,5,2,9,9,0,8,6,2,6,2,3,9,11,8,8,0,7,9,4,4,6,7,7,4,4,8,8,10,4,0,11,6,6,11,4,7,5,7,0,9,11,2,10,3,3,3,11,4,8,6,9,8,10,7,7,11,8,11,9,5,8,5,10,9,11,5,4,2,9,7,10,3,4,4,0,4,10,11,8,11,11,0,8,4,4,5,4,5,10,10,0,10,2,3,4,2,4,4,10,10,8,2,9,2,8,8,9,2,2,6,3,6,8,9,10,4,9,3,6,7,4,10,7,9,8,2,10,4,6,3,6,4,4,7,7,0,9,2,11,8,7
5,11,11,11,11,0,3,7,4,6,3,10,10,2,9,7,3,7,3,4,10,0,9,9,2,8,10,5,5,7,8,8,5,5,9,9,11,5,2,0,7,7,0,5,8,6,8,2,10,0,3,11,4,4,4,0,5,9,7,10,9,11,8,8,0,9,0,10,6,9,6,11,10,0,6,5,3,10,8,11,4,5,5,2,5,11,0,9,0,0,2,9,5,5,6,5,6,11,11,2,11,3,4,5,3,5,5,11,11,9,3,10,3,9,9,10,3,3,7,4,7,9,10,11,5,10,4,7,8,5,11,8,10,9,3,11,5,7,4,7,5,5,8,8,2,10,3,0,9,8
6,0,0,0,0,2,4,8,5,7,4,11,11,3,10,8,4,8,4,5,11,2,10,10,3,9,11,6,6,8,9,9,6,6,10,10,0,6,3,2,8,8,2,6,9,7,9,3,11,2,4,0,5,5,5,2,6,10,8,11,10,0,9,9,2,10,2,11,7,10,7,0,11,2,7,6,4,11,9,0,5,6,6,3,6,0,2,10,2,2,3,10,6,6,7,6,7,0,0,3,0,4,5,6,4,6,6,0,0,10,4,11,4,10,10,11,4,4,8,5,8,10,11,0,6,11,5,8,9,6,0,9,11,10,4,0,6,8,5,8,6,6,9,9,3,11,4,2,10,9
7,2,2,2,2,3,5,9,6,8,5,0,0,4,11,9,5,9,5,6,0,3,11,11,4,10,0,7,7,9,10,10,7,7,11,11,2,7,4,3,9,9,3,7,10,8,10,4,0,3,5,2,6,6,6,3,7,11,9,0,11,2,10,10,3,11,3,0,8,11,8,2,0,3,8,7,5,0,10,2,6,7,7,4,7,2,3,11,3,3,4,11,7,7,8,7,8,2,2,4,2,5,6,7,5,7,7,2,2,11,5,0,5,11,11,0,5,5,9,6,9,11,0,2,7,0,6,9,10,7,2,10,0,11,5,2,7,9,6,9,7,7,10,10,4,0,5,3,11,10
8,3,3,3,3,4,6,10,7,9,6,2,2,5,0,10,6,10,6,7,2,4,0,0,5,11,2,8,8,10,11,11,8,8,0,0,3,8,5,4,10,10,4,8,11,9,11,5,2,4,6,3,7,7,7,4,8,0,10,2,0,3,11,11,4,0,4,2,9,0,9,3,2,4,9,8,6,2,11,3,7,8,8,5,8,3,4,0,4,4,5,0,8,8,9,8,9,3,3,5,3,6,7,8,6,8,8,3,3,0,6,2,6,0,0,2,6,6,10,7,10,0,2,3,8,2,7,10,11,8,3,11,2,0,6,3,8,10,7,10,8,8,11,11,5,2,6,4,0,11
9,4,4,4,4,5,7,11,8,10,7,3,3,6,2,11,7,11,7,8,3,5,2,2,6,0,3,9,9,11,0,0,9,9,2,2,4,9,6,5,11,11,5,9,0,10,0,6,3,5,7,4,8,8,8,5,9,2,11,3,2,4,0,0,5,2,5,3,10,2,10,4,3,5,10,9,7,3,0,4,8,9,9,6,9,4,5,2,5,5,6,2,9,9,10,9,10,4,4,6,4,7,8,9,7,9,9,4,4,2,7,3,7,2,2,3,7,7,11,8,11,2,3,4,9,3,8,11,0,9,4,0,3,2,7,4,9,11,8,11,9,9,0,0,6,3,7,5,2,0
10,5,5,5,5,6,8,0,9,11,8,4,4,7,3,0,8,0,8,9,4,6,3,3,7,2,4,10,10,0,2,2,10,10,3,3,5,10,7,6,0,0,6,10,2,11,2,7,4,6,8,5,9,9,9,6,10,3,0,4,3,5,2,2,6,3,6,4,11,3,11,5,4,6,11,10,8,4,2,5,9,10,10,7,10,5,6,3,6,6,7,3,10,10,11,10,11,5,5,7,5,8,9,10,8,10,10,5,5,3,8,4,8,3,3,4,8,8,0,9,0,3,4,5,10,4,9,0,2,10,5,2,4,3,8,5,10,0,9,0,10,10,2,2,7,4,8,6,3,2
11,6,6,6,6,7,9,2,10,0,9,5,5,8,4,2,9,2,9,10,5,7,4,4,8,3,5,11,11,2,3,3,11,11,4,4,6,11,8,7,2,2,7,11,3,0,3,8,5,7,9,6,10,10,10,7,11,4,2,5,4,6,3,3,7,4,7,5,0,4,0,6,5,7,0,11,9,5,3,6,10,11,11,8,11,6,7,4,7,7,8,4,11,11,0,11,0,6,6,8,6,9,10,11,9,11,11,6,6,4,9,5,9,4,4,5,9,9,2,10,2,4,5,6,11,5,10,2,3,11,6,3,5,4,9,6,11,2,10,2,11,11,3,3,8,5,9,7,4,3
0,7,7,7,7,8,10,3,11,2,10,6,6,9,5,3,10,3,10,11,6,8,5,5,9,4,6,0,0,3,4,4,0,0,5,5,7,0,9,8,3,3,8,0,4,2,4,9,6,8,10,7,11,11,11,8,0,5,3,6,5,7,4,4,8,5,8,6,2,5,2,7,6,8,2,0,10,6,4,7,11,0,0,9,0,7,8,5,8,8,9,5,0,0,2,0,2,7,7,9,7,10,11,0,10,0,0,7,7,5,10,6,10,5,5,6,10,10,3,11,3,5,6,7,0,6,11,3,4,0,7,4,6,5,10,7,0,3,11,3,0,0,4,4,9,6,10,8,5,4
2,8,8,8,8,9,11,4,0,3,11,7,7,10,6,4,11,4,11,0,7,9,6,6,10,5,7,2,2,4,5,5,2,2,6,6,8,2,10,9,4,4,9,2,5,3,5,10,7,9,11,8,0,0,0,9,2,6,4,7,6,8,5,5,9,6,9,7,3,6,3,8,7,9,3,2,11,7,5,8,0,2,2,10,2,8,9,6,9,9,10,6,2,2,3,2,3,8,8,10,8,11,0,2,11,2,2,8,8,6,11,7,11,6,6,7,11,11,4,0,4,6,7,8,2,7,0,4,5,2,8,5,7,6,11,8,2,4,0,4,2,2,5,5,10,7,11,9,6,5
3,9,9,9,9,10,0,5,2,4,0,8,8,11,7,5,0,5,0,2,8,10,7,7,11,6,8,3,3,5,6,6,3,3,7,7,9,3,11,10,5,5,10,3,6,4,6,11,8,10,0,9,2,2,2,10,3,7,5,8,7,9,6,6,10,7,10,8,4,7,4,9,8,10,4,3,0,8,6,9,2,3,3,11,3,9,10,7,10,10,11,7,3,3,4,3,4,9,9,11,9,0,2,3,0,3,3,9,9,7,0,8,0,7,7,8,0,0,5,2,5,7,8,9,3,8,2,5,6,3,9,6,8,7,0,9,3,5,2,5,3,3,6,6,11,8,0,10,7,6
4,10,10,10,10,11,2,6,3,5,2,9,9,0,8,6,2,6,2,3,9,11,8,8,0,7,9,4,4,6,7,7,4,4,8,8,10,4,0,11,6,6,11,4,7,5,7,0,9,11,2,10,3,3,3,11,4,8,6,9,8,10,7,7,11,8,11,9,5,8,5,10,9,11,5,4,2,9,7,10,3,4,4,0,4,10,11,8,11,11,0,8,4,4,5,4,5,10,10,0,10,2,3,4,2,4,4,10,10,8,2,9,2,8,8,9,2,2,6,3,6,8,9,10,4,9,3,6,7,4,10,7,9,8,2,10,4,6,3,6,4,4,7,7,0,9,2,11,8,7
5,11,11,11,11,0,3,7,4,6,3,10,10,2,9,7,3,7,3,4,10,0,9,9,2,8,10,5,5,7,8,8,5,5,9,9,11,5,2,0,7,7,0,5,8,6,8,2,10,0,3,11,4,4,4,0,5,9,7,10,9,11,8,8,0,9,0,10,6,9,6,11,10,0,6,5,3,10,8,11,4,5,5,2,5,11,0,9,0,0,2,9,5,5,6,5,6,11,11,2,11,3,4,5,3,5,5,11,11,9,3,10,3,9,9,10,3,3,7,4,7,9,10,11,5,10,4,7,8,5,11,8,10,9,3,11,5,7,4,7,5,5,8,8,2,10,3,0,9,8
6,0,0,0,0,2,4,8,5,7,4,11,11,3,10,8,4,8,4,5,11,2,10,10,3,9,11,6,6,8,9,9,6,6,10,10,0,6,3,2,8,8,2,6,9,7,9,3,11,2,4,0,5,5,5,2,6,10,8,11,10,0,9,9,2,10,2,11,7,10,7,0,11,2,7,6,4,11,9,0,5,6,6,3,6,0,2,10,2,2,3,10,6,6,7,6,7,0,0,3,0,4,5,6,4,6,6,0,0,10,4,11,4,10,10,11,4,4,8,5,8,10,11,0,6,11,5,8,9,6,0,9,11,10,4,0,6,8,5,8,6,6,9,9,3,11,4,2,10,9
7,2,2,2,2,3,5,9,6,8,5,0,0,4,11,9,5,9,5,6,0,3,11,11,4,10,0,7,7,9,10,10,7,7,11,11,2,7,4,3,9,9,3,7,10,8,10,4,0,3,5,2,6,6,6,3,7,11,9,0,11,2,10,10,3,11,3,0,8,11,8,2,0,3,8,7,5,0,10,2,6,7,7,4,7,2,3,11,3,3,4,11,7,7,8,7,8,2,2,4,2,5,6,7,5,7,7,2,2,11,5,0,5,11,11,0,5,5,9,6,9,11,0,2,7,0,6,9,10,7,2,10,0,11,5,2,7,9,6,9,7,7,10,10,4,0,5,3,11,10
8,3,3,3,3,4,6,10,7,9,6,2,2,5,0,10,6,10,6,7,2,4,0,0,5,11,2,8,8,10,11,11,8,8,0,0,3,8,5,4,10,10,4,8,11,9,11,5,2,4,6,3,7,7,7,4,8,0,10,2,0,3,11,11,4,0,4,2,9,0,9,3,2,4,9,8,6,2,11,3,7,8,8,5,8,3,4,0,4,4,5,0,8,8,9,8,9,3,3,5,3,6,7,8,6,8,8,3,3,0,6,2,6,0,0,2,6,6,10,7,10,0,2,3,8,2,7,10,11,8,3,11,2,0,6,3,8,10,7,10,8,8,11,11,5,2,6,4,0,11
9,4,4,4,4,5,7,11,8,10,7,3,3,6,2,11,7,11,7,8,3,5,2,2,6,0,3,9,9,11,0,0,9,9,2,2,4,9,6,5,11,11,5,9,0,10,0,6,3,5,7,4,8,8,8,5,9,2,11,3,2,4,0,0,5,2,5,3,10,2,10,4,3,5,10,9,7,3,0,4,8,9,9,6,9,4,5,2,5,5,6,2,9,9,10,9,10,4,4,6,4,7,8,9,7,9,9,4,4,2,7,3,7,2,2,3,7,7,11,8,11,2,3,4,9,3,8,11,0,9,4,0,3,2,7,4,9,11,8,11,9,9,0,0,6,3,7,5,2,0
10,5,5,5,5,6,8,0,9,11,8,4,4,7,3,0,8,0,8,9,4,6,3,3,7,2,4,10,10,0,2,2,10,10,3,3,5,10,7,6,0,0,6,10,2,11,2,7,4,6,8,5,9,9,9,6,10,3,0,4,3,5,2,2,6,3,6,4,11,3,11,5,4,6,11,10,8,4,2,5,9,10,10,7,10,5,6,3,6,6,7,3,10,10,11,10,11,5,5,7,5,8,9,10,8,10,10,5,5,3,8,4,8,3,3,4,8,8,0,9,0,3,4,5,10,4,9,0,2,10,5,2,4,3,8,5,10,0,9,0,10,10,2,2,7,4,8,6,3,2
11,6,6,6,6,7,9,2,10,0,9,5,5,8,4,2,9,2,9,10,5,7,4,4,8,3,5,11,11,2,3,3,11,11,4,4,6,11,8,7,2,2,7,11,3,0,3,8,5,7,9,6,10,10,10,7,11,4,2,5,4,6,3,3,7,4,7,5,0,4,0,6,5,7,0,11,9,5,3,6,10,11,11,8,11,6,7,4,7,7,8,4,11,11,0,11,0,6,6,8,6,9,10,11,9,11,11,6,6,4,9,5,9,4,4,5,9,9,2,10,2,4,5,6,11,5,10,2,3,11,6,3,5,4,9,6,11,2,10,2,11,11,3,3,8,5,9,7,4,3
0,7,7,7,7,8,10,3,11,2,10,6,6,9,5,3,10,3,10,11,6,8,5,5,9,4,6,0,0,3,4,4,0,0,5,5,7,0,9,8,3,3,8,0,4,2,4,9,6,8,10,7,11,11,11,8,0,5,3,6,5,7,4,4,8,5,8,6,2,5,2,7,6,8,2,0,10,6,4,7,11,0,0,9,0,7,8,5,8,8,9,5,0,0,2,0,2,7,7,9,7,10,11,0,10,0,0,7,7,5,10,6,10,5,5,6,10,10,3,11,3,5,6,7,0,6,11,3,4,0,7,4,6,5,10,7,0,3,11,3,0,0,4,4,9,6,10,8,5,4
2,8,8,8,8,9,11,4,0,3,11,7,7,10,6,4,11,4,11,0,7,9,6,6,10,5,7,2,2,4,5,5,2,2,6,6,8,2,10,9,4,4,9,2,5,3,5,10,7,9,11,8,0,0,0,9,2,6,4,7,6,8,5,5,9,6,9,7,3,6,3,8,7,9,3,2,11,7,5,8,0,2,2,10,2,8,9,6,9,9,10,6,2,2,3,2,3,8,8,10,8,11,0,2,11,2,2,8,8,6,11,7,11,6,6,7,11,11,4,0,4,6,7,8,2,7,0,4,5,2,8,5,7,6,11,8,2,4,0,4,2,2,5,5,10,7,11,9,6,5
3,9,9,9,9,10,0,5,2,4,0,8,8,11,7,5,0,5,0,2,8,10,7,7,11,6,8,3,3,5,6,6,3,3,7,7,9,3,11,10,5,5,10,3,6,4,6,11,8,10,0,9,2,2,2,10,3,7,5,8,7,9,6,6,10,7,10,8,4,7,4,9,8,10,4,3,0,8,6,9,2,3,3,11,3,9,10,7,10,10,11,7,3,3,4,3,4,9,9,11,9,0,2,3,0,3,3,9,9,7,0,8,0,7,7,8,0,0,5,2,5,7,8,9,3,8,2,5,6,3,9,6,8,7,0,9,3,5,2,5,3,3,6,6,11,8,0,10,7,6
4,10,10,10,10,11,2,6,3,5,2,9,9,0,8,6,2,6,2,3,9,11,8,8,0,7,9,4,4,6,7,7,4,4,8,8,10,4,0,11,6,6,11,4,7,5,7,0,9,11,2,10,3,3,3,11,4,8,6,9,8,10,7,7,11,8,11,9,5,8,5,10,9,11,5,4,2,9,7,10,3,4,4,0,4,10,11,8,11,11,0,8,4,4,5,4,5,10,10,0,10,2,3,4,2,4,4,10,10,8,2,9,2,8,8,9,2,2,6,3,6,8,9,10,4,9,3,6,7,4,10,7,9,8,2,10,4,6,3,6,4,4,7,7,0,9,2,11,8,7
5,11,11,11,11,0,3,7,4,6,3,10,10,2,9,7,3,7,3,4,10,0,9,9,2,8,10,5,5,7,8,8,5,5,9,9,11,5,2,0,7,7,0,5,8,6,8,2,10,0,3,11,4,4,4,0,5,9,7,10,9,11,8,8,0,9,0,10,6,9,6,11,10,0,6,5,3,10,8,11,4,5,5,2,5,11,0,9,0,0,2,9,5,5,6,5,6,11,11,2,11,3,4,5,3,5,5,11,11,9,3,10,3,9,9,10,3,3,7,4,7,9,10,11,5,10,4,7,8,5,11,8,10,9,3,11,5,7,4,7,5,5,8,8,2,10,3,0,9,8
6,0,0,0,0,2,4,8,5,7,4,11,11,3,10,8,4,8,4,5,11,2,10,10,3,9,11,6,6,8,9,9,6,6,10,10,0,6,3,2,8,8,2,6,9,7,9,3,11,2,4,0,5,5,5,2,6,10,8,11,10,0,9,9,2,10,2,11,7,10,7,0,11,2,7,6,4,11,9,0,5,6,6,3,6,0,2,10,2,2,3,10,6,6,7,6,7,0,0,3,0,4,5,6,4,6,6,0,0,10,4,11,4,10,10,11,4,4,8,5,8,10,11,0,6,11,5,8,9,6,0,9,11,10,4,0,6,8,5,8,6,6,9,9,3,11,4,2,10,9
7,2,2,2,2,3,5,9,6,8,5,0,0,4,11,9,5,9,5,6,0,3,11,11,4,10,0,7,7,9,10,10,7,7,11,11,2,7,4,3,9,9,3,7,10,8,10,4,0,3,5,2,6,6,6,3,7,11,9,0,11,2,10,10,3,11,3,0,8,11,8,2,0,3,8,7,5,0,10,2,6,7,7,4,7,2,3,11,3,3,4,11,7,7,8,7,8,2,2,4,2,5,6,7,5,7,7,2,2,11,5,0,5,11,11,0,5,5,9,6,9,11,0,2,7,0,6,9,10,7,2,10,0,11,5,2,7,9,6,9,7,7,10,10,4,0,5,3,11,10
8,3,3,3,3,4,6,10,7,9,6,2,2,5,0,10,6,10,6,7,2,4,0,0,5,11,2,8,8,10,11,11,8,8,0,0,3,8,5,4,10,10,4,8,11,9,11,5,2,4,6,3,7,7,7,4,8,0,10,2,0,3,11,11,4,0,4,2,9,0,9,3,2,4,9,8,6,2,11,3,7,8,8,5,8,3,4,0,4,4,5,0,8,8,9,8,9,3,3,5,3,6,7,8,6,8,8,3,3,0,6,2,6,0,0,2,6,6,10,7,10,0,2,3,8,2,7,10,11,8,3,11,2,0,6,3,8,10,7,10,8,8,11,11,5,2,6,4,0,11
9,4,4,4,4,5,7,11,8,10,7,3,3,6,2,11,7,11,7,8,3,5,2,2,6,0,3,9,9,11,0,0,9,9,2,2,4,9,6,5,11,11,5,9,0,10,0,6,3,5,7,4,8,8,8,5,9,2,11,3,2,4,0,0,5,2,5,3,10,2,10,4,3,5,10,9,7,3,0,4,8,9,9,6,9,4,5,2,5,5,6,2,9,9,10,9,10,4,4,6,4,7,8,9,7,9,9,4,4,2,7,3,7,2,2,3,7,7,11,8,11,2,3,4,9,3,8,11,0,9,4,0,3,2,7,4,9,11,8,11,9,9,0,0,6,3,7,5,2,0
10,5,5,5,5,6,8,0,9,11,8,4,4,7,3,0,8,0,8,9,4,6,3,3,7,2,4,10,10,0,2,2,10,10,3,3,5,10,7,6,0,0,6,10,2,11,2,7,4,6,8,5,9,9,9,6,10,3,0,4,3,5,2,2,6,3,6,4,11,3,11,5,4,6,11,10,8,4,2,5,9,10,10,7,10,5,6,3,6,6,7,3,10,10,11,10,11,5,5,7,5,8,9,10,8,10,10,5,5,3,8,4,8,3,3,4,8,8,0,9,0,3,4,5,10,4,9,0,2,10,5,2,4,3,8,5,10,0,9,0,10,10,2,2,7,4,8,6,3,2
11,6,6,6,6,7,9,2,10,0,9,5,5,8,4,2,9,2,9,10,5,7,4,4,8,3,5,11,11,2,3,3,11,11,4,4,6,11,8,7,2,2,7,11,3,0,3,8,5,7,9,6,10,10,10,7,11,4,2,5,4,6,3,3,7,4,7,5,0,4,0,6,5,7,0,11,9,5,3,6,10,11,11,8,11,6,7,4,7,7,8,4,11,11,0,11,0,6,6,8,6,9,10,11,9,11,11,6,6,4,9,5,9,4,4,5,9,9,2,10,2,4,5,6,11,5,10,2,3,11,6,3,5,4,9,6,11,2,10,2,11,11,3,3,8,5,9,7,4,3
0,7,7,7,7,8,10,3,11,2,10,6,6,9,5,3,10,3,10,11,6,8,5,5,9,4,6,0,0,3,4,4,0,0,5,5,7,0,9,8,3,3,8,0,4,2,4,9,6,8,10,7,11,11,11,8,0,5,3,6,5,7,4,4,8,5,8,6,2,5,2,7,6,8,2,0,10,6,4,7,11,0,0,9,0,7,8,5,8,8,9,5,0,0,2,0,2,7,7,9,7,10,11,0,10,0,0,7,7,5,10,6,10,5,5,6,10,10,3,11,3,5,6,7,0,6,11,3,4,0,7,4,6,5,10,7,0,3,11,3,0,0,4,4,9,6,10,8,5,4
2,8,8,8,8,9,11,4,0,3,11,7,7,10,6,4,11,4,11,0,7,9,6,6,10,5,7,2,2,4,5,5,2,2,6,6,8,2,10,9,4,4,9,2,5,3,5,10,7,9,11,8,0,0,0,9,2,6,4,7,6,8,5,5,9,6,9,7,3,6,3,8,7,9,3,2,11,7,5,8,0,2,2,10,2,8,9,6,9,9,10,6,2,2,3,2,3,8,8,10,8,11,0,2,11,2,2,8,8,6,11,7,11,6,6,7,11,11,4,0,4,6,7,8,2,7,0,4,5,2,8,5,7,6,11,8,2,4,0,4,2,2,5,5,10,7,11,9,6,5
3,9,9,9,9,10,0,5,2,4,0,8,8,11,7,5,0,5,0,2,8,10,7,7,11,6,8,3,3,5,6,6,3,3,7,7,9,3,11,10,5,5,10,3,6,4,6,11,8,10,0,9,2,2,2,10,3,7,5,8,7,9,6,6,10,7,10,8,4,7,4,9,8,10,4,3,0,8,6,9,2,3,3,11,3,9,10,7,10,10,11,7,3,3,4,3,4,9,9,11,9,0,2,3,0,3,3,9,9,7,0,8,0,7,7,8,0,0,5,2,5,7,8,9,3,8,2,5,6,3,9,6,8,7,0,9,3,5,2,5,3,3,6,6,11,8,0,10,7,6
4,10,10,10,10,11,2,6,3,5,2,9,9,0,8,6,2,6,2,3,9,11,8,8,0,7,9,4,4,6,7,7,4,4,8,8,10,4,0,11,6,6,11,4,7,5,7,0,9,11,2,10,3,3,3,11,4,8,6,9,8,10,7,7,11,8,11,9,5,8,5,10,9,11,5,4,2,9,7,10,3,4,4,0,4,10,11,8,11,11,0,8,4,4,5,4,5,10,10,0,10,2,3,4,2,4,4,10,10,8,2,9,2,8,8,9,2,2,6,3,6,8,9,10,4,9,3,6,7,4,10,7,9,8,2,10,4,6,3,6,4,4,7,7,0,9,2,11,8,7
5,11,11,11,11,0,3,7,4,6,3,10,10,2,9,7,3,7,3,4,10,0,9,9,2,8,10,5,5,7,8,8,5,5,9,9,11,5,2,0,7,7,0,5,8,6,8,2,10,0,3,11,4,4,4,0,5,9,7,10,9,11,8,8,0,9,0,10,6,9,6,11,10,0,6,5,3,10,8,11,4,5,5,2,5,11,0,9,0,0,2,9,5,5,6,5,6,11,11,2,11,3,4,5,3,5,5,11,11,9,3,10,3,9,9,10,3,3,7,4,7,9,10,11,5,10,4,7,8,5,11,8,10,9,3,11,5,7,4,7,5,5,8,8,2,10,3,0,9,8
6,0,0,0,0,2,4,8,5,7,4,11,11,3,10,8,4,8,4,5,11,2,10,10,3,9,11,6,6,8,9,9,6,6,10,10,0,6,3,2,8,8,2,6,9,7,9,3,11,2,4,0,5,5,5,2,6,10,8,11,10,0,9,9,2,10,2,11,7,10,7,0,11,2,7,6,4,11,9,0,5,6,6,3,6,0,2,10,2,2,3,10,6,6,7,6,7,0,0,3,0,4,5,6,4,6,6,0,0,10,4,11,4,10,10,11,4,4,8,5,8,10,11,0,6,11,5,8,9,6,0,9,11,10,4,0,6,8,5,8,6,6,9,9,3,11,4,2,10,9
7,2,2,2,2,3,5,9,6,8,5,0,0,4,11,9,5,9,5,6,0,3,11,11,4,10,0,7,7,9,10,10,7,7,11,11,2,7,4,3,9,9,3,7,10,8,10,4,0,3,5,2,6,6,6,3,7,11,9,0,11,2,10,10,3,11,3,0,8,11,8,2,0,3,8,7,5,0,10,2,6,7,7,4,7,2,3,11,3,3,4,11,7,7,8,7,8,2,2,4,2,5,6,7,5,7,7,2,2,11,5,0,5,11,11,0,5,5,9,6,9,11,0,2,7,0,6,9,10,7,2,10,0,11,5,2,7,9,6,9,7,7,10,10,4,0,5,3,11,10
8,3,3,3,3,4,6,10,7,9,6,2,2,5,0,10,6,10,6,7,2,4,0,0,5,11,2,8,8,10,11,11,8,8,0,0,3,8,5,4,10,10,4,8,11,9,11,5,2,4,6,3,7,7,7,4,8,0,10,2,0,3,11,11,4,0,4,2,9,0,9,3,2,4,9,8,6,2,11,3,7,8,8,5,8,3,4,0,4,4,5,0,8,8,9,8,9,3,3,5,3,6,7,8,6,8,8,3,3,0,6,2,6,0,0,2,6,6,10,7,10,0,2,3,8,2,7,10,11,8,3,11,2,0,6,3,8,10,7,10,8,8,11,11,5,2,6,4,0,11
9,4,4,4,4,5,7,11,8,10,7,3,3,6,2,11,7,11,7,8,3,5,2,2,6,0,3,9,9,11,0,0,9,9,2,2,4,9,6,5,11,11,5,9,0,10,0,6,3,5,7,4,8,8,8,5,9,2,11,3,2,4,0,0,5,2,5,3,10,2,10,4,3,5,10,9,7,3,0,4,8,9,9,6,9,4,5,2,5,5,6,2,9,9,10,9,10,4,4,6,4,7,8,9,7,9,9,4,4,2,7,3,7,2,2,3,7,7,11,8,11,2,3,4,9,3,8,11,0,9,4,0,3,2,7,4,9,11,8,11,9,9,0,0,6,3,7,5,2,0
10,5,5,5,5,6,8,0,9,11,8,4,4,7,3,0,8,0,8,9,4,6,3,3,7,2,4,10,10,0,2,2,10,10,3,3,5,10,7,6,0,0,6,10,2,11,2,7,4,6,8,5,9,9,9,6,10,3,0,4,3,5,2,2,6,3,6,4,11,3,11,5,4,6,11,10,8,4,2,5,9,10,10,7,10,5,6,3,6,6,7,3,10,10,11,10,11,5,5,7,5,8,9,10,8,10,10,5,5,3,8,4,8,3,3,4,8,8,0,9,0,3,4,5,10,4,9,0,2,10,5,2,4,3,8,5,10,0,9,0,10,10,2,2,7,4,8,6,3,2
11,6,6,6,6,7,9,2,10,0,9,5,5,8,4,2,9,2,9,10,5,7,4,4,8,3,5,11,11,2,3,3,11,11,4,4,6,11,8,7,2,2,7,11,3,0,3,8,5,7,9,6,10,10,10,7,11,4,2,5,4,6,3,3,7,4,7,5,0,4,0,6,5,7,0,11,9,5,3,6,10,11,11,8,11,6,7,4,7,7,8,4,11,11,0,11,0,6,6,8,6,9,10,11,9,11,11,6,6,4,9,5,9,4,4,5,9,9,2,10,2,4,5,6,11,5,10,2,3,11,6,3,5,4,9,6,11,2,10,2,11,11,3,3,8,5,9,7,4,3
0,7,7,7,7,8,10,3,11,2,10,6,6,9,5,3,10,3,10,11,6,8,5,5,9,4,6,0,0,3,4,4,0,0,5,5,7,0,9,8,3,3,8,0,4,2,4,9,6,8,10,7,11,11,11,8,0,5,3,6,5,7,4,4,8,5,8,6,2,5,2,7,6,8,2,0,10,6,4,7,11,0,0,9,0,7,8,5,8,8,9,5,0,0,2,0,2,7,7,9,7,10,11,0,10,0,0,7,7,5,10,6,10,5,5,6,10,10,3,11,3,5,6,7,0,6,11,3,4,0,7,4,6,5,10,7,0,3,11,3,0,0,4,4,9,6,10,8,5,4
2,8,8,8,8,9,11,4,0,3,11,7,7,10,6,4,11,4,11,0,7,9,6,6,10,5,7,2,2,4,5,5,2,2,6,6,8,2,10,9,4,4,9,2,5,3,5,10,7,9,11,8,0,0,0,9,2,6,4,7,6,8,5,5,9,6,9,7,3,6,3,8,7,9,3,2,11,7,5,8,0,2,2,10,2,8,9,6,9,9,10,6,2,2,3,2,3,8,8,10,8,11,0,2,11,2,2,8,8,6,11,7,11,6,6,7,11,11,4,0,4,6,7,8,2,7,0,4,5,2,8,5,7,6,11,8,2,4,0,4,2,2,5,5,10,7,11,9,6,5
3,9,9,9,9,10,0,5,2,4,0,8,8,11,7,5,0,5,0,2,8,10,7,7,11,6,8,3,3,5,6,6,3,3,7,7,9,3,11,10,5,5,10,3,6,4,6,11,8,10,0,9,2,2,2,10,3,7,5,8,7,9,6,6,10,7,10,8,4,7,4,9,8,10,4,3,0,8,6,9,2,3,3,11,3,9,10,7,10,10,11,7,3,3,4,3,4,9,9,11,9,0,2,3,0,3,3,9,9,7,0,8,0,7,7,8,0,0,5,2,5,7,8,9,3,8,2,5,6,3,9,6,8,7,0,9,3,5,2,5,3,3,6,6,11,8,0,10,7,6
4,10,10,10,10,11,2,6,3,5,2,9,9,0,8,6,2,6,2,3,9,11,8,8,0,7,9,4,4,6,7,7,4,4,8,8,10,4,0,11,6,6,11,4,7,5,7,0,9,11,2,10,3,3,3,11,4,8,6,9,8,10,7,7,11,8,11,9,5,8,5,10,9,11,5,4,2,9,7,10,3,4,4,0,4,10,11,8,11,11,0,8,4,4,5,4,5,10,10,0,10,2,3,4,2,4,4,10,10,8,2,9,2,8,8,9,2,2,6,3,6,8,9,10,4,9,3,6,7,4,10,7,9,8,2,10,4,6,3,6,4,4,7,7,0,9,2,11,8,7
5,11,11,11,11,0,3,7,4,6,3,10,10,2,9,7,3,7,3,4,10,0,9,9,2,8,10,5,5,7,8,8,5,5,9,9,11,5,2,0,7,7,0,5,8,6,8,2,10,0,3,11,4,4,4,0,5,9,7,10,9,11,8,8,0,9,0,10,6,9,6,11,10,0,6,5,3,10,8,11,4,5,5,2,5,11,0,9,0,0,2,9,5,5,6,5,6,11,11,2,11,3,4,5,3,5,5,11,11,9,3,10,3,9,9,10,3,3,7,4,7,9,10,11,5,10,4,7,8,5,11,8,10,9,3,11,5,7,4,7,5,5,8,8,2,10,3,0,9,8
6,0,0,0,0,2,4,8,5,7,4,11,11,3,10,8,4,8,4,5,11,2,10,10,3,9,11,6,6,8,9,9,6,6,10,10,0,6,3,2,8,8,2,6,9,7,9,3,11,2,4,0,5,5,5,2,6,10,8,11,10,0,9,9,2,10,2,11,7,10,7,0,11,2,7,6,4,11,9,0,5,6,6,3,6,0,2,10,2,2,3,10,6,6,7,6,7,0,0,3,0,4,5,6,4,6,6,0,0,10,4,11,4,10,10,11,4,4,8,5,8,10,11,0,6,11,5,8,9,6,0,9,11,10,4,0,6,8,5,8,6,6,9,9,3,11,4,2,10,9
7,2,2,2,2,3,5,9,6,8,5,0,0,4,11,9,5,9,5,6,0,3,11,11,4,10,0,7,7,9,10,10,7,7,11,11,2,7,4,3,9,9,3,7,10,8,10,4,0,3,5,2,6,6,6,3,7,11,9,0,11,2,10,10,3,11,3,0,8,11,8,2,0,3,8,7,5,0,10,2,6,7,7,4,7,2,3,11,3,3,4,11,7,7,8,7,8,2,2,4,2,5,6,7,5,7,7,2,2,11,5,0,5,11,11,0,5,5,9,6,9,11,0,2,7,0,6,9,10,7,2,10,0,11,5,2,7,9,6,9,7,7,10,10,4,0,5,3,11,10
8,3,3,3,3,4,6,10,7,9,6,2,2,5,0,10,6,10,6,7,2,4,0,0,5,11,2,8,8,10,11,11,8,8,0,0,3,8,5,4,10,10,4,8,11,9,11,5,2,4,6,3,7,7,7,4,8,0,10,2,0,3,11,11,4,0,4,2,9,0,9,3,2,4,9,8,6,2,11,3,7,8,8,5,8,3,4,0,4,4,5,0,8,8,9,8,9,3,3,5,3,6,7,8,6,8,8,3,3,0,6,2,6,0,0,2,6,6,10,7,10,0,2,3,8,2,7,10,11,8,3,11,2,0,6,3,8,10,7,10,8,8,11,11,5,2,6,4,0,11
9,4,4,4,4,5,7,11,8,10,7,3,3,6,2,11,7,11,7,8,3,5,2,2,6,0,3,9,9,11,0,0,9,9,2,2,4,9,6,5,11,11,5,9,0,10,0,6,3,5,7,4,8,8,8,5,9,2,11,3,2,4,0,0,5,2,5,3,10,2,10,4,3,5,10,9,7,3,0,4,8,9,9,6,9,4,5,2,5,5,6,2,9,9,10,9,10,4,4,6,4,7,8,9,7,9,9,4,4,2,7,3,7,2,2,3,7,7,11,8,11,2,3,4,9,3,8,11,0,9,4,0,3,2,7,4,9,11,8,11,9,9,0,0,6,3,7,5,2,0
10,5,5,5,5,6,8,0,9,11,8,4,4,7,3,0,8,0,8,9,4,6,3,3,7,2,4,10,10,0,2,2,10,10,3,3,5,10,7,6,0,0,6,10,2,11,2,7,4,6,8,5,9,9,9,6,10,3,0,4,3,5,2,2,6,3,6,4,11,3,11,5,4,6,11,10,8,4,2,5,9,10,10,7,10,5,6,3,6,6,7,3,10,10,11,10,11,5,5,7,5,8,9,10,8,10,10,5,5,3,8,4,8,3,3,4,8,8,0,9,0,3,4,5,10,4,9,0,2,10,5,2,4,3,8,5,10,0,9,0,10,10,2,2,7,4,8,6,3,2
11,6,6,6,6,7,9,2,10,0,9,5,5,8,4,2,9,2,9,10,5,7,4,4,8,3,5,11,11,2,3,3,11,11,4,4,6,11,8,7,2,2,7,11,3,0,3,8,5,7,9,6,10,10,10,7,11,4,2,5,4,6,3,3,7,4,7,5,0,4,0,6,5,7,0,11,9,5,3,6,10,11,11,8,11,6,7,4,7,7,8,4,11,11,0,11,0,6,6,8,6,9,10,11,9,11,11,6,6,4,9,5,9,4,4,5,9,9,2,10,2,4,5,6,11,5,10,2,3,11,6,3,5,4,9,6,11,2,10,2,11,11,3,3,8,5,9,7,4,3
0,7,7,7,7,8,10,3,11,2,10,6,6,9,5,3,10,3,10,11,6,8,5,5,9,4,6,0,0,3,4,4,0,0,5,5,7,0,9,8,3,3,8,0,4,2,4,9,6,8,10,7,11,11,11,8,0,5,3,6,5,7,4,4,8,5,8,6,2,5,2,7,6,8,2,0,10,6,4,7,11,0,0,9,0,7,8,5,8,8,9,5,0,0,2,0,2,7,7,9,7,10,11,0,10,0,0,7,7,5,10,6,10,5,5,6,10,10,3,11,3,5,6,7,0,6,11,3,4,0,7,4,6,5,10,7,0,3,11,3,0,0,4,4,9,6,10,8,5,4
2,8,8,8,8,9,11,4,0,3,11,7,7,10,6,4,11,4,11,0,7,9,6,6,10,5,7,2,2,4,5,5,2,2,6,6,8,2,10,9,4,4,9,2,5,3,5,10,7,9,11,8,0,0,0,9,2,6,4,7,6,8,5,5,9,6,9,7,3,6,3,8,7,9,3,2,11,7,5,8,0,2,2,10,2,8,9,6,9,9,10,6,2,2,3,2,3,8,8,10,8,11,0,2,11,2,2,8,8,6,11,7,11,6,6,7,11,11,4,0,4,6,7,8,2,7,0,4,5,2,8,5,7,6,11,8,2,4,0,4,2,2,5,5,10,7,11,9,6,5
3,9,9,9,9,10,0,5,2,4,0,8,8,11,7,5,0,5,0,2,8,10,7,7,11,6,8,3,3,5,6,6,3,3,7,7,9,3,11,10,5,5,10,3,6,4,6,11,8,10,0,9,2,2,2,10,3,7,5,8,7,9,6,6,10,7,10,8,4,7,4,9,8,10,4,3,0,8,6,9,2,3,3,11,3,9,10,7,10,10,11,7,3,3,4,3,4,9,9,11,9,0,2,3,0,3,3,9,9,7,0,8,0,7,7,8,0,0,5,2,5,7,8,9,3,8,2,5,6,3,9,6,8,7,0,9,3,5,2,5,3,3,6,6,11,8,0,10,7,6
4,10,10,10,10,11,2,6,3,5,2,9,9,0,8,6,2,6,2,3,9,11,8,8,0,7,9,4,4,6,7,7,4,4,8,8,10,4,0,11,6,6,11,4,7,5,7,0,9,11,2,10,3,3,3,11,4,8,6,9,8,10,7,7,11,8,11,9,5,8,5,10,9,11,5,4,2,9,7,10,3,4,4,0,4,10,11,8,11,11,0,8,4,4,5,4,5,10,10,0,10,2,3,4,2,4,4,10,10,8,2,9,2,8,8,9,2,2,6,3,6,8,9,10,4,9,3,6,7,4,10,7,9,8,2,10,4,6,3,6,4,4,7,7,0,9,2,11,8,7
5,11,11,11,11,0,3,7,4,6,3,10,10,2,9,7,3,7,3,4,10,0,9,9,2,8,10,5,5,7,8,8,5,5,9,9,11,5,2,0,7,7,0,5,8,6,8,2,10,0,3,11,4,4,4,0,5,9,7,10,9,11,8,8,0,9,0,10,6,9,6,11,10,0,6,5,3,10,8,11,4,5,5,2,5,11,0,9,0,0,2,9,5,5,6,5,6,11,11,2,11,3,4,5,3,5,5,11,11,9,3,10,3,9,9,10,3,3,7,4,7,9,10,11,5,10,4,7,8,5,11,8,10,9,3,11,5,7,4,7,5,5,8,8,2,10,3,0,9,8
6,0,0,0,0,2,4,8,5,7,4,11,11,3,10,8,4,8,4,5,11,2,10,10,3,9,11,6,6,8,9,9,6,6,10,10,0,6,3,2,8,8,2,6,9,7,9,3,11,2,4,0,5,5,5,2,6,10,8,11,10,0,9,9,2,10,2,11,7,10,7,0,11,2,7,6,4,11,9,0,5,6,6,3,6,0,2,10,2,2,3,10,6,6,7,6,7,0,0,3,0,4,5,6,4,6,6,0,0,10,4,11,4,10,10,11,4,4,8,5,8,10,11,0,6,11,5,8,9,6,0,9,11,10,4,0,6,8,5,8,6,6,9,9,3,11,4,2,10,9
7,2,2,2,2,3,5,9,6,8,5,0,0,4,11,9,5,9,5,6,0,3,11,11,4,10,0,7,7,9,10,10,7,7,11,11,2,7,4,3,9,9,3,7,10,8,10,4,0,3,5,2,6,6,6,3,7,11,9,0,11,2,10,10,3,11,3,0,8,11,8,2,0,3,8,7,5,0,10,2,6,7,7,4,7,2,3,11,3,3,4,11,7,7,8,7,8,2,2,4,2,5,6,7,5,7,7,2,2,11,5,0,5,11,11,0,5,5,9,6,9,11,0,2,7,0,6,9,10,7,2,10,0,11,5,2,7,9,6,9,7,7,10,10,4,0,5,3,11,10
8,3,3,3,3,4,6,10,7,9,6,2,2,5,0,10,6,10,6,7,2,4,0,0,5,11,2,8,8,10,11,11,8,8,0,0,3,8,5,4,10,10,4,8,11,9,11,5,2,4,6,3,7,7,7,4,8,0,10,2,0,3,11,11,4,0,4,2,9,0,9,3,2,4,9,8,6,2,11,3,7,8,8,5,8,3,4,0,4,4,5,0,8,8,9,8,9,3,3,5,3,6,7,8,6,8,8,3,3,0,6,2,6,0,0,2,6,6,10,7,10,0,2,3,8,2,7,10,11,8,3,11,2,0,6,3,8,10,7,10,8,8,11,11,5,2,6,4,0,11
9,4,4,4,4,5,7,11,8,10,7,3,3,6,2,11,7,11,7,8,3,5,2,2,6,0,3,9,9,11,0,0,9,9,2,2,4,9,6,5,11,11,5,9,0,10,0,6,3,5,7,4,8,8,8,5,9,2,11,3,2,4,0,0,5,2,5,3,10,2,10,4,3,5,10,9,7,3,0,4,8,9,9,6,9,4,5,2,5,5,6,2,9,9,10,9,10,4,4,6,4,7,8,9,7,9,9,4,4,2,7,3,7,2,2,3,7,7,11,8,11,2,3,4,9,3,8,11,0,9,4,0,3,2,7,4,9,11,8,11,9,9,0,0,6,3,7,5,2,0
10,5,5,5,5,6,8,0,9,11,8,4,4,7,3,0,8,0,8,9,4,6,3,3,7,2,4,10,10,0,2,2,10,10,3,3,5,10,7,6,0,0,6,10,2,11,2,7,4,6,8,5,9,9,9,6,10,3,0,4,3,5,2,2,6,3,6,4,11,3,11,5,4,6,11,10,8,4,2,5,9,10,10,7,10,5,6,3,6,6,7,3,10,10,11,10,11,5,5,7,5,8,9,10,8,10,10,5,5,3,8,4,8,3,3,4,8,8,0,9,0,3,4,5,10,4,9,0,2,10,5,2,4,3,8,5,10,0,9,0,10,10,2,2,7,4,8,6,3,2
11,6,6,6,6,7,9,2,10,0,9,5,5,8,4,2,9,2,9,10,5,7,4,4,8,3,5,11,11,2,3,3,11,11,4,4,6,11,8,7,2,2,7,11,3,0,3,8,5,7,9,6,10,10,10,7,11,4,2,5,4,6,3,3,7,4,7,5,0,4,0,6,5,7,0,11,9,5,3,6,10,11,11,8,11,6,7,4,7,7,8,4,11,11,0,11,0,6,6,8,6,9,10,11,9,11,11,6,6,4,9,5,9,4,4,5,9,9,2,10,2,4,5,6,11,5,10,2,3,11,6,3,5,4,9,6,11,2,10,2,11,11,3,3,8,5,9,7,4,3
0,7,7,7,7,8,10,3,11,2,10,6,6,9,5,3,10,3,10,11,6,8,5,5,9,4,6,0,0,3,4,4,0,0,5,5,7,0,9,8,3,3,8,0,4,2,4,9,6,8,10,7,11,11,11,8,0,5,3,6,5,7,4,4,8,5,8,6,2,5,2,7,6,8,2,0,10,6,4,7,11,0,0,9,0,7,8,5,8,8,9,5,0,0,2,0,2,7,7,9,7,10,11,0,10,0,0,7,7,5,10,6,10,5,5,6,10,10,3,11,3,5,6,7,0,6,11,3,4,0,7,4,6,5,10,7,0,3,11,3,0,0,4,4,9,6,10,8,5,4
2,8,8,8,8,9,11,4,0,3,11,7,7,10,6,4,11,4,11,0,7,9,6,6,10,5,7,2,2,4,5,5,2,2,6,6,8,2,10,9,4,4,9,2,5,3,5,10,7,9,11,8,0,0,0,9,2,6,4,7,6,8,5,5,9,6,9,7,3,6,3,8,7,9,3,2,11,7,5,8,0,2,2,10,2,8,9,6,9,9,10,6,2,2,3,2,3,8,8,10,8,11,0,2,11,2,2,8,8,6,11,7,11,6,6,7,11,11,4,0,4,6,7,8,2,7,0,4,5,2,8,5,7,6,11,8,2,4,0,4,2,2,5,5,10,7,11,9,6,5
3,9,9,9,9,10,0,5,2,4,0,8,8,11,7,5,0,5,0,2,8,10,7,7,11,6,8,3,3,5,6,6,3,3,7,7,9,3,11,10,5,5,10,3,6,4,6,11,8,10,0,9,2,2,2,10,3,7,5,8,7,9,6,6,10,7,10,8,4,7,4,9,8,10,4,3,0,8,6,9,2,3,3,11,3,9,10,7,10,10,11,7,3,3,4,3,4,9,9,11,9,0,2,3,0,3,3,9,9,7,0,8,0,7,7,8,0,0,5,2,5,7,8,9,3,8,2,5,6,3,9,6,8,7,0,9,3,5,2,5,3,3,6,6,11,8,0,10,7,6
4,10,10,10,10,11,2,6,3,5,2,9,9,0,8,6,2,6,2,3,9,11,8,8,0,7,9,4,4,6,7,7,4,4,8,8,10,4,0,11,6,6,11,4,7,5,7,0,9,11,2,10,3,3,3,11,4,8,6,9,8,10,7,7,11,8,11,9,5,8,5,10,9,11,5,4,2,9,7,10,3,4,4,0,4,10,11,8,11,11,0,8,4,4,5,4,5,10,10,0,10,2,3,4,2,4,4,10,10,8,2,9,2,8,8,9,2,2,6,3,6,8,9,10,4,9,3,6,7,4,10,7,9,8,2,10,4,6,3,6,4,4,7,7,0,9,2,11,8,7
5,11,11,11,11,0,3,7,4,6,3,10,10,2,9,7,3,7,3,4,10,0,9,9,2,8,10,5,5,7,8,8,5,5,9,9,11,5,2,0,7,7,0,5,8,6,8,2,10,0,3,11,4,4,4,0,5,9,7,10,9,11,8,8,0,9,0,10,6,9,6,11,10,0,6,5,3,10,8,11,4,5,5,2,5,11,0,9,0,0,2,9,5,5,6,5,6,11,11,2,11,3,4,5,3,5,5,11,11,9,3,10,3,9,9,10,3,3,7,4,7,9,10,11,5,10,4,7,8,5,11,8,10,9,3,11,5,7,4,7,5,5,8,8,2,10,3,0,9,8
6,0,0,0,0,2,4,8,5,7,4,11,11,3,10,8,4,8,4,5,11,2,10,10,3,9,11,6,6,8,9,9,6,6,10,10,0,6,3,2,8,8,2,6,9,7,9,3,11,2,4,0,5,5,5,2,6,10,8,11,10,0,9,9,2,10,2,11,7,10,7,0,11,2,7,6,4,11,9,0,5,6,6,3,6,0,2,10,2,2,3,10,6,6,7,6,7,0,0,3,0,4,5,6,4,6,6,0,0,10,4,11,4,10,10,11,4,4,8,5,8,10,11,0,6,11,5,8,9,6,0,9,11,10,4,0,6,8,5,8,6,6,9,9,3,11,4,2,10,9
7,2,2,2,2,3,5,9,6,8,5,0,0,4,11,9,5,9,5,6,0,3,11,11,4,10,0,7,7,9,10,10,7,7,11,11,2,7,4,3,9,9,3,7,10,8,10,4,0,3,5,2,6,6,6,3,7,11,9,0,11,2,10,10,3,11,3,0,8,11,8,2,0,3,8,7,5,0,10,2,6,7,7,4,7,2,3,11,3,3,4,11,7,7,8,7,8,2,2,4,2,5,6,7,5,7,7,2,2,11,5,0,5,11,11,0,5,5,9,6,9,11,0,2,7,0,6,9,10,7,2,10,0,11,5,2,7,9,6,9,7,7,10,10,4,0,5,3,11,10
8,3,3,3,3,4,6,10,7,9,6,2,2,5,0,10,6,10,6,7,2,4,0,0,5,11,2,8,8,10,11,11,8,8,0,0,3,8,5,4,10,10,4,8,11,9,11,5,2,4,6,3,7,7,7,4,8,0,10,2,0,3,11,11,4,0,4,2,9,0,9,3,2,4,9,8,6,2,11,3,7,8,8,5,8,3,4,0,4,4,5,0,8,8,9,8,9,3,3,5,3,6,7,8,6,8,8,3,3,0,6,2,6,0,0,2,6,6,10,7,10,0,2,3,8,2,7,10,11,8,3,11,2,0,6,3,8,10,7,10,8,8,11,11,5,2,6,4,0,11
9,4,4,4,4,5,7,11,8,10,7,3,3,6,2,11,7,11,7,8,3,5,2,2,6,0,3,9,9,11,0,0,9,9,2,2,4,9,6,5,11,11,5,9,0,10,0,6,3,5,7,4,8,8,8,5,9,2,11,3,2,4,0,0,5,2,5,3,10,2,10,4,3,5,10,9,7,3,0,4,8,9,9,6,9,4,5,2,5,5,6,2,9,9,10,9,10,4,4,6,4,7,8,9,7,9,9,4,4,2,7,3,7,2,2,3,7,7,11,8,11,2,3,4,9,3,8,11,0,9,4,0,3,2,7,4,9,11,8,11,9,9,0,0,6,3,7,5,2,0
10,5,5,5,5,6,8,0,9,11,8,4,4,7,3,0,8,0,8,9,4,6,3,3,7,2,4,10,10,0,2,2,10,10,3,3,5,10,7,6,0,0,6,10,2,11,2,7,4,6,8,5,9,9,9,6,10,3,0,4,3,5,2,2,6,3,6,4,11,3,11,5,4,6,11,10,8,4,2,5,9,10,10,7,10,5,6,3,6,6,7,3,10,10,11,10,11,5,5,7,5,8,9,10,8,10,10,5,5,3,8,4,8,3,3,4,8,8,0,9,0,3,4,5,10,4,9,0,2,10,5,2,4,3,8,5,10,0,9,0,10,10,2,2,7,4,8,6,3,2
11,6,6,6,6,7,9,2,10,0,9,5,5,8,4,2,9,2,9,10,5,7,4,4,8,3,5,11,11,2,3,3,11,11,4,4,6,11,8,7,2,2,7,11,3,0,3,8,5,7,9,6,10,10,10,7,11,4,2,5,4,6,3,3,7,4,7,5,0,4,0,6,5,7,0,11,9,5,3,6,10,11,11,8,11,6,7,4,7,7,8,4,11,11,0,11,0,6,6,8,6,9,10,11,9,11,11,6,6,4,9,5,9,4,4,5,9,9,2,10,2,4,5,6,11,5,10,2,3,11,6,3,5,4,9,6,11,2,10,2,11,11,3,3,8,5,9,7,4,3
0,7,7,7,7,8,10,3,11,2,10,6,6,9,5,3,10,3,10,11,6,8,5,5,9,4,6,0,0,3,4,4,0,0,5,5,7,0,9,8,3,3,8,0,4,2,4,9,6,8,10,7,11,11,11,8,0,5,3,6,5,7,4,4,8,5,8,6,2,5,2,7,6,8,2,0,10,6,4,7,11,0,0,9,0,7,8,5,8,8,9,5,0,0,2,0,2,7,7,9,7,10,11,0,10,0,0,7,7,5,10,6,10,5,5,6,10,10,3,11,3,5,6,7,0,6,11,3,4,0,7,4,6,5,10,7,0,3,11,3,0,0,4,4,9,6,10,8,5,4
2,8,8,8,8,9,11,4,0,3,11,7,7,10,6,4,11,4,11,0,7,9,6,6,10,5,7,2,2,4,5,5,2,2,6,6,8,2,10,9,4,4,9,2,5,3,5,10,7,9,11,8,0,0,0,9,2,6,4,7,6,8,5,5,9,6,9,7,3,6,3,8,7,9,3,2,11,7,5,8,0,2,2,10,2,8,9,6,9,9,10,6,2,2,3,2,3,8,8,10,8,11,0,2,11,2,2,8,8,6,11,7,11,6,6,7,11,11,4,0,4,6,7,8,2,7,0,4,5,2,8,5,7,6,11,8,2,4,0,4,2,2,5,5,10,7,11,9,6,5
3,9,9,9,9,10,0,5,2,4,0,8,8,11,7,5,0,5,0,2,8,10,7,7,11,6,8,3,3,5,6,6,3,3,7,7,9,3,11,10,5,5,10,3,6,4,6,11,8,10,0,9,2,2,2,10,3,7,5,8,7,9,6,6,10,7,10,8,4,7,4,9,8,10,4,3,0,8,6,9,2,3,3,11,3,9,10,7,10,10,11,7,3,3,4,3,4,9,9,11,9,0,2,3,0,3,3,9,9,7,0,8,0,7,7,8,0,0,5,2,5,7,8,9,3,8,2,5,6,3,9,6,8,7,0,9,3,5,2,5,3,3,6,6,11,8,0,10,7,6
4,10,10,10,10,11,2,6,3,5,2,9,9,0,8,6,2,6,2,3,9,11,8,8,0,7,9,4,4,6,7,7,4,4,8,8,10,4,0,11,6,6,11,4,7,5,7,0,9,11,2,10,3,3,3,11,4,8,6,9,8,10,7,7,11,8,11,9,5,8,5,10,9,11,5,4,2,9,7,10,3,4,4,0,4,10,11,8,11,11,0,8,4,4,5,4,5,10,10,0,10,2,3,4,2,4,4,10,10,8,2,9,2,8,8,9,2,2,6,3,6,8,9,10,4,9,3,6,7,4,10,7,9,8,2,10,4,6,3,6,4,4,7,7,0,9,2,11,8,7
5,11,11,11,11,0,3,7,4,6,3,10,10,2,9,7,3,7,3,4,10,0,9,9,2,8,10,5,5,7,8,8,5,5,9,9,11,5,2,0,7,7,0,5,8,6,8,2,10,0,3,11,4,4,4,0,5,9,7,10,9,11,8,8,0,9,0,10,6,9,6,11,10,0,6,5,3,10,8,11,4,5,5,2,5,11,0,9,0,0,2,9,5,5,6,5,6,11,11,2,11,3,4,5,3,5,5,11,11,9,3,10,3,9,9,10,3,3,7,4,7,9,10,11,5,10,4,7,8,5,11,8,10,9,3,11,5,7,4,7,5,5,8,8,2,10,3,0,9,8
6,0,0,0,0,2,4,8,5,7,4,11,11,3,10,8,4,8,4,5,11,2,10,10,3,9,11,6,6,8,9,9,6,6,10,10,0,6,3,2,8,8,2,6,9,7,9,3,11,2,4,0,5,5,5,2,6,10,8,11,10,0,9,9,2,10,2,11,7,10,7,0,11,2,7,6,4,11,9,0,5,6,6,3,6,0,2,10,2,2,3,10,6,6,7,6,7,0,0,3,0,4,5,6,4,6,6,0,0,10,4,11,4,10,10,11,4,4,8,5,8,10,11,0,6,11,5,8,9,6,0,9,11,10,4,0,6,8,5,8,6,6,9,9,3,11,4,2,10,9
7,2,2,2,2,3,5,9,6,8,5,0,0,4,11,9,5,9,5,6,0,3,11,11,4,10,0,7,7,9,10,10,7,7,11,11,2,7,4,3,9,9,3,7,10,8,10,4,0,3,5,2,6,6,6,3,7,11,9,0,11,2,10,10,3,11,3,0,8,11,8,2,0,3,8,7,5,0,10,2,6,7,7,4,7,2,3,11,3,3,4,11,7,7,8,7,8,2,2,4,2,5,6,7,5,7,7,2,2,11,5,0,5,11,11,0,5,5,9,6,9,11,0,2,7,0,6,9,10,7,2,10,0,11,5,2,7,9,6,9,7,7,10,10,4,0,5,3,11,10
8,3,3,3,3,4,6,10,7,9,6,2,2,5,0,10,6,10,6,7,2,4,0,0,5,11,2,8,8,10,11,11,8,8,0,0,3,8,5,4,10,10,4,8,11,9,11,5,2,4,6,3,7,7,7,4,8,0,10,2,0,3,11,11,4,0,4,2,9,0,9,3,2,4,9,8,6,2,11,3,7,8,8,5,8,3,4,0,4,4,5,0,8,8,9,8,9,3,3,5,3,6,7,8,6,8,8,3,3,0,6,2,6,0,0,2,6,6,10,7,10,0,2,3,8,2,7,10,11,8,3,11,2,0,6,3,8,10,7,10,8,8,11,11,5,2,6,4,0,11
9,4,4,4,4,5,7,11,8,10,7,3,3,6,2,11,7,11,7,8,3,5,2,2,6,0,3,9,9,11,0,0,9,9,2,2,4,9,6,5,11,11,5,9,0,10,0,6,3,5,7,4,8,8,8,5,9,2,11,3,2,4,0,0,5,2,5,3,10,2,10,4,3,5,10,9,7,3,0,4,8,9,9,6,9,4,5,2,5,5,6,2,9,9,10,9,10,4,4,6,4,7,8,9,7,9,9,4,4,2,7,3,7,2,2,3,7,7,11,8,11,2,3,4,9,3,8,11,0,9,4,0,3,2,7,4,9,11,8,11,9,9,0,0,6,3,7,5,2,0
10,5,5,5,5,6,8,0,9,11,8,4,4,7,3,0,8,0,8,9,4,6,3,3,7,2,4,10,10,0,2,2,10,10,3,3,5,10,7,6,0,0,6,10,2,11,2,7,4,6,8,5,9,9,9,6,10,3,0,4,3,5,2,2,6,3,6,4,11,3,11,5,4,6,11,10,8,4,2,5,9,10,10,7,10,5,6,3,6,6,7,3,10,10,11,10,11,5,5,7,5,8,9,10,8,10,10,5,5,3,8,4,8,3,3,4,8,8,0,9,0,3,4,5,10,4,9,0,2,10,5,2,4,3,8,5,10,0,9,0,10,10,2,2,7,4,8,6,3,2
11,6,6,6,6,7,9,2,10,0,9,5,5,8,4,2,9,2,9,10,5,7,4,4,8,3,5,11,11,2,3,3,11,11,4,4,6,11,8,7,2,2,7,11,3,0,3,8,5,7,9,6,10,10,10,7,11,4,2,5,4,6,3,3,7,4,7,5,0,4,0,6,5,7,0,11,9,5,3,6,10,11,11,8,11,6,7,4,7,7,8,4,11,11,0,11,0,6,6,8,6,9,10,11,9,11,11,6,6,4,9,5,9,4,4,5,9,9,2,10,2,4,5,6,11,5,10,2,3,11,6,3,5,4,9,6,11,2,10,2,11,11,3,3,8,5,9,7,4,3
0,7,7,7,7,8,10,3,11,2,10,6,6,9,5,3,10,3,10,11,6,8,5,5,9,4,6,0,0,3,4,4,0,0,5,5,7,0,9,8,3,3,8,0,4,2,4,9,6,8,10,7,11,11,11,8,0,5,3,6,5,7,4,4,8,5,8,6,2,5,2,7,6,8,2,0,10,6,4,7,11,0,0,9,0,7,8,5,8,8,9,5,0,0,2,0,2,7,7,9,7,10,11,0,10,0,0,7,7,5,10,6,10,5,5,6,10,10,3,11,3,5,6,7,0,6,11,3,4,0,7,4,6,5,10,7,0,3,11,3,0,0,4,4,9,6,10,8,5,4
2,8,8,8,8,9,11,4,0,3,11,7,7,10,6,4,11,4,11,0,7,9,6,6,10,5,7,2,2,4,5,5,2,2,6,6,8,2,10,9,4,4,9,2,5,3,5,10,7,9,11,8,0,0,0,9,2,6,4,7,6,8,5,5,9,6,9,7,3,6,3,8,7,9,3,2,11,7,5,8,0,2,2,10,2,8,9,6,9,9,10,6,2,2,3,2,3,8,8,10,8,11,0,2,11,2,2,8,8,6,11,7,11,6,6,7,11,11,4,0,4,6,7,8,2,7,0,4,5,2,8,5,7,6,11,8,2,4,0,4,2,2,5,5,10,7,11,9,6,5
3,9,9,9,9,10,0,5,2,4,0,8,8,11,7,5,0,5,0,2,8,10,7,7,11,6,8,3,3,5,6,6,3,3,7,7,9,3,11,10,5,5,10,3,6,4,6,11,8,10,0,9,2,2,2,10,3,7,5,8,7,9,6,6,10,7,10,8,4,7,4,9,8,10,4,3,0,8,6,9,2,3,3,11,3,9,10,7,10,10,11,7,3,3,4,3,4,9,9,11,9,0,2,3,0,3,3,9,9,7,0,8,0,7,7,8,0,0,5,2,5,7,8,9,3,8,2,5,6,3,9,6,8,7,0,9,3,5,2,5,3,3,6,6,11,8,0,10,7,6
4,10,10,10,10,11,2,6,3,5,2,9,9,0,8,6,2,6,2,3,9,11,8,8,0,7,9,4,4,6,7,7,4,4,8,8,10,4,0,11,6,6,11,4,7,5,7,0,9,11,2,10,3,3,3,11,4,8,6,9,8,10,7,7,11,8,11,9,5,8,5,10,9,11,5,4,2,9,7,10,3,4,4,0,4,10,11,8,11,11,0,8,4,4,5,4,5,10,10,0,10,2,3,4,2,4,4,10,10,8,2,9,2,8,8,9,2,2,6,3,6,8,9,10,4,9,3,6,7,4,10,7,9,8,2,10,4,6,3,6,4,4,7,7,0,9,2,11,8,7
5,11,11,11,11,0,3,7,4,6,3,10,10,2,9,7,3,7,3,4,10,0,9,9,2,8,10,5,5,7,8,8,5,5,9,9,11,5,2,0,7,7,0,5,8,6,8,2,10,0,3,11,4,4,4,0,5,9,7,10,9,11,8,8,0,9,0,10,6,9,6,11,10,0,6,5,3,10,8,11,4,5,5,2,5,11,0,9,0,0,2,9,5,5,6,5,6,11,11,2,11,3,4,5,3,5,5,11,11,9,3,10,3,9,9,10,3,3,7,4,7,9,10,11,5,10,4,7,8,5,11,8,10,9,3,11,5,7,4,7,5,5,8,8,2,10,3,0,9,8
6,0,0,0,0,2,4,8,5,7,4,11,11,3,10,8,4,8,4,5,11,2,10,10,3,9,11,6,6,8,9,9,6,6,10,10,0,6,3,2,8,8,2,6,9,7,9,3,11,2,4,0,5,5,5,2,6,10,8,11,10,0,9,9,2,10,2,11,7,10,7,0,11,2,7,6,4,11,9,0,5,6,6,3,6,0,2,10,2,2,3,10,6,6,7,6,7,0,0,3,0,4,5,6,4,6,6,0,0,10,4,11,4,10,10,11,4,4,8,5,8,10,11,0,6,11,5,8,9,6,0,9,11,10,4,0,6,8,5,8,6,6,9,9,3,11,4,2,10,9
7,2,2,2,2,3,5,9,6,8,5,0,0,4,11,9,5,9,5,6,0,3,11,11,4,10,0,7,7,9,10,10,7,7,11,11,2,7,4,3,9,9,3,7,10,8,10,4,0,3,5,2,6,6,6,3,7,11,9,0,11,2,10,10,3,11,3,0,8,11,8,2,0,3,8,7,5,0,10,2,6,7,7,4,7,2,3,11,3,3,4,11,7,7,8,7,8,2,2,4,2,5,6,7,5,7,7,2,2,11,5,0,5,11,11,0,5,5,9,6,9,11,0,2,7,0,6,9,10,7,2,10,0,11,5,2,7,9,6,9,7,7,10,10,4,0,5,3,11,10
8,3,3,3,3,4,6,10,7,9,6,2,2,5,0,10,6,10,6,7,2,4,0,0,5,11,2,8,8,10,11,11,8,8,0,0,3,8,5,4,10,10,4,8,11,9,11,5,2,4,6,3,7,7,7,4,8,0,10,2,0,3,11,11,4,0,4,2,9,0,9,3,2,4,9,8,6,2,11,3,7,8,8,5,8,3,4,0,4,4,5,0,8,8,9,8,9,3,3,5,3,6,7,8,6,8,8,3,3,0,6,2,6,0,0,2,6,6,10,7,10,0,2,3,8,2,7,10,11,8,3,11,2,0,6,3,8,10,7,10,8,8,11,11,5,2,6,4,0,11
9,4,4,4,4,5,7,11,8,10,7,3,3,6,2,11,7,11,7,8,3,5,2,2,6,0,3,9,9,11,0,0,9,9,2,2,4,9,6,5,11,11,5,9,0,10,0,6,3,5,7,4,8,8,8,5,9,2,11,3,2,4,0,0,5,2,5,3,10,2,10,4,3,5,10,9,7,3,0,4,8,9,9,6,9,4,5,2,5,5,6,2,9,9,10,9,10,4,4,6,4,7,8,9,7,9,9,4,4,2,7,3,7,2,2,3,7,7,11,8,11,2,3,4,9,3,8,11,0,9,4,0,3,2,7,4,9,11,8,11,9,9,0,0,6,3,7,5,2,0
10,5,5,5,5,6,8,0,9,11,8,4,4,7,3,0,8,0,8,9,4,6,3,3,7,2,4,10,10,0,2,2,10,10,3,3,5,10,7,6,0,0,6,10,2,11,2,7,4,6,8,5,9,9,9,6,10,3,0,4,3,5,2,2,6,3,6,4,11,3,11,5,4,6,11,10,8,4,2,5,9,10,10,7,10,5,6,3,6,6,7,3,10,10,11,10,11,5,5,7,5,8,9,10,8,10,10,5,5,3,8,4,8,3,3,4,8,8,0,9,0,3,4,5,10,4,9,0,2,10,5,2,4,3,8,5,10,0,9,0,10,10,2,2,7,4,8,6,3,2
11,6,6,6,6,7,9,2,10,0,9,5,5,8,4,2,9,2,9,10,5,7,4,4,8,3,5,11,11,2,3,3,11,11,4,4,6,11,8,7,2,2,7,11,3,0,3,8,5,7,9,6,10,10,10,7,11,4,2,5,4,6,3,3,7,4,7,5,0,4,0,6,5,7,0,11,9,5,3,6,10,11,11,8,11,6,7,4,7,7,8,4,11,11,0,11,0,6,6,8,6,9,10,11,9,11,11,6,6,4,9,5,9,4,4,5,9,9,2,10,2,4,5,6,11,5,10,2,3,11,6,3,5,4,9,6,11,2,10,2,11,11,3,3,8,5,9,7,4,3
0,7,7,7,7,8,10,3,11,2,10,6,6,9,5,3,10,3,10,11,6,8,5,5,9,4,6,0,0,3,4,4,0,0,5,5,7,0,9,8,3,3,8,0,4,2,4,9,6,8,10,7,11,11,11,8,0,5,3,6,5,7,4,4,8,5,8,6,2,5,2,7,6,8,2,0,10,6,4,7,11,0,0,9,0,7,8,5,8,8,9,5,0,0,2,0,2,7,7,9,7,10,11,0,10,0,0,7,7,5,10,6,10,5,5,6,10,10,3,11,3,5,6,7,0,6,11,3,4,0,7,4,6,5,10,7,0,3,11,3,0,0,4,4,9,6,10,8,5,4
2,8,8,8,8,9,11,4,0,3,11,7,7,10,6,4,11,4,11,0,7,9,6,6,10,5,7,2,2,4,5,5,2,2,6,6,8,2,10,9,4,4,9,2,5,3,5,10,7,9,11,8,0,0,0,9,2,6,4,7,6,8,5,5,9,6,9,7,3,6,3,8,7,9,3,2,11,7,5,8,0,2,2,10,2,8,9,6,9,9,10,6,2,2,3,2,3,8,8,10,8,11,0,2,11,2,2,8,8,6,11,7,11,6,6,7,11,11,4,0,4,6,7,8,2,7,0,4,5,2,8,5,7,6,11,8,2,4,0,4,2,2,5,5,10,7,11,9,6,5
3,9,9,9,9,10,0,5,2,4,0,8,8,11,7,5,0,5,0,2,8,10,7,7,11,6,8,3,3,5,6,6,3,3,7,7,9,3,11,10,5,5,10,3,6,4,6,11,8,10,0,9,2,2,2,10,3,7,5,8,7,9,6,6,10,7,10,8,4,7,4,9,8,10,4,3,0,8,6,9,2,3,3,11,3,9,10,7,10,10,11,7,3,3,4,3,4,9,9,11,9,0,2,3,0,3,3,9,9,7,0,8,0,7,7,8,0,0,5,2,5,7,8,9,3,8,2,5,6,3,9,6,8,7,0,9,3,5,2,5,3,3,6,6,11,8,0,10,7,6
4,10,10,10,10,11,2,6,3,5,2,9,9,0,8,6,2,6,2,3,9,11,8,8,0,7,9,4,4,6,7,7,4,4,8,8,10,4,0,11,6,6,11,4,7,5,7,0,9,11,2,10,3,3,3,11,4,8,6,9,8,10,7,7,11,8,11,9,5,8,5,10,9,11,5,4,2,9,7,10,3,4,4,0,4,10,11,8,11,11,0,8,4,4,5,4,5,10,10,0,10,2,3,4,2,4,4,10,10,8,2,9,2,8,8,9,2,2,6,3,6,8,9,10,4,9,3,6,7,4,10,7,9,8,2,10,4,6,3,6,4,4,7,7,0,9,2,11,8,7
5,11,11,11,11,0,3,7,4,6,3,10,10,2,9,7,3,7,3,4,10,0,9,9,2,8,10,5,5,7,8,8,5,5,9,9,11,5,2,0,7,7,0,5,8,6,8,2,10,0,3,11,4,4,4,0,5,9,7,10,9,11,8,8,0,9,0,10,6,9,6,11,10,0,6,5,3,10,8,11,4,5,5,2,5,11,0,9,0,0,2,9,5,5,6,5,6,11,11,2,11,3,4,5,3,5,5,11,11,9,3,10,3,9,9,10,3,3,7,4,7,9,10,11,5,10,4,7,8,5,11,8,10,9,3,11,5,7,4,7,5,5,8,8,2,10,3,0,9,8
6,0,0,0,0,2,4,8,5,7,4,11,11,3,10,8,4,8,4,5,11,2,10,10,3,9,11,6,6,8,9,9,6,6,10,10,0,6,3,2,8,8,2,6,9,7,9,3,11,2,4,0,5,5,5,2,6,10,8,11,10,0,9,9,2,10,2,11,7,10,7,0,11,2,7,6,4,11,9,0,5,6,6,3,6,0,2,10,2,2,3,10,6,6,7,6,7,0,0,3,0,4,5,6,4,6,6,0,0,10,4,11,4,10,10,11,4,4,8,5,8,10,11,0,6,11,5,8,9,6,0,9,11,10,4,0,6,8,5,8,6,6,9,9,3,11,4,2,10,9
7,2,2,2,2,3,5,9,6,8,5,0,0,4,11,9,5,9,5,6,0,3,11,11,4,10,0,7,7,9,10,10,7,7,11,11,2,7,4,3,9,9,3,7,10,8,10,4,0,3,5,2,6,6,6,3,7,11,9,0,11,2,10,10,3,11,3,0,8,11,8,2,0,3,8,7,5,0,10,2,6,7,7,4,7,2,3,11,3,3,4,11,7,7,8,7,8,2,2,4,2,5,6,7,5,7,7,2,2,11,5,0,5,11,11,0,5,5,9,6,9,11,0,2,7,0,6,9,10,7,2,10,0,11,5,2,7,9,6,9,7,7,10,10,4,0,5,3,11,10
8,3,3,3,3,4,6,10,7,9,6,2,2,5,0,10,6,10,6,7,2,4,0,0,5,11,2,8,8,10,11,11,8,8,0,0,3,8,5,4,10,10,4,8,11,9,11,5,2,4,6,3,7,7,7,4,8,0,10,2,0,3,11,11,4,0,4,2,9,0,9,3,2,4,9,8,6,2,11,3,7,8,8,5,8,3,4,0,4,4,5,0,8,8,9,8,9,3,3,5,3,6,7,8,6,8,8,3,3,0,6,2,6,0,0,2,6,6,10,7,10,0,2,3,8,2,7,10,11,8,3,11,2,0,6,3,8,10,7,10,8,8,11,11,5,2,6,4,0,11
9,4,4,4,4,5,7,11,8,10,7,3,3,6,2,11,7,11,7,8,3,5,2,2,6,0,3,9,9,11,0,0,9,9,2,2,4,9,6,5,11,11,5,9,0,10,0,6,3,5,7,4,8,8,8,5,9,2,11,3,2,4,0,0,5,2,5,3,10,2,10,4,3,5,10,9,7,3,0,4,8,9,9,6,9,4,5,2,5,5,6,2,9,9,10,9,10,4,4,6,4,7,8,9,7,9,9,4,4,2,7,3,7,2,2,3,7,7,11,8,11,2,3,4,9,3,8,11,0,9,4,0,3,2,7,4,9,11,8,11,9,9,0,0,6,3,7,5,2,0
10,5,5,5,5,6,8,0,9,11,8,4,4,7,3,0,8,0,8,9,4,6,3,3,7,2,4,10,10,0,2,2,10,10,3,3,5,10,7,6,0,0,6,10,2,11,2,7,4,6,8,5,9,9,9,6,10,3,0,4,3,5,2,2,6,3,6,4,11,3,11,5,4,6,11,10,8,4,2,5,9,10,10,7,10,5,6,3,6,6,7,3,10,10,11,10,11,5,5,7,5,8,9,10,8,10,10,5,5,3,8,4,8,3,3,4,8,8,0,9,0,3,4,5,10,4,9,0,2,10,5,2,4,3,8,5,10,0,9,0,10,10,2,2,7,4,8,6,3,2
11,6,6,6,6,7,9,2,10,0,9,5,5,8,4,2,9,2,9,10,5,7,4,4,8,3,5,11,11,2,3,3,11,11,4,4,6,11,8,7,2,2,7,11,3,0,3,8,5,7,9,6,10,10,10,7,11,4,2,5,4,6,3,3,7,4,7,5,0,4,0,6,5,7,0,11,9,5,3,6,10,11,11,8,11,6,7,4,7,7,8,4,11,11,0,11,0,6,6,8,6,9,10,11,9,11,11,6,6,4,9,5,9,4,4,5,9,9,2,10,2,4,5,6,11,5,10,2,3,11,6,3,5,4,9,6,11,2,10,2,11,11,3,3,8,5,9,7,4,3
0,7,7,7,7,8,10,3,11,2,10,6,6,9,5,3,10,3,10,11,6,8,5,5,9,4,6,0,0,3,4,4,0,0,5,5,7,0,9,8,3,3,8,0,4,2,4,9,6,8,10,7,11,11,11,8,0,5,3,6,5,7,4,4,8,5,8,6,2,5,2,7,6,8,2,0,10,6,4,7,11,0,0,9,0,7,8,5,8,8,9,5,0,0,2,0,2,7,7,9,7,10,11,0,10,0,0,7,7,5,10,6,10,5,5,6,10,10,3,11,3,5,6,7,0,6,11,3,4,0,7,4,6,5,10,7,0,3,11,3,0,0,4,4,9,6,10,8,5,4
2,8,8,8,8,9,11,4,0,3,11,7,7,10,6,4,11,4,11,0,7,9,6,6,10,5,7,2,2,4,5,5,2,2,6,6,8,2,10,9,4,4,9,2,5,3,5,10,7,9,11,8,0,0,0,9,2,6,4,7,6,8,5,5,9,6,9,7,3,6,3,8,7,9,3,2,11,7,5,8,0,2,2,10,2,8,9,6,9,9,10,6,2,2,3,2,3,8,8,10,8,11,0,2,11,2,2,8,8,6,11,7,11,6,6,7,11,11,4,0,4,6,7,8,2,7,0,4,5,2,8,5,7,6,11,8,2,4,0,4,2,2,5,5,10,7,11,9,6,5
3,9,9,9,9,10,0,5,2,4,0,8,8,11,7,5,0,5,0,2,8,10,7,7,11,6,8,3,3,5,6,6,3,3,7,7,9,3,11,10,5,5,10,3,6,4,6,11,8,10,0,9,2,2,2,10,3,7,5,8,7,9,6,6,10,7,10,8,4,7,4,9,8,10,4,3,0,8,6,9,2,3,3,11,3,9,10,7,10,10,11,7,3,3,4,3,4,9,9,11,9,0,2,3,0,3,3,9,9,7,0,8,0,7,7,8,0,0,5,2,5,7,8,9,3,8,2,5,6,3,9,6,8,7,0,9,3,5,2,5,3,3,6,6,11,8,0,10,7,6
4,10,10,10,10,11,2,6,3,5,2,9,9,0,8,6,2,6,2,3,9,11,8,8,0,7,9,4,4,6,7,7,4,4,8,8,10,4,0,11,6,6,11,4,7,5,7,0,9,11,2,10,3,3,3,11,4,8,6,9,8,10,7,7,11,8,11,9,5,8,5,10,9,11,5,4,2,9,7,10,3,4,4,0,4,10,11,8,11,11,0,8,4,4,5,4,5,10,10,0,10,2,3,4,2,4,4,10,10,8,2,9,2,8,8,9,2,2,6,3,6,8,9,10,4,9,3,6,7,4,10,7,9,8,2,10,4,6,3,6,4,4,7,7,0,9,2,11,8,7
5,11,11,11,11,0,3,7,4,6,3,10,10,2,9,7,3,7,3,4,10,0,9,9,2,8,10,5,5,7,8,8,5,5,9,9,11,5,2,0,7,7,0,5,8,6,8,2,10,0,3,11,4,4,4,0,5,9,7,10,9,11,8,8,0,9,0,10,6,9,6,11,10,0,6,5,3,10,8,11,4,5,5,2,5,11,0,9,0,0,2,9,5,5,6,5,6,11,11,2,11,3,4,5,3,5,5,11,11,9,3,10,3,9,9,10,3,3,7,4,7,9,10,11,5,10,4,7,8,5,11,8,10,9,3,11,5,7,4,7,5,5,8,8,2,10,3,0,9,8
6,0,0,0,0,2,4,8,5,7,4,11,11,3,10,8,4,8,4,5,11,2,10,10,3,9,11,6,6,8,9,9,6,6,10,10,0,6,3,2,8,8,2,6,9,7,9,3,11,2,4,0,5,5,5,2,6,10,8,11,10,0,9,9,2,10,2,11,7,10,7,0,11,2,7,6,4,11,9,0,5,6,6,3,6,0,2,10,2,2,3,10,6,6,7,6,7,0,0,3,0,4,5,6,4,6,6,0,0,10,4,11,4,10,10,11,4,4,8,5,8,10,11,0,6,11,5,8,9,6,0,9,11,10,4,0,6,8,5,8,6,6,9,9,3,11,4,2,10,9
7,2,2,2,2,3,5,9,6,8,5,0,0,4,11,9,5,9,5,6,0,3,11,11,4,10,0,7,7,9,10,10,7,7,11,11,2,7,4,3,9,9,3,7,10,8,10,4,0,3,5,2,6,6,6,3,7,11,9,0,11,2,10,10,3,11,3,0,8,11,8,2,0,3,8,7,5,0,10,2,6,7,7,4,7,2,3,11,3,3,4,11,7,7,8,7,8,2,2,4,2,5,6,7,5,7,7,2,2,11,5,0,5,11,11,0,5,5,9,6,9,11,0,2,7,0,6,9,10,7,2,10,0,11,5,2,7,9,6,9,7,7,10,10,4,0,5,3,11,10
8,3,3,3,3,4,6,10,7,9,6,2,2,5,0,10,6,10,6,7,2,4,0,0,5,11,2,8,8,10,11,11,8,8,0,0,3,8,5,4,10,10,4,8,11,9,11,5,2,4,6,3,7,7,7,4,8,0,10,2,0,3,11,11,4,0,4,2,9,0,9,3,2,4,9,8,6,2,11,3,7,8,8,5,8,3,4,0,4,4,5,0,8,8,9,8,9,3,3,5,3,6,7,8,6,8,8,3,3,0,6,2,6,0,0,2,6,6,10,7,10,0,2,3,8,2,7,10,11,8,3,11,2,0,6,3,8,10,7,10,8,8,11,11,5,2,6,4,0,11
9,4,4,4,4,5,7,11,8,10,7,3,3,6,2,11,7,11,7,8,3,5,2,2,6,0,3,9,9,11,0,0,9,9,2,2,4,9,6,5,11,11,5,9,0,10,0,6,3,5,7,4,8,8,8,5,9,2,11,3,2,4,0,0,5,2,5,3,10,2,10,4,3,5,10,9,7,3,0,4,8,9,9,6,9,4,5,2,5,5,6,2,9,9,10,9,10,4,4,6,4,7,8,9,7,9,9,4,4,2,7,3,7,2,2,3,7,7,11,8,11,2,3,4,9,3,8,11,0,9,4,0,3,2,7,4,9,11,8,11,9,9,0,0,6,3,7,5,2,0
10,5,5,5,5,6,8,0,9,11,8,4,4,7,3,0,8,0,8,9,4,6,3,3,7,2,4,10,10,0,2,2,10,10,3,3,5,10,7,6,0,0,6,10,2,11,2,7,4,6,8,5,9,9,9,6,10,3,0,4,3,5,2,2,6,3,6,4,11,3,11,5,4,6,11,10,8,4,2,5,9,10,10,7,10,5,6,3,6,6,7,3,10,10,11,10,11,5,5,7,5,8,9,10,8,10,10,5,5,3,8,4,8,3,3,4,8,8,0,9,0,3,4,5,10,4,9,0,2,10,5,2,4,3,8,5,10,0,9,0,10,10,2,2,7,4,8,6,3,2
11,6,6,6,6,7,9,2,10,0,9,5,5,8,4,2,9,2,9,10,5,7,4,4,8,3,5,11,11,2,3,3,11,11,4,4,6,11,8,7,2,2,7,11,3,0,3,8,5,7,9,6,10,10,10,7,11,4,2,5,4,6,3,3,7,4,7,5,0,4,0,6,5,7,0,11,9,5,3,6,10,11,11,8,11,6,7,4,7,7,8,4,11,11,0,11,0,6,6,8,6,9,10,11,9,11,11,6,6,4,9,5,9,4,4,5,9,9,2,10,2,4,5,6,11,5,10,2,3,11,6,3,5,4,9,6,11,2,10,2,11,11,3,3,8,5,9,7,4,3
0,7,7,7,7,8,10,3,11,2,10,6,6,9,5,3,10,3,10,11,6,8,5,5,9,4,6,0,0,3,4,4,0,0,5,5,7,0,9,8,3,3,8,0,4,2,4,9,6,8,10,7,11,11,11,8,0,5,3,6,5,7,4,4,8,5,8,6,2,5,2,7,6,8,2,0,10,6,4,7,11,0,0,9,0,7,8,5,8,8,9,5,0,0,2,0,2,7,7,9,7,10,11,0,10,0,0,7,7,5,10,6,10,5,5,6,10,10,3,11,3,5,6,7,0,6,11,3,4,0,7,4,6,5,10,7,0,3,11,3,0,0,4,4,9,6,10,8,5,4
2,8,8,8,8,9,11,4,0,3,11,7,7,10,6,4,11,4,11,0,7,9,6,6,10,5,7,2,2,4,5,5,2,2,6,6,8,2,10,9,4,4,9,2,5,3,5,10,7,9,11,8,0,0,0,9,2,6,4,7,6,8,5,5,9,6,9,7,3,6,3,8,7,9,3,2,11,7,5,8,0,2,2,10,2,8,9,6,9,9,10,6,2,2,3,2,3,8,8,10,8,11,0,2,11,2,2,8,8,6,11,7,11,6,6,7,11,11,4,0,4,6,7,8,2,7,0,4,5,2,8,5,7,6,11,8,2,4,0,4,2,2,5,5,10,7,11,9,6,5
3,9,9,9,9,10,0,5,2,4,0,8,8,11,7,5,0,5,0,2,8,10,7,7,11,6,8,3,3,5,6,6,3,3,7,7,9,3,11,10,5,5,10,3,6,4,6,11,8,10,0,9,2,2,2,10,3,7,5,8,7,9,6,6,10,7,10,8,4,7,4,9,8,10,4,3,0,8,6,9,2,3,3,11,3,9,10,7,10,10,11,7,3,3,4,3,4,9,9,11,9,0,2,3,0,3,3,9,9,7,0,8,0,7,7,8,0,0,5,2,5,7,8,9,3,8,2,5,6,3,9,6,8,7,0,9,3,5,2,5,3,3,6,6,11,8,0,10,7,6
4,10,10,10,10,11,2,6,3,5,2,9,9,0,8,6,2,6,2,3,9,11,8,8,0,7,9,4,4,6,7,7,4,4,8,8,10,4,0,11,6,6,11,4,7,5,7,0,9,11,2,10,3,3,3,11,4,8,6,9,8,10,7,7,11,8,11,9,5,8,5,10,9,11,5,4,2,9,7,10,3,4,4,0,4,10,11,8,11,11,0,8,4,4,5,4,5,10,10,0,10,2,3,4,2,4,4,10,10,8,2,9,2,8,8,9,2,2,6,3,6,8,9,10,4,9,3,6,7,4,10,7,9,8,2,10,4,6,3,6,4,4,7,7,0,9,2,11,8,7
5,11,11,11,11,0,3,7,4,6,3,10,10,2,9,7,3,7,3,4,10,0,9,9,2,8,10,5,5,7,8,8,5,5,9,9,11,5,2,0,7,7,0,5,8,6,8,2,10,0,3,11,4,4,4,0,5,9,7,10,9,11,8,8,0,9,0,10,6,9,6,11,10,0,6,5,3,10,8,11,4,5,5,2,5,11,0,9,0,0,2,9,5,5,6,5,6,11,11,2,11,3,4,5,3,5,5,11,11,9,3,10,3,9,9,10,3,3,7,4,7,9,10,11,5,10,4,7,8,5,11,8,10,9,3,11,5,7,4,7,5,5,8,8,2,10,3,0,9,8
6,0,0,0,0,2,4,8,5,7,4,11,11,3,10,8,4,8,4,5,11,2,10,10,3,9,11,6,6,8,9,9,6,6,10,10,0,6,3,2,8,8,2,6,9,7,9,3,11,2,4,0,5,5,5,2,6,10,8,11,10,0,9,9,2,10,2,11,7,10,7,0,11,2,7,6,4,11,9,0,5,6,6,3,6,0,2,10,2,2,3,10,6,6,7,6,7,0,0,3,0,4,5,6,4,6,6,0,0,10,4,11,4,10,10,11,4,4,8,5,8,10,11,0,6,11,5,8,9,6,0,9,11,10,4,0,6,8,5,8,6,6,9,9,3,11,4,2,10,9
7,2,2,2,2,3,5,9,6,8,5,0,0,4,11,9,5,9,5,6,0,3,11,11,4,10,0,7,7,9,10,10,7,7,11,11,2,7,4,3,9,9,3,7,10,8,10,4,0,3,5,2,6,6,6,3,7,11,9,0,11,2,10,10,3,11,3,0,8,11,8,2,0,3,8,7,5,0,10,2,6,7,7,4,7,2,3,11,3,3,4,11,7,7,8,7,8,2,2,4,2,5,6,7,5,7,7,2,2,11,5,0,5,11,11,0,5,5,9,6,9,11,0,2,7,0,6,9,10,7,2,10,0,11,5,2,7,9,6,9,7,7,10,10,4,0,5,3,11,10
8,3,3,3,3,4,6,10,7,9,6,2,2,5,0,10,6,10,6,7,2,4,0,0,5,11,2,8,8,10,11,11,8,8,0,0,3,8,5,4,10,10,4,8,11,9,11,5,2,4,6,3,7,7,7,4,8,0,10,2,0,3,11,11,4,0,4,2,9,0,9,3,2,4,9,8,6,2,11,3,7,8,8,5,8,3,4,0,4,4,5,0,8,8,9,8,9,3,3,5,3,6,7,8,6,8,8,3,3,0,6,2,6,0,0,2,6,6,10,7,10,0,2,3,8,2,7,10,11,8,3,11,2,0,6,3,8,10,7,10,8,8,11,11,5,2,6,4,0,11
9,4,4,4,4,5,7,11,8,10,7,3,3,6,2,11,7,11,7,8,3,5,2,2,6,0,3,9,9,11,0,0,9,9,2,2,4,9,6,5,11,11,5,9,0,10,0,6,3,5,7,4,8,8,8,5,9,2,11,3,2,4,0,0,5,2,5,3,10,2,10,4,3,5,10,9,7,3,0,4,8,9,9,6,9,4,5,2,5,5,6,2,9,9,10,9,10,4,4,6,4,7,8,9,7,9,9,4,4,2,7,3,7,2,2,3,7,7,11,8,11,2,3,4,9,3,8,11,0,9,4,0,3,2,7,4,9,11,8,11,9,9,0,0,6,3,7,5,2,0
10,5,5,5,5,6,8,0,9,11,8,4,4,7,3,0,8,0,8,9,4,6,3,3,7,2,4,10,10,0,2,2,10,10,3,3,5,10,7,6,0,0,6,10,2,11,2,7,4,6,8,5,9,9,9,6,10,3,0,4,3,5,2,2,6,3,6,4,11,3,11,5,4,6,11,10,8,4,2,5,9,10,10,7,10,5,6,3,6,6,7,3,10,10,11,10,11,5,5,7,5,8,9,10,8,10,10,5,5,3,8,4,8,3,3,4,8,8,0,9,0,3,4,5,10,4,9,0,2,10,5,2,4,3,8,5,10,0,9,0,10,10,2,2,7,4,8,6,3,2
11,6,6,6,6,7,9,2,10,0,9,5,5,8,4,2,9,2,9,10,5,7,4,4,8,3,5,11,11,2,3,3,11,11,4,4,6,11,8,7,2,2,7,11,3,0,3,8,5,7,9,6,10,10,10,7,11,4,2,5,4,6,3,3,7,4,7,5,0,4,0,6,5,7,0,11,9,5,3,6,10,11,11,8,11,6,7,4,7,7,8,4,11,11,0,11,0,6,6,8,6,9,10,11,9,11,11,6,6,4,9,5,9,4,4,5,9,9,2,10,2,4,5,6,11,5,10,2,3,11,6,3,5,4,9,6,11,2,10,2,11,11,3,3,8,5,9,7,4,3
0,7,7,7,7,8,10,3,11,2,10,6,6,9,5,3,10,3,10,11,6,8,5,5,9,4,6,0,0,3,4,4,0,0,5,5,7,0,9,8,3,3,8,0,4,2,4,9,6,8,10,7,11,11,11,8,0,5,3,6,5,7,4,4,8,5,8,6,2,5,2,7,6,8,2,0,10,6,4,7,11,0,0,9,0,7,8,5,8,8,9,5,0,0,2,0,2,7,7,9,7,10,11,0,10,0,0,7,7,5,10,6,10,5,5,6,10,10,3,11,3,5,6,7,0,6,11,3,4,0,7,4,6,5,10,7,0,3,11,3,0,0,4,4,9,6,10,8,5,4
2,8,8,8,8,9,11,4,0,3,11,7,7,10,6,4,11,4,11,0,7,9,6,6,10,5,7,2,2,4,5,5,2,2,6,6,8,2,10,9,4,4,9,2,5,3,5,10,7,9,11,8,0,0,0,9,2,6,4,7,6,8,5,5,9,6,9,7,3,6,3,8,7,9,3,2,11,7,5,8,0,2,2,10,2,8,9,6,9,9,10,6,2,2,3,2,3,8,8,10,8,11,0,2,11,2,2,8,8,6,11,7,11,6,6,7,11,11,4,0,4,6,7,8,2,7,0,4,5,2,8,5,7,6,11,8,2,4,0,4,2,2,5,5,10,7,11,9,6,5
3,9,9,9,9,10,0,5,2,4,0,8,8,11,7,5,0,5,0,2,8,10,7,7,11,6,8,3,3,5,6,6,3,3,7,7,9,3,11,10,5,5,10,3,6,4,6,11,8,10,0,9,2,2,2,10,3,7,5,8,7,9,6,6,10,7,10,8,4,7,4,9,8,10,4,3,0,8,6,9,2,3,3,11,3,9,10,7,10,10,11,7,3,3,4,3,4,9,9,11,9,0,2,3,0,3,3,9,9,7,0,8,0,7,7,8,0,0,5,2,5,7,8,9,3,8,2,5,6,3,9,6,8,7,0,9,3,5,2,5,3,3,6,6,11,8,0,10,7,6
4,10,10,10,10,11,2,6,3,5,2,9,9,0,8,6,2,6,2,3,9,11,8,8,0,7,9,4,4,6,7,7,4,4,8,8,10,4,0,11,6,6,11,4,7,5,7,0,9,11,2,10,3,3,3,11,4,8,6,9,8,10,7,7,11,8,11,9,5,8,5,10,9,11,5,4,2,9,7,10,3,4,4,0,4,10,11,8,11,11,0,8,4,4,5,4,5,10,10,0,10,2,3,4,2,4,4,10,10,8,2,9,2,8,8,9,2,2,6,3,6,8,9,10,4,9,3,6,7,4,10,7,9,8,2,10,4,6,3,6,4,4,7,7,0,9,2,11,8,7
5,11,11,11,11,0,3,7,4,6,3,10,10,2,9,7,3,7,3,4,10,0,9,9,2,8,10,5,5,7,8,8,5,5,9,9,11,5,2,0,7,7,0,5,8,6,8,2,10,0,3,11,4,4,4,0,5,9,7,10,9,11,8,8,0,9,0,10,6,9,6,11,10,0,6,5,3,10,8,11,4,5,5,2,5,11,0,9,0,0,2,9,5,5,6,5,6,11,11,2,11,3,4,5,3,5,5,11,11,9,3,10,3,9,9,10,3,3,7,4,7,9,10,11,5,10,4,7,8,5,11,8,10,9,3,11,5,7,4,7,5,5,8,8,2,10,3,0,9,8
6,0,0,0,0,2,4,8,5,7,4,11,11,3,10,8,4,8,4,5,11,2,10,10,3,9,11,6,6,8,9,9,6,6,10,10,0,6,3,2,8,8,2,6,9,7,9,3,11,2,4,0,5,5,5,2,6,10,8,11,10,0,9,9,2,10,2,11,7,10,7,0,11,2,7,6,4,11,9,0,5,6,6,3,6,0,2,10,2,2,3,10,6,6,7,6,7,0,0,3,0,4,5,6,4,6,6,0,0,10,4,11,4,10,10,11,4,4,8,5,8,10,11,0,6,11,5,8,9,6,0,9,11,10,4,0,6,8,5,8,6,6,9,9,3,11,4,2,10,9
7,2,2,2,2,3,5,9,6,8,5,0,0,4,11,9,5,9,5,6,0,3,11,11,4,10,0,7,7,9,10,10,7,7,11,11,2,7,4,3,9,9,3,7,10,8,10,4,0,3,5,2,6,6,6,3,7,11,9,0,11,2,10,10,3,11,3,0,8,11,8,2,0,3,8,7,5,0,10,2,6,7,7,4,7,2,3,11,3,3,4,11,7,7,8,7,8,2,2,4,2,5,6,7,5,7,7,2,2,11,5,0,5,11,11,0,5,5,9,6,9,11,0,2,7,0,6,9,10,7,2,10,0,11,5,2,7,9,6,9,7,7,10,10,4,0,5,3,11,10
8,3,3,3,3,4,6,10,7,9,6,2,2,5,0,10,6,10,6,7,2,4,0,0,5,11,2,8,8,10,11,11,8,8,0,0,3,8,5,4,10,10,4,8,11,9,11,5,2,4,6,3,7,7,7,4,8,0,10,2,0,3,11,11,4,0,4,2,9,0,9,3,2,4,9,8,6,2,11,3,7,8,8,5,8,3,4,0,4,4,5,0,8,8,9,8,9,3,3,5,3,6,7,8,6,8,8,3,3,0,6,2,6,0,0,2,6,6,10,7,10,0,2,3,8,2,7,10,11,8,3,11,2,0,6,3,8,10,7,10,8,8,11,11,5,2,6,4,0,11
9,4,4,4,4,5,7,11,8,10,7,3,3,6,2,11,7,11,7,8,3,5,2,2,6,0,3,9,9,11,0,0,9,9,2,2,4,9,6,5,11,11,5,9,0,10,0,6,3,5,7,4,8,8,8,5,9,2,11,3,2,4,0,0,5,2,5,3,10,2,10,4,3,5,10,9,7,3,0,4,8,9,9,6,9,4,5,2,5,5,6,2,9,9,10,9,10,4,4,6,4,7,8,9,7,9,9,4,4,2,7,3,7,2,2,3,7,7,11,8,11,2,3,4,9,3,8,11,0,9,4,0,3,2,7,4,9,11,8,11,9,9,0,0,6,3,7,5,2,0
10,5,5,5,5,6,8,0,9,11,8,4,4,7,3,0,8,0,8,9,4,6,3,3,7,2,4,10,10,0,2,2,10,10,3,3,5,10,7,6,0,0,6,10,2,11,2,7,4,6,8,5,9,9,9,6,10,3,0,4,3,5,2,2,6,3,6,4,11,3,11,5,4,6,11,10,8,4,2,5,9,10,10,7,10,5,6,3,6,6,7,3,10,10,11,10,11,5,5,7,5,8,9,10,8,10,10,5,5,3,8,4,8,3,3,4,8,8,0,9,0,3,4,5,10,4,9,0,2,10,5,2,4,3,8,5,10,0,9,0,10,10,2,2,7,4,8,6,3,2
11,6,6,6,6,7,9,2,10,0,9,5,5,8,4,2,9,2,9,10,5,7,4,4,8,3,5,11,11,2,3,3,11,11,4,4,6,11,8,7,2,2,7,11,3,0,3,8,5,7,9,6,10,10,10,7,11,4,2,5,4,6,3,3,7,4,7,5,0,4,0,6,5,7,0,11,9,5,3,6,10,11,11,8,11,6,7,4,7,7,8,4,11,11,0,11,0,6,6,8,6,9,10,11,9,11,11,6,6,4,9,5,9,4,4,5,9,9,2,10,2,4,5,6,11,5,10,2,3,11,6,3,5,4,9,6,11,2,10,2,11,11,3,3,8,5,9,7,4,3
0,7,7,7,7,8,10,3,11,2,10,6,6,9,5,3,10,3,10,11,6,8,5,5,9,4,6,0,0,3,4,4,0,0,5,5,7,0,9,8,3,3,8,0,4,2,4,9,6,8,10,7,11,11,11,8,0,5,3,6,5,7,4,4,8,5,8,6,2,5,2,7,6,8,2,0,10,6,4,7,11,0,0,9,0,7,8,5,8,8,9,5,0,0,2,0,2,7,7,9,7,10,11,0,10,0,0,7,7,5,10,6,10,5,5,6,10,10,3,11,3,5,6,7,0,6,11,3,4,0,7,4,6,5,10,7,0,3,11,3,0,0,4,4,9,6,10,8,5,4
2,8,8,8,8,9,11,4,0,3,11,7,7,10,6,4,11,4,11,0,7,9,6,6,10,5,7,2,2,4,5,5,2,2,6,6,8,2,10,9,4,4,9,2,5,3,5,10,7,9,11,8,0,0,0,9,2,6,4,7,6,8,5,5,9,6,9,7,3,6,3,8,7,9,3,2,11,7,5,8,0,2,2,10,2,8,9,6,9,9,10,6,2,2,3,2,3,8,8,10,8,11,0,2,11,2,2,8,8,6,11,7,11,6,6,7,11,11,4,0,4,6,7,8,2,7,0,4,5,2,8,5,7,6,11,8,2,4,0,4,2,2,5,5,10,7,11,9,6,5
3,9,9,9,9,10,0,5,2,4,0,8,8,11,7,5,0,5,0,2,8,10,7,7,11,6,8,3,3,5,6,6,3,3,7,7,9,3,11,10,5,5,10,3,6,4,6,11,8,10,0,9,2,2,2,10,3,7,5,8,7,9,6,6,10,7,10,8,4,7,4,9,8,10,4,3,0,8,6,9,2,3,3,11,3,9,10,7,10,10,11,7,3,3,4,3,4,9,9,11,9,0,2,3,0,3,3,9,9,7,0,8,0,7,7,8,0,0,5,2,5,7,8,9,3,8,2,5,6,3,9,6,8,7,0,9,3,5,2,5,3,3,6,6,11,8,0,10,7,6
4,10,10,10,10,11,2,6,3,5,2,9,9,0,8,6,2,6,2,3,9,11,8,8,0,7,9,4,4,6,7,7,4,4,8,8,10,4,0,11,6,6,11,4,7,5,7,0,9,11,2,10,3,3,3,11,4,8,6,9,8,10,7,7,11,8,11,9,5,8,5,10,9,11,5,4,2,9,7,10,3,4,4,0,4,10,11,8,11,11,0,8,4,4,5,4,5,10,10,0,10,2,3,4,2,4,4,10,10,8,2,9,2,8,8,9,2,2,6,3,6,8,9,10,4,9,3,6,7,4,10,7,9,8,2,10,4,6,3,6,4,4,7,7,0,9,2,11,8,7
5,11,11,11,11,0,3,7,4,6,3,10,10,2,9,7,3,7,3,4,10,0,9,9,2,8,10,5,5,7,8,8,5,5,9,9,11,5,2,0,7,7,0,5,8,6,8,2,10,0,3,11,4,4,4,0,5,9,7,10,9,11,8,8,0,9,0,10,6,9,6,11,10,0,6,5,3,10,8,11,4,5,5,2,5,11,0,9,0,0,2,9,5,5,6,5,6,11,11,2,11,3,4,5,3,5,5,11,11,9,3,10,3,9,9,10,3,3,7,4,7,9,10,11,5,10,4,7,8,5,11,8,10,9,3,11,5,7,4,7,5,5,8,8,2,10,3,0,9,8
6,0,0,0,0,2,4,8,5,7,4,11,11,3,10,8,4,8,4,5,11,2,10,10,3,9,11,6,6,8,9,9,6,6,10,10,0,6,3,2,8,8,2,6,9,7,9,3,11,2,4,0,5,5,5,2,6,10,8,11,10,0,9,9,2,10,2,11,7,10,7,0,11,2,7,6,4,11,9,0,5,6,6,3,6,0,2,10,2,2,3,10,6,6,7,6,7,0,0,3,0,4,5,6,4,6,6,0,0,10,4,11,4,10,10,11,4,4,8,5,8,10,11,0,6,11,5,8,9,6,0,9,11,10,4,0,6,8,5,8,6,6,9,9,3,11,4,2,10,9
7,2,2,2,2,3,5,9,6,8,5,0,0,4,11,9,5,9,5,6,0,3,11,11,4,10,0,7,7,9,10,10,7,7,11,11,2,7,4,3,9,9,3,7,10,8,10,4,0,3,5,2,6,6,6,3,7,11,9,0,11,2,10,10,3,11,3,0,8,11,8,2,0,3,8,7,5,0,10,2,6,7,7,4,7,2,3,11,3,3,4,11,7,7,8,7,8,2,2,4,2,5,6,7,5,7,7,2,2,11,5,0,5,11,11,0,5,5,9,6,9,11,0,2,7,0,6,9,10,7,2,10,0,11,5,2,7,9,6,9,7,7,10,10,4,0,5,3,11,10
8,3,3,3,3,4,6,10,7,9,6,2,2,5,0,10,6,10,6,7,2,4,0,0,5,11,2,8,8,10,11,11,8,8,0,0,3,8,5,4,10,10,4,8,11,9,11,5,2,4,6,3,7,7,7,4,8,0,10,2,0,3,11,11,4,0,4,2,9,0,9,3,2,4,9,8,6,2,11,3,7,8,8,5,8,3,4,0,4,4,5,0,8,8,9,8,9,3,3,5,3,6,7,8,6,8,8,3,3,0,6,2,6,0,0,2,6,6,10,7,10,0,2,3,8,2,7,10,11,8,3,11,2,0,6,3,8,10,7,10,8,8,11,11,5,2,6,4,0,11
9,4,4,4,4,5,7,11,8,10,7,3,3,6,2,11,7,11,7,8,3,5,2,2,6,0,3,9,9,11,0,0,9,9,2,2,4,9,6,5,11,11,5,9,0,10,0,6,3,5,7,4,8,8,8,5,9,2,11,3,2,4,0,0,5,2,5,3,10,2,10,4,3,5,10,9,7,3,0,4,8,9,9,6,9,4,5,2,5,5,6,2,9,9,10,9,10,4,4,6,4,7,8,9,7,9,9,4,4,2,7,3,7,2,2,3,7,7,11,8,11,2,3,4,9,3,8,11,0,9,4,0,3,2,7,4,9,11,8,11,9,9,0,0,6,3,7,5,2,0
10,5,5,5,5,6,8,0,9,11,8,4,4,7,3,0,8,0,8,9,4,6,3,3,7,2,4,10,10,0,2,2,10,10,3,3,5,10,7,6,0,0,6,10,2,11,2,7,4,6,8,5,9,9,9,6,10,3,0,4,3,5,2,2,6,3,6,4,11,3,11,5,4,6,11,10,8,4,2,5,9,10,10,7,10,5,6,3,6,6,7,3,10,10,11,10,11,5,5,7,5,8,9,10,8,10,10,5,5,3,8,4,8,3,3,4,8,8,0,9,0,3,4,5,10,4,9,0,2,10,5,2,4,3,8,5,10,0,9,0,10,10,2,2,7,4,8,6,3,2
11,6,6,6,6,7,9,2,10,0,9,5,5,8,4,2,9,2,9,10,5,7,4,4,8,3,5,11,11,2,3,3,11,11,4,4,6,11,8,7,2,2,7,11,3,0,3,8,5,7,9,6,10,10,10,7,11,4,2,5,4,6,3,3,7,4,7,5,0,4,0,6,5,7,0,11,9,5,3,6,10,11,11,8,11,6,7,4,7,7,8,4,11,11,0,11,0,6,6,8,6,9,10,11,9,11,11,6,6,4,9,5,9,4,4,5,9,9,2,10,2,4,5,6,11,5,10,2,3,11,6,3,5,4,9,6,11,2,10,2,11,11,3,3,8,5,9,7,4,3
0,7,7,7,7,8,10,3,11,2,10,6,6,9,5,3,10,3,10,11,6,8,5,5,9,4,6,0,0,3,4,4,0,0,5,5,7,0,9,8,3,3,8,0,4,2,4,9,6,8,10,7,11,11,11,8,0,5,3,6,5,7,4,4,8,5,8,6,2,5,2,7,6,8,2,0,10,6,4,7,11,0,0,9,0,7,8,5,8,8,9,5,0,0,2,0,2,7,7,9,7,10,11,0,10,0,0,7,7,5,10,6,10,5,5,6,10,10,3,11,3,5,6,7,0,6,11,3,4,0,7,4,6,5,10,7,0,3,11,3,0,0,4,4,9,6,10,8,5,4
2,8,8,8,8,9,11,4,0,3,11,7,7,10,6,4,11,4,11,0,7,9,6,6,10,5,7,2,2,4,5,5,2,2,6,6,8,2,10,9,4,4,9,2,5,3,5,10,7,9,11,8,0,0,0,9,2,6,4,7,6,8,5,5,9,6,9,7,3,6,3,8,7,9,3,2,11,7,5,8,0,2,2,10,2,8,9,6,9,9,10,6,2,2,3,2,3,8,8,10,8,11,0,2,11,2,2,8,8,6,11,7,11,6,6,7,11,11,4,0,4,6,7,8,2,7,0,4,5,2,8,5,7,6,11,8,2,4,0,4,2,2,5,5,10,7,11,9,6,5
3,9,9,9,9,10,0,5,2,4,0,8,8,11,7,5,0,5,0,2,8,10,7,7,11,6,8,3,3,5,6,6,3,3,7,7,9,3,11,10,5,5,10,3,6,4,6,11,8,10,0,9,2,2,2,10,3,7,5,8,7,9,6,6,10,7,10,8,4,7,4,9,8,10,4,3,0,8,6,9,2,3,3,11,3,9,10,7,10,10,11,7,3,3,4,3,4,9,9,11,9,0,2,3,0,3,3,9,9,7,0,8,0,7,7,8,0,0,5,2,5,7,8,9,3,8,2,5,6,3,9,6,8,7,0,9,3,5,2,5,3,3,6,6,11,8,0,10,7,6
4,10,10,10,10,11,2,6,3,5,2,9,9,0,8,6,2,6,2,3,9,11,8,8,0,7,9,4,4,6,7,7,4,4,8,8,10,4,0,11,6,6,11,4,7,5,7,0,9,11,2,10,3,3,3,11,4,8,6,9,8,10,7,7,11,8,11,9,5,8,5,10,9,11,5,4,2,9,7,10,3,4,4,0,4,10,11,8,11,11,0,8,4,4,5,4,5,10,10,0,10,2,3,4,2,4,4,10,10,8,2,9,2,8,8,9,2,2,6,3,6,8,9,10,4,9,3,6,7,4,10,7,9,8,2,10,4,6,3,6,4,4,7,7,0,9,2,11,8,7
5,11,11,11,11,0,3,7,4,6,3,10,10,2,9,7,3,7,3,4,10,0,9,9,2,8,10,5,5,7,8,8,5,5,9,9,11,5,2,0,7,7,0,5,8,6,8,2,10,0,3,11,4,4,4,0,5,9,7,10,9,11,8,8,0,9,0,10,6,9,6,11,10,0,6,5,3,10,8,11,4,5,5,2,5,11,0,9,0,0,2,9,5,5,6,5,6,11,11,2,11,3,4,5,3,5,5,11,11,9,3,10,3,9,9,10,3,3,7,4,7,9,10,11,5,10,4,7,8,5,11,8,10,9,3,11,5,7,4,7,5,5,8,8,2,10,3,0,9,8
6,0,0,0,0,2,4,8,5,7,4,11,11,3,10,8,4,8,4,5,11,2,10,10,3,9,11,6,6,8,9,9,6,6,10,10,0,6,3,2,8,8,2,6,9,7,9,3,11,2,4,0,5,5,5,2,6,10,8,11,10,0,9,9,2,10,2,11,7,10,7,0,11,2,7,6,4,11,9,0,5,6,6,3,6,0,2,10,2,2,3,10,6,6,7,6,7,0,0,3,0,4,5,6,4,6,6,0,0,10,4,11,4,10,10,11,4,4,8,5,8,10,11,0,6,11,5,8,9,6,0,9,11,10,4,0,6,8,5,8,6,6,9,9,3,11,4,2,10,9
7,2,2,2,2,3,5,9,6,8,5,0,0,4,11,9,5,9,5,6,0,3,11,11,4,10,0,7,7,9,10,10,7,7,11,11,2,7,4,3,9,9,3,7,10,8,10,4,0,3,5,2,6,6,6,3,7,11,9,0,11,2,10,10,3,11,3,0,8,11,8,2,0,3,8,7,5,0,10,2,6,7,7,4,7,2,3,11,3,3,4,11,7,7,8,7,8,2,2,4,2,5,6,7,5,7,7,2,2,11,5,0,5,11,11,0,5,5,9,6,9,11,0,2,7,0,6,9,10,7,2,10,0,11,5,2,7,9,6,9,7,7,10,10,4,0,5,3,11,10
8,3,3,3,3,4,6,10,7,9,6,2,2,5,0,10,6,10,6,7,2,4,0,0,5,11,2,8,8,10,11,11,8,8,0,0,3,8,5,4,10,10,4,8,11,9,11,5,2,4,6,3,7,7,7,4,8,0,10,2,0,3,11,11,4,0,4,2,9,0,9,3,2,4,9,8,6,2,11,3,7,8,8,5,8,3,4,0,4,4,5,0,8,8,9,8,9,3,3,5,3,6,7,8,6,8,8,3,3,0,6,2,6,0,0,2,6,6,10,7,10,0,2,3,8,2,7,10,11,8,3,11,2,0,6,3,8,10,7,10,8,8,11,11,5,2,6,4,0,11
9,4,4,4,4,5,7,11,8,10,7,3,3,6,2,11,7,11,7,8,3,5,2,2,6,0,3,9,9,11,0,0,9,9,2,2,4,9,6,5,11,11,5,9,0,10,0,6,3,5,7,4,8,8,8,5,9,2,11,3,2,4,0,0,5,2,5,3,10,2,10,4,3,5,10,9,7,3,0,4,8,9,9,6,9,4,5,2,5,5,6,2,9,9,10,9,10,4,4,6,4,7,8,9,7,9,9,4,4,2,7,3,7,2,2,3,7,7,11,8,11,2,3,4,9,3,8,11,0,9,4,0,3,2,7,4,9,11,8,11,9,9,0,0,6,3,7,5,2,0
10,5,5,5,5,6,8,0,9,11,8,4,4,7,3,0,8,0,8,9,4,6,3,3,7,2,4,10,10,0,2,2,10,10,3,3,5,10,7,6,0,0,6,10,2,11,2,7,4,6,8,5,9,9,9,6,10,3,0,4,3,5,2,2,6,3,6,4,11,3,11,5,4,6,11,10,8,4,2,5,9,10,10,7,10,5,6,3,6,6,7,3,10,10,11,10,11,5,5,7,5,8,9,10,8,10,10,5,5,3,8,4,8,3,3,4,8,8,0,9,0,3,4,5,10,4,9,0,2,10,5,2,4,3,8,5,10,0,9,0,10,10,2,2,7,4,8,6,3,2
11,6,6,6,6,7,9,2,10,0,9,5,5,8,4,2,9,2,9,10,5,7,4,4,8,3,5,11,11,2,3,3,11,11,4,4,6,11,8,7,2,2,7,11,3,0,3,8,5,7,9,6,10,10,10,7,11,4,2,5,4,6,3,3,7,4,7,5,0,4,0,6,5,7,0,11,9,5,3,6,10,11,11,8,11,6,7,4,7,7,8,4,11,11,0,11,0,6,6,8,6,9,10,11,9,11,11,6,6,4,9,5,9,4,4,5,9,9,2,10,2,4,5,6,11,5,10,2,3,11,6,3,5,4,9,6,11,2,10,2,11,11,3,3,8,5,9,7,4,3
0,7,7,7,7,8,10,3,11,2,10,6,6,9,5,3,10,3,10,11,6,8,5,5,9,4,6,0,0,3,4,4,0,0,5,5,7,0,9,8,3,3,8,0,4,2,4,9,6,8,10,7,11,11,11,8,0,5,3,6,5,7,4,4,8,5,8,6,2,5,2,7,6,8,2,0,10,6,4,7,11,0,0,9,0,7,8,5,8,8,9,5,0,0,2,0,2,7,7,9,7,10,11,0,10,0,0,7,7,5,10,6,10,5,5,6,10,10,3,11,3,5,6,7,0,6,11,3,4,0,7,4,6,5,10,7,0,3,11,3,0,0,4,4,9,6,10,8,5,4
2,8,8,8,8,9,11,4,0,3,11,7,7,10,6,4,11,4,11,0,7,9,6,6,10,5,7,2,2,4,5,5,2,2,6,6,8,2,10,9,4,4,9,2,5,3,5,10,7,9,11,8,0,0,0,9,2,6,4,7,6,8,5,5,9,6,9,7,3,6,3,8,7,9,3,2,11,7,5,8,0,2,2,10,2,8,9,6,9,9,10,6,2,2,3,2,3,8,8,10,8,11,0,2,11,2,2,8,8,6,11,7,11,6,6,7,11,11,4,0,4,6,7,8,2,7,0,4,5,2,8,5,7,6,11,8,2,4,0,4,2,2,5,5,10,7,11,9,6,5
3,9,9,9,9,10,0,5,2,4,0,8,8,11,7,5,0,5,0,2,8,10,7,7,11,6,8,3,3,5,6,6,3,3,7,7,9,3,11,10,5,5,10,3,6,4,6,11,8,10,0,9,2,2,2,10,3,7,5,8,7,9,6,6,10,7,10,8,4,7,4,9,8,10,4,3,0,8,6,9,2,3,3,11,3,9,10,7,10,10,11,7,3,3,4,3,4,9,9,11,9,0,2,3,0,3,3,9,9,7,0,8,0,7,7,8,0,0,5,2,5,7,8,9,3,8,2,5,6,3,9,6,8,7,0,9,3,5,2,5,3,3,6,6,11,8,0,10,7,6
4,10,10,10,10,11,2,6,3,5,2,9,9,0,8,6,2,6,2,3,9,11,8,8,0,7,9,4,4,6,7,7,4,4,8,8,10,4,0,11,6,6,11,4,7,5,7,0,9,11,2,10,3,3,3,11,4,8,6,9,8,10,7,7,11,8,11,9,5,8,5,10,9,11,5,4,2,9,7,10,3,4,4,0,4,10,11,8,11,11,0,8,4,4,5,4,5,10,10,0,10,2,3,4,2,4,4,10,10,8,2,9,2,8,8,9,2,2,6,3,6,8,9,10,4,9,3,6,7,4,10,7,9,8,2,10,4,6,3,6,4,4,7,7,0,9,2,11,8,7
5,11,11,11,11,0,3,7,4,6,3,10,10,2,9,7,3,7,3,4,10,0,9,9,2,8,10,5,5,7,8,8,5,5,9,9,11,5,2,0,7,7,0,5,8,6,8,2,10,0,3,11,4,4,4,0,5,9,7,10,9,11,8,8,0,9,0,10,6,9,6,11,10,0,6,5,3,10,8,11,4,5,5,2,5,11,0,9,0,0,2,9,5,5,6,5,6,11,11,2,11,3,4,5,3,5,5,11,11,9,3,10,3,9,9,10,3,3,7,4,7,9,10,11,5,10,4,7,8,5,11,8,10,9,3,11,5,7,4,7,5,5,8,8,2,10,3,0,9,8
6,0,0,0,0,2,4,8,5,7,4,11,11,3,10,8,4,8,4,5,11,2,10,10,3,9,11,6,6,8,9,9,6,6,10,10,0,6,3,2,8,8,2,6,9,7,9,3,11,2,4,0,5,5,5,2,6,10,8,11,10,0,9,9,2,10,2,11,7,10,7,0,11,2,7,6,4,11,9,0,5,6,6,3,6,0,2,10,2,2,3,10,6,6,7,6,7,0,0,3,0,4,5,6,4,6,6,0,0,10,4,11,4,10,10,11,4,4,8,5,8,10,11,0,6,11,5,8,9,6,0,9,11,10,4,0,6,8,5,8,6,6,9,9,3,11,4,2,10,9
7,2,2,2,2,3,5,9,6,8,5,0,0,4,11,9,5,9,5,6,0,3,11,11,4,10,0,7,7,9,10,10,7,7,11,11,2,7,4,3,9,9,3,7,10,8,10,4,0,3,5,2,6,6,6,3,7,11,9,0,11,2,10,10,3,11,3,0,8,11,8,2,0,3,8,7,5,0,10,2,6,7,7,4,7,2,3,11,3,3,4,11,7,7,8,7,8,2,2,4,2,5,6,7,5,7,7,2,2,11,5,0,5,11,11,0,5,5,9,6,9,11,0,2,7,0,6,9,10,7,2,10,0,11,5,2,7,9,6,9,7,7,10,10,4,0,5,3,11,10
8,3,3,3,3,4,6,10,7,9,6,2,2,5,0,10,6,10,6,7,2,4,0,0,5,11,2,8,8,10,11,11,8,8,0,0,3,8,5,4,10,10,4,8,11,9,11,5,2,4,6,3,7,7,7,4,8,0,10,2,0,3,11,11,4,0,4,2,9,0,9,3,2,4,9,8,6,2,11,3,7,8,8,5,8,3,4,0,4,4,5,0,8,8,9,8,9,3,3,5,3,6,7,8,6,8,8,3,3,0,6,2,6,0,0,2,6,6,10,7,10,0,2,3,8,2,7,10,11,8,3,11,2,0,6,3,8,10,7,10,8,8,11,11,5,2,6,4,0,11
9,4,4,4,4,5,7,11,8,10,7,3,3,6,2,11,7,11,7,8,3,5,2,2,6,0,3,9,9,11,0,0,9,9,2,2,4,9,6,5,11,11,5,9,0,10,0,6,3,5,7,4,8,8,8,5,9,2,11,3,2,4,0,0,5,2,5,3,10,2,10,4,3,5,10,9,7,3,0,4,8,9,9,6,9,4,5,2,5,5,6,2,9,9,10,9,10,4,4,6,4,7,8,9,7,9,9,4,4,2,7,3,7,2,2,3,7,7,11,8,11,2,3,4,9,3,8,11,0,9,4,0,3,2,7,4,9,11,8,11,9,9,0,0,6,3,7,5,2,0
10,5,5,5,5,6,8,0,9,11,8,4,4,7,3,0,8,0,8,9,4,6,3,3,7,2,4,10,10,0,2,2,10,10,3,3,5,10,7,6,0,0,6,10,2,11,2,7,4,6,8,5,9,9,9,6,10,3,0,4,3,5,2,2,6,3,6,4,11,3,11,5,4,6,11,10,8,4,2,5,9,10,10,7,10,5,6,3,6,6,7,3,10,10,11,10,11,5,5,7,5,8,9,10,8,10,10,5,5,3,8,4,8,3,3,4,8,8,0,9,0,3,4,5,10,4,9,0,2,10,5,2,4,3,8,5,10,0,9,0,10,10,2,2,7,4,8,6,3,2
11,6,6,6,6,7,9,2,10,0,9,5,5,8,4,2,9,2,9,10,5,7,4,4,8,3,5,11,11,2,3,3,11,11,4,4,6,11,8,7,2,2,7,11,3,0,3,8,5,7,9,6,10,10,10,7,11,4,2,5,4,6,3,3,7,4,7,5,0,4,0,6,5,7,0,11,9,5,3,6,10,11,11,8,11,6,7,4,7,7,8,4,11,11,0,11,0,6,6,8,6,9,10,11,9,11,11,6,6,4,9,5,9,4,4,5,9,9,2,10,2,4,5,6,11,5,10,2,3,11,6,3,5,4,9,6,11,2,10,2,11,11,3,3,8,5,9,7,4,3
0,7,7,7,7,8,10,3,11,2,10,6,6,9,5,3,10,3,10,11,6,8,5,5,9,4,6,0,0,3,4,4,0,0,5,5,7,0,9,8,3,3,8,0,4,2,4,9,6,8,10,7,11,11,11,8,0,5,3,6,5,7,4,4,8,5,8,6,2,5,2,7,6,8,2,0,10,6,4,7,11,0,0,9,0,7,8,5,8,8,9,5,0,0,2,0,2,7,7,9,7,10,11,0,10,0,0,7,7,5,10,6,10,5,5,6,10,10,3,11,3,5,6,7,0,6,11,3,4,0,7,4,6,5,10,7,0,3,11,3,0,0,4,4,9,6,10,8,5,4
2,8,8,8,8,9,11,4,0,3,11,7,7,10,6,4,11,4,11,0,7,9,6,6,10,5,7,2,2,4,5,5,2,2,6,6,8,2,10,9,4,4,9,2,5,3,5,10,7,9,11,8,0,0,0,9,2,6,4,7,6,8,5,5,9,6,9,7,3,6,3,8,7,9,3,2,11,7,5,8,0,2,2,10,2,8,9,6,9,9,10,6,2,2,3,2,3,8,8,10,8,11,0,2,11,2,2,8,8,6,11,7,11,6,6,7,11,11,4,0,4,6,7,8,2,7,0,4,5,2,8,5,7,6,11,8,2,4,0,4,2,2,5,5,10,7,11,9,6,5
3,9,9,9,9,10,0,5,2,4,0,8,8,11,7,5,0,5,0,2,8,10,7,7,11,6,8,3,3,5,6,6,3,3,7,7,9,3,11,10,5,5,10,3,6,4,6,11,8,10,0,9,2,2,2,10,3,7,5,8,7,9,6,6,10,7,10,8,4,7,4,9,8,10,4,3,0,8,6,9,2,3,3,11,3,9,10,7,10,10,11,7,3,3,4,3,4,9,9,11,9,0,2,3,0,3,3,9,9,7,0,8,0,7,7,8,0,0,5,2,5,7,8,9,3,8,2,5,6,3,9,6,8,7,0,9,3,5,2,5,3,3,6,6,11,8,0,10,7,6
4,10,10,10,10,11,2,6,3,5,2,9,9,0,8,6,2,6,2,3,9,11,8,8,0,7,9,4,4,6,7,7,4,4,8,8,10,4,0,11,6,6,11,4,7,5,7,0,9,11,2,10,3,3,3,11,4,8,6,9,8,10,7,7,11,8,11,9,5,8,5,10,9,11,5,4,2,9,7,10,3,4,4,0,4,10,11,8,11,11,0,8,4,4,5,4,5,10,10,0,10,2,3,4,2,4,4,10,10,8,2,9,2,8,8,9,2,2,6,3,6,8,9,10,4,9,3,6,7,4,10,7,9,8,2,10,4,6,3,6,4,4,7,7,0,9,2,11,8,7
5,11,11,11,11,0,3,7,4,6,3,10,10,2,9,7,3,7,3,4,10,0,9,9,2,8,10,5,5,7,8,8,5,5,9,9,11,5,2,0,7,7,0,5,8,6,8,2,10,0,3,11,4,4,4,0,5,9,7,10,9,11,8,8,0,9,0,10,6,9,6,11,10,0,6,5,3,10,8,11,4,5,5,2,5,11,0,9,0,0,2,9,5,5,6,5,6,11,11,2,11,3,4,5,3,5,5,11,11,9,3,10,3,9,9,10,3,3,7,4,7,9,10,11,5,10,4,7,8,5,11,8,10,9,3,11,5,7,4,7,5,5,8,8,2,10,3,0,9,8
6,0,0,0,0,2,4,8,5,7,4,11,11,3,10,8,4,8,4,5,11,2,10,10,3,9,11,6,6,8,9,9,6,6,10,10,0,6,3,2,8,8,2,6,9,7,9,3,11,2,4,0,5,5,5,2,6,10,8,11,10,0,9,9,2,10,2,11,7,10,7,0,11,2,7,6,4,11,9,0,5,6,6,3,6,0,2,10,2,2,3,10,6,6,7,6,7,0,0,3,0,4,5,6,4,6,6,0,0,10,4,11,4,10,10,11,4,4,8,5,8,10,11,0,6,11,5,8,9,6,0,9,11,10,4,0,6,8,5,8,6,6,9,9,3,11,4,2,10,9
7,2,2,2,2,3,5,9,6,8,5,0,0,4,11,9,5,9,5,6,0,3,11,11,4,10,0,7,7,9,10,10,7,7,11,11,2,7,4,3,9,9,3,7,10,8,10,4,0,3,5,2,6,6,6,3,7,11,9,0,11,2,10,10,3,11,3,0,8,11,8,2,0,3,8,7,5,0,10,2,6,7,7,4,7,2,3,11,3,3,4,11,7,7,8,7,8,2,2,4,2,5,6,7,5,7,7,2,2,11,5,0,5,11,11,0,5,5,9,6,9,11,0,2,7,0,6,9,10,7,2,10,0,11,5,2,7,9,6,9,7,7,10,10,4,0,5,3,11,10
8,3,3,3,3,4,6,10,7,9,6,2,2,5,0,10,6,10,6,7,2,4,0,0,5,11,2,8,8,10,11,11,8,8,0,0,3,8,5,4,10,10,4,8,11,9,11,5,2,4,6,3,7,7,7,4,8,0,10,2,0,3,11,11,4,0,4,2,9,0,9,3,2,4,9,8,6,2,11,3,7,8,8,5,8,3,4,0,4,4,5,0,8,8,9,8,9,3,3,5,3,6,7,8,6,8,8,3,3,0,6,2,6,0,0,2,6,6,10,7,10,0,2,3,8,2,7,10,11,8,3,11,2,0,6,3,8,10,7,10,8,8,11,11,5,2,6,4,0,11
9,4,4,4,4,5,7,11,8,10,7,3,3,6,2,11,7,11,7,8,3,5,2,2,6,0,3,9,9,11,0,0,9,9,2,2,4,9,6,5,11,11,5,9,0,10,0,6,3,5,7,4,8,8,8,5,9,2,11,3,2,4,0,0,5,2,5,3,10,2,10,4,3,5,10,9,7,3,0,4,8,9,9,6,9,4,5,2,5,5,6,2,9,9,10,9,10,4,4,6,4,7,8,9,7,9,9,4,4,2,7,3,7,2,2,3,7,7,11,8,11,2,3,4,9,3,8,11,0,9,4,0,3,2,7,4,9,11,8,11,9,9,0,0,6,3,7,5,2,0
10,5,5,5,5,6,8,0,9,11,8,4,4,7,3,0,8,0,8,9,4,6,3,3,7,2,4,10,10,0,2,2,10,10,3,3,5,10,7,6,0,0,6,10,2,11,2,7,4,6,8,5,9,9,9,6,10,3,0,4,3,5,2,2,6,3,6,4,11,3,11,5,4,6,11,10,8,4,2,5,9,10,10,7,10,5,6,3,6,6,7,3,10,10,11,10,11,5,5,7,5,8,9,10,8,10,10,5,5,3,8,4,8,3,3,4,8,8,0,9,0,3,4,5,10,4,9,0,2,10,5,2,4,3,8,5,10,0,9,0,10,10,2,2,7,4,8,6,3,2
11,6,6,6,6,7,9,2,10,0,9,5,5,8,4,2,9,2,9,10,5,7,4,4,8,3,5,11,11,2,3,3,11,11,4,4,6,11,8,7,2,2,7,11,3,0,3,8,5,7,9,6,10,10,10,7,11,4,2,5,4,6,3,3,7,4,7,5,0,4,0,6,5,7,0,11,9,5,3,6,10,11,11,8,11,6,7,4,7,7,8,4,11,11,0,11,0,6,6,8,6,9,10,11,9,11,11,6,6,4,9,5,9,4,4,5,9,9,2,10,2,4,5,6,11,5,10,2,3,11,6,3,5,4,9,6,11,2,10,2,11,11,3,3,8,5,9,7,4,3
0,7,7,7,7,8,10,3,11,2,10,6,6,9,5,3,10,3,10,11,6,8,5,5,9,4,6,0,0,3,4,4,0,0,5,5,7,0,9,8,3,3,8,0,4,2,4,9,6,8,10,7,11,11,11,8,0,5,3,6,5,7,4,4,8,5,8,6,2,5,2,7,6,8,2,0,10,6,4,7,11,0,0,9,0,7,8,5,8,8,9,5,0,0,2,0,2,7,7,9,7,10,11,0,10,0,0,7,7,5,10,6,10,5,5,6,10,10,3,11,3,5,6,7,0,6,11,3,4,0,7,4,6,5,10,7,0,3,11,3,0,0,4,4,9,6,10,8,5,4
2,8,8,8,8,9,11,4,0,3,11,7,7,10,6,4,11,4,11,0,7,9,6,6,10,5,7,2,2,4,5,5,2,2,6,6,8,2,10,9,4,4,9,2,5,3,5,10,7,9,11,8,0,0,0,9,2,6,4,7,6,8,5,5,9,6,9,7,3,6,3,8,7,9,3,2,11,7,5,8,0,2,2,10,2,8,9,6,9,9,10,6,2,2,3,2,3,8,8,10,8,11,0,2,11,2,2,8,8,6,11,7,11,6,6,7,11,11,4,0,4,6,7,8,2,7,0,4,5,2,8,5,7,6,11,8,2,4,0,4,2,2,5,5,10,7,11,9,6,5
3,9,9,9,9,10,0,5,2,4,0,8,8,11,7,5,0,5,0,2,8,10,7,7,11,6,8,3,3,5,6,6,3,3,7,7,9,3,11,10,5,5,10,3,6,4,6,11,8,10,0,9,2,2,2,10,3,7,5,8,7,9,6,6,10,7,10,8,4,7,4,9,8,10,4,3,0,8,6,9,2,3,3,11,3,9,10,7,10,10,11,7,3,3,4,3,4,9,9,11,9,0,2,3,0,3,3,9,9,7,0,8,0,7,7,8,0,0,5,2,5,7,8,9,3,8,2,5,6,3,9,6,8,7,0,9,3,5,2,5,3,3,6,6,11,8,0,10,7,6
4,10,10,10,10,11,2,6,3,5,2,9,9,0,8,6,2,6,2,3,9,11,8,8,0,7,9,4,4,6,7,7,4,4,8,8,10,4,0,11,6,6,11,4,7,5,7,0,9,11,2,10,3,3,3,11,4,8,6,9,8,10,7,7,11,8,11,9,5,8,5,10,9,11,5,4,2,9,7,10,3,4,4,0,4,10,11,8,11,11,0,8,4,4,5,4,5,10,10,0,10,2,3,4,2,4,4,10,10,8,2,9,2,8,8,9,2,2,6,3,6,8,9,10,4,9,3,6,7,4,10,7,9,8,2,10,4,6,3,6,4,4,7,7,0,9,2,11,8,7
5,11,11,11,11,0,3,7,4,6,3,10,10,2,9,7,3,7,3,4,10,0,9,9,2,8,10,5,5,7,8,8,5,5,9,9,11,5,2,0,7,7,0,5,8,6,8,2,10,0,3,11,4,4,4,0,5,9,7,10,9,11,8,8,0,9,0,10,6,9,6,11,10,0,6,5,3,10,8,11,4,5,5,2,5,11,0,9,0,0,2,9,5,5,6,5,6,11,11,2,11,3,4,5,3,5,5,11,11,9,3,10,3,9,9,10,3,3,7,4,7,9,10,11,5,10,4,7,8,5,11,8,10,9,3,11,5,7,4,7,5,5,8,8,2,10,3,0,9,8
6,0,0,0,0,2,4,8,5,7,4,11,11,3,10,8,4,8,4,5,11,2,10,10,3,9,11,6,6,8,9,9,6,6,10,10,0,6,3,2,8,8,2,6,9,7,9,3,11,2,4,0,5,5,5,2,6,10,8,11,10,0,9,9,2,10,2,11,7,10,7,0,11,2,7,6,4,11,9,0,5,6,6,3,6,0,2,10,2,2,3,10,6,6,7,6,7,0,0,3,0,4,5,6,4,6,6,0,0,10,4,11,4,10,10,11,4,4,8,5,8,10,11,0,6,11,5,8,9,6,0,9,11,10,4,0,6,8,5,8,6,6,9,9,3,11,4,2,10,9
7,2,2,2,2,3,5,9,6,8,5,0,0,4,11,9,5,9,5,6,0,3,11,11,4,10,0,7,7,9,10,10,7,7,11,11,2,7,4,3,9,9,3,7,10,8,10,4,0,3,5,2,6,6,6,3,7,11,9,0,11,2,10,10,3,11,3,0,8,11,8,2,0,3,8,7,5,0,10,2,6,7,7,4,7,2,3,11,3,3,4,11,7,7,8,7,8,2,2,4,2,5,6,7,5,7,7,2,2,11,5,0,5,11,11,0,5,5,9,6,9,11,0,2,7,0,6,9,10,7,2,10,0,11,5,2,7,9,6,9,7,7,10,10,4,0,5,3,11,10
8,3,3,3,3,4,6,10,7,9,6,2,2,5,0,10,6,10,6,7,2,4,0,0,5,11,2,8,8,10,11,11,8,8,0,0,3,8,5,4,10,10,4,8,11,9,11,5,2,4,6,3,7,7,7,4,8,0,10,2,0,3,11,11,4,0,4,2,9,0,9,3,2,4,9,8,6,2,11,3,7,8,8,5,8,3,4,0,4,4,5,0,8,8,9,8,9,3,3,5,3,6,7,8,6,8,8,3,3,0,6,2,6,0,0,2,6,6,10,7,10,0,2,3,8,2,7,10,11,8,3,11,2,0,6,3,8,10,7,10,8,8,11,11,5,2,6,4,0,11
9,4,4,4,4,5,7,11,8,10,7,3,3,6,2,11,7,11,7,8,3,5,2,2,6,0,3,9,9,11,0,0,9,9,2,2,4,9,6,5,11,11,5,9,0,10,0,6,3,5,7,4,8,8,8,5,9,2,11,3,2,4,0,0,5,2,5,3,10,2,10,4,3,5,10,9,7,3,0,4,8,9,9,6,9,4,5,2,5,5,6,2,9,9,10,9,10,4,4,6,4,7,8,9,7,9,9,4,4,2,7,3,7,2,2,3,7,7,11,8,11,2,3,4,9,3,8,11,0,9,4,0,3,2,7,4,9,11,8,11,9,9,0,0,6,3,7,5,2,0
10,5,5,5,5,6,8,0,9,11,8,4,4,7,3,0,8,0,8,9,4,6,3,3,7,2,4,10,10,0,2,2,10,10,3,3,5,10,7,6,0,0,6,10,2,11,2,7,4,6,8,5,9,9,9,6,10,3,0,4,3,5,2,2,6,3,6,4,11,3,11,5,4,6,11,10,8,4,2,5,9,10,10,7,10,5,6,3,6,6,7,3,10,10,11,10,11,5,5,7,5,8,9,10,8,10,10,5,5,3,8,4,8,3,3,4,8,8,0,9,0,3,4,5,10,4,9,0,2,10,5,2,4,3,8,5,10,0,9,0,10,10,2,2,7,4,8,6,3,2
11,6,6,6,6,7,9,2,10,0,9,5,5,8,4,2,9,2,9,10,5,7,4,4,8,3,5,11,11,2,3,3,11,11,4,4,6,11,8,7,2,2,7,11,3,0,3,8,5,7,9,6,10,10,10,7,11,4,2,5,4,6,3,3,7,4,7,5,0,4,0,6,5,7,0,11,9,5,3,6,10,11,11,8,11,6,7,4,7,7,8,4,11,11,0,11,0,6,6,8,6,9,10,11,9,11,11,6,6,4,9,5,9,4,4,5,9,9,2,10,2,4,5,6,11,5,10,2,3,11,6,3,5,4,9,6,11,2,10,2,11,11,3,3,8,5,9,7,4,3
0,7,7,7,7,8,10,3,11,2,10,6,6,9,5,3,10,3,10,11,6,8,5,5,9,4,6,0,0,3,4,4,0,0,5,5,7,0,9,8,3,3,8,0,4,2,4,9,6,8,10,7,11,11,11,8,0,5,3,6,5,7,4,4,8,5,8,6,2,5,2,7,6,8,2,0,10,6,4,7,11,0,0,9,0,7,8,5,8,8,9,5,0,0,2,0,2,7,7,9,7,10,11,0,10,0,0,7,7,5,10,6,10,5,5,6,10,10,3,11,3,5,6,7,0,6,11,3,4,0,7,4,6,5,10,7,0,3,11,3,0,0,4,4,9,6,10,8,5,4
2,8,8,8,8,9,11,4,0,3,11,7,7,10,6,4,11,4,11,0,7,9,6,6,10,5,7,2,2,4,5,5,2,2,6,6,8,2,10,9,4,4,9,2,5,3,5,10,7,9,11,8,0,0,0,9,2,6,4,7,6,8,5,5,9,6,9,7,3,6,3,8,7,9,3,2,11,7,5,8,0,2,2,10,2,8,9,6,9,9,10,6,2,2,3,2,3,8,8,10,8,11,0,2,11,2,2,8,8,6,11,7,11,6,6,7,11,11,4,0,4,6,7,8,2,7,0,4,5,2,8,5,7,6,11,8,2,4,0,4,2,2,5,5,10,7,11,9,6,5
3,9,9,9,9,10,0,5,2,4,0,8,8,11,7,5,0,5,0,2,8,10,7,7,11,6,8,3,3,5,6,6,3,3,7,7,9,3,11,10,5,5,10,3,6,4,6,11,8,10,0,9,2,2,2,10,3,7,5,8,7,9,6,6,10,7,10,8,4,7,4,9,8,10,4,3,0,8,6,9,2,3,3,11,3,9,10,7,10,10,11,7,3,3,4,3,4,9,9,11,9,0,2,3,0,3,3,9,9,7,0,8,0,7,7,8,0,0,5,2,5,7,8,9,3,8,2,5,6,3,9,6,8,7,0,9,3,5,2,5,3,3,6,6,11,8,0,10,7,6
4,10,10,10,10,11,2,6,3,5,2,9,9,0,8,6,2,6,2,3,9,11,8,8,0,7,9,4,4,6,7,7,4,4,8,8,10,4,0,11,6,6,11,4,7,5,7,0,9,11,2,10,3,3,3,11,4,8,6,9,8,10,7,7,11,8,11,9,5,8,5,10,9,11,5,4,2,9,7,10,3,4,4,0,4,10,11,8,11,11,0,8,4,4,5,4,5,10,10,0,10,2,3,4,2,4,4,10,10,8,2,9,2,8,8,9,2,2,6,3,6,8,9,10,4,9,3,6,7,4,10,7,9,8,2,10,4,6,3,6,4,4,7,7,0,9,2,11,8,7
5,11,11,11,11,0,3,7,4,6,3,10,10,2,9,7,3,7,3,4,10,0,9,9,2,8,10,5,5,7,8,8,5,5,9,9,11,5,2,0,7,7,0,5,8,6,8,2,10,0,3,11,4,4,4,0,5,9,7,10,9,11,8,8,0,9,0,10,6,9,6,11,10,0,6,5,3,10,8,11,4,5,5,2,5,11,0,9,0,0,2,9,5,5,6,5,6,11,11,2,11,3,4,5,3,5,5,11,11,9,3,10,3,9,9,10,3,3,7,4,7,9,10,11,5,10,4,7,8,5,11,8,10,9,3,11,5,7,4,7,5,5,8,8,2,10,3,0,9,8
6,0,0,0,0,2,4,8,5,7,4,11,11,3,10,8,4,8,4,5,11,2,10,10,3,9,11,6,6,8,9,9,6,6,10,10,0,6,3,2,8,8,2,6,9,7,9,3,11,2,4,0,5,5,5,2,6,10,8,11,10,0,9,9,2,10,2,11,7,10,7,0,11,2,7,6,4,11,9,0,5,6,6,3,6,0,2,10,2,2,3,10,6,6,7,6,7,0,0,3,0,4,5,6,4,6,6,0,0,10,4,11,4,10,10,11,4,4,8,5,8,10,11,0,6,11,5,8,9,6,0,9,11,10,4,0,6,8,5,8,6,6,9,9,3,11,4,2,10,9
7,2,2,2,2,3,5,9,6,8,5,0,0,4,11,9,5,9,5,6,0,3,11,11,4,10,0,7,7,9,10,10,7,7,11,11,2,7,4,3,9,9,3,7,10,8,10,4,0,3,5,2,6,6,6,3,7,11,9,0,11,2,10,10,3,11,3,0,8,11,8,2,0,3,8,7,5,0,10,2,6,7,7,4,7,2,3,11,3,3,4,11,7,7,8,7,8,2,2,4,2,5,6,7,5,7,7,2,2,11,5,0,5,11,11,0,5,5,9,6,9,11,0,2,7,0,6,9,10,7,2,10,0,11,5,2,7,9,6,9,7,7,10,10,4,0,5,3,11,10
8,3,3,3,3,4,6,10,7,9,6,2,2,5,0,10,6,10,6,7,2,4,0,0,5,11,2,8,8,10,11,11,8,8,0,0,3,8,5,4,10,10,4,8,11,9,11,5,2,4,6,3,7,7,7,4,8,0,10,2,0,3,11,11,4,0,4,2,9,0,9,3,2,4,9,8,6,2,11,3,7,8,8,5,8,3,4,0,4,4,5,0,8,8,9,8,9,3,3,5,3,6,7,8,6,8,8,3,3,0,6,2,6,0,0,2,6,6,10,7,10,0,2,3,8,2,7,10,11,8,3,11,2,0,6,3,8,10,7,10,8,8,11,11,5,2,6,4,0,11
9,4,4,4,4,5,7,11,8,10,7,3,3,6,2,11,7,11,7,8,3,5,2,2,6,0,3,9,9,11,0,0,9,9,2,2,4,9,6,5,11,11,5,9,0,10,0,6,3,5,7,4,8,8,8,5,9,2,11,3,2,4,0,0,5,2,5,3,10,2,10,4,3,5,10,9,7,3,0,4,8,9,9,6,9,4,5,2,5,5,6,2,9,9,10,9,10,4,4,6,4,7,8,9,7,9,9,4,4,2,7,3,7,2,2,3,7,7,11,8,11,2,3,4,9,3,8,11,0,9,4,0,3,2,7,4,9,11,8,11,9,9,0,0,6,3,7,5,2,0
10,5,5,5,5,6,8,0,9,11,8,4,4,7,3,0,8,0,8,9,4,6,3,3,7,2,4,10,10,0,2,2,10,10,3,3,5,10,7,6,0,0,6,10,2,11,2,7,4,6,8,5,9,9,9,6,10,3,0,4,3,5,2,2,6,3,6,4,11,3,11,5,4,6,11,10,8,4,2,5,9,10,10,7,10,5,6,3,6,6,7,3,10,10,11,10,11,5,5,7,5,8,9,10,8,10,10,5,5,3,8,4,8,3,3,4,8,8,0,9,0,3,4,5,10,4,9,0,2,10,5,2,4,3,8,5,10,0,9,0,10,10,2,2,7,4,8,6,3,2
11,6,6,6,6,7,9,2,10,0,9,5,5,8,4,2,9,2,9,10,5,7,4,4,8,3,5,11,11,2,3,3,11,11,4,4,6,11,8,7,2,2,7,11,3,0,3,8,5,7,9,6,10,10,10,7,11,4,2,5,4,6,3,3,7,4,7,5,0,4,0,6,5,7,0,11,9,5,3,6,10,11,11,8,11,6,7,4,7,7,8,4,11,11,0,11,0,6,6,8,6,9,10,11,9,11,11,6,6,4,9,5,9,4,4,5,9,9,2,10,2,4,5,6,11,5,10,2,3,11,6,3,5,4,9,6,11,2,10,2,11,11,3,3,8,5,9,7,4,3
0,7,7,7,7,8,10,3,11,2,10,6,6,9,5,3,10,3,10,11,6,8,5,5,9,4,6,0,0,3,4,4,0,0,5,5,7,0,9,8,3,3,8,0,4,2,4,9,6,8,10,7,11,11,11,8,0,5,3,6,5,7,4,4,8,5,8,6,2,5,2,7,6,8,2,0,10,6,4,7,11,0,0,9,0,7,8,5,8,8,9,5,0,0,2,0,2,7,7,9,7,10,11,0,10,0,0,7,7,5,10,6,10,5,5,6,10,10,3,11,3,5,6,7,0,6,11,3,4,0,7,4,6,5,10,7,0,3,11,3,0,0,4,4,9,6,10,8,5,4
2,8,8,8,8,9,11,4,0,3,11,7,7,10,6,4,11,4,11,0,7,9,6,6,10,5,7,2,2,4,5,5,2,2,6,6,8,2,10,9,4,4,9,2,5,3,5,10,7,9,11,8,0,0,0,9,2,6,4,7,6,8,5,5,9,6,9,7,3,6,3,8,7,9,3,2,11,7,5,8,0,2,2,10,2,8,9,6,9,9,10,6,2,2,3,2,3,8,8,10,8,11,0,2,11,2,2,8,8,6,11,7,11,6,6,7,11,11,4,0,4,6,7,8,2,7,0,4,5,2,8,5,7,6,11,8,2,4,0,4,2,2,5,5,10,7,11,9,6,5
3,9,9,9,9,10,0,5,2,4,0,8,8,11,7,5,0,5,0,2,8,10,7,7,11,6,8,3,3,5,6,6,3,3,7,7,9,3,11,10,5,5,10,3,6,4,6,11,8,10,0,9,2,2,2,10,3,7,5,8,7,9,6,6,10,7,10,8,4,7,4,9,8,10,4,3,0,8,6,9,2,3,3,11,3,9,10,7,10,10,11,7,3,3,4,3,4,9,9,11,9,0,2,3,0,3,3,9,9,7,0,8,0,7,7,8,0,0,5,2,5,7,8,9,3,8,2,5,6,3,9,6,8,7,0,9,3,5,2,5,3,3,6,6,11,8,0,10,7,6
4,10,10,10,10,11,2,6,3,5,2,9,9,0,8,6,2,6,2,3,9,11,8,8,0,7,9,4,4,6,7,7,4,4,8,8,10,4,0,11,6,6,11,4,7,5,7,0,9,11,2,10,3,3,3,11,4,8,6,9,8,10,7,7,11,8,11,9,5,8,5,10,9,11,5,4,2,9,7,10,3,4,4,0,4,10,11,8,11,11,0,8,4,4,5,4,5,10,10,0,10,2,3,4,2,4,4,10,10,8,2,9,2,8,8,9,2,2,6,3,6,8,9,10,4,9,3,6,7,4,10,7,9,8,2,10,4,6,3,6,4,4,7,7,0,9,2,11,8,7
5,11,11,11,11,0,3,7,4,6,3,10,10,2,9,7,3,7,3,4,10,0,9,9,2,8,10,5,5,7,8,8,5,5,9,9,11,5,2,0,7,7,0,5,8,6,8,2,10,0,3,11,4,4,4,0,5,9,7,10,9,11,8,8,0,9,0,10,6,9,6,11,10,0,6,5,3,10,8,11,4,5,5,2,5,11,0,9,0,0,2,9,5,5,6,5,6,11,11,2,11,3,4,5,3,5,5,11,11,9,3,10,3,9,9,10,3,3,7,4,7,9,10,11,5,10,4,7,8,5,11,8,10,9,3,11,5,7,4,7,5,5,8,8,2,10,3,0,9,8
6,0,0,0,0,2,4,8,5,7,4,11,11,3,10,8,4,8,4,5,11,2,10,10,3,9,11,6,6,8,9,9,6,6,10,10,0,6,3,2,8,8,2,6,9,7,9,3,11,2,4,0,5,5,5,2,6,10,8,11,10,0,9,9,2,10,2,11,7,10,7,0,11,2,7,6,4,11,9,0,5,6,6,3,6,0,2,10,2,2,3,10,6,6,7,6,7,0,0,3,0,4,5,6,4,6,6,0,0,10,4,11,4,10,10,11,4,4,8,5,8,10,11,0,6,11,5,8,9,6,0,9,11,10,4,0,6,8,5,8,6,6,9,9,3,11,4,2,10,9
7,2,2,2,2,3,5,9,6,8,5,0,0,4,11,9,5,9,5,6,0,3,11,11,4,10,0,7,7,9,10,10,7,7,11,11,2,7,4,3,9,9,3,7,10,8,10,4,0,3,5,2,6,6,6,3,7,11,9,0,11,2,10,10,3,11,3,0,8,11,8,2,0,3,8,7,5,0,10,2,6,7,7,4,7,2,3,11,3,3,4,11,7,7,8,7,8,2,2,4,2,5,6,7,5,7,7,2,2,11,5,0,5,11,11,0,5,5,9,6,9,11,0,2,7,0,6,9,10,7,2,10,0,11,5,2,7,9,6,9,7,7,10,10,4,0,5,3,11,10
8,3,3,3,3,4,6,10,7,9,6,2,2,5,0,10,6,10,6,7,2,4,0,0,5,11,2,8,8,10,11,11,8,8,0,0,3,8,5,4,10,10,4,8,11,9,11,5,2,4,6,3,7,7,7,4,8,0,10,2,0,3,11,11,4,0,4,2,9,0,9,3,2,4,9,8,6,2,11,3,7,8,8,5,8,3,4,0,4,4,5,0,8,8,9,8,9,3,3,5,3,6,7,8,6,8,8,3,3,0,6,2,6,0,0,2,6,6,10,7,10,0,2,3,8,2,7,10,11,8,3,11,2,0,6,3,8,10,7,10,8,8,11,11,5,2,6,4,0,11
9,4,4,4,4,5,7,11,8,10,7,3,3,6,2,11,7,11,7,8,3,5,2,2,6,0,3,9,9,11,0,0,9,9,2,2,4,9,6,5,11,11,5,9,0,10,0,6,3,5,7,4,8,8,8,5,9,2,11,3,2,4,0,0,5,2,5,3,10,2,10,4,3,5,10,9,7,3,0,4,8,9,9,6,9,4,5,2,5,5,6,2,9,9,10,9,10,4,4,6,4,7,8,9,7,9,9,4,4,2,7,3,7,2,2,3,7,7,11,8,11,2,3,4,9,3,8,11,0,9,4,0,3,2,7,4,9,11,8,11,9,9,0,0,6,3,7,5,2,0
10,5,5,5,5,6,8,0,9,11,8,4,4,7,3,0,8,0,8,9,4,6,3,3,7,2,4,10,10,0,2,2,10,10,3,3,5,10,7,6,0,0,6,10,2,11,2,7,4,6,8,5,9,9,9,6,10,3,0,4,3,5,2,2,6,3,6,4,11,3,11,5,4,6,11,10,8,4,2,5,9,10,10,7,10,5,6,3,6,6,7,3,10,10,11,10,11,5,5,7,5,8,9,10,8,10,10,5,5,3,8,4,8,3,3,4,8,8,0,9,0,3,4,5,10,4,9,0,2,10,5,2,4,3,8,5,10,0,9,0,10,10,2,2,7,4,8,6,3,2
11,6,6,6,6,7,9,2,10,0,9,5,5,8,4,2,9,2,9,10,5,7,4,4,8,3,5,11,11,2,3,3,11,11,4,4,6,11,8,7,2,2,7,11,3,0,3,8,5,7,9,6,10,10,10,7,11,4,2,5,4,6,3,3,7,4,7,5,0,4,0,6,5,7,0,11,9,5,3,6,10,11,11,8,11,6,7,4,7,7,8,4,11,11,0,11,0,6,6,8,6,9,10,11,9,11,11,6,6,4,9,5,9,4,4,5,9,9,2,10,2,4,5,6,11,5,10,2,3,11,6,3,5,4,9,6,11,2,10,2,11,11,3,3,8,5,9,7,4,3
0,7,7,7,7,8,10,3,11,2,10,6,6,9,5,3,10,3,10,11,6,8,5,5,9,4,6,0,0,3,4,4,0,0,5,5,7,0,9,8,3,3,8,0,4,2,4,9,6,8,10,7,11,11,11,8,0,5,3,6,5,7,4,4,8,5,8,6,2,5,2,7,6,8,2,0,10,6,4,7,11,0,0,9,0,7,8,5,8,8,9,5,0,0,2,0,2,7,7,9,7,10,11,0,10,0,0,7,7,5,10,6,10,5,5,6,10,10,3,11,3,5,6,7,0,6,11,3,4,0,7,4,6,5,10,7,0,3,11,3,0,0,4,4,9,6,10,8,5,4
2,8,8,8,8,9,11,4,0,3,11,7,7,10,6,4,11,4,11,0,7,9,6,6,10,5,7,2,2,4,5,5,2,2,6,6,8,2,10,9,4,4,9,2,5,3,5,10,7,9,11,8,0,0,0,9,2,6,4,7,6,8,5,5,9,6,9,7,3,6,3,8,7,9,3,2,11,7,5,8,0,2,2,10,2,8,9,6,9,9,10,6,2,2,3,2,3,8,8,10,8,11,0,2,11,2,2,8,8,6,11,7,11,6,6,7,11,11,4,0,4,6,7,8,2,7,0,4,5,2,8,5,7,6,11,8,2,4,0,4,2,2,5,5,10,7,11,9,6,5
3,9,9,9,9,10,0,5,2,4,0,8,8,11,7,5,0,5,0,2,8,10,7,7,11,6,8,3,3,5,6,6,3,3,7,7,9,3,11,10,5,5,10,3,6,4,6,11,8,10,0,9,2,2,2,10,3,7,5,8,7,9,6,6,10,7,10,8,4,7,4,9,8,10,4,3,0,8,6,9,2,3,3,11,3,9,10,7,10,10,11,7,3,3,4,3,4,9,9,11,9,0,2,3,0,3,3,9,9,7,0,8,0,7,7,8,0,0,5,2,5,7,8,9,3,8,2,5,6,3,9,6,8,7,0,9,3,5,2,5,3,3,6,6,11,8,0,10,7,6
4,10,10,10,10,11,2,6,3,5,2,9,9,0,8,6,2,6,2,3,9,11,8,8,0,7,9,4,4,6,7,7,4,4,8,8,10,4,0,11,6,6,11,4,7,5,7,0,9,11,2,10,3,3,3,11,4,8,6,9,8,10,7,7,11,8,11,9,5,8,5,10,9,11,5,4,2,9,7,10,3,4,4,0,4,10,11,8,11,11,0,8,4,4,5,4,5,10,10,0,10,2,3,4,2,4,4,10,10,8,2,9,2,8,8,9,2,2,6,3,6,8,9,10,4,9,3,6,7,4,10,7,9,8,2,10,4,6,3,6,4,4,7,7,0,9,2,11,8,7
5,11,11,11,11,0,3,7,4,6,3,10,10,2,9,7,3,7,3,4,10,0,9,9,2,8,10,5,5,7,8,8,5,5,9,9,11,5,2,0,7,7,0,5,8,6,8,2,10,0,3,11,4,4,4,0,5,9,7,10,9,11,8,8,0,9,0,10,6,9,6,11,10,0,6,5,3,10,8,11,4,5,5,2,5,11,0,9,0,0,2,9,5,5,6,5,6,11,11,2,11,3,4,5,3,5,5,11,11,9,3,10,3,9,9,10,3,3,7,4,7,9,10,11,5,10,4,7,8,5,11,8,10,9,3,11,5,7,4,7,5,5,8,8,2,10,3,0,9,8
6,0,0,0,0,2,4,8,5,7,4,11,11,3,10,8,4,8,4,5,11,2,10,10,3,9,11,6,6,8,9,9,6,6,10,10,0,6,3,2,8,8,2,6,9,7,9,3,11,2,4,0,5,5,5,2,6,10,8,11,10,0,9,9,2,10,2,11,7,10,7,0,11,2,7,6,4,11,9,0,5,6,6,3,6,0,2,10,2,2,3,10,6,6,7,6,7,0,0,3,0,4,5,6,4,6,6,0,0,10,4,11,4,10,10,11,4,4,8,5,8,10,11,0,6,11,5,8,9,6,0,9,11,10,4,0,6,8,5,8,6,6,9,9,3,11,4,2,10,9
7,2,2,2,2,3,5,9,6,8,5,0,0,4,11,9,5,9,5,6,0,3,11,11,4,10,0,7,7,9,10,10,7,7,11,11,2,7,4,3,9,9,3,7,10,8,10,4,0,3,5,2,6,6,6,3,7,11,9,0,11,2,10,10,3,11,3,0,8,11,8,2,0,3,8,7,5,0,10,2,6,7,7,4,7,2,3,11,3,3,4,11,7,7,8,7,8,2,2,4,2,5,6,7,5,7,7,2,2,11,5,0,5,11,11,0,5,5,9,6,9,11,0,2,7,0,6,9,10,7,2,10,0,11,5,2,7,9,6,9,7,7,10,10,4,0,5,3,11,10
8,3,3,3,3,4,6,10,7,9,6,2,2,5,0,10,6,10,6,7,2,4,0,0,5,11,2,8,8,10,11,11,8,8,0,0,3,8,5,4,10,10,4,8,11,9,11,5,2,4,6,3,7,7,7,4,8,0,10,2,0,3,11,11,4,0,4,2,9,0,9,3,2,4,9,8,6,2,11,3,7,8,8,5,8,3,4,0,4,4,5,0,8,8,9,8,9,3,3,5,3,6,7,8,6,8,8,3,3,0,6,2,6,0,0,2,6,6,10,7,10,0,2,3,8,2,7,10,11,8,3,11,2,0,6,3,8,10,7,10,8,8,11,11,5,2,6,4,0,11
9,4,4,4,4,5,7,11,8,10,7,3,3,6,2,11,7,11,7,8,3,5,2,2,6,0,3,9,9,11,0,0,9,9,2,2,4,9,6,5,11,11,5,9,0,10,0,6,3,5,7,4,8,8,8,5,9,2,11,3,2,4,0,0,5,2,5,3,10,2,10,4,3,5,10,9,7,3,0,4,8,9,9,6,9,4,5,2,5,5,6,2,9,9,10,9,10,4,4,6,4,7,8,9,7,9,9,4,4,2,7,3,7,2,2,3,7,7,11,8,11,2,3,4,9,3,8,11,0,9,4,0,3,2,7,4,9,11,8,11,9,9,0,0,6,3,7,5,2,0
10,5,5,5,5,6,8,0,9,11,8,4,4,7,3,0,8,0,8,9,4,6,3,3,7,2,4,10,10,0,2,2,10,10,3,3,5,10,7,6,0,0,6,10,2,11,2,7,4,6,8,5,9,9,9,6,10,3,0,4,3,5,2,2,6,3,6,4,11,3,11,5,4,6,11,10,8,4,2,5,9,10,10,7,10,5,6,3,6,6,7,3,10,10,11,10,11,5,5,7,5,8,9,10,8,10,10,5,5,3,8,4,8,3,3,4,8,8,0,9,0,3,4,5,10,4,9,0,2,10,5,2,4,3,8,5,10,0,9,0,10,10,2,2,7,4,8,6,3,2
11,6,6,6,6,7,9,2,10,0,9,5,5,8,4,2,9,2,9,10,5,7,4,4,8,3,5,11,11,2,3,3,11,11,4,4,6,11,8,7,2,2,7,11,3,0,3,8,5,7,9,6,10,10,10,7,11,4,2,5,4,6,3,3,7,4,7,5,0,4,0,6,5,7,0,11,9,5,3,6,10,11,11,8,11,6,7,4,7,7,8,4,11,11,0,11,0,6,6,8,6,9,10,11,9,11,11,6,6,4,9,5,9,4,4,5,9,9,2,10,2,4,5,6,11,5,10,2,3,11,6,3,5,4,9,6,11,2,10,2,11,11,3,3,8,5,9,7,4,3
0,7,7,7,7,8,10,3,11,2,10,6,6,9,5,3,10,3,10,11,6,8,5,5,9,4,6,0,0,3,4,4,0,0,5,5,7,0,9,8,3,3,8,0,4,2,4,9,6,8,10,7,11,11,11,8,0,5,3,6,5,7,4,4,8,5,8,6,2,5,2,7,6,8,2,0,10,6,4,7,11,0,0,9,0,7,8,5,8,8,9,5,0,0,2,0,2,7,7,9,7,10,11,0,10,0,0,7,7,5,10,6,10,5,5,6,10,10,3,11,3,5,6,7,0,6,11,3,4,0,7,4,6,5,10,7,0,3,11,3,0,0,4,4,9,6,10,8,5,4
2,8,8,8,8,9,11,4,0,3,11,7,7,10,6,4,11,4,11,0,7,9,6,6,10,5,7,2,2,4,5,5,2,2,6,6,8,2,10,9,4,4,9,2,5,3,5,10,7,9,11,8,0,0,0,9,2,6,4,7,6,8,5,5,9,6,9,7,3,6,3,8,7,9,3,2,11,7,5,8,0,2,2,10,2,8,9,6,9,9,10,6,2,2,3,2,3,8,8,10,8,11,0,2,11,2,2,8,8,6,11,7,11,6,6,7,11,11,4,0,4,6,7,8,2,7,0,4,5,2,8,5,7,6,11,8,2,4,0,4,2,2,5,5,10,7,11,9,6,5
3,9,9,9,9,10,0,5,2,4,0,8,8,11,7,5,0,5,0,2,8,10,7,7,11,6,8,3,3,5,6,6,3,3,7,7,9,3,11,10,5,5,10,3,6,4,6,11,8,10,0,9,2,2,2,10,3,7,5,8,7,9,6,6,10,7,10,8,4,7,4,9,8,10,4,3,0,8,6,9,2,3,3,11,3,9,10,7,10,10,11,7,3,3,4,3,4,9,9,11,9,0,2,3,0,3,3,9,9,7,0,8,0,7,7,8,0,0,5,2,5,7,8,9,3,8,2,5,6,3,9,6,8,7,0,9,3,5,2,5,3,3,6,6,11,8,0,10,7,6
4,10,10,10,10,11,2,6,3,5,2,9,9,0,8,6,2,6,2,3,9,11,8,8,0,7,9,4,4,6,7,7,4,4,8,8,10,4,0,11,6,6,11,4,7,5,7,0,9,11,2,10,3,3,3,11,4,8,6,9,8,10,7,7,11,8,11,9,5,8,5,10,9,11,5,4,2,9,7,10,3,4,4,0,4,10,11,8,11,11,0,8,4,4,5,4,5,10,10,0,10,2,3,4,2,4,4,10,10,8,2,9,2,8,8,9,2,2,6,3,6,8,9,10,4,9,3,6,7,4,10,7,9,8,2,10,4,6,3,6,4,4,7,7,0,9,2,11,8,7
5,11,11,11,11,0,3,7,4,6,3,10,10,2,9,7,3,7,3,4,10,0,9,9,2,8,10,5,5,7,8,8,5,5,9,9,11,5,2,0,7,7,0,5,8,6,8,2,10,0,3,11,4,4,4,0,5,9,7,10,9,11,8,8,0,9,0,10,6,9,6,11,10,0,6,5,3,10,8,11,4,5,5,2,5,11,0,9,0,0,2,9,5,5,6,5,6,11,11,2,11,3,4,5,3,5,5,11,11,9,3,10,3,9,9,10,3,3,7,4,7,9,10,11,5,10,4,7,8,5,11,8,10,9,3,11,5,7,4,7,5,5,8,8,2,10,3,0,9,8
6,0,0,0,0,2,4,8,5,7,4,11,11,3,10,8,4,8,4,5,11,2,10,10,3,9,11,6,6,8,9,9,6,6,10,10,0,6,3,2,8,8,2,6,9,7,9,3,11,2,4,0,5,5,5,2,6,10,8,11,10,0,9,9,2,10,2,11,7,10,7,0,11,2,7,6,4,11,9,0,5,6,6,3,6,0,2,10,2,2,3,10,6,6,7,6,7,0,0,3,0,4,5,6,4,6,6,0,0,10,4,11,4,10,10,11,4,4,8,5,8,10,11,0,6,11,5,8,9,6,0,9,11,10,4,0,6,8,5,8,6,6,9,9,3,11,4,2,10,9
7,2,2,2,2,3,5,9,6,8,5,0,0,4,11,9,5,9,5,6,0,3,11,11,4,10,0,7,7,9,10,10,7,7,11,11,2,7,4,3,9,9,3,7,10,8,10,4,0,3,5,2,6,6,6,3,7,11,9,0,11,2,10,10,3,11,3,0,8,11,8,2,0,3,8,7,5,0,10,2,6,7,7,4,7,2,3,11,3,3,4,11,7,7,8,7,8,2,2,4,2,5,6,7,5,7,7,2,2,11,5,0,5,11,11,0,5,5,9,6,9,11,0,2,7,0,6,9,10,7,2,10,0,11,5,2,7,9,6,9,7,7,10,10,4,0,5,3,11,10
8,3,3,3,3,4,6,10,7,9,6,2,2,5,0,10,6,10,6,7,2,4,0,0,5,11,2,8,8,10,11,11,8,8,0,0,3,8,5,4,10,10,4,8,11,9,11,5,2,4,6,3,7,7,7,4,8,0,10,2,0,3,11,11,4,0,4,2,9,0,9,3,2,4,9,8,6,2,11,3,7,8,8,5,8,3,4,0,4,4,5,0,8,8,9,8,9,3,3,5,3,6,7,8,6,8,8,3,3,0,6,2,6,0,0,2,6,6,10,7,10,0,2,3,8,2,7,10,11,8,3,11,2,0,6,3,8,10,7,10,8,8,11,11,5,2,6,4,0,11
9,4,4,4,4,5,7,11,8,10,7,3,3,6,2,11,7,11,7,8,3,5,2,2,6,0,3,9,9,11,0,0,9,9,2,2,4,9,6,5,11,11,5,9,0,10,0,6,3,5,7,4,8,8,8,5,9,2,11,3,2,4,0,0,5,2,5,3,10,2,10,4,3,5,10,9,7,3,0,4,8,9,9,6,9,4,5,2,5,5,6,2,9,9,10,9,10,4,4,6,4,7,8,9,7,9,9,4,4,2,7,3,7,2,2,3,7,7,11,8,11,2,3,4,9,3,8,11,0,9,4,0,3,2,7,4,9,11,8,11,9,9,0,0,6,3,7,5,2,0
10,5,5,5,5,6,8,0,9,11,8,4,4,7,3,0,8,0,8,9,4,6,3,3,7,2,4,10,10,0,2,2,10,10,3,3,5,10,7,6,0,0,6,10,2,11,2,7,4,6,8,5,9,9,9,6,10,3,0,4,3,5,2,2,6,3,6,4,11,3,11,5,4,6,11,10,8,4,2,5,9,10,10,7,10,5,6,3,6,6,7,3,10,10,11,10,11,5,5,7,5,8,9,10,8,10,10,5,5,3,8,4,8,3,3,4,8,8,0,9,0,3,4,5,10,4,9,0,2,10,5,2,4,3,8,5,10,0,9,0,10,10,2,2,7,4,8,6,3,2
11,6,6,6,6,7,9,2,10,0,9,5,5,8,4,2,9,2,9,10,5,7,4,4,8,3,5,11,11,2,3,3,11,11,4,4,6,11,8,7,2,2,7,11,3,0,3,8,5,7,9,6,10,10,10,7,11,4,2,5,4,6,3,3,7,4,7,5,0,4,0,6,5,7,0,11,9,5,3,6,10,11,11,8,11,6,7,4,7,7,8,4,11,11,0,11,0,6,6,8,6,9,10,11,9,11,11,6,6,4,9,5,9,4,4,5,9,9,2,10,2,4,5,6,11,5,10,2,3,11,6,3,5,4,9,6,11,2,10,2,11,11,3,3,8,5,9,7,4,3
0,7,7,7,7,8,10,3,11,2,10,6,6,9,5,3,10,3,10,11,6,8,5,5,9,4,6,0,0,3,4,4,0,0,5,5,7,0,9,8,3,3,8,0,4,2,4,9,6,8,10,7,11,11,11,8,0,5,3,6,5,7,4,4,8,5,8,6,2,5,2,7,6,8,2,0,10,6,4,7,11,0,0,9,0,7,8,5,8,8,9,5,0,0,2,0,2,7,7,9,7,10,11,0,10,0,0,7,7,5,10,6,10,5,5,6,10,10,3,11,3,5,6,7,0,6,11,3,4,0,7,4,6,5,10,7,0,3,11,3,0,0,4,4,9,6,10,8,5,4
2,8,8,8,8,9,11,4,0,3,11,7,7,10,6,4,11,4,11,0,7,9,6,6,10,5,7,2,2,4,5,5,2,2,6,6,8,2,10,9,4,4,9,2,5,3,5,10,7,9,11,8,0,0,0,9,2,6,4,7,6,8,5,5,9,6,9,7,3,6,3,8,7,9,3,2,11,7,5,8,0,2,2,10,2,8,9,6,9,9,10,6,2,2,3,2,3,8,8,10,8,11,0,2,11,2,2,8,8,6,11,7,11,6,6,7,11,11,4,0,4,6,7,8,2,7,0,4,5,2,8,5,7,6,11,8,2,4,0,4,2,2,5,5,10,7,11,9,6,5
3,9,9,9,9,10,0,5,2,4,0,8,8,11,7,5,0,5,0,2,8,10,7,7,11,6,8,3,3,5,6,6,3,3,7,7,9,3,11,10,5,5,10,3,6,4,6,11,8,10,0,9,2,2,2,10,3,7,5,8,7,9,6,6,10,7,10,8,4,7,4,9,8,10,4,3,0,8,6,9,2,3,3,11,3,9,10,7,10,10,11,7,3,3,4,3,4,9,9,11,9,0,2,3,0,3,3,9,9,7,0,8,0,7,7,8,0,0,5,2,5,7,8,9,3,8,2,5,6,3,9,6,8,7,0,9,3,5,2,5,3,3,6,6,11,8,0,10,7,6
4,10,10,10,10,11,2,6,3,5,2,9,9,0,8,6,2,6,2,3,9,11,8,8,0,7,9,4,4,6,7,7,4,4,8,8,10,4,0,11,6,6,11,4,7,5,7,0,9,11,2,10,3,3,3,11,4,8,6,9,8,10,7,7,11,8,11,9,5,8,5,10,9,11,5,4,2,9,7,10,3,4,4,0,4,10,11,8,11,11,0,8,4,4,5,4,5,10,10,0,10,2,3,4,2,4,4,10,10,8,2,9,2,8,8,9,2,2,6,3,6,8,9,10,4,9,3,6,7,4,10,7,9,8,2,10,4,6,3,6,4,4,7,7,0,9,2,11,8,7
5,11,11,11,11,0,3,7,4,6,3,10,10,2,9,7,3,7,3,4,10,0,9,9,2,8,10,5,5,7,8,8,5,5,9,9,11,5,2,0,7,7,0,5,8,6,8,2,10,0,3,11,4,4,4,0,5,9,7,10,9,11,8,8,0,9,0,10,6,9,6,11,10,0,6,5,3,10,8,11,4,5,5,2,5,11,0,9,0,0,2,9,5,5,6,5,6,11,11,2,11,3,4,5,3,5,5,11,11,9,3,10,3,9,9,10,3,3,7,4,7,9,10,11,5,10,4,7,8,5,11,8,10,9,3,11,5,7,4,7,5,5,8,8,2,10,3,0,9,8
6,0,0,0,0,2,4,8,5,7,4,11,11,3,10,8,4,8,4,5,11,2,10,10,3,9,11,6,6,8,9,9,6,6,10,10,0,6,3,2,8,8,2,6,9,7,9,3,11,2,4,0,5,5,5,2,6,10,8,11,10,0,9,9,2,10,2,11,7,10,7,0,11,2,7,6,4,11,9,0,5,6,6,3,6,0,2,10,2,2,3,10,6,6,7,6,7,0,0,3,0,4,5,6,4,6,6,0,0,10,4,11,4,10,10,11,4,4,8,5,8,10,11,0,6,11,5,8,9,6,0,9,11,10,4,0,6,8,5,8,6,6,9,9,3,11,4,2,10,9
7,2,2,2,2,3,5,9,6,8,5,0,0,4,11,9,5,9,5,6,0,3,11,11,4,10,0,7,7,9,10,10,7,7,11,11,2,7,4,3,9,9,3,7,10,8,10,4,0,3,5,2,6,6,6,3,7,11,9,0,11,2,10,10,3,11,3,0,8,11,8,2,0,3,8,7,5,0,10,2,6,7,7,4,7,2,3,11,3,3,4,11,7,7,8,7,8,2,2,4,2,5,6,7,5,7,7,2,2,11,5,0,5,11,11,0,5,5,9,6,9,11,0,2,7,0,6,9,10,7,2,10,0,11,5,2,7,9,6,9,7,7,10,10,4,0,5,3,11,10
8,3,3,3,3,4,6,10,7,9,6,2,2,5,0,10,6,10,6,7,2,4,0,0,5,11,2,8,8,10,11,11,8,8,0,0,3,8,5,4,10,10,4,8,11,9,11,5,2,4,6,3,7,7,7,4,8,0,10,2,0,3,11,11,4,0,4,2,9,0,9,3,2,4,9,8,6,2,11,3,7,8,8,5,8,3,4,0,4,4,5,0,8,8,9,8,9,3,3,5,3,6,7,8,6,8,8,3,3,0,6,2,6,0,0,2,6,6,10,7,10,0,2,3,8,2,7,10,11,8,3,11,2,0,6,3,8,10,7,10,8,8,11,11,5,2,6,4,0,11
9,4,4,4,4,5,7,11,8,10,7,3,3,6,2,11,7,11,7,8,3,5,2,2,6,0,3,9,9,11,0,0,9,9,2,2,4,9,6,5,11,11,5,9,0,10,0,6,3,5,7,4,8,8,8,5,9,2,11,3,2,4,0,0,5,2,5,3,10,2,10,4,3,5,10,9,7,3,0,4,8,9,9,6,9,4,5,2,5,5,6,2,9,9,10,9,10,4,4,6,4,7,8,9,7,9,9,4,4,2,7,3,7,2,2,3,7,7,11,8,11,2,3,4,9,3,8,11,0,9,4,0,3,2,7,4,9,11,8,11,9,9,0,0,6,3,7,5,2,0
10,5,5,5,5,6,8,0,9,11,8,4,4,7,3,0,8,0,8,9,4,6,3,3,7,2,4,10,10,0,2,2,10,10,3,3,5,10,7,6,0,0,6,10,2,11,2,7,4,6,8,5,9,9,9,6,10,3,0,4,3,5,2,2,6,3,6,4,11,3,11,5,4,6,11,10,8,4,2,5,9,10,10,7,10,5,6,3,6,6,7,3,10,10,11,10,11,5,5,7,5,8,9,10,8,10,10,5,5,3,8,4,8,3,3,4,8,8,0,9,0,3,4,5,10,4,9,0,2,10,5,2,4,3,8,5,10,0,9,0,10,10,2,2,7,4,8,6,3,2
11,6,6,6,6,7,9,2,10,0,9,5,5,8,4,2,9,2,9,10,5,7,4,4,8,3,5,11,11,2,3,3,11,11,4,4,6,11,8,7,2,2,7,11,3,0,3,8,5,7,9,6,10,10,10,7,11,4,2,5,4,6,3,3,7,4,7,5,0,4,0,6,5,7,0,11,9,5,3,6,10,11,11,8,11,6,7,4,7,7,8,4,11,11,0,11,0,6,6,8,6,9,10,11,9,11,11,6,6,4,9,5,9,4,4,5,9,9,2,10,2,4,5,6,11,5,10,2,3,11,6,3,5,4,9,6,11,2,10,2,11,11,3,3,8,5,9,7,4,3
0,7,7,7,7,8,10,3,11,2,10,6,6,9,5,3,10,3,10,11,6,8,5,5,9,4,6,0,0,3,4,4,0,0,5,5,7,0,9,8,3,3,8,0,4,2,4,9,6,8,10,7,11,11,11,8,0,5,3,6,5,7,4,4,8,5,8,6,2,5,2,7,6,8,2,0,10,6,4,7,11,0,0,9,0,7,8,5,8,8,9,5,0,0,2,0,2,7,7,9,7,10,11,0,10,0,0,7,7,5,10,6,10,5,5,6,10,10,3,11,3,5,6,7,0,6,11,3,4,0,7,4,6,5,10,7,0,3,11,3,0,0,4,4,9,6,10,8,5,4
2,8,8,8,8,9,11,4,0,3,11,7,7,10,6,4,11,4,11,0,7,9,6,6,10,5,7,2,2,4,5,5,2,2,6,6,8,2,10,9,4,4,9,2,5,3,5,10,7,9,11,8,0,0,0,9,2,6,4,7,6,8,5,5,9,6,9,7,3,6,3,8,7,9,3,2,11,7,5,8,0,2,2,10,2,8,9,6,9,9,10,6,2,2,3,2,3,8,8,10,8,11,0,2,11,2,2,8,8,6,11,7,11,6,6,7,11,11,4,0,4,6,7,8,2,7,0,4,5,2,8,5,7,6,11,8,2,4,0,4,2,2,5,5,10,7,11,9,6,5
3,9,9,9,9,10,0,5,2,4,0,8,8,11,7,5,0,5,0,2,8,10,7,7,11,6,8,3,3,5,6,6,3,3,7,7,9,3,11,10,5,5,10,3,6,4,6,11,8,10,0,9,2,2,2,10,3,7,5,8,7,9,6,6,10,7,10,8,4,7,4,9,8,10,4,3,0,8,6,9,2,3,3,11,3,9,10,7,10,10,11,7,3,3,4,3,4,9,9,11,9,0,2,3,0,3,3,9,9,7,0,8,0,7,7,8,0,0,5,2,5,7,8,9,3,8,2,5,6,3,9,6,8,7,0,9,3,5,2,5,3,3,6,6,11,8,0,10,7,6
4,10,10,10,10,11,2,6,3,5,2,9,9,0,8,6,2,6,2,3,9,11,8,8,0,7,9,4,4,6,7,7,4,4,8,8,10,4,0,11,6,6,11,4,7,5,7,0,9,11,2,10,3,3,3,11,4,8,6,9,8,10,7,7,11,8,11,9,5,8,5,10,9,11,5,4,2,9,7,10,3,4,4,0,4,10,11,8,11,11,0,8,4,4,5,4,5,10,10,0,10,2,3,4,2,4,4,10,10,8,2,9,2,8,8,9,2,2,6,3,6,8,9,10,4,9,3,6,7,4,10,7,9,8,2,10,4,6,3,6,4,4,7,7,0,9,2,11,8,7
5,11,11,11,11,0,3,7,4,6,3,10,10,2,9,7,3,7,3,4,10,0,9,9,2,8,10,5,5,7,8,8,5,5,9,9,11,5,2,0,7,7,0,5,8,6,8,2,10,0,3,11,4,4,4,0,5,9,7,10,9,11,8,8,0,9,0,10,6,9,6,11,10,0,6,5,3,10,8,11,4,5,5,2,5,11,0,9,0,0,2,9,5,5,6,5,6,11,11,2,11,3,4,5,3,5,5,11,11,9,3,10,3,9,9,10,3,3,7,4,7,9,10,11,5,10,4,7,8,5,11,8,10,9,3,11,5,7,4,7,5,5,8,8,2,10,3,0,9,8
6,0,0,0,0,2,4,8,5,7,4,11,11,3,10,8,4,8,4,5,11,2,10,10,3,9,11,6,6,8,9,9,6,6,10,10,0,6,3,2,8,8,2,6,9,7,9,3,11,2,4,0,5,5,5,2,6,10,8,11,10,0,9,9,2,10,2,11,7,10,7,0,11,2,7,6,4,11,9,0,5,6,6,3,6,0,2,10,2,2,3,10,6,6,7,6,7,0,0,3,0,4,5,6,4,6,6,0,0,10,4,11,4,10,10,11,4,4,8,5,8,10,11,0,6,11,5,8,9,6,0,9,11,10,4,0,6,8,5,8,6,6,9,9,3,11,4,2,10,9
7,2,2,2,2,3,5,9,6,8,5,0,0,4,11,9,5,9,5,6,0,3,11,11,4,10,0,7,7,9,10,10,7,7,11,11,2,7,4,3,9,9,3,7,10,8,10,4,0,3,5,2,6,6,6,3,7,11,9,0,11,2,10,10,3,11,3,0,8,11,8,2,0,3,8,7,5,0,10,2,6,7,7,4,7,2,3,11,3,3,4,11,7,7,8,7,8,2,2,4,2,5,6,7,5,7,7,2,2,11,5,0,5,11,11,0,5,5,9,6,9,11,0,2,7,0,6,9,10,7,2,10,0,11,5,2,7,9,6,9,7,7,10,10,4,0,5,3,11,10
8,3,3,3,3,4,6,10,7,9,6,2,2,5,0,10,6,10,6,7,2,4,0,0,5,11,2,8,8,10,11,11,8,8,0,0,3,8,5,4,10,10,4,8,11,9,11,5,2,4,6,3,7,7,7,4,8,0,10,2,0,3,11,11,4,0,4,2,9,0,9,3,2,4,9,8,6,2,11,3,7,8,8,5,8,3,4,0,4,4,5,0,8,8,9,8,9,3,3,5,3,6,7,8,6,8,8,3,3,0,6,2,6,0,0,2,6,6,10,7,10,0,2,3,8,2,7,10,11,8,3,11,2,0,6,3,8,10,7,10,8,8,11,11,5,2,6,4,0,11
9,4,4,4,4,5,7,11,8,10,7,3,3,6,2,11,7,11,7,8,3,5,2,2,6,0,3,9,9,11,0,0,9,9,2,2,4,9,6,5,11,11,5,9,0,10,0,6,3,5,7,4,8,8,8,5,9,2,11,3,2,4,0,0,5,2,5,3,10,2,10,4,3,5,10,9,7,3,0,4,8,9,9,6,9,4,5,2,5,5,6,2,9,9,10,9,10,4,4,6,4,7,8,9,7,9,9,4,4,2,7,3,7,2,2,3,7,7,11,8,11,2,3,4,9,3,8,11,0,9,4,0,3,2,7,4,9,11,8,11,9,9,0,0,6,3,7,5,2,0
10,5,5,5,5,6,8,0,9,11,8,4,4,7,3,0,8,0,8,9,4,6,3,3,7,2,4,10,10,0,2,2,10,10,3,3,5,10,7,6,0,0,6,10,2,11,2,7,4,6,8,5,9,9,9,6,10,3,0,4,3,5,2,2,6,3,6,4,11,3,11,5,4,6,11,10,8,4,2,5,9,10,10,7,10,5,6,3,6,6,7,3,10,10,11,10,11,5,5,7,5,8,9,10,8,10,10,5,5,3,8,4,8,3,3,4,8,8,0,9,0,3,4,5,10,4,9,0,2,10,5,2,4,3,8,5,10,0,9,0,10,10,2,2,7,4,8,6,3,2
11,6,6,6,6,7,9,2,10,0,9,5,5,8,4,2,9,2,9,10,5,7,4,4,8,3,5,11,11,2,3,3,11,11,4,4,6,11,8,7,2,2,7,11,3,0,3,8,5,7,9,6,10,10,10,7,11,4,2,5,4,6,3,3,7,4,7,5,0,4,0,6,5,7,0,11,9,5,3,6,10,11,11,8,11,6,7,4,7,7,8,4,11,11,0,11,0,6,6,8,6,9,10,11,9,11,11,6,6,4,9,5,9,4,4,5,9,9,2,10,2,4,5,6,11,5,10,2,3,11,6,3,5,4,9,6,11,2,10,2,11,11,3,3,8,5,9,7,4,3
0,7,7,7,7,8,10,3,11,2,10,6,6,9,5,3,10,3,10,11,6,8,5,5,9,4,6,0,0,3,4,4,0,0,5,5,7,0,9,8,3,3,8,0,4,2,4,9,6,8,10,7,11,11,11,8,0,5,3,6,5,7,4,4,8,5,8,6,2,5,2,7,6,8,2,0,10,6,4,7,11,0,0,9,0,7,8,5,8,8,9,5,0,0,2,0,2,7,7,9,7,10,11,0,10,0,0,7,7,5,10,6,10,5,5,6,10,10,3,11,3,5,6,7,0,6,11,3,4,0,7,4,6,5,10,7,0,3,11,3,0,0,4,4,9,6,10,8,5,4
2,8,8,8,8,9,11,4,0,3,11,7,7,10,6,4,11,4,11,0,7,9,6,6,10,5,7,2,2,4,5,5,2,2,6,6,8,2,10,9,4,4,9,2,5,3,5,10,7,9,11,8,0,0,0,9,2,6,4,7,6,8,5,5,9,6,9,7,3,6,3,8,7,9,3,2,11,7,5,8,0,2,2,10,2,8,9,6,9,9,10,6,2,2,3,2,3,8,8,10,8,11,0,2,11,2,2,8,8,6,11,7,11,6,6,7,11,11,4,0,4,6,7,8,2,7,0,4,5,2,8,5,7,6,11,8,2,4,0,4,2,2,5,5,10,7,11,9,6,5
3,9,9,9,9,10,0,5,2,4,0,8,8,11,7,5,0,5,0,2,8,10,7,7,11,6,8,3,3,5,6,6,3,3,7,7,9,3,11,10,5,5,10,3,6,4,6,11,8,10,0,9,2,2,2,10,3,7,5,8,7,9,6,6,10,7,10,8,4,7,4,9,8,10,4,3,0,8,6,9,2,3,3,11,3,9,10,7,10,10,11,7,3,3,4,3,4,9,9,11,9,0,2,3,0,3,3,9,9,7,0,8,0,7,7,8,0,0,5,2,5,7,8,9,3,8,2,5,6,3,9,6,8,7,0,9,3,5,2,5,3,3,6,6,11,8,0,10,7,6
4,10,10,10,10,11,2,6,3,5,2,9,9,0,8,6,2,6,2,3,9,11,8,8,0,7,9,4,4,6,7,7,4,4,8,8,10,4,0,11,6,6,11,4,7,5,7,0,9,11,2,10,3,3,3,11,4,8,6,9,8,10,7,7,11,8,11,9,5,8,5,10,9,11,5,4,2,9,7,10,3,4,4,0,4,10,11,8,11,11,0,8,4,4,5,4,5,10,10,0,10,2,3,4,2,4,4,10,10,8,2,9,2,8,8,9,2,2,6,3,6,8,9,10,4,9,3,6,7,4,10,7,9,8,2,10,4,6,3,6,4,4,7,7,0,9,2,11,8,7
5,11,11,11,11,0,3,7,4,6,3,10,10,2,9,7,3,7,3,4,10,0,9,9,2,8,10,5,5,7,8,8,5,5,9,9,11,5,2,0,7,7,0,5,8,6,8,2,10,0,3,11,4,4,4,0,5,9,7,10,9,11,8,8,0,9,0,10,6,9,6,11,10,0,6,5,3,10,8,11,4,5,5,2,5,11,0,9,0,0,2,9,5,5,6,5,6,11,11,2,11,3,4,5,3,5,5,11,11,9,3,10,3,9,9,10,3,3,7,4,7,9,10,11,5,10,4,7,8,5,11,8,10,9,3,11,5,7,4,7,5,5,8,8,2,10,3,0,9,8
6,0,0,0,0,2,4,8,5,7,4,11,11,3,10,8,4,8,4,5,11,2,10,10,3,9,11,6,6,8,9,9,6,6,10,10,0,6,3,2,8,8,2,6,9,7,9,3,11,2,4,0,5,5,5,2,6,10,8,11,10,0,9,9,2,10,2,11,7,10,7,0,11,2,7,6,4,11,9,0,5,6,6,3,6,0,2,10,2,2,3,10,6,6,7,6,7,0,0,3,0,4,5,6,4,6,6,0,0,10,4,11,4,10,10,11,4,4,8,5,8,10,11,0,6,11,5,8,9,6,0,9,11,10,4,0,6,8,5,8,6,6,9,9,3,11,4,2,10,9
7,2,2,2,2,3,5,9,6,8,5,0,0,4,11,9,5,9,5,6,0,3,11,11,4,10,0,7,7,9,10,10,7,7,11,11,2,7,4,3,9,9,3,7,10,8,10,4,0,3,5,2,6,6,6,3,7,11,9,0,11,2,10,10,3,11,3,0,8,11,8,2,0,3,8,7,5,0,10,2,6,7,7,4,7,2,3,11,3,3,4,11,7,7,8,7,8,2,2,4,2,5,6,7,5,7,7,2,2,11,5,0,5,11,11,0,5,5,9,6,9,11,0,2,7,0,6,9,10,7,2,10,0,11,5,2,7,9,6,9,7,7,10,10,4,0,5,3,11,10
8,3,3,3,3,4,6,10,7,9,6,2,2,5,0,10,6,10,6,7,2,4,0,0,5,11,2,8,8,10,11,11,8,8,0,0,3,8,5,4,10,10,4,8,11,9,11,5,2,4,6,3,7,7,7,4,8,0,10,2,0,3,11,11,4,0,4,2,9,0,9,3,2,4,9,8,6,2,11,3,7,8,8,5,8,3,4,0,4,4,5,0,8,8,9,8,9,3,3,5,3,6,7,8,6,8,8,3,3,0,6,2,6,0,0,2,6,6,10,7,10,0,2,3,8,2,7,10,11,8,3,11,2,0,6,3,8,10,7,10,8,8,11,11,5,2,6,4,0,11
9,4,4,4,4,5,7,11,8,10,7,3,3,6,2,11,7,11,7,8,3,5,2,2,6,0,3,9,9,11,0,0,9,9,2,2,4,9,6,5,11,11,5,9,0,10,0,6,3,5,7,4,8,8,8,5,9,2,11,3,2,4,0,0,5,2,5,3,10,2,10,4,3,5,10,9,7,3,0,4,8,9,9,6,9,4,5,2,5,5,6,2,9,9,10,9,10,4,4,6,4,7,8,9,7,9,9,4,4,2,7,3,7,2,2,3,7,7,11,8,11,2,3,4,9,3,8,11,0,9,4,0,3,2,7,4,9,11,8,11,9,9,0,0,6,3,7,5,2,0
10,5,5,5,5,6,8,0,9,11,8,4,4,7,3,0,8,0,8,9,4,6,3,3,7,2,4,10,10,0,2,2,10,10,3,3,5,10,7,6,0,0,6,10,2,11,2,7,4,6,8,5,9,9,9,6,10,3,0,4,3,5,2,2,6,3,6,4,11,3,11,5,4,6,11,10,8,4,2,5,9,10,10,7,10,5,6,3,6,6,7,3,10,10,11,10,11,5,5,7,5,8,9,10,8,10,10,5,5,3,8,4,8,3,3,4,8,8,0,9,0,3,4,5,10,4,9,0,2,10,5,2,4,3,8,5,10,0,9,0,10,10,2,2,7,4,8,6,3,2
11,6,6,6,6,7,9,2,10,0,9,5,5,8,4,2,9,2,9,10,5,7,4,4,8,3,5,11,11,2,3,3,11,11,4,4,6,11,8,7,2,2,7,11,3,0,3,8,5,7,9,6,10,10,10,7,11,4,2,5,4,6,3,3,7,4,7,5,0,4,0,6,5,7,0,11,9,5,3,6,10,11,11,8,11,6,7,4,7,7,8,4,11,11,0,11,0,6,6,8,6,9,10,11,9,11,11,6,6,4,9,5,9,4,4,5,9,9,2,10,2,4,5,6,11,5,10,2,3,11,6,3,5,4,9,6,11,2,10,2,11,11,3,3,8,5,9,7,4,3
0,7,7,7,7,8,10,3,11,2,10,6,6,9,5,3,10,3,10,11,6,8,5,5,9,4,6,0,0,3,4,4,0,0,5,5,7,0,9,8,3,3,8,0,4,2,4,9,6,8,10,7,11,11,11,8,0,5,3,6,5,7,4,4,8,5,8,6,2,5,2,7,6,8,2,0,10,6,4,7,11,0,0,9,0,7,8,5,8,8,9,5,0,0,2,0,2,7,7,9,7,10,11,0,10,0,0,7,7,5,10,6,10,5,5,6,10,10,3,11,3,5,6,7,0,6,11,3,4,0,7,4,6,5,10,7,0,3,11,3,0,0,4,4,9,6,10,8,5,4
2,8,8,8,8,9,11,4,0,3,11,7,7,10,6,4,11,4,11,0,7,9,6,6,10,5,7,2,2,4,5,5,2,2,6,6,8,2,10,9,4,4,9,2,5,3,5,10,7,9,11,8,0,0,0,9,2,6,4,7,6,8,5,5,9,6,9,7,3,6,3,8,7,9,3,2,11,7,5,8,0,2,2,10,2,8,9,6,9,9,10,6,2,2,3,2,3,8,8,10,8,11,0,2,11,2,2,8,8,6,11,7,11,6,6,7,11,11,4,0,4,6,7,8,2,7,0,4,5,2,8,5,7,6,11,8,2,4,0,4,2,2,5,5,10,7,11,9,6,5
3,9,9,9,9,10,0,5,2,4,0,8,8,11,7,5,0,5,0,2,8,10,7,7,11,6,8,3,3,5,6,6,3,3,7,7,9,3,11,10,5,5,10,3,6,4,6,11,8,10,0,9,2,2,2,10,3,7,5,8,7,9,6,6,10,7,10,8,4,7,4,9,8,10,4,3,0,8,6,9,2,3,3,11,3,9,10,7,10,10,11,7,3,3,4,3,4,9,9,11,9,0,2,3,0,3,3,9,9,7,0,8,0,7,7,8,0,0,5,2,5,7,8,9,3,8,2,5,6,3,9,6,8,7,0,9,3,5,2,5,3,3,6,6,11,8,0,10,7,6
4,10,10,10,10,11,2,6,3,5,2,9,9,0,8,6,2,6,2,3,9,11,8,8,0,7,9,4,4,6,7,7,4,4,8,8,10,4,0,11,6,6,11,4,7,5,7,0,9,11,2,10,3,3,3,11,4,8,6,9,8,10,7,7,11,8,11,9,5,8,5,10,9,11,5,4,2,9,7,10,3,4,4,0,4,10,11,8,11,11,0,8,4,4,5,4,5,10,10,0,10,2,3,4,2,4,4,10,10,8,2,9,2,8,8,9,2,2,6,3,6,8,9,10,4,9,3,6,7,4,10,7,9,8,2,10,4,6,3,6,4,4,7,7,0,9,2,11,8,7
5,11,11,11,11,0,3,7,4,6,3,10,10,2,9,7,3,7,3,4,10,0,9,9,2,8,10,5,5,7,8,8,5,5,9,9,11,5,2,0,7,7,0,5,8,6,8,2,10,0,3,11,4,4,4,0,5,9,7,10,9,11,8,8,0,9,0,10,6,9,6,11,10,0,6,5,3,10,8,11,4,5,5,2,5,11,0,9,0,0,2,9,5,5,6,5,6,11,11,2,11,3,4,5,3,5,5,11,11,9,3,10,3,9,9,10,3,3,7,4,7,9,10,11,5,10,4,7,8,5,11,8,10,9,3,11,5,7,4,7,5,5,8,8,2,10,3,0,9,8
6,0,0,0,0,2,4,8,5,7,4,11,11,3,10,8,4,8,4,5,11,2,10,10,3,9,11,6,6,8,9,9,6,6,10,10,0,6,3,2,8,8,2,6,9,7,9,3,11,2,4,0,5,5,5,2,6,10,8,11,10,0,9,9,2,10,2,11,7,10,7,0,11,2,7,6,4,11,9,0,5,6,6,3,6,0,2,10,2,2,3,10,6,6,7,6,7,0,0,3,0,4,5,6,4,6,6,0,0,10,4,11,4,10,10,11,4,4,8,5,8,10,11,0,6,11,5,8,9,6,0,9,11,10,4,0,6,8,5,8,6,6,9,9,3,11,4,2,10,9
7,2,2,2,2,3,5,9,6,8,5,0,0,4,11,9,5,9,5,6,0,3,11,11,4,10,0,7,7,9,10,10,7,7,11,11,2,7,4,3,9,9,3,7,10,8,10,4,0,3,5,2,6,6,6,3,7,11,9,0,11,2,10,10,3,11,3,0,8,11,8,2,0,3,8,7,5,0,10,2,6,7,7,4,7,2,3,11,3,3,4,11,7,7,8,7,8,2,2,4,2,5,6,7,5,7,7,2,2,11,5,0,5,11,11,0,5,5,9,6,9,11,0,2,7,0,6,9,10,7,2,10,0,11,5,2,7,9,6,9,7,7,10,10,4,0,5,3,11,10
8,3,3,3,3,4,6,10,7,9,6,2,2,5,0,10,6,10,6,7,2,4,0,0,5,11,2,8,8,10,11,11,8,8,0,0,3,8,5,4,10,10,4,8,11,9,11,5,2,4,6,3,7,7,7,4,8,0,10,2,0,3,11,11,4,0,4,2,9,0,9,3,2,4,9,8,6,2,11,3,7,8,8,5,8,3,4,0,4,4,5,0,8,8,9,8,9,3,3,5,3,6,7,8,6,8,8,3,3,0,6,2,6,0,0,2,6,6,10,7,10,0,2,3,8,2,7,10,11,8,3,11,2,0,6,3,8,10,7,10,8,8,11,11,5,2,6,4,0,11
9,4,4,4,4,5,7,11,8,10,7,3,3,6,2,11,7,11,7,8,3,5,2,2,6,0,3,9,9,11,0,0,9,9,2,2,4,9,6,5,11,11,5,9,0,10,0,6,3,5,7,4,8,8,8,5,9,2,11,3,2,4,0,0,5,2,5,3,10,2,10,4,3,5,10,9,7,3,0,4,8,9,9,6,9,4,5,2,5,5,6,2,9,9,10,9,10,4,4,6,4,7,8,9,7,9,9,4,4,2,7,3,7,2,2,3,7,7,11,8,11,2,3,4,9,3,8,11,0,9,4,0,3,2,7,4,9,11,8,11,9,9,0,0,6,3,7,5,2,0
10,5,5,5,5,6,8,0,9,11,8,4,4,7,3,0,8,0,8,9,4,6,3,3,7,2,4,10,10,0,2,2,10,10,3,3,5,10,7,6,0,0,6,10,2,11,2,7,4,6,8,5,9,9,9,6,10,3,0,4,3,5,2,2,6,3,6,4,11,3,11,5,4,6,11,10,8,4,2,5,9,10,10,7,10,5,6,3,6,6,7,3,10,10,11,10,11,5,5,7,5,8,9,10,8,10,10,5,5,3,8,4,8,3,3,4,8,8,0,9,0,3,4,5,10,4,9,0,2,10,5,2,4,3,8,5,10,0,9,0,10,10,2,2,7,4,8,6,3,2
11,6,6,6,6,7,9,2,10,0,9,5,5,8,4,2,9,2,9,10,5,7,4,4,8,3,5,11,11,2,3,3,11,11,4,4,6,11,8,7,2,2,7,11,3,0,3,8,5,7,9,6,10,10,10,7,11,4,2,5,4,6,3,3,7,4,7,5,0,4,0,6,5,7,0,11,9,5,3,6,10,11,11,8,11,6,7,4,7,7,8,4,11,11,0,11,0,6,6,8,6,9,10,11,9,11,11,6,6,4,9,5,9,4,4,5,9,9,2,10,2,4,5,6,11,5,10,2,3,11,6,3,5,4,9,6,11,2,10,2,11,11,3,3,8,5,9,7,4,3
0,7,7,7,7,8,10,3,11,2,10,6,6,9,5,3,10,3,10,11,6,8,5,5,9,4,6,0,0,3,4,4,0,0,5,5,7,0,9,8,3,3,8,0,4,2,4,9,6,8,10,7,11,11,11,8,0,5,3,6,5,7,4,4,8,5,8,6,2,5,2,7,6,8,2,0,10,6,4,7,11,0,0,9,0,7,8,5,8,8,9,5,0,0,2,0,2,7,7,9,7,10,11,0,10,0,0,7,7,5,10,6,10,5,5,6,10,10,3,11,3,5,6,7,0,6,11,3,4,0,7,4,6,5,10,7,0,3,11,3,0,0,4,4,9,6,10,8,5,4
2,8,8,8,8,9,11,4,0,3,11,7,7,10,6,4,11,4,11,0,7,9,6,6,10,5,7,2,2,4,5,5,2,2,6,6,8,2,10,9,4,4,9,2,5,3,5,10,7,9,11,8,0,0,0,9,2,6,4,7,6,8,5,5,9,6,9,7,3,6,3,8,7,9,3,2,11,7,5,8,0,2,2,10,2,8,9,6,9,9,10,6,2,2,3,2,3,8,8,10,8,11,0,2,11,2,2,8,8,6,11,7,11,6,6,7,11,11,4,0,4,6,7,8,2,7,0,4,5,2,8,5,7,6,11,8,2,4,0,4,2,2,5,5,10,7,11,9,6,5
3,9,9,9,9,10,0,5,2,4,0,8,8,11,7,5,0,5,0,2,8,10,7,7,11,6,8,3,3,5,6,6,3,3,7,7,9,3,11,10,5,5,10,3,6,4,6,11,8,10,0,9,2,2,2,10,3,7,5,8,7,9,6,6,10,7,10,8,4,7,4,9,8,10,4,3,0,8,6,9,2,3,3,11,3,9,10,7,10,10,11,7,3,3,4,3,4,9,9,11,9,0,2,3,0,3,3,9,9,7,0,8,0,7,7,8,0,0,5,2,5,7,8,9,3,8,2,5,6,3,9,6,8,7,0,9,3,5,2,5,3,3,6,6,11,8,0,10,7,6
4,10,10,10,10,11,2,6,3,5,2,9,9,0,8,6,2,6,2,3,9,11,8,8,0,7,9,4,4,6,7,7,4,4,8,8,10,4,0,11,6,6,11,4,7,5,7,0,9,11,2,10,3,3,3,11,4,8,6,9,8,10,7,7,11,8,11,9,5,8,5,10,9,11,5,4,2,9,7,10,3,4,4,0,4,10,11,8,11,11,0,8,4,4,5,4,5,10,10,0,10,2,3,4,2,4,4,10,10,8,2,9,2,8,8,9,2,2,6,3,6,8,9,10,4,9,3,6,7,4,10,7,9,8,2,10,4,6,3,6,4,4,7,7,0,9,2,11,8,7
5,11,11,11,11,0,3,7,4,6,3,10,10,2,9,7,3,7,3,4,10,0,9,9,2,8,10,5,5,7,8,8,5,5,9,9,11,5,2,0,7,7,0,5,8,6,8,2,10,0,3,11,4,4,4,0,5,9,7,10,9,11,8,8,0,9,0,10,6,9,6,11,10,0,6,5,3,10,8,11,4,5,5,2,5,11,0,9,0,0,2,9,5,5,6,5,6,11,11,2,11,3,4,5,3,5,5,11,11,9,3,10,3,9,9,10,3,3,7,4,7,9,10,11,5,10,4,7,8,5,11,8,10,9,3,11,5,7,4,7,5,5,8,8,2,10,3,0,9,8
6,0,0,0,0,2,4,8,5,7,4,11,11,3,10,8,4,8,4,5,11,2,10,10,3,9,11,6,6,8,9,9,6,6,10,10,0,6,3,2,8,8,2,6,9,7,9,3,11,2,4,0,5,5,5,2,6,10,8,11,10,0,9,9,2,10,2,11,7,10,7,0,11,2,7,6,4,11,9,0,5,6,6,3,6,0,2,10,2,2,3,10,6,6,7,6,7,0,0,3,0,4,5,6,4,6,6,0,0,10,4,11,4,10,10,11,4,4,8,5,8,10,11,0,6,11,5,8,9,6,0,9,11,10,4,0,6,8,5,8,6,6,9,9,3,11,4,2,10,9
7,2,2,2,2,3,5,9,6,8,5,0,0,4,11,9,5,9,5,6,0,3,11,11,4,10,0,7,7,9,10,10,7,7,11,11,2,7,4,3,9,9,3,7,10,8,10,4,0,3,5,2,6,6,6,3,7,11,9,0,11,2,10,10,3,11,3,0,8,11,8,2,0,3,8,7,5,0,10,2,6,7,7,4,7,2,3,11,3,3,4,11,7,7,8,7,8,2,2,4,2,5,6,7,5,7,7,2,2,11,5,0,5,11,11,0,5,5,9,6,9,11,0,2,7,0,6,9,10,7,2,10,0,11,5,2,7,9,6,9,7,7,10,10,4,0,5,3,11,10
8,3,3,3,3,4,6,10,7,9,6,2,2,5,0,10,6,10,6,7,2,4,0,0,5,11,2,8,8,10,11,11,8,8,0,0,3,8,5,4,10,10,4,8,11,9,11,5,2,4,6,3,7,7,7,4,8,0,10,2,0,3,11,11,4,0,4,2,9,0,9,3,2,4,9,8,6,2,11,3,7,8,8,5,8,3,4,0,4,4,5,0,8,8,9,8,9,3,3,5,3,6,7,8,6,8,8,3,3,0,6,2,6,0,0,2,6,6,10,7,10,0,2,3,8,2,7,10,11,8,3,11,2,0,6,3,8,10,7,10,8,8,11,11,5,2,6,4,0,11
9,4,4,4,4,5,7,11,8,10,7,3,3,6,2,11,7,11,7,8,3,5,2,2,6,0,3,9,9,11,0,0,9,9,2,2,4,9,6,5,11,11,5,9,0,10,0,6,3,5,7,4,8,8,8,5,9,2,11,3,2,4,0,0,5,2,5,3,10,2,10,4,3,5,10,9,7,3,0,4,8,9,9,6,9,4,5,2,5,5,6,2,9,9,10,9,10,4,4,6,4,7,8,9,7,9,9,4,4,2,7,3,7,2,2,3,7,7,11,8,11,2,3,4,9,3,8,11,0,9,4,0,3,2,7,4,9,11,8,11,9,9,0,0,6,3,7,5,2,0
10,5,5,5,5,6,8,0,9,11,8,4,4,7,3,0,8,0,8,9,4,6,3,3,7,2,4,10,10,0,2,2,10,10,3,3,5,10,7,6,0,0,6,10,2,11,2,7,4,6,8,5,9,9,9,6,10,3,0,4,3,5,2,2,6,3,6,4,11,3,11,5,4,6,11,10,8,4,2,5,9,10,10,7,10,5,6,3,6,6,7,3,10,10,11,10,11,5,5,7,5,8,9,10,8,10,10,5,5,3,8,4,8,3,3,4,8,8,0,9,0,3,4,5,10,4,9,0,2,10,5,2,4,3,8,5,10,0,9,0,10,10,2,2,7,4,8,6,3,2
11,6,6,6,6,7,9,2,10,0,9,5,5,8,4,2,9,2,9,10,5,7,4,4,8,3,5,11,11,2,3,3,11,11,4,4,6,11,8,7,2,2,7,11,3,0,3,8,5,7,9,6,10,10,10,7,11,4,2,5,4,6,3,3,7,4,7,5,0,4,0,6,5,7,0,11,9,5,3,6,10,11,11,8,11,6,7,4,7,7,8,4,11,11,0,11,0,6,6,8,6,9,10,11,9,11,11,6,6,4,9,5,9,4,4,5,9,9,2,10,2,4,5,6,11,5,10,2,3,11,6,3,5,4,9,6,11,2,10,2,11,11,3,3,8,5,9,7,4,3
0,7,7,7,7,8,10,3,11,2,10,6,6,9,5,3,10,3,10,11,6,8,5,5,9,4,6,0,0,3,4,4,0,0,5,5,7,0,9,8,3,3,8,0,4,2,4,9,6,8,10,7,11,11,11,8,0,5,3,6,5,7,4,4,8,5,8,6,2,5,2,7,6,8,2,0,10,6,4,7,11,0,0,9,0,7,8,5,8,8,9,5,0,0,2,0,2,7,7,9,7,10,11,0,10,0,0,7,7,5,10,6,10,5,5,6,10,10,3,11,3,5,6,7,0,6,11,3,4,0,7,4,6,5,10,7,0,3,11,3,0,0,4,4,9,6,10,8,5,4
2,8,8,8,8,9,11,4,0,3,11,7,7,10,6,4,11,4,11,0,7,9,6,6,10,5,7,2,2,4,5,5,2,2,6,6,8,2,10,9,4,4,9,2,5,3,5,10,7,9,11,8,0,0,0,9,2,6,4,7,6,8,5,5,9,6,9,7,3,6,3,8,7,9,3,2,11,7,5,8,0,2,2,10,2,8,9,6,9,9,10,6,2,2,3,2,3,8,8,10,8,11,0,2,11,2,2,8,8,6,11,7,11,6,6,7,11,11,4,0,4,6,7,8,2,7,0,4,5,2,8,5,7,6,11,8,2,4,0,4,2,2,5,5,10,7,11,9,6,5
3,9,9,9,9,10,0,5,2,4,0,8,8,11,7,5,0,5,0,2,8,10,7,7,11,6,8,3,3,5,6,6,3,3,7,7,9,3,11,10,5,5,10,3,6,4,6,11,8,10,0,9,2,2,2,10,3,7,5,8,7,9,6,6,10,7,10,8,4,7,4,9,8,10,4,3,0,8,6,9,2,3,3,11,3,9,10,7,10,10,11,7,3,3,4,3,4,9,9,11,9,0,2,3,0,3,3,9,9,7,0,8,0,7,7,8,0,0,5,2,5,7,8,9,3,8,2,5,6,3,9,6,8,7,0,9,3,5,2,5,3,3,6,6,11,8,0,10,7,6
4,10,10,10,10,11,2,6,3,5,2,9,9,0,8,6,2,6,2,3,9,11,8,8,0,7,9,4,4,6,7,7,4,4,8,8,10,4,0,11,6,6,11,4,7,5,7,0,9,11,2,10,3,3,3,11,4,8,6,9,8,10,7,7,11,8,11,9,5,8,5,10,9,11,5,4,2,9,7,10,3,4,4,0,4,10,11,8,11,11,0,8,4,4,5,4,5,10,10,0,10,2,3,4,2,4,4,10,10,8,2,9,2,8,8,9,2,2,6,3,6,8,9,10,4,9,3,6,7,4,10,7,9,8,2,10,4,6,3,6,4,4,7,7,0,9,2,11,8,7
5,11,11,11,11,0,3,7,4,6,3,10,10,2,9,7,3,7,3,4,10,0,9,9,2,8,10,5,5,7,8,8,5,5,9,9,11,5,2,0,7,7,0,5,8,6,8,2,10,0,3,11,4,4,4,0,5,9,7,10,9,11,8,8,0,9,0,10,6,9,6,11,10,0,6,5,3,10,8,11,4,5,5,2,5,11,0,9,0,0,2,9,5,5,6,5,6,11,11,2,11,3,4,5,3,5,5,11,11,9,3,10,3,9,9,10,3,3,7,4,7,9,10,11,5,10,4,7,8,5,11,8,10,9,3,11,5,7,4,7,5,5,8,8,2,10,3,0,9,8
6,0,0,0,0,2,4,8,5,7,4,11,11,3,10,8,4,8,4,5,11,2,10,10,3,9,11,6,6,8,9,9,6,6,10,10,0,6,3,2,8,8,2,6,9,7,9,3,11,2,4,0,5,5,5,2,6,10,8,11,10,0,9,9,2,10,2,11,7,10,7,0,11,2,7,6,4,11,9,0,5,6,6,3,6,0,2,10,2,2,3,10,6,6,7,6,7,0,0,3,0,4,5,6,4,6,6,0,0,10,4,11,4,10,10,11,4,4,8,5,8,10,11,0,6,11,5,8,9,6,0,9,11,10,4,0,6,8,5,8,6,6,9,9,3,11,4,2,10,9
7,2,2,2,2,3,5,9,6,8,5,0,0,4,11,9,5,9,5,6,0,3,11,11,4,10,0,7,7,9,10,10,7,7,11,11,2,7,4,3,9,9,3,7,10,8,10,4,0,3,5,2,6,6,6,3,7,11,9,0,11,2,10,10,3,11,3,0,8,11,8,2,0,3,8,7,5,0,10,2,6,7,7,4,7,2,3,11,3,3,4,11,7,7,8,7,8,2,2,4,2,5,6,7,5,7,7,2,2,11,5,0,5,11,11,0,5,5,9,6,9,11,0,2,7,0,6,9,10,7,2,10,0,11,5,2,7,9,6,9,7,7,10,10,4,0,5,3,11,10
8,3,3,3,3,4,6,10,7,9,6,2,2,5,0,10,6,10,6,7,2,4,0,0,5,11,2,8,8,10,11,11,8,8,0,0,3,8,5,4,10,10,4,8,11,9,11,5,2,4,6,3,7,7,7,4,8,0,10,2,0,3,11,11,4,0,4,2,9,0,9,3,2,4,9,8,6,2,11,3,7,8,8,5,8,3,4,0,4,4,5,0,8,8,9,8,9,3,3,5,3,6,7,8,6,8,8,3,3,0,6,2,6,0,0,2,6,6,10,7,10,0,2,3,8,2,7,10,11,8,3,11,2,0,6,3,8,10,7,10,8,8,11,11,5,2,6,4,0,11
9,4,4,4,4,5,7,11,8,10,7,3,3,6,2,11,7,11,7,8,3,5,2,2,6,0,3,9,9,11,0,0,9,9,2,2,4,9,6,5,11,11,5,9,0,10,0,6,3,5,7,4,8,8,8,5,9,2,11,3,2,4,0,0,5,2,5,3,10,2,10,4,3,5,10,9,7,3,0,4,8,9,9,6,9,4,5,2,5,5,6,2,9,9,10,9,10,4,4,6,4,7,8,9,7,9,9,4,4,2,7,3,7,2,2,3,7,7,11,8,11,2,3,4,9,3,8,11,0,9,4,0,3,2,7,4,9,11,8,11,9,9,0,0,6,3,7,5,2,0
10,5,5,5,5,6,8,0,9,11,8,4,4,7,3,0,8,0,8,9,4,6,3,3,7,2,4,10,10,0,2,2,10,10,3,3,5,10,7,6,0,0,6,10,2,11,2,7,4,6,8,5,9,9,9,6,10,3,0,4,3,5,2,2,6,3,6,4,11,3,11,5,4,6,11,10,8,4,2,5,9,10,10,7,10,5,6,3,6,6,7,3,10,10,11,10,11,5,5,7,5,8,9,10,8,10,10,5,5,3,8,4,8,3,3,4,8,8,0,9,0,3,4,5,10,4,9,0,2,10,5,2,4,3,8,5,10,0,9,0,10,10,2,2,7,4,8,6,3,2
11,6,6,6,6,7,9,2,10,0,9,5,5,8,4,2,9,2,9,10,5,7,4,4,8,3,5,11,11,2,3,3,11,11,4,4,6,11,8,7,2,2,7,11,3,0,3,8,5,7,9,6,10,10,10,7,11,4,2,5,4,6,3,3,7,4,7,5,0,4,0,6,5,7,0,11,9,5,3,6,10,11,11,8,11,6,7,4,7,7,8,4,11,11,0,11,0,6,6,8,6,9,10,11,9,11,11,6,6,4,9,5,9,4,4,5,9,9,2,10,2,4,5,6,11,5,10,2,3,11,6,3,5,4,9,6,11,2,10,2,11,11,3,3,8,5,9,7,4,3
0,7,7,7,7,8,10,3,11,2,10,6,6,9,5,3,10,3,10,11,6,8,5,5,9,4,6,0,0,3,4,4,0,0,5,5,7,0,9,8,3,3,8,0,4,2,4,9,6,8,10,7,11,11,11,8,0,5,3,6,5,7,4,4,8,5,8,6,2,5,2,7,6,8,2,0,10,6,4,7,11,0,0,9,0,7,8,5,8,8,9,5,0,0,2,0,2,7,7,9,7,10,11,0,10,0,0,7,7,5,10,6,10,5,5,6,10,10,3,11,3,5,6,7,0,6,11,3,4,0,7,4,6,5,10,7,0,3,11,3,0,0,4,4,9,6,10,8,5,4
2,8,8,8,8,9,11,4,0,3,11,7,7,10,6,4,11,4,11,0,7,9,6,6,10,5,7,2,2,4,5,5,2,2,6,6,8,2,10,9,4,4,9,2,5,3,5,10,7,9,11,8,0,0,0,9,2,6,4,7,6,8,5,5,9,6,9,7,3,6,3,8,7,9,3,2,11,7,5,8,0,2,2,10,2,8,9,6,9,9,10,6,2,2,3,2,3,8,8,10,8,11,0,2,11,2,2,8,8,6,11,7,11,6,6,7,11,11,4,0,4,6,7,8,2,7,0,4,5,2,8,5,7,6,11,8,2,4,0,4,2,2,5,5,10,7,11,9,6,5
3,9,9,9,9,10,0,5,2,4,0,8,8,11,7,5,0,5,0,2,8,10,7,7,11,6,8,3,3,5,6,6,3,3,7,7,9,3,11,10,5,5,10,3,6,4,6,11,8,10,0,9,2,2,2,10,3,7,5,8,7,9,6,6,10,7,10,8,4,7,4,9,8,10,4,3,0,8,6,9,2,3,3,11,3,9,10,7,10,10,11,7,3,3,4,3,4,9,9,11,9,0,2,3,0,3,3,9,9,7,0,8,0,7,7,8,0,0,5,2,5,7,8,9,3,8,2,5,6,3,9,6,8,7,0,9,3,5,2,5,3,3,6,6,11,8,0,10,7,6
4,10,10,10,10,11,2,6,3,5,2,9,9,0,8,6,2,6,2,3,9,11,8,8,0,7,9,4,4,6,7,7,4,4,8,8,10,4,0,11,6,6,11,4,7,5,7,0,9,11,2,10,3,3,3,11,4,8,6,9,8,10,7,7,11,8,11,9,5,8,5,10,9,11,5,4,2,9,7,10,3,4,4,0,4,10,11,8,11,11,0,8,4,4,5,4,5,10,10,0,10,2,3,4,2,4,4,10,10,8,2,9,2,8,8,9,2,2,6,3,6,8,9,10,4,9,3,6,7,4,10,7,9,8,2,10,4,6,3,6,4,4,7,7,0,9,2,11,8,7
5,11,11,11,11,0,3,7,4,6,3,10,10,2,9,7,3,7,3,4,10,0,9,9,2,8,10,5,5,7,8,8,5,5,9,9,11,5,2,0,7,7,0,5,8,6,8,2,10,0,3,11,4,4,4,0,5,9,7,10,9,11,8,8,0,9,0,10,6,9,6,11,10,0,6,5,3,10,8,11,4,5,5,2,5,11,0,9,0,0,2,9,5,5,6,5,6,11,11,2,11,3,4,5,3,5,5,11,11,9,3,10,3,9,9,10,3,3,7,4,7,9,10,11,5,10,4,7,8,5,11,8,10,9,3,11,5,7,4,7,5,5,8,8,2,10,3,0,9,8
6,0,0,0,0,2,4,8,5,7,4,11,11,3,10,8,4,8,4,5,11,2,10,10,3,9,11,6,6,8,9,9,6,6,10,10,0,6,3,2,8,8,2,6,9,7,9,3,11,2,4,0,5,5,5,2,6,10,8,11,10,0,9,9,2,10,2,11,7,10,7,0,11,2,7,6,4,11,9,0,5,6,6,3,6,0,2,10,2,2,3,10,6,6,7,6,7,0,0,3,0,4,5,6,4,6,6,0,0,10,4,11,4,10,10,11,4,4,8,5,8,10,11,0,6,11,5,8,9,6,0,9,11,10,4,0,6,8,5,8,6,6,9,9,3,11,4,2,10,9
7,2,2,2,2,3,5,9,6,8,5,0,0,4,11,9,5,9,5,6,0,3,11,11,4,10,0,7,7,9,10,10,7,7,11,11,2,7,4,3,9,9,3,7,10,8,10,4,0,3,5,2,6,6,6,3,7,11,9,0,11,2,10,10,3,11,3,0,8,11,8,2,0,3,8,7,5,0,10,2,6,7,7,4,7,2,3,11,3,3,4,11,7,7,8,7,8,2,2,4,2,5,6,7,5,7,7,2,2,11,5,0,5,11,11,0,5,5,9,6,9,11,0,2,7,0,6,9,10,7,2,10,0,11,5,2,7,9,6,9,7,7,10,10,4,0,5,3,11,10
8,3,3,3,3,4,6,10,7,9,6,2,2,5,0,10,6,10,6,7,2,4,0,0,5,11,2,8,8,10,11,11,8,8,0,0,3,8,5,4,10,10,4,8,11,9,11,5,2,4,6,3,7,7,7,4,8,0,10,2,0,3,11,11,4,0,4,2,9,0,9,3,2,4,9,8,6,2,11,3,7,8,8,5,8,3,4,0,4,4,5,0,8,8,9,8,9,3,3,5,3,6,7,8,6,8,8,3,3,0,6,2,6,0,0,2,6,6,10,7,10,0,2,3,8,2,7,10,11,8,3,11,2,0,6,3,8,10,7,10,8,8,11,11,5,2,6,4,0,11
9,4,4,4,4,5,7,11,8,10,7,3,3,6,2,11,7,11,7,8,3,5,2,2,6,0,3,9,9,11,0,0,9,9,2,2,4,9,6,5,11,11,5,9,0,10,0,6,3,5,7,4,8,8,8,5,9,2,11,3,2,4,0,0,5,2,5,3,10,2,10,4,3,5,10,9,7,3,0,4,8,9,9,6,9,4,5,2,5,5,6,2,9,9,10,9,10,4,4,6,4,7,8,9,7,9,9,4,4,2,7,3,7,2,2,3,7,7,11,8,11,2,3,4,9,3,8,11,0,9,4,0,3,2,7,4,9,11,8,11,9,9,0,0,6,3,7,5,2,0
10,5,5,5,5,6,8,0,9,11,8,4,4,7,3,0,8,0,8,9,4,6,3,3,7,2,4,10,10,0,2,2,10,10,3,3,5,10,7,6,0,0,6,10,2,11,2,7,4,6,8,5,9,9,9,6,10,3,0,4,3,5,2,2,6,3,6,4,11,3,11,5,4,6,11,10,8,4,2,5,9,10,10,7,10,5,6,3,6,6,7,3,10,10,11,10,11,5,5,7,5,8,9,10,8,10,10,5,5,3,8,4,8,3,3,4,8,8,0,9,0,3,4,5,10,4,9,0,2,10,5,2,4,3,8,5,10,0,9,0,10,10,2,2,7,4,8,6,3,2
11,6,6,6,6,7,9,2,10,0,9,5,5,8,4,2,9,2,9,10,5,7,4,4,8,3,5,11,11,2,3,3,11,11,4,4,6,11,8,7,2,2,7,11,3,0,3,8,5,7,9,6,10,10,10,7,11,4,2,5,4,6,3,3,7,4,7,5,0,4,0,6,5,7,0,11,9,5,3,6,10,11,11,8,11,6,7,4,7,7,8,4,11,11,0,11,0,6,6,8,6,9,10,11,9,11,11,6,6,4,9,5,9,4,4,5,9,9,2,10,2,4,5,6,11,5,10,2,3,11,6,3,5,4,9,6,11,2,10,2,11,11,3,3,8,5,9,7,4,3
0,7,7,7,7,8,10,3,11,2,10,6,6,9,5,3,10,3,10,11,6,8,5,5,9,4,6,0,0,3,4,4,0,0,5,5,7,0,9,8,3,3,8,0,4,2,4,9,6,8,10,7,11,11,11,8,0,5,3,6,5,7,4,4,8,5,8,6,2,5,2,7,6,8,2,0,10,6,4,7,11,0,0,9,0,7,8,5,8,8,9,5,0,0,2,0,2,7,7,9,7,10,11,0,10,0,0,7,7,5,10,6,10,5,5,6,10,10,3,11,3,5,6,7,0,6,11,3,4,0,7,4,6,5,10,7,0,3,11,3,0,0,4,4,9,6,10,8,5,4
2,8,8,8,8,9,11,4,0,3,11,7,7,10,6,4,11,4,11,0,7,9,6,6,10,5,7,2,2,4,5,5,2,2,6,6,8,2,10,9,4,4,9,2,5,3,5,10,7,9,11,8,0,0,0,9,2,6,4,7,6,8,5,5,9,6,9,7,3,6,3,8,7,9,3,2,11,7,5,8,0,2,2,10,2,8,9,6,9,9,10,6,2,2,3,2,3,8,8,10,8,11,0,2,11,2,2,8,8,6,11,7,11,6,6,7,11,11,4,0,4,6,7,8,2,7,0,4,5,2,8,5,7,6,11,8,2,4,0,4,2,2,5,5,10,7,11,9,6,5
3,9,9,9,9,10,0,5,2,4,0,8,8,11,7,5,0,5,0,2,8,10,7,7,11,6,8,3,3,5,6,6,3,3,7,7,9,3,11,10,5,5,10,3,6,4,6,11,8,10,0,9,2,2,2,10,3,7,5,8,7,9,6,6,10,7,10,8,4,7,4,9,8,10,4,3,0,8,6,9,2,3,3,11,3,9,10,7,10,10,11,7,3,3,4,3,4,9,9,11,9,0,2,3,0,3,3,9,9,7,0,8,0,7,7,8,0,0,5,2,5,7,8,9,3,8,2,5,6,3,9,6,8,7,0,9,3,5,2,5,3,3,6,6,11,8,0,10,7,6
4,10,10,10,10,11,2,6,3,5,2,9,9,0,8,6,2,6,2,3,9,11,8,8,0,7,9,4,4,6,7,7,4,4,8,8,10,4,0,11,6,6,11,4,7,5,7,0,9,11,2,10,3,3,3,11,4,8,6,9,8,10,7,7,11,8,11,9,5,8,5,10,9,11,5,4,2,9,7,10,3,4,4,0,4,10,11,8,11,11,0,8,4,4,5,4,5,10,10,0,10,2,3,4,2,4,4,10,10,8,2,9,2,8,8,9,2,2,6,3,6,8,9,10,4,9,3,6,7,4,10,7,9,8,2,10,4,6,3,6,4,4,7,7,0,9,2,11,8,7
5,11,11,11,11,0,3,7,4,6,3,10,10,2,9,7,3,7,3,4,10,0,9,9,2,8,10,5,5,7,8,8,5,5,9,9,11,5,2,0,7,7,0,5,8,6,8,2,10,0,3,11,4,4,4,0,5,9,7,10,9,11,8,8,0,9,0,10,6,9,6,11,10,0,6,5,3,10,8,11,4,5,5,2,5,11,0,9,0,0,2,9,5,5,6,5,6,11,11,2,11,3,4,5,3,5,5,11,11,9,3,10,3,9,9,10,3,3,7,4,7,9,10,11,5,10,4,7,8,5,11,8,10,9,3,11,5,7,4,7,5,5,8,8,2,10,3,0,9,8
6,0,0,0,0,2,4,8,5,7,4,11,11,3,10,8,4,8,4,5,11,2,10,10,3,9,11,6,6,8,9,9,6,6,10,10,0,6,3,2,8,8,2,6,9,7,9,3,11,2,4,0,5,5,5,2,6,10,8,11,10,0,9,9,2,10,2,11,7,10,7,0,11,2,7,6,4,11,9,0,5,6,6,3,6,0,2,10,2,2,3,10,6,6,7,6,7,0,0,3,0,4,5,6,4,6,6,0,0,10,4,11,4,10,10,11,4,4,8,5,8,10,11,0,6,11,5,8,9,6,0,9,11,10,4,0,6,8,5,8,6,6,9,9,3,11,4,2,10,9
7,2,2,2,2,3,5,9,6,8,5,0,0,4,11,9,5,9,5,6,0,3,11,11,4,10,0,7,7,9,10,10,7,7,11,11,2,7,4,3,9,9,3,7,10,8,10,4,0,3,5,2,6,6,6,3,7,11,9,0,11,2,10,10,3,11,3,0,8,11,8,2,0,3,8,7,5,0,10,2,6,7,7,4,7,2,3,11,3,3,4,11,7,7,8,7,8,2,2,4,2,5,6,7,5,7,7,2,2,11,5,0,5,11,11,0,5,5,9,6,9,11,0,2,7,0,6,9,10,7,2,10,0,11,5,2,7,9,6,9,7,7,10,10,4,0,5,3,11,10
8,3,3,3,3,4,6,10,7,9,6,2,2,5,0,10,6,10,6,7,2,4,0,0,5,11,2,8,8,10,11,11,8,8,0,0,3,8,5,4,10,10,4,8,11,9,11,5,2,4,6,3,7,7,7,4,8,0,10,2,0,3,11,11,4,0,4,2,9,0,9,3,2,4,9,8,6,2,11,3,7,8,8,5,8,3,4,0,4,4,5,0,8,8,9,8,9,3,3,5,3,6,7,8,6,8,8,3,3,0,6,2,6,0,0,2,6,6,10,7,10,0,2,3,8,2,7,10,11,8,3,11,2,0,6,3,8,10,7,10,8,8,11,11,5,2,6,4,0,11
9,4,4,4,4,5,7,11,8,10,7,3,3,6,2,11,7,11,7,8,3,5,2,2,6,0,3,9,9,11,0,0,9,9,2,2,4,9,6,5,11,11,5,9,0,10,0,6,3,5,7,4,8,8,8,5,9,2,11,3,2,4,0,0,5,2,5,3,10,2,10,4,3,5,10,9,7,3,0,4,8,9,9,6,9,4,5,2,5,5,6,2,9,9,10,9,10,4,4,6,4,7,8,9,7,9,9,4,4,2,7,3,7,2,2,3,7,7,11,8,11,2,3,4,9,3,8,11,0,9,4,0,3,2,7,4,9,11,8,11,9,9,0,0,6,3,7,5,2,0
10,5,5,5,5,6,8,0,9,11,8,4,4,7,3,0,8,0,8,9,4,6,3,3,7,2,4,10,10,0,2,2,10,10,3,3,5,10,7,6,0,0,6,10,2,11,2,7,4,6,8,5,9,9,9,6,10,3,0,4,3,5,2,2,6,3,6,4,11,3,11,5,4,6,11,10,8,4,2,5,9,10,10,7,10,5,6,3,6,6,7,3,10,10,11,10,11,5,5,7,5,8,9,10,8,10,10,5,5,3,8,4,8,3,3,4,8,8,0,9,0,3,4,5,10,4,9,0,2,10,5,2,4,3,8,5,10,0,9,0,10,10,2,2,7,4,8,6,3,2
11,6,6,6,6,7,9,2,10,0,9,5,5,8,4,2,9,2,9,10,5,7,4,4,8,3,5,11,11,2,3,3,11,11,4,4,6,11,8,7,2,2,7,11,3,0,3,8,5,7,9,6,10,10,10,7,11,4,2,5,4,6,3,3,7,4,7,5,0,4,0,6,5,7,0,11,9,5,3,6,10,11,11,8,11,6,7,4,7,7,8,4,11,11,0,11,0,6,6,8,6,9,10,11,9,11,11,6,6,4,9,5,9,4,4,5,9,9,2,10,2,4,5,6,11,5,10,2,3,11,6,3,5,4,9,6,11,2,10,2,11,11,3,3,8,5,9,7,4,3
0,7,7,7,7,8,10,3,11,2,10,6,6,9,5,3,10,3,10,11,6,8,5,5,9,4,6,0,0,3,4,4,0,0,5,5,7,0,9,8,3,3,8,0,4,2,4,9,6,8,10,7,11,11,11,8,0,5,3,6,5,7,4,4,8,5,8,6,2,5,2,7,6,8,2,0,10,6,4,7,11,0,0,9,0,7,8,5,8,8,9,5,0,0,2,0,2,7,7,9,7,10,11,0,10,0,0,7,7,5,10,6,10,5,5,6,10,10,3,11,3,5,6,7,0,6,11,3,4,0,7,4,6,5,10,7,0,3,11,3,0,0,4,4,9,6,10,8,5,4
2,8,8,8,8,9,11,4,0,3,11,7,7,10,6,4,11,4,11,0,7,9,6,6,10,5,7,2,2,4,5,5,2,2,6,6,8,2,10,9,4,4,9,2,5,3,5,10,7,9,11,8,0,0,0,9,2,6,4,7,6,8,5,5,9,6,9,7,3,6,3,8,7,9,3,2,11,7,5,8,0,2,2,10,2,8,9,6,9,9,10,6,2,2,3,2,3,8,8,10,8,11,0,2,11,2,2,8,8,6,11,7,11,6,6,7,11,11,4,0,4,6,7,8,2,7,0,4,5,2,8,5,7,6,11,8,2,4,0,4,2,2,5,5,10,7,11,9,6,5
3,9,9,9,9,10,0,5,2,4,0,8,8,11,7,5,0,5,0,2,8,10,7,7,11,6,8,3,3,5,6,6,3,3,7,7,9,3,11,10,5,5,10,3,6,4,6,11,8,10,0,9,2,2,2,10,3,7,5,8,7,9,6,6,10,7,10,8,4,7,4,9,8,10,4,3,0,8,6,9,2,3,3,11,3,9,10,7,10,10,11,7,3,3,4,3,4,9,9,11,9,0,2,3,0,3,3,9,9,7,0,8,0,7,7,8,0,0,5,2,5,7,8,9,3,8,2,5,6,3,9,6,8,7,0,9,3,5,2,5,3,3,6,6,11,8,0,10,7,6
4,10,10,10,10,11,2,6,3,5,2,9,9,0,8,6,2,6,2,3,9,11,8,8,0,7,9,4,4,6,7,7,4,4,8,8,10,4,0,11,6,6,11,4,7,5,7,0,9,11,2,10,3,3,3,11,4,8,6,9,8,10,7,7,11,8,11,9,5,8,5,10,9,11,5,4,2,9,7,10,3,4,4,0,4,10,11,8,11,11,0,8,4,4,5,4,5,10,10,0,10,2,3,4,2,4,4,10,10,8,2,9,2,8,8,9,2,2,6,3,6,8,9,10,4,9,3,6,7,4,10,7,9,8,2,10,4,6,3,6,4,4,7,7,0,9,2,11,8,7
5,11,11,11,11,0,3,7,4,6,3,10,10,2,9,7,3,7,3,4,10,0,9,9,2,8,10,5,5,7,8,8,5,5,9,9,11,5,2,0,7,7,0,5,8,6,8,2,10,0,3,11,4,4,4,0,5,9,7,10,9,11,8,8,0,9,0,10,6,9,6,11,10,0,6,5,3,10,8,11,4,5,5,2,5,11,0,9,0,0,2,9,5,5,6,5,6,11,11,2,11,3,4,5,3,5,5,11,11,9,3,10,3,9,9,10,3,3,7,4,7,9,10,11,5,10,4,7,8,5,11,8,10,9,3,11,5,7,4,7,5,5,8,8,2,10,3,0,9,8
6,0,0,0,0,2,4,8,5,7,4,11,11,3,10,8,4,8,4,5,11,2,10,10,3,9,11,6,6,8,9,9,6,6,10,10,0,6,3,2,8,8,2,6,9,7,9,3,11,2,4,0,5,5,5,2,6,10,8,11,10,0,9,9,2,10,2,11,7,10,7,0,11,2,7,6,4,11,9,0,5,6,6,3,6,0,2,10,2,2,3,10,6,6,7,6,7,0,0,3,0,4,5,6,4,6,6,0,0,10,4,11,4,10,10,11,4,4,8,5,8,10,11,0,6,11,5,8,9,6,0,9,11,10,4,0,6,8,5,8,6,6,9,9,3,11,4,2,10,9
7,2,2,2,2,3,5,9,6,8,5,0,0,4,11,9,5,9,5,6,0,3,11,11,4,10,0,7,7,9,10,10,7,7,11,11,2,7,4,3,9,9,3,7,10,8,10,4,0,3,5,2,6,6,6,3,7,11,9,0,11,2,10,10,3,11,3,0,8,11,8,2,0,3,8,7,5,0,10,2,6,7,7,4,7,2,3,11,3,3,4,11,7,7,8,7,8,2,2,4,2,5,6,7,5,7,7,2,2,11,5,0,5,11,11,0,5,5,9,6,9,11,0,2,7,0,6,9,10,7,2,10,0,11,5,2,7,9,6,9,7,7,10,10,4,0,5,3,11,10
8,3,3,3,3,4,6,10,7,9,6,2,2,5,0,10,6,10,6,7,2,4,0,0,5,11,2,8,8,10,11,11,8,8,0,0,3,8,5,4,10,10,4,8,11,9,11,5,2,4,6,3,7,7,7,4,8,0,10,2,0,3,11,11,4,0,4,2,9,0,9,3,2,4,9,8,6,2,11,3,7,8,8,5,8,3,4,0,4,4,5,0,8,8,9,8,9,3,3,5,3,6,7,8,6,8,8,3,3,0,6,2,6,0,0,2,6,6,10,7,10,0,2,3,8,2,7,10,11,8,3,11,2,0,6,3,8,10,7,10,8,8,11,11,5,2,6,4,0,11
9,4,4,4,4,5,7,11,8,10,7,3,3,6,2,11,7,11,7,8,3,5,2,2,6,0,3,9,9,11,0,0,9,9,2,2,4,9,6,5,11,11,5,9,0,10,0,6,3,5,7,4,8,8,8,5,9,2,11,3,2,4,0,0,5,2,5,3,10,2,10,4,3,5,10,9,7,3,0,4,8,9,9,6,9,4,5,2,5,5,6,2,9,9,10,9,10,4,4,6,4,7,8,9,7,9,9,4,4,2,7,3,7,2,2,3,7,7,11,8,11,2,3,4,9,3,8,11,0,9,4,0,3,2,7,4,9,11,8,11,9,9,0,0,6,3,7,5,2,0
10,5,5,5,5,6,8,0,9,11,8,4,4,7,3,0,8,0,8,9,4,6,3,3,7,2,4,10,10,0,2,2,10,10,3,3,5,10,7,6,0,0,6,10,2,11,2,7,4,6,8,5,9,9,9,6,10,3,0,4,3,5,2,2,6,3,6,4,11,3,11,5,4,6,11,10,8,4,2,5,9,10,10,7,10,5,6,3,6,6,7,3,10,10,11,10,11,5,5,7,5,8,9,10,8,10,10,5,5,3,8,4,8,3,3,4,8,8,0,9,0,3,4,5,10,4,9,0,2,10,5,2,4,3,8,5,10,0,9,0,10,10,2,2,7,4,8,6,3,2
11,6,6,6,6,7,9,2,10,0,9,5,5,8,4,2,9,2,9,10,5,7,4,4,8,3,5,11,11,2,3,3,11,11,4,4,6,11,8,7,2,2,7,11,3,0,3,8,5,7,9,6,10,10,10,7,11,4,2,5,4,6,3,3,7,4,7,5,0,4,0,6,5,7,0,11,9,5,3,6,10,11,11,8,11,6,7,4,7,7,8,4,11,11,0,11,0,6,6,8,6,9,10,11,9,11,11,6,6,4,9,5,9,4,4,5,9,9,2,10,2,4,5,6,11,5,10,2,3,11,6,3,5,4,9,6,11,2,10,2,11,11,3,3,8,5,9,7,4,3
0,7,7,7,7,8,10,3,11,2,10,6,6,9,5,3,10,3,10,11,6,8,5,5,9,4,6,0,0,3,4,4,0,0,5,5,7,0,9,8,3,3,8,0,4,2,4,9,6,8,10,7,11,11,11,8,0,5,3,6,5,7,4,4,8,5,8,6,2,5,2,7,6,8,2,0,10,6,4,7,11,0,0,9,0,7,8,5,8,8,9,5,0,0,2,0,2,7,7,9,7,10,11,0,10,0,0,7,7,5,10,6,10,5,5,6,10,10,3,11,3,5,6,7,0,6,11,3,4,0,7,4,6,5,10,7,0,3,11,3,0,0,4,4,9,6,10,8,5,4
2,8,8,8,8,9,11,4,0,3,11,7,7,10,6,4,11,4,11,0,7,9,6,6,10,5,7,2,2,4,5,5,2,2,6,6,8,2,10,9,4,4,9,2,5,3,5,10,7,9,11,8,0,0,0,9,2,6,4,7,6,8,5,5,9,6,9,7,3,6,3,8,7,9,3,2,11,7,5,8,0,2,2,10,2,8,9,6,9,9,10,6,2,2,3,2,3,8,8,10,8,11,0,2,11,2,2,8,8,6,11,7,11,6,6,7,11,11,4,0,4,6,7,8,2,7,0,4,5,2,8,5,7,6,11,8,2,4,0,4,2,2,5,5,10,7,11,9,6,5
3,9,9,9,9,10,0,5,2,4,0,8,8,11,7,5,0,5,0,2,8,10,7,7,11,6,8,3,3,5,6,6,3,3,7,7,9,3,11,10,5,5,10,3,6,4,6,11,8,10,0,9,2,2,2,10,3,7,5,8,7,9,6,6,10,7,10,8,4,7,4,9,8,10,4,3,0,8,6,9,2,3,3,11,3,9,10,7,10,10,11,7,3,3,4,3,4,9,9,11,9,0,2,3,0,3,3,9,9,7,0,8,0,7,7,8,0,0,5,2,5,7,8,9,3,8,2,5,6,3,9,6,8,7,0,9,3,5,2,5,3,3,6,6,11,8,0,10,7,6
4,10,10,10,10,11,2,6,3,5,2,9,9,0,8,6,2,6,2,3,9,11,8,8,0,7,9,4,4,6,7,7,4,4,8,8,10,4,0,11,6,6,11,4,7,5,7,0,9,11,2,10,3,3,3,11,4,8,6,9,8,10,7,7,11,8,11,9,5,8,5,10,9,11,5,4,2,9,7,10,3,4,4,0,4,10,11,8,11,11,0,8,4,4,5,4,5,10,10,0,10,2,3,4,2,4,4,10,10,8,2,9,2,8,8,9,2,2,6,3,6,8,9,10,4,9,3,6,7,4,10,7,9,8,2,10,4,6,3,6,4,4,7,7,0,9,2,11,8,7
5,11,11,11,11,0,3,7,4,6,3,10,10,2,9,7,3,7,3,4,10,0,9,9,2,8,10,5,5,7,8,8,5,5,9,9,11,5,2,0,7,7,0,5,8,6,8,2,10,0,3,11,4,4,4,0,5,9,7,10,9,11,8,8,0,9,0,10,6,9,6,11,10,0,6,5,3,10,8,11,4,5,5,2,5,11,0,9,0,0,2,9,5,5,6,5,6,11,11,2,11,3,4,5,3,5,5,11,11,9,3,10,3,9,9,10,3,3,7,4,7,9,10,11,5,10,4,7,8,5,11,8,10,9,3,11,5,7,4,7,5,5,8,8,2,10,3,0,9,8
6,0,0,0,0,2,4,8,5,7,4,11,11,3,10,8,4,8,4,5,11,2,10,10,3,9,11,6,6,8,9,9,6,6,10,10,0,6,3,2,8,8,2,6,9,7,9,3,11,2,4,0,5,5,5,2,6,10,8,11,10,0,9,9,2,10,2,11,7,10,7,0,11,2,7,6,4,11,9,0,5,6,6,3,6,0,2,10,2,2,3,10,6,6,7,6,7,0,0,3,0,4,5,6,4,6,6,0,0,10,4,11,4,10,10,11,4,4,8,5,8,10,11,0,6,11,5,8,9,6,0,9,11,10,4,0,6,8,5,8,6,6,9,9,3,11,4,2,10,9
7,2,2,2,2,3,5,9,6,8,5,0,0,4,11,9,5,9,5,6,0,3,11,11,4,10,0,7,7,9,10,10,7,7,11,11,2,7,4,3,9,9,3,7,10,8,10,4,0,3,5,2,6,6,6,3,7,11,9,0,11,2,10,10,3,11,3,0,8,11,8,2,0,3,8,7,5,0,10,2,6,7,7,4,7,2,3,11,3,3,4,11,7,7,8,7,8,2,2,4,2,5,6,7,5,7,7,2,2,11,5,0,5,11,11,0,5,5,9,6,9,11,0,2,7,0,6,9,10,7,2,10,0,11,5,2,7,9,6,9,7,7,10,10,4,0,5,3,11,10
8,3,3,3,3,4,6,10,7,9,6,2,2,5,0,10,6,10,6,7,2,4,0,0,5,11,2,8,8,10,11,11,8,8,0,0,3,8,5,4,10,10,4,8,11,9,11,5,2,4,6,3,7,7,7,4,8,0,10,2,0,3,11,11,4,0,4,2,9,0,9,3,2,4,9,8,6,2,11,3,7,8,8,5,8,3,4,0,4,4,5,0,8,8,9,8,9,3,3,5,3,6,7,8,6,8,8,3,3,0,6,2,6,0,0,2,6,6,10,7,10,0,2,3,8,2,7,10,11,8,3,11,2,0,6,3,8,10,7,10,8,8,11,11,5,2,6,4,0,11
9,4,4,4,4,5,7,11,8,10,7,3,3,6,2,11,7,11,7,8,3,5,2,2,6,0,3,9,9,11,0,0,9,9,2,2,4,9,6,5,11,11,5,9,0,10,0,6,3,5,7,4,8,8,8,5,9,2,11,3,2,4,0,0,5,2,5,3,10,2,10,4,3,5,10,9,7,3,0,4,8,9,9,6,9,4,5,2,5,5,6,2,9,9,10,9,10,4,4,6,4,7,8,9,7,9,9,4,4,2,7,3,7,2,2,3,7,7,11,8,11,2,3,4,9,3,8,11,0,9,4,0,3,2,7,4,9,11,8,11,9,9,0,0,6,3,7,5,2,0
10,5,5,5,5,6,8,0,9,11,8,4,4,7,3,0,8,0,8,9,4,6,3,3,7,2,4,10,10,0,2,2,10,10,3,3,5,10,7,6,0,0,6,10,2,11,2,7,4,6,8,5,9,9,9,6,10,3,0,4,3,5,2,2,6,3,6,4,11,3,11,5,4,6,11,10,8,4,2,5,9,10,10,7,10,5,6,3,6,6,7,3,10,10,11,10,11,5,5,7,5,8,9,10,8,10,10,5,5,3,8,4,8,3,3,4,8,8,0,9,0,3,4,5,10,4,9,0,2,10,5,2,4,3,8,5,10,0,9,0,10,10,2,2,7,4,8,6,3,2
11,6,6,6,6,7,9,2,10,0,9,5,5,8,4,2,9,2,9,10,5,7,4,4,8,3,5,11,11,2,3,3,11,11,4,4,6,11,8,7,2,2,7,11,3,0,3,8,5,7,9,6,10,10,10,7,11,4,2,5,4,6,3,3,7,4,7,5,0,4,0,6,5,7,0,11,9,5,3,6,10,11,11,8,11,6,7,4,7,7,8,4,11,11,0,11,0,6,6,8,6,9,10,11,9,11,11,6,6,4,9,5,9,4,4,5,9,9,2,10,2,4,5,6,11,5,10,2,3,11,6,3,5,4,9,6,11,2,10,2,11,11,3,3,8,5,9,7,4,3
0,7,7,7,7,8,10,3,11,2,10,6,6,9,5,3,10,3,10,11,6,8,5,5,9,4,6,0,0,3,4,4,0,0,5,5,7,0,9,8,3,3,8,0,4,2,4,9,6,8,10,7,11,11,11,8,0,5,3,6,5,7,4,4,8,5,8,6,2,5,2,7,6,8,2,0,10,6,4,7,11,0,0,9,0,7,8,5,8,8,9,5,0,0,2,0,2,7,7,9,7,10,11,0,10,0,0,7,7,5,10,6,10,5,5,6,10,10,3,11,3,5,6,7,0,6,11,3,4,0,7,4,6,5,10,7,0,3,11,3,0,0,4,4,9,6,10,8,5,4
2,8,8,8,8,9,11,4,0,3,11,7,7,10,6,4,11,4,11,0,7,9,6,6,10,5,7,2,2,4,5,5,2,2,6,6,8,2,10,9,4,4,9,2,5,3,5,10,7,9,11,8,0,0,0,9,2,6,4,7,6,8,5,5,9,6,9,7,3,6,3,8,7,9,3,2,11,7,5,8,0,2,2,10,2,8,9,6,9,9,10,6,2,2,3,2,3,8,8,10,8,11,0,2,11,2,2,8,8,6,11,7,11,6,6,7,11,11,4,0,4,6,7,8,2,7,0,4,5,2,8,5,7,6,11,8,2,4,0,4,2,2,5,5,10,7,11,9,6,5
3,9,9,9,9,10,0,5,2,4,0,8,8,11,7,5,0,5,0,2,8,10,7,7,11,6,8,3,3,5,6,6,3,3,7,7,9,3,11,10,5,5,10,3,6,4,6,11,8,10,0,9,2,2,2,10,3,7,5,8,7,9,6,6,10,7,10,8,4,7,4,9,8,10,4,3,0,8,6,9,2,3,3,11,3,9,10,7,10,10,11,7,3,3,4,3,4,9,9,11,9,0,2,3,0,3,3,9,9,7,0,8,0,7,7,8,0,0,5,2,5,7,8,9,3,8,2,5,6,3,9,6,8,7,0,9,3,5,2,5,3,3,6,6,11,8,0,10,7,6
4,10,10,10,10,11,2,6,3,5,2,9,9,0,8,6,2,6,2,3,9,11,8,8,0,7,9,4,4,6,7,7,4,4,8,8,10,4,0,11,6,6,11,4,7,5,7,0,9,11,2,10,3,3,3,11,4,8,6,9,8,10,7,7,11,8,11,9,5,8,5,10,9,11,5,4,2,9,7,10,3,4,4,0,4,10,11,8,11,11,0,8,4,4,5,4,5,10,10,0,10,2,3,4,2,4,4,10,10,8,2,9,2,8,8,9,2,2,6,3,6,8,9,10,4,9,3,6,7,4,10,7,9,8,2,10,4,6,3,6,4,4,7,7,0,9,2,11,8,7
5,11,11,11,11,0,3,7,4,6,3,10,10,2,9,7,3,7,3,4,10,0,9,9,2,8,10,5,5,7,8,8,5,5,9,9,11,5,2,0,7,7,0,5,8,6,8,2,10,0,3,11,4,4,4,0,5,9,7,10,9,11,8,8,0,9,0,10,6,9,6,11,10,0,6,5,3,10,8,11,4,5,5,2,5,11,0,9,0,0,2,9,5,5,6,5,6,11,11,2,11,3,4,5,3,5,5,11,11,9,3,10,3,9,9,10,3,3,7,4,7,9,10,11,5,10,4,7,8,5,11,8,10,9,3,11,5,7,4,7,5,5,8,8,2,10,3,0,9,8
6,0,0,0,0,2,4,8,5,7,4,11,11,3,10,8,4,8,4,5,11,2,10,10,3,9,11,6,6,8,9,9,6,6,10,10,0,6,3,2,8,8,2,6,9,7,9,3,11,2,4,0,5,5,5,2,6,10,8,11,10,0,9,9,2,10,2,11,7,10,7,0,11,2,7,6,4,11,9,0,5,6,6,3,6,0,2,10,2,2,3,10,6,6,7,6,7,0,0,3,0,4,5,6,4,6,6,0,0,10,4,11,4,10,10,11,4,4,8,5,8,10,11,0,6,11,5,8,9,6,0,9,11,10,4,0,6,8,5,8,6,6,9,9,3,11,4,2,10,9
7,2,2,2,2,3,5,9,6,8,5,0,0,4,11,9,5,9,5,6,0,3,11,11,4,10,0,7,7,9,10,10,7,7,11,11,2,7,4,3,9,9,3,7,10,8,10,4,0,3,5,2,6,6,6,3,7,11,9,0,11,2,10,10,3,11,3,0,8,11,8,2,0,3,8,7,5,0,10,2,6,7,7,4,7,2,3,11,3,3,4,11,7,7,8,7,8,2,2,4,2,5,6,7,5,7,7,2,2,11,5,0,5,11,11,0,5,5,9,6,9,11,0,2,7,0,6,9,10,7,2,10,0,11,5,2,7,9,6,9,7,7,10,10,4,0,5,3,11,10
8,3,3,3,3,4,6,10,7,9,6,2,2,5,0,10,6,10,6,7,2,4,0,0,5,11,2,8,8,10,11,11,8,8,0,0,3,8,5,4,10,10,4,8,11,9,11,5,2,4,6,3,7,7,7,4,8,0,10,2,0,3,11,11,4,0,4,2,9,0,9,3,2,4,9,8,6,2,11,3,7,8,8,5,8,3,4,0,4,4,5,0,8,8,9,8,9,3,3,5,3,6,7,8,6,8,8,3,3,0,6,2,6,0,0,2,6,6,10,7,10,0,2,3,8,2,7,10,11,8,3,11,2,0,6,3,8,10,7,10,8,8,11,11,5,2,6,4,0,11
9,4,4,4,4,5,7,11,8,10,7,3,3,6,2,11,7,11,7,8,3,5,2,2,6,0,3,9,9,11,0,0,9,9,2,2,4,9,6,5,11,11,5,9,0,10,0,6,3,5,7,4,8,8,8,5,9,2,11,3,2,4,0,0,5,2,5,3,10,2,10,4,3,5,10,9,7,3,0,4,8,9,9,6,9,4,5,2,5,5,6,2,9,9,10,9,10,4,4,6,4,7,8,9,7,9,9,4,4,2,7,3,7,2,2,3,7,7,11,8,11,2,3,4,9,3,8,11,0,9,4,0,3,2,7,4,9,11,8,11,9,9,0,0,6,3,7,5,2,0
10,5,5,5,5,6,8,0,9,11,8,4,4,7,3,0,8,0,8,9,4,6,3,3,7,2,4,10,10,0,2,2,10,10,3,3,5,10,7,6,0,0,6,10,2,11,2,7,4,6,8,5,9,9,9,6,10,3,0,4,3,5,2,2,6,3,6,4,11,3,11,5,4,6,11,10,8,4,2,5,9,10,10,7,10,5,6,3,6,6,7,3,10,10,11,10,11,5,5,7,5,8,9,10,8,10,10,5,5,3,8,4,8,3,3,4,8,8,0,9,0,3,4,5,10,4,9,0,2,10,5,2,4,3,8,5,10,0,9,0,10,10,2,2,7,4,8,6,3,2
11,6,6,6,6,7,9,2,10,0,9,5,5,8,4,2,9,2,9,10,5,7,4,4,8,3,5,11,11,2,3,3,11,11,4,4,6,11,8,7,2,2,7,11,3,0,3,8,5,7,9,6,10,10,10,7,11,4,2,5,4,6,3,3,7,4,7,5,0,4,0,6,5,7,0,11,9,5,3,6,10,11,11,8,11,6,7,4,7,7,8,4,11,11,0,11,0,6,6,8,6,9,10,11,9,11,11,6,6,4,9,5,9,4,4,5,9,9,2,10,2,4,5,6,11,5,10,2,3,11,6,3,5,4,9,6,11,2,10,2,11,11,3,3,8,5,9,7,4,3
0,7,7,7,7,8,10,3,11,2,10,6,6,9,5,3,10,3,10,11,6,8,5,5,9,4,6,0,0,3,4,4,0,0,5,5,7,0,9,8,3,3,8,0,4,2,4,9,6,8,10,7,11,11,11,8,0,5,3,6,5,7,4,4,8,5,8,6,2,5,2,7,6,8,2,0,10,6,4,7,11,0,0,9,0,7,8,5,8,8,9,5,0,0,2,0,2,7,7,9,7,10,11,0,10,0,0,7,7,5,10,6,10,5,5,6,10,10,3,11,3,5,6,7,0,6,11,3,4,0,7,4,6,5,10,7,0,3,11,3,0,0,4,4,9,6,10,8,5,4
2,8,8,8,8,9,11,4,0,3,11,7,7,10,6,4,11,4,11,0,7,9,6,6,10,5,7,2,2,4,5,5,2,2,6,6,8,2,10,9,4,4,9,2,5,3,5,10,7,9,11,8,0,0,0,9,2,6,4,7,6,8,5,5,9,6,9,7,3,6,3,8,7,9,3,2,11,7,5,8,0,2,2,10,2,8,9,6,9,9,10,6,2,2,3,2,3,8,8,10,8,11,0,2,11,2,2,8,8,6,11,7,11,6,6,7,11,11,4,0,4,6,7,8,2,7,0,4,5,2,8,5,7,6,11,8,2,4,0,4,2,2,5,5,10,7,11,9,6,5
3,9,9,9,9,10,0,5,2,4,0,8,8,11,7,5,0,5,0,2,8,10,7,7,11,6,8,3,3,5,6,6,3,3,7,7,9,3,11,10,5,5,10,3,6,4,6,11,8,10,0,9,2,2,2,10,3,7,5,8,7,9,6,6,10,7,10,8,4,7,4,9,8,10,4,3,0,8,6,9,2,3,3,11,3,9,10,7,10,10,11,7,3,3,4,3,4,9,9,11,9,0,2,3,0,3,3,9,9,7,0,8,0,7,7,8,0,0,5,2,5,7,8,9,3,8,2,5,6,3,9,6,8,7,0,9,3,5,2,5,3,3,6,6,11,8,0,10,7,6
4,10,10,10,10,11,2,6,3,5,2,9,9,0,8,6,2,6,2,3,9,11,8,8,0,7,9,4,4,6,7,7,4,4,8,8,10,4,0,11,6,6,11,4,7,5,7,0,9,11,2,10,3,3,3,11,4,8,6,9,8,10,7,7,11,8,11,9,5,8,5,10,9,11,5,4,2,9,7,10,3,4,4,0,4,10,11,8,11,11,0,8,4,4,5,4,5,10,10,0,10,2,3,4,2,4,4,10,10,8,2,9,2,8,8,9,2,2,6,3,6,8,9,10,4,9,3,6,7,4,10,7,9,8,2,10,4,6,3,6,4,4,7,7,0,9,2,11,8,7
5,11,11,11,11,0,3,7,4,6,3,10,10,2,9,7,3,7,3,4,10,0,9,9,2,8,10,5,5,7,8,8,5,5,9,9,11,5,2,0,7,7,0,5,8,6,8,2,10,0,3,11,4,4,4,0,5,9,7,10,9,11,8,8,0,9,0,10,6,9,6,11,10,0,6,5,3,10,8,11,4,5,5,2,5,11,0,9,0,0,2,9,5,5,6,5,6,11,11,2,11,3,4,5,3,5,5,11,11,9,3,10,3,9,9,10,3,3,7,4,7,9,10,11,5,10,4,7,8,5,11,8,10,9,3,11,5,7,4,7,5,5,8,8,2,10,3,0,9,8
6,0,0,0,0,2,4,8,5,7,4,11,11,3,10,8,4,8,4,5,11,2,10,10,3,9,11,6,6,8,9,9,6,6,10,10,0,6,3,2,8,8,2,6,9,7,9,3,11,2,4,0,5,5,5,2,6,10,8,11,10,0,9,9,2,10,2,11,7,10,7,0,11,2,7,6,4,11,9,0,5,6,6,3,6,0,2,10,2,2,3,10,6,6,7,6,7,0,0,3,0,4,5,6,4,6,6,0,0,10,4,11,4,10,10,11,4,4,8,5,8,10,11,0,6,11,5,8,9,6,0,9,11,10,4,0,6,8,5,8,6,6,9,9,3,11,4,2,10,9
7,2,2,2,2,3,5,9,6,8,5,0,0,4,11,9,5,9,5,6,0,3,11,11,4,10,0,7,7,9,10,10,7,7,11,11,2,7,4,3,9,9,3,7,10,8,10,4,0,3,5,2,6,6,6,3,7,11,9,0,11,2,10,10,3,11,3,0,8,11,8,2,0,3,8,7,5,0,10,2,6,7,7,4,7,2,3,11,3,3,4,11,7,7,8,7,8,2,2,4,2,5,6,7,5,7,7,2,2,11,5,0,5,11,11,0,5,5,9,6,9,11,0,2,7,0,6,9,10,7,2,10,0,11,5,2,7,9,6,9,7,7,10,10,4,0,5,3,11,10
8,3,3,3,3,4,6,10,7,9,6,2,2,5,0,10,6,10,6,7,2,4,0,0,5,11,2,8,8,10,11,11,8,8,0,0,3,8,5,4,10,10,4,8,11,9,11,5,2,4,6,3,7,7,7,4,8,0,10,2,0,3,11,11,4,0,4,2,9,0,9,3,2,4,9,8,6,2,11,3,7,8,8,5,8,3,4,0,4,4,5,0,8,8,9,8,9,3,3,5,3,6,7,8,6,8,8,3,3,0,6,2,6,0,0,2,6,6,10,7,10,0,2,3,8,2,7,10,11,8,3,11,2,0,6,3,8,10,7,10,8,8,11,11,5,2,6,4,0,11
9,4,4,4,4,5,7,11,8,10,7,3,3,6,2,11,7,11,7,8,3,5,2,2,6,0,3,9,9,11,0,0,9,9,2,2,4,9,6,5,11,11,5,9,0,10,0,6,3,5,7,4,8,8,8,5,9,2,11,3,2,4,0,0,5,2,5,3,10,2,10,4,3,5,10,9,7,3,0,4,8,9,9,6,9,4,5,2,5,5,6,2,9,9,10,9,10,4,4,6,4,7,8,9,7,9,9,4,4,2,7,3,7,2,2,3,7,7,11,8,11,2,3,4,9,3,8,11,0,9,4,0,3,2,7,4,9,11,8,11,9,9,0,0,6,3,7,5,2,0
10,5,5,5,5,6,8,0,9,11,8,4,4,7,3,0,8,0,8,9,4,6,3,3,7,2,4,10,10,0,2,2,10,10,3,3,5,10,7,6,0,0,6,10,2,11,2,7,4,6,8,5,9,9,9,6,10,3,0,4,3,5,2,2,6,3,6,4,11,3,11,5,4,6,11,10,8,4,2,5,9,10,10,7,10,5,6,3,6,6,7,3,10,10,11,10,11,5,5,7,5,8,9,10,8,10,10,5,5,3,8,4,8,3,3,4,8,8,0,9,0,3,4,5,10,4,9,0,2,10,5,2,4,3,8,5,10,0,9,0,10,10,2,2,7,4,8,6,3,2
11,6,6,6,6,7,9,2,10,0,9,5,5,8,4,2,9,2,9,10,5,7,4,4,8,3,5,11,11,2,3,3,11,11,4,4,6,11,8,7,2,2,7,11,3,0,3,8,5,7,9,6,10,10,10,7,11,4,2,5,4,6,3,3,7,4,7,5,0,4,0,6,5,7,0,11,9,5,3,6,10,11,11,8,11,6,7,4,7,7,8,4,11,11,0,11,0,6,6,8,6,9,10,11,9,11,11,6,6,4,9,5,9,4,4,5,9,9,2,10,2,4,5,6,11,5,10,2,3,11,6,3,5,4,9,6,11,2,10,2,11,11,3,3,8,5,9,7,4,3
0,7,7,7,7,8,10,3,11,2,10,6,6,9,5,3,10,3,10,11,6,8,5,5,9,4,6,0,0,3,4,4,0,0,5,5,7,0,9,8,3,3,8,0,4,2,4,9,6,8,10,7,11,11,11,8,0,5,3,6,5,7,4,4,8,5,8,6,2,5,2,7,6,8,2,0,10,6,4,7,11,0,0,9,0,7,8,5,8,8,9,5,0,0,2,0,2,7,7,9,7,10,11,0,10,0,0,7,7,5,10,6,10,5,5,6,10,10,3,11,3,5,6,7,0,6,11,3,4,0,7,4,6,5,10,7,0,3,11,3,0,0,4,4,9,6,10,8,5,4
2,8,8,8,8,9,11,4,0,3,11,7,7,10,6,4,11,4,11,0,7,9,6,6,10,5,7,2,2,4,5,5,2,2,6,6,8,2,10,9,4,4,9,2,5,3,5,10,7,9,11,8,0,0,0,9,2,6,4,7,6,8,5,5,9,6,9,7,3,6,3,8,7,9,3,2,11,7,5,8,0,2,2,10,2,8,9,6,9,9,10,6,2,2,3,2,3,8,8,10,8,11,0,2,11,2,2,8,8,6,11,7,11,6,6,7,11,11,4,0,4,6,7,8,2,7,0,4,5,2,8,5,7,6,11,8,2,4,0,4,2,2,5,5,10,7,11,9,6,5
3,9,9,9,9,10,0,5,2,4,0,8,8,11,7,5,0,5,0,2,8,10,7,7,11,6,8,3,3,5,6,6,3,3,7,7,9,3,11,10,5,5,10,3,6,4,6,11,8,10,0,9,2,2,2,10,3,7,5,8,7,9,6,6,10,7,10,8,4,7,4,9,8,10,4,3,0,8,6,9,2,3,3,11,3,9,10,7,10,10,11,7,3,3,4,3,4,9,9,11,9,0,2,3,0,3,3,9,9,7,0,8,0,7,7,8,0,0,5,2,5,7,8,9,3,8,2,5,6,3,9,6,8,7,0,9,3,5,2,5,3,3,6,6,11,8,0,10,7,6
4,10,10,10,10,11,2,6,3,5,2,9,9,0,8,6,2,6,2,3,9,11,8,8,0,7,9,4,4,6,7,7,4,4,8,8,10,4,0,11,6,6,11,4,7,5,7,0,9,11,2,10,3,3,3,11,4,8,6,9,8,10,7,7,11,8,11,9,5,8,5,10,9,11,5,4,2,9,7,10,3,4,4,0,4,10,11,8,11,11,0,8,4,4,5,4,5,10,10,0,10,2,3,4,2,4,4,10,10,8,2,9,2,8,8,9,2,2,6,3,6,8,9,10,4,9,3,6,7,4,10,7,9,8,2,10,4,6,3,6,4,4,7,7,0,9,2,11,8,7
5,11,11,11,11,0,3,7,4,6,3,10,10,2,9,7,3,7,3,4,10,0,9,9,2,8,10,5,5,7,8,8,5,5,9,9,11,5,2,0,7,7,0,5,8,6,8,2,10,0,3,11,4,4,4,0,5,9,7,10,9,11,8,8,0,9,0,10,6,9,6,11,10,0,6,5,3,10,8,11,4,5,5,2,5,11,0,9,0,0,2,9,5,5,6,5,6,11,11,2,11,3,4,5,3,5,5,11,11,9,3,10,3,9,9,10,3,3,7,4,7,9,10,11,5,10,4,7,8,5,11,8,10,9,3,11,5,7,4,7,5,5,8,8,2,10,3,0,9,8
6,0,0,0,0,2,4,8,5,7,4,11,11,3,10,8,4,8,4,5,11,2,10,10,3,9,11,6,6,8,9,9,6,6,10,10,0,6,3,2,8,8,2,6,9,7,9,3,11,2,4,0,5,5,5,2,6,10,8,11,10,0,9,9,2,10,2,11,7,10,7,0,11,2,7,6,4,11,9,0,5,6,6,3,6,0,2,10,2,2,3,10,6,6,7,6,7,0,0,3,0,4,5,6,4,6,6,0,0,10,4,11,4,10,10,11,4,4,8,5,8,10,11,0,6,11,5,8,9,6,0,9,11,10,4,0,6,8,5,8,6,6,9,9,3,11,4,2,10,9
7,2,2,2,2,3,5,9,6,8,5,0,0,4,11,9,5,9,5,6,0,3,11,11,4,10,0,7,7,9,10,10,7,7,11,11,2,7,4,3,9,9,3,7,10,8,10,4,0,3,5,2,6,6,6,3,7,11,9,0,11,2,10,10,3,11,3,0,8,11,8,2,0,3,8,7,5,0,10,2,6,7,7,4,7,2,3,11,3,3,4,11,7,7,8,7,8,2,2,4,2,5,6,7,5,7,7,2,2,11,5,0,5,11,11,0,5,5,9,6,9,11,0,2,7,0,6,9,10,7,2,10,0,11,5,2,7,9,6,9,7,7,10,10,4,0,5,3,11,10
8,3,3,3,3,4,6,10,7,9,6,2,2,5,0,10,6,10,6,7,2,4,0,0,5,11,2,8,8,10,11,11,8,8,0,0,3,8,5,4,10,10,4,8,11,9,11,5,2,4,6,3,7,7,7,4,8,0,10,2,0,3,11,11,4,0,4,2,9,0,9,3,2,4,9,8,6,2,11,3,7,8,8,5,8,3,4,0,4,4,5,0,8,8,9,8,9,3,3,5,3,6,7,8,6,8,8,3,3,0,6,2,6,0,0,2,6,6,10,7,10,0,2,3,8,2,7,10,11,8,3,11,2,0,6,3,8,10,7,10,8,8,11,11,5,2,6,4,0,11
9,4,4,4,4,5,7,11,8,10,7,3,3,6,2,11,7,11,7,8,3,5,2,2,6,0,3,9,9,11,0,0,9,9,2,2,4,9,6,5,11,11,5,9,0,10,0,6,3,5,7,4,8,8,8,5,9,2,11,3,2,4,0,0,5,2,5,3,10,2,10,4,3,5,10,9,7,3,0,4,8,9,9,6,9,4,5,2,5,5,6,2,9,9,10,9,10,4,4,6,4,7,8,9,7,9,9,4,4,2,7,3,7,2,2,3,7,7,11,8,11,2,3,4,9,3,8,11,0,9,4,0,3,2,7,4,9,11,8,11,9,9,0,0,6,3,7,5,2,0
10,5,5,5,5,6,8,0,9,11,8,4,4,7,3,0,8,0,8,9,4,6,3,3,7,2,4,10,10,0,2,2,10,10,3,3,5,10,7,6,0,0,6,10,2,11,2,7,4,6,8,5,9,9,9,6,10,3,0,4,3,5,2,2,6,3,6,4,11,3,11,5,4,6,11,10,8,4,2,5,9,10,10,7,10,5,6,3,6,6,7,3,10,10,11,10,11,5,5,7,5,8,9,10,8,10,10,5,5,3,8,4,8,3,3,4,8,8,0,9,0,3,4,5,10,4,9,0,2,10,5,2,4,3,8,5,10,0,9,0,10,10,2,2,7,4,8,6,3,2
11,6,6,6,6,7,9,2,10,0,9,5,5,8,4,2,9,2,9,10,5,7,4,4,8,3,5,11,11,2,3,3,11,11,4,4,6,11,8,7,2,2,7,11,3,0,3,8,5,7,9,6,10,10,10,7,11,4,2,5,4,6,3,3,7,4,7,5,0,4,0,6,5,7,0,11,9,5,3,6,10,11,11,8,11,6,7,4,7,7,8,4,11,11,0,11,0,6,6,8,6,9,10,11,9,11,11,6,6,4,9,5,9,4,4,5,9,9,2,10,2,4,5,6,11,5,10,2,3,11,6,3,5,4,9,6,11,2,10,2,11,11,3,3,8,5,9,7,4,3
0,7,7,7,7,8,10,3,11,2,10,6,6,9,5,3,10,3,10,11,6,8,5,5,9,4,6,0,0,3,4,4,0,0,5,5,7,0,9,8,3,3,8,0,4,2,4,9,6,8,10,7,11,11,11,8,0,5,3,6,5,7,4,4,8,5,8,6,2,5,2,7,6,8,2,0,10,6,4,7,11,0,0,9,0,7,8,5,8,8,9,5,0,0,2,0,2,7,7,9,7,10,11,0,10,0,0,7,7,5,10,6,10,5,5,6,10,10,3,11,3,5,6,7,0,6,11,3,4,0,7,4,6,5,10,7,0,3,11,3,0,0,4,4,9,6,10,8,5,4
2,8,8,8,8,9,11,4,0,3,11,7,7,10,6,4,11,4,11,0,7,9,6,6,10,5,7,2,2,4,5,5,2,2,6,6,8,2,10,9,4,4,9,2,5,3,5,10,7,9,11,8,0,0,0,9,2,6,4,7,6,8,5,5,9,6,9,7,3,6,3,8,7,9,3,2,11,7,5,8,0,2,2,10,2,8,9,6,9,9,10,6,2,2,3,2,3,8,8,10,8,11,0,2,11,2,2,8,8,6,11,7,11,6,6,7,11,11,4,0,4,6,7,8,2,7,0,4,5,2,8,5,7,6,11,8,2,4,0,4,2,2,5,5,10,7,11,9,6,5
3,9,9,9,9,10,0,5,2,4,0,8,8,11,7,5,0,5,0,2,8,10,7,7,11,6,8,3,3,5,6,6,3,3,7,7,9,3,11,10,5,5,10,3,6,4,6,11,8,10,0,9,2,2,2,10,3,7,5,8,7,9,6,6,10,7,10,8,4,7,4,9,8,10,4,3,0,8,6,9,2,3,3,11,3,9,10,7,10,10,11,7,3,3,4,3,4,9,9,11,9,0,2,3,0,3,3,9,9,7,0,8,0,7,7,8,0,0,5,2,5,7,8,9,3,8,2,5,6,3,9,6,8,7,0,9,3,5,2,5,3,3,6,6,11,8,0,10,7,6
4,10,10,10,10,11,2,6,3,5,2,9,9,0,8,6,2,6,2,3,9,11,8,8,0,7,9,4,4,6,7,7,4,4,8,8,10,4,0,11,6,6,11,4,7,5,7,0,9,11,2,10,3,3,3,11,4,8,6,9,8,10,7,7,11,8,11,9,5,8,5,10,9,11,5,4,2,9,7,10,3,4,4,0,4,10,11,8,11,11,0,8,4,4,5,4,5,10,10,0,10,2,3,4,2,4,4,10,10,8,2,9,2,8,8,9,2,2,6,3,6,8,9,10,4,9,3,6,7,4,10,7,9,8,2,10,4,6,3,6,4,4,7,7,0,9,2,11,8,7
5,11,11,11,11,0,3,7,4,6,3,10,10,2,9,7,3,7,3,4,10,0,9,9,2,8,10,5,5,7,8,8,5,5,9,9,11,5,2,0,7,7,0,5,8,6,8,2,10,0,3,11,4,4,4,0,5,9,7,10,9,11,8,8,0,9,0,10,6,9,6,11,10,0,6,5,3,10,8,11,4,5,5,2,5,11,0,9,0,0,2,9,5,5,6,5,6,11,11,2,11,3,4,5,3,5,5,11,11,9,3,10,3,9,9,10,3,3,7,4,7,9,10,11,5,10,4,7,8,5,11,8,10,9,3,11,5,7,4,7,5,5,8,8,2,10,3,0,9,8
6,0,0,0,0,2,4,8,5,7,4,11,11,3,10,8,4,8,4,5,11,2,10,10,3,9,11,6,6,8,9,9,6,6,10,10,0,6,3,2,8,8,2,6,9,7,9,3,11,2,4,0,5,5,5,2,6,10,8,11,10,0,9,9,2,10,2,11,7,10,7,0,11,2,7,6,4,11,9,0,5,6,6,3,6,0,2,10,2,2,3,10,6,6,7,6,7,0,0,3,0,4,5,6,4,6,6,0,0,10,4,11,4,10,10,11,4,4,8,5,8,10,11,0,6,11,5,8,9,6,0,9,11,10,4,0,6,8,5,8,6,6,9,9,3,11,4,2,10,9
7,2,2,2,2,3,5,9,6,8,5,0,0,4,11,9,5,9,5,6,0,3,11,11,4,10,0,7,7,9,10,10,7,7,11,11,2,7,4,3,9,9,3,7,10,8,10,4,0,3,5,2,6,6,6,3,7,11,9,0,11,2,10,10,3,11,3,0,8,11,8,2,0,3,8,7,5,0,10,2,6,7,7,4,7,2,3,11,3,3,4,11,7,7,8,7,8,2,2,4,2,5,6,7,5,7,7,2,2,11,5,0,5,11,11,0,5,5,9,6,9,11,0,2,7,0,6,9,10,7,2,10,0,11,5,2,7,9,6,9,7,7,10,10,4,0,5,3,11,10
8,3,3,3,3,4,6,10,7,9,6,2,2,5,0,10,6,10,6,7,2,4,0,0,5,11,2,8,8,10,11,11,8,8,0,0,3,8,5,4,10,10,4,8,11,9,11,5,2,4,6,3,7,7,7,4,8,0,10,2,0,3,11,11,4,0,4,2,9,0,9,3,2,4,9,8,6,2,11,3,7,8,8,5,8,3,4,0,4,4,5,0,8,8,9,8,9,3,3,5,3,6,7,8,6,8,8,3,3,0,6,2,6,0,0,2,6,6,10,7,10,0,2,3,8,2,7,10,11,8,3,11,2,0,6,3,8,10,7,10,8,8,11,11,5,2,6,4,0,11
9,4,4,4,4,5,7,11,8,10,7,3,3,6,2,11,7,11,7,8,3,5,2,2,6,0,3,9,9,11,0,0,9,9,2,2,4,9,6,5,11,11,5,9,0,10,0,6,3,5,7,4,8,8,8,5,9,2,11,3,2,4,0,0,5,2,5,3,10,2,10,4,3,5,10,9,7,3,0,4,8,9,9,6,9,4,5,2,5,5,6,2,9,9,10,9,10,4,4,6,4,7,8,9,7,9,9,4,4,2,7,3,7,2,2,3,7,7,11,8,11,2,3,4,9,3,8,11,0,9,4,0,3,2,7,4,9,11,8,11,9,9,0,0,6,3,7,5,2,0
10,5,5,5,5,6,8,0,9,11,8,4,4,7,3,0,8,0,8,9,4,6,3,3,7,2,4,10,10,0,2,2,10,10,3,3,5,10,7,6,0,0,6,10,2,11,2,7,4,6,8,5,9,9,9,6,10,3,0,4,3,5,2,2,6,3,6,4,11,3,11,5,4,6,11,10,8,4,2,5,9,10,10,7,10,5,6,3,6,6,7,3,10,10,11,10,11,5,5,7,5,8,9,10,8,10,10,5,5,3,8,4,8,3,3,4,8,8,0,9,0,3,4,5,10,4,9,0,2,10,5,2,4,3,8,5,10,0,9,0,10,10,2,2,7,4,8,6,3,2
11,6,6,6,6,7,9,2,10,0,9,5,5,8,4,2,9,2,9,10,5,7,4,4,8,3,5,11,11,2,3,3,11,11,4,4,6,11,8,7,2,2,7,11,3,0,3,8,5,7,9,6,10,10,10,7,11,4,2,5,4,6,3,3,7,4,7,5,0,4,0,6,5,7,0,11,9,5,3,6,10,11,11,8,11,6,7,4,7,7,8,4,11,11,0,11,0,6,6,8,6,9,10,11,9,11,11,6,6,4,9,5,9,4,4,5,9,9,2,10,2,4,5,6,11,5,10,2,3,11,6,3,5,4,9,6,11,2,10,2,11,11,3,3,8,5,9,7,4,3
0,7,7,7,7,8,10,3,11,2,10,6,6,9,5,3,10,3,10,11,6,8,5,5,9,4,6,0,0,3,4,4,0,0,5,5,7,0,9,8,3,3,8,0,4,2,4,9,6,8,10,7,11,11,11,8,0,5,3,6,5,7,4,4,8,5,8,6,2,5,2,7,6,8,2,0,10,6,4,7,11,0,0,9,0,7,8,5,8,8,9,5,0,0,2,0,2,7,7,9,7,10,11,0,10,0,0,7,7,5,10,6,10,5,5,6,10,10,3,11,3,5,6,7,0,6,11,3,4,0,7,4,6,5,10,7,0,3,11,3,0,0,4,4,9,6,10,8,5,4
2,8,8,8,8,9,11,4,0,3,11,7,7,10,6,4,11,4,11,0,7,9,6,6,10,5,7,2,2,4,5,5,2,2,6,6,8,2,10,9,4,4,9,2,5,3,5,10,7,9,11,8,0,0,0,9,2,6,4,7,6,8,5,5,9,6,9,7,3,6,3,8,7,9,3,2,11,7,5,8,0,2,2,10,2,8,9,6,9,9,10,6,2,2,3,2,3,8,8,10,8,11,0,2,11,2,2,8,8,6,11,7,11,6,6,7,11,11,4,0,4,6,7,8,2,7,0,4,5,2,8,5,7,6,11,8,2,4,0,4,2,2,5,5,10,7,11,9,6,5
3,9,9,9,9,10,0,5,2,4,0,8,8,11,7,5,0,5,0,2,8,10,7,7,11,6,8,3,3,5,6,6,3,3,7,7,9,3,11,10,5,5,10,3,6,4,6,11,8,10,0,9,2,2,2,10,3,7,5,8,7,9,6,6,10,7,10,8,4,7,4,9,8,10,4,3,0,8,6,9,2,3,3,11,3,9,10,7,10,10,11,7,3,3,4,3,4,9,9,11,9,0,2,3,0,3,3,9,9,7,0,8,0,7,7,8,0,0,5,2,5,7,8,9,3,8,2,5,6,3,9,6,8,7,0,9,3,5,2,5,3,3,6,6,11,8,0,10,7,6
4,10,10,10,10,11,2,6,3,5,2,9,9,0,8,6,2,6,2,3,9,11,8,8,0,7,9,4,4,6,7,7,4,4,8,8,10,4,0,11,6,6,11,4,7,5,7,0,9,11,2,10,3,3,3,11,4,8,6,9,8,10,7,7,11,8,11,9,5,8,5,10,9,11,5,4,2,9,7,10,3,4,4,0,4,10,11,8,11,11,0,8,4,4,5,4,5,10,10,0,10,2,3,4,2,4,4,10,10,8,2,9,2,8,8,9,2,2,6,3,6,8,9,10,4,9,3,6,7,4,10,7,9,8,2,10,4,6,3,6,4,4,7,7,0,9,2,11,8,7
5,11,11,11,11,0,3,7,4,6,3,10,10,2,9,7,3,7,3,4,10,0,9,9,2,8,10,5,5,7,8,8,5,5,9,9,11,5,2,0,7,7,0,5,8,6,8,2,10,0,3,11,4,4,4,0,5,9,7,10,9,11,8,8,0,9,0,10,6,9,6,11,10,0,6,5,3,10,8,11,4,5,5,2,5,11,0,9,0,0,2,9,5,5,6,5,6,11,11,2,11,3,4,5,3,5,5,11,11,9,3,10,3,9,9,10,3,3,7,4,7,9,10,11,5,10,4,7,8,5,11,8,10,9,3,11,5,7,4,7,5,5,8,8,2,10,3,0,9,8
6,0,0,0,0,2,4,8,5,7,4,11,11,3,10,8,4,8,4,5,11,2,10,10,3,9,11,6,6,8,9,9,6,6,10,10,0,6,3,2,8,8,2,6,9,7,9,3,11,2,4,0,5,5,5,2,6,10,8,11,10,0,9,9,2,10,2,11,7,10,7,0,11,2,7,6,4,11,9,0,5,6,6,3,6,0,2,10,2,2,3,10,6,6,7,6,7,0,0,3,0,4,5,6,4,6,6,0,0,10,4,11,4,10,10,11,4,4,8,5,8,10,11,0,6,11,5,8,9,6,0,9,11,10,4,0,6,8,5,8,6,6,9,9,3,11,4,2,10,9
7,2,2,2,2,3,5,9,6,8,5,0,0,4,11,9,5,9,5,6,0,3,11,11,4,10,0,7,7,9,10,10,7,7,11,11,2,7,4,3,9,9,3,7,10,8,10,4,0,3,5,2,6,6,6,3,7,11,9,0,11,2,10,10,3,11,3,0,8,11,8,2,0,3,8,7,5,0,10,2,6,7,7,4,7,2,3,11,3,3,4,11,7,7,8,7,8,2,2,4,2,5,6,7,5,7,7,2,2,11,5,0,5,11,11,0,5,5,9,6,9,11,0,2,7,0,6,9,10,7,2,10,0,11,5,2,7,9,6,9,7,7,10,10,4,0,5,3,11,10
8,3,3,3,3,4,6,10,7,9,6,2,2,5,0,10,6,10,6,7,2,4,0,0,5,11,2,8,8,10,11,11,8,8,0,0,3,8,5,4,10,10,4,8,11,9,11,5,2,4,6,3,7,7,7,4,8,0,10,2,0,3,11,11,4,0,4,2,9,0,9,3,2,4,9,8,6,2,11,3,7,8,8,5,8,3,4,0,4,4,5,0,8,8,9,8,9,3,3,5,3,6,7,8,6,8,8,3,3,0,6,2,6,0,0,2,6,6,10,7,10,0,2,3,8,2,7,10,11,8,3,11,2,0,6,3,8,10,7,10,8,8,11,11,5,2,6,4,0,11
9,4,4,4,4,5,7,11,8,10,7,3,3,6,2,11,7,11,7,8,3,5,2,2,6,0,3,9,9,11,0,0,9,9,2,2,4,9,6,5,11,11,5,9,0,10,0,6,3,5,7,4,8,8,8,5,9,2,11,3,2,4,0,0,5,2,5,3,10,2,10,4,3,5,10,9,7,3,0,4,8,9,9,6,9,4,5,2,5,5,6,2,9,9,10,9,10,4,4,6,4,7,8,9,7,9,9,4,4,2,7,3,7,2,2,3,7,7,11,8,11,2,3,4,9,3,8,11,0,9,4,0,3,2,7,4,9,11,8,11,9,9,0,0,6,3,7,5,2,0
10,5,5,5,5,6,8,0,9,11,8,4,4,7,3,0,8,0,8,9,4,6,3,3,7,2,4,10,10,0,2,2,10,10,3,3,5,10,7,6,0,0,6,10,2,11,2,7,4,6,8,5,9,9,9,6,10,3,0,4,3,5,2,2,6,3,6,4,11,3,11,5,4,6,11,10,8,4,2,5,9,10,10,7,10,5,6,3,6,6,7,3,10,10,11,10,11,5,5,7,5,8,9,10,8,10,10,5,5,3,8,4,8,3,3,4,8,8,0,9,0,3,4,5,10,4,9,0,2,10,5,2,4,3,8,5,10,0,9,0,10,10,2,2,7,4,8,6,3,2
11,6,6,6,6,7,9,2,10,0,9,5,5,8,4,2,9,2,9,10,5,7,4,4,8,3,5,11,11,2,3,3,11,11,4,4,6,11,8,7,2,2,7,11,3,0,3,8,5,7,9,6,10,10,10,7,11,4,2,5,4,6,3,3,7,4,7,5,0,4,0,6,5,7,0,11,9,5,3,6,10,11,11,8,11,6,7,4,7,7,8,4,11,11,0,11,0,6,6,8,6,9,10,11,9,11,11,6,6,4,9,5,9,4,4,5,9,9,2,10,2,4,5,6,11,5,10,2,3,11,6,3,5,4,9,6,11,2,10,2,11,11,3,3,8,5,9,7,4,3
0,7,7,7,7,8,10,3,11,2,10,6,6,9,5,3,10,3,10,11,6,8,5,5,9,4,6,0,0,3,4,4,0,0,5,5,7,0,9,8,3,3,8,0,4,2,4,9,6,8,10,7,11,11,11,8,0,5,3,6,5,7,4,4,8,5,8,6,2,5,2,7,6,8,2,0,10,6,4,7,11,0,0,9,0,7,8,5,8,8,9,5,0,0,2,0,2,7,7,9,7,10,11,0,10,0,0,7,7,5,10,6,10,5,5,6,10,10,3,11,3,5,6,7,0,6,11,3,4,0,7,4,6,5,10,7,0,3,11,3,0,0,4,4,9,6,10,8,5,4
2,8,8,8,8,9,11,4,0,3,11,7,7,10,6,4,11,4,11,0,7,9,6,6,10,5,7,2,2,4,5,5,2,2,6,6,8,2,10,9,4,4,9,2,5,3,5,10,7,9,11,8,0,0,0,9,2,6,4,7,6,8,5,5,9,6,9,7,3,6,3,8,7,9,3,2,11,7,5,8,0,2,2,10,2,8,9,6,9,9,10,6,2,2,3,2,3,8,8,10,8,11,0,2,11,2,2,8,8,6,11,7,11,6,6,7,11,11,4,0,4,6,7,8,2,7,0,4,5,2,8,5,7,6,11,8,2,4,0,4,2,2,5,5,10,7,11,9,6,5
3,9,9,9,9,10,0,5,2,4,0,8,8,11,7,5,0,5,0,2,8,10,7,7,11,6,8,3,3,5,6,6,3,3,7,7,9,3,11,10,5,5,10,3,6,4,6,11,8,10,0,9,2,2,2,10,3,7,5,8,7,9,6,6,10,7,10,8,4,7,4,9,8,10,4,3,0,8,6,9,2,3,3,11,3,9,10,7,10,10,11,7,3,3,4,3,4,9,9,11,9,0,2,3,0,3,3,9,9,7,0,8,0,7,7,8,0,0,5,2,5,7,8,9,3,8,2,5,6,3,9,6,8,7,0,9,3,5,2,5,3,3,6,6,11,8,0,10,7,6
4,10,10,10,10,11,2,6,3,5,2,9,9,0,8,6,2,6,2,3,9,11,8,8,0,7,9,4,4,6,7,7,4,4,8,8,10,4,0,11,6,6,11,4,7,5,7,0,9,11,2,10,3,3,3,11,4,8,6,9,8,10,7,7,11,8,11,9,5,8,5,10,9,11,5,4,2,9,7,10,3,4,4,0,4,10,11,8,11,11,0,8,4,4,5,4,5,10,10,0,10,2,3,4,2,4,4,10,10,8,2,9,2,8,8,9,2,2,6,3,6,8,9,10,4,9,3,6,7,4,10,7,9,8,2,10,4,6,3,6,4,4,7,7,0,9,2,11,8,7
5,11,11,11,11,0,3,7,4,6,3,10,10,2,9,7,3,7,3,4,10,0,9,9,2,8,10,5,5,7,8,8,5,5,9,9,11,5,2,0,7,7,0,5,8,6,8,2,10,0,3,11,4,4,4,0,5,9,7,10,9,11,8,8,0,9,0,10,6,9,6,11,10,0,6,5,3,10,8,11,4,5,5,2,5,11,0,9,0,0,2,9,5,5,6,5,6,11,11,2,11,3,4,5,3,5,5,11,11,9,3,10,3,9,9,10,3,3,7,4,7,9,10,11,5,10,4,7,8,5,11,8,10,9,3,11,5,7,4,7,5,5,8,8,2,10,3,0,9,8
6,0,0,0,0,2,4,8,5,7,4,11,11,3,10,8,4,8,4,5,11,2,10,10,3,9,11,6,6,8,9,9,6,6,10,10,0,6,3,2,8,8,2,6,9,7,9,3,11,2,4,0,5,5,5,2,6,10,8,11,10,0,9,9,2,10,2,11,7,10,7,0,11,2,7,6,4,11,9,0,5,6,6,3,6,0,2,10,2,2,3,10,6,6,7,6,7,0,0,3,0,4,5,6,4,6,6,0,0,10,4,11,4,10,10,11,4,4,8,5,8,10,11,0,6,11,5,8,9,6,0,9,11,10,4,0,6,8,5,8,6,6,9,9,3,11,4,2,10,9
7,2,2,2,2,3,5,9,6,8,5,0,0,4,11,9,5,9,5,6,0,3,11,11,4,10,0,7,7,9,10,10,7,7,11,11,2,7,4,3,9,9,3,7,10,8,10,4,0,3,5,2,6,6,6,3,7,11,9,0,11,2,10,10,3,11,3,0,8,11,8,2,0,3,8,7,5,0,10,2,6,7,7,4,7,2,3,11,3,3,4,11,7,7,8,7,8,2,2,4,2,5,6,7,5,7,7,2,2,11,5,0,5,11,11,0,5,5,9,6,9,11,0,2,7,0,6,9,10,7,2,10,0,11,5,2,7,9,6,9,7,7,10,10,4,0,5,3,11,10
8,3,3,3,3,4,6,10,7,9,6,2,2,5,0,10,6,10,6,7,2,4,0,0,5,11,2,8,8,10,11,11,8,8,0,0,3,8,5,4,10,10,4,8,11,9,11,5,2,4,6,3,7,7,7,4,8,0,10,2,0,3,11,11,4,0,4,2,9,0,9,3,2,4,9,8,6,2,11,3,7,8,8,5,8,3,4,0,4,4,5,0,8,8,9,8,9,3,3,5,3,6,7,8,6,8,8,3,3,0,6,2,6,0,0,2,6,6,10,7,10,0,2,3,8,2,7,10,11,8,3,11,2,0,6,3,8,10,7,10,8,8,11,11,5,2,6,4,0,11
9,4,4,4,4,5,7,11,8,10,7,3,3,6,2,11,7,11,7,8,3,5,2,2,6,0,3,9,9,11,0,0,9,9,2,2,4,9,6,5,11,11,5,9,0,10,0,6,3,5,7,4,8,8,8,5,9,2,11,3,2,4,0,0,5,2,5,3,10,2,10,4,3,5,10,9,7,3,0,4,8,9,9,6,9,4,5,2,5,5,6,2,9,9,10,9,10,4,4,6,4,7,8,9,7,9,9,4,4,2,7,3,7,2,2,3,7,7,11,8,11,2,3,4,9,3,8,11,0,9,4,0,3,2,7,4,9,11,8,11,9,9,0,0,6,3,7,5,2,0
10,5,5,5,5,6,8,0,9,11,8,4,4,7,3,0,8,0,8,9,4,6,3,3,7,2,4,10,10,0,2,2,10,10,3,3,5,10,7,6,0,0,6,10,2,11,2,7,4,6,8,5,9,9,9,6,10,3,0,4,3,5,2,2,6,3,6,4,11,3,11,5,4,6,11,10,8,4,2,5,9,10,10,7,10,5,6,3,6,6,7,3,10,10,11,10,11,5,5,7,5,8,9,10,8,10,10,5,5,3,8,4,8,3,3,4,8,8,0,9,0,3,4,5,10,4,9,0,2,10,5,2,4,3,8,5,10,0,9,0,10,10,2,2,7,4,8,6,3,2
11,6,6,6,6,7,9,2,10,0,9,5,5,8,4,2,9,2,9,10,5,7,4,4,8,3,5,11,11,2,3,3,11,11,4,4,6,11,8,7,2,2,7,11,3,0,3,8,5,7,9,6,10,10,10,7,11,4,2,5,4,6,3,3,7,4,7,5,0,4,0,6,5,7,0,11,9,5,3,6,10,11,11,8,11,6,7,4,7,7,8,4,11,11,0,11,0,6,6,8,6,9,10,11,9,11,11,6,6,4,9,5,9,4,4,5,9,9,2,10,2,4,5,6,11,5,10,2,3,11,6,3,5,4,9,6,11,2,10,2,11,11,3,3,8,5,9,7,4,3
0,7,7,7,7,8,10,3,11,2,10,6,6,9,5,3,10,3,10,11,6,8,5,5,9,4,6,0,0,3,4,4,0,0,5,5,7,0,9,8,3,3,8,0,4,2,4,9,6,8,10,7,11,11,11,8,0,5,3,6,5,7,4,4,8,5,8,6,2,5,2,7,6,8,2,0,10,6,4,7,11,0,0,9,0,7,8,5,8,8,9,5,0,0,2,0,2,7,7,9,7,10,11,0,10,0,0,7,7,5,10,6,10,5,5,6,10,10,3,11,3,5,6,7,0,6,11,3,4,0,7,4,6,5,10,7,0,3,11,3,0,0,4,4,9,6,10,8,5,4
2,8,8,8,8,9,11,4,0,3,11,7,7,10,6,4,11,4,11,0,7,9,6,6,10,5,7,2,2,4,5,5,2,2,6,6,8,2,10,9,4,4,9,2,5,3,5,10,7,9,11,8,0,0,0,9,2,6,4,7,6,8,5,5,9,6,9,7,3,6,3,8,7,9,3,2,11,7,5,8,0,2,2,10,2,8,9,6,9,9,10,6,2,2,3,2,3,8,8,10,8,11,0,2,11,2,2,8,8,6,11,7,11,6,6,7,11,11,4,0,4,6,7,8,2,7,0,4,5,2,8,5,7,6,11,8,2,4,0,4,2,2,5,5,10,7,11,9,6,5
3,9,9,9,9,10,0,5,2,4,0,8,8,11,7,5,0,5,0,2,8,10,7,7,11,6,8,3,3,5,6,6,3,3,7,7,9,3,11,10,5,5,10,3,6,4,6,11,8,10,0,9,2,2,2,10,3,7,5,8,7,9,6,6,10,7,10,8,4,7,4,9,8,10,4,3,0,8,6,9,2,3,3,11,3,9,10,7,10,10,11,7,3,3,4,3,4,9,9,11,9,0,2,3,0,3,3,9,9,7,0,8,0,7,7,8,0,0,5,2,5,7,8,9,3,8,2,5,6,3,9,6,8,7,0,9,3,5,2,5,3,3,6,6,11,8,0,10,7,6
4,10,10,10,10,11,2,6,3,5,2,9,9,0,8,6,2,6,2,3,9,11,8,8,0,7,9,4,4,6,7,7,4,4,8,8,10,4,0,11,6,6,11,4,7,5,7,0,9,11,2,10,3,3,3,11,4,8,6,9,8,10,7,7,11,8,11,9,5,8,5,10,9,11,5,4,2,9,7,10,3,4,4,0,4,10,11,8,11,11,0,8,4,4,5,4,5,10,10,0,10,2,3,4,2,4,4,10,10,8,2,9,2,8,8,9,2,2,6,3,6,8,9,10,4,9,3,6,7,4,10,7,9,8,2,10,4,6,3,6,4,4,7,7,0,9,2,11,8,7
5,11,11,11,11,0,3,7,4,6,3,10,10,2,9,7,3,7,3,4,10,0,9,9,2,8,10,5,5,7,8,8,5,5,9,9,11,5,2,0,7,7,0,5,8,6,8,2,10,0,3,11,4,4,4,0,5,9,7,10,9,11,8,8,0,9,0,10,6,9,6,11,10,0,6,5,3,10,8,11,4,5,5,2,5,11,0,9,0,0,2,9,5,5,6,5,6,11,11,2,11,3,4,5,3,5,5,11,11,9,3,10,3,9,9,10,3,3,7,4,7,9,10,11,5,10,4,7,8,5,11,8,10,9,3,11,5,7,4,7,5,5,8,8,2,10,3,0,9,8
6,0,0,0,0,2,4,8,5,7,4,11,11,3,10,8,4,8,4,5,11,2,10,10,3,9,11,6,6,8,9,9,6,6,10,10,0,6,3,2,8,8,2,6,9,7,9,3,11,2,4,0,5,5,5,2,6,10,8,11,10,0,9,9,2,10,2,11,7,10,7,0,11,2,7,6,4,11,9,0,5,6,6,3,6,0,2,10,2,2,3,10,6,6,7,6,7,0,0,3,0,4,5,6,4,6,6,0,0,10,4,11,4,10,10,11,4,4,8,5,8,10,11,0,6,11,5,8,9,6,0,9,11,10,4,0,6,8,5,8,6,6,9,9,3,11,4,2,10,9
7,2,2,2,2,3,5,9,6,8,5,0,0,4,11,9,5,9,5,6,0,3,11,11,4,10,0,7,7,9,10,10,7,7,11,11,2,7,4,3,9,9,3,7,10,8,10,4,0,3,5,2,6,6,6,3,7,11,9,0,11,2,10,10,3,11,3,0,8,11,8,2,0,3,8,7,5,0,10,2,6,7,7,4,7,2,3,11,3,3,4,11,7,7,8,7,8,2,2,4,2,5,6,7,5,7,7,2,2,11,5,0,5,11,11,0,5,5,9,6,9,11,0,2,7,0,6,9,10,7,2,10,0,11,5,2,7,9,6,9,7,7,10,10,4,0,5,3,11,10
8,3,3,3,3,4,6,10,7,9,6,2,2,5,0,10,6,10,6,7,2,4,0,0,5,11,2,8,8,10,11,11,8,8,0,0,3,8,5,4,10,10,4,8,11,9,11,5,2,4,6,3,7,7,7,4,8,0,10,2,0,3,11,11,4,0,4,2,9,0,9,3,2,4,9,8,6,2,11,3,7,8,8,5,8,3,4,0,4,4,5,0,8,8,9,8,9,3,3,5,3,6,7,8,6,8,8,3,3,0,6,2,6,0,0,2,6,6,10,7,10,0,2,3,8,2,7,10,11,8,3,11,2,0,6,3,8,10,7,10,8,8,11,11,5,2,6,4,0,11
9,4,4,4,4,5,7,11,8,10,7,3,3,6,2,11,7,11,7,8,3,5,2,2,6,0,3,9,9,11,0,0,9,9,2,2,4,9,6,5,11,11,5,9,0,10,0,6,3,5,7,4,8,8,8,5,9,2,11,3,2,4,0,0,5,2,5,3,10,2,10,4,3,5,10,9,7,3,0,4,8,9,9,6,9,4,5,2,5,5,6,2,9,9,10,9,10,4,4,6,4,7,8,9,7,9,9,4,4,2,7,3,7,2,2,3,7,7,11,8,11,2,3,4,9,3,8,11,0,9,4,0,3,2,7,4,9,11,8,11,9,9,0,0,6,3,7,5,2,0
10,5,5,5,5,6,8,0,9,11,8,4,4,7,3,0,8,0,8,9,4,6,3,3,7,2,4,10,10,0,2,2,10,10,3,3,5,10,7,6,0,0,6,10,2,11,2,7,4,6,8,5,9,9,9,6,10,3,0,4,3,5,2,2,6,3,6,4,11,3,11,5,4,6,11,10,8,4,2,5,9,10,10,7,10,5,6,3,6,6,7,3,10,10,11,10,11,5,5,7,5,8,9,10,8,10,10,5,5,3,8,4,8,3,3,4,8,8,0,9,0,3,4,5,10,4,9,0,2,10,5,2,4,3,8,5,10,0,9,0,10,10,2,2,7,4,8,6,3,2
11,6,6,6,6,7,9,2,10,0,9,5,5,8,4,2,9,2,9,10,5,7,4,4,8,3,5,11,11,2,3,3,11,11,4,4,6,11,8,7,2,2,7,11,3,0,3,8,5,7,9,6,10,10,10,7,11,4,2,5,4,6,3,3,7,4,7,5,0,4,0,6,5,7,0,11,9,5,3,6,10,11,11,8,11,6,7,4,7,7,8,4,11,11,0,11,0,6,6,8,6,9,10,11,9,11,11,6,6,4,9,5,9,4,4,5,9,9,2,10,2,4,5,6,11,5,10,2,3,11,6,3,5,4,9,6,11,2,10,2,11,11,3,3,8,5,9,7,4,3
0,7,7,7,7,8,10,3,11,2,10,6,6,9,5,3,10,3,10,11,6,8,5,5,9,4,6,0,0,3,4,4,0,0,5,5,7,0,9,8,3,3,8,0,4,2,4,9,6,8,10,7,11,11,11,8,0,5,3,6,5,7,4,4,8,5,8,6,2,5,2,7,6,8,2,0,10,6,4,7,11,0,0,9,0,7,8,5,8,8,9,5,0,0,2,0,2,7,7,9,7,10,11,0,10,0,0,7,7,5,10,6,10,5,5,6,10,10,3,11,3,5,6,7,0,6,11,3,4,0,7,4,6,5,10,7,0,3,11,3,0,0,4,4,9,6,10,8,5,4
2,8,8,8,8,9,11,4,0,3,11,7,7,10,6,4,11,4,11,0,7,9,6,6,10,5,7,2,2,4,5,5,2,2,6,6,8,2,10,9,4,4,9,2,5,3,5,10,7,9,11,8,0,0,0,9,2,6,4,7,6,8,5,5,9,6,9,7,3,6,3,8,7,9,3,2,11,7,5,8,0,2,2,10,2,8,9,6,9,9,10,6,2,2,3,2,3,8,8,10,8,11,0,2,11,2,2,8,8,6,11,7,11,6,6,7,11,11,4,0,4,6,7,8,2,7,0,4,5,2,8,5,7,6,11,8,2,4,0,4,2,2,5,5,10,7,11,9,6,5
3,9,9,9,9,10,0,5,2,4,0,8,8,11,7,5,0,5,0,2,8,10,7,7,11,6,8,3,3,5,6,6,3,3,7,7,9,3,11,10,5,5,10,3,6,4,6,11,8,10,0,9,2,2,2,10,3,7,5,8,7,9,6,6,10,7,10,8,4,7,4,9,8,10,4,3,0,8,6,9,2,3,3,11,3,9,10,7,10,10,11,7,3,3,4,3,4,9,9,11,9,0,2,3,0,3,3,9,9,7,0,8,0,7,7,8,0,0,5,2,5,7,8,9,3,8,2,5,6,3,9,6,8,7,0,9,3,5,2,5,3,3,6,6,11,8,0,10,7,6
4,10,10,10,10,11,2,6,3,5,2,9,9,0,8,6,2,6,2,3,9,11,8,8,0,7,9,4,4,6,7,7,4,4,8,8,10,4,0,11,6,6,11,4,7,5,7,0,9,11,2,10,3,3,3,11,4,8,6,9,8,10,7,7,11,8,11,9,5,8,5,10,9,11,5,4,2,9,7,10,3,4,4,0,4,10,11,8,11,11,0,8,4,4,5,4,5,10,10,0,10,2,3,4,2,4,4,10,10,8,2,9,2,8,8,9,2,2,6,3,6,8,9,10,4,9,3,6,7,4,10,7,9,8,2,10,4,6,3,6,4,4,7,7,0,9,2,11,8,7
5,11,11,11,11,0,3,7,4,6,3,10,10,2,9,7,3,7,3,4,10,0,9,9,2,8,10,5,5,7,8,8,5,5,9,9,11,5,2,0,7,7,0,5,8,6,8,2,10,0,3,11,4,4,4,0,5,9,7,10,9,11,8,8,0,9,0,10,6,9,6,11,10,0,6,5,3,10,8,11,4,5,5,2,5,11,0,9,0,0,2,9,5,5,6,5,6,11,11,2,11,3,4,5,3,5,5,11,11,9,3,10,3,9,9,10,3,3,7,4,7,9,10,11,5,10,4,7,8,5,11,8,10,9,3,11,5,7,4,7,5,5,8,8,2,10,3,0,9,8
6,0,0,0,0,2,4,8,5,7,4,11,11,3,10,8,4,8,4,5,11,2,10,10,3,9,11,6,6,8,9,9,6,6,10,10,0,6,3,2,8,8,2,6,9,7,9,3,11,2,4,0,5,5,5,2,6,10,8,11,10,0,9,9,2,10,2,11,7,10,7,0,11,2,7,6,4,11,9,0,5,6,6,3,6,0,2,10,2,2,3,10,6,6,7,6,7,0,0,3,0,4,5,6,4,6,6,0,0,10,4,11,4,10,10,11,4,4,8,5,8,10,11,0,6,11,5,8,9,6,0,9,11,10,4,0,6,8,5,8,6,6,9,9,3,11,4,2,10,9
7,2,2,2,2,3,5,9,6,8,5,0,0,4,11,9,5,9,5,6,0,3,11,11,4,10,0,7,7,9,10,10,7,7,11,11,2,7,4,3,9,9,3,7,10,8,10,4,0,3,5,2,6,6,6,3,7,11,9,0,11,2,10,10,3,11,3,0,8,11,8,2,0,3,8,7,5,0,10,2,6,7,7,4,7,2,3,11,3,3,4,11,7,7,8,7,8,2,2,4,2,5,6,7,5,7,7,2,2,11,5,0,5,11,11,0,5,5,9,6,9,11,0,2,7,0,6,9,10,7,2,10,0,11,5,2,7,9,6,9,7,7,10,10,4,0,5,3,11,10
8,3,3,3,3,4,6,10,7,9,6,2,2,5,0,10,6,10,6,7,2,4,0,0,5,11,2,8,8,10,11,11,8,8,0,0,3,8,5,4,10,10,4,8,11,9,11,5,2,4,6,3,7,7,7,4,8,0,10,2,0,3,11,11,4,0,4,2,9,0,9,3,2,4,9,8,6,2,11,3,7,8,8,5,8,3,4,0,4,4,5,0,8,8,9,8,9,3,3,5,3,6,7,8,6,8,8,3,3,0,6,2,6,0,0,2,6,6,10,7,10,0,2,3,8,2,7,10,11,8,3,11,2,0,6,3,8,10,7,10,8,8,11,11,5,2,6,4,0,11
9,4,4,4,4,5,7,11,8,10,7,3,3,6,2,11,7,11,7,8,3,5,2,2,6,0,3,9,9,11,0,0,9,9,2,2,4,9,6,5,11,11,5,9,0,10,0,6,3,5,7,4,8,8,8,5,9,2,11,3,2,4,0,0,5,2,5,3,10,2,10,4,3,5,10,9,7,3,0,4,8,9,9,6,9,4,5,2,5,5,6,2,9,9,10,9,10,4,4,6,4,7,8,9,7,9,9,4,4,2,7,3,7,2,2,3,7,7,11,8,11,2,3,4,9,3,8,11,0,9,4,0,3,2,7,4,9,11,8,11,9,9,0,0,6,3,7,5,2,0
10,5,5,5,5,6,8,0,9,11,8,4,4,7,3,0,8,0,8,9,4,6,3,3,7,2,4,10,10,0,2,2,10,10,3,3,5,10,7,6,0,0,6,10,2,11,2,7,4,6,8,5,9,9,9,6,10,3,0,4,3,5,2,2,6,3,6,4,11,3,11,5,4,6,11,10,8,4,2,5,9,10,10,7,10,5,6,3,6,6,7,3,10,10,11,10,11,5,5,7,5,8,9,10,8,10,10,5,5,3,8,4,8,3,3,4,8,8,0,9,0,3,4,5,10,4,9,0,2,10,5,2,4,3,8,5,10,0,9,0,10,10,2,2,7,4,8,6,3,2
11,6,6,6,6,7,9,2,10,0,9,5,5,8,4,2,9,2,9,10,5,7,4,4,8,3,5,11,11,2,3,3,11,11,4,4,6,11,8,7,2,2,7,11,3,0,3,8,5,7,9,6,10,10,10,7,11,4,2,5,4,6,3,3,7,4,7,5,0,4,0,6,5,7,0,11,9,5,3,6,10,11,11,8,11,6,7,4,7,7,8,4,11,11,0,11,0,6,6,8,6,9,10,11,9,11,11,6,6,4,9,5,9,4,4,5,9,9,2,10,2,4,5,6,11,5,10,2,3,11,6,3,5,4,9,6,11,2,10,2,11,11,3,3,8,5,9,7,4,3
0,7,7,7,7,8,10,3,11,2,10,6,6,9,5,3,10,3,10,11,6,8,5,5,9,4,6,0,0,3,4,4,0,0,5,5,7,0,9,8,3,3,8,0,4,2,4,9,6,8,10,7,11,11,11,8,0,5,3,6,5,7,4,4,8,5,8,6,2,5,2,7,6,8,2,0,10,6,4,7,11,0,0,9,0,7,8,5,8,8,9,5,0,0,2,0,2,7,7,9,7,10,11,0,10,0,0,7,7,5,10,6,10,5,5,6,10,10,3,11,3,5,6,7,0,6,11,3,4,0,7,4,6,5,10,7,0,3,11,3,0,0,4,4,9,6,10,8,5,4
2,8,8,8,8,9,11,4,0,3,11,7,7,10,6,4,11,4,11,0,7,9,6,6,10,5,7,2,2,4,5,5,2,2,6,6,8,2,10,9,4,4,9,2,5,3,5,10,7,9,11,8,0,0,0,9,2,6,4,7,6,8,5,5,9,6,9,7,3,6,3,8,7,9,3,2,11,7,5,8,0,2,2,10,2,8,9,6,9,9,10,6,2,2,3,2,3,8,8,10,8,11,0,2,11,2,2,8,8,6,11,7,11,6,6,7,11,11,4,0,4,6,7,8,2,7,0,4,5,2,8,5,7,6,11,8,2,4,0,4,2,2,5,5,10,7,11,9,6,5
3,9,9,9,9,10,0,5,2,4,0,8,8,11,7,5,0,5,0,2,8,10,7,7,11,6,8,3,3,5,6,6,3,3,7,7,9,3,11,10,5,5,10,3,6,4,6,11,8,10,0,9,2,2,2,10,3,7,5,8,7,9,6,6,10,7,10,8,4,7,4,9,8,10,4,3,0,8,6,9,2,3,3,11,3,9,10,7,10,10,11,7,3,3,4,3,4,9,9,11,9,0,2,3,0,3,3,9,9,7,0,8,0,7,7,8,0,0,5,2,5,7,8,9,3,8,2,5,6,3,9,6,8,7,0,9,3,5,2,5,3,3,6,6,11,8,0,10,7,6
4,10,10,10,10,11,2,6,3,5,2,9,9,0,8,6,2,6,2,3,9,11,8,8,0,7,9,4,4,6,7,7,4,4,8,8,10,4,0,11,6,6,11,4,7,5,7,0,9,11,2,10,3,3,3,11,4,8,6,9,8,10,7,7,11,8,11,9,5,8,5,10,9,11,5,4,2,9,7,10,3,4,4,0,4,10,11,8,11,11,0,8,4,4,5,4,5,10,10,0,10,2,3,4,2,4,4,10,10,8,2,9,2,8,8,9,2,2,6,3,6,8,9,10,4,9,3,6,7,4,10,7,9,8,2,10,4,6,3,6,4,4,7,7,0,9,2,11,8,7
5,11,11,11,11,0,3,7,4,6,3,10,10,2,9,7,3,7,3,4,10,0,9,9,2,8,10,5,5,7,8,8,5,5,9,9,11,5,2,0,7,7,0,5,8,6,8,2,10,0,3,11,4,4,4,0,5,9,7,10,9,11,8,8,0,9,0,10,6,9,6,11,10,0,6,5,3,10,8,11,4,5,5,2,5,11,0,9,0,0,2,9,5,5,6,5,6,11,11,2,11,3,4,5,3,5,5,11,11,9,3,10,3,9,9,10,3,3,7,4,7,9,10,11,5,10,4,7,8,5,11,8,10,9,3,11,5,7,4,7,5,5,8,8,2,10,3,0,9,8
6,0,0,0,0,2,4,8,5,7,4,11,11,3,10,8,4,8,4,5,11,2,10,10,3,9,11,6,6,8,9,9,6,6,10,10,0,6,3,2,8,8,2,6,9,7,9,3,11,2,4,0,5,5,5,2,6,10,8,11,10,0,9,9,2,10,2,11,7,10,7,0,11,2,7,6,4,11,9,0,5,6,6,3,6,0,2,10,2,2,3,10,6,6,7,6,7,0,0,3,0,4,5,6,4,6,6,0,0,10,4,11,4,10,10,11,4,4,8,5,8,10,11,0,6,11,5,8,9,6,0,9,11,10,4,0,6,8,5,8,6,6,9,9,3,11,4,2,10,9
7,2,2,2,2,3,5,9,6,8,5,0,0,4,11,9,5,9,5,6,0,3,11,11,4,10,0,7,7,9,10,10,7,7,11,11,2,7,4,3,9,9,3,7,10,8,10,4,0,3,5,2,6,6,6,3,7,11,9,0,11,2,10,10,3,11,3,0,8,11,8,2,0,3,8,7,5,0,10,2,6,7,7,4,7,2,3,11,3,3,4,11,7,7,8,7,8,2,2,4,2,5,6,7,5,7,7,2,2,11,5,0,5,11,11,0,5,5,9,6,9,11,0,2,7,0,6,9,10,7,2,10,0,11,5,2,7,9,6,9,7,7,10,10,4,0,5,3,11,10
8,3,3,3,3,4,6,10,7,9,6,2,2,5,0,10,6,10,6,7,2,4,0,0,5,11,2,8,8,10,11,11,8,8,0,0,3,8,5,4,10,10,4,8,11,9,11,5,2,4,6,3,7,7,7,4,8,0,10,2,0,3,11,11,4,0,4,2,9,0,9,3,2,4,9,8,6,2,11,3,7,8,8,5,8,3,4,0,4,4,5,0,8,8,9,8,9,3,3,5,3,6,7,8,6,8,8,3,3,0,6,2,6,0,0,2,6,6,10,7,10,0,2,3,8,2,7,10,11,8,3,11,2,0,6,3,8,10,7,10,8,8,11,11,5,2,6,4,0,11
9,4,4,4,4,5,7,11,8,10,7,3,3,6,2,11,7,11,7,8,3,5,2,2,6,0,3,9,9,11,0,0,9,9,2,2,4,9,6,5,11,11,5,9,0,10,0,6,3,5,7,4,8,8,8,5,9,2,11,3,2,4,0,0,5,2,5,3,10,2,10,4,3,5,10,9,7,3,0,4,8,9,9,6,9,4,5,2,5,5,6,2,9,9,10,9,10,4,4,6,4,7,8,9,7,9,9,4,4,2,7,3,7,2,2,3,7,7,11,8,11,2,3,4,9,3,8,11,0,9,4,0,3,2,7,4,9,11,8,11,9,9,0,0,6,3,7,5,2,0
10,5,5,5,5,6,8,0,9,11,8,4,4,7,3,0,8,0,8,9,4,6,3,3,7,2,4,10,10,0,2,2,10,10,3,3,5,10,7,6,0,0,6,10,2,11,2,7,4,6,8,5,9,9,9,6,10,3,0,4,3,5,2,2,6,3,6,4,11,3,11,5,4,6,11,10,8,4,2,5,9,10,10,7,10,5,6,3,6,6,7,3,10,10,11,10,11,5,5,7,5,8,9,10,8,10,10,5,5,3,8,4,8,3,3,4,8,8,0,9,0,3,4,5,10,4,9,0,2,10,5,2,4,3,8,5,10,0,9,0,10,10,2,2,7,4,8,6,3,2
11,6,6,6,6,7,9,2,10,0,9,5,5,8,4,2,9,2,9,10,5,7,4,4,8,3,5,11,11,2,3,3,11,11,4,4,6,11,8,7,2,2,7,11,3,0,3,8,5,7,9,6,10,10,10,7,11,4,2,5,4,6,3,3,7,4,7,5,0,4,0,6,5,7,0,11,9,5,3,6,10,11,11,8,11,6,7,4,7,7,8,4,11,11,0,11,0,6,6,8,6,9,10,11,9,11,11,6,6,4,9,5,9,4,4,5,9,9,2,10,2,4,5,6,11,5,10,2,3,11,6,3,5,4,9,6,11,2,10,2,11,11,3,3,8,5,9,7,4,3
0,7,7,7,7,8,10,3,11,2,10,6,6,9,5,3,10,3,10,11,6,8,5,5,9,4,6,0,0,3,4,4,0,0,5,5,7,0,9,8,3,3,8,0,4,2,4,9,6,8,10,7,11,11,11,8,0,5,3,6,5,7,4,4,8,5,8,6,2,5,2,7,6,8,2,0,10,6,4,7,11,0,0,9,0,7,8,5,8,8,9,5,0,0,2,0,2,7,7,9,7,10,11,0,10,0,0,7,7,5,10,6,10,5,5,6,10,10,3,11,3,5,6,7,0,6,11,3,4,0,7,4,6,5,10,7,0,3,11,3,0,0,4,4,9,6,10,8,5,4
2,8,8,8,8,9,11,4,0,3,11,7,7,10,6,4,11,4,11,0,7,9,6,6,10,5,7,2,2,4,5,5,2,2,6,6,8,2,10,9,4,4,9,2,5,3,5,10,7,9,11,8,0,0,0,9,2,6,4,7,6,8,5,5,9,6,9,7,3,6,3,8,7,9,3,2,11,7,5,8,0,2,2,10,2,8,9,6,9,9,10,6,2,2,3,2,3,8,8,10,8,11,0,2,11,2,2,8,8,6,11,7,11,6,6,7,11,11,4,0,4,6,7,8,2,7,0,4,5,2,8,5,7,6,11,8,2,4,0,4,2,2,5,5,10,7,11,9,6,5
3,9,9,9,9,10,0,5,2,4,0,8,8,11,7,5,0,5,0,2,8,10,7,7,11,6,8,3,3,5,6,6,3,3,7,7,9,3,11,10,5,5,10,3,6,4,6,11,8,10,0,9,2,2,2,10,3,7,5,8,7,9,6,6,10,7,10,8,4,7,4,9,8,10,4,3,0,8,6,9,2,3,3,11,3,9,10,7,10,10,11,7,3,3,4,3,4,9,9,11,9,0,2,3,0,3,3,9,9,7,0,8,0,7,7,8,0,0,5,2,5,7,8,9,3,8,2,5,6,3,9,6,8,7,0,9,3,5,2,5,3,3,6,6,11,8,0,10,7,6
4,10,10,10,10,11,2,6,3,5,2,9,9,0,8,6,2,6,2,3,9,11,8,8,0,7,9,4,4,6,7,7,4,4,8,8,10,4,0,11,6,6,11,4,7,5,7,0,9,11,2,10,3,3,3,11,4,8,6,9,8,10,7,7,11,8,11,9,5,8,5,10,9,11,5,4,2,9,7,10,3,4,4,0,4,10,11,8,11,11,0,8,4,4,5,4,5,10,10,0,10,2,3,4,2,4,4,10,10,8,2,9,2,8,8,9,2,2,6,3,6,8,9,10,4,9,3,6,7,4,10,7,9,8,2,10,4,6,3,6,4,4,7,7,0,9,2,11,8,7
5,11,11,11,11,0,3,7,4,6,3,10,10,2,9,7,3,7,3,4,10,0,9,9,2,8,10,5,5,7,8,8,5,5,9,9,11,5,2,0,7,7,0,5,8,6,8,2,10,0,3,11,4,4,4,0,5,9,7,10,9,11,8,8,0,9,0,10,6,9,6,11,10,0,6,5,3,10,8,11,4,5,5,2,5,11,0,9,0,0,2,9,5,5,6,5,6,11,11,2,11,3,4,5,3,5,5,11,11,9,3,10,3,9,9,10,3,3,7,4,7,9,10,11,5,10,4,7,8,5,11,8,10,9,3,11,5,7,4,7,5,5,8,8,2,10,3,0,9,8
6,0,0,0,0,2,4,8,5,7,4,11,11,3,10,8,4,8,4,5,11,2,10,10,3,9,11,6,6,8,9,9,6,6,10,10,0,6,3,2,8,8,2,6,9,7,9,3,11,2,4,0,5,5,5,2,6,10,8,11,10,0,9,9,2,10,2,11,7,10,7,0,11,2,7,6,4,11,9,0,5,6,6,3,6,0,2,10,2,2,3,10,6,6,7,6,7,0,0,3,0,4,5,6,4,6,6,0,0,10,4,11,4,10,10,11,4,4,8,5,8,10,11,0,6,11,5,8,9,6,0,9,11,10,4,0,6,8,5,8,6,6,9,9,3,11,4,2,10,9
7,2,2,2,2,3,5,9,6,8,5,0,0,4,11,9,5,9,5,6,0,3,11,11,4,10,0,7,7,9,10,10,7,7,11,11,2,7,4,3,9,9,3,7,10,8,10,4,0,3,5,2,6,6,6,3,7,11,9,0,11,2,10,10,3,11,3,0,8,11,8,2,0,3,8,7,5,0,10,2,6,7,7,4,7,2,3,11,3,3,4,11,7,7,8,7,8,2,2,4,2,5,6,7,5,7,7,2,2,11,5,0,5,11,11,0,5,5,9,6,9,11,0,2,7,0,6,9,10,7,2,10,0,11,5,2,7,9,6,9,7,7,10,10,4,0,5,3,11,10
8,3,3,3,3,4,6,10,7,9,6,2,2,5,0,10,6,10,6,7,2,4,0,0,5,11,2,8,8,10,11,11,8,8,0,0,3,8,5,4,10,10,4,8,11,9,11,5,2,4,6,3,7,7,7,4,8,0,10,2,0,3,11,11,4,0,4,2,9,0,9,3,2,4,9,8,6,2,11,3,7,8,8,5,8,3,4,0,4,4,5,0,8,8,9,8,9,3,3,5,3,6,7,8,6,8,8,3,3,0,6,2,6,0,0,2,6,6,10,7,10,0,2,3,8,2,7,10,11,8,3,11,2,0,6,3,8,10,7,10,8,8,11,11,5,2,6,4,0,11
9,4,4,4,4,5,7,11,8,10,7,3,3,6,2,11,7,11,7,8,3,5,2,2,6,0,3,9,9,11,0,0,9,9,2,2,4,9,6,5,11,11,5,9,0,10,0,6,3,5,7,4,8,8,8,5,9,2,11,3,2,4,0,0,5,2,5,3,10,2,10,4,3,5,10,9,7,3,0,4,8,9,9,6,9,4,5,2,5,5,6,2,9,9,10,9,10,4,4,6,4,7,8,9,7,9,9,4,4,2,7,3,7,2,2,3,7,7,11,8,11,2,3,4,9,3,8,11,0,9,4,0,3,2,7,4,9,11,8,11,9,9,0,0,6,3,7,5,2,0
10,5,5,5,5,6,8,0,9,11,8,4,4,7,3,0,8,0,8,9,4,6,3,3,7,2,4,10,10,0,2,2,10,10,3,3,5,10,7,6,0,0,6,10,2,11,2,7,4,6,8,5,9,9,9,6,10,3,0,4,3,5,2,2,6,3,6,4,11,3,11,5,4,6,11,10,8,4,2,5,9,10,10,7,10,5,6,3,6,6,7,3,10,10,11,10,11,5,5,7,5,8,9,10,8,10,10,5,5,3,8,4,8,3,3,4,8,8,0,9,0,3,4,5,10,4,9,0,2,10,5,2,4,3,8,5,10,0,9,0,10,10,2,2,7,4,8,6,3,2
11,6,6,6,6,7,9,2,10,0,9,5,5,8,4,2,9,2,9,10,5,7,4,4,8,3,5,11,11,2,3,3,11,11,4,4,6,11,8,7,2,2,7,11,3,0,3,8,5,7,9,6,10,10,10,7,11,4,2,5,4,6,3,3,7,4,7,5,0,4,0,6,5,7,0,11,9,5,3,6,10,11,11,8,11,6,7,4,7,7,8,4,11,11,0,11,0,6,6,8,6,9,10,11,9,11,11,6,6,4,9,5,9,4,4,5,9,9,2,10,2,4,5,6,11,5,10,2,3,11,6,3,5,4,9,6,11,2,10,2,11,11,3,3,8,5,9,7,4,3
0,7,7,7,7,8,10,3,11,2,10,6,6,9,5,3,10,3,10,11,6,8,5,5,9,4,6,0,0,3,4,4,0,0,5,5,7,0,9,8,3,3,8,0,4,2,4,9,6,8,10,7,11,11,11,8,0,5,3,6,5,7,4,4,8,5,8,6,2,5,2,7,6,8,2,0,10,6,4,7,11,0,0,9,0,7,8,5,8,8,9,5,0,0,2,0,2,7,7,9,7,10,11,0,10,0,0,7,7,5,10,6,10,5,5,6,10,10,3,11,3,5,6,7,0,6,11,3,4,0,7,4,6,5,10,7,0,3,11,3,0,0,4,4,9,6,10,8,5,4
2,8,8,8,8,9,11,4,0,3,11,7,7,10,6,4,11,4,11,0,7,9,6,6,10,5,7,2,2,4,5,5,2,2,6,6,8,2,10,9,4,4,9,2,5,3,5,10,7,9,11,8,0,0,0,9,2,6,4,7,6,8,5,5,9,6,9,7,3,6,3,8,7,9,3,2,11,7,5,8,0,2,2,10,2,8,9,6,9,9,10,6,2,2,3,2,3,8,8,10,8,11,0,2,11,2,2,8,8,6,11,7,11,6,6,7,11,11,4,0,4,6,7,8,2,7,0,4,5,2,8,5,7,6,11,8,2,4,0,4,2,2,5,5,10,7,11,9,6,5
3,9,9,9,9,10,0,5,2,4,0,8,8,11,7,5,0,5,0,2,8,10,7,7,11,6,8,3,3,5,6,6,3,3,7,7,9,3,11,10,5,5,10,3,6,4,6,11,8,10,0,9,2,2,2,10,3,7,5,8,7,9,6,6,10,7,10,8,4,7,4,9,8,10,4,3,0,8,6,9,2,3,3,11,3,9,10,7,10,10,11,7,3,3,4,3,4,9,9,11,9,0,2,3,0,3,3,9,9,7,0,8,0,7,7,8,0,0,5,2,5,7,8,9,3,8,2,5,6,3,9,6,8,7,0,9,3,5,2,5,3,3,6,6,11,8,0,10,7,6
4,10,10,10,10,11,2,6,3,5,2,9,9,0,8,6,2,6,2,3,9,11,8,8,0,7,9,4,4,6,7,7,4,4,8,8,10,4,0,11,6,6,11,4,7,5,7,0,9,11,2,10,3,3,3,11,4,8,6,9,8,10,7,7,11,8,11,9,5,8,5,10,9,11,5,4,2,9,7,10,3,4,4,0,4,10,11,8,11,11,0,8,4,4,5,4,5,10,10,0,10,2,3,4,2,4,4,10,10,8,2,9,2,8,8,9,2,2,6,3,6,8,9,10,4,9,3,6,7,4,10,7,9,8,2,10,4,6,3,6,4,4,7,7,0,9,2,11,8,7
5,11,11,11,11,0,3,7,4,6,3,10,10,2,9,7,3,7,3,4,10,0,9,9,2,8,10,5,5,7,8,8,5,5,9,9,11,5,2,0,7,7,0,5,8,6,8,2,10,0,3,11,4,4,4,0,5,9,7,10,9,11,8,8,0,9,0,10,6,9,6,11,10,0,6,5,3,10,8,11,4,5,5,2,5,11,0,9,0,0,2,9,5,5,6,5,6,11,11,2,11,3,4,5,3,5,5,11,11,9,3,10,3,9,9,10,3,3,7,4,7,9,10,11,5,10,4,7,8,5,11,8,10,9,3,11,5,7,4,7,5,5,8,8,2,10,3,0,9,8
6,0,0,0,0,2,4,8,5,7,4,11,11,3,10,8,4,8,4,5,11,2,10,10,3,9,11,6,6,8,9,9,6,6,10,10,0,6,3,2,8,8,2,6,9,7,9,3,11,2,4,0,5,5,5,2,6,10,8,11,10,0,9,9,2,10,2,11,7,10,7,0,11,2,7,6,4,11,9,0,5,6,6,3,6,0,2,10,2,2,3,10,6,6,7,6,7,0,0,3,0,4,5,6,4,6,6,0,0,10,4,11,4,10,10,11,4,4,8,5,8,10,11,0,6,11,5,8,9,6,0,9,11,10,4,0,6,8,5,8,6,6,9,9,3,11,4,2,10,9
7,2,2,2,2,3,5,9,6,8,5,0,0,4,11,9,5,9,5,6,0,3,11,11,4,10,0,7,7,9,10,10,7,7,11,11,2,7,4,3,9,9,3,7,10,8,10,4,0,3,5,2,6,6,6,3,7,11,9,0,11,2,10,10,3,11,3,0,8,11,8,2,0,3,8,7,5,0,10,2,6,7,7,4,7,2,3,11,3,3,4,11,7,7,8,7,8,2,2,4,2,5,6,7,5,7,7,2,2,11,5,0,5,11,11,0,5,5,9,6,9,11,0,2,7,0,6,9,10,7,2,10,0,11,5,2,7,9,6,9,7,7,10,10,4,0,5,3,11,10
8,3,3,3,3,4,6,10,7,9,6,2,2,5,0,10,6,10,6,7,2,4,0,0,5,11,2,8,8,10,11,11,8,8,0,0,3,8,5,4,10,10,4,8,11,9,11,5,2,4,6,3,7,7,7,4,8,0,10,2,0,3,11,11,4,0,4,2,9,0,9,3,2,4,9,8,6,2,11,3,7,8,8,5,8,3,4,0,4,4,5,0,8,8,9,8,9,3,3,5,3,6,7,8,6,8,8,3,3,0,6,2,6,0,0,2,6,6,10,7,10,0,2,3,8,2,7,10,11,8,3,11,2,0,6,3,8,10,7,10,8,8,11,11,5,2,6,4,0,11
9,4,4,4,4,5,7,11,8,10,7,3,3,6,2,11,7,11,7,8,3,5,2,2,6,0,3,9,9,11,0,0,9,9,2,2,4,9,6,5,11,11,5,9,0,10,0,6,3,5,7,4,8,8,8,5,9,2,11,3,2,4,0,0,5,2,5,3,10,2,10,4,3,5,10,9,7,3,0,4,8,9,9,6,9,4,5,2,5,5,6,2,9,9,10,9,10,4,4,6,4,7,8,9,7,9,9,4,4,2,7,3,7,2,2,3,7,7,11,8,11,2,3,4,9,3,8,11,0,9,4,0,3,2,7,4,9,11,8,11,9,9,0,0,6,3,7,5,2,0
10,5,5,5,5,6,8,0,9,11,8,4,4,7,3,0,8,0,8,9,4,6,3,3,7,2,4,10,10,0,2,2,10,10,3,3,5,10,7,6,0,0,6,10,2,11,2,7,4,6,8,5,9,9,9,6,10,3,0,4,3,5,2,2,6,3,6,4,11,3,11,5,4,6,11,10,8,4,2,5,9,10,10,7,10,5,6,3,6,6,7,3,10,10,11,10,11,5,5,7,5,8,9,10,8,10,10,5,5,3,8,4,8,3,3,4,8,8,0,9,0,3,4,5,10,4,9,0,2,10,5,2,4,3,8,5,10,0,9,0,10,10,2,2,7,4,8,6,3,2
11,6,6,6,6,7,9,2,10,0,9,5,5,8,4,2,9,2,9,10,5,7,4,4,8,3,5,11,11,2,3,3,11,11,4,4,6,11,8,7,2,2,7,11,3,0,3,8,5,7,9,6,10,10,10,7,11,4,2,5,4,6,3,3,7,4,7,5,0,4,0,6,5,7,0,11,9,5,3,6,10,11,11,8,11,6,7,4,7,7,8,4,11,11,0,11,0,6,6,8,6,9,10,11,9,11,11,6,6,4,9,5,9,4,4,5,9,9,2,10,2,4,5,6,11,5,10,2,3,11,6,3,5,4,9,6,11,2,10,2,11,11,3,3,8,5,9,7,4,3
0,7,7,7,7,8,10,3,11,2,10,6,6,9,5,3,10,3,10,11,6,8,5,5,9,4,6,0,0,3,4,4,0,0,5,5,7,0,9,8,3,3,8,0,4,2,4,9,6,8,10,7,11,11,11,8,0,5,3,6,5,7,4,4,8,5,8,6,2,5,2,7,6,8,2,0,10,6,4,7,11,0,0,9,0,7,8,5,8,8,9,5,0,0,2,0,2,7,7,9,7,10,11,0,10,0,0,7,7,5,10,6,10,5,5,6,10,10,3,11,3,5,6,7,0,6,11,3,4,0,7,4,6,5,10,7,0,3,11,3,0,0,4,4,9,6,10,8,5,4
2,8,8,8,8,9,11,4,0,3,11,7,7,10,6,4,11,4,11,0,7,9,6,6,10,5,7,2,2,4,5,5,2,2,6,6,8,2,10,9,4,4,9,2,5,3,5,10,7,9,11,8,0,0,0,9,2,6,4,7,6,8,5,5,9,6,9,7,3,6,3,8,7,9,3,2,11,7,5,8,0,2,2,10,2,8,9,6,9,9,10,6,2,2,3,2,3,8,8,10,8,11,0,2,11,2,2,8,8,6,11,7,11,6,6,7,11,11,4,0,4,6,7,8,2,7,0,4,5,2,8,5,7,6,11,8,2,4,0,4,2,2,5,5,10,7,11,9,6,5
3,9,9,9,9,10,0,5,2,4,0,8,8,11,7,5,0,5,0,2,8,10,7,7,11,6,8,3,3,5,6,6,3,3,7,7,9,3,11,10,5,5,10,3,6,4,6,11,8,10,0,9,2,2,2,10,3,7,5,8,7,9,6,6,10,7,10,8,4,7,4,9,8,10,4,3,0,8,6,9,2,3,3,11,3,9,10,7,10,10,11,7,3,3,4,3,4,9,9,11,9,0,2,3,0,3,3,9,9,7,0,8,0,7,7,8,0,0,5,2,5,7,8,9,3,8,2,5,6,3,9,6,8,7,0,9,3,5,2,5,3,3,6,6,11,8,0,10,7,6
4,10,10,10,10,11,2,6,3,5,2,9,9,0,8,6,2,6,2,3,9,11,8,8,0,7,9,4,4,6,7,7,4,4,8,8,10,4,0,11,6,6,11,4,7,5,7,0,9,11,2,10,3,3,3,11,4,8,6,9,8,10,7,7,11,8,11,9,5,8,5,10,9,11,5,4,2,9,7,10,3,4,4,0,4,10,11,8,11,11,0,8,4,4,5,4,5,10,10,0,10,2,3,4,2,4,4,10,10,8,2,9,2,8,8,9,2,2,6,3,6,8,9,10,4,9,3,6,7,4,10,7,9,8,2,10,4,6,3,6,4,4,7,7,0,9,2,11,8,7
5,11,11,11,11,0,3,7,4,6,3,10,10,2,9,7,3,7,3,4,10,0,9,9,2,8,10,5,5,7,8,8,5,5,9,9,11,5,2,0,7,7,0,5,8,6,8,2,10,0,3,11,4,4,4,0,5,9,7,10,9,11,8,8,0,9,0,10,6,9,6,11,10,0,6,5,3,10,8,11,4,5,5,2,5,11,0,9,0,0,2,9,5,5,6,5,6,11,11,2,11,3,4,5,3,5,5,11,11,9,3,10,3,9,9,10,3,3,7,4,7,9,10,11,5,10,4,7,8,5,11,8,10,9,3,11,5,7,4,7,5,5,8,8,2,10,3,0,9,8
6,0,0,0,0,2,4,8,5,7,4,11,11,3,10,8,4,8,4,5,11,2,10,10,3,9,11,6,6,8,9,9,6,6,10,10,0,6,3,2,8,8,2,6,9,7,9,3,11,2,4,0,5,5,5,2,6,10,8,11,10,0,9,9,2,10,2,11,7,10,7,0,11,2,7,6,4,11,9,0,5,6,6,3,6,0,2,10,2,2,3,10,6,6,7,6,7,0,0,3,0,4,5,6,4,6,6,0,0,10,4,11,4,10,10,11,4,4,8,5,8,10,11,0,6,11,5,8,9,6,0,9,11,10,4,0,6,8,5,8,6,6,9,9,3,11,4,2,10,9
7,2,2,2,2,3,5,9,6,8,5,0,0,4,11,9,5,9,5,6,0,3,11,11,4,10,0,7,7,9,10,10,7,7,11,11,2,7,4,3,9,9,3,7,10,8,10,4,0,3,5,2,6,6,6,3,7,11,9,0,11,2,10,10,3,11,3,0,8,11,8,2,0,3,8,7,5,0,10,2,6,7,7,4,7,2,3,11,3,3,4,11,7,7,8,7,8,2,2,4,2,5,6,7,5,7,7,2,2,11,5,0,5,11,11,0,5,5,9,6,9,11,0,2,7,0,6,9,10,7,2,10,0,11,5,2,7,9,6,9,7,7,10,10,4,0,5,3,11,10
8,3,3,3,3,4,6,10,7,9,6,2,2,5,0,10,6,10,6,7,2,4,0,0,5,11,2,8,8,10,11,11,8,8,0,0,3,8,5,4,10,10,4,8,11,9,11,5,2,4,6,3,7,7,7,4,8,0,10,2,0,3,11,11,4,0,4,2,9,0,9,3,2,4,9,8,6,2,11,3,7,8,8,5,8,3,4,0,4,4,5,0,8,8,9,8,9,3,3,5,3,6,7,8,6,8,8,3,3,0,6,2,6,0,0,2,6,6,10,7,10,0,2,3,8,2,7,10,11,8,3,11,2,0,6,3,8,10,7,10,8,8,11,11,5,2,6,4,0,11
9,4,4,4,4,5,7,11,8,10,7,3,3,6,2,11,7,11,7,8,3,5,2,2,6,0,3,9,9,11,0,0,9,9,2,2,4,9,6,5,11,11,5,9,0,10,0,6,3,5,7,4,8,8,8,5,9,2,11,3,2,4,0,0,5,2,5,3,10,2,10,4,3,5,10,9,7,3,0,4,8,9,9,6,9,4,5,2,5,5,6,2,9,9,10,9,10,4,4,6,4,7,8,9,7,9,9,4,4,2,7,3,7,2,2,3,7,7,11,8,11,2,3,4,9,3,8,11,0,9,4,0,3,2,7,4,9,11,8,11,9,9,0,0,6,3,7,5,2,0
10,5,5,5,5,6,8,0,9,11,8,4,4,7,3,0,8,0,8,9,4,6,3,3,7,2,4,10,10,0,2,2,10,10,3,3,5,10,7,6,0,0,6,10,2,11,2,7,4,6,8,5,9,9,9,6,10,3,0,4,3,5,2,2,6,3,6,4,11,3,11,5,4,6,11,10,8,4,2,5,9,10,10,7,10,5,6,3,6,6,7,3,10,10,11,10,11,5,5,7,5,8,9,10,8,10,10,5,5,3,8,4,8,3,3,4,8,8,0,9,0,3,4,5,10,4,9,0,2,10,5,2,4,3,8,5,10,0,9,0,10,10,2,2,7,4,8,6,3,2
11,6,6,6,6,7,9,2,10,0,9,5,5,8,4,2,9,2,9,10,5,7,4,4,8,3,5,11,11,2,3,3,11,11,4,4,6,11,8,7,2,2,7,11,3,0,3,8,5,7,9,6,10,10,10,7,11,4,2,5,4,6,3,3,7,4,7,5,0,4,0,6,5,7,0,11,9,5,3,6,10,11,11,8,11,6,7,4,7,7,8,4,11,11,0,11,0,6,6,8,6,9,10,11,9,11,11,6,6,4,9,5,9,4,4,5,9,9,2,10,2,4,5,6,11,5,10,2,3,11,6,3,5,4,9,6,11,2,10,2,11,11,3,3,8,5,9,7,4,3
0,7,7,7,7,8,10,3,11,2,10,6,6,9,5,3,10,3,10,11,6,8,5,5,9,4,6,0,0,3,4,4,0,0,5,5,7,0,9,8,3,3,8,0,4,2,4,9,6,8,10,7,11,11,11,8,0,5,3,6,5,7,4,4,8,5,8,6,2,5,2,7,6,8,2,0,10,6,4,7,11,0,0,9,0,7,8,5,8,8,9,5,0,0,2,0,2,7,7,9,7,10,11,0,10,0,0,7,7,5,10,6,10,5,5,6,10,10,3,11,3,5,6,7,0,6,11,3,4,0,7,4,6,5,10,7,0,3,11,3,0,0,4,4,9,6,10,8,5,4
2,8,8,8,8,9,11,4,0,3,11,7,7,10,6,4,11,4,11,0,7,9,6,6,10,5,7,2,2,4,5,5,2,2,6,6,8,2,10,9,4,4,9,2,5,3,5,10,7,9,11,8,0,0,0,9,2,6,4,7,6,8,5,5,9,6,9,7,3,6,3,8,7,9,3,2,11,7,5,8,0,2,2,10,2,8,9,6,9,9,10,6,2,2,3,2,3,8,8,10,8,11,0,2,11,2,2,8,8,6,11,7,11,6,6,7,11,11,4,0,4,6,7,8,2,7,0,4,5,2,8,5,7,6,11,8,2,4,0,4,2,2,5,5,10,7,11,9,6,5
3,9,9,9,9,10,0,5,2,4,0,8,8,11,7,5,0,5,0,2,8,10,7,7,11,6,8,3,3,5,6,6,3,3,7,7,9,3,11,10,5,5,10,3,6,4,6,11,8,10,0,9,2,2,2,10,3,7,5,8,7,9,6,6,10,7,10,8,4,7,4,9,8,10,4,3,0,8,6,9,2,3,3,11,3,9,10,7,10,10,11,7,3,3,4,3,4,9,9,11,9,0,2,3,0,3,3,9,9,7,0,8,0,7,7,8,0,0,5,2,5,7,8,9,3,8,2,5,6,3,9,6,8,7,0,9,3,5,2,5,3,3,6,6,11,8,0,10,7,6
4,10,10,10,10,11,2,6,3,5,2,9,9,0,8,6,2,6,2,3,9,11,8,8,0,7,9,4,4,6,7,7,4,4,8,8,10,4,0,11,6,6,11,4,7,5,7,0,9,11,2,10,3,3,3,11,4,8,6,9,8,10,7,7,11,8,11,9,5,8,5,10,9,11,5,4,2,9,7,10,3,4,4,0,4,10,11,8,11,11,0,8,4,4,5,4,5,10,10,0,10,2,3,4,2,4,4,10,10,8,2,9,2,8,8,9,2,2,6,3,6,8,9,10,4,9,3,6,7,4,10,7,9,8,2,10,4,6,3,6,4,4,7,7,0,9,2,11,8,7
5,11,11,11,11,0,3,7,4,6,3,10,10,2,9,7,3,7,3,4,10,0,9,9,2,8,10,5,5,7,8,8,5,5,9,9,11,5,2,0,7,7,0,5,8,6,8,2,10,0,3,11,4,4,4,0,5,9,7,10,9,11,8,8,0,9,0,10,6,9,6,11,10,0,6,5,3,10,8,11,4,5,5,2,5,11,0,9,0,0,2,9,5,5,6,5,6,11,11,2,11,3,4,5,3,5,5,11,11,9,3,10,3,9,9,10,3,3,7,4,7,9,10,11,5,10,4,7,8,5,11,8,10,9,3,11,5,7,4,7,5,5,8,8,2,10,3,0,9,8
6,0,0,0,0,2,4,8,5,7,4,11,11,3,10,8,4,8,4,5,11,2,10,10,3,9,11,6,6,8,9,9,6,6,10,10,0,6,3,2,8,8,2,6,9,7,9,3,11,2,4,0,5,5,5,2,6,10,8,11,10,0,9,9,2,10,2,11,7,10,7,0,11,2,7,6,4,11,9,0,5,6,6,3,6,0,2,10,2,2,3,10,6,6,7,6,7,0,0,3,0,4,5,6,4,6,6,0,0,10,4,11,4,10,10,11,4,4,8,5,8,10,11,0,6,11,5,8,9,6,0,9,11,10,4,0,6,8,5,8,6,6,9,9,3,11,4,2,10,9
7,2,2,2,2,3,5,9,6,8,5,0,0,4,11,9,5,9,5,6,0,3,11,11,4,10,0,7,7,9,10,10,7,7,11,11,2,7,4,3,9,9,3,7,10,8,10,4,0,3,5,2,6,6,6,3,7,11,9,0,11,2,10,10,3,11,3,0,8,11,8,2,0,3,8,7,5,0,10,2,6,7,7,4,7,2,3,11,3,3,4,11,7,7,8,7,8,2,2,4,2,5,6,7,5,7,7,2,2,11,5,0,5,11,11,0,5,5,9,6,9,11,0,2,7,0,6,9,10,7,2,10,0,11,5,2,7,9,6,9,7,7,10,10,4,0,5,3,11,10
8,3,3,3,3,4,6,10,7,9,6,2,2,5,0,10,6,10,6,7,2,4,0,0,5,11,2,8,8,10,11,11,8,8,0,0,3,8,5,4,10,10,4,8,11,9,11,5,2,4,6,3,7,7,7,4,8,0,10,2,0,3,11,11,4,0,4,2,9,0,9,3,2,4,9,8,6,2,11,3,7,8,8,5,8,3,4,0,4,4,5,0,8,8,9,8,9,3,3,5,3,6,7,8,6,8,8,3,3,0,6,2,6,0,0,2,6,6,10,7,10,0,2,3,8,2,7,10,11,8,3,11,2,0,6,3,8,10,7,10,8,8,11,11,5,2,6,4,0,11
9,4,4,4,4,5,7,11,8,10,7,3,3,6,2,11,7,11,7,8,3,5,2,2,6,0,3,9,9,11,0,0,9,9,2,2,4,9,6,5,11,11,5,9,0,10,0,6,3,5,7,4,8,8,8,5,9,2,11,3,2,4,0,0,5,2,5,3,10,2,10,4,3,5,10,9,7,3,0,4,8,9,9,6,9,4,5,2,5,5,6,2,9,9,10,9,10,4,4,6,4,7,8,9,7,9,9,4,4,2,7,3,7,2,2,3,7,7,11,8,11,2,3,4,9,3,8,11,0,9,4,0,3,2,7,4,9,11,8,11,9,9,0,0,6,3,7,5,2,0
10,5,5,5,5,6,8,0,9,11,8,4,4,7,3,0,8,0,8,9,4,6,3,3,7,2,4,10,10,0,2,2,10,10,3,3,5,10,7,6,0,0,6,10,2,11,2,7,4,6,8,5,9,9,9,6,10,3,0,4,3,5,2,2,6,3,6,4,11,3,11,5,4,6,11,10,8,4,2,5,9,10,10,7,10,5,6,3,6,6,7,3,10,10,11,10,11,5,5,7,5,8,9,10,8,10,10,5,5,3,8,4,8,3,3,4,8,8,0,9,0,3,4,5,10,4,9,0,2,10,5,2,4,3,8,5,10,0,9,0,10,10,2,2,7,4,8,6,3,2
11,6,6,6,6,7,9,2,10,0,9,5,5,8,4,2,9,2,9,10,5,7,4,4,8,3,5,11,11,2,3,3,11,11,4,4,6,11,8,7,2,2,7,11,3,0,3,8,5,7,9,6,10,10,10,7,11,4,2,5,4,6,3,3,7,4,7,5,0,4,0,6,5,7,0,11,9,5,3,6,10,11,11,8,11,6,7,4,7,7,8,4,11,11,0,11,0,6,6,8,6,9,10,11,9,11,11,6,6,4,9,5,9,4,4,5,9,9,2,10,2,4,5,6,11,5,10,2,3,11,6,3,5,4,9,6,11,2,10,2,11,11,3,3,8,5,9,7,4,3
0,7,7,7,7,8,10,3,11,2,10,6,6,9,5,3,10,3,10,11,6,8,5,5,9,4,6,0,0,3,4,4,0,0,5,5,7,0,9,8,3,3,8,0,4,2,4,9,6,8,10,7,11,11,11,8,0,5,3,6,5,7,4,4,8,5,8,6,2,5,2,7,6,8,2,0,10,6,4,7,11,0,0,9,0,7,8,5,8,8,9,5,0,0,2,0,2,7,7,9,7,10,11,0,10,0,0,7,7,5,10,6,10,5,5,6,10,10,3,11,3,5,6,7,0,6,11,3,4,0,7,4,6,5,10,7,0,3,11,3,0,0,4,4,9,6,10,8,5,4
2,8,8,8,8,9,11,4,0,3,11,7,7,10,6,4,11,4,11,0,7,9,6,6,10,5,7,2,2,4,5,5,2,2,6,6,8,2,10,9,4,4,9,2,5,3,5,10,7,9,11,8,0,0,0,9,2,6,4,7,6,8,5,5,9,6,9,7,3,6,3,8,7,9,3,2,11,7,5,8,0,2,2,10,2,8,9,6,9,9,10,6,2,2,3,2,3,8,8,10,8,11,0,2,11,2,2,8,8,6,11,7,11,6,6,7,11,11,4,0,4,6,7,8,2,7,0,4,5,2,8,5,7,6,11,8,2,4,0,4,2,2,5,5,10,7,11,9,6,5
3,9,9,9,9,10,0,5,2,4,0,8,8,11,7,5,0,5,0,2,8,10,7,7,11,6,8,3,3,5,6,6,3,3,7,7,9,3,11,10,5,5,10,3,6,4,6,11,8,10,0,9,2,2,2,10,3,7,5,8,7,9,6,6,10,7,10,8,4,7,4,9,8,10,4,3,0,8,6,9,2,3,3,11,3,9,10,7,10,10,11,7,3,3,4,3,4,9,9,11,9,0,2,3,0,3,3,9,9,7,0,8,0,7,7,8,0,0,5,2,5,7,8,9,3,8,2,5,6,3,9,6,8,7,0,9,3,5,2,5,3,3,6,6,11,8,0,10,7,6
4,10,10,10,10,11,2,6,3,5,2,9,9,0,8,6,2,6,2,3,9,11,8,8,0,7,9,4,4,6,7,7,4,4,8,8,10,4,0,11,6,6,11,4,7,5,7,0,9,11,2,10,3,3,3,11,4,8,6,9,8,10,7,7,11,8,11,9,5,8,5,10,9,11,5,4,2,9,7,10,3,4,4,0,4,10,11,8,11,11,0,8,4,4,5,4,5,10,10,0,10,2,3,4,2,4,4,10,10,8,2,9,2,8,8,9,2,2,6,3,6,8,9,10,4,9,3,6,7,4,10,7,9,8,2,10,4,6,3,6,4,4,7,7,0,9,2,11,8,7
5,11,11,11,11,0,3,7,4,6,3,10,10,2,9,7,3,7,3,4,10,0,9,9,2,8,10,5,5,7,8,8,5,5,9,9,11,5,2,0,7,7,0,5,8,6,8,2,10,0,3,11,4,4,4,0,5,9,7,10,9,11,8,8,0,9,0,10,6,9,6,11,10,0,6,5,3,10,8,11,4,5,5,2,5,11,0,9,0,0,2,9,5,5,6,5,6,11,11,2,11,3,4,5,3,5,5,11,11,9,3,10,3,9,9,10,3,3,7,4,7,9,10,11,5,10,4,7,8,5,11,8,10,9,3,11,5,7,4,7,5,5,8,8,2,10,3,0,9,8
6,0,0,0,0,2,4,8,5,7,4,11,11,3,10,8,4,8,4,5,11,2,10,10,3,9,11,6,6,8,9,9,6,6,10,10,0,6,3,2,8,8,2,6,9,7,9,3,11,2,4,0,5,5,5,2,6,10,8,11,10,0,9,9,2,10,2,11,7,10,7,0,11,2,7,6,4,11,9,0,5,6,6,3,6,0,2,10,2,2,3,10,6,6,7,6,7,0,0,3,0,4,5,6,4,6,6,0,0,10,4,11,4,10,10,11,4,4,8,5,8,10,11,0,6,11,5,8,9,6,0,9,11,10,4,0,6,8,5,8,6,6,9,9,3,11,4,2,10,9
7,2,2,2,2,3,5,9,6,8,5,0,0,4,11,9,5,9,5,6,0,3,11,11,4,10,0,7,7,9,10,10,7,7,11,11,2,7,4,3,9,9,3,7,10,8,10,4,0,3,5,2,6,6,6,3,7,11,9,0,11,2,10,10,3,11,3,0,8,11,8,2,0,3,8,7,5,0,10,2,6,7,7,4,7,2,3,11,3,3,4,11,7,7,8,7,8,2,2,4,2,5,6,7,5,7,7,2,2,11,5,0,5,11,11,0,5,5,9,6,9,11,0,2,7,0,6,9,10,7,2,10,0,11,5,2,7,9,6,9,7,7,10,10,4,0,5,3,11,10
8,3,3,3,3,4,6,10,7,9,6,2,2,5,0,10,6,10,6,7,2,4,0,0,5,11,2,8,8,10,11,11,8,8,0,0,3,8,5,4,10,10,4,8,11,9,11,5,2,4,6,3,7,7,7,4,8,0,10,2,0,3,11,11,4,0,4,2,9,0,9,3,2,4,9,8,6,2,11,3,7,8,8,5,8,3,4,0,4,4,5,0,8,8,9,8,9,3,3,5,3,6,7,8,6,8,8,3,3,0,6,2,6,0,0,2,6,6,10,7,10,0,2,3,8,2,7,10,11,8,3,11,2,0,6,3,8,10,7,10,8,8,11,11,5,2,6,4,0,11
9,4,4,4,4,5,7,11,8,10,7,3,3,6,2,11,7,11,7,8,3,5,2,2,6,0,3,9,9,11,0,0,9,9,2,2,4,9,6,5,11,11,5,9,0,10,0,6,3,5,7,4,8,8,8,5,9,2,11,3,2,4,0,0,5,2,5,3,10,2,10,4,3,5,10,9,7,3,0,4,8,9,9,6,9,4,5,2,5,5,6,2,9,9,10,9,10,4,4,6,4,7,8,9,7,9,9,4,4,2,7,3,7,2,2,3,7,7,11,8,11,2,3,4,9,3,8,11,0,9,4,0,3,2,7,4,9,11,8,11,9,9,0,0,6,3,7,5,2,0
10,5,5,5,5,6,8,0,9,11,8,4,4,7,3,0,8,0,8,9,4,6,3,3,7,2,4,10,10,0,2,2,10,10,3,3,5,10,7,6,0,0,6,10,2,11,2,7,4,6,8,5,9,9,9,6,10,3,0,4,3,5,2,2,6,3,6,4,11,3,11,5,4,6,11,10,8,4,2,5,9,10,10,7,10,5,6,3,6,6,7,3,10,10,11,10,11,5,5,7,5,8,9,10,8,10,10,5,5,3,8,4,8,3,3,4,8,8,0,9,0,3,4,5,10,4,9,0,2,10,5,2,4,3,8,5,10,0,9,0,10,10,2,2,7,4,8,6,3,2
11,6,6,6,6,7,9,2,10,0,9,5,5,8,4,2,9,2,9,10,5,7,4,4,8,3,5,11,11,2,3,3,11,11,4,4,6,11,8,7,2,2,7,11,3,0,3,8,5,7,9,6,10,10,10,7,11,4,2,5,4,6,3,3,7,4,7,5,0,4,0,6,5,7,0,11,9,5,3,6,10,11,11,8,11,6,7,4,7,7,8,4,11,11,0,11,0,6,6,8,6,9,10,11,9,11,11,6,6,4,9,5,9,4,4,5,9,9,2,10,2,4,5,6,11,5,10,2,3,11,6,3,5,4,9,6,11,2,10,2,11,11,3,3,8,5,9,7,4,3
0,7,7,7,7,8,10,3,11,2,10,6,6,9,5,3,10,3,10,11,6,8,5,5,9,4,6,0,0,3,4,4,0,0,5,5,7,0,9,8,3,3,8,0,4,2,4,9,6,8,10,7,11,11,11,8,0,5,3,6,5,7,4,4,8,5,8,6,2,5,2,7,6,8,2,0,10,6,4,7,11,0,0,9,0,7,8,5,8,8,9,5,0,0,2,0,2,7,7,9,7,10,11,0,10,0,0,7,7,5,10,6,10,5,5,6,10,10,3,11,3,5,6,7,0,6,11,3,4,0,7,4,6,5,10,7,0,3,11,3,0,0,4,4,9,6,10,8,5,4
2,8,8,8,8,9,11,4,0,3,11,7,7,10,6,4,11,4,11,0,7,9,6,6,10,5,7,2,2,4,5,5,2,2,6,6,8,2,10,9,4,4,9,2,5,3,5,10,7,9,11,8,0,0,0,9,2,6,4,7,6,8,5,5,9,6,9,7,3,6,3,8,7,9,3,2,11,7,5,8,0,2,2,10,2,8,9,6,9,9,10,6,2,2,3,2,3,8,8,10,8,11,0,2,11,2,2,8,8,6,11,7,11,6,6,7,11,11,4,0,4,6,7,8,2,7,0,4,5,2,8,5,7,6,11,8,2,4,0,4,2,2,5,5,10,7,11,9,6,5
3,9,9,9,9,10,0,5,2,4,0,8,8,11,7,5,0,5,0,2,8,10,7,7,11,6,8,3,3,5,6,6,3,3,7,7,9,3,11,10,5,5,10,3,6,4,6,11,8,10,0,9,2,2,2,10,3,7,5,8,7,9,6,6,10,7,10,8,4,7,4,9,8,10,4,3,0,8,6,9,2,3,3,11,3,9,10,7,10,10,11,7,3,3,4,3,4,9,9,11,9,0,2,3,0,3,3,9,9,7,0,8,0,7,7,8,0,0,5,2,5,7,8,9,3,8,2,5,6,3,9,6,8,7,0,9,3,5,2,5,3,3,6,6,11,8,0,10,7,6
4,10,10,10,10,11,2,6,3,5,2,9,9,0,8,6,2,6,2,3,9,11,8,8,0,7,9,4,4,6,7,7,4,4,8,8,10,4,0,11,6,6,11,4,7,5,7,0,9,11,2,10,3,3,3,11,4,8,6,9,8,10,7,7,11,8,11,9,5,8,5,10,9,11,5,4,2,9,7,10,3,4,4,0,4,10,11,8,11,11,0,8,4,4,5,4,5,10,10,0,10,2,3,4,2,4,4,10,10,8,2,9,2,8,8,9,2,2,6,3,6,8,9,10,4,9,3,6,7,4,10,7,9,8,2,10,4,6,3,6,4,4,7,7,0,9,2,11,8,7
5,11,11,11,11,0,3,7,4,6,3,10,10,2,9,7,3,7,3,4,10,0,9,9,2,8,10,5,5,7,8,8,5,5,9,9,11,5,2,0,7,7,0,5,8,6,8,2,10,0,3,11,4,4,4,0,5,9,7,10,9,11,8,8,0,9,0,10,6,9,6,11,10,0,6,5,3,10,8,11,4,5,5,2,5,11,0,9,0,0,2,9,5,5,6,5,6,11,11,2,11,3,4,5,3,5,5,11,11,9,3,10,3,9,9,10,3,3,7,4,7,9,10,11,5,10,4,7,8,5,11,8,10,9,3,11,5,7,4,7,5,5,8,8,2,10,3,0,9,8
6,0,0,0,0,2,4,8,5,7,4,11,11,3,10,8,4,8,4,5,11,2,10,10,3,9,11,6,6,8,9,9,6,6,10,10,0,6,3,2,8,8,2,6,9,7,9,3,11,2,4,0,5,5,5,2,6,10,8,11,10,0,9,9,2,10,2,11,7,10,7,0,11,2,7,6,4,11,9,0,5,6,6,3,6,0,2,10,2,2,3,10,6,6,7,6,7,0,0,3,0,4,5,6,4,6,6,0,0,10,4,11,4,10,10,11,4,4,8,5,8,10,11,0,6,11,5,8,9,6,0,9,11,10,4,0,6,8,5,8,6,6,9,9,3,11,4,2,10,9
7,2,2,2,2,3,5,9,6,8,5,0,0,4,11,9,5,9,5,6,0,3,11,11,4,10,0,7,7,9,10,10,7,7,11,11,2,7,4,3,9,9,3,7,10,8,10,4,0,3,5,2,6,6,6,3,7,11,9,0,11,2,10,10,3,11,3,0,8,11,8,2,0,3,8,7,5,0,10,2,6,7,7,4,7,2,3,11,3,3,4,11,7,7,8,7,8,2,2,4,2,5,6,7,5,7,7,2,2,11,5,0,5,11,11,0,5,5,9,6,9,11,0,2,7,0,6,9,10,7,2,10,0,11,5,2,7,9,6,9,7,7,10,10,4,0,5,3,11,10
8,3,3,3,3,4,6,10,7,9,6,2,2,5,0,10,6,10,6,7,2,4,0,0,5,11,2,8,8,10,11,11,8,8,0,0,3,8,5,4,10,10,4,8,11,9,11,5,2,4,6,3,7,7,7,4,8,0,10,2,0,3,11,11,4,0,4,2,9,0,9,3,2,4,9,8,6,2,11,3,7,8,8,5,8,3,4,0,4,4,5,0,8,8,9,8,9,3,3,5,3,6,7,8,6,8,8,3,3,0,6,2,6,0,0,2,6,6,10,7,10,0,2,3,8,2,7,10,11,8,3,11,2,0,6,3,8,10,7,10,8,8,11,11,5,2,6,4,0,11
9,4,4,4,4,5,7,11,8,10,7,3,3,6,2,11,7,11,7,8,3,5,2,2,6,0,3,9,9,11,0,0,9,9,2,2,4,9,6,5,11,11,5,9,0,10,0,6,3,5,7,4,8,8,8,5,9,2,11,3,2,4,0,0,5,2,5,3,10,2,10,4,3,5,10,9,7,3,0,4,8,9,9,6,9,4,5,2,5,5,6,2,9,9,10,9,10,4,4,6,4,7,8,9,7,9,9,4,4,2,7,3,7,2,2,3,7,7,11,8,11,2,3,4,9,3,8,11,0,9,4,0,3,2,7,4,9,11,8,11,9,9,0,0,6,3,7,5,2,0
10,5,5,5,5,6,8,0,9,11,8,4,4,7,3,0,8,0,8,9,4,6,3,3,7,2,4,10,10,0,2,2,10,10,3,3,5,10,7,6,0,0,6,10,2,11,2,7,4,6,8,5,9,9,9,6,10,3,0,4,3,5,2,2,6,3,6,4,11,3,11,5,4,6,11,10,8,4,2,5,9,10,10,7,10,5,6,3,6,6,7,3,10,10,11,10,11,5,5,7,5,8,9,10,8,10,10,5,5,3,8,4,8,3,3,4,8,8,0,9,0,3,4,5,10,4,9,0,2,10,5,2,4,3,8,5,10,0,9,0,10,10,2,2,7,4,8,6,3,2
11,6,6,6,6,7,9,2,10,0,9,5,5,8,4,2,9,2,9,10,5,7,4,4,8,3,5,11,11,2,3,3,11,11,4,4,6,11,8,7,2,2,7,11,3,0,3,8,5,7,9,6,10,10,10,7,11,4,2,5,4,6,3,3,7,4,7,5,0,4,0,6,5,7,0,11,9,5,3,6,10,11,11,8,11,6,7,4,7,7,8,4,11,11,0,11,0,6,6,8,6,9,10,11,9,11,11,6,6,4,9,5,9,4,4,5,9,9,2,10,2,4,5,6,11,5,10,2,3,11,6,3,5,4,9,6,11,2,10,2,11,11,3,3,8,5,9,7,4,3
0,7,7,7,7,8,10,3,11,2,10,6,6,9,5,3,10,3,10,11,6,8,5,5,9,4,6,0,0,3,4,4,0,0,5,5,7,0,9,8,3,3,8,0,4,2,4,9,6,8,10,7,11,11,11,8,0,5,3,6,5,7,4,4,8,5,8,6,2,5,2,7,6,8,2,0,10,6,4,7,11,0,0,9,0,7,8,5,8,8,9,5,0,0,2,0,2,7,7,9,7,10,11,0,10,0,0,7,7,5,10,6,10,5,5,6,10,10,3,11,3,5,6,7,0,6,11,3,4,0,7,4,6,5,10,7,0,3,11,3,0,0,4,4,9,6,10,8,5,4
2,8,8,8,8,9,11,4,0,3,11,7,7,10,6,4,11,4,11,0,7,9,6,6,10,5,7,2,2,4,5,5,2,2,6,6,8,2,10,9,4,4,9,2,5,3,5,10,7,9,11,8,0,0,0,9,2,6,4,7,6,8,5,5,9,6,9,7,3,6,3,8,7,9,3,2,11,7,5,8,0,2,2,10,2,8,9,6,9,9,10,6,2,2,3,2,3,8,8,10,8,11,0,2,11,2,2,8,8,6,11,7,11,6,6,7,11,11,4,0,4,6,7,8,2,7,0,4,5,2,8,5,7,6,11,8,2,4,0,4,2,2,5,5,10,7,11,9,6,5
3,9,9,9,9,10,0,5,2,4,0,8,8,11,7,5,0,5,0,2,8,10,7,7,11,6,8,3,3,5,6,6,3,3,7,7,9,3,11,10,5,5,10,3,6,4,6,11,8,10,0,9,2,2,2,10,3,7,5,8,7,9,6,6,10,7,10,8,4,7,4,9,8,10,4,3,0,8,6,9,2,3,3,11,3,9,10,7,10,10,11,7,3,3,4,3,4,9,9,11,9,0,2,3,0,3,3,9,9,7,0,8,0,7,7,8,0,0,5,2,5,7,8,9,3,8,2,5,6,3,9,6,8,7,0,9,3,5,2,5,3,3,6,6,11,8,0,10,7,6
4,10,10,10,10,11,2,6,3,5,2,9,9,0,8,6,2,6,2,3,9,11,8,8,0,7,9,4,4,6,7,7,4,4,8,8,10,4,0,11,6,6,11,4,7,5,7,0,9,11,2,10,3,3,3,11,4,8,6,9,8,10,7,7,11,8,11,9,5,8,5,10,9,11,5,4,2,9,7,10,3,4,4,0,4,10,11,8,11,11,0,8,4,4,5,4,5,10,10,0,10,2,3,4,2,4,4,10,10,8,2,9,2,8,8,9,2,2,6,3,6,8,9,10,4,9,3,6,7,4,10,7,9,8,2,10,4,6,3,6,4,4,7,7,0,9,2,11,8,7
5,11,11,11,11,0,3,7,4,6,3,10,10,2,9,7,3,7,3,4,10,0,9,9,2,8,10,5,5,7,8,8,5,5,9,9,11,5,2,0,7,7,0,5,8,6,8,2,10,0,3,11,4,4,4,0,5,9,7,10,9,11,8,8,0,9,0,10,6,9,6,11,10,0,6,5,3,10,8,11,4,5,5,2,5,11,0,9,0,0,2,9,5,5,6,5,6,11,11,2,11,3,4,5,3,5,5,11,11,9,3,10,3,9,9,10,3,3,7,4,7,9,10,11,5,10,4,7,8,5,11,8,10,9,3,11,5,7,4,7,5,5,8,8,2,10,3,0,9,8
6,0,0,0,0,2,4,8,5,7,4,11,11,3,10,8,4,8,4,5,11,2,10,10,3,9,11,6,6,8,9,9,6,6,10,10,0,6,3,2,8,8,2,6,9,7,9,3,11,2,4,0,5,5,5,2,6,10,8,11,10,0,9,9,2,10,2,11,7,10,7,0,11,2,7,6,4,11,9,0,5,6,6,3,6,0,2,10,2,2,3,10,6,6,7,6,7,0,0,3,0,4,5,6,4,6,6,0,0,10,4,11,4,10,10,11,4,4,8,5,8,10,11,0,6,11,5,8,9,6,0,9,11,10,4,0,6,8,5,8,6,6,9,9,3,11,4,2,10,9
7,2,2,2,2,3,5,9,6,8,5,0,0,4,11,9,5,9,5,6,0,3,11,11,4,10,0,7,7,9,10,10,7,7,11,11,2,7,4,3,9,9,3,7,10,8,10,4,0,3,5,2,6,6,6,3,7,11,9,0,11,2,10,10,3,11,3,0,8,11,8,2,0,3,8,7,5,0,10,2,6,7,7,4,7,2,3,11,3,3,4,11,7,7,8,7,8,2,2,4,2,5,6,7,5,7,7,2,2,11,5,0,5,11,11,0,5,5,9,6,9,11,0,2,7,0,6,9,10,7,2,10,0,11,5,2,7,9,6,9,7,7,10,10,4,0,5,3,11,10
8,3,3,3,3,4,6,10,7,9,6,2,2,5,0,10,6,10,6,7,2,4,0,0,5,11,2,8,8,10,11,11,8,8,0,0,3,8,5,4,10,10,4,8,11,9,11,5,2,4,6,3,7,7,7,4,8,0,10,2,0,3,11,11,4,0,4,2,9,0,9,3,2,4,9,8,6,2,11,3,7,8,8,5,8,3,4,0,4,4,5,0,8,8,9,8,9,3,3,5,3,6,7,8,6,8,8,3,3,0,6,2,6,0,0,2,6,6,10,7,10,0,2,3,8,2,7,10,11,8,3,11,2,0,6,3,8,10,7,10,8,8,11,11,5,2,6,4,0,11
9,4,4,4,4,5,7,11,8,10,7,3,3,6,2,11,7,11,7,8,3,5,2,2,6,0,3,9,9,11,0,0,9,9,2,2,4,9,6,5,11,11,5,9,0,10,0,6,3,5,7,4,8,8,8,5,9,2,11,3,2,4,0,0,5,2,5,3,10,2,10,4,3,5,10,9,7,3,0,4,8,9,9,6,9,4,5,2,5,5,6,2,9,9,10,9,10,4,4,6,4,7,8,9,7,9,9,4,4,2,7,3,7,2,2,3,7,7,11,8,11,2,3,4,9,3,8,11,0,9,4,0,3,2,7,4,9,11,8,11,9,9,0,0,6,3,7,5,2,0
10,5,5,5,5,6,8,0,9,11,8,4,4,7,3,0,8,0,8,9,4,6,3,3,7,2,4,10,10,0,2,2,10,10,3,3,5,10,7,6,0,0,6,10,2,11,2,7,4,6,8,5,9,9,9,6,10,3,0,4,3,5,2,2,6,3,6,4,11,3,11,5,4,6,11,10,8,4,2,5,9,10,10,7,10,5,6,3,6,6,7,3,10,10,11,10,11,5,5,7,5,8,9,10,8,10,10,5,5,3,8,4,8,3,3,4,8,8,0,9,0,3,4,5,10,4,9,0,2,10,5,2,4,3,8,5,10,0,9,0,10,10,2,2,7,4,8,6,3,2
11,6,6,6,6,7,9,2,10,0,9,5,5,8,4,2,9,2,9,10,5,7,4,4,8,3,5,11,11,2,3,3,11,11,4,4,6,11,8,7,2,2,7,11,3,0,3,8,5,7,9,6,10,10,10,7,11,4,2,5,4,6,3,3,7,4,7,5,0,4,0,6,5,7,0,11,9,5,3,6,10,11,11,8,11,6,7,4,7,7,8,4,11,11,0,11,0,6,6,8,6,9,10,11,9,11,11,6,6,4,9,5,9,4,4,5,9,9,2,10,2,4,5,6,11,5,10,2,3,11,6,3,5,4,9,6,11,2,10,2,11,11,3,3,8,5,9,7,4,3
0,7,7,7,7,8,10,3,11,2,10,6,6,9,5,3,10,3,10,11,6,8,5,5,9,4,6,0,0,3,4,4,0,0,5,5,7,0,9,8,3,3,8,0,4,2,4,9,6,8,10,7,11,11,11,8,0,5,3,6,5,7,4,4,8,5,8,6,2,5,2,7,6,8,2,0,10,6,4,7,11,0,0,9,0,7,8,5,8,8,9,5,0,0,2,0,2,7,7,9,7,10,11,0,10,0,0,7,7,5,10,6,10,5,5,6,10,10,3,11,3,5,6,7,0,6,11,3,4,0,7,4,6,5,10,7,0,3,11,3,0,0,4,4,9,6,10,8,5,4
2,8,8,8,8,9,11,4,0,3,11,7,7,10,6,4,11,4,11,0,7,9,6,6,10,5,7,2,2,4,5,5,2,2,6,6,8,2,10,9,4,4,9,2,5,3,5,10,7,9,11,8,0,0,0,9,2,6,4,7,6,8,5,5,9,6,9,7,3,6,3,8,7,9,3,2,11,7,5,8,0,2,2,10,2,8,9,6,9,9,10,6,2,2,3,2,3,8,8,10,8,11,0,2,11,2,2,8,8,6,11,7,11,6,6,7,11,11,4,0,4,6,7,8,2,7,0,4,5,2,8,5,7,6,11,8,2,4,0,4,2,2,5,5,10,7,11,9,6,5
3,9,9,9,9,10,0,5,2,4,0,8,8,11,7,5,0,5,0,2,8,10,7,7,11,6,8,3,3,5,6,6,3,3,7,7,9,3,11,10,5,5,10,3,6,4,6,11,8,10,0,9,2,2,2,10,3,7,5,8,7,9,6,6,10,7,10,8,4,7,4,9,8,10,4,3,0,8,6,9,2,3,3,11,3,9,10,7,10,10,11,7,3,3,4,3,4,9,9,11,9,0,2,3,0,3,3,9,9,7,0,8,0,7,7,8,0,0,5,2,5,7,8,9,3,8,2,5,6,3,9,6,8,7,0,9,3,5,2,5,3,3,6,6,11,8,0,10,7,6
4,10,10,10,10,11,2,6,3,5,2,9,9,0,8,6,2,6,2,3,9,11,8,8,0,7,9,4,4,6,7,7,4,4,8,8,10,4,0,11,6,6,11,4,7,5,7,0,9,11,2,10,3,3,3,11,4,8,6,9,8,10,7,7,11,8,11,9,5,8,5,10,9,11,5,4,2,9,7,10,3,4,4,0,4,10,11,8,11,11,0,8,4,4,5,4,5,10,10,0,10,2,3,4,2,4,4,10,10,8,2,9,2,8,8,9,2,2,6,3,6,8,9,10,4,9,3,6,7,4,10,7,9,8,2,10,4,6,3,6,4,4,7,7,0,9,2,11,8,7
5,11,11,11,11,0,3,7,4,6,3,10,10,2,9,7,3,7,3,4,10,0,9,9,2,8,10,5,5,7,8,8,5,5,9,9,11,5,2,0,7,7,0,5,8,6,8,2,10,0,3,11,4,4,4,0,5,9,7,10,9,11,8,8,0,9,0,10,6,9,6,11,10,0,6,5,3,10,8,11,4,5,5,2,5,11,0,9,0,0,2,9,5,5,6,5,6,11,11,2,11,3,4,5,3,5,5,11,11,9,3,10,3,9,9,10,3,3,7,4,7,9,10,11,5,10,4,7,8,5,11,8,10,9,3,11,5,7,4,7,5,5,8,8,2,10,3,0,9,8
6,0,0,0,0,2,4,8,5,7,4,11,11,3,10,8,4,8,4,5,11,2,10,10,3,9,11,6,6,8,9,9,6,6,10,10,0,6,3,2,8,8,2,6,9,7,9,3,11,2,4,0,5,5,5,2,6,10,8,11,10,0,9,9,2,10,2,11,7,10,7,0,11,2,7,6,4,11,9,0,5,6,6,3,6,0,2,10,2,2,3,10,6,6,7,6,7,0,0,3,0,4,5,6,4,6,6,0,0,10,4,11,4,10,10,11,4,4,8,5,8,10,11,0,6,11,5,8,9,6,0,9,11,10,4,0,6,8,5,8,6,6,9,9,3,11,4,2,10,9
7,2,2,2,2,3,5,9,6,8,5,0,0,4,11,9,5,9,5,6,0,3,11,11,4,10,0,7,7,9,10,10,7,7,11,11,2,7,4,3,9,9,3,7,10,8,10,4,0,3,5,2,6,6,6,3,7,11,9,0,11,2,10,10,3,11,3,0,8,11,8,2,0,3,8,7,5,0,10,2,6,7,7,4,7,2,3,11,3,3,4,11,7,7,8,7,8,2,2,4,2,5,6,7,5,7,7,2,2,11,5,0,5,11,11,0,5,5,9,6,9,11,0,2,7,0,6,9,10,7,2,10,0,11,5,2,7,9,6,9,7,7,10,10,4,0,5,3,11,10
8,3,3,3,3,4,6,10,7,9,6,2,2,5,0,10,6,10,6,7,2,4,0,0,5,11,2,8,8,10,11,11,8,8,0,0,3,8,5,4,10,10,4,8,11,9,11,5,2,4,6,3,7,7,7,4,8,0,10,2,0,3,11,11,4,0,4,2,9,0,9,3,2,4,9,8,6,2,11,3,7,8,8,5,8,3,4,0,4,4,5,0,8,8,9,8,9,3,3,5,3,6,7,8,6,8,8,3,3,0,6,2,6,0,0,2,6,6,10,7,10,0,2,3,8,2,7,10,11,8,3,11,2,0,6,3,8,10,7,10,8,8,11,11,5,2,6,4,0,11
9,4,4,4,4,5,7,11,8,10,7,3,3,6,2,11,7,11,7,8,3,5,2,2,6,0,3,9,9,11,0,0,9,9,2,2,4,9,6,5,11,11,5,9,0,10,0,6,3,5,7,4,8,8,8,5,9,2,11,3,2,4,0,0,5,2,5,3,10,2,10,4,3,5,10,9,7,3,0,4,8,9,9,6,9,4,5,2,5,5,6,2,9,9,10,9,10,4,4,6,4,7,8,9,7,9,9,4,4,2,7,3,7,2,2,3,7,7,11,8,11,2,3,4,9,3,8,11,0,9,4,0,3,2,7,4,9,11,8,11,9,9,0,0,6,3,7,5,2,0
10,5,5,5,5,6,8,0,9,11,8,4,4,7,3,0,8,0,8,9,4,6,3,3,7,2,4,10,10,0,2,2,10,10,3,3,5,10,7,6,0,0,6,10,2,11,2,7,4,6,8,5,9,9,9,6,10,3,0,4,3,5,2,2,6,3,6,4,11,3,11,5,4,6,11,10,8,4,2,5,9,10,10,7,10,5,6,3,6,6,7,3,10,10,11,10,11,5,5,7,5,8,9,10,8,10,10,5,5,3,8,4,8,3,3,4,8,8,0,9,0,3,4,5,10,4,9,0,2,10,5,2,4,3,8,5,10,0,9,0,10,10,2,2,7,4,8,6,3,2
11,6,6,6,6,7,9,2,10,0,9,5,5,8,4,2,9,2,9,10,5,7,4,4,8,3,5,11,11,2,3,3,11,11,4,4,6,11,8,7,2,2,7,11,3,0,3,8,5,7,9,6,10,10,10,7,11,4,2,5,4,6,3,3,7,4,7,5,0,4,0,6,5,7,0,11,9,5,3,6,10,11,11,8,11,6,7,4,7,7,8,4,11,11,0,11,0,6,6,8,6,9,10,11,9,11,11,6,6,4,9,5,9,4,4,5,9,9,2,10,2,4,5,6,11,5,10,2,3,11,6,3,5,4,9,6,11,2,10,2,11,11,3,3,8,5,9,7,4,3
0,7,7,7,7,8,10,3,11,2,10,6,6,9,5,3,10,3,10,11,6,8,5,5,9,4,6,0,0,3,4,4,0,0,5,5,7,0,9,8,3,3,8,0,4,2,4,9,6,8,10,7,11,11,11,8,0,5,3,6,5,7,4,4,8,5,8,6,2,5,2,7,6,8,2,0,10,6,4,7,11,0,0,9,0,7,8,5,8,8,9,5,0,0,2,0,2,7,7,9,7,10,11,0,10,0,0,7,7,5,10,6,10,5,5,6,10,10,3,11,3,5,6,7,0,6,11,3,4,0,7,4,6,5,10,7,0,3,11,3,0,0,4,4,9,6,10,8,5,4
2,8,8,8,8,9,11,4,0,3,11,7,7,10,6,4,11,4,11,0,7,9,6,6,10,5,7,2,2,4,5,5,2,2,6,6,8,2,10,9,4,4,9,2,5,3,5,10,7,9,11,8,0,0,0,9,2,6,4,7,6,8,5,5,9,6,9,7,3,6,3,8,7,9,3,2,11,7,5,8,0,2,2,10,2,8,9,6,9,9,10,6,2,2,3,2,3,8,8,10,8,11,0,2,11,2,2,8,8,6,11,7,11,6,6,7,11,11,4,0,4,6,7,8,2,7,0,4,5,2,8,5,7,6,11,8,2,4,0,4,2,2,5,5,10,7,11,9,6,5
3,9,9,9,9,10,0,5,2,4,0,8,8,11,7,5,0,5,0,2,8,10,7,7,11,6,8,3,3,5,6,6,3,3,7,7,9,3,11,10,5,5,10,3,6,4,6,11,8,10,0,9,2,2,2,10,3,7,5,8,7,9,6,6,10,7,10,8,4,7,4,9,8,10,4,3,0,8,6,9,2,3,3,11,3,9,10,7,10,10,11,7,3,3,4,3,4,9,9,11,9,0,2,3,0,3,3,9,9,7,0,8,0,7,7,8,0,0,5,2,5,7,8,9,3,8,2,5,6,3,9,6,8,7,0,9,3,5,2,5,3,3,6,6,11,8,0,10,7,6
4,10,10,10,10,11,2,6,3,5,2,9,9,0,8,6,2,6,2,3,9,11,8,8,0,7,9,4,4,6,7,7,4,4,8,8,10,4,0,11,6,6,11,4,7,5,7,0,9,11,2,10,3,3,3,11,4,8,6,9,8,10,7,7,11,8,11,9,5,8,5,10,9,11,5,4,2,9,7,10,3,4,4,0,4,10,11,8,11,11,0,8,4,4,5,4,5,10,10,0,10,2,3,4,2,4,4,10,10,8,2,9,2,8,8,9,2,2,6,3,6,8,9,10,4,9,3,6,7,4,10,7,9,8,2,10,4,6,3,6,4,4,7,7,0,9,2,11,8,7
5,11,11,11,11,0,3,7,4,6,3,10,10,2,9,7,3,7,3,4,10,0,9,9,2,8,10,5,5,7,8,8,5,5,9,9,11,5,2,0,7,7,0,5,8,6,8,2,10,0,3,11,4,4,4,0,5,9,7,10,9,11,8,8,0,9,0,10,6,9,6,11,10,0,6,5,3,10,8,11,4,5,5,2,5,11,0,9,0,0,2,9,5,5,6,5,6,11,11,2,11,3,4,5,3,5,5,11,11,9,3,10,3,9,9,10,3,3,7,4,7,9,10,11,5,10,4,7,8,5,11,8,10,9,3,11,5,7,4,7,5,5,8,8,2,10,3,0,9,8
6,0,0,0,0,2,4,8,5,7,4,11,11,3,10,8,4,8,4,5,11,2,10,10,3,9,11,6,6,8,9,9,6,6,10,10,0,6,3,2,8,8,2,6,9,7,9,3,11,2,4,0,5,5,5,2,6,10,8,11,10,0,9,9,2,10,2,11,7,10,7,0,11,2,7,6,4,11,9,0,5,6,6,3,6,0,2,10,2,2,3,10,6,6,7,6,7,0,0,3,0,4,5,6,4,6,6,0,0,10,4,11,4,10,10,11,4,4,8,5,8,10,11,0,6,11,5,8,9,6,0,9,11,10,4,0,6,8,5,8,6,6,9,9,3,11,4,2,10,9
7,2,2,2,2,3,5,9,6,8,5,0,0,4,11,9,5,9,5,6,0,3,11,11,4,10,0,7,7,9,10,10,7,7,11,11,2,7,4,3,9,9,3,7,10,8,10,4,0,3,5,2,6,6,6,3,7,11,9,0,11,2,10,10,3,11,3,0,8,11,8,2,0,3,8,7,5,0,10,2,6,7,7,4,7,2,3,11,3,3,4,11,7,7,8,7,8,2,2,4,2,5,6,7,5,7,7,2,2,11,5,0,5,11,11,0,5,5,9,6,9,11,0,2,7,0,6,9,10,7,2,10,0,11,5,2,7,9,6,9,7,7,10,10,4,0,5,3,11,10
8,3,3,3,3,4,6,10,7,9,6,2,2,5,0,10,6,10,6,7,2,4,0,0,5,11,2,8,8,10,11,11,8,8,0,0,3,8,5,4,10,10,4,8,11,9,11,5,2,4,6,3,7,7,7,4,8,0,10,2,0,3,11,11,4,0,4,2,9,0,9,3,2,4,9,8,6,2,11,3,7,8,8,5,8,3,4,0,4,4,5,0,8,8,9,8,9,3,3,5,3,6,7,8,6,8,8,3,3,0,6,2,6,0,0,2,6,6,10,7,10,0,2,3,8,2,7,10,11,8,3,11,2,0,6,3,8,10,7,10,8,8,11,11,5,2,6,4,0,11
9,4,4,4,4,5,7,11,8,10,7,3,3,6,2,11,7,11,7,8,3,5,2,2,6,0,3,9,9,11,0,0,9,9,2,2,4,9,6,5,11,11,5,9,0,10,0,6,3,5,7,4,8,8,8,5,9,2,11,3,2,4,0,0,5,2,5,3,10,2,10,4,3,5,10,9,7,3,0,4,8,9,9,6,9,4,5,2,5,5,6,2,9,9,10,9,10,4,4,6,4,7,8,9,7,9,9,4,4,2,7,3,7,2,2,3,7,7,11,8,11,2,3,4,9,3,8,11,0,9,4,0,3,2,7,4,9,11,8,11,9,9,0,0,6,3,7,5,2,0
10,5,5,5,5,6,8,0,9,11,8,4,4,7,3,0,8,0,8,9,4,6,3,3,7,2,4,10,10,0,2,2,10,10,3,3,5,10,7,6,0,0,6,10,2,11,2,7,4,6,8,5,9,9,9,6,10,3,0,4,3,5,2,2,6,3,6,4,11,3,11,5,4,6,11,10,8,4,2,5,9,10,10,7,10,5,6,3,6,6,7,3,10,10,11,10,11,5,5,7,5,8,9,10,8,10,10,5,5,3,8,4,8,3,3,4,8,8,0,9,0,3,4,5,10,4,9,0,2,10,5,2,4,3,8,5,10,0,9,0,10,10,2,2,7,4,8,6,3,2
11,6,6,6,6,7,9,2,10,0,9,5,5,8,4,2,9,2,9,10,5,7,4,4,8,3,5,11,11,2,3,3,11,11,4,4,6,11,8,7,2,2,7,11,3,0,3,8,5,7,9,6,10,10,10,7,11,4,2,5,4,6,3,3,7,4,7,5,0,4,0,6,5,7,0,11,9,5,3,6,10,11,11,8,11,6,7,4,7,7,8,4,11,11,0,11,0,6,6,8,6,9,10,11,9,11,11,6,6,4,9,5,9,4,4,5,9,9,2,10,2,4,5,6,11,5,10,2,3,11,6,3,5,4,9,6,11,2,10,2,11,11,3,3,8,5,9,7,4,3
0,7,7,7,7,8,10,3,11,2,10,6,6,9,5,3,10,3,10,11,6,8,5,5,9,4,6,0,0,3,4,4,0,0,5,5,7,0,9,8,3,3,8,0,4,2,4,9,6,8,10,7,11,11,11,8,0,5,3,6,5,7,4,4,8,5,8,6,2,5,2,7,6,8,2,0,10,6,4,7,11,0,0,9,0,7,8,5,8,8,9,5,0,0,2,0,2,7,7,9,7,10,11,0,10,0,0,7,7,5,10,6,10,5,5,6,10,10,3,11,3,5,6,7,0,6,11,3,4,0,7,4,6,5,10,7,0,3,11,3,0,0,4,4,9,6,10,8,5,4
2,8,8,8,8,9,11,4,0,3,11,7,7,10,6,4,11,4,11,0,7,9,6,6,10,5,7,2,2,4,5,5,2,2,6,6,8,2,10,9,4,4,9,2,5,3,5,10,7,9,11,8,0,0,0,9,2,6,4,7,6,8,5,5,9,6,9,7,3,6,3,8,7,9,3,2,11,7,5,8,0,2,2,10,2,8,9,6,9,9,10,6,2,2,3,2,3,8,8,10,8,11,0,2,11,2,2,8,8,6,11,7,11,6,6,7,11,11,4,0,4,6,7,8,2,7,0,4,5,2,8,5,7,6,11,8,2,4,0,4,2,2,5,5,10,7,11,9,6,5
3,9,9,9,9,10,0,5,2,4,0,8,8,11,7,5,0,5,0,2,8,10,7,7,11,6,8,3,3,5,6,6,3,3,7,7,9,3,11,10,5,5,10,3,6,4,6,11,8,10,0,9,2,2,2,10,3,7,5,8,7,9,6,6,10,7,10,8,4,7,4,9,8,10,4,3,0,8,6,9,2,3,3,11,3,9,10,7,10,10,11,7,3,3,4,3,4,9,9,11,9,0,2,3,0,3,3,9,9,7,0,8,0,7,7,8,0,0,5,2,5,7,8,9,3,8,2,5,6,3,9,6,8,7,0,9,3,5,2,5,3,3,6,6,11,8,0,10,7,6
4,10,10,10,10,11,2,6,3,5,2,9,9,0,8,6,2,6,2,3,9,11,8,8,0,7,9,4,4,6,7,7,4,4,8,8,10,4,0,11,6,6,11,4,7,5,7,0,9,11,2,10,3,3,3,11,4,8,6,9,8,10,7,7,11,8,11,9,5,8,5,10,9,11,5,4,2,9,7,10,3,4,4,0,4,10,11,8,11,11,0,8,4,4,5,4,5,10,10,0,10,2,3,4,2,4,4,10,10,8,2,9,2,8,8,9,2,2,6,3,6,8,9,10,4,9,3,6,7,4,10,7,9,8,2,10,4,6,3,6,4,4,7,7,0,9,2,11,8,7
5,11,11,11,11,0,3,7,4,6,3,10,10,2,9,7,3,7,3,4,10,0,9,9,2,8,10,5,5,7,8,8,5,5,9,9,11,5,2,0,7,7,0,5,8,6,8,2,10,0,3,11,4,4,4,0,5,9,7,10,9,11,8,8,0,9,0,10,6,9,6,11,10,0,6,5,3,10,8,11,4,5,5,2,5,11,0,9,0,0,2,9,5,5,6,5,6,11,11,2,11,3,4,5,3,5,5,11,11,9,3,10,3,9,9,10,3,3,7,4,7,9,10,11,5,10,4,7,8,5,11,8,10,9,3,11,5,7,4,7,5,5,8,8,2,10,3,0,9,8
6,0,0,0,0,2,4,8,5,7,4,11,11,3,10,8,4,8,4,5,11,2,10,10,3,9,11,6,6,8,9,9,6,6,10,10,0,6,3,2,8,8,2,6,9,7,9,3,11,2,4,0,5,5,5,2,6,10,8,11,10,0,9,9,2,10,2,11,7,10,7,0,11,2,7,6,4,11,9,0,5,6,6,3,6,0,2,10,2,2,3,10,6,6,7,6,7,0,0,3,0,4,5,6,4,6,6,0,0,10,4,11,4,10,10,11,4,4,8,5,8,10,11,0,6,11,5,8,9,6,0,9,11,10,4,0,6,8,5,8,6,6,9,9,3,11,4,2,10,9
7,2,2,2,2,3,5,9,6,8,5,0,0,4,11,9,5,9,5,6,0,3,11,11,4,10,0,7,7,9,10,10,7,7,11,11,2,7,4,3,9,9,3,7,10,8,10,4,0,3,5,2,6,6,6,3,7,11,9,0,11,2,10,10,3,11,3,0,8,11,8,2,0,3,8,7,5,0,10,2,6,7,7,4,7,2,3,11,3,3,4,11,7,7,8,7,8,2,2,4,2,5,6,7,5,7,7,2,2,11,5,0,5,11,11,0,5,5,9,6,9,11,0,2,7,0,6,9,10,7,2,10,0,11,5,2,7,9,6,9,7,7,10,10,4,0,5,3,11,10
8,3,3,3,3,4,6,10,7,9,6,2,2,5,0,10,6,10,6,7,2,4,0,0,5,11,2,8,8,10,11,11,8,8,0,0,3,8,5,4,10,10,4,8,11,9,11,5,2,4,6,3,7,7,7,4,8,0,10,2,0,3,11,11,4,0,4,2,9,0,9,3,2,4,9,8,6,2,11,3,7,8,8,5,8,3,4,0,4,4,5,0,8,8,9,8,9,3,3,5,3,6,7,8,6,8,8,3,3,0,6,2,6,0,0,2,6,6,10,7,10,0,2,3,8,2,7,10,11,8,3,11,2,0,6,3,8,10,7,10,8,8,11,11,5,2,6,4,0,11
9,4,4,4,4,5,7,11,8,10,7,3,3,6,2,11,7,11,7,8,3,5,2,2,6,0,3,9,9,11,0,0,9,9,2,2,4,9,6,5,11,11,5,9,0,10,0,6,3,5,7,4,8,8,8,5,9,2,11,3,2,4,0,0,5,2,5,3,10,2,10,4,3,5,10,9,7,3,0,4,8,9,9,6,9,4,5,2,5,5,6,2,9,9,10,9,10,4,4,6,4,7,8,9,7,9,9,4,4,2,7,3,7,2,2,3,7,7,11,8,11,2,3,4,9,3,8,11,0,9,4,0,3,2,7,4,9,11,8,11,9,9,0,0,6,3,7,5,2,0
10,5,5,5,5,6,8,0,9,11,8,4,4,7,3,0,8,0,8,9,4,6,3,3,7,2,4,10,10,0,2,2,10,10,3,3,5,10,7,6,0,0,6,10,2,11,2,7,4,6,8,5,9,9,9,6,10,3,0,4,3,5,2,2,6,3,6,4,11,3,11,5,4,6,11,10,8,4,2,5,9,10,10,7,10,5,6,3,6,6,7,3,10,10,11,10,11,5,5,7,5,8,9,10,8,10,10,5,5,3,8,4,8,3,3,4,8,8,0,9,0,3,4,5,10,4,9,0,2,10,5,2,4,3,8,5,10,0,9,0,10,10,2,2,7,4,8,6,3,2
11,6,6,6,6,7,9,2,10,0,9,5,5,8,4,2,9,2,9,10,5,7,4,4,8,3,5,11,11,2,3,3,11,11,4,4,6,11,8,7,2,2,7,11,3,0,3,8,5,7,9,6,10,10,10,7,11,4,2,5,4,6,3,3,7,4,7,5,0,4,0,6,5,7,0,11,9,5,3,6,10,11,11,8,11,6,7,4,7,7,8,4,11,11,0,11,0,6,6,8,6,9,10,11,9,11,11,6,6,4,9,5,9,4,4,5,9,9,2,10,2,4,5,6,11,5,10,2,3,11,6,3,5,4,9,6,11,2,10,2,11,11,3,3,8,5,9,7,4,3
0,7,7,7,7,8,10,3,11,2,10,6,6,9,5,3,10,3,10,11,6,8,5,5,9,4,6,0,0,3,4,4,0,0,5,5,7,0,9,8,3,3,8,0,4,2,4,9,6,8,10,7,11,11,11,8,0,5,3,6,5,7,4,4,8,5,8,6,2,5,2,7,6,8,2,0,10,6,4,7,11,0,0,9,0,7,8,5,8,8,9,5,0,0,2,0,2,7,7,9,7,10,11,0,10,0,0,7,7,5,10,6,10,5,5,6,10,10,3,11,3,5,6,7,0,6,11,3,4,0,7,4,6,5,10,7,0,3,11,3,0,0,4,4,9,6,10,8,5,4
2,8,8,8,8,9,11,4,0,3,11,7,7,10,6,4,11,4,11,0,7,9,6,6,10,5,7,2,2,4,5,5,2,2,6,6,8,2,10,9,4,4,9,2,5,3,5,10,7,9,11,8,0,0,0,9,2,6,4,7,6,8,5,5,9,6,9,7,3,6,3,8,7,9,3,2,11,7,5,8,0,2,2,10,2,8,9,6,9,9,10,6,2,2,3,2,3,8,8,10,8,11,0,2,11,2,2,8,8,6,11,7,11,6,6,7,11,11,4,0,4,6,7,8,2,7,0,4,5,2,8,5,7,6,11,8,2,4,0,4,2,2,5,5,10,7,11,9,6,5
3,9,9,9,9,10,0,5,2,4,0,8,8,11,7,5,0,5,0,2,8,10,7,7,11,6,8,3,3,5,6,6,3,3,7,7,9,3,11,10,5,5,10,3,6,4,6,11,8,10,0,9,2,2,2,10,3,7,5,8,7,9,6,6,10,7,10,8,4,7,4,9,8,10,4,3,0,8,6,9,2,3,3,11,3,9,10,7,10,10,11,7,3,3,4,3,4,9,9,11,9,0,2,3,0,3,3,9,9,7,0,8,0,7,7,8,0,0,5,2,5,7,8,9,3,8,2,5,6,3,9,6,8,7,0,9,3,5,2,5,3,3,6,6,11,8,0,10,7,6
4,10,10,10,10,11,2,6,3,5,2,9,9,0,8,6,2,6,2,3,9,11,8,8,0,7,9,4,4,6,7,7,4,4,8,8,10,4,0,11,6,6,11,4,7,5,7,0,9,11,2,10,3,3,3,11,4,8,6,9,8,10,7,7,11,8,11,9,5,8,5,10,9,11,5,4,2,9,7,10,3,4,4,0,4,10,11,8,11,11,0,8,4,4,5,4,5,10,10,0,10,2,3,4,2,4,4,10,10,8,2,9,2,8,8,9,2,2,6,3,6,8,9,10,4,9,3,6,7,4,10,7,9,8,2,10,4,6,3,6,4,4,7,7,0,9,2,11,8,7
5,11,11,11,11,0,3,7,4,6,3,10,10,2,9,7,3,7,3,4,10,0,9,9,2,8,10,5,5,7,8,8,5,5,9,9,11,5,2,0,7,7,0,5,8,6,8,2,10,0,3,11,4,4,4,0,5,9,7,10,9,11,8,8,0,9,0,10,6,9,6,11,10,0,6,5,3,10,8,11,4,5,5,2,5,11,0,9,0,0,2,9,5,5,6,5,6,11,11,2,11,3,4,5,3,5,5,11,11,9,3,10,3,9,9,10,3,3,7,4,7,9,10,11,5,10,4,7,8,5,11,8,10,9,3,11,5,7,4,7,5,5,8,8,2,10,3,0,9,8
6,0,0,0,0,2,4,8,5,7,4,11,11,3,10,8,4,8,4,5,11,2,10,10,3,9,11,6,6,8,9,9,6,6,10,10,0,6,3,2,8,8,2,6,9,7,9,3,11,2,4,0,5,5,5,2,6,10,8,11,10,0,9,9,2,10,2,11,7,10,7,0,11,2,7,6,4,11,9,0,5,6,6,3,6,0,2,10,2,2,3,10,6,6,7,6,7,0,0,3,0,4,5,6,4,6,6,0,0,10,4,11,4,10,10,11,4,4,8,5,8,10,11,0,6,11,5,8,9,6,0,9,11,10,4,0,6,8,5,8,6,6,9,9,3,11,4,2,10,9
7,2,2,2,2,3,5,9,6,8,5,0,0,4,11,9,5,9,5,6,0,3,11,11,4,10,0,7,7,9,10,10,7,7,11,11,2,7,4,3,9,9,3,7,10,8,10,4,0,3,5,2,6,6,6,3,7,11,9,0,11,2,10,10,3,11,3,0,8,11,8,2,0,3,8,7,5,0,10,2,6,7,7,4,7,2,3,11,3,3,4,11,7,7,8,7,8,2,2,4,2,5,6,7,5,7,7,2,2,11,5,0,5,11,11,0,5,5,9,6,9,11,0,2,7,0,6,9,10,7,2,10,0,11,5,2,7,9,6,9,7,7,10,10,4,0,5,3,11,10
8,3,3,3,3,4,6,10,7,9,6,2,2,5,0,10,6,10,6,7,2,4,0,0,5,11,2,8,8,10,11,11,8,8,0,0,3,8,5,4,10,10,4,8,11,9,11,5,2,4,6,3,7,7,7,4,8,0,10,2,0,3,11,11,4,0,4,2,9,0,9,3,2,4,9,8,6,2,11,3,7,8,8,5,8,3,4,0,4,4,5,0,8,8,9,8,9,3,3,5,3,6,7,8,6,8,8,3,3,0,6,2,6,0,0,2,6,6,10,7,10,0,2,3,8,2,7,10,11,8,3,11,2,0,6,3,8,10,7,10,8,8,11,11,5,2,6,4,0,11
9,4,4,4,4,5,7,11,8,10,7,3,3,6,2,11,7,11,7,8,3,5,2,2,6,0,3,9,9,11,0,0,9,9,2,2,4,9,6,5,11,11,5,9,0,10,0,6,3,5,7,4,8,8,8,5,9,2,11,3,2,4,0,0,5,2,5,3,10,2,10,4,3,5,10,9,7,3,0,4,8,9,9,6,9,4,5,2,5,5,6,2,9,9,10,9,10,4,4,6,4,7,8,9,7,9,9,4,4,2,7,3,7,2,2,3,7,7,11,8,11,2,3,4,9,3,8,11,0,9,4,0,3,2,7,4,9,11,8,11,9,9,0,0,6,3,7,5,2,0
10,5,5,5,5,6,8,0,9,11,8,4,4,7,3,0,8,0,8,9,4,6,3,3,7,2,4,10,10,0,2,2,10,10,3,3,5,10,7,6,0,0,6,10,2,11,2,7,4,6,8,5,9,9,9,6,10,3,0,4,3,5,2,2,6,3,6,4,11,3,11,5,4,6,11,10,8,4,2,5,9,10,10,7,10,5,6,3,6,6,7,3,10,10,11,10,11,5,5,7,5,8,9,10,8,10,10,5,5,3,8,4,8,3,3,4,8,8,0,9,0,3,4,5,10,4,9,0,2,10,5,2,4,3,8,5,10,0,9,0,10,10,2,2,7,4,8,6,3,2
11,6,6,6,6,7,9,2,10,0,9,5,5,8,4,2,9,2,9,10,5,7,4,4,8,3,5,11,11,2,3,3,11,11,4,4,6,11,8,7,2,2,7,11,3,0,3,8,5,7,9,6,10,10,10,7,11,4,2,5,4,6,3,3,7,4,7,5,0,4,0,6,5,7,0,11,9,5,3,6,10,11,11,8,11,6,7,4,7,7,8,4,11,11,0,11,0,6,6,8,6,9,10,11,9,11,11,6,6,4,9,5,9,4,4,5,9,9,2,10,2,4,5,6,11,5,10,2,3,11,6,3,5,4,9,6,11,2,10,2,11,11,3,3,8,5,9,7,4,3
0,7,7,7,7,8,10,3,11,2,10,6,6,9,5,3,10,3,10,11,6,8,5,5,9,4,6,0,0,3,4,4,0,0,5,5,7,0,9,8,3,3,8,0,4,2,4,9,6,8,10,7,11,11,11,8,0,5,3,6,5,7,4,4,8,5,8,6,2,5,2,7,6,8,2,0,10,6,4,7,11,0,0,9,0,7,8,5,8,8,9,5,0,0,2,0,2,7,7,9,7,10,11,0,10,0,0,7,7,5,10,6,10,5,5,6,10,10,3,11,3,5,6,7,0,6,11,3,4,0,7,4,6,5,10,7,0,3,11,3,0,0,4,4,9,6,10,8,5,4
2,8,8,8,8,9,11,4,0,3,11,7,7,10,6,4,11,4,11,0,7,9,6,6,10,5,7,2,2,4,5,5,2,2,6,6,8,2,10,9,4,4,9,2,5,3,5,10,7,9,11,8,0,0,0,9,2,6,4,7,6,8,5,5,9,6,9,7,3,6,3,8,7,9,3,2,11,7,5,8,0,2,2,10,2,8,9,6,9,9,10,6,2,2,3,2,3,8,8,10,8,11,0,2,11,2,2,8,8,6,11,7,11,6,6,7,11,11,4,0,4,6,7,8,2,7,0,4,5,2,8,5,7,6,11,8,2,4,0,4,2,2,5,5,10,7,11,9,6,5
3,9,9,9,9,10,0,5,2,4,0,8,8,11,7,5,0,5,0,2,8,10,7,7,11,6,8,3,3,5,6,6,3,3,7,7,9,3,11,10,5,5,10,3,6,4,6,11,8,10,0,9,2,2,2,10,3,7,5,8,7,9,6,6,10,7,10,8,4,7,4,9,8,10,4,3,0,8,6,9,2,3,3,11,3,9,10,7,10,10,11,7,3,3,4,3,4,9,9,11,9,0,2,3,0,3,3,9,9,7,0,8,0,7,7,8,0,0,5,2,5,7,8,9,3,8,2,5,6,3,9,6,8,7,0,9,3,5,2,5,3,3,6,6,11,8,0,10,7,6
4,10,10,10,10,11,2,6,3,5,2,9,9,0,8,6,2,6,2,3,9,11,8,8,0,7,9,4,4,6,7,7,4,4,8,8,10,4,0,11,6,6,11,4,7,5,7,0,9,11,2,10,3,3,3,11,4,8,6,9,8,10,7,7,11,8,11,9,5,8,5,10,9,11,5,4,2,9,7,10,3,4,4,0,4,10,11,8,11,11,0,8,4,4,5,4,5,10,10,0,10,2,3,4,2,4,4,10,10,8,2,9,2,8,8,9,2,2,6,3,6,8,9,10,4,9,3,6,7,4,10,7,9,8,2,10,4,6,3,6,4,4,7,7,0,9,2,11,8,7
5,11,11,11,11,0,3,7,4,6,3,10,10,2,9,7,3,7,3,4,10,0,9,9,2,8,10,5,5,7,8,8,5,5,9,9,11,5,2,0,7,7,0,5,8,6,8,2,10,0,3,11,4,4,4,0,5,9,7,10,9,11,8,8,0,9,0,10,6,9,6,11,10,0,6,5,3,10,8,11,4,5,5,2,5,11,0,9,0,0,2,9,5,5,6,5,6,11,11,2,11,3,4,5,3,5,5,11,11,9,3,10,3,9,9,10,3,3,7,4,7,9,10,11,5,10,4,7,8,5,11,8,10,9,3,11,5,7,4,7,5,5,8,8,2,10,3,0,9,8
6,0,0,0,0,2,4,8,5,7,4,11,11,3,10,8,4,8,4,5,11,2,10,10,3,9,11,6,6,8,9,9,6,6,10,10,0,6,3,2,8,8,2,6,9,7,9,3,11,2,4,0,5,5,5,2,6,10,8,11,10,0,9,9,2,10,2,11,7,10,7,0,11,2,7,6,4,11,9,0,5,6,6,3,6,0,2,10,2,2,3,10,6,6,7,6,7,0,0,3,0,4,5,6,4,6,6,0,0,10,4,11,4,10,10,11,4,4,8,5,8,10,11,0,6,11,5,8,9,6,0,9,11,10,4,0,6,8,5,8,6,6,9,9,3,11,4,2,10,9
7,2,2,2,2,3,5,9,6,8,5,0,0,4,11,9,5,9,5,6,0,3,11,11,4,10,0,7,7,9,10,10,7,7,11,11,2,7,4,3,9,9,3,7,10,8,10,4,0,3,5,2,6,6,6,3,7,11,9,0,11,2,10,10,3,11,3,0,8,11,8,2,0,3,8,7,5,0,10,2,6,7,7,4,7,2,3,11,3,3,4,11,7,7,8,7,8,2,2,4,2,5,6,7,5,7,7,2,2,11,5,0,5,11,11,0,5,5,9,6,9,11,0,2,7,0,6,9,10,7,2,10,0,11,5,2,7,9,6,9,7,7,10,10,4,0,5,3,11,10
8,3,3,3,3,4,6,10,7,9,6,2,2,5,0,10,6,10,6,7,2,4,0,0,5,11,2,8,8,10,11,11,8,8,0,0,3,8,5,4,10,10,4,8,11,9,11,5,2,4,6,3,7,7,7,4,8,0,10,2,0,3,11,11,4,0,4,2,9,0,9,3,2,4,9,8,6,2,11,3,7,8,8,5,8,3,4,0,4,4,5,0,8,8,9,8,9,3,3,5,3,6,7,8,6,8,8,3,3,0,6,2,6,0,0,2,6,6,10,7,10,0,2,3,8,2,7,10,11,8,3,11,2,0,6,3,8,10,7,10,8,8,11,11,5,2,6,4,0,11
9,4,4,4,4,5,7,11,8,10,7,3,3,6,2,11,7,11,7,8,3,5,2,2,6,0,3,9,9,11,0,0,9,9,2,2,4,9,6,5,11,11,5,9,0,10,0,6,3,5,7,4,8,8,8,5,9,2,11,3,2,4,0,0,5,2,5,3,10,2,10,4,3,5,10,9,7,3,0,4,8,9,9,6,9,4,5,2,5,5,6,2,9,9,10,9,10,4,4,6,4,7,8,9,7,9,9,4,4,2,7,3,7,2,2,3,7,7,11,8,11,2,3,4,9,3,8,11,0,9,4,0,3,2,7,4,9,11,8,11,9,9,0,0,6,3,7,5,2,0
10,5,5,5,5,6,8,0,9,11,8,4,4,7,3,0,8,0,8,9,4,6,3,3,7,2,4,10,10,0,2,2,10,10,3,3,5,10,7,6,0,0,6,10,2,11,2,7,4,6,8,5,9,9,9,6,10,3,0,4,3,5,2,2,6,3,6,4,11,3,11,5,4,6,11,10,8,4,2,5,9,10,10,7,10,5,6,3,6,6,7,3,10,10,11,10,11,5,5,7,5,8,9,10,8,10,10,5,5,3,8,4,8,3,3,4,8,8,0,9,0,3,4,5,10,4,9,0,2,10,5,2,4,3,8,5,10,0,9,0,10,10,2,2,7,4,8,6,3,2
11,6,6,6,6,7,9,2,10,0,9,5,5,8,4,2,9,2,9,10,5,7,4,4,8,3,5,11,11,2,3,3,11,11,4,4,6,11,8,7,2,2,7,11,3,0,3,8,5,7,9,6,10,10,10,7,11,4,2,5,4,6,3,3,7,4,7,5,0,4,0,6,5,7,0,11,9,5,3,6,10,11,11,8,11,6,7,4,7,7,8,4,11,11,0,11,0,6,6,8,6,9,10,11,9,11,11,6,6,4,9,5,9,4,4,5,9,9,2,10,2,4,5,6,11,5,10,2,3,11,6,3,5,4,9,6,11,2,10,2,11,11,3,3,8,5,9,7,4,3
0,7,7,7,7,8,10,3,11,2,10,6,6,9,5,3,10,3,10,11,6,8,5,5,9,4,6,0,0,3,4,4,0,0,5,5,7,0,9,8,3,3,8,0,4,2,4,9,6,8,10,7,11,11,11,8,0,5,3,6,5,7,4,4,8,5,8,6,2,5,2,7,6,8,2,0,10,6,4,7,11,0,0,9,0,7,8,5,8,8,9,5,0,0,2,0,2,7,7,9,7,10,11,0,10,0,0,7,7,5,10,6,10,5,5,6,10,10,3,11,3,5,6,7,0,6,11,3,4,0,7,4,6,5,10,7,0,3,11,3,0,0,4,4,9,6,10,8,5,4
2,8,8,8,8,9,11,4,0,3,11,7,7,10,6,4,11,4,11,0,7,9,6,6,10,5,7,2,2,4,5,5,2,2,6,6,8,2,10,9,4,4,9,2,5,3,5,10,7,9,11,8,0,0,0,9,2,6,4,7,6,8,5,5,9,6,9,7,3,6,3,8,7,9,3,2,11,7,5,8,0,2,2,10,2,8,9,6,9,9,10,6,2,2,3,2,3,8,8,10,8,11,0,2,11,2,2,8,8,6,11,7,11,6,6,7,11,11,4,0,4,6,7,8,2,7,0,4,5,2,8,5,7,6,11,8,2,4,0,4,2,2,5,5,10,7,11,9,6,5
3,9,9,9,9,10,0,5,2,4,0,8,8,11,7,5,0,5,0,2,8,10,7,7,11,6,8,3,3,5,6,6,3,3,7,7,9,3,11,10,5,5,10,3,6,4,6,11,8,10,0,9,2,2,2,10,3,7,5,8,7,9,6,6,10,7,10,8,4,7,4,9,8,10,4,3,0,8,6,9,2,3,3,11,3,9,10,7,10,10,11,7,3,3,4,3,4,9,9,11,9,0,2,3,0,3,3,9,9,7,0,8,0,7,7,8,0,0,5,2,5,7,8,9,3,8,2,5,6,3,9,6,8,7,0,9,3,5,2,5,3,3,6,6,11,8,0,10,7,6
4,10,10,10,10,11,2,6,3,5,2,9,9,0,8,6,2,6,2,3,9,11,8,8,0,7,9,4,4,6,7,7,4,4,8,8,10,4,0,11,6,6,11,4,7,5,7,0,9,11,2,10,3,3,3,11,4,8,6,9,8,10,7,7,11,8,11,9,5,8,5,10,9,11,5,4,2,9,7,10,3,4,4,0,4,10,11,8,11,11,0,8,4,4,5,4,5,10,10,0,10,2,3,4,2,4,4,10,10,8,2,9,2,8,8,9,2,2,6,3,6,8,9,10,4,9,3,6,7,4,10,7,9,8,2,10,4,6,3,6,4,4,7,7,0,9,2,11,8,7
5,11,11,11,11,0,3,7,4,6,3,10,10,2,9,7,3,7,3,4,10,0,9,9,2,8,10,5,5,7,8,8,5,5,9,9,11,5,2,0,7,7,0,5,8,6,8,2,10,0,3,11,4,4,4,0,5,9,7,10,9,11,8,8,0,9,0,10,6,9,6,11,10,0,6,5,3,10,8,11,4,5,5,2,5,11,0,9,0,0,2,9,5,5,6,5,6,11,11,2,11,3,4,5,3,5,5,11,11,9,3,10,3,9,9,10,3,3,7,4,7,9,10,11,5,10,4,7,8,5,11,8,10,9,3,11,5,7,4,7,5,5,8,8,2,10,3,0,9,8
6,0,0,0,0,2,4,8,5,7,4,11,11,3,10,8,4,8,4,5,11,2,10,10,3,9,11,6,6,8,9,9,6,6,10,10,0,6,3,2,8,8,2,6,9,7,9,3,11,2,4,0,5,5,5,2,6,10,8,11,10,0,9,9,2,10,2,11,7,10,7,0,11,2,7,6,4,11,9,0,5,6,6,3,6,0,2,10,2,2,3,10,6,6,7,6,7,0,0,3,0,4,5,6,4,6,6,0,0,10,4,11,4,10,10,11,4,4,8,5,8,10,11,0,6,11,5,8,9,6,0,9,11,10,4,0,6,8,5,8,6,6,9,9,3,11,4,2,10,9
7,2,2,2,2,3,5,9,6,8,5,0,0,4,11,9,5,9,5,6,0,3,11,11,4,10,0,7,7,9,10,10,7,7,11,11,2,7,4,3,9,9,3,7,10,8,10,4,0,3,5,2,6,6,6,3,7,11,9,0,11,2,10,10,3,11,3,0,8,11,8,2,0,3,8,7,5,0,10,2,6,7,7,4,7,2,3,11,3,3,4,11,7,7,8,7,8,2,2,4,2,5,6,7,5,7,7,2,2,11,5,0,5,11,11,0,5,5,9,6,9,11,0,2,7,0,6,9,10,7,2,10,0,11,5,2,7,9,6,9,7,7,10,10,4,0,5,3,11,10
8,3,3,3,3,4,6,10,7,9,6,2,2,5,0,10,6,10,6,7,2,4,0,0,5,11,2,8,8,10,11,11,8,8,0,0,3,8,5,4,10,10,4,8,11,9,11,5,2,4,6,3,7,7,7,4,8,0,10,2,0,3,11,11,4,0,4,2,9,0,9,3,2,4,9,8,6,2,11,3,7,8,8,5,8,3,4,0,4,4,5,0,8,8,9,8,9,3,3,5,3,6,7,8,6,8,8,3,3,0,6,2,6,0,0,2,6,6,10,7,10,0,2,3,8,2,7,10,11,8,3,11,2,0,6,3,8,10,7,10,8,8,11,11,5,2,6,4,0,11
9,4,4,4,4,5,7,11,8,10,7,3,3,6,2,11,7,11,7,8,3,5,2,2,6,0,3,9,9,11,0,0,9,9,2,2,4,9,6,5,11,11,5,9,0,10,0,6,3,5,7,4,8,8,8,5,9,2,11,3,2,4,0,0,5,2,5,3,10,2,10,4,3,5,10,9,7,3,0,4,8,9,9,6,9,4,5,2,5,5,6,2,9,9,10,9,10,4,4,6,4,7,8,9,7,9,9,4,4,2,7,3,7,2,2,3,7,7,11,8,11,2,3,4,9,3,8,11,0,9,4,0,3,2,7,4,9,11,8,11,9,9,0,0,6,3,7,5,2,0
10,5,5,5,5,6,8,0,9,11,8,4,4,7,3,0,8,0,8,9,4,6,3,3,7,2,4,10,10,0,2,2,10,10,3,3,5,10,7,6,0,0,6,10,2,11,2,7,4,6,8,5,9,9,9,6,10,3,0,4,3,5,2,2,6,3,6,4,11,3,11,5,4,6,11,10,8,4,2,5,9,10,10,7,10,5,6,3,6,6,7,3,10,10,11,10,11,5,5,7,5,8,9,10,8,10,10,5,5,3,8,4,8,3,3,4,8,8,0,9,0,3,4,5,10,4,9,0,2,10,5,2,4,3,8,5,10,0,9,0,10,10,2,2,7,4,8,6,3,2
11,6,6,6,6,7,9,2,10,0,9,5,5,8,4,2,9,2,9,10,5,7,4,4,8,3,5,11,11,2,3,3,11,11,4,4,6,11,8,7,2,2,7,11,3,0,3,8,5,7,9,6,10,10,10,7,11,4,2,5,4,6,3,3,7,4,7,5,0,4,0,6,5,7,0,11,9,5,3,6,10,11,11,8,11,6,7,4,7,7,8,4,11,11,0,11,0,6,6,8,6,9,10,11,9,11,11,6,6,4,9,5,9,4,4,5,9,9,2,10,2,4,5,6,11,5,10,2,3,11,6,3,5,4,9,6,11,2,10,2,11,11,3,3,8,5,9,7,4,3
0,7,7,7,7,8,10,3,11,2,10,6,6,9,5,3,10,3,10,11,6,8,5,5,9,4,6,0,0,3,4,4,0,0,5,5,7,0,9,8,3,3,8,0,4,2,4,9,6,8,10,7,11,11,11,8,0,5,3,6,5,7,4,4,8,5,8,6,2,5,2,7,6,8,2,0,10,6,4,7,11,0,0,9,0,7,8,5,8,8,9,5,0,0,2,0,2,7,7,9,7,10,11,0,10,0,0,7,7,5,10,6,10,5,5,6,10,10,3,11,3,5,6,7,0,6,11,3,4,0,7,4,6,5,10,7,0,3,11,3,0,0,4,4,9,6,10,8,5,4
2,8,8,8,8,9,11,4,0,3,11,7,7,10,6,4,11,4,11,0,7,9,6,6,10,5,7,2,2,4,5,5,2,2,6,6,8,2,10,9,4,4,9,2,5,3,5,10,7,9,11,8,0,0,0,9,2,6,4,7,6,8,5,5,9,6,9,7,3,6,3,8,7,9,3,2,11,7,5,8,0,2,2,10,2,8,9,6,9,9,10,6,2,2,3,2,3,8,8,10,8,11,0,2,11,2,2,8,8,6,11,7,11,6,6,7,11,11,4,0,4,6,7,8,2,7,0,4,5,2,8,5,7,6,11,8,2,4,0,4,2,2,5,5,10,7,11,9,6,5
3,9,9,9,9,10,0,5,2,4,0,8,8,11,7,5,0,5,0,2,8,10,7,7,11,6,8,3,3,5,6,6,3,3,7,7,9,3,11,10,5,5,10,3,6,4,6,11,8,10,0,9,2,2,2,10,3,7,5,8,7,9,6,6,10,7,10,8,4,7,4,9,8,10,4,3,0,8,6,9,2,3,3,11,3,9,10,7,10,10,11,7,3,3,4,3,4,9,9,11,9,0,2,3,0,3,3,9,9,7,0,8,0,7,7,8,0,0,5,2,5,7,8,9,3,8,2,5,6,3,9,6,8,7,0,9,3,5,2,5,3,3,6,6,11,8,0,10,7,6
4,10,10,10,10,11,2,6,3,5,2,9,9,0,8,6,2,6,2,3,9,11,8,8,0,7,9,4,4,6,7,7,4,4,8,8,10,4,0,11,6,6,11,4,7,5,7,0,9,11,2,10,3,3,3,11,4,8,6,9,8,10,7,7,11,8,11,9,5,8,5,10,9,11,5,4,2,9,7,10,3,4,4,0,4,10,11,8,11,11,0,8,4,4,5,4,5,10,10,0,10,2,3,4,2,4,4,10,10,8,2,9,2,8,8,9,2,2,6,3,6,8,9,10,4,9,3,6,7,4,10,7,9,8,2,10,4,6,3,6,4,4,7,7,0,9,2,11,8,7
5,11,11,11,11,0,3,7,4,6,3,10,10,2,9,7,3,7,3,4,10,0,9,9,2,8,10,5,5,7,8,8,5,5,9,9,11,5,2,0,7,7,0,5,8,6,8,2,10,0,3,11,4,4,4,0,5,9,7,10,9,11,8,8,0,9,0,10,6,9,6,11,10,0,6,5,3,10,8,11,4,5,5,2,5,11,0,9,0,0,2,9,5,5,6,5,6,11,11,2,11,3,4,5,3,5,5,11,11,9,3,10,3,9,9,10,3,3,7,4,7,9,10,11,5,10,4,7,8,5,11,8,10,9,3,11,5,7,4,7,5,5,8,8,2,10,3,0,9,8
6,0,0,0,0,2,4,8,5,7,4,11,11,3,10,8,4,8,4,5,11,2,10,10,3,9,11,6,6,8,9,9,6,6,10,10,0,6,3,2,8,8,2,6,9,7,9,3,11,2,4,0,5,5,5,2,6,10,8,11,10,0,9,9,2,10,2,11,7,10,7,0,11,2,7,6,4,11,9,0,5,6,6,3,6,0,2,10,2,2,3,10,6,6,7,6,7,0,0,3,0,4,5,6,4,6,6,0,0,10,4,11,4,10,10,11,4,4,8,5,8,10,11,0,6,11,5,8,9,6,0,9,11,10,4,0,6,8,5,8,6,6,9,9,3,11,4,2,10,9
7,2,2,2,2,3,5,9,6,8,5,0,0,4,11,9,5,9,5,6,0,3,11,11,4,10,0,7,7,9,10,10,7,7,11,11,2,7,4,3,9,9,3,7,10,8,10,4,0,3,5,2,6,6,6,3,7,11,9,0,11,2,10,10,3,11,3,0,8,11,8,2,0,3,8,7,5,0,10,2,6,7,7,4,7,2,3,11,3,3,4,11,7,7,8,7,8,2,2,4,2,5,6,7,5,7,7,2,2,11,5,0,5,11,11,0,5,5,9,6,9,11,0,2,7,0,6,9,10,7,2,10,0,11,5,2,7,9,6,9,7,7,10,10,4,0,5,3,11,10
8,3,3,3,3,4,6,10,7,9,6,2,2,5,0,10,6,10,6,7,2,4,0,0,5,11,2,8,8,10,11,11,8,8,0,0,3,8,5,4,10,10,4,8,11,9,11,5,2,4,6,3,7,7,7,4,8,0,10,2,0,3,11,11,4,0,4,2,9,0,9,3,2,4,9,8,6,2,11,3,7,8,8,5,8,3,4,0,4,4,5,0,8,8,9,8,9,3,3,5,3,6,7,8,6,8,8,3,3,0,6,2,6,0,0,2,6,6,10,7,10,0,2,3,8,2,7,10,11,8,3,11,2,0,6,3,8,10,7,10,8,8,11,11,5,2,6,4,0,11
9,4,4,4,4,5,7,11,8,10,7,3,3,6,2,11,7,11,7,8,3,5,2,2,6,0,3,9,9,11,0,0,9,9,2,2,4,9,6,5,11,11,5,9,0,10,0,6,3,5,7,4,8,8,8,5,9,2,11,3,2,4,0,0,5,2,5,3,10,2,10,4,3,5,10,9,7,3,0,4,8,9,9,6,9,4,5,2,5,5,6,2,9,9,10,9,10,4,4,6,4,7,8,9,7,9,9,4,4,2,7,3,7,2,2,3,7,7,11,8,11,2,3,4,9,3,8,11,0,9,4,0,3,2,7,4,9,11,8,11,9,9,0,0,6,3,7,5,2,0
10,5,5,5,5,6,8,0,9,11,8,4,4,7,3,0,8,0,8,9,4,6,3,3,7,2,4,10,10,0,2,2,10,10,3,3,5,10,7,6,0,0,6,10,2,11,2,7,4,6,8,5,9,9,9,6,10,3,0,4,3,5,2,2,6,3,6,4,11,3,11,5,4,6,11,10,8,4,2,5,9,10,10,7,10,5,6,3,6,6,7,3,10,10,11,10,11,5,5,7,5,8,9,10,8,10,10,5,5,3,8,4,8,3,3,4,8,8,0,9,0,3,4,5,10,4,9,0,2,10,5,2,4,3,8,5,10,0,9,0,10,10,2,2,7,4,8,6,3,2
11,6,6,6,6,7,9,2,10,0,9,5,5,8,4,2,9,2,9,10,5,7,4,4,8,3,5,11,11,2,3,3,11,11,4,4,6,11,8,7,2,2,7,11,3,0,3,8,5,7,9,6,10,10,10,7,11,4,2,5,4,6,3,3,7,4,7,5,0,4,0,6,5,7,0,11,9,5,3,6,10,11,11,8,11,6,7,4,7,7,8,4,11,11,0,11,0,6,6,8,6,9,10,11,9,11,11,6,6,4,9,5,9,4,4,5,9,9,2,10,2,4,5,6,11,5,10,2,3,11,6,3,5,4,9,6,11,2,10,2,11,11,3,3,8,5,9,7,4,3
0,7,7,7,7,8,10,3,11,2,10,6,6,9,5,3,10,3,10,11,6,8,5,5,9,4,6,0,0,3,4,4,0,0,5,5,7,0,9,8,3,3,8,0,4,2,4,9,6,8,10,7,11,11,11,8,0,5,3,6,5,7,4,4,8,5,8,6,2,5,2,7,6,8,2,0,10,6,4,7,11,0,0,9,0,7,8,5,8,8,9,5,0,0,2,0,2,7,7,9,7,10,11,0,10,0,0,7,7,5,10,6,10,5,5,6,10,10,3,11,3,5,6,7,0,6,11,3,4,0,7,4,6,5,10,7,0,3,11,3,0,0,4,4,9,6,10,8,5,4
2,8,8,8,8,9,11,4,0,3,11,7,7,10,6,4,11,4,11,0,7,9,6,6,10,5,7,2,2,4,5,5,2,2,6,6,8,2,10,9,4,4,9,2,5,3,5,10,7,9,11,8,0,0,0,9,2,6,4,7,6,8,5,5,9,6,9,7,3,6,3,8,7,9,3,2,11,7,5,8,0,2,2,10,2,8,9,6,9,9,10,6,2,2,3,2,3,8,8,10,8,11,0,2,11,2,2,8,8,6,11,7,11,6,6,7,11,11,4,0,4,6,7,8,2,7,0,4,5,2,8,5,7,6,11,8,2,4,0,4,2,2,5,5,10,7,11,9,6,5
3,9,9,9,9,10,0,5,2,4,0,8,8,11,7,5,0,5,0,2,8,10,7,7,11,6,8,3,3,5,6,6,3,3,7,7,9,3,11,10,5,5,10,3,6,4,6,11,8,10,0,9,2,2,2,10,3,7,5,8,7,9,6,6,10,7,10,8,4,7,4,9,8,10,4,3,0,8,6,9,2,3,3,11,3,9,10,7,10,10,11,7,3,3,4,3,4,9,9,11,9,0,2,3,0,3,3,9,9,7,0,8,0,7,7,8,0,0,5,2,5,7,8,9,3,8,2,5,6,3,9,6,8,7,0,9,3,5,2,5,3,3,6,6,11,8,0,10,7,6
4,10,10,10,10,11,2,6,3,5,2,9,9,0,8,6,2,6,2,3,9,11,8,8,0,7,9,4,4,6,7,7,4,4,8,8,10,4,0,11,6,6,11,4,7,5,7,0,9,11,2,10,3,3,3,11,4,8,6,9,8,10,7,7,11,8,11,9,5,8,5,10,9,11,5,4,2,9,7,10,3,4,4,0,4,10,11,8,11,11,0,8,4,4,5,4,5,10,10,0,10,2,3,4,2,4,4,10,10,8,2,9,2,8,8,9,2,2,6,3,6,8,9,10,4,9,3,6,7,4,10,7,9,8,2,10,4,6,3,6,4,4,7,7,0,9,2,11,8,7
5,11,11,11,11,0,3,7,4,6,3,10,10,2,9,7,3,7,3,4,10,0,9,9,2,8,10,5,5,7,8,8,5,5,9,9,11,5,2,0,7,7,0,5,8,6,8,2,10,0,3,11,4,4,4,0,5,9,7,10,9,11,8,8,0,9,0,10,6,9,6,11,10,0,6,5,3,10,8,11,4,5,5,2,5,11,0,9,0,0,2,9,5,5,6,5,6,11,11,2,11,3,4,5,3,5,5,11,11,9,3,10,3,9,9,10,3,3,7,4,7,9,10,11,5,10,4,7,8,5,11,8,10,9,3,11,5,7,4,7,5,5,8,8,2,10,3,0,9,8
6,0,0,0,0,2,4,8,5,7,4,11,11,3,10,8,4,8,4,5,11,2,10,10,3,9,11,6,6,8,9,9,6,6,10,10,0,6,3,2,8,8,2,6,9,7,9,3,11,2,4,0,5,5,5,2,6,10,8,11,10,0,9,9,2,10,2,11,7,10,7,0,11,2,7,6,4,11,9,0,5,6,6,3,6,0,2,10,2,2,3,10,6,6,7,6,7,0,0,3,0,4,5,6,4,6,6,0,0,10,4,11,4,10,10,11,4,4,8,5,8,10,11,0,6,11,5,8,9,6,0,9,11,10,4,0,6,8,5,8,6,6,9,9,3,11,4,2,10,9
7,2,2,2,2,3,5,9,6,8,5,0,0,4,11,9,5,9,5,6,0,3,11,11,4,10,0,7,7,9,10,10,7,7,11,11,2,7,4,3,9,9,3,7,10,8,10,4,0,3,5,2,6,6,6,3,7,11,9,0,11,2,10,10,3,11,3,0,8,11,8,2,0,3,8,7,5,0,10,2,6,7,7,4,7,2,3,11,3,3,4,11,7,7,8,7,8,2,2,4,2,5,6,7,5,7,7,2,2,11,5,0,5,11,11,0,5,5,9,6,9,11,0,2,7,0,6,9,10,7,2,10,0,11,5,2,7,9,6,9,7,7,10,10,4,0,5,3,11,10
8,3,3,3,3,4,6,10,7,9,6,2,2,5,0,10,6,10,6,7,2,4,0,0,5,11,2,8,8,10,11,11,8,8,0,0,3,8,5,4,10,10,4,8,11,9,11,5,2,4,6,3,7,7,7,4,8,0,10,2,0,3,11,11,4,0,4,2,9,0,9,3,2,4,9,8,6,2,11,3,7,8,8,5,8,3,4,0,4,4,5,0,8,8,9,8,9,3,3,5,3,6,7,8,6,8,8,3,3,0,6,2,6,0,0,2,6,6,10,7,10,0,2,3,8,2,7,10,11,8,3,11,2,0,6,3,8,10,7,10,8,8,11,11,5,2,6,4,0,11
9,4,4,4,4,5,7,11,8,10,7,3,3,6,2,11,7,11,7,8,3,5,2,2,6,0,3,9,9,11,0,0,9,9,2,2,4,9,6,5,11,11,5,9,0,10,0,6,3,5,7,4,8,8,8,5,9,2,11,3,2,4,0,0,5,2,5,3,10,2,10,4,3,5,10,9,7,3,0,4,8,9,9,6,9,4,5,2,5,5,6,2,9,9,10,9,10,4,4,6,4,7,8,9,7,9,9,4,4,2,7,3,7,2,2,3,7,7,11,8,11,2,3,4,9,3,8,11,0,9,4,0,3,2,7,4,9,11,8,11,9,9,0,0,6,3,7,5,2,0
10,5,5,5,5,6,8,0,9,11,8,4,4,7,3,0,8,0,8,9,4,6,3,3,7,2,4,10,10,0,2,2,10,10,3,3,5,10,7,6,0,0,6,10,2,11,2,7,4,6,8,5,9,9,9,6,10,3,0,4,3,5,2,2,6,3,6,4,11,3,11,5,4,6,11,10,8,4,2,5,9,10,10,7,10,5,6,3,6,6,7,3,10,10,11,10,11,5,5,7,5,8,9,10,8,10,10,5,5,3,8,4,8,3,3,4,8,8,0,9,0,3,4,5,10,4,9,0,2,10,5,2,4,3,8,5,10,0,9,0,10,10,2,2,7,4,8,6,3,2
11,6,6,6,6,7,9,2,10,0,9,5,5,8,4,2,9,2,9,10,5,7,4,4,8,3,5,11,11,2,3,3,11,11,4,4,6,11,8,7,2,2,7,11,3,0,3,8,5,7,9,6,10,10,10,7,11,4,2,5,4,6,3,3,7,4,7,5,0,4,0,6,5,7,0,11,9,5,3,6,10,11,11,8,11,6,7,4,7,7,8,4,11,11,0,11,0,6,6,8,6,9,10,11,9,11,11,6,6,4,9,5,9,4,4,5,9,9,2,10,2,4,5,6,11,5,10,2,3,11,6,3,5,4,9,6,11,2,10,2,11,11,3,3,8,5,9,7,4,3
0,7,7,7,7,8,10,3,11,2,10,6,6,9,5,3,10,3,10,11,6,8,5,5,9,4,6,0,0,3,4,4,0,0,5,5,7,0,9,8,3,3,8,0,4,2,4,9,6,8,10,7,11,11,11,8,0,5,3,6,5,7,4,4,8,5,8,6,2,5,2,7,6,8,2,0,10,6,4,7,11,0,0,9,0,7,8,5,8,8,9,5,0,0,2,0,2,7,7,9,7,10,11,0,10,0,0,7,7,5,10,6,10,5,5,6,10,10,3,11,3,5,6,7,0,6,11,3,4,0,7,4,6,5,10,7,0,3,11,3,0,0,4,4,9,6,10,8,5,4
2,8,8,8,8,9,11,4,0,3,11,7,7,10,6,4,11,4,11,0,7,9,6,6,10,5,7,2,2,4,5,5,2,2,6,6,8,2,10,9,4,4,9,2,5,3,5,10,7,9,11,8,0,0,0,9,2,6,4,7,6,8,5,5,9,6,9,7,3,6,3,8,7,9,3,2,11,7,5,8,0,2,2,10,2,8,9,6,9,9,10,6,2,2,3,2,3,8,8,10,8,11,0,2,11,2,2,8,8,6,11,7,11,6,6,7,11,11,4,0,4,6,7,8,2,7,0,4,5,2,8,5,7,6,11,8,2,4,0,4,2,2,5,5,10,7,11,9,6,5
3,9,9,9,9,10,0,5,2,4,0,8,8,11,7,5,0,5,0,2,8,10,7,7,11,6,8,3,3,5,6,6,3,3,7,7,9,3,11,10,5,5,10,3,6,4,6,11,8,10,0,9,2,2,2,10,3,7,5,8,7,9,6,6,10,7,10,8,4,7,4,9,8,10,4,3,0,8,6,9,2,3,3,11,3,9,10,7,10,10,11,7,3,3,4,3,4,9,9,11,9,0,2,3,0,3,3,9,9,7,0,8,0,7,7,8,0,0,5,2,5,7,8,9,3,8,2,5,6,3,9,6,8,7,0,9,3,5,2,5,3,3,6,6,11,8,0,10,7,6
4,10,10,10,10,11,2,6,3,5,2,9,9,0,8,6,2,6,2,3,9,11,8,8,0,7,9,4,4,6,7,7,4,4,8,8,10,4,0,11,6,6,11,4,7,5,7,0,9,11,2,10,3,3,3,11,4,8,6,9,8,10,7,7,11,8,11,9,5,8,5,10,9,11,5,4,2,9,7,10,3,4,4,0,4,10,11,8,11,11,0,8,4,4,5,4,5,10,10,0,10,2,3,4,2,4,4,10,10,8,2,9,2,8,8,9,2,2,6,3,6,8,9,10,4,9,3,6,7,4,10,7,9,8,2,10,4,6,3,6,4,4,7,7,0,9,2,11,8,7
5,11,11,11,11,0,3,7,4,6,3,10,10,2,9,7,3,7,3,4,10,0,9,9,2,8,10,5,5,7,8,8,5,5,9,9,11,5,2,0,7,7,0,5,8,6,8,2,10,0,3,11,4,4,4,0,5,9,7,10,9,11,8,8,0,9,0,10,6,9,6,11,10,0,6,5,3,10,8,11,4,5,5,2,5,11,0,9,0,0,2,9,5,5,6,5,6,11,11,2,11,3,4,5,3,5,5,11,11,9,3,10,3,9,9,10,3,3,7,4,7,9,10,11,5,10,4,7,8,5,11,8,10,9,3,11,5,7,4,7,5,5,8,8,2,10,3,0,9,8
6,0,0,0,0,2,4,8,5,7,4,11,11,3,10,8,4,8,4,5,11,2,10,10,3,9,11,6,6,8,9,9,6,6,10,10,0,6,3,2,8,8,2,6,9,7,9,3,11,2,4,0,5,5,5,2,6,10,8,11,10,0,9,9,2,10,2,11,7,10,7,0,11,2,7,6,4,11,9,0,5,6,6,3,6,0,2,10,2,2,3,10,6,6,7,6,7,0,0,3,0,4,5,6,4,6,6,0,0,10,4,11,4,10,10,11,4,4,8,5,8,10,11,0,6,11,5,8,9,6,0,9,11,10,4,0,6,8,5,8,6,6,9,9,3,11,4,2,10,9
7,2,2,2,2,3,5,9,6,8,5,0,0,4,11,9,5,9,5,6,0,3,11,11,4,10,0,7,7,9,10,10,7,7,11,11,2,7,4,3,9,9,3,7,10,8,10,4,0,3,5,2,6,6,6,3,7,11,9,0,11,2,10,10,3,11,3,0,8,11,8,2,0,3,8,7,5,0,10,2,6,7,7,4,7,2,3,11,3,3,4,11,7,7,8,7,8,2,2,4,2,5,6,7,5,7,7,2,2,11,5,0,5,11,11,0,5,5,9,6,9,11,0,2,7,0,6,9,10,7,2,10,0,11,5,2,7,9,6,9,7,7,10,10,4,0,5,3,11,10
8,3,3,3,3,4,6,10,7,9,6,2,2,5,0,10,6,10,6,7,2,4,0,0,5,11,2,8,8,10,11,11,8,8,0,0,3,8,5,4,10,10,4,8,11,9,11,5,2,4,6,3,7,7,7,4,8,0,10,2,0,3,11,11,4,0,4,2,9,0,9,3,2,4,9,8,6,2,11,3,7,8,8,5,8,3,4,0,4,4,5,0,8,8,9,8,9,3,3,5,3,6,7,8,6,8,8,3,3,0,6,2,6,0,0,2,6,6,10,7,10,0,2,3,8,2,7,10,11,8,3,11,2,0,6,3,8,10,7,10,8,8,11,11,5,2,6,4,0,11
9,4,4,4,4,5,7,11,8,10,7,3,3,6,2,11,7,11,7,8,3,5,2,2,6,0,3,9,9,11,0,0,9,9,2,2,4,9,6,5,11,11,5,9,0,10,0,6,3,5,7,4,8,8,8,5,9,2,11,3,2,4,0,0,5,2,5,3,10,2,10,4,3,5,10,9,7,3,0,4,8,9,9,6,9,4,5,2,5,5,6,2,9,9,10,9,10,4,4,6,4,7,8,9,7,9,9,4,4,2,7,3,7,2,2,3,7,7,11,8,11,2,3,4,9,3,8,11,0,9,4,0,3,2,7,4,9,11,8,11,9,9,0,0,6,3,7,5,2,0
10,5,5,5,5,6,8,0,9,11,8,4,4,7,3,0,8,0,8,9,4,6,3,3,7,2,4,10,10,0,2,2,10,10,3,3,5,10,7,6,0,0,6,10,2,11,2,7,4,6,8,5,9,9,9,6,10,3,0,4,3,5,2,2,6,3,6,4,11,3,11,5,4,6,11,10,8,4,2,5,9,10,10,7,10,5,6,3,6,6,7,3,10,10,11,10,11,5,5,7,5,8,9,10,8,10,10,5,5,3,8,4,8,3,3,4,8,8,0,9,0,3,4,5,10,4,9,0,2,10,5,2,4,3,8,5,10,0,9,0,10,10,2,2,7,4,8,6,3,2
11,6,6,6,6,7,9,2,10,0,9,5,5,8,4,2,9,2,9,10,5,7,4,4,8,3,5,11,11,2,3,3,11,11,4,4,6,11,8,7,2,2,7,11,3,0,3,8,5,7,9,6,10,10,10,7,11,4,2,5,4,6,3,3,7,4,7,5,0,4,0,6,5,7,0,11,9,5,3,6,10,11,11,8,11,6,7,4,7,7,8,4,11,11,0,11,0,6,6,8,6,9,10,11,9,11,11,6,6,4,9,5,9,4,4,5,9,9,2,10,2,4,5,6,11,5,10,2,3,11,6,3,5,4,9,6,11,2,10,2,11,11,3,3,8,5,9,7,4,3
0,7,7,7,7,8,10,3,11,2,10,6,6,9,5,3,10,3,10,11,6,8,5,5,9,4,6,0,0,3,4,4,0,0,5,5,7,0,9,8,3,3,8,0,4,2,4,9,6,8,10,7,11,11,11,8,0,5,3,6,5,7,4,4,8,5,8,6,2,5,2,7,6,8,2,0,10,6,4,7,11,0,0,9,0,7,8,5,8,8,9,5,0,0,2,0,2,7,7,9,7,10,11,0,10,0,0,7,7,5,10,6,10,5,5,6,10,10,3,11,3,5,6,7,0,6,11,3,4,0,7,4,6,5,10,7,0,3,11,3,0,0,4,4,9,6,10,8,5,4
2,8,8,8,8,9,11,4,0,3,11,7,7,10,6,4,11,4,11,0,7,9,6,6,10,5,7,2,2,4,5,5,2,2,6,6,8,2,10,9,4,4,9,2,5,3,5,10,7,9,11,8,0,0,0,9,2,6,4,7,6,8,5,5,9,6,9,7,3,6,3,8,7,9,3,2,11,7,5,8,0,2,2,10,2,8,9,6,9,9,10,6,2,2,3,2,3,8,8,10,8,11,0,2,11,2,2,8,8,6,11,7,11,6,6,7,11,11,4,0,4,6,7,8,2,7,0,4,5,2,8,5,7,6,11,8,2,4,0,4,2,2,5,5,10,7,11,9,6,5
3,9,9,9,9,10,0,5,2,4,0,8,8,11,7,5,0,5,0,2,8,10,7,7,11,6,8,3,3,5,6,6,3,3,7,7,9,3,11,10,5,5,10,3,6,4,6,11,8,10,0,9,2,2,2,10,3,7,5,8,7,9,6,6,10,7,10,8,4,7,4,9,8,10,4,3,0,8,6,9,2,3,3,11,3,9,10,7,10,10,11,7,3,3,4,3,4,9,9,11,9,0,2,3,0,3,3,9,9,7,0,8,0,7,7,8,0,0,5,2,5,7,8,9,3,8,2,5,6,3,9,6,8,7,0,9,3,5,2,5,3,3,6,6,11,8,0,10,7,6
4,10,10,10,10,11,2,6,3,5,2,9,9,0,8,6,2,6,2,3,9,11,8,8,0,7,9,4,4,6,7,7,4,4,8,8,10,4,0,11,6,6,11,4,7,5,7,0,9,11,2,10,3,3,3,11,4,8,6,9,8,10,7,7,11,8,11,9,5,8,5,10,9,11,5,4,2,9,7,10,3,4,4,0,4,10,11,8,11,11,0,8,4,4,5,4,5,10,10,0,10,2,3,4,2,4,4,10,10,8,2,9,2,8,8,9,2,2,6,3,6,8,9,10,4,9,3,6,7,4,10,7,9,8,2,10,4,6,3,6,4,4,7,7,0,9,2,11,8,7
5,11,11,11,11,0,3,7,4,6,3,10,10,2,9,7,3,7,3,4,10,0,9,9,2,8,10,5,5,7,8,8,5,5,9,9,11,5,2,0,7,7,0,5,8,6,8,2,10,0,3,11,4,4,4,0,5,9,7,10,9,11,8,8,0,9,0,10,6,9,6,11,10,0,6,5,3,10,8,11,4,5,5,2,5,11,0,9,0,0,2,9,5,5,6,5,6,11,11,2,11,3,4,5,3,5,5,11,11,9,3,10,3,9,9,10,3,3,7,4,7,9,10,11,5,10,4,7,8,5,11,8,10,9,3,11,5,7,4,7,5,5,8,8,2,10,3,0,9,8
6,0,0,0,0,2,4,8,5,7,4,11,11,3,10,8,4,8,4,5,11,2,10,10,3,9,11,6,6,8,9,9,6,6,10,10,0,6,3,2,8,8,2,6,9,7,9,3,11,2,4,0,5,5,5,2,6,10,8,11,10,0,9,9,2,10,2,11,7,10,7,0,11,2,7,6,4,11,9,0,5,6,6,3,6,0,2,10,2,2,3,10,6,6,7,6,7,0,0,3,0,4,5,6,4,6,6,0,0,10,4,11,4,10,10,11,4,4,8,5,8,10,11,0,6,11,5,8,9,6,0,9,11,10,4,0,6,8,5,8,6,6,9,9,3,11,4,2,10,9
7,2,2,2,2,3,5,9,6,8,5,0,0,4,11,9,5,9,5,6,0,3,11,11,4,10,0,7,7,9,10,10,7,7,11,11,2,7,4,3,9,9,3,7,10,8,10,4,0,3,5,2,6,6,6,3,7,11,9,0,11,2,10,10,3,11,3,0,8,11,8,2,0,3,8,7,5,0,10,2,6,7,7,4,7,2,3,11,3,3,4,11,7,7,8,7,8,2,2,4,2,5,6,7,5,7,7,2,2,11,5,0,5,11,11,0,5,5,9,6,9,11,0,2,7,0,6,9,10,7,2,10,0,11,5,2,7,9,6,9,7,7,10,10,4,0,5,3,11,10
8,3,3,3,3,4,6,10,7,9,6,2,2,5,0,10,6,10,6,7,2,4,0,0,5,11,2,8,8,10,11,11,8,8,0,0,3,8,5,4,10,10,4,8,11,9,11,5,2,4,6,3,7,7,7,4,8,0,10,2,0,3,11,11,4,0,4,2,9,0,9,3,2,4,9,8,6,2,11,3,7,8,8,5,8,3,4,0,4,4,5,0,8,8,9,8,9,3,3,5,3,6,7,8,6,8,8,3,3,0,6,2,6,0,0,2,6,6,10,7,10,0,2,3,8,2,7,10,11,8,3,11,2,0,6,3,8,10,7,10,8,8,11,11,5,2,6,4,0,11
9,4,4,4,4,5,7,11,8,10,7,3,3,6,2,11,7,11,7,8,3,5,2,2,6,0,3,9,9,11,0,0,9,9,2,2,4,9,6,5,11,11,5,9,0,10,0,6,3,5,7,4,8,8,8,5,9,2,11,3,2,4,0,0,5,2,5,3,10,2,10,4,3,5,10,9,7,3,0,4,8,9,9,6,9,4,5,2,5,5,6,2,9,9,10,9,10,4,4,6,4,7,8,9,7,9,9,4,4,2,7,3,7,2,2,3,7,7,11,8,11,2,3,4,9,3,8,11,0,9,4,0,3,2,7,4,9,11,8,11,9,9,0,0,6,3,7,5,2,0
10,5,5,5,5,6,8,0,9,11,8,4,4,7,3,0,8,0,8,9,4,6,3,3,7,2,4,10,10,0,2,2,10,10,3,3,5,10,7,6,0,0,6,10,2,11,2,7,4,6,8,5,9,9,9,6,10,3,0,4,3,5,2,2,6,3,6,4,11,3,11,5,4,6,11,10,8,4,2,5,9,10,10,7,10,5,6,3,6,6,7,3,10,10,11,10,11,5,5,7,5,8,9,10,8,10,10,5,5,3,8,4,8,3,3,4,8,8,0,9,0,3,4,5,10,4,9,0,2,10,5,2,4,3,8,5,10,0,9,0,10,10,2,2,7,4,8,6,3,2
11,6,6,6,6,7,9,2,10,0,9,5,5,8,4,2,9,2,9,10,5,7,4,4,8,3,5,11,11,2,3,3,11,11,4,4,6,11,8,7,2,2,7,11,3,0,3,8,5,7,9,6,10,10,10,7,11,4,2,5,4,6,3,3,7,4,7,5,0,4,0,6,5,7,0,11,9,5,3,6,10,11,11,8,11,6,7,4,7,7,8,4,11,11,0,11,0,6,6,8,6,9,10,11,9,11,11,6,6,4,9,5,9,4,4,5,9,9,2,10,2,4,5,6,11,5,10,2,3,11,6,3,5,4,9,6,11,2,10,2,11,11,3,3,8,5,9,7,4,3
0,7,7,7,7,8,10,3,11,2,10,6,6,9,5,3,10,3,10,11,6,8,5,5,9,4,6,0,0,3,4,4,0,0,5,5,7,0,9,8,3,3,8,0,4,2,4,9,6,8,10,7,11,11,11,8,0,5,3,6,5,7,4,4,8,5,8,6,2,5,2,7,6,8,2,0,10,6,4,7,11,0,0,9,0,7,8,5,8,8,9,5,0,0,2,0,2,7,7,9,7,10,11,0,10,0,0,7,7,5,10,6,10,5,5,6,10,10,3,11,3,5,6,7,0,6,11,3,4,0,7,4,6,5,10,7,0,3,11,3,0,0,4,4,9,6,10,8,5,4
2,8,8,8,8,9,11,4,0,3,11,7,7,10,6,4,11,4,11,0,7,9,6,6,10,5,7,2,2,4,5,5,2,2,6,6,8,2,10,9,4,4,9,2,5,3,5,10,7,9,11,8,0,0,0,9,2,6,4,7,6,8,5,5,9,6,9,7,3,6,3,8,7,9,3,2,11,7,5,8,0,2,2,10,2,8,9,6,9,9,10,6,2,2,3,2,3,8,8,10,8,11,0,2,11,2,2,8,8,6,11,7,11,6,6,7,11,11,4,0,4,6,7,8,2,7,0,4,5,2,8,5,7,6,11,8,2,4,0,4,2,2,5,5,10,7,11,9,6,5
3,9,9,9,9,10,0,5,2,4,0,8,8,11,7,5,0,5,0,2,8,10,7,7,11,6,8,3,3,5,6,6,3,3,7,7,9,3,11,10,5,5,10,3,6,4,6,11,8,10,0,9,2,2,2,10,3,7,5,8,7,9,6,6,10,7,10,8,4,7,4,9,8,10,4,3,0,8,6,9,2,3,3,11,3,9,10,7,10,10,11,7,3,3,4,3,4,9,9,11,9,0,2,3,0,3,3,9,9,7,0,8,0,7,7,8,0,0,5,2,5,7,8,9,3,8,2,5,6,3,9,6,8,7,0,9,3,5,2,5,3,3,6,6,11,8,0,10,7,6
4,10,10,10,10,11,2,6,3,5,2,9,9,0,8,6,2,6,2,3,9,11,8,8,0,7,9,4,4,6,7,7,4,4,8,8,10,4,0,11,6,6,11,4,7,5,7,0,9,11,2,10,3,3,3,11,4,8,6,9,8,10,7,7,11,8,11,9,5,8,5,10,9,11,5,4,2,9,7,10,3,4,4,0,4,10,11,8,11,11,0,8,4,4,5,4,5,10,10,0,10,2,3,4,2,4,4,10,10,8,2,9,2,8,8,9,2,2,6,3,6,8,9,10,4,9,3,6,7,4,10,7,9,8,2,10,4,6,3,6,4,4,7,7,0,9,2,11,8,7
5,11,11,11,11,0,3,7,4,6,3,10,10,2,9,7,3,7,3,4,10,0,9,9,2,8,10,5,5,7,8,8,5,5,9,9,11,5,2,0,7,7,0,5,8,6,8,2,10,0,3,11,4,4,4,0,5,9,7,10,9,11,8,8,0,9,0,10,6,9,6,11,10,0,6,5,3,10,8,11,4,5,5,2,5,11,0,9,0,0,2,9,5,5,6,5,6,11,11,2,11,3,4,5,3,5,5,11,11,9,3,10,3,9,9,10,3,3,7,4,7,9,10,11,5,10,4,7,8,5,11,8,10,9,3,11,5,7,4,7,5,5,8,8,2,10,3,0,9,8
6,0,0,0,0,2,4,8,5,7,4,11,11,3,10,8,4,8,4,5,11,2,10,10,3,9,11,6,6,8,9,9,6,6,10,10,0,6,3,2,8,8,2,6,9,7,9,3,11,2,4,0,5,5,5,2,6,10,8,11,10,0,9,9,2,10,2,11,7,10,7,0,11,2,7,6,4,11,9,0,5,6,6,3,6,0,2,10,2,2,3,10,6,6,7,6,7,0,0,3,0,4,5,6,4,6,6,0,0,10,4,11,4,10,10,11,4,4,8,5,8,10,11,0,6,11,5,8,9,6,0,9,11,10,4,0,6,8,5,8,6,6,9,9,3,11,4,2,10,9
7,2,2,2,2,3,5,9,6,8,5,0,0,4,11,9,5,9,5,6,0,3,11,11,4,10,0,7,7,9,10,10,7,7,11,11,2,7,4,3,9,9,3,7,10,8,10,4,0,3,5,2,6,6,6,3,7,11,9,0,11,2,10,10,3,11,3,0,8,11,8,2,0,3,8,7,5,0,10,2,6,7,7,4,7,2,3,11,3,3,4,11,7,7,8,7,8,2,2,4,2,5,6,7,5,7,7,2,2,11,5,0,5,11,11,0,5,5,9,6,9,11,0,2,7,0,6,9,10,7,2,10,0,11,5,2,7,9,6,9,7,7,10,10,4,0,5,3,11,10
8,3,3,3,3,4,6,10,7,9,6,2,2,5,0,10,6,10,6,7,2,4,0,0,5,11,2,8,8,10,11,11,8,8,0,0,3,8,5,4,10,10,4,8,11,9,11,5,2,4,6,3,7,7,7,4,8,0,10,2,0,3,11,11,4,0,4,2,9,0,9,3,2,4,9,8,6,2,11,3,7,8,8,5,8,3,4,0,4,4,5,0,8,8,9,8,9,3,3,5,3,6,7,8,6,8,8,3,3,0,6,2,6,0,0,2,6,6,10,7,10,0,2,3,8,2,7,10,11,8,3,11,2,0,6,3,8,10,7,10,8,8,11,11,5,2,6,4,0,11
9,4,4,4,4,5,7,11,8,10,7,3,3,6,2,11,7,11,7,8,3,5,2,2,6,0,3,9,9,11,0,0,9,9,2,2,4,9,6,5,11,11,5,9,0,10,0,6,3,5,7,4,8,8,8,5,9,2,11,3,2,4,0,0,5,2,5,3,10,2,10,4,3,5,10,9,7,3,0,4,8,9,9,6,9,4,5,2,5,5,6,2,9,9,10,9,10,4,4,6,4,7,8,9,7,9,9,4,4,2,7,3,7,2,2,3,7,7,11,8,11,2,3,4,9,3,8,11,0,9,4,0,3,2,7,4,9,11,8,11,9,9,0,0,6,3,7,5,2,0
10,5,5,5,5,6,8,0,9,11,8,4,4,7,3,0,8,0,8,9,4,6,3,3,7,2,4,10,10,0,2,2,10,10,3,3,5,10,7,6,0,0,6,10,2,11,2,7,4,6,8,5,9,9,9,6,10,3,0,4,3,5,2,2,6,3,6,4,11,3,11,5,4,6,11,10,8,4,2,5,9,10,10,7,10,5,6,3,6,6,7,3,10,10,11,10,11,5,5,7,5,8,9,10,8,10,10,5,5,3,8,4,8,3,3,4,8,8,0,9,0,3,4,5,10,4,9,0,2,10,5,2,4,3,8,5,10,0,9,0,10,10,2,2,7,4,8,6,3,2
11,6,6,6,6,7,9,2,10,0,9,5,5,8,4,2,9,2,9,10,5,7,4,4,8,3,5,11,11,2,3,3,11,11,4,4,6,11,8,7,2,2,7,11,3,0,3,8,5,7,9,6,10,10,10,7,11,4,2,5,4,6,3,3,7,4,7,5,0,4,0,6,5,7,0,11,9,5,3,6,10,11,11,8,11,6,7,4,7,7,8,4,11,11,0,11,0,6,6,8,6,9,10,11,9,11,11,6,6,4,9,5,9,4,4,5,9,9,2,10,2,4,5,6,11,5,10,2,3,11,6,3,5,4,9,6,11,2,10,2,11,11,3,3,8,5,9,7,4,3
0,7,7,7,7,8,10,3,11,2,10,6,6,9,5,3,10,3,10,11,6,8,5,5,9,4,6,0,0,3,4,4,0,0,5,5,7,0,9,8,3,3,8,0,4,2,4,9,6,8,10,7,11,11,11,8,0,5,3,6,5,7,4,4,8,5,8,6,2,5,2,7,6,8,2,0,10,6,4,7,11,0,0,9,0,7,8,5,8,8,9,5,0,0,2,0,2,7,7,9,7,10,11,0,10,0,0,7,7,5,10,6,10,5,5,6,10,10,3,11,3,5,6,7,0,6,11,3,4,0,7,4,6,5,10,7,0,3,11,3,0,0,4,4,9,6,10,8,5,4
2,8,8,8,8,9,11,4,0,3,11,7,7,10,6,4,11,4,11,0,7,9,6,6,10,5,7,2,2,4,5,5,2,2,6,6,8,2,10,9,4,4,9,2,5,3,5,10,7,9,11,8,0,0,0,9,2,6,4,7,6,8,5,5,9,6,9,7,3,6,3,8,7,9,3,2,11,7,5,8,0,2,2,10,2,8,9,6,9,9,10,6,2,2,3,2,3,8,8,10,8,11,0,2,11,2,2,8,8,6,11,7,11,6,6,7,11,11,4,0,4,6,7,8,2,7,0,4,5,2,8,5,7,6,11,8,2,4,0,4,2,2,5,5,10,7,11,9,6,5
3,9,9,9,9,10,0,5,2,4,0,8,8,11,7,5,0,5,0,2,8,10,7,7,11,6,8,3,3,5,6,6,3,3,7,7,9,3,11,10,5,5,10,3,6,4,6,11,8,10,0,9,2,2,2,10,3,7,5,8,7,9,6,6,10,7,10,8,4,7,4,9,8,10,4,3,0,8,6,9,2,3,3,11,3,9,10,7,10,10,11,7,3,3,4,3,4,9,9,11,9,0,2,3,0,3,3,9,9,7,0,8,0,7,7,8,0,0,5,2,5,7,8,9,3,8,2,5,6,3,9,6,8,7,0,9,3,5,2,5,3,3,6,6,11,8,0,10,7,6
4,10,10,10,10,11,2,6,3,5,2,9,9,0,8,6,2,6,2,3,9,11,8,8,0,7,9,4,4,6,7,7,4,4,8,8,10,4,0,11,6,6,11,4,7,5,7,0,9,11,2,10,3,3,3,11,4,8,6,9,8,10,7,7,11,8,11,9,5,8,5,10,9,11,5,4,2,9,7,10,3,4,4,0,4,10,11,8,11,11,0,8,4,4,5,4,5,10,10,0,10,2,3,4,2,4,4,10,10,8,2,9,2,8,8,9,2,2,6,3,6,8,9,10,4,9,3,6,7,4,10,7,9,8,2,10,4,6,3,6,4,4,7,7,0,9,2,11,8,7
5,11,11,11,11,0,3,7,4,6,3,10,10,2,9,7,3,7,3,4,10,0,9,9,2,8,10,5,5,7,8,8,5,5,9,9,11,5,2,0,7,7,0,5,8,6,8,2,10,0,3,11,4,4,4,0,5,9,7,10,9,11,8,8,0,9,0,10,6,9,6,11,10,0,6,5,3,10,8,11,4,5,5,2,5,11,0,9,0,0,2,9,5,5,6,5,6,11,11,2,11,3,4,5,3,5,5,11,11,9,3,10,3,9,9,10,3,3,7,4,7,9,10,11,5,10,4,7,8,5,11,8,10,9,3,11,5,7,4,7,5,5,8,8,2,10,3,0,9,8
6,0,0,0,0,2,4,8,5,7,4,11,11,3,10,8,4,8,4,5,11,2,10,10,3,9,11,6,6,8,9,9,6,6,10,10,0,6,3,2,8,8,2,6,9,7,9,3,11,2,4,0,5,5,5,2,6,10,8,11,10,0,9,9,2,10,2,11,7,10,7,0,11,2,7,6,4,11,9,0,5,6,6,3,6,0,2,10,2,2,3,10,6,6,7,6,7,0,0,3,0,4,5,6,4,6,6,0,0,10,4,11,4,10,10,11,4,4,8,5,8,10,11,0,6,11,5,8,9,6,0,9,11,10,4,0,6,8,5,8,6,6,9,9,3,11,4,2,10,9
7,2,2,2,2,3,5,9,6,8,5,0,0,4,11,9,5,9,5,6,0,3,11,11,4,10,0,7,7,9,10,10,7,7,11,11,2,7,4,3,9,9,3,7,10,8,10,4,0,3,5,2,6,6,6,3,7,11,9,0,11,2,10,10,3,11,3,0,8,11,8,2,0,3,8,7,5,0,10,2,6,7,7,4,7,2,3,11,3,3,4,11,7,7,8,7,8,2,2,4,2,5,6,7,5,7,7,2,2,11,5,0,5,11,11,0,5,5,9,6,9,11,0,2,7,0,6,9,10,7,2,10,0,11,5,2,7,9,6,9,7,7,10,10,4,0,5,3,11,10
8,3,3,3,3,4,6,10,7,9,6,2,2,5,0,10,6,10,6,7,2,4,0,0,5,11,2,8,8,10,11,11,8,8,0,0,3,8,5,4,10,10,4,8,11,9,11,5,2,4,6,3,7,7,7,4,8,0,10,2,0,3,11,11,4,0,4,2,9,0,9,3,2,4,9,8,6,2,11,3,7,8,8,5,8,3,4,0,4,4,5,0,8,8,9,8,9,3,3,5,3,6,7,8,6,8,8,3,3,0,6,2,6,0,0,2,6,6,10,7,10,0,2,3,8,2,7,10,11,8,3,11,2,0,6,3,8,10,7,10,8,8,11,11,5,2,6,4,0,11
9,4,4,4,4,5,7,11,8,10,7,3,3,6,2,11,7,11,7,8,3,5,2,2,6,0,3,9,9,11,0,0,9,9,2,2,4,9,6,5,11,11,5,9,0,10,0,6,3,5,7,4,8,8,8,5,9,2,11,3,2,4,0,0,5,2,5,3,10,2,10,4,3,5,10,9,7,3,0,4,8,9,9,6,9,4,5,2,5,5,6,2,9,9,10,9,10,4,4,6,4,7,8,9,7,9,9,4,4,2,7,3,7,2,2,3,7,7,11,8,11,2,3,4,9,3,8,11,0,9,4,0,3,2,7,4,9,11,8,11,9,9,0,0,6,3,7,5,2,0
10,5,5,5,5,6,8,0,9,11,8,4,4,7,3,0,8,0,8,9,4,6,3,3,7,2,4,10,10,0,2,2,10,10,3,3,5,10,7,6,0,0,6,10,2,11,2,7,4,6,8,5,9,9,9,6,10,3,0,4,3,5,2,2,6,3,6,4,11,3,11,5,4,6,11,10,8,4,2,5,9,10,10,7,10,5,6,3,6,6,7,3,10,10,11,10,11,5,5,7,5,8,9,10,8,10,10,5,5,3,8,4,8,3,3,4,8,8,0,9,0,3,4,5,10,4,9,0,2,10,5,2,4,3,8,5,10,0,9,0,10,10,2,2,7,4,8,6,3,2
11,6,6,6,6,7,9,2,10,0,9,5,5,8,4,2,9,2,9,10,5,7,4,4,8,3,5,11,11,2,3,3,11,11,4,4,6,11,8,7,2,2,7,11,3,0,3,8,5,7,9,6,10,10,10,7,11,4,2,5,4,6,3,3,7,4,7,5,0,4,0,6,5,7,0,11,9,5,3,6,10,11,11,8,11,6,7,4,7,7,8,4,11,11,0,11,0,6,6,8,6,9,10,11,9,11,11,6,6,4,9,5,9,4,4,5,9,9,2,10,2,4,5,6,11,5,10,2,3,11,6,3,5,4,9,6,11,2,10,2,11,11,3,3,8,5,9,7,4,3
0,7,7,7,7,8,10,3,11,2,10,6,6,9,5,3,10,3,10,11,6,8,5,5,9,4,6,0,0,3,4,4,0,0,5,5,7,0,9,8,3,3,8,0,4,2,4,9,6,8,10,7,11,11,11,8,0,5,3,6,5,7,4,4,8,5,8,6,2,5,2,7,6,8,2,0,10,6,4,7,11,0,0,9,0,7,8,5,8,8,9,5,0,0,2,0,2,7,7,9,7,10,11,0,10,0,0,7,7,5,10,6,10,5,5,6,10,10,3,11,3,5,6,7,0,6,11,3,4,0,7,4,6,5,10,7,0,3,11,3,0,0,4,4,9,6,10,8,5,4
2,8,8,8,8,9,11,4,0,3,11,7,7,10,6,4,11,4,11,0,7,9,6,6,10,5,7,2,2,4,5,5,2,2,6,6,8,2,10,9,4,4,9,2,5,3,5,10,7,9,11,8,0,0,0,9,2,6,4,7,6,8,5,5,9,6,9,7,3,6,3,8,7,9,3,2,11,7,5,8,0,2,2,10,2,8,9,6,9,9,10,6,2,2,3,2,3,8,8,10,8,11,0,2,11,2,2,8,8,6,11,7,11,6,6,7,11,11,4,0,4,6,7,8,2,7,0,4,5,2,8,5,7,6,11,8,2,4,0,4,2,2,5,5,10,7,11,9,6,5
3,9,9,9,9,10,0,5,2,4,0,8,8,11,7,5,0,5,0,2,8,10,7,7,11,6,8,3,3,5,6,6,3,3,7,7,9,3,11,10,5,5,10,3,6,4,6,11,8,10,0,9,2,2,2,10,3,7,5,8,7,9,6,6,10,7,10,8,4,7,4,9,8,10,4,3,0,8,6,9,2,3,3,11,3,9,10,7,10,10,11,7,3,3,4,3,4,9,9,11,9,0,2,3,0,3,3,9,9,7,0,8,0,7,7,8,0,0,5,2,5,7,8,9,3,8,2,5,6,3,9,6,8,7,0,9,3,5,2,5,3,3,6,6,11,8,0,10,7,6
4,10,10,10,10,11,2,6,3,5,2,9,9,0,8,6,2,6,2,3,9,11,8,8,0,7,9,4,4,6,7,7,4,4,8,8,10,4,0,11,6,6,11,4,7,5,7,0,9,11,2,10,3,3,3,11,4,8,6,9,8,10,7,7,11,8,11,9,5,8,5,10,9,11,5,4,2,9,7,10,3,4,4,0,4,10,11,8,11,11,0,8,4,4,5,4,5,10,10,0,10,2,3,4,2,4,4,10,10,8,2,9,2,8,8,9,2,2,6,3,6,8,9,10,4,9,3,6,7,4,10,7,9,8,2,10,4,6,3,6,4,4,7,7,0,9,2,11,8,7
5,11,11,11,11,0,3,7,4,6,3,10,10,2,9,7,3,7,3,4,10,0,9,9,2,8,10,5,5,7,8,8,5,5,9,9,11,5,2,0,7,7,0,5,8,6,8,2,10,0,3,11,4,4,4,0,5,9,7,10,9,11,8,8,0,9,0,10,6,9,6,11,10,0,6,5,3,10,8,11,4,5,5,2,5,11,0,9,0,0,2,9,5,5,6,5,6,11,11,2,11,3,4,5,3,5,5,11,11,9,3,10,3,9,9,10,3,3,7,4,7,9,10,11,5,10,4,7,8,5,11,8,10,9,3,11,5,7,4,7,5,5,8,8,2,10,3,0,9,8
6,0,0,0,0,2,4,8,5,7,4,11,11,3,10,8,4,8,4,5,11,2,10,10,3,9,11,6,6,8,9,9,6,6,10,10,0,6,3,2,8,8,2,6,9,7,9,3,11,2,4,0,5,5,5,2,6,10,8,11,10,0,9,9,2,10,2,11,7,10,7,0,11,2,7,6,4,11,9,0,5,6,6,3,6,0,2,10,2,2,3,10,6,6,7,6,7,0,0,3,0,4,5,6,4,6,6,0,0,10,4,11,4,10,10,11,4,4,8,5,8,10,11,0,6,11,5,8,9,6,0,9,11,10,4,0,6,8,5,8,6,6,9,9,3,11,4,2,10,9
7,2,2,2,2,3,5,9,6,8,5,0,0,4,11,9,5,9,5,6,0,3,11,11,4,10,0,7,7,9,10,10,7,7,11,11,2,7,4,3,9,9,3,7,10,8,10,4,0,3,5,2,6,6,6,3,7,11,9,0,11,2,10,10,3,11,3,0,8,11,8,2,0,3,8,7,5,0,10,2,6,7,7,4,7,2,3,11,3,3,4,11,7,7,8,7,8,2,2,4,2,5,6,7,5,7,7,2,2,11,5,0,5,11,11,0,5,5,9,6,9,11,0,2,7,0,6,9,10,7,2,10,0,11,5,2,7,9,6,9,7,7,10,10,4,0,5,3,11,10
8,3,3,3,3,4,6,10,7,9,6,2,2,5,0,10,6,10,6,7,2,4,0,0,5,11,2,8,8,10,11,11,8,8,0,0,3,8,5,4,10,10,4,8,11,9,11,5,2,4,6,3,7,7,7,4,8,0,10,2,0,3,11,11,4,0,4,2,9,0,9,3,2,4,9,8,6,2,11,3,7,8,8,5,8,3,4,0,4,4,5,0,8,8,9,8,9,3,3,5,3,6,7,8,6,8,8,3,3,0,6,2,6,0,0,2,6,6,10,7,10,0,2,3,8,2,7,10,11,8,3,11,2,0,6,3,8,10,7,10,8,8,11,11,5,2,6,4,0,11
9,4,4,4,4,5,7,11,8,10,7,3,3,6,2,11,7,11,7,8,3,5,2,2,6,0,3,9,9,11,0,0,9,9,2,2,4,9,6,5,11,11,5,9,0,10,0,6,3,5,7,4,8,8,8,5,9,2,11,3,2,4,0,0,5,2,5,3,10,2,10,4,3,5,10,9,7,3,0,4,8,9,9,6,9,4,5,2,5,5,6,2,9,9,10,9,10,4,4,6,4,7,8,9,7,9,9,4,4,2,7,3,7,2,2,3,7,7,11,8,11,2,3,4,9,3,8,11,0,9,4,0,3,2,7,4,9,11,8,11,9,9,0,0,6,3,7,5,2,0
10,5,5,5,5,6,8,0,9,11,8,4,4,7,3,0,8,0,8,9,4,6,3,3,7,2,4,10,10,0,2,2,10,10,3,3,5,10,7,6,0,0,6,10,2,11,2,7,4,6,8,5,9,9,9,6,10,3,0,4,3,5,2,2,6,3,6,4,11,3,11,5,4,6,11,10,8,4,2,5,9,10,10,7,10,5,6,3,6,6,7,3,10,10,11,10,11,5,5,7,5,8,9,10,8,10,10,5,5,3,8,4,8,3,3,4,8,8,0,9,0,3,4,5,10,4,9,0,2,10,5,2,4,3,8,5,10,0,9,0,10,10,2,2,7,4,8,6,3,2
11,6,6,6,6,7,9,2,10,0,9,5,5,8,4,2,9,2,9,10,5,7,4,4,8,3,5,11,11,2,3,3,11,11,4,4,6,11,8,7,2,2,7,11,3,0,3,8,5,7,9,6,10,10,10,7,11,4,2,5,4,6,3,3,7,4,7,5,0,4,0,6,5,7,0,11,9,5,3,6,10,11,11,8,11,6,7,4,7,7,8,4,11,11,0,11,0,6,6,8,6,9,10,11,9,11,11,6,6,4,9,5,9,4,4,5,9,9,2,10,2,4,5,6,11,5,10,2,3,11,6,3,5,4,9,6,11,2,10,2,11,11,3,3,8,5,9,7,4,3
0,7,7,7,7,8,10,3,11,2,10,6,6,9,5,3,10,3,10,11,6,8,5,5,9,4,6,0,0,3,4,4,0,0,5,5,7,0,9,8,3,3,8,0,4,2,4,9,6,8,10,7,11,11,11,8,0,5,3,6,5,7,4,4,8,5,8,6,2,5,2,7,6,8,2,0,10,6,4,7,11,0,0,9,0,7,8,5,8,8,9,5,0,0,2,0,2,7,7,9,7,10,11,0,10,0,0,7,7,5,10,6,10,5,5,6,10,10,3,11,3,5,6,7,0,6,11,3,4,0,7,4,6,5,10,7,0,3,11,3,0,0,4,4,9,6,10,8,5,4
2,8,8,8,8,9,11,4,0,3,11,7,7,10,6,4,11,4,11,0,7,9,6,6,10,5,7,2,2,4,5,5,2,2,6,6,8,2,10,9,4,4,9,2,5,3,5,10,7,9,11,8,0,0,0,9,2,6,4,7,6,8,5,5,9,6,9,7,3,6,3,8,7,9,3,2,11,7,5,8,0,2,2,10,2,8,9,6,9,9,10,6,2,2,3,2,3,8,8,10,8,11,0,2,11,2,2,8,8,6,11,7,11,6,6,7,11,11,4,0,4,6,7,8,2,7,0,4,5,2,8,5,7,6,11,8,2,4,0,4,2,2,5,5,10,7,11,9,6,5
3,9,9,9,9,10,0,5,2,4,0,8,8,11,7,5,0,5,0,2,8,10,7,7,11,6,8,3,3,5,6,6,3,3,7,7,9,3,11,10,5,5,10,3,6,4,6,11,8,10,0,9,2,2,2,10,3,7,5,8,7,9,6,6,10,7,10,8,4,7,4,9,8,10,4,3,0,8,6,9,2,3,3,11,3,9,10,7,10,10,11,7,3,3,4,3,4,9,9,11,9,0,2,3,0,3,3,9,9,7,0,8,0,7,7,8,0,0,5,2,5,7,8,9,3,8,2,5,6,3,9,6,8,7,0,9,3,5,2,5,3,3,6,6,11,8,0,10,7,6
4,10,10,10,10,11,2,6,3,5,2,9,9,0,8,6,2,6,2,3,9,11,8,8,0,7,9,4,4,6,7,7,4,4,8,8,10,4,0,11,6,6,11,4,7,5,7,0,9,11,2,10,3,3,3,11,4,8,6,9,8,10,7,7,11,8,11,9,5,8,5,10,9,11,5,4,2,9,7,10,3,4,4,0,4,10,11,8,11,11,0,8,4,4,5,4,5,10,10,0,10,2,3,4,2,4,4,10,10,8,2,9,2,8,8,9,2,2,6,3,6,8,9,10,4,9,3,6,7,4,10,7,9,8,2,10,4,6,3,6,4,4,7,7,0,9,2,11,8,7
5,11,11,11,11,0,3,7,4,6,3,10,10,2,9,7,3,7,3,4,10,0,9,9,2,8,10,5,5,7,8,8,5,5,9,9,11,5,2,0,7,7,0,5,8,6,8,2,10,0,3,11,4,4,4,0,5,9,7,10,9,11,8,8,0,9,0,10,6,9,6,11,10,0,6,5,3,10,8,11,4,5,5,2,5,11,0,9,0,0,2,9,5,5,6,5,6,11,11,2,11,3,4,5,3,5,5,11,11,9,3,10,3,9,9,10,3,3,7,4,7,9,10,11,5,10,4,7,8,5,11,8,10,9,3,11,5,7,4,7,5,5,8,8,2,10,3,0,9,8
6,0,0,0,0,2,4,8,5,7,4,11,11,3,10,8,4,8,4,5,11,2,10,10,3,9,11,6,6,8,9,9,6,6,10,10,0,6,3,2,8,8,2,6,9,7,9,3,11,2,4,0,5,5,5,2,6,10,8,11,10,0,9,9,2,10,2,11,7,10,7,0,11,2,7,6,4,11,9,0,5,6,6,3,6,0,2,10,2,2,3,10,6,6,7,6,7,0,0,3,0,4,5,6,4,6,6,0,0,10,4,11,4,10,10,11,4,4,8,5,8,10,11,0,6,11,5,8,9,6,0,9,11,10,4,0,6,8,5,8,6,6,9,9,3,11,4,2,10,9
7,2,2,2,2,3,5,9,6,8,5,0,0,4,11,9,5,9,5,6,0,3,11,11,4,10,0,7,7,9,10,10,7,7,11,11,2,7,4,3,9,9,3,7,10,8,10,4,0,3,5,2,6,6,6,3,7,11,9,0,11,2,10,10,3,11,3,0,8,11,8,2,0,3,8,7,5,0,10,2,6,7,7,4,7,2,3,11,3,3,4,11,7,7,8,7,8,2,2,4,2,5,6,7,5,7,7,2,2,11,5,0,5,11,11,0,5,5,9,6,9,11,0,2,7,0,6,9,10,7,2,10,0,11,5,2,7,9,6,9,7,7,10,10,4,0,5,3,11,10
8,3,3,3,3,4,6,10,7,9,6,2,2,5,0,10,6,10,6,7,2,4,0,0,5,11,2,8,8,10,11,11,8,8,0,0,3,8,5,4,10,10,4,8,11,9,11,5,2,4,6,3,7,7,7,4,8,0,10,2,0,3,11,11,4,0,4,2,9,0,9,3,2,4,9,8,6,2,11,3,7,8,8,5,8,3,4,0,4,4,5,0,8,8,9,8,9,3,3,5,3,6,7,8,6,8,8,3,3,0,6,2,6,0,0,2,6,6,10,7,10,0,2,3,8,2,7,10,11,8,3,11,2,0,6,3,8,10,7,10,8,8,11,11,5,2,6,4,0,11
9,4,4,4,4,5,7,11,8,10,7,3,3,6,2,11,7,11,7,8,3,5,2,2,6,0,3,9,9,11,0,0,9,9,2,2,4,9,6,5,11,11,5,9,0,10,0,6,3,5,7,4,8,8,8,5,9,2,11,3,2,4,0,0,5,2,5,3,10,2,10,4,3,5,10,9,7,3,0,4,8,9,9,6,9,4,5,2,5,5,6,2,9,9,10,9,10,4,4,6,4,7,8,9,7,9,9,4,4,2,7,3,7,2,2,3,7,7,11,8,11,2,3,4,9,3,8,11,0,9,4,0,3,2,7,4,9,11,8,11,9,9,0,0,6,3,7,5,2,0
10,5,5,5,5,6,8,0,9,11,8,4,4,7,3,0,8,0,8,9,4,6,3,3,7,2,4,10,10,0,2,2,10,10,3,3,5,10,7,6,0,0,6,10,2,11,2,7,4,6,8,5,9,9,9,6,10,3,0,4,3,5,2,2,6,3,6,4,11,3,11,5,4,6,11,10,8,4,2,5,9,10,10,7,10,5,6,3,6,6,7,3,10,10,11,10,11,5,5,7,5,8,9,10,8,10,10,5,5,3,8,4,8,3,3,4,8,8,0,9,0,3,4,5,10,4,9,0,2,10,5,2,4,3,8,5,10,0,9,0,10,10,2,2,7,4,8,6,3,2
11,6,6,6,6,7,9,2,10,0,9,5,5,8,4,2,9,2,9,10,5,7,4,4,8,3,5,11,11,2,3,3,11,11,4,4,6,11,8,7,2,2,7,11,3,0,3,8,5,7,9,6,10,10,10,7,11,4,2,5,4,6,3,3,7,4,7,5,0,4,0,6,5,7,0,11,9,5,3,6,10,11,11,8,11,6,7,4,7,7,8,4,11,11,0,11,0,6,6,8,6,9,10,11,9,11,11,6,6,4,9,5,9,4,4,5,9,9,2,10,2,4,5,6,11,5,10,2,3,11,6,3,5,4,9,6,11,2,10,2,11,11,3,3,8,5,9,7,4,3
0,7,7,7,7,8,10,3,11,2,10,6,6,9,5,3,10,3,10,11,6,8,5,5,9,4,6,0,0,3,4,4,0,0,5,5,7,0,9,8,3,3,8,0,4,2,4,9,6,8,10,7,11,11,11,8,0,5,3,6,5,7,4,4,8,5,8,6,2,5,2,7,6,8,2,0,10,6,4,7,11,0,0,9,0,7,8,5,8,8,9,5,0,0,2,0,2,7,7,9,7,10,11,0,10,0,0,7,7,5,10,6,10,5,5,6,10,10,3,11,3,5,6,7,0,6,11,3,4,0,7,4,6,5,10,7,0,3,11,3,0,0,4,4,9,6,10,8,5,4
2,8,8,8,8,9,11,4,0,3,11,7,7,10,6,4,11,4,11,0,7,9,6,6,10,5,7,2,2,4,5,5,2,2,6,6,8,2,10,9,4,4,9,2,5,3,5,10,7,9,11,8,0,0,0,9,2,6,4,7,6,8,5,5,9,6,9,7,3,6,3,8,7,9,3,2,11,7,5,8,0,2,2,10,2,8,9,6,9,9,10,6,2,2,3,2,3,8,8,10,8,11,0,2,11,2,2,8,8,6,11,7,11,6,6,7,11,11,4,0,4,6,7,8,2,7,0,4,5,2,8,5,7,6,11,8,2,4,0,4,2,2,5,5,10,7,11,9,6,5
3,9,9,9,9,10,0,5,2,4,0,8,8,11,7,5,0,5,0,2,8,10,7,7,11,6,8,3,3,5,6,6,3,3,7,7,9,3,11,10,5,5,10,3,6,4,6,11,8,10,0,9,2,2,2,10,3,7,5,8,7,9,6,6,10,7,10,8,4,7,4,9,8,10,4,3,0,8,6,9,2,3,3,11,3,9,10,7,10,10,11,7,3,3,4,3,4,9,9,11,9,0,2,3,0,3,3,9,9,7,0,8,0,7,7,8,0,0,5,2,5,7,8,9,3,8,2,5,6,3,9,6,8,7,0,9,3,5,2,5,3,3,6,6,11,8,0,10,7,6
4,10,10,10,10,11,2,6,3,5,2,9,9,0,8,6,2,6,2,3,9,11,8,8,0,7,9,4,4,6,7,7,4,4,8,8,10,4,0,11,6,6,11,4,7,5,7,0,9,11,2,10,3,3,3,11,4,8,6,9,8,10,7,7,11,8,11,9,5,8,5,10,9,11,5,4,2,9,7,10,3,4,4,0,4,10,11,8,11,11,0,8,4,4,5,4,5,10,10,0,10,2,3,4,2,4,4,10,10,8,2,9,2,8,8,9,2,2,6,3,6,8,9,10,4,9,3,6,7,4,10,7,9,8,2,10,4,6,3,6,4,4,7,7,0,9,2,11,8,7
5,11,11,11,11,0,3,7,4,6,3,10,10,2,9,7,3,7,3,4,10,0,9,9,2,8,10,5,5,7,8,8,5,5,9,9,11,5,2,0,7,7,0,5,8,6,8,2,10,0,3,11,4,4,4,0,5,9,7,10,9,11,8,8,0,9,0,10,6,9,6,11,10,0,6,5,3,10,8,11,4,5,5,2,5,11,0,9,0,0,2,9,5,5,6,5,6,11,11,2,11,3,4,5,3,5,5,11,11,9,3,10,3,9,9,10,3,3,7,4,7,9,10,11,5,10,4,7,8,5,11,8,10,9,3,11,5,7,4,7,5,5,8,8,2,10,3,0,9,8
6,0,0,0,0,2,4,8,5,7,4,11,11,3,10,8,4,8,4,5,11,2,10,10,3,9,11,6,6,8,9,9,6,6,10,10,0,6,3,2,8,8,2,6,9,7,9,3,11,2,4,0,5,5,5,2,6,10,8,11,10,0,9,9,2,10,2,11,7,10,7,0,11,2,7,6,4,11,9,0,5,6,6,3,6,0,2,10,2,2,3,10,6,6,7,6,7,0,0,3,0,4,5,6,4,6,6,0,0,10,4,11,4,10,10,11,4,4,8,5,8,10,11,0,6,11,5,8,9,6,0,9,11,10,4,0,6,8,5,8,6,6,9,9,3,11,4,2,10,9
7,2,2,2,2,3,5,9,6,8,5,0,0,4,11,9,5,9,5,6,0,3,11,11,4,10,0,7,7,9,10,10,7,7,11,11,2,7,4,3,9,9,3,7,10,8,10,4,0,3,5,2,6,6,6,3,7,11,9,0,11,2,10,10,3,11,3,0,8,11,8,2,0,3,8,7,5,0,10,2,6,7,7,4,7,2,3,11,3,3,4,11,7,7,8,7,8,2,2,4,2,5,6,7,5,7,7,2,2,11,5,0,5,11,11,0,5,5,9,6,9,11,0,2,7,0,6,9,10,7,2,10,0,11,5,2,7,9,6,9,7,7,10,10,4,0,5,3,11,10
8,3,3,3,3,4,6,10,7,9,6,2,2,5,0,10,6,10,6,7,2,4,0,0,5,11,2,8,8,10,11,11,8,8,0,0,3,8,5,4,10,10,4,8,11,9,11,5,2,4,6,3,7,7,7,4,8,0,10,2,0,3,11,11,4,0,4,2,9,0,9,3,2,4,9,8,6,2,11,3,7,8,8,5,8,3,4,0,4,4,5,0,8,8,9,8,9,3,3,5,3,6,7,8,6,8,8,3,3,0,6,2,6,0,0,2,6,6,10,7,10,0,2,3,8,2,7,10,11,8,3,11,2,0,6,3,8,10,7,10,8,8,11,11,5,2,6,4,0,11
9,4,4,4,4,5,7,11,8,10,7,3,3,6,2,11,7,11,7,8,3,5,2,2,6,0,3,9,9,11,0,0,9,9,2,2,4,9,6,5,11,11,5,9,0,10,0,6,3,5,7,4,8,8,8,5,9,2,11,3,2,4,0,0,5,2,5,3,10,2,10,4,3,5,10,9,7,3,0,4,8,9,9,6,9,4,5,2,5,5,6,2,9,9,10,9,10,4,4,6,4,7,8,9,7,9,9,4,4,2,7,3,7,2,2,3,7,7,11,8,11,2,3,4,9,3,8,11,0,9,4,0,3,2,7,4,9,11,8,11,9,9,0,0,6,3,7,5,2,0
10,5,5,5,5,6,8,0,9,11,8,4,4,7,3,0,8,0,8,9,4,6,3,3,7,2,4,10,10,0,2,2,10,10,3,3,5,10,7,6,0,0,6,10,2,11,2,7,4,6,8,5,9,9,9,6,10,3,0,4,3,5,2,2,6,3,6,4,11,3,11,5,4,6,11,10,8,4,2,5,9,10,10,7,10,5,6,3,6,6,7,3,10,10,11,10,11,5,5,7,5,8,9,10,8,10,10,5,5,3,8,4,8,3,3,4,8,8,0,9,0,3,4,5,10,4,9,0,2,10,5,2,4,3,8,5,10,0,9,0,10,10,2,2,7,4,8,6,3,2
11,6,6,6,6,7,9,2,10,0,9,5,5,8,4,2,9,2,9,10,5,7,4,4,8,3,5,11,11,2,3,3,11,11,4,4,6,11,8,7,2,2,7,11,3,0,3,8,5,7,9,6,10,10,10,7,11,4,2,5,4,6,3,3,7,4,7,5,0,4,0,6,5,7,0,11,9,5,3,6,10,11,11,8,11,6,7,4,7,7,8,4,11,11,0,11,0,6,6,8,6,9,10,11,9,11,11,6,6,4,9,5,9,4,4,5,9,9,2,10,2,4,5,6,11,5,10,2,3,11,6,3,5,4,9,6,11,2,10,2,11,11,3,3,8,5,9,7,4,3
0,7,7,7,7,8,10,3,11,2,10,6,6,9,5,3,10,3,10,11,6,8,5,5,9,4,6,0,0,3,4,4,0,0,5,5,7,0,9,8,3,3,8,0,4,2,4,9,6,8,10,7,11,11,11,8,0,5,3,6,5,7,4,4,8,5,8,6,2,5,2,7,6,8,2,0,10,6,4,7,11,0,0,9,0,7,8,5,8,8,9,5,0,0,2,0,2,7,7,9,7,10,11,0,10,0,0,7,7,5,10,6,10,5,5,6,10,10,3,11,3,5,6,7,0,6,11,3,4,0,7,4,6,5,10,7,0,3,11,3,0,0,4,4,9,6,10,8,5,4
2,8,8,8,8,9,11,4,0,3,11,7,7,10,6,4,11,4,11,0,7,9,6,6,10,5,7,2,2,4,5,5,2,2,6,6,8,2,10,9,4,4,9,2,5,3,5,10,7,9,11,8,0,0,0,9,2,6,4,7,6,8,5,5,9,6,9,7,3,6,3,8,7,9,3,2,11,7,5,8,0,2,2,10,2,8,9,6,9,9,10,6,2,2,3,2,3,8,8,10,8,11,0,2,11,2,2,8,8,6,11,7,11,6,6,7,11,11,4,0,4,6,7,8,2,7,0,4,5,2,8,5,7,6,11,8,2,4,0,4,2,2,5,5,10,7,11,9,6,5
3,9,9,9,9,10,0,5,2,4,0,8,8,11,7,5,0,5,0,2,8,10,7,7,11,6,8,3,3,5,6,6,3,3,7,7,9,3,11,10,5,5,10,3,6,4,6,11,8,10,0,9,2,2,2,10,3,7,5,8,7,9,6,6,10,7,10,8,4,7,4,9,8,10,4,3,0,8,6,9,2,3,3,11,3,9,10,7,10,10,11,7,3,3,4,3,4,9,9,11,9,0,2,3,0,3,3,9,9,7,0,8,0,7,7,8,0,0,5,2,5,7,8,9,3,8,2,5,6,3,9,6,8,7,0,9,3,5,2,5,3,3,6,6,11,8,0,10,7,6
4,10,10,10,10,11,2,6,3,5,2,9,9,0,8,6,2,6,2,3,9,11,8,8,0,7,9,4,4,6,7,7,4,4,8,8,10,4,0,11,6,6,11,4,7,5,7,0,9,11,2,10,3,3,3,11,4,8,6,9,8,10,7,7,11,8,11,9,5,8,5,10,9,11,5,4,2,9,7,10,3,4,4,0,4,10,11,8,11,11,0,8,4,4,5,4,5,10,10,0,10,2,3,4,2,4,4,10,10,8,2,9,2,8,8,9,2,2,6,3,6,8,9,10,4,9,3,6,7,4,10,7,9,8,2,10,4,6,3,6,4,4,7,7,0,9,2,11,8,7
5,11,11,11,11,0,3,7,4,6,3,10,10,2,9,7,3,7,3,4,10,0,9,9,2,8,10,5,5,7,8,8,5,5,9,9,11,5,2,0,7,7,0,5,8,6,8,2,10,0,3,11,4,4,4,0,5,9,7,10,9,11,8,8,0,9,0,10,6,9,6,11,10,0,6,5,3,10,8,11,4,5,5,2,5,11,0,9,0,0,2,9,5,5,6,5,6,11,11,2,11,3,4,5,3,5,5,11,11,9,3,10,3,9,9,10,3,3,7,4,7,9,10,11,5,10,4,7,8,5,11,8,10,9,3,11,5,7,4,7,5,5,8,8,2,10,3,0,9,8
6,0,0,0,0,2,4,8,5,7,4,11,11,3,10,8,4,8,4,5,11,2,10,10,3,9,11,6,6,8,9,9,6,6,10,10,0,6,3,2,8,8,2,6,9,7,9,3,11,2,4,0,5,5,5,2,6,10,8,11,10,0,9,9,2,10,2,11,7,10,7,0,11,2,7,6,4,11,9,0,5,6,6,3,6,0,2,10,2,2,3,10,6,6,7,6,7,0,0,3,0,4,5,6,4,6,6,0,0,10,4,11,4,10,10,11,4,4,8,5,8,10,11,0,6,11,5,8,9,6,0,9,11,10,4,0,6,8,5,8,6,6,9,9,3,11,4,2,10,9
7,2,2,2,2,3,5,9,6,8,5,0,0,4,11,9,5,9,5,6,0,3,11,11,4,10,0,7,7,9,10,10,7,7,11,11,2,7,4,3,9,9,3,7,10,8,10,4,0,3,5,2,6,6,6,3,7,11,9,0,11,2,10,10,3,11,3,0,8,11,8,2,0,3,8,7,5,0,10,2,6,7,7,4,7,2,3,11,3,3,4,11,7,7,8,7,8,2,2,4,2,5,6,7,5,7,7,2,2,11,5,0,5,11,11,0,5,5,9,6,9,11,0,2,7,0,6,9,10,7,2,10,0,11,5,2,7,9,6,9,7,7,10,10,4,0,5,3,11,10
8,3,3,3,3,4,6,10,7,9,6,2,2,5,0,10,6,10,6,7,2,4,0,0,5,11,2,8,8,10,11,11,8,8,0,0,3,8,5,4,10,10,4,8,11,9,11,5,2,4,6,3,7,7,7,4,8,0,10,2,0,3,11,11,4,0,4,2,9,0,9,3,2,4,9,8,6,2,11,3,7,8,8,5,8,3,4,0,4,4,5,0,8,8,9,8,9,3,3,5,3,6,7,8,6,8,8,3,3,0,6,2,6,0,0,2,6,6,10,7,10,0,2,3,8,2,7,10,11,8,3,11,2,0,6,3,8,10,7,10,8,8,11,11,5,2,6,4,0,11
9,4,4,4,4,5,7,11,8,10,7,3,3,6,2,11,7,11,7,8,3,5,2,2,6,0,3,9,9,11,0,0,9,9,2,2,4,9,6,5,11,11,5,9,0,10,0,6,3,5,7,4,8,8,8,5,9,2,11,3,2,4,0,0,5,2,5,3,10,2,10,4,3,5,10,9,7,3,0,4,8,9,9,6,9,4,5,2,5,5,6,2,9,9,10,9,10,4,4,6,4,7,8,9,7,9,9,4,4,2,7,3,7,2,2,3,7,7,11,8,11,2,3,4,9,3,8,11,0,9,4,0,3,2,7,4,9,11,8,11,9,9,0,0,6,3,7,5,2,0
10,5,5,5,5,6,8,0,9,11,8,4,4,7,3,0,8,0,8,9,4,6,3,3,7,2,4,10,10,0,2,2,10,10,3,3,5,10,7,6,0,0,6,10,2,11,2,7,4,6,8,5,9,9,9,6,10,3,0,4,3,5,2,2,6,3,6,4,11,3,11,5,4,6,11,10,8,4,2,5,9,10,10,7,10,5,6,3,6,6,7,3,10,10,11,10,11,5,5,7,5,8,9,10,8,10,10,5,5,3,8,4,8,3,3,4,8,8,0,9,0,3,4,5,10,4,9,0,2,10,5,2,4,3,8,5,10,0,9,0,10,10,2,2,7,4,8,6,3,2
11,6,6,6,6,7,9,2,10,0,9,5,5,8,4,2,9,2,9,10,5,7,4,4,8,3,5,11,11,2,3,3,11,11,4,4,6,11,8,7,2,2,7,11,3,0,3,8,5,7,9,6,10,10,10,7,11,4,2,5,4,6,3,3,7,4,7,5,0,4,0,6,5,7,0,11,9,5,3,6,10,11,11,8,11,6,7,4,7,7,8,4,11,11,0,11,0,6,6,8,6,9,10,11,9,11,11,6,6,4,9,5,9,4,4,5,9,9,2,10,2,4,5,6,11,5,10,2,3,11,6,3,5,4,9,6,11,2,10,2,11,11,3,3,8,5,9,7,4,3
0,7,7,7,7,8,10,3,11,2,10,6,6,9,5,3,10,3,10,11,6,8,5,5,9,4,6,0,0,3,4,4,0,0,5,5,7,0,9,8,3,3,8,0,4,2,4,9,6,8,10,7,11,11,11,8,0,5,3,6,5,7,4,4,8,5,8,6,2,5,2,7,6,8,2,0,10,6,4,7,11,0,0,9,0,7,8,5,8,8,9,5,0,0,2,0,2,7,7,9,7,10,11,0,10,0,0,7,7,5,10,6,10,5,5,6,10,10,3,11,3,5,6,7,0,6,11,3,4,0,7,4,6,5,10,7,0,3,11,3,0,0,4,4,9,6,10,8,5,4
2,8,8,8,8,9,11,4,0,3,11,7,7,10,6,4,11,4,11,0,7,9,6,6,10,5,7,2,2,4,5,5,2,2,6,6,8,2,10,9,4,4,9,2,5,3,5,10,7,9,11,8,0,0,0,9,2,6,4,7,6,8,5,5,9,6,9,7,3,6,3,8,7,9,3,2,11,7,5,8,0,2,2,10,2,8,9,6,9,9,10,6,2,2,3,2,3,8,8,10,8,11,0,2,11,2,2,8,8,6,11,7,11,6,6,7,11,11,4,0,4,6,7,8,2,7,0,4,5,2,8,5,7,6,11,8,2,4,0,4,2,2,5,5,10,7,11,9,6,5
3,9,9,9,9,10,0,5,2,4,0,8,8,11,7,5,0,5,0,2,8,10,7,7,11,6,8,3,3,5,6,6,3,3,7,7,9,3,11,10,5,5,10,3,6,4,6,11,8,10,0,9,2,2,2,10,3,7,5,8,7,9,6,6,10,7,10,8,4,7,4,9,8,10,4,3,0,8,6,9,2,3,3,11,3,9,10,7,10,10,11,7,3,3,4,3,4,9,9,11,9,0,2,3,0,3,3,9,9,7,0,8,0,7,7,8,0,0,5,2,5,7,8,9,3,8,2,5,6,3,9,6,8,7,0,9,3,5,2,5,3,3,6,6,11,8,0,10,7,6
4,10,10,10,10,11,2,6,3,5,2,9,9,0,8,6,2,6,2,3,9,11,8,8,0,7,9,4,4,6,7,7,4,4,8,8,10,4,0,11,6,6,11,4,7,5,7,0,9,11,2,10,3,3,3,11,4,8,6,9,8,10,7,7,11,8,11,9,5,8,5,10,9,11,5,4,2,9,7,10,3,4,4,0,4,10,11,8,11,11,0,8,4,4,5,4,5,10,10,0,10,2,3,4,2,4,4,10,10,8,2,9,2,8,8,9,2,2,6,3,6,8,9,10,4,9,3,6,7,4,10,7,9,8,2,10,4,6,3,6,4,4,7,7,0,9,2,11,8,7
5,11,11,11,11,0,3,7,4,6,3,10,10,2,9,7,3,7,3,4,10,0,9,9,2,8,10,5,5,7,8,8,5,5,9,9,11,5,2,0,7,7,0,5,8,6,8,2,10,0,3,11,4,4,4,0,5,9,7,10,9,11,8,8,0,9,0,10,6,9,6,11,10,0,6,5,3,10,8,11,4,5,5,2,5,11,0,9,0,0,2,9,5,5,6,5,6,11,11,2,11,3,4,5,3,5,5,11,11,9,3,10,3,9,9,10,3,3,7,4,7,9,10,11,5,10,4,7,8,5,11,8,10,9,3,11,5,7,4,7,5,5,8,8,2,10,3,0,9,8
6,0,0,0,0,2,4,8,5,7,4,11,11,3,10,8,4,8,4,5,11,2,10,10,3,9,11,6,6,8,9,9,6,6,10,10,0,6,3,2,8,8,2,6,9,7,9,3,11,2,4,0,5,5,5,2,6,10,8,11,10,0,9,9,2,10,2,11,7,10,7,0,11,2,7,6,4,11,9,0,5,6,6,3,6,0,2,10,2,2,3,10,6,6,7,6,7,0,0,3,0,4,5,6,4,6,6,0,0,10,4,11,4,10,10,11,4,4,8,5,8,10,11,0,6,11,5,8,9,6,0,9,11,10,4,0,6,8,5,8,6,6,9,9,3,11,4,2,10,9
7,2,2,2,2,3,5,9,6,8,5,0,0,4,11,9,5,9,5,6,0,3,11,11,4,10,0,7,7,9,10,10,7,7,11,11,2,7,4,3,9,9,3,7,10,8,10,4,0,3,5,2,6,6,6,3,7,11,9,0,11,2,10,10,3,11,3,0,8,11,8,2,0,3,8,7,5,0,10,2,6,7,7,4,7,2,3,11,3,3,4,11,7,7,8,7,8,2,2,4,2,5,6,7,5,7,7,2,2,11,5,0,5,11,11,0,5,5,9,6,9,11,0,2,7,0,6,9,10,7,2,10,0,11,5,2,7,9,6,9,7,7,10,10,4,0,5,3,11,10
8,3,3,3,3,4,6,10,7,9,6,2,2,5,0,10,6,10,6,7,2,4,0,0,5,11,2,8,8,10,11,11,8,8,0,0,3,8,5,4,10,10,4,8,11,9,11,5,2,4,6,3,7,7,7,4,8,0,10,2,0,3,11,11,4,0,4,2,9,0,9,3,2,4,9,8,6,2,11,3,7,8,8,5,8,3,4,0,4,4,5,0,8,8,9,8,9,3,3,5,3,6,7,8,6,8,8,3,3,0,6,2,6,0,0,2,6,6,10,7,10,0,2,3,8,2,7,10,11,8,3,11,2,0,6,3,8,10,7,10,8,8,11,11,5,2,6,4,0,11
9,4,4,4,4,5,7,11,8,10,7,3,3,6,2,11,7,11,7,8,3,5,2,2,6,0,3,9,9,11,0,0,9,9,2,2,4,9,6,5,11,11,5,9,0,10,0,6,3,5,7,4,8,8,8,5,9,2,11,3,2,4,0,0,5,2,5,3,10,2,10,4,3,5,10,9,7,3,0,4,8,9,9,6,9,4,5,2,5,5,6,2,9,9,10,9,10,4,4,6,4,7,8,9,7,9,9,4,4,2,7,3,7,2,2,3,7,7,11,8,11,2,3,4,9,3,8,11,0,9,4,0,3,2,7,4,9,11,8,11,9,9,0,0,6,3,7,5,2,0
10,5,5,5,5,6,8,0,9,11,8,4,4,7,3,0,8,0,8,9,4,6,3,3,7,2,4,10,10,0,2,2,10,10,3,3,5,10,7,6,0,0,6,10,2,11,2,7,4,6,8,5,9,9,9,6,10,3,0,4,3,5,2,2,6,3,6,4,11,3,11,5,4,6,11,10,8,4,2,5,9,10,10,7,10,5,6,3,6,6,7,3,10,10,11,10,11,5,5,7,5,8,9,10,8,10,10,5,5,3,8,4,8,3,3,4,8,8,0,9,0,3,4,5,10,4,9,0,2,10,5,2,4,3,8,5,10,0,9,0,10,10,2,2,7,4,8,6,3,2
11,6,6,6,6,7,9,2,10,0,9,5,5,8,4,2,9,2,9,10,5,7,4,4,8,3,5,11,11,2,3,3,11,11,4,4,6,11,8,7,2,2,7,11,3,0,3,8,5,7,9,6,10,10,10,7,11,4,2,5,4,6,3,3,7,4,7,5,0,4,0,6,5,7,0,11,9,5,3,6,10,11,11,8,11,6,7,4,7,7,8,4,11,11,0,11,0,6,6,8,6,9,10,11,9,11,11,6,6,4,9,5,9,4,4,5,9,9,2,10,2,4,5,6,11,5,10,2,3,11,6,3,5,4,9,6,11,2,10,2,11,11,3,3,8,5,9,7,4,3
0,7,7,7,7,8,10,3,11,2,10,6,6,9,5,3,10,3,10,11,6,8,5,5,9,4,6,0,0,3,4,4,0,0,5,5,7,0,9,8,3,3,8,0,4,2,4,9,6,8,10,7,11,11,11,8,0,5,3,6,5,7,4,4,8,5,8,6,2,5,2,7,6,8,2,0,10,6,4,7,11,0,0,9,0,7,8,5,8,8,9,5,0,0,2,0,2,7,7,9,7,10,11,0,10,0,0,7,7,5,10,6,10,5,5,6,10,10,3,11,3,5,6,7,0,6,11,3,4,0,7,4,6,5,10,7,0,3,11,3,0,0,4,4,9,6,10,8,5,4
2,8,8,8,8,9,11,4,0,3,11,7,7,10,6,4,11,4,11,0,7,9,6,6,10,5,7,2,2,4,5,5,2,2,6,6,8,2,10,9,4,4,9,2,5,3,5,10,7,9,11,8,0,0,0,9,2,6,4,7,6,8,5,5,9,6,9,7,3,6,3,8,7,9,3,2,11,7,5,8,0,2,2,10,2,8,9,6,9,9,10,6,2,2,3,2,3,8,8,10,8,11,0,2,11,2,2,8,8,6,11,7,11,6,6,7,11,11,4,0,4,6,7,8,2,7,0,4,5,2,8,5,7,6,11,8,2,4,0,4,2,2,5,5,10,7,11,9,6,5
3,9,9,9,9,10,0,5,2,4,0,8,8,11,7,5,0,5,0,2,8,10,7,7,11,6,8,3,3,5,6,6,3,3,7,7,9,3,11,10,5,5,10,3,6,4,6,11,8,10,0,9,2,2,2,10,3,7,5,8,7,9,6,6,10,7,10,8,4,7,4,9,8,10,4,3,0,8,6,9,2,3,3,11,3,9,10,7,10,10,11,7,3,3,4,3,4,9,9,11,9,0,2,3,0,3,3,9,9,7,0,8,0,7,7,8,0,0,5,2,5,7,8,9,3,8,2,5,6,3,9,6,8,7,0,9,3,5,2,5,3,3,6,6,11,8,0,10,7,6
4,10,10,10,10,11,2,6,3,5,2,9,9,0,8,6,2,6,2,3,9,11,8,8,0,7,9,4,4,6,7,7,4,4,8,8,10,4,0,11,6,6,11,4,7,5,7,0,9,11,2,10,3,3,3,11,4,8,6,9,8,10,7,7,11,8,11,9,5,8,5,10,9,11,5,4,2,9,7,10,3,4,4,0,4,10,11,8,11,11,0,8,4,4,5,4,5,10,10,0,10,2,3,4,2,4,4,10,10,8,2,9,2,8,8,9,2,2,6,3,6,8,9,10,4,9,3,6,7,4,10,7,9,8,2,10,4,6,3,6,4,4,7,7,0,9,2,11,8,7
5,11,11,11,11,0,3,7,4,6,3,10,10,2,9,7,3,7,3,4,10,0,9,9,2,8,10,5,5,7,8,8,5,5,9,9,11,5,2,0,7,7,0,5,8,6,8,2,10,0,3,11,4,4,4,0,5,9,7,10,9,11,8,8,0,9,0,10,6,9,6,11,10,0,6,5,3,10,8,11,4,5,5,2,5,11,0,9,0,0,2,9,5,5,6,5,6,11,11,2,11,3,4,5,3,5,5,11,11,9,3,10,3,9,9,10,3,3,7,4,7,9,10,11,5,10,4,7,8,5,11,8,10,9,3,11,5,7,4,7,5,5,8,8,2,10,3,0,9,8
6,0,0,0,0,2,4,8,5,7,4,11,11,3,10,8,4,8,4,5,11,2,10,10,3,9,11,6,6,8,9,9,6,6,10,10,0,6,3,2,8,8,2,6,9,7,9,3,11,2,4,0,5,5,5,2,6,10,8,11,10,0,9,9,2,10,2,11,7,10,7,0,11,2,7,6,4,11,9,0,5,6,6,3,6,0,2,10,2,2,3,10,6,6,7,6,7,0,0,3,0,4,5,6,4,6,6,0,0,10,4,11,4,10,10,11,4,4,8,5,8,10,11,0,6,11,5,8,9,6,0,9,11,10,4,0,6,8,5,8,6,6,9,9,3,11,4,2,10,9
7,2,2,2,2,3,5,9,6,8,5,0,0,4,11,9,5,9,5,6,0,3,11,11,4,10,0,7,7,9,10,10,7,7,11,11,2,7,4,3,9,9,3,7,10,8,10,4,0,3,5,2,6,6,6,3,7,11,9,0,11,2,10,10,3,11,3,0,8,11,8,2,0,3,8,7,5,0,10,2,6,7,7,4,7,2,3,11,3,3,4,11,7,7,8,7,8,2,2,4,2,5,6,7,5,7,7,2,2,11,5,0,5,11,11,0,5,5,9,6,9,11,0,2,7,0,6,9,10,7,2,10,0,11,5,2,7,9,6,9,7,7,10,10,4,0,5,3,11,10
8,3,3,3,3,4,6,10,7,9,6,2,2,5,0,10,6,10,6,7,2,4,0,0,5,11,2,8,8,10,11,11,8,8,0,0,3,8,5,4,10,10,4,8,11,9,11,5,2,4,6,3,7,7,7,4,8,0,10,2,0,3,11,11,4,0,4,2,9,0,9,3,2,4,9,8,6,2,11,3,7,8,8,5,8,3,4,0,4,4,5,0,8,8,9,8,9,3,3,5,3,6,7,8,6,8,8,3,3,0,6,2,6,0,0,2,6,6,10,7,10,0,2,3,8,2,7,10,11,8,3,11,2,0,6,3,8,10,7,10,8,8,11,11,5,2,6,4,0,11
9,4,4,4,4,5,7,11,8,10,7,3,3,6,2,11,7,11,7,8,3,5,2,2,6,0,3,9,9,11,0,0,9,9,2,2,4,9,6,5,11,11,5,9,0,10,0,6,3,5,7,4,8,8,8,5,9,2,11,3,2,4,0,0,5,2,5,3,10,2,10,4,3,5,10,9,7,3,0,4,8,9,9,6,9,4,5,2,5,5,6,2,9,9,10,9,10,4,4,6,4,7,8,9,7,9,9,4,4,2,7,3,7,2,2,3,7,7,11,8,11,2,3,4,9,3,8,11,0,9,4,0,3,2,7,4,9,11,8,11,9,9,0,0,6,3,7,5,2,0
10,5,5,5,5,6,8,0,9,11,8,4,4,7,3,0,8,0,8,9,4,6,3,3,7,2,4,10,10,0,2,2,10,10,3,3,5,10,7,6,0,0,6,10,2,11,2,7,4,6,8,5,9,9,9,6,10,3,0,4,3,5,2,2,6,3,6,4,11,3,11,5,4,6,11,10,8,4,2,5,9,10,10,7,10,5,6,3,6,6,7,3,10,10,11,10,11,5,5,7,5,8,9,10,8,10,10,5,5,3,8,4,8,3,3,4,8,8,0,9,0,3,4,5,10,4,9,0,2,10,5,2,4,3,8,5,10,0,9,0,10,10,2,2,7,4,8,6,3,2
11,6,6,6,6,7,9,2,10,0,9,5,5,8,4,2,9,2,9,10,5,7,4,4,8,3,5,11,11,2,3,3,11,11,4,4,6,11,8,7,2,2,7,11,3,0,3,8,5,7,9,6,10,10,10,7,11,4,2,5,4,6,3,3,7,4,7,5,0,4,0,6,5,7,0,11,9,5,3,6,10,11,11,8,11,6,7,4,7,7,8,4,11,11,0,11,0,6,6,8,6,9,10,11,9,11,11,6,6,4,9,5,9,4,4,5,9,9,2,10,2,4,5,6,11,5,10,2,3,11,6,3,5,4,9,6,11,2,10,2,11,11,3,3,8,5,9,7,4,3
0,7,7,7,7,8,10,3,11,2,10,6,6,9,5,3,10,3,10,11,6,8,5,5,9,4,6,0,0,3,4,4,0,0,5,5,7,0,9,8,3,3,8,0,4,2,4,9,6,8,10,7,11,11,11,8,0,5,3,6,5,7,4,4,8,5,8,6,2,5,2,7,6,8,2,0,10,6,4,7,11,0,0,9,0,7,8,5,8,8,9,5,0,0,2,0,2,7,7,9,7,10,11,0,10,0,0,7,7,5,10,6,10,5,5,6,10,10,3,11,3,5,6,7,0,6,11,3,4,0,7,4,6,5,10,7,0,3,11,3,0,0,4,4,9,6,10,8,5,4
2,8,8,8,8,9,11,4,0,3,11,7,7,10,6,4,11,4,11,0,7,9,6,6,10,5,7,2,2,4,5,5,2,2,6,6,8,2,10,9,4,4,9,2,5,3,5,10,7,9,11,8,0,0,0,9,2,6,4,7,6,8,5,5,9,6,9,7,3,6,3,8,7,9,3,2,11,7,5,8,0,2,2,10,2,8,9,6,9,9,10,6,2,2,3,2,3,8,8,10,8,11,0,2,11,2,2,8,8,6,11,7,11,6,6,7,11,11,4,0,4,6,7,8,2,7,0,4,5,2,8,5,7,6,11,8,2,4,0,4,2,2,5,5,10,7,11,9,6,5
3,9,9,9,9,10,0,5,2,4,0,8,8,11,7,5,0,5,0,2,8,10,7,7,11,6,8,3,3,5,6,6,3,3,7,7,9,3,11,10,5,5,10,3,6,4,6,11,8,10,0,9,2,2,2,10,3,7,5,8,7,9,6,6,10,7,10,8,4,7,4,9,8,10,4,3,0,8,6,9,2,3,3,11,3,9,10,7,10,10,11,7,3,3,4,3,4,9,9,11,9,0,2,3,0,3,3,9,9,7,0,8,0,7,7,8,0,0,5,2,5,7,8,9,3,8,2,5,6,3,9,6,8,7,0,9,3,5,2,5,3,3,6,6,11,8,0,10,7,6
4,10,10,10,10,11,2,6,3,5,2,9,9,0,8,6,2,6,2,3,9,11,8,8,0,7,9,4,4,6,7,7,4,4,8,8,10,4,0,11,6,6,11,4,7,5,7,0,9,11,2,10,3,3,3,11,4,8,6,9,8,10,7,7,11,8,11,9,5,8,5,10,9,11,5,4,2,9,7,10,3,4,4,0,4,10,11,8,11,11,0,8,4,4,5,4,5,10,10,0,10,2,3,4,2,4,4,10,10,8,2,9,2,8,8,9,2,2,6,3,6,8,9,10,4,9,3,6,7,4,10,7,9,8,2,10,4,6,3,6,4,4,7,7,0,9,2,11,8,7
5,11,11,11,11,0,3,7,4,6,3,10,10,2,9,7,3,7,3,4,10,0,9,9,2,8,10,5,5,7,8,8,5,5,9,9,11,5,2,0,7,7,0,5,8,6,8,2,10,0,3,11,4,4,4,0,5,9,7,10,9,11,8,8,0,9,0,10,6,9,6,11,10,0,6,5,3,10,8,11,4,5,5,2,5,11,0,9,0,0,2,9,5,5,6,5,6,11,11,2,11,3,4,5,3,5,5,11,11,9,3,10,3,9,9,10,3,3,7,4,7,9,10,11,5,10,4,7,8,5,11,8,10,9,3,11,5,7,4,7,5,5,8,8,2,10,3,0,9,8
6,0,0,0,0,2,4,8,5,7,4,11,11,3,10,8,4,8,4,5,11,2,10,10,3,9,11,6,6,8,9,9,6,6,10,10,0,6,3,2,8,8,2,6,9,7,9,3,11,2,4,0,5,5,5,2,6,10,8,11,10,0,9,9,2,10,2,11,7,10,7,0,11,2,7,6,4,11,9,0,5,6,6,3,6,0,2,10,2,2,3,10,6,6,7,6,7,0,0,3,0,4,5,6,4,6,6,0,0,10,4,11,4,10,10,11,4,4,8,5,8,10,11,0,6,11,5,8,9,6,0,9,11,10,4,0,6,8,5,8,6,6,9,9,3,11,4,2,10,9
7,2,2,2,2,3,5,9,6,8,5,0,0,4,11,9,5,9,5,6,0,3,11,11,4,10,0,7,7,9,10,10,7,7,11,11,2,7,4,3,9,9,3,7,10,8,10,4,0,3,5,2,6,6,6,3,7,11,9,0,11,2,10,10,3,11,3,0,8,11,8,2,0,3,8,7,5,0,10,2,6,7,7,4,7,2,3,11,3,3,4,11,7,7,8,7,8,2,2,4,2,5,6,7,5,7,7,2,2,11,5,0,5,11,11,0,5,5,9,6,9,11,0,2,7,0,6,9,10,7,2,10,0,11,5,2,7,9,6,9,7,7,10,10,4,0,5,3,11,10
8,3,3,3,3,4,6,10,7,9,6,2,2,5,0,10,6,10,6,7,2,4,0,0,5,11,2,8,8,10,11,11,8,8,0,0,3,8,5,4,10,10,4,8,11,9,11,5,2,4,6,3,7,7,7,4,8,0,10,2,0,3,11,11,4,0,4,2,9,0,9,3,2,4,9,8,6,2,11,3,7,8,8,5,8,3,4,0,4,4,5,0,8,8,9,8,9,3,3,5,3,6,7,8,6,8,8,3,3,0,6,2,6,0,0,2,6,6,10,7,10,0,2,3,8,2,7,10,11,8,3,11,2,0,6,3,8,10,7,10,8,8,11,11,5,2,6,4,0,11
9,4,4,4,4,5,7,11,8,10,7,3,3,6,2,11,7,11,7,8,3,5,2,2,6,0,3,9,9,11,0,0,9,9,2,2,4,9,6,5,11,11,5,9,0,10,0,6,3,5,7,4,8,8,8,5,9,2,11,3,2,4,0,0,5,2,5,3,10,2,10,4,3,5,10,9,7,3,0,4,8,9,9,6,9,4,5,2,5,5,6,2,9,9,10,9,10,4,4,6,4,7,8,9,7,9,9,4,4,2,7,3,7,2,2,3,7,7,11,8,11,2,3,4,9,3,8,11,0,9,4,0,3,2,7,4,9,11,8,11,9,9,0,0,6,3,7,5,2,0
10,5,5,5,5,6,8,0,9,11,8,4,4,7,3,0,8,0,8,9,4,6,3,3,7,2,4,10,10,0,2,2,10,10,3,3,5,10,7,6,0,0,6,10,2,11,2,7,4,6,8,5,9,9,9,6,10,3,0,4,3,5,2,2,6,3,6,4,11,3,11,5,4,6,11,10,8,4,2,5,9,10,10,7,10,5,6,3,6,6,7,3,10,10,11,10,11,5,5,7,5,8,9,10,8,10,10,5,5,3,8,4,8,3,3,4,8,8,0,9,0,3,4,5,10,4,9,0,2,10,5,2,4,3,8,5,10,0,9,0,10,10,2,2,7,4,8,6,3,2
11,6,6,6,6,7,9,2,10,0,9,5,5,8,4,2,9,2,9,10,5,7,4,4,8,3,5,11,11,2,3,3,11,11,4,4,6,11,8,7,2,2,7,11,3,0,3,8,5,7,9,6,10,10,10,7,11,4,2,5,4,6,3,3,7,4,7,5,0,4,0,6,5,7,0,11,9,5,3,6,10,11,11,8,11,6,7,4,7,7,8,4,11,11,0,11,0,6,6,8,6,9,10,11,9,11,11,6,6,4,9,5,9,4,4,5,9,9,2,10,2,4,5,6,11,5,10,2,3,11,6,3,5,4,9,6,11,2,10,2,11,11,3,3,8,5,9,7,4,3
0,7,7,7,7,8,10,3,11,2,10,6,6,9,5,3,10,3,10,11,6,8,5,5,9,4,6,0,0,3,4,4,0,0,5,5,7,0,9,8,3,3,8,0,4,2,4,9,6,8,10,7,11,11,11,8,0,5,3,6,5,7,4,4,8,5,8,6,2,5,2,7,6,8,2,0,10,6,4,7,11,0,0,9,0,7,8,5,8,8,9,5,0,0,2,0,2,7,7,9,7,10,11,0,10,0,0,7,7,5,10,6,10,5,5,6,10,10,3,11,3,5,6,7,0,6,11,3,4,0,7,4,6,5,10,7,0,3,11,3,0,0,4,4,9,6,10,8,5,4
2,8,8,8,8,9,11,4,0,3,11,7,7,10,6,4,11,4,11,0,7,9,6,6,10,5,7,2,2,4,5,5,2,2,6,6,8,2,10,9,4,4,9,2,5,3,5,10,7,9,11,8,0,0,0,9,2,6,4,7,6,8,5,5,9,6,9,7,3,6,3,8,7,9,3,2,11,7,5,8,0,2,2,10,2,8,9,6,9,9,10,6,2,2,3,2,3,8,8,10,8,11,0,2,11,2,2,8,8,6,11,7,11,6,6,7,11,11,4,0,4,6,7,8,2,7,0,4,5,2,8,5,7,6,11,8,2,4,0,4,2,2,5,5,10,7,11,9,6,5
3,9,9,9,9,10,0,5,2,4,0,8,8,11,7,5,0,5,0,2,8,10,7,7,11,6,8,3,3,5,6,6,3,3,7,7,9,3,11,10,5,5,10,3,6,4,6,11,8,10,0,9,2,2,2,10,3,7,5,8,7,9,6,6,10,7,10,8,4,7,4,9,8,10,4,3,0,8,6,9,2,3,3,11,3,9,10,7,10,10,11,7,3,3,4,3,4,9,9,11,9,0,2,3,0,3,3,9,9,7,0,8,0,7,7,8,0,0,5,2,5,7,8,9,3,8,2,5,6,3,9,6,8,7,0,9,3,5,2,5,3,3,6,6,11,8,0,10,7,6
4,10,10,10,10,11,2,6,3,5,2,9,9,0,8,6,2,6,2,3,9,11,8,8,0,7,9,4,4,6,7,7,4,4,8,8,10,4,0,11,6,6,11,4,7,5,7,0,9,11,2,10,3,3,3,11,4,8,6,9,8,10,7,7,11,8,11,9,5,8,5,10,9,11,5,4,2,9,7,10,3,4,4,0,4,10,11,8,11,11,0,8,4,4,5,4,5,10,10,0,10,2,3,4,2,4,4,10,10,8,2,9,2,8,8,9,2,2,6,3,6,8,9,10,4,9,3,6,7,4,10,7,9,8,2,10,4,6,3,6,4,4,7,7,0,9,2,11,8,7
5,11,11,11,11,0,3,7,4,6,3,10,10,2,9,7,3,7,3,4,10,0,9,9,2,8,10,5,5,7,8,8,5,5,9,9,11,5,2,0,7,7,0,5,8,6,8,2,10,0,3,11,4,4,4,0,5,9,7,10,9,11,8,8,0,9,0,10,6,9,6,11,10,0,6,5,3,10,8,11,4,5,5,2,5,11,0,9,0,0,2,9,5,5,6,5,6,11,11,2,11,3,4,5,3,5,5,11,11,9,3,10,3,9,9,10,3,3,7,4,7,9,10,11,5,10,4,7,8,5,11,8,10,9,3,11,5,7,4,7,5,5,8,8,2,10,3,0,9,8
6,0,0,0,0,2,4,8,5,7,4,11,11,3,10,8,4,8,4,5,11,2,10,10,3,9,11,6,6,8,9,9,6,6,10,10,0,6,3,2,8,8,2,6,9,7,9,3,11,2,4,0,5,5,5,2,6,10,8,11,10,0,9,9,2,10,2,11,7,10,7,0,11,2,7,6,4,11,9,0,5,6,6,3,6,0,2,10,2,2,3,10,6,6,7,6,7,0,0,3,0,4,5,6,4,6,6,0,0,10,4,11,4,10,10,11,4,4,8,5,8,10,11,0,6,11,5,8,9,6,0,9,11,10,4,0,6,8,5,8,6,6,9,9,3,11,4,2,10,9
7,2,2,2,2,3,5,9,6,8,5,0,0,4,11,9,5,9,5,6,0,3,11,11,4,10,0,7,7,9,10,10,7,7,11,11,2,7,4,3,9,9,3,7,10,8,10,4,0,3,5,2,6,6,6,3,7,11,9,0,11,2,10,10,3,11,3,0,8,11,8,2,0,3,8,7,5,0,10,2,6,7,7,4,7,2,3,11,3,3,4,11,7,7,8,7,8,2,2,4,2,5,6,7,5,7,7,2,2,11,5,0,5,11,11,0,5,5,9,6,9,11,0,2,7,0,6,9,10,7,2,10,0,11,5,2,7,9,6,9,7,7,10,10,4,0,5,3,11,10
8,3,3,3,3,4,6,10,7,9,6,2,2,5,0,10,6,10,6,7,2,4,0,0,5,11,2,8,8,10,11,11,8,8,0,0,3,8,5,4,10,10,4,8,11,9,11,5,2,4,6,3,7,7,7,4,8,0,10,2,0,3,11,11,4,0,4,2,9,0,9,3,2,4,9,8,6,2,11,3,7,8,8,5,8,3,4,0,4,4,5,0,8,8,9,8,9,3,3,5,3,6,7,8,6,8,8,3,3,0,6,2,6,0,0,2,6,6,10,7,10,0,2,3,8,2,7,10,11,8,3,11,2,0,6,3,8,10,7,10,8,8,11,11,5,2,6,4,0,11
9,4,4,4,4,5,7,11,8,10,7,3,3,6,2,11,7,11,7,8,3,5,2,2,6,0,3,9,9,11,0,0,9,9,2,2,4,9,6,5,11,11,5,9,0,10,0,6,3,5,7,4,8,8,8,5,9,2,11,3,2,4,0,0,5,2,5,3,10,2,10,4,3,5,10,9,7,3,0,4,8,9,9,6,9,4,5,2,5,5,6,2,9,9,10,9,10,4,4,6,4,7,8,9,7,9,9,4,4,2,7,3,7,2,2,3,7,7,11,8,11,2,3,4,9,3,8,11,0,9,4,0,3,2,7,4,9,11,8,11,9,9,0,0,6,3,7,5,2,0
10,5,5,5,5,6,8,0,9,11,8,4,4,7,3,0,8,0,8,9,4,6,3,3,7,2,4,10,10,0,2,2,10,10,3,3,5,10,7,6,0,0,6,10,2,11,2,7,4,6,8,5,9,9,9,6,10,3,0,4,3,5,2,2,6,3,6,4,11,3,11,5,4,6,11,10,8,4,2,5,9,10,10,7,10,5,6,3,6,6,7,3,10,10,11,10,11,5,5,7,5,8,9,10,8,10,10,5,5,3,8,4,8,3,3,4,8,8,0,9,0,3,4,5,10,4,9,0,2,10,5,2,4,3,8,5,10,0,9,0,10,10,2,2,7,4,8,6,3,2
11,6,6,6,6,7,9,2,10,0,9,5,5,8,4,2,9,2,9,10,5,7,4,4,8,3,5,11,11,2,3,3,11,11,4,4,6,11,8,7,2,2,7,11,3,0,3,8,5,7,9,6,10,10,10,7,11,4,2,5,4,6,3,3,7,4,7,5,0,4,0,6,5,7,0,11,9,5,3,6,10,11,11,8,11,6,7,4,7,7,8,4,11,11,0,11,0,6,6,8,6,9,10,11,9,11,11,6,6,4,9,5,9,4,4,5,9,9,2,10,2,4,5,6,11,5,10,2,3,11,6,3,5,4,9,6,11,2,10,2,11,11,3,3,8,5,9,7,4,3
0,7,7,7,7,8,10,3,11,2,10,6,6,9,5,3,10,3,10,11,6,8,5,5,9,4,6,0,0,3,4,4,0,0,5,5,7,0,9,8,3,3,8,0,4,2,4,9,6,8,10,7,11,11,11,8,0,5,3,6,5,7,4,4,8,5,8,6,2,5,2,7,6,8,2,0,10,6,4,7,11,0,0,9,0,7,8,5,8,8,9,5,0,0,2,0,2,7,7,9,7,10,11,0,10,0,0,7,7,5,10,6,10,5,5,6,10,10,3,11,3,5,6,7,0,6,11,3,4,0,7,4,6,5,10,7,0,3,11,3,0,0,4,4,9,6,10,8,5,4
2,8,8,8,8,9,11,4,0,3,11,7,7,10,6,4,11,4,11,0,7,9,6,6,10,5,7,2,2,4,5,5,2,2,6,6,8,2,10,9,4,4,9,2,5,3,5,10,7,9,11,8,0,0,0,9,2,6,4,7,6,8,5,5,9,6,9,7,3,6,3,8,7,9,3,2,11,7,5,8,0,2,2,10,2,8,9,6,9,9,10,6,2,2,3,2,3,8,8,10,8,11,0,2,11,2,2,8,8,6,11,7,11,6,6,7,11,11,4,0,4,6,7,8,2,7,0,4,5,2,8,5,7,6,11,8,2,4,0,4,2,2,5,5,10,7,11,9,6,5
3,9,9,9,9,10,0,5,2,4,0,8,8,11,7,5,0,5,0,2,8,10,7,7,11,6,8,3,3,5,6,6,3,3,7,7,9,3,11,10,5,5,10,3,6,4,6,11,8,10,0,9,2,2,2,10,3,7,5,8,7,9,6,6,10,7,10,8,4,7,4,9,8,10,4,3,0,8,6,9,2,3,3,11,3,9,10,7,10,10,11,7,3,3,4,3,4,9,9,11,9,0,2,3,0,3,3,9,9,7,0,8,0,7,7,8,0,0,5,2,5,7,8,9,3,8,2,5,6,3,9,6,8,7,0,9,3,5,2,5,3,3,6,6,11,8,0,10,7,6
4,10,10,10,10,11,2,6,3,5,2,9,9,0,8,6,2,6,2,3,9,11,8,8,0,7,9,4,4,6,7,7,4,4,8,8,10,4,0,11,6,6,11,4,7,5,7,0,9,11,2,10,3,3,3,11,4,8,6,9,8,10,7,7,11,8,11,9,5,8,5,10,9,11,5,4,2,9,7,10,3,4,4,0,4,10,11,8,11,11,0,8,4,4,5,4,5,10,10,0,10,2,3,4,2,4,4,10,10,8,2,9,2,8,8,9,2,2,6,3,6,8,9,10,4,9,3,6,7,4,10,7,9,8,2,10,4,6,3,6,4,4,7,7,0,9,2,11,8,7
5,11,11,11,11,0,3,7,4,6,3,10,10,2,9,7,3,7,3,4,10,0,9,9,2,8,10,5,5,7,8,8,5,5,9,9,11,5,2,0,7,7,0,5,8,6,8,2,10,0,3,11,4,4,4,0,5,9,7,10,9,11,8,8,0,9,0,10,6,9,6,11,10,0,6,5,3,10,8,11,4,5,5,2,5,11,0,9,0,0,2,9,5,5,6,5,6,11,11,2,11,3,4,5,3,5,5,11,11,9,3,10,3,9,9,10,3,3,7,4,7,9,10,11,5,10,4,7,8,5,11,8,10,9,3,11,5,7,4,7,5,5,8,8,2,10,3,0,9,8
6,0,0,0,0,2,4,8,5,7,4,11,11,3,10,8,4,8,4,5,11,2,10,10,3,9,11,6,6,8,9,9,6,6,10,10,0,6,3,2,8,8,2,6,9,7,9,3,11,2,4,0,5,5,5,2,6,10,8,11,10,0,9,9,2,10,2,11,7,10,7,0,11,2,7,6,4,11,9,0,5,6,6,3,6,0,2,10,2,2,3,10,6,6,7,6,7,0,0,3,0,4,5,6,4,6,6,0,0,10,4,11,4,10,10,11,4,4,8,5,8,10,11,0,6,11,5,8,9,6,0,9,11,10,4,0,6,8,5,8,6,6,9,9,3,11,4,2,10,9
7,2,2,2,2,3,5,9,6,8,5,0,0,4,11,9,5,9,5,6,0,3,11,11,4,10,0,7,7,9,10,10,7,7,11,11,2,7,4,3,9,9,3,7,10,8,10,4,0,3,5,2,6,6,6,3,7,11,9,0,11,2,10,10,3,11,3,0,8,11,8,2,0,3,8,7,5,0,10,2,6,7,7,4,7,2,3,11,3,3,4,11,7,7,8,7,8,2,2,4,2,5,6,7,5,7,7,2,2,11,5,0,5,11,11,0,5,5,9,6,9,11,0,2,7,0,6,9,10,7,2,10,0,11,5,2,7,9,6,9,7,7,10,10,4,0,5,3,11,10
8,3,3,3,3,4,6,10,7,9,6,2,2,5,0,10,6,10,6,7,2,4,0,0,5,11,2,8,8,10,11,11,8,8,0,0,3,8,5,4,10,10,4,8,11,9,11,5,2,4,6,3,7,7,7,4,8,0,10,2,0,3,11,11,4,0,4,2,9,0,9,3,2,4,9,8,6,2,11,3,7,8,8,5,8,3,4,0,4,4,5,0,8,8,9,8,9,3,3,5,3,6,7,8,6,8,8,3,3,0,6,2,6,0,0,2,6,6,10,7,10,0,2,3,8,2,7,10,11,8,3,11,2,0,6,3,8,10,7,10,8,8,11,11,5,2,6,4,0,11
9,4,4,4,4,5,7,11,8,10,7,3,3,6,2,11,7,11,7,8,3,5,2,2,6,0,3,9,9,11,0,0,9,9,2,2,4,9,6,5,11,11,5,9,0,10,0,6,3,5,7,4,8,8,8,5,9,2,11,3,2,4,0,0,5,2,5,3,10,2,10,4,3,5,10,9,7,3,0,4,8,9,9,6,9,4,5,2,5,5,6,2,9,9,10,9,10,4,4,6,4,7,8,9,7,9,9,4,4,2,7,3,7,2,2,3,7,7,11,8,11,2,3,4,9,3,8,11,0,9,4,0,3,2,7,4,9,11,8,11,9,9,0,0,6,3,7,5,2,0
10,5,5,5,5,6,8,0,9,11,8,4,4,7,3,0,8,0,8,9,4,6,3,3,7,2,4,10,10,0,2,2,10,10,3,3,5,10,7,6,0,0,6,10,2,11,2,7,4,6,8,5,9,9,9,6,10,3,0,4,3,5,2,2,6,3,6,4,11,3,11,5,4,6,11,10,8,4,2,5,9,10,10,7,10,5,6,3,6,6,7,3,10,10,11,10,11,5,5,7,5,8,9,10,8,10,10,5,5,3,8,4,8,3,3,4,8,8,0,9,0,3,4,5,10,4,9,0,2,10,5,2,4,3,8,5,10,0,9,0,10,10,2,2,7,4,8,6,3,2
11,6,6,6,6,7,9,2,10,0,9,5,5,8,4,2,9,2,9,10,5,7,4,4,8,3,5,11,11,2,3,3,11,11,4,4,6,11,8,7,2,2,7,11,3,0,3,8,5,7,9,6,10,10,10,7,11,4,2,5,4,6,3,3,7,4,7,5,0,4,0,6,5,7,0,11,9,5,3,6,10,11,11,8,11,6,7,4,7,7,8,4,11,11,0,11,0,6,6,8,6,9,10,11,9,11,11,6,6,4,9,5,9,4,4,5,9,9,2,10,2,4,5,6,11,5,10,2,3,11,6,3,5,4,9,6,11,2,10,2,11,11,3,3,8,5,9,7,4,3
0,7,7,7,7,8,10,3,11,2,10,6,6,9,5,3,10,3,10,11,6,8,5,5,9,4,6,0,0,3,4,4,0,0,5,5,7,0,9,8,3,3,8,0,4,2,4,9,6,8,10,7,11,11,11,8,0,5,3,6,5,7,4,4,8,5,8,6,2,5,2,7,6,8,2,0,10,6,4,7,11,0,0,9,0,7,8,5,8,8,9,5,0,0,2,0,2,7,7,9,7,10,11,0,10,0,0,7,7,5,10,6,10,5,5,6,10,10,3,11,3,5,6,7,0,6,11,3,4,0,7,4,6,5,10,7,0,3,11,3,0,0,4,4,9,6,10,8,5,4
2,8,8,8,8,9,11,4,0,3,11,7,7,10,6,4,11,4,11,0,7,9,6,6,10,5,7,2,2,4,5,5,2,2,6,6,8,2,10,9,4,4,9,2,5,3,5,10,7,9,11,8,0,0,0,9,2,6,4,7,6,8,5,5,9,6,9,7,3,6,3,8,7,9,3,2,11,7,5,8,0,2,2,10,2,8,9,6,9,9,10,6,2,2,3,2,3,8,8,10,8,11,0,2,11,2,2,8,8,6,11,7,11,6,6,7,11,11,4,0,4,6,7,8,2,7,0,4,5,2,8,5,7,6,11,8,2,4,0,4,2,2,5,5,10,7,11,9,6,5
3,9,9,9,9,10,0,5,2,4,0,8,8,11,7,5,0,5,0,2,8,10,7,7,11,6,8,3,3,5,6,6,3,3,7,7,9,3,11,10,5,5,10,3,6,4,6,11,8,10,0,9,2,2,2,10,3,7,5,8,7,9,6,6,10,7,10,8,4,7,4,9,8,10,4,3,0,8,6,9,2,3,3,11,3,9,10,7,10,10,11,7,3,3,4,3,4,9,9,11,9,0,2,3,0,3,3,9,9,7,0,8,0,7,7,8,0,0,5,2,5,7,8,9,3,8,2,5,6,3,9,6,8,7,0,9,3,5,2,5,3,3,6,6,11,8,0,10,7,6
4,10,10,10,10,11,2,6,3,5,2,9,9,0,8,6,2,6,2,3,9,11,8,8,0,7,9,4,4,6,7,7,4,4,8,8,10,4,0,11,6,6,11,4,7,5,7,0,9,11,2,10,3,3,3,11,4,8,6,9,8,10,7,7,11,8,11,9,5,8,5,10,9,11,5,4,2,9,7,10,3,4,4,0,4,10,11,8,11,11,0,8,4,4,5,4,5,10,10,0,10,2,3,4,2,4,4,10,10,8,2,9,2,8,8,9,2,2,6,3,6,8,9,10,4,9,3,6,7,4,10,7,9,8,2,10,4,6,3,6,4,4,7,7,0,9,2,11,8,7
5,11,11,11,11,0,3,7,4,6,3,10,10,2,9,7,3,7,3,4,10,0,9,9,2,8,10,5,5,7,8,8,5,5,9,9,11,5,2,0,7,7,0,5,8,6,8,2,10,0,3,11,4,4,4,0,5,9,7,10,9,11,8,8,0,9,0,10,6,9,6,11,10,0,6,5,3,10,8,11,4,5,5,2,5,11,0,9,0,0,2,9,5,5,6,5,6,11,11,2,11,3,4,5,3,5,5,11,11,9,3,10,3,9,9,10,3,3,7,4,7,9,10,11,5,10,4,7,8,5,11,8,10,9,3,11,5,7,4,7,5,5,8,8,2,10,3,0,9,8
6,0,0,0,0,2,4,8,5,7,4,11,11,3,10,8,4,8,4,5,11,2,10,10,3,9,11,6,6,8,9,9,6,6,10,10,0,6,3,2,8,8,2,6,9,7,9,3,11,2,4,0,5,5,5,2,6,10,8,11,10,0,9,9,2,10,2,11,7,10,7,0,11,2,7,6,4,11,9,0,5,6,6,3,6,0,2,10,2,2,3,10,6,6,7,6,7,0,0,3,0,4,5,6,4,6,6,0,0,10,4,11,4,10,10,11,4,4,8,5,8,10,11,0,6,11,5,8,9,6,0,9,11,10,4,0,6,8,5,8,6,6,9,9,3,11,4,2,10,9
7,2,2,2,2,3,5,9,6,8,5,0,0,4,11,9,5,9,5,6,0,3,11,11,4,10,0,7,7,9,10,10,7,7,11,11,2,7,4,3,9,9,3,7,10,8,10,4,0,3,5,2,6,6,6,3,7,11,9,0,11,2,10,10,3,11,3,0,8,11,8,2,0,3,8,7,5,0,10,2,6,7,7,4,7,2,3,11,3,3,4,11,7,7,8,7,8,2,2,4,2,5,6,7,5,7,7,2,2,11,5,0,5,11,11,0,5,5,9,6,9,11,0,2,7,0,6,9,10,7,2,10,0,11,5,2,7,9,6,9,7,7,10,10,4,0,5,3,11,10
8,3,3,3,3,4,6,10,7,9,6,2,2,5,0,10,6,10,6,7,2,4,0,0,5,11,2,8,8,10,11,11,8,8,0,0,3,8,5,4,10,10,4,8,11,9,11,5,2,4,6,3,7,7,7,4,8,0,10,2,0,3,11,11,4,0,4,2,9,0,9,3,2,4,9,8,6,2,11,3,7,8,8,5,8,3,4,0,4,4,5,0,8,8,9,8,9,3,3,5,3,6,7,8,6,8,8,3,3,0,6,2,6,0,0,2,6,6,10,7,10,0,2,3,8,2,7,10,11,8,3,11,2,0,6,3,8,10,7,10,8,8,11,11,5,2,6,4,0,11
9,4,4,4,4,5,7,11,8,10,7,3,3,6,2,11,7,11,7,8,3,5,2,2,6,0,3,9,9,11,0,0,9,9,2,2,4,9,6,5,11,11,5,9,0,10,0,6,3,5,7,4,8,8,8,5,9,2,11,3,2,4,0,0,5,2,5,3,10,2,10,4,3,5,10,9,7,3,0,4,8,9,9,6,9,4,5,2,5,5,6,2,9,9,10,9,10,4,4,6,4,7,8,9,7,9,9,4,4,2,7,3,7,2,2,3,7,7,11,8,11,2,3,4,9,3,8,11,0,9,4,0,3,2,7,4,9,11,8,11,9,9,0,0,6,3,7,5,2,0
10,5,5,5,5,6,8,0,9,11,8,4,4,7,3,0,8,0,8,9,4,6,3,3,7,2,4,10,10,0,2,2,10,10,3,3,5,10,7,6,0,0,6,10,2,11,2,7,4,6,8,5,9,9,9,6,10,3,0,4,3,5,2,2,6,3,6,4,11,3,11,5,4,6,11,10,8,4,2,5,9,10,10,7,10,5,6,3,6,6,7,3,10,10,11,10,11,5,5,7,5,8,9,10,8,10,10,5,5,3,8,4,8,3,3,4,8,8,0,9,0,3,4,5,10,4,9,0,2,10,5,2,4,3,8,5,10,0,9,0,10,10,2,2,7,4,8,6,3,2
11,6,6,6,6,7,9,2,10,0,9,5,5,8,4,2,9,2,9,10,5,7,4,4,8,3,5,11,11,2,3,3,11,11,4,4,6,11,8,7,2,2,7,11,3,0,3,8,5,7,9,6,10,10,10,7,11,4,2,5,4,6,3,3,7,4,7,5,0,4,0,6,5,7,0,11,9,5,3,6,10,11,11,8,11,6,7,4,7,7,8,4,11,11,0,11,0,6,6,8,6,9,10,11,9,11,11,6,6,4,9,5,9,4,4,5,9,9,2,10,2,4,5,6,11,5,10,2,3,11,6,3,5,4,9,6,11,2,10,2,11,11,3,3,8,5,9,7,4,3
0,7,7,7,7,8,10,3,11,2,10,6,6,9,5,3,10,3,10,11,6,8,5,5,9,4,6,0,0,3,4,4,0,0,5,5,7,0,9,8,3,3,8,0,4,2,4,9,6,8,10,7,11,11,11,8,0,5,3,6,5,7,4,4,8,5,8,6,2,5,2,7,6,8,2,0,10,6,4,7,11,0,0,9,0,7,8,5,8,8,9,5,0,0,2,0,2,7,7,9,7,10,11,0,10,0,0,7,7,5,10,6,10,5,5,6,10,10,3,11,3,5,6,7,0,6,11,3,4,0,7,4,6,5,10,7,0,3,11,3,0,0,4,4,9,6,10,8,5,4
2,8,8,8,8,9,11,4,0,3,11,7,7,10,6,4,11,4,11,0,7,9,6,6,10,5,7,2,2,4,5,5,2,2,6,6,8,2,10,9,4,4,9,2,5,3,5,10,7,9,11,8,0,0,0,9,2,6,4,7,6,8,5,5,9,6,9,7,3,6,3,8,7,9,3,2,11,7,5,8,0,2,2,10,2,8,9,6,9,9,10,6,2,2,3,2,3,8,8,10,8,11,0,2,11,2,2,8,8,6,11,7,11,6,6,7,11,11,4,0,4,6,7,8,2,7,0,4,5,2,8,5,7,6,11,8,2,4,0,4,2,2,5,5,10,7,11,9,6,5
3,9,9,9,9,10,0,5,2,4,0,8,8,11,7,5,0,5,0,2,8,10,7,7,11,6,8,3,3,5,6,6,3,3,7,7,9,3,11,10,5,5,10,3,6,4,6,11,8,10,0,9,2,2,2,10,3,7,5,8,7,9,6,6,10,7,10,8,4,7,4,9,8,10,4,3,0,8,6,9,2,3,3,11,3,9,10,7,10,10,11,7,3,3,4,3,4,9,9,11,9,0,2,3,0,3,3,9,9,7,0,8,0,7,7,8,0,0,5,2,5,7,8,9,3,8,2,5,6,3,9,6,8,7,0,9,3,5,2,5,3,3,6,6,11,8,0,10,7,6
4,10,10,10,10,11,2,6,3,5,2,9,9,0,8,6,2,6,2,3,9,11,8,8,0,7,9,4,4,6,7,7,4,4,8,8,10,4,0,11,6,6,11,4,7,5,7,0,9,11,2,10,3,3,3,11,4,8,6,9,8,10,7,7,11,8,11,9,5,8,5,10,9,11,5,4,2,9,7,10,3,4,4,0,4,10,11,8,11,11,0,8,4,4,5,4,5,10,10,0,10,2,3,4,2,4,4,10,10,8,2,9,2,8,8,9,2,2,6,3,6,8,9,10,4,9,3,6,7,4,10,7,9,8,2,10,4,6,3,6,4,4,7,7,0,9,2,11,8,7
5,11,11,11,11,0,3,7,4,6,3,10,10,2,9,7,3,7,3,4,10,0,9,9,2,8,10,5,5,7,8,8,5,5,9,9,11,5,2,0,7,7,0,5,8,6,8,2,10,0,3,11,4,4,4,0,5,9,7,10,9,11,8,8,0,9,0,10,6,9,6,11,10,0,6,5,3,10,8,11,4,5,5,2,5,11,0,9,0,0,2,9,5,5,6,5,6,11,11,2,11,3,4,5,3,5,5,11,11,9,3,10,3,9,9,10,3,3,7,4,7,9,10,11,5,10,4,7,8,5,11,8,10,9,3,11,5,7,4,7,5,5,8,8,2,10,3,0,9,8
6,0,0,0,0,2,4,8,5,7,4,11,11,3,10,8,4,8,4,5,11,2,10,10,3,9,11,6,6,8,9,9,6,6,10,10,0,6,3,2,8,8,2,6,9,7,9,3,11,2,4,0,5,5,5,2,6,10,8,11,10,0,9,9,2,10,2,11,7,10,7,0,11,2,7,6,4,11,9,0,5,6,6,3,6,0,2,10,2,2,3,10,6,6,7,6,7,0,0,3,0,4,5,6,4,6,6,0,0,10,4,11,4,10,10,11,4,4,8,5,8,10,11,0,6,11,5,8,9,6,0,9,11,10,4,0,6,8,5,8,6,6,9,9,3,11,4,2,10,9
7,2,2,2,2,3,5,9,6,8,5,0,0,4,11,9,5,9,5,6,0,3,11,11,4,10,0,7,7,9,10,10,7,7,11,11,2,7,4,3,9,9,3,7,10,8,10,4,0,3,5,2,6,6,6,3,7,11,9,0,11,2,10,10,3,11,3,0,8,11,8,2,0,3,8,7,5,0,10,2,6,7,7,4,7,2,3,11,3,3,4,11,7,7,8,7,8,2,2,4,2,5,6,7,5,7,7,2,2,11,5,0,5,11,11,0,5,5,9,6,9,11,0,2,7,0,6,9,10,7,2,10,0,11,5,2,7,9,6,9,7,7,10,10,4,0,5,3,11,10
8,3,3,3,3,4,6,10,7,9,6,2,2,5,0,10,6,10,6,7,2,4,0,0,5,11,2,8,8,10,11,11,8,8,0,0,3,8,5,4,10,10,4,8,11,9,11,5,2,4,6,3,7,7,7,4,8,0,10,2,0,3,11,11,4,0,4,2,9,0,9,3,2,4,9,8,6,2,11,3,7,8,8,5,8,3,4,0,4,4,5,0,8,8,9,8,9,3,3,5,3,6,7,8,6,8,8,3,3,0,6,2,6,0,0,2,6,6,10,7,10,0,2,3,8,2,7,10,11,8,3,11,2,0,6,3,8,10,7,10,8,8,11,11,5,2,6,4,0,11
9,4,4,4,4,5,7,11,8,10,7,3,3,6,2,11,7,11,7,8,3,5,2,2,6,0,3,9,9,11,0,0,9,9,2,2,4,9,6,5,11,11,5,9,0,10,0,6,3,5,7,4,8,8,8,5,9,2,11,3,2,4,0,0,5,2,5,3,10,2,10,4,3,5,10,9,7,3,0,4,8,9,9,6,9,4,5,2,5,5,6,2,9,9,10,9,10,4,4,6,4,7,8,9,7,9,9,4,4,2,7,3,7,2,2,3,7,7,11,8,11,2,3,4,9,3,8,11,0,9,4,0,3,2,7,4,9,11,8,11,9,9,0,0,6,3,7,5,2,0
10,5,5,5,5,6,8,0,9,11,8,4,4,7,3,0,8,0,8,9,4,6,3,3,7,2,4,10,10,0,2,2,10,10,3,3,5,10,7,6,0,0,6,10,2,11,2,7,4,6,8,5,9,9,9,6,10,3,0,4,3,5,2,2,6,3,6,4,11,3,11,5,4,6,11,10,8,4,2,5,9,10,10,7,10,5,6,3,6,6,7,3,10,10,11,10,11,5,5,7,5,8,9,10,8,10,10,5,5,3,8,4,8,3,3,4,8,8,0,9,0,3,4,5,10,4,9,0,2,10,5,2,4,3,8,5,10,0,9,0,10,10,2,2,7,4,8,6,3,2
11,6,6,6,6,7,9,2,10,0,9,5,5,8,4,2,9,2,9,10,5,7,4,4,8,3,5,11,11,2,3,3,11,11,4,4,6,11,8,7,2,2,7,11,3,0,3,8,5,7,9,6,10,10,10,7,11,4,2,5,4,6,3,3,7,4,7,5,0,4,0,6,5,7,0,11,9,5,3,6,10,11,11,8,11,6,7,4,7,7,8,4,11,11,0,11,0,6,6,8,6,9,10,11,9,11,11,6,6,4,9,5,9,4,4,5,9,9,2,10,2,4,5,6,11,5,10,2,3,11,6,3,5,4,9,6,11,2,10,2,11,11,3,3,8,5,9,7,4,3
0,7,7,7,7,8,10,3,11,2,10,6,6,9,5,3,10,3,10,11,6,8,5,5,9,4,6,0,0,3,4,4,0,0,5,5,7,0,9,8,3,3,8,0,4,2,4,9,6,8,10,7,11,11,11,8,0,5,3,6,5,7,4,4,8,5,8,6,2,5,2,7,6,8,2,0,10,6,4,7,11,0,0,9,0,7,8,5,8,8,9,5,0,0,2,0,2,7,7,9,7,10,11,0,10,0,0,7,7,5,10,6,10,5,5,6,10,10,3,11,3,5,6,7,0,6,11,3,4,0,7,4,6,5,10,7,0,3,11,3,0,0,4,4,9,6,10,8,5,4
2,8,8,8,8,9,11,4,0,3,11,7,7,10,6,4,11,4,11,0,7,9,6,6,10,5,7,2,2,4,5,5,2,2,6,6,8,2,10,9,4,4,9,2,5,3,5,10,7,9,11,8,0,0,0,9,2,6,4,7,6,8,5,5,9,6,9,7,3,6,3,8,7,9,3,2,11,7,5,8,0,2,2,10,2,8,9,6,9,9,10,6,2,2,3,2,3,8,8,10,8,11,0,2,11,2,2,8,8,6,11,7,11,6,6,7,11,11,4,0,4,6,7,8,2,7,0,4,5,2,8,5,7,6,11,8,2,4,0,4,2,2,5,5,10,7,11,9,6,5
3,9,9,9,9,10,0,5,2,4,0,8,8,11,7,5,0,5,0,2,8,10,7,7,11,6,8,3,3,5,6,6,3,3,7,7,9,3,11,10,5,5,10,3,6,4,6,11,8,10,0,9,2,2,2,10,3,7,5,8,7,9,6,6,10,7,10,8,4,7,4,9,8,10,4,3,0,8,6,9,2,3,3,11,3,9,10,7,10,10,11,7,3,3,4,3,4,9,9,11,9,0,2,3,0,3,3,9,9,7,0,8,0,7,7,8,0,0,5,2,5,7,8,9,3,8,2,5,6,3,9,6,8,7,0,9,3,5,2,5,3,3,6,6,11,8,0,10,7,6
4,10,10,10,10,11,2,6,3,5,2,9,9,0,8,6,2,6,2,3,9,11,8,8,0,7,9,4,4,6,7,7,4,4,8,8,10,4,0,11,6,6,11,4,7,5,7,0,9,11,2,10,3,3,3,11,4,8,6,9,8,10,7,7,11,8,11,9,5,8,5,10,9,11,5,4,2,9,7,10,3,4,4,0,4,10,11,8,11,11,0,8,4,4,5,4,5,10,10,0,10,2,3,4,2,4,4,10,10,8,2,9,2,8,8,9,2,2,6,3,6,8,9,10,4,9,3,6,7,4,10,7,9,8,2,10,4,6,3,6,4,4,7,7,0,9,2,11,8,7
5,11,11,11,11,0,3,7,4,6,3,10,10,2,9,7,3,7,3,4,10,0,9,9,2,8,10,5,5,7,8,8,5,5,9,9,11,5,2,0,7,7,0,5,8,6,8,2,10,0,3,11,4,4,4,0,5,9,7,10,9,11,8,8,0,9,0,10,6,9,6,11,10,0,6,5,3,10,8,11,4,5,5,2,5,11,0,9,0,0,2,9,5,5,6,5,6,11,11,2,11,3,4,5,3,5,5,11,11,9,3,10,3,9,9,10,3,3,7,4,7,9,10,11,5,10,4,7,8,5,11,8,10,9,3,11,5,7,4,7,5,5,8,8,2,10,3,0,9,8
6,0,0,0,0,2,4,8,5,7,4,11,11,3,10,8,4,8,4,5,11,2,10,10,3,9,11,6,6,8,9,9,6,6,10,10,0,6,3,2,8,8,2,6,9,7,9,3,11,2,4,0,5,5,5,2,6,10,8,11,10,0,9,9,2,10,2,11,7,10,7,0,11,2,7,6,4,11,9,0,5,6,6,3,6,0,2,10,2,2,3,10,6,6,7,6,7,0,0,3,0,4,5,6,4,6,6,0,0,10,4,11,4,10,10,11,4,4,8,5,8,10,11,0,6,11,5,8,9,6,0,9,11,10,4,0,6,8,5,8,6,6,9,9,3,11,4,2,10,9
7,2,2,2,2,3,5,9,6,8,5,0,0,4,11,9,5,9,5,6,0,3,11,11,4,10,0,7,7,9,10,10,7,7,11,11,2,7,4,3,9,9,3,7,10,8,10,4,0,3,5,2,6,6,6,3,7,11,9,0,11,2,10,10,3,11,3,0,8,11,8,2,0,3,8,7,5,0,10,2,6,7,7,4,7,2,3,11,3,3,4,11,7,7,8,7,8,2,2,4,2,5,6,7,5,7,7,2,2,11,5,0,5,11,11,0,5,5,9,6,9,11,0,2,7,0,6,9,10,7,2,10,0,11,5,2,7,9,6,9,7,7,10,10,4,0,5,3,11,10
8,3,3,3,3,4,6,10,7,9,6,2,2,5,0,10,6,10,6,7,2,4,0,0,5,11,2,8,8,10,11,11,8,8,0,0,3,8,5,4,10,10,4,8,11,9,11,5,2,4,6,3,7,7,7,4,8,0,10,2,0,3,11,11,4,0,4,2,9,0,9,3,2,4,9,8,6,2,11,3,7,8,8,5,8,3,4,0,4,4,5,0,8,8,9,8,9,3,3,5,3,6,7,8,6,8,8,3,3,0,6,2,6,0,0,2,6,6,10,7,10,0,2,3,8,2,7,10,11,8,3,11,2,0,6,3,8,10,7,10,8,8,11,11,5,2,6,4,0,11
9,4,4,4,4,5,7,11,8,10,7,3,3,6,2,11,7,11,7,8,3,5,2,2,6,0,3,9,9,11,0,0,9,9,2,2,4,9,6,5,11,11,5,9,0,10,0,6,3,5,7,4,8,8,8,5,9,2,11,3,2,4,0,0,5,2,5,3,10,2,10,4,3,5,10,9,7,3,0,4,8,9,9,6,9,4,5,2,5,5,6,2,9,9,10,9,10,4,4,6,4,7,8,9,7,9,9,4,4,2,7,3,7,2,2,3,7,7,11,8,11,2,3,4,9,3,8,11,0,9,4,0,3,2,7,4,9,11,8,11,9,9,0,0,6,3,7,5,2,0
10,5,5,5,5,6,8,0,9,11,8,4,4,7,3,0,8,0,8,9,4,6,3,3,7,2,4,10,10,0,2,2,10,10,3,3,5,10,7,6,0,0,6,10,2,11,2,7,4,6,8,5,9,9,9,6,10,3,0,4,3,5,2,2,6,3,6,4,11,3,11,5,4,6,11,10,8,4,2,5,9,10,10,7,10,5,6,3,6,6,7,3,10,10,11,10,11,5,5,7,5,8,9,10,8,10,10,5,5,3,8,4,8,3,3,4,8,8,0,9,0,3,4,5,10,4,9,0,2,10,5,2,4,3,8,5,10,0,9,0,10,10,2,2,7,4,8,6,3,2
11,6,6,6,6,7,9,2,10,0,9,5,5,8,4,2,9,2,9,10,5,7,4,4,8,3,5,11,11,2,3,3,11,11,4,4,6,11,8,7,2,2,7,11,3,0,3,8,5,7,9,6,10,10,10,7,11,4,2,5,4,6,3,3,7,4,7,5,0,4,0,6,5,7,0,11,9,5,3,6,10,11,11,8,11,6,7,4,7,7,8,4,11,11,0,11,0,6,6,8,6,9,10,11,9,11,11,6,6,4,9,5,9,4,4,5,9,9,2,10,2,4,5,6,11,5,10,2,3,11,6,3,5,4,9,6,11,2,10,2,11,11,3,3,8,5,9,7,4,3
0,7,7,7,7,8,10,3,11,2,10,6,6,9,5,3,10,3,10,11,6,8,5,5,9,4,6,0,0,3,4,4,0,0,5,5,7,0,9,8,3,3,8,0,4,2,4,9,6,8,10,7,11,11,11,8,0,5,3,6,5,7,4,4,8,5,8,6,2,5,2,7,6,8,2,0,10,6,4,7,11,0,0,9,0,7,8,5,8,8,9,5,0,0,2,0,2,7,7,9,7,10,11,0,10,0,0,7,7,5,10,6,10,5,5,6,10,10,3,11,3,5,6,7,0,6,11,3,4,0,7,4,6,5,10,7,0,3,11,3,0,0,4,4,9,6,10,8,5,4
2,8,8,8,8,9,11,4,0,3,11,7,7,10,6,4,11,4,11,0,7,9,6,6,10,5,7,2,2,4,5,5,2,2,6,6,8,2,10,9,4,4,9,2,5,3,5,10,7,9,11,8,0,0,0,9,2,6,4,7,6,8,5,5,9,6,9,7,3,6,3,8,7,9,3,2,11,7,5,8,0,2,2,10,2,8,9,6,9,9,10,6,2,2,3,2,3,8,8,10,8,11,0,2,11,2,2,8,8,6,11,7,11,6,6,7,11,11,4,0,4,6,7,8,2,7,0,4,5,2,8,5,7,6,11,8,2,4,0,4,2,2,5,5,10,7,11,9,6,5
3,9,9,9,9,10,0,5,2,4,0,8,8,11,7,5,0,5,0,2,8,10,7,7,11,6,8,3,3,5,6,6,3,3,7,7,9,3,11,10,5,5,10,3,6,4,6,11,8,10,0,9,2,2,2,10,3,7,5,8,7,9,6,6,10,7,10,8,4,7,4,9,8,10,4,3,0,8,6,9,2,3,3,11,3,9,10,7,10,10,11,7,3,3,4,3,4,9,9,11,9,0,2,3,0,3,3,9,9,7,0,8,0,7,7,8,0,0,5,2,5,7,8,9,3,8,2,5,6,3,9,6,8,7,0,9,3,5,2,5,3,3,6,6,11,8,0,10,7,6
4,10,10,10,10,11,2,6,3,5,2,9,9,0,8,6,2,6,2,3,9,11,8,8,0,7,9,4,4,6,7,7,4,4,8,8,10,4,0,11,6,6,11,4,7,5,7,0,9,11,2,10,3,3,3,11,4,8,6,9,8,10,7,7,11,8,11,9,5,8,5,10,9,11,5,4,2,9,7,10,3,4,4,0,4,10,11,8,11,11,0,8,4,4,5,4,5,10,10,0,10,2,3,4,2,4,4,10,10,8,2,9,2,8,8,9,2,2,6,3,6,8,9,10,4,9,3,6,7,4,10,7,9,8,2,10,4,6,3,6,4,4,7,7,0,9,2,11,8,7
5,11,11,11,11,0,3,7,4,6,3,10,10,2,9,7,3,7,3,4,10,0,9,9,2,8,10,5,5,7,8,8,5,5,9,9,11,5,2,0,7,7,0,5,8,6,8,2,10,0,3,11,4,4,4,0,5,9,7,10,9,11,8,8,0,9,0,10,6,9,6,11,10,0,6,5,3,10,8,11,4,5,5,2,5,11,0,9,0,0,2,9,5,5,6,5,6,11,11,2,11,3,4,5,3,5,5,11,11,9,3,10,3,9,9,10,3,3,7,4,7,9,10,11,5,10,4,7,8,5,11,8,10,9,3,11,5,7,4,7,5,5,8,8,2,10,3,0,9,8
6,0,0,0,0,2,4,8,5,7,4,11,11,3,10,8,4,8,4,5,11,2,10,10,3,9,11,6,6,8,9,9,6,6,10,10,0,6,3,2,8,8,2,6,9,7,9,3,11,2,4,0,5,5,5,2,6,10,8,11,10,0,9,9,2,10,2,11,7,10,7,0,11,2,7,6,4,11,9,0,5,6,6,3,6,0,2,10,2,2,3,10,6,6,7,6,7,0,0,3,0,4,5,6,4,6,6,0,0,10,4,11,4,10,10,11,4,4,8,5,8,10,11,0,6,11,5,8,9,6,0,9,11,10,4,0,6,8,5,8,6,6,9,9,3,11,4,2,10,9
7,2,2,2,2,3,5,9,6,8,5,0,0,4,11,9,5,9,5,6,0,3,11,11,4,10,0,7,7,9,10,10,7,7,11,11,2,7,4,3,9,9,3,7,10,8,10,4,0,3,5,2,6,6,6,3,7,11,9,0,11,2,10,10,3,11,3,0,8,11,8,2,0,3,8,7,5,0,10,2,6,7,7,4,7,2,3,11,3,3,4,11,7,7,8,7,8,2,2,4,2,5,6,7,5,7,7,2,2,11,5,0,5,11,11,0,5,5,9,6,9,11,0,2,7,0,6,9,10,7,2,10,0,11,5,2,7,9,6,9,7,7,10,10,4,0,5,3,11,10
8,3,3,3,3,4,6,10,7,9,6,2,2,5,0,10,6,10,6,7,2,4,0,0,5,11,2,8,8,10,11,11,8,8,0,0,3,8,5,4,10,10,4,8,11,9,11,5,2,4,6,3,7,7,7,4,8,0,10,2,0,3,11,11,4,0,4,2,9,0,9,3,2,4,9,8,6,2,11,3,7,8,8,5,8,3,4,0,4,4,5,0,8,8,9,8,9,3,3,5,3,6,7,8,6,8,8,3,3,0,6,2,6,0,0,2,6,6,10,7,10,0,2,3,8,2,7,10,11,8,3,11,2,0,6,3,8,10,7,10,8,8,11,11,5,2,6,4,0,11
9,4,4,4,4,5,7,11,8,10,7,3,3,6,2,11,7,11,7,8,3,5,2,2,6,0,3,9,9,11,0,0,9,9,2,2,4,9,6,5,11,11,5,9,0,10,0,6,3,5,7,4,8,8,8,5,9,2,11,3,2,4,0,0,5,2,5,3,10,2,10,4,3,5,10,9,7,3,0,4,8,9,9,6,9,4,5,2,5,5,6,2,9,9,10,9,10,4,4,6,4,7,8,9,7,9,9,4,4,2,7,3,7,2,2,3,7,7,11,8,11,2,3,4,9,3,8,11,0,9,4,0,3,2,7,4,9,11,8,11,9,9,0,0,6,3,7,5,2,0
10,5,5,5,5,6,8,0,9,11,8,4,4,7,3,0,8,0,8,9,4,6,3,3,7,2,4,10,10,0,2,2,10,10,3,3,5,10,7,6,0,0,6,10,2,11,2,7,4,6,8,5,9,9,9,6,10,3,0,4,3,5,2,2,6,3,6,4,11,3,11,5,4,6,11,10,8,4,2,5,9,10,10,7,10,5,6,3,6,6,7,3,10,10,11,10,11,5,5,7,5,8,9,10,8,10,10,5,5,3,8,4,8,3,3,4,8,8,0,9,0,3,4,5,10,4,9,0,2,10,5,2,4,3,8,5,10,0,9,0,10,10,2,2,7,4,8,6,3,2
11,6,6,6,6,7,9,2,10,0,9,5,5,8,4,2,9,2,9,10,5,7,4,4,8,3,5,11,11,2,3,3,11,11,4,4,6,11,8,7,2,2,7,11,3,0,3,8,5,7,9,6,10,10,10,7,11,4,2,5,4,6,3,3,7,4,7,5,0,4,0,6,5,7,0,11,9,5,3,6,10,11,11,8,11,6,7,4,7,7,8,4,11,11,0,11,0,6,6,8,6,9,10,11,9,11,11,6,6,4,9,5,9,4,4,5,9,9,2,10,2,4,5,6,11,5,10,2,3,11,6,3,5,4,9,6,11,2,10,2,11,11,3,3,8,5,9,7,4,3
0,7,7,7,7,8,10,3,11,2,10,6,6,9,5,3,10,3,10,11,6,8,5,5,9,4,6,0,0,3,4,4,0,0,5,5,7,0,9,8,3,3,8,0,4,2,4,9,6,8,10,7,11,11,11,8,0,5,3,6,5,7,4,4,8,5,8,6,2,5,2,7,6,8,2,0,10,6,4,7,11,0,0,9,0,7,8,5,8,8,9,5,0,0,2,0,2,7,7,9,7,10,11,0,10,0,0,7,7,5,10,6,10,5,5,6,10,10,3,11,3,5,6,7,0,6,11,3,4,0,7,4,6,5,10,7,0,3,11,3,0,0,4,4,9,6,10,8,5,4
2,8,8,8,8,9,11,4,0,3,11,7,7,10,6,4,11,4,11,0,7,9,6,6,10,5,7,2,2,4,5,5,2,2,6,6,8,2,10,9,4,4,9,2,5,3,5,10,7,9,11,8,0,0,0,9,2,6,4,7,6,8,5,5,9,6,9,7,3,6,3,8,7,9,3,2,11,7,5,8,0,2,2,10,2,8,9,6,9,9,10,6,2,2,3,2,3,8,8,10,8,11,0,2,11,2,2,8,8,6,11,7,11,6,6,7,11,11,4,0,4,6,7,8,2,7,0,4,5,2,8,5,7,6,11,8,2,4,0,4,2,2,5,5,10,7,11,9,6,5
3,9,9,9,9,10,0,5,2,4,0,8,8,11,7,5,0,5,0,2,8,10,7,7,11,6,8,3,3,5,6,6,3,3,7,7,9,3,11,10,5,5,10,3,6,4,6,11,8,10,0,9,2,2,2,10,3,7,5,8,7,9,6,6,10,7,10,8,4,7,4,9,8,10,4,3,0,8,6,9,2,3,3,11,3,9,10,7,10,10,11,7,3,3,4,3,4,9,9,11,9,0,2,3,0,3,3,9,9,7,0,8,0,7,7,8,0,0,5,2,5,7,8,9,3,8,2,5,6,3,9,6,8,7,0,9,3,5,2,5,3,3,6,6,11,8,0,10,7,6
4,10,10,10,10,11,2,6,3,5,2,9,9,0,8,6,2,6,2,3,9,11,8,8,0,7,9,4,4,6,7,7,4,4,8,8,10,4,0,11,6,6,11,4,7,5,7,0,9,11,2,10,3,3,3,11,4,8,6,9,8,10,7,7,11,8,11,9,5,8,5,10,9,11,5,4,2,9,7,10,3,4,4,0,4,10,11,8,11,11,0,8,4,4,5,4,5,10,10,0,10,2,3,4,2,4,4,10,10,8,2,9,2,8,8,9,2,2,6,3,6,8,9,10,4,9,3,6,7,4,10,7,9,8,2,10,4,6,3,6,4,4,7,7,0,9,2,11,8,7
5,11,11,11,11,0,3,7,4,6,3,10,10,2,9,7,3,7,3,4,10,0,9,9,2,8,10,5,5,7,8,8,5,5,9,9,11,5,2,0,7,7,0,5,8,6,8,2,10,0,3,11,4,4,4,0,5,9,7,10,9,11,8,8,0,9,0,10,6,9,6,11,10,0,6,5,3,10,8,11,4,5,5,2,5,11,0,9,0,0,2,9,5,5,6,5,6,11,11,2,11,3,4,5,3,5,5,11,11,9,3,10,3,9,9,10,3,3,7,4,7,9,10,11,5,10,4,7,8,5,11,8,10,9,3,11,5,7,4,7,5,5,8,8,2,10,3,0,9,8
6,0,0,0,0,2,4,8,5,7,4,11,11,3,10,8,4,8,4,5,11,2,10,10,3,9,11,6,6,8,9,9,6,6,10,10,0,6,3,2,8,8,2,6,9,7,9,3,11,2,4,0,5,5,5,2,6,10,8,11,10,0,9,9,2,10,2,11,7,10,7,0,11,2,7,6,4,11,9,0,5,6,6,3,6,0,2,10,2,2,3,10,6,6,7,6,7,0,0,3,0,4,5,6,4,6,6,0,0,10,4,11,4,10,10,11,4,4,8,5,8,10,11,0,6,11,5,8,9,6,0,9,11,10,4,0,6,8,5,8,6,6,9,9,3,11,4,2,10,9
7,2,2,2,2,3,5,9,6,8,5,0,0,4,11,9,5,9,5,6,0,3,11,11,4,10,0,7,7,9,10,10,7,7,11,11,2,7,4,3,9,9,3,7,10,8,10,4,0,3,5,2,6,6,6,3,7,11,9,0,11,2,10,10,3,11,3,0,8,11,8,2,0,3,8,7,5,0,10,2,6,7,7,4,7,2,3,11,3,3,4,11,7,7,8,7,8,2,2,4,2,5,6,7,5,7,7,2,2,11,5,0,5,11,11,0,5,5,9,6,9,11,0,2,7,0,6,9,10,7,2,10,0,11,5,2,7,9,6,9,7,7,10,10,4,0,5,3,11,10
8,3,3,3,3,4,6,10,7,9,6,2,2,5,0,10,6,10,6,7,2,4,0,0,5,11,2,8,8,10,11,11,8,8,0,0,3,8,5,4,10,10,4,8,11,9,11,5,2,4,6,3,7,7,7,4,8,0,10,2,0,3,11,11,4,0,4,2,9,0,9,3,2,4,9,8,6,2,11,3,7,8,8,5,8,3,4,0,4,4,5,0,8,8,9,8,9,3,3,5,3,6,7,8,6,8,8,3,3,0,6,2,6,0,0,2,6,6,10,7,10,0,2,3,8,2,7,10,11,8,3,11,2,0,6,3,8,10,7,10,8,8,11,11,5,2,6,4,0,11
9,4,4,4,4,5,7,11,8,10,7,3,3,6,2,11,7,11,7,8,3,5,2,2,6,0,3,9,9,11,0,0,9,9,2,2,4,9,6,5,11,11,5,9,0,10,0,6,3,5,7,4,8,8,8,5,9,2,11,3,2,4,0,0,5,2,5,3,10,2,10,4,3,5,10,9,7,3,0,4,8,9,9,6,9,4,5,2,5,5,6,2,9,9,10,9,10,4,4,6,4,7,8,9,7,9,9,4,4,2,7,3,7,2,2,3,7,7,11,8,11,2,3,4,9,3,8,11,0,9,4,0,3,2,7,4,9,11,8,11,9,9,0,0,6,3,7,5,2,0
10,5,5,5,5,6,8,0,9,11,8,4,4,7,3,0,8,0,8,9,4,6,3,3,7,2,4,10,10,0,2,2,10,10,3,3,5,10,7,6,0,0,6,10,2,11,2,7,4,6,8,5,9,9,9,6,10,3,0,4,3,5,2,2,6,3,6,4,11,3,11,5,4,6,11,10,8,4,2,5,9,10,10,7,10,5,6,3,6,6,7,3,10,10,11,10,11,5,5,7,5,8,9,10,8,10,10,5,5,3,8,4,8,3,3,4,8,8,0,9,0,3,4,5,10,4,9,0,2,10,5,2,4,3,8,5,10,0,9,0,10,10,2,2,7,4,8,6,3,2
11,6,6,6,6,7,9,2,10,0,9,5,5,8,4,2,9,2,9,10,5,7,4,4,8,3,5,11,11,2,3,3,11,11,4,4,6,11,8,7,2,2,7,11,3,0,3,8,5,7,9,6,10,10,10,7,11,4,2,5,4,6,3,3,7,4,7,5,0,4,0,6,5,7,0,11,9,5,3,6,10,11,11,8,11,6,7,4,7,7,8,4,11,11,0,11,0,6,6,8,6,9,10,11,9,11,11,6,6,4,9,5,9,4,4,5,9,9,2,10,2,4,5,6,11,5,10,2,3,11,6,3,5,4,9,6,11,2,10,2,11,11,3,3,8,5,9,7,4,3
0,7,7,7,7,8,10,3,11,2,10,6,6,9,5,3,10,3,10,11,6,8,5,5,9,4,6,0,0,3,4,4,0,0,5,5,7,0,9,8,3,3,8,0,4,2,4,9,6,8,10,7,11,11,11,8,0,5,3,6,5,7,4,4,8,5,8,6,2,5,2,7,6,8,2,0,10,6,4,7,11,0,0,9,0,7,8,5,8,8,9,5,0,0,2,0,2,7,7,9,7,10,11,0,10,0,0,7,7,5,10,6,10,5,5,6,10,10,3,11,3,5,6,7,0,6,11,3,4,0,7,4,6,5,10,7,0,3,11,3,0,0,4,4,9,6,10,8,5,4
2,8,8,8,8,9,11,4,0,3,11,7,7,10,6,4,11,4,11,0,7,9,6,6,10,5,7,2,2,4,5,5,2,2,6,6,8,2,10,9,4,4,9,2,5,3,5,10,7,9,11,8,0,0,0,9,2,6,4,7,6,8,5,5,9,6,9,7,3,6,3,8,7,9,3,2,11,7,5,8,0,2,2,10,2,8,9,6,9,9,10,6,2,2,3,2,3,8,8,10,8,11,0,2,11,2,2,8,8,6,11,7,11,6,6,7,11,11,4,0,4,6,7,8,2,7,0,4,5,2,8,5,7,6,11,8,2,4,0,4,2,2,5,5,10,7,11,9,6,5
3,9,9,9,9,10,0,5,2,4,0,8,8,11,7,5,0,5,0,2,8,10,7,7,11,6,8,3,3,5,6,6,3,3,7,7,9,3,11,10,5,5,10,3,6,4,6,11,8,10,0,9,2,2,2,10,3,7,5,8,7,9,6,6,10,7,10,8,4,7,4,9,8,10,4,3,0,8,6,9,2,3,3,11,3,9,10,7,10,10,11,7,3,3,4,3,4,9,9,11,9,0,2,3,0,3,3,9,9,7,0,8,0,7,7,8,0,0,5,2,5,7,8,9,3,8,2,5,6,3,9,6,8,7,0,9,3,5,2,5,3,3,6,6,11,8,0,10,7,6
4,10,10,10,10,11,2,6,3,5,2,9,9,0,8,6,2,6,2,3,9,11,8,8,0,7,9,4,4,6,7,7,4,4,8,8,10,4,0,11,6,6,11,4,7,5,7,0,9,11,2,10,3,3,3,11,4,8,6,9,8,10,7,7,11,8,11,9,5,8,5,10,9,11,5,4,2,9,7,10,3,4,4,0,4,10,11,8,11,11,0,8,4,4,5,4,5,10,10,0,10,2,3,4,2,4,4,10,10,8,2,9,2,8,8,9,2,2,6,3,6,8,9,10,4,9,3,6,7,4,10,7,9,8,2,10,4,6,3,6,4,4,7,7,0,9,2,11,8,7
5,11,11,11,11,0,3,7,4,6,3,10,10,2,9,7,3,7,3,4,10,0,9,9,2,8,10,5,5,7,8,8,5,5,9,9,11,5,2,0,7,7,0,5,8,6,8,2,10,0,3,11,4,4,4,0,5,9,7,10,9,11,8,8,0,9,0,10,6,9,6,11,10,0,6,5,3,10,8,11,4,5,5,2,5,11,0,9,0,0,2,9,5,5,6,5,6,11,11,2,11,3,4,5,3,5,5,11,11,9,3,10,3,9,9,10,3,3,7,4,7,9,10,11,5,10,4,7,8,5,11,8,10,9,3,11,5,7,4,7,5,5,8,8,2,10,3,0,9,8
6,0,0,0,0,2,4,8,5,7,4,11,11,3,10,8,4,8,4,5,11,2,10,10,3,9,11,6,6,8,9,9,6,6,10,10,0,6,3,2,8,8,2,6,9,7,9,3,11,2,4,0,5,5,5,2,6,10,8,11,10,0,9,9,2,10,2,11,7,10,7,0,11,2,7,6,4,11,9,0,5,6,6,3,6,0,2,10,2,2,3,10,6,6,7,6,7,0,0,3,0,4,5,6,4,6,6,0,0,10,4,11,4,10,10,11,4,4,8,5,8,10,11,0,6,11,5,8,9,6,0,9,11,10,4,0,6,8,5,8,6,6,9,9,3,11,4,2,10,9
7,2,2,2,2,3,5,9,6,8,5,0,0,4,11,9,5,9,5,6,0,3,11,11,4,10,0,7,7,9,10,10,7,7,11,11,2,7,4,3,9,9,3,7,10,8,10,4,0,3,5,2,6,6,6,3,7,11,9,0,11,2,10,10,3,11,3,0,8,11,8,2,0,3,8,7,5,0,10,2,6,7,7,4,7,2,3,11,3,3,4,11,7,7,8,7,8,2,2,4,2,5,6,7,5,7,7,2,2,11,5,0,5,11,11,0,5,5,9,6,9,11,0,2,7,0,6,9,10,7,2,10,0,11,5,2,7,9,6,9,7,7,10,10,4,0,5,3,11,10
8,3,3,3,3,4,6,10,7,9,6,2,2,5,0,10,6,10,6,7,2,4,0,0,5,11,2,8,8,10,11,11,8,8,0,0,3,8,5,4,10,10,4,8,11,9,11,5,2,4,6,3,7,7,7,4,8,0,10,2,0,3,11,11,4,0,4,2,9,0,9,3,2,4,9,8,6,2,11,3,7,8,8,5,8,3,4,0,4,4,5,0,8,8,9,8,9,3,3,5,3,6,7,8,6,8,8,3,3,0,6,2,6,0,0,2,6,6,10,7,10,0,2,3,8,2,7,10,11,8,3,11,2,0,6,3,8,10,7,10,8,8,11,11,5,2,6,4,0,11
9,4,4,4,4,5,7,11,8,10,7,3,3,6,2,11,7,11,7,8,3,5,2,2,6,0,3,9,9,11,0,0,9,9,2,2,4,9,6,5,11,11,5,9,0,10,0,6,3,5,7,4,8,8,8,5,9,2,11,3,2,4,0,0,5,2,5,3,10,2,10,4,3,5,10,9,7,3,0,4,8,9,9,6,9,4,5,2,5,5,6,2,9,9,10,9,10,4,4,6,4,7,8,9,7,9,9,4,4,2,7,3,7,2,2,3,7,7,11,8,11,2,3,4,9,3,8,11,0,9,4,0,3,2,7,4,9,11,8,11,9,9,0,0,6,3,7,5,2,0
10,5,5,5,5,6,8,0,9,11,8,4,4,7,3,0,8,0,8,9,4,6,3,3,7,2,4,10,10,0,2,2,10,10,3,3,5,10,7,6,0,0,6,10,2,11,2,7,4,6,8,5,9,9,9,6,10,3,0,4,3,5,2,2,6,3,6,4,11,3,11,5,4,6,11,10,8,4,2,5,9,10,10,7,10,5,6,3,6,6,7,3,10,10,11,10,11,5,5,7,5,8,9,10,8,10,10,5,5,3,8,4,8,3,3,4,8,8,0,9,0,3,4,5,10,4,9,0,2,10,5,2,4,3,8,5,10,0,9,0,10,10,2,2,7,4,8,6,3,2
11,6,6,6,6,7,9,2,10,0,9,5,5,8,4,2,9,2,9,10,5,7,4,4,8,3,5,11,11,2,3,3,11,11,4,4,6,11,8,7,2,2,7,11,3,0,3,8,5,7,9,6,10,10,10,7,11,4,2,5,4,6,3,3,7,4,7,5,0,4,0,6,5,7,0,11,9,5,3,6,10,11,11,8,11,6,7,4,7,7,8,4,11,11,0,11,0,6,6,8,6,9,10,11,9,11,11,6,6,4,9,5,9,4,4,5,9,9,2,10,2,4,5,6,11,5,10,2,3,11,6,3,5,4,9,6,11,2,10,2,11,11,3,3,8,5,9,7,4,3
0,7,7,7,7,8,10,3,11,2,10,6,6,9,5,3,10,3,10,11,6,8,5,5,9,4,6,0,0,3,4,4,0,0,5,5,7,0,9,8,3,3,8,0,4,2,4,9,6,8,10,7,11,11,11,8,0,5,3,6,5,7,4,4,8,5,8,6,2,5,2,7,6,8,2,0,10,6,4,7,11,0,0,9,0,7,8,5,8,8,9,5,0,0,2,0,2,7,7,9,7,10,11,0,10,0,0,7,7,5,10,6,10,5,5,6,10,10,3,11,3,5,6,7,0,6,11,3,4,0,7,4,6,5,10,7,0,3,11,3,0,0,4,4,9,6,10,8,5,4
2,8,8,8,8,9,11,4,0,3,11,7,7,10,6,4,11,4,11,0,7,9,6,6,10,5,7,2,2,4,5,5,2,2,6,6,8,2,10,9,4,4,9,2,5,3,5,10,7,9,11,8,0,0,0,9,2,6,4,7,6,8,5,5,9,6,9,7,3,6,3,8,7,9,3,2,11,7,5,8,0,2,2,10,2,8,9,6,9,9,10,6,2,2,3,2,3,8,8,10,8,11,0,2,11,2,2,8,8,6,11,7,11,6,6,7,11,11,4,0,4,6,7,8,2,7,0,4,5,2,8,5,7,6,11,8,2,4,0,4,2,2,5,5,10,7,11,9,6,5
3,9,9,9,9,10,0,5,2,4,0,8,8,11,7,5,0,5,0,2,8,10,7,7,11,6,8,3,3,5,6,6,3,3,7,7,9,3,11,10,5,5,10,3,6,4,6,11,8,10,0,9,2,2,2,10,3,7,5,8,7,9,6,6,10,7,10,8,4,7,4,9,8,10,4,3,0,8,6,9,2,3,3,11,3,9,10,7,10,10,11,7,3,3,4,3,4,9,9,11,9,0,2,3,0,3,3,9,9,7,0,8,0,7,7,8,0,0,5,2,5,7,8,9,3,8,2,5,6,3,9,6,8,7,0,9,3,5,2,5,3,3,6,6,11,8,0,10,7,6
4,10,10,10,10,11,2,6,3,5,2,9,9,0,8,6,2,6,2,3,9,11,8,8,0,7,9,4,4,6,7,7,4,4,8,8,10,4,0,11,6,6,11,4,7,5,7,0,9,11,2,10,3,3,3,11,4,8,6,9,8,10,7,7,11,8,11,9,5,8,5,10,9,11,5,4,2,9,7,10,3,4,4,0,4,10,11,8,11,11,0,8,4,4,5,4,5,10,10,0,10,2,3,4,2,4,4,10,10,8,2,9,2,8,8,9,2,2,6,3,6,8,9,10,4,9,3,6,7,4,10,7,9,8,2,10,4,6,3,6,4,4,7,7,0,9,2,11,8,7
5,11,11,11,11,0,3,7,4,6,3,10,10,2,9,7,3,7,3,4,10,0,9,9,2,8,10,5,5,7,8,8,5,5,9,9,11,5,2,0,7,7,0,5,8,6,8,2,10,0,3,11,4,4,4,0,5,9,7,10,9,11,8,8,0,9,0,10,6,9,6,11,10,0,6,5,3,10,8,11,4,5,5,2,5,11,0,9,0,0,2,9,5,5,6,5,6,11,11,2,11,3,4,5,3,5,5,11,11,9,3,10,3,9,9,10,3,3,7,4,7,9,10,11,5,10,4,7,8,5,11,8,10,9,3,11,5,7,4,7,5,5,8,8,2,10,3,0,9,8
6,0,0,0,0,2,4,8,5,7,4,11,11,3,10,8,4,8,4,5,11,2,10,10,3,9,11,6,6,8,9,9,6,6,10,10,0,6,3,2,8,8,2,6,9,7,9,3,11,2,4,0,5,5,5,2,6,10,8,11,10,0,9,9,2,10,2,11,7,10,7,0,11,2,7,6,4,11,9,0,5,6,6,3,6,0,2,10,2,2,3,10,6,6,7,6,7,0,0,3,0,4,5,6,4,6,6,0,0,10,4,11,4,10,10,11,4,4,8,5,8,10,11,0,6,11,5,8,9,6,0,9,11,10,4,0,6,8,5,8,6,6,9,9,3,11,4,2,10,9
7,2,2,2,2,3,5,9,6,8,5,0,0,4,11,9,5,9,5,6,0,3,11,11,4,10,0,7,7,9,10,10,7,7,11,11,2,7,4,3,9,9,3,7,10,8,10,4,0,3,5,2,6,6,6,3,7,11,9,0,11,2,10,10,3,11,3,0,8,11,8,2,0,3,8,7,5,0,10,2,6,7,7,4,7,2,3,11,3,3,4,11,7,7,8,7,8,2,2,4,2,5,6,7,5,7,7,2,2,11,5,0,5,11,11,0,5,5,9,6,9,11,0,2,7,0,6,9,10,7,2,10,0,11,5,2,7,9,6,9,7,7,10,10,4,0,5,3,11,10
8,3,3,3,3,4,6,10,7,9,6,2,2,5,0,10,6,10,6,7,2,4,0,0,5,11,2,8,8,10,11,11,8,8,0,0,3,8,5,4,10,10,4,8,11,9,11,5,2,4,6,3,7,7,7,4,8,0,10,2,0,3,11,11,4,0,4,2,9,0,9,3,2,4,9,8,6,2,11,3,7,8,8,5,8,3,4,0,4,4,5,0,8,8,9,8,9,3,3,5,3,6,7,8,6,8,8,3,3,0,6,2,6,0,0,2,6,6,10,7,10,0,2,3,8,2,7,10,11,8,3,11,2,0,6,3,8,10,7,10,8,8,11,11,5,2,6,4,0,11
9,4,4,4,4,5,7,11,8,10,7,3,3,6,2,11,7,11,7,8,3,5,2,2,6,0,3,9,9,11,0,0,9,9,2,2,4,9,6,5,11,11,5,9,0,10,0,6,3,5,7,4,8,8,8,5,9,2,11,3,2,4,0,0,5,2,5,3,10,2,10,4,3,5,10,9,7,3,0,4,8,9,9,6,9,4,5,2,5,5,6,2,9,9,10,9,10,4,4,6,4,7,8,9,7,9,9,4,4,2,7,3,7,2,2,3,7,7,11,8,11,2,3,4,9,3,8,11,0,9,4,0,3,2,7,4,9,11,8,11,9,9,0,0,6,3,7,5,2,0
10,5,5,5,5,6,8,0,9,11,8,4,4,7,3,0,8,0,8,9,4,6,3,3,7,2,4,10,10,0,2,2,10,10,3,3,5,10,7,6,0,0,6,10,2,11,2,7,4,6,8,5,9,9,9,6,10,3,0,4,3,5,2,2,6,3,6,4,11,3,11,5,4,6,11,10,8,4,2,5,9,10,10,7,10,5,6,3,6,6,7,3,10,10,11,10,11,5,5,7,5,8,9,10,8,10,10,5,5,3,8,4,8,3,3,4,8,8,0,9,0,3,4,5,10,4,9,0,2,10,5,2,4,3,8,5,10,0,9,0,10,10,2,2,7,4,8,6,3,2
11,6,6,6,6,7,9,2,10,0,9,5,5,8,4,2,9,2,9,10,5,7,4,4,8,3,5,11,11,2,3,3,11,11,4,4,6,11,8,7,2,2,7,11,3,0,3,8,5,7,9,6,10,10,10,7,11,4,2,5,4,6,3,3,7,4,7,5,0,4,0,6,5,7,0,11,9,5,3,6,10,11,11,8,11,6,7,4,7,7,8,4,11,11,0,11,0,6,6,8,6,9,10,11,9,11,11,6,6,4,9,5,9,4,4,5,9,9,2,10,2,4,5,6,11,5,10,2,3,11,6,3,5,4,9,6,11,2,10,2,11,11,3,3,8,5,9,7,4,3
0,7,7,7,7,8,10,3,11,2,10,6,6,9,5,3,10,3,10,11,6,8,5,5,9,4,6,0,0,3,4,4,0,0,5,5,7,0,9,8,3,3,8,0,4,2,4,9,6,8,10,7,11,11,11,8,0,5,3,6,5,7,4,4,8,5,8,6,2,5,2,7,6,8,2,0,10,6,4,7,11,0,0,9,0,7,8,5,8,8,9,5,0,0,2,0,2,7,7,9,7,10,11,0,10,0,0,7,7,5,10,6,10,5,5,6,10,10,3,11,3,5,6,7,0,6,11,3,4,0,7,4,6,5,10,7,0,3,11,3,0,0,4,4,9,6,10,8,5,4
2,8,8,8,8,9,11,4,0,3,11,7,7,10,6,4,11,4,11,0,7,9,6,6,10,5,7,2,2,4,5,5,2,2,6,6,8,2,10,9,4,4,9,2,5,3,5,10,7,9,11,8,0,0,0,9,2,6,4,7,6,8,5,5,9,6,9,7,3,6,3,8,7,9,3,2,11,7,5,8,0,2,2,10,2,8,9,6,9,9,10,6,2,2,3,2,3,8,8,10,8,11,0,2,11,2,2,8,8,6,11,7,11,6,6,7,11,11,4,0,4,6,7,8,2,7,0,4,5,2,8,5,7,6,11,8,2,4,0,4,2,2,5,5,10,7,11,9,6,5
3,9,9,9,9,10,0,5,2,4,0,8,8,11,7,5,0,5,0,2,8,10,7,7,11,6,8,3,3,5,6,6,3,3,7,7,9,3,11,10,5,5,10,3,6,4,6,11,8,10,0,9,2,2,2,10,3,7,5,8,7,9,6,6,10,7,10,8,4,7,4,9,8,10,4,3,0,8,6,9,2,3,3,11,3,9,10,7,10,10,11,7,3,3,4,3,4,9,9,11,9,0,2,3,0,3,3,9,9,7,0,8,0,7,7,8,0,0,5,2,5,7,8,9,3,8,2,5,6,3,9,6,8,7,0,9,3,5,2,5,3,3,6,6,11,8,0,10,7,6
4,10,10,10,10,11,2,6,3,5,2,9,9,0,8,6,2,6,2,3,9,11,8,8,0,7,9,4,4,6,7,7,4,4,8,8,10,4,0,11,6,6,11,4,7,5,7,0,9,11,2,10,3,3,3,11,4,8,6,9,8,10,7,7,11,8,11,9,5,8,5,10,9,11,5,4,2,9,7,10,3,4,4,0,4,10,11,8,11,11,0,8,4,4,5,4,5,10,10,0,10,2,3,4,2,4,4,10,10,8,2,9,2,8,8,9,2,2,6,3,6,8,9,10,4,9,3,6,7,4,10,7,9,8,2,10,4,6,3,6,4,4,7,7,0,9,2,11,8,7
5,11,11,11,11,0,3,7,4,6,3,10,10,2,9,7,3,7,3,4,10,0,9,9,2,8,10,5,5,7,8,8,5,5,9,9,11,5,2,0,7,7,0,5,8,6,8,2,10,0,3,11,4,4,4,0,5,9,7,10,9,11,8,8,0,9,0,10,6,9,6,11,10,0,6,5,3,10,8,11,4,5,5,2,5,11,0,9,0,0,2,9,5,5,6,5,6,11,11,2,11,3,4,5,3,5,5,11,11,9,3,10,3,9,9,10,3,3,7,4,7,9,10,11,5,10,4,7,8,5,11,8,10,9,3,11,5,7,4,7,5,5,8,8,2,10,3,0,9,8
6,0,0,0,0,2,4,8,5,7,4,11,11,3,10,8,4,8,4,5,11,2,10,10,3,9,11,6,6,8,9,9,6,6,10,10,0,6,3,2,8,8,2,6,9,7,9,3,11,2,4,0,5,5,5,2,6,10,8,11,10,0,9,9,2,10,2,11,7,10,7,0,11,2,7,6,4,11,9,0,5,6,6,3,6,0,2,10,2,2,3,10,6,6,7,6,7,0,0,3,0,4,5,6,4,6,6,0,0,10,4,11,4,10,10,11,4,4,8,5,8,10,11,0,6,11,5,8,9,6,0,9,11,10,4,0,6,8,5,8,6,6,9,9,3,11,4,2,10,9
7,2,2,2,2,3,5,9,6,8,5,0,0,4,11,9,5,9,5,6,0,3,11,11,4,10,0,7,7,9,10,10,7,7,11,11,2,7,4,3,9,9,3,7,10,8,10,4,0,3,5,2,6,6,6,3,7,11,9,0,11,2,10,10,3,11,3,0,8,11,8,2,0,3,8,7,5,0,10,2,6,7,7,4,7,2,3,11,3,3,4,11,7,7,8,7,8,2,2,4,2,5,6,7,5,7,7,2,2,11,5,0,5,11,11,0,5,5,9,6,9,11,0,2,7,0,6,9,10,7,2,10,0,11,5,2,7,9,6,9,7,7,10,10,4,0,5,3,11,10
8,3,3,3,3,4,6,10,7,9,6,2,2,5,0,10,6,10,6,7,2,4,0,0,5,11,2,8,8,10,11,11,8,8,0,0,3,8,5,4,10,10,4,8,11,9,11,5,2,4,6,3,7,7,7,4,8,0,10,2,0,3,11,11,4,0,4,2,9,0,9,3,2,4,9,8,6,2,11,3,7,8,8,5,8,3,4,0,4,4,5,0,8,8,9,8,9,3,3,5,3,6,7,8,6,8,8,3,3,0,6,2,6,0,0,2,6,6,10,7,10,0,2,3,8,2,7,10,11,8,3,11,2,0,6,3,8,10,7,10,8,8,11,11,5,2,6,4,0,11
9,4,4,4,4,5,7,11,8,10,7,3,3,6,2,11,7,11,7,8,3,5,2,2,6,0,3,9,9,11,0,0,9,9,2,2,4,9,6,5,11,11,5,9,0,10,0,6,3,5,7,4,8,8,8,5,9,2,11,3,2,4,0,0,5,2,5,3,10,2,10,4,3,5,10,9,7,3,0,4,8,9,9,6,9,4,5,2,5,5,6,2,9,9,10,9,10,4,4,6,4,7,8,9,7,9,9,4,4,2,7,3,7,2,2,3,7,7,11,8,11,2,3,4,9,3,8,11,0,9,4,0,3,2,7,4,9,11,8,11,9,9,0,0,6,3,7,5,2,0
10,5,5,5,5,6,8,0,9,11,8,4,4,7,3,0,8,0,8,9,4,6,3,3,7,2,4,10,10,0,2,2,10,10,3,3,5,10,7,6,0,0,6,10,2,11,2,7,4,6,8,5,9,9,9,6,10,3,0,4,3,5,2,2,6,3,6,4,11,3,11,5,4,6,11,10,8,4,2,5,9,10,10,7,10,5,6,3,6,6,7,3,10,10,11,10,11,5,5,7,5,8,9,10,8,10,10,5,5,3,8,4,8,3,3,4,8,8,0,9,0,3,4,5,10,4,9,0,2,10,5,2,4,3,8,5,10,0,9,0,10,10,2,2,7,4,8,6,3,2
11,6,6,6,6,7,9,2,10,0,9,5,5,8,4,2,9,2,9,10,5,7,4,4,8,3,5,11,11,2,3,3,11,11,4,4,6,11,8,7,2,2,7,11,3,0,3,8,5,7,9,6,10,10,10,7,11,4,2,5,4,6,3,3,7,4,7,5,0,4,0,6,5,7,0,11,9,5,3,6,10,11,11,8,11,6,7,4,7,7,8,4,11,11,0,11,0,6,6,8,6,9,10,11,9,11,11,6,6,4,9,5,9,4,4,5,9,9,2,10,2,4,5,6,11,5,10,2,3,11,6,3,5,4,9,6,11,2,10,2,11,11,3,3,8,5,9,7,4,3
0,7,7,7,7,8,10,3,11,2,10,6,6,9,5,3,10,3,10,11,6,8,5,5,9,4,6,0,0,3,4,4,0,0,5,5,7,0,9,8,3,3,8,0,4,2,4,9,6,8,10,7,11,11,11,8,0,5,3,6,5,7,4,4,8,5,8,6,2,5,2,7,6,8,2,0,10,6,4,7,11,0,0,9,0,7,8,5,8,8,9,5,0,0,2,0,2,7,7,9,7,10,11,0,10,0,0,7,7,5,10,6,10,5,5,6,10,10,3,11,3,5,6,7,0,6,11,3,4,0,7,4,6,5,10,7,0,3,11,3,0,0,4,4,9,6,10,8,5,4
2,8,8,8,8,9,11,4,0,3,11,7,7,10,6,4,11,4,11,0,7,9,6,6,10,5,7,2,2,4,5,5,2,2,6,6,8,2,10,9,4,4,9,2,5,3,5,10,7,9,11,8,0,0,0,9,2,6,4,7,6,8,5,5,9,6,9,7,3,6,3,8,7,9,3,2,11,7,5,8,0,2,2,10,2,8,9,6,9,9,10,6,2,2,3,2,3,8,8,10,8,11,0,2,11,2,2,8,8,6,11,7,11,6,6,7,11,11,4,0,4,6,7,8,2,7,0,4,5,2,8,5,7,6,11,8,2,4,0,4,2,2,5,5,10,7,11,9,6,5
3,9,9,9,9,10,0,5,2,4,0,8,8,11,7,5,0,5,0,2,8,10,7,7,11,6,8,3,3,5,6,6,3,3,7,7,9,3,11,10,5,5,10,3,6,4,6,11,8,10,0,9,2,2,2,10,3,7,5,8,7,9,6,6,10,7,10,8,4,7,4,9,8,10,4,3,0,8,6,9,2,3,3,11,3,9,10,7,10,10,11,7,3,3,4,3,4,9,9,11,9,0,2,3,0,3,3,9,9,7,0,8,0,7,7,8,0,0,5,2,5,7,8,9,3,8,2,5,6,3,9,6,8,7,0,9,3,5,2,5,3,3,6,6,11,8,0,10,7,6
4,10,10,10,10,11,2,6,3,5,2,9,9,0,8,6,2,6,2,3,9,11,8,8,0,7,9,4,4,6,7,7,4,4,8,8,10,4,0,11,6,6,11,4,7,5,7,0,9,11,2,10,3,3,3,11,4,8,6,9,8,10,7,7,11,8,11,9,5,8,5,10,9,11,5,4,2,9,7,10,3,4,4,0,4,10,11,8,11,11,0,8,4,4,5,4,5,10,10,0,10,2,3,4,2,4,4,10,10,8,2,9,2,8,8,9,2,2,6,3,6,8,9,10,4,9,3,6,7,4,10,7,9,8,2,10,4,6,3,6,4,4,7,7,0,9,2,11,8,7
5,11,11,11,11,0,3,7,4,6,3,10,10,2,9,7,3,7,3,4,10,0,9,9,2,8,10,5,5,7,8,8,5,5,9,9,11,5,2,0,7,7,0,5,8,6,8,2,10,0,3,11,4,4,4,0,5,9,7,10,9,11,8,8,0,9,0,10,6,9,6,11,10,0,6,5,3,10,8,11,4,5,5,2,5,11,0,9,0,0,2,9,5,5,6,5,6,11,11,2,11,3,4,5,3,5,5,11,11,9,3,10,3,9,9,10,3,3,7,4,7,9,10,11,5,10,4,7,8,5,11,8,10,9,3,11,5,7,4,7,5,5,8,8,2,10,3,0,9,8
6,0,0,0,0,2,4,8,5,7,4,11,11,3,10,8,4,8,4,5,11,2,10,10,3,9,11,6,6,8,9,9,6,6,10,10,0,6,3,2,8,8,2,6,9,7,9,3,11,2,4,0,5,5,5,2,6,10,8,11,10,0,9,9,2,10,2,11,7,10,7,0,11,2,7,6,4,11,9,0,5,6,6,3,6,0,2,10,2,2,3,10,6,6,7,6,7,0,0,3,0,4,5,6,4,6,6,0,0,10,4,11,4,10,10,11,4,4,8,5,8,10,11,0,6,11,5,8,9,6,0,9,11,10,4,0,6,8,5,8,6,6,9,9,3,11,4,2,10,9
7,2,2,2,2,3,5,9,6,8,5,0,0,4,11,9,5,9,5,6,0,3,11,11,4,10,0,7,7,9,10,10,7,7,11,11,2,7,4,3,9,9,3,7,10,8,10,4,0,3,5,2,6,6,6,3,7,11,9,0,11,2,10,10,3,11,3,0,8,11,8,2,0,3,8,7,5,0,10,2,6,7,7,4,7,2,3,11,3,3,4,11,7,7,8,7,8,2,2,4,2,5,6,7,5,7,7,2,2,11,5,0,5,11,11,0,5,5,9,6,9,11,0,2,7,0,6,9,10,7,2,10,0,11,5,2,7,9,6,9,7,7,10,10,4,0,5,3,11,10
8,3,3,3,3,4,6,10,7,9,6,2,2,5,0,10,6,10,6,7,2,4,0,0,5,11,2,8,8,10,11,11,8,8,0,0,3,8,5,4,10,10,4,8,11,9,11,5,2,4,6,3,7,7,7,4,8,0,10,2,0,3,11,11,4,0,4,2,9,0,9,3,2,4,9,8,6,2,11,3,7,8,8,5,8,3,4,0,4,4,5,0,8,8,9,8,9,3,3,5,3,6,7,8,6,8,8,3,3,0,6,2,6,0,0,2,6,6,10,7,10,0,2,3,8,2,7,10,11,8,3,11,2,0,6,3,8,10,7,10,8,8,11,11,5,2,6,4,0,11
9,4,4,4,4,5,7,11,8,10,7,3,3,6,2,11,7,11,7,8,3,5,2,2,6,0,3,9,9,11,0,0,9,9,2,2,4,9,6,5,11,11,5,9,0,10,0,6,3,5,7,4,8,8,8,5,9,2,11,3,2,4,0,0,5,2,5,3,10,2,10,4,3,5,10,9,7,3,0,4,8,9,9,6,9,4,5,2,5,5,6,2,9,9,10,9,10,4,4,6,4,7,8,9,7,9,9,4,4,2,7,3,7,2,2,3,7,7,11,8,11,2,3,4,9,3,8,11,0,9,4,0,3,2,7,4,9,11,8,11,9,9,0,0,6,3,7,5,2,0
10,5,5,5,5,6,8,0,9,11,8,4,4,7,3,0,8,0,8,9,4,6,3,3,7,2,4,10,10,0,2,2,10,10,3,3,5,10,7,6,0,0,6,10,2,11,2,7,4,6,8,5,9,9,9,6,10,3,0,4,3,5,2,2,6,3,6,4,11,3,11,5,4,6,11,10,8,4,2,5,9,10,10,7,10,5,6,3,6,6,7,3,10,10,11,10,11,5,5,7,5,8,9,10,8,10,10,5,5,3,8,4,8,3,3,4,8,8,0,9,0,3,4,5,10,4,9,0,2,10,5,2,4,3,8,5,10,0,9,0,10,10,2,2,7,4,8,6,3,2
11,6,6,6,6,7,9,2,10,0,9,5,5,8,4,2,9,2,9,10,5,7,4,4,8,3,5,11,11,2,3,3,11,11,4,4,6,11,8,7,2,2,7,11,3,0,3,8,5,7,9,6,10,10,10,7,11,4,2,5,4,6,3,3,7,4,7,5,0,4,0,6,5,7,0,11,9,5,3,6,10,11,11,8,11,6,7,4,7,7,8,4,11,11,0,11,0,6,6,8,6,9,10,11,9,11,11,6,6,4,9,5,9,4,4,5,9,9,2,10,2,4,5,6,11,5,10,2,3,11,6,3,5,4,9,6,11,2,10,2,11,11,3,3,8,5,9,7,4,3
0,7,7,7,7,8,10,3,11,2,10,6,6,9,5,3,10,3,10,11,6,8,5,5,9,4,6,0,0,3,4,4,0,0,5,5,7,0,9,8,3,3,8,0,4,2,4,9,6,8,10,7,11,11,11,8,0,5,3,6,5,7,4,4,8,5,8,6,2,5,2,7,6,8,2,0,10,6,4,7,11,0,0,9,0,7,8,5,8,8,9,5,0,0,2,0,2,7,7,9,7,10,11,0,10,0,0,7,7,5,10,6,10,5,5,6,10,10,3,11,3,5,6,7,0,6,11,3,4,0,7,4,6,5,10,7,0,3,11,3,0,0,4,4,9,6,10,8,5,4
2,8,8,8,8,9,11,4,0,3,11,7,7,10,6,4,11,4,11,0,7,9,6,6,10,5,7,2,2,4,5,5,2,2,6,6,8,2,10,9,4,4,9,2,5,3,5,10,7,9,11,8,0,0,0,9,2,6,4,7,6,8,5,5,9,6,9,7,3,6,3,8,7,9,3,2,11,7,5,8,0,2,2,10,2,8,9,6,9,9,10,6,2,2,3,2,3,8,8,10,8,11,0,2,11,2,2,8,8,6,11,7,11,6,6,7,11,11,4,0,4,6,7,8,2,7,0,4,5,2,8,5,7,6,11,8,2,4,0,4,2,2,5,5,10,7,11,9,6,5
3,9,9,9,9,10,0,5,2,4,0,8,8,11,7,5,0,5,0,2,8,10,7,7,11,6,8,3,3,5,6,6,3,3,7,7,9,3,11,10,5,5,10,3,6,4,6,11,8,10,0,9,2,2,2,10,3,7,5,8,7,9,6,6,10,7,10,8,4,7,4,9,8,10,4,3,0,8,6,9,2,3,3,11,3,9,10,7,10,10,11,7,3,3,4,3,4,9,9,11,9,0,2,3,0,3,3,9,9,7,0,8,0,7,7,8,0,0,5,2,5,7,8,9,3,8,2,5,6,3,9,6,8,7,0,9,3,5,2,5,3,3,6,6,11,8,0,10,7,6
4,10,10,10,10,11,2,6,3,5,2,9,9,0,8,6,2,6,2,3,9,11,8,8,0,7,9,4,4,6,7,7,4,4,8,8,10,4,0,11,6,6,11,4,7,5,7,0,9,11,2,10,3,3,3,11,4,8,6,9,8,10,7,7,11,8,11,9,5,8,5,10,9,11,5,4,2,9,7,10,3,4,4,0,4,10,11,8,11,11,0,8,4,4,5,4,5,10,10,0,10,2,3,4,2,4,4,10,10,8,2,9,2,8,8,9,2,2,6,3,6,8,9,10,4,9,3,6,7,4,10,7,9,8,2,10,4,6,3,6,4,4,7,7,0,9,2,11,8,7
5,11,11,11,11,0,3,7,4,6,3,10,10,2,9,7,3,7,3,4,10,0,9,9,2,8,10,5,5,7,8,8,5,5,9,9,11,5,2,0,7,7,0,5,8,6,8,2,10,0,3,11,4,4,4,0,5,9,7,10,9,11,8,8,0,9,0,10,6,9,6,11,10,0,6,5,3,10,8,11,4,5,5,2,5,11,0,9,0,0,2,9,5,5,6,5,6,11,11,2,11,3,4,5,3,5,5,11,11,9,3,10,3,9,9,10,3,3,7,4,7,9,10,11,5,10,4,7,8,5,11,8,10,9,3,11,5,7,4,7,5,5,8,8,2,10,3,0,9,8
6,0,0,0,0,2,4,8,5,7,4,11,11,3,10,8,4,8,4,5,11,2,10,10,3,9,11,6,6,8,9,9,6,6,10,10,0,6,3,2,8,8,2,6,9,7,9,3,11,2,4,0,5,5,5,2,6,10,8,11,10,0,9,9,2,10,2,11,7,10,7,0,11,2,7,6,4,11,9,0,5,6,6,3,6,0,2,10,2,2,3,10,6,6,7,6,7,0,0,3,0,4,5,6,4,6,6,0,0,10,4,11,4,10,10,11,4,4,8,5,8,10,11,0,6,11,5,8,9,6,0,9,11,10,4,0,6,8,5,8,6,6,9,9,3,11,4,2,10,9
7,2,2,2,2,3,5,9,6,8,5,0,0,4,11,9,5,9,5,6,0,3,11,11,4,10,0,7,7,9,10,10,7,7,11,11,2,7,4,3,9,9,3,7,10,8,10,4,0,3,5,2,6,6,6,3,7,11,9,0,11,2,10,10,3,11,3,0,8,11,8,2,0,3,8,7,5,0,10,2,6,7,7,4,7,2,3,11,3,3,4,11,7,7,8,7,8,2,2,4,2,5,6,7,5,7,7,2,2,11,5,0,5,11,11,0,5,5,9,6,9,11,0,2,7,0,6,9,10,7,2,10,0,11,5,2,7,9,6,9,7,7,10,10,4,0,5,3,11,10
8,3,3,3,3,4,6,10,7,9,6,2,2,5,0,10,6,10,6,7,2,4,0,0,5,11,2,8,8,10,11,11,8,8,0,0,3,8,5,4,10,10,4,8,11,9,11,5,2,4,6,3,7,7,7,4,8,0,10,2,0,3,11,11,4,0,4,2,9,0,9,3,2,4,9,8,6,2,11,3,7,8,8,5,8,3,4,0,4,4,5,0,8,8,9,8,9,3,3,5,3,6,7,8,6,8,8,3,3,0,6,2,6,0,0,2,6,6,10,7,10,0,2,3,8,2,7,10,11,8,3,11,2,0,6,3,8,10,7,10,8,8,11,11,5,2,6,4,0,11
9,4,4,4,4,5,7,11,8,10,7,3,3,6,2,11,7,11,7,8,3,5,2,2,6,0,3,9,9,11,0,0,9,9,2,2,4,9,6,5,11,11,5,9,0,10,0,6,3,5,7,4,8,8,8,5,9,2,11,3,2,4,0,0,5,2,5,3,10,2,10,4,3,5,10,9,7,3,0,4,8,9,9,6,9,4,5,2,5,5,6,2,9,9,10,9,10,4,4,6,4,7,8,9,7,9,9,4,4,2,7,3,7,2,2,3,7,7,11,8,11,2,3,4,9,3,8,11,0,9,4,0,3,2,7,4,9,11,8,11,9,9,0,0,6,3,7,5,2,0
10,5,5,5,5,6,8,0,9,11,8,4,4,7,3,0,8,0,8,9,4,6,3,3,7,2,4,10,10,0,2,2,10,10,3,3,5,10,7,6,0,0,6,10,2,11,2,7,4,6,8,5,9,9,9,6,10,3,0,4,3,5,2,2,6,3,6,4,11,3,11,5,4,6,11,10,8,4,2,5,9,10,10,7,10,5,6,3,6,6,7,3,10,10,11,10,11,5,5,7,5,8,9,10,8,10,10,5,5,3,8,4,8,3,3,4,8,8,0,9,0,3,4,5,10,4,9,0,2,10,5,2,4,3,8,5,10,0,9,0,10,10,2,2,7,4,8,6,3,2
11,6,6,6,6,7,9,2,10,0,9,5,5,8,4,2,9,2,9,10,5,7,4,4,8,3,5,11,11,2,3,3,11,11,4,4,6,11,8,7,2,2,7,11,3,0,3,8,5,7,9,6,10,10,10,7,11,4,2,5,4,6,3,3,7,4,7,5,0,4,0,6,5,7,0,11,9,5,3,6,10,11,11,8,11,6,7,4,7,7,8,4,11,11,0,11,0,6,6,8,6,9,10,11,9,11,11,6,6,4,9,5,9,4,4,5,9,9,2,10,2,4,5,6,11,5,10,2,3,11,6,3,5,4,9,6,11,2,10,2,11,11,3,3,8,5,9,7,4,3
0,7,7,7,7,8,10,3,11,2,10,6,6,9,5,3,10,3,10,11,6,8,5,5,9,4,6,0,0,3,4,4,0,0,5,5,7,0,9,8,3,3,8,0,4,2,4,9,6,8,10,7,11,11,11,8,0,5,3,6,5,7,4,4,8,5,8,6,2,5,2,7,6,8,2,0,10,6,4,7,11,0,0,9,0,7,8,5,8,8,9,5,0,0,2,0,2,7,7,9,7,10,11,0,10,0,0,7,7,5,10,6,10,5,5,6,10,10,3,11,3,5,6,7,0,6,11,3,4,0,7,4,6,5,10,7,0,3,11,3,0,0,4,4,9,6,10,8,5,4
2,8,8,8,8,9,11,4,0,3,11,7,7,10,6,4,11,4,11,0,7,9,6,6,10,5,7,2,2,4,5,5,2,2,6,6,8,2,10,9,4,4,9,2,5,3,5,10,7,9,11,8,0,0,0,9,2,6,4,7,6,8,5,5,9,6,9,7,3,6,3,8,7,9,3,2,11,7,5,8,0,2,2,10,2,8,9,6,9,9,10,6,2,2,3,2,3,8,8,10,8,11,0,2,11,2,2,8,8,6,11,7,11,6,6,7,11,11,4,0,4,6,7,8,2,7,0,4,5,2,8,5,7,6,11,8,2,4,0,4,2,2,5,5,10,7,11,9,6,5
3,9,9,9,9,10,0,5,2,4,0,8,8,11,7,5,0,5,0,2,8,10,7,7,11,6,8,3,3,5,6,6,3,3,7,7,9,3,11,10,5,5,10,3,6,4,6,11,8,10,0,9,2,2,2,10,3,7,5,8,7,9,6,6,10,7,10,8,4,7,4,9,8,10,4,3,0,8,6,9,2,3,3,11,3,9,10,7,10,10,11,7,3,3,4,3,4,9,9,11,9,0,2,3,0,3,3,9,9,7,0,8,0,7,7,8,0,0,5,2,5,7,8,9,3,8,2,5,6,3,9,6,8,7,0,9,3,5,2,5,3,3,6,6,11,8,0,10,7,6
4,10,10,10,10,11,2,6,3,5,2,9,9,0,8,6,2,6,2,3,9,11,8,8,0,7,9,4,4,6,7,7,4,4,8,8,10,4,0,11,6,6,11,4,7,5,7,0,9,11,2,10,3,3,3,11,4,8,6,9,8,10,7,7,11,8,11,9,5,8,5,10,9,11,5,4,2,9,7,10,3,4,4,0,4,10,11,8,11,11,0,8,4,4,5,4,5,10,10,0,10,2,3,4,2,4,4,10,10,8,2,9,2,8,8,9,2,2,6,3,6,8,9,10,4,9,3,6,7,4,10,7,9,8,2,10,4,6,3,6,4,4,7,7,0,9,2,11,8,7
5,11,11,11,11,0,3,7,4,6,3,10,10,2,9,7,3,7,3,4,10,0,9,9,2,8,10,5,5,7,8,8,5,5,9,9,11,5,2,0,7,7,0,5,8,6,8,2,10,0,3,11,4,4,4,0,5,9,7,10,9,11,8,8,0,9,0,10,6,9,6,11,10,0,6,5,3,10,8,11,4,5,5,2,5,11,0,9,0,0,2,9,5,5,6,5,6,11,11,2,11,3,4,5,3,5,5,11,11,9,3,10,3,9,9,10,3,3,7,4,7,9,10,11,5,10,4,7,8,5,11,8,10,9,3,11,5,7,4,7,5,5,8,8,2,10,3,0,9,8
6,0,0,0,0,2,4,8,5,7,4,11,11,3,10,8,4,8,4,5,11,2,10,10,3,9,11,6,6,8,9,9,6,6,10,10,0,6,3,2,8,8,2,6,9,7,9,3,11,2,4,0,5,5,5,2,6,10,8,11,10,0,9,9,2,10,2,11,7,10,7,0,11,2,7,6,4,11,9,0,5,6,6,3,6,0,2,10,2,2,3,10,6,6,7,6,7,0,0,3,0,4,5,6,4,6,6,0,0,10,4,11,4,10,10,11,4,4,8,5,8,10,11,0,6,11,5,8,9,6,0,9,11,10,4,0,6,8,5,8,6,6,9,9,3,11,4,2,10,9
7,2,2,2,2,3,5,9,6,8,5,0,0,4,11,9,5,9,5,6,0,3,11,11,4,10,0,7,7,9,10,10,7,7,11,11,2,7,4,3,9,9,3,7,10,8,10,4,0,3,5,2,6,6,6,3,7,11,9,0,11,2,10,10,3,11,3,0,8,11,8,2,0,3,8,7,5,0,10,2,6,7,7,4,7,2,3,11,3,3,4,11,7,7,8,7,8,2,2,4,2,5,6,7,5,7,7,2,2,11,5,0,5,11,11,0,5,5,9,6,9,11,0,2,7,0,6,9,10,7,2,10,0,11,5,2,7,9,6,9,7,7,10,10,4,0,5,3,11,10
8,3,3,3,3,4,6,10,7,9,6,2,2,5,0,10,6,10,6,7,2,4,0,0,5,11,2,8,8,10,11,11,8,8,0,0,3,8,5,4,10,10,4,8,11,9,11,5,2,4,6,3,7,7,7,4,8,0,10,2,0,3,11,11,4,0,4,2,9,0,9,3,2,4,9,8,6,2,11,3,7,8,8,5,8,3,4,0,4,4,5,0,8,8,9,8,9,3,3,5,3,6,7,8,6,8,8,3,3,0,6,2,6,0,0,2,6,6,10,7,10,0,2,3,8,2,7,10,11,8,3,11,2,0,6,3,8,10,7,10,8,8,11,11,5,2,6,4,0,11
9,4,4,4,4,5,7,11,8,10,7,3,3,6,2,11,7,11,7,8,3,5,2,2,6,0,3,9,9,11,0,0,9,9,2,2,4,9,6,5,11,11,5,9,0,10,0,6,3,5,7,4,8,8,8,5,9,2,11,3,2,4,0,0,5,2,5,3,10,2,10,4,3,5,10,9,7,3,0,4,8,9,9,6,9,4,5,2,5,5,6,2,9,9,10,9,10,4,4,6,4,7,8,9,7,9,9,4,4,2,7,3,7,2,2,3,7,7,11,8,11,2,3,4,9,3,8,11,0,9,4,0,3,2,7,4,9,11,8,11,9,9,0,0,6,3,7,5,2,0
10,5,5,5,5,6,8,0,9,11,8,4,4,7,3,0,8,0,8,9,4,6,3,3,7,2,4,10,10,0,2,2,10,10,3,3,5,10,7,6,0,0,6,10,2,11,2,7,4,6,8,5,9,9,9,6,10,3,0,4,3,5,2,2,6,3,6,4,11,3,11,5,4,6,11,10,8,4,2,5,9,10,10,7,10,5,6,3,6,6,7,3,10,10,11,10,11,5,5,7,5,8,9,10,8,10,10,5,5,3,8,4,8,3,3,4,8,8,0,9,0,3,4,5,10,4,9,0,2,10,5,2,4,3,8,5,10,0,9,0,10,10,2,2,7,4,8,6,3,2
11,6,6,6,6,7,9,2,10,0,9,5,5,8,4,2,9,2,9,10,5,7,4,4,8,3,5,11,11,2,3,3,11,11,4,4,6,11,8,7,2,2,7,11,3,0,3,8,5,7,9,6,10,10,10,7,11,4,2,5,4,6,3,3,7,4,7,5,0,4,0,6,5,7,0,11,9,5,3,6,10,11,11,8,11,6,7,4,7,7,8,4,11,11,0,11,0,6,6,8,6,9,10,11,9,11,11,6,6,4,9,5,9,4,4,5,9,9,2,10,2,4,5,6,11,5,10,2,3,11,6,3,5,4,9,6,11,2,10,2,11,11,3,3,8,5,9,7,4,3
0,7,7,7,7,8,10,3,11,2,10,6,6,9,5,3,10,3,10,11,6,8,5,5,9,4,6,0,0,3,4,4,0,0,5,5,7,0,9,8,3,3,8,0,4,2,4,9,6,8,10,7,11,11,11,8,0,5,3,6,5,7,4,4,8,5,8,6,2,5,2,7,6,8,2,0,10,6,4,7,11,0,0,9,0,7,8,5,8,8,9,5,0,0,2,0,2,7,7,9,7,10,11,0,10,0,0,7,7,5,10,6,10,5,5,6,10,10,3,11,3,5,6,7,0,6,11,3,4,0,7,4,6,5,10,7,0,3,11,3,0,0,4,4,9,6,10,8,5,4
2,8,8,8,8,9,11,4,0,3,11,7,7,10,6,4,11,4,11,0,7,9,6,6,10,5,7,2,2,4,5,5,2,2,6,6,8,2,10,9,4,4,9,2,5,3,5,10,7,9,11,8,0,0,0,9,2,6,4,7,6,8,5,5,9,6,9,7,3,6,3,8,7,9,3,2,11,7,5,8,0,2,2,10,2,8,9,6,9,9,10,6,2,2,3,2,3,8,8,10,8,11,0,2,11,2,2,8,8,6,11,7,11,6,6,7,11,11,4,0,4,6,7,8,2,7,0,4,5,2,8,5,7,6,11,8,2,4,0,4,2,2,5,5,10,7,11,9,6,5
3,9,9,9,9,10,0,5,2,4,0,8,8,11,7,5,0,5,0,2,8,10,7,7,11,6,8,3,3,5,6,6,3,3,7,7,9,3,11,10,5,5,10,3,6,4,6,11,8,10,0,9,2,2,2,10,3,7,5,8,7,9,6,6,10,7,10,8,4,7,4,9,8,10,4,3,0,8,6,9,2,3,3,11,3,9,10,7,10,10,11,7,3,3,4,3,4,9,9,11,9,0,2,3,0,3,3,9,9,7,0,8,0,7,7,8,0,0,5,2,5,7,8,9,3,8,2,5,6,3,9,6,8,7,0,9,3,5,2,5,3,3,6,6,11,8,0,10,7,6
4,10,10,10,10,11,2,6,3,5,2,9,9,0,8,6,2,6,2,3,9,11,8,8,0,7,9,4,4,6,7,7,4,4,8,8,10,4,0,11,6,6,11,4,7,5,7,0,9,11,2,10,3,3,3,11,4,8,6,9,8,10,7,7,11,8,11,9,5,8,5,10,9,11,5,4,2,9,7,10,3,4,4,0,4,10,11,8,11,11,0,8,4,4,5,4,5,10,10,0,10,2,3,4,2,4,4,10,10,8,2,9,2,8,8,9,2,2,6,3,6,8,9,10,4,9,3,6,7,4,10,7,9,8,2,10,4,6,3,6,4,4,7,7,0,9,2,11,8,7
5,11,11,11,11,0,3,7,4,6,3,10,10,2,9,7,3,7,3,4,10,0,9,9,2,8,10,5,5,7,8,8,5,5,9,9,11,5,2,0,7,7,0,5,8,6,8,2,10,0,3,11,4,4,4,0,5,9,7,10,9,11,8,8,0,9,0,10,6,9,6,11,10,0,6,5,3,10,8,11,4,5,5,2,5,11,0,9,0,0,2,9,5,5,6,5,6,11,11,2,11,3,4,5,3,5,5,11,11,9,3,10,3,9,9,10,3,3,7,4,7,9,10,11,5,10,4,7,8,5,11,8,10,9,3,11,5,7,4,7,5,5,8,8,2,10,3,0,9,8
6,0,0,0,0,2,4,8,5,7,4,11,11,3,10,8,4,8,4,5,11,2,10,10,3,9,11,6,6,8,9,9,6,6,10,10,0,6,3,2,8,8,2,6,9,7,9,3,11,2,4,0,5,5,5,2,6,10,8,11,10,0,9,9,2,10,2,11,7,10,7,0,11,2,7,6,4,11,9,0,5,6,6,3,6,0,2,10,2,2,3,10,6,6,7,6,7,0,0,3,0,4,5,6,4,6,6,0,0,10,4,11,4,10,10,11,4,4,8,5,8,10,11,0,6,11,5,8,9,6,0,9,11,10,4,0,6,8,5,8,6,6,9,9,3,11,4,2,10,9
7,2,2,2,2,3,5,9,6,8,5,0,0,4,11,9,5,9,5,6,0,3,11,11,4,10,0,7,7,9,10,10,7,7,11,11,2,7,4,3,9,9,3,7,10,8,10,4,0,3,5,2,6,6,6,3,7,11,9,0,11,2,10,10,3,11,3,0,8,11,8,2,0,3,8,7,5,0,10,2,6,7,7,4,7,2,3,11,3,3,4,11,7,7,8,7,8,2,2,4,2,5,6,7,5,7,7,2,2,11,5,0,5,11,11,0,5,5,9,6,9,11,0,2,7,0,6,9,10,7,2,10,0,11,5,2,7,9,6,9,7,7,10,10,4,0,5,3,11,10
8,3,3,3,3,4,6,10,7,9,6,2,2,5,0,10,6,10,6,7,2,4,0,0,5,11,2,8,8,10,11,11,8,8,0,0,3,8,5,4,10,10,4,8,11,9,11,5,2,4,6,3,7,7,7,4,8,0,10,2,0,3,11,11,4,0,4,2,9,0,9,3,2,4,9,8,6,2,11,3,7,8,8,5,8,3,4,0,4,4,5,0,8,8,9,8,9,3,3,5,3,6,7,8,6,8,8,3,3,0,6,2,6,0,0,2,6,6,10,7,10,0,2,3,8,2,7,10,11,8,3,11,2,0,6,3,8,10,7,10,8,8,11,11,5,2,6,4,0,11
9,4,4,4,4,5,7,11,8,10,7,3,3,6,2,11,7,11,7,8,3,5,2,2,6,0,3,9,9,11,0,0,9,9,2,2,4,9,6,5,11,11,5,9,0,10,0,6,3,5,7,4,8,8,8,5,9,2,11,3,2,4,0,0,5,2,5,3,10,2,10,4,3,5,10,9,7,3,0,4,8,9,9,6,9,4,5,2,5,5,6,2,9,9,10,9,10,4,4,6,4,7,8,9,7,9,9,4,4,2,7,3,7,2,2,3,7,7,11,8,11,2,3,4,9,3,8,11,0,9,4,0,3,2,7,4,9,11,8,11,9,9,0,0,6,3,7,5,2,0
10,5,5,5,5,6,8,0,9,11,8,4,4,7,3,0,8,0,8,9,4,6,3,3,7,2,4,10,10,0,2,2,10,10,3,3,5,10,7,6,0,0,6,10,2,11,2,7,4,6,8,5,9,9,9,6,10,3,0,4,3,5,2,2,6,3,6,4,11,3,11,5,4,6,11,10,8,4,2,5,9,10,10,7,10,5,6,3,6,6,7,3,10,10,11,10,11,5,5,7,5,8,9,10,8,10,10,5,5,3,8,4,8,3,3,4,8,8,0,9,0,3,4,5,10,4,9,0,2,10,5,2,4,3,8,5,10,0,9,0,10,10,2,2,7,4,8,6,3,2
11,6,6,6,6,7,9,2,10,0,9,5,5,8,4,2,9,2,9,10,5,7,4,4,8,3,5,11,11,2,3,3,11,11,4,4,6,11,8,7,2,2,7,11,3,0,3,8,5,7,9,6,10,10,10,7,11,4,2,5,4,6,3,3,7,4,7,5,0,4,0,6,5,7,0,11,9,5,3,6,10,11,11,8,11,6,7,4,7,7,8,4,11,11,0,11,0,6,6,8,6,9,10,11,9,11,11,6,6,4,9,5,9,4,4,5,9,9,2,10,2,4,5,6,11,5,10,2,3,11,6,3,5,4,9,6,11,2,10,2,11,11,3,3,8,5,9,7,4,3
0,7,7,7,7,8,10,3,11,2,10,6,6,9,5,3,10,3,10,11,6,8,5,5,9,4,6,0,0,3,4,4,0,0,5,5,7,0,9,8,3,3,8,0,4,2,4,9,6,8,10,7,11,11,11,8,0,5,3,6,5,7,4,4,8,5,8,6,2,5,2,7,6,8,2,0,10,6,4,7,11,0,0,9,0,7,8,5,8,8,9,5,0,0,2,0,2,7,7,9,7,10,11,0,10,0,0,7,7,5,10,6,10,5,5,6,10,10,3,11,3,5,6,7,0,6,11,3,4,0,7,4,6,5,10,7,0,3,11,3,0,0,4,4,9,6,10,8,5,4
2,8,8,8,8,9,11,4,0,3,11,7,7,10,6,4,11,4,11,0,7,9,6,6,10,5,7,2,2,4,5,5,2,2,6,6,8,2,10,9,4,4,9,2,5,3,5,10,7,9,11,8,0,0,0,9,2,6,4,7,6,8,5,5,9,6,9,7,3,6,3,8,7,9,3,2,11,7,5,8,0,2,2,10,2,8,9,6,9,9,10,6,2,2,3,2,3,8,8,10,8,11,0,2,11,2,2,8,8,6,11,7,11,6,6,7,11,11,4,0,4,6,7,8,2,7,0,4,5,2,8,5,7,6,11,8,2,4,0,4,2,2,5,5,10,7,11,9,6,5
3,9,9,9,9,10,0,5,2,4,0,8,8,11,7,5,0,5,0,2,8,10,7,7,11,6,8,3,3,5,6,6,3,3,7,7,9,3,11,10,5,5,10,3,6,4,6,11,8,10,0,9,2,2,2,10,3,7,5,8,7,9,6,6,10,7,10,8,4,7,4,9,8,10,4,3,0,8,6,9,2,3,3,11,3,9,10,7,10,10,11,7,3,3,4,3,4,9,9,11,9,0,2,3,0,3,3,9,9,7,0,8,0,7,7,8,0,0,5,2,5,7,8,9,3,8,2,5,6,3,9,6,8,7,0,9,3,5,2,5,3,3,6,6,11,8,0,10,7,6
4,10,10,10,10,11,2,6,3,5,2,9,9,0,8,6,2,6,2,3,9,11,8,8,0,7,9,4,4,6,7,7,4,4,8,8,10,4,0,11,6,6,11,4,7,5,7,0,9,11,2,10,3,3,3,11,4,8,6,9,8,10,7,7,11,8,11,9,5,8,5,10,9,11,5,4,2,9,7,10,3,4,4,0,4,10,11,8,11,11,0,8,4,4,5,4,5,10,10,0,10,2,3,4,2,4,4,10,10,8,2,9,2,8,8,9,2,2,6,3,6,8,9,10,4,9,3,6,7,4,10,7,9,8,2,10,4,6,3,6,4,4,7,7,0,9,2,11,8,7
5,11,11,11,11,0,3,7,4,6,3,10,10,2,9,7,3,7,3,4,10,0,9,9,2,8,10,5,5,7,8,8,5,5,9,9,11,5,2,0,7,7,0,5,8,6,8,2,10,0,3,11,4,4,4,0,5,9,7,10,9,11,8,8,0,9,0,10,6,9,6,11,10,0,6,5,3,10,8,11,4,5,5,2,5,11,0,9,0,0,2,9,5,5,6,5,6,11,11,2,11,3,4,5,3,5,5,11,11,9,3,10,3,9,9,10,3,3,7,4,7,9,10,11,5,10,4,7,8,5,11,8,10,9,3,11,5,7,4,7,5,5,8,8,2,10,3,0,9,8
6,0,0,0,0,2,4,8,5,7,4,11,11,3,10,8,4,8,4,5,11,2,10,10,3,9,11,6,6,8,9,9,6,6,10,10,0,6,3,2,8,8,2,6,9,7,9,3,11,2,4,0,5,5,5,2,6,10,8,11,10,0,9,9,2,10,2,11,7,10,7,0,11,2,7,6,4,11,9,0,5,6,6,3,6,0,2,10,2,2,3,10,6,6,7,6,7,0,0,3,0,4,5,6,4,6,6,0,0,10,4,11,4,10,10,11,4,4,8,5,8,10,11,0,6,11,5,8,9,6,0,9,11,10,4,0,6,8,5,8,6,6,9,9,3,11,4,2,10,9
7,2,2,2,2,3,5,9,6,8,5,0,0,4,11,9,5,9,5,6,0,3,11,11,4,10,0,7,7,9,10,10,7,7,11,11,2,7,4,3,9,9,3,7,10,8,10,4,0,3,5,2,6,6,6,3,7,11,9,0,11,2,10,10,3,11,3,0,8,11,8,2,0,3,8,7,5,0,10,2,6,7,7,4,7,2,3,11,3,3,4,11,7,7,8,7,8,2,2,4,2,5,6,7,5,7,7,2,2,11,5,0,5,11,11,0,5,5,9,6,9,11,0,2,7,0,6,9,10,7,2,10,0,11,5,2,7,9,6,9,7,7,10,10,4,0,5,3,11,10
8,3,3,3,3,4,6,10,7,9,6,2,2,5,0,10,6,10,6,7,2,4,0,0,5,11,2,8,8,10,11,11,8,8,0,0,3,8,5,4,10,10,4,8,11,9,11,5,2,4,6,3,7,7,7,4,8,0,10,2,0,3,11,11,4,0,4,2,9,0,9,3,2,4,9,8,6,2,11,3,7,8,8,5,8,3,4,0,4,4,5,0,8,8,9,8,9,3,3,5,3,6,7,8,6,8,8,3,3,0,6,2,6,0,0,2,6,6,10,7,10,0,2,3,8,2,7,10,11,8,3,11,2,0,6,3,8,10,7,10,8,8,11,11,5,2,6,4,0,11
9,4,4,4,4,5,7,11,8,10,7,3,3,6,2,11,7,11,7,8,3,5,2,2,6,0,3,9,9,11,0,0,9,9,2,2,4,9,6,5,11,11,5,9,0,10,0,6,3,5,7,4,8,8,8,5,9,2,11,3,2,4,0,0,5,2,5,3,10,2,10,4,3,5,10,9,7,3,0,4,8,9,9,6,9,4,5,2,5,5,6,2,9,9,10,9,10,4,4,6,4,7,8,9,7,9,9,4,4,2,7,3,7,2,2,3,7,7,11,8,11,2,3,4,9,3,8,11,0,9,4,0,3,2,7,4,9,11,8,11,9,9,0,0,6,3,7,5,2,0
10,5,5,5,5,6,8,0,9,11,8,4,4,7,3,0,8,0,8,9,4,6,3,3,7,2,4,10,10,0,2,2,10,10,3,3,5,10,7,6,0,0,6,10,2,11,2,7,4,6,8,5,9,9,9,6,10,3,0,4,3,5,2,2,6,3,6,4,11,3,11,5,4,6,11,10,8,4,2,5,9,10,10,7,10,5,6,3,6,6,7,3,10,10,11,10,11,5,5,7,5,8,9,10,8,10,10,5,5,3,8,4,8,3,3,4,8,8,0,9,0,3,4,5,10,4,9,0,2,10,5,2,4,3,8,5,10,0,9,0,10,10,2,2,7,4,8,6,3,2
11,6,6,6,6,7,9,2,10,0,9,5,5,8,4,2,9,2,9,10,5,7,4,4,8,3,5,11,11,2,3,3,11,11,4,4,6,11,8,7,2,2,7,11,3,0,3,8,5,7,9,6,10,10,10,7,11,4,2,5,4,6,3,3,7,4,7,5,0,4,0,6,5,7,0,11,9,5,3,6,10,11,11,8,11,6,7,4,7,7,8,4,11,11,0,11,0,6,6,8,6,9,10,11,9,11,11,6,6,4,9,5,9,4,4,5,9,9,2,10,2,4,5,6,11,5,10,2,3,11,6,3,5,4,9,6,11,2,10,2,11,11,3,3,8,5,9,7,4,3
0,7,7,7,7,8,10,3,11,2,10,6,6,9,5,3,10,3,10,11,6,8,5,5,9,4,6,0,0,3,4,4,0,0,5,5,7,0,9,8,3,3,8,0,4,2,4,9,6,8,10,7,11,11,11,8,0,5,3,6,5,7,4,4,8,5,8,6,2,5,2,7,6,8,2,0,10,6,4,7,11,0,0,9,0,7,8,5,8,8,9,5,0,0,2,0,2,7,7,9,7,10,11,0,10,0,0,7,7,5,10,6,10,5,5,6,10,10,3,11,3,5,6,7,0,6,11,3,4,0,7,4,6,5,10,7,0,3,11,3,0,0,4,4,9,6,10,8,5,4
2,8,8,8,8,9,11,4,0,3,11,7,7,10,6,4,11,4,11,0,7,9,6,6,10,5,7,2,2,4,5,5,2,2,6,6,8,2,10,9,4,4,9,2,5,3,5,10,7,9,11,8,0,0,0,9,2,6,4,7,6,8,5,5,9,6,9,7,3,6,3,8,7,9,3,2,11,7,5,8,0,2,2,10,2,8,9,6,9,9,10,6,2,2,3,2,3,8,8,10,8,11,0,2,11,2,2,8,8,6,11,7,11,6,6,7,11,11,4,0,4,6,7,8,2,7,0,4,5,2,8,5,7,6,11,8,2,4,0,4,2,2,5,5,10,7,11,9,6,5
3,9,9,9,9,10,0,5,2,4,0,8,8,11,7,5,0,5,0,2,8,10,7,7,11,6,8,3,3,5,6,6,3,3,7,7,9,3,11,10,5,5,10,3,6,4,6,11,8,10,0,9,2,2,2,10,3,7,5,8,7,9,6,6,10,7,10,8,4,7,4,9,8,10,4,3,0,8,6,9,2,3,3,11,3,9,10,7,10,10,11,7,3,3,4,3,4,9,9,11,9,0,2,3,0,3,3,9,9,7,0,8,0,7,7,8,0,0,5,2,5,7,8,9,3,8,2,5,6,3,9,6,8,7,0,9,3,5,2,5,3,3,6,6,11,8,0,10,7,6
4,10,10,10,10,11,2,6,3,5,2,9,9,0,8,6,2,6,2,3,9,11,8,8,0,7,9,4,4,6,7,7,4,4,8,8,10,4,0,11,6,6,11,4,7,5,7,0,9,11,2,10,3,3,3,11,4,8,6,9,8,10,7,7,11,8,11,9,5,8,5,10,9,11,5,4,2,9,7,10,3,4,4,0,4,10,11,8,11,11,0,8,4,4,5,4,5,10,10,0,10,2,3,4,2,4,4,10,10,8,2,9,2,8,8,9,2,2,6,3,6,8,9,10,4,9,3,6,7,4,10,7,9,8,2,10,4,6,3,6,4,4,7,7,0,9,2,11,8,7
5,11,11,11,11,0,3,7,4,6,3,10,10,2,9,7,3,7,3,4,10,0,9,9,2,8,10,5,5,7,8,8,5,5,9,9,11,5,2,0,7,7,0,5,8,6,8,2,10,0,3,11,4,4,4,0,5,9,7,10,9,11,8,8,0,9,0,10,6,9,6,11,10,0,6,5,3,10,8,11,4,5,5,2,5,11,0,9,0,0,2,9,5,5,6,5,6,11,11,2,11,3,4,5,3,5,5,11,11,9,3,10,3,9,9,10,3,3,7,4,7,9,10,11,5,10,4,7,8,5,11,8,10,9,3,11,5,7,4,7,5,5,8,8,2,10,3,0,9,8
6,0,0,0,0,2,4,8,5,7,4,11,11,3,10,8,4,8,4,5,11,2,10,10,3,9,11,6,6,8,9,9,6,6,10,10,0,6,3,2,8,8,2,6,9,7,9,3,11,2,4,0,5,5,5,2,6,10,8,11,10,0,9,9,2,10,2,11,7,10,7,0,11,2,7,6,4,11,9,0,5,6,6,3,6,0,2,10,2,2,3,10,6,6,7,6,7,0,0,3,0,4,5,6,4,6,6,0,0,10,4,11,4,10,10,11,4,4,8,5,8,10,11,0,6,11,5,8,9,6,0,9,11,10,4,0,6,8,5,8,6,6,9,9,3,11,4,2,10,9
7,2,2,2,2,3,5,9,6,8,5,0,0,4,11,9,5,9,5,6,0,3,11,11,4,10,0,7,7,9,10,10,7,7,11,11,2,7,4,3,9,9,3,7,10,8,10,4,0,3,5,2,6,6,6,3,7,11,9,0,11,2,10,10,3,11,3,0,8,11,8,2,0,3,8,7,5,0,10,2,6,7,7,4,7,2,3,11,3,3,4,11,7,7,8,7,8,2,2,4,2,5,6,7,5,7,7,2,2,11,5,0,5,11,11,0,5,5,9,6,9,11,0,2,7,0,6,9,10,7,2,10,0,11,5,2,7,9,6,9,7,7,10,10,4,0,5,3,11,10
8,3,3,3,3,4,6,10,7,9,6,2,2,5,0,10,6,10,6,7,2,4,0,0,5,11,2,8,8,10,11,11,8,8,0,0,3,8,5,4,10,10,4,8,11,9,11,5,2,4,6,3,7,7,7,4,8,0,10,2,0,3,11,11,4,0,4,2,9,0,9,3,2,4,9,8,6,2,11,3,7,8,8,5,8,3,4,0,4,4,5,0,8,8,9,8,9,3,3,5,3,6,7,8,6,8,8,3,3,0,6,2,6,0,0,2,6,6,10,7,10,0,2,3,8,2,7,10,11,8,3,11,2,0,6,3,8,10,7,10,8,8,11,11,5,2,6,4,0,11
9,4,4,4,4,5,7,11,8,10,7,3,3,6,2,11,7,11,7,8,3,5,2,2,6,0,3,9,9,11,0,0,9,9,2,2,4,9,6,5,11,11,5,9,0,10,0,6,3,5,7,4,8,8,8,5,9,2,11,3,2,4,0,0,5,2,5,3,10,2,10,4,3,5,10,9,7,3,0,4,8,9,9,6,9,4,5,2,5,5,6,2,9,9,10,9,10,4,4,6,4,7,8,9,7,9,9,4,4,2,7,3,7,2,2,3,7,7,11,8,11,2,3,4,9,3,8,11,0,9,4,0,3,2,7,4,9,11,8,11,9,9,0,0,6,3,7,5,2,0
10,5,5,5,5,6,8,0,9,11,8,4,4,7,3,0,8,0,8,9,4,6,3,3,7,2,4,10,10,0,2,2,10,10,3,3,5,10,7,6,0,0,6,10,2,11,2,7,4,6,8,5,9,9,9,6,10,3,0,4,3,5,2,2,6,3,6,4,11,3,11,5,4,6,11,10,8,4,2,5,9,10,10,7,10,5,6,3,6,6,7,3,10,10,11,10,11,5,5,7,5,8,9,10,8,10,10,5,5,3,8,4,8,3,3,4,8,8,0,9,0,3,4,5,10,4,9,0,2,10,5,2,4,3,8,5,10,0,9,0,10,10,2,2,7,4,8,6,3,2
11,6,6,6,6,7,9,2,10,0,9,5,5,8,4,2,9,2,9,10,5,7,4,4,8,3,5,11,11,2,3,3,11,11,4,4,6,11,8,7,2,2,7,11,3,0,3,8,5,7,9,6,10,10,10,7,11,4,2,5,4,6,3,3,7,4,7,5,0,4,0,6,5,7,0,11,9,5,3,6,10,11,11,8,11,6,7,4,7,7,8,4,11,11,0,11,0,6,6,8,6,9,10,11,9,11,11,6,6,4,9,5,9,4,4,5,9,9,2,10,2,4,5,6,11,5,10,2,3,11,6,3,5,4,9,6,11,2,10,2,11,11,3,3,8,5,9,7,4,3
0,7,7,7,7,8,10,3,11,2,10,6,6,9,5,3,10,3,10,11,6,8,5,5,9,4,6,0,0,3,4,4,0,0,5,5,7,0,9,8,3,3,8,0,4,2,4,9,6,8,10,7,11,11,11,8,0,5,3,6,5,7,4,4,8,5,8,6,2,5,2,7,6,8,2,0,10,6,4,7,11,0,0,9,0,7,8,5,8,8,9,5,0,0,2,0,2,7,7,9,7,10,11,0,10,0,0,7,7,5,10,6,10,5,5,6,10,10,3,11,3,5,6,7,0,6,11,3,4,0,7,4,6,5,10,7,0,3,11,3,0,0,4,4,9,6,10,8,5,4
2,8,8,8,8,9,11,4,0,3,11,7,7,10,6,4,11,4,11,0,7,9,6,6,10,5,7,2,2,4,5,5,2,2,6,6,8,2,10,9,4,4,9,2,5,3,5,10,7,9,11,8,0,0,0,9,2,6,4,7,6,8,5,5,9,6,9,7,3,6,3,8,7,9,3,2,11,7,5,8,0,2,2,10,2,8,9,6,9,9,10,6,2,2,3,2,3,8,8,10,8,11,0,2,11,2,2,8,8,6,11,7,11,6,6,7,11,11,4,0,4,6,7,8,2,7,0,4,5,2,8,5,7,6,11,8,2,4,0,4,2,2,5,5,10,7,11,9,6,5
3,9,9,9,9,10,0,5,2,4,0,8,8,11,7,5,0,5,0,2,8,10,7,7,11,6,8,3,3,5,6,6,3,3,7,7,9,3,11,10,5,5,10,3,6,4,6,11,8,10,0,9,2,2,2,10,3,7,5,8,7,9,6,6,10,7,10,8,4,7,4,9,8,10,4,3,0,8,6,9,2,3,3,11,3,9,10,7,10,10,11,7,3,3,4,3,4,9,9,11,9,0,2,3,0,3,3,9,9,7,0,8,0,7,7,8,0,0,5,2,5,7,8,9,3,8,2,5,6,3,9,6,8,7,0,9,3,5,2,5,3,3,6,6,11,8,0,10,7,6
4,10,10,10,10,11,2,6,3,5,2,9,9,0,8,6,2,6,2,3,9,11,8,8,0,7,9,4,4,6,7,7,4,4,8,8,10,4,0,11,6,6,11,4,7,5,7,0,9,11,2,10,3,3,3,11,4,8,6,9,8,10,7,7,11,8,11,9,5,8,5,10,9,11,5,4,2,9,7,10,3,4,4,0,4,10,11,8,11,11,0,8,4,4,5,4,5,10,10,0,10,2,3,4,2,4,4,10,10,8,2,9,2,8,8,9,2,2,6,3,6,8,9,10,4,9,3,6,7,4,10,7,9,8,2,10,4,6,3,6,4,4,7,7,0,9,2,11,8,7
5,11,11,11,11,0,3,7,4,6,3,10,10,2,9,7,3,7,3,4,10,0,9,9,2,8,10,5,5,7,8,8,5,5,9,9,11,5,2,0,7,7,0,5,8,6,8,2,10,0,3,11,4,4,4,0,5,9,7,10,9,11,8,8,0,9,0,10,6,9,6,11,10,0,6,5,3,10,8,11,4,5,5,2,5,11,0,9,0,0,2,9,5,5,6,5,6,11,11,2,11,3,4,5,3,5,5,11,11,9,3,10,3,9,9,10,3,3,7,4,7,9,10,11,5,10,4,7,8,5,11,8,10,9,3,11,5,7,4,7,5,5,8,8,2,10,3,0,9,8
6,0,0,0,0,2,4,8,5,7,4,11,11,3,10,8,4,8,4,5,11,2,10,10,3,9,11,6,6,8,9,9,6,6,10,10,0,6,3,2,8,8,2,6,9,7,9,3,11,2,4,0,5,5,5,2,6,10,8,11,10,0,9,9,2,10,2,11,7,10,7,0,11,2,7,6,4,11,9,0,5,6,6,3,6,0,2,10,2,2,3,10,6,6,7,6,7,0,0,3,0,4,5,6,4,6,6,0,0,10,4,11,4,10,10,11,4,4,8,5,8,10,11,0,6,11,5,8,9,6,0,9,11,10,4,0,6,8,5,8,6,6,9,9,3,11,4,2,10,9
7,2,2,2,2,3,5,9,6,8,5,0,0,4,11,9,5,9,5,6,0,3,11,11,4,10,0,7,7,9,10,10,7,7,11,11,2,7,4,3,9,9,3,7,10,8,10,4,0,3,5,2,6,6,6,3,7,11,9,0,11,2,10,10,3,11,3,0,8,11,8,2,0,3,8,7,5,0,10,2,6,7,7,4,7,2,3,11,3,3,4,11,7,7,8,7,8,2,2,4,2,5,6,7,5,7,7,2,2,11,5,0,5,11,11,0,5,5,9,6,9,11,0,2,7,0,6,9,10,7,2,10,0,11,5,2,7,9,6,9,7,7,10,10,4,0,5,3,11,10
8,3,3,3,3,4,6,10,7,9,6,2,2,5,0,10,6,10,6,7,2,4,0,0,5,11,2,8,8,10,11,11,8,8,0,0,3,8,5,4,10,10,4,8,11,9,11,5,2,4,6,3,7,7,7,4,8,0,10,2,0,3,11,11,4,0,4,2,9,0,9,3,2,4,9,8,6,2,11,3,7,8,8,5,8,3,4,0,4,4,5,0,8,8,9,8,9,3,3,5,3,6,7,8,6,8,8,3,3,0,6,2,6,0,0,2,6,6,10,7,10,0,2,3,8,2,7,10,11,8,3,11,2,0,6,3,8,10,7,10,8,8,11,11,5,2,6,4,0,11
9,4,4,4,4,5,7,11,8,10,7,3,3,6,2,11,7,11,7,8,3,5,2,2,6,0,3,9,9,11,0,0,9,9,2,2,4,9,6,5,11,11,5,9,0,10,0,6,3,5,7,4,8,8,8,5,9,2,11,3,2,4,0,0,5,2,5,3,10,2,10,4,3,5,10,9,7,3,0,4,8,9,9,6,9,4,5,2,5,5,6,2,9,9,10,9,10,4,4,6,4,7,8,9,7,9,9,4,4,2,7,3,7,2,2,3,7,7,11,8,11,2,3,4,9,3,8,11,0,9,4,0,3,2,7,4,9,11,8,11,9,9,0,0,6,3,7,5,2,0
10,5,5,5,5,6,8,0,9,11,8,4,4,7,3,0,8,0,8,9,4,6,3,3,7,2,4,10,10,0,2,2,10,10,3,3,5,10,7,6,0,0,6,10,2,11,2,7,4,6,8,5,9,9,9,6,10,3,0,4,3,5,2,2,6,3,6,4,11,3,11,5,4,6,11,10,8,4,2,5,9,10,10,7,10,5,6,3,6,6,7,3,10,10,11,10,11,5,5,7,5,8,9,10,8,10,10,5,5,3,8,4,8,3,3,4,8,8,0,9,0,3,4,5,10,4,9,0,2,10,5,2,4,3,8,5,10,0,9,0,10,10,2,2,7,4,8,6,3,2
11,6,6,6,6,7,9,2,10,0,9,5,5,8,4,2,9,2,9,10,5,7,4,4,8,3,5,11,11,2,3,3,11,11,4,4,6,11,8,7,2,2,7,11,3,0,3,8,5,7,9,6,10,10,10,7,11,4,2,5,4,6,3,3,7,4,7,5,0,4,0,6,5,7,0,11,9,5,3,6,10,11,11,8,11,6,7,4,7,7,8,4,11,11,0,11,0,6,6,8,6,9,10,11,9,11,11,6,6,4,9,5,9,4,4,5,9,9,2,10,2,4,5,6,11,5,10,2,3,11,6,3,5,4,9,6,11,2,10,2,11,11,3,3,8,5,9,7,4,3
0,7,7,7,7,8,10,3,11,2,10,6,6,9,5,3,10,3,10,11,6,8,5,5,9,4,6,0,0,3,4,4,0,0,5,5,7,0,9,8,3,3,8,0,4,2,4,9,6,8,10,7,11,11,11,8,0,5,3,6,5,7,4,4,8,5,8,6,2,5,2,7,6,8,2,0,10,6,4,7,11,0,0,9,0,7,8,5,8,8,9,5,0,0,2,0,2,7,7,9,7,10,11,0,10,0,0,7,7,5,10,6,10,5,5,6,10,10,3,11,3,5,6,7,0,6,11,3,4,0,7,4,6,5,10,7,0,3,11,3,0,0,4,4,9,6,10,8,5,4
2,8,8,8,8,9,11,4,0,3,11,7,7,10,6,4,11,4,11,0,7,9,6,6,10,5,7,2,2,4,5,5,2,2,6,6,8,2,10,9,4,4,9,2,5,3,5,10,7,9,11,8,0,0,0,9,2,6,4,7,6,8,5,5,9,6,9,7,3,6,3,8,7,9,3,2,11,7,5,8,0,2,2,10,2,8,9,6,9,9,10,6,2,2,3,2,3,8,8,10,8,11,0,2,11,2,2,8,8,6,11,7,11,6,6,7,11,11,4,0,4,6,7,8,2,7,0,4,5,2,8,5,7,6,11,8,2,4,0,4,2,2,5,5,10,7,11,9,6,5
3,9,9,9,9,10,0,5,2,4,0,8,8,11,7,5,0,5,0,2,8,10,7,7,11,6,8,3,3,5,6,6,3,3,7,7,9,3,11,10,5,5,10,3,6,4,6,11,8,10,0,9,2,2,2,10,3,7,5,8,7,9,6,6,10,7,10,8,4,7,4,9,8,10,4,3,0,8,6,9,2,3,3,11,3,9,10,7,10,10,11,7,3,3,4,3,4,9,9,11,9,0,2,3,0,3,3,9,9,7,0,8,0,7,7,8,0,0,5,2,5,7,8,9,3,8,2,5,6,3,9,6,8,7,0,9,3,5,2,5,3,3,6,6,11,8,0,10,7,6
4,10,10,10,10,11,2,6,3,5,2,9,9,0,8,6,2,6,2,3,9,11,8,8,0,7,9,4,4,6,7,7,4,4,8,8,10,4,0,11,6,6,11,4,7,5,7,0,9,11,2,10,3,3,3,11,4,8,6,9,8,10,7,7,11,8,11,9,5,8,5,10,9,11,5,4,2,9,7,10,3,4,4,0,4,10,11,8,11,11,0,8,4,4,5,4,5,10,10,0,10,2,3,4,2,4,4,10,10,8,2,9,2,8,8,9,2,2,6,3,6,8,9,10,4,9,3,6,7,4,10,7,9,8,2,10,4,6,3,6,4,4,7,7,0,9,2,11,8,7
5,11,11,11,11,0,3,7,4,6,3,10,10,2,9,7,3,7,3,4,10,0,9,9,2,8,10,5,5,7,8,8,5,5,9,9,11,5,2,0,7,7,0,5,8,6,8,2,10,0,3,11,4,4,4,0,5,9,7,10,9,11,8,8,0,9,0,10,6,9,6,11,10,0,6,5,3,10,8,11,4,5,5,2,5,11,0,9,0,0,2,9,5,5,6,5,6,11,11,2,11,3,4,5,3,5,5,11,11,9,3,10,3,9,9,10,3,3,7,4,7,9,10,11,5,10,4,7,8,5,11,8,10,9,3,11,5,7,4,7,5,5,8,8,2,10,3,0,9,8
6,0,0,0,0,2,4,8,5,7,4,11,11,3,10,8,4,8,4,5,11,2,10,10,3,9,11,6,6,8,9,9,6,6,10,10,0,6,3,2,8,8,2,6,9,7,9,3,11,2,4,0,5,5,5,2,6,10,8,11,10,0,9,9,2,10,2,11,7,10,7,0,11,2,7,6,4,11,9,0,5,6,6,3,6,0,2,10,2,2,3,10,6,6,7,6,7,0,0,3,0,4,5,6,4,6,6,0,0,10,4,11,4,10,10,11,4,4,8,5,8,10,11,0,6,11,5,8,9,6,0,9,11,10,4,0,6,8,5,8,6,6,9,9,3,11,4,2,10,9
7,2,2,2,2,3,5,9,6,8,5,0,0,4,11,9,5,9,5,6,0,3,11,11,4,10,0,7,7,9,10,10,7,7,11,11,2,7,4,3,9,9,3,7,10,8,10,4,0,3,5,2,6,6,6,3,7,11,9,0,11,2,10,10,3,11,3,0,8,11,8,2,0,3,8,7,5,0,10,2,6,7,7,4,7,2,3,11,3,3,4,11,7,7,8,7,8,2,2,4,2,5,6,7,5,7,7,2,2,11,5,0,5,11,11,0,5,5,9,6,9,11,0,2,7,0,6,9,10,7,2,10,0,11,5,2,7,9,6,9,7,7,10,10,4,0,5,3,11,10
8,3,3,3,3,4,6,10,7,9,6,2,2,5,0,10,6,10,6,7,2,4,0,0,5,11,2,8,8,10,11,11,8,8,0,0,3,8,5,4,10,10,4,8,11,9,11,5,2,4,6,3,7,7,7,4,8,0,10,2,0,3,11,11,4,0,4,2,9,0,9,3,2,4,9,8,6,2,11,3,7,8,8,5,8,3,4,0,4,4,5,0,8,8,9,8,9,3,3,5,3,6,7,8,6,8,8,3,3,0,6,2,6,0,0,2,6,6,10,7,10,0,2,3,8,2,7,10,11,8,3,11,2,0,6,3,8,10,7,10,8,8,11,11,5,2,6,4,0,11
9,4,4,4,4,5,7,11,8,10,7,3,3,6,2,11,7,11,7,8,3,5,2,2,6,0,3,9,9,11,0,0,9,9,2,2,4,9,6,5,11,11,5,9,0,10,0,6,3,5,7,4,8,8,8,5,9,2,11,3,2,4,0,0,5,2,5,3,10,2,10,4,3,5,10,9,7,3,0,4,8,9,9,6,9,4,5,2,5,5,6,2,9,9,10,9,10,4,4,6,4,7,8,9,7,9,9,4,4,2,7,3,7,2,2,3,7,7,11,8,11,2,3,4,9,3,8,11,0,9,4,0,3,2,7,4,9,11,8,11,9,9,0,0,6,3,7,5,2,0
10,5,5,5,5,6,8,0,9,11,8,4,4,7,3,0,8,0,8,9,4,6,3,3,7,2,4,10,10,0,2,2,10,10,3,3,5,10,7,6,0,0,6,10,2,11,2,7,4,6,8,5,9,9,9,6,10,3,0,4,3,5,2,2,6,3,6,4,11,3,11,5,4,6,11,10,8,4,2,5,9,10,10,7,10,5,6,3,6,6,7,3,10,10,11,10,11,5,5,7,5,8,9,10,8,10,10,5,5,3,8,4,8,3,3,4,8,8,0,9,0,3,4,5,10,4,9,0,2,10,5,2,4,3,8,5,10,0,9,0,10,10,2,2,7,4,8,6,3,2
11,6,6,6,6,7,9,2,10,0,9,5,5,8,4,2,9,2,9,10,5,7,4,4,8,3,5,11,11,2,3,3,11,11,4,4,6,11,8,7,2,2,7,11,3,0,3,8,5,7,9,6,10,10,10,7,11,4,2,5,4,6,3,3,7,4,7,5,0,4,0,6,5,7,0,11,9,5,3,6,10,11,11,8,11,6,7,4,7,7,8,4,11,11,0,11,0,6,6,8,6,9,10,11,9,11,11,6,6,4,9,5,9,4,4,5,9,9,2,10,2,4,5,6,11,5,10,2,3,11,6,3,5,4,9,6,11,2,10,2,11,11,3,3,8,5,9,7,4,3
0,7,7,7,7,8,10,3,11,2,10,6,6,9,5,3,10,3,10,11,6,8,5,5,9,4,6,0,0,3,4,4,0,0,5,5,7,0,9,8,3,3,8,0,4,2,4,9,6,8,10,7,11,11,11,8,0,5,3,6,5,7,4,4,8,5,8,6,2,5,2,7,6,8,2,0,10,6,4,7,11,0,0,9,0,7,8,5,8,8,9,5,0,0,2,0,2,7,7,9,7,10,11,0,10,0,0,7,7,5,10,6,10,5,5,6,10,10,3,11,3,5,6,7,0,6,11,3,4,0,7,4,6,5,10,7,0,3,11,3,0,0,4,4,9,6,10,8,5,4
2,8,8,8,8,9,11,4,0,3,11,7,7,10,6,4,11,4,11,0,7,9,6,6,10,5,7,2,2,4,5,5,2,2,6,6,8,2,10,9,4,4,9,2,5,3,5,10,7,9,11,8,0,0,0,9,2,6,4,7,6,8,5,5,9,6,9,7,3,6,3,8,7,9,3,2,11,7,5,8,0,2,2,10,2,8,9,6,9,9,10,6,2,2,3,2,3,8,8,10,8,11,0,2,11,2,2,8,8,6,11,7,11,6,6,7,11,11,4,0,4,6,7,8,2,7,0,4,5,2,8,5,7,6,11,8,2,4,0,4,2,2,5,5,10,7,11,9,6,5
3,9,9,9,9,10,0,5,2,4,0,8,8,11,7,5,0,5,0,2,8,10,7,7,11,6,8,3,3,5,6,6,3,3,7,7,9,3,11,10,5,5,10,3,6,4,6,11,8,10,0,9,2,2,2,10,3,7,5,8,7,9,6,6,10,7,10,8,4,7,4,9,8,10,4,3,0,8,6,9,2,3,3,11,3,9,10,7,10,10,11,7,3,3,4,3,4,9,9,11,9,0,2,3,0,3,3,9,9,7,0,8,0,7,7,8,0,0,5,2,5,7,8,9,3,8,2,5,6,3,9,6,8,7,0,9,3,5,2,5,3,3,6,6,11,8,0,10,7,6
4,10,10,10,10,11,2,6,3,5,2,9,9,0,8,6,2,6,2,3,9,11,8,8,0,7,9,4,4,6,7,7,4,4,8,8,10,4,0,11,6,6,11,4,7,5,7,0,9,11,2,10,3,3,3,11,4,8,6,9,8,10,7,7,11,8,11,9,5,8,5,10,9,11,5,4,2,9,7,10,3,4,4,0,4,10,11,8,11,11,0,8,4,4,5,4,5,10,10,0,10,2,3,4,2,4,4,10,10,8,2,9,2,8,8,9,2,2,6,3,6,8,9,10,4,9,3,6,7,4,10,7,9,8,2,10,4,6,3,6,4,4,7,7,0,9,2,11,8,7
5,11,11,11,11,0,3,7,4,6,3,10,10,2,9,7,3,7,3,4,10,0,9,9,2,8,10,5,5,7,8,8,5,5,9,9,11,5,2,0,7,7,0,5,8,6,8,2,10,0,3,11,4,4,4,0,5,9,7,10,9,11,8,8,0,9,0,10,6,9,6,11,10,0,6,5,3,10,8,11,4,5,5,2,5,11,0,9,0,0,2,9,5,5,6,5,6,11,11,2,11,3,4,5,3,5,5,11,11,9,3,10,3,9,9,10,3,3,7,4,7,9,10,11,5,10,4,7,8,5,11,8,10,9,3,11,5,7,4,7,5,5,8,8,2,10,3,0,9,8
6,0,0,0,0,2,4,8,5,7,4,11,11,3,10,8,4,8,4,5,11,2,10,10,3,9,11,6,6,8,9,9,6,6,10,10,0,6,3,2,8,8,2,6,9,7,9,3,11,2,4,0,5,5,5,2,6,10,8,11,10,0,9,9,2,10,2,11,7,10,7,0,11,2,7,6,4,11,9,0,5,6,6,3,6,0,2,10,2,2,3,10,6,6,7,6,7,0,0,3,0,4,5,6,4,6,6,0,0,10,4,11,4,10,10,11,4,4,8,5,8,10,11,0,6,11,5,8,9,6,0,9,11,10,4,0,6,8,5,8,6,6,9,9,3,11,4,2,10,9
7,2,2,2,2,3,5,9,6,8,5,0,0,4,11,9,5,9,5,6,0,3,11,11,4,10,0,7,7,9,10,10,7,7,11,11,2,7,4,3,9,9,3,7,10,8,10,4,0,3,5,2,6,6,6,3,7,11,9,0,11,2,10,10,3,11,3,0,8,11,8,2,0,3,8,7,5,0,10,2,6,7,7,4,7,2,3,11,3,3,4,11,7,7,8,7,8,2,2,4,2,5,6,7,5,7,7,2,2,11,5,0,5,11,11,0,5,5,9,6,9,11,0,2,7,0,6,9,10,7,2,10,0,11,5,2,7,9,6,9,7,7,10,10,4,0,5,3,11,10
8,3,3,3,3,4,6,10,7,9,6,2,2,5,0,10,6,10,6,7,2,4,0,0,5,11,2,8,8,10,11,11,8,8,0,0,3,8,5,4,10,10,4,8,11,9,11,5,2,4,6,3,7,7,7,4,8,0,10,2,0,3,11,11,4,0,4,2,9,0,9,3,2,4,9,8,6,2,11,3,7,8,8,5,8,3,4,0,4,4,5,0,8,8,9,8,9,3,3,5,3,6,7,8,6,8,8,3,3,0,6,2,6,0,0,2,6,6,10,7,10,0,2,3,8,2,7,10,11,8,3,11,2,0,6,3,8,10,7,10,8,8,11,11,5,2,6,4,0,11
9,4,4,4,4,5,7,11,8,10,7,3,3,6,2,11,7,11,7,8,3,5,2,2,6,0,3,9,9,11,0,0,9,9,2,2,4,9,6,5,11,11,5,9,0,10,0,6,3,5,7,4,8,8,8,5,9,2,11,3,2,4,0,0,5,2,5,3,10,2,10,4,3,5,10,9,7,3,0,4,8,9,9,6,9,4,5,2,5,5,6,2,9,9,10,9,10,4,4,6,4,7,8,9,7,9,9,4,4,2,7,3,7,2,2,3,7,7,11,8,11,2,3,4,9,3,8,11,0,9,4,0,3,2,7,4,9,11,8,11,9,9,0,0,6,3,7,5,2,0
10,5,5,5,5,6,8,0,9,11,8,4,4,7,3,0,8,0,8,9,4,6,3,3,7,2,4,10,10,0,2,2,10,10,3,3,5,10,7,6,0,0,6,10,2,11,2,7,4,6,8,5,9,9,9,6,10,3,0,4,3,5,2,2,6,3,6,4,11,3,11,5,4,6,11,10,8,4,2,5,9,10,10,7,10,5,6,3,6,6,7,3,10,10,11,10,11,5,5,7,5,8,9,10,8,10,10,5,5,3,8,4,8,3,3,4,8,8,0,9,0,3,4,5,10,4,9,0,2,10,5,2,4,3,8,5,10,0,9,0,10,10,2,2,7,4,8,6,3,2
11,6,6,6,6,7,9,2,10,0,9,5,5,8,4,2,9,2,9,10,5,7,4,4,8,3,5,11,11,2,3,3,11,11,4,4,6,11,8,7,2,2,7,11,3,0,3,8,5,7,9,6,10,10,10,7,11,4,2,5,4,6,3,3,7,4,7,5,0,4,0,6,5,7,0,11,9,5,3,6,10,11,11,8,11,6,7,4,7,7,8,4,11,11,0,11,0,6,6,8,6,9,10,11,9,11,11,6,6,4,9,5,9,4,4,5,9,9,2,10,2,4,5,6,11,5,10,2,3,11,6,3,5,4,9,6,11,2,10,2,11,11,3,3,8,5,9,7,4,3
0,7,7,7,7,8,10,3,11,2,10,6,6,9,5,3,10,3,10,11,6,8,5,5,9,4,6,0,0,3,4,4,0,0,5,5,7,0,9,8,3,3,8,0,4,2,4,9,6,8,10,7,11,11,11,8,0,5,3,6,5,7,4,4,8,5,8,6,2,5,2,7,6,8,2,0,10,6,4,7,11,0,0,9,0,7,8,5,8,8,9,5,0,0,2,0,2,7,7,9,7,10,11,0,10,0,0,7,7,5,10,6,10,5,5,6,10,10,3,11,3,5,6,7,0,6,11,3,4,0,7,4,6,5,10,7,0,3,11,3,0,0,4,4,9,6,10,8,5,4
2,8,8,8,8,9,11,4,0,3,11,7,7,10,6,4,11,4,11,0,7,9,6,6,10,5,7,2,2,4,5,5,2,2,6,6,8,2,10,9,4,4,9,2,5,3,5,10,7,9,11,8,0,0,0,9,2,6,4,7,6,8,5,5,9,6,9,7,3,6,3,8,7,9,3,2,11,7,5,8,0,2,2,10,2,8,9,6,9,9,10,6,2,2,3,2,3,8,8,10,8,11,0,2,11,2,2,8,8,6,11,7,11,6,6,7,11,11,4,0,4,6,7,8,2,7,0,4,5,2,8,5,7,6,11,8,2,4,0,4,2,2,5,5,10,7,11,9,6,5
3,9,9,9,9,10,0,5,2,4,0,8,8,11,7,5,0,5,0,2,8,10,7,7,11,6,8,3,3,5,6,6,3,3,7,7,9,3,11,10,5,5,10,3,6,4,6,11,8,10,0,9,2,2,2,10,3,7,5,8,7,9,6,6,10,7,10,8,4,7,4,9,8,10,4,3,0,8,6,9,2,3,3,11,3,9,10,7,10,10,11,7,3,3,4,3,4,9,9,11,9,0,2,3,0,3,3,9,9,7,0,8,0,7,7,8,0,0,5,2,5,7,8,9,3,8,2,5,6,3,9,6,8,7,0,9,3,5,2,5,3,3,6,6,11,8,0,10,7,6
4,10,10,10,10,11,2,6,3,5,2,9,9,0,8,6,2,6,2,3,9,11,8,8,0,7,9,4,4,6,7,7,4,4,8,8,10,4,0,11,6,6,11,4,7,5,7,0,9,11,2,10,3,3,3,11,4,8,6,9,8,10,7,7,11,8,11,9,5,8,5,10,9,11,5,4,2,9,7,10,3,4,4,0,4,10,11,8,11,11,0,8,4,4,5,4,5,10,10,0,10,2,3,4,2,4,4,10,10,8,2,9,2,8,8,9,2,2,6,3,6,8,9,10,4,9,3,6,7,4,10,7,9,8,2,10,4,6,3,6,4,4,7,7,0,9,2,11,8,7
5,11,11,11,11,0,3,7,4,6,3,10,10,2,9,7,3,7,3,4,10,0,9,9,2,8,10,5,5,7,8,8,5,5,9,9,11,5,2,0,7,7,0,5,8,6,8,2,10,0,3,11,4,4,4,0,5,9,7,10,9,11,8,8,0,9,0,10,6,9,6,11,10,0,6,5,3,10,8,11,4,5,5,2,5,11,0,9,0,0,2,9,5,5,6,5,6,11,11,2,11,3,4,5,3,5,5,11,11,9,3,10,3,9,9,10,3,3,7,4,7,9,10,11,5,10,4,7,8,5,11,8,10,9,3,11,5,7,4,7,5,5,8,8,2,10,3,0,9,8
6,0,0,0,0,2,4,8,5,7,4,11,11,3,10,8,4,8,4,5,11,2,10,10,3,9,11,6,6,8,9,9,6,6,10,10,0,6,3,2,8,8,2,6,9,7,9,3,11,2,4,0,5,5,5,2,6,10,8,11,10,0,9,9,2,10,2,11,7,10,7,0,11,2,7,6,4,11,9,0,5,6,6,3,6,0,2,10,2,2,3,10,6,6,7,6,7,0,0,3,0,4,5,6,4,6,6,0,0,10,4,11,4,10,10,11,4,4,8,5,8,10,11,0,6,11,5,8,9,6,0,9,11,10,4,0,6,8,5,8,6,6,9,9,3,11,4,2,10,9
7,2,2,2,2,3,5,9,6,8,5,0,0,4,11,9,5,9,5,6,0,3,11,11,4,10,0,7,7,9,10,10,7,7,11,11,2,7,4,3,9,9,3,7,10,8,10,4,0,3,5,2,6,6,6,3,7,11,9,0,11,2,10,10,3,11,3,0,8,11,8,2,0,3,8,7,5,0,10,2,6,7,7,4,7,2,3,11,3,3,4,11,7,7,8,7,8,2,2,4,2,5,6,7,5,7,7,2,2,11,5,0,5,11,11,0,5,5,9,6,9,11,0,2,7,0,6,9,10,7,2,10,0,11,5,2,7,9,6,9,7,7,10,10,4,0,5,3,11,10
8,3,3,3,3,4,6,10,7,9,6,2,2,5,0,10,6,10,6,7,2,4,0,0,5,11,2,8,8,10,11,11,8,8,0,0,3,8,5,4,10,10,4,8,11,9,11,5,2,4,6,3,7,7,7,4,8,0,10,2,0,3,11,11,4,0,4,2,9,0,9,3,2,4,9,8,6,2,11,3,7,8,8,5,8,3,4,0,4,4,5,0,8,8,9,8,9,3,3,5,3,6,7,8,6,8,8,3,3,0,6,2,6,0,0,2,6,6,10,7,10,0,2,3,8,2,7,10,11,8,3,11,2,0,6,3,8,10,7,10,8,8,11,11,5,2,6,4,0,11
9,4,4,4,4,5,7,11,8,10,7,3,3,6,2,11,7,11,7,8,3,5,2,2,6,0,3,9,9,11,0,0,9,9,2,2,4,9,6,5,11,11,5,9,0,10,0,6,3,5,7,4,8,8,8,5,9,2,11,3,2,4,0,0,5,2,5,3,10,2,10,4,3,5,10,9,7,3,0,4,8,9,9,6,9,4,5,2,5,5,6,2,9,9,10,9,10,4,4,6,4,7,8,9,7,9,9,4,4,2,7,3,7,2,2,3,7,7,11,8,11,2,3,4,9,3,8,11,0,9,4,0,3,2,7,4,9,11,8,11,9,9,0,0,6,3,7,5,2,0
10,5,5,5,5,6,8,0,9,11,8,4,4,7,3,0,8,0,8,9,4,6,3,3,7,2,4,10,10,0,2,2,10,10,3,3,5,10,7,6,0,0,6,10,2,11,2,7,4,6,8,5,9,9,9,6,10,3,0,4,3,5,2,2,6,3,6,4,11,3,11,5,4,6,11,10,8,4,2,5,9,10,10,7,10,5,6,3,6,6,7,3,10,10,11,10,11,5,5,7,5,8,9,10,8,10,10,5,5,3,8,4,8,3,3,4,8,8,0,9,0,3,4,5,10,4,9,0,2,10,5,2,4,3,8,5,10,0,9,0,10,10,2,2,7,4,8,6,3,2
11,6,6,6,6,7,9,2,10,0,9,5,5,8,4,2,9,2,9,10,5,7,4,4,8,3,5,11,11,2,3,3,11,11,4,4,6,11,8,7,2,2,7,11,3,0,3,8,5,7,9,6,10,10,10,7,11,4,2,5,4,6,3,3,7,4,7,5,0,4,0,6,5,7,0,11,9,5,3,6,10,11,11,8,11,6,7,4,7,7,8,4,11,11,0,11,0,6,6,8,6,9,10,11,9,11,11,6,6,4,9,5,9,4,4,5,9,9,2,10,2,4,5,6,11,5,10,2,3,11,6,3,5,4,9,6,11,2,10,2,11,11,3,3,8,5,9,7,4,3
0,7,7,7,7,8,10,3,11,2,10,6,6,9,5,3,10,3,10,11,6,8,5,5,9,4,6,0,0,3,4,4,0,0,5,5,7,0,9,8,3,3,8,0,4,2,4,9,6,8,10,7,11,11,11,8,0,5,3,6,5,7,4,4,8,5,8,6,2,5,2,7,6,8,2,0,10,6,4,7,11,0,0,9,0,7,8,5,8,8,9,5,0,0,2,0,2,7,7,9,7,10,11,0,10,0,0,7,7,5,10,6,10,5,5,6,10,10,3,11,3,5,6,7,0,6,11,3,4,0,7,4,6,5,10,7,0,3,11,3,0,0,4,4,9,6,10,8,5,4
2,8,8,8,8,9,11,4,0,3,11,7,7,10,6,4,11,4,11,0,7,9,6,6,10,5,7,2,2,4,5,5,2,2,6,6,8,2,10,9,4,4,9,2,5,3,5,10,7,9,11,8,0,0,0,9,2,6,4,7,6,8,5,5,9,6,9,7,3,6,3,8,7,9,3,2,11,7,5,8,0,2,2,10,2,8,9,6,9,9,10,6,2,2,3,2,3,8,8,10,8,11,0,2,11,2,2,8,8,6,11,7,11,6,6,7,11,11,4,0,4,6,7,8,2,7,0,4,5,2,8,5,7,6,11,8,2,4,0,4,2,2,5,5,10,7,11,9,6,5
3,9,9,9,9,10,0,5,2,4,0,8,8,11,7,5,0,5,0,2,8,10,7,7,11,6,8,3,3,5,6,6,3,3,7,7,9,3,11,10,5,5,10,3,6,4,6,11,8,10,0,9,2,2,2,10,3,7,5,8,7,9,6,6,10,7,10,8,4,7,4,9,8,10,4,3,0,8,6,9,2,3,3,11,3,9,10,7,10,10,11,7,3,3,4,3,4,9,9,11,9,0,2,3,0,3,3,9,9,7,0,8,0,7,7,8,0,0,5,2,5,7,8,9,3,8,2,5,6,3,9,6,8,7,0,9,3,5,2,5,3,3,6,6,11,8,0,10,7,6
4,10,10,10,10,11,2,6,3,5,2,9,9,0,8,6,2,6,2,3,9,11,8,8,0,7,9,4,4,6,7,7,4,4,8,8,10,4,0,11,6,6,11,4,7,5,7,0,9,11,2,10,3,3,3,11,4,8,6,9,8,10,7,7,11,8,11,9,5,8,5,10,9,11,5,4,2,9,7,10,3,4,4,0,4,10,11,8,11,11,0,8,4,4,5,4,5,10,10,0,10,2,3,4,2,4,4,10,10,8,2,9,2,8,8,9,2,2,6,3,6,8,9,10,4,9,3,6,7,4,10,7,9,8,2,10,4,6,3,6,4,4,7,7,0,9,2,11,8,7
5,11,11,11,11,0,3,7,4,6,3,10,10,2,9,7,3,7,3,4,10,0,9,9,2,8,10,5,5,7,8,8,5,5,9,9,11,5,2,0,7,7,0,5,8,6,8,2,10,0,3,11,4,4,4,0,5,9,7,10,9,11,8,8,0,9,0,10,6,9,6,11,10,0,6,5,3,10,8,11,4,5,5,2,5,11,0,9,0,0,2,9,5,5,6,5,6,11,11,2,11,3,4,5,3,5,5,11,11,9,3,10,3,9,9,10,3,3,7,4,7,9,10,11,5,10,4,7,8,5,11,8,10,9,3,11,5,7,4,7,5,5,8,8,2,10,3,0,9,8
6,0,0,0,0,2,4,8,5,7,4,11,11,3,10,8,4,8,4,5,11,2,10,10,3,9,11,6,6,8,9,9,6,6,10,10,0,6,3,2,8,8,2,6,9,7,9,3,11,2,4,0,5,5,5,2,6,10,8,11,10,0,9,9,2,10,2,11,7,10,7,0,11,2,7,6,4,11,9,0,5,6,6,3,6,0,2,10,2,2,3,10,6,6,7,6,7,0,0,3,0,4,5,6,4,6,6,0,0,10,4,11,4,10,10,11,4,4,8,5,8,10,11,0,6,11,5,8,9,6,0,9,11,10,4,0,6,8,5,8,6,6,9,9,3,11,4,2,10,9
7,2,2,2,2,3,5,9,6,8,5,0,0,4,11,9,5,9,5,6,0,3,11,11,4,10,0,7,7,9,10,10,7,7,11,11,2,7,4,3,9,9,3,7,10,8,10,4,0,3,5,2,6,6,6,3,7,11,9,0,11,2,10,10,3,11,3,0,8,11,8,2,0,3,8,7,5,0,10,2,6,7,7,4,7,2,3,11,3,3,4,11,7,7,8,7,8,2,2,4,2,5,6,7,5,7,7,2,2,11,5,0,5,11,11,0,5,5,9,6,9,11,0,2,7,0,6,9,10,7,2,10,0,11,5,2,7,9,6,9,7,7,10,10,4,0,5,3,11,10
8,3,3,3,3,4,6,10,7,9,6,2,2,5,0,10,6,10,6,7,2,4,0,0,5,11,2,8,8,10,11,11,8,8,0,0,3,8,5,4,10,10,4,8,11,9,11,5,2,4,6,3,7,7,7,4,8,0,10,2,0,3,11,11,4,0,4,2,9,0,9,3,2,4,9,8,6,2,11,3,7,8,8,5,8,3,4,0,4,4,5,0,8,8,9,8,9,3,3,5,3,6,7,8,6,8,8,3,3,0,6,2,6,0,0,2,6,6,10,7,10,0,2,3,8,2,7,10,11,8,3,11,2,0,6,3,8,10,7,10,8,8,11,11,5,2,6,4,0,11
9,4,4,4,4,5,7,11,8,10,7,3,3,6,2,11,7,11,7,8,3,5,2,2,6,0,3,9,9,11,0,0,9,9,2,2,4,9,6,5,11,11,5,9,0,10,0,6,3,5,7,4,8,8,8,5,9,2,11,3,2,4,0,0,5,2,5,3,10,2,10,4,3,5,10,9,7,3,0,4,8,9,9,6,9,4,5,2,5,5,6,2,9,9,10,9,10,4,4,6,4,7,8,9,7,9,9,4,4,2,7,3,7,2,2,3,7,7,11,8,11,2,3,4,9,3,8,11,0,9,4,0,3,2,7,4,9,11,8,11,9,9,0,0,6,3,7,5,2,0
10,5,5,5,5,6,8,0,9,11,8,4,4,7,3,0,8,0,8,9,4,6,3,3,7,2,4,10,10,0,2,2,10,10,3,3,5,10,7,6,0,0,6,10,2,11,2,7,4,6,8,5,9,9,9,6,10,3,0,4,3,5,2,2,6,3,6,4,11,3,11,5,4,6,11,10,8,4,2,5,9,10,10,7,10,5,6,3,6,6,7,3,10,10,11,10,11,5,5,7,5,8,9,10,8,10,10,5,5,3,8,4,8,3,3,4,8,8,0,9,0,3,4,5,10,4,9,0,2,10,5,2,4,3,8,5,10,0,9,0,10,10,2,2,7,4,8,6,3,2
11,6,6,6,6,7,9,2,10,0,9,5,5,8,4,2,9,2,9,10,5,7,4,4,8,3,5,11,11,2,3,3,11,11,4,4,6,11,8,7,2,2,7,11,3,0,3,8,5,7,9,6,10,10,10,7,11,4,2,5,4,6,3,3,7,4,7,5,0,4,0,6,5,7,0,11,9,5,3,6,10,11,11,8,11,6,7,4,7,7,8,4,11,11,0,11,0,6,6,8,6,9,10,11,9,11,11,6,6,4,9,5,9,4,4,5,9,9,2,10,2,4,5,6,11,5,10,2,3,11,6,3,5,4,9,6,11,2,10,2,11,11,3,3,8,5,9,7,4,3
0,7,7,7,7,8,10,3,11,2,10,6,6,9,5,3,10,3,10,11,6,8,5,5,9,4,6,0,0,3,4,4,0,0,5,5,7,0,9,8,3,3,8,0,4,2,4,9,6,8,10,7,11,11,11,8,0,5,3,6,5,7,4,4,8,5,8,6,2,5,2,7,6,8,2,0,10,6,4,7,11,0,0,9,0,7,8,5,8,8,9,5,0,0,2,0,2,7,7,9,7,10,11,0,10,0,0,7,7,5,10,6,10,5,5,6,10,10,3,11,3,5,6,7,0,6,11,3,4,0,7,4,6,5,10,7,0,3,11,3,0,0,4,4,9,6,10,8,5,4
2,8,8,8,8,9,11,4,0,3,11,7,7,10,6,4,11,4,11,0,7,9,6,6,10,5,7,2,2,4,5,5,2,2,6,6,8,2,10,9,4,4,9,2,5,3,5,10,7,9,11,8,0,0,0,9,2,6,4,7,6,8,5,5,9,6,9,7,3,6,3,8,7,9,3,2,11,7,5,8,0,2,2,10,2,8,9,6,9,9,10,6,2,2,3,2,3,8,8,10,8,11,0,2,11,2,2,8,8,6,11,7,11,6,6,7,11,11,4,0,4,6,7,8,2,7,0,4,5,2,8,5,7,6,11,8,2,4,0,4,2,2,5,5,10,7,11,9,6,5
3,9,9,9,9,10,0,5,2,4,0,8,8,11,7,5,0,5,0,2,8,10,7,7,11,6,8,3,3,5,6,6,3,3,7,7,9,3,11,10,5,5,10,3,6,4,6,11,8,10,0,9,2,2,2,10,3,7,5,8,7,9,6,6,10,7,10,8,4,7,4,9,8,10,4,3,0,8,6,9,2,3,3,11,3,9,10,7,10,10,11,7,3,3,4,3,4,9,9,11,9,0,2,3,0,3,3,9,9,7,0,8,0,7,7,8,0,0,5,2,5,7,8,9,3,8,2,5,6,3,9,6,8,7,0,9,3,5,2,5,3,3,6,6,11,8,0,10,7,6
4,10,10,10,10,11,2,6,3,5,2,9,9,0,8,6,2,6,2,3,9,11,8,8,0,7,9,4,4,6,7,7,4,4,8,8,10,4,0,11,6,6,11,4,7,5,7,0,9,11,2,10,3,3,3,11,4,8,6,9,8,10,7,7,11,8,11,9,5,8,5,10,9,11,5,4,2,9,7,10,3,4,4,0,4,10,11,8,11,11,0,8,4,4,5,4,5,10,10,0,10,2,3,4,2,4,4,10,10,8,2,9,2,8,8,9,2,2,6,3,6,8,9,10,4,9,3,6,7,4,10,7,9,8,2,10,4,6,3,6,4,4,7,7,0,9,2,11,8,7
5,11,11,11,11,0,3,7,4,6,3,10,10,2,9,7,3,7,3,4,10,0,9,9,2,8,10,5,5,7,8,8,5,5,9,9,11,5,2,0,7,7,0,5,8,6,8,2,10,0,3,11,4,4,4,0,5,9,7,10,9,11,8,8,0,9,0,10,6,9,6,11,10,0,6,5,3,10,8,11,4,5,5,2,5,11,0,9,0,0,2,9,5,5,6,5,6,11,11,2,11,3,4,5,3,5,5,11,11,9,3,10,3,9,9,10,3,3,7,4,7,9,10,11,5,10,4,7,8,5,11,8,10,9,3,11,5,7,4,7,5,5,8,8,2,10,3,0,9,8
6,0,0,0,0,2,4,8,5,7,4,11,11,3,10,8,4,8,4,5,11,2,10,10,3,9,11,6,6,8,9,9,6,6,10,10,0,6,3,2,8,8,2,6,9,7,9,3,11,2,4,0,5,5,5,2,6,10,8,11,10,0,9,9,2,10,2,11,7,10,7,0,11,2,7,6,4,11,9,0,5,6,6,3,6,0,2,10,2,2,3,10,6,6,7,6,7,0,0,3,0,4,5,6,4,6,6,0,0,10,4,11,4,10,10,11,4,4,8,5,8,10,11,0,6,11,5,8,9,6,0,9,11,10,4,0,6,8,5,8,6,6,9,9,3,11,4,2,10,9
7,2,2,2,2,3,5,9,6,8,5,0,0,4,11,9,5,9,5,6,0,3,11,11,4,10,0,7,7,9,10,10,7,7,11,11,2,7,4,3,9,9,3,7,10,8,10,4,0,3,5,2,6,6,6,3,7,11,9,0,11,2,10,10,3,11,3,0,8,11,8,2,0,3,8,7,5,0,10,2,6,7,7,4,7,2,3,11,3,3,4,11,7,7,8,7,8,2,2,4,2,5,6,7,5,7,7,2,2,11,5,0,5,11,11,0,5,5,9,6,9,11,0,2,7,0,6,9,10,7,2,10,0,11,5,2,7,9,6,9,7,7,10,10,4,0,5,3,11,10
8,3,3,3,3,4,6,10,7,9,6,2,2,5,0,10,6,10,6,7,2,4,0,0,5,11,2,8,8,10,11,11,8,8,0,0,3,8,5,4,10,10,4,8,11,9,11,5,2,4,6,3,7,7,7,4,8,0,10,2,0,3,11,11,4,0,4,2,9,0,9,3,2,4,9,8,6,2,11,3,7,8,8,5,8,3,4,0,4,4,5,0,8,8,9,8,9,3,3,5,3,6,7,8,6,8,8,3,3,0,6,2,6,0,0,2,6,6,10,7,10,0,2,3,8,2,7,10,11,8,3,11,2,0,6,3,8,10,7,10,8,8,11,11,5,2,6,4,0,11
9,4,4,4,4,5,7,11,8,10,7,3,3,6,2,11,7,11,7,8,3,5,2,2,6,0,3,9,9,11,0,0,9,9,2,2,4,9,6,5,11,11,5,9,0,10,0,6,3,5,7,4,8,8,8,5,9,2,11,3,2,4,0,0,5,2,5,3,10,2,10,4,3,5,10,9,7,3,0,4,8,9,9,6,9,4,5,2,5,5,6,2,9,9,10,9,10,4,4,6,4,7,8,9,7,9,9,4,4,2,7,3,7,2,2,3,7,7,11,8,11,2,3,4,9,3,8,11,0,9,4,0,3,2,7,4,9,11,8,11,9,9,0,0,6,3,7,5,2,0
10,5,5,5,5,6,8,0,9,11,8,4,4,7,3,0,8,0,8,9,4,6,3,3,7,2,4,10,10,0,2,2,10,10,3,3,5,10,7,6,0,0,6,10,2,11,2,7,4,6,8,5,9,9,9,6,10,3,0,4,3,5,2,2,6,3,6,4,11,3,11,5,4,6,11,10,8,4,2,5,9,10,10,7,10,5,6,3,6,6,7,3,10,10,11,10,11,5,5,7,5,8,9,10,8,10,10,5,5,3,8,4,8,3,3,4,8,8,0,9,0,3,4,5,10,4,9,0,2,10,5,2,4,3,8,5,10,0,9,0,10,10,2,2,7,4,8,6,3,2
11,6,6,6,6,7,9,2,10,0,9,5,5,8,4,2,9,2,9,10,5,7,4,4,8,3,5,11,11,2,3,3,11,11,4,4,6,11,8,7,2,2,7,11,3,0,3,8,5,7,9,6,10,10,10,7,11,4,2,5,4,6,3,3,7,4,7,5,0,4,0,6,5,7,0,11,9,5,3,6,10,11,11,8,11,6,7,4,7,7,8,4,11,11,0,11,0,6,6,8,6,9,10,11,9,11,11,6,6,4,9,5,9,4,4,5,9,9,2,10,2,4,5,6,11,5,10,2,3,11,6,3,5,4,9,6,11,2,10,2,11,11,3,3,8,5,9,7,4,3
0,7,7,7,7,8,10,3,11,2,10,6,6,9,5,3,10,3,10,11,6,8,5,5,9,4,6,0,0,3,4,4,0,0,5,5,7,0,9,8,3,3,8,0,4,2,4,9,6,8,10,7,11,11,11,8,0,5,3,6,5,7,4,4,8,5,8,6,2,5,2,7,6,8,2,0,10,6,4,7,11,0,0,9,0,7,8,5,8,8,9,5,0,0,2,0,2,7,7,9,7,10,11,0,10,0,0,7,7,5,10,6,10,5,5,6,10,10,3,11,3,5,6,7,0,6,11,3,4,0,7,4,6,5,10,7,0,3,11,3,0,0,4,4,9,6,10,8,5,4
2,8,8,8,8,9,11,4,0,3,11,7,7,10,6,4,11,4,11,0,7,9,6,6,10,5,7,2,2,4,5,5,2,2,6,6,8,2,10,9,4,4,9,2,5,3,5,10,7,9,11,8,0,0,0,9,2,6,4,7,6,8,5,5,9,6,9,7,3,6,3,8,7,9,3,2,11,7,5,8,0,2,2,10,2,8,9,6,9,9,10,6,2,2,3,2,3,8,8,10,8,11,0,2,11,2,2,8,8,6,11,7,11,6,6,7,11,11,4,0,4,6,7,8,2,7,0,4,5,2,8,5,7,6,11,8,2,4,0,4,2,2,5,5,10,7,11,9,6,5
3,9,9,9,9,10,0,5,2,4,0,8,8,11,7,5,0,5,0,2,8,10,7,7,11,6,8,3,3,5,6,6,3,3,7,7,9,3,11,10,5,5,10,3,6,4,6,11,8,10,0,9,2,2,2,10,3,7,5,8,7,9,6,6,10,7,10,8,4,7,4,9,8,10,4,3,0,8,6,9,2,3,3,11,3,9,10,7,10,10,11,7,3,3,4,3,4,9,9,11,9,0,2,3,0,3,3,9,9,7,0,8,0,7,7,8,0,0,5,2,5,7,8,9,3,8,2,5,6,3,9,6,8,7,0,9,3,5,2,5,3,3,6,6,11,8,0,10,7,6
4,10,10,10,10,11,2,6,3,5,2,9,9,0,8,6,2,6,2,3,9,11,8,8,0,7,9,4,4,6,7,7,4,4,8,8,10,4,0,11,6,6,11,4,7,5,7,0,9,11,2,10,3,3,3,11,4,8,6,9,8,10,7,7,11,8,11,9,5,8,5,10,9,11,5,4,2,9,7,10,3,4,4,0,4,10,11,8,11,11,0,8,4,4,5,4,5,10,10,0,10,2,3,4,2,4,4,10,10,8,2,9,2,8,8,9,2,2,6,3,6,8,9,10,4,9,3,6,7,4,10,7,9,8,2,10,4,6,3,6,4,4,7,7,0,9,2,11,8,7
5,11,11,11,11,0,3,7,4,6,3,10,10,2,9,7,3,7,3,4,10,0,9,9,2,8,10,5,5,7,8,8,5,5,9,9,11,5,2,0,7,7,0,5,8,6,8,2,10,0,3,11,4,4,4,0,5,9,7,10,9,11,8,8,0,9,0,10,6,9,6,11,10,0,6,5,3,10,8,11,4,5,5,2,5,11,0,9,0,0,2,9,5,5,6,5,6,11,11,2,11,3,4,5,3,5,5,11,11,9,3,10,3,9,9,10,3,3,7,4,7,9,10,11,5,10,4,7,8,5,11,8,10,9,3,11,5,7,4,7,5,5,8,8,2,10,3,0,9,8
6,0,0,0,0,2,4,8,5,7,4,11,11,3,10,8,4,8,4,5,11,2,10,10,3,9,11,6,6,8,9,9,6,6,10,10,0,6,3,2,8,8,2,6,9,7,9,3,11,2,4,0,5,5,5,2,6,10,8,11,10,0,9,9,2,10,2,11,7,10,7,0,11,2,7,6,4,11,9,0,5,6,6,3,6,0,2,10,2,2,3,10,6,6,7,6,7,0,0,3,0,4,5,6,4,6,6,0,0,10,4,11,4,10,10,11,4,4,8,5,8,10,11,0,6,11,5,8,9,6,0,9,11,10,4,0,6,8,5,8,6,6,9,9,3,11,4,2,10,9
7,2,2,2,2,3,5,9,6,8,5,0,0,4,11,9,5,9,5,6,0,3,11,11,4,10,0,7,7,9,10,10,7,7,11,11,2,7,4,3,9,9,3,7,10,8,10,4,0,3,5,2,6,6,6,3,7,11,9,0,11,2,10,10,3,11,3,0,8,11,8,2,0,3,8,7,5,0,10,2,6,7,7,4,7,2,3,11,3,3,4,11,7,7,8,7,8,2,2,4,2,5,6,7,5,7,7,2,2,11,5,0,5,11,11,0,5,5,9,6,9,11,0,2,7,0,6,9,10,7,2,10,0,11,5,2,7,9,6,9,7,7,10,10,4,0,5,3,11,10
8,3,3,3,3,4,6,10,7,9,6,2,2,5,0,10,6,10,6,7,2,4,0,0,5,11,2,8,8,10,11,11,8,8,0,0,3,8,5,4,10,10,4,8,11,9,11,5,2,4,6,3,7,7,7,4,8,0,10,2,0,3,11,11,4,0,4,2,9,0,9,3,2,4,9,8,6,2,11,3,7,8,8,5,8,3,4,0,4,4,5,0,8,8,9,8,9,3,3,5,3,6,7,8,6,8,8,3,3,0,6,2,6,0,0,2,6,6,10,7,10,0,2,3,8,2,7,10,11,8,3,11,2,0,6,3,8,10,7,10,8,8,11,11,5,2,6,4,0,11
9,4,4,4,4,5,7,11,8,10,7,3,3,6,2,11,7,11,7,8,3,5,2,2,6,0,3,9,9,11,0,0,9,9,2,2,4,9,6,5,11,11,5,9,0,10,0,6,3,5,7,4,8,8,8,5,9,2,11,3,2,4,0,0,5,2,5,3,10,2,10,4,3,5,10,9,7,3,0,4,8,9,9,6,9,4,5,2,5,5,6,2,9,9,10,9,10,4,4,6,4,7,8,9,7,9,9,4,4,2,7,3,7,2,2,3,7,7,11,8,11,2,3,4,9,3,8,11,0,9,4,0,3,2,7,4,9,11,8,11,9,9,0,0,6,3,7,5,2,0
10,5,5,5,5,6,8,0,9,11,8,4,4,7,3,0,8,0,8,9,4,6,3,3,7,2,4,10,10,0,2,2,10,10,3,3,5,10,7,6,0,0,6,10,2,11,2,7,4,6,8,5,9,9,9,6,10,3,0,4,3,5,2,2,6,3,6,4,11,3,11,5,4,6,11,10,8,4,2,5,9,10,10,7,10,5,6,3,6,6,7,3,10,10,11,10,11,5,5,7,5,8,9,10,8,10,10,5,5,3,8,4,8,3,3,4,8,8,0,9,0,3,4,5,10,4,9,0,2,10,5,2,4,3,8,5,10,0,9,0,10,10,2,2,7,4,8,6,3,2
11,6,6,6,6,7,9,2,10,0,9,5,5,8,4,2,9,2,9,10,5,7,4,4,8,3,5,11,11,2,3,3,11,11,4,4,6,11,8,7,2,2,7,11,3,0,3,8,5,7,9,6,10,10,10,7,11,4,2,5,4,6,3,3,7,4,7,5,0,4,0,6,5,7,0,11,9,5,3,6,10,11,11,8,11,6,7,4,7,7,8,4,11,11,0,11,0,6,6,8,6,9,10,11,9,11,11,6,6,4,9,5,9,4,4,5,9,9,2,10,2,4,5,6,11,5,10,2,3,11,6,3,5,4,9,6,11,2,10,2,11,11,3,3,8,5,9,7,4,3
0,7,7,7,7,8,10,3,11,2,10,6,6,9,5,3,10,3,10,11,6,8,5,5,9,4,6,0,0,3,4,4,0,0,5,5,7,0,9,8,3,3,8,0,4,2,4,9,6,8,10,7,11,11,11,8,0,5,3,6,5,7,4,4,8,5,8,6,2,5,2,7,6,8,2,0,10,6,4,7,11,0,0,9,0,7,8,5,8,8,9,5,0,0,2,0,2,7,7,9,7,10,11,0,10,0,0,7,7,5,10,6,10,5,5,6,10,10,3,11,3,5,6,7,0,6,11,3,4,0,7,4,6,5,10,7,0,3,11,3,0,0,4,4,9,6,10,8,5,4
2,8,8,8,8,9,11,4,0,3,11,7,7,10,6,4,11,4,11,0,7,9,6,6,10,5,7,2,2,4,5,5,2,2,6,6,8,2,10,9,4,4,9,2,5,3,5,10,7,9,11,8,0,0,0,9,2,6,4,7,6,8,5,5,9,6,9,7,3,6,3,8,7,9,3,2,11,7,5,8,0,2,2,10,2,8,9,6,9,9,10,6,2,2,3,2,3,8,8,10,8,11,0,2,11,2,2,8,8,6,11,7,11,6,6,7,11,11,4,0,4,6,7,8,2,7,0,4,5,2,8,5,7,6,11,8,2,4,0,4,2,2,5,5,10,7,11,9,6,5
3,9,9,9,9,10,0,5,2,4,0,8,8,11,7,5,0,5,0,2,8,10,7,7,11,6,8,3,3,5,6,6,3,3,7,7,9,3,11,10,5,5,10,3,6,4,6,11,8,10,0,9,2,2,2,10,3,7,5,8,7,9,6,6,10,7,10,8,4,7,4,9,8,10,4,3,0,8,6,9,2,3,3,11,3,9,10,7,10,10,11,7,3,3,4,3,4,9,9,11,9,0,2,3,0,3,3,9,9,7,0,8,0,7,7,8,0,0,5,2,5,7,8,9,3,8,2,5,6,3,9,6,8,7,0,9,3,5,2,5,3,3,6,6,11,8,0,10,7,6
4,10,10,10,10,11,2,6,3,5,2,9,9,0,8,6,2,6,2,3,9,11,8,8,0,7,9,4,4,6,7,7,4,4,8,8,10,4,0,11,6,6,11,4,7,5,7,0,9,11,2,10,3,3,3,11,4,8,6,9,8,10,7,7,11,8,11,9,5,8,5,10,9,11,5,4,2,9,7,10,3,4,4,0,4,10,11,8,11,11,0,8,4,4,5,4,5,10,10,0,10,2,3,4,2,4,4,10,10,8,2,9,2,8,8,9,2,2,6,3,6,8,9,10,4,9,3,6,7,4,10,7,9,8,2,10,4,6,3,6,4,4,7,7,0,9,2,11,8,7
5,11,11,11,11,0,3,7,4,6,3,10,10,2,9,7,3,7,3,4,10,0,9,9,2,8,10,5,5,7,8,8,5,5,9,9,11,5,2,0,7,7,0,5,8,6,8,2,10,0,3,11,4,4,4,0,5,9,7,10,9,11,8,8,0,9,0,10,6,9,6,11,10,0,6,5,3,10,8,11,4,5,5,2,5,11,0,9,0,0,2,9,5,5,6,5,6,11,11,2,11,3,4,5,3,5,5,11,11,9,3,10,3,9,9,10,3,3,7,4,7,9,10,11,5,10,4,7,8,5,11,8,10,9,3,11,5,7,4,7,5,5,8,8,2,10,3,0,9,8
6,0,0,0,0,2,4,8,5,7,4,11,11,3,10,8,4,8,4,5,11,2,10,10,3,9,11,6,6,8,9,9,6,6,10,10,0,6,3,2,8,8,2,6,9,7,9,3,11,2,4,0,5,5,5,2,6,10,8,11,10,0,9,9,2,10,2,11,7,10,7,0,11,2,7,6,4,11,9,0,5,6,6,3,6,0,2,10,2,2,3,10,6,6,7,6,7,0,0,3,0,4,5,6,4,6,6,0,0,10,4,11,4,10,10,11,4,4,8,5,8,10,11,0,6,11,5,8,9,6,0,9,11,10,4,0,6,8,5,8,6,6,9,9,3,11,4,2,10,9
7,2,2,2,2,3,5,9,6,8,5,0,0,4,11,9,5,9,5,6,0,3,11,11,4,10,0,7,7,9,10,10,7,7,11,11,2,7,4,3,9,9,3,7,10,8,10,4,0,3,5,2,6,6,6,3,7,11,9,0,11,2,10,10,3,11,3,0,8,11,8,2,0,3,8,7,5,0,10,2,6,7,7,4,7,2,3,11,3,3,4,11,7,7,8,7,8,2,2,4,2,5,6,7,5,7,7,2,2,11,5,0,5,11,11,0,5,5,9,6,9,11,0,2,7,0,6,9,10,7,2,10,0,11,5,2,7,9,6,9,7,7,10,10,4,0,5,3,11,10
8,3,3,3,3,4,6,10,7,9,6,2,2,5,0,10,6,10,6,7,2,4,0,0,5,11,2,8,8,10,11,11,8,8,0,0,3,8,5,4,10,10,4,8,11,9,11,5,2,4,6,3,7,7,7,4,8,0,10,2,0,3,11,11,4,0,4,2,9,0,9,3,2,4,9,8,6,2,11,3,7,8,8,5,8,3,4,0,4,4,5,0,8,8,9,8,9,3,3,5,3,6,7,8,6,8,8,3,3,0,6,2,6,0,0,2,6,6,10,7,10,0,2,3,8,2,7,10,11,8,3,11,2,0,6,3,8,10,7,10,8,8,11,11,5,2,6,4,0,11
9,4,4,4,4,5,7,11,8,10,7,3,3,6,2,11,7,11,7,8,3,5,2,2,6,0,3,9,9,11,0,0,9,9,2,2,4,9,6,5,11,11,5,9,0,10,0,6,3,5,7,4,8,8,8,5,9,2,11,3,2,4,0,0,5,2,5,3,10,2,10,4,3,5,10,9,7,3,0,4,8,9,9,6,9,4,5,2,5,5,6,2,9,9,10,9,10,4,4,6,4,7,8,9,7,9,9,4,4,2,7,3,7,2,2,3,7,7,11,8,11,2,3,4,9,3,8,11,0,9,4,0,3,2,7,4,9,11,8,11,9,9,0,0,6,3,7,5,2,0
10,5,5,5,5,6,8,0,9,11,8,4,4,7,3,0,8,0,8,9,4,6,3,3,7,2,4,10,10,0,2,2,10,10,3,3,5,10,7,6,0,0,6,10,2,11,2,7,4,6,8,5,9,9,9,6,10,3,0,4,3,5,2,2,6,3,6,4,11,3,11,5,4,6,11,10,8,4,2,5,9,10,10,7,10,5,6,3,6,6,7,3,10,10,11,10,11,5,5,7,5,8,9,10,8,10,10,5,5,3,8,4,8,3,3,4,8,8,0,9,0,3,4,5,10,4,9,0,2,10,5,2,4,3,8,5,10,0,9,0,10,10,2,2,7,4,8,6,3,2
11,6,6,6,6,7,9,2,10,0,9,5,5,8,4,2,9,2,9,10,5,7,4,4,8,3,5,11,11,2,3,3,11,11,4,4,6,11,8,7,2,2,7,11,3,0,3,8,5,7,9,6,10,10,10,7,11,4,2,5,4,6,3,3,7,4,7,5,0,4,0,6,5,7,0,11,9,5,3,6,10,11,11,8,11,6,7,4,7,7,8,4,11,11,0,11,0,6,6,8,6,9,10,11,9,11,11,6,6,4,9,5,9,4,4,5,9,9,2,10,2,4,5,6,11,5,10,2,3,11,6,3,5,4,9,6,11,2,10,2,11,11,3,3,8,5,9,7,4,3
0,7,7,7,7,8,10,3,11,2,10,6,6,9,5,3,10,3,10,11,6,8,5,5,9,4,6,0,0,3,4,4,0,0,5,5,7,0,9,8,3,3,8,0,4,2,4,9,6,8,10,7,11,11,11,8,0,5,3,6,5,7,4,4,8,5,8,6,2,5,2,7,6,8,2,0,10,6,4,7,11,0,0,9,0,7,8,5,8,8,9,5,0,0,2,0,2,7,7,9,7,10,11,0,10,0,0,7,7,5,10,6,10,5,5,6,10,10,3,11,3,5,6,7,0,6,11,3,4,0,7,4,6,5,10,7,0,3,11,3,0,0,4,4,9,6,10,8,5,4
2,8,8,8,8,9,11,4,0,3,11,7,7,10,6,4,11,4,11,0,7,9,6,6,10,5,7,2,2,4,5,5,2,2,6,6,8,2,10,9,4,4,9,2,5,3,5,10,7,9,11,8,0,0,0,9,2,6,4,7,6,8,5,5,9,6,9,7,3,6,3,8,7,9,3,2,11,7,5,8,0,2,2,10,2,8,9,6,9,9,10,6,2,2,3,2,3,8,8,10,8,11,0,2,11,2,2,8,8,6,11,7,11,6,6,7,11,11,4,0,4,6,7,8,2,7,0,4,5,2,8,5,7,6,11,8,2,4,0,4,2,2,5,5,10,7,11,9,6,5
3,9,9,9,9,10,0,5,2,4,0,8,8,11,7,5,0,5,0,2,8,10,7,7,11,6,8,3,3,5,6,6,3,3,7,7,9,3,11,10,5,5,10,3,6,4,6,11,8,10,0,9,2,2,2,10,3,7,5,8,7,9,6,6,10,7,10,8,4,7,4,9,8,10,4,3,0,8,6,9,2,3,3,11,3,9,10,7,10,10,11,7,3,3,4,3,4,9,9,11,9,0,2,3,0,3,3,9,9,7,0,8,0,7,7,8,0,0,5,2,5,7,8,9,3,8,2,5,6,3,9,6,8,7,0,9,3,5,2,5,3,3,6,6,11,8,0,10,7,6
4,10,10,10,10,11,2,6,3,5,2,9,9,0,8,6,2,6,2,3,9,11,8,8,0,7,9,4,4,6,7,7,4,4,8,8,10,4,0,11,6,6,11,4,7,5,7,0,9,11,2,10,3,3,3,11,4,8,6,9,8,10,7,7,11,8,11,9,5,8,5,10,9,11,5,4,2,9,7,10,3,4,4,0,4,10,11,8,11,11,0,8,4,4,5,4,5,10,10,0,10,2,3,4,2,4,4,10,10,8,2,9,2,8,8,9,2,2,6,3,6,8,9,10,4,9,3,6,7,4,10,7,9,8,2,10,4,6,3,6,4,4,7,7,0,9,2,11,8,7
5,11,11,11,11,0,3,7,4,6,3,10,10,2,9,7,3,7,3,4,10,0,9,9,2,8,10,5,5,7,8,8,5,5,9,9,11,5,2,0,7,7,0,5,8,6,8,2,10,0,3,11,4,4,4,0,5,9,7,10,9,11,8,8,0,9,0,10,6,9,6,11,10,0,6,5,3,10,8,11,4,5,5,2,5,11,0,9,0,0,2,9,5,5,6,5,6,11,11,2,11,3,4,5,3,5,5,11,11,9,3,10,3,9,9,10,3,3,7,4,7,9,10,11,5,10,4,7,8,5,11,8,10,9,3,11,5,7,4,7,5,5,8,8,2,10,3,0,9,8
6,0,0,0,0,2,4,8,5,7,4,11,11,3,10,8,4,8,4,5,11,2,10,10,3,9,11,6,6,8,9,9,6,6,10,10,0,6,3,2,8,8,2,6,9,7,9,3,11,2,4,0,5,5,5,2,6,10,8,11,10,0,9,9,2,10,2,11,7,10,7,0,11,2,7,6,4,11,9,0,5,6,6,3,6,0,2,10,2,2,3,10,6,6,7,6,7,0,0,3,0,4,5,6,4,6,6,0,0,10,4,11,4,10,10,11,4,4,8,5,8,10,11,0,6,11,5,8,9,6,0,9,11,10,4,0,6,8,5,8,6,6,9,9,3,11,4,2,10,9
7,2,2,2,2,3,5,9,6,8,5,0,0,4,11,9,5,9,5,6,0,3,11,11,4,10,0,7,7,9,10,10,7,7,11,11,2,7,4,3,9,9,3,7,10,8,10,4,0,3,5,2,6,6,6,3,7,11,9,0,11,2,10,10,3,11,3,0,8,11,8,2,0,3,8,7,5,0,10,2,6,7,7,4,7,2,3,11,3,3,4,11,7,7,8,7,8,2,2,4,2,5,6,7,5,7,7,2,2,11,5,0,5,11,11,0,5,5,9,6,9,11,0,2,7,0,6,9,10,7,2,10,0,11,5,2,7,9,6,9,7,7,10,10,4,0,5,3,11,10
8,3,3,3,3,4,6,10,7,9,6,2,2,5,0,10,6,10,6,7,2,4,0,0,5,11,2,8,8,10,11,11,8,8,0,0,3,8,5,4,10,10,4,8,11,9,11,5,2,4,6,3,7,7,7,4,8,0,10,2,0,3,11,11,4,0,4,2,9,0,9,3,2,4,9,8,6,2,11,3,7,8,8,5,8,3,4,0,4,4,5,0,8,8,9,8,9,3,3,5,3,6,7,8,6,8,8,3,3,0,6,2,6,0,0,2,6,6,10,7,10,0,2,3,8,2,7,10,11,8,3,11,2,0,6,3,8,10,7,10,8,8,11,11,5,2,6,4,0,11
9,4,4,4,4,5,7,11,8,10,7,3,3,6,2,11,7,11,7,8,3,5,2,2,6,0,3,9,9,11,0,0,9,9,2,2,4,9,6,5,11,11,5,9,0,10,0,6,3,5,7,4,8,8,8,5,9,2,11,3,2,4,0,0,5,2,5,3,10,2,10,4,3,5,10,9,7,3,0,4,8,9,9,6,9,4,5,2,5,5,6,2,9,9,10,9,10,4,4,6,4,7,8,9,7,9,9,4,4,2,7,3,7,2,2,3,7,7,11,8,11,2,3,4,9,3,8,11,0,9,4,0,3,2,7,4,9,11,8,11,9,9,0,0,6,3,7,5,2,0
10,5,5,5,5,6,8,0,9,11,8,4,4,7,3,0,8,0,8,9,4,6,3,3,7,2,4,10,10,0,2,2,10,10,3,3,5,10,7,6,0,0,6,10,2,11,2,7,4,6,8,5,9,9,9,6,10,3,0,4,3,5,2,2,6,3,6,4,11,3,11,5,4,6,11,10,8,4,2,5,9,10,10,7,10,5,6,3,6,6,7,3,10,10,11,10,11,5,5,7,5,8,9,10,8,10,10,5,5,3,8,4,8,3,3,4,8,8,0,9,0,3,4,5,10,4,9,0,2,10,5,2,4,3,8,5,10,0,9,0,10,10,2,2,7,4,8,6,3,2
11,6,6,6,6,7,9,2,10,0,9,5,5,8,4,2,9,2,9,10,5,7,4,4,8,3,5,11,11,2,3,3,11,11,4,4,6,11,8,7,2,2,7,11,3,0,3,8,5,7,9,6,10,10,10,7,11,4,2,5,4,6,3,3,7,4,7,5,0,4,0,6,5,7,0,11,9,5,3,6,10,11,11,8,11,6,7,4,7,7,8,4,11,11,0,11,0,6,6,8,6,9,10,11,9,11,11,6,6,4,9,5,9,4,4,5,9,9,2,10,2,4,5,6,11,5,10,2,3,11,6,3,5,4,9,6,11,2,10,2,11,11,3,3,8,5,9,7,4,3
0,7,7,7,7,8,10,3,11,2,10,6,6,9,5,3,10,3,10,11,6,8,5,5,9,4,6,0,0,3,4,4,0,0,5,5,7,0,9,8,3,3,8,0,4,2,4,9,6,8,10,7,11,11,11,8,0,5,3,6,5,7,4,4,8,5,8,6,2,5,2,7,6,8,2,0,10,6,4,7,11,0,0,9,0,7,8,5,8,8,9,5,0,0,2,0,2,7,7,9,7,10,11,0,10,0,0,7,7,5,10,6,10,5,5,6,10,10,3,11,3,5,6,7,0,6,11,3,4,0,7,4,6,5,10,7,0,3,11,3,0,0,4,4,9,6,10,8,5,4
2,8,8,8,8,9,11,4,0,3,11,7,7,10,6,4,11,4,11,0,7,9,6,6,10,5,7,2,2,4,5,5,2,2,6,6,8,2,10,9,4,4,9,2,5,3,5,10,7,9,11,8,0,0,0,9,2,6,4,7,6,8,5,5,9,6,9,7,3,6,3,8,7,9,3,2,11,7,5,8,0,2,2,10,2,8,9,6,9,9,10,6,2,2,3,2,3,8,8,10,8,11,0,2,11,2,2,8,8,6,11,7,11,6,6,7,11,11,4,0,4,6,7,8,2,7,0,4,5,2,8,5,7,6,11,8,2,4,0,4,2,2,5,5,10,7,11,9,6,5
3,9,9,9,9,10,0,5,2,4,0,8,8,11,7,5,0,5,0,2,8,10,7,7,11,6,8,3,3,5,6,6,3,3,7,7,9,3,11,10,5,5,10,3,6,4,6,11,8,10,0,9,2,2,2,10,3,7,5,8,7,9,6,6,10,7,10,8,4,7,4,9,8,10,4,3,0,8,6,9,2,3,3,11,3,9,10,7,10,10,11,7,3,3,4,3,4,9,9,11,9,0,2,3,0,3,3,9,9,7,0,8,0,7,7,8,0,0,5,2,5,7,8,9,3,8,2,5,6,3,9,6,8,7,0,9,3,5,2,5,3,3,6,6,11,8,0,10,7,6
4,10,10,10,10,11,2,6,3,5,2,9,9,0,8,6,2,6,2,3,9,11,8,8,0,7,9,4,4,6,7,7,4,4,8,8,10,4,0,11,6,6,11,4,7,5,7,0,9,11,2,10,3,3,3,11,4,8,6,9,8,10,7,7,11,8,11,9,5,8,5,10,9,11,5,4,2,9,7,10,3,4,4,0,4,10,11,8,11,11,0,8,4,4,5,4,5,10,10,0,10,2,3,4,2,4,4,10,10,8,2,9,2,8,8,9,2,2,6,3,6,8,9,10,4,9,3,6,7,4,10,7,9,8,2,10,4,6,3,6,4,4,7,7,0,9,2,11,8,7
5,11,11,11,11,0,3,7,4,6,3,10,10,2,9,7,3,7,3,4,10,0,9,9,2,8,10,5,5,7,8,8,5,5,9,9,11,5,2,0,7,7,0,5,8,6,8,2,10,0,3,11,4,4,4,0,5,9,7,10,9,11,8,8,0,9,0,10,6,9,6,11,10,0,6,5,3,10,8,11,4,5,5,2,5,11,0,9,0,0,2,9,5,5,6,5,6,11,11,2,11,3,4,5,3,5,5,11,11,9,3,10,3,9,9,10,3,3,7,4,7,9,10,11,5,10,4,7,8,5,11,8,10,9,3,11,5,7,4,7,5,5,8,8,2,10,3,0,9,8
6,0,0,0,0,2,4,8,5,7,4,11,11,3,10,8,4,8,4,5,11,2,10,10,3,9,11,6,6,8,9,9,6,6,10,10,0,6,3,2,8,8,2,6,9,7,9,3,11,2,4,0,5,5,5,2,6,10,8,11,10,0,9,9,2,10,2,11,7,10,7,0,11,2,7,6,4,11,9,0,5,6,6,3,6,0,2,10,2,2,3,10,6,6,7,6,7,0,0,3,0,4,5,6,4,6,6,0,0,10,4,11,4,10,10,11,4,4,8,5,8,10,11,0,6,11,5,8,9,6,0,9,11,10,4,0,6,8,5,8,6,6,9,9,3,11,4,2,10,9
7,2,2,2,2,3,5,9,6,8,5,0,0,4,11,9,5,9,5,6,0,3,11,11,4,10,0,7,7,9,10,10,7,7,11,11,2,7,4,3,9,9,3,7,10,8,10,4,0,3,5,2,6,6,6,3,7,11,9,0,11,2,10,10,3,11,3,0,8,11,8,2,0,3,8,7,5,0,10,2,6,7,7,4,7,2,3,11,3,3,4,11,7,7,8,7,8,2,2,4,2,5,6,7,5,7,7,2,2,11,5,0,5,11,11,0,5,5,9,6,9,11,0,2,7,0,6,9,10,7,2,10,0,11,5,2,7,9,6,9,7,7,10,10,4,0,5,3,11,10
8,3,3,3,3,4,6,10,7,9,6,2,2,5,0,10,6,10,6,7,2,4,0,0,5,11,2,8,8,10,11,11,8,8,0,0,3,8,5,4,10,10,4,8,11,9,11,5,2,4,6,3,7,7,7,4,8,0,10,2,0,3,11,11,4,0,4,2,9,0,9,3,2,4,9,8,6,2,11,3,7,8,8,5,8,3,4,0,4,4,5,0,8,8,9,8,9,3,3,5,3,6,7,8,6,8,8,3,3,0,6,2,6,0,0,2,6,6,10,7,10,0,2,3,8,2,7,10,11,8,3,11,2,0,6,3,8,10,7,10,8,8,11,11,5,2,6,4,0,11
9,4,4,4,4,5,7,11,8,10,7,3,3,6,2,11,7,11,7,8,3,5,2,2,6,0,3,9,9,11,0,0,9,9,2,2,4,9,6,5,11,11,5,9,0,10,0,6,3,5,7,4,8,8,8,5,9,2,11,3,2,4,0,0,5,2,5,3,10,2,10,4,3,5,10,9,7,3,0,4,8,9,9,6,9,4,5,2,5,5,6,2,9,9,10,9,10,4,4,6,4,7,8,9,7,9,9,4,4,2,7,3,7,2,2,3,7,7,11,8,11,2,3,4,9,3,8,11,0,9,4,0,3,2,7,4,9,11,8,11,9,9,0,0,6,3,7,5,2,0
10,5,5,5,5,6,8,0,9,11,8,4,4,7,3,0,8,0,8,9,4,6,3,3,7,2,4,10,10,0,2,2,10,10,3,3,5,10,7,6,0,0,6,10,2,11,2,7,4,6,8,5,9,9,9,6,10,3,0,4,3,5,2,2,6,3,6,4,11,3,11,5,4,6,11,10,8,4,2,5,9,10,10,7,10,5,6,3,6,6,7,3,10,10,11,10,11,5,5,7,5,8,9,10,8,10,10,5,5,3,8,4,8,3,3,4,8,8,0,9,0,3,4,5,10,4,9,0,2,10,5,2,4,3,8,5,10,0,9,0,10,10,2,2,7,4,8,6,3,2
11,6,6,6,6,7,9,2,10,0,9,5,5,8,4,2,9,2,9,10,5,7,4,4,8,3,5,11,11,2,3,3,11,11,4,4,6,11,8,7,2,2,7,11,3,0,3,8,5,7,9,6,10,10,10,7,11,4,2,5,4,6,3,3,7,4,7,5,0,4,0,6,5,7,0,11,9,5,3,6,10,11,11,8,11,6,7,4,7,7,8,4,11,11,0,11,0,6,6,8,6,9,10,11,9,11,11,6,6,4,9,5,9,4,4,5,9,9,2,10,2,4,5,6,11,5,10,2,3,11,6,3,5,4,9,6,11,2,10,2,11,11,3,3,8,5,9,7,4,3
0,7,7,7,7,8,10,3,11,2,10,6,6,9,5,3,10,3,10,11,6,8,5,5,9,4,6,0,0,3,4,4,0,0,5,5,7,0,9,8,3,3,8,0,4,2,4,9,6,8,10,7,11,11,11,8,0,5,3,6,5,7,4,4,8,5,8,6,2,5,2,7,6,8,2,0,10,6,4,7,11,0,0,9,0,7,8,5,8,8,9,5,0,0,2,0,2,7,7,9,7,10,11,0,10,0,0,7,7,5,10,6,10,5,5,6,10,10,3,11,3,5,6,7,0,6,11,3,4,0,7,4,6,5,10,7,0,3,11,3,0,0,4,4,9,6,10,8,5,4
2,8,8,8,8,9,11,4,0,3,11,7,7,10,6,4,11,4,11,0,7,9,6,6,10,5,7,2,2,4,5,5,2,2,6,6,8,2,10,9,4,4,9,2,5,3,5,10,7,9,11,8,0,0,0,9,2,6,4,7,6,8,5,5,9,6,9,7,3,6,3,8,7,9,3,2,11,7,5,8,0,2,2,10,2,8,9,6,9,9,10,6,2,2,3,2,3,8,8,10,8,11,0,2,11,2,2,8,8,6,11,7,11,6,6,7,11,11,4,0,4,6,7,8,2,7,0,4,5,2,8,5,7,6,11,8,2,4,0,4,2,2,5,5,10,7,11,9,6,5
3,9,9,9,9,10,0,5,2,4,0,8,8,11,7,5,0,5,0,2,8,10,7,7,11,6,8,3,3,5,6,6,3,3,7,7,9,3,11,10,5,5,10,3,6,4,6,11,8,10,0,9,2,2,2,10,3,7,5,8,7,9,6,6,10,7,10,8,4,7,4,9,8,10,4,3,0,8,6,9,2,3,3,11,3,9,10,7,10,10,11,7,3,3,4,3,4,9,9,11,9,0,2,3,0,3,3,9,9,7,0,8,0,7,7,8,0,0,5,2,5,7,8,9,3,8,2,5,6,3,9,6,8,7,0,9,3,5,2,5,3,3,6,6,11,8,0,10,7,6
4,10,10,10,10,11,2,6,3,5,2,9,9,0,8,6,2,6,2,3,9,11,8,8,0,7,9,4,4,6,7,7,4,4,8,8,10,4,0,11,6,6,11,4,7,5,7,0,9,11,2,10,3,3,3,11,4,8,6,9,8,10,7,7,11,8,11,9,5,8,5,10,9,11,5,4,2,9,7,10,3,4,4,0,4,10,11,8,11,11,0,8,4,4,5,4,5,10,10,0,10,2,3,4,2,4,4,10,10,8,2,9,2,8,8,9,2,2,6,3,6,8,9,10,4,9,3,6,7,4,10,7,9,8,2,10,4,6,3,6,4,4,7,7,0,9,2,11,8,7
5,11,11,11,11,0,3,7,4,6,3,10,10,2,9,7,3,7,3,4,10,0,9,9,2,8,10,5,5,7,8,8,5,5,9,9,11,5,2,0,7,7,0,5,8,6,8,2,10,0,3,11,4,4,4,0,5,9,7,10,9,11,8,8,0,9,0,10,6,9,6,11,10,0,6,5,3,10,8,11,4,5,5,2,5,11,0,9,0,0,2,9,5,5,6,5,6,11,11,2,11,3,4,5,3,5,5,11,11,9,3,10,3,9,9,10,3,3,7,4,7,9,10,11,5,10,4,7,8,5,11,8,10,9,3,11,5,7,4,7,5,5,8,8,2,10,3,0,9,8
6,0,0,0,0,2,4,8,5,7,4,11,11,3,10,8,4,8,4,5,11,2,10,10,3,9,11,6,6,8,9,9,6,6,10,10,0,6,3,2,8,8,2,6,9,7,9,3,11,2,4,0,5,5,5,2,6,10,8,11,10,0,9,9,2,10,2,11,7,10,7,0,11,2,7,6,4,11,9,0,5,6,6,3,6,0,2,10,2,2,3,10,6,6,7,6,7,0,0,3,0,4,5,6,4,6,6,0,0,10,4,11,4,10,10,11,4,4,8,5,8,10,11,0,6,11,5,8,9,6,0,9,11,10,4,0,6,8,5,8,6,6,9,9,3,11,4,2,10,9
7,2,2,2,2,3,5,9,6,8,5,0,0,4,11,9,5,9,5,6,0,3,11,11,4,10,0,7,7,9,10,10,7,7,11,11,2,7,4,3,9,9,3,7,10,8,10,4,0,3,5,2,6,6,6,3,7,11,9,0,11,2,10,10,3,11,3,0,8,11,8,2,0,3,8,7,5,0,10,2,6,7,7,4,7,2,3,11,3,3,4,11,7,7,8,7,8,2,2,4,2,5,6,7,5,7,7,2,2,11,5,0,5,11,11,0,5,5,9,6,9,11,0,2,7,0,6,9,10,7,2,10,0,11,5,2,7,9,6,9,7,7,10,10,4,0,5,3,11,10
8,3,3,3,3,4,6,10,7,9,6,2,2,5,0,10,6,10,6,7,2,4,0,0,5,11,2,8,8,10,11,11,8,8,0,0,3,8,5,4,10,10,4,8,11,9,11,5,2,4,6,3,7,7,7,4,8,0,10,2,0,3,11,11,4,0,4,2,9,0,9,3,2,4,9,8,6,2,11,3,7,8,8,5,8,3,4,0,4,4,5,0,8,8,9,8,9,3,3,5,3,6,7,8,6,8,8,3,3,0,6,2,6,0,0,2,6,6,10,7,10,0,2,3,8,2,7,10,11,8,3,11,2,0,6,3,8,10,7,10,8,8,11,11,5,2,6,4,0,11
9,4,4,4,4,5,7,11,8,10,7,3,3,6,2,11,7,11,7,8,3,5,2,2,6,0,3,9,9,11,0,0,9,9,2,2,4,9,6,5,11,11,5,9,0,10,0,6,3,5,7,4,8,8,8,5,9,2,11,3,2,4,0,0,5,2,5,3,10,2,10,4,3,5,10,9,7,3,0,4,8,9,9,6,9,4,5,2,5,5,6,2,9,9,10,9,10,4,4,6,4,7,8,9,7,9,9,4,4,2,7,3,7,2,2,3,7,7,11,8,11,2,3,4,9,3,8,11,0,9,4,0,3,2,7,4,9,11,8,11,9,9,0,0,6,3,7,5,2,0
10,5,5,5,5,6,8,0,9,11,8,4,4,7,3,0,8,0,8,9,4,6,3,3,7,2,4,10,10,0,2,2,10,10,3,3,5,10,7,6,0,0,6,10,2,11,2,7,4,6,8,5,9,9,9,6,10,3,0,4,3,5,2,2,6,3,6,4,11,3,11,5,4,6,11,10,8,4,2,5,9,10,10,7,10,5,6,3,6,6,7,3,10,10,11,10,11,5,5,7,5,8,9,10,8,10,10,5,5,3,8,4,8,3,3,4,8,8,0,9,0,3,4,5,10,4,9,0,2,10,5,2,4,3,8,5,10,0,9,0,10,10,2,2,7,4,8,6,3,2
11,6,6,6,6,7,9,2,10,0,9,5,5,8,4,2,9,2,9,10,5,7,4,4,8,3,5,11,11,2,3,3,11,11,4,4,6,11,8,7,2,2,7,11,3,0,3,8,5,7,9,6,10,10,10,7,11,4,2,5,4,6,3,3,7,4,7,5,0,4,0,6,5,7,0,11,9,5,3,6,10,11,11,8,11,6,7,4,7,7,8,4,11,11,0,11,0,6,6,8,6,9,10,11,9,11,11,6,6,4,9,5,9,4,4,5,9,9,2,10,2,4,5,6,11,5,10,2,3,11,6,3,5,4,9,6,11,2,10,2,11,11,3,3,8,5,9,7,4,3
0,7,7,7,7,8,10,3,11,2,10,6,6,9,5,3,10,3,10,11,6,8,5,5,9,4,6,0,0,3,4,4,0,0,5,5,7,0,9,8,3,3,8,0,4,2,4,9,6,8,10,7,11,11,11,8,0,5,3,6,5,7,4,4,8,5,8,6,2,5,2,7,6,8,2,0,10,6,4,7,11,0,0,9,0,7,8,5,8,8,9,5,0,0,2,0,2,7,7,9,7,10,11,0,10,0,0,7,7,5,10,6,10,5,5,6,10,10,3,11,3,5,6,7,0,6,11,3,4,0,7,4,6,5,10,7,0,3,11,3,0,0,4,4,9,6,10,8,5,4
2,8,8,8,8,9,11,4,0,3,11,7,7,10,6,4,11,4,11,0,7,9,6,6,10,5,7,2,2,4,5,5,2,2,6,6,8,2,10,9,4,4,9,2,5,3,5,10,7,9,11,8,0,0,0,9,2,6,4,7,6,8,5,5,9,6,9,7,3,6,3,8,7,9,3,2,11,7,5,8,0,2,2,10,2,8,9,6,9,9,10,6,2,2,3,2,3,8,8,10,8,11,0,2,11,2,2,8,8,6,11,7,11,6,6,7,11,11,4,0,4,6,7,8,2,7,0,4,5,2,8,5,7,6,11,8,2,4,0,4,2,2,5,5,10,7,11,9,6,5
3,9,9,9,9,10,0,5,2,4,0,8,8,11,7,5,0,5,0,2,8,10,7,7,11,6,8,3,3,5,6,6,3,3,7,7,9,3,11,10,5,5,10,3,6,4,6,11,8,10,0,9,2,2,2,10,3,7,5,8,7,9,6,6,10,7,10,8,4,7,4,9,8,10,4,3,0,8,6,9,2,3,3,11,3,9,10,7,10,10,11,7,3,3,4,3,4,9,9,11,9,0,2,3,0,3,3,9,9,7,0,8,0,7,7,8,0,0,5,2,5,7,8,9,3,8,2,5,6,3,9,6,8,7,0,9,3,5,2,5,3,3,6,6,11,8,0,10,7,6
4,10,10,10,10,11,2,6,3,5,2,9,9,0,8,6,2,6,2,3,9,11,8,8,0,7,9,4,4,6,7,7,4,4,8,8,10,4,0,11,6,6,11,4,7,5,7,0,9,11,2,10,3,3,3,11,4,8,6,9,8,10,7,7,11,8,11,9,5,8,5,10,9,11,5,4,2,9,7,10,3,4,4,0,4,10,11,8,11,11,0,8,4,4,5,4,5,10,10,0,10,2,3,4,2,4,4,10,10,8,2,9,2,8,8,9,2,2,6,3,6,8,9,10,4,9,3,6,7,4,10,7,9,8,2,10,4,6,3,6,4,4,7,7,0,9,2,11,8,7
5,11,11,11,11,0,3,7,4,6,3,10,10,2,9,7,3,7,3,4,10,0,9,9,2,8,10,5,5,7,8,8,5,5,9,9,11,5,2,0,7,7,0,5,8,6,8,2,10,0,3,11,4,4,4,0,5,9,7,10,9,11,8,8,0,9,0,10,6,9,6,11,10,0,6,5,3,10,8,11,4,5,5,2,5,11,0,9,0,0,2,9,5,5,6,5,6,11,11,2,11,3,4,5,3,5,5,11,11,9,3,10,3,9,9,10,3,3,7,4,7,9,10,11,5,10,4,7,8,5,11,8,10,9,3,11,5,7,4,7,5,5,8,8,2,10,3,0,9,8
6,0,0,0,0,2,4,8,5,7,4,11,11,3,10,8,4,8,4,5,11,2,10,10,3,9,11,6,6,8,9,9,6,6,10,10,0,6,3,2,8,8,2,6,9,7,9,3,11,2,4,0,5,5,5,2,6,10,8,11,10,0,9,9,2,10,2,11,7,10,7,0,11,2,7,6,4,11,9,0,5,6,6,3,6,0,2,10,2,2,3,10,6,6,7,6,7,0,0,3,0,4,5,6,4,6,6,0,0,10,4,11,4,10,10,11,4,4,8,5,8,10,11,0,6,11,5,8,9,6,0,9,11,10,4,0,6,8,5,8,6,6,9,9,3,11,4,2,10,9
7,2,2,2,2,3,5,9,6,8,5,0,0,4,11,9,5,9,5,6,0,3,11,11,4,10,0,7,7,9,10,10,7,7,11,11,2,7,4,3,9,9,3,7,10,8,10,4,0,3,5,2,6,6,6,3,7,11,9,0,11,2,10,10,3,11,3,0,8,11,8,2,0,3,8,7,5,0,10,2,6,7,7,4,7,2,3,11,3,3,4,11,7,7,8,7,8,2,2,4,2,5,6,7,5,7,7,2,2,11,5,0,5,11,11,0,5,5,9,6,9,11,0,2,7,0,6,9,10,7,2,10,0,11,5,2,7,9,6,9,7,7,10,10,4,0,5,3,11,10
8,3,3,3,3,4,6,10,7,9,6,2,2,5,0,10,6,10,6,7,2,4,0,0,5,11,2,8,8,10,11,11,8,8,0,0,3,8,5,4,10,10,4,8,11,9,11,5,2,4,6,3,7,7,7,4,8,0,10,2,0,3,11,11,4,0,4,2,9,0,9,3,2,4,9,8,6,2,11,3,7,8,8,5,8,3,4,0,4,4,5,0,8,8,9,8,9,3,3,5,3,6,7,8,6,8,8,3,3,0,6,2,6,0,0,2,6,6,10,7,10,0,2,3,8,2,7,10,11,8,3,11,2,0,6,3,8,10,7,10,8,8,11,11,5,2,6,4,0,11
9,4,4,4,4,5,7,11,8,10,7,3,3,6,2,11,7,11,7,8,3,5,2,2,6,0,3,9,9,11,0,0,9,9,2,2,4,9,6,5,11,11,5,9,0,10,0,6,3,5,7,4,8,8,8,5,9,2,11,3,2,4,0,0,5,2,5,3,10,2,10,4,3,5,10,9,7,3,0,4,8,9,9,6,9,4,5,2,5,5,6,2,9,9,10,9,10,4,4,6,4,7,8,9,7,9,9,4,4,2,7,3,7,2,2,3,7,7,11,8,11,2,3,4,9,3,8,11,0,9,4,0,3,2,7,4,9,11,8,11,9,9,0,0,6,3,7,5,2,0
10,5,5,5,5,6,8,0,9,11,8,4,4,7,3,0,8,0,8,9,4,6,3,3,7,2,4,10,10,0,2,2,10,10,3,3,5,10,7,6,0,0,6,10,2,11,2,7,4,6,8,5,9,9,9,6,10,3,0,4,3,5,2,2,6,3,6,4,11,3,11,5,4,6,11,10,8,4,2,5,9,10,10,7,10,5,6,3,6,6,7,3,10,10,11,10,11,5,5,7,5,8,9,10,8,10,10,5,5,3,8,4,8,3,3,4,8,8,0,9,0,3,4,5,10,4,9,0,2,10,5,2,4,3,8,5,10,0,9,0,10,10,2,2,7,4,8,6,3,2
11,6,6,6,6,7,9,2,10,0,9,5,5,8,4,2,9,2,9,10,5,7,4,4,8,3,5,11,11,2,3,3,11,11,4,4,6,11,8,7,2,2,7,11,3,0,3,8,5,7,9,6,10,10,10,7,11,4,2,5,4,6,3,3,7,4,7,5,0,4,0,6,5,7,0,11,9,5,3,6,10,11,11,8,11,6,7,4,7,7,8,4,11,11,0,11,0,6,6,8,6,9,10,11,9,11,11,6,6,4,9,5,9,4,4,5,9,9,2,10,2,4,5,6,11,5,10,2,3,11,6,3,5,4,9,6,11,2,10,2,11,11,3,3,8,5,9,7,4,3
0,7,7,7,7,8,10,3,11,2,10,6,6,9,5,3,10,3,10,11,6,8,5,5,9,4,6,0,0,3,4,4,0,0,5,5,7,0,9,8,3,3,8,0,4,2,4,9,6,8,10,7,11,11,11,8,0,5,3,6,5,7,4,4,8,5,8,6,2,5,2,7,6,8,2,0,10,6,4,7,11,0,0,9,0,7,8,5,8,8,9,5,0,0,2,0,2,7,7,9,7,10,11,0,10,0,0,7,7,5,10,6,10,5,5,6,10,10,3,11,3,5,6,7,0,6,11,3,4,0,7,4,6,5,10,7,0,3,11,3,0,0,4,4,9,6,10,8,5,4
2,8,8,8,8,9,11,4,0,3,11,7,7,10,6,4,11,4,11,0,7,9,6,6,10,5,7,2,2,4,5,5,2,2,6,6,8,2,10,9,4,4,9,2,5,3,5,10,7,9,11,8,0,0,0,9,2,6,4,7,6,8,5,5,9,6,9,7,3,6,3,8,7,9,3,2,11,7,5,8,0,2,2,10,2,8,9,6,9,9,10,6,2,2,3,2,3,8,8,10,8,11,0,2,11,2,2,8,8,6,11,7,11,6,6,7,11,11,4,0,4,6,7,8,2,7,0,4,5,2,8,5,7,6,11,8,2,4,0,4,2,2,5,5,10,7,11,9,6,5
3,9,9,9,9,10,0,5,2,4,0,8,8,11,7,5,0,5,0,2,8,10,7,7,11,6,8,3,3,5,6,6,3,3,7,7,9,3,11,10,5,5,10,3,6,4,6,11,8,10,0,9,2,2,2,10,3,7,5,8,7,9,6,6,10,7,10,8,4,7,4,9,8,10,4,3,0,8,6,9,2,3,3,11,3,9,10,7,10,10,11,7,3,3,4,3,4,9,9,11,9,0,2,3,0,3,3,9,9,7,0,8,0,7,7,8,0,0,5,2,5,7,8,9,3,8,2,5,6,3,9,6,8,7,0,9,3,5,2,5,3,3,6,6,11,8,0,10,7,6
4,10,10,10,10,11,2,6,3,5,2,9,9,0,8,6,2,6,2,3,9,11,8,8,0,7,9,4,4,6,7,7,4,4,8,8,10,4,0,11,6,6,11,4,7,5,7,0,9,11,2,10,3,3,3,11,4,8,6,9,8,10,7,7,11,8,11,9,5,8,5,10,9,11,5,4,2,9,7,10,3,4,4,0,4,10,11,8,11,11,0,8,4,4,5,4,5,10,10,0,10,2,3,4,2,4,4,10,10,8,2,9,2,8,8,9,2,2,6,3,6,8,9,10,4,9,3,6,7,4,10,7,9,8,2,10,4,6,3,6,4,4,7,7,0,9,2,11,8,7
5,11,11,11,11,0,3,7,4,6,3,10,10,2,9,7,3,7,3,4,10,0,9,9,2,8,10,5,5,7,8,8,5,5,9,9,11,5,2,0,7,7,0,5,8,6,8,2,10,0,3,11,4,4,4,0,5,9,7,10,9,11,8,8,0,9,0,10,6,9,6,11,10,0,6,5,3,10,8,11,4,5,5,2,5,11,0,9,0,0,2,9,5,5,6,5,6,11,11,2,11,3,4,5,3,5,5,11,11,9,3,10,3,9,9,10,3,3,7,4,7,9,10,11,5,10,4,7,8,5,11,8,10,9,3,11,5,7,4,7,5,5,8,8,2,10,3,0,9,8
6,0,0,0,0,2,4,8,5,7,4,11,11,3,10,8,4,8,4,5,11,2,10,10,3,9,11,6,6,8,9,9,6,6,10,10,0,6,3,2,8,8,2,6,9,7,9,3,11,2,4,0,5,5,5,2,6,10,8,11,10,0,9,9,2,10,2,11,7,10,7,0,11,2,7,6,4,11,9,0,5,6,6,3,6,0,2,10,2,2,3,10,6,6,7,6,7,0,0,3,0,4,5,6,4,6,6,0,0,10,4,11,4,10,10,11,4,4,8,5,8,10,11,0,6,11,5,8,9,6,0,9,11,10,4,0,6,8,5,8,6,6,9,9,3,11,4,2,10,9
7,2,2,2,2,3,5,9,6,8,5,0,0,4,11,9,5,9,5,6,0,3,11,11,4,10,0,7,7,9,10,10,7,7,11,11,2,7,4,3,9,9,3,7,10,8,10,4,0,3,5,2,6,6,6,3,7,11,9,0,11,2,10,10,3,11,3,0,8,11,8,2,0,3,8,7,5,0,10,2,6,7,7,4,7,2,3,11,3,3,4,11,7,7,8,7,8,2,2,4,2,5,6,7,5,7,7,2,2,11,5,0,5,11,11,0,5,5,9,6,9,11,0,2,7,0,6,9,10,7,2,10,0,11,5,2,7,9,6,9,7,7,10,10,4,0,5,3,11,10
8,3,3,3,3,4,6,10,7,9,6,2,2,5,0,10,6,10,6,7,2,4,0,0,5,11,2,8,8,10,11,11,8,8,0,0,3,8,5,4,10,10,4,8,11,9,11,5,2,4,6,3,7,7,7,4,8,0,10,2,0,3,11,11,4,0,4,2,9,0,9,3,2,4,9,8,6,2,11,3,7,8,8,5,8,3,4,0,4,4,5,0,8,8,9,8,9,3,3,5,3,6,7,8,6,8,8,3,3,0,6,2,6,0,0,2,6,6,10,7,10,0,2,3,8,2,7,10,11,8,3,11,2,0,6,3,8,10,7,10,8,8,11,11,5,2,6,4,0,11
9,4,4,4,4,5,7,11,8,10,7,3,3,6,2,11,7,11,7,8,3,5,2,2,6,0,3,9,9,11,0,0,9,9,2,2,4,9,6,5,11,11,5,9,0,10,0,6,3,5,7,4,8,8,8,5,9,2,11,3,2,4,0,0,5,2,5,3,10,2,10,4,3,5,10,9,7,3,0,4,8,9,9,6,9,4,5,2,5,5,6,2,9,9,10,9,10,4,4,6,4,7,8,9,7,9,9,4,4,2,7,3,7,2,2,3,7,7,11,8,11,2,3,4,9,3,8,11,0,9,4,0,3,2,7,4,9,11,8,11,9,9,0,0,6,3,7,5,2,0
10,5,5,5,5,6,8,0,9,11,8,4,4,7,3,0,8,0,8,9,4,6,3,3,7,2,4,10,10,0,2,2,10,10,3,3,5,10,7,6,0,0,6,10,2,11,2,7,4,6,8,5,9,9,9,6,10,3,0,4,3,5,2,2,6,3,6,4,11,3,11,5,4,6,11,10,8,4,2,5,9,10,10,7,10,5,6,3,6,6,7,3,10,10,11,10,11,5,5,7,5,8,9,10,8,10,10,5,5,3,8,4,8,3,3,4,8,8,0,9,0,3,4,5,10,4,9,0,2,10,5,2,4,3,8,5,10,0,9,0,10,10,2,2,7,4,8,6,3,2
11,6,6,6,6,7,9,2,10,0,9,5,5,8,4,2,9,2,9,10,5,7,4,4,8,3,5,11,11,2,3,3,11,11,4,4,6,11,8,7,2,2,7,11,3,0,3,8,5,7,9,6,10,10,10,7,11,4,2,5,4,6,3,3,7,4,7,5,0,4,0,6,5,7,0,11,9,5,3,6,10,11,11,8,11,6,7,4,7,7,8,4,11,11,0,11,0,6,6,8,6,9,10,11,9,11,11,6,6,4,9,5,9,4,4,5,9,9,2,10,2,4,5,6,11,5,10,2,3,11,6,3,5,4,9,6,11,2,10,2,11,11,3,3,8,5,9,7,4,3
0,7,7,7,7,8,10,3,11,2,10,6,6,9,5,3,10,3,10,11,6,8,5,5,9,4,6,0,0,3,4,4,0,0,5,5,7,0,9,8,3,3,8,0,4,2,4,9,6,8,10,7,11,11,11,8,0,5,3,6,5,7,4,4,8,5,8,6,2,5,2,7,6,8,2,0,10,6,4,7,11,0,0,9,0,7,8,5,8,8,9,5,0,0,2,0,2,7,7,9,7,10,11,0,10,0,0,7,7,5,10,6,10,5,5,6,10,10,3,11,3,5,6,7,0,6,11,3,4,0,7,4,6,5,10,7,0,3,11,3,0,0,4,4,9,6,10,8,5,4
2,8,8,8,8,9,11,4,0,3,11,7,7,10,6,4,11,4,11,0,7,9,6,6,10,5,7,2,2,4,5,5,2,2,6,6,8,2,10,9,4,4,9,2,5,3,5,10,7,9,11,8,0,0,0,9,2,6,4,7,6,8,5,5,9,6,9,7,3,6,3,8,7,9,3,2,11,7,5,8,0,2,2,10,2,8,9,6,9,9,10,6,2,2,3,2,3,8,8,10,8,11,0,2,11,2,2,8,8,6,11,7,11,6,6,7,11,11,4,0,4,6,7,8,2,7,0,4,5,2,8,5,7,6,11,8,2,4,0,4,2,2,5,5,10,7,11,9,6,5
3,9,9,9,9,10,0,5,2,4,0,8,8,11,7,5,0,5,0,2,8,10,7,7,11,6,8,3,3,5,6,6,3,3,7,7,9,3,11,10,5,5,10,3,6,4,6,11,8,10,0,9,2,2,2,10,3,7,5,8,7,9,6,6,10,7,10,8,4,7,4,9,8,10,4,3,0,8,6,9,2,3,3,11,3,9,10,7,10,10,11,7,3,3,4,3,4,9,9,11,9,0,2,3,0,3,3,9,9,7,0,8,0,7,7,8,0,0,5,2,5,7,8,9,3,8,2,5,6,3,9,6,8,7,0,9,3,5,2,5,3,3,6,6,11,8,0,10,7,6
4,10,10,10,10,11,2,6,3,5,2,9,9,0,8,6,2,6,2,3,9,11,8,8,0,7,9,4,4,6,7,7,4,4,8,8,10,4,0,11,6,6,11,4,7,5,7,0,9,11,2,10,3,3,3,11,4,8,6,9,8,10,7,7,11,8,11,9,5,8,5,10,9,11,5,4,2,9,7,10,3,4,4,0,4,10,11,8,11,11,0,8,4,4,5,4,5,10,10,0,10,2,3,4,2,4,4,10,10,8,2,9,2,8,8,9,2,2,6,3,6,8,9,10,4,9,3,6,7,4,10,7,9,8,2,10,4,6,3,6,4,4,7,7,0,9,2,11,8,7
5,11,11,11,11,0,3,7,4,6,3,10,10,2,9,7,3,7,3,4,10,0,9,9,2,8,10,5,5,7,8,8,5,5,9,9,11,5,2,0,7,7,0,5,8,6,8,2,10,0,3,11,4,4,4,0,5,9,7,10,9,11,8,8,0,9,0,10,6,9,6,11,10,0,6,5,3,10,8,11,4,5,5,2,5,11,0,9,0,0,2,9,5,5,6,5,6,11,11,2,11,3,4,5,3,5,5,11,11,9,3,10,3,9,9,10,3,3,7,4,7,9,10,11,5,10,4,7,8,5,11,8,10,9,3,11,5,7,4,7,5,5,8,8,2,10,3,0,9,8
6,0,0,0,0,2,4,8,5,7,4,11,11,3,10,8,4,8,4,5,11,2,10,10,3,9,11,6,6,8,9,9,6,6,10,10,0,6,3,2,8,8,2,6,9,7,9,3,11,2,4,0,5,5,5,2,6,10,8,11,10,0,9,9,2,10,2,11,7,10,7,0,11,2,7,6,4,11,9,0,5,6,6,3,6,0,2,10,2,2,3,10,6,6,7,6,7,0,0,3,0,4,5,6,4,6,6,0,0,10,4,11,4,10,10,11,4,4,8,5,8,10,11,0,6,11,5,8,9,6,0,9,11,10,4,0,6,8,5,8,6,6,9,9,3,11,4,2,10,9
7,2,2,2,2,3,5,9,6,8,5,0,0,4,11,9,5,9,5,6,0,3,11,11,4,10,0,7,7,9,10,10,7,7,11,11,2,7,4,3,9,9,3,7,10,8,10,4,0,3,5,2,6,6,6,3,7,11,9,0,11,2,10,10,3,11,3,0,8,11,8,2,0,3,8,7,5,0,10,2,6,7,7,4,7,2,3,11,3,3,4,11,7,7,8,7,8,2,2,4,2,5,6,7,5,7,7,2,2,11,5,0,5,11,11,0,5,5,9,6,9,11,0,2,7,0,6,9,10,7,2,10,0,11,5,2,7,9,6,9,7,7,10,10,4,0,5,3,11,10
8,3,3,3,3,4,6,10,7,9,6,2,2,5,0,10,6,10,6,7,2,4,0,0,5,11,2,8,8,10,11,11,8,8,0,0,3,8,5,4,10,10,4,8,11,9,11,5,2,4,6,3,7,7,7,4,8,0,10,2,0,3,11,11,4,0,4,2,9,0,9,3,2,4,9,8,6,2,11,3,7,8,8,5,8,3,4,0,4,4,5,0,8,8,9,8,9,3,3,5,3,6,7,8,6,8,8,3,3,0,6,2,6,0,0,2,6,6,10,7,10,0,2,3,8,2,7,10,11,8,3,11,2,0,6,3,8,10,7,10,8,8,11,11,5,2,6,4,0,11
9,4,4,4,4,5,7,11,8,10,7,3,3,6,2,11,7,11,7,8,3,5,2,2,6,0,3,9,9,11,0,0,9,9,2,2,4,9,6,5,11,11,5,9,0,10,0,6,3,5,7,4,8,8,8,5,9,2,11,3,2,4,0,0,5,2,5,3,10,2,10,4,3,5,10,9,7,3,0,4,8,9,9,6,9,4,5,2,5,5,6,2,9,9,10,9,10,4,4,6,4,7,8,9,7,9,9,4,4,2,7,3,7,2,2,3,7,7,11,8,11,2,3,4,9,3,8,11,0,9,4,0,3,2,7,4,9,11,8,11,9,9,0,0,6,3,7,5,2,0
10,5,5,5,5,6,8,0,9,11,8,4,4,7,3,0,8,0,8,9,4,6,3,3,7,2,4,10,10,0,2,2,10,10,3,3,5,10,7,6,0,0,6,10,2,11,2,7,4,6,8,5,9,9,9,6,10,3,0,4,3,5,2,2,6,3,6,4,11,3,11,5,4,6,11,10,8,4,2,5,9,10,10,7,10,5,6,3,6,6,7,3,10,10,11,10,11,5,5,7,5,8,9,10,8,10,10,5,5,3,8,4,8,3,3,4,8,8,0,9,0,3,4,5,10,4,9,0,2,10,5,2,4,3,8,5,10,0,9,0,10,10,2,2,7,4,8,6,3,2
11,6,6,6,6,7,9,2,10,0,9,5,5,8,4,2,9,2,9,10,5,7,4,4,8,3,5,11,11,2,3,3,11,11,4,4,6,11,8,7,2,2,7,11,3,0,3,8,5,7,9,6,10,10,10,7,11,4,2,5,4,6,3,3,7,4,7,5,0,4,0,6,5,7,0,11,9,5,3,6,10,11,11,8,11,6,7,4,7,7,8,4,11,11,0,11,0,6,6,8,6,9,10,11,9,11,11,6,6,4,9,5,9,4,4,5,9,9,2,10,2,4,5,6,11,5,10,2,3,11,6,3,5,4,9,6,11,2,10,2,11,11,3,3,8,5,9,7,4,3
0,7,7,7,7,8,10,3,11,2,10,6,6,9,5,3,10,3,10,11,6,8,5,5,9,4,6,0,0,3,4,4,0,0,5,5,7,0,9,8,3,3,8,0,4,2,4,9,6,8,10,7,11,11,11,8,0,5,3,6,5,7,4,4,8,5,8,6,2,5,2,7,6,8,2,0,10,6,4,7,11,0,0,9,0,7,8,5,8,8,9,5,0,0,2,0,2,7,7,9,7,10,11,0,10,0,0,7,7,5,10,6,10,5,5,6,10,10,3,11,3,5,6,7,0,6,11,3,4,0,7,4,6,5,10,7,0,3,11,3,0,0,4,4,9,6,10,8,5,4
2,8,8,8,8,9,11,4,0,3,11,7,7,10,6,4,11,4,11,0,7,9,6,6,10,5,7,2,2,4,5,5,2,2,6,6,8,2,10,9,4,4,9,2,5,3,5,10,7,9,11,8,0,0,0,9,2,6,4,7,6,8,5,5,9,6,9,7,3,6,3,8,7,9,3,2,11,7,5,8,0,2,2,10,2,8,9,6,9,9,10,6,2,2,3,2,3,8,8,10,8,11,0,2,11,2,2,8,8,6,11,7,11,6,6,7,11,11,4,0,4,6,7,8,2,7,0,4,5,2,8,5,7,6,11,8,2,4,0,4,2,2,5,5,10,7,11,9,6,5
3,9,9,9,9,10,0,5,2,4,0,8,8,11,7,5,0,5,0,2,8,10,7,7,11,6,8,3,3,5,6,6,3,3,7,7,9,3,11,10,5,5,10,3,6,4,6,11,8,10,0,9,2,2,2,10,3,7,5,8,7,9,6,6,10,7,10,8,4,7,4,9,8,10,4,3,0,8,6,9,2,3,3,11,3,9,10,7,10,10,11,7,3,3,4,3,4,9,9,11,9,0,2,3,0,3,3,9,9,7,0,8,0,7,7,8,0,0,5,2,5,7,8,9,3,8,2,5,6,3,9,6,8,7,0,9,3,5,2,5,3,3,6,6,11,8,0,10,7,6
4,10,10,10,10,11,2,6,3,5,2,9,9,0,8,6,2,6,2,3,9,11,8,8,0,7,9,4,4,6,7,7,4,4,8,8,10,4,0,11,6,6,11,4,7,5,7,0,9,11,2,10,3,3,3,11,4,8,6,9,8,10,7,7,11,8,11,9,5,8,5,10,9,11,5,4,2,9,7,10,3,4,4,0,4,10,11,8,11,11,0,8,4,4,5,4,5,10,10,0,10,2,3,4,2,4,4,10,10,8,2,9,2,8,8,9,2,2,6,3,6,8,9,10,4,9,3,6,7,4,10,7,9,8,2,10,4,6,3,6,4,4,7,7,0,9,2,11,8,7
5,11,11,11,11,0,3,7,4,6,3,10,10,2,9,7,3,7,3,4,10,0,9,9,2,8,10,5,5,7,8,8,5,5,9,9,11,5,2,0,7,7,0,5,8,6,8,2,10,0,3,11,4,4,4,0,5,9,7,10,9,11,8,8,0,9,0,10,6,9,6,11,10,0,6,5,3,10,8,11,4,5,5,2,5,11,0,9,0,0,2,9,5,5,6,5,6,11,11,2,11,3,4,5,3,5,5,11,11,9,3,10,3,9,9,10,3,3,7,4,7,9,10,11,5,10,4,7,8,5,11,8,10,9,3,11,5,7,4,7,5,5,8,8,2,10,3,0,9,8
6,0,0,0,0,2,4,8,5,7,4,11,11,3,10,8,4,8,4,5,11,2,10,10,3,9,11,6,6,8,9,9,6,6,10,10,0,6,3,2,8,8,2,6,9,7,9,3,11,2,4,0,5,5,5,2,6,10,8,11,10,0,9,9,2,10,2,11,7,10,7,0,11,2,7,6,4,11,9,0,5,6,6,3,6,0,2,10,2,2,3,10,6,6,7,6,7,0,0,3,0,4,5,6,4,6,6,0,0,10,4,11,4,10,10,11,4,4,8,5,8,10,11,0,6,11,5,8,9,6,0,9,11,10,4,0,6,8,5,8,6,6,9,9,3,11,4,2,10,9
7,2,2,2,2,3,5,9,6,8,5,0,0,4,11,9,5,9,5,6,0,3,11,11,4,10,0,7,7,9,10,10,7,7,11,11,2,7,4,3,9,9,3,7,10,8,10,4,0,3,5,2,6,6,6,3,7,11,9,0,11,2,10,10,3,11,3,0,8,11,8,2,0,3,8,7,5,0,10,2,6,7,7,4,7,2,3,11,3,3,4,11,7,7,8,7,8,2,2,4,2,5,6,7,5,7,7,2,2,11,5,0,5,11,11,0,5,5,9,6,9,11,0,2,7,0,6,9,10,7,2,10,0,11,5,2,7,9,6,9,7,7,10,10,4,0,5,3,11,10
8,3,3,3,3,4,6,10,7,9,6,2,2,5,0,10,6,10,6,7,2,4,0,0,5,11,2,8,8,10,11,11,8,8,0,0,3,8,5,4,10,10,4,8,11,9,11,5,2,4,6,3,7,7,7,4,8,0,10,2,0,3,11,11,4,0,4,2,9,0,9,3,2,4,9,8,6,2,11,3,7,8,8,5,8,3,4,0,4,4,5,0,8,8,9,8,9,3,3,5,3,6,7,8,6,8,8,3,3,0,6,2,6,0,0,2,6,6,10,7,10,0,2,3,8,2,7,10,11,8,3,11,2,0,6,3,8,10,7,10,8,8,11,11,5,2,6,4,0,11
9,4,4,4,4,5,7,11,8,10,7,3,3,6,2,11,7,11,7,8,3,5,2,2,6,0,3,9,9,11,0,0,9,9,2,2,4,9,6,5,11,11,5,9,0,10,0,6,3,5,7,4,8,8,8,5,9,2,11,3,2,4,0,0,5,2,5,3,10,2,10,4,3,5,10,9,7,3,0,4,8,9,9,6,9,4,5,2,5,5,6,2,9,9,10,9,10,4,4,6,4,7,8,9,7,9,9,4,4,2,7,3,7,2,2,3,7,7,11,8,11,2,3,4,9,3,8,11,0,9,4,0,3,2,7,4,9,11,8,11,9,9,0,0,6,3,7,5,2,0
10,5,5,5,5,6,8,0,9,11,8,4,4,7,3,0,8,0,8,9,4,6,3,3,7,2,4,10,10,0,2,2,10,10,3,3,5,10,7,6,0,0,6,10,2,11,2,7,4,6,8,5,9,9,9,6,10,3,0,4,3,5,2,2,6,3,6,4,11,3,11,5,4,6,11,10,8,4,2,5,9,10,10,7,10,5,6,3,6,6,7,3,10,10,11,10,11,5,5,7,5,8,9,10,8,10,10,5,5,3,8,4,8,3,3,4,8,8,0,9,0,3,4,5,10,4,9,0,2,10,5,2,4,3,8,5,10,0,9,0,10,10,2,2,7,4,8,6,3,2
11,6,6,6,6,7,9,2,10,0,9,5,5,8,4,2,9,2,9,10,5,7,4,4,8,3,5,11,11,2,3,3,11,11,4,4,6,11,8,7,2,2,7,11,3,0,3,8,5,7,9,6,10,10,10,7,11,4,2,5,4,6,3,3,7,4,7,5,0,4,0,6,5,7,0,11,9,5,3,6,10,11,11,8,11,6,7,4,7,7,8,4,11,11,0,11,0,6,6,8,6,9,10,11,9,11,11,6,6,4,9,5,9,4,4,5,9,9,2,10,2,4,5,6,11,5,10,2,3,11,6,3,5,4,9,6,11,2,10,2,11,11,3,3,8,5,9,7,4,3
0,7,7,7,7,8,10,3,11,2,10,6,6,9,5,3,10,3,10,11,6,8,5,5,9,4,6,0,0,3,4,4,0,0,5,5,7,0,9,8,3,3,8,0,4,2,4,9,6,8,10,7,11,11,11,8,0,5,3,6,5,7,4,4,8,5,8,6,2,5,2,7,6,8,2,0,10,6,4,7,11,0,0,9,0,7,8,5,8,8,9,5,0,0,2,0,2,7,7,9,7,10,11,0,10,0,0,7,7,5,10,6,10,5,5,6,10,10,3,11,3,5,6,7,0,6,11,3,4,0,7,4,6,5,10,7,0,3,11,3,0,0,4,4,9,6,10,8,5,4
2,8,8,8,8,9,11,4,0,3,11,7,7,10,6,4,11,4,11,0,7,9,6,6,10,5,7,2,2,4,5,5,2,2,6,6,8,2,10,9,4,4,9,2,5,3,5,10,7,9,11,8,0,0,0,9,2,6,4,7,6,8,5,5,9,6,9,7,3,6,3,8,7,9,3,2,11,7,5,8,0,2,2,10,2,8,9,6,9,9,10,6,2,2,3,2,3,8,8,10,8,11,0,2,11,2,2,8,8,6,11,7,11,6,6,7,11,11,4,0,4,6,7,8,2,7,0,4,5,2,8,5,7,6,11,8,2,4,0,4,2,2,5,5,10,7,11,9,6,5
3,9,9,9,9,10,0,5,2,4,0,8,8,11,7,5,0,5,0,2,8,10,7,7,11,6,8,3,3,5,6,6,3,3,7,7,9,3,11,10,5,5,10,3,6,4,6,11,8,10,0,9,2,2,2,10,3,7,5,8,7,9,6,6,10,7,10,8,4,7,4,9,8,10,4,3,0,8,6,9,2,3,3,11,3,9,10,7,10,10,11,7,3,3,4,3,4,9,9,11,9,0,2,3,0,3,3,9,9,7,0,8,0,7,7,8,0,0,5,2,5,7,8,9,3,8,2,5,6,3,9,6,8,7,0,9,3,5,2,5,3,3,6,6,11,8,0,10,7,6
4,10,10,10,10,11,2,6,3,5,2,9,9,0,8,6,2,6,2,3,9,11,8,8,0,7,9,4,4,6,7,7,4,4,8,8,10,4,0,11,6,6,11,4,7,5,7,0,9,11,2,10,3,3,3,11,4,8,6,9,8,10,7,7,11,8,11,9,5,8,5,10,9,11,5,4,2,9,7,10,3,4,4,0,4,10,11,8,11,11,0,8,4,4,5,4,5,10,10,0,10,2,3,4,2,4,4,10,10,8,2,9,2,8,8,9,2,2,6,3,6,8,9,10,4,9,3,6,7,4,10,7,9,8,2,10,4,6,3,6,4,4,7,7,0,9,2,11,8,7
5,11,11,11,11,0,3,7,4,6,3,10,10,2,9,7,3,7,3,4,10,0,9,9,2,8,10,5,5,7,8,8,5,5,9,9,11,5,2,0,7,7,0,5,8,6,8,2,10,0,3,11,4,4,4,0,5,9,7,10,9,11,8,8,0,9,0,10,6,9,6,11,10,0,6,5,3,10,8,11,4,5,5,2,5,11,0,9,0,0,2,9,5,5,6,5,6,11,11,2,11,3,4,5,3,5,5,11,11,9,3,10,3,9,9,10,3,3,7,4,7,9,10,11,5,10,4,7,8,5,11,8,10,9,3,11,5,7,4,7,5,5,8,8,2,10,3,0,9,8
6,0,0,0,0,2,4,8,5,7,4,11,11,3,10,8,4,8,4,5,11,2,10,10,3,9,11,6,6,8,9,9,6,6,10,10,0,6,3,2,8,8,2,6,9,7,9,3,11,2,4,0,5,5,5,2,6,10,8,11,10,0,9,9,2,10,2,11,7,10,7,0,11,2,7,6,4,11,9,0,5,6,6,3,6,0,2,10,2,2,3,10,6,6,7,6,7,0,0,3,0,4,5,6,4,6,6,0,0,10,4,11,4,10,10,11,4,4,8,5,8,10,11,0,6,11,5,8,9,6,0,9,11,10,4,0,6,8,5,8,6,6,9,9,3,11,4,2,10,9
7,2,2,2,2,3,5,9,6,8,5,0,0,4,11,9,5,9,5,6,0,3,11,11,4,10,0,7,7,9,10,10,7,7,11,11,2,7,4,3,9,9,3,7,10,8,10,4,0,3,5,2,6,6,6,3,7,11,9,0,11,2,10,10,3,11,3,0,8,11,8,2,0,3,8,7,5,0,10,2,6,7,7,4,7,2,3,11,3,3,4,11,7,7,8,7,8,2,2,4,2,5,6,7,5,7,7,2,2,11,5,0,5,11,11,0,5,5,9,6,9,11,0,2,7,0,6,9,10,7,2,10,0,11,5,2,7,9,6,9,7,7,10,10,4,0,5,3,11,10
8,3,3,3,3,4,6,10,7,9,6,2,2,5,0,10,6,10,6,7,2,4,0,0,5,11,2,8,8,10,11,11,8,8,0,0,3,8,5,4,10,10,4,8,11,9,11,5,2,4,6,3,7,7,7,4,8,0,10,2,0,3,11,11,4,0,4,2,9,0,9,3,2,4,9,8,6,2,11,3,7,8,8,5,8,3,4,0,4,4,5,0,8,8,9,8,9,3,3,5,3,6,7,8,6,8,8,3,3,0,6,2,6,0,0,2,6,6,10,7,10,0,2,3,8,2,7,10,11,8,3,11,2,0,6,3,8,10,7,10,8,8,11,11,5,2,6,4,0,11
9,4,4,4,4,5,7,11,8,10,7,3,3,6,2,11,7,11,7,8,3,5,2,2,6,0,3,9,9,11,0,0,9,9,2,2,4,9,6,5,11,11,5,9,0,10,0,6,3,5,7,4,8,8,8,5,9,2,11,3,2,4,0,0,5,2,5,3,10,2,10,4,3,5,10,9,7,3,0,4,8,9,9,6,9,4,5,2,5,5,6,2,9,9,10,9,10,4,4,6,4,7,8,9,7,9,9,4,4,2,7,3,7,2,2,3,7,7,11,8,11,2,3,4,9,3,8,11,0,9,4,0,3,2,7,4,9,11,8,11,9,9,0,0,6,3,7,5,2,0
10,5,5,5,5,6,8,0,9,11,8,4,4,7,3,0,8,0,8,9,4,6,3,3,7,2,4,10,10,0,2,2,10,10,3,3,5,10,7,6,0,0,6,10,2,11,2,7,4,6,8,5,9,9,9,6,10,3,0,4,3,5,2,2,6,3,6,4,11,3,11,5,4,6,11,10,8,4,2,5,9,10,10,7,10,5,6,3,6,6,7,3,10,10,11,10,11,5,5,7,5,8,9,10,8,10,10,5,5,3,8,4,8,3,3,4,8,8,0,9,0,3,4,5,10,4,9,0,2,10,5,2,4,3,8,5,10,0,9,0,10,10,2,2,7,4,8,6,3,2
11,6,6,6,6,7,9,2,10,0,9,5,5,8,4,2,9,2,9,10,5,7,4,4,8,3,5,11,11,2,3,3,11,11,4,4,6,11,8,7,2,2,7,11,3,0,3,8,5,7,9,6,10,10,10,7,11,4,2,5,4,6,3,3,7,4,7,5,0,4,0,6,5,7,0,11,9,5,3,6,10,11,11,8,11,6,7,4,7,7,8,4,11,11,0,11,0,6,6,8,6,9,10,11,9,11,11,6,6,4,9,5,9,4,4,5,9,9,2,10,2,4,5,6,11,5,10,2,3,11,6,3,5,4,9,6,11,2,10,2,11,11,3,3,8,5,9,7,4,3
0,7,7,7,7,8,10,3,11,2,10,6,6,9,5,3,10,3,10,11,6,8,5,5,9,4,6,0,0,3,4,4,0,0,5,5,7,0,9,8,3,3,8,0,4,2,4,9,6,8,10,7,11,11,11,8,0,5,3,6,5,7,4,4,8,5,8,6,2,5,2,7,6,8,2,0,10,6,4,7,11,0,0,9,0,7,8,5,8,8,9,5,0,0,2,0,2,7,7,9,7,10,11,0,10,0,0,7,7,5,10,6,10,5,5,6,10,10,3,11,3,5,6,7,0,6,11,3,4,0,7,4,6,5,10,7,0,3,11,3,0,0,4,4,9,6,10,8,5,4
2,8,8,8,8,9,11,4,0,3,11,7,7,10,6,4,11,4,11,0,7,9,6,6,10,5,7,2,2,4,5,5,2,2,6,6,8,2,10,9,4,4,9,2,5,3,5,10,7,9,11,8,0,0,0,9,2,6,4,7,6,8,5,5,9,6,9,7,3,6,3,8,7,9,3,2,11,7,5,8,0,2,2,10,2,8,9,6,9,9,10,6,2,2,3,2,3,8,8,10,8,11,0,2,11,2,2,8,8,6,11,7,11,6,6,7,11,11,4,0,4,6,7,8,2,7,0,4,5,2,8,5,7,6,11,8,2,4,0,4,2,2,5,5,10,7,11,9,6,5
3,9,9,9,9,10,0,5,2,4,0,8,8,11,7,5,0,5,0,2,8,10,7,7,11,6,8,3,3,5,6,6,3,3,7,7,9,3,11,10,5,5,10,3,6,4,6,11,8,10,0,9,2,2,2,10,3,7,5,8,7,9,6,6,10,7,10,8,4,7,4,9,8,10,4,3,0,8,6,9,2,3,3,11,3,9,10,7,10,10,11,7,3,3,4,3,4,9,9,11,9,0,2,3,0,3,3,9,9,7,0,8,0,7,7,8,0,0,5,2,5,7,8,9,3,8,2,5,6,3,9,6,8,7,0,9,3,5,2,5,3,3,6,6,11,8,0,10,7,6
4,10,10,10,10,11,2,6,3,5,2,9,9,0,8,6,2,6,2,3,9,11,8,8,0,7,9,4,4,6,7,7,4,4,8,8,10,4,0,11,6,6,11,4,7,5,7,0,9,11,2,10,3,3,3,11,4,8,6,9,8,10,7,7,11,8,11,9,5,8,5,10,9,11,5,4,2,9,7,10,3,4,4,0,4,10,11,8,11,11,0,8,4,4,5,4,5,10,10,0,10,2,3,4,2,4,4,10,10,8,2,9,2,8,8,9,2,2,6,3,6,8,9,10,4,9,3,6,7,4,10,7,9,8,2,10,4,6,3,6,4,4,7,7,0,9,2,11,8,7
5,11,11,11,11,0,3,7,4,6,3,10,10,2,9,7,3,7,3,4,10,0,9,9,2,8,10,5,5,7,8,8,5,5,9,9,11,5,2,0,7,7,0,5,8,6,8,2,10,0,3,11,4,4,4,0,5,9,7,10,9,11,8,8,0,9,0,10,6,9,6,11,10,0,6,5,3,10,8,11,4,5,5,2,5,11,0,9,0,0,2,9,5,5,6,5,6,11,11,2,11,3,4,5,3,5,5,11,11,9,3,10,3,9,9,10,3,3,7,4,7,9,10,11,5,10,4,7,8,5,11,8,10,9,3,11,5,7,4,7,5,5,8,8,2,10,3,0,9,8
6,0,0,0,0,2,4,8,5,7,4,11,11,3,10,8,4,8,4,5,11,2,10,10,3,9,11,6,6,8,9,9,6,6,10,10,0,6,3,2,8,8,2,6,9,7,9,3,11,2,4,0,5,5,5,2,6,10,8,11,10,0,9,9,2,10,2,11,7,10,7,0,11,2,7,6,4,11,9,0,5,6,6,3,6,0,2,10,2,2,3,10,6,6,7,6,7,0,0,3,0,4,5,6,4,6,6,0,0,10,4,11,4,10,10,11,4,4,8,5,8,10,11,0,6,11,5,8,9,6,0,9,11,10,4,0,6,8,5,8,6,6,9,9,3,11,4,2,10,9
7,2,2,2,2,3,5,9,6,8,5,0,0,4,11,9,5,9,5,6,0,3,11,11,4,10,0,7,7,9,10,10,7,7,11,11,2,7,4,3,9,9,3,7,10,8,10,4,0,3,5,2,6,6,6,3,7,11,9,0,11,2,10,10,3,11,3,0,8,11,8,2,0,3,8,7,5,0,10,2,6,7,7,4,7,2,3,11,3,3,4,11,7,7,8,7,8,2,2,4,2,5,6,7,5,7,7,2,2,11,5,0,5,11,11,0,5,5,9,6,9,11,0,2,7,0,6,9,10,7,2,10,0,11,5,2,7,9,6,9,7,7,10,10,4,0,5,3,11,10
8,3,3,3,3,4,6,10,7,9,6,2,2,5,0,10,6,10,6,7,2,4,0,0,5,11,2,8,8,10,11,11,8,8,0,0,3,8,5,4,10,10,4,8,11,9,11,5,2,4,6,3,7,7,7,4,8,0,10,2,0,3,11,11,4,0,4,2,9,0,9,3,2,4,9,8,6,2,11,3,7,8,8,5,8,3,4,0,4,4,5,0,8,8,9,8,9,3,3,5,3,6,7,8,6,8,8,3,3,0,6,2,6,0,0,2,6,6,10,7,10,0,2,3,8,2,7,10,11,8,3,11,2,0,6,3,8,10,7,10,8,8,11,11,5,2,6,4,0,11
9,4,4,4,4,5,7,11,8,10,7,3,3,6,2,11,7,11,7,8,3,5,2,2,6,0,3,9,9,11,0,0,9,9,2,2,4,9,6,5,11,11,5,9,0,10,0,6,3,5,7,4,8,8,8,5,9,2,11,3,2,4,0,0,5,2,5,3,10,2,10,4,3,5,10,9,7,3,0,4,8,9,9,6,9,4,5,2,5,5,6,2,9,9,10,9,10,4,4,6,4,7,8,9,7,9,9,4,4,2,7,3,7,2,2,3,7,7,11,8,11,2,3,4,9,3,8,11,0,9,4,0,3,2,7,4,9,11,8,11,9,9,0,0,6,3,7,5,2,0
10,5,5,5,5,6,8,0,9,11,8,4,4,7,3,0,8,0,8,9,4,6,3,3,7,2,4,10,10,0,2,2,10,10,3,3,5,10,7,6,0,0,6,10,2,11,2,7,4,6,8,5,9,9,9,6,10,3,0,4,3,5,2,2,6,3,6,4,11,3,11,5,4,6,11,10,8,4,2,5,9,10,10,7,10,5,6,3,6,6,7,3,10,10,11,10,11,5,5,7,5,8,9,10,8,10,10,5,5,3,8,4,8,3,3,4,8,8,0,9,0,3,4,5,10,4,9,0,2,10,5,2,4,3,8,5,10,0,9,0,10,10,2,2,7,4,8,6,3,2
11,6,6,6,6,7,9,2,10,0,9,5,5,8,4,2,9,2,9,10,5,7,4,4,8,3,5,11,11,2,3,3,11,11,4,4,6,11,8,7,2,2,7,11,3,0,3,8,5,7,9,6,10,10,10,7,11,4,2,5,4,6,3,3,7,4,7,5,0,4,0,6,5,7,0,11,9,5,3,6,10,11,11,8,11,6,7,4,7,7,8,4,11,11,0,11,0,6,6,8,6,9,10,11,9,11,11,6,6,4,9,5,9,4,4,5,9,9,2,10,2,4,5,6,11,5,10,2,3,11,6,3,5,4,9,6,11,2,10,2,11,11,3,3,8,5,9,7,4,3
0,7,7,7,7,8,10,3,11,2,10,6,6,9,5,3,10,3,10,11,6,8,5,5,9,4,6,0,0,3,4,4,0,0,5,5,7,0,9,8,3,3,8,0,4,2,4,9,6,8,10,7,11,11,11,8,0,5,3,6,5,7,4,4,8,5,8,6,2,5,2,7,6,8,2,0,10,6,4,7,11,0,0,9,0,7,8,5,8,8,9,5,0,0,2,0,2,7,7,9,7,10,11,0,10,0,0,7,7,5,10,6,10,5,5,6,10,10,3,11,3,5,6,7,0,6,11,3,4,0,7,4,6,5,10,7,0,3,11,3,0,0,4,4,9,6,10,8,5,4
2,8,8,8,8,9,11,4,0,3,11,7,7,10,6,4,11,4,11,0,7,9,6,6,10,5,7,2,2,4,5,5,2,2,6,6,8,2,10,9,4,4,9,2,5,3,5,10,7,9,11,8,0,0,0,9,2,6,4,7,6,8,5,5,9,6,9,7,3,6,3,8,7,9,3,2,11,7,5,8,0,2,2,10,2,8,9,6,9,9,10,6,2,2,3,2,3,8,8,10,8,11,0,2,11,2,2,8,8,6,11,7,11,6,6,7,11,11,4,0,4,6,7,8,2,7,0,4,5,2,8,5,7,6,11,8,2,4,0,4,2,2,5,5,10,7,11,9,6,5
3,9,9,9,9,10,0,5,2,4,0,8,8,11,7,5,0,5,0,2,8,10,7,7,11,6,8,3,3,5,6,6,3,3,7,7,9,3,11,10,5,5,10,3,6,4,6,11,8,10,0,9,2,2,2,10,3,7,5,8,7,9,6,6,10,7,10,8,4,7,4,9,8,10,4,3,0,8,6,9,2,3,3,11,3,9,10,7,10,10,11,7,3,3,4,3,4,9,9,11,9,0,2,3,0,3,3,9,9,7,0,8,0,7,7,8,0,0,5,2,5,7,8,9,3,8,2,5,6,3,9,6,8,7,0,9,3,5,2,5,3,3,6,6,11,8,0,10,7,6
4,10,10,10,10,11,2,6,3,5,2,9,9,0,8,6,2,6,2,3,9,11,8,8,0,7,9,4,4,6,7,7,4,4,8,8,10,4,0,11,6,6,11,4,7,5,7,0,9,11,2,10,3,3,3,11,4,8,6,9,8,10,7,7,11,8,11,9,5,8,5,10,9,11,5,4,2,9,7,10,3,4,4,0,4,10,11,8,11,11,0,8,4,4,5,4,5,10,10,0,10,2,3,4,2,4,4,10,10,8,2,9,2,8,8,9,2,2,6,3,6,8,9,10,4,9,3,6,7,4,10,7,9,8,2,10,4,6,3,6,4,4,7,7,0,9,2,11,8,7
5,11,11,11,11,0,3,7,4,6,3,10,10,2,9,7,3,7,3,4,10,0,9,9,2,8,10,5,5,7,8,8,5,5,9,9,11,5,2,0,7,7,0,5,8,6,8,2,10,0,3,11,4,4,4,0,5,9,7,10,9,11,8,8,0,9,0,10,6,9,6,11,10,0,6,5,3,10,8,11,4,5,5,2,5,11,0,9,0,0,2,9,5,5,6,5,6,11,11,2,11,3,4,5,3,5,5,11,11,9,3,10,3,9,9,10,3,3,7,4,7,9,10,11,5,10,4,7,8,5,11,8,10,9,3,11,5,7,4,7,5,5,8,8,2,10,3,0,9,8
6,0,0,0,0,2,4,8,5,7,4,11,11,3,10,8,4,8,4,5,11,2,10,10,3,9,11,6,6,8,9,9,6,6,10,10,0,6,3,2,8,8,2,6,9,7,9,3,11,2,4,0,5,5,5,2,6,10,8,11,10,0,9,9,2,10,2,11,7,10,7,0,11,2,7,6,4,11,9,0,5,6,6,3,6,0,2,10,2,2,3,10,6,6,7,6,7,0,0,3,0,4,5,6,4,6,6,0,0,10,4,11,4,10,10,11,4,4,8,5,8,10,11,0,6,11,5,8,9,6,0,9,11,10,4,0,6,8,5,8,6,6,9,9,3,11,4,2,10,9
7,2,2,2,2,3,5,9,6,8,5,0,0,4,11,9,5,9,5,6,0,3,11,11,4,10,0,7,7,9,10,10,7,7,11,11,2,7,4,3,9,9,3,7,10,8,10,4,0,3,5,2,6,6,6,3,7,11,9,0,11,2,10,10,3,11,3,0,8,11,8,2,0,3,8,7,5,0,10,2,6,7,7,4,7,2,3,11,3,3,4,11,7,7,8,7,8,2,2,4,2,5,6,7,5,7,7,2,2,11,5,0,5,11,11,0,5,5,9,6,9,11,0,2,7,0,6,9,10,7,2,10,0,11,5,2,7,9,6,9,7,7,10,10,4,0,5,3,11,10
8,3,3,3,3,4,6,10,7,9,6,2,2,5,0,10,6,10,6,7,2,4,0,0,5,11,2,8,8,10,11,11,8,8,0,0,3,8,5,4,10,10,4,8,11,9,11,5,2,4,6,3,7,7,7,4,8,0,10,2,0,3,11,11,4,0,4,2,9,0,9,3,2,4,9,8,6,2,11,3,7,8,8,5,8,3,4,0,4,4,5,0,8,8,9,8,9,3,3,5,3,6,7,8,6,8,8,3,3,0,6,2,6,0,0,2,6,6,10,7,10,0,2,3,8,2,7,10,11,8,3,11,2,0,6,3,8,10,7,10,8,8,11,11,5,2,6,4,0,11
9,4,4,4,4,5,7,11,8,10,7,3,3,6,2,11,7,11,7,8,3,5,2,2,6,0,3,9,9,11,0,0,9,9,2,2,4,9,6,5,11,11,5,9,0,10,0,6,3,5,7,4,8,8,8,5,9,2,11,3,2,4,0,0,5,2,5,3,10,2,10,4,3,5,10,9,7,3,0,4,8,9,9,6,9,4,5,2,5,5,6,2,9,9,10,9,10,4,4,6,4,7,8,9,7,9,9,4,4,2,7,3,7,2,2,3,7,7,11,8,11,2,3,4,9,3,8,11,0,9,4,0,3,2,7,4,9,11,8,11,9,9,0,0,6,3,7,5,2,0
10,5,5,5,5,6,8,0,9,11,8,4,4,7,3,0,8,0,8,9,4,6,3,3,7,2,4,10,10,0,2,2,10,10,3,3,5,10,7,6,0,0,6,10,2,11,2,7,4,6,8,5,9,9,9,6,10,3,0,4,3,5,2,2,6,3,6,4,11,3,11,5,4,6,11,10,8,4,2,5,9,10,10,7,10,5,6,3,6,6,7,3,10,10,11,10,11,5,5,7,5,8,9,10,8,10,10,5,5,3,8,4,8,3,3,4,8,8,0,9,0,3,4,5,10,4,9,0,2,10,5,2,4,3,8,5,10,0,9,0,10,10,2,2,7,4,8,6,3,2
11,6,6,6,6,7,9,2,10,0,9,5,5,8,4,2,9,2,9,10,5,7,4,4,8,3,5,11,11,2,3,3,11,11,4,4,6,11,8,7,2,2,7,11,3,0,3,8,5,7,9,6,10,10,10,7,11,4,2,5,4,6,3,3,7,4,7,5,0,4,0,6,5,7,0,11,9,5,3,6,10,11,11,8,11,6,7,4,7,7,8,4,11,11,0,11,0,6,6,8,6,9,10,11,9,11,11,6,6,4,9,5,9,4,4,5,9,9,2,10,2,4,5,6,11,5,10,2,3,11,6,3,5,4,9,6,11,2,10,2,11,11,3,3,8,5,9,7,4,3
0,7,7,7,7,8,10,3,11,2,10,6,6,9,5,3,10,3,10,11,6,8,5,5,9,4,6,0,0,3,4,4,0,0,5,5,7,0,9,8,3,3,8,0,4,2,4,9,6,8,10,7,11,11,11,8,0,5,3,6,5,7,4,4,8,5,8,6,2,5,2,7,6,8,2,0,10,6,4,7,11,0,0,9,0,7,8,5,8,8,9,5,0,0,2,0,2,7,7,9,7,10,11,0,10,0,0,7,7,5,10,6,10,5,5,6,10,10,3,11,3,5,6,7,0,6,11,3,4,0,7,4,6,5,10,7,0,3,11,3,0,0,4,4,9,6,10,8,5,4
2,8,8,8,8,9,11,4,0,3,11,7,7,10,6,4,11,4,11,0,7,9,6,6,10,5,7,2,2,4,5,5,2,2,6,6,8,2,10,9,4,4,9,2,5,3,5,10,7,9,11,8,0,0,0,9,2,6,4,7,6,8,5,5,9,6,9,7,3,6,3,8,7,9,3,2,11,7,5,8,0,2,2,10,2,8,9,6,9,9,10,6,2,2,3,2,3,8,8,10,8,11,0,2,11,2,2,8,8,6,11,7,11,6,6,7,11,11,4,0,4,6,7,8,2,7,0,4,5,2,8,5,7,6,11,8,2,4,0,4,2,2,5,5,10,7,11,9,6,5
3,9,9,9,9,10,0,5,2,4,0,8,8,11,7,5,0,5,0,2,8,10,7,7,11,6,8,3,3,5,6,6,3,3,7,7,9,3,11,10,5,5,10,3,6,4,6,11,8,10,0,9,2,2,2,10,3,7,5,8,7,9,6,6,10,7,10,8,4,7,4,9,8,10,4,3,0,8,6,9,2,3,3,11,3,9,10,7,10,10,11,7,3,3,4,3,4,9,9,11,9,0,2,3,0,3,3,9,9,7,0,8,0,7,7,8,0,0,5,2,5,7,8,9,3,8,2,5,6,3,9,6,8,7,0,9,3,5,2,5,3,3,6,6,11,8,0,10,7,6
4,10,10,10,10,11,2,6,3,5,2,9,9,0,8,6,2,6,2,3,9,11,8,8,0,7,9,4,4,6,7,7,4,4,8,8,10,4,0,11,6,6,11,4,7,5,7,0,9,11,2,10,3,3,3,11,4,8,6,9,8,10,7,7,11,8,11,9,5,8,5,10,9,11,5,4,2,9,7,10,3,4,4,0,4,10,11,8,11,11,0,8,4,4,5,4,5,10,10,0,10,2,3,4,2,4,4,10,10,8,2,9,2,8,8,9,2,2,6,3,6,8,9,10,4,9,3,6,7,4,10,7,9,8,2,10,4,6,3,6,4,4,7,7,0,9,2,11,8,7
5,11,11,11,11,0,3,7,4,6,3,10,10,2,9,7,3,7,3,4,10,0,9,9,2,8,10,5,5,7,8,8,5,5,9,9,11,5,2,0,7,7,0,5,8,6,8,2,10,0,3,11,4,4,4,0,5,9,7,10,9,11,8,8,0,9,0,10,6,9,6,11,10,0,6,5,3,10,8,11,4,5,5,2,5,11,0,9,0,0,2,9,5,5,6,5,6,11,11,2,11,3,4,5,3,5,5,11,11,9,3,10,3,9,9,10,3,3,7,4,7,9,10,11,5,10,4,7,8,5,11,8,10,9,3,11,5,7,4,7,5,5,8,8,2,10,3,0,9,8
6,0,0,0,0,2,4,8,5,7,4,11,11,3,10,8,4,8,4,5,11,2,10,10,3,9,11,6,6,8,9,9,6,6,10,10,0,6,3,2,8,8,2,6,9,7,9,3,11,2,4,0,5,5,5,2,6,10,8,11,10,0,9,9,2,10,2,11,7,10,7,0,11,2,7,6,4,11,9,0,5,6,6,3,6,0,2,10,2,2,3,10,6,6,7,6,7,0,0,3,0,4,5,6,4,6,6,0,0,10,4,11,4,10,10,11,4,4,8,5,8,10,11,0,6,11,5,8,9,6,0,9,11,10,4,0,6,8,5,8,6,6,9,9,3,11,4,2,10,9
7,2,2,2,2,3,5,9,6,8,5,0,0,4,11,9,5,9,5,6,0,3,11,11,4,10,0,7,7,9,10,10,7,7,11,11,2,7,4,3,9,9,3,7,10,8,10,4,0,3,5,2,6,6,6,3,7,11,9,0,11,2,10,10,3,11,3,0,8,11,8,2,0,3,8,7,5,0,10,2,6,7,7,4,7,2,3,11,3,3,4,11,7,7,8,7,8,2,2,4,2,5,6,7,5,7,7,2,2,11,5,0,5,11,11,0,5,5,9,6,9,11,0,2,7,0,6,9,10,7,2,10,0,11,5,2,7,9,6,9,7,7,10,10,4,0,5,3,11,10
8,3,3,3,3,4,6,10,7,9,6,2,2,5,0,10,6,10,6,7,2,4,0,0,5,11,2,8,8,10,11,11,8,8,0,0,3,8,5,4,10,10,4,8,11,9,11,5,2,4,6,3,7,7,7,4,8,0,10,2,0,3,11,11,4,0,4,2,9,0,9,3,2,4,9,8,6,2,11,3,7,8,8,5,8,3,4,0,4,4,5,0,8,8,9,8,9,3,3,5,3,6,7,8,6,8,8,3,3,0,6,2,6,0,0,2,6,6,10,7,10,0,2,3,8,2,7,10,11,8,3,11,2,0,6,3,8,10,7,10,8,8,11,11,5,2,6,4,0,11
9,4,4,4,4,5,7,11,8,10,7,3,3,6,2,11,7,11,7,8,3,5,2,2,6,0,3,9,9,11,0,0,9,9,2,2,4,9,6,5,11,11,5,9,0,10,0,6,3,5,7,4,8,8,8,5,9,2,11,3,2,4,0,0,5,2,5,3,10,2,10,4,3,5,10,9,7,3,0,4,8,9,9,6,9,4,5,2,5,5,6,2,9,9,10,9,10,4,4,6,4,7,8,9,7,9,9,4,4,2,7,3,7,2,2,3,7,7,11,8,11,2,3,4,9,3,8,11,0,9,4,0,3,2,7,4,9,11,8,11,9,9,0,0,6,3,7,5,2,0
10,5,5,5,5,6,8,0,9,11,8,4,4,7,3,0,8,0,8,9,4,6,3,3,7,2,4,10,10,0,2,2,10,10,3,3,5,10,7,6,0,0,6,10,2,11,2,7,4,6,8,5,9,9,9,6,10,3,0,4,3,5,2,2,6,3,6,4,11,3,11,5,4,6,11,10,8,4,2,5,9,10,10,7,10,5,6,3,6,6,7,3,10,10,11,10,11,5,5,7,5,8,9,10,8,10,10,5,5,3,8,4,8,3,3,4,8,8,0,9,0,3,4,5,10,4,9,0,2,10,5,2,4,3,8,5,10,0,9,0,10,10,2,2,7,4,8,6,3,2
11,6,6,6,6,7,9,2,10,0,9,5,5,8,4,2,9,2,9,10,5,7,4,4,8,3,5,11,11,2,3,3,11,11,4,4,6,11,8,7,2,2,7,11,3,0,3,8,5,7,9,6,10,10,10,7,11,4,2,5,4,6,3,3,7,4,7,5,0,4,0,6,5,7,0,11,9,5,3,6,10,11,11,8,11,6,7,4,7,7,8,4,11,11,0,11,0,6,6,8,6,9,10,11,9,11,11,6,6,4,9,5,9,4,4,5,9,9,2,10,2,4,5,6,11,5,10,2,3,11,6,3,5,4,9,6,11,2,10,2,11,11,3,3,8,5,9,7,4,3
0,7,7,7,7,8,10,3,11,2,10,6,6,9,5,3,10,3,10,11,6,8,5,5,9,4,6,0,0,3,4,4,0,0,5,5,7,0,9,8,3,3,8,0,4,2,4,9,6,8,10,7,11,11,11,8,0,5,3,6,5,7,4,4,8,5,8,6,2,5,2,7,6,8,2,0,10,6,4,7,11,0,0,9,0,7,8,5,8,8,9,5,0,0,2,0,2,7,7,9,7,10,11,0,10,0,0,7,7,5,10,6,10,5,5,6,10,10,3,11,3,5,6,7,0,6,11,3,4,0,7,4,6,5,10,7,0,3,11,3,0,0,4,4,9,6,10,8,5,4
2,8,8,8,8,9,11,4,0,3,11,7,7,10,6,4,11,4,11,0,7,9,6,6,10,5,7,2,2,4,5,5,2,2,6,6,8,2,10,9,4,4,9,2,5,3,5,10,7,9,11,8,0,0,0,9,2,6,4,7,6,8,5,5,9,6,9,7,3,6,3,8,7,9,3,2,11,7,5,8,0,2,2,10,2,8,9,6,9,9,10,6,2,2,3,2,3,8,8,10,8,11,0,2,11,2,2,8,8,6,11,7,11,6,6,7,11,11,4,0,4,6,7,8,2,7,0,4,5,2,8,5,7,6,11,8,2,4,0,4,2,2,5,5,10,7,11,9,6,5
3,9,9,9,9,10,0,5,2,4,0,8,8,11,7,5,0,5,0,2,8,10,7,7,11,6,8,3,3,5,6,6,3,3,7,7,9,3,11,10,5,5,10,3,6,4,6,11,8,10,0,9,2,2,2,10,3,7,5,8,7,9,6,6,10,7,10,8,4,7,4,9,8,10,4,3,0,8,6,9,2,3,3,11,3,9,10,7,10,10,11,7,3,3,4,3,4,9,9,11,9,0,2,3,0,3,3,9,9,7,0,8,0,7,7,8,0,0,5,2,5,7,8,9,3,8,2,5,6,3,9,6,8,7,0,9,3,5,2,5,3,3,6,6,11,8,0,10,7,6
4,10,10,10,10,11,2,6,3,5,2,9,9,0,8,6,2,6,2,3,9,11,8,8,0,7,9,4,4,6,7,7,4,4,8,8,10,4,0,11,6,6,11,4,7,5,7,0,9,11,2,10,3,3,3,11,4,8,6,9,8,10,7,7,11,8,11,9,5,8,5,10,9,11,5,4,2,9,7,10,3,4,4,0,4,10,11,8,11,11,0,8,4,4,5,4,5,10,10,0,10,2,3,4,2,4,4,10,10,8,2,9,2,8,8,9,2,2,6,3,6,8,9,10,4,9,3,6,7,4,10,7,9,8,2,10,4,6,3,6,4,4,7,7,0,9,2,11,8,7
5,11,11,11,11,0,3,7,4,6,3,10,10,2,9,7,3,7,3,4,10,0,9,9,2,8,10,5,5,7,8,8,5,5,9,9,11,5,2,0,7,7,0,5,8,6,8,2,10,0,3,11,4,4,4,0,5,9,7,10,9,11,8,8,0,9,0,10,6,9,6,11,10,0,6,5,3,10,8,11,4,5,5,2,5,11,0,9,0,0,2,9,5,5,6,5,6,11,11,2,11,3,4,5,3,5,5,11,11,9,3,10,3,9,9,10,3,3,7,4,7,9,10,11,5,10,4,7,8,5,11,8,10,9,3,11,5,7,4,7,5,5,8,8,2,10,3,0,9,8
6,0,0,0,0,2,4,8,5,7,4,11,11,3,10,8,4,8,4,5,11,2,10,10,3,9,11,6,6,8,9,9,6,6,10,10,0,6,3,2,8,8,2,6,9,7,9,3,11,2,4,0,5,5,5,2,6,10,8,11,10,0,9,9,2,10,2,11,7,10,7,0,11,2,7,6,4,11,9,0,5,6,6,3,6,0,2,10,2,2,3,10,6,6,7,6,7,0,0,3,0,4,5,6,4,6,6,0,0,10,4,11,4,10,10,11,4,4,8,5,8,10,11,0,6,11,5,8,9,6,0,9,11,10,4,0,6,8,5,8,6,6,9,9,3,11,4,2,10,9
7,2,2,2,2,3,5,9,6,8,5,0,0,4,11,9,5,9,5,6,0,3,11,11,4,10,0,7,7,9,10,10,7,7,11,11,2,7,4,3,9,9,3,7,10,8,10,4,0,3,5,2,6,6,6,3,7,11,9,0,11,2,10,10,3,11,3,0,8,11,8,2,0,3,8,7,5,0,10,2,6,7,7,4,7,2,3,11,3,3,4,11,7,7,8,7,8,2,2,4,2,5,6,7,5,7,7,2,2,11,5,0,5,11,11,0,5,5,9,6,9,11,0,2,7,0,6,9,10,7,2,10,0,11,5,2,7,9,6,9,7,7,10,10,4,0,5,3,11,10
8,3,3,3,3,4,6,10,7,9,6,2,2,5,0,10,6,10,6,7,2,4,0,0,5,11,2,8,8,10,11,11,8,8,0,0,3,8,5,4,10,10,4,8,11,9,11,5,2,4,6,3,7,7,7,4,8,0,10,2,0,3,11,11,4,0,4,2,9,0,9,3,2,4,9,8,6,2,11,3,7,8,8,5,8,3,4,0,4,4,5,0,8,8,9,8,9,3,3,5,3,6,7,8,6,8,8,3,3,0,6,2,6,0,0,2,6,6,10,7,10,0,2,3,8,2,7,10,11,8,3,11,2,0,6,3,8,10,7,10,8,8,11,11,5,2,6,4,0,11
9,4,4,4,4,5,7,11,8,10,7,3,3,6,2,11,7,11,7,8,3,5,2,2,6,0,3,9,9,11,0,0,9,9,2,2,4,9,6,5,11,11,5,9,0,10,0,6,3,5,7,4,8,8,8,5,9,2,11,3,2,4,0,0,5,2,5,3,10,2,10,4,3,5,10,9,7,3,0,4,8,9,9,6,9,4,5,2,5,5,6,2,9,9,10,9,10,4,4,6,4,7,8,9,7,9,9,4,4,2,7,3,7,2,2,3,7,7,11,8,11,2,3,4,9,3,8,11,0,9,4,0,3,2,7,4,9,11,8,11,9,9,0,0,6,3,7,5,2,0
10,5,5,5,5,6,8,0,9,11,8,4,4,7,3,0,8,0,8,9,4,6,3,3,7,2,4,10,10,0,2,2,10,10,3,3,5,10,7,6,0,0,6,10,2,11,2,7,4,6,8,5,9,9,9,6,10,3,0,4,3,5,2,2,6,3,6,4,11,3,11,5,4,6,11,10,8,4,2,5,9,10,10,7,10,5,6,3,6,6,7,3,10,10,11,10,11,5,5,7,5,8,9,10,8,10,10,5,5,3,8,4,8,3,3,4,8,8,0,9,0,3,4,5,10,4,9,0,2,10,5,2,4,3,8,5,10,0,9,0,10,10,2,2,7,4,8,6,3,2
11,6,6,6,6,7,9,2,10,0,9,5,5,8,4,2,9,2,9,10,5,7,4,4,8,3,5,11,11,2,3,3,11,11,4,4,6,11,8,7,2,2,7,11,3,0,3,8,5,7,9,6,10,10,10,7,11,4,2,5,4,6,3,3,7,4,7,5,0,4,0,6,5,7,0,11,9,5,3,6,10,11,11,8,11,6,7,4,7,7,8,4,11,11,0,11,0,6,6,8,6,9,10,11,9,11,11,6,6,4,9,5,9,4,4,5,9,9,2,10,2,4,5,6,11,5,10,2,3,11,6,3,5,4,9,6,11,2,10,2,11,11,3,3,8,5,9,7,4,3
0,7,7,7,7,8,10,3,11,2,10,6,6,9,5,3,10,3,10,11,6,8,5,5,9,4,6,0,0,3,4,4,0,0,5,5,7,0,9,8,3,3,8,0,4,2,4,9,6,8,10,7,11,11,11,8,0,5,3,6,5,7,4,4,8,5,8,6,2,5,2,7,6,8,2,0,10,6,4,7,11,0,0,9,0,7,8,5,8,8,9,5,0,0,2,0,2,7,7,9,7,10,11,0,10,0,0,7,7,5,10,6,10,5,5,6,10,10,3,11,3,5,6,7,0,6,11,3,4,0,7,4,6,5,10,7,0,3,11,3,0,0,4,4,9,6,10,8,5,4
2,8,8,8,8,9,11,4,0,3,11,7,7,10,6,4,11,4,11,0,7,9,6,6,10,5,7,2,2,4,5,5,2,2,6,6,8,2,10,9,4,4,9,2,5,3,5,10,7,9,11,8,0,0,0,9,2,6,4,7,6,8,5,5,9,6,9,7,3,6,3,8,7,9,3,2,11,7,5,8,0,2,2,10,2,8,9,6,9,9,10,6,2,2,3,2,3,8,8,10,8,11,0,2,11,2,2,8,8,6,11,7,11,6,6,7,11,11,4,0,4,6,7,8,2,7,0,4,5,2,8,5,7,6,11,8,2,4,0,4,2,2,5,5,10,7,11,9,6,5
3,9,9,9,9,10,0,5,2,4,0,8,8,11,7,5,0,5,0,2,8,10,7,7,11,6,8,3,3,5,6,6,3,3,7,7,9,3,11,10,5,5,10,3,6,4,6,11,8,10,0,9,2,2,2,10,3,7,5,8,7,9,6,6,10,7,10,8,4,7,4,9,8,10,4,3,0,8,6,9,2,3,3,11,3,9,10,7,10,10,11,7,3,3,4,3,4,9,9,11,9,0,2,3,0,3,3,9,9,7,0,8,0,7,7,8,0,0,5,2,5,7,8,9,3,8,2,5,6,3,9,6,8,7,0,9,3,5,2,5,3,3,6,6,11,8,0,10,7,6
4,10,10,10,10,11,2,6,3,5,2,9,9,0,8,6,2,6,2,3,9,11,8,8,0,7,9,4,4,6,7,7,4,4,8,8,10,4,0,11,6,6,11,4,7,5,7,0,9,11,2,10,3,3,3,11,4,8,6,9,8,10,7,7,11,8,11,9,5,8,5,10,9,11,5,4,2,9,7,10,3,4,4,0,4,10,11,8,11,11,0,8,4,4,5,4,5,10,10,0,10,2,3,4,2,4,4,10,10,8,2,9,2,8,8,9,2,2,6,3,6,8,9,10,4,9,3,6,7,4,10,7,9,8,2,10,4,6,3,6,4,4,7,7,0,9,2,11,8,7
5,11,11,11,11,0,3,7,4,6,3,10,10,2,9,7,3,7,3,4,10,0,9,9,2,8,10,5,5,7,8,8,5,5,9,9,11,5,2,0,7,7,0,5,8,6,8,2,10,0,3,11,4,4,4,0,5,9,7,10,9,11,8,8,0,9,0,10,6,9,6,11,10,0,6,5,3,10,8,11,4,5,5,2,5,11,0,9,0,0,2,9,5,5,6,5,6,11,11,2,11,3,4,5,3,5,5,11,11,9,3,10,3,9,9,10,3,3,7,4,7,9,10,11,5,10,4,7,8,5,11,8,10,9,3,11,5,7,4,7,5,5,8,8,2,10,3,0,9,8
6,0,0,0,0,2,4,8,5,7,4,11,11,3,10,8,4,8,4,5,11,2,10,10,3,9,11,6,6,8,9,9,6,6,10,10,0,6,3,2,8,8,2,6,9,7,9,3,11,2,4,0,5,5,5,2,6,10,8,11,10,0,9,9,2,10,2,11,7,10,7,0,11,2,7,6,4,11,9,0,5,6,6,3,6,0,2,10,2,2,3,10,6,6,7,6,7,0,0,3,0,4,5,6,4,6,6,0,0,10,4,11,4,10,10,11,4,4,8,5,8,10,11,0,6,11,5,8,9,6,0,9,11,10,4,0,6,8,5,8,6,6,9,9,3,11,4,2,10,9
7,2,2,2,2,3,5,9,6,8,5,0,0,4,11,9,5,9,5,6,0,3,11,11,4,10,0,7,7,9,10,10,7,7,11,11,2,7,4,3,9,9,3,7,10,8,10,4,0,3,5,2,6,6,6,3,7,11,9,0,11,2,10,10,3,11,3,0,8,11,8,2,0,3,8,7,5,0,10,2,6,7,7,4,7,2,3,11,3,3,4,11,7,7,8,7,8,2,2,4,2,5,6,7,5,7,7,2,2,11,5,0,5,11,11,0,5,5,9,6,9,11,0,2,7,0,6,9,10,7,2,10,0,11,5,2,7,9,6,9,7,7,10,10,4,0,5,3,11,10
8,3,3,3,3,4,6,10,7,9,6,2,2,5,0,10,6,10,6,7,2,4,0,0,5,11,2,8,8,10,11,11,8,8,0,0,3,8,5,4,10,10,4,8,11,9,11,5,2,4,6,3,7,7,7,4,8,0,10,2,0,3,11,11,4,0,4,2,9,0,9,3,2,4,9,8,6,2,11,3,7,8,8,5,8,3,4,0,4,4,5,0,8,8,9,8,9,3,3,5,3,6,7,8,6,8,8,3,3,0,6,2,6,0,0,2,6,6,10,7,10,0,2,3,8,2,7,10,11,8,3,11,2,0,6,3,8,10,7,10,8,8,11,11,5,2,6,4,0,11
9,4,4,4,4,5,7,11,8,10,7,3,3,6,2,11,7,11,7,8,3,5,2,2,6,0,3,9,9,11,0,0,9,9,2,2,4,9,6,5,11,11,5,9,0,10,0,6,3,5,7,4,8,8,8,5,9,2,11,3,2,4,0,0,5,2,5,3,10,2,10,4,3,5,10,9,7,3,0,4,8,9,9,6,9,4,5,2,5,5,6,2,9,9,10,9,10,4,4,6,4,7,8,9,7,9,9,4,4,2,7,3,7,2,2,3,7,7,11,8,11,2,3,4,9,3,8,11,0,9,4,0,3,2,7,4,9,11,8,11,9,9,0,0,6,3,7,5,2,0
10,5,5,5,5,6,8,0,9,11,8,4,4,7,3,0,8,0,8,9,4,6,3,3,7,2,4,10,10,0,2,2,10,10,3,3,5,10,7,6,0,0,6,10,2,11,2,7,4,6,8,5,9,9,9,6,10,3,0,4,3,5,2,2,6,3,6,4,11,3,11,5,4,6,11,10,8,4,2,5,9,10,10,7,10,5,6,3,6,6,7,3,10,10,11,10,11,5,5,7,5,8,9,10,8,10,10,5,5,3,8,4,8,3,3,4,8,8,0,9,0,3,4,5,10,4,9,0,2,10,5,2,4,3,8,5,10,0,9,0,10,10,2,2,7,4,8,6,3,2
11,6,6,6,6,7,9,2,10,0,9,5,5,8,4,2,9,2,9,10,5,7,4,4,8,3,5,11,11,2,3,3,11,11,4,4,6,11,8,7,2,2,7,11,3,0,3,8,5,7,9,6,10,10,10,7,11,4,2,5,4,6,3,3,7,4,7,5,0,4,0,6,5,7,0,11,9,5,3,6,10,11,11,8,11,6,7,4,7,7,8,4,11,11,0,11,0,6,6,8,6,9,10,11,9,11,11,6,6,4,9,5,9,4,4,5,9,9,2,10,2,4,5,6,11,5,10,2,3,11,6,3,5,4,9,6,11,2,10,2,11,11,3,3,8,5,9,7,4,3
0,7,7,7,7,8,10,3,11,2,10,6,6,9,5,3,10,3,10,11,6,8,5,5,9,4,6,0,0,3,4,4,0,0,5,5,7,0,9,8,3,3,8,0,4,2,4,9,6,8,10,7,11,11,11,8,0,5,3,6,5,7,4,4,8,5,8,6,2,5,2,7,6,8,2,0,10,6,4,7,11,0,0,9,0,7,8,5,8,8,9,5,0,0,2,0,2,7,7,9,7,10,11,0,10,0,0,7,7,5,10,6,10,5,5,6,10,10,3,11,3,5,6,7,0,6,11,3,4,0,7,4,6,5,10,7,0,3,11,3,0,0,4,4,9,6,10,8,5,4
2,8,8,8,8,9,11,4,0,3,11,7,7,10,6,4,11,4,11,0,7,9,6,6,10,5,7,2,2,4,5,5,2,2,6,6,8,2,10,9,4,4,9,2,5,3,5,10,7,9,11,8,0,0,0,9,2,6,4,7,6,8,5,5,9,6,9,7,3,6,3,8,7,9,3,2,11,7,5,8,0,2,2,10,2,8,9,6,9,9,10,6,2,2,3,2,3,8,8,10,8,11,0,2,11,2,2,8,8,6,11,7,11,6,6,7,11,11,4,0,4,6,7,8,2,7,0,4,5,2,8,5,7,6,11,8,2,4,0,4,2,2,5,5,10,7,11,9,6,5
3,9,9,9,9,10,0,5,2,4,0,8,8,11,7,5,0,5,0,2,8,10,7,7,11,6,8,3,3,5,6,6,3,3,7,7,9,3,11,10,5,5,10,3,6,4,6,11,8,10,0,9,2,2,2,10,3,7,5,8,7,9,6,6,10,7,10,8,4,7,4,9,8,10,4,3,0,8,6,9,2,3,3,11,3,9,10,7,10,10,11,7,3,3,4,3,4,9,9,11,9,0,2,3,0,3,3,9,9,7,0,8,0,7,7,8,0,0,5,2,5,7,8,9,3,8,2,5,6,3,9,6,8,7,0,9,3,5,2,5,3,3,6,6,11,8,0,10,7,6
4,10,10,10,10,11,2,6,3,5,2,9,9,0,8,6,2,6,2,3,9,11,8,8,0,7,9,4,4,6,7,7,4,4,8,8,10,4,0,11,6,6,11,4,7,5,7,0,9,11,2,10,3,3,3,11,4,8,6,9,8,10,7,7,11,8,11,9,5,8,5,10,9,11,5,4,2,9,7,10,3,4,4,0,4,10,11,8,11,11,0,8,4,4,5,4,5,10,10,0,10,2,3,4,2,4,4,10,10,8,2,9,2,8,8,9,2,2,6,3,6,8,9,10,4,9,3,6,7,4,10,7,9,8,2,10,4,6,3,6,4,4,7,7,0,9,2,11,8,7
5,11,11,11,11,0,3,7,4,6,3,10,10,2,9,7,3,7,3,4,10,0,9,9,2,8,10,5,5,7,8,8,5,5,9,9,11,5,2,0,7,7,0,5,8,6,8,2,10,0,3,11,4,4,4,0,5,9,7,10,9,11,8,8,0,9,0,10,6,9,6,11,10,0,6,5,3,10,8,11,4,5,5,2,5,11,0,9,0,0,2,9,5,5,6,5,6,11,11,2,11,3,4,5,3,5,5,11,11,9,3,10,3,9,9,10,3,3,7,4,7,9,10,11,5,10,4,7,8,5,11,8,10,9,3,11,5,7,4,7,5,5,8,8,2,10,3,0,9,8
6,0,0,0,0,2,4,8,5,7,4,11,11,3,10,8,4,8,4,5,11,2,10,10,3,9,11,6,6,8,9,9,6,6,10,10,0,6,3,2,8,8,2,6,9,7,9,3,11,2,4,0,5,5,5,2,6,10,8,11,10,0,9,9,2,10,2,11,7,10,7,0,11,2,7,6,4,11,9,0,5,6,6,3,6,0,2,10,2,2,3,10,6,6,7,6,7,0,0,3,0,4,5,6,4,6,6,0,0,10,4,11,4,10,10,11,4,4,8,5,8,10,11,0,6,11,5,8,9,6,0,9,11,10,4,0,6,8,5,8,6,6,9,9,3,11,4,2,10,9
7,2,2,2,2,3,5,9,6,8,5,0,0,4,11,9,5,9,5,6,0,3,11,11,4,10,0,7,7,9,10,10,7,7,11,11,2,7,4,3,9,9,3,7,10,8,10,4,0,3,5,2,6,6,6,3,7,11,9,0,11,2,10,10,3,11,3,0,8,11,8,2,0,3,8,7,5,0,10,2,6,7,7,4,7,2,3,11,3,3,4,11,7,7,8,7,8,2,2,4,2,5,6,7,5,7,7,2,2,11,5,0,5,11,11,0,5,5,9,6,9,11,0,2,7,0,6,9,10,7,2,10,0,11,5,2,7,9,6,9,7,7,10,10,4,0,5,3,11,10
8,3,3,3,3,4,6,10,7,9,6,2,2,5,0,10,6,10,6,7,2,4,0,0,5,11,2,8,8,10,11,11,8,8,0,0,3,8,5,4,10,10,4,8,11,9,11,5,2,4,6,3,7,7,7,4,8,0,10,2,0,3,11,11,4,0,4,2,9,0,9,3,2,4,9,8,6,2,11,3,7,8,8,5,8,3,4,0,4,4,5,0,8,8,9,8,9,3,3,5,3,6,7,8,6,8,8,3,3,0,6,2,6,0,0,2,6,6,10,7,10,0,2,3,8,2,7,10,11,8,3,11,2,0,6,3,8,10,7,10,8,8,11,11,5,2,6,4,0,11
9,4,4,4,4,5,7,11,8,10,7,3,3,6,2,11,7,11,7,8,3,5,2,2,6,0,3,9,9,11,0,0,9,9,2,2,4,9,6,5,11,11,5,9,0,10,0,6,3,5,7,4,8,8,8,5,9,2,11,3,2,4,0,0,5,2,5,3,10,2,10,4,3,5,10,9,7,3,0,4,8,9,9,6,9,4,5,2,5,5,6,2,9,9,10,9,10,4,4,6,4,7,8,9,7,9,9,4,4,2,7,3,7,2,2,3,7,7,11,8,11,2,3,4,9,3,8,11,0,9,4,0,3,2,7,4,9,11,8,11,9,9,0,0,6,3,7,5,2,0
10,5,5,5,5,6,8,0,9,11,8,4,4,7,3,0,8,0,8,9,4,6,3,3,7,2,4,10,10,0,2,2,10,10,3,3,5,10,7,6,0,0,6,10,2,11,2,7,4,6,8,5,9,9,9,6,10,3,0,4,3,5,2,2,6,3,6,4,11,3,11,5,4,6,11,10,8,4,2,5,9,10,10,7,10,5,6,3,6,6,7,3,10,10,11,10,11,5,5,7,5,8,9,10,8,10,10,5,5,3,8,4,8,3,3,4,8,8,0,9,0,3,4,5,10,4,9,0,2,10,5,2,4,3,8,5,10,0,9,0,10,10,2,2,7,4,8,6,3,2
11,6,6,6,6,7,9,2,10,0,9,5,5,8,4,2,9,2,9,10,5,7,4,4,8,3,5,11,11,2,3,3,11,11,4,4,6,11,8,7,2,2,7,11,3,0,3,8,5,7,9,6,10,10,10,7,11,4,2,5,4,6,3,3,7,4,7,5,0,4,0,6,5,7,0,11,9,5,3,6,10,11,11,8,11,6,7,4,7,7,8,4,11,11,0,11,0,6,6,8,6,9,10,11,9,11,11,6,6,4,9,5,9,4,4,5,9,9,2,10,2,4,5,6,11,5,10,2,3,11,6,3,5,4,9,6,11,2,10,2,11,11,3,3,8,5,9,7,4,3
0,7,7,7,7,8,10,3,11,2,10,6,6,9,5,3,10,3,10,11,6,8,5,5,9,4,6,0,0,3,4,4,0,0,5,5,7,0,9,8,3,3,8,0,4,2,4,9,6,8,10,7,11,11,11,8,0,5,3,6,5,7,4,4,8,5,8,6,2,5,2,7,6,8,2,0,10,6,4,7,11,0,0,9,0,7,8,5,8,8,9,5,0,0,2,0,2,7,7,9,7,10,11,0,10,0,0,7,7,5,10,6,10,5,5,6,10,10,3,11,3,5,6,7,0,6,11,3,4,0,7,4,6,5,10,7,0,3,11,3,0,0,4,4,9,6,10,8,5,4
2,8,8,8,8,9,11,4,0,3,11,7,7,10,6,4,11,4,11,0,7,9,6,6,10,5,7,2,2,4,5,5,2,2,6,6,8,2,10,9,4,4,9,2,5,3,5,10,7,9,11,8,0,0,0,9,2,6,4,7,6,8,5,5,9,6,9,7,3,6,3,8,7,9,3,2,11,7,5,8,0,2,2,10,2,8,9,6,9,9,10,6,2,2,3,2,3,8,8,10,8,11,0,2,11,2,2,8,8,6,11,7,11,6,6,7,11,11,4,0,4,6,7,8,2,7,0,4,5,2,8,5,7,6,11,8,2,4,0,4,2,2,5,5,10,7,11,9,6,5
3,9,9,9,9,10,0,5,2,4,0,8,8,11,7,5,0,5,0,2,8,10,7,7,11,6,8,3,3,5,6,6,3,3,7,7,9,3,11,10,5,5,10,3,6,4,6,11,8,10,0,9,2,2,2,10,3,7,5,8,7,9,6,6,10,7,10,8,4,7,4,9,8,10,4,3,0,8,6,9,2,3,3,11,3,9,10,7,10,10,11,7,3,3,4,3,4,9,9,11,9,0,2,3,0,3,3,9,9,7,0,8,0,7,7,8,0,0,5,2,5,7,8,9,3,8,2,5,6,3,9,6,8,7,0,9,3,5,2,5,3,3,6,6,11,8,0,10,7,6
4,10,10,10,10,11,2,6,3,5,2,9,9,0,8,6,2,6,2,3,9,11,8,8,0,7,9,4,4,6,7,7,4,4,8,8,10,4,0,11,6,6,11,4,7,5,7,0,9,11,2,10,3,3,3,11,4,8,6,9,8,10,7,7,11,8,11,9,5,8,5,10,9,11,5,4,2,9,7,10,3,4,4,0,4,10,11,8,11,11,0,8,4,4,5,4,5,10,10,0,10,2,3,4,2,4,4,10,10,8,2,9,2,8,8,9,2,2,6,3,6,8,9,10,4,9,3,6,7,4,10,7,9,8,2,10,4,6,3,6,4,4,7,7,0,9,2,11,8,7
5,11,11,11,11,0,3,7,4,6,3,10,10,2,9,7,3,7,3,4,10,0,9,9,2,8,10,5,5,7,8,8,5,5,9,9,11,5,2,0,7,7,0,5,8,6,8,2,10,0,3,11,4,4,4,0,5,9,7,10,9,11,8,8,0,9,0,10,6,9,6,11,10,0,6,5,3,10,8,11,4,5,5,2,5,11,0,9,0,0,2,9,5,5,6,5,6,11,11,2,11,3,4,5,3,5,5,11,11,9,3,10,3,9,9,10,3,3,7,4,7,9,10,11,5,10,4,7,8,5,11,8,10,9,3,11,5,7,4,7,5,5,8,8,2,10,3,0,9,8
6,0,0,0,0,2,4,8,5,7,4,11,11,3,10,8,4,8,4,5,11,2,10,10,3,9,11,6,6,8,9,9,6,6,10,10,0,6,3,2,8,8,2,6,9,7,9,3,11,2,4,0,5,5,5,2,6,10,8,11,10,0,9,9,2,10,2,11,7,10,7,0,11,2,7,6,4,11,9,0,5,6,6,3,6,0,2,10,2,2,3,10,6,6,7,6,7,0,0,3,0,4,5,6,4,6,6,0,0,10,4,11,4,10,10,11,4,4,8,5,8,10,11,0,6,11,5,8,9,6,0,9,11,10,4,0,6,8,5,8,6,6,9,9,3,11,4,2,10,9
7,2,2,2,2,3,5,9,6,8,5,0,0,4,11,9,5,9,5,6,0,3,11,11,4,10,0,7,7,9,10,10,7,7,11,11,2,7,4,3,9,9,3,7,10,8,10,4,0,3,5,2,6,6,6,3,7,11,9,0,11,2,10,10,3,11,3,0,8,11,8,2,0,3,8,7,5,0,10,2,6,7,7,4,7,2,3,11,3,3,4,11,7,7,8,7,8,2,2,4,2,5,6,7,5,7,7,2,2,11,5,0,5,11,11,0,5,5,9,6,9,11,0,2,7,0,6,9,10,7,2,10,0,11,5,2,7,9,6,9,7,7,10,10,4,0,5,3,11,10
8,3,3,3,3,4,6,10,7,9,6,2,2,5,0,10,6,10,6,7,2,4,0,0,5,11,2,8,8,10,11,11,8,8,0,0,3,8,5,4,10,10,4,8,11,9,11,5,2,4,6,3,7,7,7,4,8,0,10,2,0,3,11,11,4,0,4,2,9,0,9,3,2,4,9,8,6,2,11,3,7,8,8,5,8,3,4,0,4,4,5,0,8,8,9,8,9,3,3,5,3,6,7,8,6,8,8,3,3,0,6,2,6,0,0,2,6,6,10,7,10,0,2,3,8,2,7,10,11,8,3,11,2,0,6,3,8,10,7,10,8,8,11,11,5,2,6,4,0,11
9,4,4,4,4,5,7,11,8,10,7,3,3,6,2,11,7,11,7,8,3,5,2,2,6,0,3,9,9,11,0,0,9,9,2,2,4,9,6,5,11,11,5,9,0,10,0,6,3,5,7,4,8,8,8,5,9,2,11,3,2,4,0,0,5,2,5,3,10,2,10,4,3,5,10,9,7,3,0,4,8,9,9,6,9,4,5,2,5,5,6,2,9,9,10,9,10,4,4,6,4,7,8,9,7,9,9,4,4,2,7,3,7,2,2,3,7,7,11,8,11,2,3,4,9,3,8,11,0,9,4,0,3,2,7,4,9,11,8,11,9,9,0,0,6,3,7,5,2,0
10,5,5,5,5,6,8,0,9,11,8,4,4,7,3,0,8,0,8,9,4,6,3,3,7,2,4,10,10,0,2,2,10,10,3,3,5,10,7,6,0,0,6,10,2,11,2,7,4,6,8,5,9,9,9,6,10,3,0,4,3,5,2,2,6,3,6,4,11,3,11,5,4,6,11,10,8,4,2,5,9,10,10,7,10,5,6,3,6,6,7,3,10,10,11,10,11,5,5,7,5,8,9,10,8,10,10,5,5,3,8,4,8,3,3,4,8,8,0,9,0,3,4,5,10,4,9,0,2,10,5,2,4,3,8,5,10,0,9,0,10,10,2,2,7,4,8,6,3,2
11,6,6,6,6,7,9,2,10,0,9,5,5,8,4,2,9,2,9,10,5,7,4,4,8,3,5,11,11,2,3,3,11,11,4,4,6,11,8,7,2,2,7,11,3,0,3,8,5,7,9,6,10,10,10,7,11,4,2,5,4,6,3,3,7,4,7,5,0,4,0,6,5,7,0,11,9,5,3,6,10,11,11,8,11,6,7,4,7,7,8,4,11,11,0,11,0,6,6,8,6,9,10,11,9,11,11,6,6,4,9,5,9,4,4,5,9,9,2,10,2,4,5,6,11,5,10,2,3,11,6,3,5,4,9,6,11,2,10,2,11,11,3,3,8,5,9,7,4,3
0,7,7,7,7,8,10,3,11,2,10,6,6,9,5,3,10,3,10,11,6,8,5,5,9,4,6,0,0,3,4,4,0,0,5,5,7,0,9,8,3,3,8,0,4,2,4,9,6,8,10,7,11,11,11,8,0,5,3,6,5,7,4,4,8,5,8,6,2,5,2,7,6,8,2,0,10,6,4,7,11,0,0,9,0,7,8,5,8,8,9,5,0,0,2,0,2,7,7,9,7,10,11,0,10,0,0,7,7,5,10,6,10,5,5,6,10,10,3,11,3,5,6,7,0,6,11,3,4,0,7,4,6,5,10,7,0,3,11,3,0,0,4,4,9,6,10,8,5,4
2,8,8,8,8,9,11,4,0,3,11,7,7,10,6,4,11,4,11,0,7,9,6,6,10,5,7,2,2,4,5,5,2,2,6,6,8,2,10,9,4,4,9,2,5,3,5,10,7,9,11,8,0,0,0,9,2,6,4,7,6,8,5,5,9,6,9,7,3,6,3,8,7,9,3,2,11,7,5,8,0,2,2,10,2,8,9,6,9,9,10,6,2,2,3,2,3,8,8,10,8,11,0,2,11,2,2,8,8,6,11,7,11,6,6,7,11,11,4,0,4,6,7,8,2,7,0,4,5,2,8,5,7,6,11,8,2,4,0,4,2,2,5,5,10,7,11,9,6,5
3,9,9,9,9,10,0,5,2,4,0,8,8,11,7,5,0,5,0,2,8,10,7,7,11,6,8,3,3,5,6,6,3,3,7,7,9,3,11,10,5,5,10,3,6,4,6,11,8,10,0,9,2,2,2,10,3,7,5,8,7,9,6,6,10,7,10,8,4,7,4,9,8,10,4,3,0,8,6,9,2,3,3,11,3,9,10,7,10,10,11,7,3,3,4,3,4,9,9,11,9,0,2,3,0,3,3,9,9,7,0,8,0,7,7,8,0,0,5,2,5,7,8,9,3,8,2,5,6,3,9,6,8,7,0,9,3,5,2,5,3,3,6,6,11,8,0,10,7,6
4,10,10,10,10,11,2,6,3,5,2,9,9,0,8,6,2,6,2,3,9,11,8,8,0,7,9,4,4,6,7,7,4,4,8,8,10,4,0,11,6,6,11,4,7,5,7,0,9,11,2,10,3,3,3,11,4,8,6,9,8,10,7,7,11,8,11,9,5,8,5,10,9,11,5,4,2,9,7,10,3,4,4,0,4,10,11,8,11,11,0,8,4,4,5,4,5,10,10,0,10,2,3,4,2,4,4,10,10,8,2,9,2,8,8,9,2,2,6,3,6,8,9,10,4,9,3,6,7,4,10,7,9,8,2,10,4,6,3,6,4,4,7,7,0,9,2,11,8,7
5,11,11,11,11,0,3,7,4,6,3,10,10,2,9,7,3,7,3,4,10,0,9,9,2,8,10,5,5,7,8,8,5,5,9,9,11,5,2,0,7,7,0,5,8,6,8,2,10,0,3,11,4,4,4,0,5,9,7,10,9,11,8,8,0,9,0,10,6,9,6,11,10,0,6,5,3,10,8,11,4,5,5,2,5,11,0,9,0,0,2,9,5,5,6,5,6,11,11,2,11,3,4,5,3,5,5,11,11,9,3,10,3,9,9,10,3,3,7,4,7,9,10,11,5,10,4,7,8,5,11,8,10,9,3,11,5,7,4,7,5,5,8,8,2,10,3,0,9,8
6,0,0,0,0,2,4,8,5,7,4,11,11,3,10,8,4,8,4,5,11,2,10,10,3,9,11,6,6,8,9,9,6,6,10,10,0,6,3,2,8,8,2,6,9,7,9,3,11,2,4,0,5,5,5,2,6,10,8,11,10,0,9,9,2,10,2,11,7,10,7,0,11,2,7,6,4,11,9,0,5,6,6,3,6,0,2,10,2,2,3,10,6,6,7,6,7,0,0,3,0,4,5,6,4,6,6,0,0,10,4,11,4,10,10,11,4,4,8,5,8,10,11,0,6,11,5,8,9,6,0,9,11,10,4,0,6,8,5,8,6,6,9,9,3,11,4,2,10,9
7,2,2,2,2,3,5,9,6,8,5,0,0,4,11,9,5,9,5,6,0,3,11,11,4,10,0,7,7,9,10,10,7,7,11,11,2,7,4,3,9,9,3,7,10,8,10,4,0,3,5,2,6,6,6,3,7,11,9,0,11,2,10,10,3,11,3,0,8,11,8,2,0,3,8,7,5,0,10,2,6,7,7,4,7,2,3,11,3,3,4,11,7,7,8,7,8,2,2,4,2,5,6,7,5,7,7,2,2,11,5,0,5,11,11,0,5,5,9,6,9,11,0,2,7,0,6,9,10,7,2,10,0,11,5,2,7,9,6,9,7,7,10,10,4,0,5,3,11,10
8,3,3,3,3,4,6,10,7,9,6,2,2,5,0,10,6,10,6,7,2,4,0,0,5,11,2,8,8,10,11,11,8,8,0,0,3,8,5,4,10,10,4,8,11,9,11,5,2,4,6,3,7,7,7,4,8,0,10,2,0,3,11,11,4,0,4,2,9,0,9,3,2,4,9,8,6,2,11,3,7,8,8,5,8,3,4,0,4,4,5,0,8,8,9,8,9,3,3,5,3,6,7,8,6,8,8,3,3,0,6,2,6,0,0,2,6,6,10,7,10,0,2,3,8,2,7,10,11,8,3,11,2,0,6,3,8,10,7,10,8,8,11,11,5,2,6,4,0,11
9,4,4,4,4,5,7,11,8,10,7,3,3,6,2,11,7,11,7,8,3,5,2,2,6,0,3,9,9,11,0,0,9,9,2,2,4,9,6,5,11,11,5,9,0,10,0,6,3,5,7,4,8,8,8,5,9,2,11,3,2,4,0,0,5,2,5,3,10,2,10,4,3,5,10,9,7,3,0,4,8,9,9,6,9,4,5,2,5,5,6,2,9,9,10,9,10,4,4,6,4,7,8,9,7,9,9,4,4,2,7,3,7,2,2,3,7,7,11,8,11,2,3,4,9,3,8,11,0,9,4,0,3,2,7,4,9,11,8,11,9,9,0,0,6,3,7,5,2,0
10,5,5,5,5,6,8,0,9,11,8,4,4,7,3,0,8,0,8,9,4,6,3,3,7,2,4,10,10,0,2,2,10,10,3,3,5,10,7,6,0,0,6,10,2,11,2,7,4,6,8,5,9,9,9,6,10,3,0,4,3,5,2,2,6,3,6,4,11,3,11,5,4,6,11,10,8,4,2,5,9,10,10,7,10,5,6,3,6,6,7,3,10,10,11,10,11,5,5,7,5,8,9,10,8,10,10,5,5,3,8,4,8,3,3,4,8,8,0,9,0,3,4,5,10,4,9,0,2,10,5,2,4,3,8,5,10,0,9,0,10,10,2,2,7,4,8,6,3,2
11,6,6,6,6,7,9,2,10,0,9,5,5,8,4,2,9,2,9,10,5,7,4,4,8,3,5,11,11,2,3,3,11,11,4,4,6,11,8,7,2,2,7,11,3,0,3,8,5,7,9,6,10,10,10,7,11,4,2,5,4,6,3,3,7,4,7,5,0,4,0,6,5,7,0,11,9,5,3,6,10,11,11,8,11,6,7,4,7,7,8,4,11,11,0,11,0,6,6,8,6,9,10,11,9,11,11,6,6,4,9,5,9,4,4,5,9,9,2,10,2,4,5,6,11,5,10,2,3,11,6,3,5,4,9,6,11,2,10,2,11,11,3,3,8,5,9,7,4,3
0,7,7,7,7,8,10,3,11,2,10,6,6,9,5,3,10,3,10,11,6,8,5,5,9,4,6,0,0,3,4,4,0,0,5,5,7,0,9,8,3,3,8,0,4,2,4,9,6,8,10,7,11,11,11,8,0,5,3,6,5,7,4,4,8,5,8,6,2,5,2,7,6,8,2,0,10,6,4,7,11,0,0,9,0,7,8,5,8,8,9,5,0,0,2,0,2,7,7,9,7,10,11,0,10,0,0,7,7,5,10,6,10,5,5,6,10,10,3,11,3,5,6,7,0,6,11,3,4,0,7,4,6,5,10,7,0,3,11,3,0,0,4,4,9,6,10,8,5,4
2,8,8,8,8,9,11,4,0,3,11,7,7,10,6,4,11,4,11,0,7,9,6,6,10,5,7,2,2,4,5,5,2,2,6,6,8,2,10,9,4,4,9,2,5,3,5,10,7,9,11,8,0,0,0,9,2,6,4,7,6,8,5,5,9,6,9,7,3,6,3,8,7,9,3,2,11,7,5,8,0,2,2,10,2,8,9,6,9,9,10,6,2,2,3,2,3,8,8,10,8,11,0,2,11,2,2,8,8,6,11,7,11,6,6,7,11,11,4,0,4,6,7,8,2,7,0,4,5,2,8,5,7,6,11,8,2,4,0,4,2,2,5,5,10,7,11,9,6,5
3,9,9,9,9,10,0,5,2,4,0,8,8,11,7,5,0,5,0,2,8,10,7,7,11,6,8,3,3,5,6,6,3,3,7,7,9,3,11,10,5,5,10,3,6,4,6,11,8,10,0,9,2,2,2,10,3,7,5,8,7,9,6,6,10,7,10,8,4,7,4,9,8,10,4,3,0,8,6,9,2,3,3,11,3,9,10,7,10,10,11,7,3,3,4,3,4,9,9,11,9,0,2,3,0,3,3,9,9,7,0,8,0,7,7,8,0,0,5,2,5,7,8,9,3,8,2,5,6,3,9,6,8,7,0,9,3,5,2,5,3,3,6,6,11,8,0,10,7,6
4,10,10,10,10,11,2,6,3,5,2,9,9,0,8,6,2,6,2,3,9,11,8,8,0,7,9,4,4,6,7,7,4,4,8,8,10,4,0,11,6,6,11,4,7,5,7,0,9,11,2,10,3,3,3,11,4,8,6,9,8,10,7,7,11,8,11,9,5,8,5,10,9,11,5,4,2,9,7,10,3,4,4,0,4,10,11,8,11,11,0,8,4,4,5,4,5,10,10,0,10,2,3,4,2,4,4,10,10,8,2,9,2,8,8,9,2,2,6,3,6,8,9,10,4,9,3,6,7,4,10,7,9,8,2,10,4,6,3,6,4,4,7,7,0,9,2,11,8,7
5,11,11,11,11,0,3,7,4,6,3,10,10,2,9,7,3,7,3,4,10,0,9,9,2,8,10,5,5,7,8,8,5,5,9,9,11,5,2,0,7,7,0,5,8,6,8,2,10,0,3,11,4,4,4,0,5,9,7,10,9,11,8,8,0,9,0,10,6,9,6,11,10,0,6,5,3,10,8,11,4,5,5,2,5,11,0,9,0,0,2,9,5,5,6,5,6,11,11,2,11,3,4,5,3,5,5,11,11,9,3,10,3,9,9,10,3,3,7,4,7,9,10,11,5,10,4,7,8,5,11,8,10,9,3,11,5,7,4,7,5,5,8,8,2,10,3,0,9,8
6,0,0,0,0,2,4,8,5,7,4,11,11,3,10,8,4,8,4,5,11,2,10,10,3,9,11,6,6,8,9,9,6,6,10,10,0,6,3,2,8,8,2,6,9,7,9,3,11,2,4,0,5,5,5,2,6,10,8,11,10,0,9,9,2,10,2,11,7,10,7,0,11,2,7,6,4,11,9,0,5,6,6,3,6,0,2,10,2,2,3,10,6,6,7,6,7,0,0,3,0,4,5,6,4,6,6,0,0,10,4,11,4,10,10,11,4,4,8,5,8,10,11,0,6,11,5,8,9,6,0,9,11,10,4,0,6,8,5,8,6,6,9,9,3,11,4,2,10,9
7,2,2,2,2,3,5,9,6,8,5,0,0,4,11,9,5,9,5,6,0,3,11,11,4,10,0,7,7,9,10,10,7,7,11,11,2,7,4,3,9,9,3,7,10,8,10,4,0,3,5,2,6,6,6,3,7,11,9,0,11,2,10,10,3,11,3,0,8,11,8,2,0,3,8,7,5,0,10,2,6,7,7,4,7,2,3,11,3,3,4,11,7,7,8,7,8,2,2,4,2,5,6,7,5,7,7,2,2,11,5,0,5,11,11,0,5,5,9,6,9,11,0,2,7,0,6,9,10,7,2,10,0,11,5,2,7,9,6,9,7,7,10,10,4,0,5,3,11,10
8,3,3,3,3,4,6,10,7,9,6,2,2,5,0,10,6,10,6,7,2,4,0,0,5,11,2,8,8,10,11,11,8,8,0,0,3,8,5,4,10,10,4,8,11,9,11,5,2,4,6,3,7,7,7,4,8,0,10,2,0,3,11,11,4,0,4,2,9,0,9,3,2,4,9,8,6,2,11,3,7,8,8,5,8,3,4,0,4,4,5,0,8,8,9,8,9,3,3,5,3,6,7,8,6,8,8,3,3,0,6,2,6,0,0,2,6,6,10,7,10,0,2,3,8,2,7,10,11,8,3,11,2,0,6,3,8,10,7,10,8,8,11,11,5,2,6,4,0,11
9,4,4,4,4,5,7,11,8,10,7,3,3,6,2,11,7,11,7,8,3,5,2,2,6,0,3,9,9,11,0,0,9,9,2,2,4,9,6,5,11,11,5,9,0,10,0,6,3,5,7,4,8,8,8,5,9,2,11,3,2,4,0,0,5,2,5,3,10,2,10,4,3,5,10,9,7,3,0,4,8,9,9,6,9,4,5,2,5,5,6,2,9,9,10,9,10,4,4,6,4,7,8,9,7,9,9,4,4,2,7,3,7,2,2,3,7,7,11,8,11,2,3,4,9,3,8,11,0,9,4,0,3,2,7,4,9,11,8,11,9,9,0,0,6,3,7,5,2,0
10,5,5,5,5,6,8,0,9,11,8,4,4,7,3,0,8,0,8,9,4,6,3,3,7,2,4,10,10,0,2,2,10,10,3,3,5,10,7,6,0,0,6,10,2,11,2,7,4,6,8,5,9,9,9,6,10,3,0,4,3,5,2,2,6,3,6,4,11,3,11,5,4,6,11,10,8,4,2,5,9,10,10,7,10,5,6,3,6,6,7,3,10,10,11,10,11,5,5,7,5,8,9,10,8,10,10,5,5,3,8,4,8,3,3,4,8,8,0,9,0,3,4,5,10,4,9,0,2,10,5,2,4,3,8,5,10,0,9,0,10,10,2,2,7,4,8,6,3,2
11,6,6,6,6,7,9,2,10,0,9,5,5,8,4,2,9,2,9,10,5,7,4,4,8,3,5,11,11,2,3,3,11,11,4,4,6,11,8,7,2,2,7,11,3,0,3,8,5,7,9,6,10,10,10,7,11,4,2,5,4,6,3,3,7,4,7,5,0,4,0,6,5,7,0,11,9,5,3,6,10,11,11,8,11,6,7,4,7,7,8,4,11,11,0,11,0,6,6,8,6,9,10,11,9,11,11,6,6,4,9,5,9,4,4,5,9,9,2,10,2,4,5,6,11,5,10,2,3,11,6,3,5,4,9,6,11,2,10,2,11,11,3,3,8,5,9,7,4,3
0,7,7,7,7,8,10,3,11,2,10,6,6,9,5,3,10,3,10,11,6,8,5,5,9,4,6,0,0,3,4,4,0,0,5,5,7,0,9,8,3,3,8,0,4,2,4,9,6,8,10,7,11,11,11,8,0,5,3,6,5,7,4,4,8,5,8,6,2,5,2,7,6,8,2,0,10,6,4,7,11,0,0,9,0,7,8,5,8,8,9,5,0,0,2,0,2,7,7,9,7,10,11,0,10,0,0,7,7,5,10,6,10,5,5,6,10,10,3,11,3,5,6,7,0,6,11,3,4,0,7,4,6,5,10,7,0,3,11,3,0,0,4,4,9,6,10,8,5,4
2,8,8,8,8,9,11,4,0,3,11,7,7,10,6,4,11,4,11,0,7,9,6,6,10,5,7,2,2,4,5,5,2,2,6,6,8,2,10,9,4,4,9,2,5,3,5,10,7,9,11,8,0,0,0,9,2,6,4,7,6,8,5,5,9,6,9,7,3,6,3,8,7,9,3,2,11,7,5,8,0,2,2,10,2,8,9,6,9,9,10,6,2,2,3,2,3,8,8,10,8,11,0,2,11,2,2,8,8,6,11,7,11,6,6,7,11,11,4,0,4,6,7,8,2,7,0,4,5,2,8,5,7,6,11,8,2,4,0,4,2,2,5,5,10,7,11,9,6,5
3,9,9,9,9,10,0,5,2,4,0,8,8,11,7,5,0,5,0,2,8,10,7,7,11,6,8,3,3,5,6,6,3,3,7,7,9,3,11,10,5,5,10,3,6,4,6,11,8,10,0,9,2,2,2,10,3,7,5,8,7,9,6,6,10,7,10,8,4,7,4,9,8,10,4,3,0,8,6,9,2,3,3,11,3,9,10,7,10,10,11,7,3,3,4,3,4,9,9,11,9,0,2,3,0,3,3,9,9,7,0,8,0,7,7,8,0,0,5,2,5,7,8,9,3,8,2,5,6,3,9,6,8,7,0,9,3,5,2,5,3,3,6,6,11,8,0,10,7,6
4,10,10,10,10,11,2,6,3,5,2,9,9,0,8,6,2,6,2,3,9,11,8,8,0,7,9,4,4,6,7,7,4,4,8,8,10,4,0,11,6,6,11,4,7,5,7,0,9,11,2,10,3,3,3,11,4,8,6,9,8,10,7,7,11,8,11,9,5,8,5,10,9,11,5,4,2,9,7,10,3,4,4,0,4,10,11,8,11,11,0,8,4,4,5,4,5,10,10,0,10,2,3,4,2,4,4,10,10,8,2,9,2,8,8,9,2,2,6,3,6,8,9,10,4,9,3,6,7,4,10,7,9,8,2,10,4,6,3,6,4,4,7,7,0,9,2,11,8,7
5,11,11,11,11,0,3,7,4,6,3,10,10,2,9,7,3,7,3,4,10,0,9,9,2,8,10,5,5,7,8,8,5,5,9,9,11,5,2,0,7,7,0,5,8,6,8,2,10,0,3,11,4,4,4,0,5,9,7,10,9,11,8,8,0,9,0,10,6,9,6,11,10,0,6,5,3,10,8,11,4,5,5,2,5,11,0,9,0,0,2,9,5,5,6,5,6,11,11,2,11,3,4,5,3,5,5,11,11,9,3,10,3,9,9,10,3,3,7,4,7,9,10,11,5,10,4,7,8,5,11,8,10,9,3,11,5,7,4,7,5,5,8,8,2,10,3,0,9,8
6,0,0,0,0,2,4,8,5,7,4,11,11,3,10,8,4,8,4,5,11,2,10,10,3,9,11,6,6,8,9,9,6,6,10,10,0,6,3,2,8,8,2,6,9,7,9,3,11,2,4,0,5,5,5,2,6,10,8,11,10,0,9,9,2,10,2,11,7,10,7,0,11,2,7,6,4,11,9,0,5,6,6,3,6,0,2,10,2,2,3,10,6,6,7,6,7,0,0,3,0,4,5,6,4,6,6,0,0,10,4,11,4,10,10,11,4,4,8,5,8,10,11,0,6,11,5,8,9,6,0,9,11,10,4,0,6,8,5,8,6,6,9,9,3,11,4,2,10,9
7,2,2,2,2,3,5,9,6,8,5,0,0,4,11,9,5,9,5,6,0,3,11,11,4,10,0,7,7,9,10,10,7,7,11,11,2,7,4,3,9,9,3,7,10,8,10,4,0,3,5,2,6,6,6,3,7,11,9,0,11,2,10,10,3,11,3,0,8,11,8,2,0,3,8,7,5,0,10,2,6,7,7,4,7,2,3,11,3,3,4,11,7,7,8,7,8,2,2,4,2,5,6,7,5,7,7,2,2,11,5,0,5,11,11,0,5,5,9,6,9,11,0,2,7,0,6,9,10,7,2,10,0,11,5,2,7,9,6,9,7,7,10,10,4,0,5,3,11,10
8,3,3,3,3,4,6,10,7,9,6,2,2,5,0,10,6,10,6,7,2,4,0,0,5,11,2,8,8,10,11,11,8,8,0,0,3,8,5,4,10,10,4,8,11,9,11,5,2,4,6,3,7,7,7,4,8,0,10,2,0,3,11,11,4,0,4,2,9,0,9,3,2,4,9,8,6,2,11,3,7,8,8,5,8,3,4,0,4,4,5,0,8,8,9,8,9,3,3,5,3,6,7,8,6,8,8,3,3,0,6,2,6,0,0,2,6,6,10,7,10,0,2,3,8,2,7,10,11,8,3,11,2,0,6,3,8,10,7,10,8,8,11,11,5,2,6,4,0,11
9,4,4,4,4,5,7,11,8,10,7,3,3,6,2,11,7,11,7,8,3,5,2,2,6,0,3,9,9,11,0,0,9,9,2,2,4,9,6,5,11,11,5,9,0,10,0,6,3,5,7,4,8,8,8,5,9,2,11,3,2,4,0,0,5,2,5,3,10,2,10,4,3,5,10,9,7,3,0,4,8,9,9,6,9,4,5,2,5,5,6,2,9,9,10,9,10,4,4,6,4,7,8,9,7,9,9,4,4,2,7,3,7,2,2,3,7,7,11,8,11,2,3,4,9,3,8,11,0,9,4,0,3,2,7,4,9,11,8,11,9,9,0,0,6,3,7,5,2,0
10,5,5,5,5,6,8,0,9,11,8,4,4,7,3,0,8,0,8,9,4,6,3,3,7,2,4,10,10,0,2,2,10,10,3,3,5,10,7,6,0,0,6,10,2,11,2,7,4,6,8,5,9,9,9,6,10,3,0,4,3,5,2,2,6,3,6,4,11,3,11,5,4,6,11,10,8,4,2,5,9,10,10,7,10,5,6,3,6,6,7,3,10,10,11,10,11,5,5,7,5,8,9,10,8,10,10,5,5,3,8,4,8,3,3,4,8,8,0,9,0,3,4,5,10,4,9,0,2,10,5,2,4,3,8,5,10,0,9,0,10,10,2,2,7,4,8,6,3,2
11,6,6,6,6,7,9,2,10,0,9,5,5,8,4,2,9,2,9,10,5,7,4,4,8,3,5,11,11,2,3,3,11,11,4,4,6,11,8,7,2,2,7,11,3,0,3,8,5,7,9,6,10,10,10,7,11,4,2,5,4,6,3,3,7,4,7,5,0,4,0,6,5,7,0,11,9,5,3,6,10,11,11,8,11,6,7,4,7,7,8,4,11,11,0,11,0,6,6,8,6,9,10,11,9,11,11,6,6,4,9,5,9,4,4,5,9,9,2,10,2,4,5,6,11,5,10,2,3,11,6,3,5,4,9,6,11,2,10,2,11,11,3,3,8,5,9,7,4,3
0,7,7,7,7,8,10,3,11,2,10,6,6,9,5,3,10,3,10,11,6,8,5,5,9,4,6,0,0,3,4,4,0,0,5,5,7,0,9,8,3,3,8,0,4,2,4,9,6,8,10,7,11,11,11,8,0,5,3,6,5,7,4,4,8,5,8,6,2,5,2,7,6,8,2,0,10,6,4,7,11,0,0,9,0,7,8,5,8,8,9,5,0,0,2,0,2,7,7,9,7,10,11,0,10,0,0,7,7,5,10,6,10,5,5,6,10,10,3,11,3,5,6,7,0,6,11,3,4,0,7,4,6,5,10,7,0,3,11,3,0,0,4,4,9,6,10,8,5,4
2,8,8,8,8,9,11,4,0,3,11,7,7,10,6,4,11,4,11,0,7,9,6,6,10,5,7,2,2,4,5,5,2,2,6,6,8,2,10,9,4,4,9,2,5,3,5,10,7,9,11,8,0,0,0,9,2,6,4,7,6,8,5,5,9,6,9,7,3,6,3,8,7,9,3,2,11,7,5,8,0,2,2,10,2,8,9,6,9,9,10,6,2,2,3,2,3,8,8,10,8,11,0,2,11,2,2,8,8,6,11,7,11,6,6,7,11,11,4,0,4,6,7,8,2,7,0,4,5,2,8,5,7,6,11,8,2,4,0,4,2,2,5,5,10,7,11,9,6,5
3,9,9,9,9,10,0,5,2,4,0,8,8,11,7,5,0,5,0,2,8,10,7,7,11,6,8,3,3,5,6,6,3,3,7,7,9,3,11,10,5,5,10,3,6,4,6,11,8,10,0,9,2,2,2,10,3,7,5,8,7,9,6,6,10,7,10,8,4,7,4,9,8,10,4,3,0,8,6,9,2,3,3,11,3,9,10,7,10,10,11,7,3,3,4,3,4,9,9,11,9,0,2,3,0,3,3,9,9,7,0,8,0,7,7,8,0,0,5,2,5,7,8,9,3,8,2,5,6,3,9,6,8,7,0,9,3,5,2,5,3,3,6,6,11,8,0,10,7,6
4,10,10,10,10,11,2,6,3,5,2,9,9,0,8,6,2,6,2,3,9,11,8,8,0,7,9,4,4,6,7,7,4,4,8,8,10,4,0,11,6,6,11,4,7,5,7,0,9,11,2,10,3,3,3,11,4,8,6,9,8,10,7,7,11,8,11,9,5,8,5,10,9,11,5,4,2,9,7,10,3,4,4,0,4,10,11,8,11,11,0,8,4,4,5,4,5,10,10,0,10,2,3,4,2,4,4,10,10,8,2,9,2,8,8,9,2,2,6,3,6,8,9,10,4,9,3,6,7,4,10,7,9,8,2,10,4,6,3,6,4,4,7,7,0,9,2,11,8,7
5,11,11,11,11,0,3,7,4,6,3,10,10,2,9,7,3,7,3,4,10,0,9,9,2,8,10,5,5,7,8,8,5,5,9,9,11,5,2,0,7,7,0,5,8,6,8,2,10,0,3,11,4,4,4,0,5,9,7,10,9,11,8,8,0,9,0,10,6,9,6,11,10,0,6,5,3,10,8,11,4,5,5,2,5,11,0,9,0,0,2,9,5,5,6,5,6,11,11,2,11,3,4,5,3,5,5,11,11,9,3,10,3,9,9,10,3,3,7,4,7,9,10,11,5,10,4,7,8,5,11,8,10,9,3,11,5,7,4,7,5,5,8,8,2,10,3,0,9,8
6,0,0,0,0,2,4,8,5,7,4,11,11,3,10,8,4,8,4,5,11,2,10,10,3,9,11,6,6,8,9,9,6,6,10,10,0,6,3,2,8,8,2,6,9,7,9,3,11,2,4,0,5,5,5,2,6,10,8,11,10,0,9,9,2,10,2,11,7,10,7,0,11,2,7,6,4,11,9,0,5,6,6,3,6,0,2,10,2,2,3,10,6,6,7,6,7,0,0,3,0,4,5,6,4,6,6,0,0,10,4,11,4,10,10,11,4,4,8,5,8,10,11,0,6,11,5,8,9,6,0,9,11,10,4,0,6,8,5,8,6,6,9,9,3,11,4,2,10,9
7,2,2,2,2,3,5,9,6,8,5,0,0,4,11,9,5,9,5,6,0,3,11,11,4,10,0,7,7,9,10,10,7,7,11,11,2,7,4,3,9,9,3,7,10,8,10,4,0,3,5,2,6,6,6,3,7,11,9,0,11,2,10,10,3,11,3,0,8,11,8,2,0,3,8,7,5,0,10,2,6,7,7,4,7,2,3,11,3,3,4,11,7,7,8,7,8,2,2,4,2,5,6,7,5,7,7,2,2,11,5,0,5,11,11,0,5,5,9,6,9,11,0,2,7,0,6,9,10,7,2,10,0,11,5,2,7,9,6,9,7,7,10,10,4,0,5,3,11,10
8,3,3,3,3,4,6,10,7,9,6,2,2,5,0,10,6,10,6,7,2,4,0,0,5,11,2,8,8,10,11,11,8,8,0,0,3,8,5,4,10,10,4,8,11,9,11,5,2,4,6,3,7,7,7,4,8,0,10,2,0,3,11,11,4,0,4,2,9,0,9,3,2,4,9,8,6,2,11,3,7,8,8,5,8,3,4,0,4,4,5,0,8,8,9,8,9,3,3,5,3,6,7,8,6,8,8,3,3,0,6,2,6,0,0,2,6,6,10,7,10,0,2,3,8,2,7,10,11,8,3,11,2,0,6,3,8,10,7,10,8,8,11,11,5,2,6,4,0,11
9,4,4,4,4,5,7,11,8,10,7,3,3,6,2,11,7,11,7,8,3,5,2,2,6,0,3,9,9,11,0,0,9,9,2,2,4,9,6,5,11,11,5,9,0,10,0,6,3,5,7,4,8,8,8,5,9,2,11,3,2,4,0,0,5,2,5,3,10,2,10,4,3,5,10,9,7,3,0,4,8,9,9,6,9,4,5,2,5,5,6,2,9,9,10,9,10,4,4,6,4,7,8,9,7,9,9,4,4,2,7,3,7,2,2,3,7,7,11,8,11,2,3,4,9,3,8,11,0,9,4,0,3,2,7,4,9,11,8,11,9,9,0,0,6,3,7,5,2,0
10,5,5,5,5,6,8,0,9,11,8,4,4,7,3,0,8,0,8,9,4,6,3,3,7,2,4,10,10,0,2,2,10,10,3,3,5,10,7,6,0,0,6,10,2,11,2,7,4,6,8,5,9,9,9,6,10,3,0,4,3,5,2,2,6,3,6,4,11,3,11,5,4,6,11,10,8,4,2,5,9,10,10,7,10,5,6,3,6,6,7,3,10,10,11,10,11,5,5,7,5,8,9,10,8,10,10,5,5,3,8,4,8,3,3,4,8,8,0,9,0,3,4,5,10,4,9,0,2,10,5,2,4,3,8,5,10,0,9,0,10,10,2,2,7,4,8,6,3,2
11,6,6,6,6,7,9,2,10,0,9,5,5,8,4,2,9,2,9,10,5,7,4,4,8,3,5,11,11,2,3,3,11,11,4,4,6,11,8,7,2,2,7,11,3,0,3,8,5,7,9,6,10,10,10,7,11,4,2,5,4,6,3,3,7,4,7,5,0,4,0,6,5,7,0,11,9,5,3,6,10,11,11,8,11,6,7,4,7,7,8,4,11,11,0,11,0,6,6,8,6,9,10,11,9,11,11,6,6,4,9,5,9,4,4,5,9,9,2,10,2,4,5,6,11,5,10,2,3,11,6,3,5,4,9,6,11,2,10,2,11,11,3,3,8,5,9,7,4,3
0,7,7,7,7,8,10,3,11,2,10,6,6,9,5,3,10,3,10,11,6,8,5,5,9,4,6,0,0,3,4,4,0,0,5,5,7,0,9,8,3,3,8,0,4,2,4,9,6,8,10,7,11,11,11,8,0,5,3,6,5,7,4,4,8,5,8,6,2,5,2,7,6,8,2,0,10,6,4,7,11,0,0,9,0,7,8,5,8,8,9,5,0,0,2,0,2,7,7,9,7,10,11,0,10,0,0,7,7,5,10,6,10,5,5,6,10,10,3,11,3,5,6,7,0,6,11,3,4,0,7,4,6,5,10,7,0,3,11,3,0,0,4,4,9,6,10,8,5,4
2,8,8,8,8,9,11,4,0,3,11,7,7,10,6,4,11,4,11,0,7,9,6,6,10,5,7,2,2,4,5,5,2,2,6,6,8,2,10,9,4,4,9,2,5,3,5,10,7,9,11,8,0,0,0,9,2,6,4,7,6,8,5,5,9,6,9,7,3,6,3,8,7,9,3,2,11,7,5,8,0,2,2,10,2,8,9,6,9,9,10,6,2,2,3,2,3,8,8,10,8,11,0,2,11,2,2,8,8,6,11,7,11,6,6,7,11,11,4,0,4,6,7,8,2,7,0,4,5,2,8,5,7,6,11,8,2,4,0,4,2,2,5,5,10,7,11,9,6,5
3,9,9,9,9,10,0,5,2,4,0,8,8,11,7,5,0,5,0,2,8,10,7,7,11,6,8,3,3,5,6,6,3,3,7,7,9,3,11,10,5,5,10,3,6,4,6,11,8,10,0,9,2,2,2,10,3,7,5,8,7,9,6,6,10,7,10,8,4,7,4,9,8,10,4,3,0,8,6,9,2,3,3,11,3,9,10,7,10,10,11,7,3,3,4,3,4,9,9,11,9,0,2,3,0,3,3,9,9,7,0,8,0,7,7,8,0,0,5,2,5,7,8,9,3,8,2,5,6,3,9,6,8,7,0,9,3,5,2,5,3,3,6,6,11,8,0,10,7,6
4,10,10,10,10,11,2,6,3,5,2,9,9,0,8,6,2,6,2,3,9,11,8,8,0,7,9,4,4,6,7,7,4,4,8,8,10,4,0,11,6,6,11,4,7,5,7,0,9,11,2,10,3,3,3,11,4,8,6,9,8,10,7,7,11,8,11,9,5,8,5,10,9,11,5,4,2,9,7,10,3,4,4,0,4,10,11,8,11,11,0,8,4,4,5,4,5,10,10,0,10,2,3,4,2,4,4,10,10,8,2,9,2,8,8,9,2,2,6,3,6,8,9,10,4,9,3,6,7,4,10,7,9,8,2,10,4,6,3,6,4,4,7,7,0,9,2,11,8,7
5,11,11,11,11,0,3,7,4,6,3,10,10,2,9,7,3,7,3,4,10,0,9,9,2,8,10,5,5,7,8,8,5,5,9,9,11,5,2,0,7,7,0,5,8,6,8,2,10,0,3,11,4,4,4,0,5,9,7,10,9,11,8,8,0,9,0,10,6,9,6,11,10,0,6,5,3,10,8,11,4,5,5,2,5,11,0,9,0,0,2,9,5,5,6,5,6,11,11,2,11,3,4,5,3,5,5,11,11,9,3,10,3,9,9,10,3,3,7,4,7,9,10,11,5,10,4,7,8,5,11,8,10,9,3,11,5,7,4,7,5,5,8,8,2,10,3,0,9,8
6,0,0,0,0,2,4,8,5,7,4,11,11,3,10,8,4,8,4,5,11,2,10,10,3,9,11,6,6,8,9,9,6,6,10,10,0,6,3,2,8,8,2,6,9,7,9,3,11,2,4,0,5,5,5,2,6,10,8,11,10,0,9,9,2,10,2,11,7,10,7,0,11,2,7,6,4,11,9,0,5,6,6,3,6,0,2,10,2,2,3,10,6,6,7,6,7,0,0,3,0,4,5,6,4,6,6,0,0,10,4,11,4,10,10,11,4,4,8,5,8,10,11,0,6,11,5,8,9,6,0,9,11,10,4,0,6,8,5,8,6,6,9,9,3,11,4,2,10,9
7,2,2,2,2,3,5,9,6,8,5,0,0,4,11,9,5,9,5,6,0,3,11,11,4,10,0,7,7,9,10,10,7,7,11,11,2,7,4,3,9,9,3,7,10,8,10,4,0,3,5,2,6,6,6,3,7,11,9,0,11,2,10,10,3,11,3,0,8,11,8,2,0,3,8,7,5,0,10,2,6,7,7,4,7,2,3,11,3,3,4,11,7,7,8,7,8,2,2,4,2,5,6,7,5,7,7,2,2,11,5,0,5,11,11,0,5,5,9,6,9,11,0,2,7,0,6,9,10,7,2,10,0,11,5,2,7,9,6,9,7,7,10,10,4,0,5,3,11,10
8,3,3,3,3,4,6,10,7,9,6,2,2,5,0,10,6,10,6,7,2,4,0,0,5,11,2,8,8,10,11,11,8,8,0,0,3,8,5,4,10,10,4,8,11,9,11,5,2,4,6,3,7,7,7,4,8,0,10,2,0,3,11,11,4,0,4,2,9,0,9,3,2,4,9,8,6,2,11,3,7,8,8,5,8,3,4,0,4,4,5,0,8,8,9,8,9,3,3,5,3,6,7,8,6,8,8,3,3,0,6,2,6,0,0,2,6,6,10,7,10,0,2,3,8,2,7,10,11,8,3,11,2,0,6,3,8,10,7,10,8,8,11,11,5,2,6,4,0,11
9,4,4,4,4,5,7,11,8,10,7,3,3,6,2,11,7,11,7,8,3,5,2,2,6,0,3,9,9,11,0,0,9,9,2,2,4,9,6,5,11,11,5,9,0,10,0,6,3,5,7,4,8,8,8,5,9,2,11,3,2,4,0,0,5,2,5,3,10,2,10,4,3,5,10,9,7,3,0,4,8,9,9,6,9,4,5,2,5,5,6,2,9,9,10,9,10,4,4,6,4,7,8,9,7,9,9,4,4,2,7,3,7,2,2,3,7,7,11,8,11,2,3,4,9,3,8,11,0,9,4,0,3,2,7,4,9,11,8,11,9,9,0,0,6,3,7,5,2,0
10,5,5,5,5,6,8,0,9,11,8,4,4,7,3,0,8,0,8,9,4,6,3,3,7,2,4,10,10,0,2,2,10,10,3,3,5,10,7,6,0,0,6,10,2,11,2,7,4,6,8,5,9,9,9,6,10,3,0,4,3,5,2,2,6,3,6,4,11,3,11,5,4,6,11,10,8,4,2,5,9,10,10,7,10,5,6,3,6,6,7,3,10,10,11,10,11,5,5,7,5,8,9,10,8,10,10,5,5,3,8,4,8,3,3,4,8,8,0,9,0,3,4,5,10,4,9,0,2,10,5,2,4,3,8,5,10,0,9,0,10,10,2,2,7,4,8,6,3,2
11,6,6,6,6,7,9,2,10,0,9,5,5,8,4,2,9,2,9,10,5,7,4,4,8,3,5,11,11,2,3,3,11,11,4,4,6,11,8,7,2,2,7,11,3,0,3,8,5,7,9,6,10,10,10,7,11,4,2,5,4,6,3,3,7,4,7,5,0,4,0,6,5,7,0,11,9,5,3,6,10,11,11,8,11,6,7,4,7,7,8,4,11,11,0,11,0,6,6,8,6,9,10,11,9,11,11,6,6,4,9,5,9,4,4,5,9,9,2,10,2,4,5,6,11,5,10,2,3,11,6,3,5,4,9,6,11,2,10,2,11,11,3,3,8,5,9,7,4,3
0,7,7,7,7,8,10,3,11,2,10,6,6,9,5,3,10,3,10,11,6,8,5,5,9,4,6,0,0,3,4,4,0,0,5,5,7,0,9,8,3,3,8,0,4,2,4,9,6,8,10,7,11,11,11,8,0,5,3,6,5,7,4,4,8,5,8,6,2,5,2,7,6,8,2,0,10,6,4,7,11,0,0,9,0,7,8,5,8,8,9,5,0,0,2,0,2,7,7,9,7,10,11,0,10,0,0,7,7,5,10,6,10,5,5,6,10,10,3,11,3,5,6,7,0,6,11,3,4,0,7,4,6,5,10,7,0,3,11,3,0,0,4,4,9,6,10,8,5,4
2,8,8,8,8,9,11,4,0,3,11,7,7,10,6,4,11,4,11,0,7,9,6,6,10,5,7,2,2,4,5,5,2,2,6,6,8,2,10,9,4,4,9,2,5,3,5,10,7,9,11,8,0,0,0,9,2,6,4,7,6,8,5,5,9,6,9,7,3,6,3,8,7,9,3,2,11,7,5,8,0,2,2,10,2,8,9,6,9,9,10,6,2,2,3,2,3,8,8,10,8,11,0,2,11,2,2,8,8,6,11,7,11,6,6,7,11,11,4,0,4,6,7,8,2,7,0,4,5,2,8,5,7,6,11,8,2,4,0,4,2,2,5,5,10,7,11,9,6,5
3,9,9,9,9,10,0,5,2,4,0,8,8,11,7,5,0,5,0,2,8,10,7,7,11,6,8,3,3,5,6,6,3,3,7,7,9,3,11,10,5,5,10,3,6,4,6,11,8,10,0,9,2,2,2,10,3,7,5,8,7,9,6,6,10,7,10,8,4,7,4,9,8,10,4,3,0,8,6,9,2,3,3,11,3,9,10,7,10,10,11,7,3,3,4,3,4,9,9,11,9,0,2,3,0,3,3,9,9,7,0,8,0,7,7,8,0,0,5,2,5,7,8,9,3,8,2,5,6,3,9,6,8,7,0,9,3,5,2,5,3,3,6,6,11,8,0,10,7,6
4,10,10,10,10,11,2,6,3,5,2,9,9,0,8,6,2,6,2,3,9,11,8,8,0,7,9,4,4,6,7,7,4,4,8,8,10,4,0,11,6,6,11,4,7,5,7,0,9,11,2,10,3,3,3,11,4,8,6,9,8,10,7,7,11,8,11,9,5,8,5,10,9,11,5,4,2,9,7,10,3,4,4,0,4,10,11,8,11,11,0,8,4,4,5,4,5,10,10,0,10,2,3,4,2,4,4,10,10,8,2,9,2,8,8,9,2,2,6,3,6,8,9,10,4,9,3,6,7,4,10,7,9,8,2,10,4,6,3,6,4,4,7,7,0,9,2,11,8,7
5,11,11,11,11,0,3,7,4,6,3,10,10,2,9,7,3,7,3,4,10,0,9,9,2,8,10,5,5,7,8,8,5,5,9,9,11,5,2,0,7,7,0,5,8,6,8,2,10,0,3,11,4,4,4,0,5,9,7,10,9,11,8,8,0,9,0,10,6,9,6,11,10,0,6,5,3,10,8,11,4,5,5,2,5,11,0,9,0,0,2,9,5,5,6,5,6,11,11,2,11,3,4,5,3,5,5,11,11,9,3,10,3,9,9,10,3,3,7,4,7,9,10,11,5,10,4,7,8,5,11,8,10,9,3,11,5,7,4,7,5,5,8,8,2,10,3,0,9,8
6,0,0,0,0,2,4,8,5,7,4,11,11,3,10,8,4,8,4,5,11,2,10,10,3,9,11,6,6,8,9,9,6,6,10,10,0,6,3,2,8,8,2,6,9,7,9,3,11,2,4,0,5,5,5,2,6,10,8,11,10,0,9,9,2,10,2,11,7,10,7,0,11,2,7,6,4,11,9,0,5,6,6,3,6,0,2,10,2,2,3,10,6,6,7,6,7,0,0,3,0,4,5,6,4,6,6,0,0,10,4,11,4,10,10,11,4,4,8,5,8,10,11,0,6,11,5,8,9,6,0,9,11,10,4,0,6,8,5,8,6,6,9,9,3,11,4,2,10,9
7,2,2,2,2,3,5,9,6,8,5,0,0,4,11,9,5,9,5,6,0,3,11,11,4,10,0,7,7,9,10,10,7,7,11,11,2,7,4,3,9,9,3,7,10,8,10,4,0,3,5,2,6,6,6,3,7,11,9,0,11,2,10,10,3,11,3,0,8,11,8,2,0,3,8,7,5,0,10,2,6,7,7,4,7,2,3,11,3,3,4,11,7,7,8,7,8,2,2,4,2,5,6,7,5,7,7,2,2,11,5,0,5,11,11,0,5,5,9,6,9,11,0,2,7,0,6,9,10,7,2,10,0,11,5,2,7,9,6,9,7,7,10,10,4,0,5,3,11,10
8,3,3,3,3,4,6,10,7,9,6,2,2,5,0,10,6,10,6,7,2,4,0,0,5,11,2,8,8,10,11,11,8,8,0,0,3,8,5,4,10,10,4,8,11,9,11,5,2,4,6,3,7,7,7,4,8,0,10,2,0,3,11,11,4,0,4,2,9,0,9,3,2,4,9,8,6,2,11,3,7,8,8,5,8,3,4,0,4,4,5,0,8,8,9,8,9,3,3,5,3,6,7,8,6,8,8,3,3,0,6,2,6,0,0,2,6,6,10,7,10,0,2,3,8,2,7,10,11,8,3,11,2,0,6,3,8,10,7,10,8,8,11,11,5,2,6,4,0,11
9,4,4,4,4,5,7,11,8,10,7,3,3,6,2,11,7,11,7,8,3,5,2,2,6,0,3,9,9,11,0,0,9,9,2,2,4,9,6,5,11,11,5,9,0,10,0,6,3,5,7,4,8,8,8,5,9,2,11,3,2,4,0,0,5,2,5,3,10,2,10,4,3,5,10,9,7,3,0,4,8,9,9,6,9,4,5,2,5,5,6,2,9,9,10,9,10,4,4,6,4,7,8,9,7,9,9,4,4,2,7,3,7,2,2,3,7,7,11,8,11,2,3,4,9,3,8,11,0,9,4,0,3,2,7,4,9,11,8,11,9,9,0,0,6,3,7,5,2,0
10,5,5,5,5,6,8,0,9,11,8,4,4,7,3,0,8,0,8,9,4,6,3,3,7,2,4,10,10,0,2,2,10,10,3,3,5,10,7,6,0,0,6,10,2,11,2,7,4,6,8,5,9,9,9,6,10,3,0,4,3,5,2,2,6,3,6,4,11,3,11,5,4,6,11,10,8,4,2,5,9,10,10,7,10,5,6,3,6,6,7,3,10,10,11,10,11,5,5,7,5,8,9,10,8,10,10,5,5,3,8,4,8,3,3,4,8,8,0,9,0,3,4,5,10,4,9,0,2,10,5,2,4,3,8,5,10,0,9,0,10,10,2,2,7,4,8,6,3,2
11,6,6,6,6,7,9,2,10,0,9,5,5,8,4,2,9,2,9,10,5,7,4,4,8,3,5,11,11,2,3,3,11,11,4,4,6,11,8,7,2,2,7,11,3,0,3,8,5,7,9,6,10,10,10,7,11,4,2,5,4,6,3,3,7,4,7,5,0,4,0,6,5,7,0,11,9,5,3,6,10,11,11,8,11,6,7,4,7,7,8,4,11,11,0,11,0,6,6,8,6,9,10,11,9,11,11,6,6,4,9,5,9,4,4,5,9,9,2,10,2,4,5,6,11,5,10,2,3,11,6,3,5,4,9,6,11,2,10,2,11,11,3,3,8,5,9,7,4,3
0,7,7,7,7,8,10,3,11,2,10,6,6,9,5,3,10,3,10,11,6,8,5,5,9,4,6,0,0,3,4,4,0,0,5,5,7,0,9,8,3,3,8,0,4,2,4,9,6,8,10,7,11,11,11,8,0,5,3,6,5,7,4,4,8,5,8,6,2,5,2,7,6,8,2,0,10,6,4,7,11,0,0,9,0,7,8,5,8,8,9,5,0,0,2,0,2,7,7,9,7,10,11,0,10,0,0,7,7,5,10,6,10,5,5,6,10,10,3,11,3,5,6,7,0,6,11,3,4,0,7,4,6,5,10,7,0,3,11,3,0,0,4,4,9,6,10,8,5,4
2,8,8,8,8,9,11,4,0,3,11,7,7,10,6,4,11,4,11,0,7,9,6,6,10,5,7,2,2,4,5,5,2,2,6,6,8,2,10,9,4,4,9,2,5,3,5,10,7,9,11,8,0,0,0,9,2,6,4,7,6,8,5,5,9,6,9,7,3,6,3,8,7,9,3,2,11,7,5,8,0,2,2,10,2,8,9,6,9,9,10,6,2,2,3,2,3,8,8,10,8,11,0,2,11,2,2,8,8,6,11,7,11,6,6,7,11,11,4,0,4,6,7,8,2,7,0,4,5,2,8,5,7,6,11,8,2,4,0,4,2,2,5,5,10,7,11,9,6,5
3,9,9,9,9,10,0,5,2,4,0,8,8,11,7,5,0,5,0,2,8,10,7,7,11,6,8,3,3,5,6,6,3,3,7,7,9,3,11,10,5,5,10,3,6,4,6,11,8,10,0,9,2,2,2,10,3,7,5,8,7,9,6,6,10,7,10,8,4,7,4,9,8,10,4,3,0,8,6,9,2,3,3,11,3,9,10,7,10,10,11,7,3,3,4,3,4,9,9,11,9,0,2,3,0,3,3,9,9,7,0,8,0,7,7,8,0,0,5,2,5,7,8,9,3,8,2,5,6,3,9,6,8,7,0,9,3,5,2,5,3,3,6,6,11,8,0,10,7,6
4,10,10,10,10,11,2,6,3,5,2,9,9,0,8,6,2,6,2,3,9,11,8,8,0,7,9,4,4,6,7,7,4,4,8,8,10,4,0,11,6,6,11,4,7,5,7,0,9,11,2,10,3,3,3,11,4,8,6,9,8,10,7,7,11,8,11,9,5,8,5,10,9,11,5,4,2,9,7,10,3,4,4,0,4,10,11,8,11,11,0,8,4,4,5,4,5,10,10,0,10,2,3,4,2,4,4,10,10,8,2,9,2,8,8,9,2,2,6,3,6,8,9,10,4,9,3,6,7,4,10,7,9,8,2,10,4,6,3,6,4,4,7,7,0,9,2,11,8,7
5,11,11,11,11,0,3,7,4,6,3,10,10,2,9,7,3,7,3,4,10,0,9,9,2,8,10,5,5,7,8,8,5,5,9,9,11,5,2,0,7,7,0,5,8,6,8,2,10,0,3,11,4,4,4,0,5,9,7,10,9,11,8,8,0,9,0,10,6,9,6,11,10,0,6,5,3,10,8,11,4,5,5,2,5,11,0,9,0,0,2,9,5,5,6,5,6,11,11,2,11,3,4,5,3,5,5,11,11,9,3,10,3,9,9,10,3,3,7,4,7,9,10,11,5,10,4,7,8,5,11,8,10,9,3,11,5,7,4,7,5,5,8,8,2,10,3,0,9,8
6,0,0,0,0,2,4,8,5,7,4,11,11,3,10,8,4,8,4,5,11,2,10,10,3,9,11,6,6,8,9,9,6,6,10,10,0,6,3,2,8,8,2,6,9,7,9,3,11,2,4,0,5,5,5,2,6,10,8,11,10,0,9,9,2,10,2,11,7,10,7,0,11,2,7,6,4,11,9,0,5,6,6,3,6,0,2,10,2,2,3,10,6,6,7,6,7,0,0,3,0,4,5,6,4,6,6,0,0,10,4,11,4,10,10,11,4,4,8,5,8,10,11,0,6,11,5,8,9,6,0,9,11,10,4,0,6,8,5,8,6,6,9,9,3,11,4,2,10,9
7,2,2,2,2,3,5,9,6,8,5,0,0,4,11,9,5,9,5,6,0,3,11,11,4,10,0,7,7,9,10,10,7,7,11,11,2,7,4,3,9,9,3,7,10,8,10,4,0,3,5,2,6,6,6,3,7,11,9,0,11,2,10,10,3,11,3,0,8,11,8,2,0,3,8,7,5,0,10,2,6,7,7,4,7,2,3,11,3,3,4,11,7,7,8,7,8,2,2,4,2,5,6,7,5,7,7,2,2,11,5,0,5,11,11,0,5,5,9,6,9,11,0,2,7,0,6,9,10,7,2,10,0,11,5,2,7,9,6,9,7,7,10,10,4,0,5,3,11,10
8,3,3,3,3,4,6,10,7,9,6,2,2,5,0,10,6,10,6,7,2,4,0,0,5,11,2,8,8,10,11,11,8,8,0,0,3,8,5,4,10,10,4,8,11,9,11,5,2,4,6,3,7,7,7,4,8,0,10,2,0,3,11,11,4,0,4,2,9,0,9,3,2,4,9,8,6,2,11,3,7,8,8,5,8,3,4,0,4,4,5,0,8,8,9,8,9,3,3,5,3,6,7,8,6,8,8,3,3,0,6,2,6,0,0,2,6,6,10,7,10,0,2,3,8,2,7,10,11,8,3,11,2,0,6,3,8,10,7,10,8,8,11,11,5,2,6,4,0,11
9,4,4,4,4,5,7,11,8,10,7,3,3,6,2,11,7,11,7,8,3,5,2,2,6,0,3,9,9,11,0,0,9,9,2,2,4,9,6,5,11,11,5,9,0,10,0,6,3,5,7,4,8,8,8,5,9,2,11,3,2,4,0,0,5,2,5,3,10,2,10,4,3,5,10,9,7,3,0,4,8,9,9,6,9,4,5,2,5,5,6,2,9,9,10,9,10,4,4,6,4,7,8,9,7,9,9,4,4,2,7,3,7,2,2,3,7,7,11,8,11,2,3,4,9,3,8,11,0,9,4,0,3,2,7,4,9,11,8,11,9,9,0,0,6,3,7,5,2,0
10,5,5,5,5,6,8,0,9,11,8,4,4,7,3,0,8,0,8,9,4,6,3,3,7,2,4,10,10,0,2,2,10,10,3,3,5,10,7,6,0,0,6,10,2,11,2,7,4,6,8,5,9,9,9,6,10,3,0,4,3,5,2,2,6,3,6,4,11,3,11,5,4,6,11,10,8,4,2,5,9,10,10,7,10,5,6,3,6,6,7,3,10,10,11,10,11,5,5,7,5,8,9,10,8,10,10,5,5,3,8,4,8,3,3,4,8,8,0,9,0,3,4,5,10,4,9,0,2,10,5,2,4,3,8,5,10,0,9,0,10,10,2,2,7,4,8,6,3,2
11,6,6,6,6,7,9,2,10,0,9,5,5,8,4,2,9,2,9,10,5,7,4,4,8,3,5,11,11,2,3,3,11,11,4,4,6,11,8,7,2,2,7,11,3,0,3,8,5,7,9,6,10,10,10,7,11,4,2,5,4,6,3,3,7,4,7,5,0,4,0,6,5,7,0,11,9,5,3,6,10,11,11,8,11,6,7,4,7,7,8,4,11,11,0,11,0,6,6,8,6,9,10,11,9,11,11,6,6,4,9,5,9,4,4,5,9,9,2,10,2,4,5,6,11,5,10,2,3,11,6,3,5,4,9,6,11,2,10,2,11,11,3,3,8,5,9,7,4,3
0,7,7,7,7,8,10,3,11,2,10,6,6,9,5,3,10,3,10,11,6,8,5,5,9,4,6,0,0,3,4,4,0,0,5,5,7,0,9,8,3,3,8,0,4,2,4,9,6,8,10,7,11,11,11,8,0,5,3,6,5,7,4,4,8,5,8,6,2,5,2,7,6,8,2,0,10,6,4,7,11,0,0,9,0,7,8,5,8,8,9,5,0,0,2,0,2,7,7,9,7,10,11,0,10,0,0,7,7,5,10,6,10,5,5,6,10,10,3,11,3,5,6,7,0,6,11,3,4,0,7,4,6,5,10,7,0,3,11,3,0,0,4,4,9,6,10,8,5,4
2,8,8,8,8,9,11,4,0,3,11,7,7,10,6,4,11,4,11,0,7,9,6,6,10,5,7,2,2,4,5,5,2,2,6,6,8,2,10,9,4,4,9,2,5,3,5,10,7,9,11,8,0,0,0,9,2,6,4,7,6,8,5,5,9,6,9,7,3,6,3,8,7,9,3,2,11,7,5,8,0,2,2,10,2,8,9,6,9,9,10,6,2,2,3,2,3,8,8,10,8,11,0,2,11,2,2,8,8,6,11,7,11,6,6,7,11,11,4,0,4,6,7,8,2,7,0,4,5,2,8,5,7,6,11,8,2,4,0,4,2,2,5,5,10,7,11,9,6,5
3,9,9,9,9,10,0,5,2,4,0,8,8,11,7,5,0,5,0,2,8,10,7,7,11,6,8,3,3,5,6,6,3,3,7,7,9,3,11,10,5,5,10,3,6,4,6,11,8,10,0,9,2,2,2,10,3,7,5,8,7,9,6,6,10,7,10,8,4,7,4,9,8,10,4,3,0,8,6,9,2,3,3,11,3,9,10,7,10,10,11,7,3,3,4,3,4,9,9,11,9,0,2,3,0,3,3,9,9,7,0,8,0,7,7,8,0,0,5,2,5,7,8,9,3,8,2,5,6,3,9,6,8,7,0,9,3,5,2,5,3,3,6,6,11,8,0,10,7,6
4,10,10,10,10,11,2,6,3,5,2,9,9,0,8,6,2,6,2,3,9,11,8,8,0,7,9,4,4,6,7,7,4,4,8,8,10,4,0,11,6,6,11,4,7,5,7,0,9,11,2,10,3,3,3,11,4,8,6,9,8,10,7,7,11,8,11,9,5,8,5,10,9,11,5,4,2,9,7,10,3,4,4,0,4,10,11,8,11,11,0,8,4,4,5,4,5,10,10,0,10,2,3,4,2,4,4,10,10,8,2,9,2,8,8,9,2,2,6,3,6,8,9,10,4,9,3,6,7,4,10,7,9,8,2,10,4,6,3,6,4,4,7,7,0,9,2,11,8,7
5,11,11,11,11,0,3,7,4,6,3,10,10,2,9,7,3,7,3,4,10,0,9,9,2,8,10,5,5,7,8,8,5,5,9,9,11,5,2,0,7,7,0,5,8,6,8,2,10,0,3,11,4,4,4,0,5,9,7,10,9,11,8,8,0,9,0,10,6,9,6,11,10,0,6,5,3,10,8,11,4,5,5,2,5,11,0,9,0,0,2,9,5,5,6,5,6,11,11,2,11,3,4,5,3,5,5,11,11,9,3,10,3,9,9,10,3,3,7,4,7,9,10,11,5,10,4,7,8,5,11,8,10,9,3,11,5,7,4,7,5,5,8,8,2,10,3,0,9,8
6,0,0,0,0,2,4,8,5,7,4,11,11,3,10,8,4,8,4,5,11,2,10,10,3,9,11,6,6,8,9,9,6,6,10,10,0,6,3,2,8,8,2,6,9,7,9,3,11,2,4,0,5,5,5,2,6,10,8,11,10,0,9,9,2,10,2,11,7,10,7,0,11,2,7,6,4,11,9,0,5,6,6,3,6,0,2,10,2,2,3,10,6,6,7,6,7,0,0,3,0,4,5,6,4,6,6,0,0,10,4,11,4,10,10,11,4,4,8,5,8,10,11,0,6,11,5,8,9,6,0,9,11,10,4,0,6,8,5,8,6,6,9,9,3,11,4,2,10,9
7,2,2,2,2,3,5,9,6,8,5,0,0,4,11,9,5,9,5,6,0,3,11,11,4,10,0,7,7,9,10,10,7,7,11,11,2,7,4,3,9,9,3,7,10,8,10,4,0,3,5,2,6,6,6,3,7,11,9,0,11,2,10,10,3,11,3,0,8,11,8,2,0,3,8,7,5,0,10,2,6,7,7,4,7,2,3,11,3,3,4,11,7,7,8,7,8,2,2,4,2,5,6,7,5,7,7,2,2,11,5,0,5,11,11,0,5,5,9,6,9,11,0,2,7,0,6,9,10,7,2,10,0,11,5,2,7,9,6,9,7,7,10,10,4,0,5,3,11,10
8,3,3,3,3,4,6,10,7,9,6,2,2,5,0,10,6,10,6,7,2,4,0,0,5,11,2,8,8,10,11,11,8,8,0,0,3,8,5,4,10,10,4,8,11,9,11,5,2,4,6,3,7,7,7,4,8,0,10,2,0,3,11,11,4,0,4,2,9,0,9,3,2,4,9,8,6,2,11,3,7,8,8,5,8,3,4,0,4,4,5,0,8,8,9,8,9,3,3,5,3,6,7,8,6,8,8,3,3,0,6,2,6,0,0,2,6,6,10,7,10,0,2,3,8,2,7,10,11,8,3,11,2,0,6,3,8,10,7,10,8,8,11,11,5,2,6,4,0,11
9,4,4,4,4,5,7,11,8,10,7,3,3,6,2,11,7,11,7,8,3,5,2,2,6,0,3,9,9,11,0,0,9,9,2,2,4,9,6,5,11,11,5,9,0,10,0,6,3,5,7,4,8,8,8,5,9,2,11,3,2,4,0,0,5,2,5,3,10,2,10,4,3,5,10,9,7,3,0,4,8,9,9,6,9,4,5,2,5,5,6,2,9,9,10,9,10,4,4,6,4,7,8,9,7,9,9,4,4,2,7,3,7,2,2,3,7,7,11,8,11,2,3,4,9,3,8,11,0,9,4,0,3,2,7,4,9,11,8,11,9,9,0,0,6,3,7,5,2,0
10,5,5,5,5,6,8,0,9,11,8,4,4,7,3,0,8,0,8,9,4,6,3,3,7,2,4,10,10,0,2,2,10,10,3,3,5,10,7,6,0,0,6,10,2,11,2,7,4,6,8,5,9,9,9,6,10,3,0,4,3,5,2,2,6,3,6,4,11,3,11,5,4,6,11,10,8,4,2,5,9,10,10,7,10,5,6,3,6,6,7,3,10,10,11,10,11,5,5,7,5,8,9,10,8,10,10,5,5,3,8,4,8,3,3,4,8,8,0,9,0,3,4,5,10,4,9,0,2,10,5,2,4,3,8,5,10,0,9,0,10,10,2,2,7,4,8,6,3,2
11,6,6,6,6,7,9,2,10,0,9,5,5,8,4,2,9,2,9,10,5,7,4,4,8,3,5,11,11,2,3,3,11,11,4,4,6,11,8,7,2,2,7,11,3,0,3,8,5,7,9,6,10,10,10,7,11,4,2,5,4,6,3,3,7,4,7,5,0,4,0,6,5,7,0,11,9,5,3,6,10,11,11,8,11,6,7,4,7,7,8,4,11,11,0,11,0,6,6,8,6,9,10,11,9,11,11,6,6,4,9,5,9,4,4,5,9,9,2,10,2,4,5,6,11,5,10,2,3,11,6,3,5,4,9,6,11,2,10,2,11,11,3,3,8,5,9,7,4,3
0,7,7,7,7,8,10,3,11,2,10,6,6,9,5,3,10,3,10,11,6,8,5,5,9,4,6,0,0,3,4,4,0,0,5,5,7,0,9,8,3,3,8,0,4,2,4,9,6,8,10,7,11,11,11,8,0,5,3,6,5,7,4,4,8,5,8,6,2,5,2,7,6,8,2,0,10,6,4,7,11,0,0,9,0,7,8,5,8,8,9,5,0,0,2,0,2,7,7,9,7,10,11,0,10,0,0,7,7,5,10,6,10,5,5,6,10,10,3,11,3,5,6,7,0,6,11,3,4,0,7,4,6,5,10,7,0,3,11,3,0,0,4,4,9,6,10,8,5,4
2,8,8,8,8,9,11,4,0,3,11,7,7,10,6,4,11,4,11,0,7,9,6,6,10,5,7,2,2,4,5,5,2,2,6,6,8,2,10,9,4,4,9,2,5,3,5,10,7,9,11,8,0,0,0,9,2,6,4,7,6,8,5,5,9,6,9,7,3,6,3,8,7,9,3,2,11,7,5,8,0,2,2,10,2,8,9,6,9,9,10,6,2,2,3,2,3,8,8,10,8,11,0,2,11,2,2,8,8,6,11,7,11,6,6,7,11,11,4,0,4,6,7,8,2,7,0,4,5,2,8,5,7,6,11,8,2,4,0,4,2,2,5,5,10,7,11,9,6,5
3,9,9,9,9,10,0,5,2,4,0,8,8,11,7,5,0,5,0,2,8,10,7,7,11,6,8,3,3,5,6,6,3,3,7,7,9,3,11,10,5,5,10,3,6,4,6,11,8,10,0,9,2,2,2,10,3,7,5,8,7,9,6,6,10,7,10,8,4,7,4,9,8,10,4,3,0,8,6,9,2,3,3,11,3,9,10,7,10,10,11,7,3,3,4,3,4,9,9,11,9,0,2,3,0,3,3,9,9,7,0,8,0,7,7,8,0,0,5,2,5,7,8,9,3,8,2,5,6,3,9,6,8,7,0,9,3,5,2,5,3,3,6,6,11,8,0,10,7,6
4,10,10,10,10,11,2,6,3,5,2,9,9,0,8,6,2,6,2,3,9,11,8,8,0,7,9,4,4,6,7,7,4,4,8,8,10,4,0,11,6,6,11,4,7,5,7,0,9,11,2,10,3,3,3,11,4,8,6,9,8,10,7,7,11,8,11,9,5,8,5,10,9,11,5,4,2,9,7,10,3,4,4,0,4,10,11,8,11,11,0,8,4,4,5,4,5,10,10,0,10,2,3,4,2,4,4,10,10,8,2,9,2,8,8,9,2,2,6,3,6,8,9,10,4,9,3,6,7,4,10,7,9,8,2,10,4,6,3,6,4,4,7,7,0,9,2,11,8,7
5,11,11,11,11,0,3,7,4,6,3,10,10,2,9,7,3,7,3,4,10,0,9,9,2,8,10,5,5,7,8,8,5,5,9,9,11,5,2,0,7,7,0,5,8,6,8,2,10,0,3,11,4,4,4,0,5,9,7,10,9,11,8,8,0,9,0,10,6,9,6,11,10,0,6,5,3,10,8,11,4,5,5,2,5,11,0,9,0,0,2,9,5,5,6,5,6,11,11,2,11,3,4,5,3,5,5,11,11,9,3,10,3,9,9,10,3,3,7,4,7,9,10,11,5,10,4,7,8,5,11,8,10,9,3,11,5,7,4,7,5,5,8,8,2,10,3,0,9,8
6,0,0,0,0,2,4,8,5,7,4,11,11,3,10,8,4,8,4,5,11,2,10,10,3,9,11,6,6,8,9,9,6,6,10,10,0,6,3,2,8,8,2,6,9,7,9,3,11,2,4,0,5,5,5,2,6,10,8,11,10,0,9,9,2,10,2,11,7,10,7,0,11,2,7,6,4,11,9,0,5,6,6,3,6,0,2,10,2,2,3,10,6,6,7,6,7,0,0,3,0,4,5,6,4,6,6,0,0,10,4,11,4,10,10,11,4,4,8,5,8,10,11,0,6,11,5,8,9,6,0,9,11,10,4,0,6,8,5,8,6,6,9,9,3,11,4,2,10,9
7,2,2,2,2,3,5,9,6,8,5,0,0,4,11,9,5,9,5,6,0,3,11,11,4,10,0,7,7,9,10,10,7,7,11,11,2,7,4,3,9,9,3,7,10,8,10,4,0,3,5,2,6,6,6,3,7,11,9,0,11,2,10,10,3,11,3,0,8,11,8,2,0,3,8,7,5,0,10,2,6,7,7,4,7,2,3,11,3,3,4,11,7,7,8,7,8,2,2,4,2,5,6,7,5,7,7,2,2,11,5,0,5,11,11,0,5,5,9,6,9,11,0,2,7,0,6,9,10,7,2,10,0,11,5,2,7,9,6,9,7,7,10,10,4,0,5,3,11,10
8,3,3,3,3,4,6,10,7,9,6,2,2,5,0,10,6,10,6,7,2,4,0,0,5,11,2,8,8,10,11,11,8,8,0,0,3,8,5,4,10,10,4,8,11,9,11,5,2,4,6,3,7,7,7,4,8,0,10,2,0,3,11,11,4,0,4,2,9,0,9,3,2,4,9,8,6,2,11,3,7,8,8,5,8,3,4,0,4,4,5,0,8,8,9,8,9,3,3,5,3,6,7,8,6,8,8,3,3,0,6,2,6,0,0,2,6,6,10,7,10,0,2,3,8,2,7,10,11,8,3,11,2,0,6,3,8,10,7,10,8,8,11,11,5,2,6,4,0,11
9,4,4,4,4,5,7,11,8,10,7,3,3,6,2,11,7,11,7,8,3,5,2,2,6,0,3,9,9,11,0,0,9,9,2,2,4,9,6,5,11,11,5,9,0,10,0,6,3,5,7,4,8,8,8,5,9,2,11,3,2,4,0,0,5,2,5,3,10,2,10,4,3,5,10,9,7,3,0,4,8,9,9,6,9,4,5,2,5,5,6,2,9,9,10,9,10,4,4,6,4,7,8,9,7,9,9,4,4,2,7,3,7,2,2,3,7,7,11,8,11,2,3,4,9,3,8,11,0,9,4,0,3,2,7,4,9,11,8,11,9,9,0,0,6,3,7,5,2,0
10,5,5,5,5,6,8,0,9,11,8,4,4,7,3,0,8,0,8,9,4,6,3,3,7,2,4,10,10,0,2,2,10,10,3,3,5,10,7,6,0,0,6,10,2,11,2,7,4,6,8,5,9,9,9,6,10,3,0,4,3,5,2,2,6,3,6,4,11,3,11,5,4,6,11,10,8,4,2,5,9,10,10,7,10,5,6,3,6,6,7,3,10,10,11,10,11,5,5,7,5,8,9,10,8,10,10,5,5,3,8,4,8,3,3,4,8,8,0,9,0,3,4,5,10,4,9,0,2,10,5,2,4,3,8,5,10,0,9,0,10,10,2,2,7,4,8,6,3,2
11,6,6,6,6,7,9,2,10,0,9,5,5,8,4,2,9,2,9,10,5,7,4,4,8,3,5,11,11,2,3,3,11,11,4,4,6,11,8,7,2,2,7,11,3,0,3,8,5,7,9,6,10,10,10,7,11,4,2,5,4,6,3,3,7,4,7,5,0,4,0,6,5,7,0,11,9,5,3,6,10,11,11,8,11,6,7,4,7,7,8,4,11,11,0,11,0,6,6,8,6,9,10,11,9,11,11,6,6,4,9,5,9,4,4,5,9,9,2,10,2,4,5,6,11,5,10,2,3,11,6,3,5,4,9,6,11,2,10,2,11,11,3,3,8,5,9,7,4,3
0,7,7,7,7,8,10,3,11,2,10,6,6,9,5,3,10,3,10,11,6,8,5,5,9,4,6,0,0,3,4,4,0,0,5,5,7,0,9,8,3,3,8,0,4,2,4,9,6,8,10,7,11,11,11,8,0,5,3,6,5,7,4,4,8,5,8,6,2,5,2,7,6,8,2,0,10,6,4,7,11,0,0,9,0,7,8,5,8,8,9,5,0,0,2,0,2,7,7,9,7,10,11,0,10,0,0,7,7,5,10,6,10,5,5,6,10,10,3,11,3,5,6,7,0,6,11,3,4,0,7,4,6,5,10,7,0,3,11,3,0,0,4,4,9,6,10,8,5,4
2,8,8,8,8,9,11,4,0,3,11,7,7,10,6,4,11,4,11,0,7,9,6,6,10,5,7,2,2,4,5,5,2,2,6,6,8,2,10,9,4,4,9,2,5,3,5,10,7,9,11,8,0,0,0,9,2,6,4,7,6,8,5,5,9,6,9,7,3,6,3,8,7,9,3,2,11,7,5,8,0,2,2,10,2,8,9,6,9,9,10,6,2,2,3,2,3,8,8,10,8,11,0,2,11,2,2,8,8,6,11,7,11,6,6,7,11,11,4,0,4,6,7,8,2,7,0,4,5,2,8,5,7,6,11,8,2,4,0,4,2,2,5,5,10,7,11,9,6,5
3,9,9,9,9,10,0,5,2,4,0,8,8,11,7,5,0,5,0,2,8,10,7,7,11,6,8,3,3,5,6,6,3,3,7,7,9,3,11,10,5,5,10,3,6,4,6,11,8,10,0,9,2,2,2,10,3,7,5,8,7,9,6,6,10,7,10,8,4,7,4,9,8,10,4,3,0,8,6,9,2,3,3,11,3,9,10,7,10,10,11,7,3,3,4,3,4,9,9,11,9,0,2,3,0,3,3,9,9,7,0,8,0,7,7,8,0,0,5,2,5,7,8,9,3,8,2,5,6,3,9,6,8,7,0,9,3,5,2,5,3,3,6,6,11,8,0,10,7,6
4,10,10,10,10,11,2,6,3,5,2,9,9,0,8,6,2,6,2,3,9,11,8,8,0,7,9,4,4,6,7,7,4,4,8,8,10,4,0,11,6,6,11,4,7,5,7,0,9,11,2,10,3,3,3,11,4,8,6,9,8,10,7,7,11,8,11,9,5,8,5,10,9,11,5,4,2,9,7,10,3,4,4,0,4,10,11,8,11,11,0,8,4,4,5,4,5,10,10,0,10,2,3,4,2,4,4,10,10,8,2,9,2,8,8,9,2,2,6,3,6,8,9,10,4,9,3,6,7,4,10,7,9,8,2,10,4,6,3,6,4,4,7,7,0,9,2,11,8,7
5,11,11,11,11,0,3,7,4,6,3,10,10,2,9,7,3,7,3,4,10,0,9,9,2,8,10,5,5,7,8,8,5,5,9,9,11,5,2,0,7,7,0,5,8,6,8,2,10,0,3,11,4,4,4,0,5,9,7,10,9,11,8,8,0,9,0,10,6,9,6,11,10,0,6,5,3,10,8,11,4,5,5,2,5,11,0,9,0,0,2,9,5,5,6,5,6,11,11,2,11,3,4,5,3,5,5,11,11,9,3,10,3,9,9,10,3,3,7,4,7,9,10,11,5,10,4,7,8,5,11,8,10,9,3,11,5,7,4,7,5,5,8,8,2,10,3,0,9,8
6,0,0,0,0,2,4,8,5,7,4,11,11,3,10,8,4,8,4,5,11,2,10,10,3,9,11,6,6,8,9,9,6,6,10,10,0,6,3,2,8,8,2,6,9,7,9,3,11,2,4,0,5,5,5,2,6,10,8,11,10,0,9,9,2,10,2,11,7,10,7,0,11,2,7,6,4,11,9,0,5,6,6,3,6,0,2,10,2,2,3,10,6,6,7,6,7,0,0,3,0,4,5,6,4,6,6,0,0,10,4,11,4,10,10,11,4,4,8,5,8,10,11,0,6,11,5,8,9,6,0,9,11,10,4,0,6,8,5,8,6,6,9,9,3,11,4,2,10,9
7,2,2,2,2,3,5,9,6,8,5,0,0,4,11,9,5,9,5,6,0,3,11,11,4,10,0,7,7,9,10,10,7,7,11,11,2,7,4,3,9,9,3,7,10,8,10,4,0,3,5,2,6,6,6,3,7,11,9,0,11,2,10,10,3,11,3,0,8,11,8,2,0,3,8,7,5,0,10,2,6,7,7,4,7,2,3,11,3,3,4,11,7,7,8,7,8,2,2,4,2,5,6,7,5,7,7,2,2,11,5,0,5,11,11,0,5,5,9,6,9,11,0,2,7,0,6,9,10,7,2,10,0,11,5,2,7,9,6,9,7,7,10,10,4,0,5,3,11,10
8,3,3,3,3,4,6,10,7,9,6,2,2,5,0,10,6,10,6,7,2,4,0,0,5,11,2,8,8,10,11,11,8,8,0,0,3,8,5,4,10,10,4,8,11,9,11,5,2,4,6,3,7,7,7,4,8,0,10,2,0,3,11,11,4,0,4,2,9,0,9,3,2,4,9,8,6,2,11,3,7,8,8,5,8,3,4,0,4,4,5,0,8,8,9,8,9,3,3,5,3,6,7,8,6,8,8,3,3,0,6,2,6,0,0,2,6,6,10,7,10,0,2,3,8,2,7,10,11,8,3,11,2,0,6,3,8,10,7,10,8,8,11,11,5,2,6,4,0,11
9,4,4,4,4,5,7,11,8,10,7,3,3,6,2,11,7,11,7,8,3,5,2,2,6,0,3,9,9,11,0,0,9,9,2,2,4,9,6,5,11,11,5,9,0,10,0,6,3,5,7,4,8,8,8,5,9,2,11,3,2,4,0,0,5,2,5,3,10,2,10,4,3,5,10,9,7,3,0,4,8,9,9,6,9,4,5,2,5,5,6,2,9,9,10,9,10,4,4,6,4,7,8,9,7,9,9,4,4,2,7,3,7,2,2,3,7,7,11,8,11,2,3,4,9,3,8,11,0,9,4,0,3,2,7,4,9,11,8,11,9,9,0,0,6,3,7,5,2,0
10,5,5,5,5,6,8,0,9,11,8,4,4,7,3,0,8,0,8,9,4,6,3,3,7,2,4,10,10,0,2,2,10,10,3,3,5,10,7,6,0,0,6,10,2,11,2,7,4,6,8,5,9,9,9,6,10,3,0,4,3,5,2,2,6,3,6,4,11,3,11,5,4,6,11,10,8,4,2,5,9,10,10,7,10,5,6,3,6,6,7,3,10,10,11,10,11,5,5,7,5,8,9,10,8,10,10,5,5,3,8,4,8,3,3,4,8,8,0,9,0,3,4,5,10,4,9,0,2,10,5,2,4,3,8,5,10,0,9,0,10,10,2,2,7,4,8,6,3,2
11,6,6,6,6,7,9,2,10,0,9,5,5,8,4,2,9,2,9,10,5,7,4,4,8,3,5,11,11,2,3,3,11,11,4,4,6,11,8,7,2,2,7,11,3,0,3,8,5,7,9,6,10,10,10,7,11,4,2,5,4,6,3,3,7,4,7,5,0,4,0,6,5,7,0,11,9,5,3,6,10,11,11,8,11,6,7,4,7,7,8,4,11,11,0,11,0,6,6,8,6,9,10,11,9,11,11,6,6,4,9,5,9,4,4,5,9,9,2,10,2,4,5,6,11,5,10,2,3,11,6,3,5,4,9,6,11,2,10,2,11,11,3,3,8,5,9,7,4,3
0,7,7,7,7,8,10,3,11,2,10,6,6,9,5,3,10,3,10,11,6,8,5,5,9,4,6,0,0,3,4,4,0,0,5,5,7,0,9,8,3,3,8,0,4,2,4,9,6,8,10,7,11,11,11,8,0,5,3,6,5,7,4,4,8,5,8,6,2,5,2,7,6,8,2,0,10,6,4,7,11,0,0,9,0,7,8,5,8,8,9,5,0,0,2,0,2,7,7,9,7,10,11,0,10,0,0,7,7,5,10,6,10,5,5,6,10,10,3,11,3,5,6,7,0,6,11,3,4,0,7,4,6,5,10,7,0,3,11,3,0,0,4,4,9,6,10,8,5,4
2,8,8,8,8,9,11,4,0,3,11,7,7,10,6,4,11,4,11,0,7,9,6,6,10,5,7,2,2,4,5,5,2,2,6,6,8,2,10,9,4,4,9,2,5,3,5,10,7,9,11,8,0,0,0,9,2,6,4,7,6,8,5,5,9,6,9,7,3,6,3,8,7,9,3,2,11,7,5,8,0,2,2,10,2,8,9,6,9,9,10,6,2,2,3,2,3,8,8,10,8,11,0,2,11,2,2,8,8,6,11,7,11,6,6,7,11,11,4,0,4,6,7,8,2,7,0,4,5,2,8,5,7,6,11,8,2,4,0,4,2,2,5,5,10,7,11,9,6,5
3,9,9,9,9,10,0,5,2,4,0,8,8,11,7,5,0,5,0,2,8,10,7,7,11,6,8,3,3,5,6,6,3,3,7,7,9,3,11,10,5,5,10,3,6,4,6,11,8,10,0,9,2,2,2,10,3,7,5,8,7,9,6,6,10,7,10,8,4,7,4,9,8,10,4,3,0,8,6,9,2,3,3,11,3,9,10,7,10,10,11,7,3,3,4,3,4,9,9,11,9,0,2,3,0,3,3,9,9,7,0,8,0,7,7,8,0,0,5,2,5,7,8,9,3,8,2,5,6,3,9,6,8,7,0,9,3,5,2,5,3,3,6,6,11,8,0,10,7,6
4,10,10,10,10,11,2,6,3,5,2,9,9,0,8,6,2,6,2,3,9,11,8,8,0,7,9,4,4,6,7,7,4,4,8,8,10,4,0,11,6,6,11,4,7,5,7,0,9,11,2,10,3,3,3,11,4,8,6,9,8,10,7,7,11,8,11,9,5,8,5,10,9,11,5,4,2,9,7,10,3,4,4,0,4,10,11,8,11,11,0,8,4,4,5,4,5,10,10,0,10,2,3,4,2,4,4,10,10,8,2,9,2,8,8,9,2,2,6,3,6,8,9,10,4,9,3,6,7,4,10,7,9,8,2,10,4,6,3,6,4,4,7,7,0,9,2,11,8,7
5,11,11,11,11,0,3,7,4,6,3,10,10,2,9,7,3,7,3,4,10,0,9,9,2,8,10,5,5,7,8,8,5,5,9,9,11,5,2,0,7,7,0,5,8,6,8,2,10,0,3,11,4,4,4,0,5,9,7,10,9,11,8,8,0,9,0,10,6,9,6,11,10,0,6,5,3,10,8,11,4,5,5,2,5,11,0,9,0,0,2,9,5,5,6,5,6,11,11,2,11,3,4,5,3,5,5,11,11,9,3,10,3,9,9,10,3,3,7,4,7,9,10,11,5,10,4,7,8,5,11,8,10,9,3,11,5,7,4,7,5,5,8,8,2,10,3,0,9,8
6,0,0,0,0,2,4,8,5,7,4,11,11,3,10,8,4,8,4,5,11,2,10,10,3,9,11,6,6,8,9,9,6,6,10,10,0,6,3,2,8,8,2,6,9,7,9,3,11,2,4,0,5,5,5,2,6,10,8,11,10,0,9,9,2,10,2,11,7,10,7,0,11,2,7,6,4,11,9,0,5,6,6,3,6,0,2,10,2,2,3,10,6,6,7,6,7,0,0,3,0,4,5,6,4,6,6,0,0,10,4,11,4,10,10,11,4,4,8,5,8,10,11,0,6,11,5,8,9,6,0,9,11,10,4,0,6,8,5,8,6,6,9,9,3,11,4,2,10,9
7,2,2,2,2,3,5,9,6,8,5,0,0,4,11,9,5,9,5,6,0,3,11,11,4,10,0,7,7,9,10,10,7,7,11,11,2,7,4,3,9,9,3,7,10,8,10,4,0,3,5,2,6,6,6,3,7,11,9,0,11,2,10,10,3,11,3,0,8,11,8,2,0,3,8,7,5,0,10,2,6,7,7,4,7,2,3,11,3,3,4,11,7,7,8,7,8,2,2,4,2,5,6,7,5,7,7,2,2,11,5,0,5,11,11,0,5,5,9,6,9,11,0,2,7,0,6,9,10,7,2,10,0,11,5,2,7,9,6,9,7,7,10,10,4,0,5,3,11,10
8,3,3,3,3,4,6,10,7,9,6,2,2,5,0,10,6,10,6,7,2,4,0,0,5,11,2,8,8,10,11,11,8,8,0,0,3,8,5,4,10,10,4,8,11,9,11,5,2,4,6,3,7,7,7,4,8,0,10,2,0,3,11,11,4,0,4,2,9,0,9,3,2,4,9,8,6,2,11,3,7,8,8,5,8,3,4,0,4,4,5,0,8,8,9,8,9,3,3,5,3,6,7,8,6,8,8,3,3,0,6,2,6,0,0,2,6,6,10,7,10,0,2,3,8,2,7,10,11,8,3,11,2,0,6,3,8,10,7,10,8,8,11,11,5,2,6,4,0,11
9,4,4,4,4,5,7,11,8,10,7,3,3,6,2,11,7,11,7,8,3,5,2,2,6,0,3,9,9,11,0,0,9,9,2,2,4,9,6,5,11,11,5,9,0,10,0,6,3,5,7,4,8,8,8,5,9,2,11,3,2,4,0,0,5,2,5,3,10,2,10,4,3,5,10,9,7,3,0,4,8,9,9,6,9,4,5,2,5,5,6,2,9,9,10,9,10,4,4,6,4,7,8,9,7,9,9,4,4,2,7,3,7,2,2,3,7,7,11,8,11,2,3,4,9,3,8,11,0,9,4,0,3,2,7,4,9,11,8,11,9,9,0,0,6,3,7,5,2,0
10,5,5,5,5,6,8,0,9,11,8,4,4,7,3,0,8,0,8,9,4,6,3,3,7,2,4,10,10,0,2,2,10,10,3,3,5,10,7,6,0,0,6,10,2,11,2,7,4,6,8,5,9,9,9,6,10,3,0,4,3,5,2,2,6,3,6,4,11,3,11,5,4,6,11,10,8,4,2,5,9,10,10,7,10,5,6,3,6,6,7,3,10,10,11,10,11,5,5,7,5,8,9,10,8,10,10,5,5,3,8,4,8,3,3,4,8,8,0,9,0,3,4,5,10,4,9,0,2,10,5,2,4,3,8,5,10,0,9,0,10,10,2,2,7,4,8,6,3,2
11,6,6,6,6,7,9,2,10,0,9,5,5,8,4,2,9,2,9,10,5,7,4,4,8,3,5,11,11,2,3,3,11,11,4,4,6,11,8,7,2,2,7,11,3,0,3,8,5,7,9,6,10,10,10,7,11,4,2,5,4,6,3,3,7,4,7,5,0,4,0,6,5,7,0,11,9,5,3,6,10,11,11,8,11,6,7,4,7,7,8,4,11,11,0,11,0,6,6,8,6,9,10,11,9,11,11,6,6,4,9,5,9,4,4,5,9,9,2,10,2,4,5,6,11,5,10,2,3,11,6,3,5,4,9,6,11,2,10,2,11,11,3,3,8,5,9,7,4,3
0,7,7,7,7,8,10,3,11,2,10,6,6,9,5,3,10,3,10,11,6,8,5,5,9,4,6,0,0,3,4,4,0,0,5,5,7,0,9,8,3,3,8,0,4,2,4,9,6,8,10,7,11,11,11,8,0,5,3,6,5,7,4,4,8,5,8,6,2,5,2,7,6,8,2,0,10,6,4,7,11,0,0,9,0,7,8,5,8,8,9,5,0,0,2,0,2,7,7,9,7,10,11,0,10,0,0,7,7,5,10,6,10,5,5,6,10,10,3,11,3,5,6,7,0,6,11,3,4,0,7,4,6,5,10,7,0,3,11,3,0,0,4,4,9,6,10,8,5,4
2,8,8,8,8,9,11,4,0,3,11,7,7,10,6,4,11,4,11,0,7,9,6,6,10,5,7,2,2,4,5,5,2,2,6,6,8,2,10,9,4,4,9,2,5,3,5,10,7,9,11,8,0,0,0,9,2,6,4,7,6,8,5,5,9,6,9,7,3,6,3,8,7,9,3,2,11,7,5,8,0,2,2,10,2,8,9,6,9,9,10,6,2,2,3,2,3,8,8,10,8,11,0,2,11,2,2,8,8,6,11,7,11,6,6,7,11,11,4,0,4,6,7,8,2,7,0,4,5,2,8,5,7,6,11,8,2,4,0,4,2,2,5,5,10,7,11,9,6,5
3,9,9,9,9,10,0,5,2,4,0,8,8,11,7,5,0,5,0,2,8,10,7,7,11,6,8,3,3,5,6,6,3,3,7,7,9,3,11,10,5,5,10,3,6,4,6,11,8,10,0,9,2,2,2,10,3,7,5,8,7,9,6,6,10,7,10,8,4,7,4,9,8,10,4,3,0,8,6,9,2,3,3,11,3,9,10,7,10,10,11,7,3,3,4,3,4,9,9,11,9,0,2,3,0,3,3,9,9,7,0,8,0,7,7,8,0,0,5,2,5,7,8,9,3,8,2,5,6,3,9,6,8,7,0,9,3,5,2,5,3,3,6,6,11,8,0,10,7,6
4,10,10,10,10,11,2,6,3,5,2,9,9,0,8,6,2,6,2,3,9,11,8,8,0,7,9,4,4,6,7,7,4,4,8,8,10,4,0,11,6,6,11,4,7,5,7,0,9,11,2,10,3,3,3,11,4,8,6,9,8,10,7,7,11,8,11,9,5,8,5,10,9,11,5,4,2,9,7,10,3,4,4,0,4,10,11,8,11,11,0,8,4,4,5,4,5,10,10,0,10,2,3,4,2,4,4,10,10,8,2,9,2,8,8,9,2,2,6,3,6,8,9,10,4,9,3,6,7,4,10,7,9,8,2,10,4,6,3,6,4,4,7,7,0,9,2,11,8,7
5,11,11,11,11,0,3,7,4,6,3,10,10,2,9,7,3,7,3,4,10,0,9,9,2,8,10,5,5,7,8,8,5,5,9,9,11,5,2,0,7,7,0,5,8,6,8,2,10,0,3,11,4,4,4,0,5,9,7,10,9,11,8,8,0,9,0,10,6,9,6,11,10,0,6,5,3,10,8,11,4,5,5,2,5,11,0,9,0,0,2,9,5,5,6,5,6,11,11,2,11,3,4,5,3,5,5,11,11,9,3,10,3,9,9,10,3,3,7,4,7,9,10,11,5,10,4,7,8,5,11,8,10,9,3,11,5,7,4,7,5,5,8,8,2,10,3,0,9,8
6,0,0,0,0,2,4,8,5,7,4,11,11,3,10,8,4,8,4,5,11,2,10,10,3,9,11,6,6,8,9,9,6,6,10,10,0,6,3,2,8,8,2,6,9,7,9,3,11,2,4,0,5,5,5,2,6,10,8,11,10,0,9,9,2,10,2,11,7,10,7,0,11,2,7,6,4,11,9,0,5,6,6,3,6,0,2,10,2,2,3,10,6,6,7,6,7,0,0,3,0,4,5,6,4,6,6,0,0,10,4,11,4,10,10,11,4,4,8,5,8,10,11,0,6,11,5,8,9,6,0,9,11,10,4,0,6,8,5,8,6,6,9,9,3,11,4,2,10,9
7,2,2,2,2,3,5,9,6,8,5,0,0,4,11,9,5,9,5,6,0,3,11,11,4,10,0,7,7,9,10,10,7,7,11,11,2,7,4,3,9,9,3,7,10,8,10,4,0,3,5,2,6,6,6,3,7,11,9,0,11,2,10,10,3,11,3,0,8,11,8,2,0,3,8,7,5,0,10,2,6,7,7,4,7,2,3,11,3,3,4,11,7,7,8,7,8,2,2,4,2,5,6,7,5,7,7,2,2,11,5,0,5,11,11,0,5,5,9,6,9,11,0,2,7,0,6,9,10,7,2,10,0,11,5,2,7,9,6,9,7,7,10,10,4,0,5,3,11,10
8,3,3,3,3,4,6,10,7,9,6,2,2,5,0,10,6,10,6,7,2,4,0,0,5,11,2,8,8,10,11,11,8,8,0,0,3,8,5,4,10,10,4,8,11,9,11,5,2,4,6,3,7,7,7,4,8,0,10,2,0,3,11,11,4,0,4,2,9,0,9,3,2,4,9,8,6,2,11,3,7,8,8,5,8,3,4,0,4,4,5,0,8,8,9,8,9,3,3,5,3,6,7,8,6,8,8,3,3,0,6,2,6,0,0,2,6,6,10,7,10,0,2,3,8,2,7,10,11,8,3,11,2,0,6,3,8,10,7,10,8,8,11,11,5,2,6,4,0,11
9,4,4,4,4,5,7,11,8,10,7,3,3,6,2,11,7,11,7,8,3,5,2,2,6,0,3,9,9,11,0,0,9,9,2,2,4,9,6,5,11,11,5,9,0,10,0,6,3,5,7,4,8,8,8,5,9,2,11,3,2,4,0,0,5,2,5,3,10,2,10,4,3,5,10,9,7,3,0,4,8,9,9,6,9,4,5,2,5,5,6,2,9,9,10,9,10,4,4,6,4,7,8,9,7,9,9,4,4,2,7,3,7,2,2,3,7,7,11,8,11,2,3,4,9,3,8,11,0,9,4,0,3,2,7,4,9,11,8,11,9,9,0,0,6,3,7,5,2,0
10,5,5,5,5,6,8,0,9,11,8,4,4,7,3,0,8,0,8,9,4,6,3,3,7,2,4,10,10,0,2,2,10,10,3,3,5,10,7,6,0,0,6,10,2,11,2,7,4,6,8,5,9,9,9,6,10,3,0,4,3,5,2,2,6,3,6,4,11,3,11,5,4,6,11,10,8,4,2,5,9,10,10,7,10,5,6,3,6,6,7,3,10,10,11,10,11,5,5,7,5,8,9,10,8,10,10,5,5,3,8,4,8,3,3,4,8,8,0,9,0,3,4,5,10,4,9,0,2,10,5,2,4,3,8,5,10,0,9,0,10,10,2,2,7,4,8,6,3,2
11,6,6,6,6,7,9,2,10,0,9,5,5,8,4,2,9,2,9,10,5,7,4,4,8,3,5,11,11,2,3,3,11,11,4,4,6,11,8,7,2,2,7,11,3,0,3,8,5,7,9,6,10,10,10,7,11,4,2,5,4,6,3,3,7,4,7,5,0,4,0,6,5,7,0,11,9,5,3,6,10,11,11,8,11,6,7,4,7,7,8,4,11,11,0,11,0,6,6,8,6,9,10,11,9,11,11,6,6,4,9,5,9,4,4,5,9,9,2,10,2,4,5,6,11,5,10,2,3,11,6,3,5,4,9,6,11,2,10,2,11,11,3,3,8,5,9,7,4,3
0,7,7,7,7,8,10,3,11,2,10,6,6,9,5,3,10,3,10,11,6,8,5,5,9,4,6,0,0,3,4,4,0,0,5,5,7,0,9,8,3,3,8,0,4,2,4,9,6,8,10,7,11,11,11,8,0,5,3,6,5,7,4,4,8,5,8,6,2,5,2,7,6,8,2,0,10,6,4,7,11,0,0,9,0,7,8,5,8,8,9,5,0,0,2,0,2,7,7,9,7,10,11,0,10,0,0,7,7,5,10,6,10,5,5,6,10,10,3,11,3,5,6,7,0,6,11,3,4,0,7,4,6,5,10,7,0,3,11,3,0,0,4,4,9,6,10,8,5,4
2,8,8,8,8,9,11,4,0,3,11,7,7,10,6,4,11,4,11,0,7,9,6,6,10,5,7,2,2,4,5,5,2,2,6,6,8,2,10,9,4,4,9,2,5,3,5,10,7,9,11,8,0,0,0,9,2,6,4,7,6,8,5,5,9,6,9,7,3,6,3,8,7,9,3,2,11,7,5,8,0,2,2,10,2,8,9,6,9,9,10,6,2,2,3,2,3,8,8,10,8,11,0,2,11,2,2,8,8,6,11,7,11,6,6,7,11,11,4,0,4,6,7,8,2,7,0,4,5,2,8,5,7,6,11,8,2,4,0,4,2,2,5,5,10,7,11,9,6,5
3,9,9,9,9,10,0,5,2,4,0,8,8,11,7,5,0,5,0,2,8,10,7,7,11,6,8,3,3,5,6,6,3,3,7,7,9,3,11,10,5,5,10,3,6,4,6,11,8,10,0,9,2,2,2,10,3,7,5,8,7,9,6,6,10,7,10,8,4,7,4,9,8,10,4,3,0,8,6,9,2,3,3,11,3,9,10,7,10,10,11,7,3,3,4,3,4,9,9,11,9,0,2,3,0,3,3,9,9,7,0,8,0,7,7,8,0,0,5,2,5,7,8,9,3,8,2,5,6,3,9,6,8,7,0,9,3,5,2,5,3,3,6,6,11,8,0,10,7,6
4,10,10,10,10,11,2,6,3,5,2,9,9,0,8,6,2,6,2,3,9,11,8,8,0,7,9,4,4,6,7,7,4,4,8,8,10,4,0,11,6,6,11,4,7,5,7,0,9,11,2,10,3,3,3,11,4,8,6,9,8,10,7,7,11,8,11,9,5,8,5,10,9,11,5,4,2,9,7,10,3,4,4,0,4,10,11,8,11,11,0,8,4,4,5,4,5,10,10,0,10,2,3,4,2,4,4,10,10,8,2,9,2,8,8,9,2,2,6,3,6,8,9,10,4,9,3,6,7,4,10,7,9,8,2,10,4,6,3,6,4,4,7,7,0,9,2,11,8,7
5,11,11,11,11,0,3,7,4,6,3,10,10,2,9,7,3,7,3,4,10,0,9,9,2,8,10,5,5,7,8,8,5,5,9,9,11,5,2,0,7,7,0,5,8,6,8,2,10,0,3,11,4,4,4,0,5,9,7,10,9,11,8,8,0,9,0,10,6,9,6,11,10,0,6,5,3,10,8,11,4,5,5,2,5,11,0,9,0,0,2,9,5,5,6,5,6,11,11,2,11,3,4,5,3,5,5,11,11,9,3,10,3,9,9,10,3,3,7,4,7,9,10,11,5,10,4,7,8,5,11,8,10,9,3,11,5,7,4,7,5,5,8,8,2,10,3,0,9,8
6,0,0,0,0,2,4,8,5,7,4,11,11,3,10,8,4,8,4,5,11,2,10,10,3,9,11,6,6,8,9,9,6,6,10,10,0,6,3,2,8,8,2,6,9,7,9,3,11,2,4,0,5,5,5,2,6,10,8,11,10,0,9,9,2,10,2,11,7,10,7,0,11,2,7,6,4,11,9,0,5,6,6,3,6,0,2,10,2,2,3,10,6,6,7,6,7,0,0,3,0,4,5,6,4,6,6,0,0,10,4,11,4,10,10,11,4,4,8,5,8,10,11,0,6,11,5,8,9,6,0,9,11,10,4,0,6,8,5,8,6,6,9,9,3,11,4,2,10,9
7,2,2,2,2,3,5,9,6,8,5,0,0,4,11,9,5,9,5,6,0,3,11,11,4,10,0,7,7,9,10,10,7,7,11,11,2,7,4,3,9,9,3,7,10,8,10,4,0,3,5,2,6,6,6,3,7,11,9,0,11,2,10,10,3,11,3,0,8,11,8,2,0,3,8,7,5,0,10,2,6,7,7,4,7,2,3,11,3,3,4,11,7,7,8,7,8,2,2,4,2,5,6,7,5,7,7,2,2,11,5,0,5,11,11,0,5,5,9,6,9,11,0,2,7,0,6,9,10,7,2,10,0,11,5,2,7,9,6,9,7,7,10,10,4,0,5,3,11,10
8,3,3,3,3,4,6,10,7,9,6,2,2,5,0,10,6,10,6,7,2,4,0,0,5,11,2,8,8,10,11,11,8,8,0,0,3,8,5,4,10,10,4,8,11,9,11,5,2,4,6,3,7,7,7,4,8,0,10,2,0,3,11,11,4,0,4,2,9,0,9,3,2,4,9,8,6,2,11,3,7,8,8,5,8,3,4,0,4,4,5,0,8,8,9,8,9,3,3,5,3,6,7,8,6,8,8,3,3,0,6,2,6,0,0,2,6,6,10,7,10,0,2,3,8,2,7,10,11,8,3,11,2,0,6,3,8,10,7,10,8,8,11,11,5,2,6,4,0,11
9,4,4,4,4,5,7,11,8,10,7,3,3,6,2,11,7,11,7,8,3,5,2,2,6,0,3,9,9,11,0,0,9,9,2,2,4,9,6,5,11,11,5,9,0,10,0,6,3,5,7,4,8,8,8,5,9,2,11,3,2,4,0,0,5,2,5,3,10,2,10,4,3,5,10,9,7,3,0,4,8,9,9,6,9,4,5,2,5,5,6,2,9,9,10,9,10,4,4,6,4,7,8,9,7,9,9,4,4,2,7,3,7,2,2,3,7,7,11,8,11,2,3,4,9,3,8,11,0,9,4,0,3,2,7,4,9,11,8,11,9,9,0,0,6,3,7,5,2,0
10,5,5,5,5,6,8,0,9,11,8,4,4,7,3,0,8,0,8,9,4,6,3,3,7,2,4,10,10,0,2,2,10,10,3,3,5,10,7,6,0,0,6,10,2,11,2,7,4,6,8,5,9,9,9,6,10,3,0,4,3,5,2,2,6,3,6,4,11,3,11,5,4,6,11,10,8,4,2,5,9,10,10,7,10,5,6,3,6,6,7,3,10,10,11,10,11,5,5,7,5,8,9,10,8,10,10,5,5,3,8,4,8,3,3,4,8,8,0,9,0,3,4,5,10,4,9,0,2,10,5,2,4,3,8,5,10,0,9,0,10,10,2,2,7,4,8,6,3,2
11,6,6,6,6,7,9,2,10,0,9,5,5,8,4,2,9,2,9,10,5,7,4,4,8,3,5,11,11,2,3,3,11,11,4,4,6,11,8,7,2,2,7,11,3,0,3,8,5,7,9,6,10,10,10,7,11,4,2,5,4,6,3,3,7,4,7,5,0,4,0,6,5,7,0,11,9,5,3,6,10,11,11,8,11,6,7,4,7,7,8,4,11,11,0,11,0,6,6,8,6,9,10,11,9,11,11,6,6,4,9,5,9,4,4,5,9,9,2,10,2,4,5,6,11,5,10,2,3,11,6,3,5,4,9,6,11,2,10,2,11,11,3,3,8,5,9,7,4,3
0,7,7,7,7,8,10,3,11,2,10,6,6,9,5,3,10,3,10,11,6,8,5,5,9,4,6,0,0,3,4,4,0,0,5,5,7,0,9,8,3,3,8,0,4,2,4,9,6,8,10,7,11,11,11,8,0,5,3,6,5,7,4,4,8,5,8,6,2,5,2,7,6,8,2,0,10,6,4,7,11,0,0,9,0,7,8,5,8,8,9,5,0,0,2,0,2,7,7,9,7,10,11,0,10,0,0,7,7,5,10,6,10,5,5,6,10,10,3,11,3,5,6,7,0,6,11,3,4,0,7,4,6,5,10,7,0,3,11,3,0,0,4,4,9,6,10,8,5,4
2,8,8,8,8,9,11,4,0,3,11,7,7,10,6,4,11,4,11,0,7,9,6,6,10,5,7,2,2,4,5,5,2,2,6,6,8,2,10,9,4,4,9,2,5,3,5,10,7,9,11,8,0,0,0,9,2,6,4,7,6,8,5,5,9,6,9,7,3,6,3,8,7,9,3,2,11,7,5,8,0,2,2,10,2,8,9,6,9,9,10,6,2,2,3,2,3,8,8,10,8,11,0,2,11,2,2,8,8,6,11,7,11,6,6,7,11,11,4,0,4,6,7,8,2,7,0,4,5,2,8,5,7,6,11,8,2,4,0,4,2,2,5,5,10,7,11,9,6,5
3,9,9,9,9,10,0,5,2,4,0,8,8,11,7,5,0,5,0,2,8,10,7,7,11,6,8,3,3,5,6,6,3,3,7,7,9,3,11,10,5,5,10,3,6,4,6,11,8,10,0,9,2,2,2,10,3,7,5,8,7,9,6,6,10,7,10,8,4,7,4,9,8,10,4,3,0,8,6,9,2,3,3,11,3,9,10,7,10,10,11,7,3,3,4,3,4,9,9,11,9,0,2,3,0,3,3,9,9,7,0,8,0,7,7,8,0,0,5,2,5,7,8,9,3,8,2,5,6,3,9,6,8,7,0,9,3,5,2,5,3,3,6,6,11,8,0,10,7,6
4,10,10,10,10,11,2,6,3,5,2,9,9,0,8,6,2,6,2,3,9,11,8,8,0,7,9,4,4,6,7,7,4,4,8,8,10,4,0,11,6,6,11,4,7,5,7,0,9,11,2,10,3,3,3,11,4,8,6,9,8,10,7,7,11,8,11,9,5,8,5,10,9,11,5,4,2,9,7,10,3,4,4,0,4,10,11,8,11,11,0,8,4,4,5,4,5,10,10,0,10,2,3,4,2,4,4,10,10,8,2,9,2,8,8,9,2,2,6,3,6,8,9,10,4,9,3,6,7,4,10,7,9,8,2,10,4,6,3,6,4,4,7,7,0,9,2,11,8,7
5,11,11,11,11,0,3,7,4,6,3,10,10,2,9,7,3,7,3,4,10,0,9,9,2,8,10,5,5,7,8,8,5,5,9,9,11,5,2,0,7,7,0,5,8,6,8,2,10,0,3,11,4,4,4,0,5,9,7,10,9,11,8,8,0,9,0,10,6,9,6,11,10,0,6,5,3,10,8,11,4,5,5,2,5,11,0,9,0,0,2,9,5,5,6,5,6,11,11,2,11,3,4,5,3,5,5,11,11,9,3,10,3,9,9,10,3,3,7,4,7,9,10,11,5,10,4,7,8,5,11,8,10,9,3,11,5,7,4,7,5,5,8,8,2,10,3,0,9,8
6,0,0,0,0,2,4,8,5,7,4,11,11,3,10,8,4,8,4,5,11,2,10,10,3,9,11,6,6,8,9,9,6,6,10,10,0,6,3,2,8,8,2,6,9,7,9,3,11,2,4,0,5,5,5,2,6,10,8,11,10,0,9,9,2,10,2,11,7,10,7,0,11,2,7,6,4,11,9,0,5,6,6,3,6,0,2,10,2,2,3,10,6,6,7,6,7,0,0,3,0,4,5,6,4,6,6,0,0,10,4,11,4,10,10,11,4,4,8,5,8,10,11,0,6,11,5,8,9,6,0,9,11,10,4,0,6,8,5,8,6,6,9,9,3,11,4,2,10,9
7,2,2,2,2,3,5,9,6,8,5,0,0,4,11,9,5,9,5,6,0,3,11,11,4,10,0,7,7,9,10,10,7,7,11,11,2,7,4,3,9,9,3,7,10,8,10,4,0,3,5,2,6,6,6,3,7,11,9,0,11,2,10,10,3,11,3,0,8,11,8,2,0,3,8,7,5,0,10,2,6,7,7,4,7,2,3,11,3,3,4,11,7,7,8,7,8,2,2,4,2,5,6,7,5,7,7,2,2,11,5,0,5,11,11,0,5,5,9,6,9,11,0,2,7,0,6,9,10,7,2,10,0,11,5,2,7,9,6,9,7,7,10,10,4,0,5,3,11,10
8,3,3,3,3,4,6,10,7,9,6,2,2,5,0,10,6,10,6,7,2,4,0,0,5,11,2,8,8,10,11,11,8,8,0,0,3,8,5,4,10,10,4,8,11,9,11,5,2,4,6,3,7,7,7,4,8,0,10,2,0,3,11,11,4,0,4,2,9,0,9,3,2,4,9,8,6,2,11,3,7,8,8,5,8,3,4,0,4,4,5,0,8,8,9,8,9,3,3,5,3,6,7,8,6,8,8,3,3,0,6,2,6,0,0,2,6,6,10,7,10,0,2,3,8,2,7,10,11,8,3,11,2,0,6,3,8,10,7,10,8,8,11,11,5,2,6,4,0,11
9,4,4,4,4,5,7,11,8,10,7,3,3,6,2,11,7,11,7,8,3,5,2,2,6,0,3,9,9,11,0,0,9,9,2,2,4,9,6,5,11,11,5,9,0,10,0,6,3,5,7,4,8,8,8,5,9,2,11,3,2,4,0,0,5,2,5,3,10,2,10,4,3,5,10,9,7,3,0,4,8,9,9,6,9,4,5,2,5,5,6,2,9,9,10,9,10,4,4,6,4,7,8,9,7,9,9,4,4,2,7,3,7,2,2,3,7,7,11,8,11,2,3,4,9,3,8,11,0,9,4,0,3,2,7,4,9,11,8,11,9,9,0,0,6,3,7,5,2,0
10,5,5,5,5,6,8,0,9,11,8,4,4,7,3,0,8,0,8,9,4,6,3,3,7,2,4,10,10,0,2,2,10,10,3,3,5,10,7,6,0,0,6,10,2,11,2,7,4,6,8,5,9,9,9,6,10,3,0,4,3,5,2,2,6,3,6,4,11,3,11,5,4,6,11,10,8,4,2,5,9,10,10,7,10,5,6,3,6,6,7,3,10,10,11,10,11,5,5,7,5,8,9,10,8,10,10,5,5,3,8,4,8,3,3,4,8,8,0,9,0,3,4,5,10,4,9,0,2,10,5,2,4,3,8,5,10,0,9,0,10,10,2,2,7,4,8,6,3,2
11,6,6,6,6,7,9,2,10,0,9,5,5,8,4,2,9,2,9,10,5,7,4,4,8,3,5,11,11,2,3,3,11,11,4,4,6,11,8,7,2,2,7,11,3,0,3,8,5,7,9,6,10,10,10,7,11,4,2,5,4,6,3,3,7,4,7,5,0,4,0,6,5,7,0,11,9,5,3,6,10,11,11,8,11,6,7,4,7,7,8,4,11,11,0,11,0,6,6,8,6,9,10,11,9,11,11,6,6,4,9,5,9,4,4,5,9,9,2,10,2,4,5,6,11,5,10,2,3,11,6,3,5,4,9,6,11,2,10,2,11,11,3,3,8,5,9,7,4,3
0,7,7,7,7,8,10,3,11,2,10,6,6,9,5,3,10,3,10,11,6,8,5,5,9,4,6,0,0,3,4,4,0,0,5,5,7,0,9,8,3,3,8,0,4,2,4,9,6,8,10,7,11,11,11,8,0,5,3,6,5,7,4,4,8,5,8,6,2,5,2,7,6,8,2,0,10,6,4,7,11,0,0,9,0,7,8,5,8,8,9,5,0,0,2,0,2,7,7,9,7,10,11,0,10,0,0,7,7,5,10,6,10,5,5,6,10,10,3,11,3,5,6,7,0,6,11,3,4,0,7,4,6,5,10,7,0,3,11,3,0,0,4,4,9,6,10,8,5,4
2,8,8,8,8,9,11,4,0,3,11,7,7,10,6,4,11,4,11,0,7,9,6,6,10,5,7,2,2,4,5,5,2,2,6,6,8,2,10,9,4,4,9,2,5,3,5,10,7,9,11,8,0,0,0,9,2,6,4,7,6,8,5,5,9,6,9,7,3,6,3,8,7,9,3,2,11,7,5,8,0,2,2,10,2,8,9,6,9,9,10,6,2,2,3,2,3,8,8,10,8,11,0,2,11,2,2,8,8,6,11,7,11,6,6,7,11,11,4,0,4,6,7,8,2,7,0,4,5,2,8,5,7,6,11,8,2,4,0,4,2,2,5,5,10,7,11,9,6,5
3,9,9,9,9,10,0,5,2,4,0,8,8,11,7,5,0,5,0,2,8,10,7,7,11,6,8,3,3,5,6,6,3,3,7,7,9,3,11,10,5,5,10,3,6,4,6,11,8,10,0,9,2,2,2,10,3,7,5,8,7,9,6,6,10,7,10,8,4,7,4,9,8,10,4,3,0,8,6,9,2,3,3,11,3,9,10,7,10,10,11,7,3,3,4,3,4,9,9,11,9,0,2,3,0,3,3,9,9,7,0,8,0,7,7,8,0,0,5,2,5,7,8,9,3,8,2,5,6,3,9,6,8,7,0,9,3,5,2,5,3,3,6,6,11,8,0,10,7,6
4,10,10,10,10,11,2,6,3,5,2,9,9,0,8,6,2,6,2,3,9,11,8,8,0,7,9,4,4,6,7,7,4,4,8,8,10,4,0,11,6,6,11,4,7,5,7,0,9,11,2,10,3,3,3,11,4,8,6,9,8,10,7,7,11,8,11,9,5,8,5,10,9,11,5,4,2,9,7,10,3,4,4,0,4,10,11,8,11,11,0,8,4,4,5,4,5,10,10,0,10,2,3,4,2,4,4,10,10,8,2,9,2,8,8,9,2,2,6,3,6,8,9,10,4,9,3,6,7,4,10,7,9,8,2,10,4,6,3,6,4,4,7,7,0,9,2,11,8,7
5,11,11,11,11,0,3,7,4,6,3,10,10,2,9,7,3,7,3,4,10,0,9,9,2,8,10,5,5,7,8,8,5,5,9,9,11,5,2,0,7,7,0,5,8,6,8,2,10,0,3,11,4,4,4,0,5,9,7,10,9,11,8,8,0,9,0,10,6,9,6,11,10,0,6,5,3,10,8,11,4,5,5,2,5,11,0,9,0,0,2,9,5,5,6,5,6,11,11,2,11,3,4,5,3,5,5,11,11,9,3,10,3,9,9,10,3,3,7,4,7,9,10,11,5,10,4,7,8,5,11,8,10,9,3,11,5,7,4,7,5,5,8,8,2,10,3,0,9,8
6,0,0,0,0,2,4,8,5,7,4,11,11,3,10,8,4,8,4,5,11,2,10,10,3,9,11,6,6,8,9,9,6,6,10,10,0,6,3,2,8,8,2,6,9,7,9,3,11,2,4,0,5,5,5,2,6,10,8,11,10,0,9,9,2,10,2,11,7,10,7,0,11,2,7,6,4,11,9,0,5,6,6,3,6,0,2,10,2,2,3,10,6,6,7,6,7,0,0,3,0,4,5,6,4,6,6,0,0,10,4,11,4,10,10,11,4,4,8,5,8,10,11,0,6,11,5,8,9,6,0,9,11,10,4,0,6,8,5,8,6,6,9,9,3,11,4,2,10,9
7,2,2,2,2,3,5,9,6,8,5,0,0,4,11,9,5,9,5,6,0,3,11,11,4,10,0,7,7,9,10,10,7,7,11,11,2,7,4,3,9,9,3,7,10,8,10,4,0,3,5,2,6,6,6,3,7,11,9,0,11,2,10,10,3,11,3,0,8,11,8,2,0,3,8,7,5,0,10,2,6,7,7,4,7,2,3,11,3,3,4,11,7,7,8,7,8,2,2,4,2,5,6,7,5,7,7,2,2,11,5,0,5,11,11,0,5,5,9,6,9,11,0,2,7,0,6,9,10,7,2,10,0,11,5,2,7,9,6,9,7,7,10,10,4,0,5,3,11,10
8,3,3,3,3,4,6,10,7,9,6,2,2,5,0,10,6,10,6,7,2,4,0,0,5,11,2,8,8,10,11,11,8,8,0,0,3,8,5,4,10,10,4,8,11,9,11,5,2,4,6,3,7,7,7,4,8,0,10,2,0,3,11,11,4,0,4,2,9,0,9,3,2,4,9,8,6,2,11,3,7,8,8,5,8,3,4,0,4,4,5,0,8,8,9,8,9,3,3,5,3,6,7,8,6,8,8,3,3,0,6,2,6,0,0,2,6,6,10,7,10,0,2,3,8,2,7,10,11,8,3,11,2,0,6,3,8,10,7,10,8,8,11,11,5,2,6,4,0,11
9,4,4,4,4,5,7,11,8,10,7,3,3,6,2,11,7,11,7,8,3,5,2,2,6,0,3,9,9,11,0,0,9,9,2,2,4,9,6,5,11,11,5,9,0,10,0,6,3,5,7,4,8,8,8,5,9,2,11,3,2,4,0,0,5,2,5,3,10,2,10,4,3,5,10,9,7,3,0,4,8,9,9,6,9,4,5,2,5,5,6,2,9,9,10,9,10,4,4,6,4,7,8,9,7,9,9,4,4,2,7,3,7,2,2,3,7,7,11,8,11,2,3,4,9,3,8,11,0,9,4,0,3,2,7,4,9,11,8,11,9,9,0,0,6,3,7,5,2,0
10,5,5,5,5,6,8,0,9,11,8,4,4,7,3,0,8,0,8,9,4,6,3,3,7,2,4,10,10,0,2,2,10,10,3,3,5,10,7,6,0,0,6,10,2,11,2,7,4,6,8,5,9,9,9,6,10,3,0,4,3,5,2,2,6,3,6,4,11,3,11,5,4,6,11,10,8,4,2,5,9,10,10,7,10,5,6,3,6,6,7,3,10,10,11,10,11,5,5,7,5,8,9,10,8,10,10,5,5,3,8,4,8,3,3,4,8,8,0,9,0,3,4,5,10,4,9,0,2,10,5,2,4,3,8,5,10,0,9,0,10,10,2,2,7,4,8,6,3,2
11,6,6,6,6,7,9,2,10,0,9,5,5,8,4,2,9,2,9,10,5,7,4,4,8,3,5,11,11,2,3,3,11,11,4,4,6,11,8,7,2,2,7,11,3,0,3,8,5,7,9,6,10,10,10,7,11,4,2,5,4,6,3,3,7,4,7,5,0,4,0,6,5,7,0,11,9,5,3,6,10,11,11,8,11,6,7,4,7,7,8,4,11,11,0,11,0,6,6,8,6,9,10,11,9,11,11,6,6,4,9,5,9,4,4,5,9,9,2,10,2,4,5,6,11,5,10,2,3,11,6,3,5,4,9,6,11,2,10,2,11,11,3,3,8,5,9,7,4,3
0,7,7,7,7,8,10,3,11,2,10,6,6,9,5,3,10,3,10,11,6,8,5,5,9,4,6,0,0,3,4,4,0,0,5,5,7,0,9,8,3,3,8,0,4,2,4,9,6,8,10,7,11,11,11,8,0,5,3,6,5,7,4,4,8,5,8,6,2,5,2,7,6,8,2,0,10,6,4,7,11,0,0,9,0,7,8,5,8,8,9,5,0,0,2,0,2,7,7,9,7,10,11,0,10,0,0,7,7,5,10,6,10,5,5,6,10,10,3,11,3,5,6,7,0,6,11,3,4,0,7,4,6,5,10,7,0,3,11,3,0,0,4,4,9,6,10,8,5,4
2,8,8,8,8,9,11,4,0,3,11,7,7,10,6,4,11,4,11,0,7,9,6,6,10,5,7,2,2,4,5,5,2,2,6,6,8,2,10,9,4,4,9,2,5,3,5,10,7,9,11,8,0,0,0,9,2,6,4,7,6,8,5,5,9,6,9,7,3,6,3,8,7,9,3,2,11,7,5,8,0,2,2,10,2,8,9,6,9,9,10,6,2,2,3,2,3,8,8,10,8,11,0,2,11,2,2,8,8,6,11,7,11,6,6,7,11,11,4,0,4,6,7,8,2,7,0,4,5,2,8,5,7,6,11,8,2,4,0,4,2,2,5,5,10,7,11,9,6,5
3,9,9,9,9,10,0,5,2,4,0,8,8,11,7,5,0,5,0,2,8,10,7,7,11,6,8,3,3,5,6,6,3,3,7,7,9,3,11,10,5,5,10,3,6,4,6,11,8,10,0,9,2,2,2,10,3,7,5,8,7,9,6,6,10,7,10,8,4,7,4,9,8,10,4,3,0,8,6,9,2,3,3,11,3,9,10,7,10,10,11,7,3,3,4,3,4,9,9,11,9,0,2,3,0,3,3,9,9,7,0,8,0,7,7,8,0,0,5,2,5,7,8,9,3,8,2,5,6,3,9,6,8,7,0,9,3,5,2,5,3,3,6,6,11,8,0,10,7,6
4,10,10,10,10,11,2,6,3,5,2,9,9,0,8,6,2,6,2,3,9,11,8,8,0,7,9,4,4,6,7,7,4,4,8,8,10,4,0,11,6,6,11,4,7,5,7,0,9,11,2,10,3,3,3,11,4,8,6,9,8,10,7,7,11,8,11,9,5,8,5,10,9,11,5,4,2,9,7,10,3,4,4,0,4,10,11,8,11,11,0,8,4,4,5,4,5,10,10,0,10,2,3,4,2,4,4,10,10,8,2,9,2,8,8,9,2,2,6,3,6,8,9,10,4,9,3,6,7,4,10,7,9,8,2,10,4,6,3,6,4,4,7,7,0,9,2,11,8,7
5,11,11,11,11,0,3,7,4,6,3,10,10,2,9,7,3,7,3,4,10,0,9,9,2,8,10,5,5,7,8,8,5,5,9,9,11,5,2,0,7,7,0,5,8,6,8,2,10,0,3,11,4,4,4,0,5,9,7,10,9,11,8,8,0,9,0,10,6,9,6,11,10,0,6,5,3,10,8,11,4,5,5,2,5,11,0,9,0,0,2,9,5,5,6,5,6,11,11,2,11,3,4,5,3,5,5,11,11,9,3,10,3,9,9,10,3,3,7,4,7,9,10,11,5,10,4,7,8,5,11,8,10,9,3,11,5,7,4,7,5,5,8,8,2,10,3,0,9,8
6,0,0,0,0,2,4,8,5,7,4,11,11,3,10,8,4,8,4,5,11,2,10,10,3,9,11,6,6,8,9,9,6,6,10,10,0,6,3,2,8,8,2,6,9,7,9,3,11,2,4,0,5,5,5,2,6,10,8,11,10,0,9,9,2,10,2,11,7,10,7,0,11,2,7,6,4,11,9,0,5,6,6,3,6,0,2,10,2,2,3,10,6,6,7,6,7,0,0,3,0,4,5,6,4,6,6,0,0,10,4,11,4,10,10,11,4,4,8,5,8,10,11,0,6,11,5,8,9,6,0,9,11,10,4,0,6,8,5,8,6,6,9,9,3,11,4,2,10,9
7,2,2,2,2,3,5,9,6,8,5,0,0,4,11,9,5,9,5,6,0,3,11,11,4,10,0,7,7,9,10,10,7,7,11,11,2,7,4,3,9,9,3,7,10,8,10,4,0,3,5,2,6,6,6,3,7,11,9,0,11,2,10,10,3,11,3,0,8,11,8,2,0,3,8,7,5,0,10,2,6,7,7,4,7,2,3,11,3,3,4,11,7,7,8,7,8,2,2,4,2,5,6,7,5,7,7,2,2,11,5,0,5,11,11,0,5,5,9,6,9,11,0,2,7,0,6,9,10,7,2,10,0,11,5,2,7,9,6,9,7,7,10,10,4,0,5,3,11,10
8,3,3,3,3,4,6,10,7,9,6,2,2,5,0,10,6,10,6,7,2,4,0,0,5,11,2,8,8,10,11,11,8,8,0,0,3,8,5,4,10,10,4,8,11,9,11,5,2,4,6,3,7,7,7,4,8,0,10,2,0,3,11,11,4,0,4,2,9,0,9,3,2,4,9,8,6,2,11,3,7,8,8,5,8,3,4,0,4,4,5,0,8,8,9,8,9,3,3,5,3,6,7,8,6,8,8,3,3,0,6,2,6,0,0,2,6,6,10,7,10,0,2,3,8,2,7,10,11,8,3,11,2,0,6,3,8,10,7,10,8,8,11,11,5,2,6,4,0,11
9,4,4,4,4,5,7,11,8,10,7,3,3,6,2,11,7,11,7,8,3,5,2,2,6,0,3,9,9,11,0,0,9,9,2,2,4,9,6,5,11,11,5,9,0,10,0,6,3,5,7,4,8,8,8,5,9,2,11,3,2,4,0,0,5,2,5,3,10,2,10,4,3,5,10,9,7,3,0,4,8,9,9,6,9,4,5,2,5,5,6,2,9,9,10,9,10,4,4,6,4,7,8,9,7,9,9,4,4,2,7,3,7,2,2,3,7,7,11,8,11,2,3,4,9,3,8,11,0,9,4,0,3,2,7,4,9,11,8,11,9,9,0,0,6,3,7,5,2,0
10,5,5,5,5,6,8,0,9,11,8,4,4,7,3,0,8,0,8,9,4,6,3,3,7,2,4,10,10,0,2,2,10,10,3,3,5,10,7,6,0,0,6,10,2,11,2,7,4,6,8,5,9,9,9,6,10,3,0,4,3,5,2,2,6,3,6,4,11,3,11,5,4,6,11,10,8,4,2,5,9,10,10,7,10,5,6,3,6,6,7,3,10,10,11,10,11,5,5,7,5,8,9,10,8,10,10,5,5,3,8,4,8,3,3,4,8,8,0,9,0,3,4,5,10,4,9,0,2,10,5,2,4,3,8,5,10,0,9,0,10,10,2,2,7,4,8,6,3,2
11,6,6,6,6,7,9,2,10,0,9,5,5,8,4,2,9,2,9,10,5,7,4,4,8,3,5,11,11,2,3,3,11,11,4,4,6,11,8,7,2,2,7,11,3,0,3,8,5,7,9,6,10,10,10,7,11,4,2,5,4,6,3,3,7,4,7,5,0,4,0,6,5,7,0,11,9,5,3,6,10,11,11,8,11,6,7,4,7,7,8,4,11,11,0,11,0,6,6,8,6,9,10,11,9,11,11,6,6,4,9,5,9,4,4,5,9,9,2,10,2,4,5,6,11,5,10,2,3,11,6,3,5,4,9,6,11,2,10,2,11,11,3,3,8,5,9,7,4,3
0,7,7,7,7,8,10,3,11,2,10,6,6,9,5,3,10,3,10,11,6,8,5,5,9,4,6,0,0,3,4,4,0,0,5,5,7,0,9,8,3,3,8,0,4,2,4,9,6,8,10,7,11,11,11,8,0,5,3,6,5,7,4,4,8,5,8,6,2,5,2,7,6,8,2,0,10,6,4,7,11,0,0,9,0,7,8,5,8,8,9,5,0,0,2,0,2,7,7,9,7,10,11,0,10,0,0,7,7,5,10,6,10,5,5,6,10,10,3,11,3,5,6,7,0,6,11,3,4,0,7,4,6,5,10,7,0,3,11,3,0,0,4,4,9,6,10,8,5,4
2,8,8,8,8,9,11,4,0,3,11,7,7,10,6,4,11,4,11,0,7,9,6,6,10,5,7,2,2,4,5,5,2,2,6,6,8,2,10,9,4,4,9,2,5,3,5,10,7,9,11,8,0,0,0,9,2,6,4,7,6,8,5,5,9,6,9,7,3,6,3,8,7,9,3,2,11,7,5,8,0,2,2,10,2,8,9,6,9,9,10,6,2,2,3,2,3,8,8,10,8,11,0,2,11,2,2,8,8,6,11,7,11,6,6,7,11,11,4,0,4,6,7,8,2,7,0,4,5,2,8,5,7,6,11,8,2,4,0,4,2,2,5,5,10,7,11,9,6,5
3,9,9,9,9,10,0,5,2,4,0,8,8,11,7,5,0,5,0,2,8,10,7,7,11,6,8,3,3,5,6,6,3,3,7,7,9,3,11,10,5,5,10,3,6,4,6,11,8,10,0,9,2,2,2,10,3,7,5,8,7,9,6,6,10,7,10,8,4,7,4,9,8,10,4,3,0,8,6,9,2,3,3,11,3,9,10,7,10,10,11,7,3,3,4,3,4,9,9,11,9,0,2,3,0,3,3,9,9,7,0,8,0,7,7,8,0,0,5,2,5,7,8,9,3,8,2,5,6,3,9,6,8,7,0,9,3,5,2,5,3,3,6,6,11,8,0,10,7,6
4,10,10,10,10,11,2,6,3,5,2,9,9,0,8,6,2,6,2,3,9,11,8,8,0,7,9,4,4,6,7,7,4,4,8,8,10,4,0,11,6,6,11,4,7,5,7,0,9,11,2,10,3,3,3,11,4,8,6,9,8,10,7,7,11,8,11,9,5,8,5,10,9,11,5,4,2,9,7,10,3,4,4,0,4,10,11,8,11,11,0,8,4,4,5,4,5,10,10,0,10,2,3,4,2,4,4,10,10,8,2,9,2,8,8,9,2,2,6,3,6,8,9,10,4,9,3,6,7,4,10,7,9,8,2,10,4,6,3,6,4,4,7,7,0,9,2,11,8,7
5,11,11,11,11,0,3,7,4,6,3,10,10,2,9,7,3,7,3,4,10,0,9,9,2,8,10,5,5,7,8,8,5,5,9,9,11,5,2,0,7,7,0,5,8,6,8,2,10,0,3,11,4,4,4,0,5,9,7,10,9,11,8,8,0,9,0,10,6,9,6,11,10,0,6,5,3,10,8,11,4,5,5,2,5,11,0,9,0,0,2,9,5,5,6,5,6,11,11,2,11,3,4,5,3,5,5,11,11,9,3,10,3,9,9,10,3,3,7,4,7,9,10,11,5,10,4,7,8,5,11,8,10,9,3,11,5,7,4,7,5,5,8,8,2,10,3,0,9,8
6,0,0,0,0,2,4,8,5,7,4,11,11,3,10,8,4,8,4,5,11,2,10,10,3,9,11,6,6,8,9,9,6,6,10,10,0,6,3,2,8,8,2,6,9,7,9,3,11,2,4,0,5,5,5,2,6,10,8,11,10,0,9,9,2,10,2,11,7,10,7,0,11,2,7,6,4,11,9,0,5,6,6,3,6,0,2,10,2,2,3,10,6,6,7,6,7,0,0,3,0,4,5,6,4,6,6,0,0,10,4,11,4,10,10,11,4,4,8,5,8,10,11,0,6,11,5,8,9,6,0,9,11,10,4,0,6,8,5,8,6,6,9,9,3,11,4,2,10,9
7,2,2,2,2,3,5,9,6,8,5,0,0,4,11,9,5,9,5,6,0,3,11,11,4,10,0,7,7,9,10,10,7,7,11,11,2,7,4,3,9,9,3,7,10,8,10,4,0,3,5,2,6,6,6,3,7,11,9,0,11,2,10,10,3,11,3,0,8,11,8,2,0,3,8,7,5,0,10,2,6,7,7,4,7,2,3,11,3,3,4,11,7,7,8,7,8,2,2,4,2,5,6,7,5,7,7,2,2,11,5,0,5,11,11,0,5,5,9,6,9,11,0,2,7,0,6,9,10,7,2,10,0,11,5,2,7,9,6,9,7,7,10,10,4,0,5,3,11,10
8,3,3,3,3,4,6,10,7,9,6,2,2,5,0,10,6,10,6,7,2,4,0,0,5,11,2,8,8,10,11,11,8,8,0,0,3,8,5,4,10,10,4,8,11,9,11,5,2,4,6,3,7,7,7,4,8,0,10,2,0,3,11,11,4,0,4,2,9,0,9,3,2,4,9,8,6,2,11,3,7,8,8,5,8,3,4,0,4,4,5,0,8,8,9,8,9,3,3,5,3,6,7,8,6,8,8,3,3,0,6,2,6,0,0,2,6,6,10,7,10,0,2,3,8,2,7,10,11,8,3,11,2,0,6,3,8,10,7,10,8,8,11,11,5,2,6,4,0,11
9,4,4,4,4,5,7,11,8,10,7,3,3,6,2,11,7,11,7,8,3,5,2,2,6,0,3,9,9,11,0,0,9,9,2,2,4,9,6,5,11,11,5,9,0,10,0,6,3,5,7,4,8,8,8,5,9,2,11,3,2,4,0,0,5,2,5,3,10,2,10,4,3,5,10,9,7,3,0,4,8,9,9,6,9,4,5,2,5,5,6,2,9,9,10,9,10,4,4,6,4,7,8,9,7,9,9,4,4,2,7,3,7,2,2,3,7,7,11,8,11,2,3,4,9,3,8,11,0,9,4,0,3,2,7,4,9,11,8,11,9,9,0,0,6,3,7,5,2,0
10,5,5,5,5,6,8,0,9,11,8,4,4,7,3,0,8,0,8,9,4,6,3,3,7,2,4,10,10,0,2,2,10,10,3,3,5,10,7,6,0,0,6,10,2,11,2,7,4,6,8,5,9,9,9,6,10,3,0,4,3,5,2,2,6,3,6,4,11,3,11,5,4,6,11,10,8,4,2,5,9,10,10,7,10,5,6,3,6,6,7,3,10,10,11,10,11,5,5,7,5,8,9,10,8,10,10,5,5,3,8,4,8,3,3,4,8,8,0,9,0,3,4,5,10,4,9,0,2,10,5,2,4,3,8,5,10,0,9,0,10,10,2,2,7,4,8,6,3,2
11,6,6,6,6,7,9,2,10,0,9,5,5,8,4,2,9,2,9,10,5,7,4,4,8,3,5,11,11,2,3,3,11,11,4,4,6,11,8,7,2,2,7,11,3,0,3,8,5,7,9,6,10,10,10,7,11,4,2,5,4,6,3,3,7,4,7,5,0,4,0,6,5,7,0,11,9,5,3,6,10,11,11,8,11,6,7,4,7,7,8,4,11,11,0,11,0,6,6,8,6,9,10,11,9,11,11,6,6,4,9,5,9,4,4,5,9,9,2,10,2,4,5,6,11,5,10,2,3,11,6,3,5,4,9,6,11,2,10,2,11,11,3,3,8,5,9,7,4,3
0,7,7,7,7,8,10,3,11,2,10,6,6,9,5,3,10,3,10,11,6,8,5,5,9,4,6,0,0,3,4,4,0,0,5,5,7,0,9,8,3,3,8,0,4,2,4,9,6,8,10,7,11,11,11,8,0,5,3,6,5,7,4,4,8,5,8,6,2,5,2,7,6,8,2,0,10,6,4,7,11,0,0,9,0,7,8,5,8,8,9,5,0,0,2,0,2,7,7,9,7,10,11,0,10,0,0,7,7,5,10,6,10,5,5,6,10,10,3,11,3,5,6,7,0,6,11,3,4,0,7,4,6,5,10,7,0,3,11,3,0,0,4,4,9,6,10,8,5,4
2,8,8,8,8,9,11,4,0,3,11,7,7,10,6,4,11,4,11,0,7,9,6,6,10,5,7,2,2,4,5,5,2,2,6,6,8,2,10,9,4,4,9,2,5,3,5,10,7,9,11,8,0,0,0,9,2,6,4,7,6,8,5,5,9,6,9,7,3,6,3,8,7,9,3,2,11,7,5,8,0,2,2,10,2,8,9,6,9,9,10,6,2,2,3,2,3,8,8,10,8,11,0,2,11,2,2,8,8,6,11,7,11,6,6,7,11,11,4,0,4,6,7,8,2,7,0,4,5,2,8,5,7,6,11,8,2,4,0,4,2,2,5,5,10,7,11,9,6,5
3,9,9,9,9,10,0,5,2,4,0,8,8,11,7,5,0,5,0,2,8,10,7,7,11,6,8,3,3,5,6,6,3,3,7,7,9,3,11,10,5,5,10,3,6,4,6,11,8,10,0,9,2,2,2,10,3,7,5,8,7,9,6,6,10,7,10,8,4,7,4,9,8,10,4,3,0,8,6,9,2,3,3,11,3,9,10,7,10,10,11,7,3,3,4,3,4,9,9,11,9,0,2,3,0,3,3,9,9,7,0,8,0,7,7,8,0,0,5,2,5,7,8,9,3,8,2,5,6,3,9,6,8,7,0,9,3,5,2,5,3,3,6,6,11,8,0,10,7,6
4,10,10,10,10,11,2,6,3,5,2,9,9,0,8,6,2,6,2,3,9,11,8,8,0,7,9,4,4,6,7,7,4,4,8,8,10,4,0,11,6,6,11,4,7,5,7,0,9,11,2,10,3,3,3,11,4,8,6,9,8,10,7,7,11,8,11,9,5,8,5,10,9,11,5,4,2,9,7,10,3,4,4,0,4,10,11,8,11,11,0,8,4,4,5,4,5,10,10,0,10,2,3,4,2,4,4,10,10,8,2,9,2,8,8,9,2,2,6,3,6,8,9,10,4,9,3,6,7,4,10,7,9,8,2,10,4,6,3,6,4,4,7,7,0,9,2,11,8,7
5,11,11,11,11,0,3,7,4,6,3,10,10,2,9,7,3,7,3,4,10,0,9,9,2,8,10,5,5,7,8,8,5,5,9,9,11,5,2,0,7,7,0,5,8,6,8,2,10,0,3,11,4,4,4,0,5,9,7,10,9,11,8,8,0,9,0,10,6,9,6,11,10,0,6,5,3,10,8,11,4,5,5,2,5,11,0,9,0,0,2,9,5,5,6,5,6,11,11,2,11,3,4,5,3,5,5,11,11,9,3,10,3,9,9,10,3,3,7,4,7,9,10,11,5,10,4,7,8,5,11,8,10,9,3,11,5,7,4,7,5,5,8,8,2,10,3,0,9,8
6,0,0,0,0,2,4,8,5,7,4,11,11,3,10,8,4,8,4,5,11,2,10,10,3,9,11,6,6,8,9,9,6,6,10,10,0,6,3,2,8,8,2,6,9,7,9,3,11,2,4,0,5,5,5,2,6,10,8,11,10,0,9,9,2,10,2,11,7,10,7,0,11,2,7,6,4,11,9,0,5,6,6,3,6,0,2,10,2,2,3,10,6,6,7,6,7,0,0,3,0,4,5,6,4,6,6,0,0,10,4,11,4,10,10,11,4,4,8,5,8,10,11,0,6,11,5,8,9,6,0,9,11,10,4,0,6,8,5,8,6,6,9,9,3,11,4,2,10,9
7,2,2,2,2,3,5,9,6,8,5,0,0,4,11,9,5,9,5,6,0,3,11,11,4,10,0,7,7,9,10,10,7,7,11,11,2,7,4,3,9,9,3,7,10,8,10,4,0,3,5,2,6,6,6,3,7,11,9,0,11,2,10,10,3,11,3,0,8,11,8,2,0,3,8,7,5,0,10,2,6,7,7,4,7,2,3,11,3,3,4,11,7,7,8,7,8,2,2,4,2,5,6,7,5,7,7,2,2,11,5,0,5,11,11,0,5,5,9,6,9,11,0,2,7,0,6,9,10,7,2,10,0,11,5,2,7,9,6,9,7,7,10,10,4,0,5,3,11,10
8,3,3,3,3,4,6,10,7,9,6,2,2,5,0,10,6,10,6,7,2,4,0,0,5,11,2,8,8,10,11,11,8,8,0,0,3,8,5,4,10,10,4,8,11,9,11,5,2,4,6,3,7,7,7,4,8,0,10,2,0,3,11,11,4,0,4,2,9,0,9,3,2,4,9,8,6,2,11,3,7,8,8,5,8,3,4,0,4,4,5,0,8,8,9,8,9,3,3,5,3,6,7,8,6,8,8,3,3,0,6,2,6,0,0,2,6,6,10,7,10,0,2,3,8,2,7,10,11,8,3,11,2,0,6,3,8,10,7,10,8,8,11,11,5,2,6,4,0,11
9,4,4,4,4,5,7,11,8,10,7,3,3,6,2,11,7,11,7,8,3,5,2,2,6,0,3,9,9,11,0,0,9,9,2,2,4,9,6,5,11,11,5,9,0,10,0,6,3,5,7,4,8,8,8,5,9,2,11,3,2,4,0,0,5,2,5,3,10,2,10,4,3,5,10,9,7,3,0,4,8,9,9,6,9,4,5,2,5,5,6,2,9,9,10,9,10,4,4,6,4,7,8,9,7,9,9,4,4,2,7,3,7,2,2,3,7,7,11,8,11,2,3,4,9,3,8,11,0,9,4,0,3,2,7,4,9,11,8,11,9,9,0,0,6,3,7,5,2,0
10,5,5,5,5,6,8,0,9,11,8,4,4,7,3,0,8,0,8,9,4,6,3,3,7,2,4,10,10,0,2,2,10,10,3,3,5,10,7,6,0,0,6,10,2,11,2,7,4,6,8,5,9,9,9,6,10,3,0,4,3,5,2,2,6,3,6,4,11,3,11,5,4,6,11,10,8,4,2,5,9,10,10,7,10,5,6,3,6,6,7,3,10,10,11,10,11,5,5,7,5,8,9,10,8,10,10,5,5,3,8,4,8,3,3,4,8,8,0,9,0,3,4,5,10,4,9,0,2,10,5,2,4,3,8,5,10,0,9,0,10,10,2,2,7,4,8,6,3,2
11,6,6,6,6,7,9,2,10,0,9,5,5,8,4,2,9,2,9,10,5,7,4,4,8,3,5,11,11,2,3,3,11,11,4,4,6,11,8,7,2,2,7,11,3,0,3,8,5,7,9,6,10,10,10,7,11,4,2,5,4,6,3,3,7,4,7,5,0,4,0,6,5,7,0,11,9,5,3,6,10,11,11,8,11,6,7,4,7,7,8,4,11,11,0,11,0,6,6,8,6,9,10,11,9,11,11,6,6,4,9,5,9,4,4,5,9,9,2,10,2,4,5,6,11,5,10,2,3,11,6,3,5,4,9,6,11,2,10,2,11,11,3,3,8,5,9,7,4,3
0,7,7,7,7,8,10,3,11,2,10,6,6,9,5,3,10,3,10,11,6,8,5,5,9,4,6,0,0,3,4,4,0,0,5,5,7,0,9,8,3,3,8,0,4,2,4,9,6,8,10,7,11,11,11,8,0,5,3,6,5,7,4,4,8,5,8,6,2,5,2,7,6,8,2,0,10,6,4,7,11,0,0,9,0,7,8,5,8,8,9,5,0,0,2,0,2,7,7,9,7,10,11,0,10,0,0,7,7,5,10,6,10,5,5,6,10,10,3,11,3,5,6,7,0,6,11,3,4,0,7,4,6,5,10,7,0,3,11,3,0,0,4,4,9,6,10,8,5,4
2,8,8,8,8,9,11,4,0,3,11,7,7,10,6,4,11,4,11,0,7,9,6,6,10,5,7,2,2,4,5,5,2,2,6,6,8,2,10,9,4,4,9,2,5,3,5,10,7,9,11,8,0,0,0,9,2,6,4,7,6,8,5,5,9,6,9,7,3,6,3,8,7,9,3,2,11,7,5,8,0,2,2,10,2,8,9,6,9,9,10,6,2,2,3,2,3,8,8,10,8,11,0,2,11,2,2,8,8,6,11,7,11,6,6,7,11,11,4,0,4,6,7,8,2,7,0,4,5,2,8,5,7,6,11,8,2,4,0,4,2,2,5,5,10,7,11,9,6,5
3,9,9,9,9,10,0,5,2,4,0,8,8,11,7,5,0,5,0,2,8,10,7,7,11,6,8,3,3,5,6,6,3,3,7,7,9,3,11,10,5,5,10,3,6,4,6,11,8,10,0,9,2,2,2,10,3,7,5,8,7,9,6,6,10,7,10,8,4,7,4,9,8,10,4,3,0,8,6,9,2,3,3,11,3,9,10,7,10,10,11,7,3,3,4,3,4,9,9,11,9,0,2,3,0,3,3,9,9,7,0,8,0,7,7,8,0,0,5,2,5,7,8,9,3,8,2,5,6,3,9,6,8,7,0,9,3,5,2,5,3,3,6,6,11,8,0,10,7,6
4,10,10,10,10,11,2,6,3,5,2,9,9,0,8,6,2,6,2,3,9,11,8,8,0,7,9,4,4,6,7,7,4,4,8,8,10,4,0,11,6,6,11,4,7,5,7,0,9,11,2,10,3,3,3,11,4,8,6,9,8,10,7,7,11,8,11,9,5,8,5,10,9,11,5,4,2,9,7,10,3,4,4,0,4,10,11,8,11,11,0,8,4,4,5,4,5,10,10,0,10,2,3,4,2,4,4,10,10,8,2,9,2,8,8,9,2,2,6,3,6,8,9,10,4,9,3,6,7,4,10,7,9,8,2,10,4,6,3,6,4,4,7,7,0,9,2,11,8,7
5,11,11,11,11,0,3,7,4,6,3,10,10,2,9,7,3,7,3,4,10,0,9,9,2,8,10,5,5,7,8,8,5,5,9,9,11,5,2,0,7,7,0,5,8,6,8,2,10,0,3,11,4,4,4,0,5,9,7,10,9,11,8,8,0,9,0,10,6,9,6,11,10,0,6,5,3,10,8,11,4,5,5,2,5,11,0,9,0,0,2,9,5,5,6,5,6,11,11,2,11,3,4,5,3,5,5,11,11,9,3,10,3,9,9,10,3,3,7,4,7,9,10,11,5,10,4,7,8,5,11,8,10,9,3,11,5,7,4,7,5,5,8,8,2,10,3,0,9,8
6,0,0,0,0,2,4,8,5,7,4,11,11,3,10,8,4,8,4,5,11,2,10,10,3,9,11,6,6,8,9,9,6,6,10,10,0,6,3,2,8,8,2,6,9,7,9,3,11,2,4,0,5,5,5,2,6,10,8,11,10,0,9,9,2,10,2,11,7,10,7,0,11,2,7,6,4,11,9,0,5,6,6,3,6,0,2,10,2,2,3,10,6,6,7,6,7,0,0,3,0,4,5,6,4,6,6,0,0,10,4,11,4,10,10,11,4,4,8,5,8,10,11,0,6,11,5,8,9,6,0,9,11,10,4,0,6,8,5,8,6,6,9,9,3,11,4,2,10,9
7,2,2,2,2,3,5,9,6,8,5,0,0,4,11,9,5,9,5,6,0,3,11,11,4,10,0,7,7,9,10,10,7,7,11,11,2,7,4,3,9,9,3,7,10,8,10,4,0,3,5,2,6,6,6,3,7,11,9,0,11,2,10,10,3,11,3,0,8,11,8,2,0,3,8,7,5,0,10,2,6,7,7,4,7,2,3,11,3,3,4,11,7,7,8,7,8,2,2,4,2,5,6,7,5,7,7,2,2,11,5,0,5,11,11,0,5,5,9,6,9,11,0,2,7,0,6,9,10,7,2,10,0,11,5,2,7,9,6,9,7,7,10,10,4,0,5,3,11,10
8,3,3,3,3,4,6,10,7,9,6,2,2,5,0,10,6,10,6,7,2,4,0,0,5,11,2,8,8,10,11,11,8,8,0,0,3,8,5,4,10,10,4,8,11,9,11,5,2,4,6,3,7,7,7,4,8,0,10,2,0,3,11,11,4,0,4,2,9,0,9,3,2,4,9,8,6,2,11,3,7,8,8,5,8,3,4,0,4,4,5,0,8,8,9,8,9,3,3,5,3,6,7,8,6,8,8,3,3,0,6,2,6,0,0,2,6,6,10,7,10,0,2,3,8,2,7,10,11,8,3,11,2,0,6,3,8,10,7,10,8,8,11,11,5,2,6,4,0,11
9,4,4,4,4,5,7,11,8,10,7,3,3,6,2,11,7,11,7,8,3,5,2,2,6,0,3,9,9,11,0,0,9,9,2,2,4,9,6,5,11,11,5,9,0,10,0,6,3,5,7,4,8,8,8,5,9,2,11,3,2,4,0,0,5,2,5,3,10,2,10,4,3,5,10,9,7,3,0,4,8,9,9,6,9,4,5,2,5,5,6,2,9,9,10,9,10,4,4,6,4,7,8,9,7,9,9,4,4,2,7,3,7,2,2,3,7,7,11,8,11,2,3,4,9,3,8,11,0,9,4,0,3,2,7,4,9,11,8,11,9,9,0,0,6,3,7,5,2,0
10,5,5,5,5,6,8,0,9,11,8,4,4,7,3,0,8,0,8,9,4,6,3,3,7,2,4,10,10,0,2,2,10,10,3,3,5,10,7,6,0,0,6,10,2,11,2,7,4,6,8,5,9,9,9,6,10,3,0,4,3,5,2,2,6,3,6,4,11,3,11,5,4,6,11,10,8,4,2,5,9,10,10,7,10,5,6,3,6,6,7,3,10,10,11,10,11,5,5,7,5,8,9,10,8,10,10,5,5,3,8,4,8,3,3,4,8,8,0,9,0,3,4,5,10,4,9,0,2,10,5,2,4,3,8,5,10,0,9,0,10,10,2,2,7,4,8,6,3,2
11,6,6,6,6,7,9,2,10,0,9,5,5,8,4,2,9,2,9,10,5,7,4,4,8,3,5,11,11,2,3,3,11,11,4,4,6,11,8,7,2,2,7,11,3,0,3,8,5,7,9,6,10,10,10,7,11,4,2,5,4,6,3,3,7,4,7,5,0,4,0,6,5,7,0,11,9,5,3,6,10,11,11,8,11,6,7,4,7,7,8,4,11,11,0,11,0,6,6,8,6,9,10,11,9,11,11,6,6,4,9,5,9,4,4,5,9,9,2,10,2,4,5,6,11,5,10,2,3,11,6,3,5,4,9,6,11,2,10,2,11,11,3,3,8,5,9,7,4,3
0,7,7,7,7,8,10,3,11,2,10,6,6,9,5,3,10,3,10,11,6,8,5,5,9,4,6,0,0,3,4,4,0,0,5,5,7,0,9,8,3,3,8,0,4,2,4,9,6,8,10,7,11,11,11,8,0,5,3,6,5,7,4,4,8,5,8,6,2,5,2,7,6,8,2,0,10,6,4,7,11,0,0,9,0,7,8,5,8,8,9,5,0,0,2,0,2,7,7,9,7,10,11,0,10,0,0,7,7,5,10,6,10,5,5,6,10,10,3,11,3,5,6,7,0,6,11,3,4,0,7,4,6,5,10,7,0,3,11,3,0,0,4,4,9,6,10,8,5,4
2,8,8,8,8,9,11,4,0,3,11,7,7,10,6,4,11,4,11,0,7,9,6,6,10,5,7,2,2,4,5,5,2,2,6,6,8,2,10,9,4,4,9,2,5,3,5,10,7,9,11,8,0,0,0,9,2,6,4,7,6,8,5,5,9,6,9,7,3,6,3,8,7,9,3,2,11,7,5,8,0,2,2,10,2,8,9,6,9,9,10,6,2,2,3,2,3,8,8,10,8,11,0,2,11,2,2,8,8,6,11,7,11,6,6,7,11,11,4,0,4,6,7,8,2,7,0,4,5,2,8,5,7,6,11,8,2,4,0,4,2,2,5,5,10,7,11,9,6,5
3,9,9,9,9,10,0,5,2,4,0,8,8,11,7,5,0,5,0,2,8,10,7,7,11,6,8,3,3,5,6,6,3,3,7,7,9,3,11,10,5,5,10,3,6,4,6,11,8,10,0,9,2,2,2,10,3,7,5,8,7,9,6,6,10,7,10,8,4,7,4,9,8,10,4,3,0,8,6,9,2,3,3,11,3,9,10,7,10,10,11,7,3,3,4,3,4,9,9,11,9,0,2,3,0,3,3,9,9,7,0,8,0,7,7,8,0,0,5,2,5,7,8,9,3,8,2,5,6,3,9,6,8,7,0,9,3,5,2,5,3,3,6,6,11,8,0,10,7,6
4,10,10,10,10,11,2,6,3,5,2,9,9,0,8,6,2,6,2,3,9,11,8,8,0,7,9,4,4,6,7,7,4,4,8,8,10,4,0,11,6,6,11,4,7,5,7,0,9,11,2,10,3,3,3,11,4,8,6,9,8,10,7,7,11,8,11,9,5,8,5,10,9,11,5,4,2,9,7,10,3,4,4,0,4,10,11,8,11,11,0,8,4,4,5,4,5,10,10,0,10,2,3,4,2,4,4,10,10,8,2,9,2,8,8,9,2,2,6,3,6,8,9,10,4,9,3,6,7,4,10,7,9,8,2,10,4,6,3,6,4,4,7,7,0,9,2,11,8,7
5,11,11,11,11,0,3,7,4,6,3,10,10,2,9,7,3,7,3,4,10,0,9,9,2,8,10,5,5,7,8,8,5,5,9,9,11,5,2,0,7,7,0,5,8,6,8,2,10,0,3,11,4,4,4,0,5,9,7,10,9,11,8,8,0,9,0,10,6,9,6,11,10,0,6,5,3,10,8,11,4,5,5,2,5,11,0,9,0,0,2,9,5,5,6,5,6,11,11,2,11,3,4,5,3,5,5,11,11,9,3,10,3,9,9,10,3,3,7,4,7,9,10,11,5,10,4,7,8,5,11,8,10,9,3,11,5,7,4,7,5,5,8,8,2,10,3,0,9,8
6,0,0,0,0,2,4,8,5,7,4,11,11,3,10,8,4,8,4,5,11,2,10,10,3,9,11,6,6,8,9,9,6,6,10,10,0,6,3,2,8,8,2,6,9,7,9,3,11,2,4,0,5,5,5,2,6,10,8,11,10,0,9,9,2,10,2,11,7,10,7,0,11,2,7,6,4,11,9,0,5,6,6,3,6,0,2,10,2,2,3,10,6,6,7,6,7,0,0,3,0,4,5,6,4,6,6,0,0,10,4,11,4,10,10,11,4,4,8,5,8,10,11,0,6,11,5,8,9,6,0,9,11,10,4,0,6,8,5,8,6,6,9,9,3,11,4,2,10,9
7,2,2,2,2,3,5,9,6,8,5,0,0,4,11,9,5,9,5,6,0,3,11,11,4,10,0,7,7,9,10,10,7,7,11,11,2,7,4,3,9,9,3,7,10,8,10,4,0,3,5,2,6,6,6,3,7,11,9,0,11,2,10,10,3,11,3,0,8,11,8,2,0,3,8,7,5,0,10,2,6,7,7,4,7,2,3,11,3,3,4,11,7,7,8,7,8,2,2,4,2,5,6,7,5,7,7,2,2,11,5,0,5,11,11,0,5,5,9,6,9,11,0,2,7,0,6,9,10,7,2,10,0,11,5,2,7,9,6,9,7,7,10,10,4,0,5,3,11,10
8,3,3,3,3,4,6,10,7,9,6,2,2,5,0,10,6,10,6,7,2,4,0,0,5,11,2,8,8,10,11,11,8,8,0,0,3,8,5,4,10,10,4,8,11,9,11,5,2,4,6,3,7,7,7,4,8,0,10,2,0,3,11,11,4,0,4,2,9,0,9,3,2,4,9,8,6,2,11,3,7,8,8,5,8,3,4,0,4,4,5,0,8,8,9,8,9,3,3,5,3,6,7,8,6,8,8,3,3,0,6,2,6,0,0,2,6,6,10,7,10,0,2,3,8,2,7,10,11,8,3,11,2,0,6,3,8,10,7,10,8,8,11,11,5,2,6,4,0,11
9,4,4,4,4,5,7,11,8,10,7,3,3,6,2,11,7,11,7,8,3,5,2,2,6,0,3,9,9,11,0,0,9,9,2,2,4,9,6,5,11,11,5,9,0,10,0,6,3,5,7,4,8,8,8,5,9,2,11,3,2,4,0,0,5,2,5,3,10,2,10,4,3,5,10,9,7,3,0,4,8,9,9,6,9,4,5,2,5,5,6,2,9,9,10,9,10,4,4,6,4,7,8,9,7,9,9,4,4,2,7,3,7,2,2,3,7,7,11,8,11,2,3,4,9,3,8,11,0,9,4,0,3,2,7,4,9,11,8,11,9,9,0,0,6,3,7,5,2,0
10,5,5,5,5,6,8,0,9,11,8,4,4,7,3,0,8,0,8,9,4,6,3,3,7,2,4,10,10,0,2,2,10,10,3,3,5,10,7,6,0,0,6,10,2,11,2,7,4,6,8,5,9,9,9,6,10,3,0,4,3,5,2,2,6,3,6,4,11,3,11,5,4,6,11,10,8,4,2,5,9,10,10,7,10,5,6,3,6,6,7,3,10,10,11,10,11,5,5,7,5,8,9,10,8,10,10,5,5,3,8,4,8,3,3,4,8,8,0,9,0,3,4,5,10,4,9,0,2,10,5,2,4,3,8,5,10,0,9,0,10,10,2,2,7,4,8,6,3,2
11,6,6,6,6,7,9,2,10,0,9,5,5,8,4,2,9,2,9,10,5,7,4,4,8,3,5,11,11,2,3,3,11,11,4,4,6,11,8,7,2,2,7,11,3,0,3,8,5,7,9,6,10,10,10,7,11,4,2,5,4,6,3,3,7,4,7,5,0,4,0,6,5,7,0,11,9,5,3,6,10,11,11,8,11,6,7,4,7,7,8,4,11,11,0,11,0,6,6,8,6,9,10,11,9,11,11,6,6,4,9,5,9,4,4,5,9,9,2,10,2,4,5,6,11,5,10,2,3,11,6,3,5,4,9,6,11,2,10,2,11,11,3,3,8,5,9,7,4,3
0,7,7,7,7,8,10,3,11,2,10,6,6,9,5,3,10,3,10,11,6,8,5,5,9,4,6,0,0,3,4,4,0,0,5,5,7,0,9,8,3,3,8,0,4,2,4,9,6,8,10,7,11,11,11,8,0,5,3,6,5,7,4,4,8,5,8,6,2,5,2,7,6,8,2,0,10,6,4,7,11,0,0,9,0,7,8,5,8,8,9,5,0,0,2,0,2,7,7,9,7,10,11,0,10,0,0,7,7,5,10,6,10,5,5,6,10,10,3,11,3,5,6,7,0,6,11,3,4,0,7,4,6,5,10,7,0,3,11,3,0,0,4,4,9,6,10,8,5,4
2,8,8,8,8,9,11,4,0,3,11,7,7,10,6,4,11,4,11,0,7,9,6,6,10,5,7,2,2,4,5,5,2,2,6,6,8,2,10,9,4,4,9,2,5,3,5,10,7,9,11,8,0,0,0,9,2,6,4,7,6,8,5,5,9,6,9,7,3,6,3,8,7,9,3,2,11,7,5,8,0,2,2,10,2,8,9,6,9,9,10,6,2,2,3,2,3,8,8,10,8,11,0,2,11,2,2,8,8,6,11,7,11,6,6,7,11,11,4,0,4,6,7,8,2,7,0,4,5,2,8,5,7,6,11,8,2,4,0,4,2,2,5,5,10,7,11,9,6,5
3,9,9,9,9,10,0,5,2,4,0,8,8,11,7,5,0,5,0,2,8,10,7,7,11,6,8,3,3,5,6,6,3,3,7,7,9,3,11,10,5,5,10,3,6,4,6,11,8,10,0,9,2,2,2,10,3,7,5,8,7,9,6,6,10,7,10,8,4,7,4,9,8,10,4,3,0,8,6,9,2,3,3,11,3,9,10,7,10,10,11,7,3,3,4,3,4,9,9,11,9,0,2,3,0,3,3,9,9,7,0,8,0,7,7,8,0,0,5,2,5,7,8,9,3,8,2,5,6,3,9,6,8,7,0,9,3,5,2,5,3,3,6,6,11,8,0,10,7,6
4,10,10,10,10,11,2,6,3,5,2,9,9,0,8,6,2,6,2,3,9,11,8,8,0,7,9,4,4,6,7,7,4,4,8,8,10,4,0,11,6,6,11,4,7,5,7,0,9,11,2,10,3,3,3,11,4,8,6,9,8,10,7,7,11,8,11,9,5,8,5,10,9,11,5,4,2,9,7,10,3,4,4,0,4,10,11,8,11,11,0,8,4,4,5,4,5,10,10,0,10,2,3,4,2,4,4,10,10,8,2,9,2,8,8,9,2,2,6,3,6,8,9,10,4,9,3,6,7,4,10,7,9,8,2,10,4,6,3,6,4,4,7,7,0,9,2,11,8,7
5,11,11,11,11,0,3,7,4,6,3,10,10,2,9,7,3,7,3,4,10,0,9,9,2,8,10,5,5,7,8,8,5,5,9,9,11,5,2,0,7,7,0,5,8,6,8,2,10,0,3,11,4,4,4,0,5,9,7,10,9,11,8,8,0,9,0,10,6,9,6,11,10,0,6,5,3,10,8,11,4,5,5,2,5,11,0,9,0,0,2,9,5,5,6,5,6,11,11,2,11,3,4,5,3,5,5,11,11,9,3,10,3,9,9,10,3,3,7,4,7,9,10,11,5,10,4,7,8,5,11,8,10,9,3,11,5,7,4,7,5,5,8,8,2,10,3,0,9,8
6,0,0,0,0,2,4,8,5,7,4,11,11,3,10,8,4,8,4,5,11,2,10,10,3,9,11,6,6,8,9,9,6,6,10,10,0,6,3,2,8,8,2,6,9,7,9,3,11,2,4,0,5,5,5,2,6,10,8,11,10,0,9,9,2,10,2,11,7,10,7,0,11,2,7,6,4,11,9,0,5,6,6,3,6,0,2,10,2,2,3,10,6,6,7,6,7,0,0,3,0,4,5,6,4,6,6,0,0,10,4,11,4,10,10,11,4,4,8,5,8,10,11,0,6,11,5,8,9,6,0,9,11,10,4,0,6,8,5,8,6,6,9,9,3,11,4,2,10,9
7,2,2,2,2,3,5,9,6,8,5,0,0,4,11,9,5,9,5,6,0,3,11,11,4,10,0,7,7,9,10,10,7,7,11,11,2,7,4,3,9,9,3,7,10,8,10,4,0,3,5,2,6,6,6,3,7,11,9,0,11,2,10,10,3,11,3,0,8,11,8,2,0,3,8,7,5,0,10,2,6,7,7,4,7,2,3,11,3,3,4,11,7,7,8,7,8,2,2,4,2,5,6,7,5,7,7,2,2,11,5,0,5,11,11,0,5,5,9,6,9,11,0,2,7,0,6,9,10,7,2,10,0,11,5,2,7,9,6,9,7,7,10,10,4,0,5,3,11,10
8,3,3,3,3,4,6,10,7,9,6,2,2,5,0,10,6,10,6,7,2,4,0,0,5,11,2,8,8,10,11,11,8,8,0,0,3,8,5,4,10,10,4,8,11,9,11,5,2,4,6,3,7,7,7,4,8,0,10,2,0,3,11,11,4,0,4,2,9,0,9,3,2,4,9,8,6,2,11,3,7,8,8,5,8,3,4,0,4,4,5,0,8,8,9,8,9,3,3,5,3,6,7,8,6,8,8,3,3,0,6,2,6,0,0,2,6,6,10,7,10,0,2,3,8,2,7,10,11,8,3,11,2,0,6,3,8,10,7,10,8,8,11,11,5,2,6,4,0,11
9,4,4,4,4,5,7,11,8,10,7,3,3,6,2,11,7,11,7,8,3,5,2,2,6,0,3,9,9,11,0,0,9,9,2,2,4,9,6,5,11,11,5,9,0,10,0,6,3,5,7,4,8,8,8,5,9,2,11,3,2,4,0,0,5,2,5,3,10,2,10,4,3,5,10,9,7,3,0,4,8,9,9,6,9,4,5,2,5,5,6,2,9,9,10,9,10,4,4,6,4,7,8,9,7,9,9,4,4,2,7,3,7,2,2,3,7,7,11,8,11,2,3,4,9,3,8,11,0,9,4,0,3,2,7,4,9,11,8,11,9,9,0,0,6,3,7,5,2,0
10,5,5,5,5,6,8,0,9,11,8,4,4,7,3,0,8,0,8,9,4,6,3,3,7,2,4,10,10,0,2,2,10,10,3,3,5,10,7,6,0,0,6,10,2,11,2,7,4,6,8,5,9,9,9,6,10,3,0,4,3,5,2,2,6,3,6,4,11,3,11,5,4,6,11,10,8,4,2,5,9,10,10,7,10,5,6,3,6,6,7,3,10,10,11,10,11,5,5,7,5,8,9,10,8,10,10,5,5,3,8,4,8,3,3,4,8,8,0,9,0,3,4,5,10,4,9,0,2,10,5,2,4,3,8,5,10,0,9,0,10,10,2,2,7,4,8,6,3,2
11,6,6,6,6,7,9,2,10,0,9,5,5,8,4,2,9,2,9,10,5,7,4,4,8,3,5,11,11,2,3,3,11,11,4,4,6,11,8,7,2,2,7,11,3,0,3,8,5,7,9,6,10,10,10,7,11,4,2,5,4,6,3,3,7,4,7,5,0,4,0,6,5,7,0,11,9,5,3,6,10,11,11,8,11,6,7,4,7,7,8,4,11,11,0,11,0,6,6,8,6,9,10,11,9,11,11,6,6,4,9,5,9,4,4,5,9,9,2,10,2,4,5,6,11,5,10,2,3,11,6,3,5,4,9,6,11,2,10,2,11,11,3,3,8,5,9,7,4,3
0,7,7,7,7,8,10,3,11,2,10,6,6,9,5,3,10,3,10,11,6,8,5,5,9,4,6,0,0,3,4,4,0,0,5,5,7,0,9,8,3,3,8,0,4,2,4,9,6,8,10,7,11,11,11,8,0,5,3,6,5,7,4,4,8,5,8,6,2,5,2,7,6,8,2,0,10,6,4,7,11,0,0,9,0,7,8,5,8,8,9,5,0,0,2,0,2,7,7,9,7,10,11,0,10,0,0,7,7,5,10,6,10,5,5,6,10,10,3,11,3,5,6,7,0,6,11,3,4,0,7,4,6,5,10,7,0,3,11,3,0,0,4,4,9,6,10,8,5,4
2,8,8,8,8,9,11,4,0,3,11,7,7,10,6,4,11,4,11,0,7,9,6,6,10,5,7,2,2,4,5,5,2,2,6,6,8,2,10,9,4,4,9,2,5,3,5,10,7,9,11,8,0,0,0,9,2,6,4,7,6,8,5,5,9,6,9,7,3,6,3,8,7,9,3,2,11,7,5,8,0,2,2,10,2,8,9,6,9,9,10,6,2,2,3,2,3,8,8,10,8,11,0,2,11,2,2,8,8,6,11,7,11,6,6,7,11,11,4,0,4,6,7,8,2,7,0,4,5,2,8,5,7,6,11,8,2,4,0,4,2,2,5,5,10,7,11,9,6,5
3,9,9,9,9,10,0,5,2,4,0,8,8,11,7,5,0,5,0,2,8,10,7,7,11,6,8,3,3,5,6,6,3,3,7,7,9,3,11,10,5,5,10,3,6,4,6,11,8,10,0,9,2,2,2,10,3,7,5,8,7,9,6,6,10,7,10,8,4,7,4,9,8,10,4,3,0,8,6,9,2,3,3,11,3,9,10,7,10,10,11,7,3,3,4,3,4,9,9,11,9,0,2,3,0,3,3,9,9,7,0,8,0,7,7,8,0,0,5,2,5,7,8,9,3,8,2,5,6,3,9,6,8,7,0,9,3,5,2,5,3,3,6,6,11,8,0,10,7,6
4,10,10,10,10,11,2,6,3,5,2,9,9,0,8,6,2,6,2,3,9,11,8,8,0,7,9,4,4,6,7,7,4,4,8,8,10,4,0,11,6,6,11,4,7,5,7,0,9,11,2,10,3,3,3,11,4,8,6,9,8,10,7,7,11,8,11,9,5,8,5,10,9,11,5,4,2,9,7,10,3,4,4,0,4,10,11,8,11,11,0,8,4,4,5,4,5,10,10,0,10,2,3,4,2,4,4,10,10,8,2,9,2,8,8,9,2,2,6,3,6,8,9,10,4,9,3,6,7,4,10,7,9,8,2,10,4,6,3,6,4,4,7,7,0,9,2,11,8,7
5,11,11,11,11,0,3,7,4,6,3,10,10,2,9,7,3,7,3,4,10,0,9,9,2,8,10,5,5,7,8,8,5,5,9,9,11,5,2,0,7,7,0,5,8,6,8,2,10,0,3,11,4,4,4,0,5,9,7,10,9,11,8,8,0,9,0,10,6,9,6,11,10,0,6,5,3,10,8,11,4,5,5,2,5,11,0,9,0,0,2,9,5,5,6,5,6,11,11,2,11,3,4,5,3,5,5,11,11,9,3,10,3,9,9,10,3,3,7,4,7,9,10,11,5,10,4,7,8,5,11,8,10,9,3,11,5,7,4,7,5,5,8,8,2,10,3,0,9,8
6,0,0,0,0,2,4,8,5,7,4,11,11,3,10,8,4,8,4,5,11,2,10,10,3,9,11,6,6,8,9,9,6,6,10,10,0,6,3,2,8,8,2,6,9,7,9,3,11,2,4,0,5,5,5,2,6,10,8,11,10,0,9,9,2,10,2,11,7,10,7,0,11,2,7,6,4,11,9,0,5,6,6,3,6,0,2,10,2,2,3,10,6,6,7,6,7,0,0,3,0,4,5,6,4,6,6,0,0,10,4,11,4,10,10,11,4,4,8,5,8,10,11,0,6,11,5,8,9,6,0,9,11,10,4,0,6,8,5,8,6,6,9,9,3,11,4,2,10,9
7,2,2,2,2,3,5,9,6,8,5,0,0,4,11,9,5,9,5,6,0,3,11,11,4,10,0,7,7,9,10,10,7,7,11,11,2,7,4,3,9,9,3,7,10,8,10,4,0,3,5,2,6,6,6,3,7,11,9,0,11,2,10,10,3,11,3,0,8,11,8,2,0,3,8,7,5,0,10,2,6,7,7,4,7,2,3,11,3,3,4,11,7,7,8,7,8,2,2,4,2,5,6,7,5,7,7,2,2,11,5,0,5,11,11,0,5,5,9,6,9,11,0,2,7,0,6,9,10,7,2,10,0,11,5,2,7,9,6,9,7,7,10,10,4,0,5,3,11,10
8,3,3,3,3,4,6,10,7,9,6,2,2,5,0,10,6,10,6,7,2,4,0,0,5,11,2,8,8,10,11,11,8,8,0,0,3,8,5,4,10,10,4,8,11,9,11,5,2,4,6,3,7,7,7,4,8,0,10,2,0,3,11,11,4,0,4,2,9,0,9,3,2,4,9,8,6,2,11,3,7,8,8,5,8,3,4,0,4,4,5,0,8,8,9,8,9,3,3,5,3,6,7,8,6,8,8,3,3,0,6,2,6,0,0,2,6,6,10,7,10,0,2,3,8,2,7,10,11,8,3,11,2,0,6,3,8,10,7,10,8,8,11,11,5,2,6,4,0,11
9,4,4,4,4,5,7,11,8,10,7,3,3,6,2,11,7,11,7,8,3,5,2,2,6,0,3,9,9,11,0,0,9,9,2,2,4,9,6,5,11,11,5,9,0,10,0,6,3,5,7,4,8,8,8,5,9,2,11,3,2,4,0,0,5,2,5,3,10,2,10,4,3,5,10,9,7,3,0,4,8,9,9,6,9,4,5,2,5,5,6,2,9,9,10,9,10,4,4,6,4,7,8,9,7,9,9,4,4,2,7,3,7,2,2,3,7,7,11,8,11,2,3,4,9,3,8,11,0,9,4,0,3,2,7,4,9,11,8,11,9,9,0,0,6,3,7,5,2,0
10,5,5,5,5,6,8,0,9,11,8,4,4,7,3,0,8,0,8,9,4,6,3,3,7,2,4,10,10,0,2,2,10,10,3,3,5,10,7,6,0,0,6,10,2,11,2,7,4,6,8,5,9,9,9,6,10,3,0,4,3,5,2,2,6,3,6,4,11,3,11,5,4,6,11,10,8,4,2,5,9,10,10,7,10,5,6,3,6,6,7,3,10,10,11,10,11,5,5,7,5,8,9,10,8,10,10,5,5,3,8,4,8,3,3,4,8,8,0,9,0,3,4,5,10,4,9,0,2,10,5,2,4,3,8,5,10,0,9,0,10,10,2,2,7,4,8,6,3,2
11,6,6,6,6,7,9,2,10,0,9,5,5,8,4,2,9,2,9,10,5,7,4,4,8,3,5,11,11,2,3,3,11,11,4,4,6,11,8,7,2,2,7,11,3,0,3,8,5,7,9,6,10,10,10,7,11,4,2,5,4,6,3,3,7,4,7,5,0,4,0,6,5,7,0,11,9,5,3,6,10,11,11,8,11,6,7,4,7,7,8,4,11,11,0,11,0,6,6,8,6,9,10,11,9,11,11,6,6,4,9,5,9,4,4,5,9,9,2,10,2,4,5,6,11,5,10,2,3,11,6,3,5,4,9,6,11,2,10,2,11,11,3,3,8,5,9,7,4,3
0,7,7,7,7,8,10,3,11,2,10,6,6,9,5,3,10,3,10,11,6,8,5,5,9,4,6,0,0,3,4,4,0,0,5,5,7,0,9,8,3,3,8,0,4,2,4,9,6,8,10,7,11,11,11,8,0,5,3,6,5,7,4,4,8,5,8,6,2,5,2,7,6,8,2,0,10,6,4,7,11,0,0,9,0,7,8,5,8,8,9,5,0,0,2,0,2,7,7,9,7,10,11,0,10,0,0,7,7,5,10,6,10,5,5,6,10,10,3,11,3,5,6,7,0,6,11,3,4,0,7,4,6,5,10,7,0,3,11,3,0,0,4,4,9,6,10,8,5,4
2,8,8,8,8,9,11,4,0,3,11,7,7,10,6,4,11,4,11,0,7,9,6,6,10,5,7,2,2,4,5,5,2,2,6,6,8,2,10,9,4,4,9,2,5,3,5,10,7,9,11,8,0,0,0,9,2,6,4,7,6,8,5,5,9,6,9,7,3,6,3,8,7,9,3,2,11,7,5,8,0,2,2,10,2,8,9,6,9,9,10,6,2,2,3,2,3,8,8,10,8,11,0,2,11,2,2,8,8,6,11,7,11,6,6,7,11,11,4,0,4,6,7,8,2,7,0,4,5,2,8,5,7,6,11,8,2,4,0,4,2,2,5,5,10,7,11,9,6,5
3,9,9,9,9,10,0,5,2,4,0,8,8,11,7,5,0,5,0,2,8,10,7,7,11,6,8,3,3,5,6,6,3,3,7,7,9,3,11,10,5,5,10,3,6,4,6,11,8,10,0,9,2,2,2,10,3,7,5,8,7,9,6,6,10,7,10,8,4,7,4,9,8,10,4,3,0,8,6,9,2,3,3,11,3,9,10,7,10,10,11,7,3,3,4,3,4,9,9,11,9,0,2,3,0,3,3,9,9,7,0,8,0,7,7,8,0,0,5,2,5,7,8,9,3,8,2,5,6,3,9,6,8,7,0,9,3,5,2,5,3,3,6,6,11,8,0,10,7,6
4,10,10,10,10,11,2,6,3,5,2,9,9,0,8,6,2,6,2,3,9,11,8,8,0,7,9,4,4,6,7,7,4,4,8,8,10,4,0,11,6,6,11,4,7,5,7,0,9,11,2,10,3,3,3,11,4,8,6,9,8,10,7,7,11,8,11,9,5,8,5,10,9,11,5,4,2,9,7,10,3,4,4,0,4,10,11,8,11,11,0,8,4,4,5,4,5,10,10,0,10,2,3,4,2,4,4,10,10,8,2,9,2,8,8,9,2,2,6,3,6,8,9,10,4,9,3,6,7,4,10,7,9,8,2,10,4,6,3,6,4,4,7,7,0,9,2,11,8,7
5,11,11,11,11,0,3,7,4,6,3,10,10,2,9,7,3,7,3,4,10,0,9,9,2,8,10,5,5,7,8,8,5,5,9,9,11,5,2,0,7,7,0,5,8,6,8,2,10,0,3,11,4,4,4,0,5,9,7,10,9,11,8,8,0,9,0,10,6,9,6,11,10,0,6,5,3,10,8,11,4,5,5,2,5,11,0,9,0,0,2,9,5,5,6,5,6,11,11,2,11,3,4,5,3,5,5,11,11,9,3,10,3,9,9,10,3,3,7,4,7,9,10,11,5,10,4,7,8,5,11,8,10,9,3,11,5,7,4,7,5,5,8,8,2,10,3,0,9,8
6,0,0,0,0,2,4,8,5,7,4,11,11,3,10,8,4,8,4,5,11,2,10,10,3,9,11,6,6,8,9,9,6,6,10,10,0,6,3,2,8,8,2,6,9,7,9,3,11,2,4,0,5,5,5,2,6,10,8,11,10,0,9,9,2,10,2,11,7,10,7,0,11,2,7,6,4,11,9,0,5,6,6,3,6,0,2,10,2,2,3,10,6,6,7,6,7,0,0,3,0,4,5,6,4,6,6,0,0,10,4,11,4,10,10,11,4,4,8,5,8,10,11,0,6,11,5,8,9,6,0,9,11,10,4,0,6,8,5,8,6,6,9,9,3,11,4,2,10,9
7,2,2,2,2,3,5,9,6,8,5,0,0,4,11,9,5,9,5,6,0,3,11,11,4,10,0,7,7,9,10,10,7,7,11,11,2,7,4,3,9,9,3,7,10,8,10,4,0,3,5,2,6,6,6,3,7,11,9,0,11,2,10,10,3,11,3,0,8,11,8,2,0,3,8,7,5,0,10,2,6,7,7,4,7,2,3,11,3,3,4,11,7,7,8,7,8,2,2,4,2,5,6,7,5,7,7,2,2,11,5,0,5,11,11,0,5,5,9,6,9,11,0,2,7,0,6,9,10,7,2,10,0,11,5,2,7,9,6,9,7,7,10,10,4,0,5,3,11,10
8,3,3,3,3,4,6,10,7,9,6,2,2,5,0,10,6,10,6,7,2,4,0,0,5,11,2,8,8,10,11,11,8,8,0,0,3,8,5,4,10,10,4,8,11,9,11,5,2,4,6,3,7,7,7,4,8,0,10,2,0,3,11,11,4,0,4,2,9,0,9,3,2,4,9,8,6,2,11,3,7,8,8,5,8,3,4,0,4,4,5,0,8,8,9,8,9,3,3,5,3,6,7,8,6,8,8,3,3,0,6,2,6,0,0,2,6,6,10,7,10,0,2,3,8,2,7,10,11,8,3,11,2,0,6,3,8,10,7,10,8,8,11,11,5,2,6,4,0,11
9,4,4,4,4,5,7,11,8,10,7,3,3,6,2,11,7,11,7,8,3,5,2,2,6,0,3,9,9,11,0,0,9,9,2,2,4,9,6,5,11,11,5,9,0,10,0,6,3,5,7,4,8,8,8,5,9,2,11,3,2,4,0,0,5,2,5,3,10,2,10,4,3,5,10,9,7,3,0,4,8,9,9,6,9,4,5,2,5,5,6,2,9,9,10,9,10,4,4,6,4,7,8,9,7,9,9,4,4,2,7,3,7,2,2,3,7,7,11,8,11,2,3,4,9,3,8,11,0,9,4,0,3,2,7,4,9,11,8,11,9,9,0,0,6,3,7,5,2,0
10,5,5,5,5,6,8,0,9,11,8,4,4,7,3,0,8,0,8,9,4,6,3,3,7,2,4,10,10,0,2,2,10,10,3,3,5,10,7,6,0,0,6,10,2,11,2,7,4,6,8,5,9,9,9,6,10,3,0,4,3,5,2,2,6,3,6,4,11,3,11,5,4,6,11,10,8,4,2,5,9,10,10,7,10,5,6,3,6,6,7,3,10,10,11,10,11,5,5,7,5,8,9,10,8,10,10,5,5,3,8,4,8,3,3,4,8,8,0,9,0,3,4,5,10,4,9,0,2,10,5,2,4,3,8,5,10,0,9,0,10,10,2,2,7,4,8,6,3,2
11,6,6,6,6,7,9,2,10,0,9,5,5,8,4,2,9,2,9,10,5,7,4,4,8,3,5,11,11,2,3,3,11,11,4,4,6,11,8,7,2,2,7,11,3,0,3,8,5,7,9,6,10,10,10,7,11,4,2,5,4,6,3,3,7,4,7,5,0,4,0,6,5,7,0,11,9,5,3,6,10,11,11,8,11,6,7,4,7,7,8,4,11,11,0,11,0,6,6,8,6,9,10,11,9,11,11,6,6,4,9,5,9,4,4,5,9,9,2,10,2,4,5,6,11,5,10,2,3,11,6,3,5,4,9,6,11,2,10,2,11,11,3,3,8,5,9,7,4,3
0,7,7,7,7,8,10,3,11,2,10,6,6,9,5,3,10,3,10,11,6,8,5,5,9,4,6,0,0,3,4,4,0,0,5,5,7,0,9,8,3,3,8,0,4,2,4,9,6,8,10,7,11,11,11,8,0,5,3,6,5,7,4,4,8,5,8,6,2,5,2,7,6,8,2,0,10,6,4,7,11,0,0,9,0,7,8,5,8,8,9,5,0,0,2,0,2,7,7,9,7,10,11,0,10,0,0,7,7,5,10,6,10,5,5,6,10,10,3,11,3,5,6,7,0,6,11,3,4,0,7,4,6,5,10,7,0,3,11,3,0,0,4,4,9,6,10,8,5,4
2,8,8,8,8,9,11,4,0,3,11,7,7,10,6,4,11,4,11,0,7,9,6,6,10,5,7,2,2,4,5,5,2,2,6,6,8,2,10,9,4,4,9,2,5,3,5,10,7,9,11,8,0,0,0,9,2,6,4,7,6,8,5,5,9,6,9,7,3,6,3,8,7,9,3,2,11,7,5,8,0,2,2,10,2,8,9,6,9,9,10,6,2,2,3,2,3,8,8,10,8,11,0,2,11,2,2,8,8,6,11,7,11,6,6,7,11,11,4,0,4,6,7,8,2,7,0,4,5,2,8,5,7,6,11,8,2,4,0,4,2,2,5,5,10,7,11,9,6,5
3,9,9,9,9,10,0,5,2,4,0,8,8,11,7,5,0,5,0,2,8,10,7,7,11,6,8,3,3,5,6,6,3,3,7,7,9,3,11,10,5,5,10,3,6,4,6,11,8,10,0,9,2,2,2,10,3,7,5,8,7,9,6,6,10,7,10,8,4,7,4,9,8,10,4,3,0,8,6,9,2,3,3,11,3,9,10,7,10,10,11,7,3,3,4,3,4,9,9,11,9,0,2,3,0,3,3,9,9,7,0,8,0,7,7,8,0,0,5,2,5,7,8,9,3,8,2,5,6,3,9,6,8,7,0,9,3,5,2,5,3,3,6,6,11,8,0,10,7,6
4,10,10,10,10,11,2,6,3,5,2,9,9,0,8,6,2,6,2,3,9,11,8,8,0,7,9,4,4,6,7,7,4,4,8,8,10,4,0,11,6,6,11,4,7,5,7,0,9,11,2,10,3,3,3,11,4,8,6,9,8,10,7,7,11,8,11,9,5,8,5,10,9,11,5,4,2,9,7,10,3,4,4,0,4,10,11,8,11,11,0,8,4,4,5,4,5,10,10,0,10,2,3,4,2,4,4,10,10,8,2,9,2,8,8,9,2,2,6,3,6,8,9,10,4,9,3,6,7,4,10,7,9,8,2,10,4,6,3,6,4,4,7,7,0,9,2,11,8,7
5,11,11,11,11,0,3,7,4,6,3,10,10,2,9,7,3,7,3,4,10,0,9,9,2,8,10,5,5,7,8,8,5,5,9,9,11,5,2,0,7,7,0,5,8,6,8,2,10,0,3,11,4,4,4,0,5,9,7,10,9,11,8,8,0,9,0,10,6,9,6,11,10,0,6,5,3,10,8,11,4,5,5,2,5,11,0,9,0,0,2,9,5,5,6,5,6,11,11,2,11,3,4,5,3,5,5,11,11,9,3,10,3,9,9,10,3,3,7,4,7,9,10,11,5,10,4,7,8,5,11,8,10,9,3,11,5,7,4,7,5,5,8,8,2,10,3,0,9,8
6,0,0,0,0,2,4,8,5,7,4,11,11,3,10,8,4,8,4,5,11,2,10,10,3,9,11,6,6,8,9,9,6,6,10,10,0,6,3,2,8,8,2,6,9,7,9,3,11,2,4,0,5,5,5,2,6,10,8,11,10,0,9,9,2,10,2,11,7,10,7,0,11,2,7,6,4,11,9,0,5,6,6,3,6,0,2,10,2,2,3,10,6,6,7,6,7,0,0,3,0,4,5,6,4,6,6,0,0,10,4,11,4,10,10,11,4,4,8,5,8,10,11,0,6,11,5,8,9,6,0,9,11,10,4,0,6,8,5,8,6,6,9,9,3,11,4,2,10,9
7,2,2,2,2,3,5,9,6,8,5,0,0,4,11,9,5,9,5,6,0,3,11,11,4,10,0,7,7,9,10,10,7,7,11,11,2,7,4,3,9,9,3,7,10,8,10,4,0,3,5,2,6,6,6,3,7,11,9,0,11,2,10,10,3,11,3,0,8,11,8,2,0,3,8,7,5,0,10,2,6,7,7,4,7,2,3,11,3,3,4,11,7,7,8,7,8,2,2,4,2,5,6,7,5,7,7,2,2,11,5,0,5,11,11,0,5,5,9,6,9,11,0,2,7,0,6,9,10,7,2,10,0,11,5,2,7,9,6,9,7,7,10,10,4,0,5,3,11,10
8,3,3,3,3,4,6,10,7,9,6,2,2,5,0,10,6,10,6,7,2,4,0,0,5,11,2,8,8,10,11,11,8,8,0,0,3,8,5,4,10,10,4,8,11,9,11,5,2,4,6,3,7,7,7,4,8,0,10,2,0,3,11,11,4,0,4,2,9,0,9,3,2,4,9,8,6,2,11,3,7,8,8,5,8,3,4,0,4,4,5,0,8,8,9,8,9,3,3,5,3,6,7,8,6,8,8,3,3,0,6,2,6,0,0,2,6,6,10,7,10,0,2,3,8,2,7,10,11,8,3,11,2,0,6,3,8,10,7,10,8,8,11,11,5,2,6,4,0,11
9,4,4,4,4,5,7,11,8,10,7,3,3,6,2,11,7,11,7,8,3,5,2,2,6,0,3,9,9,11,0,0,9,9,2,2,4,9,6,5,11,11,5,9,0,10,0,6,3,5,7,4,8,8,8,5,9,2,11,3,2,4,0,0,5,2,5,3,10,2,10,4,3,5,10,9,7,3,0,4,8,9,9,6,9,4,5,2,5,5,6,2,9,9,10,9,10,4,4,6,4,7,8,9,7,9,9,4,4,2,7,3,7,2,2,3,7,7,11,8,11,2,3,4,9,3,8,11,0,9,4,0,3,2,7,4,9,11,8,11,9,9,0,0,6,3,7,5,2,0
10,5,5,5,5,6,8,0,9,11,8,4,4,7,3,0,8,0,8,9,4,6,3,3,7,2,4,10,10,0,2,2,10,10,3,3,5,10,7,6,0,0,6,10,2,11,2,7,4,6,8,5,9,9,9,6,10,3,0,4,3,5,2,2,6,3,6,4,11,3,11,5,4,6,11,10,8,4,2,5,9,10,10,7,10,5,6,3,6,6,7,3,10,10,11,10,11,5,5,7,5,8,9,10,8,10,10,5,5,3,8,4,8,3,3,4,8,8,0,9,0,3,4,5,10,4,9,0,2,10,5,2,4,3,8,5,10,0,9,0,10,10,2,2,7,4,8,6,3,2
11,6,6,6,6,7,9,2,10,0,9,5,5,8,4,2,9,2,9,10,5,7,4,4,8,3,5,11,11,2,3,3,11,11,4,4,6,11,8,7,2,2,7,11,3,0,3,8,5,7,9,6,10,10,10,7,11,4,2,5,4,6,3,3,7,4,7,5,0,4,0,6,5,7,0,11,9,5,3,6,10,11,11,8,11,6,7,4,7,7,8,4,11,11,0,11,0,6,6,8,6,9,10,11,9,11,11,6,6,4,9,5,9,4,4,5,9,9,2,10,2,4,5,6,11,5,10,2,3,11,6,3,5,4,9,6,11,2,10,2,11,11,3,3,8,5,9,7,4,3
0,7,7,7,7,8,10,3,11,2,10,6,6,9,5,3,10,3,10,11,6,8,5,5,9,4,6,0,0,3,4,4,0,0,5,5,7,0,9,8,3,3,8,0,4,2,4,9,6,8,10,7,11,11,11,8,0,5,3,6,5,7,4,4,8,5,8,6,2,5,2,7,6,8,2,0,10,6,4,7,11,0,0,9,0,7,8,5,8,8,9,5,0,0,2,0,2,7,7,9,7,10,11,0,10,0,0,7,7,5,10,6,10,5,5,6,10,10,3,11,3,5,6,7,0,6,11,3,4,0,7,4,6,5,10,7,0,3,11,3,0,0,4,4,9,6,10,8,5,4
2,8,8,8,8,9,11,4,0,3,11,7,7,10,6,4,11,4,11,0,7,9,6,6,10,5,7,2,2,4,5,5,2,2,6,6,8,2,10,9,4,4,9,2,5,3,5,10,7,9,11,8,0,0,0,9,2,6,4,7,6,8,5,5,9,6,9,7,3,6,3,8,7,9,3,2,11,7,5,8,0,2,2,10,2,8,9,6,9,9,10,6,2,2,3,2,3,8,8,10,8,11,0,2,11,2,2,8,8,6,11,7,11,6,6,7,11,11,4,0,4,6,7,8,2,7,0,4,5,2,8,5,7,6,11,8,2,4,0,4,2,2,5,5,10,7,11,9,6,5
3,9,9,9,9,10,0,5,2,4,0,8,8,11,7,5,0,5,0,2,8,10,7,7,11,6,8,3,3,5,6,6,3,3,7,7,9,3,11,10,5,5,10,3,6,4,6,11,8,10,0,9,2,2,2,10,3,7,5,8,7,9,6,6,10,7,10,8,4,7,4,9,8,10,4,3,0,8,6,9,2,3,3,11,3,9,10,7,10,10,11,7,3,3,4,3,4,9,9,11,9,0,2,3,0,3,3,9,9,7,0,8,0,7,7,8,0,0,5,2,5,7,8,9,3,8,2,5,6,3,9,6,8,7,0,9,3,5,2,5,3,3,6,6,11,8,0,10,7,6
4,10,10,10,10,11,2,6,3,5,2,9,9,0,8,6,2,6,2,3,9,11,8,8,0,7,9,4,4,6,7,7,4,4,8,8,10,4,0,11,6,6,11,4,7,5,7,0,9,11,2,10,3,3,3,11,4,8,6,9,8,10,7,7,11,8,11,9,5,8,5,10,9,11,5,4,2,9,7,10,3,4,4,0,4,10,11,8,11,11,0,8,4,4,5,4,5,10,10,0,10,2,3,4,2,4,4,10,10,8,2,9,2,8,8,9,2,2,6,3,6,8,9,10,4,9,3,6,7,4,10,7,9,8,2,10,4,6,3,6,4,4,7,7,0,9,2,11,8,7
5,11,11,11,11,0,3,7,4,6,3,10,10,2,9,7,3,7,3,4,10,0,9,9,2,8,10,5,5,7,8,8,5,5,9,9,11,5,2,0,7,7,0,5,8,6,8,2,10,0,3,11,4,4,4,0,5,9,7,10,9,11,8,8,0,9,0,10,6,9,6,11,10,0,6,5,3,10,8,11,4,5,5,2,5,11,0,9,0,0,2,9,5,5,6,5,6,11,11,2,11,3,4,5,3,5,5,11,11,9,3,10,3,9,9,10,3,3,7,4,7,9,10,11,5,10,4,7,8,5,11,8,10,9,3,11,5,7,4,7,5,5,8,8,2,10,3,0,9,8
6,0,0,0,0,2,4,8,5,7,4,11,11,3,10,8,4,8,4,5,11,2,10,10,3,9,11,6,6,8,9,9,6,6,10,10,0,6,3,2,8,8,2,6,9,7,9,3,11,2,4,0,5,5,5,2,6,10,8,11,10,0,9,9,2,10,2,11,7,10,7,0,11,2,7,6,4,11,9,0,5,6,6,3,6,0,2,10,2,2,3,10,6,6,7,6,7,0,0,3,0,4,5,6,4,6,6,0,0,10,4,11,4,10,10,11,4,4,8,5,8,10,11,0,6,11,5,8,9,6,0,9,11,10,4,0,6,8,5,8,6,6,9,9,3,11,4,2,10,9
7,2,2,2,2,3,5,9,6,8,5,0,0,4,11,9,5,9,5,6,0,3,11,11,4,10,0,7,7,9,10,10,7,7,11,11,2,7,4,3,9,9,3,7,10,8,10,4,0,3,5,2,6,6,6,3,7,11,9,0,11,2,10,10,3,11,3,0,8,11,8,2,0,3,8,7,5,0,10,2,6,7,7,4,7,2,3,11,3,3,4,11,7,7,8,7,8,2,2,4,2,5,6,7,5,7,7,2,2,11,5,0,5,11,11,0,5,5,9,6,9,11,0,2,7,0,6,9,10,7,2,10,0,11,5,2,7,9,6,9,7,7,10,10,4,0,5,3,11,10
8,3,3,3,3,4,6,10,7,9,6,2,2,5,0,10,6,10,6,7,2,4,0,0,5,11,2,8,8,10,11,11,8,8,0,0,3,8,5,4,10,10,4,8,11,9,11,5,2,4,6,3,7,7,7,4,8,0,10,2,0,3,11,11,4,0,4,2,9,0,9,3,2,4,9,8,6,2,11,3,7,8,8,5,8,3,4,0,4,4,5,0,8,8,9,8,9,3,3,5,3,6,7,8,6,8,8,3,3,0,6,2,6,0,0,2,6,6,10,7,10,0,2,3,8,2,7,10,11,8,3,11,2,0,6,3,8,10,7,10,8,8,11,11,5,2,6,4,0,11
9,4,4,4,4,5,7,11,8,10,7,3,3,6,2,11,7,11,7,8,3,5,2,2,6,0,3,9,9,11,0,0,9,9,2,2,4,9,6,5,11,11,5,9,0,10,0,6,3,5,7,4,8,8,8,5,9,2,11,3,2,4,0,0,5,2,5,3,10,2,10,4,3,5,10,9,7,3,0,4,8,9,9,6,9,4,5,2,5,5,6,2,9,9,10,9,10,4,4,6,4,7,8,9,7,9,9,4,4,2,7,3,7,2,2,3,7,7,11,8,11,2,3,4,9,3,8,11,0,9,4,0,3,2,7,4,9,11,8,11,9,9,0,0,6,3,7,5,2,0
10,5,5,5,5,6,8,0,9,11,8,4,4,7,3,0,8,0,8,9,4,6,3,3,7,2,4,10,10,0,2,2,10,10,3,3,5,10,7,6,0,0,6,10,2,11,2,7,4,6,8,5,9,9,9,6,10,3,0,4,3,5,2,2,6,3,6,4,11,3,11,5,4,6,11,10,8,4,2,5,9,10,10,7,10,5,6,3,6,6,7,3,10,10,11,10,11,5,5,7,5,8,9,10,8,10,10,5,5,3,8,4,8,3,3,4,8,8,0,9,0,3,4,5,10,4,9,0,2,10,5,2,4,3,8,5,10,0,9,0,10,10,2,2,7,4,8,6,3,2
11,6,6,6,6,7,9,2,10,0,9,5,5,8,4,2,9,2,9,10,5,7,4,4,8,3,5,11,11,2,3,3,11,11,4,4,6,11,8,7,2,2,7,11,3,0,3,8,5,7,9,6,10,10,10,7,11,4,2,5,4,6,3,3,7,4,7,5,0,4,0,6,5,7,0,11,9,5,3,6,10,11,11,8,11,6,7,4,7,7,8,4,11,11,0,11,0,6,6,8,6,9,10,11,9,11,11,6,6,4,9,5,9,4,4,5,9,9,2,10,2,4,5,6,11,5,10,2,3,11,6,3,5,4,9,6,11,2,10,2,11,11,3,3,8,5,9,7,4,3
0,7,7,7,7,8,10,3,11,2,10,6,6,9,5,3,10,3,10,11,6,8,5,5,9,4,6,0,0,3,4,4,0,0,5,5,7,0,9,8,3,3,8,0,4,2,4,9,6,8,10,7,11,11,11,8,0,5,3,6,5,7,4,4,8,5,8,6,2,5,2,7,6,8,2,0,10,6,4,7,11,0,0,9,0,7,8,5,8,8,9,5,0,0,2,0,2,7,7,9,7,10,11,0,10,0,0,7,7,5,10,6,10,5,5,6,10,10,3,11,3,5,6,7,0,6,11,3,4,0,7,4,6,5,10,7,0,3,11,3,0,0,4,4,9,6,10,8,5,4
2,8,8,8,8,9,11,4,0,3,11,7,7,10,6,4,11,4,11,0,7,9,6,6,10,5,7,2,2,4,5,5,2,2,6,6,8,2,10,9,4,4,9,2,5,3,5,10,7,9,11,8,0,0,0,9,2,6,4,7,6,8,5,5,9,6,9,7,3,6,3,8,7,9,3,2,11,7,5,8,0,2,2,10,2,8,9,6,9,9,10,6,2,2,3,2,3,8,8,10,8,11,0,2,11,2,2,8,8,6,11,7,11,6,6,7,11,11,4,0,4,6,7,8,2,7,0,4,5,2,8,5,7,6,11,8,2,4,0,4,2,2,5,5,10,7,11,9,6,5
3,9,9,9,9,10,0,5,2,4,0,8,8,11,7,5,0,5,0,2,8,10,7,7,11,6,8,3,3,5,6,6,3,3,7,7,9,3,11,10,5,5,10,3,6,4,6,11,8,10,0,9,2,2,2,10,3,7,5,8,7,9,6,6,10,7,10,8,4,7,4,9,8,10,4,3,0,8,6,9,2,3,3,11,3,9,10,7,10,10,11,7,3,3,4,3,4,9,9,11,9,0,2,3,0,3,3,9,9,7,0,8,0,7,7,8,0,0,5,2,5,7,8,9,3,8,2,5,6,3,9,6,8,7,0,9,3,5,2,5,3,3,6,6,11,8,0,10,7,6
4,10,10,10,10,11,2,6,3,5,2,9,9,0,8,6,2,6,2,3,9,11,8,8,0,7,9,4,4,6,7,7,4,4,8,8,10,4,0,11,6,6,11,4,7,5,7,0,9,11,2,10,3,3,3,11,4,8,6,9,8,10,7,7,11,8,11,9,5,8,5,10,9,11,5,4,2,9,7,10,3,4,4,0,4,10,11,8,11,11,0,8,4,4,5,4,5,10,10,0,10,2,3,4,2,4,4,10,10,8,2,9,2,8,8,9,2,2,6,3,6,8,9,10,4,9,3,6,7,4,10,7,9,8,2,10,4,6,3,6,4,4,7,7,0,9,2,11,8,7
5,11,11,11,11,0,3,7,4,6,3,10,10,2,9,7,3,7,3,4,10,0,9,9,2,8,10,5,5,7,8,8,5,5,9,9,11,5,2,0,7,7,0,5,8,6,8,2,10,0,3,11,4,4,4,0,5,9,7,10,9,11,8,8,0,9,0,10,6,9,6,11,10,0,6,5,3,10,8,11,4,5,5,2,5,11,0,9,0,0,2,9,5,5,6,5,6,11,11,2,11,3,4,5,3,5,5,11,11,9,3,10,3,9,9,10,3,3,7,4,7,9,10,11,5,10,4,7,8,5,11,8,10,9,3,11,5,7,4,7,5,5,8,8,2,10,3,0,9,8
6,0,0,0,0,2,4,8,5,7,4,11,11,3,10,8,4,8,4,5,11,2,10,10,3,9,11,6,6,8,9,9,6,6,10,10,0,6,3,2,8,8,2,6,9,7,9,3,11,2,4,0,5,5,5,2,6,10,8,11,10,0,9,9,2,10,2,11,7,10,7,0,11,2,7,6,4,11,9,0,5,6,6,3,6,0,2,10,2,2,3,10,6,6,7,6,7,0,0,3,0,4,5,6,4,6,6,0,0,10,4,11,4,10,10,11,4,4,8,5,8,10,11,0,6,11,5,8,9,6,0,9,11,10,4,0,6,8,5,8,6,6,9,9,3,11,4,2,10,9
7,2,2,2,2,3,5,9,6,8,5,0,0,4,11,9,5,9,5,6,0,3,11,11,4,10,0,7,7,9,10,10,7,7,11,11,2,7,4,3,9,9,3,7,10,8,10,4,0,3,5,2,6,6,6,3,7,11,9,0,11,2,10,10,3,11,3,0,8,11,8,2,0,3,8,7,5,0,10,2,6,7,7,4,7,2,3,11,3,3,4,11,7,7,8,7,8,2,2,4,2,5,6,7,5,7,7,2,2,11,5,0,5,11,11,0,5,5,9,6,9,11,0,2,7,0,6,9,10,7,2,10,0,11,5,2,7,9,6,9,7,7,10,10,4,0,5,3,11,10
8,3,3,3,3,4,6,10,7,9,6,2,2,5,0,10,6,10,6,7,2,4,0,0,5,11,2,8,8,10,11,11,8,8,0,0,3,8,5,4,10,10,4,8,11,9,11,5,2,4,6,3,7,7,7,4,8,0,10,2,0,3,11,11,4,0,4,2,9,0,9,3,2,4,9,8,6,2,11,3,7,8,8,5,8,3,4,0,4,4,5,0,8,8,9,8,9,3,3,5,3,6,7,8,6,8,8,3,3,0,6,2,6,0,0,2,6,6,10,7,10,0,2,3,8,2,7,10,11,8,3,11,2,0,6,3,8,10,7,10,8,8,11,11,5,2,6,4,0,11
9,4,4,4,4,5,7,11,8,10,7,3,3,6,2,11,7,11,7,8,3,5,2,2,6,0,3,9,9,11,0,0,9,9,2,2,4,9,6,5,11,11,5,9,0,10,0,6,3,5,7,4,8,8,8,5,9,2,11,3,2,4,0,0,5,2,5,3,10,2,10,4,3,5,10,9,7,3,0,4,8,9,9,6,9,4,5,2,5,5,6,2,9,9,10,9,10,4,4,6,4,7,8,9,7,9,9,4,4,2,7,3,7,2,2,3,7,7,11,8,11,2,3,4,9,3,8,11,0,9,4,0,3,2,7,4,9,11,8,11,9,9,0,0,6,3,7,5,2,0
10,5,5,5,5,6,8,0,9,11,8,4,4,7,3,0,8,0,8,9,4,6,3,3,7,2,4,10,10,0,2,2,10,10,3,3,5,10,7,6,0,0,6,10,2,11,2,7,4,6,8,5,9,9,9,6,10,3,0,4,3,5,2,2,6,3,6,4,11,3,11,5,4,6,11,10,8,4,2,5,9,10,10,7,10,5,6,3,6,6,7,3,10,10,11,10,11,5,5,7,5,8,9,10,8,10,10,5,5,3,8,4,8,3,3,4,8,8,0,9,0,3,4,5,10,4,9,0,2,10,5,2,4,3,8,5,10,0,9,0,10,10,2,2,7,4,8,6,3,2
11,6,6,6,6,7,9,2,10,0,9,5,5,8,4,2,9,2,9,10,5,7,4,4,8,3,5,11,11,2,3,3,11,11,4,4,6,11,8,7,2,2,7,11,3,0,3,8,5,7,9,6,10,10,10,7,11,4,2,5,4,6,3,3,7,4,7,5,0,4,0,6,5,7,0,11,9,5,3,6,10,11,11,8,11,6,7,4,7,7,8,4,11,11,0,11,0,6,6,8,6,9,10,11,9,11,11,6,6,4,9,5,9,4,4,5,9,9,2,10,2,4,5,6,11,5,10,2,3,11,6,3,5,4,9,6,11,2,10,2,11,11,3,3,8,5,9,7,4,3
0,7,7,7,7,8,10,3,11,2,10,6,6,9,5,3,10,3,10,11,6,8,5,5,9,4,6,0,0,3,4,4,0,0,5,5,7,0,9,8,3,3,8,0,4,2,4,9,6,8,10,7,11,11,11,8,0,5,3,6,5,7,4,4,8,5,8,6,2,5,2,7,6,8,2,0,10,6,4,7,11,0,0,9,0,7,8,5,8,8,9,5,0,0,2,0,2,7,7,9,7,10,11,0,10,0,0,7,7,5,10,6,10,5,5,6,10,10,3,11,3,5,6,7,0,6,11,3,4,0,7,4,6,5,10,7,0,3,11,3,0,0,4,4,9,6,10,8,5,4
2,8,8,8,8,9,11,4,0,3,11,7,7,10,6,4,11,4,11,0,7,9,6,6,10,5,7,2,2,4,5,5,2,2,6,6,8,2,10,9,4,4,9,2,5,3,5,10,7,9,11,8,0,0,0,9,2,6,4,7,6,8,5,5,9,6,9,7,3,6,3,8,7,9,3,2,11,7,5,8,0,2,2,10,2,8,9,6,9,9,10,6,2,2,3,2,3,8,8,10,8,11,0,2,11,2,2,8,8,6,11,7,11,6,6,7,11,11,4,0,4,6,7,8,2,7,0,4,5,2,8,5,7,6,11,8,2,4,0,4,2,2,5,5,10,7,11,9,6,5
3,9,9,9,9,10,0,5,2,4,0,8,8,11,7,5,0,5,0,2,8,10,7,7,11,6,8,3,3,5,6,6,3,3,7,7,9,3,11,10,5,5,10,3,6,4,6,11,8,10,0,9,2,2,2,10,3,7,5,8,7,9,6,6,10,7,10,8,4,7,4,9,8,10,4,3,0,8,6,9,2,3,3,11,3,9,10,7,10,10,11,7,3,3,4,3,4,9,9,11,9,0,2,3,0,3,3,9,9,7,0,8,0,7,7,8,0,0,5,2,5,7,8,9,3,8,2,5,6,3,9,6,8,7,0,9,3,5,2,5,3,3,6,6,11,8,0,10,7,6
4,10,10,10,10,11,2,6,3,5,2,9,9,0,8,6,2,6,2,3,9,11,8,8,0,7,9,4,4,6,7,7,4,4,8,8,10,4,0,11,6,6,11,4,7,5,7,0,9,11,2,10,3,3,3,11,4,8,6,9,8,10,7,7,11,8,11,9,5,8,5,10,9,11,5,4,2,9,7,10,3,4,4,0,4,10,11,8,11,11,0,8,4,4,5,4,5,10,10,0,10,2,3,4,2,4,4,10,10,8,2,9,2,8,8,9,2,2,6,3,6,8,9,10,4,9,3,6,7,4,10,7,9,8,2,10,4,6,3,6,4,4,7,7,0,9,2,11,8,7
5,11,11,11,11,0,3,7,4,6,3,10,10,2,9,7,3,7,3,4,10,0,9,9,2,8,10,5,5,7,8,8,5,5,9,9,11,5,2,0,7,7,0,5,8,6,8,2,10,0,3,11,4,4,4,0,5,9,7,10,9,11,8,8,0,9,0,10,6,9,6,11,10,0,6,5,3,10,8,11,4,5,5,2,5,11,0,9,0,0,2,9,5,5,6,5,6,11,11,2,11,3,4,5,3,5,5,11,11,9,3,10,3,9,9,10,3,3,7,4,7,9,10,11,5,10,4,7,8,5,11,8,10,9,3,11,5,7,4,7,5,5,8,8,2,10,3,0,9,8
6,0,0,0,0,2,4,8,5,7,4,11,11,3,10,8,4,8,4,5,11,2,10,10,3,9,11,6,6,8,9,9,6,6,10,10,0,6,3,2,8,8,2,6,9,7,9,3,11,2,4,0,5,5,5,2,6,10,8,11,10,0,9,9,2,10,2,11,7,10,7,0,11,2,7,6,4,11,9,0,5,6,6,3,6,0,2,10,2,2,3,10,6,6,7,6,7,0,0,3,0,4,5,6,4,6,6,0,0,10,4,11,4,10,10,11,4,4,8,5,8,10,11,0,6,11,5,8,9,6,0,9,11,10,4,0,6,8,5,8,6,6,9,9,3,11,4,2,10,9
7,2,2,2,2,3,5,9,6,8,5,0,0,4,11,9,5,9,5,6,0,3,11,11,4,10,0,7,7,9,10,10,7,7,11,11,2,7,4,3,9,9,3,7,10,8,10,4,0,3,5,2,6,6,6,3,7,11,9,0,11,2,10,10,3,11,3,0,8,11,8,2,0,3,8,7,5,0,10,2,6,7,7,4,7,2,3,11,3,3,4,11,7,7,8,7,8,2,2,4,2,5,6,7,5,7,7,2,2,11,5,0,5,11,11,0,5,5,9,6,9,11,0,2,7,0,6,9,10,7,2,10,0,11,5,2,7,9,6,9,7,7,10,10,4,0,5,3,11,10
8,3,3,3,3,4,6,10,7,9,6,2,2,5,0,10,6,10,6,7,2,4,0,0,5,11,2,8,8,10,11,11,8,8,0,0,3,8,5,4,10,10,4,8,11,9,11,5,2,4,6,3,7,7,7,4,8,0,10,2,0,3,11,11,4,0,4,2,9,0,9,3,2,4,9,8,6,2,11,3,7,8,8,5,8,3,4,0,4,4,5,0,8,8,9,8,9,3,3,5,3,6,7,8,6,8,8,3,3,0,6,2,6,0,0,2,6,6,10,7,10,0,2,3,8,2,7,10,11,8,3,11,2,0,6,3,8,10,7,10,8,8,11,11,5,2,6,4,0,11
9,4,4,4,4,5,7,11,8,10,7,3,3,6,2,11,7,11,7,8,3,5,2,2,6,0,3,9,9,11,0,0,9,9,2,2,4,9,6,5,11,11,5,9,0,10,0,6,3,5,7,4,8,8,8,5,9,2,11,3,2,4,0,0,5,2,5,3,10,2,10,4,3,5,10,9,7,3,0,4,8,9,9,6,9,4,5,2,5,5,6,2,9,9,10,9,10,4,4,6,4,7,8,9,7,9,9,4,4,2,7,3,7,2,2,3,7,7,11,8,11,2,3,4,9,3,8,11,0,9,4,0,3,2,7,4,9,11,8,11,9,9,0,0,6,3,7,5,2,0
10,5,5,5,5,6,8,0,9,11,8,4,4,7,3,0,8,0,8,9,4,6,3,3,7,2,4,10,10,0,2,2,10,10,3,3,5,10,7,6,0,0,6,10,2,11,2,7,4,6,8,5,9,9,9,6,10,3,0,4,3,5,2,2,6,3,6,4,11,3,11,5,4,6,11,10,8,4,2,5,9,10,10,7,10,5,6,3,6,6,7,3,10,10,11,10,11,5,5,7,5,8,9,10,8,10,10,5,5,3,8,4,8,3,3,4,8,8,0,9,0,3,4,5,10,4,9,0,2,10,5,2,4,3,8,5,10,0,9,0,10,10,2,2,7,4,8,6,3,2
11,6,6,6,6,7,9,2,10,0,9,5,5,8,4,2,9,2,9,10,5,7,4,4,8,3,5,11,11,2,3,3,11,11,4,4,6,11,8,7,2,2,7,11,3,0,3,8,5,7,9,6,10,10,10,7,11,4,2,5,4,6,3,3,7,4,7,5,0,4,0,6,5,7,0,11,9,5,3,6,10,11,11,8,11,6,7,4,7,7,8,4,11,11,0,11,0,6,6,8,6,9,10,11,9,11,11,6,6,4,9,5,9,4,4,5,9,9,2,10,2,4,5,6,11,5,10,2,3,11,6,3,5,4,9,6,11,2,10,2,11,11,3,3,8,5,9,7,4,3
0,7,7,7,7,8,10,3,11,2,10,6,6,9,5,3,10,3,10,11,6,8,5,5,9,4,6,0,0,3,4,4,0,0,5,5,7,0,9,8,3,3,8,0,4,2,4,9,6,8,10,7,11,11,11,8,0,5,3,6,5,7,4,4,8,5,8,6,2,5,2,7,6,8,2,0,10,6,4,7,11,0,0,9,0,7,8,5,8,8,9,5,0,0,2,0,2,7,7,9,7,10,11,0,10,0,0,7,7,5,10,6,10,5,5,6,10,10,3,11,3,5,6,7,0,6,11,3,4,0,7,4,6,5,10,7,0,3,11,3,0,0,4,4,9,6,10,8,5,4
2,8,8,8,8,9,11,4,0,3,11,7,7,10,6,4,11,4,11,0,7,9,6,6,10,5,7,2,2,4,5,5,2,2,6,6,8,2,10,9,4,4,9,2,5,3,5,10,7,9,11,8,0,0,0,9,2,6,4,7,6,8,5,5,9,6,9,7,3,6,3,8,7,9,3,2,11,7,5,8,0,2,2,10,2,8,9,6,9,9,10,6,2,2,3,2,3,8,8,10,8,11,0,2,11,2,2,8,8,6,11,7,11,6,6,7,11,11,4,0,4,6,7,8,2,7,0,4,5,2,8,5,7,6,11,8,2,4,0,4,2,2,5,5,10,7,11,9,6,5
3,9,9,9,9,10,0,5,2,4,0,8,8,11,7,5,0,5,0,2,8,10,7,7,11,6,8,3,3,5,6,6,3,3,7,7,9,3,11,10,5,5,10,3,6,4,6,11,8,10,0,9,2,2,2,10,3,7,5,8,7,9,6,6,10,7,10,8,4,7,4,9,8,10,4,3,0,8,6,9,2,3,3,11,3,9,10,7,10,10,11,7,3,3,4,3,4,9,9,11,9,0,2,3,0,3,3,9,9,7,0,8,0,7,7,8,0,0,5,2,5,7,8,9,3,8,2,5,6,3,9,6,8,7,0,9,3,5,2,5,3,3,6,6,11,8,0,10,7,6
4,10,10,10,10,11,2,6,3,5,2,9,9,0,8,6,2,6,2,3,9,11,8,8,0,7,9,4,4,6,7,7,4,4,8,8,10,4,0,11,6,6,11,4,7,5,7,0,9,11,2,10,3,3,3,11,4,8,6,9,8,10,7,7,11,8,11,9,5,8,5,10,9,11,5,4,2,9,7,10,3,4,4,0,4,10,11,8,11,11,0,8,4,4,5,4,5,10,10,0,10,2,3,4,2,4,4,10,10,8,2,9,2,8,8,9,2,2,6,3,6,8,9,10,4,9,3,6,7,4,10,7,9,8,2,10,4,6,3,6,4,4,7,7,0,9,2,11,8,7
5,11,11,11,11,0,3,7,4,6,3,10,10,2,9,7,3,7,3,4,10,0,9,9,2,8,10,5,5,7,8,8,5,5,9,9,11,5,2,0,7,7,0,5,8,6,8,2,10,0,3,11,4,4,4,0,5,9,7,10,9,11,8,8,0,9,0,10,6,9,6,11,10,0,6,5,3,10,8,11,4,5,5,2,5,11,0,9,0,0,2,9,5,5,6,5,6,11,11,2,11,3,4,5,3,5,5,11,11,9,3,10,3,9,9,10,3,3,7,4,7,9,10,11,5,10,4,7,8,5,11,8,10,9,3,11,5,7,4,7,5,5,8,8,2,10,3,0,9,8
6,0,0,0,0,2,4,8,5,7,4,11,11,3,10,8,4,8,4,5,11,2,10,10,3,9,11,6,6,8,9,9,6,6,10,10,0,6,3,2,8,8,2,6,9,7,9,3,11,2,4,0,5,5,5,2,6,10,8,11,10,0,9,9,2,10,2,11,7,10,7,0,11,2,7,6,4,11,9,0,5,6,6,3,6,0,2,10,2,2,3,10,6,6,7,6,7,0,0,3,0,4,5,6,4,6,6,0,0,10,4,11,4,10,10,11,4,4,8,5,8,10,11,0,6,11,5,8,9,6,0,9,11,10,4,0,6,8,5,8,6,6,9,9,3,11,4,2,10,9
7,2,2,2,2,3,5,9,6,8,5,0,0,4,11,9,5,9,5,6,0,3,11,11,4,10,0,7,7,9,10,10,7,7,11,11,2,7,4,3,9,9,3,7,10,8,10,4,0,3,5,2,6,6,6,3,7,11,9,0,11,2,10,10,3,11,3,0,8,11,8,2,0,3,8,7,5,0,10,2,6,7,7,4,7,2,3,11,3,3,4,11,7,7,8,7,8,2,2,4,2,5,6,7,5,7,7,2,2,11,5,0,5,11,11,0,5,5,9,6,9,11,0,2,7,0,6,9,10,7,2,10,0,11,5,2,7,9,6,9,7,7,10,10,4,0,5,3,11,10
8,3,3,3,3,4,6,10,7,9,6,2,2,5,0,10,6,10,6,7,2,4,0,0,5,11,2,8,8,10,11,11,8,8,0,0,3,8,5,4,10,10,4,8,11,9,11,5,2,4,6,3,7,7,7,4,8,0,10,2,0,3,11,11,4,0,4,2,9,0,9,3,2,4,9,8,6,2,11,3,7,8,8,5,8,3,4,0,4,4,5,0,8,8,9,8,9,3,3,5,3,6,7,8,6,8,8,3,3,0,6,2,6,0,0,2,6,6,10,7,10,0,2,3,8,2,7,10,11,8,3,11,2,0,6,3,8,10,7,10,8,8,11,11,5,2,6,4,0,11
9,4,4,4,4,5,7,11,8,10,7,3,3,6,2,11,7,11,7,8,3,5,2,2,6,0,3,9,9,11,0,0,9,9,2,2,4,9,6,5,11,11,5,9,0,10,0,6,3,5,7,4,8,8,8,5,9,2,11,3,2,4,0,0,5,2,5,3,10,2,10,4,3,5,10,9,7,3,0,4,8,9,9,6,9,4,5,2,5,5,6,2,9,9,10,9,10,4,4,6,4,7,8,9,7,9,9,4,4,2,7,3,7,2,2,3,7,7,11,8,11,2,3,4,9,3,8,11,0,9,4,0,3,2,7,4,9,11,8,11,9,9,0,0,6,3,7,5,2,0
10,5,5,5,5,6,8,0,9,11,8,4,4,7,3,0,8,0,8,9,4,6,3,3,7,2,4,10,10,0,2,2,10,10,3,3,5,10,7,6,0,0,6,10,2,11,2,7,4,6,8,5,9,9,9,6,10,3,0,4,3,5,2,2,6,3,6,4,11,3,11,5,4,6,11,10,8,4,2,5,9,10,10,7,10,5,6,3,6,6,7,3,10,10,11,10,11,5,5,7,5,8,9,10,8,10,10,5,5,3,8,4,8,3,3,4,8,8,0,9,0,3,4,5,10,4,9,0,2,10,5,2,4,3,8,5,10,0,9,0,10,10,2,2,7,4,8,6,3,2
11,6,6,6,6,7,9,2,10,0,9,5,5,8,4,2,9,2,9,10,5,7,4,4,8,3,5,11,11,2,3,3,11,11,4,4,6,11,8,7,2,2,7,11,3,0,3,8,5,7,9,6,10,10,10,7,11,4,2,5,4,6,3,3,7,4,7,5,0,4,0,6,5,7,0,11,9,5,3,6,10,11,11,8,11,6,7,4,7,7,8,4,11,11,0,11,0,6,6,8,6,9,10,11,9,11,11,6,6,4,9,5,9,4,4,5,9,9,2,10,2,4,5,6,11,5,10,2,3,11,6,3,5,4,9,6,11,2,10,2,11,11,3,3,8,5,9,7,4,3
0,7,7,7,7,8,10,3,11,2,10,6,6,9,5,3,10,3,10,11,6,8,5,5,9,4,6,0,0,3,4,4,0,0,5,5,7,0,9,8,3,3,8,0,4,2,4,9,6,8,10,7,11,11,11,8,0,5,3,6,5,7,4,4,8,5,8,6,2,5,2,7,6,8,2,0,10,6,4,7,11,0,0,9,0,7,8,5,8,8,9,5,0,0,2,0,2,7,7,9,7,10,11,0,10,0,0,7,7,5,10,6,10,5,5,6,10,10,3,11,3,5,6,7,0,6,11,3,4,0,7,4,6,5,10,7,0,3,11,3,0,0,4,4,9,6,10,8,5,4
2,8,8,8,8,9,11,4,0,3,11,7,7,10,6,4,11,4,11,0,7,9,6,6,10,5,7,2,2,4,5,5,2,2,6,6,8,2,10,9,4,4,9,2,5,3,5,10,7,9,11,8,0,0,0,9,2,6,4,7,6,8,5,5,9,6,9,7,3,6,3,8,7,9,3,2,11,7,5,8,0,2,2,10,2,8,9,6,9,9,10,6,2,2,3,2,3,8,8,10,8,11,0,2,11,2,2,8,8,6,11,7,11,6,6,7,11,11,4,0,4,6,7,8,2,7,0,4,5,2,8,5,7,6,11,8,2,4,0,4,2,2,5,5,10,7,11,9,6,5
3,9,9,9,9,10,0,5,2,4,0,8,8,11,7,5,0,5,0,2,8,10,7,7,11,6,8,3,3,5,6,6,3,3,7,7,9,3,11,10,5,5,10,3,6,4,6,11,8,10,0,9,2,2,2,10,3,7,5,8,7,9,6,6,10,7,10,8,4,7,4,9,8,10,4,3,0,8,6,9,2,3,3,11,3,9,10,7,10,10,11,7,3,3,4,3,4,9,9,11,9,0,2,3,0,3,3,9,9,7,0,8,0,7,7,8,0,0,5,2,5,7,8,9,3,8,2,5,6,3,9,6,8,7,0,9,3,5,2,5,3,3,6,6,11,8,0,10,7,6
4,10,10,10,10,11,2,6,3,5,2,9,9,0,8,6,2,6,2,3,9,11,8,8,0,7,9,4,4,6,7,7,4,4,8,8,10,4,0,11,6,6,11,4,7,5,7,0,9,11,2,10,3,3,3,11,4,8,6,9,8,10,7,7,11,8,11,9,5,8,5,10,9,11,5,4,2,9,7,10,3,4,4,0,4,10,11,8,11,11,0,8,4,4,5,4,5,10,10,0,10,2,3,4,2,4,4,10,10,8,2,9,2,8,8,9,2,2,6,3,6,8,9,10,4,9,3,6,7,4,10,7,9,8,2,10,4,6,3,6,4,4,7,7,0,9,2,11,8,7
5,11,11,11,11,0,3,7,4,6,3,10,10,2,9,7,3,7,3,4,10,0,9,9,2,8,10,5,5,7,8,8,5,5,9,9,11,5,2,0,7,7,0,5,8,6,8,2,10,0,3,11,4,4,4,0,5,9,7,10,9,11,8,8,0,9,0,10,6,9,6,11,10,0,6,5,3,10,8,11,4,5,5,2,5,11,0,9,0,0,2,9,5,5,6,5,6,11,11,2,11,3,4,5,3,5,5,11,11,9,3,10,3,9,9,10,3,3,7,4,7,9,10,11,5,10,4,7,8,5,11,8,10,9,3,11,5,7,4,7,5,5,8,8,2,10,3,0,9,8
6,0,0,0,0,2,4,8,5,7,4,11,11,3,10,8,4,8,4,5,11,2,10,10,3,9,11,6,6,8,9,9,6,6,10,10,0,6,3,2,8,8,2,6,9,7,9,3,11,2,4,0,5,5,5,2,6,10,8,11,10,0,9,9,2,10,2,11,7,10,7,0,11,2,7,6,4,11,9,0,5,6,6,3,6,0,2,10,2,2,3,10,6,6,7,6,7,0,0,3,0,4,5,6,4,6,6,0,0,10,4,11,4,10,10,11,4,4,8,5,8,10,11,0,6,11,5,8,9,6,0,9,11,10,4,0,6,8,5,8,6,6,9,9,3,11,4,2,10,9
7,2,2,2,2,3,5,9,6,8,5,0,0,4,11,9,5,9,5,6,0,3,11,11,4,10,0,7,7,9,10,10,7,7,11,11,2,7,4,3,9,9,3,7,10,8,10,4,0,3,5,2,6,6,6,3,7,11,9,0,11,2,10,10,3,11,3,0,8,11,8,2,0,3,8,7,5,0,10,2,6,7,7,4,7,2,3,11,3,3,4,11,7,7,8,7,8,2,2,4,2,5,6,7,5,7,7,2,2,11,5,0,5,11,11,0,5,5,9,6,9,11,0,2,7,0,6,9,10,7,2,10,0,11,5,2,7,9,6,9,7,7,10,10,4,0,5,3,11,10
8,3,3,3,3,4,6,10,7,9,6,2,2,5,0,10,6,10,6,7,2,4,0,0,5,11,2,8,8,10,11,11,8,8,0,0,3,8,5,4,10,10,4,8,11,9,11,5,2,4,6,3,7,7,7,4,8,0,10,2,0,3,11,11,4,0,4,2,9,0,9,3,2,4,9,8,6,2,11,3,7,8,8,5,8,3,4,0,4,4,5,0,8,8,9,8,9,3,3,5,3,6,7,8,6,8,8,3,3,0,6,2,6,0,0,2,6,6,10,7,10,0,2,3,8,2,7,10,11,8,3,11,2,0,6,3,8,10,7,10,8,8,11,11,5,2,6,4,0,11
9,4,4,4,4,5,7,11,8,10,7,3,3,6,2,11,7,11,7,8,3,5,2,2,6,0,3,9,9,11,0,0,9,9,2,2,4,9,6,5,11,11,5,9,0,10,0,6,3,5,7,4,8,8,8,5,9,2,11,3,2,4,0,0,5,2,5,3,10,2,10,4,3,5,10,9,7,3,0,4,8,9,9,6,9,4,5,2,5,5,6,2,9,9,10,9,10,4,4,6,4,7,8,9,7,9,9,4,4,2,7,3,7,2,2,3,7,7,11,8,11,2,3,4,9,3,8,11,0,9,4,0,3,2,7,4,9,11,8,11,9,9,0,0,6,3,7,5,2,0
10,5,5,5,5,6,8,0,9,11,8,4,4,7,3,0,8,0,8,9,4,6,3,3,7,2,4,10,10,0,2,2,10,10,3,3,5,10,7,6,0,0,6,10,2,11,2,7,4,6,8,5,9,9,9,6,10,3,0,4,3,5,2,2,6,3,6,4,11,3,11,5,4,6,11,10,8,4,2,5,9,10,10,7,10,5,6,3,6,6,7,3,10,10,11,10,11,5,5,7,5,8,9,10,8,10,10,5,5,3,8,4,8,3,3,4,8,8,0,9,0,3,4,5,10,4,9,0,2,10,5,2,4,3,8,5,10,0,9,0,10,10,2,2,7,4,8,6,3,2
11,6,6,6,6,7,9,2,10,0,9,5,5,8,4,2,9,2,9,10,5,7,4,4,8,3,5,11,11,2,3,3,11,11,4,4,6,11,8,7,2,2,7,11,3,0,3,8,5,7,9,6,10,10,10,7,11,4,2,5,4,6,3,3,7,4,7,5,0,4,0,6,5,7,0,11,9,5,3,6,10,11,11,8,11,6,7,4,7,7,8,4,11,11,0,11,0,6,6,8,6,9,10,11,9,11,11,6,6,4,9,5,9,4,4,5,9,9,2,10,2,4,5,6,11,5,10,2,3,11,6,3,5,4,9,6,11,2,10,2,11,11,3,3,8,5,9,7,4,3
0,7,7,7,7,8,10,3,11,2,10,6,6,9,5,3,10,3,10,11,6,8,5,5,9,4,6,0,0,3,4,4,0,0,5,5,7,0,9,8,3,3,8,0,4,2,4,9,6,8,10,7,11,11,11,8,0,5,3,6,5,7,4,4,8,5,8,6,2,5,2,7,6,8,2,0,10,6,4,7,11,0,0,9,0,7,8,5,8,8,9,5,0,0,2,0,2,7,7,9,7,10,11,0,10,0,0,7,7,5,10,6,10,5,5,6,10,10,3,11,3,5,6,7,0,6,11,3,4,0,7,4,6,5,10,7,0,3,11,3,0,0,4,4,9,6,10,8,5,4
2,8,8,8,8,9,11,4,0,3,11,7,7,10,6,4,11,4,11,0,7,9,6,6,10,5,7,2,2,4,5,5,2,2,6,6,8,2,10,9,4,4,9,2,5,3,5,10,7,9,11,8,0,0,0,9,2,6,4,7,6,8,5,5,9,6,9,7,3,6,3,8,7,9,3,2,11,7,5,8,0,2,2,10,2,8,9,6,9,9,10,6,2,2,3,2,3,8,8,10,8,11,0,2,11,2,2,8,8,6,11,7,11,6,6,7,11,11,4,0,4,6,7,8,2,7,0,4,5,2,8,5,7,6,11,8,2,4,0,4,2,2,5,5,10,7,11,9,6,5
3,9,9,9,9,10,0,5,2,4,0,8,8,11,7,5,0,5,0,2,8,10,7,7,11,6,8,3,3,5,6,6,3,3,7,7,9,3,11,10,5,5,10,3,6,4,6,11,8,10,0,9,2,2,2,10,3,7,5,8,7,9,6,6,10,7,10,8,4,7,4,9,8,10,4,3,0,8,6,9,2,3,3,11,3,9,10,7,10,10,11,7,3,3,4,3,4,9,9,11,9,0,2,3,0,3,3,9,9,7,0,8,0,7,7,8,0,0,5,2,5,7,8,9,3,8,2,5,6,3,9,6,8,7,0,9,3,5,2,5,3,3,6,6,11,8,0,10,7,6
4,10,10,10,10,11,2,6,3,5,2,9,9,0,8,6,2,6,2,3,9,11,8,8,0,7,9,4,4,6,7,7,4,4,8,8,10,4,0,11,6,6,11,4,7,5,7,0,9,11,2,10,3,3,3,11,4,8,6,9,8,10,7,7,11,8,11,9,5,8,5,10,9,11,5,4,2,9,7,10,3,4,4,0,4,10,11,8,11,11,0,8,4,4,5,4,5,10,10,0,10,2,3,4,2,4,4,10,10,8,2,9,2,8,8,9,2,2,6,3,6,8,9,10,4,9,3,6,7,4,10,7,9,8,2,10,4,6,3,6,4,4,7,7,0,9,2,11,8,7
5,11,11,11,11,0,3,7,4,6,3,10,10,2,9,7,3,7,3,4,10,0,9,9,2,8,10,5,5,7,8,8,5,5,9,9,11,5,2,0,7,7,0,5,8,6,8,2,10,0,3,11,4,4,4,0,5,9,7,10,9,11,8,8,0,9,0,10,6,9,6,11,10,0,6,5,3,10,8,11,4,5,5,2,5,11,0,9,0,0,2,9,5,5,6,5,6,11,11,2,11,3,4,5,3,5,5,11,11,9,3,10,3,9,9,10,3,3,7,4,7,9,10,11,5,10,4,7,8,5,11,8,10,9,3,11,5,7,4,7,5,5,8,8,2,10,3,0,9,8
6,0,0,0,0,2,4,8,5,7,4,11,11,3,10,8,4,8,4,5,11,2,10,10,3,9,11,6,6,8,9,9,6,6,10,10,0,6,3,2,8,8,2,6,9,7,9,3,11,2,4,0,5,5,5,2,6,10,8,11,10,0,9,9,2,10,2,11,7,10,7,0,11,2,7,6,4,11,9,0,5,6,6,3,6,0,2,10,2,2,3,10,6,6,7,6,7,0,0,3,0,4,5,6,4,6,6,0,0,10,4,11,4,10,10,11,4,4,8,5,8,10,11,0,6,11,5,8,9,6,0,9,11,10,4,0,6,8,5,8,6,6,9,9,3,11,4,2,10,9
7,2,2,2,2,3,5,9,6,8,5,0,0,4,11,9,5,9,5,6,0,3,11,11,4,10,0,7,7,9,10,10,7,7,11,11,2,7,4,3,9,9,3,7,10,8,10,4,0,3,5,2,6,6,6,3,7,11,9,0,11,2,10,10,3,11,3,0,8,11,8,2,0,3,8,7,5,0,10,2,6,7,7,4,7,2,3,11,3,3,4,11,7,7,8,7,8,2,2,4,2,5,6,7,5,7,7,2,2,11,5,0,5,11,11,0,5,5,9,6,9,11,0,2,7,0,6,9,10,7,2,10,0,11,5,2,7,9,6,9,7,7,10,10,4,0,5,3,11,10
8,3,3,3,3,4,6,10,7,9,6,2,2,5,0,10,6,10,6,7,2,4,0,0,5,11,2,8,8,10,11,11,8,8,0,0,3,8,5,4,10,10,4,8,11,9,11,5,2,4,6,3,7,7,7,4,8,0,10,2,0,3,11,11,4,0,4,2,9,0,9,3,2,4,9,8,6,2,11,3,7,8,8,5,8,3,4,0,4,4,5,0,8,8,9,8,9,3,3,5,3,6,7,8,6,8,8,3,3,0,6,2,6,0,0,2,6,6,10,7,10,0,2,3,8,2,7,10,11,8,3,11,2,0,6,3,8,10,7,10,8,8,11,11,5,2,6,4,0,11
9,4,4,4,4,5,7,11,8,10,7,3,3,6,2,11,7,11,7,8,3,5,2,2,6,0,3,9,9,11,0,0,9,9,2,2,4,9,6,5,11,11,5,9,0,10,0,6,3,5,7,4,8,8,8,5,9,2,11,3,2,4,0,0,5,2,5,3,10,2,10,4,3,5,10,9,7,3,0,4,8,9,9,6,9,4,5,2,5,5,6,2,9,9,10,9,10,4,4,6,4,7,8,9,7,9,9,4,4,2,7,3,7,2,2,3,7,7,11,8,11,2,3,4,9,3,8,11,0,9,4,0,3,2,7,4,9,11,8,11,9,9,0,0,6,3,7,5,2,0
10,5,5,5,5,6,8,0,9,11,8,4,4,7,3,0,8,0,8,9,4,6,3,3,7,2,4,10,10,0,2,2,10,10,3,3,5,10,7,6,0,0,6,10,2,11,2,7,4,6,8,5,9,9,9,6,10,3,0,4,3,5,2,2,6,3,6,4,11,3,11,5,4,6,11,10,8,4,2,5,9,10,10,7,10,5,6,3,6,6,7,3,10,10,11,10,11,5,5,7,5,8,9,10,8,10,10,5,5,3,8,4,8,3,3,4,8,8,0,9,0,3,4,5,10,4,9,0,2,10,5,2,4,3,8,5,10,0,9,0,10,10,2,2,7,4,8,6,3,2
11,6,6,6,6,7,9,2,10,0,9,5,5,8,4,2,9,2,9,10,5,7,4,4,8,3,5,11,11,2,3,3,11,11,4,4,6,11,8,7,2,2,7,11,3,0,3,8,5,7,9,6,10,10,10,7,11,4,2,5,4,6,3,3,7,4,7,5,0,4,0,6,5,7,0,11,9,5,3,6,10,11,11,8,11,6,7,4,7,7,8,4,11,11,0,11,0,6,6,8,6,9,10,11,9,11,11,6,6,4,9,5,9,4,4,5,9,9,2,10,2,4,5,6,11,5,10,2,3,11,6,3,5,4,9,6,11,2,10,2,11,11,3,3,8,5,9,7,4,3
0,7,7,7,7,8,10,3,11,2,10,6,6,9,5,3,10,3,10,11,6,8,5,5,9,4,6,0,0,3,4,4,0,0,5,5,7,0,9,8,3,3,8,0,4,2,4,9,6,8,10,7,11,11,11,8,0,5,3,6,5,7,4,4,8,5,8,6,2,5,2,7,6,8,2,0,10,6,4,7,11,0,0,9,0,7,8,5,8,8,9,5,0,0,2,0,2,7,7,9,7,10,11,0,10,0,0,7,7,5,10,6,10,5,5,6,10,10,3,11,3,5,6,7,0,6,11,3,4,0,7,4,6,5,10,7,0,3,11,3,0,0,4,4,9,6,10,8,5,4
2,8,8,8,8,9,11,4,0,3,11,7,7,10,6,4,11,4,11,0,7,9,6,6,10,5,7,2,2,4,5,5,2,2,6,6,8,2,10,9,4,4,9,2,5,3,5,10,7,9,11,8,0,0,0,9,2,6,4,7,6,8,5,5,9,6,9,7,3,6,3,8,7,9,3,2,11,7,5,8,0,2,2,10,2,8,9,6,9,9,10,6,2,2,3,2,3,8,8,10,8,11,0,2,11,2,2,8,8,6,11,7,11,6,6,7,11,11,4,0,4,6,7,8,2,7,0,4,5,2,8,5,7,6,11,8,2,4,0,4,2,2,5,5,10,7,11,9,6,5
3,9,9,9,9,10,0,5,2,4,0,8,8,11,7,5,0,5,0,2,8,10,7,7,11,6,8,3,3,5,6,6,3,3,7,7,9,3,11,10,5,5,10,3,6,4,6,11,8,10,0,9,2,2,2,10,3,7,5,8,7,9,6,6,10,7,10,8,4,7,4,9,8,10,4,3,0,8,6,9,2,3,3,11,3,9,10,7,10,10,11,7,3,3,4,3,4,9,9,11,9,0,2,3,0,3,3,9,9,7,0,8,0,7,7,8,0,0,5,2,5,7,8,9,3,8,2,5,6,3,9,6,8,7,0,9,3,5,2,5,3,3,6,6,11,8,0,10,7,6
4,10,10,10,10,11,2,6,3,5,2,9,9,0,8,6,2,6,2,3,9,11,8,8,0,7,9,4,4,6,7,7,4,4,8,8,10,4,0,11,6,6,11,4,7,5,7,0,9,11,2,10,3,3,3,11,4,8,6,9,8,10,7,7,11,8,11,9,5,8,5,10,9,11,5,4,2,9,7,10,3,4,4,0,4,10,11,8,11,11,0,8,4,4,5,4,5,10,10,0,10,2,3,4,2,4,4,10,10,8,2,9,2,8,8,9,2,2,6,3,6,8,9,10,4,9,3,6,7,4,10,7,9,8,2,10,4,6,3,6,4,4,7,7,0,9,2,11,8,7
5,11,11,11,11,0,3,7,4,6,3,10,10,2,9,7,3,7,3,4,10,0,9,9,2,8,10,5,5,7,8,8,5,5,9,9,11,5,2,0,7,7,0,5,8,6,8,2,10,0,3,11,4,4,4,0,5,9,7,10,9,11,8,8,0,9,0,10,6,9,6,11,10,0,6,5,3,10,8,11,4,5,5,2,5,11,0,9,0,0,2,9,5,5,6,5,6,11,11,2,11,3,4,5,3,5,5,11,11,9,3,10,3,9,9,10,3,3,7,4,7,9,10,11,5,10,4,7,8,5,11,8,10,9,3,11,5,7,4,7,5,5,8,8,2,10,3,0,9,8
6,0,0,0,0,2,4,8,5,7,4,11,11,3,10,8,4,8,4,5,11,2,10,10,3,9,11,6,6,8,9,9,6,6,10,10,0,6,3,2,8,8,2,6,9,7,9,3,11,2,4,0,5,5,5,2,6,10,8,11,10,0,9,9,2,10,2,11,7,10,7,0,11,2,7,6,4,11,9,0,5,6,6,3,6,0,2,10,2,2,3,10,6,6,7,6,7,0,0,3,0,4,5,6,4,6,6,0,0,10,4,11,4,10,10,11,4,4,8,5,8,10,11,0,6,11,5,8,9,6,0,9,11,10,4,0,6,8,5,8,6,6,9,9,3,11,4,2,10,9
7,2,2,2,2,3,5,9,6,8,5,0,0,4,11,9,5,9,5,6,0,3,11,11,4,10,0,7,7,9,10,10,7,7,11,11,2,7,4,3,9,9,3,7,10,8,10,4,0,3,5,2,6,6,6,3,7,11,9,0,11,2,10,10,3,11,3,0,8,11,8,2,0,3,8,7,5,0,10,2,6,7,7,4,7,2,3,11,3,3,4,11,7,7,8,7,8,2,2,4,2,5,6,7,5,7,7,2,2,11,5,0,5,11,11,0,5,5,9,6,9,11,0,2,7,0,6,9,10,7,2,10,0,11,5,2,7,9,6,9,7,7,10,10,4,0,5,3,11,10
8,3,3,3,3,4,6,10,7,9,6,2,2,5,0,10,6,10,6,7,2,4,0,0,5,11,2,8,8,10,11,11,8,8,0,0,3,8,5,4,10,10,4,8,11,9,11,5,2,4,6,3,7,7,7,4,8,0,10,2,0,3,11,11,4,0,4,2,9,0,9,3,2,4,9,8,6,2,11,3,7,8,8,5,8,3,4,0,4,4,5,0,8,8,9,8,9,3,3,5,3,6,7,8,6,8,8,3,3,0,6,2,6,0,0,2,6,6,10,7,10,0,2,3,8,2,7,10,11,8,3,11,2,0,6,3,8,10,7,10,8,8,11,11,5,2,6,4,0,11
9,4,4,4,4,5,7,11,8,10,7,3,3,6,2,11,7,11,7,8,3,5,2,2,6,0,3,9,9,11,0,0,9,9,2,2,4,9,6,5,11,11,5,9,0,10,0,6,3,5,7,4,8,8,8,5,9,2,11,3,2,4,0,0,5,2,5,3,10,2,10,4,3,5,10,9,7,3,0,4,8,9,9,6,9,4,5,2,5,5,6,2,9,9,10,9,10,4,4,6,4,7,8,9,7,9,9,4,4,2,7,3,7,2,2,3,7,7,11,8,11,2,3,4,9,3,8,11,0,9,4,0,3,2,7,4,9,11,8,11,9,9,0,0,6,3,7,5,2,0
10,5,5,5,5,6,8,0,9,11,8,4,4,7,3,0,8,0,8,9,4,6,3,3,7,2,4,10,10,0,2,2,10,10,3,3,5,10,7,6,0,0,6,10,2,11,2,7,4,6,8,5,9,9,9,6,10,3,0,4,3,5,2,2,6,3,6,4,11,3,11,5,4,6,11,10,8,4,2,5,9,10,10,7,10,5,6,3,6,6,7,3,10,10,11,10,11,5,5,7,5,8,9,10,8,10,10,5,5,3,8,4,8,3,3,4,8,8,0,9,0,3,4,5,10,4,9,0,2,10,5,2,4,3,8,5,10,0,9,0,10,10,2,2,7,4,8,6,3,2
11,6,6,6,6,7,9,2,10,0,9,5,5,8,4,2,9,2,9,10,5,7,4,4,8,3,5,11,11,2,3,3,11,11,4,4,6,11,8,7,2,2,7,11,3,0,3,8,5,7,9,6,10,10,10,7,11,4,2,5,4,6,3,3,7,4,7,5,0,4,0,6,5,7,0,11,9,5,3,6,10,11,11,8,11,6,7,4,7,7,8,4,11,11,0,11,0,6,6,8,6,9,10,11,9,11,11,6,6,4,9,5,9,4,4,5,9,9,2,10,2,4,5,6,11,5,10,2,3,11,6,3,5,4,9,6,11,2,10,2,11,11,3,3,8,5,9,7,4,3
0,7,7,7,7,8,10,3,11,2,10,6,6,9,5,3,10,3,10,11,6,8,5,5,9,4,6,0,0,3,4,4,0,0,5,5,7,0,9,8,3,3,8,0,4,2,4,9,6,8,10,7,11,11,11,8,0,5,3,6,5,7,4,4,8,5,8,6,2,5,2,7,6,8,2,0,10,6,4,7,11,0,0,9,0,7,8,5,8,8,9,5,0,0,2,0,2,7,7,9,7,10,11,0,10,0,0,7,7,5,10,6,10,5,5,6,10,10,3,11,3,5,6,7,0,6,11,3,4,0,7,4,6,5,10,7,0,3,11,3,0,0,4,4,9,6,10,8,5,4
2,8,8,8,8,9,11,4,0,3,11,7,7,10,6,4,11,4,11,0,7,9,6,6,10,5,7,2,2,4,5,5,2,2,6,6,8,2,10,9,4,4,9,2,5,3,5,10,7,9,11,8,0,0,0,9,2,6,4,7,6,8,5,5,9,6,9,7,3,6,3,8,7,9,3,2,11,7,5,8,0,2,2,10,2,8,9,6,9,9,10,6,2,2,3,2,3,8,8,10,8,11,0,2,11,2,2,8,8,6,11,7,11,6,6,7,11,11,4,0,4,6,7,8,2,7,0,4,5,2,8,5,7,6,11,8,2,4,0,4,2,2,5,5,10,7,11,9,6,5
3,9,9,9,9,10,0,5,2,4,0,8,8,11,7,5,0,5,0,2,8,10,7,7,11,6,8,3,3,5,6,6,3,3,7,7,9,3,11,10,5,5,10,3,6,4,6,11,8,10,0,9,2,2,2,10,3,7,5,8,7,9,6,6,10,7,10,8,4,7,4,9,8,10,4,3,0,8,6,9,2,3,3,11,3,9,10,7,10,10,11,7,3,3,4,3,4,9,9,11,9,0,2,3,0,3,3,9,9,7,0,8,0,7,7,8,0,0,5,2,5,7,8,9,3,8,2,5,6,3,9,6,8,7,0,9,3,5,2,5,3,3,6,6,11,8,0,10,7,6
4,10,10,10,10,11,2,6,3,5,2,9,9,0,8,6,2,6,2,3,9,11,8,8,0,7,9,4,4,6,7,7,4,4,8,8,10,4,0,11,6,6,11,4,7,5,7,0,9,11,2,10,3,3,3,11,4,8,6,9,8,10,7,7,11,8,11,9,5,8,5,10,9,11,5,4,2,9,7,10,3,4,4,0,4,10,11,8,11,11,0,8,4,4,5,4,5,10,10,0,10,2,3,4,2,4,4,10,10,8,2,9,2,8,8,9,2,2,6,3,6,8,9,10,4,9,3,6,7,4,10,7,9,8,2,10,4,6,3,6,4,4,7,7,0,9,2,11,8,7
5,11,11,11,11,0,3,7,4,6,3,10,10,2,9,7,3,7,3,4,10,0,9,9,2,8,10,5,5,7,8,8,5,5,9,9,11,5,2,0,7,7,0,5,8,6,8,2,10,0,3,11,4,4,4,0,5,9,7,10,9,11,8,8,0,9,0,10,6,9,6,11,10,0,6,5,3,10,8,11,4,5,5,2,5,11,0,9,0,0,2,9,5,5,6,5,6,11,11,2,11,3,4,5,3,5,5,11,11,9,3,10,3,9,9,10,3,3,7,4,7,9,10,11,5,10,4,7,8,5,11,8,10,9,3,11,5,7,4,7,5,5,8,8,2,10,3,0,9,8
6,0,0,0,0,2,4,8,5,7,4,11,11,3,10,8,4,8,4,5,11,2,10,10,3,9,11,6,6,8,9,9,6,6,10,10,0,6,3,2,8,8,2,6,9,7,9,3,11,2,4,0,5,5,5,2,6,10,8,11,10,0,9,9,2,10,2,11,7,10,7,0,11,2,7,6,4,11,9,0,5,6,6,3,6,0,2,10,2,2,3,10,6,6,7,6,7,0,0,3,0,4,5,6,4,6,6,0,0,10,4,11,4,10,10,11,4,4,8,5,8,10,11,0,6,11,5,8,9,6,0,9,11,10,4,0,6,8,5,8,6,6,9,9,3,11,4,2,10,9
7,2,2,2,2,3,5,9,6,8,5,0,0,4,11,9,5,9,5,6,0,3,11,11,4,10,0,7,7,9,10,10,7,7,11,11,2,7,4,3,9,9,3,7,10,8,10,4,0,3,5,2,6,6,6,3,7,11,9,0,11,2,10,10,3,11,3,0,8,11,8,2,0,3,8,7,5,0,10,2,6,7,7,4,7,2,3,11,3,3,4,11,7,7,8,7,8,2,2,4,2,5,6,7,5,7,7,2,2,11,5,0,5,11,11,0,5,5,9,6,9,11,0,2,7,0,6,9,10,7,2,10,0,11,5,2,7,9,6,9,7,7,10,10,4,0,5,3,11,10
8,3,3,3,3,4,6,10,7,9,6,2,2,5,0,10,6,10,6,7,2,4,0,0,5,11,2,8,8,10,11,11,8,8,0,0,3,8,5,4,10,10,4,8,11,9,11,5,2,4,6,3,7,7,7,4,8,0,10,2,0,3,11,11,4,0,4,2,9,0,9,3,2,4,9,8,6,2,11,3,7,8,8,5,8,3,4,0,4,4,5,0,8,8,9,8,9,3,3,5,3,6,7,8,6,8,8,3,3,0,6,2,6,0,0,2,6,6,10,7,10,0,2,3,8,2,7,10,11,8,3,11,2,0,6,3,8,10,7,10,8,8,11,11,5,2,6,4,0,11
9,4,4,4,4,5,7,11,8,10,7,3,3,6,2,11,7,11,7,8,3,5,2,2,6,0,3,9,9,11,0,0,9,9,2,2,4,9,6,5,11,11,5,9,0,10,0,6,3,5,7,4,8,8,8,5,9,2,11,3,2,4,0,0,5,2,5,3,10,2,10,4,3,5,10,9,7,3,0,4,8,9,9,6,9,4,5,2,5,5,6,2,9,9,10,9,10,4,4,6,4,7,8,9,7,9,9,4,4,2,7,3,7,2,2,3,7,7,11,8,11,2,3,4,9,3,8,11,0,9,4,0,3,2,7,4,9,11,8,11,9,9,0,0,6,3,7,5,2,0
10,5,5,5,5,6,8,0,9,11,8,4,4,7,3,0,8,0,8,9,4,6,3,3,7,2,4,10,10,0,2,2,10,10,3,3,5,10,7,6,0,0,6,10,2,11,2,7,4,6,8,5,9,9,9,6,10,3,0,4,3,5,2,2,6,3,6,4,11,3,11,5,4,6,11,10,8,4,2,5,9,10,10,7,10,5,6,3,6,6,7,3,10,10,11,10,11,5,5,7,5,8,9,10,8,10,10,5,5,3,8,4,8,3,3,4,8,8,0,9,0,3,4,5,10,4,9,0,2,10,5,2,4,3,8,5,10,0,9,0,10,10,2,2,7,4,8,6,3,2
11,6,6,6,6,7,9,2,10,0,9,5,5,8,4,2,9,2,9,10,5,7,4,4,8,3,5,11,11,2,3,3,11,11,4,4,6,11,8,7,2,2,7,11,3,0,3,8,5,7,9,6,10,10,10,7,11,4,2,5,4,6,3,3,7,4,7,5,0,4,0,6,5,7,0,11,9,5,3,6,10,11,11,8,11,6,7,4,7,7,8,4,11,11,0,11,0,6,6,8,6,9,10,11,9,11,11,6,6,4,9,5,9,4,4,5,9,9,2,10,2,4,5,6,11,5,10,2,3,11,6,3,5,4,9,6,11,2,10,2,11,11,3,3,8,5,9,7,4,3
0,7,7,7,7,8,10,3,11,2,10,6,6,9,5,3,10,3,10,11,6,8,5,5,9,4,6,0,0,3,4,4,0,0,5,5,7,0,9,8,3,3,8,0,4,2,4,9,6,8,10,7,11,11,11,8,0,5,3,6,5,7,4,4,8,5,8,6,2,5,2,7,6,8,2,0,10,6,4,7,11,0,0,9,0,7,8,5,8,8,9,5,0,0,2,0,2,7,7,9,7,10,11,0,10,0,0,7,7,5,10,6,10,5,5,6,10,10,3,11,3,5,6,7,0,6,11,3,4,0,7,4,6,5,10,7,0,3,11,3,0,0,4,4,9,6,10,8,5,4
2,8,8,8,8,9,11,4,0,3,11,7,7,10,6,4,11,4,11,0,7,9,6,6,10,5,7,2,2,4,5,5,2,2,6,6,8,2,10,9,4,4,9,2,5,3,5,10,7,9,11,8,0,0,0,9,2,6,4,7,6,8,5,5,9,6,9,7,3,6,3,8,7,9,3,2,11,7,5,8,0,2,2,10,2,8,9,6,9,9,10,6,2,2,3,2,3,8,8,10,8,11,0,2,11,2,2,8,8,6,11,7,11,6,6,7,11,11,4,0,4,6,7,8,2,7,0,4,5,2,8,5,7,6,11,8,2,4,0,4,2,2,5,5,10,7,11,9,6,5
3,9,9,9,9,10,0,5,2,4,0,8,8,11,7,5,0,5,0,2,8,10,7,7,11,6,8,3,3,5,6,6,3,3,7,7,9,3,11,10,5,5,10,3,6,4,6,11,8,10,0,9,2,2,2,10,3,7,5,8,7,9,6,6,10,7,10,8,4,7,4,9,8,10,4,3,0,8,6,9,2,3,3,11,3,9,10,7,10,10,11,7,3,3,4,3,4,9,9,11,9,0,2,3,0,3,3,9,9,7,0,8,0,7,7,8,0,0,5,2,5,7,8,9,3,8,2,5,6,3,9,6,8,7,0,9,3,5,2,5,3,3,6,6,11,8,0,10,7,6
4,10,10,10,10,11,2,6,3,5,2,9,9,0,8,6,2,6,2,3,9,11,8,8,0,7,9,4,4,6,7,7,4,4,8,8,10,4,0,11,6,6,11,4,7,5,7,0,9,11,2,10,3,3,3,11,4,8,6,9,8,10,7,7,11,8,11,9,5,8,5,10,9,11,5,4,2,9,7,10,3,4,4,0,4,10,11,8,11,11,0,8,4,4,5,4,5,10,10,0,10,2,3,4,2,4,4,10,10,8,2,9,2,8,8,9,2,2,6,3,6,8,9,10,4,9,3,6,7,4,10,7,9,8,2,10,4,6,3,6,4,4,7,7,0,9,2,11,8,7
5,11,11,11,11,0,3,7,4,6,3,10,10,2,9,7,3,7,3,4,10,0,9,9,2,8,10,5,5,7,8,8,5,5,9,9,11,5,2,0,7,7,0,5,8,6,8,2,10,0,3,11,4,4,4,0,5,9,7,10,9,11,8,8,0,9,0,10,6,9,6,11,10,0,6,5,3,10,8,11,4,5,5,2,5,11,0,9,0,0,2,9,5,5,6,5,6,11,11,2,11,3,4,5,3,5,5,11,11,9,3,10,3,9,9,10,3,3,7,4,7,9,10,11,5,10,4,7,8,5,11,8,10,9,3,11,5,7,4,7,5,5,8,8,2,10,3,0,9,8
6,0,0,0,0,2,4,8,5,7,4,11,11,3,10,8,4,8,4,5,11,2,10,10,3,9,11,6,6,8,9,9,6,6,10,10,0,6,3,2,8,8,2,6,9,7,9,3,11,2,4,0,5,5,5,2,6,10,8,11,10,0,9,9,2,10,2,11,7,10,7,0,11,2,7,6,4,11,9,0,5,6,6,3,6,0,2,10,2,2,3,10,6,6,7,6,7,0,0,3,0,4,5,6,4,6,6,0,0,10,4,11,4,10,10,11,4,4,8,5,8,10,11,0,6,11,5,8,9,6,0,9,11,10,4,0,6,8,5,8,6,6,9,9,3,11,4,2,10,9
7,2,2,2,2,3,5,9,6,8,5,0,0,4,11,9,5,9,5,6,0,3,11,11,4,10,0,7,7,9,10,10,7,7,11,11,2,7,4,3,9,9,3,7,10,8,10,4,0,3,5,2,6,6,6,3,7,11,9,0,11,2,10,10,3,11,3,0,8,11,8,2,0,3,8,7,5,0,10,2,6,7,7,4,7,2,3,11,3,3,4,11,7,7,8,7,8,2,2,4,2,5,6,7,5,7,7,2,2,11,5,0,5,11,11,0,5,5,9,6,9,11,0,2,7,0,6,9,10,7,2,10,0,11,5,2,7,9,6,9,7,7,10,10,4,0,5,3,11,10
8,3,3,3,3,4,6,10,7,9,6,2,2,5,0,10,6,10,6,7,2,4,0,0,5,11,2,8,8,10,11,11,8,8,0,0,3,8,5,4,10,10,4,8,11,9,11,5,2,4,6,3,7,7,7,4,8,0,10,2,0,3,11,11,4,0,4,2,9,0,9,3,2,4,9,8,6,2,11,3,7,8,8,5,8,3,4,0,4,4,5,0,8,8,9,8,9,3,3,5,3,6,7,8,6,8,8,3,3,0,6,2,6,0,0,2,6,6,10,7,10,0,2,3,8,2,7,10,11,8,3,11,2,0,6,3,8,10,7,10,8,8,11,11,5,2,6,4,0,11
9,4,4,4,4,5,7,11,8,10,7,3,3,6,2,11,7,11,7,8,3,5,2,2,6,0,3,9,9,11,0,0,9,9,2,2,4,9,6,5,11,11,5,9,0,10,0,6,3,5,7,4,8,8,8,5,9,2,11,3,2,4,0,0,5,2,5,3,10,2,10,4,3,5,10,9,7,3,0,4,8,9,9,6,9,4,5,2,5,5,6,2,9,9,10,9,10,4,4,6,4,7,8,9,7,9,9,4,4,2,7,3,7,2,2,3,7,7,11,8,11,2,3,4,9,3,8,11,0,9,4,0,3,2,7,4,9,11,8,11,9,9,0,0,6,3,7,5,2,0
10,5,5,5,5,6,8,0,9,11,8,4,4,7,3,0,8,0,8,9,4,6,3,3,7,2,4,10,10,0,2,2,10,10,3,3,5,10,7,6,0,0,6,10,2,11,2,7,4,6,8,5,9,9,9,6,10,3,0,4,3,5,2,2,6,3,6,4,11,3,11,5,4,6,11,10,8,4,2,5,9,10,10,7,10,5,6,3,6,6,7,3,10,10,11,10,11,5,5,7,5,8,9,10,8,10,10,5,5,3,8,4,8,3,3,4,8,8,0,9,0,3,4,5,10,4,9,0,2,10,5,2,4,3,8,5,10,0,9,0,10,10,2,2,7,4,8,6,3,2
11,6,6,6,6,7,9,2,10,0,9,5,5,8,4,2,9,2,9,10,5,7,4,4,8,3,5,11,11,2,3,3,11,11,4,4,6,11,8,7,2,2,7,11,3,0,3,8,5,7,9,6,10,10,10,7,11,4,2,5,4,6,3,3,7,4,7,5,0,4,0,6,5,7,0,11,9,5,3,6,10,11,11,8,11,6,7,4,7,7,8,4,11,11,0,11,0,6,6,8,6,9,10,11,9,11,11,6,6,4,9,5,9,4,4,5,9,9,2,10,2,4,5,6,11,5,10,2,3,11,6,3,5,4,9,6,11,2,10,2,11,11,3,3,8,5,9,7,4,3
0,7,7,7,7,8,10,3,11,2,10,6,6,9,5,3,10,3,10,11,6,8,5,5,9,4,6,0,0,3,4,4,0,0,5,5,7,0,9,8,3,3,8,0,4,2,4,9,6,8,10,7,11,11,11,8,0,5,3,6,5,7,4,4,8,5,8,6,2,5,2,7,6,8,2,0,10,6,4,7,11,0,0,9,0,7,8,5,8,8,9,5,0,0,2,0,2,7,7,9,7,10,11,0,10,0,0,7,7,5,10,6,10,5,5,6,10,10,3,11,3,5,6,7,0,6,11,3,4,0,7,4,6,5,10,7,0,3,11,3,0,0,4,4,9,6,10,8,5,4
2,8,8,8,8,9,11,4,0,3,11,7,7,10,6,4,11,4,11,0,7,9,6,6,10,5,7,2,2,4,5,5,2,2,6,6,8,2,10,9,4,4,9,2,5,3,5,10,7,9,11,8,0,0,0,9,2,6,4,7,6,8,5,5,9,6,9,7,3,6,3,8,7,9,3,2,11,7,5,8,0,2,2,10,2,8,9,6,9,9,10,6,2,2,3,2,3,8,8,10,8,11,0,2,11,2,2,8,8,6,11,7,11,6,6,7,11,11,4,0,4,6,7,8,2,7,0,4,5,2,8,5,7,6,11,8,2,4,0,4,2,2,5,5,10,7,11,9,6,5
3,9,9,9,9,10,0,5,2,4,0,8,8,11,7,5,0,5,0,2,8,10,7,7,11,6,8,3,3,5,6,6,3,3,7,7,9,3,11,10,5,5,10,3,6,4,6,11,8,10,0,9,2,2,2,10,3,7,5,8,7,9,6,6,10,7,10,8,4,7,4,9,8,10,4,3,0,8,6,9,2,3,3,11,3,9,10,7,10,10,11,7,3,3,4,3,4,9,9,11,9,0,2,3,0,3,3,9,9,7,0,8,0,7,7,8,0,0,5,2,5,7,8,9,3,8,2,5,6,3,9,6,8,7,0,9,3,5,2,5,3,3,6,6,11,8,0,10,7,6
4,10,10,10,10,11,2,6,3,5,2,9,9,0,8,6,2,6,2,3,9,11,8,8,0,7,9,4,4,6,7,7,4,4,8,8,10,4,0,11,6,6,11,4,7,5,7,0,9,11,2,10,3,3,3,11,4,8,6,9,8,10,7,7,11,8,11,9,5,8,5,10,9,11,5,4,2,9,7,10,3,4,4,0,4,10,11,8,11,11,0,8,4,4,5,4,5,10,10,0,10,2,3,4,2,4,4,10,10,8,2,9,2,8,8,9,2,2,6,3,6,8,9,10,4,9,3,6,7,4,10,7,9,8,2,10,4,6,3,6,4,4,7,7,0,9,2,11,8,7
5,11,11,11,11,0,3,7,4,6,3,10,10,2,9,7,3,7,3,4,10,0,9,9,2,8,10,5,5,7,8,8,5,5,9,9,11,5,2,0,7,7,0,5,8,6,8,2,10,0,3,11,4,4,4,0,5,9,7,10,9,11,8,8,0,9,0,10,6,9,6,11,10,0,6,5,3,10,8,11,4,5,5,2,5,11,0,9,0,0,2,9,5,5,6,5,6,11,11,2,11,3,4,5,3,5,5,11,11,9,3,10,3,9,9,10,3,3,7,4,7,9,10,11,5,10,4,7,8,5,11,8,10,9,3,11,5,7,4,7,5,5,8,8,2,10,3,0,9,8
6,0,0,0,0,2,4,8,5,7,4,11,11,3,10,8,4,8,4,5,11,2,10,10,3,9,11,6,6,8,9,9,6,6,10,10,0,6,3,2,8,8,2,6,9,7,9,3,11,2,4,0,5,5,5,2,6,10,8,11,10,0,9,9,2,10,2,11,7,10,7,0,11,2,7,6,4,11,9,0,5,6,6,3,6,0,2,10,2,2,3,10,6,6,7,6,7,0,0,3,0,4,5,6,4,6,6,0,0,10,4,11,4,10,10,11,4,4,8,5,8,10,11,0,6,11,5,8,9,6,0,9,11,10,4,0,6,8,5,8,6,6,9,9,3,11,4,2,10,9
7,2,2,2,2,3,5,9,6,8,5,0,0,4,11,9,5,9,5,6,0,3,11,11,4,10,0,7,7,9,10,10,7,7,11,11,2,7,4,3,9,9,3,7,10,8,10,4,0,3,5,2,6,6,6,3,7,11,9,0,11,2,10,10,3,11,3,0,8,11,8,2,0,3,8,7,5,0,10,2,6,7,7,4,7,2,3,11,3,3,4,11,7,7,8,7,8,2,2,4,2,5,6,7,5,7,7,2,2,11,5,0,5,11,11,0,5,5,9,6,9,11,0,2,7,0,6,9,10,7,2,10,0,11,5,2,7,9,6,9,7,7,10,10,4,0,5,3,11,10
8,3,3,3,3,4,6,10,7,9,6,2,2,5,0,10,6,10,6,7,2,4,0,0,5,11,2,8,8,10,11,11,8,8,0,0,3,8,5,4,10,10,4,8,11,9,11,5,2,4,6,3,7,7,7,4,8,0,10,2,0,3,11,11,4,0,4,2,9,0,9,3,2,4,9,8,6,2,11,3,7,8,8,5,8,3,4,0,4,4,5,0,8,8,9,8,9,3,3,5,3,6,7,8,6,8,8,3,3,0,6,2,6,0,0,2,6,6,10,7,10,0,2,3,8,2,7,10,11,8,3,11,2,0,6,3,8,10,7,10,8,8,11,11,5,2,6,4,0,11
9,4,4,4,4,5,7,11,8,10,7,3,3,6,2,11,7,11,7,8,3,5,2,2,6,0,3,9,9,11,0,0,9,9,2,2,4,9,6,5,11,11,5,9,0,10,0,6,3,5,7,4,8,8,8,5,9,2,11,3,2,4,0,0,5,2,5,3,10,2,10,4,3,5,10,9,7,3,0,4,8,9,9,6,9,4,5,2,5,5,6,2,9,9,10,9,10,4,4,6,4,7,8,9,7,9,9,4,4,2,7,3,7,2,2,3,7,7,11,8,11,2,3,4,9,3,8,11,0,9,4,0,3,2,7,4,9,11,8,11,9,9,0,0,6,3,7,5,2,0
10,5,5,5,5,6,8,0,9,11,8,4,4,7,3,0,8,0,8,9,4,6,3,3,7,2,4,10,10,0,2,2,10,10,3,3,5,10,7,6,0,0,6,10,2,11,2,7,4,6,8,5,9,9,9,6,10,3,0,4,3,5,2,2,6,3,6,4,11,3,11,5,4,6,11,10,8,4,2,5,9,10,10,7,10,5,6,3,6,6,7,3,10,10,11,10,11,5,5,7,5,8,9,10,8,10,10,5,5,3,8,4,8,3,3,4,8,8,0,9,0,3,4,5,10,4,9,0,2,10,5,2,4,3,8,5,10,0,9,0,10,10,2,2,7,4,8,6,3,2
11,6,6,6,6,7,9,2,10,0,9,5,5,8,4,2,9,2,9,10,5,7,4,4,8,3,5,11,11,2,3,3,11,11,4,4,6,11,8,7,2,2,7,11,3,0,3,8,5,7,9,6,10,10,10,7,11,4,2,5,4,6,3,3,7,4,7,5,0,4,0,6,5,7,0,11,9,5,3,6,10,11,11,8,11,6,7,4,7,7,8,4,11,11,0,11,0,6,6,8,6,9,10,11,9,11,11,6,6,4,9,5,9,4,4,5,9,9,2,10,2,4,5,6,11,5,10,2,3,11,6,3,5,4,9,6,11,2,10,2,11,11,3,3,8,5,9,7,4,3
0,7,7,7,7,8,10,3,11,2,10,6,6,9,5,3,10,3,10,11,6,8,5,5,9,4,6,0,0,3,4,4,0,0,5,5,7,0,9,8,3,3,8,0,4,2,4,9,6,8,10,7,11,11,11,8,0,5,3,6,5,7,4,4,8,5,8,6,2,5,2,7,6,8,2,0,10,6,4,7,11,0,0,9,0,7,8,5,8,8,9,5,0,0,2,0,2,7,7,9,7,10,11,0,10,0,0,7,7,5,10,6,10,5,5,6,10,10,3,11,3,5,6,7,0,6,11,3,4,0,7,4,6,5,10,7,0,3,11,3,0,0,4,4,9,6,10,8,5,4
2,8,8,8,8,9,11,4,0,3,11,7,7,10,6,4,11,4,11,0,7,9,6,6,10,5,7,2,2,4,5,5,2,2,6,6,8,2,10,9,4,4,9,2,5,3,5,10,7,9,11,8,0,0,0,9,2,6,4,7,6,8,5,5,9,6,9,7,3,6,3,8,7,9,3,2,11,7,5,8,0,2,2,10,2,8,9,6,9,9,10,6,2,2,3,2,3,8,8,10,8,11,0,2,11,2,2,8,8,6,11,7,11,6,6,7,11,11,4,0,4,6,7,8,2,7,0,4,5,2,8,5,7,6,11,8,2,4,0,4,2,2,5,5,10,7,11,9,6,5
3,9,9,9,9,10,0,5,2,4,0,8,8,11,7,5,0,5,0,2,8,10,7,7,11,6,8,3,3,5,6,6,3,3,7,7,9,3,11,10,5,5,10,3,6,4,6,11,8,10,0,9,2,2,2,10,3,7,5,8,7,9,6,6,10,7,10,8,4,7,4,9,8,10,4,3,0,8,6,9,2,3,3,11,3,9,10,7,10,10,11,7,3,3,4,3,4,9,9,11,9,0,2,3,0,3,3,9,9,7,0,8,0,7,7,8,0,0,5,2,5,7,8,9,3,8,2,5,6,3,9,6,8,7,0,9,3,5,2,5,3,3,6,6,11,8,0,10,7,6
4,10,10,10,10,11,2,6,3,5,2,9,9,0,8,6,2,6,2,3,9,11,8,8,0,7,9,4,4,6,7,7,4,4,8,8,10,4,0,11,6,6,11,4,7,5,7,0,9,11,2,10,3,3,3,11,4,8,6,9,8,10,7,7,11,8,11,9,5,8,5,10,9,11,5,4,2,9,7,10,3,4,4,0,4,10,11,8,11,11,0,8,4,4,5,4,5,10,10,0,10,2,3,4,2,4,4,10,10,8,2,9,2,8,8,9,2,2,6,3,6,8,9,10,4,9,3,6,7,4,10,7,9,8,2,10,4,6,3,6,4,4,7,7,0,9,2,11,8,7
5,11,11,11,11,0,3,7,4,6,3,10,10,2,9,7,3,7,3,4,10,0,9,9,2,8,10,5,5,7,8,8,5,5,9,9,11,5,2,0,7,7,0,5,8,6,8,2,10,0,3,11,4,4,4,0,5,9,7,10,9,11,8,8,0,9,0,10,6,9,6,11,10,0,6,5,3,10,8,11,4,5,5,2,5,11,0,9,0,0,2,9,5,5,6,5,6,11,11,2,11,3,4,5,3,5,5,11,11,9,3,10,3,9,9,10,3,3,7,4,7,9,10,11,5,10,4,7,8,5,11,8,10,9,3,11,5,7,4,7,5,5,8,8,2,10,3,0,9,8
6,0,0,0,0,2,4,8,5,7,4,11,11,3,10,8,4,8,4,5,11,2,10,10,3,9,11,6,6,8,9,9,6,6,10,10,0,6,3,2,8,8,2,6,9,7,9,3,11,2,4,0,5,5,5,2,6,10,8,11,10,0,9,9,2,10,2,11,7,10,7,0,11,2,7,6,4,11,9,0,5,6,6,3,6,0,2,10,2,2,3,10,6,6,7,6,7,0,0,3,0,4,5,6,4,6,6,0,0,10,4,11,4,10,10,11,4,4,8,5,8,10,11,0,6,11,5,8,9,6,0,9,11,10,4,0,6,8,5,8,6,6,9,9,3,11,4,2,10,9
7,2,2,2,2,3,5,9,6,8,5,0,0,4,11,9,5,9,5,6,0,3,11,11,4,10,0,7,7,9,10,10,7,7,11,11,2,7,4,3,9,9,3,7,10,8,10,4,0,3,5,2,6,6,6,3,7,11,9,0,11,2,10,10,3,11,3,0,8,11,8,2,0,3,8,7,5,0,10,2,6,7,7,4,7,2,3,11,3,3,4,11,7,7,8,7,8,2,2,4,2,5,6,7,5,7,7,2,2,11,5,0,5,11,11,0,5,5,9,6,9,11,0,2,7,0,6,9,10,7,2,10,0,11,5,2,7,9,6,9,7,7,10,10,4,0,5,3,11,10
8,3,3,3,3,4,6,10,7,9,6,2,2,5,0,10,6,10,6,7,2,4,0,0,5,11,2,8,8,10,11,11,8,8,0,0,3,8,5,4,10,10,4,8,11,9,11,5,2,4,6,3,7,7,7,4,8,0,10,2,0,3,11,11,4,0,4,2,9,0,9,3,2,4,9,8,6,2,11,3,7,8,8,5,8,3,4,0,4,4,5,0,8,8,9,8,9,3,3,5,3,6,7,8,6,8,8,3,3,0,6,2,6,0,0,2,6,6,10,7,10,0,2,3,8,2,7,10,11,8,3,11,2,0,6,3,8,10,7,10,8,8,11,11,5,2,6,4,0,11
9,4,4,4,4,5,7,11,8,10,7,3,3,6,2,11,7,11,7,8,3,5,2,2,6,0,3,9,9,11,0,0,9,9,2,2,4,9,6,5,11,11,5,9,0,10,0,6,3,5,7,4,8,8,8,5,9,2,11,3,2,4,0,0,5,2,5,3,10,2,10,4,3,5,10,9,7,3,0,4,8,9,9,6,9,4,5,2,5,5,6,2,9,9,10,9,10,4,4,6,4,7,8,9,7,9,9,4,4,2,7,3,7,2,2,3,7,7,11,8,11,2,3,4,9,3,8,11,0,9,4,0,3,2,7,4,9,11,8,11,9,9,0,0,6,3,7,5,2,0
10,5,5,5,5,6,8,0,9,11,8,4,4,7,3,0,8,0,8,9,4,6,3,3,7,2,4,10,10,0,2,2,10,10,3,3,5,10,7,6,0,0,6,10,2,11,2,7,4,6,8,5,9,9,9,6,10,3,0,4,3,5,2,2,6,3,6,4,11,3,11,5,4,6,11,10,8,4,2,5,9,10,10,7,10,5,6,3,6,6,7,3,10,10,11,10,11,5,5,7,5,8,9,10,8,10,10,5,5,3,8,4,8,3,3,4,8,8,0,9,0,3,4,5,10,4,9,0,2,10,5,2,4,3,8,5,10,0,9,0,10,10,2,2,7,4,8,6,3,2
11,6,6,6,6,7,9,2,10,0,9,5,5,8,4,2,9,2,9,10,5,7,4,4,8,3,5,11,11,2,3,3,11,11,4,4,6,11,8,7,2,2,7,11,3,0,3,8,5,7,9,6,10,10,10,7,11,4,2,5,4,6,3,3,7,4,7,5,0,4,0,6,5,7,0,11,9,5,3,6,10,11,11,8,11,6,7,4,7,7,8,4,11,11,0,11,0,6,6,8,6,9,10,11,9,11,11,6,6,4,9,5,9,4,4,5,9,9,2,10,2,4,5,6,11,5,10,2,3,11,6,3,5,4,9,6,11,2,10,2,11,11,3,3,8,5,9,7,4,3
0,7,7,7,7,8,10,3,11,2,10,6,6,9,5,3,10,3,10,11,6,8,5,5,9,4,6,0,0,3,4,4,0,0,5,5,7,0,9,8,3,3,8,0,4,2,4,9,6,8,10,7,11,11,11,8,0,5,3,6,5,7,4,4,8,5,8,6,2,5,2,7,6,8,2,0,10,6,4,7,11,0,0,9,0,7,8,5,8,8,9,5,0,0,2,0,2,7,7,9,7,10,11,0,10,0,0,7,7,5,10,6,10,5,5,6,10,10,3,11,3,5,6,7,0,6,11,3,4,0,7,4,6,5,10,7,0,3,11,3,0,0,4,4,9,6,10,8,5,4
2,8,8,8,8,9,11,4,0,3,11,7,7,10,6,4,11,4,11,0,7,9,6,6,10,5,7,2,2,4,5,5,2,2,6,6,8,2,10,9,4,4,9,2,5,3,5,10,7,9,11,8,0,0,0,9,2,6,4,7,6,8,5,5,9,6,9,7,3,6,3,8,7,9,3,2,11,7,5,8,0,2,2,10,2,8,9,6,9,9,10,6,2,2,3,2,3,8,8,10,8,11,0,2,11,2,2,8,8,6,11,7,11,6,6,7,11,11,4,0,4,6,7,8,2,7,0,4,5,2,8,5,7,6,11,8,2,4,0,4,2,2,5,5,10,7,11,9,6,5
3,9,9,9,9,10,0,5,2,4,0,8,8,11,7,5,0,5,0,2,8,10,7,7,11,6,8,3,3,5,6,6,3,3,7,7,9,3,11,10,5,5,10,3,6,4,6,11,8,10,0,9,2,2,2,10,3,7,5,8,7,9,6,6,10,7,10,8,4,7,4,9,8,10,4,3,0,8,6,9,2,3,3,11,3,9,10,7,10,10,11,7,3,3,4,3,4,9,9,11,9,0,2,3,0,3,3,9,9,7,0,8,0,7,7,8,0,0,5,2,5,7,8,9,3,8,2,5,6,3,9,6,8,7,0,9,3,5,2,5,3,3,6,6,11,8,0,10,7,6
4,10,10,10,10,11,2,6,3,5,2,9,9,0,8,6,2,6,2,3,9,11,8,8,0,7,9,4,4,6,7,7,4,4,8,8,10,4,0,11,6,6,11,4,7,5,7,0,9,11,2,10,3,3,3,11,4,8,6,9,8,10,7,7,11,8,11,9,5,8,5,10,9,11,5,4,2,9,7,10,3,4,4,0,4,10,11,8,11,11,0,8,4,4,5,4,5,10,10,0,10,2,3,4,2,4,4,10,10,8,2,9,2,8,8,9,2,2,6,3,6,8,9,10,4,9,3,6,7,4,10,7,9,8,2,10,4,6,3,6,4,4,7,7,0,9,2,11,8,7
5,11,11,11,11,0,3,7,4,6,3,10,10,2,9,7,3,7,3,4,10,0,9,9,2,8,10,5,5,7,8,8,5,5,9,9,11,5,2,0,7,7,0,5,8,6,8,2,10,0,3,11,4,4,4,0,5,9,7,10,9,11,8,8,0,9,0,10,6,9,6,11,10,0,6,5,3,10,8,11,4,5,5,2,5,11,0,9,0,0,2,9,5,5,6,5,6,11,11,2,11,3,4,5,3,5,5,11,11,9,3,10,3,9,9,10,3,3,7,4,7,9,10,11,5,10,4,7,8,5,11,8,10,9,3,11,5,7,4,7,5,5,8,8,2,10,3,0,9,8
6,0,0,0,0,2,4,8,5,7,4,11,11,3,10,8,4,8,4,5,11,2,10,10,3,9,11,6,6,8,9,9,6,6,10,10,0,6,3,2,8,8,2,6,9,7,9,3,11,2,4,0,5,5,5,2,6,10,8,11,10,0,9,9,2,10,2,11,7,10,7,0,11,2,7,6,4,11,9,0,5,6,6,3,6,0,2,10,2,2,3,10,6,6,7,6,7,0,0,3,0,4,5,6,4,6,6,0,0,10,4,11,4,10,10,11,4,4,8,5,8,10,11,0,6,11,5,8,9,6,0,9,11,10,4,0,6,8,5,8,6,6,9,9,3,11,4,2,10,9
7,2,2,2,2,3,5,9,6,8,5,0,0,4,11,9,5,9,5,6,0,3,11,11,4,10,0,7,7,9,10,10,7,7,11,11,2,7,4,3,9,9,3,7,10,8,10,4,0,3,5,2,6,6,6,3,7,11,9,0,11,2,10,10,3,11,3,0,8,11,8,2,0,3,8,7,5,0,10,2,6,7,7,4,7,2,3,11,3,3,4,11,7,7,8,7,8,2,2,4,2,5,6,7,5,7,7,2,2,11,5,0,5,11,11,0,5,5,9,6,9,11,0,2,7,0,6,9,10,7,2,10,0,11,5,2,7,9,6,9,7,7,10,10,4,0,5,3,11,10
8,3,3,3,3,4,6,10,7,9,6,2,2,5,0,10,6,10,6,7,2,4,0,0,5,11,2,8,8,10,11,11,8,8,0,0,3,8,5,4,10,10,4,8,11,9,11,5,2,4,6,3,7,7,7,4,8,0,10,2,0,3,11,11,4,0,4,2,9,0,9,3,2,4,9,8,6,2,11,3,7,8,8,5,8,3,4,0,4,4,5,0,8,8,9,8,9,3,3,5,3,6,7,8,6,8,8,3,3,0,6,2,6,0,0,2,6,6,10,7,10,0,2,3,8,2,7,10,11,8,3,11,2,0,6,3,8,10,7,10,8,8,11,11,5,2,6,4,0,11
9,4,4,4,4,5,7,11,8,10,7,3,3,6,2,11,7,11,7,8,3,5,2,2,6,0,3,9,9,11,0,0,9,9,2,2,4,9,6,5,11,11,5,9,0,10,0,6,3,5,7,4,8,8,8,5,9,2,11,3,2,4,0,0,5,2,5,3,10,2,10,4,3,5,10,9,7,3,0,4,8,9,9,6,9,4,5,2,5,5,6,2,9,9,10,9,10,4,4,6,4,7,8,9,7,9,9,4,4,2,7,3,7,2,2,3,7,7,11,8,11,2,3,4,9,3,8,11,0,9,4,0,3,2,7,4,9,11,8,11,9,9,0,0,6,3,7,5,2,0
10,5,5,5,5,6,8,0,9,11,8,4,4,7,3,0,8,0,8,9,4,6,3,3,7,2,4,10,10,0,2,2,10,10,3,3,5,10,7,6,0,0,6,10,2,11,2,7,4,6,8,5,9,9,9,6,10,3,0,4,3,5,2,2,6,3,6,4,11,3,11,5,4,6,11,10,8,4,2,5,9,10,10,7,10,5,6,3,6,6,7,3,10,10,11,10,11,5,5,7,5,8,9,10,8,10,10,5,5,3,8,4,8,3,3,4,8,8,0,9,0,3,4,5,10,4,9,0,2,10,5,2,4,3,8,5,10,0,9,0,10,10,2,2,7,4,8,6,3,2
11,6,6,6,6,7,9,2,10,0,9,5,5,8,4,2,9,2,9,10,5,7,4,4,8,3,5,11,11,2,3,3,11,11,4,4,6,11,8,7,2,2,7,11,3,0,3,8,5,7,9,6,10,10,10,7,11,4,2,5,4,6,3,3,7,4,7,5,0,4,0,6,5,7,0,11,9,5,3,6,10,11,11,8,11,6,7,4,7,7,8,4,11,11,0,11,0,6,6,8,6,9,10,11,9,11,11,6,6,4,9,5,9,4,4,5,9,9,2,10,2,4,5,6,11,5,10,2,3,11,6,3,5,4,9,6,11,2,10,2,11,11,3,3,8,5,9,7,4,3
0,7,7,7,7,8,10,3,11,2,10,6,6,9,5,3,10,3,10,11,6,8,5,5,9,4,6,0,0,3,4,4,0,0,5,5,7,0,9,8,3,3,8,0,4,2,4,9,6,8,10,7,11,11,11,8,0,5,3,6,5,7,4,4,8,5,8,6,2,5,2,7,6,8,2,0,10,6,4,7,11,0,0,9,0,7,8,5,8,8,9,5,0,0,2,0,2,7,7,9,7,10,11,0,10,0,0,7,7,5,10,6,10,5,5,6,10,10,3,11,3,5,6,7,0,6,11,3,4,0,7,4,6,5,10,7,0,3,11,3,0,0,4,4,9,6,10,8,5,4
2,8,8,8,8,9,11,4,0,3,11,7,7,10,6,4,11,4,11,0,7,9,6,6,10,5,7,2,2,4,5,5,2,2,6,6,8,2,10,9,4,4,9,2,5,3,5,10,7,9,11,8,0,0,0,9,2,6,4,7,6,8,5,5,9,6,9,7,3,6,3,8,7,9,3,2,11,7,5,8,0,2,2,10,2,8,9,6,9,9,10,6,2,2,3,2,3,8,8,10,8,11,0,2,11,2,2,8,8,6,11,7,11,6,6,7,11,11,4,0,4,6,7,8,2,7,0,4,5,2,8,5,7,6,11,8,2,4,0,4,2,2,5,5,10,7,11,9,6,5
3,9,9,9,9,10,0,5,2,4,0,8,8,11,7,5,0,5,0,2,8,10,7,7,11,6,8,3,3,5,6,6,3,3,7,7,9,3,11,10,5,5,10,3,6,4,6,11,8,10,0,9,2,2,2,10,3,7,5,8,7,9,6,6,10,7,10,8,4,7,4,9,8,10,4,3,0,8,6,9,2,3,3,11,3,9,10,7,10,10,11,7,3,3,4,3,4,9,9,11,9,0,2,3,0,3,3,9,9,7,0,8,0,7,7,8,0,0,5,2,5,7,8,9,3,8,2,5,6,3,9,6,8,7,0,9,3,5,2,5,3,3,6,6,11,8,0,10,7,6
4,10,10,10,10,11,2,6,3,5,2,9,9,0,8,6,2,6,2,3,9,11,8,8,0,7,9,4,4,6,7,7,4,4,8,8,10,4,0,11,6,6,11,4,7,5,7,0,9,11,2,10,3,3,3,11,4,8,6,9,8,10,7,7,11,8,11,9,5,8,5,10,9,11,5,4,2,9,7,10,3,4,4,0,4,10,11,8,11,11,0,8,4,4,5,4,5,10,10,0,10,2,3,4,2,4,4,10,10,8,2,9,2,8,8,9,2,2,6,3,6,8,9,10,4,9,3,6,7,4,10,7,9,8,2,10,4,6,3,6,4,4,7,7,0,9,2,11,8,7
5,11,11,11,11,0,3,7,4,6,3,10,10,2,9,7,3,7,3,4,10,0,9,9,2,8,10,5,5,7,8,8,5,5,9,9,11,5,2,0,7,7,0,5,8,6,8,2,10,0,3,11,4,4,4,0,5,9,7,10,9,11,8,8,0,9,0,10,6,9,6,11,10,0,6,5,3,10,8,11,4,5,5,2,5,11,0,9,0,0,2,9,5,5,6,5,6,11,11,2,11,3,4,5,3,5,5,11,11,9,3,10,3,9,9,10,3,3,7,4,7,9,10,11,5,10,4,7,8,5,11,8,10,9,3,11,5,7,4,7,5,5,8,8,2,10,3,0,9,8
6,0,0,0,0,2,4,8,5,7,4,11,11,3,10,8,4,8,4,5,11,2,10,10,3,9,11,6,6,8,9,9,6,6,10,10,0,6,3,2,8,8,2,6,9,7,9,3,11,2,4,0,5,5,5,2,6,10,8,11,10,0,9,9,2,10,2,11,7,10,7,0,11,2,7,6,4,11,9,0,5,6,6,3,6,0,2,10,2,2,3,10,6,6,7,6,7,0,0,3,0,4,5,6,4,6,6,0,0,10,4,11,4,10,10,11,4,4,8,5,8,10,11,0,6,11,5,8,9,6,0,9,11,10,4,0,6,8,5,8,6,6,9,9,3,11,4,2,10,9
7,2,2,2,2,3,5,9,6,8,5,0,0,4,11,9,5,9,5,6,0,3,11,11,4,10,0,7,7,9,10,10,7,7,11,11,2,7,4,3,9,9,3,7,10,8,10,4,0,3,5,2,6,6,6,3,7,11,9,0,11,2,10,10,3,11,3,0,8,11,8,2,0,3,8,7,5,0,10,2,6,7,7,4,7,2,3,11,3,3,4,11,7,7,8,7,8,2,2,4,2,5,6,7,5,7,7,2,2,11,5,0,5,11,11,0,5,5,9,6,9,11,0,2,7,0,6,9,10,7,2,10,0,11,5,2,7,9,6,9,7,7,10,10,4,0,5,3,11,10
8,3,3,3,3,4,6,10,7,9,6,2,2,5,0,10,6,10,6,7,2,4,0,0,5,11,2,8,8,10,11,11,8,8,0,0,3,8,5,4,10,10,4,8,11,9,11,5,2,4,6,3,7,7,7,4,8,0,10,2,0,3,11,11,4,0,4,2,9,0,9,3,2,4,9,8,6,2,11,3,7,8,8,5,8,3,4,0,4,4,5,0,8,8,9,8,9,3,3,5,3,6,7,8,6,8,8,3,3,0,6,2,6,0,0,2,6,6,10,7,10,0,2,3,8,2,7,10,11,8,3,11,2,0,6,3,8,10,7,10,8,8,11,11,5,2,6,4,0,11
9,4,4,4,4,5,7,11,8,10,7,3,3,6,2,11,7,11,7,8,3,5,2,2,6,0,3,9,9,11,0,0,9,9,2,2,4,9,6,5,11,11,5,9,0,10,0,6,3,5,7,4,8,8,8,5,9,2,11,3,2,4,0,0,5,2,5,3,10,2,10,4,3,5,10,9,7,3,0,4,8,9,9,6,9,4,5,2,5,5,6,2,9,9,10,9,10,4,4,6,4,7,8,9,7,9,9,4,4,2,7,3,7,2,2,3,7,7,11,8,11,2,3,4,9,3,8,11,0,9,4,0,3,2,7,4,9,11,8,11,9,9,0,0,6,3,7,5,2,0
10,5,5,5,5,6,8,0,9,11,8,4,4,7,3,0,8,0,8,9,4,6,3,3,7,2,4,10,10,0,2,2,10,10,3,3,5,10,7,6,0,0,6,10,2,11,2,7,4,6,8,5,9,9,9,6,10,3,0,4,3,5,2,2,6,3,6,4,11,3,11,5,4,6,11,10,8,4,2,5,9,10,10,7,10,5,6,3,6,6,7,3,10,10,11,10,11,5,5,7,5,8,9,10,8,10,10,5,5,3,8,4,8,3,3,4,8,8,0,9,0,3,4,5,10,4,9,0,2,10,5,2,4,3,8,5,10,0,9,0,10,10,2,2,7,4,8,6,3,2
11,6,6,6,6,7,9,2,10,0,9,5,5,8,4,2,9,2,9,10,5,7,4,4,8,3,5,11,11,2,3,3,11,11,4,4,6,11,8,7,2,2,7,11,3,0,3,8,5,7,9,6,10,10,10,7,11,4,2,5,4,6,3,3,7,4,7,5,0,4,0,6,5,7,0,11,9,5,3,6,10,11,11,8,11,6,7,4,7,7,8,4,11,11,0,11,0,6,6,8,6,9,10,11,9,11,11,6,6,4,9,5,9,4,4,5,9,9,2,10,2,4,5,6,11,5,10,2,3,11,6,3,5,4,9,6,11,2,10,2,11,11,3,3,8,5,9,7,4,3
0,7,7,7,7,8,10,3,11,2,10,6,6,9,5,3,10,3,10,11,6,8,5,5,9,4,6,0,0,3,4,4,0,0,5,5,7,0,9,8,3,3,8,0,4,2,4,9,6,8,10,7,11,11,11,8,0,5,3,6,5,7,4,4,8,5,8,6,2,5,2,7,6,8,2,0,10,6,4,7,11,0,0,9,0,7,8,5,8,8,9,5,0,0,2,0,2,7,7,9,7,10,11,0,10,0,0,7,7,5,10,6,10,5,5,6,10,10,3,11,3,5,6,7,0,6,11,3,4,0,7,4,6,5,10,7,0,3,11,3,0,0,4,4,9,6,10,8,5,4
2,8,8,8,8,9,11,4,0,3,11,7,7,10,6,4,11,4,11,0,7,9,6,6,10,5,7,2,2,4,5,5,2,2,6,6,8,2,10,9,4,4,9,2,5,3,5,10,7,9,11,8,0,0,0,9,2,6,4,7,6,8,5,5,9,6,9,7,3,6,3,8,7,9,3,2,11,7,5,8,0,2,2,10,2,8,9,6,9,9,10,6,2,2,3,2,3,8,8,10,8,11,0,2,11,2,2,8,8,6,11,7,11,6,6,7,11,11,4,0,4,6,7,8,2,7,0,4,5,2,8,5,7,6,11,8,2,4,0,4,2,2,5,5,10,7,11,9,6,5
3,9,9,9,9,10,0,5,2,4,0,8,8,11,7,5,0,5,0,2,8,10,7,7,11,6,8,3,3,5,6,6,3,3,7,7,9,3,11,10,5,5,10,3,6,4,6,11,8,10,0,9,2,2,2,10,3,7,5,8,7,9,6,6,10,7,10,8,4,7,4,9,8,10,4,3,0,8,6,9,2,3,3,11,3,9,10,7,10,10,11,7,3,3,4,3,4,9,9,11,9,0,2,3,0,3,3,9,9,7,0,8,0,7,7,8,0,0,5,2,5,7,8,9,3,8,2,5,6,3,9,6,8,7,0,9,3,5,2,5,3,3,6,6,11,8,0,10,7,6
4,10,10,10,10,11,2,6,3,5,2,9,9,0,8,6,2,6,2,3,9,11,8,8,0,7,9,4,4,6,7,7,4,4,8,8,10,4,0,11,6,6,11,4,7,5,7,0,9,11,2,10,3,3,3,11,4,8,6,9,8,10,7,7,11,8,11,9,5,8,5,10,9,11,5,4,2,9,7,10,3,4,4,0,4,10,11,8,11,11,0,8,4,4,5,4,5,10,10,0,10,2,3,4,2,4,4,10,10,8,2,9,2,8,8,9,2,2,6,3,6,8,9,10,4,9,3,6,7,4,10,7,9,8,2,10,4,6,3,6,4,4,7,7,0,9,2,11,8,7
5,11,11,11,11,0,3,7,4,6,3,10,10,2,9,7,3,7,3,4,10,0,9,9,2,8,10,5,5,7,8,8,5,5,9,9,11,5,2,0,7,7,0,5,8,6,8,2,10,0,3,11,4,4,4,0,5,9,7,10,9,11,8,8,0,9,0,10,6,9,6,11,10,0,6,5,3,10,8,11,4,5,5,2,5,11,0,9,0,0,2,9,5,5,6,5,6,11,11,2,11,3,4,5,3,5,5,11,11,9,3,10,3,9,9,10,3,3,7,4,7,9,10,11,5,10,4,7,8,5,11,8,10,9,3,11,5,7,4,7,5,5,8,8,2,10,3,0,9,8
6,0,0,0,0,2,4,8,5,7,4,11,11,3,10,8,4,8,4,5,11,2,10,10,3,9,11,6,6,8,9,9,6,6,10,10,0,6,3,2,8,8,2,6,9,7,9,3,11,2,4,0,5,5,5,2,6,10,8,11,10,0,9,9,2,10,2,11,7,10,7,0,11,2,7,6,4,11,9,0,5,6,6,3,6,0,2,10,2,2,3,10,6,6,7,6,7,0,0,3,0,4,5,6,4,6,6,0,0,10,4,11,4,10,10,11,4,4,8,5,8,10,11,0,6,11,5,8,9,6,0,9,11,10,4,0,6,8,5,8,6,6,9,9,3,11,4,2,10,9
7,2,2,2,2,3,5,9,6,8,5,0,0,4,11,9,5,9,5,6,0,3,11,11,4,10,0,7,7,9,10,10,7,7,11,11,2,7,4,3,9,9,3,7,10,8,10,4,0,3,5,2,6,6,6,3,7,11,9,0,11,2,10,10,3,11,3,0,8,11,8,2,0,3,8,7,5,0,10,2,6,7,7,4,7,2,3,11,3,3,4,11,7,7,8,7,8,2,2,4,2,5,6,7,5,7,7,2,2,11,5,0,5,11,11,0,5,5,9,6,9,11,0,2,7,0,6,9,10,7,2,10,0,11,5,2,7,9,6,9,7,7,10,10,4,0,5,3,11,10
8,3,3,3,3,4,6,10,7,9,6,2,2,5,0,10,6,10,6,7,2,4,0,0,5,11,2,8,8,10,11,11,8,8,0,0,3,8,5,4,10,10,4,8,11,9,11,5,2,4,6,3,7,7,7,4,8,0,10,2,0,3,11,11,4,0,4,2,9,0,9,3,2,4,9,8,6,2,11,3,7,8,8,5,8,3,4,0,4,4,5,0,8,8,9,8,9,3,3,5,3,6,7,8,6,8,8,3,3,0,6,2,6,0,0,2,6,6,10,7,10,0,2,3,8,2,7,10,11,8,3,11,2,0,6,3,8,10,7,10,8,8,11,11,5,2,6,4,0,11
9,4,4,4,4,5,7,11,8,10,7,3,3,6,2,11,7,11,7,8,3,5,2,2,6,0,3,9,9,11,0,0,9,9,2,2,4,9,6,5,11,11,5,9,0,10,0,6,3,5,7,4,8,8,8,5,9,2,11,3,2,4,0,0,5,2,5,3,10,2,10,4,3,5,10,9,7,3,0,4,8,9,9,6,9,4,5,2,5,5,6,2,9,9,10,9,10,4,4,6,4,7,8,9,7,9,9,4,4,2,7,3,7,2,2,3,7,7,11,8,11,2,3,4,9,3,8,11,0,9,4,0,3,2,7,4,9,11,8,11,9,9,0,0,6,3,7,5,2,0
10,5,5,5,5,6,8,0,9,11,8,4,4,7,3,0,8,0,8,9,4,6,3,3,7,2,4,10,10,0,2,2,10,10,3,3,5,10,7,6,0,0,6,10,2,11,2,7,4,6,8,5,9,9,9,6,10,3,0,4,3,5,2,2,6,3,6,4,11,3,11,5,4,6,11,10,8,4,2,5,9,10,10,7,10,5,6,3,6,6,7,3,10,10,11,10,11,5,5,7,5,8,9,10,8,10,10,5,5,3,8,4,8,3,3,4,8,8,0,9,0,3,4,5,10,4,9,0,2,10,5,2,4,3,8,5,10,0,9,0,10,10,2,2,7,4,8,6,3,2
11,6,6,6,6,7,9,2,10,0,9,5,5,8,4,2,9,2,9,10,5,7,4,4,8,3,5,11,11,2,3,3,11,11,4,4,6,11,8,7,2,2,7,11,3,0,3,8,5,7,9,6,10,10,10,7,11,4,2,5,4,6,3,3,7,4,7,5,0,4,0,6,5,7,0,11,9,5,3,6,10,11,11,8,11,6,7,4,7,7,8,4,11,11,0,11,0,6,6,8,6,9,10,11,9,11,11,6,6,4,9,5,9,4,4,5,9,9,2,10,2,4,5,6,11,5,10,2,3,11,6,3,5,4,9,6,11,2,10,2,11,11,3,3,8,5,9,7,4,3
0,7,7,7,7,8,10,3,11,2,10,6,6,9,5,3,10,3,10,11,6,8,5,5,9,4,6,0,0,3,4,4,0,0,5,5,7,0,9,8,3,3,8,0,4,2,4,9,6,8,10,7,11,11,11,8,0,5,3,6,5,7,4,4,8,5,8,6,2,5,2,7,6,8,2,0,10,6,4,7,11,0,0,9,0,7,8,5,8,8,9,5,0,0,2,0,2,7,7,9,7,10,11,0,10,0,0,7,7,5,10,6,10,5,5,6,10,10,3,11,3,5,6,7,0,6,11,3,4,0,7,4,6,5,10,7,0,3,11,3,0,0,4,4,9,6,10,8,5,4
2,8,8,8,8,9,11,4,0,3,11,7,7,10,6,4,11,4,11,0,7,9,6,6,10,5,7,2,2,4,5,5,2,2,6,6,8,2,10,9,4,4,9,2,5,3,5,10,7,9,11,8,0,0,0,9,2,6,4,7,6,8,5,5,9,6,9,7,3,6,3,8,7,9,3,2,11,7,5,8,0,2,2,10,2,8,9,6,9,9,10,6,2,2,3,2,3,8,8,10,8,11,0,2,11,2,2,8,8,6,11,7,11,6,6,7,11,11,4,0,4,6,7,8,2,7,0,4,5,2,8,5,7,6,11,8,2,4,0,4,2,2,5,5,10,7,11,9,6,5
3,9,9,9,9,10,0,5,2,4,0,8,8,11,7,5,0,5,0,2,8,10,7,7,11,6,8,3,3,5,6,6,3,3,7,7,9,3,11,10,5,5,10,3,6,4,6,11,8,10,0,9,2,2,2,10,3,7,5,8,7,9,6,6,10,7,10,8,4,7,4,9,8,10,4,3,0,8,6,9,2,3,3,11,3,9,10,7,10,10,11,7,3,3,4,3,4,9,9,11,9,0,2,3,0,3,3,9,9,7,0,8,0,7,7,8,0,0,5,2,5,7,8,9,3,8,2,5,6,3,9,6,8,7,0,9,3,5,2,5,3,3,6,6,11,8,0,10,7,6
4,10,10,10,10,11,2,6,3,5,2,9,9,0,8,6,2,6,2,3,9,11,8,8,0,7,9,4,4,6,7,7,4,4,8,8,10,4,0,11,6,6,11,4,7,5,7,0,9,11,2,10,3,3,3,11,4,8,6,9,8,10,7,7,11,8,11,9,5,8,5,10,9,11,5,4,2,9,7,10,3,4,4,0,4,10,11,8,11,11,0,8,4,4,5,4,5,10,10,0,10,2,3,4,2,4,4,10,10,8,2,9,2,8,8,9,2,2,6,3,6,8,9,10,4,9,3,6,7,4,10,7,9,8,2,10,4,6,3,6,4,4,7,7,0,9,2,11,8,7
5,11,11,11,11,0,3,7,4,6,3,10,10,2,9,7,3,7,3,4,10,0,9,9,2,8,10,5,5,7,8,8,5,5,9,9,11,5,2,0,7,7,0,5,8,6,8,2,10,0,3,11,4,4,4,0,5,9,7,10,9,11,8,8,0,9,0,10,6,9,6,11,10,0,6,5,3,10,8,11,4,5,5,2,5,11,0,9,0,0,2,9,5,5,6,5,6,11,11,2,11,3,4,5,3,5,5,11,11,9,3,10,3,9,9,10,3,3,7,4,7,9,10,11,5,10,4,7,8,5,11,8,10,9,3,11,5,7,4,7,5,5,8,8,2,10,3,0,9,8
6,0,0,0,0,2,4,8,5,7,4,11,11,3,10,8,4,8,4,5,11,2,10,10,3,9,11,6,6,8,9,9,6,6,10,10,0,6,3,2,8,8,2,6,9,7,9,3,11,2,4,0,5,5,5,2,6,10,8,11,10,0,9,9,2,10,2,11,7,10,7,0,11,2,7,6,4,11,9,0,5,6,6,3,6,0,2,10,2,2,3,10,6,6,7,6,7,0,0,3,0,4,5,6,4,6,6,0,0,10,4,11,4,10,10,11,4,4,8,5,8,10,11,0,6,11,5,8,9,6,0,9,11,10,4,0,6,8,5,8,6,6,9,9,3,11,4,2,10,9
7,2,2,2,2,3,5,9,6,8,5,0,0,4,11,9,5,9,5,6,0,3,11,11,4,10,0,7,7,9,10,10,7,7,11,11,2,7,4,3,9,9,3,7,10,8,10,4,0,3,5,2,6,6,6,3,7,11,9,0,11,2,10,10,3,11,3,0,8,11,8,2,0,3,8,7,5,0,10,2,6,7,7,4,7,2,3,11,3,3,4,11,7,7,8,7,8,2,2,4,2,5,6,7,5,7,7,2,2,11,5,0,5,11,11,0,5,5,9,6,9,11,0,2,7,0,6,9,10,7,2,10,0,11,5,2,7,9,6,9,7,7,10,10,4,0,5,3,11,10
8,3,3,3,3,4,6,10,7,9,6,2,2,5,0,10,6,10,6,7,2,4,0,0,5,11,2,8,8,10,11,11,8,8,0,0,3,8,5,4,10,10,4,8,11,9,11,5,2,4,6,3,7,7,7,4,8,0,10,2,0,3,11,11,4,0,4,2,9,0,9,3,2,4,9,8,6,2,11,3,7,8,8,5,8,3,4,0,4,4,5,0,8,8,9,8,9,3,3,5,3,6,7,8,6,8,8,3,3,0,6,2,6,0,0,2,6,6,10,7,10,0,2,3,8,2,7,10,11,8,3,11,2,0,6,3,8,10,7,10,8,8,11,11,5,2,6,4,0,11
9,4,4,4,4,5,7,11,8,10,7,3,3,6,2,11,7,11,7,8,3,5,2,2,6,0,3,9,9,11,0,0,9,9,2,2,4,9,6,5,11,11,5,9,0,10,0,6,3,5,7,4,8,8,8,5,9,2,11,3,2,4,0,0,5,2,5,3,10,2,10,4,3,5,10,9,7,3,0,4,8,9,9,6,9,4,5,2,5,5,6,2,9,9,10,9,10,4,4,6,4,7,8,9,7,9,9,4,4,2,7,3,7,2,2,3,7,7,11,8,11,2,3,4,9,3,8,11,0,9,4,0,3,2,7,4,9,11,8,11,9,9,0,0,6,3,7,5,2,0
10,5,5,5,5,6,8,0,9,11,8,4,4,7,3,0,8,0,8,9,4,6,3,3,7,2,4,10,10,0,2,2,10,10,3,3,5,10,7,6,0,0,6,10,2,11,2,7,4,6,8,5,9,9,9,6,10,3,0,4,3,5,2,2,6,3,6,4,11,3,11,5,4,6,11,10,8,4,2,5,9,10,10,7,10,5,6,3,6,6,7,3,10,10,11,10,11,5,5,7,5,8,9,10,8,10,10,5,5,3,8,4,8,3,3,4,8,8,0,9,0,3,4,5,10,4,9,0,2,10,5,2,4,3,8,5,10,0,9,0,10,10,2,2,7,4,8,6,3,2
11,6,6,6,6,7,9,2,10,0,9,5,5,8,4,2,9,2,9,10,5,7,4,4,8,3,5,11,11,2,3,3,11,11,4,4,6,11,8,7,2,2,7,11,3,0,3,8,5,7,9,6,10,10,10,7,11,4,2,5,4,6,3,3,7,4,7,5,0,4,0,6,5,7,0,11,9,5,3,6,10,11,11,8,11,6,7,4,7,7,8,4,11,11,0,11,0,6,6,8,6,9,10,11,9,11,11,6,6,4,9,5,9,4,4,5,9,9,2,10,2,4,5,6,11,5,10,2,3,11,6,3,5,4,9,6,11,2,10,2,11,11,3,3,8,5,9,7,4,3
0,7,7,7,7,8,10,3,11,2,10,6,6,9,5,3,10,3,10,11,6,8,5,5,9,4,6,0,0,3,4,4,0,0,5,5,7,0,9,8,3,3,8,0,4,2,4,9,6,8,10,7,11,11,11,8,0,5,3,6,5,7,4,4,8,5,8,6,2,5,2,7,6,8,2,0,10,6,4,7,11,0,0,9,0,7,8,5,8,8,9,5,0,0,2,0,2,7,7,9,7,10,11,0,10,0,0,7,7,5,10,6,10,5,5,6,10,10,3,11,3,5,6,7,0,6,11,3,4,0,7,4,6,5,10,7,0,3,11,3,0,0,4,4,9,6,10,8,5,4
2,8,8,8,8,9,11,4,0,3,11,7,7,10,6,4,11,4,11,0,7,9,6,6,10,5,7,2,2,4,5,5,2,2,6,6,8,2,10,9,4,4,9,2,5,3,5,10,7,9,11,8,0,0,0,9,2,6,4,7,6,8,5,5,9,6,9,7,3,6,3,8,7,9,3,2,11,7,5,8,0,2,2,10,2,8,9,6,9,9,10,6,2,2,3,2,3,8,8,10,8,11,0,2,11,2,2,8,8,6,11,7,11,6,6,7,11,11,4,0,4,6,7,8,2,7,0,4,5,2,8,5,7,6,11,8,2,4,0,4,2,2,5,5,10,7,11,9,6,5
3,9,9,9,9,10,0,5,2,4,0,8,8,11,7,5,0,5,0,2,8,10,7,7,11,6,8,3,3,5,6,6,3,3,7,7,9,3,11,10,5,5,10,3,6,4,6,11,8,10,0,9,2,2,2,10,3,7,5,8,7,9,6,6,10,7,10,8,4,7,4,9,8,10,4,3,0,8,6,9,2,3,3,11,3,9,10,7,10,10,11,7,3,3,4,3,4,9,9,11,9,0,2,3,0,3,3,9,9,7,0,8,0,7,7,8,0,0,5,2,5,7,8,9,3,8,2,5,6,3,9,6,8,7,0,9,3,5,2,5,3,3,6,6,11,8,0,10,7,6
4,10,10,10,10,11,2,6,3,5,2,9,9,0,8,6,2,6,2,3,9,11,8,8,0,7,9,4,4,6,7,7,4,4,8,8,10,4,0,11,6,6,11,4,7,5,7,0,9,11,2,10,3,3,3,11,4,8,6,9,8,10,7,7,11,8,11,9,5,8,5,10,9,11,5,4,2,9,7,10,3,4,4,0,4,10,11,8,11,11,0,8,4,4,5,4,5,10,10,0,10,2,3,4,2,4,4,10,10,8,2,9,2,8,8,9,2,2,6,3,6,8,9,10,4,9,3,6,7,4,10,7,9,8,2,10,4,6,3,6,4,4,7,7,0,9,2,11,8,7
5,11,11,11,11,0,3,7,4,6,3,10,10,2,9,7,3,7,3,4,10,0,9,9,2,8,10,5,5,7,8,8,5,5,9,9,11,5,2,0,7,7,0,5,8,6,8,2,10,0,3,11,4,4,4,0,5,9,7,10,9,11,8,8,0,9,0,10,6,9,6,11,10,0,6,5,3,10,8,11,4,5,5,2,5,11,0,9,0,0,2,9,5,5,6,5,6,11,11,2,11,3,4,5,3,5,5,11,11,9,3,10,3,9,9,10,3,3,7,4,7,9,10,11,5,10,4,7,8,5,11,8,10,9,3,11,5,7,4,7,5,5,8,8,2,10,3,0,9,8
6,0,0,0,0,2,4,8,5,7,4,11,11,3,10,8,4,8,4,5,11,2,10,10,3,9,11,6,6,8,9,9,6,6,10,10,0,6,3,2,8,8,2,6,9,7,9,3,11,2,4,0,5,5,5,2,6,10,8,11,10,0,9,9,2,10,2,11,7,10,7,0,11,2,7,6,4,11,9,0,5,6,6,3,6,0,2,10,2,2,3,10,6,6,7,6,7,0,0,3,0,4,5,6,4,6,6,0,0,10,4,11,4,10,10,11,4,4,8,5,8,10,11,0,6,11,5,8,9,6,0,9,11,10,4,0,6,8,5,8,6,6,9,9,3,11,4,2,10,9
7,2,2,2,2,3,5,9,6,8,5,0,0,4,11,9,5,9,5,6,0,3,11,11,4,10,0,7,7,9,10,10,7,7,11,11,2,7,4,3,9,9,3,7,10,8,10,4,0,3,5,2,6,6,6,3,7,11,9,0,11,2,10,10,3,11,3,0,8,11,8,2,0,3,8,7,5,0,10,2,6,7,7,4,7,2,3,11,3,3,4,11,7,7,8,7,8,2,2,4,2,5,6,7,5,7,7,2,2,11,5,0,5,11,11,0,5,5,9,6,9,11,0,2,7,0,6,9,10,7,2,10,0,11,5,2,7,9,6,9,7,7,10,10,4,0,5,3,11,10
8,3,3,3,3,4,6,10,7,9,6,2,2,5,0,10,6,10,6,7,2,4,0,0,5,11,2,8,8,10,11,11,8,8,0,0,3,8,5,4,10,10,4,8,11,9,11,5,2,4,6,3,7,7,7,4,8,0,10,2,0,3,11,11,4,0,4,2,9,0,9,3,2,4,9,8,6,2,11,3,7,8,8,5,8,3,4,0,4,4,5,0,8,8,9,8,9,3,3,5,3,6,7,8,6,8,8,3,3,0,6,2,6,0,0,2,6,6,10,7,10,0,2,3,8,2,7,10,11,8,3,11,2,0,6,3,8,10,7,10,8,8,11,11,5,2,6,4,0,11
9,4,4,4,4,5,7,11,8,10,7,3,3,6,2,11,7,11,7,8,3,5,2,2,6,0,3,9,9,11,0,0,9,9,2,2,4,9,6,5,11,11,5,9,0,10,0,6,3,5,7,4,8,8,8,5,9,2,11,3,2,4,0,0,5,2,5,3,10,2,10,4,3,5,10,9,7,3,0,4,8,9,9,6,9,4,5,2,5,5,6,2,9,9,10,9,10,4,4,6,4,7,8,9,7,9,9,4,4,2,7,3,7,2,2,3,7,7,11,8,11,2,3,4,9,3,8,11,0,9,4,0,3,2,7,4,9,11,8,11,9,9,0,0,6,3,7,5,2,0
10,5,5,5,5,6,8,0,9,11,8,4,4,7,3,0,8,0,8,9,4,6,3,3,7,2,4,10,10,0,2,2,10,10,3,3,5,10,7,6,0,0,6,10,2,11,2,7,4,6,8,5,9,9,9,6,10,3,0,4,3,5,2,2,6,3,6,4,11,3,11,5,4,6,11,10,8,4,2,5,9,10,10,7,10,5,6,3,6,6,7,3,10,10,11,10,11,5,5,7,5,8,9,10,8,10,10,5,5,3,8,4,8,3,3,4,8,8,0,9,0,3,4,5,10,4,9,0,2,10,5,2,4,3,8,5,10,0,9,0,10,10,2,2,7,4,8,6,3,2
11,6,6,6,6,7,9,2,10,0,9,5,5,8,4,2,9,2,9,10,5,7,4,4,8,3,5,11,11,2,3,3,11,11,4,4,6,11,8,7,2,2,7,11,3,0,3,8,5,7,9,6,10,10,10,7,11,4,2,5,4,6,3,3,7,4,7,5,0,4,0,6,5,7,0,11,9,5,3,6,10,11,11,8,11,6,7,4,7,7,8,4,11,11,0,11,0,6,6,8,6,9,10,11,9,11,11,6,6,4,9,5,9,4,4,5,9,9,2,10,2,4,5,6,11,5,10,2,3,11,6,3,5,4,9,6,11,2,10,2,11,11,3,3,8,5,9,7,4,3
0,7,7,7,7,8,10,3,11,2,10,6,6,9,5,3,10,3,10,11,6,8,5,5,9,4,6,0,0,3,4,4,0,0,5,5,7,0,9,8,3,3,8,0,4,2,4,9,6,8,10,7,11,11,11,8,0,5,3,6,5,7,4,4,8,5,8,6,2,5,2,7,6,8,2,0,10,6,4,7,11,0,0,9,0,7,8,5,8,8,9,5,0,0,2,0,2,7,7,9,7,10,11,0,10,0,0,7,7,5,10,6,10,5,5,6,10,10,3,11,3,5,6,7,0,6,11,3,4,0,7,4,6,5,10,7,0,3,11,3,0,0,4,4,9,6,10,8,5,4
2,8,8,8,8,9,11,4,0,3,11,7,7,10,6,4,11,4,11,0,7,9,6,6,10,5,7,2,2,4,5,5,2,2,6,6,8,2,10,9,4,4,9,2,5,3,5,10,7,9,11,8,0,0,0,9,2,6,4,7,6,8,5,5,9,6,9,7,3,6,3,8,7,9,3,2,11,7,5,8,0,2,2,10,2,8,9,6,9,9,10,6,2,2,3,2,3,8,8,10,8,11,0,2,11,2,2,8,8,6,11,7,11,6,6,7,11,11,4,0,4,6,7,8,2,7,0,4,5,2,8,5,7,6,11,8,2,4,0,4,2,2,5,5,10,7,11,9,6,5
3,9,9,9,9,10,0,5,2,4,0,8,8,11,7,5,0,5,0,2,8,10,7,7,11,6,8,3,3,5,6,6,3,3,7,7,9,3,11,10,5,5,10,3,6,4,6,11,8,10,0,9,2,2,2,10,3,7,5,8,7,9,6,6,10,7,10,8,4,7,4,9,8,10,4,3,0,8,6,9,2,3,3,11,3,9,10,7,10,10,11,7,3,3,4,3,4,9,9,11,9,0,2,3,0,3,3,9,9,7,0,8,0,7,7,8,0,0,5,2,5,7,8,9,3,8,2,5,6,3,9,6,8,7,0,9,3,5,2,5,3,3,6,6,11,8,0,10,7,6
4,10,10,10,10,11,2,6,3,5,2,9,9,0,8,6,2,6,2,3,9,11,8,8,0,7,9,4,4,6,7,7,4,4,8,8,10,4,0,11,6,6,11,4,7,5,7,0,9,11,2,10,3,3,3,11,4,8,6,9,8,10,7,7,11,8,11,9,5,8,5,10,9,11,5,4,2,9,7,10,3,4,4,0,4,10,11,8,11,11,0,8,4,4,5,4,5,10,10,0,10,2,3,4,2,4,4,10,10,8,2,9,2,8,8,9,2,2,6,3,6,8,9,10,4,9,3,6,7,4,10,7,9,8,2,10,4,6,3,6,4,4,7,7,0,9,2,11,8,7
5,11,11,11,11,0,3,7,4,6,3,10,10,2,9,7,3,7,3,4,10,0,9,9,2,8,10,5,5,7,8,8,5,5,9,9,11,5,2,0,7,7,0,5,8,6,8,2,10,0,3,11,4,4,4,0,5,9,7,10,9,11,8,8,0,9,0,10,6,9,6,11,10,0,6,5,3,10,8,11,4,5,5,2,5,11,0,9,0,0,2,9,5,5,6,5,6,11,11,2,11,3,4,5,3,5,5,11,11,9,3,10,3,9,9,10,3,3,7,4,7,9,10,11,5,10,4,7,8,5,11,8,10,9,3,11,5,7,4,7,5,5,8,8,2,10,3,0,9,8
6,0,0,0,0,2,4,8,5,7,4,11,11,3,10,8,4,8,4,5,11,2,10,10,3,9,11,6,6,8,9,9,6,6,10,10,0,6,3,2,8,8,2,6,9,7,9,3,11,2,4,0,5,5,5,2,6,10,8,11,10,0,9,9,2,10,2,11,7,10,7,0,11,2,7,6,4,11,9,0,5,6,6,3,6,0,2,10,2,2,3,10,6,6,7,6,7,0,0,3,0,4,5,6,4,6,6,0,0,10,4,11,4,10,10,11,4,4,8,5,8,10,11,0,6,11,5,8,9,6,0,9,11,10,4,0,6,8,5,8,6,6,9,9,3,11,4,2,10,9
7,2,2,2,2,3,5,9,6,8,5,0,0,4,11,9,5,9,5,6,0,3,11,11,4,10,0,7,7,9,10,10,7,7,11,11,2,7,4,3,9,9,3,7,10,8,10,4,0,3,5,2,6,6,6,3,7,11,9,0,11,2,10,10,3,11,3,0,8,11,8,2,0,3,8,7,5,0,10,2,6,7,7,4,7,2,3,11,3,3,4,11,7,7,8,7,8,2,2,4,2,5,6,7,5,7,7,2,2,11,5,0,5,11,11,0,5,5,9,6,9,11,0,2,7,0,6,9,10,7,2,10,0,11,5,2,7,9,6,9,7,7,10,10,4,0,5,3,11,10
8,3,3,3,3,4,6,10,7,9,6,2,2,5,0,10,6,10,6,7,2,4,0,0,5,11,2,8,8,10,11,11,8,8,0,0,3,8,5,4,10,10,4,8,11,9,11,5,2,4,6,3,7,7,7,4,8,0,10,2,0,3,11,11,4,0,4,2,9,0,9,3,2,4,9,8,6,2,11,3,7,8,8,5,8,3,4,0,4,4,5,0,8,8,9,8,9,3,3,5,3,6,7,8,6,8,8,3,3,0,6,2,6,0,0,2,6,6,10,7,10,0,2,3,8,2,7,10,11,8,3,11,2,0,6,3,8,10,7,10,8,8,11,11,5,2,6,4,0,11
9,4,4,4,4,5,7,11,8,10,7,3,3,6,2,11,7,11,7,8,3,5,2,2,6,0,3,9,9,11,0,0,9,9,2,2,4,9,6,5,11,11,5,9,0,10,0,6,3,5,7,4,8,8,8,5,9,2,11,3,2,4,0,0,5,2,5,3,10,2,10,4,3,5,10,9,7,3,0,4,8,9,9,6,9,4,5,2,5,5,6,2,9,9,10,9,10,4,4,6,4,7,8,9,7,9,9,4,4,2,7,3,7,2,2,3,7,7,11,8,11,2,3,4,9,3,8,11,0,9,4,0,3,2,7,4,9,11,8,11,9,9,0,0,6,3,7,5,2,0
10,5,5,5,5,6,8,0,9,11,8,4,4,7,3,0,8,0,8,9,4,6,3,3,7,2,4,10,10,0,2,2,10,10,3,3,5,10,7,6,0,0,6,10,2,11,2,7,4,6,8,5,9,9,9,6,10,3,0,4,3,5,2,2,6,3,6,4,11,3,11,5,4,6,11,10,8,4,2,5,9,10,10,7,10,5,6,3,6,6,7,3,10,10,11,10,11,5,5,7,5,8,9,10,8,10,10,5,5,3,8,4,8,3,3,4,8,8,0,9,0,3,4,5,10,4,9,0,2,10,5,2,4,3,8,5,10,0,9,0,10,10,2,2,7,4,8,6,3,2
11,6,6,6,6,7,9,2,10,0,9,5,5,8,4,2,9,2,9,10,5,7,4,4,8,3,5,11,11,2,3,3,11,11,4,4,6,11,8,7,2,2,7,11,3,0,3,8,5,7,9,6,10,10,10,7,11,4,2,5,4,6,3,3,7,4,7,5,0,4,0,6,5,7,0,11,9,5,3,6,10,11,11,8,11,6,7,4,7,7,8,4,11,11,0,11,0,6,6,8,6,9,10,11,9,11,11,6,6,4,9,5,9,4,4,5,9,9,2,10,2,4,5,6,11,5,10,2,3,11,6,3,5,4,9,6,11,2,10,2,11,11,3,3,8,5,9,7,4,3
0,7,7,7,7,8,10,3,11,2,10,6,6,9,5,3,10,3,10,11,6,8,5,5,9,4,6,0,0,3,4,4,0,0,5,5,7,0,9,8,3,3,8,0,4,2,4,9,6,8,10,7,11,11,11,8,0,5,3,6,5,7,4,4,8,5,8,6,2,5,2,7,6,8,2,0,10,6,4,7,11,0,0,9,0,7,8,5,8,8,9,5,0,0,2,0,2,7,7,9,7,10,11,0,10,0,0,7,7,5,10,6,10,5,5,6,10,10,3,11,3,5,6,7,0,6,11,3,4,0,7,4,6,5,10,7,0,3,11,3,0,0,4,4,9,6,10,8,5,4
2,8,8,8,8,9,11,4,0,3,11,7,7,10,6,4,11,4,11,0,7,9,6,6,10,5,7,2,2,4,5,5,2,2,6,6,8,2,10,9,4,4,9,2,5,3,5,10,7,9,11,8,0,0,0,9,2,6,4,7,6,8,5,5,9,6,9,7,3,6,3,8,7,9,3,2,11,7,5,8,0,2,2,10,2,8,9,6,9,9,10,6,2,2,3,2,3,8,8,10,8,11,0,2,11,2,2,8,8,6,11,7,11,6,6,7,11,11,4,0,4,6,7,8,2,7,0,4,5,2,8,5,7,6,11,8,2,4,0,4,2,2,5,5,10,7,11,9,6,5
3,9,9,9,9,10,0,5,2,4,0,8,8,11,7,5,0,5,0,2,8,10,7,7,11,6,8,3,3,5,6,6,3,3,7,7,9,3,11,10,5,5,10,3,6,4,6,11,8,10,0,9,2,2,2,10,3,7,5,8,7,9,6,6,10,7,10,8,4,7,4,9,8,10,4,3,0,8,6,9,2,3,3,11,3,9,10,7,10,10,11,7,3,3,4,3,4,9,9,11,9,0,2,3,0,3,3,9,9,7,0,8,0,7,7,8,0,0,5,2,5,7,8,9,3,8,2,5,6,3,9,6,8,7,0,9,3,5,2,5,3,3,6,6,11,8,0,10,7,6
4,10,10,10,10,11,2,6,3,5,2,9,9,0,8,6,2,6,2,3,9,11,8,8,0,7,9,4,4,6,7,7,4,4,8,8,10,4,0,11,6,6,11,4,7,5,7,0,9,11,2,10,3,3,3,11,4,8,6,9,8,10,7,7,11,8,11,9,5,8,5,10,9,11,5,4,2,9,7,10,3,4,4,0,4,10,11,8,11,11,0,8,4,4,5,4,5,10,10,0,10,2,3,4,2,4,4,10,10,8,2,9,2,8,8,9,2,2,6,3,6,8,9,10,4,9,3,6,7,4,10,7,9,8,2,10,4,6,3,6,4,4,7,7,0,9,2,11,8,7
5,11,11,11,11,0,3,7,4,6,3,10,10,2,9,7,3,7,3,4,10,0,9,9,2,8,10,5,5,7,8,8,5,5,9,9,11,5,2,0,7,7,0,5,8,6,8,2,10,0,3,11,4,4,4,0,5,9,7,10,9,11,8,8,0,9,0,10,6,9,6,11,10,0,6,5,3,10,8,11,4,5,5,2,5,11,0,9,0,0,2,9,5,5,6,5,6,11,11,2,11,3,4,5,3,5,5,11,11,9,3,10,3,9,9,10,3,3,7,4,7,9,10,11,5,10,4,7,8,5,11,8,10,9,3,11,5,7,4,7,5,5,8,8,2,10,3,0,9,8
6,0,0,0,0,2,4,8,5,7,4,11,11,3,10,8,4,8,4,5,11,2,10,10,3,9,11,6,6,8,9,9,6,6,10,10,0,6,3,2,8,8,2,6,9,7,9,3,11,2,4,0,5,5,5,2,6,10,8,11,10,0,9,9,2,10,2,11,7,10,7,0,11,2,7,6,4,11,9,0,5,6,6,3,6,0,2,10,2,2,3,10,6,6,7,6,7,0,0,3,0,4,5,6,4,6,6,0,0,10,4,11,4,10,10,11,4,4,8,5,8,10,11,0,6,11,5,8,9,6,0,9,11,10,4,0,6,8,5,8,6,6,9,9,3,11,4,2,10,9
7,2,2,2,2,3,5,9,6,8,5,0,0,4,11,9,5,9,5,6,0,3,11,11,4,10,0,7,7,9,10,10,7,7,11,11,2,7,4,3,9,9,3,7,10,8,10,4,0,3,5,2,6,6,6,3,7,11,9,0,11,2,10,10,3,11,3,0,8,11,8,2,0,3,8,7,5,0,10,2,6,7,7,4,7,2,3,11,3,3,4,11,7,7,8,7,8,2,2,4,2,5,6,7,5,7,7,2,2,11,5,0,5,11,11,0,5,5,9,6,9,11,0,2,7,0,6,9,10,7,2,10,0,11,5,2,7,9,6,9,7,7,10,10,4,0,5,3,11,10
8,3,3,3,3,4,6,10,7,9,6,2,2,5,0,10,6,10,6,7,2,4,0,0,5,11,2,8,8,10,11,11,8,8,0,0,3,8,5,4,10,10,4,8,11,9,11,5,2,4,6,3,7,7,7,4,8,0,10,2,0,3,11,11,4,0,4,2,9,0,9,3,2,4,9,8,6,2,11,3,7,8,8,5,8,3,4,0,4,4,5,0,8,8,9,8,9,3,3,5,3,6,7,8,6,8,8,3,3,0,6,2,6,0,0,2,6,6,10,7,10,0,2,3,8,2,7,10,11,8,3,11,2,0,6,3,8,10,7,10,8,8,11,11,5,2,6,4,0,11
9,4,4,4,4,5,7,11,8,10,7,3,3,6,2,11,7,11,7,8,3,5,2,2,6,0,3,9,9,11,0,0,9,9,2,2,4,9,6,5,11,11,5,9,0,10,0,6,3,5,7,4,8,8,8,5,9,2,11,3,2,4,0,0,5,2,5,3,10,2,10,4,3,5,10,9,7,3,0,4,8,9,9,6,9,4,5,2,5,5,6,2,9,9,10,9,10,4,4,6,4,7,8,9,7,9,9,4,4,2,7,3,7,2,2,3,7,7,11,8,11,2,3,4,9,3,8,11,0,9,4,0,3,2,7,4,9,11,8,11,9,9,0,0,6,3,7,5,2,0
10,5,5,5,5,6,8,0,9,11,8,4,4,7,3,0,8,0,8,9,4,6,3,3,7,2,4,10,10,0,2,2,10,10,3,3,5,10,7,6,0,0,6,10,2,11,2,7,4,6,8,5,9,9,9,6,10,3,0,4,3,5,2,2,6,3,6,4,11,3,11,5,4,6,11,10,8,4,2,5,9,10,10,7,10,5,6,3,6,6,7,3,10,10,11,10,11,5,5,7,5,8,9,10,8,10,10,5,5,3,8,4,8,3,3,4,8,8,0,9,0,3,4,5,10,4,9,0,2,10,5,2,4,3,8,5,10,0,9,0,10,10,2,2,7,4,8,6,3,2
11,6,6,6,6,7,9,2,10,0,9,5,5,8,4,2,9,2,9,10,5,7,4,4,8,3,5,11,11,2,3,3,11,11,4,4,6,11,8,7,2,2,7,11,3,0,3,8,5,7,9,6,10,10,10,7,11,4,2,5,4,6,3,3,7,4,7,5,0,4,0,6,5,7,0,11,9,5,3,6,10,11,11,8,11,6,7,4,7,7,8,4,11,11,0,11,0,6,6,8,6,9,10,11,9,11,11,6,6,4,9,5,9,4,4,5,9,9,2,10,2,4,5,6,11,5,10,2,3,11,6,3,5,4,9,6,11,2,10,2,11,11,3,3,8,5,9,7,4,3
0,7,7,7,7,8,10,3,11,2,10,6,6,9,5,3,10,3,10,11,6,8,5,5,9,4,6,0,0,3,4,4,0,0,5,5,7,0,9,8,3,3,8,0,4,2,4,9,6,8,10,7,11,11,11,8,0,5,3,6,5,7,4,4,8,5,8,6,2,5,2,7,6,8,2,0,10,6,4,7,11,0,0,9,0,7,8,5,8,8,9,5,0,0,2,0,2,7,7,9,7,10,11,0,10,0,0,7,7,5,10,6,10,5,5,6,10,10,3,11,3,5,6,7,0,6,11,3,4,0,7,4,6,5,10,7,0,3,11,3,0,0,4,4,9,6,10,8,5,4
2,8,8,8,8,9,11,4,0,3,11,7,7,10,6,4,11,4,11,0,7,9,6,6,10,5,7,2,2,4,5,5,2,2,6,6,8,2,10,9,4,4,9,2,5,3,5,10,7,9,11,8,0,0,0,9,2,6,4,7,6,8,5,5,9,6,9,7,3,6,3,8,7,9,3,2,11,7,5,8,0,2,2,10,2,8,9,6,9,9,10,6,2,2,3,2,3,8,8,10,8,11,0,2,11,2,2,8,8,6,11,7,11,6,6,7,11,11,4,0,4,6,7,8,2,7,0,4,5,2,8,5,7,6,11,8,2,4,0,4,2,2,5,5,10,7,11,9,6,5
3,9,9,9,9,10,0,5,2,4,0,8,8,11,7,5,0,5,0,2,8,10,7,7,11,6,8,3,3,5,6,6,3,3,7,7,9,3,11,10,5,5,10,3,6,4,6,11,8,10,0,9,2,2,2,10,3,7,5,8,7,9,6,6,10,7,10,8,4,7,4,9,8,10,4,3,0,8,6,9,2,3,3,11,3,9,10,7,10,10,11,7,3,3,4,3,4,9,9,11,9,0,2,3,0,3,3,9,9,7,0,8,0,7,7,8,0,0,5,2,5,7,8,9,3,8,2,5,6,3,9,6,8,7,0,9,3,5,2,5,3,3,6,6,11,8,0,10,7,6
4,10,10,10,10,11,2,6,3,5,2,9,9,0,8,6,2,6,2,3,9,11,8,8,0,7,9,4,4,6,7,7,4,4,8,8,10,4,0,11,6,6,11,4,7,5,7,0,9,11,2,10,3,3,3,11,4,8,6,9,8,10,7,7,11,8,11,9,5,8,5,10,9,11,5,4,2,9,7,10,3,4,4,0,4,10,11,8,11,11,0,8,4,4,5,4,5,10,10,0,10,2,3,4,2,4,4,10,10,8,2,9,2,8,8,9,2,2,6,3,6,8,9,10,4,9,3,6,7,4,10,7,9,8,2,10,4,6,3,6,4,4,7,7,0,9,2,11,8,7
5,11,11,11,11,0,3,7,4,6,3,10,10,2,9,7,3,7,3,4,10,0,9,9,2,8,10,5,5,7,8,8,5,5,9,9,11,5,2,0,7,7,0,5,8,6,8,2,10,0,3,11,4,4,4,0,5,9,7,10,9,11,8,8,0,9,0,10,6,9,6,11,10,0,6,5,3,10,8,11,4,5,5,2,5,11,0,9,0,0,2,9,5,5,6,5,6,11,11,2,11,3,4,5,3,5,5,11,11,9,3,10,3,9,9,10,3,3,7,4,7,9,10,11,5,10,4,7,8,5,11,8,10,9,3,11,5,7,4,7,5,5,8,8,2,10,3,0,9,8
6,0,0,0,0,2,4,8,5,7,4,11,11,3,10,8,4,8,4,5,11,2,10,10,3,9,11,6,6,8,9,9,6,6,10,10,0,6,3,2,8,8,2,6,9,7,9,3,11,2,4,0,5,5,5,2,6,10,8,11,10,0,9,9,2,10,2,11,7,10,7,0,11,2,7,6,4,11,9,0,5,6,6,3,6,0,2,10,2,2,3,10,6,6,7,6,7,0,0,3,0,4,5,6,4,6,6,0,0,10,4,11,4,10,10,11,4,4,8,5,8,10,11,0,6,11,5,8,9,6,0,9,11,10,4,0,6,8,5,8,6,6,9,9,3,11,4,2,10,9
7,2,2,2,2,3,5,9,6,8,5,0,0,4,11,9,5,9,5,6,0,3,11,11,4,10,0,7,7,9,10,10,7,7,11,11,2,7,4,3,9,9,3,7,10,8,10,4,0,3,5,2,6,6,6,3,7,11,9,0,11,2,10,10,3,11,3,0,8,11,8,2,0,3,8,7,5,0,10,2,6,7,7,4,7,2,3,11,3,3,4,11,7,7,8,7,8,2,2,4,2,5,6,7,5,7,7,2,2,11,5,0,5,11,11,0,5,5,9,6,9,11,0,2,7,0,6,9,10,7,2,10,0,11,5,2,7,9,6,9,7,7,10,10,4,0,5,3,11,10
8,3,3,3,3,4,6,10,7,9,6,2,2,5,0,10,6,10,6,7,2,4,0,0,5,11,2,8,8,10,11,11,8,8,0,0,3,8,5,4,10,10,4,8,11,9,11,5,2,4,6,3,7,7,7,4,8,0,10,2,0,3,11,11,4,0,4,2,9,0,9,3,2,4,9,8,6,2,11,3,7,8,8,5,8,3,4,0,4,4,5,0,8,8,9,8,9,3,3,5,3,6,7,8,6,8,8,3,3,0,6,2,6,0,0,2,6,6,10,7,10,0,2,3,8,2,7,10,11,8,3,11,2,0,6,3,8,10,7,10,8,8,11,11,5,2,6,4,0,11
9,4,4,4,4,5,7,11,8,10,7,3,3,6,2,11,7,11,7,8,3,5,2,2,6,0,3,9,9,11,0,0,9,9,2,2,4,9,6,5,11,11,5,9,0,10,0,6,3,5,7,4,8,8,8,5,9,2,11,3,2,4,0,0,5,2,5,3,10,2,10,4,3,5,10,9,7,3,0,4,8,9,9,6,9,4,5,2,5,5,6,2,9,9,10,9,10,4,4,6,4,7,8,9,7,9,9,4,4,2,7,3,7,2,2,3,7,7,11,8,11,2,3,4,9,3,8,11,0,9,4,0,3,2,7,4,9,11,8,11,9,9,0,0,6,3,7,5,2,0
10,5,5,5,5,6,8,0,9,11,8,4,4,7,3,0,8,0,8,9,4,6,3,3,7,2,4,10,10,0,2,2,10,10,3,3,5,10,7,6,0,0,6,10,2,11,2,7,4,6,8,5,9,9,9,6,10,3,0,4,3,5,2,2,6,3,6,4,11,3,11,5,4,6,11,10,8,4,2,5,9,10,10,7,10,5,6,3,6,6,7,3,10,10,11,10,11,5,5,7,5,8,9,10,8,10,10,5,5,3,8,4,8,3,3,4,8,8,0,9,0,3,4,5,10,4,9,0,2,10,5,2,4,3,8,5,10,0,9,0,10,10,2,2,7,4,8,6,3,2
11,6,6,6,6,7,9,2,10,0,9,5,5,8,4,2,9,2,9,10,5,7,4,4,8,3,5,11,11,2,3,3,11,11,4,4,6,11,8,7,2,2,7,11,3,0,3,8,5,7,9,6,10,10,10,7,11,4,2,5,4,6,3,3,7,4,7,5,0,4,0,6,5,7,0,11,9,5,3,6,10,11,11,8,11,6,7,4,7,7,8,4,11,11,0,11,0,6,6,8,6,9,10,11,9,11,11,6,6,4,9,5,9,4,4,5,9,9,2,10,2,4,5,6,11,5,10,2,3,11,6,3,5,4,9,6,11,2,10,2,11,11,3,3,8,5,9,7,4,3
0,7,7,7,7,8,10,3,11,2,10,6,6,9,5,3,10,3,10,11,6,8,5,5,9,4,6,0,0,3,4,4,0,0,5,5,7,0,9,8,3,3,8,0,4,2,4,9,6,8,10,7,11,11,11,8,0,5,3,6,5,7,4,4,8,5,8,6,2,5,2,7,6,8,2,0,10,6,4,7,11,0,0,9,0,7,8,5,8,8,9,5,0,0,2,0,2,7,7,9,7,10,11,0,10,0,0,7,7,5,10,6,10,5,5,6,10,10,3,11,3,5,6,7,0,6,11,3,4,0,7,4,6,5,10,7,0,3,11,3,0,0,4,4,9,6,10,8,5,4
2,8,8,8,8,9,11,4,0,3,11,7,7,10,6,4,11,4,11,0,7,9,6,6,10,5,7,2,2,4,5,5,2,2,6,6,8,2,10,9,4,4,9,2,5,3,5,10,7,9,11,8,0,0,0,9,2,6,4,7,6,8,5,5,9,6,9,7,3,6,3,8,7,9,3,2,11,7,5,8,0,2,2,10,2,8,9,6,9,9,10,6,2,2,3,2,3,8,8,10,8,11,0,2,11,2,2,8,8,6,11,7,11,6,6,7,11,11,4,0,4,6,7,8,2,7,0,4,5,2,8,5,7,6,11,8,2,4,0,4,2,2,5,5,10,7,11,9,6,5
3,9,9,9,9,10,0,5,2,4,0,8,8,11,7,5,0,5,0,2,8,10,7,7,11,6,8,3,3,5,6,6,3,3,7,7,9,3,11,10,5,5,10,3,6,4,6,11,8,10,0,9,2,2,2,10,3,7,5,8,7,9,6,6,10,7,10,8,4,7,4,9,8,10,4,3,0,8,6,9,2,3,3,11,3,9,10,7,10,10,11,7,3,3,4,3,4,9,9,11,9,0,2,3,0,3,3,9,9,7,0,8,0,7,7,8,0,0,5,2,5,7,8,9,3,8,2,5,6,3,9,6,8,7,0,9,3,5,2,5,3,3,6,6,11,8,0,10,7,6
4,10,10,10,10,11,2,6,3,5,2,9,9,0,8,6,2,6,2,3,9,11,8,8,0,7,9,4,4,6,7,7,4,4,8,8,10,4,0,11,6,6,11,4,7,5,7,0,9,11,2,10,3,3,3,11,4,8,6,9,8,10,7,7,11,8,11,9,5,8,5,10,9,11,5,4,2,9,7,10,3,4,4,0,4,10,11,8,11,11,0,8,4,4,5,4,5,10,10,0,10,2,3,4,2,4,4,10,10,8,2,9,2,8,8,9,2,2,6,3,6,8,9,10,4,9,3,6,7,4,10,7,9,8,2,10,4,6,3,6,4,4,7,7,0,9,2,11,8,7
5,11,11,11,11,0,3,7,4,6,3,10,10,2,9,7,3,7,3,4,10,0,9,9,2,8,10,5,5,7,8,8,5,5,9,9,11,5,2,0,7,7,0,5,8,6,8,2,10,0,3,11,4,4,4,0,5,9,7,10,9,11,8,8,0,9,0,10,6,9,6,11,10,0,6,5,3,10,8,11,4,5,5,2,5,11,0,9,0,0,2,9,5,5,6,5,6,11,11,2,11,3,4,5,3,5,5,11,11,9,3,10,3,9,9,10,3,3,7,4,7,9,10,11,5,10,4,7,8,5,11,8,10,9,3,11,5,7,4,7,5,5,8,8,2,10,3,0,9,8
6,0,0,0,0,2,4,8,5,7,4,11,11,3,10,8,4,8,4,5,11,2,10,10,3,9,11,6,6,8,9,9,6,6,10,10,0,6,3,2,8,8,2,6,9,7,9,3,11,2,4,0,5,5,5,2,6,10,8,11,10,0,9,9,2,10,2,11,7,10,7,0,11,2,7,6,4,11,9,0,5,6,6,3,6,0,2,10,2,2,3,10,6,6,7,6,7,0,0,3,0,4,5,6,4,6,6,0,0,10,4,11,4,10,10,11,4,4,8,5,8,10,11,0,6,11,5,8,9,6,0,9,11,10,4,0,6,8,5,8,6,6,9,9,3,11,4,2,10,9
7,2,2,2,2,3,5,9,6,8,5,0,0,4,11,9,5,9,5,6,0,3,11,11,4,10,0,7,7,9,10,10,7,7,11,11,2,7,4,3,9,9,3,7,10,8,10,4,0,3,5,2,6,6,6,3,7,11,9,0,11,2,10,10,3,11,3,0,8,11,8,2,0,3,8,7,5,0,10,2,6,7,7,4,7,2,3,11,3,3,4,11,7,7,8,7,8,2,2,4,2,5,6,7,5,7,7,2,2,11,5,0,5,11,11,0,5,5,9,6,9,11,0,2,7,0,6,9,10,7,2,10,0,11,5,2,7,9,6,9,7,7,10,10,4,0,5,3,11,10
8,3,3,3,3,4,6,10,7,9,6,2,2,5,0,10,6,10,6,7,2,4,0,0,5,11,2,8,8,10,11,11,8,8,0,0,3,8,5,4,10,10,4,8,11,9,11,5,2,4,6,3,7,7,7,4,8,0,10,2,0,3,11,11,4,0,4,2,9,0,9,3,2,4,9,8,6,2,11,3,7,8,8,5,8,3,4,0,4,4,5,0,8,8,9,8,9,3,3,5,3,6,7,8,6,8,8,3,3,0,6,2,6,0,0,2,6,6,10,7,10,0,2,3,8,2,7,10,11,8,3,11,2,0,6,3,8,10,7,10,8,8,11,11,5,2,6,4,0,11
9,4,4,4,4,5,7,11,8,10,7,3,3,6,2,11,7,11,7,8,3,5,2,2,6,0,3,9,9,11,0,0,9,9,2,2,4,9,6,5,11,11,5,9,0,10,0,6,3,5,7,4,8,8,8,5,9,2,11,3,2,4,0,0,5,2,5,3,10,2,10,4,3,5,10,9,7,3,0,4,8,9,9,6,9,4,5,2,5,5,6,2,9,9,10,9,10,4,4,6,4,7,8,9,7,9,9,4,4,2,7,3,7,2,2,3,7,7,11,8,11,2,3,4,9,3,8,11,0,9,4,0,3,2,7,4,9,11,8,11,9,9,0,0,6,3,7,5,2,0
10,5,5,5,5,6,8,0,9,11,8,4,4,7,3,0,8,0,8,9,4,6,3,3,7,2,4,10,10,0,2,2,10,10,3,3,5,10,7,6,0,0,6,10,2,11,2,7,4,6,8,5,9,9,9,6,10,3,0,4,3,5,2,2,6,3,6,4,11,3,11,5,4,6,11,10,8,4,2,5,9,10,10,7,10,5,6,3,6,6,7,3,10,10,11,10,11,5,5,7,5,8,9,10,8,10,10,5,5,3,8,4,8,3,3,4,8,8,0,9,0,3,4,5,10,4,9,0,2,10,5,2,4,3,8,5,10,0,9,0,10,10,2,2,7,4,8,6,3,2
11,6,6,6,6,7,9,2,10,0,9,5,5,8,4,2,9,2,9,10,5,7,4,4,8,3,5,11,11,2,3,3,11,11,4,4,6,11,8,7,2,2,7,11,3,0,3,8,5,7,9,6,10,10,10,7,11,4,2,5,4,6,3,3,7,4,7,5,0,4,0,6,5,7,0,11,9,5,3,6,10,11,11,8,11,6,7,4,7,7,8,4,11,11,0,11,0,6,6,8,6,9,10,11,9,11,11,6,6,4,9,5,9,4,4,5,9,9,2,10,2,4,5,6,11,5,10,2,3,11,6,3,5,4,9,6,11,2,10,2,11,11,3,3,8,5,9,7,4,3
0,7,7,7,7,8,10,3,11,2,10,6,6,9,5,3,10,3,10,11,6,8,5,5,9,4,6,0,0,3,4,4,0,0,5,5,7,0,9,8,3,3,8,0,4,2,4,9,6,8,10,7,11,11,11,8,0,5,3,6,5,7,4,4,8,5,8,6,2,5,2,7,6,8,2,0,10,6,4,7,11,0,0,9,0,7,8,5,8,8,9,5,0,0,2,0,2,7,7,9,7,10,11,0,10,0,0,7,7,5,10,6,10,5,5,6,10,10,3,11,3,5,6,7,0,6,11,3,4,0,7,4,6,5,10,7,0,3,11,3,0,0,4,4,9,6,10,8,5,4
2,8,8,8,8,9,11,4,0,3,11,7,7,10,6,4,11,4,11,0,7,9,6,6,10,5,7,2,2,4,5,5,2,2,6,6,8,2,10,9,4,4,9,2,5,3,5,10,7,9,11,8,0,0,0,9,2,6,4,7,6,8,5,5,9,6,9,7,3,6,3,8,7,9,3,2,11,7,5,8,0,2,2,10,2,8,9,6,9,9,10,6,2,2,3,2,3,8,8,10,8,11,0,2,11,2,2,8,8,6,11,7,11,6,6,7,11,11,4,0,4,6,7,8,2,7,0,4,5,2,8,5,7,6,11,8,2,4,0,4,2,2,5,5,10,7,11,9,6,5
3,9,9,9,9,10,0,5,2,4,0,8,8,11,7,5,0,5,0,2,8,10,7,7,11,6,8,3,3,5,6,6,3,3,7,7,9,3,11,10,5,5,10,3,6,4,6,11,8,10,0,9,2,2,2,10,3,7,5,8,7,9,6,6,10,7,10,8,4,7,4,9,8,10,4,3,0,8,6,9,2,3,3,11,3,9,10,7,10,10,11,7,3,3,4,3,4,9,9,11,9,0,2,3,0,3,3,9,9,7,0,8,0,7,7,8,0,0,5,2,5,7,8,9,3,8,2,5,6,3,9,6,8,7,0,9,3,5,2,5,3,3,6,6,11,8,0,10,7,6
4,10,10,10,10,11,2,6,3,5,2,9,9,0,8,6,2,6,2,3,9,11,8,8,0,7,9,4,4,6,7,7,4,4,8,8,10,4,0,11,6,6,11,4,7,5,7,0,9,11,2,10,3,3,3,11,4,8,6,9,8,10,7,7,11,8,11,9,5,8,5,10,9,11,5,4,2,9,7,10,3,4,4,0,4,10,11,8,11,11,0,8,4,4,5,4,5,10,10,0,10,2,3,4,2,4,4,10,10,8,2,9,2,8,8,9,2,2,6,3,6,8,9,10,4,9,3,6,7,4,10,7,9,8,2,10,4,6,3,6,4,4,7,7,0,9,2,11,8,7
5,11,11,11,11,0,3,7,4,6,3,10,10,2,9,7,3,7,3,4,10,0,9,9,2,8,10,5,5,7,8,8,5,5,9,9,11,5,2,0,7,7,0,5,8,6,8,2,10,0,3,11,4,4,4,0,5,9,7,10,9,11,8,8,0,9,0,10,6,9,6,11,10,0,6,5,3,10,8,11,4,5,5,2,5,11,0,9,0,0,2,9,5,5,6,5,6,11,11,2,11,3,4,5,3,5,5,11,11,9,3,10,3,9,9,10,3,3,7,4,7,9,10,11,5,10,4,7,8,5,11,8,10,9,3,11,5,7,4,7,5,5,8,8,2,10,3,0,9,8
6,0,0,0,0,2,4,8,5,7,4,11,11,3,10,8,4,8,4,5,11,2,10,10,3,9,11,6,6,8,9,9,6,6,10,10,0,6,3,2,8,8,2,6,9,7,9,3,11,2,4,0,5,5,5,2,6,10,8,11,10,0,9,9,2,10,2,11,7,10,7,0,11,2,7,6,4,11,9,0,5,6,6,3,6,0,2,10,2,2,3,10,6,6,7,6,7,0,0,3,0,4,5,6,4,6,6,0,0,10,4,11,4,10,10,11,4,4,8,5,8,10,11,0,6,11,5,8,9,6,0,9,11,10,4,0,6,8,5,8,6,6,9,9,3,11,4,2,10,9
7,2,2,2,2,3,5,9,6,8,5,0,0,4,11,9,5,9,5,6,0,3,11,11,4,10,0,7,7,9,10,10,7,7,11,11,2,7,4,3,9,9,3,7,10,8,10,4,0,3,5,2,6,6,6,3,7,11,9,0,11,2,10,10,3,11,3,0,8,11,8,2,0,3,8,7,5,0,10,2,6,7,7,4,7,2,3,11,3,3,4,11,7,7,8,7,8,2,2,4,2,5,6,7,5,7,7,2,2,11,5,0,5,11,11,0,5,5,9,6,9,11,0,2,7,0,6,9,10,7,2,10,0,11,5,2,7,9,6,9,7,7,10,10,4,0,5,3,11,10
8,3,3,3,3,4,6,10,7,9,6,2,2,5,0,10,6,10,6,7,2,4,0,0,5,11,2,8,8,10,11,11,8,8,0,0,3,8,5,4,10,10,4,8,11,9,11,5,2,4,6,3,7,7,7,4,8,0,10,2,0,3,11,11,4,0,4,2,9,0,9,3,2,4,9,8,6,2,11,3,7,8,8,5,8,3,4,0,4,4,5,0,8,8,9,8,9,3,3,5,3,6,7,8,6,8,8,3,3,0,6,2,6,0,0,2,6,6,10,7,10,0,2,3,8,2,7,10,11,8,3,11,2,0,6,3,8,10,7,10,8,8,11,11,5,2,6,4,0,11
9,4,4,4,4,5,7,11,8,10,7,3,3,6,2,11,7,11,7,8,3,5,2,2,6,0,3,9,9,11,0,0,9,9,2,2,4,9,6,5,11,11,5,9,0,10,0,6,3,5,7,4,8,8,8,5,9,2,11,3,2,4,0,0,5,2,5,3,10,2,10,4,3,5,10,9,7,3,0,4,8,9,9,6,9,4,5,2,5,5,6,2,9,9,10,9,10,4,4,6,4,7,8,9,7,9,9,4,4,2,7,3,7,2,2,3,7,7,11,8,11,2,3,4,9,3,8,11,0,9,4,0,3,2,7,4,9,11,8,11,9,9,0,0,6,3,7,5,2,0
10,5,5,5,5,6,8,0,9,11,8,4,4,7,3,0,8,0,8,9,4,6,3,3,7,2,4,10,10,0,2,2,10,10,3,3,5,10,7,6,0,0,6,10,2,11,2,7,4,6,8,5,9,9,9,6,10,3,0,4,3,5,2,2,6,3,6,4,11,3,11,5,4,6,11,10,8,4,2,5,9,10,10,7,10,5,6,3,6,6,7,3,10,10,11,10,11,5,5,7,5,8,9,10,8,10,10,5,5,3,8,4,8,3,3,4,8,8,0,9,0,3,4,5,10,4,9,0,2,10,5,2,4,3,8,5,10,0,9,0,10,10,2,2,7,4,8,6,3,2
11,6,6,6,6,7,9,2,10,0,9,5,5,8,4,2,9,2,9,10,5,7,4,4,8,3,5,11,11,2,3,3,11,11,4,4,6,11,8,7,2,2,7,11,3,0,3,8,5,7,9,6,10,10,10,7,11,4,2,5,4,6,3,3,7,4,7,5,0,4,0,6,5,7,0,11,9,5,3,6,10,11,11,8,11,6,7,4,7,7,8,4,11,11,0,11,0,6,6,8,6,9,10,11,9,11,11,6,6,4,9,5,9,4,4,5,9,9,2,10,2,4,5,6,11,5,10,2,3,11,6,3,5,4,9,6,11,2,10,2,11,11,3,3,8,5,9,7,4,3
0,7,7,7,7,8,10,3,11,2,10,6,6,9,5,3,10,3,10,11,6,8,5,5,9,4,6,0,0,3,4,4,0,0,5,5,7,0,9,8,3,3,8,0,4,2,4,9,6,8,10,7,11,11,11,8,0,5,3,6,5,7,4,4,8,5,8,6,2,5,2,7,6,8,2,0,10,6,4,7,11,0,0,9,0,7,8,5,8,8,9,5,0,0,2,0,2,7,7,9,7,10,11,0,10,0,0,7,7,5,10,6,10,5,5,6,10,10,3,11,3,5,6,7,0,6,11,3,4,0,7,4,6,5,10,7,0,3,11,3,0,0,4,4,9,6,10,8,5,4
2,8,8,8,8,9,11,4,0,3,11,7,7,10,6,4,11,4,11,0,7,9,6,6,10,5,7,2,2,4,5,5,2,2,6,6,8,2,10,9,4,4,9,2,5,3,5,10,7,9,11,8,0,0,0,9,2,6,4,7,6,8,5,5,9,6,9,7,3,6,3,8,7,9,3,2,11,7,5,8,0,2,2,10,2,8,9,6,9,9,10,6,2,2,3,2,3,8,8,10,8,11,0,2,11,2,2,8,8,6,11,7,11,6,6,7,11,11,4,0,4,6,7,8,2,7,0,4,5,2,8,5,7,6,11,8,2,4,0,4,2,2,5,5,10,7,11,9,6,5
3,9,9,9,9,10,0,5,2,4,0,8,8,11,7,5,0,5,0,2,8,10,7,7,11,6,8,3,3,5,6,6,3,3,7,7,9,3,11,10,5,5,10,3,6,4,6,11,8,10,0,9,2,2,2,10,3,7,5,8,7,9,6,6,10,7,10,8,4,7,4,9,8,10,4,3,0,8,6,9,2,3,3,11,3,9,10,7,10,10,11,7,3,3,4,3,4,9,9,11,9,0,2,3,0,3,3,9,9,7,0,8,0,7,7,8,0,0,5,2,5,7,8,9,3,8,2,5,6,3,9,6,8,7,0,9,3,5,2,5,3,3,6,6,11,8,0,10,7,6
4,10,10,10,10,11,2,6,3,5,2,9,9,0,8,6,2,6,2,3,9,11,8,8,0,7,9,4,4,6,7,7,4,4,8,8,10,4,0,11,6,6,11,4,7,5,7,0,9,11,2,10,3,3,3,11,4,8,6,9,8,10,7,7,11,8,11,9,5,8,5,10,9,11,5,4,2,9,7,10,3,4,4,0,4,10,11,8,11,11,0,8,4,4,5,4,5,10,10,0,10,2,3,4,2,4,4,10,10,8,2,9,2,8,8,9,2,2,6,3,6,8,9,10,4,9,3,6,7,4,10,7,9,8,2,10,4,6,3,6,4,4,7,7,0,9,2,11,8,7
5,11,11,11,11,0,3,7,4,6,3,10,10,2,9,7,3,7,3,4,10,0,9,9,2,8,10,5,5,7,8,8,5,5,9,9,11,5,2,0,7,7,0,5,8,6,8,2,10,0,3,11,4,4,4,0,5,9,7,10,9,11,8,8,0,9,0,10,6,9,6,11,10,0,6,5,3,10,8,11,4,5,5,2,5,11,0,9,0,0,2,9,5,5,6,5,6,11,11,2,11,3,4,5,3,5,5,11,11,9,3,10,3,9,9,10,3,3,7,4,7,9,10,11,5,10,4,7,8,5,11,8,10,9,3,11,5,7,4,7,5,5,8,8,2,10,3,0,9,8
6,0,0,0,0,2,4,8,5,7,4,11,11,3,10,8,4,8,4,5,11,2,10,10,3,9,11,6,6,8,9,9,6,6,10,10,0,6,3,2,8,8,2,6,9,7,9,3,11,2,4,0,5,5,5,2,6,10,8,11,10,0,9,9,2,10,2,11,7,10,7,0,11,2,7,6,4,11,9,0,5,6,6,3,6,0,2,10,2,2,3,10,6,6,7,6,7,0,0,3,0,4,5,6,4,6,6,0,0,10,4,11,4,10,10,11,4,4,8,5,8,10,11,0,6,11,5,8,9,6,0,9,11,10,4,0,6,8,5,8,6,6,9,9,3,11,4,2,10,9
7,2,2,2,2,3,5,9,6,8,5,0,0,4,11,9,5,9,5,6,0,3,11,11,4,10,0,7,7,9,10,10,7,7,11,11,2,7,4,3,9,9,3,7,10,8,10,4,0,3,5,2,6,6,6,3,7,11,9,0,11,2,10,10,3,11,3,0,8,11,8,2,0,3,8,7,5,0,10,2,6,7,7,4,7,2,3,11,3,3,4,11,7,7,8,7,8,2,2,4,2,5,6,7,5,7,7,2,2,11,5,0,5,11,11,0,5,5,9,6,9,11,0,2,7,0,6,9,10,7,2,10,0,11,5,2,7,9,6,9,7,7,10,10,4,0,5,3,11,10
8,3,3,3,3,4,6,10,7,9,6,2,2,5,0,10,6,10,6,7,2,4,0,0,5,11,2,8,8,10,11,11,8,8,0,0,3,8,5,4,10,10,4,8,11,9,11,5,2,4,6,3,7,7,7,4,8,0,10,2,0,3,11,11,4,0,4,2,9,0,9,3,2,4,9,8,6,2,11,3,7,8,8,5,8,3,4,0,4,4,5,0,8,8,9,8,9,3,3,5,3,6,7,8,6,8,8,3,3,0,6,2,6,0,0,2,6,6,10,7,10,0,2,3,8,2,7,10,11,8,3,11,2,0,6,3,8,10,7,10,8,8,11,11,5,2,6,4,0,11
9,4,4,4,4,5,7,11,8,10,7,3,3,6,2,11,7,11,7,8,3,5,2,2,6,0,3,9,9,11,0,0,9,9,2,2,4,9,6,5,11,11,5,9,0,10,0,6,3,5,7,4,8,8,8,5,9,2,11,3,2,4,0,0,5,2,5,3,10,2,10,4,3,5,10,9,7,3,0,4,8,9,9,6,9,4,5,2,5,5,6,2,9,9,10,9,10,4,4,6,4,7,8,9,7,9,9,4,4,2,7,3,7,2,2,3,7,7,11,8,11,2,3,4,9,3,8,11,0,9,4,0,3,2,7,4,9,11,8,11,9,9,0,0,6,3,7,5,2,0
10,5,5,5,5,6,8,0,9,11,8,4,4,7,3,0,8,0,8,9,4,6,3,3,7,2,4,10,10,0,2,2,10,10,3,3,5,10,7,6,0,0,6,10,2,11,2,7,4,6,8,5,9,9,9,6,10,3,0,4,3,5,2,2,6,3,6,4,11,3,11,5,4,6,11,10,8,4,2,5,9,10,10,7,10,5,6,3,6,6,7,3,10,10,11,10,11,5,5,7,5,8,9,10,8,10,10,5,5,3,8,4,8,3,3,4,8,8,0,9,0,3,4,5,10,4,9,0,2,10,5,2,4,3,8,5,10,0,9,0,10,10,2,2,7,4,8,6,3,2
11,6,6,6,6,7,9,2,10,0,9,5,5,8,4,2,9,2,9,10,5,7,4,4,8,3,5,11,11,2,3,3,11,11,4,4,6,11,8,7,2,2,7,11,3,0,3,8,5,7,9,6,10,10,10,7,11,4,2,5,4,6,3,3,7,4,7,5,0,4,0,6,5,7,0,11,9,5,3,6,10,11,11,8,11,6,7,4,7,7,8,4,11,11,0,11,0,6,6,8,6,9,10,11,9,11,11,6,6,4,9,5,9,4,4,5,9,9,2,10,2,4,5,6,11,5,10,2,3,11,6,3,5,4,9,6,11,2,10,2,11,11,3,3,8,5,9,7,4,3
0,7,7,7,7,8,10,3,11,2,10,6,6,9,5,3,10,3,10,11,6,8,5,5,9,4,6,0,0,3,4,4,0,0,5,5,7,0,9,8,3,3,8,0,4,2,4,9,6,8,10,7,11,11,11,8,0,5,3,6,5,7,4,4,8,5,8,6,2,5,2,7,6,8,2,0,10,6,4,7,11,0,0,9,0,7,8,5,8,8,9,5,0,0,2,0,2,7,7,9,7,10,11,0,10,0,0,7,7,5,10,6,10,5,5,6,10,10,3,11,3,5,6,7,0,6,11,3,4,0,7,4,6,5,10,7,0,3,11,3,0,0,4,4,9,6,10,8,5,4
2,8,8,8,8,9,11,4,0,3,11,7,7,10,6,4,11,4,11,0,7,9,6,6,10,5,7,2,2,4,5,5,2,2,6,6,8,2,10,9,4,4,9,2,5,3,5,10,7,9,11,8,0,0,0,9,2,6,4,7,6,8,5,5,9,6,9,7,3,6,3,8,7,9,3,2,11,7,5,8,0,2,2,10,2,8,9,6,9,9,10,6,2,2,3,2,3,8,8,10,8,11,0,2,11,2,2,8,8,6,11,7,11,6,6,7,11,11,4,0,4,6,7,8,2,7,0,4,5,2,8,5,7,6,11,8,2,4,0,4,2,2,5,5,10,7,11,9,6,5
3,9,9,9,9,10,0,5,2,4,0,8,8,11,7,5,0,5,0,2,8,10,7,7,11,6,8,3,3,5,6,6,3,3,7,7,9,3,11,10,5,5,10,3,6,4,6,11,8,10,0,9,2,2,2,10,3,7,5,8,7,9,6,6,10,7,10,8,4,7,4,9,8,10,4,3,0,8,6,9,2,3,3,11,3,9,10,7,10,10,11,7,3,3,4,3,4,9,9,11,9,0,2,3,0,3,3,9,9,7,0,8,0,7,7,8,0,0,5,2,5,7,8,9,3,8,2,5,6,3,9,6,8,7,0,9,3,5,2,5,3,3,6,6,11,8,0,10,7,6
4,10,10,10,10,11,2,6,3,5,2,9,9,0,8,6,2,6,2,3,9,11,8,8,0,7,9,4,4,6,7,7,4,4,8,8,10,4,0,11,6,6,11,4,7,5,7,0,9,11,2,10,3,3,3,11,4,8,6,9,8,10,7,7,11,8,11,9,5,8,5,10,9,11,5,4,2,9,7,10,3,4,4,0,4,10,11,8,11,11,0,8,4,4,5,4,5,10,10,0,10,2,3,4,2,4,4,10,10,8,2,9,2,8,8,9,2,2,6,3,6,8,9,10,4,9,3,6,7,4,10,7,9,8,2,10,4,6,3,6,4,4,7,7,0,9,2,11,8,7
5,11,11,11,11,0,3,7,4,6,3,10,10,2,9,7,3,7,3,4,10,0,9,9,2,8,10,5,5,7,8,8,5,5,9,9,11,5,2,0,7,7,0,5,8,6,8,2,10,0,3,11,4,4,4,0,5,9,7,10,9,11,8,8,0,9,0,10,6,9,6,11,10,0,6,5,3,10,8,11,4,5,5,2,5,11,0,9,0,0,2,9,5,5,6,5,6,11,11,2,11,3,4,5,3,5,5,11,11,9,3,10,3,9,9,10,3,3,7,4,7,9,10,11,5,10,4,7,8,5,11,8,10,9,3,11,5,7,4,7,5,5,8,8,2,10,3,0,9,8
6,0,0,0,0,2,4,8,5,7,4,11,11,3,10,8,4,8,4,5,11,2,10,10,3,9,11,6,6,8,9,9,6,6,10,10,0,6,3,2,8,8,2,6,9,7,9,3,11,2,4,0,5,5,5,2,6,10,8,11,10,0,9,9,2,10,2,11,7,10,7,0,11,2,7,6,4,11,9,0,5,6,6,3,6,0,2,10,2,2,3,10,6,6,7,6,7,0,0,3,0,4,5,6,4,6,6,0,0,10,4,11,4,10,10,11,4,4,8,5,8,10,11,0,6,11,5,8,9,6,0,9,11,10,4,0,6,8,5,8,6,6,9,9,3,11,4,2,10,9
7,2,2,2,2,3,5,9,6,8,5,0,0,4,11,9,5,9,5,6,0,3,11,11,4,10,0,7,7,9,10,10,7,7,11,11,2,7,4,3,9,9,3,7,10,8,10,4,0,3,5,2,6,6,6,3,7,11,9,0,11,2,10,10,3,11,3,0,8,11,8,2,0,3,8,7,5,0,10,2,6,7,7,4,7,2,3,11,3,3,4,11,7,7,8,7,8,2,2,4,2,5,6,7,5,7,7,2,2,11,5,0,5,11,11,0,5,5,9,6,9,11,0,2,7,0,6,9,10,7,2,10,0,11,5,2,7,9,6,9,7,7,10,10,4,0,5,3,11,10
8,3,3,3,3,4,6,10,7,9,6,2,2,5,0,10,6,10,6,7,2,4,0,0,5,11,2,8,8,10,11,11,8,8,0,0,3,8,5,4,10,10,4,8,11,9,11,5,2,4,6,3,7,7,7,4,8,0,10,2,0,3,11,11,4,0,4,2,9,0,9,3,2,4,9,8,6,2,11,3,7,8,8,5,8,3,4,0,4,4,5,0,8,8,9,8,9,3,3,5,3,6,7,8,6,8,8,3,3,0,6,2,6,0,0,2,6,6,10,7,10,0,2,3,8,2,7,10,11,8,3,11,2,0,6,3,8,10,7,10,8,8,11,11,5,2,6,4,0,11
9,4,4,4,4,5,7,11,8,10,7,3,3,6,2,11,7,11,7,8,3,5,2,2,6,0,3,9,9,11,0,0,9,9,2,2,4,9,6,5,11,11,5,9,0,10,0,6,3,5,7,4,8,8,8,5,9,2,11,3,2,4,0,0,5,2,5,3,10,2,10,4,3,5,10,9,7,3,0,4,8,9,9,6,9,4,5,2,5,5,6,2,9,9,10,9,10,4,4,6,4,7,8,9,7,9,9,4,4,2,7,3,7,2,2,3,7,7,11,8,11,2,3,4,9,3,8,11,0,9,4,0,3,2,7,4,9,11,8,11,9,9,0,0,6,3,7,5,2,0
10,5,5,5,5,6,8,0,9,11,8,4,4,7,3,0,8,0,8,9,4,6,3,3,7,2,4,10,10,0,2,2,10,10,3,3,5,10,7,6,0,0,6,10,2,11,2,7,4,6,8,5,9,9,9,6,10,3,0,4,3,5,2,2,6,3,6,4,11,3,11,5,4,6,11,10,8,4,2,5,9,10,10,7,10,5,6,3,6,6,7,3,10,10,11,10,11,5,5,7,5,8,9,10,8,10,10,5,5,3,8,4,8,3,3,4,8,8,0,9,0,3,4,5,10,4,9,0,2,10,5,2,4,3,8,5,10,0,9,0,10,10,2,2,7,4,8,6,3,2
11,6,6,6,6,7,9,2,10,0,9,5,5,8,4,2,9,2,9,10,5,7,4,4,8,3,5,11,11,2,3,3,11,11,4,4,6,11,8,7,2,2,7,11,3,0,3,8,5,7,9,6,10,10,10,7,11,4,2,5,4,6,3,3,7,4,7,5,0,4,0,6,5,7,0,11,9,5,3,6,10,11,11,8,11,6,7,4,7,7,8,4,11,11,0,11,0,6,6,8,6,9,10,11,9,11,11,6,6,4,9,5,9,4,4,5,9,9,2,10,2,4,5,6,11,5,10,2,3,11,6,3,5,4,9,6,11,2,10,2,11,11,3,3,8,5,9,7,4,3
0,7,7,7,7,8,10,3,11,2,10,6,6,9,5,3,10,3,10,11,6,8,5,5,9,4,6,0,0,3,4,4,0,0,5,5,7,0,9,8,3,3,8,0,4,2,4,9,6,8,10,7,11,11,11,8,0,5,3,6,5,7,4,4,8,5,8,6,2,5,2,7,6,8,2,0,10,6,4,7,11,0,0,9,0,7,8,5,8,8,9,5,0,0,2,0,2,7,7,9,7,10,11,0,10,0,0,7,7,5,10,6,10,5,5,6,10,10,3,11,3,5,6,7,0,6,11,3,4,0,7,4,6,5,10,7,0,3,11,3,0,0,4,4,9,6,10,8,5,4
2,8,8,8,8,9,11,4,0,3,11,7,7,10,6,4,11,4,11,0,7,9,6,6,10,5,7,2,2,4,5,5,2,2,6,6,8,2,10,9,4,4,9,2,5,3,5,10,7,9,11,8,0,0,0,9,2,6,4,7,6,8,5,5,9,6,9,7,3,6,3,8,7,9,3,2,11,7,5,8,0,2,2,10,2,8,9,6,9,9,10,6,2,2,3,2,3,8,8,10,8,11,0,2,11,2,2,8,8,6,11,7,11,6,6,7,11,11,4,0,4,6,7,8,2,7,0,4,5,2,8,5,7,6,11,8,2,4,0,4,2,2,5,5,10,7,11,9,6,5
3,9,9,9,9,10,0,5,2,4,0,8,8,11,7,5,0,5,0,2,8,10,7,7,11,6,8,3,3,5,6,6,3,3,7,7,9,3,11,10,5,5,10,3,6,4,6,11,8,10,0,9,2,2,2,10,3,7,5,8,7,9,6,6,10,7,10,8,4,7,4,9,8,10,4,3,0,8,6,9,2,3,3,11,3,9,10,7,10,10,11,7,3,3,4,3,4,9,9,11,9,0,2,3,0,3,3,9,9,7,0,8,0,7,7,8,0,0,5,2,5,7,8,9,3,8,2,5,6,3,9,6,8,7,0,9,3,5,2,5,3,3,6,6,11,8,0,10,7,6
4,10,10,10,10,11,2,6,3,5,2,9,9,0,8,6,2,6,2,3,9,11,8,8,0,7,9,4,4,6,7,7,4,4,8,8,10,4,0,11,6,6,11,4,7,5,7,0,9,11,2,10,3,3,3,11,4,8,6,9,8,10,7,7,11,8,11,9,5,8,5,10,9,11,5,4,2,9,7,10,3,4,4,0,4,10,11,8,11,11,0,8,4,4,5,4,5,10,10,0,10,2,3,4,2,4,4,10,10,8,2,9,2,8,8,9,2,2,6,3,6,8,9,10,4,9,3,6,7,4,10,7,9,8,2,10,4,6,3,6,4,4,7,7,0,9,2,11,8,7
5,11,11,11,11,0,3,7,4,6,3,10,10,2,9,7,3,7,3,4,10,0,9,9,2,8,10,5,5,7,8,8,5,5,9,9,11,5,2,0,7,7,0,5,8,6,8,2,10,0,3,11,4,4,4,0,5,9,7,10,9,11,8,8,0,9,0,10,6,9,6,11,10,0,6,5,3,10,8,11,4,5,5,2,5,11,0,9,0,0,2,9,5,5,6,5,6,11,11,2,11,3,4,5,3,5,5,11,11,9,3,10,3,9,9,10,3,3,7,4,7,9,10,11,5,10,4,7,8,5,11,8,10,9,3,11,5,7,4,7,5,5,8,8,2,10,3,0,9,8
6,0,0,0,0,2,4,8,5,7,4,11,11,3,10,8,4,8,4,5,11,2,10,10,3,9,11,6,6,8,9,9,6,6,10,10,0,6,3,2,8,8,2,6,9,7,9,3,11,2,4,0,5,5,5,2,6,10,8,11,10,0,9,9,2,10,2,11,7,10,7,0,11,2,7,6,4,11,9,0,5,6,6,3,6,0,2,10,2,2,3,10,6,6,7,6,7,0,0,3,0,4,5,6,4,6,6,0,0,10,4,11,4,10,10,11,4,4,8,5,8,10,11,0,6,11,5,8,9,6,0,9,11,10,4,0,6,8,5,8,6,6,9,9,3,11,4,2,10,9
7,2,2,2,2,3,5,9,6,8,5,0,0,4,11,9,5,9,5,6,0,3,11,11,4,10,0,7,7,9,10,10,7,7,11,11,2,7,4,3,9,9,3,7,10,8,10,4,0,3,5,2,6,6,6,3,7,11,9,0,11,2,10,10,3,11,3,0,8,11,8,2,0,3,8,7,5,0,10,2,6,7,7,4,7,2,3,11,3,3,4,11,7,7,8,7,8,2,2,4,2,5,6,7,5,7,7,2,2,11,5,0,5,11,11,0,5,5,9,6,9,11,0,2,7,0,6,9,10,7,2,10,0,11,5,2,7,9,6,9,7,7,10,10,4,0,5,3,11,10
8,3,3,3,3,4,6,10,7,9,6,2,2,5,0,10,6,10,6,7,2,4,0,0,5,11,2,8,8,10,11,11,8,8,0,0,3,8,5,4,10,10,4,8,11,9,11,5,2,4,6,3,7,7,7,4,8,0,10,2,0,3,11,11,4,0,4,2,9,0,9,3,2,4,9,8,6,2,11,3,7,8,8,5,8,3,4,0,4,4,5,0,8,8,9,8,9,3,3,5,3,6,7,8,6,8,8,3,3,0,6,2,6,0,0,2,6,6,10,7,10,0,2,3,8,2,7,10,11,8,3,11,2,0,6,3,8,10,7,10,8,8,11,11,5,2,6,4,0,11
9,4,4,4,4,5,7,11,8,10,7,3,3,6,2,11,7,11,7,8,3,5,2,2,6,0,3,9,9,11,0,0,9,9,2,2,4,9,6,5,11,11,5,9,0,10,0,6,3,5,7,4,8,8,8,5,9,2,11,3,2,4,0,0,5,2,5,3,10,2,10,4,3,5,10,9,7,3,0,4,8,9,9,6,9,4,5,2,5,5,6,2,9,9,10,9,10,4,4,6,4,7,8,9,7,9,9,4,4,2,7,3,7,2,2,3,7,7,11,8,11,2,3,4,9,3,8,11,0,9,4,0,3,2,7,4,9,11,8,11,9,9,0,0,6,3,7,5,2,0
10,5,5,5,5,6,8,0,9,11,8,4,4,7,3,0,8,0,8,9,4,6,3,3,7,2,4,10,10,0,2,2,10,10,3,3,5,10,7,6,0,0,6,10,2,11,2,7,4,6,8,5,9,9,9,6,10,3,0,4,3,5,2,2,6,3,6,4,11,3,11,5,4,6,11,10,8,4,2,5,9,10,10,7,10,5,6,3,6,6,7,3,10,10,11,10,11,5,5,7,5,8,9,10,8,10,10,5,5,3,8,4,8,3,3,4,8,8,0,9,0,3,4,5,10,4,9,0,2,10,5,2,4,3,8,5,10,0,9,0,10,10,2,2,7,4,8,6,3,2
11,6,6,6,6,7,9,2,10,0,9,5,5,8,4,2,9,2,9,10,5,7,4,4,8,3,5,11,11,2,3,3,11,11,4,4,6,11,8,7,2,2,7,11,3,0,3,8,5,7,9,6,10,10,10,7,11,4,2,5,4,6,3,3,7,4,7,5,0,4,0,6,5,7,0,11,9,5,3,6,10,11,11,8,11,6,7,4,7,7,8,4,11,11,0,11,0,6,6,8,6,9,10,11,9,11,11,6,6,4,9,5,9,4,4,5,9,9,2,10,2,4,5,6,11,5,10,2,3,11,6,3,5,4,9,6,11,2,10,2,11,11,3,3,8,5,9,7,4,3
0,7,7,7,7,8,10,3,11,2,10,6,6,9,5,3,10,3,10,11,6,8,5,5,9,4,6,0,0,3,4,4,0,0,5,5,7,0,9,8,3,3,8,0,4,2,4,9,6,8,10,7,11,11,11,8,0,5,3,6,5,7,4,4,8,5,8,6,2,5,2,7,6,8,2,0,10,6,4,7,11,0,0,9,0,7,8,5,8,8,9,5,0,0,2,0,2,7,7,9,7,10,11,0,10,0,0,7,7,5,10,6,10,5,5,6,10,10,3,11,3,5,6,7,0,6,11,3,4,0,7,4,6,5,10,7,0,3,11,3,0,0,4,4,9,6,10,8,5,4
2,8,8,8,8,9,11,4,0,3,11,7,7,10,6,4,11,4,11,0,7,9,6,6,10,5,7,2,2,4,5,5,2,2,6,6,8,2,10,9,4,4,9,2,5,3,5,10,7,9,11,8,0,0,0,9,2,6,4,7,6,8,5,5,9,6,9,7,3,6,3,8,7,9,3,2,11,7,5,8,0,2,2,10,2,8,9,6,9,9,10,6,2,2,3,2,3,8,8,10,8,11,0,2,11,2,2,8,8,6,11,7,11,6,6,7,11,11,4,0,4,6,7,8,2,7,0,4,5,2,8,5,7,6,11,8,2,4,0,4,2,2,5,5,10,7,11,9,6,5
3,9,9,9,9,10,0,5,2,4,0,8,8,11,7,5,0,5,0,2,8,10,7,7,11,6,8,3,3,5,6,6,3,3,7,7,9,3,11,10,5,5,10,3,6,4,6,11,8,10,0,9,2,2,2,10,3,7,5,8,7,9,6,6,10,7,10,8,4,7,4,9,8,10,4,3,0,8,6,9,2,3,3,11,3,9,10,7,10,10,11,7,3,3,4,3,4,9,9,11,9,0,2,3,0,3,3,9,9,7,0,8,0,7,7,8,0,0,5,2,5,7,8,9,3,8,2,5,6,3,9,6,8,7,0,9,3,5,2,5,3,3,6,6,11,8,0,10,7,6
4,10,10,10,10,11,2,6,3,5,2,9,9,0,8,6,2,6,2,3,9,11,8,8,0,7,9,4,4,6,7,7,4,4,8,8,10,4,0,11,6,6,11,4,7,5,7,0,9,11,2,10,3,3,3,11,4,8,6,9,8,10,7,7,11,8,11,9,5,8,5,10,9,11,5,4,2,9,7,10,3,4,4,0,4,10,11,8,11,11,0,8,4,4,5,4,5,10,10,0,10,2,3,4,2,4,4,10,10,8,2,9,2,8,8,9,2,2,6,3,6,8,9,10,4,9,3,6,7,4,10,7,9,8,2,10,4,6,3,6,4,4,7,7,0,9,2,11,8,7
5,11,11,11,11,0,3,7,4,6,3,10,10,2,9,7,3,7,3,4,10,0,9,9,2,8,10,5,5,7,8,8,5,5,9,9,11,5,2,0,7,7,0,5,8,6,8,2,10,0,3,11,4,4,4,0,5,9,7,10,9,11,8,8,0,9,0,10,6,9,6,11,10,0,6,5,3,10,8,11,4,5,5,2,5,11,0,9,0,0,2,9,5,5,6,5,6,11,11,2,11,3,4,5,3,5,5,11,11,9,3,10,3,9,9,10,3,3,7,4,7,9,10,11,5,10,4,7,8,5,11,8,10,9,3,11,5,7,4,7,5,5,8,8,2,10,3,0,9,8
6,0,0,0,0,2,4,8,5,7,4,11,11,3,10,8,4,8,4,5,11,2,10,10,3,9,11,6,6,8,9,9,6,6,10,10,0,6,3,2,8,8,2,6,9,7,9,3,11,2,4,0,5,5,5,2,6,10,8,11,10,0,9,9,2,10,2,11,7,10,7,0,11,2,7,6,4,11,9,0,5,6,6,3,6,0,2,10,2,2,3,10,6,6,7,6,7,0,0,3,0,4,5,6,4,6,6,0,0,10,4,11,4,10,10,11,4,4,8,5,8,10,11,0,6,11,5,8,9,6,0,9,11,10,4,0,6,8,5,8,6,6,9,9,3,11,4,2,10,9
7,2,2,2,2,3,5,9,6,8,5,0,0,4,11,9,5,9,5,6,0,3,11,11,4,10,0,7,7,9,10,10,7,7,11,11,2,7,4,3,9,9,3,7,10,8,10,4,0,3,5,2,6,6,6,3,7,11,9,0,11,2,10,10,3,11,3,0,8,11,8,2,0,3,8,7,5,0,10,2,6,7,7,4,7,2,3,11,3,3,4,11,7,7,8,7,8,2,2,4,2,5,6,7,5,7,7,2,2,11,5,0,5,11,11,0,5,5,9,6,9,11,0,2,7,0,6,9,10,7,2,10,0,11,5,2,7,9,6,9,7,7,10,10,4,0,5,3,11,10
8,3,3,3,3,4,6,10,7,9,6,2,2,5,0,10,6,10,6,7,2,4,0,0,5,11,2,8,8,10,11,11,8,8,0,0,3,8,5,4,10,10,4,8,11,9,11,5,2,4,6,3,7,7,7,4,8,0,10,2,0,3,11,11,4,0,4,2,9,0,9,3,2,4,9,8,6,2,11,3,7,8,8,5,8,3,4,0,4,4,5,0,8,8,9,8,9,3,3,5,3,6,7,8,6,8,8,3,3,0,6,2,6,0,0,2,6,6,10,7,10,0,2,3,8,2,7,10,11,8,3,11,2,0,6,3,8,10,7,10,8,8,11,11,5,2,6,4,0,11
9,4,4,4,4,5,7,11,8,10,7,3,3,6,2,11,7,11,7,8,3,5,2,2,6,0,3,9,9,11,0,0,9,9,2,2,4,9,6,5,11,11,5,9,0,10,0,6,3,5,7,4,8,8,8,5,9,2,11,3,2,4,0,0,5,2,5,3,10,2,10,4,3,5,10,9,7,3,0,4,8,9,9,6,9,4,5,2,5,5,6,2,9,9,10,9,10,4,4,6,4,7,8,9,7,9,9,4,4,2,7,3,7,2,2,3,7,7,11,8,11,2,3,4,9,3,8,11,0,9,4,0,3,2,7,4,9,11,8,11,9,9,0,0,6,3,7,5,2,0
10,5,5,5,5,6,8,0,9,11,8,4,4,7,3,0,8,0,8,9,4,6,3,3,7,2,4,10,10,0,2,2,10,10,3,3,5,10,7,6,0,0,6,10,2,11,2,7,4,6,8,5,9,9,9,6,10,3,0,4,3,5,2,2,6,3,6,4,11,3,11,5,4,6,11,10,8,4,2,5,9,10,10,7,10,5,6,3,6,6,7,3,10,10,11,10,11,5,5,7,5,8,9,10,8,10,10,5,5,3,8,4,8,3,3,4,8,8,0,9,0,3,4,5,10,4,9,0,2,10,5,2,4,3,8,5,10,0,9,0,10,10,2,2,7,4,8,6,3,2
11,6,6,6,6,7,9,2,10,0,9,5,5,8,4,2,9,2,9,10,5,7,4,4,8,3,5,11,11,2,3,3,11,11,4,4,6,11,8,7,2,2,7,11,3,0,3,8,5,7,9,6,10,10,10,7,11,4,2,5,4,6,3,3,7,4,7,5,0,4,0,6,5,7,0,11,9,5,3,6,10,11,11,8,11,6,7,4,7,7,8,4,11,11,0,11,0,6,6,8,6,9,10,11,9,11,11,6,6,4,9,5,9,4,4,5,9,9,2,10,2,4,5,6,11,5,10,2,3,11,6,3,5,4,9,6,11,2,10,2,11,11,3,3,8,5,9,7,4,3
0,7,7,7,7,8,10,3,11,2,10,6,6,9,5,3,10,3,10,11,6,8,5,5,9,4,6,0,0,3,4,4,0,0,5,5,7,0,9,8,3,3,8,0,4,2,4,9,6,8,10,7,11,11,11,8,0,5,3,6,5,7,4,4,8,5,8,6,2,5,2,7,6,8,2,0,10,6,4,7,11,0,0,9,0,7,8,5,8,8,9,5,0,0,2,0,2,7,7,9,7,10,11,0,10,0,0,7,7,5,10,6,10,5,5,6,10,10,3,11,3,5,6,7,0,6,11,3,4,0,7,4,6,5,10,7,0,3,11,3,0,0,4,4,9,6,10,8,5,4
2,8,8,8,8,9,11,4,0,3,11,7,7,10,6,4,11,4,11,0,7,9,6,6,10,5,7,2,2,4,5,5,2,2,6,6,8,2,10,9,4,4,9,2,5,3,5,10,7,9,11,8,0,0,0,9,2,6,4,7,6,8,5,5,9,6,9,7,3,6,3,8,7,9,3,2,11,7,5,8,0,2,2,10,2,8,9,6,9,9,10,6,2,2,3,2,3,8,8,10,8,11,0,2,11,2,2,8,8,6,11,7,11,6,6,7,11,11,4,0,4,6,7,8,2,7,0,4,5,2,8,5,7,6,11,8,2,4,0,4,2,2,5,5,10,7,11,9,6,5
3,9,9,9,9,10,0,5,2,4,0,8,8,11,7,5,0,5,0,2,8,10,7,7,11,6,8,3,3,5,6,6,3,3,7,7,9,3,11,10,5,5,10,3,6,4,6,11,8,10,0,9,2,2,2,10,3,7,5,8,7,9,6,6,10,7,10,8,4,7,4,9,8,10,4,3,0,8,6,9,2,3,3,11,3,9,10,7,10,10,11,7,3,3,4,3,4,9,9,11,9,0,2,3,0,3,3,9,9,7,0,8,0,7,7,8,0,0,5,2,5,7,8,9,3,8,2,5,6,3,9,6,8,7,0,9,3,5,2,5,3,3,6,6,11,8,0,10,7,6
4,10,10,10,10,11,2,6,3,5,2,9,9,0,8,6,2,6,2,3,9,11,8,8,0,7,9,4,4,6,7,7,4,4,8,8,10,4,0,11,6,6,11,4,7,5,7,0,9,11,2,10,3,3,3,11,4,8,6,9,8,10,7,7,11,8,11,9,5,8,5,10,9,11,5,4,2,9,7,10,3,4,4,0,4,10,11,8,11,11,0,8,4,4,5,4,5,10,10,0,10,2,3,4,2,4,4,10,10,8,2,9,2,8,8,9,2,2,6,3,6,8,9,10,4,9,3,6,7,4,10,7,9,8,2,10,4,6,3,6,4,4,7,7,0,9,2,11,8,7
5,11,11,11,11,0,3,7,4,6,3,10,10,2,9,7,3,7,3,4,10,0,9,9,2,8,10,5,5,7,8,8,5,5,9,9,11,5,2,0,7,7,0,5,8,6,8,2,10,0,3,11,4,4,4,0,5,9,7,10,9,11,8,8,0,9,0,10,6,9,6,11,10,0,6,5,3,10,8,11,4,5,5,2,5,11,0,9,0,0,2,9,5,5,6,5,6,11,11,2,11,3,4,5,3,5,5,11,11,9,3,10,3,9,9,10,3,3,7,4,7,9,10,11,5,10,4,7,8,5,11,8,10,9,3,11,5,7,4,7,5,5,8,8,2,10,3,0,9,8
6,0,0,0,0,2,4,8,5,7,4,11,11,3,10,8,4,8,4,5,11,2,10,10,3,9,11,6,6,8,9,9,6,6,10,10,0,6,3,2,8,8,2,6,9,7,9,3,11,2,4,0,5,5,5,2,6,10,8,11,10,0,9,9,2,10,2,11,7,10,7,0,11,2,7,6,4,11,9,0,5,6,6,3,6,0,2,10,2,2,3,10,6,6,7,6,7,0,0,3,0,4,5,6,4,6,6,0,0,10,4,11,4,10,10,11,4,4,8,5,8,10,11,0,6,11,5,8,9,6,0,9,11,10,4,0,6,8,5,8,6,6,9,9,3,11,4,2,10,9
7,2,2,2,2,3,5,9,6,8,5,0,0,4,11,9,5,9,5,6,0,3,11,11,4,10,0,7,7,9,10,10,7,7,11,11,2,7,4,3,9,9,3,7,10,8,10,4,0,3,5,2,6,6,6,3,7,11,9,0,11,2,10,10,3,11,3,0,8,11,8,2,0,3,8,7,5,0,10,2,6,7,7,4,7,2,3,11,3,3,4,11,7,7,8,7,8,2,2,4,2,5,6,7,5,7,7,2,2,11,5,0,5,11,11,0,5,5,9,6,9,11,0,2,7,0,6,9,10,7,2,10,0,11,5,2,7,9,6,9,7,7,10,10,4,0,5,3,11,10
8,3,3,3,3,4,6,10,7,9,6,2,2,5,0,10,6,10,6,7,2,4,0,0,5,11,2,8,8,10,11,11,8,8,0,0,3,8,5,4,10,10,4,8,11,9,11,5,2,4,6,3,7,7,7,4,8,0,10,2,0,3,11,11,4,0,4,2,9,0,9,3,2,4,9,8,6,2,11,3,7,8,8,5,8,3,4,0,4,4,5,0,8,8,9,8,9,3,3,5,3,6,7,8,6,8,8,3,3,0,6,2,6,0,0,2,6,6,10,7,10,0,2,3,8,2,7,10,11,8,3,11,2,0,6,3,8,10,7,10,8,8,11,11,5,2,6,4,0,11
9,4,4,4,4,5,7,11,8,10,7,3,3,6,2,11,7,11,7,8,3,5,2,2,6,0,3,9,9,11,0,0,9,9,2,2,4,9,6,5,11,11,5,9,0,10,0,6,3,5,7,4,8,8,8,5,9,2,11,3,2,4,0,0,5,2,5,3,10,2,10,4,3,5,10,9,7,3,0,4,8,9,9,6,9,4,5,2,5,5,6,2,9,9,10,9,10,4,4,6,4,7,8,9,7,9,9,4,4,2,7,3,7,2,2,3,7,7,11,8,11,2,3,4,9,3,8,11,0,9,4,0,3,2,7,4,9,11,8,11,9,9,0,0,6,3,7,5,2,0
10,5,5,5,5,6,8,0,9,11,8,4,4,7,3,0,8,0,8,9,4,6,3,3,7,2,4,10,10,0,2,2,10,10,3,3,5,10,7,6,0,0,6,10,2,11,2,7,4,6,8,5,9,9,9,6,10,3,0,4,3,5,2,2,6,3,6,4,11,3,11,5,4,6,11,10,8,4,2,5,9,10,10,7,10,5,6,3,6,6,7,3,10,10,11,10,11,5,5,7,5,8,9,10,8,10,10,5,5,3,8,4,8,3,3,4,8,8,0,9,0,3,4,5,10,4,9,0,2,10,5,2,4,3,8,5,10,0,9,0,10,10,2,2,7,4,8,6,3,2
11,6,6,6,6,7,9,2,10,0,9,5,5,8,4,2,9,2,9,10,5,7,4,4,8,3,5,11,11,2,3,3,11,11,4,4,6,11,8,7,2,2,7,11,3,0,3,8,5,7,9,6,10,10,10,7,11,4,2,5,4,6,3,3,7,4,7,5,0,4,0,6,5,7,0,11,9,5,3,6,10,11,11,8,11,6,7,4,7,7,8,4,11,11,0,11,0,6,6,8,6,9,10,11,9,11,11,6,6,4,9,5,9,4,4,5,9,9,2,10,2,4,5,6,11,5,10,2,3,11,6,3,5,4,9,6,11,2,10,2,11,11,3,3,8,5,9,7,4,3
0,7,7,7,7,8,10,3,11,2,10,6,6,9,5,3,10,3,10,11,6,8,5,5,9,4,6,0,0,3,4,4,0,0,5,5,7,0,9,8,3,3,8,0,4,2,4,9,6,8,10,7,11,11,11,8,0,5,3,6,5,7,4,4,8,5,8,6,2,5,2,7,6,8,2,0,10,6,4,7,11,0,0,9,0,7,8,5,8,8,9,5,0,0,2,0,2,7,7,9,7,10,11,0,10,0,0,7,7,5,10,6,10,5,5,6,10,10,3,11,3,5,6,7,0,6,11,3,4,0,7,4,6,5,10,7,0,3,11,3,0,0,4,4,9,6,10,8,5,4
2,8,8,8,8,9,11,4,0,3,11,7,7,10,6,4,11,4,11,0,7,9,6,6,10,5,7,2,2,4,5,5,2,2,6,6,8,2,10,9,4,4,9,2,5,3,5,10,7,9,11,8,0,0,0,9,2,6,4,7,6,8,5,5,9,6,9,7,3,6,3,8,7,9,3,2,11,7,5,8,0,2,2,10,2,8,9,6,9,9,10,6,2,2,3,2,3,8,8,10,8,11,0,2,11,2,2,8,8,6,11,7,11,6,6,7,11,11,4,0,4,6,7,8,2,7,0,4,5,2,8,5,7,6,11,8,2,4,0,4,2,2,5,5,10,7,11,9,6,5
3,9,9,9,9,10,0,5,2,4,0,8,8,11,7,5,0,5,0,2,8,10,7,7,11,6,8,3,3,5,6,6,3,3,7,7,9,3,11,10,5,5,10,3,6,4,6,11,8,10,0,9,2,2,2,10,3,7,5,8,7,9,6,6,10,7,10,8,4,7,4,9,8,10,4,3,0,8,6,9,2,3,3,11,3,9,10,7,10,10,11,7,3,3,4,3,4,9,9,11,9,0,2,3,0,3,3,9,9,7,0,8,0,7,7,8,0,0,5,2,5,7,8,9,3,8,2,5,6,3,9,6,8,7,0,9,3,5,2,5,3,3,6,6,11,8,0,10,7,6
4,10,10,10,10,11,2,6,3,5,2,9,9,0,8,6,2,6,2,3,9,11,8,8,0,7,9,4,4,6,7,7,4,4,8,8,10,4,0,11,6,6,11,4,7,5,7,0,9,11,2,10,3,3,3,11,4,8,6,9,8,10,7,7,11,8,11,9,5,8,5,10,9,11,5,4,2,9,7,10,3,4,4,0,4,10,11,8,11,11,0,8,4,4,5,4,5,10,10,0,10,2,3,4,2,4,4,10,10,8,2,9,2,8,8,9,2,2,6,3,6,8,9,10,4,9,3,6,7,4,10,7,9,8,2,10,4,6,3,6,4,4,7,7,0,9,2,11,8,7
5,11,11,11,11,0,3,7,4,6,3,10,10,2,9,7,3,7,3,4,10,0,9,9,2,8,10,5,5,7,8,8,5,5,9,9,11,5,2,0,7,7,0,5,8,6,8,2,10,0,3,11,4,4,4,0,5,9,7,10,9,11,8,8,0,9,0,10,6,9,6,11,10,0,6,5,3,10,8,11,4,5,5,2,5,11,0,9,0,0,2,9,5,5,6,5,6,11,11,2,11,3,4,5,3,5,5,11,11,9,3,10,3,9,9,10,3,3,7,4,7,9,10,11,5,10,4,7,8,5,11,8,10,9,3,11,5,7,4,7,5,5,8,8,2,10,3,0,9,8
6,0,0,0,0,2,4,8,5,7,4,11,11,3,10,8,4,8,4,5,11,2,10,10,3,9,11,6,6,8,9,9,6,6,10,10,0,6,3,2,8,8,2,6,9,7,9,3,11,2,4,0,5,5,5,2,6,10,8,11,10,0,9,9,2,10,2,11,7,10,7,0,11,2,7,6,4,11,9,0,5,6,6,3,6,0,2,10,2,2,3,10,6,6,7,6,7,0,0,3,0,4,5,6,4,6,6,0,0,10,4,11,4,10,10,11,4,4,8,5,8,10,11,0,6,11,5,8,9,6,0,9,11,10,4,0,6,8,5,8,6,6,9,9,3,11,4,2,10,9
7,2,2,2,2,3,5,9,6,8,5,0,0,4,11,9,5,9,5,6,0,3,11,11,4,10,0,7,7,9,10,10,7,7,11,11,2,7,4,3,9,9,3,7,10,8,10,4,0,3,5,2,6,6,6,3,7,11,9,0,11,2,10,10,3,11,3,0,8,11,8,2,0,3,8,7,5,0,10,2,6,7,7,4,7,2,3,11,3,3,4,11,7,7,8,7,8,2,2,4,2,5,6,7,5,7,7,2,2,11,5,0,5,11,11,0,5,5,9,6,9,11,0,2,7,0,6,9,10,7,2,10,0,11,5,2,7,9,6,9,7,7,10,10,4,0,5,3,11,10
8,3,3,3,3,4,6,10,7,9,6,2,2,5,0,10,6,10,6,7,2,4,0,0,5,11,2,8,8,10,11,11,8,8,0,0,3,8,5,4,10,10,4,8,11,9,11,5,2,4,6,3,7,7,7,4,8,0,10,2,0,3,11,11,4,0,4,2,9,0,9,3,2,4,9,8,6,2,11,3,7,8,8,5,8,3,4,0,4,4,5,0,8,8,9,8,9,3,3,5,3,6,7,8,6,8,8,3,3,0,6,2,6,0,0,2,6,6,10,7,10,0,2,3,8,2,7,10,11,8,3,11,2,0,6,3,8,10,7,10,8,8,11,11,5,2,6,4,0,11
9,4,4,4,4,5,7,11,8,10,7,3,3,6,2,11,7,11,7,8,3,5,2,2,6,0,3,9,9,11,0,0,9,9,2,2,4,9,6,5,11,11,5,9,0,10,0,6,3,5,7,4,8,8,8,5,9,2,11,3,2,4,0,0,5,2,5,3,10,2,10,4,3,5,10,9,7,3,0,4,8,9,9,6,9,4,5,2,5,5,6,2,9,9,10,9,10,4,4,6,4,7,8,9,7,9,9,4,4,2,7,3,7,2,2,3,7,7,11,8,11,2,3,4,9,3,8,11,0,9,4,0,3,2,7,4,9,11,8,11,9,9,0,0,6,3,7,5,2,0
10,5,5,5,5,6,8,0,9,11,8,4,4,7,3,0,8,0,8,9,4,6,3,3,7,2,4,10,10,0,2,2,10,10,3,3,5,10,7,6,0,0,6,10,2,11,2,7,4,6,8,5,9,9,9,6,10,3,0,4,3,5,2,2,6,3,6,4,11,3,11,5,4,6,11,10,8,4,2,5,9,10,10,7,10,5,6,3,6,6,7,3,10,10,11,10,11,5,5,7,5,8,9,10,8,10,10,5,5,3,8,4,8,3,3,4,8,8,0,9,0,3,4,5,10,4,9,0,2,10,5,2,4,3,8,5,10,0,9,0,10,10,2,2,7,4,8,6,3,2
11,6,6,6,6,7,9,2,10,0,9,5,5,8,4,2,9,2,9,10,5,7,4,4,8,3,5,11,11,2,3,3,11,11,4,4,6,11,8,7,2,2,7,11,3,0,3,8,5,7,9,6,10,10,10,7,11,4,2,5,4,6,3,3,7,4,7,5,0,4,0,6,5,7,0,11,9,5,3,6,10,11,11,8,11,6,7,4,7,7,8,4,11,11,0,11,0,6,6,8,6,9,10,11,9,11,11,6,6,4,9,5,9,4,4,5,9,9,2,10,2,4,5,6,11,5,10,2,3,11,6,3,5,4,9,6,11,2,10,2,11,11,3,3,8,5,9,7,4,3
0,7,7,7,7,8,10,3,11,2,10,6,6,9,5,3,10,3,10,11,6,8,5,5,9,4,6,0,0,3,4,4,0,0,5,5,7,0,9,8,3,3,8,0,4,2,4,9,6,8,10,7,11,11,11,8,0,5,3,6,5,7,4,4,8,5,8,6,2,5,2,7,6,8,2,0,10,6,4,7,11,0,0,9,0,7,8,5,8,8,9,5,0,0,2,0,2,7,7,9,7,10,11,0,10,0,0,7,7,5,10,6,10,5,5,6,10,10,3,11,3,5,6,7,0,6,11,3,4,0,7,4,6,5,10,7,0,3,11,3,0,0,4,4,9,6,10,8,5,4
2,8,8,8,8,9,11,4,0,3,11,7,7,10,6,4,11,4,11,0,7,9,6,6,10,5,7,2,2,4,5,5,2,2,6,6,8,2,10,9,4,4,9,2,5,3,5,10,7,9,11,8,0,0,0,9,2,6,4,7,6,8,5,5,9,6,9,7,3,6,3,8,7,9,3,2,11,7,5,8,0,2,2,10,2,8,9,6,9,9,10,6,2,2,3,2,3,8,8,10,8,11,0,2,11,2,2,8,8,6,11,7,11,6,6,7,11,11,4,0,4,6,7,8,2,7,0,4,5,2,8,5,7,6,11,8,2,4,0,4,2,2,5,5,10,7,11,9,6,5
3,9,9,9,9,10,0,5,2,4,0,8,8,11,7,5,0,5,0,2,8,10,7,7,11,6,8,3,3,5,6,6,3,3,7,7,9,3,11,10,5,5,10,3,6,4,6,11,8,10,0,9,2,2,2,10,3,7,5,8,7,9,6,6,10,7,10,8,4,7,4,9,8,10,4,3,0,8,6,9,2,3,3,11,3,9,10,7,10,10,11,7,3,3,4,3,4,9,9,11,9,0,2,3,0,3,3,9,9,7,0,8,0,7,7,8,0,0,5,2,5,7,8,9,3,8,2,5,6,3,9,6,8,7,0,9,3,5,2,5,3,3,6,6,11,8,0,10,7,6
4,10,10,10,10,11,2,6,3,5,2,9,9,0,8,6,2,6,2,3,9,11,8,8,0,7,9,4,4,6,7,7,4,4,8,8,10,4,0,11,6,6,11,4,7,5,7,0,9,11,2,10,3,3,3,11,4,8,6,9,8,10,7,7,11,8,11,9,5,8,5,10,9,11,5,4,2,9,7,10,3,4,4,0,4,10,11,8,11,11,0,8,4,4,5,4,5,10,10,0,10,2,3,4,2,4,4,10,10,8,2,9,2,8,8,9,2,2,6,3,6,8,9,10,4,9,3,6,7,4,10,7,9,8,2,10,4,6,3,6,4,4,7,7,0,9,2,11,8,7
5,11,11,11,11,0,3,7,4,6,3,10,10,2,9,7,3,7,3,4,10,0,9,9,2,8,10,5,5,7,8,8,5,5,9,9,11,5,2,0,7,7,0,5,8,6,8,2,10,0,3,11,4,4,4,0,5,9,7,10,9,11,8,8,0,9,0,10,6,9,6,11,10,0,6,5,3,10,8,11,4,5,5,2,5,11,0,9,0,0,2,9,5,5,6,5,6,11,11,2,11,3,4,5,3,5,5,11,11,9,3,10,3,9,9,10,3,3,7,4,7,9,10,11,5,10,4,7,8,5,11,8,10,9,3,11,5,7,4,7,5,5,8,8,2,10,3,0,9,8
6,0,0,0,0,2,4,8,5,7,4,11,11,3,10,8,4,8,4,5,11,2,10,10,3,9,11,6,6,8,9,9,6,6,10,10,0,6,3,2,8,8,2,6,9,7,9,3,11,2,4,0,5,5,5,2,6,10,8,11,10,0,9,9,2,10,2,11,7,10,7,0,11,2,7,6,4,11,9,0,5,6,6,3,6,0,2,10,2,2,3,10,6,6,7,6,7,0,0,3,0,4,5,6,4,6,6,0,0,10,4,11,4,10,10,11,4,4,8,5,8,10,11,0,6,11,5,8,9,6,0,9,11,10,4,0,6,8,5,8,6,6,9,9,3,11,4,2,10,9
7,2,2,2,2,3,5,9,6,8,5,0,0,4,11,9,5,9,5,6,0,3,11,11,4,10,0,7,7,9,10,10,7,7,11,11,2,7,4,3,9,9,3,7,10,8,10,4,0,3,5,2,6,6,6,3,7,11,9,0,11,2,10,10,3,11,3,0,8,11,8,2,0,3,8,7,5,0,10,2,6,7,7,4,7,2,3,11,3,3,4,11,7,7,8,7,8,2,2,4,2,5,6,7,5,7,7,2,2,11,5,0,5,11,11,0,5,5,9,6,9,11,0,2,7,0,6,9,10,7,2,10,0,11,5,2,7,9,6,9,7,7,10,10,4,0,5,3,11,10
8,3,3,3,3,4,6,10,7,9,6,2,2,5,0,10,6,10,6,7,2,4,0,0,5,11,2,8,8,10,11,11,8,8,0,0,3,8,5,4,10,10,4,8,11,9,11,5,2,4,6,3,7,7,7,4,8,0,10,2,0,3,11,11,4,0,4,2,9,0,9,3,2,4,9,8,6,2,11,3,7,8,8,5,8,3,4,0,4,4,5,0,8,8,9,8,9,3,3,5,3,6,7,8,6,8,8,3,3,0,6,2,6,0,0,2,6,6,10,7,10,0,2,3,8,2,7,10,11,8,3,11,2,0,6,3,8,10,7,10,8,8,11,11,5,2,6,4,0,11
9,4,4,4,4,5,7,11,8,10,7,3,3,6,2,11,7,11,7,8,3,5,2,2,6,0,3,9,9,11,0,0,9,9,2,2,4,9,6,5,11,11,5,9,0,10,0,6,3,5,7,4,8,8,8,5,9,2,11,3,2,4,0,0,5,2,5,3,10,2,10,4,3,5,10,9,7,3,0,4,8,9,9,6,9,4,5,2,5,5,6,2,9,9,10,9,10,4,4,6,4,7,8,9,7,9,9,4,4,2,7,3,7,2,2,3,7,7,11,8,11,2,3,4,9,3,8,11,0,9,4,0,3,2,7,4,9,11,8,11,9,9,0,0,6,3,7,5,2,0
10,5,5,5,5,6,8,0,9,11,8,4,4,7,3,0,8,0,8,9,4,6,3,3,7,2,4,10,10,0,2,2,10,10,3,3,5,10,7,6,0,0,6,10,2,11,2,7,4,6,8,5,9,9,9,6,10,3,0,4,3,5,2,2,6,3,6,4,11,3,11,5,4,6,11,10,8,4,2,5,9,10,10,7,10,5,6,3,6,6,7,3,10,10,11,10,11,5,5,7,5,8,9,10,8,10,10,5,5,3,8,4,8,3,3,4,8,8,0,9,0,3,4,5,10,4,9,0,2,10,5,2,4,3,8,5,10,0,9,0,10,10,2,2,7,4,8,6,3,2
11,6,6,6,6,7,9,2,10,0,9,5,5,8,4,2,9,2,9,10,5,7,4,4,8,3,5,11,11,2,3,3,11,11,4,4,6,11,8,7,2,2,7,11,3,0,3,8,5,7,9,6,10,10,10,7,11,4,2,5,4,6,3,3,7,4,7,5,0,4,0,6,5,7,0,11,9,5,3,6,10,11,11,8,11,6,7,4,7,7,8,4,11,11,0,11,0,6,6,8,6,9,10,11,9,11,11,6,6,4,9,5,9,4,4,5,9,9,2,10,2,4,5,6,11,5,10,2,3,11,6,3,5,4,9,6,11,2,10,2,11,11,3,3,8,5,9,7,4,3
0,7,7,7,7,8,10,3,11,2,10,6,6,9,5,3,10,3,10,11,6,8,5,5,9,4,6,0,0,3,4,4,0,0,5,5,7,0,9,8,3,3,8,0,4,2,4,9,6,8,10,7,11,11,11,8,0,5,3,6,5,7,4,4,8,5,8,6,2,5,2,7,6,8,2,0,10,6,4,7,11,0,0,9,0,7,8,5,8,8,9,5,0,0,2,0,2,7,7,9,7,10,11,0,10,0,0,7,7,5,10,6,10,5,5,6,10,10,3,11,3,5,6,7,0,6,11,3,4,0,7,4,6,5,10,7,0,3,11,3,0,0,4,4,9,6,10,8,5,4
2,8,8,8,8,9,11,4,0,3,11,7,7,10,6,4,11,4,11,0,7,9,6,6,10,5,7,2,2,4,5,5,2,2,6,6,8,2,10,9,4,4,9,2,5,3,5,10,7,9,11,8,0,0,0,9,2,6,4,7,6,8,5,5,9,6,9,7,3,6,3,8,7,9,3,2,11,7,5,8,0,2,2,10,2,8,9,6,9,9,10,6,2,2,3,2,3,8,8,10,8,11,0,2,11,2,2,8,8,6,11,7,11,6,6,7,11,11,4,0,4,6,7,8,2,7,0,4,5,2,8,5,7,6,11,8,2,4,0,4,2,2,5,5,10,7,11,9,6,5
3,9,9,9,9,10,0,5,2,4,0,8,8,11,7,5,0,5,0,2,8,10,7,7,11,6,8,3,3,5,6,6,3,3,7,7,9,3,11,10,5,5,10,3,6,4,6,11,8,10,0,9,2,2,2,10,3,7,5,8,7,9,6,6,10,7,10,8,4,7,4,9,8,10,4,3,0,8,6,9,2,3,3,11,3,9,10,7,10,10,11,7,3,3,4,3,4,9,9,11,9,0,2,3,0,3,3,9,9,7,0,8,0,7,7,8,0,0,5,2,5,7,8,9,3,8,2,5,6,3,9,6,8,7,0,9,3,5,2,5,3,3,6,6,11,8,0,10,7,6
4,10,10,10,10,11,2,6,3,5,2,9,9,0,8,6,2,6,2,3,9,11,8,8,0,7,9,4,4,6,7,7,4,4,8,8,10,4,0,11,6,6,11,4,7,5,7,0,9,11,2,10,3,3,3,11,4,8,6,9,8,10,7,7,11,8,11,9,5,8,5,10,9,11,5,4,2,9,7,10,3,4,4,0,4,10,11,8,11,11,0,8,4,4,5,4,5,10,10,0,10,2,3,4,2,4,4,10,10,8,2,9,2,8,8,9,2,2,6,3,6,8,9,10,4,9,3,6,7,4,10,7,9,8,2,10,4,6,3,6,4,4,7,7,0,9,2,11,8,7
5,11,11,11,11,0,3,7,4,6,3,10,10,2,9,7,3,7,3,4,10,0,9,9,2,8,10,5,5,7,8,8,5,5,9,9,11,5,2,0,7,7,0,5,8,6,8,2,10,0,3,11,4,4,4,0,5,9,7,10,9,11,8,8,0,9,0,10,6,9,6,11,10,0,6,5,3,10,8,11,4,5,5,2,5,11,0,9,0,0,2,9,5,5,6,5,6,11,11,2,11,3,4,5,3,5,5,11,11,9,3,10,3,9,9,10,3,3,7,4,7,9,10,11,5,10,4,7,8,5,11,8,10,9,3,11,5,7,4,7,5,5,8,8,2,10,3,0,9,8
6,0,0,0,0,2,4,8,5,7,4,11,11,3,10,8,4,8,4,5,11,2,10,10,3,9,11,6,6,8,9,9,6,6,10,10,0,6,3,2,8,8,2,6,9,7,9,3,11,2,4,0,5,5,5,2,6,10,8,11,10,0,9,9,2,10,2,11,7,10,7,0,11,2,7,6,4,11,9,0,5,6,6,3,6,0,2,10,2,2,3,10,6,6,7,6,7,0,0,3,0,4,5,6,4,6,6,0,0,10,4,11,4,10,10,11,4,4,8,5,8,10,11,0,6,11,5,8,9,6,0,9,11,10,4,0,6,8,5,8,6,6,9,9,3,11,4,2,10,9
7,2,2,2,2,3,5,9,6,8,5,0,0,4,11,9,5,9,5,6,0,3,11,11,4,10,0,7,7,9,10,10,7,7,11,11,2,7,4,3,9,9,3,7,10,8,10,4,0,3,5,2,6,6,6,3,7,11,9,0,11,2,10,10,3,11,3,0,8,11,8,2,0,3,8,7,5,0,10,2,6,7,7,4,7,2,3,11,3,3,4,11,7,7,8,7,8,2,2,4,2,5,6,7,5,7,7,2,2,11,5,0,5,11,11,0,5,5,9,6,9,11,0,2,7,0,6,9,10,7,2,10,0,11,5,2,7,9,6,9,7,7,10,10,4,0,5,3,11,10
8,3,3,3,3,4,6,10,7,9,6,2,2,5,0,10,6,10,6,7,2,4,0,0,5,11,2,8,8,10,11,11,8,8,0,0,3,8,5,4,10,10,4,8,11,9,11,5,2,4,6,3,7,7,7,4,8,0,10,2,0,3,11,11,4,0,4,2,9,0,9,3,2,4,9,8,6,2,11,3,7,8,8,5,8,3,4,0,4,4,5,0,8,8,9,8,9,3,3,5,3,6,7,8,6,8,8,3,3,0,6,2,6,0,0,2,6,6,10,7,10,0,2,3,8,2,7,10,11,8,3,11,2,0,6,3,8,10,7,10,8,8,11,11,5,2,6,4,0,11
9,4,4,4,4,5,7,11,8,10,7,3,3,6,2,11,7,11,7,8,3,5,2,2,6,0,3,9,9,11,0,0,9,9,2,2,4,9,6,5,11,11,5,9,0,10,0,6,3,5,7,4,8,8,8,5,9,2,11,3,2,4,0,0,5,2,5,3,10,2,10,4,3,5,10,9,7,3,0,4,8,9,9,6,9,4,5,2,5,5,6,2,9,9,10,9,10,4,4,6,4,7,8,9,7,9,9,4,4,2,7,3,7,2,2,3,7,7,11,8,11,2,3,4,9,3,8,11,0,9,4,0,3,2,7,4,9,11,8,11,9,9,0,0,6,3,7,5,2,0
10,5,5,5,5,6,8,0,9,11,8,4,4,7,3,0,8,0,8,9,4,6,3,3,7,2,4,10,10,0,2,2,10,10,3,3,5,10,7,6,0,0,6,10,2,11,2,7,4,6,8,5,9,9,9,6,10,3,0,4,3,5,2,2,6,3,6,4,11,3,11,5,4,6,11,10,8,4,2,5,9,10,10,7,10,5,6,3,6,6,7,3,10,10,11,10,11,5,5,7,5,8,9,10,8,10,10,5,5,3,8,4,8,3,3,4,8,8,0,9,0,3,4,5,10,4,9,0,2,10,5,2,4,3,8,5,10,0,9,0,10,10,2,2,7,4,8,6,3,2
11,6,6,6,6,7,9,2,10,0,9,5,5,8,4,2,9,2,9,10,5,7,4,4,8,3,5,11,11,2,3,3,11,11,4,4,6,11,8,7,2,2,7,11,3,0,3,8,5,7,9,6,10,10,10,7,11,4,2,5,4,6,3,3,7,4,7,5,0,4,0,6,5,7,0,11,9,5,3,6,10,11,11,8,11,6,7,4,7,7,8,4,11,11,0,11,0,6,6,8,6,9,10,11,9,11,11,6,6,4,9,5,9,4,4,5,9,9,2,10,2,4,5,6,11,5,10,2,3,11,6,3,5,4,9,6,11,2,10,2,11,11,3,3,8,5,9,7,4,3
0,7,7,7,7,8,10,3,11,2,10,6,6,9,5,3,10,3,10,11,6,8,5,5,9,4,6,0,0,3,4,4,0,0,5,5,7,0,9,8,3,3,8,0,4,2,4,9,6,8,10,7,11,11,11,8,0,5,3,6,5,7,4,4,8,5,8,6,2,5,2,7,6,8,2,0,10,6,4,7,11,0,0,9,0,7,8,5,8,8,9,5,0,0,2,0,2,7,7,9,7,10,11,0,10,0,0,7,7,5,10,6,10,5,5,6,10,10,3,11,3,5,6,7,0,6,11,3,4,0,7,4,6,5,10,7,0,3,11,3,0,0,4,4,9,6,10,8,5,4
2,8,8,8,8,9,11,4,0,3,11,7,7,10,6,4,11,4,11,0,7,9,6,6,10,5,7,2,2,4,5,5,2,2,6,6,8,2,10,9,4,4,9,2,5,3,5,10,7,9,11,8,0,0,0,9,2,6,4,7,6,8,5,5,9,6,9,7,3,6,3,8,7,9,3,2,11,7,5,8,0,2,2,10,2,8,9,6,9,9,10,6,2,2,3,2,3,8,8,10,8,11,0,2,11,2,2,8,8,6,11,7,11,6,6,7,11,11,4,0,4,6,7,8,2,7,0,4,5,2,8,5,7,6,11,8,2,4,0,4,2,2,5,5,10,7,11,9,6,5
3,9,9,9,9,10,0,5,2,4,0,8,8,11,7,5,0,5,0,2,8,10,7,7,11,6,8,3,3,5,6,6,3,3,7,7,9,3,11,10,5,5,10,3,6,4,6,11,8,10,0,9,2,2,2,10,3,7,5,8,7,9,6,6,10,7,10,8,4,7,4,9,8,10,4,3,0,8,6,9,2,3,3,11,3,9,10,7,10,10,11,7,3,3,4,3,4,9,9,11,9,0,2,3,0,3,3,9,9,7,0,8,0,7,7,8,0,0,5,2,5,7,8,9,3,8,2,5,6,3,9,6,8,7,0,9,3,5,2,5,3,3,6,6,11,8,0,10,7,6
4,10,10,10,10,11,2,6,3,5,2,9,9,0,8,6,2,6,2,3,9,11,8,8,0,7,9,4,4,6,7,7,4,4,8,8,10,4,0,11,6,6,11,4,7,5,7,0,9,11,2,10,3,3,3,11,4,8,6,9,8,10,7,7,11,8,11,9,5,8,5,10,9,11,5,4,2,9,7,10,3,4,4,0,4,10,11,8,11,11,0,8,4,4,5,4,5,10,10,0,10,2,3,4,2,4,4,10,10,8,2,9,2,8,8,9,2,2,6,3,6,8,9,10,4,9,3,6,7,4,10,7,9,8,2,10,4,6,3,6,4,4,7,7,0,9,2,11,8,7
5,11,11,11,11,0,3,7,4,6,3,10,10,2,9,7,3,7,3,4,10,0,9,9,2,8,10,5,5,7,8,8,5,5,9,9,11,5,2,0,7,7,0,5,8,6,8,2,10,0,3,11,4,4,4,0,5,9,7,10,9,11,8,8,0,9,0,10,6,9,6,11,10,0,6,5,3,10,8,11,4,5,5,2,5,11,0,9,0,0,2,9,5,5,6,5,6,11,11,2,11,3,4,5,3,5,5,11,11,9,3,10,3,9,9,10,3,3,7,4,7,9,10,11,5,10,4,7,8,5,11,8,10,9,3,11,5,7,4,7,5,5,8,8,2,10,3,0,9,8
6,0,0,0,0,2,4,8,5,7,4,11,11,3,10,8,4,8,4,5,11,2,10,10,3,9,11,6,6,8,9,9,6,6,10,10,0,6,3,2,8,8,2,6,9,7,9,3,11,2,4,0,5,5,5,2,6,10,8,11,10,0,9,9,2,10,2,11,7,10,7,0,11,2,7,6,4,11,9,0,5,6,6,3,6,0,2,10,2,2,3,10,6,6,7,6,7,0,0,3,0,4,5,6,4,6,6,0,0,10,4,11,4,10,10,11,4,4,8,5,8,10,11,0,6,11,5,8,9,6,0,9,11,10,4,0,6,8,5,8,6,6,9,9,3,11,4,2,10,9
7,2,2,2,2,3,5,9,6,8,5,0,0,4,11,9,5,9,5,6,0,3,11,11,4,10,0,7,7,9,10,10,7,7,11,11,2,7,4,3,9,9,3,7,10,8,10,4,0,3,5,2,6,6,6,3,7,11,9,0,11,2,10,10,3,11,3,0,8,11,8,2,0,3,8,7,5,0,10,2,6,7,7,4,7,2,3,11,3,3,4,11,7,7,8,7,8,2,2,4,2,5,6,7,5,7,7,2,2,11,5,0,5,11,11,0,5,5,9,6,9,11,0,2,7,0,6,9,10,7,2,10,0,11,5,2,7,9,6,9,7,7,10,10,4,0,5,3,11,10
8,3,3,3,3,4,6,10,7,9,6,2,2,5,0,10,6,10,6,7,2,4,0,0,5,11,2,8,8,10,11,11,8,8,0,0,3,8,5,4,10,10,4,8,11,9,11,5,2,4,6,3,7,7,7,4,8,0,10,2,0,3,11,11,4,0,4,2,9,0,9,3,2,4,9,8,6,2,11,3,7,8,8,5,8,3,4,0,4,4,5,0,8,8,9,8,9,3,3,5,3,6,7,8,6,8,8,3,3,0,6,2,6,0,0,2,6,6,10,7,10,0,2,3,8,2,7,10,11,8,3,11,2,0,6,3,8,10,7,10,8,8,11,11,5,2,6,4,0,11
9,4,4,4,4,5,7,11,8,10,7,3,3,6,2,11,7,11,7,8,3,5,2,2,6,0,3,9,9,11,0,0,9,9,2,2,4,9,6,5,11,11,5,9,0,10,0,6,3,5,7,4,8,8,8,5,9,2,11,3,2,4,0,0,5,2,5,3,10,2,10,4,3,5,10,9,7,3,0,4,8,9,9,6,9,4,5,2,5,5,6,2,9,9,10,9,10,4,4,6,4,7,8,9,7,9,9,4,4,2,7,3,7,2,2,3,7,7,11,8,11,2,3,4,9,3,8,11,0,9,4,0,3,2,7,4,9,11,8,11,9,9,0,0,6,3,7,5,2,0
10,5,5,5,5,6,8,0,9,11,8,4,4,7,3,0,8,0,8,9,4,6,3,3,7,2,4,10,10,0,2,2,10,10,3,3,5,10,7,6,0,0,6,10,2,11,2,7,4,6,8,5,9,9,9,6,10,3,0,4,3,5,2,2,6,3,6,4,11,3,11,5,4,6,11,10,8,4,2,5,9,10,10,7,10,5,6,3,6,6,7,3,10,10,11,10,11,5,5,7,5,8,9,10,8,10,10,5,5,3,8,4,8,3,3,4,8,8,0,9,0,3,4,5,10,4,9,0,2,10,5,2,4,3,8,5,10,0,9,0,10,10,2,2,7,4,8,6,3,2
11,6,6,6,6,7,9,2,10,0,9,5,5,8,4,2,9,2,9,10,5,7,4,4,8,3,5,11,11,2,3,3,11,11,4,4,6,11,8,7,2,2,7,11,3,0,3,8,5,7,9,6,10,10,10,7,11,4,2,5,4,6,3,3,7,4,7,5,0,4,0,6,5,7,0,11,9,5,3,6,10,11,11,8,11,6,7,4,7,7,8,4,11,11,0,11,0,6,6,8,6,9,10,11,9,11,11,6,6,4,9,5,9,4,4,5,9,9,2,10,2,4,5,6,11,5,10,2,3,11,6,3,5,4,9,6,11,2,10,2,11,11,3,3,8,5,9,7,4,3
0,7,7,7,7,8,10,3,11,2,10,6,6,9,5,3,10,3,10,11,6,8,5,5,9,4,6,0,0,3,4,4,0,0,5,5,7,0,9,8,3,3,8,0,4,2,4,9,6,8,10,7,11,11,11,8,0,5,3,6,5,7,4,4,8,5,8,6,2,5,2,7,6,8,2,0,10,6,4,7,11,0,0,9,0,7,8,5,8,8,9,5,0,0,2,0,2,7,7,9,7,10,11,0,10,0,0,7,7,5,10,6,10,5,5,6,10,10,3,11,3,5,6,7,0,6,11,3,4,0,7,4,6,5,10,7,0,3,11,3,0,0,4,4,9,6,10,8,5,4
2,8,8,8,8,9,11,4,0,3,11,7,7,10,6,4,11,4,11,0,7,9,6,6,10,5,7,2,2,4,5,5,2,2,6,6,8,2,10,9,4,4,9,2,5,3,5,10,7,9,11,8,0,0,0,9,2,6,4,7,6,8,5,5,9,6,9,7,3,6,3,8,7,9,3,2,11,7,5,8,0,2,2,10,2,8,9,6,9,9,10,6,2,2,3,2,3,8,8,10,8,11,0,2,11,2,2,8,8,6,11,7,11,6,6,7,11,11,4,0,4,6,7,8,2,7,0,4,5,2,8,5,7,6,11,8,2,4,0,4,2,2,5,5,10,7,11,9,6,5
3,9,9,9,9,10,0,5,2,4,0,8,8,11,7,5,0,5,0,2,8,10,7,7,11,6,8,3,3,5,6,6,3,3,7,7,9,3,11,10,5,5,10,3,6,4,6,11,8,10,0,9,2,2,2,10,3,7,5,8,7,9,6,6,10,7,10,8,4,7,4,9,8,10,4,3,0,8,6,9,2,3,3,11,3,9,10,7,10,10,11,7,3,3,4,3,4,9,9,11,9,0,2,3,0,3,3,9,9,7,0,8,0,7,7,8,0,0,5,2,5,7,8,9,3,8,2,5,6,3,9,6,8,7,0,9,3,5,2,5,3,3,6,6,11,8,0,10,7,6
4,10,10,10,10,11,2,6,3,5,2,9,9,0,8,6,2,6,2,3,9,11,8,8,0,7,9,4,4,6,7,7,4,4,8,8,10,4,0,11,6,6,11,4,7,5,7,0,9,11,2,10,3,3,3,11,4,8,6,9,8,10,7,7,11,8,11,9,5,8,5,10,9,11,5,4,2,9,7,10,3,4,4,0,4,10,11,8,11,11,0,8,4,4,5,4,5,10,10,0,10,2,3,4,2,4,4,10,10,8,2,9,2,8,8,9,2,2,6,3,6,8,9,10,4,9,3,6,7,4,10,7,9,8,2,10,4,6,3,6,4,4,7,7,0,9,2,11,8,7
5,11,11,11,11,0,3,7,4,6,3,10,10,2,9,7,3,7,3,4,10,0,9,9,2,8,10,5,5,7,8,8,5,5,9,9,11,5,2,0,7,7,0,5,8,6,8,2,10,0,3,11,4,4,4,0,5,9,7,10,9,11,8,8,0,9,0,10,6,9,6,11,10,0,6,5,3,10,8,11,4,5,5,2,5,11,0,9,0,0,2,9,5,5,6,5,6,11,11,2,11,3,4,5,3,5,5,11,11,9,3,10,3,9,9,10,3,3,7,4,7,9,10,11,5,10,4,7,8,5,11,8,10,9,3,11,5,7,4,7,5,5,8,8,2,10,3,0,9,8
6,0,0,0,0,2,4,8,5,7,4,11,11,3,10,8,4,8,4,5,11,2,10,10,3,9,11,6,6,8,9,9,6,6,10,10,0,6,3,2,8,8,2,6,9,7,9,3,11,2,4,0,5,5,5,2,6,10,8,11,10,0,9,9,2,10,2,11,7,10,7,0,11,2,7,6,4,11,9,0,5,6,6,3,6,0,2,10,2,2,3,10,6,6,7,6,7,0,0,3,0,4,5,6,4,6,6,0,0,10,4,11,4,10,10,11,4,4,8,5,8,10,11,0,6,11,5,8,9,6,0,9,11,10,4,0,6,8,5,8,6,6,9,9,3,11,4,2,10,9
7,2,2,2,2,3,5,9,6,8,5,0,0,4,11,9,5,9,5,6,0,3,11,11,4,10,0,7,7,9,10,10,7,7,11,11,2,7,4,3,9,9,3,7,10,8,10,4,0,3,5,2,6,6,6,3,7,11,9,0,11,2,10,10,3,11,3,0,8,11,8,2,0,3,8,7,5,0,10,2,6,7,7,4,7,2,3,11,3,3,4,11,7,7,8,7,8,2,2,4,2,5,6,7,5,7,7,2,2,11,5,0,5,11,11,0,5,5,9,6,9,11,0,2,7,0,6,9,10,7,2,10,0,11,5,2,7,9,6,9,7,7,10,10,4,0,5,3,11,10
8,3,3,3,3,4,6,10,7,9,6,2,2,5,0,10,6,10,6,7,2,4,0,0,5,11,2,8,8,10,11,11,8,8,0,0,3,8,5,4,10,10,4,8,11,9,11,5,2,4,6,3,7,7,7,4,8,0,10,2,0,3,11,11,4,0,4,2,9,0,9,3,2,4,9,8,6,2,11,3,7,8,8,5,8,3,4,0,4,4,5,0,8,8,9,8,9,3,3,5,3,6,7,8,6,8,8,3,3,0,6,2,6,0,0,2,6,6,10,7,10,0,2,3,8,2,7,10,11,8,3,11,2,0,6,3,8,10,7,10,8,8,11,11,5,2,6,4,0,11
9,4,4,4,4,5,7,11,8,10,7,3,3,6,2,11,7,11,7,8,3,5,2,2,6,0,3,9,9,11,0,0,9,9,2,2,4,9,6,5,11,11,5,9,0,10,0,6,3,5,7,4,8,8,8,5,9,2,11,3,2,4,0,0,5,2,5,3,10,2,10,4,3,5,10,9,7,3,0,4,8,9,9,6,9,4,5,2,5,5,6,2,9,9,10,9,10,4,4,6,4,7,8,9,7,9,9,4,4,2,7,3,7,2,2,3,7,7,11,8,11,2,3,4,9,3,8,11,0,9,4,0,3,2,7,4,9,11,8,11,9,9,0,0,6,3,7,5,2,0
10,5,5,5,5,6,8,0,9,11,8,4,4,7,3,0,8,0,8,9,4,6,3,3,7,2,4,10,10,0,2,2,10,10,3,3,5,10,7,6,0,0,6,10,2,11,2,7,4,6,8,5,9,9,9,6,10,3,0,4,3,5,2,2,6,3,6,4,11,3,11,5,4,6,11,10,8,4,2,5,9,10,10,7,10,5,6,3,6,6,7,3,10,10,11,10,11,5,5,7,5,8,9,10,8,10,10,5,5,3,8,4,8,3,3,4,8,8,0,9,0,3,4,5,10,4,9,0,2,10,5,2,4,3,8,5,10,0,9,0,10,10,2,2,7,4,8,6,3,2
11,6,6,6,6,7,9,2,10,0,9,5,5,8,4,2,9,2,9,10,5,7,4,4,8,3,5,11,11,2,3,3,11,11,4,4,6,11,8,7,2,2,7,11,3,0,3,8,5,7,9,6,10,10,10,7,11,4,2,5,4,6,3,3,7,4,7,5,0,4,0,6,5,7,0,11,9,5,3,6,10,11,11,8,11,6,7,4,7,7,8,4,11,11,0,11,0,6,6,8,6,9,10,11,9,11,11,6,6,4,9,5,9,4,4,5,9,9,2,10,2,4,5,6,11,5,10,2,3,11,6,3,5,4,9,6,11,2,10,2,11,11,3,3,8,5,9,7,4,3
0,7,7,7,7,8,10,3,11,2,10,6,6,9,5,3,10,3,10,11,6,8,5,5,9,4,6,0,0,3,4,4,0,0,5,5,7,0,9,8,3,3,8,0,4,2,4,9,6,8,10,7,11,11,11,8,0,5,3,6,5,7,4,4,8,5,8,6,2,5,2,7,6,8,2,0,10,6,4,7,11,0,0,9,0,7,8,5,8,8,9,5,0,0,2,0,2,7,7,9,7,10,11,0,10,0,0,7,7,5,10,6,10,5,5,6,10,10,3,11,3,5,6,7,0,6,11,3,4,0,7,4,6,5,10,7,0,3,11,3,0,0,4,4,9,6,10,8,5,4
2,8,8,8,8,9,11,4,0,3,11,7,7,10,6,4,11,4,11,0,7,9,6,6,10,5,7,2,2,4,5,5,2,2,6,6,8,2,10,9,4,4,9,2,5,3,5,10,7,9,11,8,0,0,0,9,2,6,4,7,6,8,5,5,9,6,9,7,3,6,3,8,7,9,3,2,11,7,5,8,0,2,2,10,2,8,9,6,9,9,10,6,2,2,3,2,3,8,8,10,8,11,0,2,11,2,2,8,8,6,11,7,11,6,6,7,11,11,4,0,4,6,7,8,2,7,0,4,5,2,8,5,7,6,11,8,2,4,0,4,2,2,5,5,10,7,11,9,6,5
3,9,9,9,9,10,0,5,2,4,0,8,8,11,7,5,0,5,0,2,8,10,7,7,11,6,8,3,3,5,6,6,3,3,7,7,9,3,11,10,5,5,10,3,6,4,6,11,8,10,0,9,2,2,2,10,3,7,5,8,7,9,6,6,10,7,10,8,4,7,4,9,8,10,4,3,0,8,6,9,2,3,3,11,3,9,10,7,10,10,11,7,3,3,4,3,4,9,9,11,9,0,2,3,0,3,3,9,9,7,0,8,0,7,7,8,0,0,5,2,5,7,8,9,3,8,2,5,6,3,9,6,8,7,0,9,3,5,2,5,3,3,6,6,11,8,0,10,7,6
4,10,10,10,10,11,2,6,3,5,2,9,9,0,8,6,2,6,2,3,9,11,8,8,0,7,9,4,4,6,7,7,4,4,8,8,10,4,0,11,6,6,11,4,7,5,7,0,9,11,2,10,3,3,3,11,4,8,6,9,8,10,7,7,11,8,11,9,5,8,5,10,9,11,5,4,2,9,7,10,3,4,4,0,4,10,11,8,11,11,0,8,4,4,5,4,5,10,10,0,10,2,3,4,2,4,4,10,10,8,2,9,2,8,8,9,2,2,6,3,6,8,9,10,4,9,3,6,7,4,10,7,9,8,2,10,4,6,3,6,4,4,7,7,0,9,2,11,8,7
5,11,11,11,11,0,3,7,4,6,3,10,10,2,9,7,3,7,3,4,10,0,9,9,2,8,10,5,5,7,8,8,5,5,9,9,11,5,2,0,7,7,0,5,8,6,8,2,10,0,3,11,4,4,4,0,5,9,7,10,9,11,8,8,0,9,0,10,6,9,6,11,10,0,6,5,3,10,8,11,4,5,5,2,5,11,0,9,0,0,2,9,5,5,6,5,6,11,11,2,11,3,4,5,3,5,5,11,11,9,3,10,3,9,9,10,3,3,7,4,7,9,10,11,5,10,4,7,8,5,11,8,10,9,3,11,5,7,4,7,5,5,8,8,2,10,3,0,9,8
6,0,0,0,0,2,4,8,5,7,4,11,11,3,10,8,4,8,4,5,11,2,10,10,3,9,11,6,6,8,9,9,6,6,10,10,0,6,3,2,8,8,2,6,9,7,9,3,11,2,4,0,5,5,5,2,6,10,8,11,10,0,9,9,2,10,2,11,7,10,7,0,11,2,7,6,4,11,9,0,5,6,6,3,6,0,2,10,2,2,3,10,6,6,7,6,7,0,0,3,0,4,5,6,4,6,6,0,0,10,4,11,4,10,10,11,4,4,8,5,8,10,11,0,6,11,5,8,9,6,0,9,11,10,4,0,6,8,5,8,6,6,9,9,3,11,4,2,10,9
7,2,2,2,2,3,5,9,6,8,5,0,0,4,11,9,5,9,5,6,0,3,11,11,4,10,0,7,7,9,10,10,7,7,11,11,2,7,4,3,9,9,3,7,10,8,10,4,0,3,5,2,6,6,6,3,7,11,9,0,11,2,10,10,3,11,3,0,8,11,8,2,0,3,8,7,5,0,10,2,6,7,7,4,7,2,3,11,3,3,4,11,7,7,8,7,8,2,2,4,2,5,6,7,5,7,7,2,2,11,5,0,5,11,11,0,5,5,9,6,9,11,0,2,7,0,6,9,10,7,2,10,0,11,5,2,7,9,6,9,7,7,10,10,4,0,5,3,11,10
8,3,3,3,3,4,6,10,7,9,6,2,2,5,0,10,6,10,6,7,2,4,0,0,5,11,2,8,8,10,11,11,8,8,0,0,3,8,5,4,10,10,4,8,11,9,11,5,2,4,6,3,7,7,7,4,8,0,10,2,0,3,11,11,4,0,4,2,9,0,9,3,2,4,9,8,6,2,11,3,7,8,8,5,8,3,4,0,4,4,5,0,8,8,9,8,9,3,3,5,3,6,7,8,6,8,8,3,3,0,6,2,6,0,0,2,6,6,10,7,10,0,2,3,8,2,7,10,11,8,3,11,2,0,6,3,8,10,7,10,8,8,11,11,5,2,6,4,0,11
9,4,4,4,4,5,7,11,8,10,7,3,3,6,2,11,7,11,7,8,3,5,2,2,6,0,3,9,9,11,0,0,9,9,2,2,4,9,6,5,11,11,5,9,0,10,0,6,3,5,7,4,8,8,8,5,9,2,11,3,2,4,0,0,5,2,5,3,10,2,10,4,3,5,10,9,7,3,0,4,8,9,9,6,9,4,5,2,5,5,6,2,9,9,10,9,10,4,4,6,4,7,8,9,7,9,9,4,4,2,7,3,7,2,2,3,7,7,11,8,11,2,3,4,9,3,8,11,0,9,4,0,3,2,7,4,9,11,8,11,9,9,0,0,6,3,7,5,2,0
10,5,5,5,5,6,8,0,9,11,8,4,4,7,3,0,8,0,8,9,4,6,3,3,7,2,4,10,10,0,2,2,10,10,3,3,5,10,7,6,0,0,6,10,2,11,2,7,4,6,8,5,9,9,9,6,10,3,0,4,3,5,2,2,6,3,6,4,11,3,11,5,4,6,11,10,8,4,2,5,9,10,10,7,10,5,6,3,6,6,7,3,10,10,11,10,11,5,5,7,5,8,9,10,8,10,10,5,5,3,8,4,8,3,3,4,8,8,0,9,0,3,4,5,10,4,9,0,2,10,5,2,4,3,8,5,10,0,9,0,10,10,2,2,7,4,8,6,3,2
11,6,6,6,6,7,9,2,10,0,9,5,5,8,4,2,9,2,9,10,5,7,4,4,8,3,5,11,11,2,3,3,11,11,4,4,6,11,8,7,2,2,7,11,3,0,3,8,5,7,9,6,10,10,10,7,11,4,2,5,4,6,3,3,7,4,7,5,0,4,0,6,5,7,0,11,9,5,3,6,10,11,11,8,11,6,7,4,7,7,8,4,11,11,0,11,0,6,6,8,6,9,10,11,9,11,11,6,6,4,9,5,9,4,4,5,9,9,2,10,2,4,5,6,11,5,10,2,3,11,6,3,5,4,9,6,11,2,10,2,11,11,3,3,8,5,9,7,4,3
0,7,7,7,7,8,10,3,11,2,10,6,6,9,5,3,10,3,10,11,6,8,5,5,9,4,6,0,0,3,4,4,0,0,5,5,7,0,9,8,3,3,8,0,4,2,4,9,6,8,10,7,11,11,11,8,0,5,3,6,5,7,4,4,8,5,8,6,2,5,2,7,6,8,2,0,10,6,4,7,11,0,0,9,0,7,8,5,8,8,9,5,0,0,2,0,2,7,7,9,7,10,11,0,10,0,0,7,7,5,10,6,10,5,5,6,10,10,3,11,3,5,6,7,0,6,11,3,4,0,7,4,6,5,10,7,0,3,11,3,0,0,4,4,9,6,10,8,5,4
2,8,8,8,8,9,11,4,0,3,11,7,7,10,6,4,11,4,11,0,7,9,6,6,10,5,7,2,2,4,5,5,2,2,6,6,8,2,10,9,4,4,9,2,5,3,5,10,7,9,11,8,0,0,0,9,2,6,4,7,6,8,5,5,9,6,9,7,3,6,3,8,7,9,3,2,11,7,5,8,0,2,2,10,2,8,9,6,9,9,10,6,2,2,3,2,3,8,8,10,8,11,0,2,11,2,2,8,8,6,11,7,11,6,6,7,11,11,4,0,4,6,7,8,2,7,0,4,5,2,8,5,7,6,11,8,2,4,0,4,2,2,5,5,10,7,11,9,6,5
3,9,9,9,9,10,0,5,2,4,0,8,8,11,7,5,0,5,0,2,8,10,7,7,11,6,8,3,3,5,6,6,3,3,7,7,9,3,11,10,5,5,10,3,6,4,6,11,8,10,0,9,2,2,2,10,3,7,5,8,7,9,6,6,10,7,10,8,4,7,4,9,8,10,4,3,0,8,6,9,2,3,3,11,3,9,10,7,10,10,11,7,3,3,4,3,4,9,9,11,9,0,2,3,0,3,3,9,9,7,0,8,0,7,7,8,0,0,5,2,5,7,8,9,3,8,2,5,6,3,9,6,8,7,0,9,3,5,2,5,3,3,6,6,11,8,0,10,7,6
4,10,10,10,10,11,2,6,3,5,2,9,9,0,8,6,2,6,2,3,9,11,8,8,0,7,9,4,4,6,7,7,4,4,8,8,10,4,0,11,6,6,11,4,7,5,7,0,9,11,2,10,3,3,3,11,4,8,6,9,8,10,7,7,11,8,11,9,5,8,5,10,9,11,5,4,2,9,7,10,3,4,4,0,4,10,11,8,11,11,0,8,4,4,5,4,5,10,10,0,10,2,3,4,2,4,4,10,10,8,2,9,2,8,8,9,2,2,6,3,6,8,9,10,4,9,3,6,7,4,10,7,9,8,2,10,4,6,3,6,4,4,7,7,0,9,2,11,8,7
5,11,11,11,11,0,3,7,4,6,3,10,10,2,9,7,3,7,3,4,10,0,9,9,2,8,10,5,5,7,8,8,5,5,9,9,11,5,2,0,7,7,0,5,8,6,8,2,10,0,3,11,4,4,4,0,5,9,7,10,9,11,8,8,0,9,0,10,6,9,6,11,10,0,6,5,3,10,8,11,4,5,5,2,5,11,0,9,0,0,2,9,5,5,6,5,6,11,11,2,11,3,4,5,3,5,5,11,11,9,3,10,3,9,9,10,3,3,7,4,7,9,10,11,5,10,4,7,8,5,11,8,10,9,3,11,5,7,4,7,5,5,8,8,2,10,3,0,9,8
6,0,0,0,0,2,4,8,5,7,4,11,11,3,10,8,4,8,4,5,11,2,10,10,3,9,11,6,6,8,9,9,6,6,10,10,0,6,3,2,8,8,2,6,9,7,9,3,11,2,4,0,5,5,5,2,6,10,8,11,10,0,9,9,2,10,2,11,7,10,7,0,11,2,7,6,4,11,9,0,5,6,6,3,6,0,2,10,2,2,3,10,6,6,7,6,7,0,0,3,0,4,5,6,4,6,6,0,0,10,4,11,4,10,10,11,4,4,8,5,8,10,11,0,6,11,5,8,9,6,0,9,11,10,4,0,6,8,5,8,6,6,9,9,3,11,4,2,10,9
7,2,2,2,2,3,5,9,6,8,5,0,0,4,11,9,5,9,5,6,0,3,11,11,4,10,0,7,7,9,10,10,7,7,11,11,2,7,4,3,9,9,3,7,10,8,10,4,0,3,5,2,6,6,6,3,7,11,9,0,11,2,10,10,3,11,3,0,8,11,8,2,0,3,8,7,5,0,10,2,6,7,7,4,7,2,3,11,3,3,4,11,7,7,8,7,8,2,2,4,2,5,6,7,5,7,7,2,2,11,5,0,5,11,11,0,5,5,9,6,9,11,0,2,7,0,6,9,10,7,2,10,0,11,5,2,7,9,6,9,7,7,10,10,4,0,5,3,11,10
8,3,3,3,3,4,6,10,7,9,6,2,2,5,0,10,6,10,6,7,2,4,0,0,5,11,2,8,8,10,11,11,8,8,0,0,3,8,5,4,10,10,4,8,11,9,11,5,2,4,6,3,7,7,7,4,8,0,10,2,0,3,11,11,4,0,4,2,9,0,9,3,2,4,9,8,6,2,11,3,7,8,8,5,8,3,4,0,4,4,5,0,8,8,9,8,9,3,3,5,3,6,7,8,6,8,8,3,3,0,6,2,6,0,0,2,6,6,10,7,10,0,2,3,8,2,7,10,11,8,3,11,2,0,6,3,8,10,7,10,8,8,11,11,5,2,6,4,0,11
9,4,4,4,4,5,7,11,8,10,7,3,3,6,2,11,7,11,7,8,3,5,2,2,6,0,3,9,9,11,0,0,9,9,2,2,4,9,6,5,11,11,5,9,0,10,0,6,3,5,7,4,8,8,8,5,9,2,11,3,2,4,0,0,5,2,5,3,10,2,10,4,3,5,10,9,7,3,0,4,8,9,9,6,9,4,5,2,5,5,6,2,9,9,10,9,10,4,4,6,4,7,8,9,7,9,9,4,4,2,7,3,7,2,2,3,7,7,11,8,11,2,3,4,9,3,8,11,0,9,4,0,3,2,7,4,9,11,8,11,9,9,0,0,6,3,7,5,2,0
10,5,5,5,5,6,8,0,9,11,8,4,4,7,3,0,8,0,8,9,4,6,3,3,7,2,4,10,10,0,2,2,10,10,3,3,5,10,7,6,0,0,6,10,2,11,2,7,4,6,8,5,9,9,9,6,10,3,0,4,3,5,2,2,6,3,6,4,11,3,11,5,4,6,11,10,8,4,2,5,9,10,10,7,10,5,6,3,6,6,7,3,10,10,11,10,11,5,5,7,5,8,9,10,8,10,10,5,5,3,8,4,8,3,3,4,8,8,0,9,0,3,4,5,10,4,9,0,2,10,5,2,4,3,8,5,10,0,9,0,10,10,2,2,7,4,8,6,3,2
11,6,6,6,6,7,9,2,10,0,9,5,5,8,4,2,9,2,9,10,5,7,4,4,8,3,5,11,11,2,3,3,11,11,4,4,6,11,8,7,2,2,7,11,3,0,3,8,5,7,9,6,10,10,10,7,11,4,2,5,4,6,3,3,7,4,7,5,0,4,0,6,5,7,0,11,9,5,3,6,10,11,11,8,11,6,7,4,7,7,8,4,11,11,0,11,0,6,6,8,6,9,10,11,9,11,11,6,6,4,9,5,9,4,4,5,9,9,2,10,2,4,5,6,11,5,10,2,3,11,6,3,5,4,9,6,11,2,10,2,11,11,3,3,8,5,9,7,4,3
0,7,7,7,7,8,10,3,11,2,10,6,6,9,5,3,10,3,10,11,6,8,5,5,9,4,6,0,0,3,4,4,0,0,5,5,7,0,9,8,3,3,8,0,4,2,4,9,6,8,10,7,11,11,11,8,0,5,3,6,5,7,4,4,8,5,8,6,2,5,2,7,6,8,2,0,10,6,4,7,11,0,0,9,0,7,8,5,8,8,9,5,0,0,2,0,2,7,7,9,7,10,11,0,10,0,0,7,7,5,10,6,10,5,5,6,10,10,3,11,3,5,6,7,0,6,11,3,4,0,7,4,6,5,10,7,0,3,11,3,0,0,4,4,9,6,10,8,5,4
2,8,8,8,8,9,11,4,0,3,11,7,7,10,6,4,11,4,11,0,7,9,6,6,10,5,7,2,2,4,5,5,2,2,6,6,8,2,10,9,4,4,9,2,5,3,5,10,7,9,11,8,0,0,0,9,2,6,4,7,6,8,5,5,9,6,9,7,3,6,3,8,7,9,3,2,11,7,5,8,0,2,2,10,2,8,9,6,9,9,10,6,2,2,3,2,3,8,8,10,8,11,0,2,11,2,2,8,8,6,11,7,11,6,6,7,11,11,4,0,4,6,7,8,2,7,0,4,5,2,8,5,7,6,11,8,2,4,0,4,2,2,5,5,10,7,11,9,6,5
3,9,9,9,9,10,0,5,2,4,0,8,8,11,7,5,0,5,0,2,8,10,7,7,11,6,8,3,3,5,6,6,3,3,7,7,9,3,11,10,5,5,10,3,6,4,6,11,8,10,0,9,2,2,2,10,3,7,5,8,7,9,6,6,10,7,10,8,4,7,4,9,8,10,4,3,0,8,6,9,2,3,3,11,3,9,10,7,10,10,11,7,3,3,4,3,4,9,9,11,9,0,2,3,0,3,3,9,9,7,0,8,0,7,7,8,0,0,5,2,5,7,8,9,3,8,2,5,6,3,9,6,8,7,0,9,3,5,2,5,3,3,6,6,11,8,0,10,7,6
4,10,10,10,10,11,2,6,3,5,2,9,9,0,8,6,2,6,2,3,9,11,8,8,0,7,9,4,4,6,7,7,4,4,8,8,10,4,0,11,6,6,11,4,7,5,7,0,9,11,2,10,3,3,3,11,4,8,6,9,8,10,7,7,11,8,11,9,5,8,5,10,9,11,5,4,2,9,7,10,3,4,4,0,4,10,11,8,11,11,0,8,4,4,5,4,5,10,10,0,10,2,3,4,2,4,4,10,10,8,2,9,2,8,8,9,2,2,6,3,6,8,9,10,4,9,3,6,7,4,10,7,9,8,2,10,4,6,3,6,4,4,7,7,0,9,2,11,8,7
5,11,11,11,11,0,3,7,4,6,3,10,10,2,9,7,3,7,3,4,10,0,9,9,2,8,10,5,5,7,8,8,5,5,9,9,11,5,2,0,7,7,0,5,8,6,8,2,10,0,3,11,4,4,4,0,5,9,7,10,9,11,8,8,0,9,0,10,6,9,6,11,10,0,6,5,3,10,8,11,4,5,5,2,5,11,0,9,0,0,2,9,5,5,6,5,6,11,11,2,11,3,4,5,3,5,5,11,11,9,3,10,3,9,9,10,3,3,7,4,7,9,10,11,5,10,4,7,8,5,11,8,10,9,3,11,5,7,4,7,5,5,8,8,2,10,3,0,9,8
6,0,0,0,0,2,4,8,5,7,4,11,11,3,10,8,4,8,4,5,11,2,10,10,3,9,11,6,6,8,9,9,6,6,10,10,0,6,3,2,8,8,2,6,9,7,9,3,11,2,4,0,5,5,5,2,6,10,8,11,10,0,9,9,2,10,2,11,7,10,7,0,11,2,7,6,4,11,9,0,5,6,6,3,6,0,2,10,2,2,3,10,6,6,7,6,7,0,0,3,0,4,5,6,4,6,6,0,0,10,4,11,4,10,10,11,4,4,8,5,8,10,11,0,6,11,5,8,9,6,0,9,11,10,4,0,6,8,5,8,6,6,9,9,3,11,4,2,10,9
7,2,2,2,2,3,5,9,6,8,5,0,0,4,11,9,5,9,5,6,0,3,11,11,4,10,0,7,7,9,10,10,7,7,11,11,2,7,4,3,9,9,3,7,10,8,10,4,0,3,5,2,6,6,6,3,7,11,9,0,11,2,10,10,3,11,3,0,8,11,8,2,0,3,8,7,5,0,10,2,6,7,7,4,7,2,3,11,3,3,4,11,7,7,8,7,8,2,2,4,2,5,6,7,5,7,7,2,2,11,5,0,5,11,11,0,5,5,9,6,9,11,0,2,7,0,6,9,10,7,2,10,0,11,5,2,7,9,6,9,7,7,10,10,4,0,5,3,11,10
8,3,3,3,3,4,6,10,7,9,6,2,2,5,0,10,6,10,6,7,2,4,0,0,5,11,2,8,8,10,11,11,8,8,0,0,3,8,5,4,10,10,4,8,11,9,11,5,2,4,6,3,7,7,7,4,8,0,10,2,0,3,11,11,4,0,4,2,9,0,9,3,2,4,9,8,6,2,11,3,7,8,8,5,8,3,4,0,4,4,5,0,8,8,9,8,9,3,3,5,3,6,7,8,6,8,8,3,3,0,6,2,6,0,0,2,6,6,10,7,10,0,2,3,8,2,7,10,11,8,3,11,2,0,6,3,8,10,7,10,8,8,11,11,5,2,6,4,0,11
9,4,4,4,4,5,7,11,8,10,7,3,3,6,2,11,7,11,7,8,3,5,2,2,6,0,3,9,9,11,0,0,9,9,2,2,4,9,6,5,11,11,5,9,0,10,0,6,3,5,7,4,8,8,8,5,9,2,11,3,2,4,0,0,5,2,5,3,10,2,10,4,3,5,10,9,7,3,0,4,8,9,9,6,9,4,5,2,5,5,6,2,9,9,10,9,10,4,4,6,4,7,8,9,7,9,9,4,4,2,7,3,7,2,2,3,7,7,11,8,11,2,3,4,9,3,8,11,0,9,4,0,3,2,7,4,9,11,8,11,9,9,0,0,6,3,7,5,2,0
10,5,5,5,5,6,8,0,9,11,8,4,4,7,3,0,8,0,8,9,4,6,3,3,7,2,4,10,10,0,2,2,10,10,3,3,5,10,7,6,0,0,6,10,2,11,2,7,4,6,8,5,9,9,9,6,10,3,0,4,3,5,2,2,6,3,6,4,11,3,11,5,4,6,11,10,8,4,2,5,9,10,10,7,10,5,6,3,6,6,7,3,10,10,11,10,11,5,5,7,5,8,9,10,8,10,10,5,5,3,8,4,8,3,3,4,8,8,0,9,0,3,4,5,10,4,9,0,2,10,5,2,4,3,8,5,10,0,9,0,10,10,2,2,7,4,8,6,3,2
11,6,6,6,6,7,9,2,10,0,9,5,5,8,4,2,9,2,9,10,5,7,4,4,8,3,5,11,11,2,3,3,11,11,4,4,6,11,8,7,2,2,7,11,3,0,3,8,5,7,9,6,10,10,10,7,11,4,2,5,4,6,3,3,7,4,7,5,0,4,0,6,5,7,0,11,9,5,3,6,10,11,11,8,11,6,7,4,7,7,8,4,11,11,0,11,0,6,6,8,6,9,10,11,9,11,11,6,6,4,9,5,9,4,4,5,9,9,2,10,2,4,5,6,11,5,10,2,3,11,6,3,5,4,9,6,11,2,10,2,11,11,3,3,8,5,9,7,4,3
0,7,7,7,7,8,10,3,11,2,10,6,6,9,5,3,10,3,10,11,6,8,5,5,9,4,6,0,0,3,4,4,0,0,5,5,7,0,9,8,3,3,8,0,4,2,4,9,6,8,10,7,11,11,11,8,0,5,3,6,5,7,4,4,8,5,8,6,2,5,2,7,6,8,2,0,10,6,4,7,11,0,0,9,0,7,8,5,8,8,9,5,0,0,2,0,2,7,7,9,7,10,11,0,10,0,0,7,7,5,10,6,10,5,5,6,10,10,3,11,3,5,6,7,0,6,11,3,4,0,7,4,6,5,10,7,0,3,11,3,0,0,4,4,9,6,10,8,5,4
2,8,8,8,8,9,11,4,0,3,11,7,7,10,6,4,11,4,11,0,7,9,6,6,10,5,7,2,2,4,5,5,2,2,6,6,8,2,10,9,4,4,9,2,5,3,5,10,7,9,11,8,0,0,0,9,2,6,4,7,6,8,5,5,9,6,9,7,3,6,3,8,7,9,3,2,11,7,5,8,0,2,2,10,2,8,9,6,9,9,10,6,2,2,3,2,3,8,8,10,8,11,0,2,11,2,2,8,8,6,11,7,11,6,6,7,11,11,4,0,4,6,7,8,2,7,0,4,5,2,8,5,7,6,11,8,2,4,0,4,2,2,5,5,10,7,11,9,6,5
3,9,9,9,9,10,0,5,2,4,0,8,8,11,7,5,0,5,0,2,8,10,7,7,11,6,8,3,3,5,6,6,3,3,7,7,9,3,11,10,5,5,10,3,6,4,6,11,8,10,0,9,2,2,2,10,3,7,5,8,7,9,6,6,10,7,10,8,4,7,4,9,8,10,4,3,0,8,6,9,2,3,3,11,3,9,10,7,10,10,11,7,3,3,4,3,4,9,9,11,9,0,2,3,0,3,3,9,9,7,0,8,0,7,7,8,0,0,5,2,5,7,8,9,3,8,2,5,6,3,9,6,8,7,0,9,3,5,2,5,3,3,6,6,11,8,0,10,7,6
4,10,10,10,10,11,2,6,3,5,2,9,9,0,8,6,2,6,2,3,9,11,8,8,0,7,9,4,4,6,7,7,4,4,8,8,10,4,0,11,6,6,11,4,7,5,7,0,9,11,2,10,3,3,3,11,4,8,6,9,8,10,7,7,11,8,11,9,5,8,5,10,9,11,5,4,2,9,7,10,3,4,4,0,4,10,11,8,11,11,0,8,4,4,5,4,5,10,10,0,10,2,3,4,2,4,4,10,10,8,2,9,2,8,8,9,2,2,6,3,6,8,9,10,4,9,3,6,7,4,10,7,9,8,2,10,4,6,3,6,4,4,7,7,0,9,2,11,8,7
5,11,11,11,11,0,3,7,4,6,3,10,10,2,9,7,3,7,3,4,10,0,9,9,2,8,10,5,5,7,8,8,5,5,9,9,11,5,2,0,7,7,0,5,8,6,8,2,10,0,3,11,4,4,4,0,5,9,7,10,9,11,8,8,0,9,0,10,6,9,6,11,10,0,6,5,3,10,8,11,4,5,5,2,5,11,0,9,0,0,2,9,5,5,6,5,6,11,11,2,11,3,4,5,3,5,5,11,11,9,3,10,3,9,9,10,3,3,7,4,7,9,10,11,5,10,4,7,8,5,11,8,10,9,3,11,5,7,4,7,5,5,8,8,2,10,3,0,9,8
6,0,0,0,0,2,4,8,5,7,4,11,11,3,10,8,4,8,4,5,11,2,10,10,3,9,11,6,6,8,9,9,6,6,10,10,0,6,3,2,8,8,2,6,9,7,9,3,11,2,4,0,5,5,5,2,6,10,8,11,10,0,9,9,2,10,2,11,7,10,7,0,11,2,7,6,4,11,9,0,5,6,6,3,6,0,2,10,2,2,3,10,6,6,7,6,7,0,0,3,0,4,5,6,4,6,6,0,0,10,4,11,4,10,10,11,4,4,8,5,8,10,11,0,6,11,5,8,9,6,0,9,11,10,4,0,6,8,5,8,6,6,9,9,3,11,4,2,10,9
7,2,2,2,2,3,5,9,6,8,5,0,0,4,11,9,5,9,5,6,0,3,11,11,4,10,0,7,7,9,10,10,7,7,11,11,2,7,4,3,9,9,3,7,10,8,10,4,0,3,5,2,6,6,6,3,7,11,9,0,11,2,10,10,3,11,3,0,8,11,8,2,0,3,8,7,5,0,10,2,6,7,7,4,7,2,3,11,3,3,4,11,7,7,8,7,8,2,2,4,2,5,6,7,5,7,7,2,2,11,5,0,5,11,11,0,5,5,9,6,9,11,0,2,7,0,6,9,10,7,2,10,0,11,5,2,7,9,6,9,7,7,10,10,4,0,5,3,11,10
8,3,3,3,3,4,6,10,7,9,6,2,2,5,0,10,6,10,6,7,2,4,0,0,5,11,2,8,8,10,11,11,8,8,0,0,3,8,5,4,10,10,4,8,11,9,11,5,2,4,6,3,7,7,7,4,8,0,10,2,0,3,11,11,4,0,4,2,9,0,9,3,2,4,9,8,6,2,11,3,7,8,8,5,8,3,4,0,4,4,5,0,8,8,9,8,9,3,3,5,3,6,7,8,6,8,8,3,3,0,6,2,6,0,0,2,6,6,10,7,10,0,2,3,8,2,7,10,11,8,3,11,2,0,6,3,8,10,7,10,8,8,11,11,5,2,6,4,0,11
9,4,4,4,4,5,7,11,8,10,7,3,3,6,2,11,7,11,7,8,3,5,2,2,6,0,3,9,9,11,0,0,9,9,2,2,4,9,6,5,11,11,5,9,0,10,0,6,3,5,7,4,8,8,8,5,9,2,11,3,2,4,0,0,5,2,5,3,10,2,10,4,3,5,10,9,7,3,0,4,8,9,9,6,9,4,5,2,5,5,6,2,9,9,10,9,10,4,4,6,4,7,8,9,7,9,9,4,4,2,7,3,7,2,2,3,7,7,11,8,11,2,3,4,9,3,8,11,0,9,4,0,3,2,7,4,9,11,8,11,9,9,0,0,6,3,7,5,2,0
10,5,5,5,5,6,8,0,9,11,8,4,4,7,3,0,8,0,8,9,4,6,3,3,7,2,4,10,10,0,2,2,10,10,3,3,5,10,7,6,0,0,6,10,2,11,2,7,4,6,8,5,9,9,9,6,10,3,0,4,3,5,2,2,6,3,6,4,11,3,11,5,4,6,11,10,8,4,2,5,9,10,10,7,10,5,6,3,6,6,7,3,10,10,11,10,11,5,5,7,5,8,9,10,8,10,10,5,5,3,8,4,8,3,3,4,8,8,0,9,0,3,4,5,10,4,9,0,2,10,5,2,4,3,8,5,10,0,9,0,10,10,2,2,7,4,8,6,3,2
11,6,6,6,6,7,9,2,10,0,9,5,5,8,4,2,9,2,9,10,5,7,4,4,8,3,5,11,11,2,3,3,11,11,4,4,6,11,8,7,2,2,7,11,3,0,3,8,5,7,9,6,10,10,10,7,11,4,2,5,4,6,3,3,7,4,7,5,0,4,0,6,5,7,0,11,9,5,3,6,10,11,11,8,11,6,7,4,7,7,8,4,11,11,0,11,0,6,6,8,6,9,10,11,9,11,11,6,6,4,9,5,9,4,4,5,9,9,2,10,2,4,5,6,11,5,10,2,3,11,6,3,5,4,9,6,11,2,10,2,11,11,3,3,8,5,9,7,4,3
0,7,7,7,7,8,10,3,11,2,10,6,6,9,5,3,10,3,10,11,6,8,5,5,9,4,6,0,0,3,4,4,0,0,5,5,7,0,9,8,3,3,8,0,4,2,4,9,6,8,10,7,11,11,11,8,0,5,3,6,5,7,4,4,8,5,8,6,2,5,2,7,6,8,2,0,10,6,4,7,11,0,0,9,0,7,8,5,8,8,9,5,0,0,2,0,2,7,7,9,7,10,11,0,10,0,0,7,7,5,10,6,10,5,5,6,10,10,3,11,3,5,6,7,0,6,11,3,4,0,7,4,6,5,10,7,0,3,11,3,0,0,4,4,9,6,10,8,5,4
2,8,8,8,8,9,11,4,0,3,11,7,7,10,6,4,11,4,11,0,7,9,6,6,10,5,7,2,2,4,5,5,2,2,6,6,8,2,10,9,4,4,9,2,5,3,5,10,7,9,11,8,0,0,0,9,2,6,4,7,6,8,5,5,9,6,9,7,3,6,3,8,7,9,3,2,11,7,5,8,0,2,2,10,2,8,9,6,9,9,10,6,2,2,3,2,3,8,8,10,8,11,0,2,11,2,2,8,8,6,11,7,11,6,6,7,11,11,4,0,4,6,7,8,2,7,0,4,5,2,8,5,7,6,11,8,2,4,0,4,2,2,5,5,10,7,11,9,6,5
3,9,9,9,9,10,0,5,2,4,0,8,8,11,7,5,0,5,0,2,8,10,7,7,11,6,8,3,3,5,6,6,3,3,7,7,9,3,11,10,5,5,10,3,6,4,6,11,8,10,0,9,2,2,2,10,3,7,5,8,7,9,6,6,10,7,10,8,4,7,4,9,8,10,4,3,0,8,6,9,2,3,3,11,3,9,10,7,10,10,11,7,3,3,4,3,4,9,9,11,9,0,2,3,0,3,3,9,9,7,0,8,0,7,7,8,0,0,5,2,5,7,8,9,3,8,2,5,6,3,9,6,8,7,0,9,3,5,2,5,3,3,6,6,11,8,0,10,7,6
4,10,10,10,10,11,2,6,3,5,2,9,9,0,8,6,2,6,2,3,9,11,8,8,0,7,9,4,4,6,7,7,4,4,8,8,10,4,0,11,6,6,11,4,7,5,7,0,9,11,2,10,3,3,3,11,4,8,6,9,8,10,7,7,11,8,11,9,5,8,5,10,9,11,5,4,2,9,7,10,3,4,4,0,4,10,11,8,11,11,0,8,4,4,5,4,5,10,10,0,10,2,3,4,2,4,4,10,10,8,2,9,2,8,8,9,2,2,6,3,6,8,9,10,4,9,3,6,7,4,10,7,9,8,2,10,4,6,3,6,4,4,7,7,0,9,2,11,8,7
5,11,11,11,11,0,3,7,4,6,3,10,10,2,9,7,3,7,3,4,10,0,9,9,2,8,10,5,5,7,8,8,5,5,9,9,11,5,2,0,7,7,0,5,8,6,8,2,10,0,3,11,4,4,4,0,5,9,7,10,9,11,8,8,0,9,0,10,6,9,6,11,10,0,6,5,3,10,8,11,4,5,5,2,5,11,0,9,0,0,2,9,5,5,6,5,6,11,11,2,11,3,4,5,3,5,5,11,11,9,3,10,3,9,9,10,3,3,7,4,7,9,10,11,5,10,4,7,8,5,11,8,10,9,3,11,5,7,4,7,5,5,8,8,2,10,3,0,9,8
6,0,0,0,0,2,4,8,5,7,4,11,11,3,10,8,4,8,4,5,11,2,10,10,3,9,11,6,6,8,9,9,6,6,10,10,0,6,3,2,8,8,2,6,9,7,9,3,11,2,4,0,5,5,5,2,6,10,8,11,10,0,9,9,2,10,2,11,7,10,7,0,11,2,7,6,4,11,9,0,5,6,6,3,6,0,2,10,2,2,3,10,6,6,7,6,7,0,0,3,0,4,5,6,4,6,6,0,0,10,4,11,4,10,10,11,4,4,8,5,8,10,11,0,6,11,5,8,9,6,0,9,11,10,4,0,6,8,5,8,6,6,9,9,3,11,4,2,10,9
7,2,2,2,2,3,5,9,6,8,5,0,0,4,11,9,5,9,5,6,0,3,11,11,4,10,0,7,7,9,10,10,7,7,11,11,2,7,4,3,9,9,3,7,10,8,10,4,0,3,5,2,6,6,6,3,7,11,9,0,11,2,10,10,3,11,3,0,8,11,8,2,0,3,8,7,5,0,10,2,6,7,7,4,7,2,3,11,3,3,4,11,7,7,8,7,8,2,2,4,2,5,6,7,5,7,7,2,2,11,5,0,5,11,11,0,5,5,9,6,9,11,0,2,7,0,6,9,10,7,2,10,0,11,5,2,7,9,6,9,7,7,10,10,4,0,5,3,11,10
8,3,3,3,3,4,6,10,7,9,6,2,2,5,0,10,6,10,6,7,2,4,0,0,5,11,2,8,8,10,11,11,8,8,0,0,3,8,5,4,10,10,4,8,11,9,11,5,2,4,6,3,7,7,7,4,8,0,10,2,0,3,11,11,4,0,4,2,9,0,9,3,2,4,9,8,6,2,11,3,7,8,8,5,8,3,4,0,4,4,5,0,8,8,9,8,9,3,3,5,3,6,7,8,6,8,8,3,3,0,6,2,6,0,0,2,6,6,10,7,10,0,2,3,8,2,7,10,11,8,3,11,2,0,6,3,8,10,7,10,8,8,11,11,5,2,6,4,0,11
9,4,4,4,4,5,7,11,8,10,7,3,3,6,2,11,7,11,7,8,3,5,2,2,6,0,3,9,9,11,0,0,9,9,2,2,4,9,6,5,11,11,5,9,0,10,0,6,3,5,7,4,8,8,8,5,9,2,11,3,2,4,0,0,5,2,5,3,10,2,10,4,3,5,10,9,7,3,0,4,8,9,9,6,9,4,5,2,5,5,6,2,9,9,10,9,10,4,4,6,4,7,8,9,7,9,9,4,4,2,7,3,7,2,2,3,7,7,11,8,11,2,3,4,9,3,8,11,0,9,4,0,3,2,7,4,9,11,8,11,9,9,0,0,6,3,7,5,2,0
10,5,5,5,5,6,8,0,9,11,8,4,4,7,3,0,8,0,8,9,4,6,3,3,7,2,4,10,10,0,2,2,10,10,3,3,5,10,7,6,0,0,6,10,2,11,2,7,4,6,8,5,9,9,9,6,10,3,0,4,3,5,2,2,6,3,6,4,11,3,11,5,4,6,11,10,8,4,2,5,9,10,10,7,10,5,6,3,6,6,7,3,10,10,11,10,11,5,5,7,5,8,9,10,8,10,10,5,5,3,8,4,8,3,3,4,8,8,0,9,0,3,4,5,10,4,9,0,2,10,5,2,4,3,8,5,10,0,9,0,10,10,2,2,7,4,8,6,3,2
11,6,6,6,6,7,9,2,10,0,9,5,5,8,4,2,9,2,9,10,5,7,4,4,8,3,5,11,11,2,3,3,11,11,4,4,6,11,8,7,2,2,7,11,3,0,3,8,5,7,9,6,10,10,10,7,11,4,2,5,4,6,3,3,7,4,7,5,0,4,0,6,5,7,0,11,9,5,3,6,10,11,11,8,11,6,7,4,7,7,8,4,11,11,0,11,0,6,6,8,6,9,10,11,9,11,11,6,6,4,9,5,9,4,4,5,9,9,2,10,2,4,5,6,11,5,10,2,3,11,6,3,5,4,9,6,11,2,10,2,11,11,3,3,8,5,9,7,4,3
0,7,7,7,7,8,10,3,11,2,10,6,6,9,5,3,10,3,10,11,6,8,5,5,9,4,6,0,0,3,4,4,0,0,5,5,7,0,9,8,3,3,8,0,4,2,4,9,6,8,10,7,11,11,11,8,0,5,3,6,5,7,4,4,8,5,8,6,2,5,2,7,6,8,2,0,10,6,4,7,11,0,0,9,0,7,8,5,8,8,9,5,0,0,2,0,2,7,7,9,7,10,11,0,10,0,0,7,7,5,10,6,10,5,5,6,10,10,3,11,3,5,6,7,0,6,11,3,4,0,7,4,6,5,10,7,0,3,11,3,0,0,4,4,9,6,10,8,5,4
2,8,8,8,8,9,11,4,0,3,11,7,7,10,6,4,11,4,11,0,7,9,6,6,10,5,7,2,2,4,5,5,2,2,6,6,8,2,10,9,4,4,9,2,5,3,5,10,7,9,11,8,0,0,0,9,2,6,4,7,6,8,5,5,9,6,9,7,3,6,3,8,7,9,3,2,11,7,5,8,0,2,2,10,2,8,9,6,9,9,10,6,2,2,3,2,3,8,8,10,8,11,0,2,11,2,2,8,8,6,11,7,11,6,6,7,11,11,4,0,4,6,7,8,2,7,0,4,5,2,8,5,7,6,11,8,2,4,0,4,2,2,5,5,10,7,11,9,6,5
3,9,9,9,9,10,0,5,2,4,0,8,8,11,7,5,0,5,0,2,8,10,7,7,11,6,8,3,3,5,6,6,3,3,7,7,9,3,11,10,5,5,10,3,6,4,6,11,8,10,0,9,2,2,2,10,3,7,5,8,7,9,6,6,10,7,10,8,4,7,4,9,8,10,4,3,0,8,6,9,2,3,3,11,3,9,10,7,10,10,11,7,3,3,4,3,4,9,9,11,9,0,2,3,0,3,3,9,9,7,0,8,0,7,7,8,0,0,5,2,5,7,8,9,3,8,2,5,6,3,9,6,8,7,0,9,3,5,2,5,3,3,6,6,11,8,0,10,7,6
4,10,10,10,10,11,2,6,3,5,2,9,9,0,8,6,2,6,2,3,9,11,8,8,0,7,9,4,4,6,7,7,4,4,8,8,10,4,0,11,6,6,11,4,7,5,7,0,9,11,2,10,3,3,3,11,4,8,6,9,8,10,7,7,11,8,11,9,5,8,5,10,9,11,5,4,2,9,7,10,3,4,4,0,4,10,11,8,11,11,0,8,4,4,5,4,5,10,10,0,10,2,3,4,2,4,4,10,10,8,2,9,2,8,8,9,2,2,6,3,6,8,9,10,4,9,3,6,7,4,10,7,9,8,2,10,4,6,3,6,4,4,7,7,0,9,2,11,8,7
5,11,11,11,11,0,3,7,4,6,3,10,10,2,9,7,3,7,3,4,10,0,9,9,2,8,10,5,5,7,8,8,5,5,9,9,11,5,2,0,7,7,0,5,8,6,8,2,10,0,3,11,4,4,4,0,5,9,7,10,9,11,8,8,0,9,0,10,6,9,6,11,10,0,6,5,3,10,8,11,4,5,5,2,5,11,0,9,0,0,2,9,5,5,6,5,6,11,11,2,11,3,4,5,3,5,5,11,11,9,3,10,3,9,9,10,3,3,7,4,7,9,10,11,5,10,4,7,8,5,11,8,10,9,3,11,5,7,4,7,5,5,8,8,2,10,3,0,9,8
6,0,0,0,0,2,4,8,5,7,4,11,11,3,10,8,4,8,4,5,11,2,10,10,3,9,11,6,6,8,9,9,6,6,10,10,0,6,3,2,8,8,2,6,9,7,9,3,11,2,4,0,5,5,5,2,6,10,8,11,10,0,9,9,2,10,2,11,7,10,7,0,11,2,7,6,4,11,9,0,5,6,6,3,6,0,2,10,2,2,3,10,6,6,7,6,7,0,0,3,0,4,5,6,4,6,6,0,0,10,4,11,4,10,10,11,4,4,8,5,8,10,11,0,6,11,5,8,9,6,0,9,11,10,4,0,6,8,5,8,6,6,9,9,3,11,4,2,10,9
7,2,2,2,2,3,5,9,6,8,5,0,0,4,11,9,5,9,5,6,0,3,11,11,4,10,0,7,7,9,10,10,7,7,11,11,2,7,4,3,9,9,3,7,10,8,10,4,0,3,5,2,6,6,6,3,7,11,9,0,11,2,10,10,3,11,3,0,8,11,8,2,0,3,8,7,5,0,10,2,6,7,7,4,7,2,3,11,3,3,4,11,7,7,8,7,8,2,2,4,2,5,6,7,5,7,7,2,2,11,5,0,5,11,11,0,5,5,9,6,9,11,0,2,7,0,6,9,10,7,2,10,0,11,5,2,7,9,6,9,7,7,10,10,4,0,5,3,11,10
8,3,3,3,3,4,6,10,7,9,6,2,2,5,0,10,6,10,6,7,2,4,0,0,5,11,2,8,8,10,11,11,8,8,0,0,3,8,5,4,10,10,4,8,11,9,11,5,2,4,6,3,7,7,7,4,8,0,10,2,0,3,11,11,4,0,4,2,9,0,9,3,2,4,9,8,6,2,11,3,7,8,8,5,8,3,4,0,4,4,5,0,8,8,9,8,9,3,3,5,3,6,7,8,6,8,8,3,3,0,6,2,6,0,0,2,6,6,10,7,10,0,2,3,8,2,7,10,11,8,3,11,2,0,6,3,8,10,7,10,8,8,11,11,5,2,6,4,0,11
9,4,4,4,4,5,7,11,8,10,7,3,3,6,2,11,7,11,7,8,3,5,2,2,6,0,3,9,9,11,0,0,9,9,2,2,4,9,6,5,11,11,5,9,0,10,0,6,3,5,7,4,8,8,8,5,9,2,11,3,2,4,0,0,5,2,5,3,10,2,10,4,3,5,10,9,7,3,0,4,8,9,9,6,9,4,5,2,5,5,6,2,9,9,10,9,10,4,4,6,4,7,8,9,7,9,9,4,4,2,7,3,7,2,2,3,7,7,11,8,11,2,3,4,9,3,8,11,0,9,4,0,3,2,7,4,9,11,8,11,9,9,0,0,6,3,7,5,2,0
10,5,5,5,5,6,8,0,9,11,8,4,4,7,3,0,8,0,8,9,4,6,3,3,7,2,4,10,10,0,2,2,10,10,3,3,5,10,7,6,0,0,6,10,2,11,2,7,4,6,8,5,9,9,9,6,10,3,0,4,3,5,2,2,6,3,6,4,11,3,11,5,4,6,11,10,8,4,2,5,9,10,10,7,10,5,6,3,6,6,7,3,10,10,11,10,11,5,5,7,5,8,9,10,8,10,10,5,5,3,8,4,8,3,3,4,8,8,0,9,0,3,4,5,10,4,9,0,2,10,5,2,4,3,8,5,10,0,9,0,10,10,2,2,7,4,8,6,3,2
11,6,6,6,6,7,9,2,10,0,9,5,5,8,4,2,9,2,9,10,5,7,4,4,8,3,5,11,11,2,3,3,11,11,4,4,6,11,8,7,2,2,7,11,3,0,3,8,5,7,9,6,10,10,10,7,11,4,2,5,4,6,3,3,7,4,7,5,0,4,0,6,5,7,0,11,9,5,3,6,10,11,11,8,11,6,7,4,7,7,8,4,11,11,0,11,0,6,6,8,6,9,10,11,9,11,11,6,6,4,9,5,9,4,4,5,9,9,2,10,2,4,5,6,11,5,10,2,3,11,6,3,5,4,9,6,11,2,10,2,11,11,3,3,8,5,9,7,4,3
0,7,7,7,7,8,10,3,11,2,10,6,6,9,5,3,10,3,10,11,6,8,5,5,9,4,6,0,0,3,4,4,0,0,5,5,7,0,9,8,3,3,8,0,4,2,4,9,6,8,10,7,11,11,11,8,0,5,3,6,5,7,4,4,8,5,8,6,2,5,2,7,6,8,2,0,10,6,4,7,11,0,0,9,0,7,8,5,8,8,9,5,0,0,2,0,2,7,7,9,7,10,11,0,10,0,0,7,7,5,10,6,10,5,5,6,10,10,3,11,3,5,6,7,0,6,11,3,4,0,7,4,6,5,10,7,0,3,11,3,0,0,4,4,9,6,10,8,5,4
2,8,8,8,8,9,11,4,0,3,11,7,7,10,6,4,11,4,11,0,7,9,6,6,10,5,7,2,2,4,5,5,2,2,6,6,8,2,10,9,4,4,9,2,5,3,5,10,7,9,11,8,0,0,0,9,2,6,4,7,6,8,5,5,9,6,9,7,3,6,3,8,7,9,3,2,11,7,5,8,0,2,2,10,2,8,9,6,9,9,10,6,2,2,3,2,3,8,8,10,8,11,0,2,11,2,2,8,8,6,11,7,11,6,6,7,11,11,4,0,4,6,7,8,2,7,0,4,5,2,8,5,7,6,11,8,2,4,0,4,2,2,5,5,10,7,11,9,6,5
3,9,9,9,9,10,0,5,2,4,0,8,8,11,7,5,0,5,0,2,8,10,7,7,11,6,8,3,3,5,6,6,3,3,7,7,9,3,11,10,5,5,10,3,6,4,6,11,8,10,0,9,2,2,2,10,3,7,5,8,7,9,6,6,10,7,10,8,4,7,4,9,8,10,4,3,0,8,6,9,2,3,3,11,3,9,10,7,10,10,11,7,3,3,4,3,4,9,9,11,9,0,2,3,0,3,3,9,9,7,0,8,0,7,7,8,0,0,5,2,5,7,8,9,3,8,2,5,6,3,9,6,8,7,0,9,3,5,2,5,3,3,6,6,11,8,0,10,7,6
4,10,10,10,10,11,2,6,3,5,2,9,9,0,8,6,2,6,2,3,9,11,8,8,0,7,9,4,4,6,7,7,4,4,8,8,10,4,0,11,6,6,11,4,7,5,7,0,9,11,2,10,3,3,3,11,4,8,6,9,8,10,7,7,11,8,11,9,5,8,5,10,9,11,5,4,2,9,7,10,3,4,4,0,4,10,11,8,11,11,0,8,4,4,5,4,5,10,10,0,10,2,3,4,2,4,4,10,10,8,2,9,2,8,8,9,2,2,6,3,6,8,9,10,4,9,3,6,7,4,10,7,9,8,2,10,4,6,3,6,4,4,7,7,0,9,2,11,8,7
5,11,11,11,11,0,3,7,4,6,3,10,10,2,9,7,3,7,3,4,10,0,9,9,2,8,10,5,5,7,8,8,5,5,9,9,11,5,2,0,7,7,0,5,8,6,8,2,10,0,3,11,4,4,4,0,5,9,7,10,9,11,8,8,0,9,0,10,6,9,6,11,10,0,6,5,3,10,8,11,4,5,5,2,5,11,0,9,0,0,2,9,5,5,6,5,6,11,11,2,11,3,4,5,3,5,5,11,11,9,3,10,3,9,9,10,3,3,7,4,7,9,10,11,5,10,4,7,8,5,11,8,10,9,3,11,5,7,4,7,5,5,8,8,2,10,3,0,9,8
6,0,0,0,0,2,4,8,5,7,4,11,11,3,10,8,4,8,4,5,11,2,10,10,3,9,11,6,6,8,9,9,6,6,10,10,0,6,3,2,8,8,2,6,9,7,9,3,11,2,4,0,5,5,5,2,6,10,8,11,10,0,9,9,2,10,2,11,7,10,7,0,11,2,7,6,4,11,9,0,5,6,6,3,6,0,2,10,2,2,3,10,6,6,7,6,7,0,0,3,0,4,5,6,4,6,6,0,0,10,4,11,4,10,10,11,4,4,8,5,8,10,11,0,6,11,5,8,9,6,0,9,11,10,4,0,6,8,5,8,6,6,9,9,3,11,4,2,10,9
7,2,2,2,2,3,5,9,6,8,5,0,0,4,11,9,5,9,5,6,0,3,11,11,4,10,0,7,7,9,10,10,7,7,11,11,2,7,4,3,9,9,3,7,10,8,10,4,0,3,5,2,6,6,6,3,7,11,9,0,11,2,10,10,3,11,3,0,8,11,8,2,0,3,8,7,5,0,10,2,6,7,7,4,7,2,3,11,3,3,4,11,7,7,8,7,8,2,2,4,2,5,6,7,5,7,7,2,2,11,5,0,5,11,11,0,5,5,9,6,9,11,0,2,7,0,6,9,10,7,2,10,0,11,5,2,7,9,6,9,7,7,10,10,4,0,5,3,11,10
8,3,3,3,3,4,6,10,7,9,6,2,2,5,0,10,6,10,6,7,2,4,0,0,5,11,2,8,8,10,11,11,8,8,0,0,3,8,5,4,10,10,4,8,11,9,11,5,2,4,6,3,7,7,7,4,8,0,10,2,0,3,11,11,4,0,4,2,9,0,9,3,2,4,9,8,6,2,11,3,7,8,8,5,8,3,4,0,4,4,5,0,8,8,9,8,9,3,3,5,3,6,7,8,6,8,8,3,3,0,6,2,6,0,0,2,6,6,10,7,10,0,2,3,8,2,7,10,11,8,3,11,2,0,6,3,8,10,7,10,8,8,11,11,5,2,6,4,0,11
9,4,4,4,4,5,7,11,8,10,7,3,3,6,2,11,7,11,7,8,3,5,2,2,6,0,3,9,9,11,0,0,9,9,2,2,4,9,6,5,11,11,5,9,0,10,0,6,3,5,7,4,8,8,8,5,9,2,11,3,2,4,0,0,5,2,5,3,10,2,10,4,3,5,10,9,7,3,0,4,8,9,9,6,9,4,5,2,5,5,6,2,9,9,10,9,10,4,4,6,4,7,8,9,7,9,9,4,4,2,7,3,7,2,2,3,7,7,11,8,11,2,3,4,9,3,8,11,0,9,4,0,3,2,7,4,9,11,8,11,9,9,0,0,6,3,7,5,2,0
10,5,5,5,5,6,8,0,9,11,8,4,4,7,3,0,8,0,8,9,4,6,3,3,7,2,4,10,10,0,2,2,10,10,3,3,5,10,7,6,0,0,6,10,2,11,2,7,4,6,8,5,9,9,9,6,10,3,0,4,3,5,2,2,6,3,6,4,11,3,11,5,4,6,11,10,8,4,2,5,9,10,10,7,10,5,6,3,6,6,7,3,10,10,11,10,11,5,5,7,5,8,9,10,8,10,10,5,5,3,8,4,8,3,3,4,8,8,0,9,0,3,4,5,10,4,9,0,2,10,5,2,4,3,8,5,10,0,9,0,10,10,2,2,7,4,8,6,3,2
11,6,6,6,6,7,9,2,10,0,9,5,5,8,4,2,9,2,9,10,5,7,4,4,8,3,5,11,11,2,3,3,11,11,4,4,6,11,8,7,2,2,7,11,3,0,3,8,5,7,9,6,10,10,10,7,11,4,2,5,4,6,3,3,7,4,7,5,0,4,0,6,5,7,0,11,9,5,3,6,10,11,11,8,11,6,7,4,7,7,8,4,11,11,0,11,0,6,6,8,6,9,10,11,9,11,11,6,6,4,9,5,9,4,4,5,9,9,2,10,2,4,5,6,11,5,10,2,3,11,6,3,5,4,9,6,11,2,10,2,11,11,3,3,8,5,9,7,4,3
0,7,7,7,7,8,10,3,11,2,10,6,6,9,5,3,10,3,10,11,6,8,5,5,9,4,6,0,0,3,4,4,0,0,5,5,7,0,9,8,3,3,8,0,4,2,4,9,6,8,10,7,11,11,11,8,0,5,3,6,5,7,4,4,8,5,8,6,2,5,2,7,6,8,2,0,10,6,4,7,11,0,0,9,0,7,8,5,8,8,9,5,0,0,2,0,2,7,7,9,7,10,11,0,10,0,0,7,7,5,10,6,10,5,5,6,10,10,3,11,3,5,6,7,0,6,11,3,4,0,7,4,6,5,10,7,0,3,11,3,0,0,4,4,9,6,10,8,5,4
2,8,8,8,8,9,11,4,0,3,11,7,7,10,6,4,11,4,11,0,7,9,6,6,10,5,7,2,2,4,5,5,2,2,6,6,8,2,10,9,4,4,9,2,5,3,5,10,7,9,11,8,0,0,0,9,2,6,4,7,6,8,5,5,9,6,9,7,3,6,3,8,7,9,3,2,11,7,5,8,0,2,2,10,2,8,9,6,9,9,10,6,2,2,3,2,3,8,8,10,8,11,0,2,11,2,2,8,8,6,11,7,11,6,6,7,11,11,4,0,4,6,7,8,2,7,0,4,5,2,8,5,7,6,11,8,2,4,0,4,2,2,5,5,10,7,11,9,6,5
3,9,9,9,9,10,0,5,2,4,0,8,8,11,7,5,0,5,0,2,8,10,7,7,11,6,8,3,3,5,6,6,3,3,7,7,9,3,11,10,5,5,10,3,6,4,6,11,8,10,0,9,2,2,2,10,3,7,5,8,7,9,6,6,10,7,10,8,4,7,4,9,8,10,4,3,0,8,6,9,2,3,3,11,3,9,10,7,10,10,11,7,3,3,4,3,4,9,9,11,9,0,2,3,0,3,3,9,9,7,0,8,0,7,7,8,0,0,5,2,5,7,8,9,3,8,2,5,6,3,9,6,8,7,0,9,3,5,2,5,3,3,6,6,11,8,0,10,7,6
4,10,10,10,10,11,2,6,3,5,2,9,9,0,8,6,2,6,2,3,9,11,8,8,0,7,9,4,4,6,7,7,4,4,8,8,10,4,0,11,6,6,11,4,7,5,7,0,9,11,2,10,3,3,3,11,4,8,6,9,8,10,7,7,11,8,11,9,5,8,5,10,9,11,5,4,2,9,7,10,3,4,4,0,4,10,11,8,11,11,0,8,4,4,5,4,5,10,10,0,10,2,3,4,2,4,4,10,10,8,2,9,2,8,8,9,2,2,6,3,6,8,9,10,4,9,3,6,7,4,10,7,9,8,2,10,4,6,3,6,4,4,7,7,0,9,2,11,8,7
5,11,11,11,11,0,3,7,4,6,3,10,10,2,9,7,3,7,3,4,10,0,9,9,2,8,10,5,5,7,8,8,5,5,9,9,11,5,2,0,7,7,0,5,8,6,8,2,10,0,3,11,4,4,4,0,5,9,7,10,9,11,8,8,0,9,0,10,6,9,6,11,10,0,6,5,3,10,8,11,4,5,5,2,5,11,0,9,0,0,2,9,5,5,6,5,6,11,11,2,11,3,4,5,3,5,5,11,11,9,3,10,3,9,9,10,3,3,7,4,7,9,10,11,5,10,4,7,8,5,11,8,10,9,3,11,5,7,4,7,5,5,8,8,2,10,3,0,9,8
6,0,0,0,0,2,4,8,5,7,4,11,11,3,10,8,4,8,4,5,11,2,10,10,3,9,11,6,6,8,9,9,6,6,10,10,0,6,3,2,8,8,2,6,9,7,9,3,11,2,4,0,5,5,5,2,6,10,8,11,10,0,9,9,2,10,2,11,7,10,7,0,11,2,7,6,4,11,9,0,5,6,6,3,6,0,2,10,2,2,3,10,6,6,7,6,7,0,0,3,0,4,5,6,4,6,6,0,0,10,4,11,4,10,10,11,4,4,8,5,8,10,11,0,6,11,5,8,9,6,0,9,11,10,4,0,6,8,5,8,6,6,9,9,3,11,4,2,10,9
7,2,2,2,2,3,5,9,6,8,5,0,0,4,11,9,5,9,5,6,0,3,11,11,4,10,0,7,7,9,10,10,7,7,11,11,2,7,4,3,9,9,3,7,10,8,10,4,0,3,5,2,6,6,6,3,7,11,9,0,11,2,10,10,3,11,3,0,8,11,8,2,0,3,8,7,5,0,10,2,6,7,7,4,7,2,3,11,3,3,4,11,7,7,8,7,8,2,2,4,2,5,6,7,5,7,7,2,2,11,5,0,5,11,11,0,5,5,9,6,9,11,0,2,7,0,6,9,10,7,2,10,0,11,5,2,7,9,6,9,7,7,10,10,4,0,5,3,11,10
8,3,3,3,3,4,6,10,7,9,6,2,2,5,0,10,6,10,6,7,2,4,0,0,5,11,2,8,8,10,11,11,8,8,0,0,3,8,5,4,10,10,4,8,11,9,11,5,2,4,6,3,7,7,7,4,8,0,10,2,0,3,11,11,4,0,4,2,9,0,9,3,2,4,9,8,6,2,11,3,7,8,8,5,8,3,4,0,4,4,5,0,8,8,9,8,9,3,3,5,3,6,7,8,6,8,8,3,3,0,6,2,6,0,0,2,6,6,10,7,10,0,2,3,8,2,7,10,11,8,3,11,2,0,6,3,8,10,7,10,8,8,11,11,5,2,6,4,0,11
9,4,4,4,4,5,7,11,8,10,7,3,3,6,2,11,7,11,7,8,3,5,2,2,6,0,3,9,9,11,0,0,9,9,2,2,4,9,6,5,11,11,5,9,0,10,0,6,3,5,7,4,8,8,8,5,9,2,11,3,2,4,0,0,5,2,5,3,10,2,10,4,3,5,10,9,7,3,0,4,8,9,9,6,9,4,5,2,5,5,6,2,9,9,10,9,10,4,4,6,4,7,8,9,7,9,9,4,4,2,7,3,7,2,2,3,7,7,11,8,11,2,3,4,9,3,8,11,0,9,4,0,3,2,7,4,9,11,8,11,9,9,0,0,6,3,7,5,2,0
10,5,5,5,5,6,8,0,9,11,8,4,4,7,3,0,8,0,8,9,4,6,3,3,7,2,4,10,10,0,2,2,10,10,3,3,5,10,7,6,0,0,6,10,2,11,2,7,4,6,8,5,9,9,9,6,10,3,0,4,3,5,2,2,6,3,6,4,11,3,11,5,4,6,11,10,8,4,2,5,9,10,10,7,10,5,6,3,6,6,7,3,10,10,11,10,11,5,5,7,5,8,9,10,8,10,10,5,5,3,8,4,8,3,3,4,8,8,0,9,0,3,4,5,10,4,9,0,2,10,5,2,4,3,8,5,10,0,9,0,10,10,2,2,7,4,8,6,3,2
11,6,6,6,6,7,9,2,10,0,9,5,5,8,4,2,9,2,9,10,5,7,4,4,8,3,5,11,11,2,3,3,11,11,4,4,6,11,8,7,2,2,7,11,3,0,3,8,5,7,9,6,10,10,10,7,11,4,2,5,4,6,3,3,7,4,7,5,0,4,0,6,5,7,0,11,9,5,3,6,10,11,11,8,11,6,7,4,7,7,8,4,11,11,0,11,0,6,6,8,6,9,10,11,9,11,11,6,6,4,9,5,9,4,4,5,9,9,2,10,2,4,5,6,11,5,10,2,3,11,6,3,5,4,9,6,11,2,10,2,11,11,3,3,8,5,9,7,4,3
0,7,7,7,7,8,10,3,11,2,10,6,6,9,5,3,10,3,10,11,6,8,5,5,9,4,6,0,0,3,4,4,0,0,5,5,7,0,9,8,3,3,8,0,4,2,4,9,6,8,10,7,11,11,11,8,0,5,3,6,5,7,4,4,8,5,8,6,2,5,2,7,6,8,2,0,10,6,4,7,11,0,0,9,0,7,8,5,8,8,9,5,0,0,2,0,2,7,7,9,7,10,11,0,10,0,0,7,7,5,10,6,10,5,5,6,10,10,3,11,3,5,6,7,0,6,11,3,4,0,7,4,6,5,10,7,0,3,11,3,0,0,4,4,9,6,10,8,5,4
2,8,8,8,8,9,11,4,0,3,11,7,7,10,6,4,11,4,11,0,7,9,6,6,10,5,7,2,2,4,5,5,2,2,6,6,8,2,10,9,4,4,9,2,5,3,5,10,7,9,11,8,0,0,0,9,2,6,4,7,6,8,5,5,9,6,9,7,3,6,3,8,7,9,3,2,11,7,5,8,0,2,2,10,2,8,9,6,9,9,10,6,2,2,3,2,3,8,8,10,8,11,0,2,11,2,2,8,8,6,11,7,11,6,6,7,11,11,4,0,4,6,7,8,2,7,0,4,5,2,8,5,7,6,11,8,2,4,0,4,2,2,5,5,10,7,11,9,6,5
3,9,9,9,9,10,0,5,2,4,0,8,8,11,7,5,0,5,0,2,8,10,7,7,11,6,8,3,3,5,6,6,3,3,7,7,9,3,11,10,5,5,10,3,6,4,6,11,8,10,0,9,2,2,2,10,3,7,5,8,7,9,6,6,10,7,10,8,4,7,4,9,8,10,4,3,0,8,6,9,2,3,3,11,3,9,10,7,10,10,11,7,3,3,4,3,4,9,9,11,9,0,2,3,0,3,3,9,9,7,0,8,0,7,7,8,0,0,5,2,5,7,8,9,3,8,2,5,6,3,9,6,8,7,0,9,3,5,2,5,3,3,6,6,11,8,0,10,7,6
4,10,10,10,10,11,2,6,3,5,2,9,9,0,8,6,2,6,2,3,9,11,8,8,0,7,9,4,4,6,7,7,4,4,8,8,10,4,0,11,6,6,11,4,7,5,7,0,9,11,2,10,3,3,3,11,4,8,6,9,8,10,7,7,11,8,11,9,5,8,5,10,9,11,5,4,2,9,7,10,3,4,4,0,4,10,11,8,11,11,0,8,4,4,5,4,5,10,10,0,10,2,3,4,2,4,4,10,10,8,2,9,2,8,8,9,2,2,6,3,6,8,9,10,4,9,3,6,7,4,10,7,9,8,2,10,4,6,3,6,4,4,7,7,0,9,2,11,8,7
5,11,11,11,11,0,3,7,4,6,3,10,10,2,9,7,3,7,3,4,10,0,9,9,2,8,10,5,5,7,8,8,5,5,9,9,11,5,2,0,7,7,0,5,8,6,8,2,10,0,3,11,4,4,4,0,5,9,7,10,9,11,8,8,0,9,0,10,6,9,6,11,10,0,6,5,3,10,8,11,4,5,5,2,5,11,0,9,0,0,2,9,5,5,6,5,6,11,11,2,11,3,4,5,3,5,5,11,11,9,3,10,3,9,9,10,3,3,7,4,7,9,10,11,5,10,4,7,8,5,11,8,10,9,3,11,5,7,4,7,5,5,8,8,2,10,3,0,9,8
6,0,0,0,0,2,4,8,5,7,4,11,11,3,10,8,4,8,4,5,11,2,10,10,3,9,11,6,6,8,9,9,6,6,10,10,0,6,3,2,8,8,2,6,9,7,9,3,11,2,4,0,5,5,5,2,6,10,8,11,10,0,9,9,2,10,2,11,7,10,7,0,11,2,7,6,4,11,9,0,5,6,6,3,6,0,2,10,2,2,3,10,6,6,7,6,7,0,0,3,0,4,5,6,4,6,6,0,0,10,4,11,4,10,10,11,4,4,8,5,8,10,11,0,6,11,5,8,9,6,0,9,11,10,4,0,6,8,5,8,6,6,9,9,3,11,4,2,10,9
7,2,2,2,2,3,5,9,6,8,5,0,0,4,11,9,5,9,5,6,0,3,11,11,4,10,0,7,7,9,10,10,7,7,11,11,2,7,4,3,9,9,3,7,10,8,10,4,0,3,5,2,6,6,6,3,7,11,9,0,11,2,10,10,3,11,3,0,8,11,8,2,0,3,8,7,5,0,10,2,6,7,7,4,7,2,3,11,3,3,4,11,7,7,8,7,8,2,2,4,2,5,6,7,5,7,7,2,2,11,5,0,5,11,11,0,5,5,9,6,9,11,0,2,7,0,6,9,10,7,2,10,0,11,5,2,7,9,6,9,7,7,10,10,4,0,5,3,11,10
8,3,3,3,3,4,6,10,7,9,6,2,2,5,0,10,6,10,6,7,2,4,0,0,5,11,2,8,8,10,11,11,8,8,0,0,3,8,5,4,10,10,4,8,11,9,11,5,2,4,6,3,7,7,7,4,8,0,10,2,0,3,11,11,4,0,4,2,9,0,9,3,2,4,9,8,6,2,11,3,7,8,8,5,8,3,4,0,4,4,5,0,8,8,9,8,9,3,3,5,3,6,7,8,6,8,8,3,3,0,6,2,6,0,0,2,6,6,10,7,10,0,2,3,8,2,7,10,11,8,3,11,2,0,6,3,8,10,7,10,8,8,11,11,5,2,6,4,0,11
9,4,4,4,4,5,7,11,8,10,7,3,3,6,2,11,7,11,7,8,3,5,2,2,6,0,3,9,9,11,0,0,9,9,2,2,4,9,6,5,11,11,5,9,0,10,0,6,3,5,7,4,8,8,8,5,9,2,11,3,2,4,0,0,5,2,5,3,10,2,10,4,3,5,10,9,7,3,0,4,8,9,9,6,9,4,5,2,5,5,6,2,9,9,10,9,10,4,4,6,4,7,8,9,7,9,9,4,4,2,7,3,7,2,2,3,7,7,11,8,11,2,3,4,9,3,8,11,0,9,4,0,3,2,7,4,9,11,8,11,9,9,0,0,6,3,7,5,2,0
10,5,5,5,5,6,8,0,9,11,8,4,4,7,3,0,8,0,8,9,4,6,3,3,7,2,4,10,10,0,2,2,10,10,3,3,5,10,7,6,0,0,6,10,2,11,2,7,4,6,8,5,9,9,9,6,10,3,0,4,3,5,2,2,6,3,6,4,11,3,11,5,4,6,11,10,8,4,2,5,9,10,10,7,10,5,6,3,6,6,7,3,10,10,11,10,11,5,5,7,5,8,9,10,8,10,10,5,5,3,8,4,8,3,3,4,8,8,0,9,0,3,4,5,10,4,9,0,2,10,5,2,4,3,8,5,10,0,9,0,10,10,2,2,7,4,8,6,3,2
11,6,6,6,6,7,9,2,10,0,9,5,5,8,4,2,9,2,9,10,5,7,4,4,8,3,5,11,11,2,3,3,11,11,4,4,6,11,8,7,2,2,7,11,3,0,3,8,5,7,9,6,10,10,10,7,11,4,2,5,4,6,3,3,7,4,7,5,0,4,0,6,5,7,0,11,9,5,3,6,10,11,11,8,11,6,7,4,7,7,8,4,11,11,0,11,0,6,6,8,6,9,10,11,9,11,11,6,6,4,9,5,9,4,4,5,9,9,2,10,2,4,5,6,11,5,10,2,3,11,6,3,5,4,9,6,11,2,10,2,11,11,3,3,8,5,9,7,4,3
0,7,7,7,7,8,10,3,11,2,10,6,6,9,5,3,10,3,10,11,6,8,5,5,9,4,6,0,0,3,4,4,0,0,5,5,7,0,9,8,3,3,8,0,4,2,4,9,6,8,10,7,11,11,11,8,0,5,3,6,5,7,4,4,8,5,8,6,2,5,2,7,6,8,2,0,10,6,4,7,11,0,0,9,0,7,8,5,8,8,9,5,0,0,2,0,2,7,7,9,7,10,11,0,10,0,0,7,7,5,10,6,10,5,5,6,10,10,3,11,3,5,6,7,0,6,11,3,4,0,7,4,6,5,10,7,0,3,11,3,0,0,4,4,9,6,10,8,5,4
2,8,8,8,8,9,11,4,0,3,11,7,7,10,6,4,11,4,11,0,7,9,6,6,10,5,7,2,2,4,5,5,2,2,6,6,8,2,10,9,4,4,9,2,5,3,5,10,7,9,11,8,0,0,0,9,2,6,4,7,6,8,5,5,9,6,9,7,3,6,3,8,7,9,3,2,11,7,5,8,0,2,2,10,2,8,9,6,9,9,10,6,2,2,3,2,3,8,8,10,8,11,0,2,11,2,2,8,8,6,11,7,11,6,6,7,11,11,4,0,4,6,7,8,2,7,0,4,5,2,8,5,7,6,11,8,2,4,0,4,2,2,5,5,10,7,11,9,6,5
3,9,9,9,9,10,0,5,2,4,0,8,8,11,7,5,0,5,0,2,8,10,7,7,11,6,8,3,3,5,6,6,3,3,7,7,9,3,11,10,5,5,10,3,6,4,6,11,8,10,0,9,2,2,2,10,3,7,5,8,7,9,6,6,10,7,10,8,4,7,4,9,8,10,4,3,0,8,6,9,2,3,3,11,3,9,10,7,10,10,11,7,3,3,4,3,4,9,9,11,9,0,2,3,0,3,3,9,9,7,0,8,0,7,7,8,0,0,5,2,5,7,8,9,3,8,2,5,6,3,9,6,8,7,0,9,3,5,2,5,3,3,6,6,11,8,0,10,7,6
4,10,10,10,10,11,2,6,3,5,2,9,9,0,8,6,2,6,2,3,9,11,8,8,0,7,9,4,4,6,7,7,4,4,8,8,10,4,0,11,6,6,11,4,7,5,7,0,9,11,2,10,3,3,3,11,4,8,6,9,8,10,7,7,11,8,11,9,5,8,5,10,9,11,5,4,2,9,7,10,3,4,4,0,4,10,11,8,11,11,0,8,4,4,5,4,5,10,10,0,10,2,3,4,2,4,4,10,10,8,2,9,2,8,8,9,2,2,6,3,6,8,9,10,4,9,3,6,7,4,10,7,9,8,2,10,4,6,3,6,4,4,7,7,0,9,2,11,8,7
5,11,11,11,11,0,3,7,4,6,3,10,10,2,9,7,3,7,3,4,10,0,9,9,2,8,10,5,5,7,8,8,5,5,9,9,11,5,2,0,7,7,0,5,8,6,8,2,10,0,3,11,4,4,4,0,5,9,7,10,9,11,8,8,0,9,0,10,6,9,6,11,10,0,6,5,3,10,8,11,4,5,5,2,5,11,0,9,0,0,2,9,5,5,6,5,6,11,11,2,11,3,4,5,3,5,5,11,11,9,3,10,3,9,9,10,3,3,7,4,7,9,10,11,5,10,4,7,8,5,11,8,10,9,3,11,5,7,4,7,5,5,8,8,2,10,3,0,9,8
6,0,0,0,0,2,4,8,5,7,4,11,11,3,10,8,4,8,4,5,11,2,10,10,3,9,11,6,6,8,9,9,6,6,10,10,0,6,3,2,8,8,2,6,9,7,9,3,11,2,4,0,5,5,5,2,6,10,8,11,10,0,9,9,2,10,2,11,7,10,7,0,11,2,7,6,4,11,9,0,5,6,6,3,6,0,2,10,2,2,3,10,6,6,7,6,7,0,0,3,0,4,5,6,4,6,6,0,0,10,4,11,4,10,10,11,4,4,8,5,8,10,11,0,6,11,5,8,9,6,0,9,11,10,4,0,6,8,5,8,6,6,9,9,3,11,4,2,10,9
7,2,2,2,2,3,5,9,6,8,5,0,0,4,11,9,5,9,5,6,0,3,11,11,4,10,0,7,7,9,10,10,7,7,11,11,2,7,4,3,9,9,3,7,10,8,10,4,0,3,5,2,6,6,6,3,7,11,9,0,11,2,10,10,3,11,3,0,8,11,8,2,0,3,8,7,5,0,10,2,6,7,7,4,7,2,3,11,3,3,4,11,7,7,8,7,8,2,2,4,2,5,6,7,5,7,7,2,2,11,5,0,5,11,11,0,5,5,9,6,9,11,0,2,7,0,6,9,10,7,2,10,0,11,5,2,7,9,6,9,7,7,10,10,4,0,5,3,11,10
8,3,3,3,3,4,6,10,7,9,6,2,2,5,0,10,6,10,6,7,2,4,0,0,5,11,2,8,8,10,11,11,8,8,0,0,3,8,5,4,10,10,4,8,11,9,11,5,2,4,6,3,7,7,7,4,8,0,10,2,0,3,11,11,4,0,4,2,9,0,9,3,2,4,9,8,6,2,11,3,7,8,8,5,8,3,4,0,4,4,5,0,8,8,9,8,9,3,3,5,3,6,7,8,6,8,8,3,3,0,6,2,6,0,0,2,6,6,10,7,10,0,2,3,8,2,7,10,11,8,3,11,2,0,6,3,8,10,7,10,8,8,11,11,5,2,6,4,0,11
9,4,4,4,4,5,7,11,8,10,7,3,3,6,2,11,7,11,7,8,3,5,2,2,6,0,3,9,9,11,0,0,9,9,2,2,4,9,6,5,11,11,5,9,0,10,0,6,3,5,7,4,8,8,8,5,9,2,11,3,2,4,0,0,5,2,5,3,10,2,10,4,3,5,10,9,7,3,0,4,8,9,9,6,9,4,5,2,5,5,6,2,9,9,10,9,10,4,4,6,4,7,8,9,7,9,9,4,4,2,7,3,7,2,2,3,7,7,11,8,11,2,3,4,9,3,8,11,0,9,4,0,3,2,7,4,9,11,8,11,9,9,0,0,6,3,7,5,2,0
10,5,5,5,5,6,8,0,9,11,8,4,4,7,3,0,8,0,8,9,4,6,3,3,7,2,4,10,10,0,2,2,10,10,3,3,5,10,7,6,0,0,6,10,2,11,2,7,4,6,8,5,9,9,9,6,10,3,0,4,3,5,2,2,6,3,6,4,11,3,11,5,4,6,11,10,8,4,2,5,9,10,10,7,10,5,6,3,6,6,7,3,10,10,11,10,11,5,5,7,5,8,9,10,8,10,10,5,5,3,8,4,8,3,3,4,8,8,0,9,0,3,4,5,10,4,9,0,2,10,5,2,4,3,8,5,10,0,9,0,10,10,2,2,7,4,8,6,3,2
11,6,6,6,6,7,9,2,10,0,9,5,5,8,4,2,9,2,9,10,5,7,4,4,8,3,5,11,11,2,3,3,11,11,4,4,6,11,8,7,2,2,7,11,3,0,3,8,5,7,9,6,10,10,10,7,11,4,2,5,4,6,3,3,7,4,7,5,0,4,0,6,5,7,0,11,9,5,3,6,10,11,11,8,11,6,7,4,7,7,8,4,11,11,0,11,0,6,6,8,6,9,10,11,9,11,11,6,6,4,9,5,9,4,4,5,9,9,2,10,2,4,5,6,11,5,10,2,3,11,6,3,5,4,9,6,11,2,10,2,11,11,3,3,8,5,9,7,4,3
0,7,7,7,7,8,10,3,11,2,10,6,6,9,5,3,10,3,10,11,6,8,5,5,9,4,6,0,0,3,4,4,0,0,5,5,7,0,9,8,3,3,8,0,4,2,4,9,6,8,10,7,11,11,11,8,0,5,3,6,5,7,4,4,8,5,8,6,2,5,2,7,6,8,2,0,10,6,4,7,11,0,0,9,0,7,8,5,8,8,9,5,0,0,2,0,2,7,7,9,7,10,11,0,10,0,0,7,7,5,10,6,10,5,5,6,10,10,3,11,3,5,6,7,0,6,11,3,4,0,7,4,6,5,10,7,0,3,11,3,0,0,4,4,9,6,10,8,5,4
2,8,8,8,8,9,11,4,0,3,11,7,7,10,6,4,11,4,11,0,7,9,6,6,10,5,7,2,2,4,5,5,2,2,6,6,8,2,10,9,4,4,9,2,5,3,5,10,7,9,11,8,0,0,0,9,2,6,4,7,6,8,5,5,9,6,9,7,3,6,3,8,7,9,3,2,11,7,5,8,0,2,2,10,2,8,9,6,9,9,10,6,2,2,3,2,3,8,8,10,8,11,0,2,11,2,2,8,8,6,11,7,11,6,6,7,11,11,4,0,4,6,7,8,2,7,0,4,5,2,8,5,7,6,11,8,2,4,0,4,2,2,5,5,10,7,11,9,6,5
3,9,9,9,9,10,0,5,2,4,0,8,8,11,7,5,0,5,0,2,8,10,7,7,11,6,8,3,3,5,6,6,3,3,7,7,9,3,11,10,5,5,10,3,6,4,6,11,8,10,0,9,2,2,2,10,3,7,5,8,7,9,6,6,10,7,10,8,4,7,4,9,8,10,4,3,0,8,6,9,2,3,3,11,3,9,10,7,10,10,11,7,3,3,4,3,4,9,9,11,9,0,2,3,0,3,3,9,9,7,0,8,0,7,7,8,0,0,5,2,5,7,8,9,3,8,2,5,6,3,9,6,8,7,0,9,3,5,2,5,3,3,6,6,11,8,0,10,7,6
4,10,10,10,10,11,2,6,3,5,2,9,9,0,8,6,2,6,2,3,9,11,8,8,0,7,9,4,4,6,7,7,4,4,8,8,10,4,0,11,6,6,11,4,7,5,7,0,9,11,2,10,3,3,3,11,4,8,6,9,8,10,7,7,11,8,11,9,5,8,5,10,9,11,5,4,2,9,7,10,3,4,4,0,4,10,11,8,11,11,0,8,4,4,5,4,5,10,10,0,10,2,3,4,2,4,4,10,10,8,2,9,2,8,8,9,2,2,6,3,6,8,9,10,4,9,3,6,7,4,10,7,9,8,2,10,4,6,3,6,4,4,7,7,0,9,2,11,8,7
5,11,11,11,11,0,3,7,4,6,3,10,10,2,9,7,3,7,3,4,10,0,9,9,2,8,10,5,5,7,8,8,5,5,9,9,11,5,2,0,7,7,0,5,8,6,8,2,10,0,3,11,4,4,4,0,5,9,7,10,9,11,8,8,0,9,0,10,6,9,6,11,10,0,6,5,3,10,8,11,4,5,5,2,5,11,0,9,0,0,2,9,5,5,6,5,6,11,11,2,11,3,4,5,3,5,5,11,11,9,3,10,3,9,9,10,3,3,7,4,7,9,10,11,5,10,4,7,8,5,11,8,10,9,3,11,5,7,4,7,5,5,8,8,2,10,3,0,9,8
6,0,0,0,0,2,4,8,5,7,4,11,11,3,10,8,4,8,4,5,11,2,10,10,3,9,11,6,6,8,9,9,6,6,10,10,0,6,3,2,8,8,2,6,9,7,9,3,11,2,4,0,5,5,5,2,6,10,8,11,10,0,9,9,2,10,2,11,7,10,7,0,11,2,7,6,4,11,9,0,5,6,6,3,6,0,2,10,2,2,3,10,6,6,7,6,7,0,0,3,0,4,5,6,4,6,6,0,0,10,4,11,4,10,10,11,4,4,8,5,8,10,11,0,6,11,5,8,9,6,0,9,11,10,4,0,6,8,5,8,6,6,9,9,3,11,4,2,10,9
7,2,2,2,2,3,5,9,6,8,5,0,0,4,11,9,5,9,5,6,0,3,11,11,4,10,0,7,7,9,10,10,7,7,11,11,2,7,4,3,9,9,3,7,10,8,10,4,0,3,5,2,6,6,6,3,7,11,9,0,11,2,10,10,3,11,3,0,8,11,8,2,0,3,8,7,5,0,10,2,6,7,7,4,7,2,3,11,3,3,4,11,7,7,8,7,8,2,2,4,2,5,6,7,5,7,7,2,2,11,5,0,5,11,11,0,5,5,9,6,9,11,0,2,7,0,6,9,10,7,2,10,0,11,5,2,7,9,6,9,7,7,10,10,4,0,5,3,11,10
8,3,3,3,3,4,6,10,7,9,6,2,2,5,0,10,6,10,6,7,2,4,0,0,5,11,2,8,8,10,11,11,8,8,0,0,3,8,5,4,10,10,4,8,11,9,11,5,2,4,6,3,7,7,7,4,8,0,10,2,0,3,11,11,4,0,4,2,9,0,9,3,2,4,9,8,6,2,11,3,7,8,8,5,8,3,4,0,4,4,5,0,8,8,9,8,9,3,3,5,3,6,7,8,6,8,8,3,3,0,6,2,6,0,0,2,6,6,10,7,10,0,2,3,8,2,7,10,11,8,3,11,2,0,6,3,8,10,7,10,8,8,11,11,5,2,6,4,0,11
9,4,4,4,4,5,7,11,8,10,7,3,3,6,2,11,7,11,7,8,3,5,2,2,6,0,3,9,9,11,0,0,9,9,2,2,4,9,6,5,11,11,5,9,0,10,0,6,3,5,7,4,8,8,8,5,9,2,11,3,2,4,0,0,5,2,5,3,10,2,10,4,3,5,10,9,7,3,0,4,8,9,9,6,9,4,5,2,5,5,6,2,9,9,10,9,10,4,4,6,4,7,8,9,7,9,9,4,4,2,7,3,7,2,2,3,7,7,11,8,11,2,3,4,9,3,8,11,0,9,4,0,3,2,7,4,9,11,8,11,9,9,0,0,6,3,7,5,2,0
10,5,5,5,5,6,8,0,9,11,8,4,4,7,3,0,8,0,8,9,4,6,3,3,7,2,4,10,10,0,2,2,10,10,3,3,5,10,7,6,0,0,6,10,2,11,2,7,4,6,8,5,9,9,9,6,10,3,0,4,3,5,2,2,6,3,6,4,11,3,11,5,4,6,11,10,8,4,2,5,9,10,10,7,10,5,6,3,6,6,7,3,10,10,11,10,11,5,5,7,5,8,9,10,8,10,10,5,5,3,8,4,8,3,3,4,8,8,0,9,0,3,4,5,10,4,9,0,2,10,5,2,4,3,8,5,10,0,9,0,10,10,2,2,7,4,8,6,3,2
11,6,6,6,6,7,9,2,10,0,9,5,5,8,4,2,9,2,9,10,5,7,4,4,8,3,5,11,11,2,3,3,11,11,4,4,6,11,8,7,2,2,7,11,3,0,3,8,5,7,9,6,10,10,10,7,11,4,2,5,4,6,3,3,7,4,7,5,0,4,0,6,5,7,0,11,9,5,3,6,10,11,11,8,11,6,7,4,7,7,8,4,11,11,0,11,0,6,6,8,6,9,10,11,9,11,11,6,6,4,9,5,9,4,4,5,9,9,2,10,2,4,5,6,11,5,10,2,3,11,6,3,5,4,9,6,11,2,10,2,11,11,3,3,8,5,9,7,4,3
0,7,7,7,7,8,10,3,11,2,10,6,6,9,5,3,10,3,10,11,6,8,5,5,9,4,6,0,0,3,4,4,0,0,5,5,7,0,9,8,3,3,8,0,4,2,4,9,6,8,10,7,11,11,11,8,0,5,3,6,5,7,4,4,8,5,8,6,2,5,2,7,6,8,2,0,10,6,4,7,11,0,0,9,0,7,8,5,8,8,9,5,0,0,2,0,2,7,7,9,7,10,11,0,10,0,0,7,7,5,10,6,10,5,5,6,10,10,3,11,3,5,6,7,0,6,11,3,4,0,7,4,6,5,10,7,0,3,11,3,0,0,4,4,9,6,10,8,5,4
2,8,8,8,8,9,11,4,0,3,11,7,7,10,6,4,11,4,11,0,7,9,6,6,10,5,7,2,2,4,5,5,2,2,6,6,8,2,10,9,4,4,9,2,5,3,5,10,7,9,11,8,0,0,0,9,2,6,4,7,6,8,5,5,9,6,9,7,3,6,3,8,7,9,3,2,11,7,5,8,0,2,2,10,2,8,9,6,9,9,10,6,2,2,3,2,3,8,8,10,8,11,0,2,11,2,2,8,8,6,11,7,11,6,6,7,11,11,4,0,4,6,7,8,2,7,0,4,5,2,8,5,7,6,11,8,2,4,0,4,2,2,5,5,10,7,11,9,6,5
3,9,9,9,9,10,0,5,2,4,0,8,8,11,7,5,0,5,0,2,8,10,7,7,11,6,8,3,3,5,6,6,3,3,7,7,9,3,11,10,5,5,10,3,6,4,6,11,8,10,0,9,2,2,2,10,3,7,5,8,7,9,6,6,10,7,10,8,4,7,4,9,8,10,4,3,0,8,6,9,2,3,3,11,3,9,10,7,10,10,11,7,3,3,4,3,4,9,9,11,9,0,2,3,0,3,3,9,9,7,0,8,0,7,7,8,0,0,5,2,5,7,8,9,3,8,2,5,6,3,9,6,8,7,0,9,3,5,2,5,3,3,6,6,11,8,0,10,7,6
4,10,10,10,10,11,2,6,3,5,2,9,9,0,8,6,2,6,2,3,9,11,8,8,0,7,9,4,4,6,7,7,4,4,8,8,10,4,0,11,6,6,11,4,7,5,7,0,9,11,2,10,3,3,3,11,4,8,6,9,8,10,7,7,11,8,11,9,5,8,5,10,9,11,5,4,2,9,7,10,3,4,4,0,4,10,11,8,11,11,0,8,4,4,5,4,5,10,10,0,10,2,3,4,2,4,4,10,10,8,2,9,2,8,8,9,2,2,6,3,6,8,9,10,4,9,3,6,7,4,10,7,9,8,2,10,4,6,3,6,4,4,7,7,0,9,2,11,8,7
5,11,11,11,11,0,3,7,4,6,3,10,10,2,9,7,3,7,3,4,10,0,9,9,2,8,10,5,5,7,8,8,5,5,9,9,11,5,2,0,7,7,0,5,8,6,8,2,10,0,3,11,4,4,4,0,5,9,7,10,9,11,8,8,0,9,0,10,6,9,6,11,10,0,6,5,3,10,8,11,4,5,5,2,5,11,0,9,0,0,2,9,5,5,6,5,6,11,11,2,11,3,4,5,3,5,5,11,11,9,3,10,3,9,9,10,3,3,7,4,7,9,10,11,5,10,4,7,8,5,11,8,10,9,3,11,5,7,4,7,5,5,8,8,2,10,3,0,9,8
6,0,0,0,0,2,4,8,5,7,4,11,11,3,10,8,4,8,4,5,11,2,10,10,3,9,11,6,6,8,9,9,6,6,10,10,0,6,3,2,8,8,2,6,9,7,9,3,11,2,4,0,5,5,5,2,6,10,8,11,10,0,9,9,2,10,2,11,7,10,7,0,11,2,7,6,4,11,9,0,5,6,6,3,6,0,2,10,2,2,3,10,6,6,7,6,7,0,0,3,0,4,5,6,4,6,6,0,0,10,4,11,4,10,10,11,4,4,8,5,8,10,11,0,6,11,5,8,9,6,0,9,11,10,4,0,6,8,5,8,6,6,9,9,3,11,4,2,10,9
7,2,2,2,2,3,5,9,6,8,5,0,0,4,11,9,5,9,5,6,0,3,11,11,4,10,0,7,7,9,10,10,7,7,11,11,2,7,4,3,9,9,3,7,10,8,10,4,0,3,5,2,6,6,6,3,7,11,9,0,11,2,10,10,3,11,3,0,8,11,8,2,0,3,8,7,5,0,10,2,6,7,7,4,7,2,3,11,3,3,4,11,7,7,8,7,8,2,2,4,2,5,6,7,5,7,7,2,2,11,5,0,5,11,11,0,5,5,9,6,9,11,0,2,7,0,6,9,10,7,2,10,0,11,5,2,7,9,6,9,7,7,10,10,4,0,5,3,11,10
8,3,3,3,3,4,6,10,7,9,6,2,2,5,0,10,6,10,6,7,2,4,0,0,5,11,2,8,8,10,11,11,8,8,0,0,3,8,5,4,10,10,4,8,11,9,11,5,2,4,6,3,7,7,7,4,8,0,10,2,0,3,11,11,4,0,4,2,9,0,9,3,2,4,9,8,6,2,11,3,7,8,8,5,8,3,4,0,4,4,5,0,8,8,9,8,9,3,3,5,3,6,7,8,6,8,8,3,3,0,6,2,6,0,0,2,6,6,10,7,10,0,2,3,8,2,7,10,11,8,3,11,2,0,6,3,8,10,7,10,8,8,11,11,5,2,6,4,0,11
9,4,4,4,4,5,7,11,8,10,7,3,3,6,2,11,7,11,7,8,3,5,2,2,6,0,3,9,9,11,0,0,9,9,2,2,4,9,6,5,11,11,5,9,0,10,0,6,3,5,7,4,8,8,8,5,9,2,11,3,2,4,0,0,5,2,5,3,10,2,10,4,3,5,10,9,7,3,0,4,8,9,9,6,9,4,5,2,5,5,6,2,9,9,10,9,10,4,4,6,4,7,8,9,7,9,9,4,4,2,7,3,7,2,2,3,7,7,11,8,11,2,3,4,9,3,8,11,0,9,4,0,3,2,7,4,9,11,8,11,9,9,0,0,6,3,7,5,2,0
10,5,5,5,5,6,8,0,9,11,8,4,4,7,3,0,8,0,8,9,4,6,3,3,7,2,4,10,10,0,2,2,10,10,3,3,5,10,7,6,0,0,6,10,2,11,2,7,4,6,8,5,9,9,9,6,10,3,0,4,3,5,2,2,6,3,6,4,11,3,11,5,4,6,11,10,8,4,2,5,9,10,10,7,10,5,6,3,6,6,7,3,10,10,11,10,11,5,5,7,5,8,9,10,8,10,10,5,5,3,8,4,8,3,3,4,8,8,0,9,0,3,4,5,10,4,9,0,2,10,5,2,4,3,8,5,10,0,9,0,10,10,2,2,7,4,8,6,3,2
11,6,6,6,6,7,9,2,10,0,9,5,5,8,4,2,9,2,9,10,5,7,4,4,8,3,5,11,11,2,3,3,11,11,4,4,6,11,8,7,2,2,7,11,3,0,3,8,5,7,9,6,10,10,10,7,11,4,2,5,4,6,3,3,7,4,7,5,0,4,0,6,5,7,0,11,9,5,3,6,10,11,11,8,11,6,7,4,7,7,8,4,11,11,0,11,0,6,6,8,6,9,10,11,9,11,11,6,6,4,9,5,9,4,4,5,9,9,2,10,2,4,5,6,11,5,10,2,3,11,6,3,5,4,9,6,11,2,10,2,11,11,3,3,8,5,9,7,4,3
0,7,7,7,7,8,10,3,11,2,10,6,6,9,5,3,10,3,10,11,6,8,5,5,9,4,6,0,0,3,4,4,0,0,5,5,7,0,9,8,3,3,8,0,4,2,4,9,6,8,10,7,11,11,11,8,0,5,3,6,5,7,4,4,8,5,8,6,2,5,2,7,6,8,2,0,10,6,4,7,11,0,0,9,0,7,8,5,8,8,9,5,0,0,2,0,2,7,7,9,7,10,11,0,10,0,0,7,7,5,10,6,10,5,5,6,10,10,3,11,3,5,6,7,0,6,11,3,4,0,7,4,6,5,10,7,0,3,11,3,0,0,4,4,9,6,10,8,5,4
2,8,8,8,8,9,11,4,0,3,11,7,7,10,6,4,11,4,11,0,7,9,6,6,10,5,7,2,2,4,5,5,2,2,6,6,8,2,10,9,4,4,9,2,5,3,5,10,7,9,11,8,0,0,0,9,2,6,4,7,6,8,5,5,9,6,9,7,3,6,3,8,7,9,3,2,11,7,5,8,0,2,2,10,2,8,9,6,9,9,10,6,2,2,3,2,3,8,8,10,8,11,0,2,11,2,2,8,8,6,11,7,11,6,6,7,11,11,4,0,4,6,7,8,2,7,0,4,5,2,8,5,7,6,11,8,2,4,0,4,2,2,5,5,10,7,11,9,6,5
3,9,9,9,9,10,0,5,2,4,0,8,8,11,7,5,0,5,0,2,8,10,7,7,11,6,8,3,3,5,6,6,3,3,7,7,9,3,11,10,5,5,10,3,6,4,6,11,8,10,0,9,2,2,2,10,3,7,5,8,7,9,6,6,10,7,10,8,4,7,4,9,8,10,4,3,0,8,6,9,2,3,3,11,3,9,10,7,10,10,11,7,3,3,4,3,4,9,9,11,9,0,2,3,0,3,3,9,9,7,0,8,0,7,7,8,0,0,5,2,5,7,8,9,3,8,2,5,6,3,9,6,8,7,0,9,3,5,2,5,3,3,6,6,11,8,0,10,7,6
4,10,10,10,10,11,2,6,3,5,2,9,9,0,8,6,2,6,2,3,9,11,8,8,0,7,9,4,4,6,7,7,4,4,8,8,10,4,0,11,6,6,11,4,7,5,7,0,9,11,2,10,3,3,3,11,4,8,6,9,8,10,7,7,11,8,11,9,5,8,5,10,9,11,5,4,2,9,7,10,3,4,4,0,4,10,11,8,11,11,0,8,4,4,5,4,5,10,10,0,10,2,3,4,2,4,4,10,10,8,2,9,2,8,8,9,2,2,6,3,6,8,9,10,4,9,3,6,7,4,10,7,9,8,2,10,4,6,3,6,4,4,7,7,0,9,2,11,8,7
5,11,11,11,11,0,3,7,4,6,3,10,10,2,9,7,3,7,3,4,10,0,9,9,2,8,10,5,5,7,8,8,5,5,9,9,11,5,2,0,7,7,0,5,8,6,8,2,10,0,3,11,4,4,4,0,5,9,7,10,9,11,8,8,0,9,0,10,6,9,6,11,10,0,6,5,3,10,8,11,4,5,5,2,5,11,0,9,0,0,2,9,5,5,6,5,6,11,11,2,11,3,4,5,3,5,5,11,11,9,3,10,3,9,9,10,3,3,7,4,7,9,10,11,5,10,4,7,8,5,11,8,10,9,3,11,5,7,4,7,5,5,8,8,2,10,3,0,9,8
6,0,0,0,0,2,4,8,5,7,4,11,11,3,10,8,4,8,4,5,11,2,10,10,3,9,11,6,6,8,9,9,6,6,10,10,0,6,3,2,8,8,2,6,9,7,9,3,11,2,4,0,5,5,5,2,6,10,8,11,10,0,9,9,2,10,2,11,7,10,7,0,11,2,7,6,4,11,9,0,5,6,6,3,6,0,2,10,2,2,3,10,6,6,7,6,7,0,0,3,0,4,5,6,4,6,6,0,0,10,4,11,4,10,10,11,4,4,8,5,8,10,11,0,6,11,5,8,9,6,0,9,11,10,4,0,6,8,5,8,6,6,9,9,3,11,4,2,10,9
7,2,2,2,2,3,5,9,6,8,5,0,0,4,11,9,5,9,5,6,0,3,11,11,4,10,0,7,7,9,10,10,7,7,11,11,2,7,4,3,9,9,3,7,10,8,10,4,0,3,5,2,6,6,6,3,7,11,9,0,11,2,10,10,3,11,3,0,8,11,8,2,0,3,8,7,5,0,10,2,6,7,7,4,7,2,3,11,3,3,4,11,7,7,8,7,8,2,2,4,2,5,6,7,5,7,7,2,2,11,5,0,5,11,11,0,5,5,9,6,9,11,0,2,7,0,6,9,10,7,2,10,0,11,5,2,7,9,6,9,7,7,10,10,4,0,5,3,11,10
8,3,3,3,3,4,6,10,7,9,6,2,2,5,0,10,6,10,6,7,2,4,0,0,5,11,2,8,8,10,11,11,8,8,0,0,3,8,5,4,10,10,4,8,11,9,11,5,2,4,6,3,7,7,7,4,8,0,10,2,0,3,11,11,4,0,4,2,9,0,9,3,2,4,9,8,6,2,11,3,7,8,8,5,8,3,4,0,4,4,5,0,8,8,9,8,9,3,3,5,3,6,7,8,6,8,8,3,3,0,6,2,6,0,0,2,6,6,10,7,10,0,2,3,8,2,7,10,11,8,3,11,2,0,6,3,8,10,7,10,8,8,11,11,5,2,6,4,0,11
9,4,4,4,4,5,7,11,8,10,7,3,3,6,2,11,7,11,7,8,3,5,2,2,6,0,3,9,9,11,0,0,9,9,2,2,4,9,6,5,11,11,5,9,0,10,0,6,3,5,7,4,8,8,8,5,9,2,11,3,2,4,0,0,5,2,5,3,10,2,10,4,3,5,10,9,7,3,0,4,8,9,9,6,9,4,5,2,5,5,6,2,9,9,10,9,10,4,4,6,4,7,8,9,7,9,9,4,4,2,7,3,7,2,2,3,7,7,11,8,11,2,3,4,9,3,8,11,0,9,4,0,3,2,7,4,9,11,8,11,9,9,0,0,6,3,7,5,2,0
10,5,5,5,5,6,8,0,9,11,8,4,4,7,3,0,8,0,8,9,4,6,3,3,7,2,4,10,10,0,2,2,10,10,3,3,5,10,7,6,0,0,6,10,2,11,2,7,4,6,8,5,9,9,9,6,10,3,0,4,3,5,2,2,6,3,6,4,11,3,11,5,4,6,11,10,8,4,2,5,9,10,10,7,10,5,6,3,6,6,7,3,10,10,11,10,11,5,5,7,5,8,9,10,8,10,10,5,5,3,8,4,8,3,3,4,8,8,0,9,0,3,4,5,10,4,9,0,2,10,5,2,4,3,8,5,10,0,9,0,10,10,2,2,7,4,8,6,3,2
11,6,6,6,6,7,9,2,10,0,9,5,5,8,4,2,9,2,9,10,5,7,4,4,8,3,5,11,11,2,3,3,11,11,4,4,6,11,8,7,2,2,7,11,3,0,3,8,5,7,9,6,10,10,10,7,11,4,2,5,4,6,3,3,7,4,7,5,0,4,0,6,5,7,0,11,9,5,3,6,10,11,11,8,11,6,7,4,7,7,8,4,11,11,0,11,0,6,6,8,6,9,10,11,9,11,11,6,6,4,9,5,9,4,4,5,9,9,2,10,2,4,5,6,11,5,10,2,3,11,6,3,5,4,9,6,11,2,10,2,11,11,3,3,8,5,9,7,4,3
0,7,7,7,7,8,10,3,11,2,10,6,6,9,5,3,10,3,10,11,6,8,5,5,9,4,6,0,0,3,4,4,0,0,5,5,7,0,9,8,3,3,8,0,4,2,4,9,6,8,10,7,11,11,11,8,0,5,3,6,5,7,4,4,8,5,8,6,2,5,2,7,6,8,2,0,10,6,4,7,11,0,0,9,0,7,8,5,8,8,9,5,0,0,2,0,2,7,7,9,7,10,11,0,10,0,0,7,7,5,10,6,10,5,5,6,10,10,3,11,3,5,6,7,0,6,11,3,4,0,7,4,6,5,10,7,0,3,11,3,0,0,4,4,9,6,10,8,5,4
2,8,8,8,8,9,11,4,0,3,11,7,7,10,6,4,11,4,11,0,7,9,6,6,10,5,7,2,2,4,5,5,2,2,6,6,8,2,10,9,4,4,9,2,5,3,5,10,7,9,11,8,0,0,0,9,2,6,4,7,6,8,5,5,9,6,9,7,3,6,3,8,7,9,3,2,11,7,5,8,0,2,2,10,2,8,9,6,9,9,10,6,2,2,3,2,3,8,8,10,8,11,0,2,11,2,2,8,8,6,11,7,11,6,6,7,11,11,4,0,4,6,7,8,2,7,0,4,5,2,8,5,7,6,11,8,2,4,0,4,2,2,5,5,10,7,11,9,6,5
3,9,9,9,9,10,0,5,2,4,0,8,8,11,7,5,0,5,0,2,8,10,7,7,11,6,8,3,3,5,6,6,3,3,7,7,9,3,11,10,5,5,10,3,6,4,6,11,8,10,0,9,2,2,2,10,3,7,5,8,7,9,6,6,10,7,10,8,4,7,4,9,8,10,4,3,0,8,6,9,2,3,3,11,3,9,10,7,10,10,11,7,3,3,4,3,4,9,9,11,9,0,2,3,0,3,3,9,9,7,0,8,0,7,7,8,0,0,5,2,5,7,8,9,3,8,2,5,6,3,9,6,8,7,0,9,3,5,2,5,3,3,6,6,11,8,0,10,7,6
4,10,10,10,10,11,2,6,3,5,2,9,9,0,8,6,2,6,2,3,9,11,8,8,0,7,9,4,4,6,7,7,4,4,8,8,10,4,0,11,6,6,11,4,7,5,7,0,9,11,2,10,3,3,3,11,4,8,6,9,8,10,7,7,11,8,11,9,5,8,5,10,9,11,5,4,2,9,7,10,3,4,4,0,4,10,11,8,11,11,0,8,4,4,5,4,5,10,10,0,10,2,3,4,2,4,4,10,10,8,2,9,2,8,8,9,2,2,6,3,6,8,9,10,4,9,3,6,7,4,10,7,9,8,2,10,4,6,3,6,4,4,7,7,0,9,2,11,8,7
5,11,11,11,11,0,3,7,4,6,3,10,10,2,9,7,3,7,3,4,10,0,9,9,2,8,10,5,5,7,8,8,5,5,9,9,11,5,2,0,7,7,0,5,8,6,8,2,10,0,3,11,4,4,4,0,5,9,7,10,9,11,8,8,0,9,0,10,6,9,6,11,10,0,6,5,3,10,8,11,4,5,5,2,5,11,0,9,0,0,2,9,5,5,6,5,6,11,11,2,11,3,4,5,3,5,5,11,11,9,3,10,3,9,9,10,3,3,7,4,7,9,10,11,5,10,4,7,8,5,11,8,10,9,3,11,5,7,4,7,5,5,8,8,2,10,3,0,9,8
6,0,0,0,0,2,4,8,5,7,4,11,11,3,10,8,4,8,4,5,11,2,10,10,3,9,11,6,6,8,9,9,6,6,10,10,0,6,3,2,8,8,2,6,9,7,9,3,11,2,4,0,5,5,5,2,6,10,8,11,10,0,9,9,2,10,2,11,7,10,7,0,11,2,7,6,4,11,9,0,5,6,6,3,6,0,2,10,2,2,3,10,6,6,7,6,7,0,0,3,0,4,5,6,4,6,6,0,0,10,4,11,4,10,10,11,4,4,8,5,8,10,11,0,6,11,5,8,9,6,0,9,11,10,4,0,6,8,5,8,6,6,9,9,3,11,4,2,10,9
7,2,2,2,2,3,5,9,6,8,5,0,0,4,11,9,5,9,5,6,0,3,11,11,4,10,0,7,7,9,10,10,7,7,11,11,2,7,4,3,9,9,3,7,10,8,10,4,0,3,5,2,6,6,6,3,7,11,9,0,11,2,10,10,3,11,3,0,8,11,8,2,0,3,8,7,5,0,10,2,6,7,7,4,7,2,3,11,3,3,4,11,7,7,8,7,8,2,2,4,2,5,6,7,5,7,7,2,2,11,5,0,5,11,11,0,5,5,9,6,9,11,0,2,7,0,6,9,10,7,2,10,0,11,5,2,7,9,6,9,7,7,10,10,4,0,5,3,11,10
8,3,3,3,3,4,6,10,7,9,6,2,2,5,0,10,6,10,6,7,2,4,0,0,5,11,2,8,8,10,11,11,8,8,0,0,3,8,5,4,10,10,4,8,11,9,11,5,2,4,6,3,7,7,7,4,8,0,10,2,0,3,11,11,4,0,4,2,9,0,9,3,2,4,9,8,6,2,11,3,7,8,8,5,8,3,4,0,4,4,5,0,8,8,9,8,9,3,3,5,3,6,7,8,6,8,8,3,3,0,6,2,6,0,0,2,6,6,10,7,10,0,2,3,8,2,7,10,11,8,3,11,2,0,6,3,8,10,7,10,8,8,11,11,5,2,6,4,0,11
9,4,4,4,4,5,7,11,8,10,7,3,3,6,2,11,7,11,7,8,3,5,2,2,6,0,3,9,9,11,0,0,9,9,2,2,4,9,6,5,11,11,5,9,0,10,0,6,3,5,7,4,8,8,8,5,9,2,11,3,2,4,0,0,5,2,5,3,10,2,10,4,3,5,10,9,7,3,0,4,8,9,9,6,9,4,5,2,5,5,6,2,9,9,10,9,10,4,4,6,4,7,8,9,7,9,9,4,4,2,7,3,7,2,2,3,7,7,11,8,11,2,3,4,9,3,8,11,0,9,4,0,3,2,7,4,9,11,8,11,9,9,0,0,6,3,7,5,2,0
10,5,5,5,5,6,8,0,9,11,8,4,4,7,3,0,8,0,8,9,4,6,3,3,7,2,4,10,10,0,2,2,10,10,3,3,5,10,7,6,0,0,6,10,2,11,2,7,4,6,8,5,9,9,9,6,10,3,0,4,3,5,2,2,6,3,6,4,11,3,11,5,4,6,11,10,8,4,2,5,9,10,10,7,10,5,6,3,6,6,7,3,10,10,11,10,11,5,5,7,5,8,9,10,8,10,10,5,5,3,8,4,8,3,3,4,8,8,0,9,0,3,4,5,10,4,9,0,2,10,5,2,4,3,8,5,10,0,9,0,10,10,2,2,7,4,8,6,3,2
11,6,6,6,6,7,9,2,10,0,9,5,5,8,4,2,9,2,9,10,5,7,4,4,8,3,5,11,11,2,3,3,11,11,4,4,6,11,8,7,2,2,7,11,3,0,3,8,5,7,9,6,10,10,10,7,11,4,2,5,4,6,3,3,7,4,7,5,0,4,0,6,5,7,0,11,9,5,3,6,10,11,11,8,11,6,7,4,7,7,8,4,11,11,0,11,0,6,6,8,6,9,10,11,9,11,11,6,6,4,9,5,9,4,4,5,9,9,2,10,2,4,5,6,11,5,10,2,3,11,6,3,5,4,9,6,11,2,10,2,11,11,3,3,8,5,9,7,4,3
0,7,7,7,7,8,10,3,11,2,10,6,6,9,5,3,10,3,10,11,6,8,5,5,9,4,6,0,0,3,4,4,0,0,5,5,7,0,9,8,3,3,8,0,4,2,4,9,6,8,10,7,11,11,11,8,0,5,3,6,5,7,4,4,8,5,8,6,2,5,2,7,6,8,2,0,10,6,4,7,11,0,0,9,0,7,8,5,8,8,9,5,0,0,2,0,2,7,7,9,7,10,11,0,10,0,0,7,7,5,10,6,10,5,5,6,10,10,3,11,3,5,6,7,0,6,11,3,4,0,7,4,6,5,10,7,0,3,11,3,0,0,4,4,9,6,10,8,5,4
2,8,8,8,8,9,11,4,0,3,11,7,7,10,6,4,11,4,11,0,7,9,6,6,10,5,7,2,2,4,5,5,2,2,6,6,8,2,10,9,4,4,9,2,5,3,5,10,7,9,11,8,0,0,0,9,2,6,4,7,6,8,5,5,9,6,9,7,3,6,3,8,7,9,3,2,11,7,5,8,0,2,2,10,2,8,9,6,9,9,10,6,2,2,3,2,3,8,8,10,8,11,0,2,11,2,2,8,8,6,11,7,11,6,6,7,11,11,4,0,4,6,7,8,2,7,0,4,5,2,8,5,7,6,11,8,2,4,0,4,2,2,5,5,10,7,11,9,6,5
3,9,9,9,9,10,0,5,2,4,0,8,8,11,7,5,0,5,0,2,8,10,7,7,11,6,8,3,3,5,6,6,3,3,7,7,9,3,11,10,5,5,10,3,6,4,6,11,8,10,0,9,2,2,2,10,3,7,5,8,7,9,6,6,10,7,10,8,4,7,4,9,8,10,4,3,0,8,6,9,2,3,3,11,3,9,10,7,10,10,11,7,3,3,4,3,4,9,9,11,9,0,2,3,0,3,3,9,9,7,0,8,0,7,7,8,0,0,5,2,5,7,8,9,3,8,2,5,6,3,9,6,8,7,0,9,3,5,2,5,3,3,6,6,11,8,0,10,7,6
4,10,10,10,10,11,2,6,3,5,2,9,9,0,8,6,2,6,2,3,9,11,8,8,0,7,9,4,4,6,7,7,4,4,8,8,10,4,0,11,6,6,11,4,7,5,7,0,9,11,2,10,3,3,3,11,4,8,6,9,8,10,7,7,11,8,11,9,5,8,5,10,9,11,5,4,2,9,7,10,3,4,4,0,4,10,11,8,11,11,0,8,4,4,5,4,5,10,10,0,10,2,3,4,2,4,4,10,10,8,2,9,2,8,8,9,2,2,6,3,6,8,9,10,4,9,3,6,7,4,10,7,9,8,2,10,4,6,3,6,4,4,7,7,0,9,2,11,8,7
5,11,11,11,11,0,3,7,4,6,3,10,10,2,9,7,3,7,3,4,10,0,9,9,2,8,10,5,5,7,8,8,5,5,9,9,11,5,2,0,7,7,0,5,8,6,8,2,10,0,3,11,4,4,4,0,5,9,7,10,9,11,8,8,0,9,0,10,6,9,6,11,10,0,6,5,3,10,8,11,4,5,5,2,5,11,0,9,0,0,2,9,5,5,6,5,6,11,11,2,11,3,4,5,3,5,5,11,11,9,3,10,3,9,9,10,3,3,7,4,7,9,10,11,5,10,4,7,8,5,11,8,10,9,3,11,5,7,4,7,5,5,8,8,2,10,3,0,9,8
6,0,0,0,0,2,4,8,5,7,4,11,11,3,10,8,4,8,4,5,11,2,10,10,3,9,11,6,6,8,9,9,6,6,10,10,0,6,3,2,8,8,2,6,9,7,9,3,11,2,4,0,5,5,5,2,6,10,8,11,10,0,9,9,2,10,2,11,7,10,7,0,11,2,7,6,4,11,9,0,5,6,6,3,6,0,2,10,2,2,3,10,6,6,7,6,7,0,0,3,0,4,5,6,4,6,6,0,0,10,4,11,4,10,10,11,4,4,8,5,8,10,11,0,6,11,5,8,9,6,0,9,11,10,4,0,6,8,5,8,6,6,9,9,3,11,4,2,10,9
7,2,2,2,2,3,5,9,6,8,5,0,0,4,11,9,5,9,5,6,0,3,11,11,4,10,0,7,7,9,10,10,7,7,11,11,2,7,4,3,9,9,3,7,10,8,10,4,0,3,5,2,6,6,6,3,7,11,9,0,11,2,10,10,3,11,3,0,8,11,8,2,0,3,8,7,5,0,10,2,6,7,7,4,7,2,3,11,3,3,4,11,7,7,8,7,8,2,2,4,2,5,6,7,5,7,7,2,2,11,5,0,5,11,11,0,5,5,9,6,9,11,0,2,7,0,6,9,10,7,2,10,0,11,5,2,7,9,6,9,7,7,10,10,4,0,5,3,11,10
8,3,3,3,3,4,6,10,7,9,6,2,2,5,0,10,6,10,6,7,2,4,0,0,5,11,2,8,8,10,11,11,8,8,0,0,3,8,5,4,10,10,4,8,11,9,11,5,2,4,6,3,7,7,7,4,8,0,10,2,0,3,11,11,4,0,4,2,9,0,9,3,2,4,9,8,6,2,11,3,7,8,8,5,8,3,4,0,4,4,5,0,8,8,9,8,9,3,3,5,3,6,7,8,6,8,8,3,3,0,6,2,6,0,0,2,6,6,10,7,10,0,2,3,8,2,7,10,11,8,3,11,2,0,6,3,8,10,7,10,8,8,11,11,5,2,6,4,0,11
9,4,4,4,4,5,7,11,8,10,7,3,3,6,2,11,7,11,7,8,3,5,2,2,6,0,3,9,9,11,0,0,9,9,2,2,4,9,6,5,11,11,5,9,0,10,0,6,3,5,7,4,8,8,8,5,9,2,11,3,2,4,0,0,5,2,5,3,10,2,10,4,3,5,10,9,7,3,0,4,8,9,9,6,9,4,5,2,5,5,6,2,9,9,10,9,10,4,4,6,4,7,8,9,7,9,9,4,4,2,7,3,7,2,2,3,7,7,11,8,11,2,3,4,9,3,8,11,0,9,4,0,3,2,7,4,9,11,8,11,9,9,0,0,6,3,7,5,2,0
10,5,5,5,5,6,8,0,9,11,8,4,4,7,3,0,8,0,8,9,4,6,3,3,7,2,4,10,10,0,2,2,10,10,3,3,5,10,7,6,0,0,6,10,2,11,2,7,4,6,8,5,9,9,9,6,10,3,0,4,3,5,2,2,6,3,6,4,11,3,11,5,4,6,11,10,8,4,2,5,9,10,10,7,10,5,6,3,6,6,7,3,10,10,11,10,11,5,5,7,5,8,9,10,8,10,10,5,5,3,8,4,8,3,3,4,8,8,0,9,0,3,4,5,10,4,9,0,2,10,5,2,4,3,8,5,10,0,9,0,10,10,2,2,7,4,8,6,3,2
11,6,6,6,6,7,9,2,10,0,9,5,5,8,4,2,9,2,9,10,5,7,4,4,8,3,5,11,11,2,3,3,11,11,4,4,6,11,8,7,2,2,7,11,3,0,3,8,5,7,9,6,10,10,10,7,11,4,2,5,4,6,3,3,7,4,7,5,0,4,0,6,5,7,0,11,9,5,3,6,10,11,11,8,11,6,7,4,7,7,8,4,11,11,0,11,0,6,6,8,6,9,10,11,9,11,11,6,6,4,9,5,9,4,4,5,9,9,2,10,2,4,5,6,11,5,10,2,3,11,6,3,5,4,9,6,11,2,10,2,11,11,3,3,8,5,9,7,4,3
0,7,7,7,7,8,10,3,11,2,10,6,6,9,5,3,10,3,10,11,6,8,5,5,9,4,6,0,0,3,4,4,0,0,5,5,7,0,9,8,3,3,8,0,4,2,4,9,6,8,10,7,11,11,11,8,0,5,3,6,5,7,4,4,8,5,8,6,2,5,2,7,6,8,2,0,10,6,4,7,11,0,0,9,0,7,8,5,8,8,9,5,0,0,2,0,2,7,7,9,7,10,11,0,10,0,0,7,7,5,10,6,10,5,5,6,10,10,3,11,3,5,6,7,0,6,11,3,4,0,7,4,6,5,10,7,0,3,11,3,0,0,4,4,9,6,10,8,5,4
2,8,8,8,8,9,11,4,0,3,11,7,7,10,6,4,11,4,11,0,7,9,6,6,10,5,7,2,2,4,5,5,2,2,6,6,8,2,10,9,4,4,9,2,5,3,5,10,7,9,11,8,0,0,0,9,2,6,4,7,6,8,5,5,9,6,9,7,3,6,3,8,7,9,3,2,11,7,5,8,0,2,2,10,2,8,9,6,9,9,10,6,2,2,3,2,3,8,8,10,8,11,0,2,11,2,2,8,8,6,11,7,11,6,6,7,11,11,4,0,4,6,7,8,2,7,0,4,5,2,8,5,7,6,11,8,2,4,0,4,2,2,5,5,10,7,11,9,6,5
3,9,9,9,9,10,0,5,2,4,0,8,8,11,7,5,0,5,0,2,8,10,7,7,11,6,8,3,3,5,6,6,3,3,7,7,9,3,11,10,5,5,10,3,6,4,6,11,8,10,0,9,2,2,2,10,3,7,5,8,7,9,6,6,10,7,10,8,4,7,4,9,8,10,4,3,0,8,6,9,2,3,3,11,3,9,10,7,10,10,11,7,3,3,4,3,4,9,9,11,9,0,2,3,0,3,3,9,9,7,0,8,0,7,7,8,0,0,5,2,5,7,8,9,3,8,2,5,6,3,9,6,8,7,0,9,3,5,2,5,3,3,6,6,11,8,0,10,7,6
4,10,10,10,10,11,2,6,3,5,2,9,9,0,8,6,2,6,2,3,9,11,8,8,0,7,9,4,4,6,7,7,4,4,8,8,10,4,0,11,6,6,11,4,7,5,7,0,9,11,2,10,3,3,3,11,4,8,6,9,8,10,7,7,11,8,11,9,5,8,5,10,9,11,5,4,2,9,7,10,3,4,4,0,4,10,11,8,11,11,0,8,4,4,5,4,5,10,10,0,10,2,3,4,2,4,4,10,10,8,2,9,2,8,8,9,2,2,6,3,6,8,9,10,4,9,3,6,7,4,10,7,9,8,2,10,4,6,3,6,4,4,7,7,0,9,2,11,8,7
5,11,11,11,11,0,3,7,4,6,3,10,10,2,9,7,3,7,3,4,10,0,9,9,2,8,10,5,5,7,8,8,5,5,9,9,11,5,2,0,7,7,0,5,8,6,8,2,10,0,3,11,4,4,4,0,5,9,7,10,9,11,8,8,0,9,0,10,6,9,6,11,10,0,6,5,3,10,8,11,4,5,5,2,5,11,0,9,0,0,2,9,5,5,6,5,6,11,11,2,11,3,4,5,3,5,5,11,11,9,3,10,3,9,9,10,3,3,7,4,7,9,10,11,5,10,4,7,8,5,11,8,10,9,3,11,5,7,4,7,5,5,8,8,2,10,3,0,9,8
6,0,0,0,0,2,4,8,5,7,4,11,11,3,10,8,4,8,4,5,11,2,10,10,3,9,11,6,6,8,9,9,6,6,10,10,0,6,3,2,8,8,2,6,9,7,9,3,11,2,4,0,5,5,5,2,6,10,8,11,10,0,9,9,2,10,2,11,7,10,7,0,11,2,7,6,4,11,9,0,5,6,6,3,6,0,2,10,2,2,3,10,6,6,7,6,7,0,0,3,0,4,5,6,4,6,6,0,0,10,4,11,4,10,10,11,4,4,8,5,8,10,11,0,6,11,5,8,9,6,0,9,11,10,4,0,6,8,5,8,6,6,9,9,3,11,4,2,10,9
7,2,2,2,2,3,5,9,6,8,5,0,0,4,11,9,5,9,5,6,0,3,11,11,4,10,0,7,7,9,10,10,7,7,11,11,2,7,4,3,9,9,3,7,10,8,10,4,0,3,5,2,6,6,6,3,7,11,9,0,11,2,10,10,3,11,3,0,8,11,8,2,0,3,8,7,5,0,10,2,6,7,7,4,7,2,3,11,3,3,4,11,7,7,8,7,8,2,2,4,2,5,6,7,5,7,7,2,2,11,5,0,5,11,11,0,5,5,9,6,9,11,0,2,7,0,6,9,10,7,2,10,0,11,5,2,7,9,6,9,7,7,10,10,4,0,5,3,11,10
8,3,3,3,3,4,6,10,7,9,6,2,2,5,0,10,6,10,6,7,2,4,0,0,5,11,2,8,8,10,11,11,8,8,0,0,3,8,5,4,10,10,4,8,11,9,11,5,2,4,6,3,7,7,7,4,8,0,10,2,0,3,11,11,4,0,4,2,9,0,9,3,2,4,9,8,6,2,11,3,7,8,8,5,8,3,4,0,4,4,5,0,8,8,9,8,9,3,3,5,3,6,7,8,6,8,8,3,3,0,6,2,6,0,0,2,6,6,10,7,10,0,2,3,8,2,7,10,11,8,3,11,2,0,6,3,8,10,7,10,8,8,11,11,5,2,6,4,0,11
9,4,4,4,4,5,7,11,8,10,7,3,3,6,2,11,7,11,7,8,3,5,2,2,6,0,3,9,9,11,0,0,9,9,2,2,4,9,6,5,11,11,5,9,0,10,0,6,3,5,7,4,8,8,8,5,9,2,11,3,2,4,0,0,5,2,5,3,10,2,10,4,3,5,10,9,7,3,0,4,8,9,9,6,9,4,5,2,5,5,6,2,9,9,10,9,10,4,4,6,4,7,8,9,7,9,9,4,4,2,7,3,7,2,2,3,7,7,11,8,11,2,3,4,9,3,8,11,0,9,4,0,3,2,7,4,9,11,8,11,9,9,0,0,6,3,7,5,2,0
10,5,5,5,5,6,8,0,9,11,8,4,4,7,3,0,8,0,8,9,4,6,3,3,7,2,4,10,10,0,2,2,10,10,3,3,5,10,7,6,0,0,6,10,2,11,2,7,4,6,8,5,9,9,9,6,10,3,0,4,3,5,2,2,6,3,6,4,11,3,11,5,4,6,11,10,8,4,2,5,9,10,10,7,10,5,6,3,6,6,7,3,10,10,11,10,11,5,5,7,5,8,9,10,8,10,10,5,5,3,8,4,8,3,3,4,8,8,0,9,0,3,4,5,10,4,9,0,2,10,5,2,4,3,8,5,10,0,9,0,10,10,2,2,7,4,8,6,3,2
11,6,6,6,6,7,9,2,10,0,9,5,5,8,4,2,9,2,9,10,5,7,4,4,8,3,5,11,11,2,3,3,11,11,4,4,6,11,8,7,2,2,7,11,3,0,3,8,5,7,9,6,10,10,10,7,11,4,2,5,4,6,3,3,7,4,7,5,0,4,0,6,5,7,0,11,9,5,3,6,10,11,11,8,11,6,7,4,7,7,8,4,11,11,0,11,0,6,6,8,6,9,10,11,9,11,11,6,6,4,9,5,9,4,4,5,9,9,2,10,2,4,5,6,11,5,10,2,3,11,6,3,5,4,9,6,11,2,10,2,11,11,3,3,8,5,9,7,4,3
0,7,7,7,7,8,10,3,11,2,10,6,6,9,5,3,10,3,10,11,6,8,5,5,9,4,6,0,0,3,4,4,0,0,5,5,7,0,9,8,3,3,8,0,4,2,4,9,6,8,10,7,11,11,11,8,0,5,3,6,5,7,4,4,8,5,8,6,2,5,2,7,6,8,2,0,10,6,4,7,11,0,0,9,0,7,8,5,8,8,9,5,0,0,2,0,2,7,7,9,7,10,11,0,10,0,0,7,7,5,10,6,10,5,5,6,10,10,3,11,3,5,6,7,0,6,11,3,4,0,7,4,6,5,10,7,0,3,11,3,0,0,4,4,9,6,10,8,5,4
2,8,8,8,8,9,11,4,0,3,11,7,7,10,6,4,11,4,11,0,7,9,6,6,10,5,7,2,2,4,5,5,2,2,6,6,8,2,10,9,4,4,9,2,5,3,5,10,7,9,11,8,0,0,0,9,2,6,4,7,6,8,5,5,9,6,9,7,3,6,3,8,7,9,3,2,11,7,5,8,0,2,2,10,2,8,9,6,9,9,10,6,2,2,3,2,3,8,8,10,8,11,0,2,11,2,2,8,8,6,11,7,11,6,6,7,11,11,4,0,4,6,7,8,2,7,0,4,5,2,8,5,7,6,11,8,2,4,0,4,2,2,5,5,10,7,11,9,6,5
3,9,9,9,9,10,0,5,2,4,0,8,8,11,7,5,0,5,0,2,8,10,7,7,11,6,8,3,3,5,6,6,3,3,7,7,9,3,11,10,5,5,10,3,6,4,6,11,8,10,0,9,2,2,2,10,3,7,5,8,7,9,6,6,10,7,10,8,4,7,4,9,8,10,4,3,0,8,6,9,2,3,3,11,3,9,10,7,10,10,11,7,3,3,4,3,4,9,9,11,9,0,2,3,0,3,3,9,9,7,0,8,0,7,7,8,0,0,5,2,5,7,8,9,3,8,2,5,6,3,9,6,8,7,0,9,3,5,2,5,3,3,6,6,11,8,0,10,7,6
4,10,10,10,10,11,2,6,3,5,2,9,9,0,8,6,2,6,2,3,9,11,8,8,0,7,9,4,4,6,7,7,4,4,8,8,10,4,0,11,6,6,11,4,7,5,7,0,9,11,2,10,3,3,3,11,4,8,6,9,8,10,7,7,11,8,11,9,5,8,5,10,9,11,5,4,2,9,7,10,3,4,4,0,4,10,11,8,11,11,0,8,4,4,5,4,5,10,10,0,10,2,3,4,2,4,4,10,10,8,2,9,2,8,8,9,2,2,6,3,6,8,9,10,4,9,3,6,7,4,10,7,9,8,2,10,4,6,3,6,4,4,7,7,0,9,2,11,8,7
5,11,11,11,11,0,3,7,4,6,3,10,10,2,9,7,3,7,3,4,10,0,9,9,2,8,10,5,5,7,8,8,5,5,9,9,11,5,2,0,7,7,0,5,8,6,8,2,10,0,3,11,4,4,4,0,5,9,7,10,9,11,8,8,0,9,0,10,6,9,6,11,10,0,6,5,3,10,8,11,4,5,5,2,5,11,0,9,0,0,2,9,5,5,6,5,6,11,11,2,11,3,4,5,3,5,5,11,11,9,3,10,3,9,9,10,3,3,7,4,7,9,10,11,5,10,4,7,8,5,11,8,10,9,3,11,5,7,4,7,5,5,8,8,2,10,3,0,9,8
6,0,0,0,0,2,4,8,5,7,4,11,11,3,10,8,4,8,4,5,11,2,10,10,3,9,11,6,6,8,9,9,6,6,10,10,0,6,3,2,8,8,2,6,9,7,9,3,11,2,4,0,5,5,5,2,6,10,8,11,10,0,9,9,2,10,2,11,7,10,7,0,11,2,7,6,4,11,9,0,5,6,6,3,6,0,2,10,2,2,3,10,6,6,7,6,7,0,0,3,0,4,5,6,4,6,6,0,0,10,4,11,4,10,10,11,4,4,8,5,8,10,11,0,6,11,5,8,9,6,0,9,11,10,4,0,6,8,5,8,6,6,9,9,3,11,4,2,10,9
7,2,2,2,2,3,5,9,6,8,5,0,0,4,11,9,5,9,5,6,0,3,11,11,4,10,0,7,7,9,10,10,7,7,11,11,2,7,4,3,9,9,3,7,10,8,10,4,0,3,5,2,6,6,6,3,7,11,9,0,11,2,10,10,3,11,3,0,8,11,8,2,0,3,8,7,5,0,10,2,6,7,7,4,7,2,3,11,3,3,4,11,7,7,8,7,8,2,2,4,2,5,6,7,5,7,7,2,2,11,5,0,5,11,11,0,5,5,9,6,9,11,0,2,7,0,6,9,10,7,2,10,0,11,5,2,7,9,6,9,7,7,10,10,4,0,5,3,11,10
8,3,3,3,3,4,6,10,7,9,6,2,2,5,0,10,6,10,6,7,2,4,0,0,5,11,2,8,8,10,11,11,8,8,0,0,3,8,5,4,10,10,4,8,11,9,11,5,2,4,6,3,7,7,7,4,8,0,10,2,0,3,11,11,4,0,4,2,9,0,9,3,2,4,9,8,6,2,11,3,7,8,8,5,8,3,4,0,4,4,5,0,8,8,9,8,9,3,3,5,3,6,7,8,6,8,8,3,3,0,6,2,6,0,0,2,6,6,10,7,10,0,2,3,8,2,7,10,11,8,3,11,2,0,6,3,8,10,7,10,8,8,11,11,5,2,6,4,0,11
9,4,4,4,4,5,7,11,8,10,7,3,3,6,2,11,7,11,7,8,3,5,2,2,6,0,3,9,9,11,0,0,9,9,2,2,4,9,6,5,11,11,5,9,0,10,0,6,3,5,7,4,8,8,8,5,9,2,11,3,2,4,0,0,5,2,5,3,10,2,10,4,3,5,10,9,7,3,0,4,8,9,9,6,9,4,5,2,5,5,6,2,9,9,10,9,10,4,4,6,4,7,8,9,7,9,9,4,4,2,7,3,7,2,2,3,7,7,11,8,11,2,3,4,9,3,8,11,0,9,4,0,3,2,7,4,9,11,8,11,9,9,0,0,6,3,7,5,2,0
10,5,5,5,5,6,8,0,9,11,8,4,4,7,3,0,8,0,8,9,4,6,3,3,7,2,4,10,10,0,2,2,10,10,3,3,5,10,7,6,0,0,6,10,2,11,2,7,4,6,8,5,9,9,9,6,10,3,0,4,3,5,2,2,6,3,6,4,11,3,11,5,4,6,11,10,8,4,2,5,9,10,10,7,10,5,6,3,6,6,7,3,10,10,11,10,11,5,5,7,5,8,9,10,8,10,10,5,5,3,8,4,8,3,3,4,8,8,0,9,0,3,4,5,10,4,9,0,2,10,5,2,4,3,8,5,10,0,9,0,10,10,2,2,7,4,8,6,3,2
11,6,6,6,6,7,9,2,10,0,9,5,5,8,4,2,9,2,9,10,5,7,4,4,8,3,5,11,11,2,3,3,11,11,4,4,6,11,8,7,2,2,7,11,3,0,3,8,5,7,9,6,10,10,10,7,11,4,2,5,4,6,3,3,7,4,7,5,0,4,0,6,5,7,0,11,9,5,3,6,10,11,11,8,11,6,7,4,7,7,8,4,11,11,0,11,0,6,6,8,6,9,10,11,9,11,11,6,6,4,9,5,9,4,4,5,9,9,2,10,2,4,5,6,11,5,10,2,3,11,6,3,5,4,9,6,11,2,10,2,11,11,3,3,8,5,9,7,4,3
0,7,7,7,7,8,10,3,11,2,10,6,6,9,5,3,10,3,10,11,6,8,5,5,9,4,6,0,0,3,4,4,0,0,5,5,7,0,9,8,3,3,8,0,4,2,4,9,6,8,10,7,11,11,11,8,0,5,3,6,5,7,4,4,8,5,8,6,2,5,2,7,6,8,2,0,10,6,4,7,11,0,0,9,0,7,8,5,8,8,9,5,0,0,2,0,2,7,7,9,7,10,11,0,10,0,0,7,7,5,10,6,10,5,5,6,10,10,3,11,3,5,6,7,0,6,11,3,4,0,7,4,6,5,10,7,0,3,11,3,0,0,4,4,9,6,10,8,5,4
2,8,8,8,8,9,11,4,0,3,11,7,7,10,6,4,11,4,11,0,7,9,6,6,10,5,7,2,2,4,5,5,2,2,6,6,8,2,10,9,4,4,9,2,5,3,5,10,7,9,11,8,0,0,0,9,2,6,4,7,6,8,5,5,9,6,9,7,3,6,3,8,7,9,3,2,11,7,5,8,0,2,2,10,2,8,9,6,9,9,10,6,2,2,3,2,3,8,8,10,8,11,0,2,11,2,2,8,8,6,11,7,11,6,6,7,11,11,4,0,4,6,7,8,2,7,0,4,5,2,8,5,7,6,11,8,2,4,0,4,2,2,5,5,10,7,11,9,6,5
3,9,9,9,9,10,0,5,2,4,0,8,8,11,7,5,0,5,0,2,8,10,7,7,11,6,8,3,3,5,6,6,3,3,7,7,9,3,11,10,5,5,10,3,6,4,6,11,8,10,0,9,2,2,2,10,3,7,5,8,7,9,6,6,10,7,10,8,4,7,4,9,8,10,4,3,0,8,6,9,2,3,3,11,3,9,10,7,10,10,11,7,3,3,4,3,4,9,9,11,9,0,2,3,0,3,3,9,9,7,0,8,0,7,7,8,0,0,5,2,5,7,8,9,3,8,2,5,6,3,9,6,8,7,0,9,3,5,2,5,3,3,6,6,11,8,0,10,7,6
4,10,10,10,10,11,2,6,3,5,2,9,9,0,8,6,2,6,2,3,9,11,8,8,0,7,9,4,4,6,7,7,4,4,8,8,10,4,0,11,6,6,11,4,7,5,7,0,9,11,2,10,3,3,3,11,4,8,6,9,8,10,7,7,11,8,11,9,5,8,5,10,9,11,5,4,2,9,7,10,3,4,4,0,4,10,11,8,11,11,0,8,4,4,5,4,5,10,10,0,10,2,3,4,2,4,4,10,10,8,2,9,2,8,8,9,2,2,6,3,6,8,9,10,4,9,3,6,7,4,10,7,9,8,2,10,4,6,3,6,4,4,7,7,0,9,2,11,8,7
5,11,11,11,11,0,3,7,4,6,3,10,10,2,9,7,3,7,3,4,10,0,9,9,2,8,10,5,5,7,8,8,5,5,9,9,11,5,2,0,7,7,0,5,8,6,8,2,10,0,3,11,4,4,4,0,5,9,7,10,9,11,8,8,0,9,0,10,6,9,6,11,10,0,6,5,3,10,8,11,4,5,5,2,5,11,0,9,0,0,2,9,5,5,6,5,6,11,11,2,11,3,4,5,3,5,5,11,11,9,3,10,3,9,9,10,3,3,7,4,7,9,10,11,5,10,4,7,8,5,11,8,10,9,3,11,5,7,4,7,5,5,8,8,2,10,3,0,9,8
6,0,0,0,0,2,4,8,5,7,4,11,11,3,10,8,4,8,4,5,11,2,10,10,3,9,11,6,6,8,9,9,6,6,10,10,0,6,3,2,8,8,2,6,9,7,9,3,11,2,4,0,5,5,5,2,6,10,8,11,10,0,9,9,2,10,2,11,7,10,7,0,11,2,7,6,4,11,9,0,5,6,6,3,6,0,2,10,2,2,3,10,6,6,7,6,7,0,0,3,0,4,5,6,4,6,6,0,0,10,4,11,4,10,10,11,4,4,8,5,8,10,11,0,6,11,5,8,9,6,0,9,11,10,4,0,6,8,5,8,6,6,9,9,3,11,4,2,10,9
7,2,2,2,2,3,5,9,6,8,5,0,0,4,11,9,5,9,5,6,0,3,11,11,4,10,0,7,7,9,10,10,7,7,11,11,2,7,4,3,9,9,3,7,10,8,10,4,0,3,5,2,6,6,6,3,7,11,9,0,11,2,10,10,3,11,3,0,8,11,8,2,0,3,8,7,5,0,10,2,6,7,7,4,7,2,3,11,3,3,4,11,7,7,8,7,8,2,2,4,2,5,6,7,5,7,7,2,2,11,5,0,5,11,11,0,5,5,9,6,9,11,0,2,7,0,6,9,10,7,2,10,0,11,5,2,7,9,6,9,7,7,10,10,4,0,5,3,11,10
8,3,3,3,3,4,6,10,7,9,6,2,2,5,0,10,6,10,6,7,2,4,0,0,5,11,2,8,8,10,11,11,8,8,0,0,3,8,5,4,10,10,4,8,11,9,11,5,2,4,6,3,7,7,7,4,8,0,10,2,0,3,11,11,4,0,4,2,9,0,9,3,2,4,9,8,6,2,11,3,7,8,8,5,8,3,4,0,4,4,5,0,8,8,9,8,9,3,3,5,3,6,7,8,6,8,8,3,3,0,6,2,6,0,0,2,6,6,10,7,10,0,2,3,8,2,7,10,11,8,3,11,2,0,6,3,8,10,7,10,8,8,11,11,5,2,6,4,0,11
9,4,4,4,4,5,7,11,8,10,7,3,3,6,2,11,7,11,7,8,3,5,2,2,6,0,3,9,9,11,0,0,9,9,2,2,4,9,6,5,11,11,5,9,0,10,0,6,3,5,7,4,8,8,8,5,9,2,11,3,2,4,0,0,5,2,5,3,10,2,10,4,3,5,10,9,7,3,0,4,8,9,9,6,9,4,5,2,5,5,6,2,9,9,10,9,10,4,4,6,4,7,8,9,7,9,9,4,4,2,7,3,7,2,2,3,7,7,11,8,11,2,3,4,9,3,8,11,0,9,4,0,3,2,7,4,9,11,8,11,9,9,0,0,6,3,7,5,2,0
10,5,5,5,5,6,8,0,9,11,8,4,4,7,3,0,8,0,8,9,4,6,3,3,7,2,4,10,10,0,2,2,10,10,3,3,5,10,7,6,0,0,6,10,2,11,2,7,4,6,8,5,9,9,9,6,10,3,0,4,3,5,2,2,6,3,6,4,11,3,11,5,4,6,11,10,8,4,2,5,9,10,10,7,10,5,6,3,6,6,7,3,10,10,11,10,11,5,5,7,5,8,9,10,8,10,10,5,5,3,8,4,8,3,3,4,8,8,0,9,0,3,4,5,10,4,9,0,2,10,5,2,4,3,8,5,10,0,9,0,10,10,2,2,7,4,8,6,3,2
11,6,6,6,6,7,9,2,10,0,9,5,5,8,4,2,9,2,9,10,5,7,4,4,8,3,5,11,11,2,3,3,11,11,4,4,6,11,8,7,2,2,7,11,3,0,3,8,5,7,9,6,10,10,10,7,11,4,2,5,4,6,3,3,7,4,7,5,0,4,0,6,5,7,0,11,9,5,3,6,10,11,11,8,11,6,7,4,7,7,8,4,11,11,0,11,0,6,6,8,6,9,10,11,9,11,11,6,6,4,9,5,9,4,4,5,9,9,2,10,2,4,5,6,11,5,10,2,3,11,6,3,5,4,9,6,11,2,10,2,11,11,3,3,8,5,9,7,4,3
0,7,7,7,7,8,10,3,11,2,10,6,6,9,5,3,10,3,10,11,6,8,5,5,9,4,6,0,0,3,4,4,0,0,5,5,7,0,9,8,3,3,8,0,4,2,4,9,6,8,10,7,11,11,11,8,0,5,3,6,5,7,4,4,8,5,8,6,2,5,2,7,6,8,2,0,10,6,4,7,11,0,0,9,0,7,8,5,8,8,9,5,0,0,2,0,2,7,7,9,7,10,11,0,10,0,0,7,7,5,10,6,10,5,5,6,10,10,3,11,3,5,6,7,0,6,11,3,4,0,7,4,6,5,10,7,0,3,11,3,0,0,4,4,9,6,10,8,5,4
2,8,8,8,8,9,11,4,0,3,11,7,7,10,6,4,11,4,11,0,7,9,6,6,10,5,7,2,2,4,5,5,2,2,6,6,8,2,10,9,4,4,9,2,5,3,5,10,7,9,11,8,0,0,0,9,2,6,4,7,6,8,5,5,9,6,9,7,3,6,3,8,7,9,3,2,11,7,5,8,0,2,2,10,2,8,9,6,9,9,10,6,2,2,3,2,3,8,8,10,8,11,0,2,11,2,2,8,8,6,11,7,11,6,6,7,11,11,4,0,4,6,7,8,2,7,0,4,5,2,8,5,7,6,11,8,2,4,0,4,2,2,5,5,10,7,11,9,6,5
3,9,9,9,9,10,0,5,2,4,0,8,8,11,7,5,0,5,0,2,8,10,7,7,11,6,8,3,3,5,6,6,3,3,7,7,9,3,11,10,5,5,10,3,6,4,6,11,8,10,0,9,2,2,2,10,3,7,5,8,7,9,6,6,10,7,10,8,4,7,4,9,8,10,4,3,0,8,6,9,2,3,3,11,3,9,10,7,10,10,11,7,3,3,4,3,4,9,9,11,9,0,2,3,0,3,3,9,9,7,0,8,0,7,7,8,0,0,5,2,5,7,8,9,3,8,2,5,6,3,9,6,8,7,0,9,3,5,2,5,3,3,6,6,11,8,0,10,7,6
4,10,10,10,10,11,2,6,3,5,2,9,9,0,8,6,2,6,2,3,9,11,8,8,0,7,9,4,4,6,7,7,4,4,8,8,10,4,0,11,6,6,11,4,7,5,7,0,9,11,2,10,3,3,3,11,4,8,6,9,8,10,7,7,11,8,11,9,5,8,5,10,9,11,5,4,2,9,7,10,3,4,4,0,4,10,11,8,11,11,0,8,4,4,5,4,5,10,10,0,10,2,3,4,2,4,4,10,10,8,2,9,2,8,8,9,2,2,6,3,6,8,9,10,4,9,3,6,7,4,10,7,9,8,2,10,4,6,3,6,4,4,7,7,0,9,2,11,8,7
5,11,11,11,11,0,3,7,4,6,3,10,10,2,9,7,3,7,3,4,10,0,9,9,2,8,10,5,5,7,8,8,5,5,9,9,11,5,2,0,7,7,0,5,8,6,8,2,10,0,3,11,4,4,4,0,5,9,7,10,9,11,8,8,0,9,0,10,6,9,6,11,10,0,6,5,3,10,8,11,4,5,5,2,5,11,0,9,0,0,2,9,5,5,6,5,6,11,11,2,11,3,4,5,3,5,5,11,11,9,3,10,3,9,9,10,3,3,7,4,7,9,10,11,5,10,4,7,8,5,11,8,10,9,3,11,5,7,4,7,5,5,8,8,2,10,3,0,9,8
6,0,0,0,0,2,4,8,5,7,4,11,11,3,10,8,4,8,4,5,11,2,10,10,3,9,11,6,6,8,9,9,6,6,10,10,0,6,3,2,8,8,2,6,9,7,9,3,11,2,4,0,5,5,5,2,6,10,8,11,10,0,9,9,2,10,2,11,7,10,7,0,11,2,7,6,4,11,9,0,5,6,6,3,6,0,2,10,2,2,3,10,6,6,7,6,7,0,0,3,0,4,5,6,4,6,6,0,0,10,4,11,4,10,10,11,4,4,8,5,8,10,11,0,6,11,5,8,9,6,0,9,11,10,4,0,6,8,5,8,6,6,9,9,3,11,4,2,10,9
7,2,2,2,2,3,5,9,6,8,5,0,0,4,11,9,5,9,5,6,0,3,11,11,4,10,0,7,7,9,10,10,7,7,11,11,2,7,4,3,9,9,3,7,10,8,10,4,0,3,5,2,6,6,6,3,7,11,9,0,11,2,10,10,3,11,3,0,8,11,8,2,0,3,8,7,5,0,10,2,6,7,7,4,7,2,3,11,3,3,4,11,7,7,8,7,8,2,2,4,2,5,6,7,5,7,7,2,2,11,5,0,5,11,11,0,5,5,9,6,9,11,0,2,7,0,6,9,10,7,2,10,0,11,5,2,7,9,6,9,7,7,10,10,4,0,5,3,11,10
8,3,3,3,3,4,6,10,7,9,6,2,2,5,0,10,6,10,6,7,2,4,0,0,5,11,2,8,8,10,11,11,8,8,0,0,3,8,5,4,10,10,4,8,11,9,11,5,2,4,6,3,7,7,7,4,8,0,10,2,0,3,11,11,4,0,4,2,9,0,9,3,2,4,9,8,6,2,11,3,7,8,8,5,8,3,4,0,4,4,5,0,8,8,9,8,9,3,3,5,3,6,7,8,6,8,8,3,3,0,6,2,6,0,0,2,6,6,10,7,10,0,2,3,8,2,7,10,11,8,3,11,2,0,6,3,8,10,7,10,8,8,11,11,5,2,6,4,0,11
9,4,4,4,4,5,7,11,8,10,7,3,3,6,2,11,7,11,7,8,3,5,2,2,6,0,3,9,9,11,0,0,9,9,2,2,4,9,6,5,11,11,5,9,0,10,0,6,3,5,7,4,8,8,8,5,9,2,11,3,2,4,0,0,5,2,5,3,10,2,10,4,3,5,10,9,7,3,0,4,8,9,9,6,9,4,5,2,5,5,6,2,9,9,10,9,10,4,4,6,4,7,8,9,7,9,9,4,4,2,7,3,7,2,2,3,7,7,11,8,11,2,3,4,9,3,8,11,0,9,4,0,3,2,7,4,9,11,8,11,9,9,0,0,6,3,7,5,2,0
10,5,5,5,5,6,8,0,9,11,8,4,4,7,3,0,8,0,8,9,4,6,3,3,7,2,4,10,10,0,2,2,10,10,3,3,5,10,7,6,0,0,6,10,2,11,2,7,4,6,8,5,9,9,9,6,10,3,0,4,3,5,2,2,6,3,6,4,11,3,11,5,4,6,11,10,8,4,2,5,9,10,10,7,10,5,6,3,6,6,7,3,10,10,11,10,11,5,5,7,5,8,9,10,8,10,10,5,5,3,8,4,8,3,3,4,8,8,0,9,0,3,4,5,10,4,9,0,2,10,5,2,4,3,8,5,10,0,9,0,10,10,2,2,7,4,8,6,3,2
11,6,6,6,6,7,9,2,10,0,9,5,5,8,4,2,9,2,9,10,5,7,4,4,8,3,5,11,11,2,3,3,11,11,4,4,6,11,8,7,2,2,7,11,3,0,3,8,5,7,9,6,10,10,10,7,11,4,2,5,4,6,3,3,7,4,7,5,0,4,0,6,5,7,0,11,9,5,3,6,10,11,11,8,11,6,7,4,7,7,8,4,11,11,0,11,0,6,6,8,6,9,10,11,9,11,11,6,6,4,9,5,9,4,4,5,9,9,2,10,2,4,5,6,11,5,10,2,3,11,6,3,5,4,9,6,11,2,10,2,11,11,3,3,8,5,9,7,4,3
0,7,7,7,7,8,10,3,11,2,10,6,6,9,5,3,10,3,10,11,6,8,5,5,9,4,6,0,0,3,4,4,0,0,5,5,7,0,9,8,3,3,8,0,4,2,4,9,6,8,10,7,11,11,11,8,0,5,3,6,5,7,4,4,8,5,8,6,2,5,2,7,6,8,2,0,10,6,4,7,11,0,0,9,0,7,8,5,8,8,9,5,0,0,2,0,2,7,7,9,7,10,11,0,10,0,0,7,7,5,10,6,10,5,5,6,10,10,3,11,3,5,6,7,0,6,11,3,4,0,7,4,6,5,10,7,0,3,11,3,0,0,4,4,9,6,10,8,5,4
2,8,8,8,8,9,11,4,0,3,11,7,7,10,6,4,11,4,11,0,7,9,6,6,10,5,7,2,2,4,5,5,2,2,6,6,8,2,10,9,4,4,9,2,5,3,5,10,7,9,11,8,0,0,0,9,2,6,4,7,6,8,5,5,9,6,9,7,3,6,3,8,7,9,3,2,11,7,5,8,0,2,2,10,2,8,9,6,9,9,10,6,2,2,3,2,3,8,8,10,8,11,0,2,11,2,2,8,8,6,11,7,11,6,6,7,11,11,4,0,4,6,7,8,2,7,0,4,5,2,8,5,7,6,11,8,2,4,0,4,2,2,5,5,10,7,11,9,6,5
3,9,9,9,9,10,0,5,2,4,0,8,8,11,7,5,0,5,0,2,8,10,7,7,11,6,8,3,3,5,6,6,3,3,7,7,9,3,11,10,5,5,10,3,6,4,6,11,8,10,0,9,2,2,2,10,3,7,5,8,7,9,6,6,10,7,10,8,4,7,4,9,8,10,4,3,0,8,6,9,2,3,3,11,3,9,10,7,10,10,11,7,3,3,4,3,4,9,9,11,9,0,2,3,0,3,3,9,9,7,0,8,0,7,7,8,0,0,5,2,5,7,8,9,3,8,2,5,6,3,9,6,8,7,0,9,3,5,2,5,3,3,6,6,11,8,0,10,7,6
4,10,10,10,10,11,2,6,3,5,2,9,9,0,8,6,2,6,2,3,9,11,8,8,0,7,9,4,4,6,7,7,4,4,8,8,10,4,0,11,6,6,11,4,7,5,7,0,9,11,2,10,3,3,3,11,4,8,6,9,8,10,7,7,11,8,11,9,5,8,5,10,9,11,5,4,2,9,7,10,3,4,4,0,4,10,11,8,11,11,0,8,4,4,5,4,5,10,10,0,10,2,3,4,2,4,4,10,10,8,2,9,2,8,8,9,2,2,6,3,6,8,9,10,4,9,3,6,7,4,10,7,9,8,2,10,4,6,3,6,4,4,7,7,0,9,2,11,8,7
5,11,11,11,11,0,3,7,4,6,3,10,10,2,9,7,3,7,3,4,10,0,9,9,2,8,10,5,5,7,8,8,5,5,9,9,11,5,2,0,7,7,0,5,8,6,8,2,10,0,3,11,4,4,4,0,5,9,7,10,9,11,8,8,0,9,0,10,6,9,6,11,10,0,6,5,3,10,8,11,4,5,5,2,5,11,0,9,0,0,2,9,5,5,6,5,6,11,11,2,11,3,4,5,3,5,5,11,11,9,3,10,3,9,9,10,3,3,7,4,7,9,10,11,5,10,4,7,8,5,11,8,10,9,3,11,5,7,4,7,5,5,8,8,2,10,3,0,9,8
6,0,0,0,0,2,4,8,5,7,4,11,11,3,10,8,4,8,4,5,11,2,10,10,3,9,11,6,6,8,9,9,6,6,10,10,0,6,3,2,8,8,2,6,9,7,9,3,11,2,4,0,5,5,5,2,6,10,8,11,10,0,9,9,2,10,2,11,7,10,7,0,11,2,7,6,4,11,9,0,5,6,6,3,6,0,2,10,2,2,3,10,6,6,7,6,7,0,0,3,0,4,5,6,4,6,6,0,0,10,4,11,4,10,10,11,4,4,8,5,8,10,11,0,6,11,5,8,9,6,0,9,11,10,4,0,6,8,5,8,6,6,9,9,3,11,4,2,10,9
7,2,2,2,2,3,5,9,6,8,5,0,0,4,11,9,5,9,5,6,0,3,11,11,4,10,0,7,7,9,10,10,7,7,11,11,2,7,4,3,9,9,3,7,10,8,10,4,0,3,5,2,6,6,6,3,7,11,9,0,11,2,10,10,3,11,3,0,8,11,8,2,0,3,8,7,5,0,10,2,6,7,7,4,7,2,3,11,3,3,4,11,7,7,8,7,8,2,2,4,2,5,6,7,5,7,7,2,2,11,5,0,5,11,11,0,5,5,9,6,9,11,0,2,7,0,6,9,10,7,2,10,0,11,5,2,7,9,6,9,7,7,10,10,4,0,5,3,11,10
8,3,3,3,3,4,6,10,7,9,6,2,2,5,0,10,6,10,6,7,2,4,0,0,5,11,2,8,8,10,11,11,8,8,0,0,3,8,5,4,10,10,4,8,11,9,11,5,2,4,6,3,7,7,7,4,8,0,10,2,0,3,11,11,4,0,4,2,9,0,9,3,2,4,9,8,6,2,11,3,7,8,8,5,8,3,4,0,4,4,5,0,8,8,9,8,9,3,3,5,3,6,7,8,6,8,8,3,3,0,6,2,6,0,0,2,6,6,10,7,10,0,2,3,8,2,7,10,11,8,3,11,2,0,6,3,8,10,7,10,8,8,11,11,5,2,6,4,0,11
9,4,4,4,4,5,7,11,8,10,7,3,3,6,2,11,7,11,7,8,3,5,2,2,6,0,3,9,9,11,0,0,9,9,2,2,4,9,6,5,11,11,5,9,0,10,0,6,3,5,7,4,8,8,8,5,9,2,11,3,2,4,0,0,5,2,5,3,10,2,10,4,3,5,10,9,7,3,0,4,8,9,9,6,9,4,5,2,5,5,6,2,9,9,10,9,10,4,4,6,4,7,8,9,7,9,9,4,4,2,7,3,7,2,2,3,7,7,11,8,11,2,3,4,9,3,8,11,0,9,4,0,3,2,7,4,9,11,8,11,9,9,0,0,6,3,7,5,2,0
10,5,5,5,5,6,8,0,9,11,8,4,4,7,3,0,8,0,8,9,4,6,3,3,7,2,4,10,10,0,2,2,10,10,3,3,5,10,7,6,0,0,6,10,2,11,2,7,4,6,8,5,9,9,9,6,10,3,0,4,3,5,2,2,6,3,6,4,11,3,11,5,4,6,11,10,8,4,2,5,9,10,10,7,10,5,6,3,6,6,7,3,10,10,11,10,11,5,5,7,5,8,9,10,8,10,10,5,5,3,8,4,8,3,3,4,8,8,0,9,0,3,4,5,10,4,9,0,2,10,5,2,4,3,8,5,10,0,9,0,10,10,2,2,7,4,8,6,3,2
11,6,6,6,6,7,9,2,10,0,9,5,5,8,4,2,9,2,9,10,5,7,4,4,8,3,5,11,11,2,3,3,11,11,4,4,6,11,8,7,2,2,7,11,3,0,3,8,5,7,9,6,10,10,10,7,11,4,2,5,4,6,3,3,7,4,7,5,0,4,0,6,5,7,0,11,9,5,3,6,10,11,11,8,11,6,7,4,7,7,8,4,11,11,0,11,0,6,6,8,6,9,10,11,9,11,11,6,6,4,9,5,9,4,4,5,9,9,2,10,2,4,5,6,11,5,10,2,3,11,6,3,5,4,9,6,11,2,10,2,11,11,3,3,8,5,9,7,4,3
0,7,7,7,7,8,10,3,11,2,10,6,6,9,5,3,10,3,10,11,6,8,5,5,9,4,6,0,0,3,4,4,0,0,5,5,7,0,9,8,3,3,8,0,4,2,4,9,6,8,10,7,11,11,11,8,0,5,3,6,5,7,4,4,8,5,8,6,2,5,2,7,6,8,2,0,10,6,4,7,11,0,0,9,0,7,8,5,8,8,9,5,0,0,2,0,2,7,7,9,7,10,11,0,10,0,0,7,7,5,10,6,10,5,5,6,10,10,3,11,3,5,6,7,0,6,11,3,4,0,7,4,6,5,10,7,0,3,11,3,0,0,4,4,9,6,10,8,5,4
2,8,8,8,8,9,11,4,0,3,11,7,7,10,6,4,11,4,11,0,7,9,6,6,10,5,7,2,2,4,5,5,2,2,6,6,8,2,10,9,4,4,9,2,5,3,5,10,7,9,11,8,0,0,0,9,2,6,4,7,6,8,5,5,9,6,9,7,3,6,3,8,7,9,3,2,11,7,5,8,0,2,2,10,2,8,9,6,9,9,10,6,2,2,3,2,3,8,8,10,8,11,0,2,11,2,2,8,8,6,11,7,11,6,6,7,11,11,4,0,4,6,7,8,2,7,0,4,5,2,8,5,7,6,11,8,2,4,0,4,2,2,5,5,10,7,11,9,6,5
3,9,9,9,9,10,0,5,2,4,0,8,8,11,7,5,0,5,0,2,8,10,7,7,11,6,8,3,3,5,6,6,3,3,7,7,9,3,11,10,5,5,10,3,6,4,6,11,8,10,0,9,2,2,2,10,3,7,5,8,7,9,6,6,10,7,10,8,4,7,4,9,8,10,4,3,0,8,6,9,2,3,3,11,3,9,10,7,10,10,11,7,3,3,4,3,4,9,9,11,9,0,2,3,0,3,3,9,9,7,0,8,0,7,7,8,0,0,5,2,5,7,8,9,3,8,2,5,6,3,9,6,8,7,0,9,3,5,2,5,3,3,6,6,11,8,0,10,7,6
4,10,10,10,10,11,2,6,3,5,2,9,9,0,8,6,2,6,2,3,9,11,8,8,0,7,9,4,4,6,7,7,4,4,8,8,10,4,0,11,6,6,11,4,7,5,7,0,9,11,2,10,3,3,3,11,4,8,6,9,8,10,7,7,11,8,11,9,5,8,5,10,9,11,5,4,2,9,7,10,3,4,4,0,4,10,11,8,11,11,0,8,4,4,5,4,5,10,10,0,10,2,3,4,2,4,4,10,10,8,2,9,2,8,8,9,2,2,6,3,6,8,9,10,4,9,3,6,7,4,10,7,9,8,2,10,4,6,3,6,4,4,7,7,0,9,2,11,8,7
5,11,11,11,11,0,3,7,4,6,3,10,10,2,9,7,3,7,3,4,10,0,9,9,2,8,10,5,5,7,8,8,5,5,9,9,11,5,2,0,7,7,0,5,8,6,8,2,10,0,3,11,4,4,4,0,5,9,7,10,9,11,8,8,0,9,0,10,6,9,6,11,10,0,6,5,3,10,8,11,4,5,5,2,5,11,0,9,0,0,2,9,5,5,6,5,6,11,11,2,11,3,4,5,3,5,5,11,11,9,3,10,3,9,9,10,3,3,7,4,7,9,10,11,5,10,4,7,8,5,11,8,10,9,3,11,5,7,4,7,5,5,8,8,2,10,3,0,9,8
6,0,0,0,0,2,4,8,5,7,4,11,11,3,10,8,4,8,4,5,11,2,10,10,3,9,11,6,6,8,9,9,6,6,10,10,0,6,3,2,8,8,2,6,9,7,9,3,11,2,4,0,5,5,5,2,6,10,8,11,10,0,9,9,2,10,2,11,7,10,7,0,11,2,7,6,4,11,9,0,5,6,6,3,6,0,2,10,2,2,3,10,6,6,7,6,7,0,0,3,0,4,5,6,4,6,6,0,0,10,4,11,4,10,10,11,4,4,8,5,8,10,11,0,6,11,5,8,9,6,0,9,11,10,4,0,6,8,5,8,6,6,9,9,3,11,4,2,10,9
7,2,2,2,2,3,5,9,6,8,5,0,0,4,11,9,5,9,5,6,0,3,11,11,4,10,0,7,7,9,10,10,7,7,11,11,2,7,4,3,9,9,3,7,10,8,10,4,0,3,5,2,6,6,6,3,7,11,9,0,11,2,10,10,3,11,3,0,8,11,8,2,0,3,8,7,5,0,10,2,6,7,7,4,7,2,3,11,3,3,4,11,7,7,8,7,8,2,2,4,2,5,6,7,5,7,7,2,2,11,5,0,5,11,11,0,5,5,9,6,9,11,0,2,7,0,6,9,10,7,2,10,0,11,5,2,7,9,6,9,7,7,10,10,4,0,5,3,11,10
8,3,3,3,3,4,6,10,7,9,6,2,2,5,0,10,6,10,6,7,2,4,0,0,5,11,2,8,8,10,11,11,8,8,0,0,3,8,5,4,10,10,4,8,11,9,11,5,2,4,6,3,7,7,7,4,8,0,10,2,0,3,11,11,4,0,4,2,9,0,9,3,2,4,9,8,6,2,11,3,7,8,8,5,8,3,4,0,4,4,5,0,8,8,9,8,9,3,3,5,3,6,7,8,6,8,8,3,3,0,6,2,6,0,0,2,6,6,10,7,10,0,2,3,8,2,7,10,11,8,3,11,2,0,6,3,8,10,7,10,8,8,11,11,5,2,6,4,0,11
9,4,4,4,4,5,7,11,8,10,7,3,3,6,2,11,7,11,7,8,3,5,2,2,6,0,3,9,9,11,0,0,9,9,2,2,4,9,6,5,11,11,5,9,0,10,0,6,3,5,7,4,8,8,8,5,9,2,11,3,2,4,0,0,5,2,5,3,10,2,10,4,3,5,10,9,7,3,0,4,8,9,9,6,9,4,5,2,5,5,6,2,9,9,10,9,10,4,4,6,4,7,8,9,7,9,9,4,4,2,7,3,7,2,2,3,7,7,11,8,11,2,3,4,9,3,8,11,0,9,4,0,3,2,7,4,9,11,8,11,9,9,0,0,6,3,7,5,2,0
10,5,5,5,5,6,8,0,9,11,8,4,4,7,3,0,8,0,8,9,4,6,3,3,7,2,4,10,10,0,2,2,10,10,3,3,5,10,7,6,0,0,6,10,2,11,2,7,4,6,8,5,9,9,9,6,10,3,0,4,3,5,2,2,6,3,6,4,11,3,11,5,4,6,11,10,8,4,2,5,9,10,10,7,10,5,6,3,6,6,7,3,10,10,11,10,11,5,5,7,5,8,9,10,8,10,10,5,5,3,8,4,8,3,3,4,8,8,0,9,0,3,4,5,10,4,9,0,2,10,5,2,4,3,8,5,10,0,9,0,10,10,2,2,7,4,8,6,3,2
11,6,6,6,6,7,9,2,10,0,9,5,5,8,4,2,9,2,9,10,5,7,4,4,8,3,5,11,11,2,3,3,11,11,4,4,6,11,8,7,2,2,7,11,3,0,3,8,5,7,9,6,10,10,10,7,11,4,2,5,4,6,3,3,7,4,7,5,0,4,0,6,5,7,0,11,9,5,3,6,10,11,11,8,11,6,7,4,7,7,8,4,11,11,0,11,0,6,6,8,6,9,10,11,9,11,11,6,6,4,9,5,9,4,4,5,9,9,2,10,2,4,5,6,11,5,10,2,3,11,6,3,5,4,9,6,11,2,10,2,11,11,3,3,8,5,9,7,4,3
0,7,7,7,7,8,10,3,11,2,10,6,6,9,5,3,10,3,10,11,6,8,5,5,9,4,6,0,0,3,4,4,0,0,5,5,7,0,9,8,3,3,8,0,4,2,4,9,6,8,10,7,11,11,11,8,0,5,3,6,5,7,4,4,8,5,8,6,2,5,2,7,6,8,2,0,10,6,4,7,11,0,0,9,0,7,8,5,8,8,9,5,0,0,2,0,2,7,7,9,7,10,11,0,10,0,0,7,7,5,10,6,10,5,5,6,10,10,3,11,3,5,6,7,0,6,11,3,4,0,7,4,6,5,10,7,0,3,11,3,0,0,4,4,9,6,10,8,5,4
2,8,8,8,8,9,11,4,0,3,11,7,7,10,6,4,11,4,11,0,7,9,6,6,10,5,7,2,2,4,5,5,2,2,6,6,8,2,10,9,4,4,9,2,5,3,5,10,7,9,11,8,0,0,0,9,2,6,4,7,6,8,5,5,9,6,9,7,3,6,3,8,7,9,3,2,11,7,5,8,0,2,2,10,2,8,9,6,9,9,10,6,2,2,3,2,3,8,8,10,8,11,0,2,11,2,2,8,8,6,11,7,11,6,6,7,11,11,4,0,4,6,7,8,2,7,0,4,5,2,8,5,7,6,11,8,2,4,0,4,2,2,5,5,10,7,11,9,6,5
3,9,9,9,9,10,0,5,2,4,0,8,8,11,7,5,0,5,0,2,8,10,7,7,11,6,8,3,3,5,6,6,3,3,7,7,9,3,11,10,5,5,10,3,6,4,6,11,8,10,0,9,2,2,2,10,3,7,5,8,7,9,6,6,10,7,10,8,4,7,4,9,8,10,4,3,0,8,6,9,2,3,3,11,3,9,10,7,10,10,11,7,3,3,4,3,4,9,9,11,9,0,2,3,0,3,3,9,9,7,0,8,0,7,7,8,0,0,5,2,5,7,8,9,3,8,2,5,6,3,9,6,8,7,0,9,3,5,2,5,3,3,6,6,11,8,0,10,7,6
4,10,10,10,10,11,2,6,3,5,2,9,9,0,8,6,2,6,2,3,9,11,8,8,0,7,9,4,4,6,7,7,4,4,8,8,10,4,0,11,6,6,11,4,7,5,7,0,9,11,2,10,3,3,3,11,4,8,6,9,8,10,7,7,11,8,11,9,5,8,5,10,9,11,5,4,2,9,7,10,3,4,4,0,4,10,11,8,11,11,0,8,4,4,5,4,5,10,10,0,10,2,3,4,2,4,4,10,10,8,2,9,2,8,8,9,2,2,6,3,6,8,9,10,4,9,3,6,7,4,10,7,9,8,2,10,4,6,3,6,4,4,7,7,0,9,2,11,8,7
5,11,11,11,11,0,3,7,4,6,3,10,10,2,9,7,3,7,3,4,10,0,9,9,2,8,10,5,5,7,8,8,5,5,9,9,11,5,2,0,7,7,0,5,8,6,8,2,10,0,3,11,4,4,4,0,5,9,7,10,9,11,8,8,0,9,0,10,6,9,6,11,10,0,6,5,3,10,8,11,4,5,5,2,5,11,0,9,0,0,2,9,5,5,6,5,6,11,11,2,11,3,4,5,3,5,5,11,11,9,3,10,3,9,9,10,3,3,7,4,7,9,10,11,5,10,4,7,8,5,11,8,10,9,3,11,5,7,4,7,5,5,8,8,2,10,3,0,9,8
6,0,0,0,0,2,4,8,5,7,4,11,11,3,10,8,4,8,4,5,11,2,10,10,3,9,11,6,6,8,9,9,6,6,10,10,0,6,3,2,8,8,2,6,9,7,9,3,11,2,4,0,5,5,5,2,6,10,8,11,10,0,9,9,2,10,2,11,7,10,7,0,11,2,7,6,4,11,9,0,5,6,6,3,6,0,2,10,2,2,3,10,6,6,7,6,7,0,0,3,0,4,5,6,4,6,6,0,0,10,4,11,4,10,10,11,4,4,8,5,8,10,11,0,6,11,5,8,9,6,0,9,11,10,4,0,6,8,5,8,6,6,9,9,3,11,4,2,10,9
7,2,2,2,2,3,5,9,6,8,5,0,0,4,11,9,5,9,5,6,0,3,11,11,4,10,0,7,7,9,10,10,7,7,11,11,2,7,4,3,9,9,3,7,10,8,10,4,0,3,5,2,6,6,6,3,7,11,9,0,11,2,10,10,3,11,3,0,8,11,8,2,0,3,8,7,5,0,10,2,6,7,7,4,7,2,3,11,3,3,4,11,7,7,8,7,8,2,2,4,2,5,6,7,5,7,7,2,2,11,5,0,5,11,11,0,5,5,9,6,9,11,0,2,7,0,6,9,10,7,2,10,0,11,5,2,7,9,6,9,7,7,10,10,4,0,5,3,11,10
8,3,3,3,3,4,6,10,7,9,6,2,2,5,0,10,6,10,6,7,2,4,0,0,5,11,2,8,8,10,11,11,8,8,0,0,3,8,5,4,10,10,4,8,11,9,11,5,2,4,6,3,7,7,7,4,8,0,10,2,0,3,11,11,4,0,4,2,9,0,9,3,2,4,9,8,6,2,11,3,7,8,8,5,8,3,4,0,4,4,5,0,8,8,9,8,9,3,3,5,3,6,7,8,6,8,8,3,3,0,6,2,6,0,0,2,6,6,10,7,10,0,2,3,8,2,7,10,11,8,3,11,2,0,6,3,8,10,7,10,8,8,11,11,5,2,6,4,0,11
9,4,4,4,4,5,7,11,8,10,7,3,3,6,2,11,7,11,7,8,3,5,2,2,6,0,3,9,9,11,0,0,9,9,2,2,4,9,6,5,11,11,5,9,0,10,0,6,3,5,7,4,8,8,8,5,9,2,11,3,2,4,0,0,5,2,5,3,10,2,10,4,3,5,10,9,7,3,0,4,8,9,9,6,9,4,5,2,5,5,6,2,9,9,10,9,10,4,4,6,4,7,8,9,7,9,9,4,4,2,7,3,7,2,2,3,7,7,11,8,11,2,3,4,9,3,8,11,0,9,4,0,3,2,7,4,9,11,8,11,9,9,0,0,6,3,7,5,2,0
10,5,5,5,5,6,8,0,9,11,8,4,4,7,3,0,8,0,8,9,4,6,3,3,7,2,4,10,10,0,2,2,10,10,3,3,5,10,7,6,0,0,6,10,2,11,2,7,4,6,8,5,9,9,9,6,10,3,0,4,3,5,2,2,6,3,6,4,11,3,11,5,4,6,11,10,8,4,2,5,9,10,10,7,10,5,6,3,6,6,7,3,10,10,11,10,11,5,5,7,5,8,9,10,8,10,10,5,5,3,8,4,8,3,3,4,8,8,0,9,0,3,4,5,10,4,9,0,2,10,5,2,4,3,8,5,10,0,9,0,10,10,2,2,7,4,8,6,3,2
11,6,6,6,6,7,9,2,10,0,9,5,5,8,4,2,9,2,9,10,5,7,4,4,8,3,5,11,11,2,3,3,11,11,4,4,6,11,8,7,2,2,7,11,3,0,3,8,5,7,9,6,10,10,10,7,11,4,2,5,4,6,3,3,7,4,7,5,0,4,0,6,5,7,0,11,9,5,3,6,10,11,11,8,11,6,7,4,7,7,8,4,11,11,0,11,0,6,6,8,6,9,10,11,9,11,11,6,6,4,9,5,9,4,4,5,9,9,2,10,2,4,5,6,11,5,10,2,3,11,6,3,5,4,9,6,11,2,10,2,11,11,3,3,8,5,9,7,4,3
0,7,7,7,7,8,10,3,11,2,10,6,6,9,5,3,10,3,10,11,6,8,5,5,9,4,6,0,0,3,4,4,0,0,5,5,7,0,9,8,3,3,8,0,4,2,4,9,6,8,10,7,11,11,11,8,0,5,3,6,5,7,4,4,8,5,8,6,2,5,2,7,6,8,2,0,10,6,4,7,11,0,0,9,0,7,8,5,8,8,9,5,0,0,2,0,2,7,7,9,7,10,11,0,10,0,0,7,7,5,10,6,10,5,5,6,10,10,3,11,3,5,6,7,0,6,11,3,4,0,7,4,6,5,10,7,0,3,11,3,0,0,4,4,9,6,10,8,5,4
2,8,8,8,8,9,11,4,0,3,11,7,7,10,6,4,11,4,11,0,7,9,6,6,10,5,7,2,2,4,5,5,2,2,6,6,8,2,10,9,4,4,9,2,5,3,5,10,7,9,11,8,0,0,0,9,2,6,4,7,6,8,5,5,9,6,9,7,3,6,3,8,7,9,3,2,11,7,5,8,0,2,2,10,2,8,9,6,9,9,10,6,2,2,3,2,3,8,8,10,8,11,0,2,11,2,2,8,8,6,11,7,11,6,6,7,11,11,4,0,4,6,7,8,2,7,0,4,5,2,8,5,7,6,11,8,2,4,0,4,2,2,5,5,10,7,11,9,6,5
3,9,9,9,9,10,0,5,2,4,0,8,8,11,7,5,0,5,0,2,8,10,7,7,11,6,8,3,3,5,6,6,3,3,7,7,9,3,11,10,5,5,10,3,6,4,6,11,8,10,0,9,2,2,2,10,3,7,5,8,7,9,6,6,10,7,10,8,4,7,4,9,8,10,4,3,0,8,6,9,2,3,3,11,3,9,10,7,10,10,11,7,3,3,4,3,4,9,9,11,9,0,2,3,0,3,3,9,9,7,0,8,0,7,7,8,0,0,5,2,5,7,8,9,3,8,2,5,6,3,9,6,8,7,0,9,3,5,2,5,3,3,6,6,11,8,0,10,7,6
4,10,10,10,10,11,2,6,3,5,2,9,9,0,8,6,2,6,2,3,9,11,8,8,0,7,9,4,4,6,7,7,4,4,8,8,10,4,0,11,6,6,11,4,7,5,7,0,9,11,2,10,3,3,3,11,4,8,6,9,8,10,7,7,11,8,11,9,5,8,5,10,9,11,5,4,2,9,7,10,3,4,4,0,4,10,11,8,11,11,0,8,4,4,5,4,5,10,10,0,10,2,3,4,2,4,4,10,10,8,2,9,2,8,8,9,2,2,6,3,6,8,9,10,4,9,3,6,7,4,10,7,9,8,2,10,4,6,3,6,4,4,7,7,0,9,2,11,8,7
5,11,11,11,11,0,3,7,4,6,3,10,10,2,9,7,3,7,3,4,10,0,9,9,2,8,10,5,5,7,8,8,5,5,9,9,11,5,2,0,7,7,0,5,8,6,8,2,10,0,3,11,4,4,4,0,5,9,7,10,9,11,8,8,0,9,0,10,6,9,6,11,10,0,6,5,3,10,8,11,4,5,5,2,5,11,0,9,0,0,2,9,5,5,6,5,6,11,11,2,11,3,4,5,3,5,5,11,11,9,3,10,3,9,9,10,3,3,7,4,7,9,10,11,5,10,4,7,8,5,11,8,10,9,3,11,5,7,4,7,5,5,8,8,2,10,3,0,9,8
6,0,0,0,0,2,4,8,5,7,4,11,11,3,10,8,4,8,4,5,11,2,10,10,3,9,11,6,6,8,9,9,6,6,10,10,0,6,3,2,8,8,2,6,9,7,9,3,11,2,4,0,5,5,5,2,6,10,8,11,10,0,9,9,2,10,2,11,7,10,7,0,11,2,7,6,4,11,9,0,5,6,6,3,6,0,2,10,2,2,3,10,6,6,7,6,7,0,0,3,0,4,5,6,4,6,6,0,0,10,4,11,4,10,10,11,4,4,8,5,8,10,11,0,6,11,5,8,9,6,0,9,11,10,4,0,6,8,5,8,6,6,9,9,3,11,4,2,10,9
7,2,2,2,2,3,5,9,6,8,5,0,0,4,11,9,5,9,5,6,0,3,11,11,4,10,0,7,7,9,10,10,7,7,11,11,2,7,4,3,9,9,3,7,10,8,10,4,0,3,5,2,6,6,6,3,7,11,9,0,11,2,10,10,3,11,3,0,8,11,8,2,0,3,8,7,5,0,10,2,6,7,7,4,7,2,3,11,3,3,4,11,7,7,8,7,8,2,2,4,2,5,6,7,5,7,7,2,2,11,5,0,5,11,11,0,5,5,9,6,9,11,0,2,7,0,6,9,10,7,2,10,0,11,5,2,7,9,6,9,7,7,10,10,4,0,5,3,11,10
8,3,3,3,3,4,6,10,7,9,6,2,2,5,0,10,6,10,6,7,2,4,0,0,5,11,2,8,8,10,11,11,8,8,0,0,3,8,5,4,10,10,4,8,11,9,11,5,2,4,6,3,7,7,7,4,8,0,10,2,0,3,11,11,4,0,4,2,9,0,9,3,2,4,9,8,6,2,11,3,7,8,8,5,8,3,4,0,4,4,5,0,8,8,9,8,9,3,3,5,3,6,7,8,6,8,8,3,3,0,6,2,6,0,0,2,6,6,10,7,10,0,2,3,8,2,7,10,11,8,3,11,2,0,6,3,8,10,7,10,8,8,11,11,5,2,6,4,0,11
9,4,4,4,4,5,7,11,8,10,7,3,3,6,2,11,7,11,7,8,3,5,2,2,6,0,3,9,9,11,0,0,9,9,2,2,4,9,6,5,11,11,5,9,0,10,0,6,3,5,7,4,8,8,8,5,9,2,11,3,2,4,0,0,5,2,5,3,10,2,10,4,3,5,10,9,7,3,0,4,8,9,9,6,9,4,5,2,5,5,6,2,9,9,10,9,10,4,4,6,4,7,8,9,7,9,9,4,4,2,7,3,7,2,2,3,7,7,11,8,11,2,3,4,9,3,8,11,0,9,4,0,3,2,7,4,9,11,8,11,9,9,0,0,6,3,7,5,2,0
10,5,5,5,5,6,8,0,9,11,8,4,4,7,3,0,8,0,8,9,4,6,3,3,7,2,4,10,10,0,2,2,10,10,3,3,5,10,7,6,0,0,6,10,2,11,2,7,4,6,8,5,9,9,9,6,10,3,0,4,3,5,2,2,6,3,6,4,11,3,11,5,4,6,11,10,8,4,2,5,9,10,10,7,10,5,6,3,6,6,7,3,10,10,11,10,11,5,5,7,5,8,9,10,8,10,10,5,5,3,8,4,8,3,3,4,8,8,0,9,0,3,4,5,10,4,9,0,2,10,5,2,4,3,8,5,10,0,9,0,10,10,2,2,7,4,8,6,3,2
11,6,6,6,6,7,9,2,10,0,9,5,5,8,4,2,9,2,9,10,5,7,4,4,8,3,5,11,11,2,3,3,11,11,4,4,6,11,8,7,2,2,7,11,3,0,3,8,5,7,9,6,10,10,10,7,11,4,2,5,4,6,3,3,7,4,7,5,0,4,0,6,5,7,0,11,9,5,3,6,10,11,11,8,11,6,7,4,7,7,8,4,11,11,0,11,0,6,6,8,6,9,10,11,9,11,11,6,6,4,9,5,9,4,4,5,9,9,2,10,2,4,5,6,11,5,10,2,3,11,6,3,5,4,9,6,11,2,10,2,11,11,3,3,8,5,9,7,4,3
0,7,7,7,7,8,10,3,11,2,10,6,6,9,5,3,10,3,10,11,6,8,5,5,9,4,6,0,0,3,4,4,0,0,5,5,7,0,9,8,3,3,8,0,4,2,4,9,6,8,10,7,11,11,11,8,0,5,3,6,5,7,4,4,8,5,8,6,2,5,2,7,6,8,2,0,10,6,4,7,11,0,0,9,0,7,8,5,8,8,9,5,0,0,2,0,2,7,7,9,7,10,11,0,10,0,0,7,7,5,10,6,10,5,5,6,10,10,3,11,3,5,6,7,0,6,11,3,4,0,7,4,6,5,10,7,0,3,11,3,0,0,4,4,9,6,10,8,5,4
2,8,8,8,8,9,11,4,0,3,11,7,7,10,6,4,11,4,11,0,7,9,6,6,10,5,7,2,2,4,5,5,2,2,6,6,8,2,10,9,4,4,9,2,5,3,5,10,7,9,11,8,0,0,0,9,2,6,4,7,6,8,5,5,9,6,9,7,3,6,3,8,7,9,3,2,11,7,5,8,0,2,2,10,2,8,9,6,9,9,10,6,2,2,3,2,3,8,8,10,8,11,0,2,11,2,2,8,8,6,11,7,11,6,6,7,11,11,4,0,4,6,7,8,2,7,0,4,5,2,8,5,7,6,11,8,2,4,0,4,2,2,5,5,10,7,11,9,6,5
3,9,9,9,9,10,0,5,2,4,0,8,8,11,7,5,0,5,0,2,8,10,7,7,11,6,8,3,3,5,6,6,3,3,7,7,9,3,11,10,5,5,10,3,6,4,6,11,8,10,0,9,2,2,2,10,3,7,5,8,7,9,6,6,10,7,10,8,4,7,4,9,8,10,4,3,0,8,6,9,2,3,3,11,3,9,10,7,10,10,11,7,3,3,4,3,4,9,9,11,9,0,2,3,0,3,3,9,9,7,0,8,0,7,7,8,0,0,5,2,5,7,8,9,3,8,2,5,6,3,9,6,8,7,0,9,3,5,2,5,3,3,6,6,11,8,0,10,7,6
4,10,10,10,10,11,2,6,3,5,2,9,9,0,8,6,2,6,2,3,9,11,8,8,0,7,9,4,4,6,7,7,4,4,8,8,10,4,0,11,6,6,11,4,7,5,7,0,9,11,2,10,3,3,3,11,4,8,6,9,8,10,7,7,11,8,11,9,5,8,5,10,9,11,5,4,2,9,7,10,3,4,4,0,4,10,11,8,11,11,0,8,4,4,5,4,5,10,10,0,10,2,3,4,2,4,4,10,10,8,2,9,2,8,8,9,2,2,6,3,6,8,9,10,4,9,3,6,7,4,10,7,9,8,2,10,4,6,3,6,4,4,7,7,0,9,2,11,8,7
5,11,11,11,11,0,3,7,4,6,3,10,10,2,9,7,3,7,3,4,10,0,9,9,2,8,10,5,5,7,8,8,5,5,9,9,11,5,2,0,7,7,0,5,8,6,8,2,10,0,3,11,4,4,4,0,5,9,7,10,9,11,8,8,0,9,0,10,6,9,6,11,10,0,6,5,3,10,8,11,4,5,5,2,5,11,0,9,0,0,2,9,5,5,6,5,6,11,11,2,11,3,4,5,3,5,5,11,11,9,3,10,3,9,9,10,3,3,7,4,7,9,10,11,5,10,4,7,8,5,11,8,10,9,3,11,5,7,4,7,5,5,8,8,2,10,3,0,9,8
6,0,0,0,0,2,4,8,5,7,4,11,11,3,10,8,4,8,4,5,11,2,10,10,3,9,11,6,6,8,9,9,6,6,10,10,0,6,3,2,8,8,2,6,9,7,9,3,11,2,4,0,5,5,5,2,6,10,8,11,10,0,9,9,2,10,2,11,7,10,7,0,11,2,7,6,4,11,9,0,5,6,6,3,6,0,2,10,2,2,3,10,6,6,7,6,7,0,0,3,0,4,5,6,4,6,6,0,0,10,4,11,4,10,10,11,4,4,8,5,8,10,11,0,6,11,5,8,9,6,0,9,11,10,4,0,6,8,5,8,6,6,9,9,3,11,4,2,10,9
7,2,2,2,2,3,5,9,6,8,5,0,0,4,11,9,5,9,5,6,0,3,11,11,4,10,0,7,7,9,10,10,7,7,11,11,2,7,4,3,9,9,3,7,10,8,10,4,0,3,5,2,6,6,6,3,7,11,9,0,11,2,10,10,3,11,3,0,8,11,8,2,0,3,8,7,5,0,10,2,6,7,7,4,7,2,3,11,3,3,4,11,7,7,8,7,8,2,2,4,2,5,6,7,5,7,7,2,2,11,5,0,5,11,11,0,5,5,9,6,9,11,0,2,7,0,6,9,10,7,2,10,0,11,5,2,7,9,6,9,7,7,10,10,4,0,5,3,11,10
8,3,3,3,3,4,6,10,7,9,6,2,2,5,0,10,6,10,6,7,2,4,0,0,5,11,2,8,8,10,11,11,8,8,0,0,3,8,5,4,10,10,4,8,11,9,11,5,2,4,6,3,7,7,7,4,8,0,10,2,0,3,11,11,4,0,4,2,9,0,9,3,2,4,9,8,6,2,11,3,7,8,8,5,8,3,4,0,4,4,5,0,8,8,9,8,9,3,3,5,3,6,7,8,6,8,8,3,3,0,6,2,6,0,0,2,6,6,10,7,10,0,2,3,8,2,7,10,11,8,3,11,2,0,6,3,8,10,7,10,8,8,11,11,5,2,6,4,0,11
9,4,4,4,4,5,7,11,8,10,7,3,3,6,2,11,7,11,7,8,3,5,2,2,6,0,3,9,9,11,0,0,9,9,2,2,4,9,6,5,11,11,5,9,0,10,0,6,3,5,7,4,8,8,8,5,9,2,11,3,2,4,0,0,5,2,5,3,10,2,10,4,3,5,10,9,7,3,0,4,8,9,9,6,9,4,5,2,5,5,6,2,9,9,10,9,10,4,4,6,4,7,8,9,7,9,9,4,4,2,7,3,7,2,2,3,7,7,11,8,11,2,3,4,9,3,8,11,0,9,4,0,3,2,7,4,9,11,8,11,9,9,0,0,6,3,7,5,2,0
10,5,5,5,5,6,8,0,9,11,8,4,4,7,3,0,8,0,8,9,4,6,3,3,7,2,4,10,10,0,2,2,10,10,3,3,5,10,7,6,0,0,6,10,2,11,2,7,4,6,8,5,9,9,9,6,10,3,0,4,3,5,2,2,6,3,6,4,11,3,11,5,4,6,11,10,8,4,2,5,9,10,10,7,10,5,6,3,6,6,7,3,10,10,11,10,11,5,5,7,5,8,9,10,8,10,10,5,5,3,8,4,8,3,3,4,8,8,0,9,0,3,4,5,10,4,9,0,2,10,5,2,4,3,8,5,10,0,9,0,10,10,2,2,7,4,8,6,3,2
11,6,6,6,6,7,9,2,10,0,9,5,5,8,4,2,9,2,9,10,5,7,4,4,8,3,5,11,11,2,3,3,11,11,4,4,6,11,8,7,2,2,7,11,3,0,3,8,5,7,9,6,10,10,10,7,11,4,2,5,4,6,3,3,7,4,7,5,0,4,0,6,5,7,0,11,9,5,3,6,10,11,11,8,11,6,7,4,7,7,8,4,11,11,0,11,0,6,6,8,6,9,10,11,9,11,11,6,6,4,9,5,9,4,4,5,9,9,2,10,2,4,5,6,11,5,10,2,3,11,6,3,5,4,9,6,11,2,10,2,11,11,3,3,8,5,9,7,4,3
0,7,7,7,7,8,10,3,11,2,10,6,6,9,5,3,10,3,10,11,6,8,5,5,9,4,6,0,0,3,4,4,0,0,5,5,7,0,9,8,3,3,8,0,4,2,4,9,6,8,10,7,11,11,11,8,0,5,3,6,5,7,4,4,8,5,8,6,2,5,2,7,6,8,2,0,10,6,4,7,11,0,0,9,0,7,8,5,8,8,9,5,0,0,2,0,2,7,7,9,7,10,11,0,10,0,0,7,7,5,10,6,10,5,5,6,10,10,3,11,3,5,6,7,0,6,11,3,4,0,7,4,6,5,10,7,0,3,11,3,0,0,4,4,9,6,10,8,5,4
2,8,8,8,8,9,11,4,0,3,11,7,7,10,6,4,11,4,11,0,7,9,6,6,10,5,7,2,2,4,5,5,2,2,6,6,8,2,10,9,4,4,9,2,5,3,5,10,7,9,11,8,0,0,0,9,2,6,4,7,6,8,5,5,9,6,9,7,3,6,3,8,7,9,3,2,11,7,5,8,0,2,2,10,2,8,9,6,9,9,10,6,2,2,3,2,3,8,8,10,8,11,0,2,11,2,2,8,8,6,11,7,11,6,6,7,11,11,4,0,4,6,7,8,2,7,0,4,5,2,8,5,7,6,11,8,2,4,0,4,2,2,5,5,10,7,11,9,6,5
3,9,9,9,9,10,0,5,2,4,0,8,8,11,7,5,0,5,0,2,8,10,7,7,11,6,8,3,3,5,6,6,3,3,7,7,9,3,11,10,5,5,10,3,6,4,6,11,8,10,0,9,2,2,2,10,3,7,5,8,7,9,6,6,10,7,10,8,4,7,4,9,8,10,4,3,0,8,6,9,2,3,3,11,3,9,10,7,10,10,11,7,3,3,4,3,4,9,9,11,9,0,2,3,0,3,3,9,9,7,0,8,0,7,7,8,0,0,5,2,5,7,8,9,3,8,2,5,6,3,9,6,8,7,0,9,3,5,2,5,3,3,6,6,11,8,0,10,7,6
4,10,10,10,10,11,2,6,3,5,2,9,9,0,8,6,2,6,2,3,9,11,8,8,0,7,9,4,4,6,7,7,4,4,8,8,10,4,0,11,6,6,11,4,7,5,7,0,9,11,2,10,3,3,3,11,4,8,6,9,8,10,7,7,11,8,11,9,5,8,5,10,9,11,5,4,2,9,7,10,3,4,4,0,4,10,11,8,11,11,0,8,4,4,5,4,5,10,10,0,10,2,3,4,2,4,4,10,10,8,2,9,2,8,8,9,2,2,6,3,6,8,9,10,4,9,3,6,7,4,10,7,9,8,2,10,4,6,3,6,4,4,7,7,0,9,2,11,8,7
5,11,11,11,11,0,3,7,4,6,3,10,10,2,9,7,3,7,3,4,10,0,9,9,2,8,10,5,5,7,8,8,5,5,9,9,11,5,2,0,7,7,0,5,8,6,8,2,10,0,3,11,4,4,4,0,5,9,7,10,9,11,8,8,0,9,0,10,6,9,6,11,10,0,6,5,3,10,8,11,4,5,5,2,5,11,0,9,0,0,2,9,5,5,6,5,6,11,11,2,11,3,4,5,3,5,5,11,11,9,3,10,3,9,9,10,3,3,7,4,7,9,10,11,5,10,4,7,8,5,11,8,10,9,3,11,5,7,4,7,5,5,8,8,2,10,3,0,9,8
6,0,0,0,0,2,4,8,5,7,4,11,11,3,10,8,4,8,4,5,11,2,10,10,3,9,11,6,6,8,9,9,6,6,10,10,0,6,3,2,8,8,2,6,9,7,9,3,11,2,4,0,5,5,5,2,6,10,8,11,10,0,9,9,2,10,2,11,7,10,7,0,11,2,7,6,4,11,9,0,5,6,6,3,6,0,2,10,2,2,3,10,6,6,7,6,7,0,0,3,0,4,5,6,4,6,6,0,0,10,4,11,4,10,10,11,4,4,8,5,8,10,11,0,6,11,5,8,9,6,0,9,11,10,4,0,6,8,5,8,6,6,9,9,3,11,4,2,10,9
7,2,2,2,2,3,5,9,6,8,5,0,0,4,11,9,5,9,5,6,0,3,11,11,4,10,0,7,7,9,10,10,7,7,11,11,2,7,4,3,9,9,3,7,10,8,10,4,0,3,5,2,6,6,6,3,7,11,9,0,11,2,10,10,3,11,3,0,8,11,8,2,0,3,8,7,5,0,10,2,6,7,7,4,7,2,3,11,3,3,4,11,7,7,8,7,8,2,2,4,2,5,6,7,5,7,7,2,2,11,5,0,5,11,11,0,5,5,9,6,9,11,0,2,7,0,6,9,10,7,2,10,0,11,5,2,7,9,6,9,7,7,10,10,4,0,5,3,11,10
8,3,3,3,3,4,6,10,7,9,6,2,2,5,0,10,6,10,6,7,2,4,0,0,5,11,2,8,8,10,11,11,8,8,0,0,3,8,5,4,10,10,4,8,11,9,11,5,2,4,6,3,7,7,7,4,8,0,10,2,0,3,11,11,4,0,4,2,9,0,9,3,2,4,9,8,6,2,11,3,7,8,8,5,8,3,4,0,4,4,5,0,8,8,9,8,9,3,3,5,3,6,7,8,6,8,8,3,3,0,6,2,6,0,0,2,6,6,10,7,10,0,2,3,8,2,7,10,11,8,3,11,2,0,6,3,8,10,7,10,8,8,11,11,5,2,6,4,0,11
9,4,4,4,4,5,7,11,8,10,7,3,3,6,2,11,7,11,7,8,3,5,2,2,6,0,3,9,9,11,0,0,9,9,2,2,4,9,6,5,11,11,5,9,0,10,0,6,3,5,7,4,8,8,8,5,9,2,11,3,2,4,0,0,5,2,5,3,10,2,10,4,3,5,10,9,7,3,0,4,8,9,9,6,9,4,5,2,5,5,6,2,9,9,10,9,10,4,4,6,4,7,8,9,7,9,9,4,4,2,7,3,7,2,2,3,7,7,11,8,11,2,3,4,9,3,8,11,0,9,4,0,3,2,7,4,9,11,8,11,9,9,0,0,6,3,7,5,2,0
10,5,5,5,5,6,8,0,9,11,8,4,4,7,3,0,8,0,8,9,4,6,3,3,7,2,4,10,10,0,2,2,10,10,3,3,5,10,7,6,0,0,6,10,2,11,2,7,4,6,8,5,9,9,9,6,10,3,0,4,3,5,2,2,6,3,6,4,11,3,11,5,4,6,11,10,8,4,2,5,9,10,10,7,10,5,6,3,6,6,7,3,10,10,11,10,11,5,5,7,5,8,9,10,8,10,10,5,5,3,8,4,8,3,3,4,8,8,0,9,0,3,4,5,10,4,9,0,2,10,5,2,4,3,8,5,10,0,9,0,10,10,2,2,7,4,8,6,3,2
11,6,6,6,6,7,9,2,10,0,9,5,5,8,4,2,9,2,9,10,5,7,4,4,8,3,5,11,11,2,3,3,11,11,4,4,6,11,8,7,2,2,7,11,3,0,3,8,5,7,9,6,10,10,10,7,11,4,2,5,4,6,3,3,7,4,7,5,0,4,0,6,5,7,0,11,9,5,3,6,10,11,11,8,11,6,7,4,7,7,8,4,11,11,0,11,0,6,6,8,6,9,10,11,9,11,11,6,6,4,9,5,9,4,4,5,9,9,2,10,2,4,5,6,11,5,10,2,3,11,6,3,5,4,9,6,11,2,10,2,11,11,3,3,8,5,9,7,4,3
0,7,7,7,7,8,10,3,11,2,10,6,6,9,5,3,10,3,10,11,6,8,5,5,9,4,6,0,0,3,4,4,0,0,5,5,7,0,9,8,3,3,8,0,4,2,4,9,6,8,10,7,11,11,11,8,0,5,3,6,5,7,4,4,8,5,8,6,2,5,2,7,6,8,2,0,10,6,4,7,11,0,0,9,0,7,8,5,8,8,9,5,0,0,2,0,2,7,7,9,7,10,11,0,10,0,0,7,7,5,10,6,10,5,5,6,10,10,3,11,3,5,6,7,0,6,11,3,4,0,7,4,6,5,10,7,0,3,11,3,0,0,4,4,9,6,10,8,5,4
2,8,8,8,8,9,11,4,0,3,11,7,7,10,6,4,11,4,11,0,7,9,6,6,10,5,7,2,2,4,5,5,2,2,6,6,8,2,10,9,4,4,9,2,5,3,5,10,7,9,11,8,0,0,0,9,2,6,4,7,6,8,5,5,9,6,9,7,3,6,3,8,7,9,3,2,11,7,5,8,0,2,2,10,2,8,9,6,9,9,10,6,2,2,3,2,3,8,8,10,8,11,0,2,11,2,2,8,8,6,11,7,11,6,6,7,11,11,4,0,4,6,7,8,2,7,0,4,5,2,8,5,7,6,11,8,2,4,0,4,2,2,5,5,10,7,11,9,6,5
3,9,9,9,9,10,0,5,2,4,0,8,8,11,7,5,0,5,0,2,8,10,7,7,11,6,8,3,3,5,6,6,3,3,7,7,9,3,11,10,5,5,10,3,6,4,6,11,8,10,0,9,2,2,2,10,3,7,5,8,7,9,6,6,10,7,10,8,4,7,4,9,8,10,4,3,0,8,6,9,2,3,3,11,3,9,10,7,10,10,11,7,3,3,4,3,4,9,9,11,9,0,2,3,0,3,3,9,9,7,0,8,0,7,7,8,0,0,5,2,5,7,8,9,3,8,2,5,6,3,9,6,8,7,0,9,3,5,2,5,3,3,6,6,11,8,0,10,7,6
4,10,10,10,10,11,2,6,3,5,2,9,9,0,8,6,2,6,2,3,9,11,8,8,0,7,9,4,4,6,7,7,4,4,8,8,10,4,0,11,6,6,11,4,7,5,7,0,9,11,2,10,3,3,3,11,4,8,6,9,8,10,7,7,11,8,11,9,5,8,5,10,9,11,5,4,2,9,7,10,3,4,4,0,4,10,11,8,11,11,0,8,4,4,5,4,5,10,10,0,10,2,3,4,2,4,4,10,10,8,2,9,2,8,8,9,2,2,6,3,6,8,9,10,4,9,3,6,7,4,10,7,9,8,2,10,4,6,3,6,4,4,7,7,0,9,2,11,8,7
5,11,11,11,11,0,3,7,4,6,3,10,10,2,9,7,3,7,3,4,10,0,9,9,2,8,10,5,5,7,8,8,5,5,9,9,11,5,2,0,7,7,0,5,8,6,8,2,10,0,3,11,4,4,4,0,5,9,7,10,9,11,8,8,0,9,0,10,6,9,6,11,10,0,6,5,3,10,8,11,4,5,5,2,5,11,0,9,0,0,2,9,5,5,6,5,6,11,11,2,11,3,4,5,3,5,5,11,11,9,3,10,3,9,9,10,3,3,7,4,7,9,10,11,5,10,4,7,8,5,11,8,10,9,3,11,5,7,4,7,5,5,8,8,2,10,3,0,9,8
6,0,0,0,0,2,4,8,5,7,4,11,11,3,10,8,4,8,4,5,11,2,10,10,3,9,11,6,6,8,9,9,6,6,10,10,0,6,3,2,8,8,2,6,9,7,9,3,11,2,4,0,5,5,5,2,6,10,8,11,10,0,9,9,2,10,2,11,7,10,7,0,11,2,7,6,4,11,9,0,5,6,6,3,6,0,2,10,2,2,3,10,6,6,7,6,7,0,0,3,0,4,5,6,4,6,6,0,0,10,4,11,4,10,10,11,4,4,8,5,8,10,11,0,6,11,5,8,9,6,0,9,11,10,4,0,6,8,5,8,6,6,9,9,3,11,4,2,10,9
7,2,2,2,2,3,5,9,6,8,5,0,0,4,11,9,5,9,5,6,0,3,11,11,4,10,0,7,7,9,10,10,7,7,11,11,2,7,4,3,9,9,3,7,10,8,10,4,0,3,5,2,6,6,6,3,7,11,9,0,11,2,10,10,3,11,3,0,8,11,8,2,0,3,8,7,5,0,10,2,6,7,7,4,7,2,3,11,3,3,4,11,7,7,8,7,8,2,2,4,2,5,6,7,5,7,7,2,2,11,5,0,5,11,11,0,5,5,9,6,9,11,0,2,7,0,6,9,10,7,2,10,0,11,5,2,7,9,6,9,7,7,10,10,4,0,5,3,11,10
8,3,3,3,3,4,6,10,7,9,6,2,2,5,0,10,6,10,6,7,2,4,0,0,5,11,2,8,8,10,11,11,8,8,0,0,3,8,5,4,10,10,4,8,11,9,11,5,2,4,6,3,7,7,7,4,8,0,10,2,0,3,11,11,4,0,4,2,9,0,9,3,2,4,9,8,6,2,11,3,7,8,8,5,8,3,4,0,4,4,5,0,8,8,9,8,9,3,3,5,3,6,7,8,6,8,8,3,3,0,6,2,6,0,0,2,6,6,10,7,10,0,2,3,8,2,7,10,11,8,3,11,2,0,6,3,8,10,7,10,8,8,11,11,5,2,6,4,0,11
9,4,4,4,4,5,7,11,8,10,7,3,3,6,2,11,7,11,7,8,3,5,2,2,6,0,3,9,9,11,0,0,9,9,2,2,4,9,6,5,11,11,5,9,0,10,0,6,3,5,7,4,8,8,8,5,9,2,11,3,2,4,0,0,5,2,5,3,10,2,10,4,3,5,10,9,7,3,0,4,8,9,9,6,9,4,5,2,5,5,6,2,9,9,10,9,10,4,4,6,4,7,8,9,7,9,9,4,4,2,7,3,7,2,2,3,7,7,11,8,11,2,3,4,9,3,8,11,0,9,4,0,3,2,7,4,9,11,8,11,9,9,0,0,6,3,7,5,2,0
10,5,5,5,5,6,8,0,9,11,8,4,4,7,3,0,8,0,8,9,4,6,3,3,7,2,4,10,10,0,2,2,10,10,3,3,5,10,7,6,0,0,6,10,2,11,2,7,4,6,8,5,9,9,9,6,10,3,0,4,3,5,2,2,6,3,6,4,11,3,11,5,4,6,11,10,8,4,2,5,9,10,10,7,10,5,6,3,6,6,7,3,10,10,11,10,11,5,5,7,5,8,9,10,8,10,10,5,5,3,8,4,8,3,3,4,8,8,0,9,0,3,4,5,10,4,9,0,2,10,5,2,4,3,8,5,10,0,9,0,10,10,2,2,7,4,8,6,3,2
11,6,6,6,6,7,9,2,10,0,9,5,5,8,4,2,9,2,9,10,5,7,4,4,8,3,5,11,11,2,3,3,11,11,4,4,6,11,8,7,2,2,7,11,3,0,3,8,5,7,9,6,10,10,10,7,11,4,2,5,4,6,3,3,7,4,7,5,0,4,0,6,5,7,0,11,9,5,3,6,10,11,11,8,11,6,7,4,7,7,8,4,11,11,0,11,0,6,6,8,6,9,10,11,9,11,11,6,6,4,9,5,9,4,4,5,9,9,2,10,2,4,5,6,11,5,10,2,3,11,6,3,5,4,9,6,11,2,10,2,11,11,3,3,8,5,9,7,4,3
0,7,7,7,7,8,10,3,11,2,10,6,6,9,5,3,10,3,10,11,6,8,5,5,9,4,6,0,0,3,4,4,0,0,5,5,7,0,9,8,3,3,8,0,4,2,4,9,6,8,10,7,11,11,11,8,0,5,3,6,5,7,4,4,8,5,8,6,2,5,2,7,6,8,2,0,10,6,4,7,11,0,0,9,0,7,8,5,8,8,9,5,0,0,2,0,2,7,7,9,7,10,11,0,10,0,0,7,7,5,10,6,10,5,5,6,10,10,3,11,3,5,6,7,0,6,11,3,4,0,7,4,6,5,10,7,0,3,11,3,0,0,4,4,9,6,10,8,5,4
2,8,8,8,8,9,11,4,0,3,11,7,7,10,6,4,11,4,11,0,7,9,6,6,10,5,7,2,2,4,5,5,2,2,6,6,8,2,10,9,4,4,9,2,5,3,5,10,7,9,11,8,0,0,0,9,2,6,4,7,6,8,5,5,9,6,9,7,3,6,3,8,7,9,3,2,11,7,5,8,0,2,2,10,2,8,9,6,9,9,10,6,2,2,3,2,3,8,8,10,8,11,0,2,11,2,2,8,8,6,11,7,11,6,6,7,11,11,4,0,4,6,7,8,2,7,0,4,5,2,8,5,7,6,11,8,2,4,0,4,2,2,5,5,10,7,11,9,6,5
3,9,9,9,9,10,0,5,2,4,0,8,8,11,7,5,0,5,0,2,8,10,7,7,11,6,8,3,3,5,6,6,3,3,7,7,9,3,11,10,5,5,10,3,6,4,6,11,8,10,0,9,2,2,2,10,3,7,5,8,7,9,6,6,10,7,10,8,4,7,4,9,8,10,4,3,0,8,6,9,2,3,3,11,3,9,10,7,10,10,11,7,3,3,4,3,4,9,9,11,9,0,2,3,0,3,3,9,9,7,0,8,0,7,7,8,0,0,5,2,5,7,8,9,3,8,2,5,6,3,9,6,8,7,0,9,3,5,2,5,3,3,6,6,11,8,0,10,7,6
4,10,10,10,10,11,2,6,3,5,2,9,9,0,8,6,2,6,2,3,9,11,8,8,0,7,9,4,4,6,7,7,4,4,8,8,10,4,0,11,6,6,11,4,7,5,7,0,9,11,2,10,3,3,3,11,4,8,6,9,8,10,7,7,11,8,11,9,5,8,5,10,9,11,5,4,2,9,7,10,3,4,4,0,4,10,11,8,11,11,0,8,4,4,5,4,5,10,10,0,10,2,3,4,2,4,4,10,10,8,2,9,2,8,8,9,2,2,6,3,6,8,9,10,4,9,3,6,7,4,10,7,9,8,2,10,4,6,3,6,4,4,7,7,0,9,2,11,8,7
5,11,11,11,11,0,3,7,4,6,3,10,10,2,9,7,3,7,3,4,10,0,9,9,2,8,10,5,5,7,8,8,5,5,9,9,11,5,2,0,7,7,0,5,8,6,8,2,10,0,3,11,4,4,4,0,5,9,7,10,9,11,8,8,0,9,0,10,6,9,6,11,10,0,6,5,3,10,8,11,4,5,5,2,5,11,0,9,0,0,2,9,5,5,6,5,6,11,11,2,11,3,4,5,3,5,5,11,11,9,3,10,3,9,9,10,3,3,7,4,7,9,10,11,5,10,4,7,8,5,11,8,10,9,3,11,5,7,4,7,5,5,8,8,2,10,3,0,9,8
6,0,0,0,0,2,4,8,5,7,4,11,11,3,10,8,4,8,4,5,11,2,10,10,3,9,11,6,6,8,9,9,6,6,10,10,0,6,3,2,8,8,2,6,9,7,9,3,11,2,4,0,5,5,5,2,6,10,8,11,10,0,9,9,2,10,2,11,7,10,7,0,11,2,7,6,4,11,9,0,5,6,6,3,6,0,2,10,2,2,3,10,6,6,7,6,7,0,0,3,0,4,5,6,4,6,6,0,0,10,4,11,4,10,10,11,4,4,8,5,8,10,11,0,6,11,5,8,9,6,0,9,11,10,4,0,6,8,5,8,6,6,9,9,3,11,4,2,10,9
7,2,2,2,2,3,5,9,6,8,5,0,0,4,11,9,5,9,5,6,0,3,11,11,4,10,0,7,7,9,10,10,7,7,11,11,2,7,4,3,9,9,3,7,10,8,10,4,0,3,5,2,6,6,6,3,7,11,9,0,11,2,10,10,3,11,3,0,8,11,8,2,0,3,8,7,5,0,10,2,6,7,7,4,7,2,3,11,3,3,4,11,7,7,8,7,8,2,2,4,2,5,6,7,5,7,7,2,2,11,5,0,5,11,11,0,5,5,9,6,9,11,0,2,7,0,6,9,10,7,2,10,0,11,5,2,7,9,6,9,7,7,10,10,4,0,5,3,11,10
8,3,3,3,3,4,6,10,7,9,6,2,2,5,0,10,6,10,6,7,2,4,0,0,5,11,2,8,8,10,11,11,8,8,0,0,3,8,5,4,10,10,4,8,11,9,11,5,2,4,6,3,7,7,7,4,8,0,10,2,0,3,11,11,4,0,4,2,9,0,9,3,2,4,9,8,6,2,11,3,7,8,8,5,8,3,4,0,4,4,5,0,8,8,9,8,9,3,3,5,3,6,7,8,6,8,8,3,3,0,6,2,6,0,0,2,6,6,10,7,10,0,2,3,8,2,7,10,11,8,3,11,2,0,6,3,8,10,7,10,8,8,11,11,5,2,6,4,0,11
9,4,4,4,4,5,7,11,8,10,7,3,3,6,2,11,7,11,7,8,3,5,2,2,6,0,3,9,9,11,0,0,9,9,2,2,4,9,6,5,11,11,5,9,0,10,0,6,3,5,7,4,8,8,8,5,9,2,11,3,2,4,0,0,5,2,5,3,10,2,10,4,3,5,10,9,7,3,0,4,8,9,9,6,9,4,5,2,5,5,6,2,9,9,10,9,10,4,4,6,4,7,8,9,7,9,9,4,4,2,7,3,7,2,2,3,7,7,11,8,11,2,3,4,9,3,8,11,0,9,4,0,3,2,7,4,9,11,8,11,9,9,0,0,6,3,7,5,2,0
10,5,5,5,5,6,8,0,9,11,8,4,4,7,3,0,8,0,8,9,4,6,3,3,7,2,4,10,10,0,2,2,10,10,3,3,5,10,7,6,0,0,6,10,2,11,2,7,4,6,8,5,9,9,9,6,10,3,0,4,3,5,2,2,6,3,6,4,11,3,11,5,4,6,11,10,8,4,2,5,9,10,10,7,10,5,6,3,6,6,7,3,10,10,11,10,11,5,5,7,5,8,9,10,8,10,10,5,5,3,8,4,8,3,3,4,8,8,0,9,0,3,4,5,10,4,9,0,2,10,5,2,4,3,8,5,10,0,9,0,10,10,2,2,7,4,8,6,3,2
11,6,6,6,6,7,9,2,10,0,9,5,5,8,4,2,9,2,9,10,5,7,4,4,8,3,5,11,11,2,3,3,11,11,4,4,6,11,8,7,2,2,7,11,3,0,3,8,5,7,9,6,10,10,10,7,11,4,2,5,4,6,3,3,7,4,7,5,0,4,0,6,5,7,0,11,9,5,3,6,10,11,11,8,11,6,7,4,7,7,8,4,11,11,0,11,0,6,6,8,6,9,10,11,9,11,11,6,6,4,9,5,9,4,4,5,9,9,2,10,2,4,5,6,11,5,10,2,3,11,6,3,5,4,9,6,11,2,10,2,11,11,3,3,8,5,9,7,4,3
0,7,7,7,7,8,10,3,11,2,10,6,6,9,5,3,10,3,10,11,6,8,5,5,9,4,6,0,0,3,4,4,0,0,5,5,7,0,9,8,3,3,8,0,4,2,4,9,6,8,10,7,11,11,11,8,0,5,3,6,5,7,4,4,8,5,8,6,2,5,2,7,6,8,2,0,10,6,4,7,11,0,0,9,0,7,8,5,8,8,9,5,0,0,2,0,2,7,7,9,7,10,11,0,10,0,0,7,7,5,10,6,10,5,5,6,10,10,3,11,3,5,6,7,0,6,11,3,4,0,7,4,6,5,10,7,0,3,11,3,0,0,4,4,9,6,10,8,5,4
2,8,8,8,8,9,11,4,0,3,11,7,7,10,6,4,11,4,11,0,7,9,6,6,10,5,7,2,2,4,5,5,2,2,6,6,8,2,10,9,4,4,9,2,5,3,5,10,7,9,11,8,0,0,0,9,2,6,4,7,6,8,5,5,9,6,9,7,3,6,3,8,7,9,3,2,11,7,5,8,0,2,2,10,2,8,9,6,9,9,10,6,2,2,3,2,3,8,8,10,8,11,0,2,11,2,2,8,8,6,11,7,11,6,6,7,11,11,4,0,4,6,7,8,2,7,0,4,5,2,8,5,7,6,11,8,2,4,0,4,2,2,5,5,10,7,11,9,6,5
3,9,9,9,9,10,0,5,2,4,0,8,8,11,7,5,0,5,0,2,8,10,7,7,11,6,8,3,3,5,6,6,3,3,7,7,9,3,11,10,5,5,10,3,6,4,6,11,8,10,0,9,2,2,2,10,3,7,5,8,7,9,6,6,10,7,10,8,4,7,4,9,8,10,4,3,0,8,6,9,2,3,3,11,3,9,10,7,10,10,11,7,3,3,4,3,4,9,9,11,9,0,2,3,0,3,3,9,9,7,0,8,0,7,7,8,0,0,5,2,5,7,8,9,3,8,2,5,6,3,9,6,8,7,0,9,3,5,2,5,3,3,6,6,11,8,0,10,7,6
4,10,10,10,10,11,2,6,3,5,2,9,9,0,8,6,2,6,2,3,9,11,8,8,0,7,9,4,4,6,7,7,4,4,8,8,10,4,0,11,6,6,11,4,7,5,7,0,9,11,2,10,3,3,3,11,4,8,6,9,8,10,7,7,11,8,11,9,5,8,5,10,9,11,5,4,2,9,7,10,3,4,4,0,4,10,11,8,11,11,0,8,4,4,5,4,5,10,10,0,10,2,3,4,2,4,4,10,10,8,2,9,2,8,8,9,2,2,6,3,6,8,9,10,4,9,3,6,7,4,10,7,9,8,2,10,4,6,3,6,4,4,7,7,0,9,2,11,8,7
5,11,11,11,11,0,3,7,4,6,3,10,10,2,9,7,3,7,3,4,10,0,9,9,2,8,10,5,5,7,8,8,5,5,9,9,11,5,2,0,7,7,0,5,8,6,8,2,10,0,3,11,4,4,4,0,5,9,7,10,9,11,8,8,0,9,0,10,6,9,6,11,10,0,6,5,3,10,8,11,4,5,5,2,5,11,0,9,0,0,2,9,5,5,6,5,6,11,11,2,11,3,4,5,3,5,5,11,11,9,3,10,3,9,9,10,3,3,7,4,7,9,10,11,5,10,4,7,8,5,11,8,10,9,3,11,5,7,4,7,5,5,8,8,2,10,3,0,9,8
6,0,0,0,0,2,4,8,5,7,4,11,11,3,10,8,4,8,4,5,11,2,10,10,3,9,11,6,6,8,9,9,6,6,10,10,0,6,3,2,8,8,2,6,9,7,9,3,11,2,4,0,5,5,5,2,6,10,8,11,10,0,9,9,2,10,2,11,7,10,7,0,11,2,7,6,4,11,9,0,5,6,6,3,6,0,2,10,2,2,3,10,6,6,7,6,7,0,0,3,0,4,5,6,4,6,6,0,0,10,4,11,4,10,10,11,4,4,8,5,8,10,11,0,6,11,5,8,9,6,0,9,11,10,4,0,6,8,5,8,6,6,9,9,3,11,4,2,10,9
7,2,2,2,2,3,5,9,6,8,5,0,0,4,11,9,5,9,5,6,0,3,11,11,4,10,0,7,7,9,10,10,7,7,11,11,2,7,4,3,9,9,3,7,10,8,10,4,0,3,5,2,6,6,6,3,7,11,9,0,11,2,10,10,3,11,3,0,8,11,8,2,0,3,8,7,5,0,10,2,6,7,7,4,7,2,3,11,3,3,4,11,7,7,8,7,8,2,2,4,2,5,6,7,5,7,7,2,2,11,5,0,5,11,11,0,5,5,9,6,9,11,0,2,7,0,6,9,10,7,2,10,0,11,5,2,7,9,6,9,7,7,10,10,4,0,5,3,11,10
8,3,3,3,3,4,6,10,7,9,6,2,2,5,0,10,6,10,6,7,2,4,0,0,5,11,2,8,8,10,11,11,8,8,0,0,3,8,5,4,10,10,4,8,11,9,11,5,2,4,6,3,7,7,7,4,8,0,10,2,0,3,11,11,4,0,4,2,9,0,9,3,2,4,9,8,6,2,11,3,7,8,8,5,8,3,4,0,4,4,5,0,8,8,9,8,9,3,3,5,3,6,7,8,6,8,8,3,3,0,6,2,6,0,0,2,6,6,10,7,10,0,2,3,8,2,7,10,11,8,3,11,2,0,6,3,8,10,7,10,8,8,11,11,5,2,6,4,0,11
9,4,4,4,4,5,7,11,8,10,7,3,3,6,2,11,7,11,7,8,3,5,2,2,6,0,3,9,9,11,0,0,9,9,2,2,4,9,6,5,11,11,5,9,0,10,0,6,3,5,7,4,8,8,8,5,9,2,11,3,2,4,0,0,5,2,5,3,10,2,10,4,3,5,10,9,7,3,0,4,8,9,9,6,9,4,5,2,5,5,6,2,9,9,10,9,10,4,4,6,4,7,8,9,7,9,9,4,4,2,7,3,7,2,2,3,7,7,11,8,11,2,3,4,9,3,8,11,0,9,4,0,3,2,7,4,9,11,8,11,9,9,0,0,6,3,7,5,2,0
10,5,5,5,5,6,8,0,9,11,8,4,4,7,3,0,8,0,8,9,4,6,3,3,7,2,4,10,10,0,2,2,10,10,3,3,5,10,7,6,0,0,6,10,2,11,2,7,4,6,8,5,9,9,9,6,10,3,0,4,3,5,2,2,6,3,6,4,11,3,11,5,4,6,11,10,8,4,2,5,9,10,10,7,10,5,6,3,6,6,7,3,10,10,11,10,11,5,5,7,5,8,9,10,8,10,10,5,5,3,8,4,8,3,3,4,8,8,0,9,0,3,4,5,10,4,9,0,2,10,5,2,4,3,8,5,10,0,9,0,10,10,2,2,7,4,8,6,3,2
11,6,6,6,6,7,9,2,10,0,9,5,5,8,4,2,9,2,9,10,5,7,4,4,8,3,5,11,11,2,3,3,11,11,4,4,6,11,8,7,2,2,7,11,3,0,3,8,5,7,9,6,10,10,10,7,11,4,2,5,4,6,3,3,7,4,7,5,0,4,0,6,5,7,0,11,9,5,3,6,10,11,11,8,11,6,7,4,7,7,8,4,11,11,0,11,0,6,6,8,6,9,10,11,9,11,11,6,6,4,9,5,9,4,4,5,9,9,2,10,2,4,5,6,11,5,10,2,3,11,6,3,5,4,9,6,11,2,10,2,11,11,3,3,8,5,9,7,4,3
0,7,7,7,7,8,10,3,11,2,10,6,6,9,5,3,10,3,10,11,6,8,5,5,9,4,6,0,0,3,4,4,0,0,5,5,7,0,9,8,3,3,8,0,4,2,4,9,6,8,10,7,11,11,11,8,0,5,3,6,5,7,4,4,8,5,8,6,2,5,2,7,6,8,2,0,10,6,4,7,11,0,0,9,0,7,8,5,8,8,9,5,0,0,2,0,2,7,7,9,7,10,11,0,10,0,0,7,7,5,10,6,10,5,5,6,10,10,3,11,3,5,6,7,0,6,11,3,4,0,7,4,6,5,10,7,0,3,11,3,0,0,4,4,9,6,10,8,5,4
2,8,8,8,8,9,11,4,0,3,11,7,7,10,6,4,11,4,11,0,7,9,6,6,10,5,7,2,2,4,5,5,2,2,6,6,8,2,10,9,4,4,9,2,5,3,5,10,7,9,11,8,0,0,0,9,2,6,4,7,6,8,5,5,9,6,9,7,3,6,3,8,7,9,3,2,11,7,5,8,0,2,2,10,2,8,9,6,9,9,10,6,2,2,3,2,3,8,8,10,8,11,0,2,11,2,2,8,8,6,11,7,11,6,6,7,11,11,4,0,4,6,7,8,2,7,0,4,5,2,8,5,7,6,11,8,2,4,0,4,2,2,5,5,10,7,11,9,6,5
3,9,9,9,9,10,0,5,2,4,0,8,8,11,7,5,0,5,0,2,8,10,7,7,11,6,8,3,3,5,6,6,3,3,7,7,9,3,11,10,5,5,10,3,6,4,6,11,8,10,0,9,2,2,2,10,3,7,5,8,7,9,6,6,10,7,10,8,4,7,4,9,8,10,4,3,0,8,6,9,2,3,3,11,3,9,10,7,10,10,11,7,3,3,4,3,4,9,9,11,9,0,2,3,0,3,3,9,9,7,0,8,0,7,7,8,0,0,5,2,5,7,8,9,3,8,2,5,6,3,9,6,8,7,0,9,3,5,2,5,3,3,6,6,11,8,0,10,7,6
4,10,10,10,10,11,2,6,3,5,2,9,9,0,8,6,2,6,2,3,9,11,8,8,0,7,9,4,4,6,7,7,4,4,8,8,10,4,0,11,6,6,11,4,7,5,7,0,9,11,2,10,3,3,3,11,4,8,6,9,8,10,7,7,11,8,11,9,5,8,5,10,9,11,5,4,2,9,7,10,3,4,4,0,4,10,11,8,11,11,0,8,4,4,5,4,5,10,10,0,10,2,3,4,2,4,4,10,10,8,2,9,2,8,8,9,2,2,6,3,6,8,9,10,4,9,3,6,7,4,10,7,9,8,2,10,4,6,3,6,4,4,7,7,0,9,2,11,8,7
5,11,11,11,11,0,3,7,4,6,3,10,10,2,9,7,3,7,3,4,10,0,9,9,2,8,10,5,5,7,8,8,5,5,9,9,11,5,2,0,7,7,0,5,8,6,8,2,10,0,3,11,4,4,4,0,5,9,7,10,9,11,8,8,0,9,0,10,6,9,6,11,10,0,6,5,3,10,8,11,4,5,5,2,5,11,0,9,0,0,2,9,5,5,6,5,6,11,11,2,11,3,4,5,3,5,5,11,11,9,3,10,3,9,9,10,3,3,7,4,7,9,10,11,5,10,4,7,8,5,11,8,10,9,3,11,5,7,4,7,5,5,8,8,2,10,3,0,9,8
6,0,0,0,0,2,4,8,5,7,4,11,11,3,10,8,4,8,4,5,11,2,10,10,3,9,11,6,6,8,9,9,6,6,10,10,0,6,3,2,8,8,2,6,9,7,9,3,11,2,4,0,5,5,5,2,6,10,8,11,10,0,9,9,2,10,2,11,7,10,7,0,11,2,7,6,4,11,9,0,5,6,6,3,6,0,2,10,2,2,3,10,6,6,7,6,7,0,0,3,0,4,5,6,4,6,6,0,0,10,4,11,4,10,10,11,4,4,8,5,8,10,11,0,6,11,5,8,9,6,0,9,11,10,4,0,6,8,5,8,6,6,9,9,3,11,4,2,10,9
7,2,2,2,2,3,5,9,6,8,5,0,0,4,11,9,5,9,5,6,0,3,11,11,4,10,0,7,7,9,10,10,7,7,11,11,2,7,4,3,9,9,3,7,10,8,10,4,0,3,5,2,6,6,6,3,7,11,9,0,11,2,10,10,3,11,3,0,8,11,8,2,0,3,8,7,5,0,10,2,6,7,7,4,7,2,3,11,3,3,4,11,7,7,8,7,8,2,2,4,2,5,6,7,5,7,7,2,2,11,5,0,5,11,11,0,5,5,9,6,9,11,0,2,7,0,6,9,10,7,2,10,0,11,5,2,7,9,6,9,7,7,10,10,4,0,5,3,11,10
8,3,3,3,3,4,6,10,7,9,6,2,2,5,0,10,6,10,6,7,2,4,0,0,5,11,2,8,8,10,11,11,8,8,0,0,3,8,5,4,10,10,4,8,11,9,11,5,2,4,6,3,7,7,7,4,8,0,10,2,0,3,11,11,4,0,4,2,9,0,9,3,2,4,9,8,6,2,11,3,7,8,8,5,8,3,4,0,4,4,5,0,8,8,9,8,9,3,3,5,3,6,7,8,6,8,8,3,3,0,6,2,6,0,0,2,6,6,10,7,10,0,2,3,8,2,7,10,11,8,3,11,2,0,6,3,8,10,7,10,8,8,11,11,5,2,6,4,0,11
9,4,4,4,4,5,7,11,8,10,7,3,3,6,2,11,7,11,7,8,3,5,2,2,6,0,3,9,9,11,0,0,9,9,2,2,4,9,6,5,11,11,5,9,0,10,0,6,3,5,7,4,8,8,8,5,9,2,11,3,2,4,0,0,5,2,5,3,10,2,10,4,3,5,10,9,7,3,0,4,8,9,9,6,9,4,5,2,5,5,6,2,9,9,10,9,10,4,4,6,4,7,8,9,7,9,9,4,4,2,7,3,7,2,2,3,7,7,11,8,11,2,3,4,9,3,8,11,0,9,4,0,3,2,7,4,9,11,8,11,9,9,0,0,6,3,7,5,2,0
10,5,5,5,5,6,8,0,9,11,8,4,4,7,3,0,8,0,8,9,4,6,3,3,7,2,4,10,10,0,2,2,10,10,3,3,5,10,7,6,0,0,6,10,2,11,2,7,4,6,8,5,9,9,9,6,10,3,0,4,3,5,2,2,6,3,6,4,11,3,11,5,4,6,11,10,8,4,2,5,9,10,10,7,10,5,6,3,6,6,7,3,10,10,11,10,11,5,5,7,5,8,9,10,8,10,10,5,5,3,8,4,8,3,3,4,8,8,0,9,0,3,4,5,10,4,9,0,2,10,5,2,4,3,8,5,10,0,9,0,10,10,2,2,7,4,8,6,3,2
11,6,6,6,6,7,9,2,10,0,9,5,5,8,4,2,9,2,9,10,5,7,4,4,8,3,5,11,11,2,3,3,11,11,4,4,6,11,8,7,2,2,7,11,3,0,3,8,5,7,9,6,10,10,10,7,11,4,2,5,4,6,3,3,7,4,7,5,0,4,0,6,5,7,0,11,9,5,3,6,10,11,11,8,11,6,7,4,7,7,8,4,11,11,0,11,0,6,6,8,6,9,10,11,9,11,11,6,6,4,9,5,9,4,4,5,9,9,2,10,2,4,5,6,11,5,10,2,3,11,6,3,5,4,9,6,11,2,10,2,11,11,3,3,8,5,9,7,4,3
0,7,7,7,7,8,10,3,11,2,10,6,6,9,5,3,10,3,10,11,6,8,5,5,9,4,6,0,0,3,4,4,0,0,5,5,7,0,9,8,3,3,8,0,4,2,4,9,6,8,10,7,11,11,11,8,0,5,3,6,5,7,4,4,8,5,8,6,2,5,2,7,6,8,2,0,10,6,4,7,11,0,0,9,0,7,8,5,8,8,9,5,0,0,2,0,2,7,7,9,7,10,11,0,10,0,0,7,7,5,10,6,10,5,5,6,10,10,3,11,3,5,6,7,0,6,11,3,4,0,7,4,6,5,10,7,0,3,11,3,0,0,4,4,9,6,10,8,5,4
2,8,8,8,8,9,11,4,0,3,11,7,7,10,6,4,11,4,11,0,7,9,6,6,10,5,7,2,2,4,5,5,2,2,6,6,8,2,10,9,4,4,9,2,5,3,5,10,7,9,11,8,0,0,0,9,2,6,4,7,6,8,5,5,9,6,9,7,3,6,3,8,7,9,3,2,11,7,5,8,0,2,2,10,2,8,9,6,9,9,10,6,2,2,3,2,3,8,8,10,8,11,0,2,11,2,2,8,8,6,11,7,11,6,6,7,11,11,4,0,4,6,7,8,2,7,0,4,5,2,8,5,7,6,11,8,2,4,0,4,2,2,5,5,10,7,11,9,6,5
3,9,9,9,9,10,0,5,2,4,0,8,8,11,7,5,0,5,0,2,8,10,7,7,11,6,8,3,3,5,6,6,3,3,7,7,9,3,11,10,5,5,10,3,6,4,6,11,8,10,0,9,2,2,2,10,3,7,5,8,7,9,6,6,10,7,10,8,4,7,4,9,8,10,4,3,0,8,6,9,2,3,3,11,3,9,10,7,10,10,11,7,3,3,4,3,4,9,9,11,9,0,2,3,0,3,3,9,9,7,0,8,0,7,7,8,0,0,5,2,5,7,8,9,3,8,2,5,6,3,9,6,8,7,0,9,3,5,2,5,3,3,6,6,11,8,0,10,7,6
4,10,10,10,10,11,2,6,3,5,2,9,9,0,8,6,2,6,2,3,9,11,8,8,0,7,9,4,4,6,7,7,4,4,8,8,10,4,0,11,6,6,11,4,7,5,7,0,9,11,2,10,3,3,3,11,4,8,6,9,8,10,7,7,11,8,11,9,5,8,5,10,9,11,5,4,2,9,7,10,3,4,4,0,4,10,11,8,11,11,0,8,4,4,5,4,5,10,10,0,10,2,3,4,2,4,4,10,10,8,2,9,2,8,8,9,2,2,6,3,6,8,9,10,4,9,3,6,7,4,10,7,9,8,2,10,4,6,3,6,4,4,7,7,0,9,2,11,8,7
5,11,11,11,11,0,3,7,4,6,3,10,10,2,9,7,3,7,3,4,10,0,9,9,2,8,10,5,5,7,8,8,5,5,9,9,11,5,2,0,7,7,0,5,8,6,8,2,10,0,3,11,4,4,4,0,5,9,7,10,9,11,8,8,0,9,0,10,6,9,6,11,10,0,6,5,3,10,8,11,4,5,5,2,5,11,0,9,0,0,2,9,5,5,6,5,6,11,11,2,11,3,4,5,3,5,5,11,11,9,3,10,3,9,9,10,3,3,7,4,7,9,10,11,5,10,4,7,8,5,11,8,10,9,3,11,5,7,4,7,5,5,8,8,2,10,3,0,9,8
6,0,0,0,0,2,4,8,5,7,4,11,11,3,10,8,4,8,4,5,11,2,10,10,3,9,11,6,6,8,9,9,6,6,10,10,0,6,3,2,8,8,2,6,9,7,9,3,11,2,4,0,5,5,5,2,6,10,8,11,10,0,9,9,2,10,2,11,7,10,7,0,11,2,7,6,4,11,9,0,5,6,6,3,6,0,2,10,2,2,3,10,6,6,7,6,7,0,0,3,0,4,5,6,4,6,6,0,0,10,4,11,4,10,10,11,4,4,8,5,8,10,11,0,6,11,5,8,9,6,0,9,11,10,4,0,6,8,5,8,6,6,9,9,3,11,4,2,10,9
7,2,2,2,2,3,5,9,6,8,5,0,0,4,11,9,5,9,5,6,0,3,11,11,4,10,0,7,7,9,10,10,7,7,11,11,2,7,4,3,9,9,3,7,10,8,10,4,0,3,5,2,6,6,6,3,7,11,9,0,11,2,10,10,3,11,3,0,8,11,8,2,0,3,8,7,5,0,10,2,6,7,7,4,7,2,3,11,3,3,4,11,7,7,8,7,8,2,2,4,2,5,6,7,5,7,7,2,2,11,5,0,5,11,11,0,5,5,9,6,9,11,0,2,7,0,6,9,10,7,2,10,0,11,5,2,7,9,6,9,7,7,10,10,4,0,5,3,11,10
8,3,3,3,3,4,6,10,7,9,6,2,2,5,0,10,6,10,6,7,2,4,0,0,5,11,2,8,8,10,11,11,8,8,0,0,3,8,5,4,10,10,4,8,11,9,11,5,2,4,6,3,7,7,7,4,8,0,10,2,0,3,11,11,4,0,4,2,9,0,9,3,2,4,9,8,6,2,11,3,7,8,8,5,8,3,4,0,4,4,5,0,8,8,9,8,9,3,3,5,3,6,7,8,6,8,8,3,3,0,6,2,6,0,0,2,6,6,10,7,10,0,2,3,8,2,7,10,11,8,3,11,2,0,6,3,8,10,7,10,8,8,11,11,5,2,6,4,0,11
9,4,4,4,4,5,7,11,8,10,7,3,3,6,2,11,7,11,7,8,3,5,2,2,6,0,3,9,9,11,0,0,9,9,2,2,4,9,6,5,11,11,5,9,0,10,0,6,3,5,7,4,8,8,8,5,9,2,11,3,2,4,0,0,5,2,5,3,10,2,10,4,3,5,10,9,7,3,0,4,8,9,9,6,9,4,5,2,5,5,6,2,9,9,10,9,10,4,4,6,4,7,8,9,7,9,9,4,4,2,7,3,7,2,2,3,7,7,11,8,11,2,3,4,9,3,8,11,0,9,4,0,3,2,7,4,9,11,8,11,9,9,0,0,6,3,7,5,2,0
10,5,5,5,5,6,8,0,9,11,8,4,4,7,3,0,8,0,8,9,4,6,3,3,7,2,4,10,10,0,2,2,10,10,3,3,5,10,7,6,0,0,6,10,2,11,2,7,4,6,8,5,9,9,9,6,10,3,0,4,3,5,2,2,6,3,6,4,11,3,11,5,4,6,11,10,8,4,2,5,9,10,10,7,10,5,6,3,6,6,7,3,10,10,11,10,11,5,5,7,5,8,9,10,8,10,10,5,5,3,8,4,8,3,3,4,8,8,0,9,0,3,4,5,10,4,9,0,2,10,5,2,4,3,8,5,10,0,9,0,10,10,2,2,7,4,8,6,3,2
11,6,6,6,6,7,9,2,10,0,9,5,5,8,4,2,9,2,9,10,5,7,4,4,8,3,5,11,11,2,3,3,11,11,4,4,6,11,8,7,2,2,7,11,3,0,3,8,5,7,9,6,10,10,10,7,11,4,2,5,4,6,3,3,7,4,7,5,0,4,0,6,5,7,0,11,9,5,3,6,10,11,11,8,11,6,7,4,7,7,8,4,11,11,0,11,0,6,6,8,6,9,10,11,9,11,11,6,6,4,9,5,9,4,4,5,9,9,2,10,2,4,5,6,11,5,10,2,3,11,6,3,5,4,9,6,11,2,10,2,11,11,3,3,8,5,9,7,4,3
0,7,7,7,7,8,10,3,11,2,10,6,6,9,5,3,10,3,10,11,6,8,5,5,9,4,6,0,0,3,4,4,0,0,5,5,7,0,9,8,3,3,8,0,4,2,4,9,6,8,10,7,11,11,11,8,0,5,3,6,5,7,4,4,8,5,8,6,2,5,2,7,6,8,2,0,10,6,4,7,11,0,0,9,0,7,8,5,8,8,9,5,0,0,2,0,2,7,7,9,7,10,11,0,10,0,0,7,7,5,10,6,10,5,5,6,10,10,3,11,3,5,6,7,0,6,11,3,4,0,7,4,6,5,10,7,0,3,11,3,0,0,4,4,9,6,10,8,5,4
2,8,8,8,8,9,11,4,0,3,11,7,7,10,6,4,11,4,11,0,7,9,6,6,10,5,7,2,2,4,5,5,2,2,6,6,8,2,10,9,4,4,9,2,5,3,5,10,7,9,11,8,0,0,0,9,2,6,4,7,6,8,5,5,9,6,9,7,3,6,3,8,7,9,3,2,11,7,5,8,0,2,2,10,2,8,9,6,9,9,10,6,2,2,3,2,3,8,8,10,8,11,0,2,11,2,2,8,8,6,11,7,11,6,6,7,11,11,4,0,4,6,7,8,2,7,0,4,5,2,8,5,7,6,11,8,2,4,0,4,2,2,5,5,10,7,11,9,6,5
3,9,9,9,9,10,0,5,2,4,0,8,8,11,7,5,0,5,0,2,8,10,7,7,11,6,8,3,3,5,6,6,3,3,7,7,9,3,11,10,5,5,10,3,6,4,6,11,8,10,0,9,2,2,2,10,3,7,5,8,7,9,6,6,10,7,10,8,4,7,4,9,8,10,4,3,0,8,6,9,2,3,3,11,3,9,10,7,10,10,11,7,3,3,4,3,4,9,9,11,9,0,2,3,0,3,3,9,9,7,0,8,0,7,7,8,0,0,5,2,5,7,8,9,3,8,2,5,6,3,9,6,8,7,0,9,3,5,2,5,3,3,6,6,11,8,0,10,7,6
4,10,10,10,10,11,2,6,3,5,2,9,9,0,8,6,2,6,2,3,9,11,8,8,0,7,9,4,4,6,7,7,4,4,8,8,10,4,0,11,6,6,11,4,7,5,7,0,9,11,2,10,3,3,3,11,4,8,6,9,8,10,7,7,11,8,11,9,5,8,5,10,9,11,5,4,2,9,7,10,3,4,4,0,4,10,11,8,11,11,0,8,4,4,5,4,5,10,10,0,10,2,3,4,2,4,4,10,10,8,2,9,2,8,8,9,2,2,6,3,6,8,9,10,4,9,3,6,7,4,10,7,9,8,2,10,4,6,3,6,4,4,7,7,0,9,2,11,8,7
5,11,11,11,11,0,3,7,4,6,3,10,10,2,9,7,3,7,3,4,10,0,9,9,2,8,10,5,5,7,8,8,5,5,9,9,11,5,2,0,7,7,0,5,8,6,8,2,10,0,3,11,4,4,4,0,5,9,7,10,9,11,8,8,0,9,0,10,6,9,6,11,10,0,6,5,3,10,8,11,4,5,5,2,5,11,0,9,0,0,2,9,5,5,6,5,6,11,11,2,11,3,4,5,3,5,5,11,11,9,3,10,3,9,9,10,3,3,7,4,7,9,10,11,5,10,4,7,8,5,11,8,10,9,3,11,5,7,4,7,5,5,8,8,2,10,3,0,9,8
6,0,0,0,0,2,4,8,5,7,4,11,11,3,10,8,4,8,4,5,11,2,10,10,3,9,11,6,6,8,9,9,6,6,10,10,0,6,3,2,8,8,2,6,9,7,9,3,11,2,4,0,5,5,5,2,6,10,8,11,10,0,9,9,2,10,2,11,7,10,7,0,11,2,7,6,4,11,9,0,5,6,6,3,6,0,2,10,2,2,3,10,6,6,7,6,7,0,0,3,0,4,5,6,4,6,6,0,0,10,4,11,4,10,10,11,4,4,8,5,8,10,11,0,6,11,5,8,9,6,0,9,11,10,4,0,6,8,5,8,6,6,9,9,3,11,4,2,10,9
7,2,2,2,2,3,5,9,6,8,5,0,0,4,11,9,5,9,5,6,0,3,11,11,4,10,0,7,7,9,10,10,7,7,11,11,2,7,4,3,9,9,3,7,10,8,10,4,0,3,5,2,6,6,6,3,7,11,9,0,11,2,10,10,3,11,3,0,8,11,8,2,0,3,8,7,5,0,10,2,6,7,7,4,7,2,3,11,3,3,4,11,7,7,8,7,8,2,2,4,2,5,6,7,5,7,7,2,2,11,5,0,5,11,11,0,5,5,9,6,9,11,0,2,7,0,6,9,10,7,2,10,0,11,5,2,7,9,6,9,7,7,10,10,4,0,5,3,11,10
8,3,3,3,3,4,6,10,7,9,6,2,2,5,0,10,6,10,6,7,2,4,0,0,5,11,2,8,8,10,11,11,8,8,0,0,3,8,5,4,10,10,4,8,11,9,11,5,2,4,6,3,7,7,7,4,8,0,10,2,0,3,11,11,4,0,4,2,9,0,9,3,2,4,9,8,6,2,11,3,7,8,8,5,8,3,4,0,4,4,5,0,8,8,9,8,9,3,3,5,3,6,7,8,6,8,8,3,3,0,6,2,6,0,0,2,6,6,10,7,10,0,2,3,8,2,7,10,11,8,3,11,2,0,6,3,8,10,7,10,8,8,11,11,5,2,6,4,0,11
9,4,4,4,4,5,7,11,8,10,7,3,3,6,2,11,7,11,7,8,3,5,2,2,6,0,3,9,9,11,0,0,9,9,2,2,4,9,6,5,11,11,5,9,0,10,0,6,3,5,7,4,8,8,8,5,9,2,11,3,2,4,0,0,5,2,5,3,10,2,10,4,3,5,10,9,7,3,0,4,8,9,9,6,9,4,5,2,5,5,6,2,9,9,10,9,10,4,4,6,4,7,8,9,7,9,9,4,4,2,7,3,7,2,2,3,7,7,11,8,11,2,3,4,9,3,8,11,0,9,4,0,3,2,7,4,9,11,8,11,9,9,0,0,6,3,7,5,2,0
10,5,5,5,5,6,8,0,9,11,8,4,4,7,3,0,8,0,8,9,4,6,3,3,7,2,4,10,10,0,2,2,10,10,3,3,5,10,7,6,0,0,6,10,2,11,2,7,4,6,8,5,9,9,9,6,10,3,0,4,3,5,2,2,6,3,6,4,11,3,11,5,4,6,11,10,8,4,2,5,9,10,10,7,10,5,6,3,6,6,7,3,10,10,11,10,11,5,5,7,5,8,9,10,8,10,10,5,5,3,8,4,8,3,3,4,8,8,0,9,0,3,4,5,10,4,9,0,2,10,5,2,4,3,8,5,10,0,9,0,10,10,2,2,7,4,8,6,3,2
11,6,6,6,6,7,9,2,10,0,9,5,5,8,4,2,9,2,9,10,5,7,4,4,8,3,5,11,11,2,3,3,11,11,4,4,6,11,8,7,2,2,7,11,3,0,3,8,5,7,9,6,10,10,10,7,11,4,2,5,4,6,3,3,7,4,7,5,0,4,0,6,5,7,0,11,9,5,3,6,10,11,11,8,11,6,7,4,7,7,8,4,11,11,0,11,0,6,6,8,6,9,10,11,9,11,11,6,6,4,9,5,9,4,4,5,9,9,2,10,2,4,5,6,11,5,10,2,3,11,6,3,5,4,9,6,11,2,10,2,11,11,3,3,8,5,9,7,4,3
0,7,7,7,7,8,10,3,11,2,10,6,6,9,5,3,10,3,10,11,6,8,5,5,9,4,6,0,0,3,4,4,0,0,5,5,7,0,9,8,3,3,8,0,4,2,4,9,6,8,10,7,11,11,11,8,0,5,3,6,5,7,4,4,8,5,8,6,2,5,2,7,6,8,2,0,10,6,4,7,11,0,0,9,0,7,8,5,8,8,9,5,0,0,2,0,2,7,7,9,7,10,11,0,10,0,0,7,7,5,10,6,10,5,5,6,10,10,3,11,3,5,6,7,0,6,11,3,4,0,7,4,6,5,10,7,0,3,11,3,0,0,4,4,9,6,10,8,5,4
2,8,8,8,8,9,11,4,0,3,11,7,7,10,6,4,11,4,11,0,7,9,6,6,10,5,7,2,2,4,5,5,2,2,6,6,8,2,10,9,4,4,9,2,5,3,5,10,7,9,11,8,0,0,0,9,2,6,4,7,6,8,5,5,9,6,9,7,3,6,3,8,7,9,3,2,11,7,5,8,0,2,2,10,2,8,9,6,9,9,10,6,2,2,3,2,3,8,8,10,8,11,0,2,11,2,2,8,8,6,11,7,11,6,6,7,11,11,4,0,4,6,7,8,2,7,0,4,5,2,8,5,7,6,11,8,2,4,0,4,2,2,5,5,10,7,11,9,6,5
3,9,9,9,9,10,0,5,2,4,0,8,8,11,7,5,0,5,0,2,8,10,7,7,11,6,8,3,3,5,6,6,3,3,7,7,9,3,11,10,5,5,10,3,6,4,6,11,8,10,0,9,2,2,2,10,3,7,5,8,7,9,6,6,10,7,10,8,4,7,4,9,8,10,4,3,0,8,6,9,2,3,3,11,3,9,10,7,10,10,11,7,3,3,4,3,4,9,9,11,9,0,2,3,0,3,3,9,9,7,0,8,0,7,7,8,0,0,5,2,5,7,8,9,3,8,2,5,6,3,9,6,8,7,0,9,3,5,2,5,3,3,6,6,11,8,0,10,7,6
4,10,10,10,10,11,2,6,3,5,2,9,9,0,8,6,2,6,2,3,9,11,8,8,0,7,9,4,4,6,7,7,4,4,8,8,10,4,0,11,6,6,11,4,7,5,7,0,9,11,2,10,3,3,3,11,4,8,6,9,8,10,7,7,11,8,11,9,5,8,5,10,9,11,5,4,2,9,7,10,3,4,4,0,4,10,11,8,11,11,0,8,4,4,5,4,5,10,10,0,10,2,3,4,2,4,4,10,10,8,2,9,2,8,8,9,2,2,6,3,6,8,9,10,4,9,3,6,7,4,10,7,9,8,2,10,4,6,3,6,4,4,7,7,0,9,2,11,8,7
5,11,11,11,11,0,3,7,4,6,3,10,10,2,9,7,3,7,3,4,10,0,9,9,2,8,10,5,5,7,8,8,5,5,9,9,11,5,2,0,7,7,0,5,8,6,8,2,10,0,3,11,4,4,4,0,5,9,7,10,9,11,8,8,0,9,0,10,6,9,6,11,10,0,6,5,3,10,8,11,4,5,5,2,5,11,0,9,0,0,2,9,5,5,6,5,6,11,11,2,11,3,4,5,3,5,5,11,11,9,3,10,3,9,9,10,3,3,7,4,7,9,10,11,5,10,4,7,8,5,11,8,10,9,3,11,5,7,4,7,5,5,8,8,2,10,3,0,9,8
6,0,0,0,0,2,4,8,5,7,4,11,11,3,10,8,4,8,4,5,11,2,10,10,3,9,11,6,6,8,9,9,6,6,10,10,0,6,3,2,8,8,2,6,9,7,9,3,11,2,4,0,5,5,5,2,6,10,8,11,10,0,9,9,2,10,2,11,7,10,7,0,11,2,7,6,4,11,9,0,5,6,6,3,6,0,2,10,2,2,3,10,6,6,7,6,7,0,0,3,0,4,5,6,4,6,6,0,0,10,4,11,4,10,10,11,4,4,8,5,8,10,11,0,6,11,5,8,9,6,0,9,11,10,4,0,6,8,5,8,6,6,9,9,3,11,4,2,10,9
7,2,2,2,2,3,5,9,6,8,5,0,0,4,11,9,5,9,5,6,0,3,11,11,4,10,0,7,7,9,10,10,7,7,11,11,2,7,4,3,9,9,3,7,10,8,10,4,0,3,5,2,6,6,6,3,7,11,9,0,11,2,10,10,3,11,3,0,8,11,8,2,0,3,8,7,5,0,10,2,6,7,7,4,7,2,3,11,3,3,4,11,7,7,8,7,8,2,2,4,2,5,6,7,5,7,7,2,2,11,5,0,5,11,11,0,5,5,9,6,9,11,0,2,7,0,6,9,10,7,2,10,0,11,5,2,7,9,6,9,7,7,10,10,4,0,5,3,11,10
8,3,3,3,3,4,6,10,7,9,6,2,2,5,0,10,6,10,6,7,2,4,0,0,5,11,2,8,8,10,11,11,8,8,0,0,3,8,5,4,10,10,4,8,11,9,11,5,2,4,6,3,7,7,7,4,8,0,10,2,0,3,11,11,4,0,4,2,9,0,9,3,2,4,9,8,6,2,11,3,7,8,8,5,8,3,4,0,4,4,5,0,8,8,9,8,9,3,3,5,3,6,7,8,6,8,8,3,3,0,6,2,6,0,0,2,6,6,10,7,10,0,2,3,8,2,7,10,11,8,3,11,2,0,6,3,8,10,7,10,8,8,11,11,5,2,6,4,0,11
9,4,4,4,4,5,7,11,8,10,7,3,3,6,2,11,7,11,7,8,3,5,2,2,6,0,3,9,9,11,0,0,9,9,2,2,4,9,6,5,11,11,5,9,0,10,0,6,3,5,7,4,8,8,8,5,9,2,11,3,2,4,0,0,5,2,5,3,10,2,10,4,3,5,10,9,7,3,0,4,8,9,9,6,9,4,5,2,5,5,6,2,9,9,10,9,10,4,4,6,4,7,8,9,7,9,9,4,4,2,7,3,7,2,2,3,7,7,11,8,11,2,3,4,9,3,8,11,0,9,4,0,3,2,7,4,9,11,8,11,9,9,0,0,6,3,7,5,2,0
10,5,5,5,5,6,8,0,9,11,8,4,4,7,3,0,8,0,8,9,4,6,3,3,7,2,4,10,10,0,2,2,10,10,3,3,5,10,7,6,0,0,6,10,2,11,2,7,4,6,8,5,9,9,9,6,10,3,0,4,3,5,2,2,6,3,6,4,11,3,11,5,4,6,11,10,8,4,2,5,9,10,10,7,10,5,6,3,6,6,7,3,10,10,11,10,11,5,5,7,5,8,9,10,8,10,10,5,5,3,8,4,8,3,3,4,8,8,0,9,0,3,4,5,10,4,9,0,2,10,5,2,4,3,8,5,10,0,9,0,10,10,2,2,7,4,8,6,3,2
11,6,6,6,6,7,9,2,10,0,9,5,5,8,4,2,9,2,9,10,5,7,4,4,8,3,5,11,11,2,3,3,11,11,4,4,6,11,8,7,2,2,7,11,3,0,3,8,5,7,9,6,10,10,10,7,11,4,2,5,4,6,3,3,7,4,7,5,0,4,0,6,5,7,0,11,9,5,3,6,10,11,11,8,11,6,7,4,7,7,8,4,11,11,0,11,0,6,6,8,6,9,10,11,9,11,11,6,6,4,9,5,9,4,4,5,9,9,2,10,2,4,5,6,11,5,10,2,3,11,6,3,5,4,9,6,11,2,10,2,11,11,3,3,8,5,9,7,4,3
0,7,7,7,7,8,10,3,11,2,10,6,6,9,5,3,10,3,10,11,6,8,5,5,9,4,6,0,0,3,4,4,0,0,5,5,7,0,9,8,3,3,8,0,4,2,4,9,6,8,10,7,11,11,11,8,0,5,3,6,5,7,4,4,8,5,8,6,2,5,2,7,6,8,2,0,10,6,4,7,11,0,0,9,0,7,8,5,8,8,9,5,0,0,2,0,2,7,7,9,7,10,11,0,10,0,0,7,7,5,10,6,10,5,5,6,10,10,3,11,3,5,6,7,0,6,11,3,4,0,7,4,6,5,10,7,0,3,11,3,0,0,4,4,9,6,10,8,5,4
2,8,8,8,8,9,11,4,0,3,11,7,7,10,6,4,11,4,11,0,7,9,6,6,10,5,7,2,2,4,5,5,2,2,6,6,8,2,10,9,4,4,9,2,5,3,5,10,7,9,11,8,0,0,0,9,2,6,4,7,6,8,5,5,9,6,9,7,3,6,3,8,7,9,3,2,11,7,5,8,0,2,2,10,2,8,9,6,9,9,10,6,2,2,3,2,3,8,8,10,8,11,0,2,11,2,2,8,8,6,11,7,11,6,6,7,11,11,4,0,4,6,7,8,2,7,0,4,5,2,8,5,7,6,11,8,2,4,0,4,2,2,5,5,10,7,11,9,6,5
3,9,9,9,9,10,0,5,2,4,0,8,8,11,7,5,0,5,0,2,8,10,7,7,11,6,8,3,3,5,6,6,3,3,7,7,9,3,11,10,5,5,10,3,6,4,6,11,8,10,0,9,2,2,2,10,3,7,5,8,7,9,6,6,10,7,10,8,4,7,4,9,8,10,4,3,0,8,6,9,2,3,3,11,3,9,10,7,10,10,11,7,3,3,4,3,4,9,9,11,9,0,2,3,0,3,3,9,9,7,0,8,0,7,7,8,0,0,5,2,5,7,8,9,3,8,2,5,6,3,9,6,8,7,0,9,3,5,2,5,3,3,6,6,11,8,0,10,7,6
4,10,10,10,10,11,2,6,3,5,2,9,9,0,8,6,2,6,2,3,9,11,8,8,0,7,9,4,4,6,7,7,4,4,8,8,10,4,0,11,6,6,11,4,7,5,7,0,9,11,2,10,3,3,3,11,4,8,6,9,8,10,7,7,11,8,11,9,5,8,5,10,9,11,5,4,2,9,7,10,3,4,4,0,4,10,11,8,11,11,0,8,4,4,5,4,5,10,10,0,10,2,3,4,2,4,4,10,10,8,2,9,2,8,8,9,2,2,6,3,6,8,9,10,4,9,3,6,7,4,10,7,9,8,2,10,4,6,3,6,4,4,7,7,0,9,2,11,8,7
5,11,11,11,11,0,3,7,4,6,3,10,10,2,9,7,3,7,3,4,10,0,9,9,2,8,10,5,5,7,8,8,5,5,9,9,11,5,2,0,7,7,0,5,8,6,8,2,10,0,3,11,4,4,4,0,5,9,7,10,9,11,8,8,0,9,0,10,6,9,6,11,10,0,6,5,3,10,8,11,4,5,5,2,5,11,0,9,0,0,2,9,5,5,6,5,6,11,11,2,11,3,4,5,3,5,5,11,11,9,3,10,3,9,9,10,3,3,7,4,7,9,10,11,5,10,4,7,8,5,11,8,10,9,3,11,5,7,4,7,5,5,8,8,2,10,3,0,9,8
6,0,0,0,0,2,4,8,5,7,4,11,11,3,10,8,4,8,4,5,11,2,10,10,3,9,11,6,6,8,9,9,6,6,10,10,0,6,3,2,8,8,2,6,9,7,9,3,11,2,4,0,5,5,5,2,6,10,8,11,10,0,9,9,2,10,2,11,7,10,7,0,11,2,7,6,4,11,9,0,5,6,6,3,6,0,2,10,2,2,3,10,6,6,7,6,7,0,0,3,0,4,5,6,4,6,6,0,0,10,4,11,4,10,10,11,4,4,8,5,8,10,11,0,6,11,5,8,9,6,0,9,11,10,4,0,6,8,5,8,6,6,9,9,3,11,4,2,10,9
7,2,2,2,2,3,5,9,6,8,5,0,0,4,11,9,5,9,5,6,0,3,11,11,4,10,0,7,7,9,10,10,7,7,11,11,2,7,4,3,9,9,3,7,10,8,10,4,0,3,5,2,6,6,6,3,7,11,9,0,11,2,10,10,3,11,3,0,8,11,8,2,0,3,8,7,5,0,10,2,6,7,7,4,7,2,3,11,3,3,4,11,7,7,8,7,8,2,2,4,2,5,6,7,5,7,7,2,2,11,5,0,5,11,11,0,5,5,9,6,9,11,0,2,7,0,6,9,10,7,2,10,0,11,5,2,7,9,6,9,7,7,10,10,4,0,5,3,11,10
8,3,3,3,3,4,6,10,7,9,6,2,2,5,0,10,6,10,6,7,2,4,0,0,5,11,2,8,8,10,11,11,8,8,0,0,3,8,5,4,10,10,4,8,11,9,11,5,2,4,6,3,7,7,7,4,8,0,10,2,0,3,11,11,4,0,4,2,9,0,9,3,2,4,9,8,6,2,11,3,7,8,8,5,8,3,4,0,4,4,5,0,8,8,9,8,9,3,3,5,3,6,7,8,6,8,8,3,3,0,6,2,6,0,0,2,6,6,10,7,10,0,2,3,8,2,7,10,11,8,3,11,2,0,6,3,8,10,7,10,8,8,11,11,5,2,6,4,0,11
9,4,4,4,4,5,7,11,8,10,7,3,3,6,2,11,7,11,7,8,3,5,2,2,6,0,3,9,9,11,0,0,9,9,2,2,4,9,6,5,11,11,5,9,0,10,0,6,3,5,7,4,8,8,8,5,9,2,11,3,2,4,0,0,5,2,5,3,10,2,10,4,3,5,10,9,7,3,0,4,8,9,9,6,9,4,5,2,5,5,6,2,9,9,10,9,10,4,4,6,4,7,8,9,7,9,9,4,4,2,7,3,7,2,2,3,7,7,11,8,11,2,3,4,9,3,8,11,0,9,4,0,3,2,7,4,9,11,8,11,9,9,0,0,6,3,7,5,2,0
10,5,5,5,5,6,8,0,9,11,8,4,4,7,3,0,8,0,8,9,4,6,3,3,7,2,4,10,10,0,2,2,10,10,3,3,5,10,7,6,0,0,6,10,2,11,2,7,4,6,8,5,9,9,9,6,10,3,0,4,3,5,2,2,6,3,6,4,11,3,11,5,4,6,11,10,8,4,2,5,9,10,10,7,10,5,6,3,6,6,7,3,10,10,11,10,11,5,5,7,5,8,9,10,8,10,10,5,5,3,8,4,8,3,3,4,8,8,0,9,0,3,4,5,10,4,9,0,2,10,5,2,4,3,8,5,10,0,9,0,10,10,2,2,7,4,8,6,3,2
11,6,6,6,6,7,9,2,10,0,9,5,5,8,4,2,9,2,9,10,5,7,4,4,8,3,5,11,11,2,3,3,11,11,4,4,6,11,8,7,2,2,7,11,3,0,3,8,5,7,9,6,10,10,10,7,11,4,2,5,4,6,3,3,7,4,7,5,0,4,0,6,5,7,0,11,9,5,3,6,10,11,11,8,11,6,7,4,7,7,8,4,11,11,0,11,0,6,6,8,6,9,10,11,9,11,11,6,6,4,9,5,9,4,4,5,9,9,2,10,2,4,5,6,11,5,10,2,3,11,6,3,5,4,9,6,11,2,10,2,11,11,3,3,8,5,9,7,4,3
0,7,7,7,7,8,10,3,11,2,10,6,6,9,5,3,10,3,10,11,6,8,5,5,9,4,6,0,0,3,4,4,0,0,5,5,7,0,9,8,3,3,8,0,4,2,4,9,6,8,10,7,11,11,11,8,0,5,3,6,5,7,4,4,8,5,8,6,2,5,2,7,6,8,2,0,10,6,4,7,11,0,0,9,0,7,8,5,8,8,9,5,0,0,2,0,2,7,7,9,7,10,11,0,10,0,0,7,7,5,10,6,10,5,5,6,10,10,3,11,3,5,6,7,0,6,11,3,4,0,7,4,6,5,10,7,0,3,11,3,0,0,4,4,9,6,10,8,5,4
2,8,8,8,8,9,11,4,0,3,11,7,7,10,6,4,11,4,11,0,7,9,6,6,10,5,7,2,2,4,5,5,2,2,6,6,8,2,10,9,4,4,9,2,5,3,5,10,7,9,11,8,0,0,0,9,2,6,4,7,6,8,5,5,9,6,9,7,3,6,3,8,7,9,3,2,11,7,5,8,0,2,2,10,2,8,9,6,9,9,10,6,2,2,3,2,3,8,8,10,8,11,0,2,11,2,2,8,8,6,11,7,11,6,6,7,11,11,4,0,4,6,7,8,2,7,0,4,5,2,8,5,7,6,11,8,2,4,0,4,2,2,5,5,10,7,11,9,6,5
3,9,9,9,9,10,0,5,2,4,0,8,8,11,7,5,0,5,0,2,8,10,7,7,11,6,8,3,3,5,6,6,3,3,7,7,9,3,11,10,5,5,10,3,6,4,6,11,8,10,0,9,2,2,2,10,3,7,5,8,7,9,6,6,10,7,10,8,4,7,4,9,8,10,4,3,0,8,6,9,2,3,3,11,3,9,10,7,10,10,11,7,3,3,4,3,4,9,9,11,9,0,2,3,0,3,3,9,9,7,0,8,0,7,7,8,0,0,5,2,5,7,8,9,3,8,2,5,6,3,9,6,8,7,0,9,3,5,2,5,3,3,6,6,11,8,0,10,7,6
4,10,10,10,10,11,2,6,3,5,2,9,9,0,8,6,2,6,2,3,9,11,8,8,0,7,9,4,4,6,7,7,4,4,8,8,10,4,0,11,6,6,11,4,7,5,7,0,9,11,2,10,3,3,3,11,4,8,6,9,8,10,7,7,11,8,11,9,5,8,5,10,9,11,5,4,2,9,7,10,3,4,4,0,4,10,11,8,11,11,0,8,4,4,5,4,5,10,10,0,10,2,3,4,2,4,4,10,10,8,2,9,2,8,8,9,2,2,6,3,6,8,9,10,4,9,3,6,7,4,10,7,9,8,2,10,4,6,3,6,4,4,7,7,0,9,2,11,8,7
5,11,11,11,11,0,3,7,4,6,3,10,10,2,9,7,3,7,3,4,10,0,9,9,2,8,10,5,5,7,8,8,5,5,9,9,11,5,2,0,7,7,0,5,8,6,8,2,10,0,3,11,4,4,4,0,5,9,7,10,9,11,8,8,0,9,0,10,6,9,6,11,10,0,6,5,3,10,8,11,4,5,5,2,5,11,0,9,0,0,2,9,5,5,6,5,6,11,11,2,11,3,4,5,3,5,5,11,11,9,3,10,3,9,9,10,3,3,7,4,7,9,10,11,5,10,4,7,8,5,11,8,10,9,3,11,5,7,4,7,5,5,8,8,2,10,3,0,9,8
6,0,0,0,0,2,4,8,5,7,4,11,11,3,10,8,4,8,4,5,11,2,10,10,3,9,11,6,6,8,9,9,6,6,10,10,0,6,3,2,8,8,2,6,9,7,9,3,11,2,4,0,5,5,5,2,6,10,8,11,10,0,9,9,2,10,2,11,7,10,7,0,11,2,7,6,4,11,9,0,5,6,6,3,6,0,2,10,2,2,3,10,6,6,7,6,7,0,0,3,0,4,5,6,4,6,6,0,0,10,4,11,4,10,10,11,4,4,8,5,8,10,11,0,6,11,5,8,9,6,0,9,11,10,4,0,6,8,5,8,6,6,9,9,3,11,4,2,10,9
7,2,2,2,2,3,5,9,6,8,5,0,0,4,11,9,5,9,5,6,0,3,11,11,4,10,0,7,7,9,10,10,7,7,11,11,2,7,4,3,9,9,3,7,10,8,10,4,0,3,5,2,6,6,6,3,7,11,9,0,11,2,10,10,3,11,3,0,8,11,8,2,0,3,8,7,5,0,10,2,6,7,7,4,7,2,3,11,3,3,4,11,7,7,8,7,8,2,2,4,2,5,6,7,5,7,7,2,2,11,5,0,5,11,11,0,5,5,9,6,9,11,0,2,7,0,6,9,10,7,2,10,0,11,5,2,7,9,6,9,7,7,10,10,4,0,5,3,11,10
8,3,3,3,3,4,6,10,7,9,6,2,2,5,0,10,6,10,6,7,2,4,0,0,5,11,2,8,8,10,11,11,8,8,0,0,3,8,5,4,10,10,4,8,11,9,11,5,2,4,6,3,7,7,7,4,8,0,10,2,0,3,11,11,4,0,4,2,9,0,9,3,2,4,9,8,6,2,11,3,7,8,8,5,8,3,4,0,4,4,5,0,8,8,9,8,9,3,3,5,3,6,7,8,6,8,8,3,3,0,6,2,6,0,0,2,6,6,10,7,10,0,2,3,8,2,7,10,11,8,3,11,2,0,6,3,8,10,7,10,8,8,11,11,5,2,6,4,0,11
9,4,4,4,4,5,7,11,8,10,7,3,3,6,2,11,7,11,7,8,3,5,2,2,6,0,3,9,9,11,0,0,9,9,2,2,4,9,6,5,11,11,5,9,0,10,0,6,3,5,7,4,8,8,8,5,9,2,11,3,2,4,0,0,5,2,5,3,10,2,10,4,3,5,10,9,7,3,0,4,8,9,9,6,9,4,5,2,5,5,6,2,9,9,10,9,10,4,4,6,4,7,8,9,7,9,9,4,4,2,7,3,7,2,2,3,7,7,11,8,11,2,3,4,9,3,8,11,0,9,4,0,3,2,7,4,9,11,8,11,9,9,0,0,6,3,7,5,2,0
10,5,5,5,5,6,8,0,9,11,8,4,4,7,3,0,8,0,8,9,4,6,3,3,7,2,4,10,10,0,2,2,10,10,3,3,5,10,7,6,0,0,6,10,2,11,2,7,4,6,8,5,9,9,9,6,10,3,0,4,3,5,2,2,6,3,6,4,11,3,11,5,4,6,11,10,8,4,2,5,9,10,10,7,10,5,6,3,6,6,7,3,10,10,11,10,11,5,5,7,5,8,9,10,8,10,10,5,5,3,8,4,8,3,3,4,8,8,0,9,0,3,4,5,10,4,9,0,2,10,5,2,4,3,8,5,10,0,9,0,10,10,2,2,7,4,8,6,3,2
11,6,6,6,6,7,9,2,10,0,9,5,5,8,4,2,9,2,9,10,5,7,4,4,8,3,5,11,11,2,3,3,11,11,4,4,6,11,8,7,2,2,7,11,3,0,3,8,5,7,9,6,10,10,10,7,11,4,2,5,4,6,3,3,7,4,7,5,0,4,0,6,5,7,0,11,9,5,3,6,10,11,11,8,11,6,7,4,7,7,8,4,11,11,0,11,0,6,6,8,6,9,10,11,9,11,11,6,6,4,9,5,9,4,4,5,9,9,2,10,2,4,5,6,11,5,10,2,3,11,6,3,5,4,9,6,11,2,10,2,11,11,3,3,8,5,9,7,4,3
0,7,7,7,7,8,10,3,11,2,10,6,6,9,5,3,10,3,10,11,6,8,5,5,9,4,6,0,0,3,4,4,0,0,5,5,7,0,9,8,3,3,8,0,4,2,4,9,6,8,10,7,11,11,11,8,0,5,3,6,5,7,4,4,8,5,8,6,2,5,2,7,6,8,2,0,10,6,4,7,11,0,0,9,0,7,8,5,8,8,9,5,0,0,2,0,2,7,7,9,7,10,11,0,10,0,0,7,7,5,10,6,10,5,5,6,10,10,3,11,3,5,6,7,0,6,11,3,4,0,7,4,6,5,10,7,0,3,11,3,0,0,4,4,9,6,10,8,5,4
2,8,8,8,8,9,11,4,0,3,11,7,7,10,6,4,11,4,11,0,7,9,6,6,10,5,7,2,2,4,5,5,2,2,6,6,8,2,10,9,4,4,9,2,5,3,5,10,7,9,11,8,0,0,0,9,2,6,4,7,6,8,5,5,9,6,9,7,3,6,3,8,7,9,3,2,11,7,5,8,0,2,2,10,2,8,9,6,9,9,10,6,2,2,3,2,3,8,8,10,8,11,0,2,11,2,2,8,8,6,11,7,11,6,6,7,11,11,4,0,4,6,7,8,2,7,0,4,5,2,8,5,7,6,11,8,2,4,0,4,2,2,5,5,10,7,11,9,6,5
3,9,9,9,9,10,0,5,2,4,0,8,8,11,7,5,0,5,0,2,8,10,7,7,11,6,8,3,3,5,6,6,3,3,7,7,9,3,11,10,5,5,10,3,6,4,6,11,8,10,0,9,2,2,2,10,3,7,5,8,7,9,6,6,10,7,10,8,4,7,4,9,8,10,4,3,0,8,6,9,2,3,3,11,3,9,10,7,10,10,11,7,3,3,4,3,4,9,9,11,9,0,2,3,0,3,3,9,9,7,0,8,0,7,7,8,0,0,5,2,5,7,8,9,3,8,2,5,6,3,9,6,8,7,0,9,3,5,2,5,3,3,6,6,11,8,0,10,7,6
4,10,10,10,10,11,2,6,3,5,2,9,9,0,8,6,2,6,2,3,9,11,8,8,0,7,9,4,4,6,7,7,4,4,8,8,10,4,0,11,6,6,11,4,7,5,7,0,9,11,2,10,3,3,3,11,4,8,6,9,8,10,7,7,11,8,11,9,5,8,5,10,9,11,5,4,2,9,7,10,3,4,4,0,4,10,11,8,11,11,0,8,4,4,5,4,5,10,10,0,10,2,3,4,2,4,4,10,10,8,2,9,2,8,8,9,2,2,6,3,6,8,9,10,4,9,3,6,7,4,10,7,9,8,2,10,4,6,3,6,4,4,7,7,0,9,2,11,8,7
5,11,11,11,11,0,3,7,4,6,3,10,10,2,9,7,3,7,3,4,10,0,9,9,2,8,10,5,5,7,8,8,5,5,9,9,11,5,2,0,7,7,0,5,8,6,8,2,10,0,3,11,4,4,4,0,5,9,7,10,9,11,8,8,0,9,0,10,6,9,6,11,10,0,6,5,3,10,8,11,4,5,5,2,5,11,0,9,0,0,2,9,5,5,6,5,6,11,11,2,11,3,4,5,3,5,5,11,11,9,3,10,3,9,9,10,3,3,7,4,7,9,10,11,5,10,4,7,8,5,11,8,10,9,3,11,5,7,4,7,5,5,8,8,2,10,3,0,9,8
6,0,0,0,0,2,4,8,5,7,4,11,11,3,10,8,4,8,4,5,11,2,10,10,3,9,11,6,6,8,9,9,6,6,10,10,0,6,3,2,8,8,2,6,9,7,9,3,11,2,4,0,5,5,5,2,6,10,8,11,10,0,9,9,2,10,2,11,7,10,7,0,11,2,7,6,4,11,9,0,5,6,6,3,6,0,2,10,2,2,3,10,6,6,7,6,7,0,0,3,0,4,5,6,4,6,6,0,0,10,4,11,4,10,10,11,4,4,8,5,8,10,11,0,6,11,5,8,9,6,0,9,11,10,4,0,6,8,5,8,6,6,9,9,3,11,4,2,10,9
7,2,2,2,2,3,5,9,6,8,5,0,0,4,11,9,5,9,5,6,0,3,11,11,4,10,0,7,7,9,10,10,7,7,11,11,2,7,4,3,9,9,3,7,10,8,10,4,0,3,5,2,6,6,6,3,7,11,9,0,11,2,10,10,3,11,3,0,8,11,8,2,0,3,8,7,5,0,10,2,6,7,7,4,7,2,3,11,3,3,4,11,7,7,8,7,8,2,2,4,2,5,6,7,5,7,7,2,2,11,5,0,5,11,11,0,5,5,9,6,9,11,0,2,7,0,6,9,10,7,2,10,0,11,5,2,7,9,6,9,7,7,10,10,4,0,5,3,11,10
8,3,3,3,3,4,6,10,7,9,6,2,2,5,0,10,6,10,6,7,2,4,0,0,5,11,2,8,8,10,11,11,8,8,0,0,3,8,5,4,10,10,4,8,11,9,11,5,2,4,6,3,7,7,7,4,8,0,10,2,0,3,11,11,4,0,4,2,9,0,9,3,2,4,9,8,6,2,11,3,7,8,8,5,8,3,4,0,4,4,5,0,8,8,9,8,9,3,3,5,3,6,7,8,6,8,8,3,3,0,6,2,6,0,0,2,6,6,10,7,10,0,2,3,8,2,7,10,11,8,3,11,2,0,6,3,8,10,7,10,8,8,11,11,5,2,6,4,0,11
9,4,4,4,4,5,7,11,8,10,7,3,3,6,2,11,7,11,7,8,3,5,2,2,6,0,3,9,9,11,0,0,9,9,2,2,4,9,6,5,11,11,5,9,0,10,0,6,3,5,7,4,8,8,8,5,9,2,11,3,2,4,0,0,5,2,5,3,10,2,10,4,3,5,10,9,7,3,0,4,8,9,9,6,9,4,5,2,5,5,6,2,9,9,10,9,10,4,4,6,4,7,8,9,7,9,9,4,4,2,7,3,7,2,2,3,7,7,11,8,11,2,3,4,9,3,8,11,0,9,4,0,3,2,7,4,9,11,8,11,9,9,0,0,6,3,7,5,2,0
10,5,5,5,5,6,8,0,9,11,8,4,4,7,3,0,8,0,8,9,4,6,3,3,7,2,4,10,10,0,2,2,10,10,3,3,5,10,7,6,0,0,6,10,2,11,2,7,4,6,8,5,9,9,9,6,10,3,0,4,3,5,2,2,6,3,6,4,11,3,11,5,4,6,11,10,8,4,2,5,9,10,10,7,10,5,6,3,6,6,7,3,10,10,11,10,11,5,5,7,5,8,9,10,8,10,10,5,5,3,8,4,8,3,3,4,8,8,0,9,0,3,4,5,10,4,9,0,2,10,5,2,4,3,8,5,10,0,9,0,10,10,2,2,7,4,8,6,3,2
11,6,6,6,6,7,9,2,10,0,9,5,5,8,4,2,9,2,9,10,5,7,4,4,8,3,5,11,11,2,3,3,11,11,4,4,6,11,8,7,2,2,7,11,3,0,3,8,5,7,9,6,10,10,10,7,11,4,2,5,4,6,3,3,7,4,7,5,0,4,0,6,5,7,0,11,9,5,3,6,10,11,11,8,11,6,7,4,7,7,8,4,11,11,0,11,0,6,6,8,6,9,10,11,9,11,11,6,6,4,9,5,9,4,4,5,9,9,2,10,2,4,5,6,11,5,10,2,3,11,6,3,5,4,9,6,11,2,10,2,11,11,3,3,8,5,9,7,4,3
0,7,7,7,7,8,10,3,11,2,10,6,6,9,5,3,10,3,10,11,6,8,5,5,9,4,6,0,0,3,4,4,0,0,5,5,7,0,9,8,3,3,8,0,4,2,4,9,6,8,10,7,11,11,11,8,0,5,3,6,5,7,4,4,8,5,8,6,2,5,2,7,6,8,2,0,10,6,4,7,11,0,0,9,0,7,8,5,8,8,9,5,0,0,2,0,2,7,7,9,7,10,11,0,10,0,0,7,7,5,10,6,10,5,5,6,10,10,3,11,3,5,6,7,0,6,11,3,4,0,7,4,6,5,10,7,0,3,11,3,0,0,4,4,9,6,10,8,5,4
2,8,8,8,8,9,11,4,0,3,11,7,7,10,6,4,11,4,11,0,7,9,6,6,10,5,7,2,2,4,5,5,2,2,6,6,8,2,10,9,4,4,9,2,5,3,5,10,7,9,11,8,0,0,0,9,2,6,4,7,6,8,5,5,9,6,9,7,3,6,3,8,7,9,3,2,11,7,5,8,0,2,2,10,2,8,9,6,9,9,10,6,2,2,3,2,3,8,8,10,8,11,0,2,11,2,2,8,8,6,11,7,11,6,6,7,11,11,4,0,4,6,7,8,2,7,0,4,5,2,8,5,7,6,11,8,2,4,0,4,2,2,5,5,10,7,11,9,6,5
3,9,9,9,9,10,0,5,2,4,0,8,8,11,7,5,0,5,0,2,8,10,7,7,11,6,8,3,3,5,6,6,3,3,7,7,9,3,11,10,5,5,10,3,6,4,6,11,8,10,0,9,2,2,2,10,3,7,5,8,7,9,6,6,10,7,10,8,4,7,4,9,8,10,4,3,0,8,6,9,2,3,3,11,3,9,10,7,10,10,11,7,3,3,4,3,4,9,9,11,9,0,2,3,0,3,3,9,9,7,0,8,0,7,7,8,0,0,5,2,5,7,8,9,3,8,2,5,6,3,9,6,8,7,0,9,3,5,2,5,3,3,6,6,11,8,0,10,7,6
4,10,10,10,10,11,2,6,3,5,2,9,9,0,8,6,2,6,2,3,9,11,8,8,0,7,9,4,4,6,7,7,4,4,8,8,10,4,0,11,6,6,11,4,7,5,7,0,9,11,2,10,3,3,3,11,4,8,6,9,8,10,7,7,11,8,11,9,5,8,5,10,9,11,5,4,2,9,7,10,3,4,4,0,4,10,11,8,11,11,0,8,4,4,5,4,5,10,10,0,10,2,3,4,2,4,4,10,10,8,2,9,2,8,8,9,2,2,6,3,6,8,9,10,4,9,3,6,7,4,10,7,9,8,2,10,4,6,3,6,4,4,7,7,0,9,2,11,8,7
5,11,11,11,11,0,3,7,4,6,3,10,10,2,9,7,3,7,3,4,10,0,9,9,2,8,10,5,5,7,8,8,5,5,9,9,11,5,2,0,7,7,0,5,8,6,8,2,10,0,3,11,4,4,4,0,5,9,7,10,9,11,8,8,0,9,0,10,6,9,6,11,10,0,6,5,3,10,8,11,4,5,5,2,5,11,0,9,0,0,2,9,5,5,6,5,6,11,11,2,11,3,4,5,3,5,5,11,11,9,3,10,3,9,9,10,3,3,7,4,7,9,10,11,5,10,4,7,8,5,11,8,10,9,3,11,5,7,4,7,5,5,8,8,2,10,3,0,9,8
6,0,0,0,0,2,4,8,5,7,4,11,11,3,10,8,4,8,4,5,11,2,10,10,3,9,11,6,6,8,9,9,6,6,10,10,0,6,3,2,8,8,2,6,9,7,9,3,11,2,4,0,5,5,5,2,6,10,8,11,10,0,9,9,2,10,2,11,7,10,7,0,11,2,7,6,4,11,9,0,5,6,6,3,6,0,2,10,2,2,3,10,6,6,7,6,7,0,0,3,0,4,5,6,4,6,6,0,0,10,4,11,4,10,10,11,4,4,8,5,8,10,11,0,6,11,5,8,9,6,0,9,11,10,4,0,6,8,5,8,6,6,9,9,3,11,4,2,10,9
7,2,2,2,2,3,5,9,6,8,5,0,0,4,11,9,5,9,5,6,0,3,11,11,4,10,0,7,7,9,10,10,7,7,11,11,2,7,4,3,9,9,3,7,10,8,10,4,0,3,5,2,6,6,6,3,7,11,9,0,11,2,10,10,3,11,3,0,8,11,8,2,0,3,8,7,5,0,10,2,6,7,7,4,7,2,3,11,3,3,4,11,7,7,8,7,8,2,2,4,2,5,6,7,5,7,7,2,2,11,5,0,5,11,11,0,5,5,9,6,9,11,0,2,7,0,6,9,10,7,2,10,0,11,5,2,7,9,6,9,7,7,10,10,4,0,5,3,11,10
8,3,3,3,3,4,6,10,7,9,6,2,2,5,0,10,6,10,6,7,2,4,0,0,5,11,2,8,8,10,11,11,8,8,0,0,3,8,5,4,10,10,4,8,11,9,11,5,2,4,6,3,7,7,7,4,8,0,10,2,0,3,11,11,4,0,4,2,9,0,9,3,2,4,9,8,6,2,11,3,7,8,8,5,8,3,4,0,4,4,5,0,8,8,9,8,9,3,3,5,3,6,7,8,6,8,8,3,3,0,6,2,6,0,0,2,6,6,10,7,10,0,2,3,8,2,7,10,11,8,3,11,2,0,6,3,8,10,7,10,8,8,11,11,5,2,6,4,0,11
9,4,4,4,4,5,7,11,8,10,7,3,3,6,2,11,7,11,7,8,3,5,2,2,6,0,3,9,9,11,0,0,9,9,2,2,4,9,6,5,11,11,5,9,0,10,0,6,3,5,7,4,8,8,8,5,9,2,11,3,2,4,0,0,5,2,5,3,10,2,10,4,3,5,10,9,7,3,0,4,8,9,9,6,9,4,5,2,5,5,6,2,9,9,10,9,10,4,4,6,4,7,8,9,7,9,9,4,4,2,7,3,7,2,2,3,7,7,11,8,11,2,3,4,9,3,8,11,0,9,4,0,3,2,7,4,9,11,8,11,9,9,0,0,6,3,7,5,2,0
10,5,5,5,5,6,8,0,9,11,8,4,4,7,3,0,8,0,8,9,4,6,3,3,7,2,4,10,10,0,2,2,10,10,3,3,5,10,7,6,0,0,6,10,2,11,2,7,4,6,8,5,9,9,9,6,10,3,0,4,3,5,2,2,6,3,6,4,11,3,11,5,4,6,11,10,8,4,2,5,9,10,10,7,10,5,6,3,6,6,7,3,10,10,11,10,11,5,5,7,5,8,9,10,8,10,10,5,5,3,8,4,8,3,3,4,8,8,0,9,0,3,4,5,10,4,9,0,2,10,5,2,4,3,8,5,10,0,9,0,10,10,2,2,7,4,8,6,3,2
11,6,6,6,6,7,9,2,10,0,9,5,5,8,4,2,9,2,9,10,5,7,4,4,8,3,5,11,11,2,3,3,11,11,4,4,6,11,8,7,2,2,7,11,3,0,3,8,5,7,9,6,10,10,10,7,11,4,2,5,4,6,3,3,7,4,7,5,0,4,0,6,5,7,0,11,9,5,3,6,10,11,11,8,11,6,7,4,7,7,8,4,11,11,0,11,0,6,6,8,6,9,10,11,9,11,11,6,6,4,9,5,9,4,4,5,9,9,2,10,2,4,5,6,11,5,10,2,3,11,6,3,5,4,9,6,11,2,10,2,11,11,3,3,8,5,9,7,4,3
0,7,7,7,7,8,10,3,11,2,10,6,6,9,5,3,10,3,10,11,6,8,5,5,9,4,6,0,0,3,4,4,0,0,5,5,7,0,9,8,3,3,8,0,4,2,4,9,6,8,10,7,11,11,11,8,0,5,3,6,5,7,4,4,8,5,8,6,2,5,2,7,6,8,2,0,10,6,4,7,11,0,0,9,0,7,8,5,8,8,9,5,0,0,2,0,2,7,7,9,7,10,11,0,10,0,0,7,7,5,10,6,10,5,5,6,10,10,3,11,3,5,6,7,0,6,11,3,4,0,7,4,6,5,10,7,0,3,11,3,0,0,4,4,9,6,10,8,5,4
2,8,8,8,8,9,11,4,0,3,11,7,7,10,6,4,11,4,11,0,7,9,6,6,10,5,7,2,2,4,5,5,2,2,6,6,8,2,10,9,4,4,9,2,5,3,5,10,7,9,11,8,0,0,0,9,2,6,4,7,6,8,5,5,9,6,9,7,3,6,3,8,7,9,3,2,11,7,5,8,0,2,2,10,2,8,9,6,9,9,10,6,2,2,3,2,3,8,8,10,8,11,0,2,11,2,2,8,8,6,11,7,11,6,6,7,11,11,4,0,4,6,7,8,2,7,0,4,5,2,8,5,7,6,11,8,2,4,0,4,2,2,5,5,10,7,11,9,6,5
3,9,9,9,9,10,0,5,2,4,0,8,8,11,7,5,0,5,0,2,8,10,7,7,11,6,8,3,3,5,6,6,3,3,7,7,9,3,11,10,5,5,10,3,6,4,6,11,8,10,0,9,2,2,2,10,3,7,5,8,7,9,6,6,10,7,10,8,4,7,4,9,8,10,4,3,0,8,6,9,2,3,3,11,3,9,10,7,10,10,11,7,3,3,4,3,4,9,9,11,9,0,2,3,0,3,3,9,9,7,0,8,0,7,7,8,0,0,5,2,5,7,8,9,3,8,2,5,6,3,9,6,8,7,0,9,3,5,2,5,3,3,6,6,11,8,0,10,7,6
4,10,10,10,10,11,2,6,3,5,2,9,9,0,8,6,2,6,2,3,9,11,8,8,0,7,9,4,4,6,7,7,4,4,8,8,10,4,0,11,6,6,11,4,7,5,7,0,9,11,2,10,3,3,3,11,4,8,6,9,8,10,7,7,11,8,11,9,5,8,5,10,9,11,5,4,2,9,7,10,3,4,4,0,4,10,11,8,11,11,0,8,4,4,5,4,5,10,10,0,10,2,3,4,2,4,4,10,10,8,2,9,2,8,8,9,2,2,6,3,6,8,9,10,4,9,3,6,7,4,10,7,9,8,2,10,4,6,3,6,4,4,7,7,0,9,2,11,8,7
5,11,11,11,11,0,3,7,4,6,3,10,10,2,9,7,3,7,3,4,10,0,9,9,2,8,10,5,5,7,8,8,5,5,9,9,11,5,2,0,7,7,0,5,8,6,8,2,10,0,3,11,4,4,4,0,5,9,7,10,9,11,8,8,0,9,0,10,6,9,6,11,10,0,6,5,3,10,8,11,4,5,5,2,5,11,0,9,0,0,2,9,5,5,6,5,6,11,11,2,11,3,4,5,3,5,5,11,11,9,3,10,3,9,9,10,3,3,7,4,7,9,10,11,5,10,4,7,8,5,11,8,10,9,3,11,5,7,4,7,5,5,8,8,2,10,3,0,9,8
6,0,0,0,0,2,4,8,5,7,4,11,11,3,10,8,4,8,4,5,11,2,10,10,3,9,11,6,6,8,9,9,6,6,10,10,0,6,3,2,8,8,2,6,9,7,9,3,11,2,4,0,5,5,5,2,6,10,8,11,10,0,9,9,2,10,2,11,7,10,7,0,11,2,7,6,4,11,9,0,5,6,6,3,6,0,2,10,2,2,3,10,6,6,7,6,7,0,0,3,0,4,5,6,4,6,6,0,0,10,4,11,4,10,10,11,4,4,8,5,8,10,11,0,6,11,5,8,9,6,0,9,11,10,4,0,6,8,5,8,6,6,9,9,3,11,4,2,10,9
7,2,2,2,2,3,5,9,6,8,5,0,0,4,11,9,5,9,5,6,0,3,11,11,4,10,0,7,7,9,10,10,7,7,11,11,2,7,4,3,9,9,3,7,10,8,10,4,0,3,5,2,6,6,6,3,7,11,9,0,11,2,10,10,3,11,3,0,8,11,8,2,0,3,8,7,5,0,10,2,6,7,7,4,7,2,3,11,3,3,4,11,7,7,8,7,8,2,2,4,2,5,6,7,5,7,7,2,2,11,5,0,5,11,11,0,5,5,9,6,9,11,0,2,7,0,6,9,10,7,2,10,0,11,5,2,7,9,6,9,7,7,10,10,4,0,5,3,11,10
8,3,3,3,3,4,6,10,7,9,6,2,2,5,0,10,6,10,6,7,2,4,0,0,5,11,2,8,8,10,11,11,8,8,0,0,3,8,5,4,10,10,4,8,11,9,11,5,2,4,6,3,7,7,7,4,8,0,10,2,0,3,11,11,4,0,4,2,9,0,9,3,2,4,9,8,6,2,11,3,7,8,8,5,8,3,4,0,4,4,5,0,8,8,9,8,9,3,3,5,3,6,7,8,6,8,8,3,3,0,6,2,6,0,0,2,6,6,10,7,10,0,2,3,8,2,7,10,11,8,3,11,2,0,6,3,8,10,7,10,8,8,11,11,5,2,6,4,0,11
9,4,4,4,4,5,7,11,8,10,7,3,3,6,2,11,7,11,7,8,3,5,2,2,6,0,3,9,9,11,0,0,9,9,2,2,4,9,6,5,11,11,5,9,0,10,0,6,3,5,7,4,8,8,8,5,9,2,11,3,2,4,0,0,5,2,5,3,10,2,10,4,3,5,10,9,7,3,0,4,8,9,9,6,9,4,5,2,5,5,6,2,9,9,10,9,10,4,4,6,4,7,8,9,7,9,9,4,4,2,7,3,7,2,2,3,7,7,11,8,11,2,3,4,9,3,8,11,0,9,4,0,3,2,7,4,9,11,8,11,9,9,0,0,6,3,7,5,2,0
10,5,5,5,5,6,8,0,9,11,8,4,4,7,3,0,8,0,8,9,4,6,3,3,7,2,4,10,10,0,2,2,10,10,3,3,5,10,7,6,0,0,6,10,2,11,2,7,4,6,8,5,9,9,9,6,10,3,0,4,3,5,2,2,6,3,6,4,11,3,11,5,4,6,11,10,8,4,2,5,9,10,10,7,10,5,6,3,6,6,7,3,10,10,11,10,11,5,5,7,5,8,9,10,8,10,10,5,5,3,8,4,8,3,3,4,8,8,0,9,0,3,4,5,10,4,9,0,2,10,5,2,4,3,8,5,10,0,9,0,10,10,2,2,7,4,8,6,3,2
11,6,6,6,6,7,9,2,10,0,9,5,5,8,4,2,9,2,9,10,5,7,4,4,8,3,5,11,11,2,3,3,11,11,4,4,6,11,8,7,2,2,7,11,3,0,3,8,5,7,9,6,10,10,10,7,11,4,2,5,4,6,3,3,7,4,7,5,0,4,0,6,5,7,0,11,9,5,3,6,10,11,11,8,11,6,7,4,7,7,8,4,11,11,0,11,0,6,6,8,6,9,10,11,9,11,11,6,6,4,9,5,9,4,4,5,9,9,2,10,2,4,5,6,11,5,10,2,3,11,6,3,5,4,9,6,11,2,10,2,11,11,3,3,8,5,9,7,4,3
0,7,7,7,7,8,10,3,11,2,10,6,6,9,5,3,10,3,10,11,6,8,5,5,9,4,6,0,0,3,4,4,0,0,5,5,7,0,9,8,3,3,8,0,4,2,4,9,6,8,10,7,11,11,11,8,0,5,3,6,5,7,4,4,8,5,8,6,2,5,2,7,6,8,2,0,10,6,4,7,11,0,0,9,0,7,8,5,8,8,9,5,0,0,2,0,2,7,7,9,7,10,11,0,10,0,0,7,7,5,10,6,10,5,5,6,10,10,3,11,3,5,6,7,0,6,11,3,4,0,7,4,6,5,10,7,0,3,11,3,0,0,4,4,9,6,10,8,5,4
2,8,8,8,8,9,11,4,0,3,11,7,7,10,6,4,11,4,11,0,7,9,6,6,10,5,7,2,2,4,5,5,2,2,6,6,8,2,10,9,4,4,9,2,5,3,5,10,7,9,11,8,0,0,0,9,2,6,4,7,6,8,5,5,9,6,9,7,3,6,3,8,7,9,3,2,11,7,5,8,0,2,2,10,2,8,9,6,9,9,10,6,2,2,3,2,3,8,8,10,8,11,0,2,11,2,2,8,8,6,11,7,11,6,6,7,11,11,4,0,4,6,7,8,2,7,0,4,5,2,8,5,7,6,11,8,2,4,0,4,2,2,5,5,10,7,11,9,6,5
3,9,9,9,9,10,0,5,2,4,0,8,8,11,7,5,0,5,0,2,8,10,7,7,11,6,8,3,3,5,6,6,3,3,7,7,9,3,11,10,5,5,10,3,6,4,6,11,8,10,0,9,2,2,2,10,3,7,5,8,7,9,6,6,10,7,10,8,4,7,4,9,8,10,4,3,0,8,6,9,2,3,3,11,3,9,10,7,10,10,11,7,3,3,4,3,4,9,9,11,9,0,2,3,0,3,3,9,9,7,0,8,0,7,7,8,0,0,5,2,5,7,8,9,3,8,2,5,6,3,9,6,8,7,0,9,3,5,2,5,3,3,6,6,11,8,0,10,7,6
4,10,10,10,10,11,2,6,3,5,2,9,9,0,8,6,2,6,2,3,9,11,8,8,0,7,9,4,4,6,7,7,4,4,8,8,10,4,0,11,6,6,11,4,7,5,7,0,9,11,2,10,3,3,3,11,4,8,6,9,8,10,7,7,11,8,11,9,5,8,5,10,9,11,5,4,2,9,7,10,3,4,4,0,4,10,11,8,11,11,0,8,4,4,5,4,5,10,10,0,10,2,3,4,2,4,4,10,10,8,2,9,2,8,8,9,2,2,6,3,6,8,9,10,4,9,3,6,7,4,10,7,9,8,2,10,4,6,3,6,4,4,7,7,0,9,2,11,8,7
5,11,11,11,11,0,3,7,4,6,3,10,10,2,9,7,3,7,3,4,10,0,9,9,2,8,10,5,5,7,8,8,5,5,9,9,11,5,2,0,7,7,0,5,8,6,8,2,10,0,3,11,4,4,4,0,5,9,7,10,9,11,8,8,0,9,0,10,6,9,6,11,10,0,6,5,3,10,8,11,4,5,5,2,5,11,0,9,0,0,2,9,5,5,6,5,6,11,11,2,11,3,4,5,3,5,5,11,11,9,3,10,3,9,9,10,3,3,7,4,7,9,10,11,5,10,4,7,8,5,11,8,10,9,3,11,5,7,4,7,5,5,8,8,2,10,3,0,9,8
6,0,0,0,0,2,4,8,5,7,4,11,11,3,10,8,4,8,4,5,11,2,10,10,3,9,11,6,6,8,9,9,6,6,10,10,0,6,3,2,8,8,2,6,9,7,9,3,11,2,4,0,5,5,5,2,6,10,8,11,10,0,9,9,2,10,2,11,7,10,7,0,11,2,7,6,4,11,9,0,5,6,6,3,6,0,2,10,2,2,3,10,6,6,7,6,7,0,0,3,0,4,5,6,4,6,6,0,0,10,4,11,4,10,10,11,4,4,8,5,8,10,11,0,6,11,5,8,9,6,0,9,11,10,4,0,6,8,5,8,6,6,9,9,3,11,4,2,10,9
7,2,2,2,2,3,5,9,6,8,5,0,0,4,11,9,5,9,5,6,0,3,11,11,4,10,0,7,7,9,10,10,7,7,11,11,2,7,4,3,9,9,3,7,10,8,10,4,0,3,5,2,6,6,6,3,7,11,9,0,11,2,10,10,3,11,3,0,8,11,8,2,0,3,8,7,5,0,10,2,6,7,7,4,7,2,3,11,3,3,4,11,7,7,8,7,8,2,2,4,2,5,6,7,5,7,7,2,2,11,5,0,5,11,11,0,5,5,9,6,9,11,0,2,7,0,6,9,10,7,2,10,0,11,5,2,7,9,6,9,7,7,10,10,4,0,5,3,11,10
8,3,3,3,3,4,6,10,7,9,6,2,2,5,0,10,6,10,6,7,2,4,0,0,5,11,2,8,8,10,11,11,8,8,0,0,3,8,5,4,10,10,4,8,11,9,11,5,2,4,6,3,7,7,7,4,8,0,10,2,0,3,11,11,4,0,4,2,9,0,9,3,2,4,9,8,6,2,11,3,7,8,8,5,8,3,4,0,4,4,5,0,8,8,9,8,9,3,3,5,3,6,7,8,6,8,8,3,3,0,6,2,6,0,0,2,6,6,10,7,10,0,2,3,8,2,7,10,11,8,3,11,2,0,6,3,8,10,7,10,8,8,11,11,5,2,6,4,0,11
9,4,4,4,4,5,7,11,8,10,7,3,3,6,2,11,7,11,7,8,3,5,2,2,6,0,3,9,9,11,0,0,9,9,2,2,4,9,6,5,11,11,5,9,0,10,0,6,3,5,7,4,8,8,8,5,9,2,11,3,2,4,0,0,5,2,5,3,10,2,10,4,3,5,10,9,7,3,0,4,8,9,9,6,9,4,5,2,5,5,6,2,9,9,10,9,10,4,4,6,4,7,8,9,7,9,9,4,4,2,7,3,7,2,2,3,7,7,11,8,11,2,3,4,9,3,8,11,0,9,4,0,3,2,7,4,9,11,8,11,9,9,0,0,6,3,7,5,2,0
10,5,5,5,5,6,8,0,9,11,8,4,4,7,3,0,8,0,8,9,4,6,3,3,7,2,4,10,10,0,2,2,10,10,3,3,5,10,7,6,0,0,6,10,2,11,2,7,4,6,8,5,9,9,9,6,10,3,0,4,3,5,2,2,6,3,6,4,11,3,11,5,4,6,11,10,8,4,2,5,9,10,10,7,10,5,6,3,6,6,7,3,10,10,11,10,11,5,5,7,5,8,9,10,8,10,10,5,5,3,8,4,8,3,3,4,8,8,0,9,0,3,4,5,10,4,9,0,2,10,5,2,4,3,8,5,10,0,9,0,10,10,2,2,7,4,8,6,3,2
11,6,6,6,6,7,9,2,10,0,9,5,5,8,4,2,9,2,9,10,5,7,4,4,8,3,5,11,11,2,3,3,11,11,4,4,6,11,8,7,2,2,7,11,3,0,3,8,5,7,9,6,10,10,10,7,11,4,2,5,4,6,3,3,7,4,7,5,0,4,0,6,5,7,0,11,9,5,3,6,10,11,11,8,11,6,7,4,7,7,8,4,11,11,0,11,0,6,6,8,6,9,10,11,9,11,11,6,6,4,9,5,9,4,4,5,9,9,2,10,2,4,5,6,11,5,10,2,3,11,6,3,5,4,9,6,11,2,10,2,11,11,3,3,8,5,9,7,4,3
0,7,7,7,7,8,10,3,11,2,10,6,6,9,5,3,10,3,10,11,6,8,5,5,9,4,6,0,0,3,4,4,0,0,5,5,7,0,9,8,3,3,8,0,4,2,4,9,6,8,10,7,11,11,11,8,0,5,3,6,5,7,4,4,8,5,8,6,2,5,2,7,6,8,2,0,10,6,4,7,11,0,0,9,0,7,8,5,8,8,9,5,0,0,2,0,2,7,7,9,7,10,11,0,10,0,0,7,7,5,10,6,10,5,5,6,10,10,3,11,3,5,6,7,0,6,11,3,4,0,7,4,6,5,10,7,0,3,11,3,0,0,4,4,9,6,10,8,5,4
2,8,8,8,8,9,11,4,0,3,11,7,7,10,6,4,11,4,11,0,7,9,6,6,10,5,7,2,2,4,5,5,2,2,6,6,8,2,10,9,4,4,9,2,5,3,5,10,7,9,11,8,0,0,0,9,2,6,4,7,6,8,5,5,9,6,9,7,3,6,3,8,7,9,3,2,11,7,5,8,0,2,2,10,2,8,9,6,9,9,10,6,2,2,3,2,3,8,8,10,8,11,0,2,11,2,2,8,8,6,11,7,11,6,6,7,11,11,4,0,4,6,7,8,2,7,0,4,5,2,8,5,7,6,11,8,2,4,0,4,2,2,5,5,10,7,11,9,6,5
3,9,9,9,9,10,0,5,2,4,0,8,8,11,7,5,0,5,0,2,8,10,7,7,11,6,8,3,3,5,6,6,3,3,7,7,9,3,11,10,5,5,10,3,6,4,6,11,8,10,0,9,2,2,2,10,3,7,5,8,7,9,6,6,10,7,10,8,4,7,4,9,8,10,4,3,0,8,6,9,2,3,3,11,3,9,10,7,10,10,11,7,3,3,4,3,4,9,9,11,9,0,2,3,0,3,3,9,9,7,0,8,0,7,7,8,0,0,5,2,5,7,8,9,3,8,2,5,6,3,9,6,8,7,0,9,3,5,2,5,3,3,6,6,11,8,0,10,7,6
4,10,10,10,10,11,2,6,3,5,2,9,9,0,8,6,2,6,2,3,9,11,8,8,0,7,9,4,4,6,7,7,4,4,8,8,10,4,0,11,6,6,11,4,7,5,7,0,9,11,2,10,3,3,3,11,4,8,6,9,8,10,7,7,11,8,11,9,5,8,5,10,9,11,5,4,2,9,7,10,3,4,4,0,4,10,11,8,11,11,0,8,4,4,5,4,5,10,10,0,10,2,3,4,2,4,4,10,10,8,2,9,2,8,8,9,2,2,6,3,6,8,9,10,4,9,3,6,7,4,10,7,9,8,2,10,4,6,3,6,4,4,7,7,0,9,2,11,8,7
5,11,11,11,11,0,3,7,4,6,3,10,10,2,9,7,3,7,3,4,10,0,9,9,2,8,10,5,5,7,8,8,5,5,9,9,11,5,2,0,7,7,0,5,8,6,8,2,10,0,3,11,4,4,4,0,5,9,7,10,9,11,8,8,0,9,0,10,6,9,6,11,10,0,6,5,3,10,8,11,4,5,5,2,5,11,0,9,0,0,2,9,5,5,6,5,6,11,11,2,11,3,4,5,3,5,5,11,11,9,3,10,3,9,9,10,3,3,7,4,7,9,10,11,5,10,4,7,8,5,11,8,10,9,3,11,5,7,4,7,5,5,8,8,2,10,3,0,9,8
6,0,0,0,0,2,4,8,5,7,4,11,11,3,10,8,4,8,4,5,11,2,10,10,3,9,11,6,6,8,9,9,6,6,10,10,0,6,3,2,8,8,2,6,9,7,9,3,11,2,4,0,5,5,5,2,6,10,8,11,10,0,9,9,2,10,2,11,7,10,7,0,11,2,7,6,4,11,9,0,5,6,6,3,6,0,2,10,2,2,3,10,6,6,7,6,7,0,0,3,0,4,5,6,4,6,6,0,0,10,4,11,4,10,10,11,4,4,8,5,8,10,11,0,6,11,5,8,9,6,0,9,11,10,4,0,6,8,5,8,6,6,9,9,3,11,4,2,10,9
7,2,2,2,2,3,5,9,6,8,5,0,0,4,11,9,5,9,5,6,0,3,11,11,4,10,0,7,7,9,10,10,7,7,11,11,2,7,4,3,9,9,3,7,10,8,10,4,0,3,5,2,6,6,6,3,7,11,9,0,11,2,10,10,3,11,3,0,8,11,8,2,0,3,8,7,5,0,10,2,6,7,7,4,7,2,3,11,3,3,4,11,7,7,8,7,8,2,2,4,2,5,6,7,5,7,7,2,2,11,5,0,5,11,11,0,5,5,9,6,9,11,0,2,7,0,6,9,10,7,2,10,0,11,5,2,7,9,6,9,7,7,10,10,4,0,5,3,11,10
8,3,3,3,3,4,6,10,7,9,6,2,2,5,0,10,6,10,6,7,2,4,0,0,5,11,2,8,8,10,11,11,8,8,0,0,3,8,5,4,10,10,4,8,11,9,11,5,2,4,6,3,7,7,7,4,8,0,10,2,0,3,11,11,4,0,4,2,9,0,9,3,2,4,9,8,6,2,11,3,7,8,8,5,8,3,4,0,4,4,5,0,8,8,9,8,9,3,3,5,3,6,7,8,6,8,8,3,3,0,6,2,6,0,0,2,6,6,10,7,10,0,2,3,8,2,7,10,11,8,3,11,2,0,6,3,8,10,7,10,8,8,11,11,5,2,6,4,0,11
9,4,4,4,4,5,7,11,8,10,7,3,3,6,2,11,7,11,7,8,3,5,2,2,6,0,3,9,9,11,0,0,9,9,2,2,4,9,6,5,11,11,5,9,0,10,0,6,3,5,7,4,8,8,8,5,9,2,11,3,2,4,0,0,5,2,5,3,10,2,10,4,3,5,10,9,7,3,0,4,8,9,9,6,9,4,5,2,5,5,6,2,9,9,10,9,10,4,4,6,4,7,8,9,7,9,9,4,4,2,7,3,7,2,2,3,7,7,11,8,11,2,3,4,9,3,8,11,0,9,4,0,3,2,7,4,9,11,8,11,9,9,0,0,6,3,7,5,2,0
10,5,5,5,5,6,8,0,9,11,8,4,4,7,3,0,8,0,8,9,4,6,3,3,7,2,4,10,10,0,2,2,10,10,3,3,5,10,7,6,0,0,6,10,2,11,2,7,4,6,8,5,9,9,9,6,10,3,0,4,3,5,2,2,6,3,6,4,11,3,11,5,4,6,11,10,8,4,2,5,9,10,10,7,10,5,6,3,6,6,7,3,10,10,11,10,11,5,5,7,5,8,9,10,8,10,10,5,5,3,8,4,8,3,3,4,8,8,0,9,0,3,4,5,10,4,9,0,2,10,5,2,4,3,8,5,10,0,9,0,10,10,2,2,7,4,8,6,3,2
11,6,6,6,6,7,9,2,10,0,9,5,5,8,4,2,9,2,9,10,5,7,4,4,8,3,5,11,11,2,3,3,11,11,4,4,6,11,8,7,2,2,7,11,3,0,3,8,5,7,9,6,10,10,10,7,11,4,2,5,4,6,3,3,7,4,7,5,0,4,0,6,5,7,0,11,9,5,3,6,10,11,11,8,11,6,7,4,7,7,8,4,11,11,0,11,0,6,6,8,6,9,10,11,9,11,11,6,6,4,9,5,9,4,4,5,9,9,2,10,2,4,5,6,11,5,10,2,3,11,6,3,5,4,9,6,11,2,10,2,11,11,3,3,8,5,9,7,4,3
0,7,7,7,7,8,10,3,11,2,10,6,6,9,5,3,10,3,10,11,6,8,5,5,9,4,6,0,0,3,4,4,0,0,5,5,7,0,9,8,3,3,8,0,4,2,4,9,6,8,10,7,11,11,11,8,0,5,3,6,5,7,4,4,8,5,8,6,2,5,2,7,6,8,2,0,10,6,4,7,11,0,0,9,0,7,8,5,8,8,9,5,0,0,2,0,2,7,7,9,7,10,11,0,10,0,0,7,7,5,10,6,10,5,5,6,10,10,3,11,3,5,6,7,0,6,11,3,4,0,7,4,6,5,10,7,0,3,11,3,0,0,4,4,9,6,10,8,5,4
2,8,8,8,8,9,11,4,0,3,11,7,7,10,6,4,11,4,11,0,7,9,6,6,10,5,7,2,2,4,5,5,2,2,6,6,8,2,10,9,4,4,9,2,5,3,5,10,7,9,11,8,0,0,0,9,2,6,4,7,6,8,5,5,9,6,9,7,3,6,3,8,7,9,3,2,11,7,5,8,0,2,2,10,2,8,9,6,9,9,10,6,2,2,3,2,3,8,8,10,8,11,0,2,11,2,2,8,8,6,11,7,11,6,6,7,11,11,4,0,4,6,7,8,2,7,0,4,5,2,8,5,7,6,11,8,2,4,0,4,2,2,5,5,10,7,11,9,6,5
3,9,9,9,9,10,0,5,2,4,0,8,8,11,7,5,0,5,0,2,8,10,7,7,11,6,8,3,3,5,6,6,3,3,7,7,9,3,11,10,5,5,10,3,6,4,6,11,8,10,0,9,2,2,2,10,3,7,5,8,7,9,6,6,10,7,10,8,4,7,4,9,8,10,4,3,0,8,6,9,2,3,3,11,3,9,10,7,10,10,11,7,3,3,4,3,4,9,9,11,9,0,2,3,0,3,3,9,9,7,0,8,0,7,7,8,0,0,5,2,5,7,8,9,3,8,2,5,6,3,9,6,8,7,0,9,3,5,2,5,3,3,6,6,11,8,0,10,7,6
4,10,10,10,10,11,2,6,3,5,2,9,9,0,8,6,2,6,2,3,9,11,8,8,0,7,9,4,4,6,7,7,4,4,8,8,10,4,0,11,6,6,11,4,7,5,7,0,9,11,2,10,3,3,3,11,4,8,6,9,8,10,7,7,11,8,11,9,5,8,5,10,9,11,5,4,2,9,7,10,3,4,4,0,4,10,11,8,11,11,0,8,4,4,5,4,5,10,10,0,10,2,3,4,2,4,4,10,10,8,2,9,2,8,8,9,2,2,6,3,6,8,9,10,4,9,3,6,7,4,10,7,9,8,2,10,4,6,3,6,4,4,7,7,0,9,2,11,8,7
5,11,11,11,11,0,3,7,4,6,3,10,10,2,9,7,3,7,3,4,10,0,9,9,2,8,10,5,5,7,8,8,5,5,9,9,11,5,2,0,7,7,0,5,8,6,8,2,10,0,3,11,4,4,4,0,5,9,7,10,9,11,8,8,0,9,0,10,6,9,6,11,10,0,6,5,3,10,8,11,4,5,5,2,5,11,0,9,0,0,2,9,5,5,6,5,6,11,11,2,11,3,4,5,3,5,5,11,11,9,3,10,3,9,9,10,3,3,7,4,7,9,10,11,5,10,4,7,8,5,11,8,10,9,3,11,5,7,4,7,5,5,8,8,2,10,3,0,9,8
6,0,0,0,0,2,4,8,5,7,4,11,11,3,10,8,4,8,4,5,11,2,10,10,3,9,11,6,6,8,9,9,6,6,10,10,0,6,3,2,8,8,2,6,9,7,9,3,11,2,4,0,5,5,5,2,6,10,8,11,10,0,9,9,2,10,2,11,7,10,7,0,11,2,7,6,4,11,9,0,5,6,6,3,6,0,2,10,2,2,3,10,6,6,7,6,7,0,0,3,0,4,5,6,4,6,6,0,0,10,4,11,4,10,10,11,4,4,8,5,8,10,11,0,6,11,5,8,9,6,0,9,11,10,4,0,6,8,5,8,6,6,9,9,3,11,4,2,10,9
7,2,2,2,2,3,5,9,6,8,5,0,0,4,11,9,5,9,5,6,0,3,11,11,4,10,0,7,7,9,10,10,7,7,11,11,2,7,4,3,9,9,3,7,10,8,10,4,0,3,5,2,6,6,6,3,7,11,9,0,11,2,10,10,3,11,3,0,8,11,8,2,0,3,8,7,5,0,10,2,6,7,7,4,7,2,3,11,3,3,4,11,7,7,8,7,8,2,2,4,2,5,6,7,5,7,7,2,2,11,5,0,5,11,11,0,5,5,9,6,9,11,0,2,7,0,6,9,10,7,2,10,0,11,5,2,7,9,6,9,7,7,10,10,4,0,5,3,11,10
8,3,3,3,3,4,6,10,7,9,6,2,2,5,0,10,6,10,6,7,2,4,0,0,5,11,2,8,8,10,11,11,8,8,0,0,3,8,5,4,10,10,4,8,11,9,11,5,2,4,6,3,7,7,7,4,8,0,10,2,0,3,11,11,4,0,4,2,9,0,9,3,2,4,9,8,6,2,11,3,7,8,8,5,8,3,4,0,4,4,5,0,8,8,9,8,9,3,3,5,3,6,7,8,6,8,8,3,3,0,6,2,6,0,0,2,6,6,10,7,10,0,2,3,8,2,7,10,11,8,3,11,2,0,6,3,8,10,7,10,8,8,11,11,5,2,6,4,0,11
9,4,4,4,4,5,7,11,8,10,7,3,3,6,2,11,7,11,7,8,3,5,2,2,6,0,3,9,9,11,0,0,9,9,2,2,4,9,6,5,11,11,5,9,0,10,0,6,3,5,7,4,8,8,8,5,9,2,11,3,2,4,0,0,5,2,5,3,10,2,10,4,3,5,10,9,7,3,0,4,8,9,9,6,9,4,5,2,5,5,6,2,9,9,10,9,10,4,4,6,4,7,8,9,7,9,9,4,4,2,7,3,7,2,2,3,7,7,11,8,11,2,3,4,9,3,8,11,0,9,4,0,3,2,7,4,9,11,8,11,9,9,0,0,6,3,7,5,2,0
10,5,5,5,5,6,8,0,9,11,8,4,4,7,3,0,8,0,8,9,4,6,3,3,7,2,4,10,10,0,2,2,10,10,3,3,5,10,7,6,0,0,6,10,2,11,2,7,4,6,8,5,9,9,9,6,10,3,0,4,3,5,2,2,6,3,6,4,11,3,11,5,4,6,11,10,8,4,2,5,9,10,10,7,10,5,6,3,6,6,7,3,10,10,11,10,11,5,5,7,5,8,9,10,8,10,10,5,5,3,8,4,8,3,3,4,8,8,0,9,0,3,4,5,10,4,9,0,2,10,5,2,4,3,8,5,10,0,9,0,10,10,2,2,7,4,8,6,3,2
11,6,6,6,6,7,9,2,10,0,9,5,5,8,4,2,9,2,9,10,5,7,4,4,8,3,5,11,11,2,3,3,11,11,4,4,6,11,8,7,2,2,7,11,3,0,3,8,5,7,9,6,10,10,10,7,11,4,2,5,4,6,3,3,7,4,7,5,0,4,0,6,5,7,0,11,9,5,3,6,10,11,11,8,11,6,7,4,7,7,8,4,11,11,0,11,0,6,6,8,6,9,10,11,9,11,11,6,6,4,9,5,9,4,4,5,9,9,2,10,2,4,5,6,11,5,10,2,3,11,6,3,5,4,9,6,11,2,10,2,11,11,3,3,8,5,9,7,4,3
0,7,7,7,7,8,10,3,11,2,10,6,6,9,5,3,10,3,10,11,6,8,5,5,9,4,6,0,0,3,4,4,0,0,5,5,7,0,9,8,3,3,8,0,4,2,4,9,6,8,10,7,11,11,11,8,0,5,3,6,5,7,4,4,8,5,8,6,2,5,2,7,6,8,2,0,10,6,4,7,11,0,0,9,0,7,8,5,8,8,9,5,0,0,2,0,2,7,7,9,7,10,11,0,10,0,0,7,7,5,10,6,10,5,5,6,10,10,3,11,3,5,6,7,0,6,11,3,4,0,7,4,6,5,10,7,0,3,11,3,0,0,4,4,9,6,10,8,5,4
2,8,8,8,8,9,11,4,0,3,11,7,7,10,6,4,11,4,11,0,7,9,6,6,10,5,7,2,2,4,5,5,2,2,6,6,8,2,10,9,4,4,9,2,5,3,5,10,7,9,11,8,0,0,0,9,2,6,4,7,6,8,5,5,9,6,9,7,3,6,3,8,7,9,3,2,11,7,5,8,0,2,2,10,2,8,9,6,9,9,10,6,2,2,3,2,3,8,8,10,8,11,0,2,11,2,2,8,8,6,11,7,11,6,6,7,11,11,4,0,4,6,7,8,2,7,0,4,5,2,8,5,7,6,11,8,2,4,0,4,2,2,5,5,10,7,11,9,6,5
3,9,9,9,9,10,0,5,2,4,0,8,8,11,7,5,0,5,0,2,8,10,7,7,11,6,8,3,3,5,6,6,3,3,7,7,9,3,11,10,5,5,10,3,6,4,6,11,8,10,0,9,2,2,2,10,3,7,5,8,7,9,6,6,10,7,10,8,4,7,4,9,8,10,4,3,0,8,6,9,2,3,3,11,3,9,10,7,10,10,11,7,3,3,4,3,4,9,9,11,9,0,2,3,0,3,3,9,9,7,0,8,0,7,7,8,0,0,5,2,5,7,8,9,3,8,2,5,6,3,9,6,8,7,0,9,3,5,2,5,3,3,6,6,11,8,0,10,7,6
4,10,10,10,10,11,2,6,3,5,2,9,9,0,8,6,2,6,2,3,9,11,8,8,0,7,9,4,4,6,7,7,4,4,8,8,10,4,0,11,6,6,11,4,7,5,7,0,9,11,2,10,3,3,3,11,4,8,6,9,8,10,7,7,11,8,11,9,5,8,5,10,9,11,5,4,2,9,7,10,3,4,4,0,4,10,11,8,11,11,0,8,4,4,5,4,5,10,10,0,10,2,3,4,2,4,4,10,10,8,2,9,2,8,8,9,2,2,6,3,6,8,9,10,4,9,3,6,7,4,10,7,9,8,2,10,4,6,3,6,4,4,7,7,0,9,2,11,8,7
5,11,11,11,11,0,3,7,4,6,3,10,10,2,9,7,3,7,3,4,10,0,9,9,2,8,10,5,5,7,8,8,5,5,9,9,11,5,2,0,7,7,0,5,8,6,8,2,10,0,3,11,4,4,4,0,5,9,7,10,9,11,8,8,0,9,0,10,6,9,6,11,10,0,6,5,3,10,8,11,4,5,5,2,5,11,0,9,0,0,2,9,5,5,6,5,6,11,11,2,11,3,4,5,3,5,5,11,11,9,3,10,3,9,9,10,3,3,7,4,7,9,10,11,5,10,4,7,8,5,11,8,10,9,3,11,5,7,4,7,5,5,8,8,2,10,3,0,9,8
6,0,0,0,0,2,4,8,5,7,4,11,11,3,10,8,4,8,4,5,11,2,10,10,3,9,11,6,6,8,9,9,6,6,10,10,0,6,3,2,8,8,2,6,9,7,9,3,11,2,4,0,5,5,5,2,6,10,8,11,10,0,9,9,2,10,2,11,7,10,7,0,11,2,7,6,4,11,9,0,5,6,6,3,6,0,2,10,2,2,3,10,6,6,7,6,7,0,0,3,0,4,5,6,4,6,6,0,0,10,4,11,4,10,10,11,4,4,8,5,8,10,11,0,6,11,5,8,9,6,0,9,11,10,4,0,6,8,5,8,6,6,9,9,3,11,4,2,10,9
7,2,2,2,2,3,5,9,6,8,5,0,0,4,11,9,5,9,5,6,0,3,11,11,4,10,0,7,7,9,10,10,7,7,11,11,2,7,4,3,9,9,3,7,10,8,10,4,0,3,5,2,6,6,6,3,7,11,9,0,11,2,10,10,3,11,3,0,8,11,8,2,0,3,8,7,5,0,10,2,6,7,7,4,7,2,3,11,3,3,4,11,7,7,8,7,8,2,2,4,2,5,6,7,5,7,7,2,2,11,5,0,5,11,11,0,5,5,9,6,9,11,0,2,7,0,6,9,10,7,2,10,0,11,5,2,7,9,6,9,7,7,10,10,4,0,5,3,11,10
8,3,3,3,3,4,6,10,7,9,6,2,2,5,0,10,6,10,6,7,2,4,0,0,5,11,2,8,8,10,11,11,8,8,0,0,3,8,5,4,10,10,4,8,11,9,11,5,2,4,6,3,7,7,7,4,8,0,10,2,0,3,11,11,4,0,4,2,9,0,9,3,2,4,9,8,6,2,11,3,7,8,8,5,8,3,4,0,4,4,5,0,8,8,9,8,9,3,3,5,3,6,7,8,6,8,8,3,3,0,6,2,6,0,0,2,6,6,10,7,10,0,2,3,8,2,7,10,11,8,3,11,2,0,6,3,8,10,7,10,8,8,11,11,5,2,6,4,0,11
9,4,4,4,4,5,7,11,8,10,7,3,3,6,2,11,7,11,7,8,3,5,2,2,6,0,3,9,9,11,0,0,9,9,2,2,4,9,6,5,11,11,5,9,0,10,0,6,3,5,7,4,8,8,8,5,9,2,11,3,2,4,0,0,5,2,5,3,10,2,10,4,3,5,10,9,7,3,0,4,8,9,9,6,9,4,5,2,5,5,6,2,9,9,10,9,10,4,4,6,4,7,8,9,7,9,9,4,4,2,7,3,7,2,2,3,7,7,11,8,11,2,3,4,9,3,8,11,0,9,4,0,3,2,7,4,9,11,8,11,9,9,0,0,6,3,7,5,2,0
10,5,5,5,5,6,8,0,9,11,8,4,4,7,3,0,8,0,8,9,4,6,3,3,7,2,4,10,10,0,2,2,10,10,3,3,5,10,7,6,0,0,6,10,2,11,2,7,4,6,8,5,9,9,9,6,10,3,0,4,3,5,2,2,6,3,6,4,11,3,11,5,4,6,11,10,8,4,2,5,9,10,10,7,10,5,6,3,6,6,7,3,10,10,11,10,11,5,5,7,5,8,9,10,8,10,10,5,5,3,8,4,8,3,3,4,8,8,0,9,0,3,4,5,10,4,9,0,2,10,5,2,4,3,8,5,10,0,9,0,10,10,2,2,7,4,8,6,3,2
11,6,6,6,6,7,9,2,10,0,9,5,5,8,4,2,9,2,9,10,5,7,4,4,8,3,5,11,11,2,3,3,11,11,4,4,6,11,8,7,2,2,7,11,3,0,3,8,5,7,9,6,10,10,10,7,11,4,2,5,4,6,3,3,7,4,7,5,0,4,0,6,5,7,0,11,9,5,3,6,10,11,11,8,11,6,7,4,7,7,8,4,11,11,0,11,0,6,6,8,6,9,10,11,9,11,11,6,6,4,9,5,9,4,4,5,9,9,2,10,2,4,5,6,11,5,10,2,3,11,6,3,5,4,9,6,11,2,10,2,11,11,3,3,8,5,9,7,4,3
0,7,7,7,7,8,10,3,11,2,10,6,6,9,5,3,10,3,10,11,6,8,5,5,9,4,6,0,0,3,4,4,0,0,5,5,7,0,9,8,3,3,8,0,4,2,4,9,6,8,10,7,11,11,11,8,0,5,3,6,5,7,4,4,8,5,8,6,2,5,2,7,6,8,2,0,10,6,4,7,11,0,0,9,0,7,8,5,8,8,9,5,0,0,2,0,2,7,7,9,7,10,11,0,10,0,0,7,7,5,10,6,10,5,5,6,10,10,3,11,3,5,6,7,0,6,11,3,4,0,7,4,6,5,10,7,0,3,11,3,0,0,4,4,9,6,10,8,5,4
2,8,8,8,8,9,11,4,0,3,11,7,7,10,6,4,11,4,11,0,7,9,6,6,10,5,7,2,2,4,5,5,2,2,6,6,8,2,10,9,4,4,9,2,5,3,5,10,7,9,11,8,0,0,0,9,2,6,4,7,6,8,5,5,9,6,9,7,3,6,3,8,7,9,3,2,11,7,5,8,0,2,2,10,2,8,9,6,9,9,10,6,2,2,3,2,3,8,8,10,8,11,0,2,11,2,2,8,8,6,11,7,11,6,6,7,11,11,4,0,4,6,7,8,2,7,0,4,5,2,8,5,7,6,11,8,2,4,0,4,2,2,5,5,10,7,11,9,6,5
3,9,9,9,9,10,0,5,2,4,0,8,8,11,7,5,0,5,0,2,8,10,7,7,11,6,8,3,3,5,6,6,3,3,7,7,9,3,11,10,5,5,10,3,6,4,6,11,8,10,0,9,2,2,2,10,3,7,5,8,7,9,6,6,10,7,10,8,4,7,4,9,8,10,4,3,0,8,6,9,2,3,3,11,3,9,10,7,10,10,11,7,3,3,4,3,4,9,9,11,9,0,2,3,0,3,3,9,9,7,0,8,0,7,7,8,0,0,5,2,5,7,8,9,3,8,2,5,6,3,9,6,8,7,0,9,3,5,2,5,3,3,6,6,11,8,0,10,7,6
4,10,10,10,10,11,2,6,3,5,2,9,9,0,8,6,2,6,2,3,9,11,8,8,0,7,9,4,4,6,7,7,4,4,8,8,10,4,0,11,6,6,11,4,7,5,7,0,9,11,2,10,3,3,3,11,4,8,6,9,8,10,7,7,11,8,11,9,5,8,5,10,9,11,5,4,2,9,7,10,3,4,4,0,4,10,11,8,11,11,0,8,4,4,5,4,5,10,10,0,10,2,3,4,2,4,4,10,10,8,2,9,2,8,8,9,2,2,6,3,6,8,9,10,4,9,3,6,7,4,10,7,9,8,2,10,4,6,3,6,4,4,7,7,0,9,2,11,8,7
5,11,11,11,11,0,3,7,4,6,3,10,10,2,9,7,3,7,3,4,10,0,9,9,2,8,10,5,5,7,8,8,5,5,9,9,11,5,2,0,7,7,0,5,8,6,8,2,10,0,3,11,4,4,4,0,5,9,7,10,9,11,8,8,0,9,0,10,6,9,6,11,10,0,6,5,3,10,8,11,4,5,5,2,5,11,0,9,0,0,2,9,5,5,6,5,6,11,11,2,11,3,4,5,3,5,5,11,11,9,3,10,3,9,9,10,3,3,7,4,7,9,10,11,5,10,4,7,8,5,11,8,10,9,3,11,5,7,4,7,5,5,8,8,2,10,3,0,9,8
6,0,0,0,0,2,4,8,5,7,4,11,11,3,10,8,4,8,4,5,11,2,10,10,3,9,11,6,6,8,9,9,6,6,10,10,0,6,3,2,8,8,2,6,9,7,9,3,11,2,4,0,5,5,5,2,6,10,8,11,10,0,9,9,2,10,2,11,7,10,7,0,11,2,7,6,4,11,9,0,5,6,6,3,6,0,2,10,2,2,3,10,6,6,7,6,7,0,0,3,0,4,5,6,4,6,6,0,0,10,4,11,4,10,10,11,4,4,8,5,8,10,11,0,6,11,5,8,9,6,0,9,11,10,4,0,6,8,5,8,6,6,9,9,3,11,4,2,10,9
7,2,2,2,2,3,5,9,6,8,5,0,0,4,11,9,5,9,5,6,0,3,11,11,4,10,0,7,7,9,10,10,7,7,11,11,2,7,4,3,9,9,3,7,10,8,10,4,0,3,5,2,6,6,6,3,7,11,9,0,11,2,10,10,3,11,3,0,8,11,8,2,0,3,8,7,5,0,10,2,6,7,7,4,7,2,3,11,3,3,4,11,7,7,8,7,8,2,2,4,2,5,6,7,5,7,7,2,2,11,5,0,5,11,11,0,5,5,9,6,9,11,0,2,7,0,6,9,10,7,2,10,0,11,5,2,7,9,6,9,7,7,10,10,4,0,5,3,11,10
8,3,3,3,3,4,6,10,7,9,6,2,2,5,0,10,6,10,6,7,2,4,0,0,5,11,2,8,8,10,11,11,8,8,0,0,3,8,5,4,10,10,4,8,11,9,11,5,2,4,6,3,7,7,7,4,8,0,10,2,0,3,11,11,4,0,4,2,9,0,9,3,2,4,9,8,6,2,11,3,7,8,8,5,8,3,4,0,4,4,5,0,8,8,9,8,9,3,3,5,3,6,7,8,6,8,8,3,3,0,6,2,6,0,0,2,6,6,10,7,10,0,2,3,8,2,7,10,11,8,3,11,2,0,6,3,8,10,7,10,8,8,11,11,5,2,6,4,0,11
9,4,4,4,4,5,7,11,8,10,7,3,3,6,2,11,7,11,7,8,3,5,2,2,6,0,3,9,9,11,0,0,9,9,2,2,4,9,6,5,11,11,5,9,0,10,0,6,3,5,7,4,8,8,8,5,9,2,11,3,2,4,0,0,5,2,5,3,10,2,10,4,3,5,10,9,7,3,0,4,8,9,9,6,9,4,5,2,5,5,6,2,9,9,10,9,10,4,4,6,4,7,8,9,7,9,9,4,4,2,7,3,7,2,2,3,7,7,11,8,11,2,3,4,9,3,8,11,0,9,4,0,3,2,7,4,9,11,8,11,9,9,0,0,6,3,7,5,2,0
10,5,5,5,5,6,8,0,9,11,8,4,4,7,3,0,8,0,8,9,4,6,3,3,7,2,4,10,10,0,2,2,10,10,3,3,5,10,7,6,0,0,6,10,2,11,2,7,4,6,8,5,9,9,9,6,10,3,0,4,3,5,2,2,6,3,6,4,11,3,11,5,4,6,11,10,8,4,2,5,9,10,10,7,10,5,6,3,6,6,7,3,10,10,11,10,11,5,5,7,5,8,9,10,8,10,10,5,5,3,8,4,8,3,3,4,8,8,0,9,0,3,4,5,10,4,9,0,2,10,5,2,4,3,8,5,10,0,9,0,10,10,2,2,7,4,8,6,3,2
11,6,6,6,6,7,9,2,10,0,9,5,5,8,4,2,9,2,9,10,5,7,4,4,8,3,5,11,11,2,3,3,11,11,4,4,6,11,8,7,2,2,7,11,3,0,3,8,5,7,9,6,10,10,10,7,11,4,2,5,4,6,3,3,7,4,7,5,0,4,0,6,5,7,0,11,9,5,3,6,10,11,11,8,11,6,7,4,7,7,8,4,11,11,0,11,0,6,6,8,6,9,10,11,9,11,11,6,6,4,9,5,9,4,4,5,9,9,2,10,2,4,5,6,11,5,10,2,3,11,6,3,5,4,9,6,11,2,10,2,11,11,3,3,8,5,9,7,4,3
0,7,7,7,7,8,10,3,11,2,10,6,6,9,5,3,10,3,10,11,6,8,5,5,9,4,6,0,0,3,4,4,0,0,5,5,7,0,9,8,3,3,8,0,4,2,4,9,6,8,10,7,11,11,11,8,0,5,3,6,5,7,4,4,8,5,8,6,2,5,2,7,6,8,2,0,10,6,4,7,11,0,0,9,0,7,8,5,8,8,9,5,0,0,2,0,2,7,7,9,7,10,11,0,10,0,0,7,7,5,10,6,10,5,5,6,10,10,3,11,3,5,6,7,0,6,11,3,4,0,7,4,6,5,10,7,0,3,11,3,0,0,4,4,9,6,10,8,5,4
2,8,8,8,8,9,11,4,0,3,11,7,7,10,6,4,11,4,11,0,7,9,6,6,10,5,7,2,2,4,5,5,2,2,6,6,8,2,10,9,4,4,9,2,5,3,5,10,7,9,11,8,0,0,0,9,2,6,4,7,6,8,5,5,9,6,9,7,3,6,3,8,7,9,3,2,11,7,5,8,0,2,2,10,2,8,9,6,9,9,10,6,2,2,3,2,3,8,8,10,8,11,0,2,11,2,2,8,8,6,11,7,11,6,6,7,11,11,4,0,4,6,7,8,2,7,0,4,5,2,8,5,7,6,11,8,2,4,0,4,2,2,5,5,10,7,11,9,6,5
3,9,9,9,9,10,0,5,2,4,0,8,8,11,7,5,0,5,0,2,8,10,7,7,11,6,8,3,3,5,6,6,3,3,7,7,9,3,11,10,5,5,10,3,6,4,6,11,8,10,0,9,2,2,2,10,3,7,5,8,7,9,6,6,10,7,10,8,4,7,4,9,8,10,4,3,0,8,6,9,2,3,3,11,3,9,10,7,10,10,11,7,3,3,4,3,4,9,9,11,9,0,2,3,0,3,3,9,9,7,0,8,0,7,7,8,0,0,5,2,5,7,8,9,3,8,2,5,6,3,9,6,8,7,0,9,3,5,2,5,3,3,6,6,11,8,0,10,7,6
4,10,10,10,10,11,2,6,3,5,2,9,9,0,8,6,2,6,2,3,9,11,8,8,0,7,9,4,4,6,7,7,4,4,8,8,10,4,0,11,6,6,11,4,7,5,7,0,9,11,2,10,3,3,3,11,4,8,6,9,8,10,7,7,11,8,11,9,5,8,5,10,9,11,5,4,2,9,7,10,3,4,4,0,4,10,11,8,11,11,0,8,4,4,5,4,5,10,10,0,10,2,3,4,2,4,4,10,10,8,2,9,2,8,8,9,2,2,6,3,6,8,9,10,4,9,3,6,7,4,10,7,9,8,2,10,4,6,3,6,4,4,7,7,0,9,2,11,8,7
5,11,11,11,11,0,3,7,4,6,3,10,10,2,9,7,3,7,3,4,10,0,9,9,2,8,10,5,5,7,8,8,5,5,9,9,11,5,2,0,7,7,0,5,8,6,8,2,10,0,3,11,4,4,4,0,5,9,7,10,9,11,8,8,0,9,0,10,6,9,6,11,10,0,6,5,3,10,8,11,4,5,5,2,5,11,0,9,0,0,2,9,5,5,6,5,6,11,11,2,11,3,4,5,3,5,5,11,11,9,3,10,3,9,9,10,3,3,7,4,7,9,10,11,5,10,4,7,8,5,11,8,10,9,3,11,5,7,4,7,5,5,8,8,2,10,3,0,9,8
6,0,0,0,0,2,4,8,5,7,4,11,11,3,10,8,4,8,4,5,11,2,10,10,3,9,11,6,6,8,9,9,6,6,10,10,0,6,3,2,8,8,2,6,9,7,9,3,11,2,4,0,5,5,5,2,6,10,8,11,10,0,9,9,2,10,2,11,7,10,7,0,11,2,7,6,4,11,9,0,5,6,6,3,6,0,2,10,2,2,3,10,6,6,7,6,7,0,0,3,0,4,5,6,4,6,6,0,0,10,4,11,4,10,10,11,4,4,8,5,8,10,11,0,6,11,5,8,9,6,0,9,11,10,4,0,6,8,5,8,6,6,9,9,3,11,4,2,10,9
7,2,2,2,2,3,5,9,6,8,5,0,0,4,11,9,5,9,5,6,0,3,11,11,4,10,0,7,7,9,10,10,7,7,11,11,2,7,4,3,9,9,3,7,10,8,10,4,0,3,5,2,6,6,6,3,7,11,9,0,11,2,10,10,3,11,3,0,8,11,8,2,0,3,8,7,5,0,10,2,6,7,7,4,7,2,3,11,3,3,4,11,7,7,8,7,8,2,2,4,2,5,6,7,5,7,7,2,2,11,5,0,5,11,11,0,5,5,9,6,9,11,0,2,7,0,6,9,10,7,2,10,0,11,5,2,7,9,6,9,7,7,10,10,4,0,5,3,11,10
8,3,3,3,3,4,6,10,7,9,6,2,2,5,0,10,6,10,6,7,2,4,0,0,5,11,2,8,8,10,11,11,8,8,0,0,3,8,5,4,10,10,4,8,11,9,11,5,2,4,6,3,7,7,7,4,8,0,10,2,0,3,11,11,4,0,4,2,9,0,9,3,2,4,9,8,6,2,11,3,7,8,8,5,8,3,4,0,4,4,5,0,8,8,9,8,9,3,3,5,3,6,7,8,6,8,8,3,3,0,6,2,6,0,0,2,6,6,10,7,10,0,2,3,8,2,7,10,11,8,3,11,2,0,6,3,8,10,7,10,8,8,11,11,5,2,6,4,0,11
9,4,4,4,4,5,7,11,8,10,7,3,3,6,2,11,7,11,7,8,3,5,2,2,6,0,3,9,9,11,0,0,9,9,2,2,4,9,6,5,11,11,5,9,0,10,0,6,3,5,7,4,8,8,8,5,9,2,11,3,2,4,0,0,5,2,5,3,10,2,10,4,3,5,10,9,7,3,0,4,8,9,9,6,9,4,5,2,5,5,6,2,9,9,10,9,10,4,4,6,4,7,8,9,7,9,9,4,4,2,7,3,7,2,2,3,7,7,11,8,11,2,3,4,9,3,8,11,0,9,4,0,3,2,7,4,9,11,8,11,9,9,0,0,6,3,7,5,2,0
10,5,5,5,5,6,8,0,9,11,8,4,4,7,3,0,8,0,8,9,4,6,3,3,7,2,4,10,10,0,2,2,10,10,3,3,5,10,7,6,0,0,6,10,2,11,2,7,4,6,8,5,9,9,9,6,10,3,0,4,3,5,2,2,6,3,6,4,11,3,11,5,4,6,11,10,8,4,2,5,9,10,10,7,10,5,6,3,6,6,7,3,10,10,11,10,11,5,5,7,5,8,9,10,8,10,10,5,5,3,8,4,8,3,3,4,8,8,0,9,0,3,4,5,10,4,9,0,2,10,5,2,4,3,8,5,10,0,9,0,10,10,2,2,7,4,8,6,3,2
11,6,6,6,6,7,9,2,10,0,9,5,5,8,4,2,9,2,9,10,5,7,4,4,8,3,5,11,11,2,3,3,11,11,4,4,6,11,8,7,2,2,7,11,3,0,3,8,5,7,9,6,10,10,10,7,11,4,2,5,4,6,3,3,7,4,7,5,0,4,0,6,5,7,0,11,9,5,3,6,10,11,11,8,11,6,7,4,7,7,8,4,11,11,0,11,0,6,6,8,6,9,10,11,9,11,11,6,6,4,9,5,9,4,4,5,9,9,2,10,2,4,5,6,11,5,10,2,3,11,6,3,5,4,9,6,11,2,10,2,11,11,3,3,8,5,9,7,4,3
0,7,7,7,7,8,10,3,11,2,10,6,6,9,5,3,10,3,10,11,6,8,5,5,9,4,6,0,0,3,4,4,0,0,5,5,7,0,9,8,3,3,8,0,4,2,4,9,6,8,10,7,11,11,11,8,0,5,3,6,5,7,4,4,8,5,8,6,2,5,2,7,6,8,2,0,10,6,4,7,11,0,0,9,0,7,8,5,8,8,9,5,0,0,2,0,2,7,7,9,7,10,11,0,10,0,0,7,7,5,10,6,10,5,5,6,10,10,3,11,3,5,6,7,0,6,11,3,4,0,7,4,6,5,10,7,0,3,11,3,0,0,4,4,9,6,10,8,5,4
2,8,8,8,8,9,11,4,0,3,11,7,7,10,6,4,11,4,11,0,7,9,6,6,10,5,7,2,2,4,5,5,2,2,6,6,8,2,10,9,4,4,9,2,5,3,5,10,7,9,11,8,0,0,0,9,2,6,4,7,6,8,5,5,9,6,9,7,3,6,3,8,7,9,3,2,11,7,5,8,0,2,2,10,2,8,9,6,9,9,10,6,2,2,3,2,3,8,8,10,8,11,0,2,11,2,2,8,8,6,11,7,11,6,6,7,11,11,4,0,4,6,7,8,2,7,0,4,5,2,8,5,7,6,11,8,2,4,0,4,2,2,5,5,10,7,11,9,6,5
3,9,9,9,9,10,0,5,2,4,0,8,8,11,7,5,0,5,0,2,8,10,7,7,11,6,8,3,3,5,6,6,3,3,7,7,9,3,11,10,5,5,10,3,6,4,6,11,8,10,0,9,2,2,2,10,3,7,5,8,7,9,6,6,10,7,10,8,4,7,4,9,8,10,4,3,0,8,6,9,2,3,3,11,3,9,10,7,10,10,11,7,3,3,4,3,4,9,9,11,9,0,2,3,0,3,3,9,9,7,0,8,0,7,7,8,0,0,5,2,5,7,8,9,3,8,2,5,6,3,9,6,8,7,0,9,3,5,2,5,3,3,6,6,11,8,0,10,7,6
4,10,10,10,10,11,2,6,3,5,2,9,9,0,8,6,2,6,2,3,9,11,8,8,0,7,9,4,4,6,7,7,4,4,8,8,10,4,0,11,6,6,11,4,7,5,7,0,9,11,2,10,3,3,3,11,4,8,6,9,8,10,7,7,11,8,11,9,5,8,5,10,9,11,5,4,2,9,7,10,3,4,4,0,4,10,11,8,11,11,0,8,4,4,5,4,5,10,10,0,10,2,3,4,2,4,4,10,10,8,2,9,2,8,8,9,2,2,6,3,6,8,9,10,4,9,3,6,7,4,10,7,9,8,2,10,4,6,3,6,4,4,7,7,0,9,2,11,8,7
5,11,11,11,11,0,3,7,4,6,3,10,10,2,9,7,3,7,3,4,10,0,9,9,2,8,10,5,5,7,8,8,5,5,9,9,11,5,2,0,7,7,0,5,8,6,8,2,10,0,3,11,4,4,4,0,5,9,7,10,9,11,8,8,0,9,0,10,6,9,6,11,10,0,6,5,3,10,8,11,4,5,5,2,5,11,0,9,0,0,2,9,5,5,6,5,6,11,11,2,11,3,4,5,3,5,5,11,11,9,3,10,3,9,9,10,3,3,7,4,7,9,10,11,5,10,4,7,8,5,11,8,10,9,3,11,5,7,4,7,5,5,8,8,2,10,3,0,9,8
6,0,0,0,0,2,4,8,5,7,4,11,11,3,10,8,4,8,4,5,11,2,10,10,3,9,11,6,6,8,9,9,6,6,10,10,0,6,3,2,8,8,2,6,9,7,9,3,11,2,4,0,5,5,5,2,6,10,8,11,10,0,9,9,2,10,2,11,7,10,7,0,11,2,7,6,4,11,9,0,5,6,6,3,6,0,2,10,2,2,3,10,6,6,7,6,7,0,0,3,0,4,5,6,4,6,6,0,0,10,4,11,4,10,10,11,4,4,8,5,8,10,11,0,6,11,5,8,9,6,0,9,11,10,4,0,6,8,5,8,6,6,9,9,3,11,4,2,10,9
7,2,2,2,2,3,5,9,6,8,5,0,0,4,11,9,5,9,5,6,0,3,11,11,4,10,0,7,7,9,10,10,7,7,11,11,2,7,4,3,9,9,3,7,10,8,10,4,0,3,5,2,6,6,6,3,7,11,9,0,11,2,10,10,3,11,3,0,8,11,8,2,0,3,8,7,5,0,10,2,6,7,7,4,7,2,3,11,3,3,4,11,7,7,8,7,8,2,2,4,2,5,6,7,5,7,7,2,2,11,5,0,5,11,11,0,5,5,9,6,9,11,0,2,7,0,6,9,10,7,2,10,0,11,5,2,7,9,6,9,7,7,10,10,4,0,5,3,11,10
8,3,3,3,3,4,6,10,7,9,6,2,2,5,0,10,6,10,6,7,2,4,0,0,5,11,2,8,8,10,11,11,8,8,0,0,3,8,5,4,10,10,4,8,11,9,11,5,2,4,6,3,7,7,7,4,8,0,10,2,0,3,11,11,4,0,4,2,9,0,9,3,2,4,9,8,6,2,11,3,7,8,8,5,8,3,4,0,4,4,5,0,8,8,9,8,9,3,3,5,3,6,7,8,6,8,8,3,3,0,6,2,6,0,0,2,6,6,10,7,10,0,2,3,8,2,7,10,11,8,3,11,2,0,6,3,8,10,7,10,8,8,11,11,5,2,6,4,0,11
9,4,4,4,4,5,7,11,8,10,7,3,3,6,2,11,7,11,7,8,3,5,2,2,6,0,3,9,9,11,0,0,9,9,2,2,4,9,6,5,11,11,5,9,0,10,0,6,3,5,7,4,8,8,8,5,9,2,11,3,2,4,0,0,5,2,5,3,10,2,10,4,3,5,10,9,7,3,0,4,8,9,9,6,9,4,5,2,5,5,6,2,9,9,10,9,10,4,4,6,4,7,8,9,7,9,9,4,4,2,7,3,7,2,2,3,7,7,11,8,11,2,3,4,9,3,8,11,0,9,4,0,3,2,7,4,9,11,8,11,9,9,0,0,6,3,7,5,2,0
10,5,5,5,5,6,8,0,9,11,8,4,4,7,3,0,8,0,8,9,4,6,3,3,7,2,4,10,10,0,2,2,10,10,3,3,5,10,7,6,0,0,6,10,2,11,2,7,4,6,8,5,9,9,9,6,10,3,0,4,3,5,2,2,6,3,6,4,11,3,11,5,4,6,11,10,8,4,2,5,9,10,10,7,10,5,6,3,6,6,7,3,10,10,11,10,11,5,5,7,5,8,9,10,8,10,10,5,5,3,8,4,8,3,3,4,8,8,0,9,0,3,4,5,10,4,9,0,2,10,5,2,4,3,8,5,10,0,9,0,10,10,2,2,7,4,8,6,3,2
11,6,6,6,6,7,9,2,10,0,9,5,5,8,4,2,9,2,9,10,5,7,4,4,8,3,5,11,11,2,3,3,11,11,4,4,6,11,8,7,2,2,7,11,3,0,3,8,5,7,9,6,10,10,10,7,11,4,2,5,4,6,3,3,7,4,7,5,0,4,0,6,5,7,0,11,9,5,3,6,10,11,11,8,11,6,7,4,7,7,8,4,11,11,0,11,0,6,6,8,6,9,10,11,9,11,11,6,6,4,9,5,9,4,4,5,9,9,2,10,2,4,5,6,11,5,10,2,3,11,6,3,5,4,9,6,11,2,10,2,11,11,3,3,8,5,9,7,4,3
0,7,7,7,7,8,10,3,11,2,10,6,6,9,5,3,10,3,10,11,6,8,5,5,9,4,6,0,0,3,4,4,0,0,5,5,7,0,9,8,3,3,8,0,4,2,4,9,6,8,10,7,11,11,11,8,0,5,3,6,5,7,4,4,8,5,8,6,2,5,2,7,6,8,2,0,10,6,4,7,11,0,0,9,0,7,8,5,8,8,9,5,0,0,2,0,2,7,7,9,7,10,11,0,10,0,0,7,7,5,10,6,10,5,5,6,10,10,3,11,3,5,6,7,0,6,11,3,4,0,7,4,6,5,10,7,0,3,11,3,0,0,4,4,9,6,10,8,5,4
2,8,8,8,8,9,11,4,0,3,11,7,7,10,6,4,11,4,11,0,7,9,6,6,10,5,7,2,2,4,5,5,2,2,6,6,8,2,10,9,4,4,9,2,5,3,5,10,7,9,11,8,0,0,0,9,2,6,4,7,6,8,5,5,9,6,9,7,3,6,3,8,7,9,3,2,11,7,5,8,0,2,2,10,2,8,9,6,9,9,10,6,2,2,3,2,3,8,8,10,8,11,0,2,11,2,2,8,8,6,11,7,11,6,6,7,11,11,4,0,4,6,7,8,2,7,0,4,5,2,8,5,7,6,11,8,2,4,0,4,2,2,5,5,10,7,11,9,6,5
3,9,9,9,9,10,0,5,2,4,0,8,8,11,7,5,0,5,0,2,8,10,7,7,11,6,8,3,3,5,6,6,3,3,7,7,9,3,11,10,5,5,10,3,6,4,6,11,8,10,0,9,2,2,2,10,3,7,5,8,7,9,6,6,10,7,10,8,4,7,4,9,8,10,4,3,0,8,6,9,2,3,3,11,3,9,10,7,10,10,11,7,3,3,4,3,4,9,9,11,9,0,2,3,0,3,3,9,9,7,0,8,0,7,7,8,0,0,5,2,5,7,8,9,3,8,2,5,6,3,9,6,8,7,0,9,3,5,2,5,3,3,6,6,11,8,0,10,7,6
4,10,10,10,10,11,2,6,3,5,2,9,9,0,8,6,2,6,2,3,9,11,8,8,0,7,9,4,4,6,7,7,4,4,8,8,10,4,0,11,6,6,11,4,7,5,7,0,9,11,2,10,3,3,3,11,4,8,6,9,8,10,7,7,11,8,11,9,5,8,5,10,9,11,5,4,2,9,7,10,3,4,4,0,4,10,11,8,11,11,0,8,4,4,5,4,5,10,10,0,10,2,3,4,2,4,4,10,10,8,2,9,2,8,8,9,2,2,6,3,6,8,9,10,4,9,3,6,7,4,10,7,9,8,2,10,4,6,3,6,4,4,7,7,0,9,2,11,8,7
5,11,11,11,11,0,3,7,4,6,3,10,10,2,9,7,3,7,3,4,10,0,9,9,2,8,10,5,5,7,8,8,5,5,9,9,11,5,2,0,7,7,0,5,8,6,8,2,10,0,3,11,4,4,4,0,5,9,7,10,9,11,8,8,0,9,0,10,6,9,6,11,10,0,6,5,3,10,8,11,4,5,5,2,5,11,0,9,0,0,2,9,5,5,6,5,6,11,11,2,11,3,4,5,3,5,5,11,11,9,3,10,3,9,9,10,3,3,7,4,7,9,10,11,5,10,4,7,8,5,11,8,10,9,3,11,5,7,4,7,5,5,8,8,2,10,3,0,9,8
6,0,0,0,0,2,4,8,5,7,4,11,11,3,10,8,4,8,4,5,11,2,10,10,3,9,11,6,6,8,9,9,6,6,10,10,0,6,3,2,8,8,2,6,9,7,9,3,11,2,4,0,5,5,5,2,6,10,8,11,10,0,9,9,2,10,2,11,7,10,7,0,11,2,7,6,4,11,9,0,5,6,6,3,6,0,2,10,2,2,3,10,6,6,7,6,7,0,0,3,0,4,5,6,4,6,6,0,0,10,4,11,4,10,10,11,4,4,8,5,8,10,11,0,6,11,5,8,9,6,0,9,11,10,4,0,6,8,5,8,6,6,9,9,3,11,4,2,10,9
7,2,2,2,2,3,5,9,6,8,5,0,0,4,11,9,5,9,5,6,0,3,11,11,4,10,0,7,7,9,10,10,7,7,11,11,2,7,4,3,9,9,3,7,10,8,10,4,0,3,5,2,6,6,6,3,7,11,9,0,11,2,10,10,3,11,3,0,8,11,8,2,0,3,8,7,5,0,10,2,6,7,7,4,7,2,3,11,3,3,4,11,7,7,8,7,8,2,2,4,2,5,6,7,5,7,7,2,2,11,5,0,5,11,11,0,5,5,9,6,9,11,0,2,7,0,6,9,10,7,2,10,0,11,5,2,7,9,6,9,7,7,10,10,4,0,5,3,11,10
8,3,3,3,3,4,6,10,7,9,6,2,2,5,0,10,6,10,6,7,2,4,0,0,5,11,2,8,8,10,11,11,8,8,0,0,3,8,5,4,10,10,4,8,11,9,11,5,2,4,6,3,7,7,7,4,8,0,10,2,0,3,11,11,4,0,4,2,9,0,9,3,2,4,9,8,6,2,11,3,7,8,8,5,8,3,4,0,4,4,5,0,8,8,9,8,9,3,3,5,3,6,7,8,6,8,8,3,3,0,6,2,6,0,0,2,6,6,10,7,10,0,2,3,8,2,7,10,11,8,3,11,2,0,6,3,8,10,7,10,8,8,11,11,5,2,6,4,0,11
9,4,4,4,4,5,7,11,8,10,7,3,3,6,2,11,7,11,7,8,3,5,2,2,6,0,3,9,9,11,0,0,9,9,2,2,4,9,6,5,11,11,5,9,0,10,0,6,3,5,7,4,8,8,8,5,9,2,11,3,2,4,0,0,5,2,5,3,10,2,10,4,3,5,10,9,7,3,0,4,8,9,9,6,9,4,5,2,5,5,6,2,9,9,10,9,10,4,4,6,4,7,8,9,7,9,9,4,4,2,7,3,7,2,2,3,7,7,11,8,11,2,3,4,9,3,8,11,0,9,4,0,3,2,7,4,9,11,8,11,9,9,0,0,6,3,7,5,2,0
10,5,5,5,5,6,8,0,9,11,8,4,4,7,3,0,8,0,8,9,4,6,3,3,7,2,4,10,10,0,2,2,10,10,3,3,5,10,7,6,0,0,6,10,2,11,2,7,4,6,8,5,9,9,9,6,10,3,0,4,3,5,2,2,6,3,6,4,11,3,11,5,4,6,11,10,8,4,2,5,9,10,10,7,10,5,6,3,6,6,7,3,10,10,11,10,11,5,5,7,5,8,9,10,8,10,10,5,5,3,8,4,8,3,3,4,8,8,0,9,0,3,4,5,10,4,9,0,2,10,5,2,4,3,8,5,10,0,9,0,10,10,2,2,7,4,8,6,3,2
11,6,6,6,6,7,9,2,10,0,9,5,5,8,4,2,9,2,9,10,5,7,4,4,8,3,5,11,11,2,3,3,11,11,4,4,6,11,8,7,2,2,7,11,3,0,3,8,5,7,9,6,10,10,10,7,11,4,2,5,4,6,3,3,7,4,7,5,0,4,0,6,5,7,0,11,9,5,3,6,10,11,11,8,11,6,7,4,7,7,8,4,11,11,0,11,0,6,6,8,6,9,10,11,9,11,11,6,6,4,9,5,9,4,4,5,9,9,2,10,2,4,5,6,11,5,10,2,3,11,6,3,5,4,9,6,11,2,10,2,11,11,3,3,8,5,9,7,4,3
0,7,7,7,7,8,10,3,11,2,10,6,6,9,5,3,10,3,10,11,6,8,5,5,9,4,6,0,0,3,4,4,0,0,5,5,7,0,9,8,3,3,8,0,4,2,4,9,6,8,10,7,11,11,11,8,0,5,3,6,5,7,4,4,8,5,8,6,2,5,2,7,6,8,2,0,10,6,4,7,11,0,0,9,0,7,8,5,8,8,9,5,0,0,2,0,2,7,7,9,7,10,11,0,10,0,0,7,7,5,10,6,10,5,5,6,10,10,3,11,3,5,6,7,0,6,11,3,4,0,7,4,6,5,10,7,0,3,11,3,0,0,4,4,9,6,10,8,5,4
2,8,8,8,8,9,11,4,0,3,11,7,7,10,6,4,11,4,11,0,7,9,6,6,10,5,7,2,2,4,5,5,2,2,6,6,8,2,10,9,4,4,9,2,5,3,5,10,7,9,11,8,0,0,0,9,2,6,4,7,6,8,5,5,9,6,9,7,3,6,3,8,7,9,3,2,11,7,5,8,0,2,2,10,2,8,9,6,9,9,10,6,2,2,3,2,3,8,8,10,8,11,0,2,11,2,2,8,8,6,11,7,11,6,6,7,11,11,4,0,4,6,7,8,2,7,0,4,5,2,8,5,7,6,11,8,2,4,0,4,2,2,5,5,10,7,11,9,6,5
3,9,9,9,9,10,0,5,2,4,0,8,8,11,7,5,0,5,0,2,8,10,7,7,11,6,8,3,3,5,6,6,3,3,7,7,9,3,11,10,5,5,10,3,6,4,6,11,8,10,0,9,2,2,2,10,3,7,5,8,7,9,6,6,10,7,10,8,4,7,4,9,8,10,4,3,0,8,6,9,2,3,3,11,3,9,10,7,10,10,11,7,3,3,4,3,4,9,9,11,9,0,2,3,0,3,3,9,9,7,0,8,0,7,7,8,0,0,5,2,5,7,8,9,3,8,2,5,6,3,9,6,8,7,0,9,3,5,2,5,3,3,6,6,11,8,0,10,7,6
4,10,10,10,10,11,2,6,3,5,2,9,9,0,8,6,2,6,2,3,9,11,8,8,0,7,9,4,4,6,7,7,4,4,8,8,10,4,0,11,6,6,11,4,7,5,7,0,9,11,2,10,3,3,3,11,4,8,6,9,8,10,7,7,11,8,11,9,5,8,5,10,9,11,5,4,2,9,7,10,3,4,4,0,4,10,11,8,11,11,0,8,4,4,5,4,5,10,10,0,10,2,3,4,2,4,4,10,10,8,2,9,2,8,8,9,2,2,6,3,6,8,9,10,4,9,3,6,7,4,10,7,9,8,2,10,4,6,3,6,4,4,7,7,0,9,2,11,8,7
5,11,11,11,11,0,3,7,4,6,3,10,10,2,9,7,3,7,3,4,10,0,9,9,2,8,10,5,5,7,8,8,5,5,9,9,11,5,2,0,7,7,0,5,8,6,8,2,10,0,3,11,4,4,4,0,5,9,7,10,9,11,8,8,0,9,0,10,6,9,6,11,10,0,6,5,3,10,8,11,4,5,5,2,5,11,0,9,0,0,2,9,5,5,6,5,6,11,11,2,11,3,4,5,3,5,5,11,11,9,3,10,3,9,9,10,3,3,7,4,7,9,10,11,5,10,4,7,8,5,11,8,10,9,3,11,5,7,4,7,5,5,8,8,2,10,3,0,9,8
6,0,0,0,0,2,4,8,5,7,4,11,11,3,10,8,4,8,4,5,11,2,10,10,3,9,11,6,6,8,9,9,6,6,10,10,0,6,3,2,8,8,2,6,9,7,9,3,11,2,4,0,5,5,5,2,6,10,8,11,10,0,9,9,2,10,2,11,7,10,7,0,11,2,7,6,4,11,9,0,5,6,6,3,6,0,2,10,2,2,3,10,6,6,7,6,7,0,0,3,0,4,5,6,4,6,6,0,0,10,4,11,4,10,10,11,4,4,8,5,8,10,11,0,6,11,5,8,9,6,0,9,11,10,4,0,6,8,5,8,6,6,9,9,3,11,4,2,10,9
7,2,2,2,2,3,5,9,6,8,5,0,0,4,11,9,5,9,5,6,0,3,11,11,4,10,0,7,7,9,10,10,7,7,11,11,2,7,4,3,9,9,3,7,10,8,10,4,0,3,5,2,6,6,6,3,7,11,9,0,11,2,10,10,3,11,3,0,8,11,8,2,0,3,8,7,5,0,10,2,6,7,7,4,7,2,3,11,3,3,4,11,7,7,8,7,8,2,2,4,2,5,6,7,5,7,7,2,2,11,5,0,5,11,11,0,5,5,9,6,9,11,0,2,7,0,6,9,10,7,2,10,0,11,5,2,7,9,6,9,7,7,10,10,4,0,5,3,11,10
8,3,3,3,3,4,6,10,7,9,6,2,2,5,0,10,6,10,6,7,2,4,0,0,5,11,2,8,8,10,11,11,8,8,0,0,3,8,5,4,10,10,4,8,11,9,11,5,2,4,6,3,7,7,7,4,8,0,10,2,0,3,11,11,4,0,4,2,9,0,9,3,2,4,9,8,6,2,11,3,7,8,8,5,8,3,4,0,4,4,5,0,8,8,9,8,9,3,3,5,3,6,7,8,6,8,8,3,3,0,6,2,6,0,0,2,6,6,10,7,10,0,2,3,8,2,7,10,11,8,3,11,2,0,6,3,8,10,7,10,8,8,11,11,5,2,6,4,0,11
9,4,4,4,4,5,7,11,8,10,7,3,3,6,2,11,7,11,7,8,3,5,2,2,6,0,3,9,9,11,0,0,9,9,2,2,4,9,6,5,11,11,5,9,0,10,0,6,3,5,7,4,8,8,8,5,9,2,11,3,2,4,0,0,5,2,5,3,10,2,10,4,3,5,10,9,7,3,0,4,8,9,9,6,9,4,5,2,5,5,6,2,9,9,10,9,10,4,4,6,4,7,8,9,7,9,9,4,4,2,7,3,7,2,2,3,7,7,11,8,11,2,3,4,9,3,8,11,0,9,4,0,3,2,7,4,9,11,8,11,9,9,0,0,6,3,7,5,2,0
10,5,5,5,5,6,8,0,9,11,8,4,4,7,3,0,8,0,8,9,4,6,3,3,7,2,4,10,10,0,2,2,10,10,3,3,5,10,7,6,0,0,6,10,2,11,2,7,4,6,8,5,9,9,9,6,10,3,0,4,3,5,2,2,6,3,6,4,11,3,11,5,4,6,11,10,8,4,2,5,9,10,10,7,10,5,6,3,6,6,7,3,10,10,11,10,11,5,5,7,5,8,9,10,8,10,10,5,5,3,8,4,8,3,3,4,8,8,0,9,0,3,4,5,10,4,9,0,2,10,5,2,4,3,8,5,10,0,9,0,10,10,2,2,7,4,8,6,3,2
11,6,6,6,6,7,9,2,10,0,9,5,5,8,4,2,9,2,9,10,5,7,4,4,8,3,5,11,11,2,3,3,11,11,4,4,6,11,8,7,2,2,7,11,3,0,3,8,5,7,9,6,10,10,10,7,11,4,2,5,4,6,3,3,7,4,7,5,0,4,0,6,5,7,0,11,9,5,3,6,10,11,11,8,11,6,7,4,7,7,8,4,11,11,0,11,0,6,6,8,6,9,10,11,9,11,11,6,6,4,9,5,9,4,4,5,9,9,2,10,2,4,5,6,11,5,10,2,3,11,6,3,5,4,9,6,11,2,10,2,11,11,3,3,8,5,9,7,4,3
0,7,7,7,7,8,10,3,11,2,10,6,6,9,5,3,10,3,10,11,6,8,5,5,9,4,6,0,0,3,4,4,0,0,5,5,7,0,9,8,3,3,8,0,4,2,4,9,6,8,10,7,11,11,11,8,0,5,3,6,5,7,4,4,8,5,8,6,2,5,2,7,6,8,2,0,10,6,4,7,11,0,0,9,0,7,8,5,8,8,9,5,0,0,2,0,2,7,7,9,7,10,11,0,10,0,0,7,7,5,10,6,10,5,5,6,10,10,3,11,3,5,6,7,0,6,11,3,4,0,7,4,6,5,10,7,0,3,11,3,0,0,4,4,9,6,10,8,5,4
2,8,8,8,8,9,11,4,0,3,11,7,7,10,6,4,11,4,11,0,7,9,6,6,10,5,7,2,2,4,5,5,2,2,6,6,8,2,10,9,4,4,9,2,5,3,5,10,7,9,11,8,0,0,0,9,2,6,4,7,6,8,5,5,9,6,9,7,3,6,3,8,7,9,3,2,11,7,5,8,0,2,2,10,2,8,9,6,9,9,10,6,2,2,3,2,3,8,8,10,8,11,0,2,11,2,2,8,8,6,11,7,11,6,6,7,11,11,4,0,4,6,7,8,2,7,0,4,5,2,8,5,7,6,11,8,2,4,0,4,2,2,5,5,10,7,11,9,6,5
3,9,9,9,9,10,0,5,2,4,0,8,8,11,7,5,0,5,0,2,8,10,7,7,11,6,8,3,3,5,6,6,3,3,7,7,9,3,11,10,5,5,10,3,6,4,6,11,8,10,0,9,2,2,2,10,3,7,5,8,7,9,6,6,10,7,10,8,4,7,4,9,8,10,4,3,0,8,6,9,2,3,3,11,3,9,10,7,10,10,11,7,3,3,4,3,4,9,9,11,9,0,2,3,0,3,3,9,9,7,0,8,0,7,7,8,0,0,5,2,5,7,8,9,3,8,2,5,6,3,9,6,8,7,0,9,3,5,2,5,3,3,6,6,11,8,0,10,7,6
4,10,10,10,10,11,2,6,3,5,2,9,9,0,8,6,2,6,2,3,9,11,8,8,0,7,9,4,4,6,7,7,4,4,8,8,10,4,0,11,6,6,11,4,7,5,7,0,9,11,2,10,3,3,3,11,4,8,6,9,8,10,7,7,11,8,11,9,5,8,5,10,9,11,5,4,2,9,7,10,3,4,4,0,4,10,11,8,11,11,0,8,4,4,5,4,5,10,10,0,10,2,3,4,2,4,4,10,10,8,2,9,2,8,8,9,2,2,6,3,6,8,9,10,4,9,3,6,7,4,10,7,9,8,2,10,4,6,3,6,4,4,7,7,0,9,2,11,8,7
5,11,11,11,11,0,3,7,4,6,3,10,10,2,9,7,3,7,3,4,10,0,9,9,2,8,10,5,5,7,8,8,5,5,9,9,11,5,2,0,7,7,0,5,8,6,8,2,10,0,3,11,4,4,4,0,5,9,7,10,9,11,8,8,0,9,0,10,6,9,6,11,10,0,6,5,3,10,8,11,4,5,5,2,5,11,0,9,0,0,2,9,5,5,6,5,6,11,11,2,11,3,4,5,3,5,5,11,11,9,3,10,3,9,9,10,3,3,7,4,7,9,10,11,5,10,4,7,8,5,11,8,10,9,3,11,5,7,4,7,5,5,8,8,2,10,3,0,9,8
6,0,0,0,0,2,4,8,5,7,4,11,11,3,10,8,4,8,4,5,11,2,10,10,3,9,11,6,6,8,9,9,6,6,10,10,0,6,3,2,8,8,2,6,9,7,9,3,11,2,4,0,5,5,5,2,6,10,8,11,10,0,9,9,2,10,2,11,7,10,7,0,11,2,7,6,4,11,9,0,5,6,6,3,6,0,2,10,2,2,3,10,6,6,7,6,7,0,0,3,0,4,5,6,4,6,6,0,0,10,4,11,4,10,10,11,4,4,8,5,8,10,11,0,6,11,5,8,9,6,0,9,11,10,4,0,6,8,5,8,6,6,9,9,3,11,4,2,10,9
7,2,2,2,2,3,5,9,6,8,5,0,0,4,11,9,5,9,5,6,0,3,11,11,4,10,0,7,7,9,10,10,7,7,11,11,2,7,4,3,9,9,3,7,10,8,10,4,0,3,5,2,6,6,6,3,7,11,9,0,11,2,10,10,3,11,3,0,8,11,8,2,0,3,8,7,5,0,10,2,6,7,7,4,7,2,3,11,3,3,4,11,7,7,8,7,8,2,2,4,2,5,6,7,5,7,7,2,2,11,5,0,5,11,11,0,5,5,9,6,9,11,0,2,7,0,6,9,10,7,2,10,0,11,5,2,7,9,6,9,7,7,10,10,4,0,5,3,11,10
8,3,3,3,3,4,6,10,7,9,6,2,2,5,0,10,6,10,6,7,2,4,0,0,5,11,2,8,8,10,11,11,8,8,0,0,3,8,5,4,10,10,4,8,11,9,11,5,2,4,6,3,7,7,7,4,8,0,10,2,0,3,11,11,4,0,4,2,9,0,9,3,2,4,9,8,6,2,11,3,7,8,8,5,8,3,4,0,4,4,5,0,8,8,9,8,9,3,3,5,3,6,7,8,6,8,8,3,3,0,6,2,6,0,0,2,6,6,10,7,10,0,2,3,8,2,7,10,11,8,3,11,2,0,6,3,8,10,7,10,8,8,11,11,5,2,6,4,0,11
9,4,4,4,4,5,7,11,8,10,7,3,3,6,2,11,7,11,7,8,3,5,2,2,6,0,3,9,9,11,0,0,9,9,2,2,4,9,6,5,11,11,5,9,0,10,0,6,3,5,7,4,8,8,8,5,9,2,11,3,2,4,0,0,5,2,5,3,10,2,10,4,3,5,10,9,7,3,0,4,8,9,9,6,9,4,5,2,5,5,6,2,9,9,10,9,10,4,4,6,4,7,8,9,7,9,9,4,4,2,7,3,7,2,2,3,7,7,11,8,11,2,3,4,9,3,8,11,0,9,4,0,3,2,7,4,9,11,8,11,9,9,0,0,6,3,7,5,2,0
10,5,5,5,5,6,8,0,9,11,8,4,4,7,3,0,8,0,8,9,4,6,3,3,7,2,4,10,10,0,2,2,10,10,3,3,5,10,7,6,0,0,6,10,2,11,2,7,4,6,8,5,9,9,9,6,10,3,0,4,3,5,2,2,6,3,6,4,11,3,11,5,4,6,11,10,8,4,2,5,9,10,10,7,10,5,6,3,6,6,7,3,10,10,11,10,11,5,5,7,5,8,9,10,8,10,10,5,5,3,8,4,8,3,3,4,8,8,0,9,0,3,4,5,10,4,9,0,2,10,5,2,4,3,8,5,10,0,9,0,10,10,2,2,7,4,8,6,3,2
11,6,6,6,6,7,9,2,10,0,9,5,5,8,4,2,9,2,9,10,5,7,4,4,8,3,5,11,11,2,3,3,11,11,4,4,6,11,8,7,2,2,7,11,3,0,3,8,5,7,9,6,10,10,10,7,11,4,2,5,4,6,3,3,7,4,7,5,0,4,0,6,5,7,0,11,9,5,3,6,10,11,11,8,11,6,7,4,7,7,8,4,11,11,0,11,0,6,6,8,6,9,10,11,9,11,11,6,6,4,9,5,9,4,4,5,9,9,2,10,2,4,5,6,11,5,10,2,3,11,6,3,5,4,9,6,11,2,10,2,11,11,3,3,8,5,9,7,4,3
0,7,7,7,7,8,10,3,11,2,10,6,6,9,5,3,10,3,10,11,6,8,5,5,9,4,6,0,0,3,4,4,0,0,5,5,7,0,9,8,3,3,8,0,4,2,4,9,6,8,10,7,11,11,11,8,0,5,3,6,5,7,4,4,8,5,8,6,2,5,2,7,6,8,2,0,10,6,4,7,11,0,0,9,0,7,8,5,8,8,9,5,0,0,2,0,2,7,7,9,7,10,11,0,10,0,0,7,7,5,10,6,10,5,5,6,10,10,3,11,3,5,6,7,0,6,11,3,4,0,7,4,6,5,10,7,0,3,11,3,0,0,4,4,9,6,10,8,5,4
2,8,8,8,8,9,11,4,0,3,11,7,7,10,6,4,11,4,11,0,7,9,6,6,10,5,7,2,2,4,5,5,2,2,6,6,8,2,10,9,4,4,9,2,5,3,5,10,7,9,11,8,0,0,0,9,2,6,4,7,6,8,5,5,9,6,9,7,3,6,3,8,7,9,3,2,11,7,5,8,0,2,2,10,2,8,9,6,9,9,10,6,2,2,3,2,3,8,8,10,8,11,0,2,11,2,2,8,8,6,11,7,11,6,6,7,11,11,4,0,4,6,7,8,2,7,0,4,5,2,8,5,7,6,11,8,2,4,0,4,2,2,5,5,10,7,11,9,6,5
3,9,9,9,9,10,0,5,2,4,0,8,8,11,7,5,0,5,0,2,8,10,7,7,11,6,8,3,3,5,6,6,3,3,7,7,9,3,11,10,5,5,10,3,6,4,6,11,8,10,0,9,2,2,2,10,3,7,5,8,7,9,6,6,10,7,10,8,4,7,4,9,8,10,4,3,0,8,6,9,2,3,3,11,3,9,10,7,10,10,11,7,3,3,4,3,4,9,9,11,9,0,2,3,0,3,3,9,9,7,0,8,0,7,7,8,0,0,5,2,5,7,8,9,3,8,2,5,6,3,9,6,8,7,0,9,3,5,2,5,3,3,6,6,11,8,0,10,7,6
4,10,10,10,10,11,2,6,3,5,2,9,9,0,8,6,2,6,2,3,9,11,8,8,0,7,9,4,4,6,7,7,4,4,8,8,10,4,0,11,6,6,11,4,7,5,7,0,9,11,2,10,3,3,3,11,4,8,6,9,8,10,7,7,11,8,11,9,5,8,5,10,9,11,5,4,2,9,7,10,3,4,4,0,4,10,11,8,11,11,0,8,4,4,5,4,5,10,10,0,10,2,3,4,2,4,4,10,10,8,2,9,2,8,8,9,2,2,6,3,6,8,9,10,4,9,3,6,7,4,10,7,9,8,2,10,4,6,3,6,4,4,7,7,0,9,2,11,8,7
5,11,11,11,11,0,3,7,4,6,3,10,10,2,9,7,3,7,3,4,10,0,9,9,2,8,10,5,5,7,8,8,5,5,9,9,11,5,2,0,7,7,0,5,8,6,8,2,10,0,3,11,4,4,4,0,5,9,7,10,9,11,8,8,0,9,0,10,6,9,6,11,10,0,6,5,3,10,8,11,4,5,5,2,5,11,0,9,0,0,2,9,5,5,6,5,6,11,11,2,11,3,4,5,3,5,5,11,11,9,3,10,3,9,9,10,3,3,7,4,7,9,10,11,5,10,4,7,8,5,11,8,10,9,3,11,5,7,4,7,5,5,8,8,2,10,3,0,9,8
6,0,0,0,0,2,4,8,5,7,4,11,11,3,10,8,4,8,4,5,11,2,10,10,3,9,11,6,6,8,9,9,6,6,10,10,0,6,3,2,8,8,2,6,9,7,9,3,11,2,4,0,5,5,5,2,6,10,8,11,10,0,9,9,2,10,2,11,7,10,7,0,11,2,7,6,4,11,9,0,5,6,6,3,6,0,2,10,2,2,3,10,6,6,7,6,7,0,0,3,0,4,5,6,4,6,6,0,0,10,4,11,4,10,10,11,4,4,8,5,8,10,11,0,6,11,5,8,9,6,0,9,11,10,4,0,6,8,5,8,6,6,9,9,3,11,4,2,10,9
7,2,2,2,2,3,5,9,6,8,5,0,0,4,11,9,5,9,5,6,0,3,11,11,4,10,0,7,7,9,10,10,7,7,11,11,2,7,4,3,9,9,3,7,10,8,10,4,0,3,5,2,6,6,6,3,7,11,9,0,11,2,10,10,3,11,3,0,8,11,8,2,0,3,8,7,5,0,10,2,6,7,7,4,7,2,3,11,3,3,4,11,7,7,8,7,8,2,2,4,2,5,6,7,5,7,7,2,2,11,5,0,5,11,11,0,5,5,9,6,9,11,0,2,7,0,6,9,10,7,2,10,0,11,5,2,7,9,6,9,7,7,10,10,4,0,5,3,11,10
8,3,3,3,3,4,6,10,7,9,6,2,2,5,0,10,6,10,6,7,2,4,0,0,5,11,2,8,8,10,11,11,8,8,0,0,3,8,5,4,10,10,4,8,11,9,11,5,2,4,6,3,7,7,7,4,8,0,10,2,0,3,11,11,4,0,4,2,9,0,9,3,2,4,9,8,6,2,11,3,7,8,8,5,8,3,4,0,4,4,5,0,8,8,9,8,9,3,3,5,3,6,7,8,6,8,8,3,3,0,6,2,6,0,0,2,6,6,10,7,10,0,2,3,8,2,7,10,11,8,3,11,2,0,6,3,8,10,7,10,8,8,11,11,5,2,6,4,0,11
9,4,4,4,4,5,7,11,8,10,7,3,3,6,2,11,7,11,7,8,3,5,2,2,6,0,3,9,9,11,0,0,9,9,2,2,4,9,6,5,11,11,5,9,0,10,0,6,3,5,7,4,8,8,8,5,9,2,11,3,2,4,0,0,5,2,5,3,10,2,10,4,3,5,10,9,7,3,0,4,8,9,9,6,9,4,5,2,5,5,6,2,9,9,10,9,10,4,4,6,4,7,8,9,7,9,9,4,4,2,7,3,7,2,2,3,7,7,11,8,11,2,3,4,9,3,8,11,0,9,4,0,3,2,7,4,9,11,8,11,9,9,0,0,6,3,7,5,2,0
10,5,5,5,5,6,8,0,9,11,8,4,4,7,3,0,8,0,8,9,4,6,3,3,7,2,4,10,10,0,2,2,10,10,3,3,5,10,7,6,0,0,6,10,2,11,2,7,4,6,8,5,9,9,9,6,10,3,0,4,3,5,2,2,6,3,6,4,11,3,11,5,4,6,11,10,8,4,2,5,9,10,10,7,10,5,6,3,6,6,7,3,10,10,11,10,11,5,5,7,5,8,9,10,8,10,10,5,5,3,8,4,8,3,3,4,8,8,0,9,0,3,4,5,10,4,9,0,2,10,5,2,4,3,8,5,10,0,9,0,10,10,2,2,7,4,8,6,3,2
11,6,6,6,6,7,9,2,10,0,9,5,5,8,4,2,9,2,9,10,5,7,4,4,8,3,5,11,11,2,3,3,11,11,4,4,6,11,8,7,2,2,7,11,3,0,3,8,5,7,9,6,10,10,10,7,11,4,2,5,4,6,3,3,7,4,7,5,0,4,0,6,5,7,0,11,9,5,3,6,10,11,11,8,11,6,7,4,7,7,8,4,11,11,0,11,0,6,6,8,6,9,10,11,9,11,11,6,6,4,9,5,9,4,4,5,9,9,2,10,2,4,5,6,11,5,10,2,3,11,6,3,5,4,9,6,11,2,10,2,11,11,3,3,8,5,9,7,4,3
0,7,7,7,7,8,10,3,11,2,10,6,6,9,5,3,10,3,10,11,6,8,5,5,9,4,6,0,0,3,4,4,0,0,5,5,7,0,9,8,3,3,8,0,4,2,4,9,6,8,10,7,11,11,11,8,0,5,3,6,5,7,4,4,8,5,8,6,2,5,2,7,6,8,2,0,10,6,4,7,11,0,0,9,0,7,8,5,8,8,9,5,0,0,2,0,2,7,7,9,7,10,11,0,10,0,0,7,7,5,10,6,10,5,5,6,10,10,3,11,3,5,6,7,0,6,11,3,4,0,7,4,6,5,10,7,0,3,11,3,0,0,4,4,9,6,10,8,5,4
2,8,8,8,8,9,11,4,0,3,11,7,7,10,6,4,11,4,11,0,7,9,6,6,10,5,7,2,2,4,5,5,2,2,6,6,8,2,10,9,4,4,9,2,5,3,5,10,7,9,11,8,0,0,0,9,2,6,4,7,6,8,5,5,9,6,9,7,3,6,3,8,7,9,3,2,11,7,5,8,0,2,2,10,2,8,9,6,9,9,10,6,2,2,3,2,3,8,8,10,8,11,0,2,11,2,2,8,8,6,11,7,11,6,6,7,11,11,4,0,4,6,7,8,2,7,0,4,5,2,8,5,7,6,11,8,2,4,0,4,2,2,5,5,10,7,11,9,6,5
3,9,9,9,9,10,0,5,2,4,0,8,8,11,7,5,0,5,0,2,8,10,7,7,11,6,8,3,3,5,6,6,3,3,7,7,9,3,11,10,5,5,10,3,6,4,6,11,8,10,0,9,2,2,2,10,3,7,5,8,7,9,6,6,10,7,10,8,4,7,4,9,8,10,4,3,0,8,6,9,2,3,3,11,3,9,10,7,10,10,11,7,3,3,4,3,4,9,9,11,9,0,2,3,0,3,3,9,9,7,0,8,0,7,7,8,0,0,5,2,5,7,8,9,3,8,2,5,6,3,9,6,8,7,0,9,3,5,2,5,3,3,6,6,11,8,0,10,7,6
4,10,10,10,10,11,2,6,3,5,2,9,9,0,8,6,2,6,2,3,9,11,8,8,0,7,9,4,4,6,7,7,4,4,8,8,10,4,0,11,6,6,11,4,7,5,7,0,9,11,2,10,3,3,3,11,4,8,6,9,8,10,7,7,11,8,11,9,5,8,5,10,9,11,5,4,2,9,7,10,3,4,4,0,4,10,11,8,11,11,0,8,4,4,5,4,5,10,10,0,10,2,3,4,2,4,4,10,10,8,2,9,2,8,8,9,2,2,6,3,6,8,9,10,4,9,3,6,7,4,10,7,9,8,2,10,4,6,3,6,4,4,7,7,0,9,2,11,8,7
5,11,11,11,11,0,3,7,4,6,3,10,10,2,9,7,3,7,3,4,10,0,9,9,2,8,10,5,5,7,8,8,5,5,9,9,11,5,2,0,7,7,0,5,8,6,8,2,10,0,3,11,4,4,4,0,5,9,7,10,9,11,8,8,0,9,0,10,6,9,6,11,10,0,6,5,3,10,8,11,4,5,5,2,5,11,0,9,0,0,2,9,5,5,6,5,6,11,11,2,11,3,4,5,3,5,5,11,11,9,3,10,3,9,9,10,3,3,7,4,7,9,10,11,5,10,4,7,8,5,11,8,10,9,3,11,5,7,4,7,5,5,8,8,2,10,3,0,9,8
6,0,0,0,0,2,4,8,5,7,4,11,11,3,10,8,4,8,4,5,11,2,10,10,3,9,11,6,6,8,9,9,6,6,10,10,0,6,3,2,8,8,2,6,9,7,9,3,11,2,4,0,5,5,5,2,6,10,8,11,10,0,9,9,2,10,2,11,7,10,7,0,11,2,7,6,4,11,9,0,5,6,6,3,6,0,2,10,2,2,3,10,6,6,7,6,7,0,0,3,0,4,5,6,4,6,6,0,0,10,4,11,4,10,10,11,4,4,8,5,8,10,11,0,6,11,5,8,9,6,0,9,11,10,4,0,6,8,5,8,6,6,9,9,3,11,4,2,10,9
7,2,2,2,2,3,5,9,6,8,5,0,0,4,11,9,5,9,5,6,0,3,11,11,4,10,0,7,7,9,10,10,7,7,11,11,2,7,4,3,9,9,3,7,10,8,10,4,0,3,5,2,6,6,6,3,7,11,9,0,11,2,10,10,3,11,3,0,8,11,8,2,0,3,8,7,5,0,10,2,6,7,7,4,7,2,3,11,3,3,4,11,7,7,8,7,8,2,2,4,2,5,6,7,5,7,7,2,2,11,5,0,5,11,11,0,5,5,9,6,9,11,0,2,7,0,6,9,10,7,2,10,0,11,5,2,7,9,6,9,7,7,10,10,4,0,5,3,11,10
8,3,3,3,3,4,6,10,7,9,6,2,2,5,0,10,6,10,6,7,2,4,0,0,5,11,2,8,8,10,11,11,8,8,0,0,3,8,5,4,10,10,4,8,11,9,11,5,2,4,6,3,7,7,7,4,8,0,10,2,0,3,11,11,4,0,4,2,9,0,9,3,2,4,9,8,6,2,11,3,7,8,8,5,8,3,4,0,4,4,5,0,8,8,9,8,9,3,3,5,3,6,7,8,6,8,8,3,3,0,6,2,6,0,0,2,6,6,10,7,10,0,2,3,8,2,7,10,11,8,3,11,2,0,6,3,8,10,7,10,8,8,11,11,5,2,6,4,0,11
9,4,4,4,4,5,7,11,8,10,7,3,3,6,2,11,7,11,7,8,3,5,2,2,6,0,3,9,9,11,0,0,9,9,2,2,4,9,6,5,11,11,5,9,0,10,0,6,3,5,7,4,8,8,8,5,9,2,11,3,2,4,0,0,5,2,5,3,10,2,10,4,3,5,10,9,7,3,0,4,8,9,9,6,9,4,5,2,5,5,6,2,9,9,10,9,10,4,4,6,4,7,8,9,7,9,9,4,4,2,7,3,7,2,2,3,7,7,11,8,11,2,3,4,9,3,8,11,0,9,4,0,3,2,7,4,9,11,8,11,9,9,0,0,6,3,7,5,2,0
10,5,5,5,5,6,8,0,9,11,8,4,4,7,3,0,8,0,8,9,4,6,3,3,7,2,4,10,10,0,2,2,10,10,3,3,5,10,7,6,0,0,6,10,2,11,2,7,4,6,8,5,9,9,9,6,10,3,0,4,3,5,2,2,6,3,6,4,11,3,11,5,4,6,11,10,8,4,2,5,9,10,10,7,10,5,6,3,6,6,7,3,10,10,11,10,11,5,5,7,5,8,9,10,8,10,10,5,5,3,8,4,8,3,3,4,8,8,0,9,0,3,4,5,10,4,9,0,2,10,5,2,4,3,8,5,10,0,9,0,10,10,2,2,7,4,8,6,3,2
11,6,6,6,6,7,9,2,10,0,9,5,5,8,4,2,9,2,9,10,5,7,4,4,8,3,5,11,11,2,3,3,11,11,4,4,6,11,8,7,2,2,7,11,3,0,3,8,5,7,9,6,10,10,10,7,11,4,2,5,4,6,3,3,7,4,7,5,0,4,0,6,5,7,0,11,9,5,3,6,10,11,11,8,11,6,7,4,7,7,8,4,11,11,0,11,0,6,6,8,6,9,10,11,9,11,11,6,6,4,9,5,9,4,4,5,9,9,2,10,2,4,5,6,11,5,10,2,3,11,6,3,5,4,9,6,11,2,10,2,11,11,3,3,8,5,9,7,4,3
0,7,7,7,7,8,10,3,11,2,10,6,6,9,5,3,10,3,10,11,6,8,5,5,9,4,6,0,0,3,4,4,0,0,5,5,7,0,9,8,3,3,8,0,4,2,4,9,6,8,10,7,11,11,11,8,0,5,3,6,5,7,4,4,8,5,8,6,2,5,2,7,6,8,2,0,10,6,4,7,11,0,0,9,0,7,8,5,8,8,9,5,0,0,2,0,2,7,7,9,7,10,11,0,10,0,0,7,7,5,10,6,10,5,5,6,10,10,3,11,3,5,6,7,0,6,11,3,4,0,7,4,6,5,10,7,0,3,11,3,0,0,4,4,9,6,10,8,5,4
2,8,8,8,8,9,11,4,0,3,11,7,7,10,6,4,11,4,11,0,7,9,6,6,10,5,7,2,2,4,5,5,2,2,6,6,8,2,10,9,4,4,9,2,5,3,5,10,7,9,11,8,0,0,0,9,2,6,4,7,6,8,5,5,9,6,9,7,3,6,3,8,7,9,3,2,11,7,5,8,0,2,2,10,2,8,9,6,9,9,10,6,2,2,3,2,3,8,8,10,8,11,0,2,11,2,2,8,8,6,11,7,11,6,6,7,11,11,4,0,4,6,7,8,2,7,0,4,5,2,8,5,7,6,11,8,2,4,0,4,2,2,5,5,10,7,11,9,6,5
3,9,9,9,9,10,0,5,2,4,0,8,8,11,7,5,0,5,0,2,8,10,7,7,11,6,8,3,3,5,6,6,3,3,7,7,9,3,11,10,5,5,10,3,6,4,6,11,8,10,0,9,2,2,2,10,3,7,5,8,7,9,6,6,10,7,10,8,4,7,4,9,8,10,4,3,0,8,6,9,2,3,3,11,3,9,10,7,10,10,11,7,3,3,4,3,4,9,9,11,9,0,2,3,0,3,3,9,9,7,0,8,0,7,7,8,0,0,5,2,5,7,8,9,3,8,2,5,6,3,9,6,8,7,0,9,3,5,2,5,3,3,6,6,11,8,0,10,7,6
4,10,10,10,10,11,2,6,3,5,2,9,9,0,8,6,2,6,2,3,9,11,8,8,0,7,9,4,4,6,7,7,4,4,8,8,10,4,0,11,6,6,11,4,7,5,7,0,9,11,2,10,3,3,3,11,4,8,6,9,8,10,7,7,11,8,11,9,5,8,5,10,9,11,5,4,2,9,7,10,3,4,4,0,4,10,11,8,11,11,0,8,4,4,5,4,5,10,10,0,10,2,3,4,2,4,4,10,10,8,2,9,2,8,8,9,2,2,6,3,6,8,9,10,4,9,3,6,7,4,10,7,9,8,2,10,4,6,3,6,4,4,7,7,0,9,2,11,8,7
5,11,11,11,11,0,3,7,4,6,3,10,10,2,9,7,3,7,3,4,10,0,9,9,2,8,10,5,5,7,8,8,5,5,9,9,11,5,2,0,7,7,0,5,8,6,8,2,10,0,3,11,4,4,4,0,5,9,7,10,9,11,8,8,0,9,0,10,6,9,6,11,10,0,6,5,3,10,8,11,4,5,5,2,5,11,0,9,0,0,2,9,5,5,6,5,6,11,11,2,11,3,4,5,3,5,5,11,11,9,3,10,3,9,9,10,3,3,7,4,7,9,10,11,5,10,4,7,8,5,11,8,10,9,3,11,5,7,4,7,5,5,8,8,2,10,3,0,9,8
6,0,0,0,0,2,4,8,5,7,4,11,11,3,10,8,4,8,4,5,11,2,10,10,3,9,11,6,6,8,9,9,6,6,10,10,0,6,3,2,8,8,2,6,9,7,9,3,11,2,4,0,5,5,5,2,6,10,8,11,10,0,9,9,2,10,2,11,7,10,7,0,11,2,7,6,4,11,9,0,5,6,6,3,6,0,2,10,2,2,3,10,6,6,7,6,7,0,0,3,0,4,5,6,4,6,6,0,0,10,4,11,4,10,10,11,4,4,8,5,8,10,11,0,6,11,5,8,9,6,0,9,11,10,4,0,6,8,5,8,6,6,9,9,3,11,4,2,10,9
7,2,2,2,2,3,5,9,6,8,5,0,0,4,11,9,5,9,5,6,0,3,11,11,4,10,0,7,7,9,10,10,7,7,11,11,2,7,4,3,9,9,3,7,10,8,10,4,0,3,5,2,6,6,6,3,7,11,9,0,11,2,10,10,3,11,3,0,8,11,8,2,0,3,8,7,5,0,10,2,6,7,7,4,7,2,3,11,3,3,4,11,7,7,8,7,8,2,2,4,2,5,6,7,5,7,7,2,2,11,5,0,5,11,11,0,5,5,9,6,9,11,0,2,7,0,6,9,10,7,2,10,0,11,5,2,7,9,6,9,7,7,10,10,4,0,5,3,11,10
8,3,3,3,3,4,6,10,7,9,6,2,2,5,0,10,6,10,6,7,2,4,0,0,5,11,2,8,8,10,11,11,8,8,0,0,3,8,5,4,10,10,4,8,11,9,11,5,2,4,6,3,7,7,7,4,8,0,10,2,0,3,11,11,4,0,4,2,9,0,9,3,2,4,9,8,6,2,11,3,7,8,8,5,8,3,4,0,4,4,5,0,8,8,9,8,9,3,3,5,3,6,7,8,6,8,8,3,3,0,6,2,6,0,0,2,6,6,10,7,10,0,2,3,8,2,7,10,11,8,3,11,2,0,6,3,8,10,7,10,8,8,11,11,5,2,6,4,0,11
9,4,4,4,4,5,7,11,8,10,7,3,3,6,2,11,7,11,7,8,3,5,2,2,6,0,3,9,9,11,0,0,9,9,2,2,4,9,6,5,11,11,5,9,0,10,0,6,3,5,7,4,8,8,8,5,9,2,11,3,2,4,0,0,5,2,5,3,10,2,10,4,3,5,10,9,7,3,0,4,8,9,9,6,9,4,5,2,5,5,6,2,9,9,10,9,10,4,4,6,4,7,8,9,7,9,9,4,4,2,7,3,7,2,2,3,7,7,11,8,11,2,3,4,9,3,8,11,0,9,4,0,3,2,7,4,9,11,8,11,9,9,0,0,6,3,7,5,2,0
10,5,5,5,5,6,8,0,9,11,8,4,4,7,3,0,8,0,8,9,4,6,3,3,7,2,4,10,10,0,2,2,10,10,3,3,5,10,7,6,0,0,6,10,2,11,2,7,4,6,8,5,9,9,9,6,10,3,0,4,3,5,2,2,6,3,6,4,11,3,11,5,4,6,11,10,8,4,2,5,9,10,10,7,10,5,6,3,6,6,7,3,10,10,11,10,11,5,5,7,5,8,9,10,8,10,10,5,5,3,8,4,8,3,3,4,8,8,0,9,0,3,4,5,10,4,9,0,2,10,5,2,4,3,8,5,10,0,9,0,10,10,2,2,7,4,8,6,3,2
11,6,6,6,6,7,9,2,10,0,9,5,5,8,4,2,9,2,9,10,5,7,4,4,8,3,5,11,11,2,3,3,11,11,4,4,6,11,8,7,2,2,7,11,3,0,3,8,5,7,9,6,10,10,10,7,11,4,2,5,4,6,3,3,7,4,7,5,0,4,0,6,5,7,0,11,9,5,3,6,10,11,11,8,11,6,7,4,7,7,8,4,11,11,0,11,0,6,6,8,6,9,10,11,9,11,11,6,6,4,9,5,9,4,4,5,9,9,2,10,2,4,5,6,11,5,10,2,3,11,6,3,5,4,9,6,11,2,10,2,11,11,3,3,8,5,9,7,4,3
0,7,7,7,7,8,10,3,11,2,10,6,6,9,5,3,10,3,10,11,6,8,5,5,9,4,6,0,0,3,4,4,0,0,5,5,7,0,9,8,3,3,8,0,4,2,4,9,6,8,10,7,11,11,11,8,0,5,3,6,5,7,4,4,8,5,8,6,2,5,2,7,6,8,2,0,10,6,4,7,11,0,0,9,0,7,8,5,8,8,9,5,0,0,2,0,2,7,7,9,7,10,11,0,10,0,0,7,7,5,10,6,10,5,5,6,10,10,3,11,3,5,6,7,0,6,11,3,4,0,7,4,6,5,10,7,0,3,11,3,0,0,4,4,9,6,10,8,5,4
2,8,8,8,8,9,11,4,0,3,11,7,7,10,6,4,11,4,11,0,7,9,6,6,10,5,7,2,2,4,5,5,2,2,6,6,8,2,10,9,4,4,9,2,5,3,5,10,7,9,11,8,0,0,0,9,2,6,4,7,6,8,5,5,9,6,9,7,3,6,3,8,7,9,3,2,11,7,5,8,0,2,2,10,2,8,9,6,9,9,10,6,2,2,3,2,3,8,8,10,8,11,0,2,11,2,2,8,8,6,11,7,11,6,6,7,11,11,4,0,4,6,7,8,2,7,0,4,5,2,8,5,7,6,11,8,2,4,0,4,2,2,5,5,10,7,11,9,6,5
3,9,9,9,9,10,0,5,2,4,0,8,8,11,7,5,0,5,0,2,8,10,7,7,11,6,8,3,3,5,6,6,3,3,7,7,9,3,11,10,5,5,10,3,6,4,6,11,8,10,0,9,2,2,2,10,3,7,5,8,7,9,6,6,10,7,10,8,4,7,4,9,8,10,4,3,0,8,6,9,2,3,3,11,3,9,10,7,10,10,11,7,3,3,4,3,4,9,9,11,9,0,2,3,0,3,3,9,9,7,0,8,0,7,7,8,0,0,5,2,5,7,8,9,3,8,2,5,6,3,9,6,8,7,0,9,3,5,2,5,3,3,6,6,11,8,0,10,7,6
4,10,10,10,10,11,2,6,3,5,2,9,9,0,8,6,2,6,2,3,9,11,8,8,0,7,9,4,4,6,7,7,4,4,8,8,10,4,0,11,6,6,11,4,7,5,7,0,9,11,2,10,3,3,3,11,4,8,6,9,8,10,7,7,11,8,11,9,5,8,5,10,9,11,5,4,2,9,7,10,3,4,4,0,4,10,11,8,11,11,0,8,4,4,5,4,5,10,10,0,10,2,3,4,2,4,4,10,10,8,2,9,2,8,8,9,2,2,6,3,6,8,9,10,4,9,3,6,7,4,10,7,9,8,2,10,4,6,3,6,4,4,7,7,0,9,2,11,8,7
5,11,11,11,11,0,3,7,4,6,3,10,10,2,9,7,3,7,3,4,10,0,9,9,2,8,10,5,5,7,8,8,5,5,9,9,11,5,2,0,7,7,0,5,8,6,8,2,10,0,3,11,4,4,4,0,5,9,7,10,9,11,8,8,0,9,0,10,6,9,6,11,10,0,6,5,3,10,8,11,4,5,5,2,5,11,0,9,0,0,2,9,5,5,6,5,6,11,11,2,11,3,4,5,3,5,5,11,11,9,3,10,3,9,9,10,3,3,7,4,7,9,10,11,5,10,4,7,8,5,11,8,10,9,3,11,5,7,4,7,5,5,8,8,2,10,3,0,9,8
6,0,0,0,0,2,4,8,5,7,4,11,11,3,10,8,4,8,4,5,11,2,10,10,3,9,11,6,6,8,9,9,6,6,10,10,0,6,3,2,8,8,2,6,9,7,9,3,11,2,4,0,5,5,5,2,6,10,8,11,10,0,9,9,2,10,2,11,7,10,7,0,11,2,7,6,4,11,9,0,5,6,6,3,6,0,2,10,2,2,3,10,6,6,7,6,7,0,0,3,0,4,5,6,4,6,6,0,0,10,4,11,4,10,10,11,4,4,8,5,8,10,11,0,6,11,5,8,9,6,0,9,11,10,4,0,6,8,5,8,6,6,9,9,3,11,4,2,10,9
7,2,2,2,2,3,5,9,6,8,5,0,0,4,11,9,5,9,5,6,0,3,11,11,4,10,0,7,7,9,10,10,7,7,11,11,2,7,4,3,9,9,3,7,10,8,10,4,0,3,5,2,6,6,6,3,7,11,9,0,11,2,10,10,3,11,3,0,8,11,8,2,0,3,8,7,5,0,10,2,6,7,7,4,7,2,3,11,3,3,4,11,7,7,8,7,8,2,2,4,2,5,6,7,5,7,7,2,2,11,5,0,5,11,11,0,5,5,9,6,9,11,0,2,7,0,6,9,10,7,2,10,0,11,5,2,7,9,6,9,7,7,10,10,4,0,5,3,11,10
8,3,3,3,3,4,6,10,7,9,6,2,2,5,0,10,6,10,6,7,2,4,0,0,5,11,2,8,8,10,11,11,8,8,0,0,3,8,5,4,10,10,4,8,11,9,11,5,2,4,6,3,7,7,7,4,8,0,10,2,0,3,11,11,4,0,4,2,9,0,9,3,2,4,9,8,6,2,11,3,7,8,8,5,8,3,4,0,4,4,5,0,8,8,9,8,9,3,3,5,3,6,7,8,6,8,8,3,3,0,6,2,6,0,0,2,6,6,10,7,10,0,2,3,8,2,7,10,11,8,3,11,2,0,6,3,8,10,7,10,8,8,11,11,5,2,6,4,0,11
9,4,4,4,4,5,7,11,8,10,7,3,3,6,2,11,7,11,7,8,3,5,2,2,6,0,3,9,9,11,0,0,9,9,2,2,4,9,6,5,11,11,5,9,0,10,0,6,3,5,7,4,8,8,8,5,9,2,11,3,2,4,0,0,5,2,5,3,10,2,10,4,3,5,10,9,7,3,0,4,8,9,9,6,9,4,5,2,5,5,6,2,9,9,10,9,10,4,4,6,4,7,8,9,7,9,9,4,4,2,7,3,7,2,2,3,7,7,11,8,11,2,3,4,9,3,8,11,0,9,4,0,3,2,7,4,9,11,8,11,9,9,0,0,6,3,7,5,2,0
10,5,5,5,5,6,8,0,9,11,8,4,4,7,3,0,8,0,8,9,4,6,3,3,7,2,4,10,10,0,2,2,10,10,3,3,5,10,7,6,0,0,6,10,2,11,2,7,4,6,8,5,9,9,9,6,10,3,0,4,3,5,2,2,6,3,6,4,11,3,11,5,4,6,11,10,8,4,2,5,9,10,10,7,10,5,6,3,6,6,7,3,10,10,11,10,11,5,5,7,5,8,9,10,8,10,10,5,5,3,8,4,8,3,3,4,8,8,0,9,0,3,4,5,10,4,9,0,2,10,5,2,4,3,8,5,10,0,9,0,10,10,2,2,7,4,8,6,3,2
11,6,6,6,6,7,9,2,10,0,9,5,5,8,4,2,9,2,9,10,5,7,4,4,8,3,5,11,11,2,3,3,11,11,4,4,6,11,8,7,2,2,7,11,3,0,3,8,5,7,9,6,10,10,10,7,11,4,2,5,4,6,3,3,7,4,7,5,0,4,0,6,5,7,0,11,9,5,3,6,10,11,11,8,11,6,7,4,7,7,8,4,11,11,0,11,0,6,6,8,6,9,10,11,9,11,11,6,6,4,9,5,9,4,4,5,9,9,2,10,2,4,5,6,11,5,10,2,3,11,6,3,5,4,9,6,11,2,10,2,11,11,3,3,8,5,9,7,4,3
0,7,7,7,7,8,10,3,11,2,10,6,6,9,5,3,10,3,10,11,6,8,5,5,9,4,6,0,0,3,4,4,0,0,5,5,7,0,9,8,3,3,8,0,4,2,4,9,6,8,10,7,11,11,11,8,0,5,3,6,5,7,4,4,8,5,8,6,2,5,2,7,6,8,2,0,10,6,4,7,11,0,0,9,0,7,8,5,8,8,9,5,0,0,2,0,2,7,7,9,7,10,11,0,10,0,0,7,7,5,10,6,10,5,5,6,10,10,3,11,3,5,6,7,0,6,11,3,4,0,7,4,6,5,10,7,0,3,11,3,0,0,4,4,9,6,10,8,5,4
2,8,8,8,8,9,11,4,0,3,11,7,7,10,6,4,11,4,11,0,7,9,6,6,10,5,7,2,2,4,5,5,2,2,6,6,8,2,10,9,4,4,9,2,5,3,5,10,7,9,11,8,0,0,0,9,2,6,4,7,6,8,5,5,9,6,9,7,3,6,3,8,7,9,3,2,11,7,5,8,0,2,2,10,2,8,9,6,9,9,10,6,2,2,3,2,3,8,8,10,8,11,0,2,11,2,2,8,8,6,11,7,11,6,6,7,11,11,4,0,4,6,7,8,2,7,0,4,5,2,8,5,7,6,11,8,2,4,0,4,2,2,5,5,10,7,11,9,6,5
3,9,9,9,9,10,0,5,2,4,0,8,8,11,7,5,0,5,0,2,8,10,7,7,11,6,8,3,3,5,6,6,3,3,7,7,9,3,11,10,5,5,10,3,6,4,6,11,8,10,0,9,2,2,2,10,3,7,5,8,7,9,6,6,10,7,10,8,4,7,4,9,8,10,4,3,0,8,6,9,2,3,3,11,3,9,10,7,10,10,11,7,3,3,4,3,4,9,9,11,9,0,2,3,0,3,3,9,9,7,0,8,0,7,7,8,0,0,5,2,5,7,8,9,3,8,2,5,6,3,9,6,8,7,0,9,3,5,2,5,3,3,6,6,11,8,0,10,7,6
4,10,10,10,10,11,2,6,3,5,2,9,9,0,8,6,2,6,2,3,9,11,8,8,0,7,9,4,4,6,7,7,4,4,8,8,10,4,0,11,6,6,11,4,7,5,7,0,9,11,2,10,3,3,3,11,4,8,6,9,8,10,7,7,11,8,11,9,5,8,5,10,9,11,5,4,2,9,7,10,3,4,4,0,4,10,11,8,11,11,0,8,4,4,5,4,5,10,10,0,10,2,3,4,2,4,4,10,10,8,2,9,2,8,8,9,2,2,6,3,6,8,9,10,4,9,3,6,7,4,10,7,9,8,2,10,4,6,3,6,4,4,7,7,0,9,2,11,8,7
5,11,11,11,11,0,3,7,4,6,3,10,10,2,9,7,3,7,3,4,10,0,9,9,2,8,10,5,5,7,8,8,5,5,9,9,11,5,2,0,7,7,0,5,8,6,8,2,10,0,3,11,4,4,4,0,5,9,7,10,9,11,8,8,0,9,0,10,6,9,6,11,10,0,6,5,3,10,8,11,4,5,5,2,5,11,0,9,0,0,2,9,5,5,6,5,6,11,11,2,11,3,4,5,3,5,5,11,11,9,3,10,3,9,9,10,3,3,7,4,7,9,10,11,5,10,4,7,8,5,11,8,10,9,3,11,5,7,4,7,5,5,8,8,2,10,3,0,9,8
6,0,0,0,0,2,4,8,5,7,4,11,11,3,10,8,4,8,4,5,11,2,10,10,3,9,11,6,6,8,9,9,6,6,10,10,0,6,3,2,8,8,2,6,9,7,9,3,11,2,4,0,5,5,5,2,6,10,8,11,10,0,9,9,2,10,2,11,7,10,7,0,11,2,7,6,4,11,9,0,5,6,6,3,6,0,2,10,2,2,3,10,6,6,7,6,7,0,0,3,0,4,5,6,4,6,6,0,0,10,4,11,4,10,10,11,4,4,8,5,8,10,11,0,6,11,5,8,9,6,0,9,11,10,4,0,6,8,5,8,6,6,9,9,3,11,4,2,10,9
7,2,2,2,2,3,5,9,6,8,5,0,0,4,11,9,5,9,5,6,0,3,11,11,4,10,0,7,7,9,10,10,7,7,11,11,2,7,4,3,9,9,3,7,10,8,10,4,0,3,5,2,6,6,6,3,7,11,9,0,11,2,10,10,3,11,3,0,8,11,8,2,0,3,8,7,5,0,10,2,6,7,7,4,7,2,3,11,3,3,4,11,7,7,8,7,8,2,2,4,2,5,6,7,5,7,7,2,2,11,5,0,5,11,11,0,5,5,9,6,9,11,0,2,7,0,6,9,10,7,2,10,0,11,5,2,7,9,6,9,7,7,10,10,4,0,5,3,11,10
8,3,3,3,3,4,6,10,7,9,6,2,2,5,0,10,6,10,6,7,2,4,0,0,5,11,2,8,8,10,11,11,8,8,0,0,3,8,5,4,10,10,4,8,11,9,11,5,2,4,6,3,7,7,7,4,8,0,10,2,0,3,11,11,4,0,4,2,9,0,9,3,2,4,9,8,6,2,11,3,7,8,8,5,8,3,4,0,4,4,5,0,8,8,9,8,9,3,3,5,3,6,7,8,6,8,8,3,3,0,6,2,6,0,0,2,6,6,10,7,10,0,2,3,8,2,7,10,11,8,3,11,2,0,6,3,8,10,7,10,8,8,11,11,5,2,6,4,0,11
9,4,4,4,4,5,7,11,8,10,7,3,3,6,2,11,7,11,7,8,3,5,2,2,6,0,3,9,9,11,0,0,9,9,2,2,4,9,6,5,11,11,5,9,0,10,0,6,3,5,7,4,8,8,8,5,9,2,11,3,2,4,0,0,5,2,5,3,10,2,10,4,3,5,10,9,7,3,0,4,8,9,9,6,9,4,5,2,5,5,6,2,9,9,10,9,10,4,4,6,4,7,8,9,7,9,9,4,4,2,7,3,7,2,2,3,7,7,11,8,11,2,3,4,9,3,8,11,0,9,4,0,3,2,7,4,9,11,8,11,9,9,0,0,6,3,7,5,2,0
10,5,5,5,5,6,8,0,9,11,8,4,4,7,3,0,8,0,8,9,4,6,3,3,7,2,4,10,10,0,2,2,10,10,3,3,5,10,7,6,0,0,6,10,2,11,2,7,4,6,8,5,9,9,9,6,10,3,0,4,3,5,2,2,6,3,6,4,11,3,11,5,4,6,11,10,8,4,2,5,9,10,10,7,10,5,6,3,6,6,7,3,10,10,11,10,11,5,5,7,5,8,9,10,8,10,10,5,5,3,8,4,8,3,3,4,8,8,0,9,0,3,4,5,10,4,9,0,2,10,5,2,4,3,8,5,10,0,9,0,10,10,2,2,7,4,8,6,3,2
11,6,6,6,6,7,9,2,10,0,9,5,5,8,4,2,9,2,9,10,5,7,4,4,8,3,5,11,11,2,3,3,11,11,4,4,6,11,8,7,2,2,7,11,3,0,3,8,5,7,9,6,10,10,10,7,11,4,2,5,4,6,3,3,7,4,7,5,0,4,0,6,5,7,0,11,9,5,3,6,10,11,11,8,11,6,7,4,7,7,8,4,11,11,0,11,0,6,6,8,6,9,10,11,9,11,11,6,6,4,9,5,9,4,4,5,9,9,2,10,2,4,5,6,11,5,10,2,3,11,6,3,5,4,9,6,11,2,10,2,11,11,3,3,8,5,9,7,4,3
0,7,7,7,7,8,10,3,11,2,10,6,6,9,5,3,10,3,10,11,6,8,5,5,9,4,6,0,0,3,4,4,0,0,5,5,7,0,9,8,3,3,8,0,4,2,4,9,6,8,10,7,11,11,11,8,0,5,3,6,5,7,4,4,8,5,8,6,2,5,2,7,6,8,2,0,10,6,4,7,11,0,0,9,0,7,8,5,8,8,9,5,0,0,2,0,2,7,7,9,7,10,11,0,10,0,0,7,7,5,10,6,10,5,5,6,10,10,3,11,3,5,6,7,0,6,11,3,4,0,7,4,6,5,10,7,0,3,11,3,0,0,4,4,9,6,10,8,5,4
2,8,8,8,8,9,11,4,0,3,11,7,7,10,6,4,11,4,11,0,7,9,6,6,10,5,7,2,2,4,5,5,2,2,6,6,8,2,10,9,4,4,9,2,5,3,5,10,7,9,11,8,0,0,0,9,2,6,4,7,6,8,5,5,9,6,9,7,3,6,3,8,7,9,3,2,11,7,5,8,0,2,2,10,2,8,9,6,9,9,10,6,2,2,3,2,3,8,8,10,8,11,0,2,11,2,2,8,8,6,11,7,11,6,6,7,11,11,4,0,4,6,7,8,2,7,0,4,5,2,8,5,7,6,11,8,2,4,0,4,2,2,5,5,10,7,11,9,6,5
3,9,9,9,9,10,0,5,2,4,0,8,8,11,7,5,0,5,0,2,8,10,7,7,11,6,8,3,3,5,6,6,3,3,7,7,9,3,11,10,5,5,10,3,6,4,6,11,8,10,0,9,2,2,2,10,3,7,5,8,7,9,6,6,10,7,10,8,4,7,4,9,8,10,4,3,0,8,6,9,2,3,3,11,3,9,10,7,10,10,11,7,3,3,4,3,4,9,9,11,9,0,2,3,0,3,3,9,9,7,0,8,0,7,7,8,0,0,5,2,5,7,8,9,3,8,2,5,6,3,9,6,8,7,0,9,3,5,2,5,3,3,6,6,11,8,0,10,7,6
4,10,10,10,10,11,2,6,3,5,2,9,9,0,8,6,2,6,2,3,9,11,8,8,0,7,9,4,4,6,7,7,4,4,8,8,10,4,0,11,6,6,11,4,7,5,7,0,9,11,2,10,3,3,3,11,4,8,6,9,8,10,7,7,11,8,11,9,5,8,5,10,9,11,5,4,2,9,7,10,3,4,4,0,4,10,11,8,11,11,0,8,4,4,5,4,5,10,10,0,10,2,3,4,2,4,4,10,10,8,2,9,2,8,8,9,2,2,6,3,6,8,9,10,4,9,3,6,7,4,10,7,9,8,2,10,4,6,3,6,4,4,7,7,0,9,2,11,8,7
5,11,11,11,11,0,3,7,4,6,3,10,10,2,9,7,3,7,3,4,10,0,9,9,2,8,10,5,5,7,8,8,5,5,9,9,11,5,2,0,7,7,0,5,8,6,8,2,10,0,3,11,4,4,4,0,5,9,7,10,9,11,8,8,0,9,0,10,6,9,6,11,10,0,6,5,3,10,8,11,4,5,5,2,5,11,0,9,0,0,2,9,5,5,6,5,6,11,11,2,11,3,4,5,3,5,5,11,11,9,3,10,3,9,9,10,3,3,7,4,7,9,10,11,5,10,4,7,8,5,11,8,10,9,3,11,5,7,4,7,5,5,8,8,2,10,3,0,9,8
6,0,0,0,0,2,4,8,5,7,4,11,11,3,10,8,4,8,4,5,11,2,10,10,3,9,11,6,6,8,9,9,6,6,10,10,0,6,3,2,8,8,2,6,9,7,9,3,11,2,4,0,5,5,5,2,6,10,8,11,10,0,9,9,2,10,2,11,7,10,7,0,11,2,7,6,4,11,9,0,5,6,6,3,6,0,2,10,2,2,3,10,6,6,7,6,7,0,0,3,0,4,5,6,4,6,6,0,0,10,4,11,4,10,10,11,4,4,8,5,8,10,11,0,6,11,5,8,9,6,0,9,11,10,4,0,6,8,5,8,6,6,9,9,3,11,4,2,10,9
7,2,2,2,2,3,5,9,6,8,5,0,0,4,11,9,5,9,5,6,0,3,11,11,4,10,0,7,7,9,10,10,7,7,11,11,2,7,4,3,9,9,3,7,10,8,10,4,0,3,5,2,6,6,6,3,7,11,9,0,11,2,10,10,3,11,3,0,8,11,8,2,0,3,8,7,5,0,10,2,6,7,7,4,7,2,3,11,3,3,4,11,7,7,8,7,8,2,2,4,2,5,6,7,5,7,7,2,2,11,5,0,5,11,11,0,5,5,9,6,9,11,0,2,7,0,6,9,10,7,2,10,0,11,5,2,7,9,6,9,7,7,10,10,4,0,5,3,11,10
8,3,3,3,3,4,6,10,7,9,6,2,2,5,0,10,6,10,6,7,2,4,0,0,5,11,2,8,8,10,11,11,8,8,0,0,3,8,5,4,10,10,4,8,11,9,11,5,2,4,6,3,7,7,7,4,8,0,10,2,0,3,11,11,4,0,4,2,9,0,9,3,2,4,9,8,6,2,11,3,7,8,8,5,8,3,4,0,4,4,5,0,8,8,9,8,9,3,3,5,3,6,7,8,6,8,8,3,3,0,6,2,6,0,0,2,6,6,10,7,10,0,2,3,8,2,7,10,11,8,3,11,2,0,6,3,8,10,7,10,8,8,11,11,5,2,6,4,0,11
9,4,4,4,4,5,7,11,8,10,7,3,3,6,2,11,7,11,7,8,3,5,2,2,6,0,3,9,9,11,0,0,9,9,2,2,4,9,6,5,11,11,5,9,0,10,0,6,3,5,7,4,8,8,8,5,9,2,11,3,2,4,0,0,5,2,5,3,10,2,10,4,3,5,10,9,7,3,0,4,8,9,9,6,9,4,5,2,5,5,6,2,9,9,10,9,10,4,4,6,4,7,8,9,7,9,9,4,4,2,7,3,7,2,2,3,7,7,11,8,11,2,3,4,9,3,8,11,0,9,4,0,3,2,7,4,9,11,8,11,9,9,0,0,6,3,7,5,2,0
10,5,5,5,5,6,8,0,9,11,8,4,4,7,3,0,8,0,8,9,4,6,3,3,7,2,4,10,10,0,2,2,10,10,3,3,5,10,7,6,0,0,6,10,2,11,2,7,4,6,8,5,9,9,9,6,10,3,0,4,3,5,2,2,6,3,6,4,11,3,11,5,4,6,11,10,8,4,2,5,9,10,10,7,10,5,6,3,6,6,7,3,10,10,11,10,11,5,5,7,5,8,9,10,8,10,10,5,5,3,8,4,8,3,3,4,8,8,0,9,0,3,4,5,10,4,9,0,2,10,5,2,4,3,8,5,10,0,9,0,10,10,2,2,7,4,8,6,3,2
11,6,6,6,6,7,9,2,10,0,9,5,5,8,4,2,9,2,9,10,5,7,4,4,8,3,5,11,11,2,3,3,11,11,4,4,6,11,8,7,2,2,7,11,3,0,3,8,5,7,9,6,10,10,10,7,11,4,2,5,4,6,3,3,7,4,7,5,0,4,0,6,5,7,0,11,9,5,3,6,10,11,11,8,11,6,7,4,7,7,8,4,11,11,0,11,0,6,6,8,6,9,10,11,9,11,11,6,6,4,9,5,9,4,4,5,9,9,2,10,2,4,5,6,11,5,10,2,3,11,6,3,5,4,9,6,11,2,10,2,11,11,3,3,8,5,9,7,4,3
0,7,7,7,7,8,10,3,11,2,10,6,6,9,5,3,10,3,10,11,6,8,5,5,9,4,6,0,0,3,4,4,0,0,5,5,7,0,9,8,3,3,8,0,4,2,4,9,6,8,10,7,11,11,11,8,0,5,3,6,5,7,4,4,8,5,8,6,2,5,2,7,6,8,2,0,10,6,4,7,11,0,0,9,0,7,8,5,8,8,9,5,0,0,2,0,2,7,7,9,7,10,11,0,10,0,0,7,7,5,10,6,10,5,5,6,10,10,3,11,3,5,6,7,0,6,11,3,4,0,7,4,6,5,10,7,0,3,11,3,0,0,4,4,9,6,10,8,5,4
2,8,8,8,8,9,11,4,0,3,11,7,7,10,6,4,11,4,11,0,7,9,6,6,10,5,7,2,2,4,5,5,2,2,6,6,8,2,10,9,4,4,9,2,5,3,5,10,7,9,11,8,0,0,0,9,2,6,4,7,6,8,5,5,9,6,9,7,3,6,3,8,7,9,3,2,11,7,5,8,0,2,2,10,2,8,9,6,9,9,10,6,2,2,3,2,3,8,8,10,8,11,0,2,11,2,2,8,8,6,11,7,11,6,6,7,11,11,4,0,4,6,7,8,2,7,0,4,5,2,8,5,7,6,11,8,2,4,0,4,2,2,5,5,10,7,11,9,6,5
3,9,9,9,9,10,0,5,2,4,0,8,8,11,7,5,0,5,0,2,8,10,7,7,11,6,8,3,3,5,6,6,3,3,7,7,9,3,11,10,5,5,10,3,6,4,6,11,8,10,0,9,2,2,2,10,3,7,5,8,7,9,6,6,10,7,10,8,4,7,4,9,8,10,4,3,0,8,6,9,2,3,3,11,3,9,10,7,10,10,11,7,3,3,4,3,4,9,9,11,9,0,2,3,0,3,3,9,9,7,0,8,0,7,7,8,0,0,5,2,5,7,8,9,3,8,2,5,6,3,9,6,8,7,0,9,3,5,2,5,3,3,6,6,11,8,0,10,7,6
4,10,10,10,10,11,2,6,3,5,2,9,9,0,8,6,2,6,2,3,9,11,8,8,0,7,9,4,4,6,7,7,4,4,8,8,10,4,0,11,6,6,11,4,7,5,7,0,9,11,2,10,3,3,3,11,4,8,6,9,8,10,7,7,11,8,11,9,5,8,5,10,9,11,5,4,2,9,7,10,3,4,4,0,4,10,11,8,11,11,0,8,4,4,5,4,5,10,10,0,10,2,3,4,2,4,4,10,10,8,2,9,2,8,8,9,2,2,6,3,6,8,9,10,4,9,3,6,7,4,10,7,9,8,2,10,4,6,3,6,4,4,7,7,0,9,2,11,8,7
5,11,11,11,11,0,3,7,4,6,3,10,10,2,9,7,3,7,3,4,10,0,9,9,2,8,10,5,5,7,8,8,5,5,9,9,11,5,2,0,7,7,0,5,8,6,8,2,10,0,3,11,4,4,4,0,5,9,7,10,9,11,8,8,0,9,0,10,6,9,6,11,10,0,6,5,3,10,8,11,4,5,5,2,5,11,0,9,0,0,2,9,5,5,6,5,6,11,11,2,11,3,4,5,3,5,5,11,11,9,3,10,3,9,9,10,3,3,7,4,7,9,10,11,5,10,4,7,8,5,11,8,10,9,3,11,5,7,4,7,5,5,8,8,2,10,3,0,9,8
6,0,0,0,0,2,4,8,5,7,4,11,11,3,10,8,4,8,4,5,11,2,10,10,3,9,11,6,6,8,9,9,6,6,10,10,0,6,3,2,8,8,2,6,9,7,9,3,11,2,4,0,5,5,5,2,6,10,8,11,10,0,9,9,2,10,2,11,7,10,7,0,11,2,7,6,4,11,9,0,5,6,6,3,6,0,2,10,2,2,3,10,6,6,7,6,7,0,0,3,0,4,5,6,4,6,6,0,0,10,4,11,4,10,10,11,4,4,8,5,8,10,11,0,6,11,5,8,9,6,0,9,11,10,4,0,6,8,5,8,6,6,9,9,3,11,4,2,10,9
7,2,2,2,2,3,5,9,6,8,5,0,0,4,11,9,5,9,5,6,0,3,11,11,4,10,0,7,7,9,10,10,7,7,11,11,2,7,4,3,9,9,3,7,10,8,10,4,0,3,5,2,6,6,6,3,7,11,9,0,11,2,10,10,3,11,3,0,8,11,8,2,0,3,8,7,5,0,10,2,6,7,7,4,7,2,3,11,3,3,4,11,7,7,8,7,8,2,2,4,2,5,6,7,5,7,7,2,2,11,5,0,5,11,11,0,5,5,9,6,9,11,0,2,7,0,6,9,10,7,2,10,0,11,5,2,7,9,6,9,7,7,10,10,4,0,5,3,11,10
8,3,3,3,3,4,6,10,7,9,6,2,2,5,0,10,6,10,6,7,2,4,0,0,5,11,2,8,8,10,11,11,8,8,0,0,3,8,5,4,10,10,4,8,11,9,11,5,2,4,6,3,7,7,7,4,8,0,10,2,0,3,11,11,4,0,4,2,9,0,9,3,2,4,9,8,6,2,11,3,7,8,8,5,8,3,4,0,4,4,5,0,8,8,9,8,9,3,3,5,3,6,7,8,6,8,8,3,3,0,6,2,6,0,0,2,6,6,10,7,10,0,2,3,8,2,7,10,11,8,3,11,2,0,6,3,8,10,7,10,8,8,11,11,5,2,6,4,0,11
9,4,4,4,4,5,7,11,8,10,7,3,3,6,2,11,7,11,7,8,3,5,2,2,6,0,3,9,9,11,0,0,9,9,2,2,4,9,6,5,11,11,5,9,0,10,0,6,3,5,7,4,8,8,8,5,9,2,11,3,2,4,0,0,5,2,5,3,10,2,10,4,3,5,10,9,7,3,0,4,8,9,9,6,9,4,5,2,5,5,6,2,9,9,10,9,10,4,4,6,4,7,8,9,7,9,9,4,4,2,7,3,7,2,2,3,7,7,11,8,11,2,3,4,9,3,8,11,0,9,4,0,3,2,7,4,9,11,8,11,9,9,0,0,6,3,7,5,2,0
10,5,5,5,5,6,8,0,9,11,8,4,4,7,3,0,8,0,8,9,4,6,3,3,7,2,4,10,10,0,2,2,10,10,3,3,5,10,7,6,0,0,6,10,2,11,2,7,4,6,8,5,9,9,9,6,10,3,0,4,3,5,2,2,6,3,6,4,11,3,11,5,4,6,11,10,8,4,2,5,9,10,10,7,10,5,6,3,6,6,7,3,10,10,11,10,11,5,5,7,5,8,9,10,8,10,10,5,5,3,8,4,8,3,3,4,8,8,0,9,0,3,4,5,10,4,9,0,2,10,5,2,4,3,8,5,10,0,9,0,10,10,2,2,7,4,8,6,3,2
11,6,6,6,6,7,9,2,10,0,9,5,5,8,4,2,9,2,9,10,5,7,4,4,8,3,5,11,11,2,3,3,11,11,4,4,6,11,8,7,2,2,7,11,3,0,3,8,5,7,9,6,10,10,10,7,11,4,2,5,4,6,3,3,7,4,7,5,0,4,0,6,5,7,0,11,9,5,3,6,10,11,11,8,11,6,7,4,7,7,8,4,11,11,0,11,0,6,6,8,6,9,10,11,9,11,11,6,6,4,9,5,9,4,4,5,9,9,2,10,2,4,5,6,11,5,10,2,3,11,6,3,5,4,9,6,11,2,10,2,11,11,3,3,8,5,9,7,4,3
0,7,7,7,7,8,10,3,11,2,10,6,6,9,5,3,10,3,10,11,6,8,5,5,9,4,6,0,0,3,4,4,0,0,5,5,7,0,9,8,3,3,8,0,4,2,4,9,6,8,10,7,11,11,11,8,0,5,3,6,5,7,4,4,8,5,8,6,2,5,2,7,6,8,2,0,10,6,4,7,11,0,0,9,0,7,8,5,8,8,9,5,0,0,2,0,2,7,7,9,7,10,11,0,10,0,0,7,7,5,10,6,10,5,5,6,10,10,3,11,3,5,6,7,0,6,11,3,4,0,7,4,6,5,10,7,0,3,11,3,0,0,4,4,9,6,10,8,5,4
2,8,8,8,8,9,11,4,0,3,11,7,7,10,6,4,11,4,11,0,7,9,6,6,10,5,7,2,2,4,5,5,2,2,6,6,8,2,10,9,4,4,9,2,5,3,5,10,7,9,11,8,0,0,0,9,2,6,4,7,6,8,5,5,9,6,9,7,3,6,3,8,7,9,3,2,11,7,5,8,0,2,2,10,2,8,9,6,9,9,10,6,2,2,3,2,3,8,8,10,8,11,0,2,11,2,2,8,8,6,11,7,11,6,6,7,11,11,4,0,4,6,7,8,2,7,0,4,5,2,8,5,7,6,11,8,2,4,0,4,2,2,5,5,10,7,11,9,6,5
3,9,9,9,9,10,0,5,2,4,0,8,8,11,7,5,0,5,0,2,8,10,7,7,11,6,8,3,3,5,6,6,3,3,7,7,9,3,11,10,5,5,10,3,6,4,6,11,8,10,0,9,2,2,2,10,3,7,5,8,7,9,6,6,10,7,10,8,4,7,4,9,8,10,4,3,0,8,6,9,2,3,3,11,3,9,10,7,10,10,11,7,3,3,4,3,4,9,9,11,9,0,2,3,0,3,3,9,9,7,0,8,0,7,7,8,0,0,5,2,5,7,8,9,3,8,2,5,6,3,9,6,8,7,0,9,3,5,2,5,3,3,6,6,11,8,0,10,7,6
4,10,10,10,10,11,2,6,3,5,2,9,9,0,8,6,2,6,2,3,9,11,8,8,0,7,9,4,4,6,7,7,4,4,8,8,10,4,0,11,6,6,11,4,7,5,7,0,9,11,2,10,3,3,3,11,4,8,6,9,8,10,7,7,11,8,11,9,5,8,5,10,9,11,5,4,2,9,7,10,3,4,4,0,4,10,11,8,11,11,0,8,4,4,5,4,5,10,10,0,10,2,3,4,2,4,4,10,10,8,2,9,2,8,8,9,2,2,6,3,6,8,9,10,4,9,3,6,7,4,10,7,9,8,2,10,4,6,3,6,4,4,7,7,0,9,2,11,8,7
5,11,11,11,11,0,3,7,4,6,3,10,10,2,9,7,3,7,3,4,10,0,9,9,2,8,10,5,5,7,8,8,5,5,9,9,11,5,2,0,7,7,0,5,8,6,8,2,10,0,3,11,4,4,4,0,5,9,7,10,9,11,8,8,0,9,0,10,6,9,6,11,10,0,6,5,3,10,8,11,4,5,5,2,5,11,0,9,0,0,2,9,5,5,6,5,6,11,11,2,11,3,4,5,3,5,5,11,11,9,3,10,3,9,9,10,3,3,7,4,7,9,10,11,5,10,4,7,8,5,11,8,10,9,3,11,5,7,4,7,5,5,8,8,2,10,3,0,9,8
6,0,0,0,0,2,4,8,5,7,4,11,11,3,10,8,4,8,4,5,11,2,10,10,3,9,11,6,6,8,9,9,6,6,10,10,0,6,3,2,8,8,2,6,9,7,9,3,11,2,4,0,5,5,5,2,6,10,8,11,10,0,9,9,2,10,2,11,7,10,7,0,11,2,7,6,4,11,9,0,5,6,6,3,6,0,2,10,2,2,3,10,6,6,7,6,7,0,0,3,0,4,5,6,4,6,6,0,0,10,4,11,4,10,10,11,4,4,8,5,8,10,11,0,6,11,5,8,9,6,0,9,11,10,4,0,6,8,5,8,6,6,9,9,3,11,4,2,10,9
7,2,2,2,2,3,5,9,6,8,5,0,0,4,11,9,5,9,5,6,0,3,11,11,4,10,0,7,7,9,10,10,7,7,11,11,2,7,4,3,9,9,3,7,10,8,10,4,0,3,5,2,6,6,6,3,7,11,9,0,11,2,10,10,3,11,3,0,8,11,8,2,0,3,8,7,5,0,10,2,6,7,7,4,7,2,3,11,3,3,4,11,7,7,8,7,8,2,2,4,2,5,6,7,5,7,7,2,2,11,5,0,5,11,11,0,5,5,9,6,9,11,0,2,7,0,6,9,10,7,2,10,0,11,5,2,7,9,6,9,7,7,10,10,4,0,5,3,11,10
8,3,3,3,3,4,6,10,7,9,6,2,2,5,0,10,6,10,6,7,2,4,0,0,5,11,2,8,8,10,11,11,8,8,0,0,3,8,5,4,10,10,4,8,11,9,11,5,2,4,6,3,7,7,7,4,8,0,10,2,0,3,11,11,4,0,4,2,9,0,9,3,2,4,9,8,6,2,11,3,7,8,8,5,8,3,4,0,4,4,5,0,8,8,9,8,9,3,3,5,3,6,7,8,6,8,8,3,3,0,6,2,6,0,0,2,6,6,10,7,10,0,2,3,8,2,7,10,11,8,3,11,2,0,6,3,8,10,7,10,8,8,11,11,5,2,6,4,0,11
9,4,4,4,4,5,7,11,8,10,7,3,3,6,2,11,7,11,7,8,3,5,2,2,6,0,3,9,9,11,0,0,9,9,2,2,4,9,6,5,11,11,5,9,0,10,0,6,3,5,7,4,8,8,8,5,9,2,11,3,2,4,0,0,5,2,5,3,10,2,10,4,3,5,10,9,7,3,0,4,8,9,9,6,9,4,5,2,5,5,6,2,9,9,10,9,10,4,4,6,4,7,8,9,7,9,9,4,4,2,7,3,7,2,2,3,7,7,11,8,11,2,3,4,9,3,8,11,0,9,4,0,3,2,7,4,9,11,8,11,9,9,0,0,6,3,7,5,2,0
10,5,5,5,5,6,8,0,9,11,8,4,4,7,3,0,8,0,8,9,4,6,3,3,7,2,4,10,10,0,2,2,10,10,3,3,5,10,7,6,0,0,6,10,2,11,2,7,4,6,8,5,9,9,9,6,10,3,0,4,3,5,2,2,6,3,6,4,11,3,11,5,4,6,11,10,8,4,2,5,9,10,10,7,10,5,6,3,6,6,7,3,10,10,11,10,11,5,5,7,5,8,9,10,8,10,10,5,5,3,8,4,8,3,3,4,8,8,0,9,0,3,4,5,10,4,9,0,2,10,5,2,4,3,8,5,10,0,9,0,10,10,2,2,7,4,8,6,3,2
11,6,6,6,6,7,9,2,10,0,9,5,5,8,4,2,9,2,9,10,5,7,4,4,8,3,5,11,11,2,3,3,11,11,4,4,6,11,8,7,2,2,7,11,3,0,3,8,5,7,9,6,10,10,10,7,11,4,2,5,4,6,3,3,7,4,7,5,0,4,0,6,5,7,0,11,9,5,3,6,10,11,11,8,11,6,7,4,7,7,8,4,11,11,0,11,0,6,6,8,6,9,10,11,9,11,11,6,6,4,9,5,9,4,4,5,9,9,2,10,2,4,5,6,11,5,10,2,3,11,6,3,5,4,9,6,11,2,10,2,11,11,3,3,8,5,9,7,4,3
0,7,7,7,7,8,10,3,11,2,10,6,6,9,5,3,10,3,10,11,6,8,5,5,9,4,6,0,0,3,4,4,0,0,5,5,7,0,9,8,3,3,8,0,4,2,4,9,6,8,10,7,11,11,11,8,0,5,3,6,5,7,4,4,8,5,8,6,2,5,2,7,6,8,2,0,10,6,4,7,11,0,0,9,0,7,8,5,8,8,9,5,0,0,2,0,2,7,7,9,7,10,11,0,10,0,0,7,7,5,10,6,10,5,5,6,10,10,3,11,3,5,6,7,0,6,11,3,4,0,7,4,6,5,10,7,0,3,11,3,0,0,4,4,9,6,10,8,5,4
2,8,8,8,8,9,11,4,0,3,11,7,7,10,6,4,11,4,11,0,7,9,6,6,10,5,7,2,2,4,5,5,2,2,6,6,8,2,10,9,4,4,9,2,5,3,5,10,7,9,11,8,0,0,0,9,2,6,4,7,6,8,5,5,9,6,9,7,3,6,3,8,7,9,3,2,11,7,5,8,0,2,2,10,2,8,9,6,9,9,10,6,2,2,3,2,3,8,8,10,8,11,0,2,11,2,2,8,8,6,11,7,11,6,6,7,11,11,4,0,4,6,7,8,2,7,0,4,5,2,8,5,7,6,11,8,2,4,0,4,2,2,5,5,10,7,11,9,6,5
3,9,9,9,9,10,0,5,2,4,0,8,8,11,7,5,0,5,0,2,8,10,7,7,11,6,8,3,3,5,6,6,3,3,7,7,9,3,11,10,5,5,10,3,6,4,6,11,8,10,0,9,2,2,2,10,3,7,5,8,7,9,6,6,10,7,10,8,4,7,4,9,8,10,4,3,0,8,6,9,2,3,3,11,3,9,10,7,10,10,11,7,3,3,4,3,4,9,9,11,9,0,2,3,0,3,3,9,9,7,0,8,0,7,7,8,0,0,5,2,5,7,8,9,3,8,2,5,6,3,9,6,8,7,0,9,3,5,2,5,3,3,6,6,11,8,0,10,7,6
4,10,10,10,10,11,2,6,3,5,2,9,9,0,8,6,2,6,2,3,9,11,8,8,0,7,9,4,4,6,7,7,4,4,8,8,10,4,0,11,6,6,11,4,7,5,7,0,9,11,2,10,3,3,3,11,4,8,6,9,8,10,7,7,11,8,11,9,5,8,5,10,9,11,5,4,2,9,7,10,3,4,4,0,4,10,11,8,11,11,0,8,4,4,5,4,5,10,10,0,10,2,3,4,2,4,4,10,10,8,2,9,2,8,8,9,2,2,6,3,6,8,9,10,4,9,3,6,7,4,10,7,9,8,2,10,4,6,3,6,4,4,7,7,0,9,2,11,8,7
5,11,11,11,11,0,3,7,4,6,3,10,10,2,9,7,3,7,3,4,10,0,9,9,2,8,10,5,5,7,8,8,5,5,9,9,11,5,2,0,7,7,0,5,8,6,8,2,10,0,3,11,4,4,4,0,5,9,7,10,9,11,8,8,0,9,0,10,6,9,6,11,10,0,6,5,3,10,8,11,4,5,5,2,5,11,0,9,0,0,2,9,5,5,6,5,6,11,11,2,11,3,4,5,3,5,5,11,11,9,3,10,3,9,9,10,3,3,7,4,7,9,10,11,5,10,4,7,8,5,11,8,10,9,3,11,5,7,4,7,5,5,8,8,2,10,3,0,9,8
6,0,0,0,0,2,4,8,5,7,4,11,11,3,10,8,4,8,4,5,11,2,10,10,3,9,11,6,6,8,9,9,6,6,10,10,0,6,3,2,8,8,2,6,9,7,9,3,11,2,4,0,5,5,5,2,6,10,8,11,10,0,9,9,2,10,2,11,7,10,7,0,11,2,7,6,4,11,9,0,5,6,6,3,6,0,2,10,2,2,3,10,6,6,7,6,7,0,0,3,0,4,5,6,4,6,6,0,0,10,4,11,4,10,10,11,4,4,8,5,8,10,11,0,6,11,5,8,9,6,0,9,11,10,4,0,6,8,5,8,6,6,9,9,3,11,4,2,10,9
7,2,2,2,2,3,5,9,6,8,5,0,0,4,11,9,5,9,5,6,0,3,11,11,4,10,0,7,7,9,10,10,7,7,11,11,2,7,4,3,9,9,3,7,10,8,10,4,0,3,5,2,6,6,6,3,7,11,9,0,11,2,10,10,3,11,3,0,8,11,8,2,0,3,8,7,5,0,10,2,6,7,7,4,7,2,3,11,3,3,4,11,7,7,8,7,8,2,2,4,2,5,6,7,5,7,7,2,2,11,5,0,5,11,11,0,5,5,9,6,9,11,0,2,7,0,6,9,10,7,2,10,0,11,5,2,7,9,6,9,7,7,10,10,4,0,5,3,11,10
8,3,3,3,3,4,6,10,7,9,6,2,2,5,0,10,6,10,6,7,2,4,0,0,5,11,2,8,8,10,11,11,8,8,0,0,3,8,5,4,10,10,4,8,11,9,11,5,2,4,6,3,7,7,7,4,8,0,10,2,0,3,11,11,4,0,4,2,9,0,9,3,2,4,9,8,6,2,11,3,7,8,8,5,8,3,4,0,4,4,5,0,8,8,9,8,9,3,3,5,3,6,7,8,6,8,8,3,3,0,6,2,6,0,0,2,6,6,10,7,10,0,2,3,8,2,7,10,11,8,3,11,2,0,6,3,8,10,7,10,8,8,11,11,5,2,6,4,0,11
9,4,4,4,4,5,7,11,8,10,7,3,3,6,2,11,7,11,7,8,3,5,2,2,6,0,3,9,9,11,0,0,9,9,2,2,4,9,6,5,11,11,5,9,0,10,0,6,3,5,7,4,8,8,8,5,9,2,11,3,2,4,0,0,5,2,5,3,10,2,10,4,3,5,10,9,7,3,0,4,8,9,9,6,9,4,5,2,5,5,6,2,9,9,10,9,10,4,4,6,4,7,8,9,7,9,9,4,4,2,7,3,7,2,2,3,7,7,11,8,11,2,3,4,9,3,8,11,0,9,4,0,3,2,7,4,9,11,8,11,9,9,0,0,6,3,7,5,2,0
10,5,5,5,5,6,8,0,9,11,8,4,4,7,3,0,8,0,8,9,4,6,3,3,7,2,4,10,10,0,2,2,10,10,3,3,5,10,7,6,0,0,6,10,2,11,2,7,4,6,8,5,9,9,9,6,10,3,0,4,3,5,2,2,6,3,6,4,11,3,11,5,4,6,11,10,8,4,2,5,9,10,10,7,10,5,6,3,6,6,7,3,10,10,11,10,11,5,5,7,5,8,9,10,8,10,10,5,5,3,8,4,8,3,3,4,8,8,0,9,0,3,4,5,10,4,9,0,2,10,5,2,4,3,8,5,10,0,9,0,10,10,2,2,7,4,8,6,3,2
11,6,6,6,6,7,9,2,10,0,9,5,5,8,4,2,9,2,9,10,5,7,4,4,8,3,5,11,11,2,3,3,11,11,4,4,6,11,8,7,2,2,7,11,3,0,3,8,5,7,9,6,10,10,10,7,11,4,2,5,4,6,3,3,7,4,7,5,0,4,0,6,5,7,0,11,9,5,3,6,10,11,11,8,11,6,7,4,7,7,8,4,11,11,0,11,0,6,6,8,6,9,10,11,9,11,11,6,6,4,9,5,9,4,4,5,9,9,2,10,2,4,5,6,11,5,10,2,3,11,6,3,5,4,9,6,11,2,10,2,11,11,3,3,8,5,9,7,4,3
0,7,7,7,7,8,10,3,11,2,10,6,6,9,5,3,10,3,10,11,6,8,5,5,9,4,6,0,0,3,4,4,0,0,5,5,7,0,9,8,3,3,8,0,4,2,4,9,6,8,10,7,11,11,11,8,0,5,3,6,5,7,4,4,8,5,8,6,2,5,2,7,6,8,2,0,10,6,4,7,11,0,0,9,0,7,8,5,8,8,9,5,0,0,2,0,2,7,7,9,7,10,11,0,10,0,0,7,7,5,10,6,10,5,5,6,10,10,3,11,3,5,6,7,0,6,11,3,4,0,7,4,6,5,10,7,0,3,11,3,0,0,4,4,9,6,10,8,5,4
2,8,8,8,8,9,11,4,0,3,11,7,7,10,6,4,11,4,11,0,7,9,6,6,10,5,7,2,2,4,5,5,2,2,6,6,8,2,10,9,4,4,9,2,5,3,5,10,7,9,11,8,0,0,0,9,2,6,4,7,6,8,5,5,9,6,9,7,3,6,3,8,7,9,3,2,11,7,5,8,0,2,2,10,2,8,9,6,9,9,10,6,2,2,3,2,3,8,8,10,8,11,0,2,11,2,2,8,8,6,11,7,11,6,6,7,11,11,4,0,4,6,7,8,2,7,0,4,5,2,8,5,7,6,11,8,2,4,0,4,2,2,5,5,10,7,11,9,6,5
3,9,9,9,9,10,0,5,2,4,0,8,8,11,7,5,0,5,0,2,8,10,7,7,11,6,8,3,3,5,6,6,3,3,7,7,9,3,11,10,5,5,10,3,6,4,6,11,8,10,0,9,2,2,2,10,3,7,5,8,7,9,6,6,10,7,10,8,4,7,4,9,8,10,4,3,0,8,6,9,2,3,3,11,3,9,10,7,10,10,11,7,3,3,4,3,4,9,9,11,9,0,2,3,0,3,3,9,9,7,0,8,0,7,7,8,0,0,5,2,5,7,8,9,3,8,2,5,6,3,9,6,8,7,0,9,3,5,2,5,3,3,6,6,11,8,0,10,7,6
4,10,10,10,10,11,2,6,3,5,2,9,9,0,8,6,2,6,2,3,9,11,8,8,0,7,9,4,4,6,7,7,4,4,8,8,10,4,0,11,6,6,11,4,7,5,7,0,9,11,2,10,3,3,3,11,4,8,6,9,8,10,7,7,11,8,11,9,5,8,5,10,9,11,5,4,2,9,7,10,3,4,4,0,4,10,11,8,11,11,0,8,4,4,5,4,5,10,10,0,10,2,3,4,2,4,4,10,10,8,2,9,2,8,8,9,2,2,6,3,6,8,9,10,4,9,3,6,7,4,10,7,9,8,2,10,4,6,3,6,4,4,7,7,0,9,2,11,8,7
5,11,11,11,11,0,3,7,4,6,3,10,10,2,9,7,3,7,3,4,10,0,9,9,2,8,10,5,5,7,8,8,5,5,9,9,11,5,2,0,7,7,0,5,8,6,8,2,10,0,3,11,4,4,4,0,5,9,7,10,9,11,8,8,0,9,0,10,6,9,6,11,10,0,6,5,3,10,8,11,4,5,5,2,5,11,0,9,0,0,2,9,5,5,6,5,6,11,11,2,11,3,4,5,3,5,5,11,11,9,3,10,3,9,9,10,3,3,7,4,7,9,10,11,5,10,4,7,8,5,11,8,10,9,3,11,5,7,4,7,5,5,8,8,2,10,3,0,9,8
6,0,0,0,0,2,4,8,5,7,4,11,11,3,10,8,4,8,4,5,11,2,10,10,3,9,11,6,6,8,9,9,6,6,10,10,0,6,3,2,8,8,2,6,9,7,9,3,11,2,4,0,5,5,5,2,6,10,8,11,10,0,9,9,2,10,2,11,7,10,7,0,11,2,7,6,4,11,9,0,5,6,6,3,6,0,2,10,2,2,3,10,6,6,7,6,7,0,0,3,0,4,5,6,4,6,6,0,0,10,4,11,4,10,10,11,4,4,8,5,8,10,11,0,6,11,5,8,9,6,0,9,11,10,4,0,6,8,5,8,6,6,9,9,3,11,4,2,10,9
7,2,2,2,2,3,5,9,6,8,5,0,0,4,11,9,5,9,5,6,0,3,11,11,4,10,0,7,7,9,10,10,7,7,11,11,2,7,4,3,9,9,3,7,10,8,10,4,0,3,5,2,6,6,6,3,7,11,9,0,11,2,10,10,3,11,3,0,8,11,8,2,0,3,8,7,5,0,10,2,6,7,7,4,7,2,3,11,3,3,4,11,7,7,8,7,8,2,2,4,2,5,6,7,5,7,7,2,2,11,5,0,5,11,11,0,5,5,9,6,9,11,0,2,7,0,6,9,10,7,2,10,0,11,5,2,7,9,6,9,7,7,10,10,4,0,5,3,11,10
8,3,3,3,3,4,6,10,7,9,6,2,2,5,0,10,6,10,6,7,2,4,0,0,5,11,2,8,8,10,11,11,8,8,0,0,3,8,5,4,10,10,4,8,11,9,11,5,2,4,6,3,7,7,7,4,8,0,10,2,0,3,11,11,4,0,4,2,9,0,9,3,2,4,9,8,6,2,11,3,7,8,8,5,8,3,4,0,4,4,5,0,8,8,9,8,9,3,3,5,3,6,7,8,6,8,8,3,3,0,6,2,6,0,0,2,6,6,10,7,10,0,2,3,8,2,7,10,11,8,3,11,2,0,6,3,8,10,7,10,8,8,11,11,5,2,6,4,0,11
9,4,4,4,4,5,7,11,8,10,7,3,3,6,2,11,7,11,7,8,3,5,2,2,6,0,3,9,9,11,0,0,9,9,2,2,4,9,6,5,11,11,5,9,0,10,0,6,3,5,7,4,8,8,8,5,9,2,11,3,2,4,0,0,5,2,5,3,10,2,10,4,3,5,10,9,7,3,0,4,8,9,9,6,9,4,5,2,5,5,6,2,9,9,10,9,10,4,4,6,4,7,8,9,7,9,9,4,4,2,7,3,7,2,2,3,7,7,11,8,11,2,3,4,9,3,8,11,0,9,4,0,3,2,7,4,9,11,8,11,9,9,0,0,6,3,7,5,2,0
10,5,5,5,5,6,8,0,9,11,8,4,4,7,3,0,8,0,8,9,4,6,3,3,7,2,4,10,10,0,2,2,10,10,3,3,5,10,7,6,0,0,6,10,2,11,2,7,4,6,8,5,9,9,9,6,10,3,0,4,3,5,2,2,6,3,6,4,11,3,11,5,4,6,11,10,8,4,2,5,9,10,10,7,10,5,6,3,6,6,7,3,10,10,11,10,11,5,5,7,5,8,9,10,8,10,10,5,5,3,8,4,8,3,3,4,8,8,0,9,0,3,4,5,10,4,9,0,2,10,5,2,4,3,8,5,10,0,9,0,10,10,2,2,7,4,8,6,3,2
11,6,6,6,6,7,9,2,10,0,9,5,5,8,4,2,9,2,9,10,5,7,4,4,8,3,5,11,11,2,3,3,11,11,4,4,6,11,8,7,2,2,7,11,3,0,3,8,5,7,9,6,10,10,10,7,11,4,2,5,4,6,3,3,7,4,7,5,0,4,0,6,5,7,0,11,9,5,3,6,10,11,11,8,11,6,7,4,7,7,8,4,11,11,0,11,0,6,6,8,6,9,10,11,9,11,11,6,6,4,9,5,9,4,4,5,9,9,2,10,2,4,5,6,11,5,10,2,3,11,6,3,5,4,9,6,11,2,10,2,11,11,3,3,8,5,9,7,4,3
0,7,7,7,7,8,10,3,11,2,10,6,6,9,5,3,10,3,10,11,6,8,5,5,9,4,6,0,0,3,4,4,0,0,5,5,7,0,9,8,3,3,8,0,4,2,4,9,6,8,10,7,11,11,11,8,0,5,3,6,5,7,4,4,8,5,8,6,2,5,2,7,6,8,2,0,10,6,4,7,11,0,0,9,0,7,8,5,8,8,9,5,0,0,2,0,2,7,7,9,7,10,11,0,10,0,0,7,7,5,10,6,10,5,5,6,10,10,3,11,3,5,6,7,0,6,11,3,4,0,7,4,6,5,10,7,0,3,11,3,0,0,4,4,9,6,10,8,5,4
2,8,8,8,8,9,11,4,0,3,11,7,7,10,6,4,11,4,11,0,7,9,6,6,10,5,7,2,2,4,5,5,2,2,6,6,8,2,10,9,4,4,9,2,5,3,5,10,7,9,11,8,0,0,0,9,2,6,4,7,6,8,5,5,9,6,9,7,3,6,3,8,7,9,3,2,11,7,5,8,0,2,2,10,2,8,9,6,9,9,10,6,2,2,3,2,3,8,8,10,8,11,0,2,11,2,2,8,8,6,11,7,11,6,6,7,11,11,4,0,4,6,7,8,2,7,0,4,5,2,8,5,7,6,11,8,2,4,0,4,2,2,5,5,10,7,11,9,6,5
3,9,9,9,9,10,0,5,2,4,0,8,8,11,7,5,0,5,0,2,8,10,7,7,11,6,8,3,3,5,6,6,3,3,7,7,9,3,11,10,5,5,10,3,6,4,6,11,8,10,0,9,2,2,2,10,3,7,5,8,7,9,6,6,10,7,10,8,4,7,4,9,8,10,4,3,0,8,6,9,2,3,3,11,3,9,10,7,10,10,11,7,3,3,4,3,4,9,9,11,9,0,2,3,0,3,3,9,9,7,0,8,0,7,7,8,0,0,5,2,5,7,8,9,3,8,2,5,6,3,9,6,8,7,0,9,3,5,2,5,3,3,6,6,11,8,0,10,7,6
4,10,10,10,10,11,2,6,3,5,2,9,9,0,8,6,2,6,2,3,9,11,8,8,0,7,9,4,4,6,7,7,4,4,8,8,10,4,0,11,6,6,11,4,7,5,7,0,9,11,2,10,3,3,3,11,4,8,6,9,8,10,7,7,11,8,11,9,5,8,5,10,9,11,5,4,2,9,7,10,3,4,4,0,4,10,11,8,11,11,0,8,4,4,5,4,5,10,10,0,10,2,3,4,2,4,4,10,10,8,2,9,2,8,8,9,2,2,6,3,6,8,9,10,4,9,3,6,7,4,10,7,9,8,2,10,4,6,3,6,4,4,7,7,0,9,2,11,8,7
5,11,11,11,11,0,3,7,4,6,3,10,10,2,9,7,3,7,3,4,10,0,9,9,2,8,10,5,5,7,8,8,5,5,9,9,11,5,2,0,7,7,0,5,8,6,8,2,10,0,3,11,4,4,4,0,5,9,7,10,9,11,8,8,0,9,0,10,6,9,6,11,10,0,6,5,3,10,8,11,4,5,5,2,5,11,0,9,0,0,2,9,5,5,6,5,6,11,11,2,11,3,4,5,3,5,5,11,11,9,3,10,3,9,9,10,3,3,7,4,7,9,10,11,5,10,4,7,8,5,11,8,10,9,3,11,5,7,4,7,5,5,8,8,2,10,3,0,9,8
6,0,0,0,0,2,4,8,5,7,4,11,11,3,10,8,4,8,4,5,11,2,10,10,3,9,11,6,6,8,9,9,6,6,10,10,0,6,3,2,8,8,2,6,9,7,9,3,11,2,4,0,5,5,5,2,6,10,8,11,10,0,9,9,2,10,2,11,7,10,7,0,11,2,7,6,4,11,9,0,5,6,6,3,6,0,2,10,2,2,3,10,6,6,7,6,7,0,0,3,0,4,5,6,4,6,6,0,0,10,4,11,4,10,10,11,4,4,8,5,8,10,11,0,6,11,5,8,9,6,0,9,11,10,4,0,6,8,5,8,6,6,9,9,3,11,4,2,10,9
7,2,2,2,2,3,5,9,6,8,5,0,0,4,11,9,5,9,5,6,0,3,11,11,4,10,0,7,7,9,10,10,7,7,11,11,2,7,4,3,9,9,3,7,10,8,10,4,0,3,5,2,6,6,6,3,7,11,9,0,11,2,10,10,3,11,3,0,8,11,8,2,0,3,8,7,5,0,10,2,6,7,7,4,7,2,3,11,3,3,4,11,7,7,8,7,8,2,2,4,2,5,6,7,5,7,7,2,2,11,5,0,5,11,11,0,5,5,9,6,9,11,0,2,7,0,6,9,10,7,2,10,0,11,5,2,7,9,6,9,7,7,10,10,4,0,5,3,11,10
8,3,3,3,3,4,6,10,7,9,6,2,2,5,0,10,6,10,6,7,2,4,0,0,5,11,2,8,8,10,11,11,8,8,0,0,3,8,5,4,10,10,4,8,11,9,11,5,2,4,6,3,7,7,7,4,8,0,10,2,0,3,11,11,4,0,4,2,9,0,9,3,2,4,9,8,6,2,11,3,7,8,8,5,8,3,4,0,4,4,5,0,8,8,9,8,9,3,3,5,3,6,7,8,6,8,8,3,3,0,6,2,6,0,0,2,6,6,10,7,10,0,2,3,8,2,7,10,11,8,3,11,2,0,6,3,8,10,7,10,8,8,11,11,5,2,6,4,0,11
9,4,4,4,4,5,7,11,8,10,7,3,3,6,2,11,7,11,7,8,3,5,2,2,6,0,3,9,9,11,0,0,9,9,2,2,4,9,6,5,11,11,5,9,0,10,0,6,3,5,7,4,8,8,8,5,9,2,11,3,2,4,0,0,5,2,5,3,10,2,10,4,3,5,10,9,7,3,0,4,8,9,9,6,9,4,5,2,5,5,6,2,9,9,10,9,10,4,4,6,4,7,8,9,7,9,9,4,4,2,7,3,7,2,2,3,7,7,11,8,11,2,3,4,9,3,8,11,0,9,4,0,3,2,7,4,9,11,8,11,9,9,0,0,6,3,7,5,2,0
10,5,5,5,5,6,8,0,9,11,8,4,4,7,3,0,8,0,8,9,4,6,3,3,7,2,4,10,10,0,2,2,10,10,3,3,5,10,7,6,0,0,6,10,2,11,2,7,4,6,8,5,9,9,9,6,10,3,0,4,3,5,2,2,6,3,6,4,11,3,11,5,4,6,11,10,8,4,2,5,9,10,10,7,10,5,6,3,6,6,7,3,10,10,11,10,11,5,5,7,5,8,9,10,8,10,10,5,5,3,8,4,8,3,3,4,8,8,0,9,0,3,4,5,10,4,9,0,2,10,5,2,4,3,8,5,10,0,9,0,10,10,2,2,7,4,8,6,3,2
11,6,6,6,6,7,9,2,10,0,9,5,5,8,4,2,9,2,9,10,5,7,4,4,8,3,5,11,11,2,3,3,11,11,4,4,6,11,8,7,2,2,7,11,3,0,3,8,5,7,9,6,10,10,10,7,11,4,2,5,4,6,3,3,7,4,7,5,0,4,0,6,5,7,0,11,9,5,3,6,10,11,11,8,11,6,7,4,7,7,8,4,11,11,0,11,0,6,6,8,6,9,10,11,9,11,11,6,6,4,9,5,9,4,4,5,9,9,2,10,2,4,5,6,11,5,10,2,3,11,6,3,5,4,9,6,11,2,10,2,11,11,3,3,8,5,9,7,4,3
0,7,7,7,7,8,10,3,11,2,10,6,6,9,5,3,10,3,10,11,6,8,5,5,9,4,6,0,0,3,4,4,0,0,5,5,7,0,9,8,3,3,8,0,4,2,4,9,6,8,10,7,11,11,11,8,0,5,3,6,5,7,4,4,8,5,8,6,2,5,2,7,6,8,2,0,10,6,4,7,11,0,0,9,0,7,8,5,8,8,9,5,0,0,2,0,2,7,7,9,7,10,11,0,10,0,0,7,7,5,10,6,10,5,5,6,10,10,3,11,3,5,6,7,0,6,11,3,4,0,7,4,6,5,10,7,0,3,11,3,0,0,4,4,9,6,10,8,5,4
2,8,8,8,8,9,11,4,0,3,11,7,7,10,6,4,11,4,11,0,7,9,6,6,10,5,7,2,2,4,5,5,2,2,6,6,8,2,10,9,4,4,9,2,5,3,5,10,7,9,11,8,0,0,0,9,2,6,4,7,6,8,5,5,9,6,9,7,3,6,3,8,7,9,3,2,11,7,5,8,0,2,2,10,2,8,9,6,9,9,10,6,2,2,3,2,3,8,8,10,8,11,0,2,11,2,2,8,8,6,11,7,11,6,6,7,11,11,4,0,4,6,7,8,2,7,0,4,5,2,8,5,7,6,11,8,2,4,0,4,2,2,5,5,10,7,11,9,6,5
3,9,9,9,9,10,0,5,2,4,0,8,8,11,7,5,0,5,0,2,8,10,7,7,11,6,8,3,3,5,6,6,3,3,7,7,9,3,11,10,5,5,10,3,6,4,6,11,8,10,0,9,2,2,2,10,3,7,5,8,7,9,6,6,10,7,10,8,4,7,4,9,8,10,4,3,0,8,6,9,2,3,3,11,3,9,10,7,10,10,11,7,3,3,4,3,4,9,9,11,9,0,2,3,0,3,3,9,9,7,0,8,0,7,7,8,0,0,5,2,5,7,8,9,3,8,2,5,6,3,9,6,8,7,0,9,3,5,2,5,3,3,6,6,11,8,0,10,7,6
4,10,10,10,10,11,2,6,3,5,2,9,9,0,8,6,2,6,2,3,9,11,8,8,0,7,9,4,4,6,7,7,4,4,8,8,10,4,0,11,6,6,11,4,7,5,7,0,9,11,2,10,3,3,3,11,4,8,6,9,8,10,7,7,11,8,11,9,5,8,5,10,9,11,5,4,2,9,7,10,3,4,4,0,4,10,11,8,11,11,0,8,4,4,5,4,5,10,10,0,10,2,3,4,2,4,4,10,10,8,2,9,2,8,8,9,2,2,6,3,6,8,9,10,4,9,3,6,7,4,10,7,9,8,2,10,4,6,3,6,4,4,7,7,0,9,2,11,8,7
5,11,11,11,11,0,3,7,4,6,3,10,10,2,9,7,3,7,3,4,10,0,9,9,2,8,10,5,5,7,8,8,5,5,9,9,11,5,2,0,7,7,0,5,8,6,8,2,10,0,3,11,4,4,4,0,5,9,7,10,9,11,8,8,0,9,0,10,6,9,6,11,10,0,6,5,3,10,8,11,4,5,5,2,5,11,0,9,0,0,2,9,5,5,6,5,6,11,11,2,11,3,4,5,3,5,5,11,11,9,3,10,3,9,9,10,3,3,7,4,7,9,10,11,5,10,4,7,8,5,11,8,10,9,3,11,5,7,4,7,5,5,8,8,2,10,3,0,9,8
6,0,0,0,0,2,4,8,5,7,4,11,11,3,10,8,4,8,4,5,11,2,10,10,3,9,11,6,6,8,9,9,6,6,10,10,0,6,3,2,8,8,2,6,9,7,9,3,11,2,4,0,5,5,5,2,6,10,8,11,10,0,9,9,2,10,2,11,7,10,7,0,11,2,7,6,4,11,9,0,5,6,6,3,6,0,2,10,2,2,3,10,6,6,7,6,7,0,0,3,0,4,5,6,4,6,6,0,0,10,4,11,4,10,10,11,4,4,8,5,8,10,11,0,6,11,5,8,9,6,0,9,11,10,4,0,6,8,5,8,6,6,9,9,3,11,4,2,10,9
7,2,2,2,2,3,5,9,6,8,5,0,0,4,11,9,5,9,5,6,0,3,11,11,4,10,0,7,7,9,10,10,7,7,11,11,2,7,4,3,9,9,3,7,10,8,10,4,0,3,5,2,6,6,6,3,7,11,9,0,11,2,10,10,3,11,3,0,8,11,8,2,0,3,8,7,5,0,10,2,6,7,7,4,7,2,3,11,3,3,4,11,7,7,8,7,8,2,2,4,2,5,6,7,5,7,7,2,2,11,5,0,5,11,11,0,5,5,9,6,9,11,0,2,7,0,6,9,10,7,2,10,0,11,5,2,7,9,6,9,7,7,10,10,4,0,5,3,11,10
8,3,3,3,3,4,6,10,7,9,6,2,2,5,0,10,6,10,6,7,2,4,0,0,5,11,2,8,8,10,11,11,8,8,0,0,3,8,5,4,10,10,4,8,11,9,11,5,2,4,6,3,7,7,7,4,8,0,10,2,0,3,11,11,4,0,4,2,9,0,9,3,2,4,9,8,6,2,11,3,7,8,8,5,8,3,4,0,4,4,5,0,8,8,9,8,9,3,3,5,3,6,7,8,6,8,8,3,3,0,6,2,6,0,0,2,6,6,10,7,10,0,2,3,8,2,7,10,11,8,3,11,2,0,6,3,8,10,7,10,8,8,11,11,5,2,6,4,0,11
9,4,4,4,4,5,7,11,8,10,7,3,3,6,2,11,7,11,7,8,3,5,2,2,6,0,3,9,9,11,0,0,9,9,2,2,4,9,6,5,11,11,5,9,0,10,0,6,3,5,7,4,8,8,8,5,9,2,11,3,2,4,0,0,5,2,5,3,10,2,10,4,3,5,10,9,7,3,0,4,8,9,9,6,9,4,5,2,5,5,6,2,9,9,10,9,10,4,4,6,4,7,8,9,7,9,9,4,4,2,7,3,7,2,2,3,7,7,11,8,11,2,3,4,9,3,8,11,0,9,4,0,3,2,7,4,9,11,8,11,9,9,0,0,6,3,7,5,2,0
10,5,5,5,5,6,8,0,9,11,8,4,4,7,3,0,8,0,8,9,4,6,3,3,7,2,4,10,10,0,2,2,10,10,3,3,5,10,7,6,0,0,6,10,2,11,2,7,4,6,8,5,9,9,9,6,10,3,0,4,3,5,2,2,6,3,6,4,11,3,11,5,4,6,11,10,8,4,2,5,9,10,10,7,10,5,6,3,6,6,7,3,10,10,11,10,11,5,5,7,5,8,9,10,8,10,10,5,5,3,8,4,8,3,3,4,8,8,0,9,0,3,4,5,10,4,9,0,2,10,5,2,4,3,8,5,10,0,9,0,10,10,2,2,7,4,8,6,3,2
11,6,6,6,6,7,9,2,10,0,9,5,5,8,4,2,9,2,9,10,5,7,4,4,8,3,5,11,11,2,3,3,11,11,4,4,6,11,8,7,2,2,7,11,3,0,3,8,5,7,9,6,10,10,10,7,11,4,2,5,4,6,3,3,7,4,7,5,0,4,0,6,5,7,0,11,9,5,3,6,10,11,11,8,11,6,7,4,7,7,8,4,11,11,0,11,0,6,6,8,6,9,10,11,9,11,11,6,6,4,9,5,9,4,4,5,9,9,2,10,2,4,5,6,11,5,10,2,3,11,6,3,5,4,9,6,11,2,10,2,11,11,3,3,8,5,9,7,4,3
0,7,7,7,7,8,10,3,11,2,10,6,6,9,5,3,10,3,10,11,6,8,5,5,9,4,6,0,0,3,4,4,0,0,5,5,7,0,9,8,3,3,8,0,4,2,4,9,6,8,10,7,11,11,11,8,0,5,3,6,5,7,4,4,8,5,8,6,2,5,2,7,6,8,2,0,10,6,4,7,11,0,0,9,0,7,8,5,8,8,9,5,0,0,2,0,2,7,7,9,7,10,11,0,10,0,0,7,7,5,10,6,10,5,5,6,10,10,3,11,3,5,6,7,0,6,11,3,4,0,7,4,6,5,10,7,0,3,11,3,0,0,4,4,9,6,10,8,5,4
2,8,8,8,8,9,11,4,0,3,11,7,7,10,6,4,11,4,11,0,7,9,6,6,10,5,7,2,2,4,5,5,2,2,6,6,8,2,10,9,4,4,9,2,5,3,5,10,7,9,11,8,0,0,0,9,2,6,4,7,6,8,5,5,9,6,9,7,3,6,3,8,7,9,3,2,11,7,5,8,0,2,2,10,2,8,9,6,9,9,10,6,2,2,3,2,3,8,8,10,8,11,0,2,11,2,2,8,8,6,11,7,11,6,6,7,11,11,4,0,4,6,7,8,2,7,0,4,5,2,8,5,7,6,11,8,2,4,0,4,2,2,5,5,10,7,11,9,6,5
3,9,9,9,9,10,0,5,2,4,0,8,8,11,7,5,0,5,0,2,8,10,7,7,11,6,8,3,3,5,6,6,3,3,7,7,9,3,11,10,5,5,10,3,6,4,6,11,8,10,0,9,2,2,2,10,3,7,5,8,7,9,6,6,10,7,10,8,4,7,4,9,8,10,4,3,0,8,6,9,2,3,3,11,3,9,10,7,10,10,11,7,3,3,4,3,4,9,9,11,9,0,2,3,0,3,3,9,9,7,0,8,0,7,7,8,0,0,5,2,5,7,8,9,3,8,2,5,6,3,9,6,8,7,0,9,3,5,2,5,3,3,6,6,11,8,0,10,7,6
4,10,10,10,10,11,2,6,3,5,2,9,9,0,8,6,2,6,2,3,9,11,8,8,0,7,9,4,4,6,7,7,4,4,8,8,10,4,0,11,6,6,11,4,7,5,7,0,9,11,2,10,3,3,3,11,4,8,6,9,8,10,7,7,11,8,11,9,5,8,5,10,9,11,5,4,2,9,7,10,3,4,4,0,4,10,11,8,11,11,0,8,4,4,5,4,5,10,10,0,10,2,3,4,2,4,4,10,10,8,2,9,2,8,8,9,2,2,6,3,6,8,9,10,4,9,3,6,7,4,10,7,9,8,2,10,4,6,3,6,4,4,7,7,0,9,2,11,8,7
5,11,11,11,11,0,3,7,4,6,3,10,10,2,9,7,3,7,3,4,10,0,9,9,2,8,10,5,5,7,8,8,5,5,9,9,11,5,2,0,7,7,0,5,8,6,8,2,10,0,3,11,4,4,4,0,5,9,7,10,9,11,8,8,0,9,0,10,6,9,6,11,10,0,6,5,3,10,8,11,4,5,5,2,5,11,0,9,0,0,2,9,5,5,6,5,6,11,11,2,11,3,4,5,3,5,5,11,11,9,3,10,3,9,9,10,3,3,7,4,7,9,10,11,5,10,4,7,8,5,11,8,10,9,3,11,5,7,4,7,5,5,8,8,2,10,3,0,9,8
6,0,0,0,0,2,4,8,5,7,4,11,11,3,10,8,4,8,4,5,11,2,10,10,3,9,11,6,6,8,9,9,6,6,10,10,0,6,3,2,8,8,2,6,9,7,9,3,11,2,4,0,5,5,5,2,6,10,8,11,10,0,9,9,2,10,2,11,7,10,7,0,11,2,7,6,4,11,9,0,5,6,6,3,6,0,2,10,2,2,3,10,6,6,7,6,7,0,0,3,0,4,5,6,4,6,6,0,0,10,4,11,4,10,10,11,4,4,8,5,8,10,11,0,6,11,5,8,9,6,0,9,11,10,4,0,6,8,5,8,6,6,9,9,3,11,4,2,10,9
7,2,2,2,2,3,5,9,6,8,5,0,0,4,11,9,5,9,5,6,0,3,11,11,4,10,0,7,7,9,10,10,7,7,11,11,2,7,4,3,9,9,3,7,10,8,10,4,0,3,5,2,6,6,6,3,7,11,9,0,11,2,10,10,3,11,3,0,8,11,8,2,0,3,8,7,5,0,10,2,6,7,7,4,7,2,3,11,3,3,4,11,7,7,8,7,8,2,2,4,2,5,6,7,5,7,7,2,2,11,5,0,5,11,11,0,5,5,9,6,9,11,0,2,7,0,6,9,10,7,2,10,0,11,5,2,7,9,6,9,7,7,10,10,4,0,5,3,11,10
8,3,3,3,3,4,6,10,7,9,6,2,2,5,0,10,6,10,6,7,2,4,0,0,5,11,2,8,8,10,11,11,8,8,0,0,3,8,5,4,10,10,4,8,11,9,11,5,2,4,6,3,7,7,7,4,8,0,10,2,0,3,11,11,4,0,4,2,9,0,9,3,2,4,9,8,6,2,11,3,7,8,8,5,8,3,4,0,4,4,5,0,8,8,9,8,9,3,3,5,3,6,7,8,6,8,8,3,3,0,6,2,6,0,0,2,6,6,10,7,10,0,2,3,8,2,7,10,11,8,3,11,2,0,6,3,8,10,7,10,8,8,11,11,5,2,6,4,0,11
9,4,4,4,4,5,7,11,8,10,7,3,3,6,2,11,7,11,7,8,3,5,2,2,6,0,3,9,9,11,0,0,9,9,2,2,4,9,6,5,11,11,5,9,0,10,0,6,3,5,7,4,8,8,8,5,9,2,11,3,2,4,0,0,5,2,5,3,10,2,10,4,3,5,10,9,7,3,0,4,8,9,9,6,9,4,5,2,5,5,6,2,9,9,10,9,10,4,4,6,4,7,8,9,7,9,9,4,4,2,7,3,7,2,2,3,7,7,11,8,11,2,3,4,9,3,8,11,0,9,4,0,3,2,7,4,9,11,8,11,9,9,0,0,6,3,7,5,2,0
10,5,5,5,5,6,8,0,9,11,8,4,4,7,3,0,8,0,8,9,4,6,3,3,7,2,4,10,10,0,2,2,10,10,3,3,5,10,7,6,0,0,6,10,2,11,2,7,4,6,8,5,9,9,9,6,10,3,0,4,3,5,2,2,6,3,6,4,11,3,11,5,4,6,11,10,8,4,2,5,9,10,10,7,10,5,6,3,6,6,7,3,10,10,11,10,11,5,5,7,5,8,9,10,8,10,10,5,5,3,8,4,8,3,3,4,8,8,0,9,0,3,4,5,10,4,9,0,2,10,5,2,4,3,8,5,10,0,9,0,10,10,2,2,7,4,8,6,3,2
11,6,6,6,6,7,9,2,10,0,9,5,5,8,4,2,9,2,9,10,5,7,4,4,8,3,5,11,11,2,3,3,11,11,4,4,6,11,8,7,2,2,7,11,3,0,3,8,5,7,9,6,10,10,10,7,11,4,2,5,4,6,3,3,7,4,7,5,0,4,0,6,5,7,0,11,9,5,3,6,10,11,11,8,11,6,7,4,7,7,8,4,11,11,0,11,0,6,6,8,6,9,10,11,9,11,11,6,6,4,9,5,9,4,4,5,9,9,2,10,2,4,5,6,11,5,10,2,3,11,6,3,5,4,9,6,11,2,10,2,11,11,3,3,8,5,9,7,4,3
0,7,7,7,7,8,10,3,11,2,10,6,6,9,5,3,10,3,10,11,6,8,5,5,9,4,6,0,0,3,4,4,0,0,5,5,7,0,9,8,3,3,8,0,4,2,4,9,6,8,10,7,11,11,11,8,0,5,3,6,5,7,4,4,8,5,8,6,2,5,2,7,6,8,2,0,10,6,4,7,11,0,0,9,0,7,8,5,8,8,9,5,0,0,2,0,2,7,7,9,7,10,11,0,10,0,0,7,7,5,10,6,10,5,5,6,10,10,3,11,3,5,6,7,0,6,11,3,4,0,7,4,6,5,10,7,0,3,11,3,0,0,4,4,9,6,10,8,5,4
2,8,8,8,8,9,11,4,0,3,11,7,7,10,6,4,11,4,11,0,7,9,6,6,10,5,7,2,2,4,5,5,2,2,6,6,8,2,10,9,4,4,9,2,5,3,5,10,7,9,11,8,0,0,0,9,2,6,4,7,6,8,5,5,9,6,9,7,3,6,3,8,7,9,3,2,11,7,5,8,0,2,2,10,2,8,9,6,9,9,10,6,2,2,3,2,3,8,8,10,8,11,0,2,11,2,2,8,8,6,11,7,11,6,6,7,11,11,4,0,4,6,7,8,2,7,0,4,5,2,8,5,7,6,11,8,2,4,0,4,2,2,5,5,10,7,11,9,6,5
3,9,9,9,9,10,0,5,2,4,0,8,8,11,7,5,0,5,0,2,8,10,7,7,11,6,8,3,3,5,6,6,3,3,7,7,9,3,11,10,5,5,10,3,6,4,6,11,8,10,0,9,2,2,2,10,3,7,5,8,7,9,6,6,10,7,10,8,4,7,4,9,8,10,4,3,0,8,6,9,2,3,3,11,3,9,10,7,10,10,11,7,3,3,4,3,4,9,9,11,9,0,2,3,0,3,3,9,9,7,0,8,0,7,7,8,0,0,5,2,5,7,8,9,3,8,2,5,6,3,9,6,8,7,0,9,3,5,2,5,3,3,6,6,11,8,0,10,7,6
4,10,10,10,10,11,2,6,3,5,2,9,9,0,8,6,2,6,2,3,9,11,8,8,0,7,9,4,4,6,7,7,4,4,8,8,10,4,0,11,6,6,11,4,7,5,7,0,9,11,2,10,3,3,3,11,4,8,6,9,8,10,7,7,11,8,11,9,5,8,5,10,9,11,5,4,2,9,7,10,3,4,4,0,4,10,11,8,11,11,0,8,4,4,5,4,5,10,10,0,10,2,3,4,2,4,4,10,10,8,2,9,2,8,8,9,2,2,6,3,6,8,9,10,4,9,3,6,7,4,10,7,9,8,2,10,4,6,3,6,4,4,7,7,0,9,2,11,8,7
5,11,11,11,11,0,3,7,4,6,3,10,10,2,9,7,3,7,3,4,10,0,9,9,2,8,10,5,5,7,8,8,5,5,9,9,11,5,2,0,7,7,0,5,8,6,8,2,10,0,3,11,4,4,4,0,5,9,7,10,9,11,8,8,0,9,0,10,6,9,6,11,10,0,6,5,3,10,8,11,4,5,5,2,5,11,0,9,0,0,2,9,5,5,6,5,6,11,11,2,11,3,4,5,3,5,5,11,11,9,3,10,3,9,9,10,3,3,7,4,7,9,10,11,5,10,4,7,8,5,11,8,10,9,3,11,5,7,4,7,5,5,8,8,2,10,3,0,9,8
6,0,0,0,0,2,4,8,5,7,4,11,11,3,10,8,4,8,4,5,11,2,10,10,3,9,11,6,6,8,9,9,6,6,10,10,0,6,3,2,8,8,2,6,9,7,9,3,11,2,4,0,5,5,5,2,6,10,8,11,10,0,9,9,2,10,2,11,7,10,7,0,11,2,7,6,4,11,9,0,5,6,6,3,6,0,2,10,2,2,3,10,6,6,7,6,7,0,0,3,0,4,5,6,4,6,6,0,0,10,4,11,4,10,10,11,4,4,8,5,8,10,11,0,6,11,5,8,9,6,0,9,11,10,4,0,6,8,5,8,6,6,9,9,3,11,4,2,10,9
7,2,2,2,2,3,5,9,6,8,5,0,0,4,11,9,5,9,5,6,0,3,11,11,4,10,0,7,7,9,10,10,7,7,11,11,2,7,4,3,9,9,3,7,10,8,10,4,0,3,5,2,6,6,6,3,7,11,9,0,11,2,10,10,3,11,3,0,8,11,8,2,0,3,8,7,5,0,10,2,6,7,7,4,7,2,3,11,3,3,4,11,7,7,8,7,8,2,2,4,2,5,6,7,5,7,7,2,2,11,5,0,5,11,11,0,5,5,9,6,9,11,0,2,7,0,6,9,10,7,2,10,0,11,5,2,7,9,6,9,7,7,10,10,4,0,5,3,11,10
8,3,3,3,3,4,6,10,7,9,6,2,2,5,0,10,6,10,6,7,2,4,0,0,5,11,2,8,8,10,11,11,8,8,0,0,3,8,5,4,10,10,4,8,11,9,11,5,2,4,6,3,7,7,7,4,8,0,10,2,0,3,11,11,4,0,4,2,9,0,9,3,2,4,9,8,6,2,11,3,7,8,8,5,8,3,4,0,4,4,5,0,8,8,9,8,9,3,3,5,3,6,7,8,6,8,8,3,3,0,6,2,6,0,0,2,6,6,10,7,10,0,2,3,8,2,7,10,11,8,3,11,2,0,6,3,8,10,7,10,8,8,11,11,5,2,6,4,0,11
9,4,4,4,4,5,7,11,8,10,7,3,3,6,2,11,7,11,7,8,3,5,2,2,6,0,3,9,9,11,0,0,9,9,2,2,4,9,6,5,11,11,5,9,0,10,0,6,3,5,7,4,8,8,8,5,9,2,11,3,2,4,0,0,5,2,5,3,10,2,10,4,3,5,10,9,7,3,0,4,8,9,9,6,9,4,5,2,5,5,6,2,9,9,10,9,10,4,4,6,4,7,8,9,7,9,9,4,4,2,7,3,7,2,2,3,7,7,11,8,11,2,3,4,9,3,8,11,0,9,4,0,3,2,7,4,9,11,8,11,9,9,0,0,6,3,7,5,2,0
10,5,5,5,5,6,8,0,9,11,8,4,4,7,3,0,8,0,8,9,4,6,3,3,7,2,4,10,10,0,2,2,10,10,3,3,5,10,7,6,0,0,6,10,2,11,2,7,4,6,8,5,9,9,9,6,10,3,0,4,3,5,2,2,6,3,6,4,11,3,11,5,4,6,11,10,8,4,2,5,9,10,10,7,10,5,6,3,6,6,7,3,10,10,11,10,11,5,5,7,5,8,9,10,8,10,10,5,5,3,8,4,8,3,3,4,8,8,0,9,0,3,4,5,10,4,9,0,2,10,5,2,4,3,8,5,10,0,9,0,10,10,2,2,7,4,8,6,3,2
11,6,6,6,6,7,9,2,10,0,9,5,5,8,4,2,9,2,9,10,5,7,4,4,8,3,5,11,11,2,3,3,11,11,4,4,6,11,8,7,2,2,7,11,3,0,3,8,5,7,9,6,10,10,10,7,11,4,2,5,4,6,3,3,7,4,7,5,0,4,0,6,5,7,0,11,9,5,3,6,10,11,11,8,11,6,7,4,7,7,8,4,11,11,0,11,0,6,6,8,6,9,10,11,9,11,11,6,6,4,9,5,9,4,4,5,9,9,2,10,2,4,5,6,11,5,10,2,3,11,6,3,5,4,9,6,11,2,10,2,11,11,3,3,8,5,9,7,4,3
0,7,7,7,7,8,10,3,11,2,10,6,6,9,5,3,10,3,10,11,6,8,5,5,9,4,6,0,0,3,4,4,0,0,5,5,7,0,9,8,3,3,8,0,4,2,4,9,6,8,10,7,11,11,11,8,0,5,3,6,5,7,4,4,8,5,8,6,2,5,2,7,6,8,2,0,10,6,4,7,11,0,0,9,0,7,8,5,8,8,9,5,0,0,2,0,2,7,7,9,7,10,11,0,10,0,0,7,7,5,10,6,10,5,5,6,10,10,3,11,3,5,6,7,0,6,11,3,4,0,7,4,6,5,10,7,0,3,11,3,0,0,4,4,9,6,10,8,5,4
2,8,8,8,8,9,11,4,0,3,11,7,7,10,6,4,11,4,11,0,7,9,6,6,10,5,7,2,2,4,5,5,2,2,6,6,8,2,10,9,4,4,9,2,5,3,5,10,7,9,11,8,0,0,0,9,2,6,4,7,6,8,5,5,9,6,9,7,3,6,3,8,7,9,3,2,11,7,5,8,0,2,2,10,2,8,9,6,9,9,10,6,2,2,3,2,3,8,8,10,8,11,0,2,11,2,2,8,8,6,11,7,11,6,6,7,11,11,4,0,4,6,7,8,2,7,0,4,5,2,8,5,7,6,11,8,2,4,0,4,2,2,5,5,10,7,11,9,6,5
3,9,9,9,9,10,0,5,2,4,0,8,8,11,7,5,0,5,0,2,8,10,7,7,11,6,8,3,3,5,6,6,3,3,7,7,9,3,11,10,5,5,10,3,6,4,6,11,8,10,0,9,2,2,2,10,3,7,5,8,7,9,6,6,10,7,10,8,4,7,4,9,8,10,4,3,0,8,6,9,2,3,3,11,3,9,10,7,10,10,11,7,3,3,4,3,4,9,9,11,9,0,2,3,0,3,3,9,9,7,0,8,0,7,7,8,0,0,5,2,5,7,8,9,3,8,2,5,6,3,9,6,8,7,0,9,3,5,2,5,3,3,6,6,11,8,0,10,7,6
4,10,10,10,10,11,2,6,3,5,2,9,9,0,8,6,2,6,2,3,9,11,8,8,0,7,9,4,4,6,7,7,4,4,8,8,10,4,0,11,6,6,11,4,7,5,7,0,9,11,2,10,3,3,3,11,4,8,6,9,8,10,7,7,11,8,11,9,5,8,5,10,9,11,5,4,2,9,7,10,3,4,4,0,4,10,11,8,11,11,0,8,4,4,5,4,5,10,10,0,10,2,3,4,2,4,4,10,10,8,2,9,2,8,8,9,2,2,6,3,6,8,9,10,4,9,3,6,7,4,10,7,9,8,2,10,4,6,3,6,4,4,7,7,0,9,2,11,8,7
5,11,11,11,11,0,3,7,4,6,3,10,10,2,9,7,3,7,3,4,10,0,9,9,2,8,10,5,5,7,8,8,5,5,9,9,11,5,2,0,7,7,0,5,8,6,8,2,10,0,3,11,4,4,4,0,5,9,7,10,9,11,8,8,0,9,0,10,6,9,6,11,10,0,6,5,3,10,8,11,4,5,5,2,5,11,0,9,0,0,2,9,5,5,6,5,6,11,11,2,11,3,4,5,3,5,5,11,11,9,3,10,3,9,9,10,3,3,7,4,7,9,10,11,5,10,4,7,8,5,11,8,10,9,3,11,5,7,4,7,5,5,8,8,2,10,3,0,9,8
6,0,0,0,0,2,4,8,5,7,4,11,11,3,10,8,4,8,4,5,11,2,10,10,3,9,11,6,6,8,9,9,6,6,10,10,0,6,3,2,8,8,2,6,9,7,9,3,11,2,4,0,5,5,5,2,6,10,8,11,10,0,9,9,2,10,2,11,7,10,7,0,11,2,7,6,4,11,9,0,5,6,6,3,6,0,2,10,2,2,3,10,6,6,7,6,7,0,0,3,0,4,5,6,4,6,6,0,0,10,4,11,4,10,10,11,4,4,8,5,8,10,11,0,6,11,5,8,9,6,0,9,11,10,4,0,6,8,5,8,6,6,9,9,3,11,4,2,10,9
7,2,2,2,2,3,5,9,6,8,5,0,0,4,11,9,5,9,5,6,0,3,11,11,4,10,0,7,7,9,10,10,7,7,11,11,2,7,4,3,9,9,3,7,10,8,10,4,0,3,5,2,6,6,6,3,7,11,9,0,11,2,10,10,3,11,3,0,8,11,8,2,0,3,8,7,5,0,10,2,6,7,7,4,7,2,3,11,3,3,4,11,7,7,8,7,8,2,2,4,2,5,6,7,5,7,7,2,2,11,5,0,5,11,11,0,5,5,9,6,9,11,0,2,7,0,6,9,10,7,2,10,0,11,5,2,7,9,6,9,7,7,10,10,4,0,5,3,11,10
8,3,3,3,3,4,6,10,7,9,6,2,2,5,0,10,6,10,6,7,2,4,0,0,5,11,2,8,8,10,11,11,8,8,0,0,3,8,5,4,10,10,4,8,11,9,11,5,2,4,6,3,7,7,7,4,8,0,10,2,0,3,11,11,4,0,4,2,9,0,9,3,2,4,9,8,6,2,11,3,7,8,8,5,8,3,4,0,4,4,5,0,8,8,9,8,9,3,3,5,3,6,7,8,6,8,8,3,3,0,6,2,6,0,0,2,6,6,10,7,10,0,2,3,8,2,7,10,11,8,3,11,2,0,6,3,8,10,7,10,8,8,11,11,5,2,6,4,0,11
9,4,4,4,4,5,7,11,8,10,7,3,3,6,2,11,7,11,7,8,3,5,2,2,6,0,3,9,9,11,0,0,9,9,2,2,4,9,6,5,11,11,5,9,0,10,0,6,3,5,7,4,8,8,8,5,9,2,11,3,2,4,0,0,5,2,5,3,10,2,10,4,3,5,10,9,7,3,0,4,8,9,9,6,9,4,5,2,5,5,6,2,9,9,10,9,10,4,4,6,4,7,8,9,7,9,9,4,4,2,7,3,7,2,2,3,7,7,11,8,11,2,3,4,9,3,8,11,0,9,4,0,3,2,7,4,9,11,8,11,9,9,0,0,6,3,7,5,2,0
10,5,5,5,5,6,8,0,9,11,8,4,4,7,3,0,8,0,8,9,4,6,3,3,7,2,4,10,10,0,2,2,10,10,3,3,5,10,7,6,0,0,6,10,2,11,2,7,4,6,8,5,9,9,9,6,10,3,0,4,3,5,2,2,6,3,6,4,11,3,11,5,4,6,11,10,8,4,2,5,9,10,10,7,10,5,6,3,6,6,7,3,10,10,11,10,11,5,5,7,5,8,9,10,8,10,10,5,5,3,8,4,8,3,3,4,8,8,0,9,0,3,4,5,10,4,9,0,2,10,5,2,4,3,8,5,10,0,9,0,10,10,2,2,7,4,8,6,3,2
11,6,6,6,6,7,9,2,10,0,9,5,5,8,4,2,9,2,9,10,5,7,4,4,8,3,5,11,11,2,3,3,11,11,4,4,6,11,8,7,2,2,7,11,3,0,3,8,5,7,9,6,10,10,10,7,11,4,2,5,4,6,3,3,7,4,7,5,0,4,0,6,5,7,0,11,9,5,3,6,10,11,11,8,11,6,7,4,7,7,8,4,11,11,0,11,0,6,6,8,6,9,10,11,9,11,11,6,6,4,9,5,9,4,4,5,9,9,2,10,2,4,5,6,11,5,10,2,3,11,6,3,5,4,9,6,11,2,10,2,11,11,3,3,8,5,9,7,4,3
0,7,7,7,7,8,10,3,11,2,10,6,6,9,5,3,10,3,10,11,6,8,5,5,9,4,6,0,0,3,4,4,0,0,5,5,7,0,9,8,3,3,8,0,4,2,4,9,6,8,10,7,11,11,11,8,0,5,3,6,5,7,4,4,8,5,8,6,2,5,2,7,6,8,2,0,10,6,4,7,11,0,0,9,0,7,8,5,8,8,9,5,0,0,2,0,2,7,7,9,7,10,11,0,10,0,0,7,7,5,10,6,10,5,5,6,10,10,3,11,3,5,6,7,0,6,11,3,4,0,7,4,6,5,10,7,0,3,11,3,0,0,4,4,9,6,10,8,5,4
2,8,8,8,8,9,11,4,0,3,11,7,7,10,6,4,11,4,11,0,7,9,6,6,10,5,7,2,2,4,5,5,2,2,6,6,8,2,10,9,4,4,9,2,5,3,5,10,7,9,11,8,0,0,0,9,2,6,4,7,6,8,5,5,9,6,9,7,3,6,3,8,7,9,3,2,11,7,5,8,0,2,2,10,2,8,9,6,9,9,10,6,2,2,3,2,3,8,8,10,8,11,0,2,11,2,2,8,8,6,11,7,11,6,6,7,11,11,4,0,4,6,7,8,2,7,0,4,5,2,8,5,7,6,11,8,2,4,0,4,2,2,5,5,10,7,11,9,6,5
3,9,9,9,9,10,0,5,2,4,0,8,8,11,7,5,0,5,0,2,8,10,7,7,11,6,8,3,3,5,6,6,3,3,7,7,9,3,11,10,5,5,10,3,6,4,6,11,8,10,0,9,2,2,2,10,3,7,5,8,7,9,6,6,10,7,10,8,4,7,4,9,8,10,4,3,0,8,6,9,2,3,3,11,3,9,10,7,10,10,11,7,3,3,4,3,4,9,9,11,9,0,2,3,0,3,3,9,9,7,0,8,0,7,7,8,0,0,5,2,5,7,8,9,3,8,2,5,6,3,9,6,8,7,0,9,3,5,2,5,3,3,6,6,11,8,0,10,7,6
4,10,10,10,10,11,2,6,3,5,2,9,9,0,8,6,2,6,2,3,9,11,8,8,0,7,9,4,4,6,7,7,4,4,8,8,10,4,0,11,6,6,11,4,7,5,7,0,9,11,2,10,3,3,3,11,4,8,6,9,8,10,7,7,11,8,11,9,5,8,5,10,9,11,5,4,2,9,7,10,3,4,4,0,4,10,11,8,11,11,0,8,4,4,5,4,5,10,10,0,10,2,3,4,2,4,4,10,10,8,2,9,2,8,8,9,2,2,6,3,6,8,9,10,4,9,3,6,7,4,10,7,9,8,2,10,4,6,3,6,4,4,7,7,0,9,2,11,8,7
5,11,11,11,11,0,3,7,4,6,3,10,10,2,9,7,3,7,3,4,10,0,9,9,2,8,10,5,5,7,8,8,5,5,9,9,11,5,2,0,7,7,0,5,8,6,8,2,10,0,3,11,4,4,4,0,5,9,7,10,9,11,8,8,0,9,0,10,6,9,6,11,10,0,6,5,3,10,8,11,4,5,5,2,5,11,0,9,0,0,2,9,5,5,6,5,6,11,11,2,11,3,4,5,3,5,5,11,11,9,3,10,3,9,9,10,3,3,7,4,7,9,10,11,5,10,4,7,8,5,11,8,10,9,3,11,5,7,4,7,5,5,8,8,2,10,3,0,9,8
6,0,0,0,0,2,4,8,5,7,4,11,11,3,10,8,4,8,4,5,11,2,10,10,3,9,11,6,6,8,9,9,6,6,10,10,0,6,3,2,8,8,2,6,9,7,9,3,11,2,4,0,5,5,5,2,6,10,8,11,10,0,9,9,2,10,2,11,7,10,7,0,11,2,7,6,4,11,9,0,5,6,6,3,6,0,2,10,2,2,3,10,6,6,7,6,7,0,0,3,0,4,5,6,4,6,6,0,0,10,4,11,4,10,10,11,4,4,8,5,8,10,11,0,6,11,5,8,9,6,0,9,11,10,4,0,6,8,5,8,6,6,9,9,3,11,4,2,10,9
7,2,2,2,2,3,5,9,6,8,5,0,0,4,11,9,5,9,5,6,0,3,11,11,4,10,0,7,7,9,10,10,7,7,11,11,2,7,4,3,9,9,3,7,10,8,10,4,0,3,5,2,6,6,6,3,7,11,9,0,11,2,10,10,3,11,3,0,8,11,8,2,0,3,8,7,5,0,10,2,6,7,7,4,7,2,3,11,3,3,4,11,7,7,8,7,8,2,2,4,2,5,6,7,5,7,7,2,2,11,5,0,5,11,11,0,5,5,9,6,9,11,0,2,7,0,6,9,10,7,2,10,0,11,5,2,7,9,6,9,7,7,10,10,4,0,5,3,11,10
8,3,3,3,3,4,6,10,7,9,6,2,2,5,0,10,6,10,6,7,2,4,0,0,5,11,2,8,8,10,11,11,8,8,0,0,3,8,5,4,10,10,4,8,11,9,11,5,2,4,6,3,7,7,7,4,8,0,10,2,0,3,11,11,4,0,4,2,9,0,9,3,2,4,9,8,6,2,11,3,7,8,8,5,8,3,4,0,4,4,5,0,8,8,9,8,9,3,3,5,3,6,7,8,6,8,8,3,3,0,6,2,6,0,0,2,6,6,10,7,10,0,2,3,8,2,7,10,11,8,3,11,2,0,6,3,8,10,7,10,8,8,11,11,5,2,6,4,0,11
9,4,4,4,4,5,7,11,8,10,7,3,3,6,2,11,7,11,7,8,3,5,2,2,6,0,3,9,9,11,0,0,9,9,2,2,4,9,6,5,11,11,5,9,0,10,0,6,3,5,7,4,8,8,8,5,9,2,11,3,2,4,0,0,5,2,5,3,10,2,10,4,3,5,10,9,7,3,0,4,8,9,9,6,9,4,5,2,5,5,6,2,9,9,10,9,10,4,4,6,4,7,8,9,7,9,9,4,4,2,7,3,7,2,2,3,7,7,11,8,11,2,3,4,9,3,8,11,0,9,4,0,3,2,7,4,9,11,8,11,9,9,0,0,6,3,7,5,2,0
10,5,5,5,5,6,8,0,9,11,8,4,4,7,3,0,8,0,8,9,4,6,3,3,7,2,4,10,10,0,2,2,10,10,3,3,5,10,7,6,0,0,6,10,2,11,2,7,4,6,8,5,9,9,9,6,10,3,0,4,3,5,2,2,6,3,6,4,11,3,11,5,4,6,11,10,8,4,2,5,9,10,10,7,10,5,6,3,6,6,7,3,10,10,11,10,11,5,5,7,5,8,9,10,8,10,10,5,5,3,8,4,8,3,3,4,8,8,0,9,0,3,4,5,10,4,9,0,2,10,5,2,4,3,8,5,10,0,9,0,10,10,2,2,7,4,8,6,3,2
11,6,6,6,6,7,9,2,10,0,9,5,5,8,4,2,9,2,9,10,5,7,4,4,8,3,5,11,11,2,3,3,11,11,4,4,6,11,8,7,2,2,7,11,3,0,3,8,5,7,9,6,10,10,10,7,11,4,2,5,4,6,3,3,7,4,7,5,0,4,0,6,5,7,0,11,9,5,3,6,10,11,11,8,11,6,7,4,7,7,8,4,11,11,0,11,0,6,6,8,6,9,10,11,9,11,11,6,6,4,9,5,9,4,4,5,9,9,2,10,2,4,5,6,11,5,10,2,3,11,6,3,5,4,9,6,11,2,10,2,11,11,3,3,8,5,9,7,4,3
0,7,7,7,7,8,10,3,11,2,10,6,6,9,5,3,10,3,10,11,6,8,5,5,9,4,6,0,0,3,4,4,0,0,5,5,7,0,9,8,3,3,8,0,4,2,4,9,6,8,10,7,11,11,11,8,0,5,3,6,5,7,4,4,8,5,8,6,2,5,2,7,6,8,2,0,10,6,4,7,11,0,0,9,0,7,8,5,8,8,9,5,0,0,2,0,2,7,7,9,7,10,11,0,10,0,0,7,7,5,10,6,10,5,5,6,10,10,3,11,3,5,6,7,0,6,11,3,4,0,7,4,6,5,10,7,0,3,11,3,0,0,4,4,9,6,10,8,5,4
2,8,8,8,8,9,11,4,0,3,11,7,7,10,6,4,11,4,11,0,7,9,6,6,10,5,7,2,2,4,5,5,2,2,6,6,8,2,10,9,4,4,9,2,5,3,5,10,7,9,11,8,0,0,0,9,2,6,4,7,6,8,5,5,9,6,9,7,3,6,3,8,7,9,3,2,11,7,5,8,0,2,2,10,2,8,9,6,9,9,10,6,2,2,3,2,3,8,8,10,8,11,0,2,11,2,2,8,8,6,11,7,11,6,6,7,11,11,4,0,4,6,7,8,2,7,0,4,5,2,8,5,7,6,11,8,2,4,0,4,2,2,5,5,10,7,11,9,6,5
3,9,9,9,9,10,0,5,2,4,0,8,8,11,7,5,0,5,0,2,8,10,7,7,11,6,8,3,3,5,6,6,3,3,7,7,9,3,11,10,5,5,10,3,6,4,6,11,8,10,0,9,2,2,2,10,3,7,5,8,7,9,6,6,10,7,10,8,4,7,4,9,8,10,4,3,0,8,6,9,2,3,3,11,3,9,10,7,10,10,11,7,3,3,4,3,4,9,9,11,9,0,2,3,0,3,3,9,9,7,0,8,0,7,7,8,0,0,5,2,5,7,8,9,3,8,2,5,6,3,9,6,8,7,0,9,3,5,2,5,3,3,6,6,11,8,0,10,7,6
4,10,10,10,10,11,2,6,3,5,2,9,9,0,8,6,2,6,2,3,9,11,8,8,0,7,9,4,4,6,7,7,4,4,8,8,10,4,0,11,6,6,11,4,7,5,7,0,9,11,2,10,3,3,3,11,4,8,6,9,8,10,7,7,11,8,11,9,5,8,5,10,9,11,5,4,2,9,7,10,3,4,4,0,4,10,11,8,11,11,0,8,4,4,5,4,5,10,10,0,10,2,3,4,2,4,4,10,10,8,2,9,2,8,8,9,2,2,6,3,6,8,9,10,4,9,3,6,7,4,10,7,9,8,2,10,4,6,3,6,4,4,7,7,0,9,2,11,8,7
5,11,11,11,11,0,3,7,4,6,3,10,10,2,9,7,3,7,3,4,10,0,9,9,2,8,10,5,5,7,8,8,5,5,9,9,11,5,2,0,7,7,0,5,8,6,8,2,10,0,3,11,4,4,4,0,5,9,7,10,9,11,8,8,0,9,0,10,6,9,6,11,10,0,6,5,3,10,8,11,4,5,5,2,5,11,0,9,0,0,2,9,5,5,6,5,6,11,11,2,11,3,4,5,3,5,5,11,11,9,3,10,3,9,9,10,3,3,7,4,7,9,10,11,5,10,4,7,8,5,11,8,10,9,3,11,5,7,4,7,5,5,8,8,2,10,3,0,9,8
6,0,0,0,0,2,4,8,5,7,4,11,11,3,10,8,4,8,4,5,11,2,10,10,3,9,11,6,6,8,9,9,6,6,10,10,0,6,3,2,8,8,2,6,9,7,9,3,11,2,4,0,5,5,5,2,6,10,8,11,10,0,9,9,2,10,2,11,7,10,7,0,11,2,7,6,4,11,9,0,5,6,6,3,6,0,2,10,2,2,3,10,6,6,7,6,7,0,0,3,0,4,5,6,4,6,6,0,0,10,4,11,4,10,10,11,4,4,8,5,8,10,11,0,6,11,5,8,9,6,0,9,11,10,4,0,6,8,5,8,6,6,9,9,3,11,4,2,10,9
7,2,2,2,2,3,5,9,6,8,5,0,0,4,11,9,5,9,5,6,0,3,11,11,4,10,0,7,7,9,10,10,7,7,11,11,2,7,4,3,9,9,3,7,10,8,10,4,0,3,5,2,6,6,6,3,7,11,9,0,11,2,10,10,3,11,3,0,8,11,8,2,0,3,8,7,5,0,10,2,6,7,7,4,7,2,3,11,3,3,4,11,7,7,8,7,8,2,2,4,2,5,6,7,5,7,7,2,2,11,5,0,5,11,11,0,5,5,9,6,9,11,0,2,7,0,6,9,10,7,2,10,0,11,5,2,7,9,6,9,7,7,10,10,4,0,5,3,11,10
8,3,3,3,3,4,6,10,7,9,6,2,2,5,0,10,6,10,6,7,2,4,0,0,5,11,2,8,8,10,11,11,8,8,0,0,3,8,5,4,10,10,4,8,11,9,11,5,2,4,6,3,7,7,7,4,8,0,10,2,0,3,11,11,4,0,4,2,9,0,9,3,2,4,9,8,6,2,11,3,7,8,8,5,8,3,4,0,4,4,5,0,8,8,9,8,9,3,3,5,3,6,7,8,6,8,8,3,3,0,6,2,6,0,0,2,6,6,10,7,10,0,2,3,8,2,7,10,11,8,3,11,2,0,6,3,8,10,7,10,8,8,11,11,5,2,6,4,0,11
9,4,4,4,4,5,7,11,8,10,7,3,3,6,2,11,7,11,7,8,3,5,2,2,6,0,3,9,9,11,0,0,9,9,2,2,4,9,6,5,11,11,5,9,0,10,0,6,3,5,7,4,8,8,8,5,9,2,11,3,2,4,0,0,5,2,5,3,10,2,10,4,3,5,10,9,7,3,0,4,8,9,9,6,9,4,5,2,5,5,6,2,9,9,10,9,10,4,4,6,4,7,8,9,7,9,9,4,4,2,7,3,7,2,2,3,7,7,11,8,11,2,3,4,9,3,8,11,0,9,4,0,3,2,7,4,9,11,8,11,9,9,0,0,6,3,7,5,2,0
10,5,5,5,5,6,8,0,9,11,8,4,4,7,3,0,8,0,8,9,4,6,3,3,7,2,4,10,10,0,2,2,10,10,3,3,5,10,7,6,0,0,6,10,2,11,2,7,4,6,8,5,9,9,9,6,10,3,0,4,3,5,2,2,6,3,6,4,11,3,11,5,4,6,11,10,8,4,2,5,9,10,10,7,10,5,6,3,6,6,7,3,10,10,11,10,11,5,5,7,5,8,9,10,8,10,10,5,5,3,8,4,8,3,3,4,8,8,0,9,0,3,4,5,10,4,9,0,2,10,5,2,4,3,8,5,10,0,9,0,10,10,2,2,7,4,8,6,3,2
11,6,6,6,6,7,9,2,10,0,9,5,5,8,4,2,9,2,9,10,5,7,4,4,8,3,5,11,11,2,3,3,11,11,4,4,6,11,8,7,2,2,7,11,3,0,3,8,5,7,9,6,10,10,10,7,11,4,2,5,4,6,3,3,7,4,7,5,0,4,0,6,5,7,0,11,9,5,3,6,10,11,11,8,11,6,7,4,7,7,8,4,11,11,0,11,0,6,6,8,6,9,10,11,9,11,11,6,6,4,9,5,9,4,4,5,9,9,2,10,2,4,5,6,11,5,10,2,3,11,6,3,5,4,9,6,11,2,10,2,11,11,3,3,8,5,9,7,4,3
0,7,7,7,7,8,10,3,11,2,10,6,6,9,5,3,10,3,10,11,6,8,5,5,9,4,6,0,0,3,4,4,0,0,5,5,7,0,9,8,3,3,8,0,4,2,4,9,6,8,10,7,11,11,11,8,0,5,3,6,5,7,4,4,8,5,8,6,2,5,2,7,6,8,2,0,10,6,4,7,11,0,0,9,0,7,8,5,8,8,9,5,0,0,2,0,2,7,7,9,7,10,11,0,10,0,0,7,7,5,10,6,10,5,5,6,10,10,3,11,3,5,6,7,0,6,11,3,4,0,7,4,6,5,10,7,0,3,11,3,0,0,4,4,9,6,10,8,5,4
2,8,8,8,8,9,11,4,0,3,11,7,7,10,6,4,11,4,11,0,7,9,6,6,10,5,7,2,2,4,5,5,2,2,6,6,8,2,10,9,4,4,9,2,5,3,5,10,7,9,11,8,0,0,0,9,2,6,4,7,6,8,5,5,9,6,9,7,3,6,3,8,7,9,3,2,11,7,5,8,0,2,2,10,2,8,9,6,9,9,10,6,2,2,3,2,3,8,8,10,8,11,0,2,11,2,2,8,8,6,11,7,11,6,6,7,11,11,4,0,4,6,7,8,2,7,0,4,5,2,8,5,7,6,11,8,2,4,0,4,2,2,5,5,10,7,11,9,6,5
3,9,9,9,9,10,0,5,2,4,0,8,8,11,7,5,0,5,0,2,8,10,7,7,11,6,8,3,3,5,6,6,3,3,7,7,9,3,11,10,5,5,10,3,6,4,6,11,8,10,0,9,2,2,2,10,3,7,5,8,7,9,6,6,10,7,10,8,4,7,4,9,8,10,4,3,0,8,6,9,2,3,3,11,3,9,10,7,10,10,11,7,3,3,4,3,4,9,9,11,9,0,2,3,0,3,3,9,9,7,0,8,0,7,7,8,0,0,5,2,5,7,8,9,3,8,2,5,6,3,9,6,8,7,0,9,3,5,2,5,3,3,6,6,11,8,0,10,7,6
4,10,10,10,10,11,2,6,3,5,2,9,9,0,8,6,2,6,2,3,9,11,8,8,0,7,9,4,4,6,7,7,4,4,8,8,10,4,0,11,6,6,11,4,7,5,7,0,9,11,2,10,3,3,3,11,4,8,6,9,8,10,7,7,11,8,11,9,5,8,5,10,9,11,5,4,2,9,7,10,3,4,4,0,4,10,11,8,11,11,0,8,4,4,5,4,5,10,10,0,10,2,3,4,2,4,4,10,10,8,2,9,2,8,8,9,2,2,6,3,6,8,9,10,4,9,3,6,7,4,10,7,9,8,2,10,4,6,3,6,4,4,7,7,0,9,2,11,8,7
5,11,11,11,11,0,3,7,4,6,3,10,10,2,9,7,3,7,3,4,10,0,9,9,2,8,10,5,5,7,8,8,5,5,9,9,11,5,2,0,7,7,0,5,8,6,8,2,10,0,3,11,4,4,4,0,5,9,7,10,9,11,8,8,0,9,0,10,6,9,6,11,10,0,6,5,3,10,8,11,4,5,5,2,5,11,0,9,0,0,2,9,5,5,6,5,6,11,11,2,11,3,4,5,3,5,5,11,11,9,3,10,3,9,9,10,3,3,7,4,7,9,10,11,5,10,4,7,8,5,11,8,10,9,3,11,5,7,4,7,5,5,8,8,2,10,3,0,9,8
6,0,0,0,0,2,4,8,5,7,4,11,11,3,10,8,4,8,4,5,11,2,10,10,3,9,11,6,6,8,9,9,6,6,10,10,0,6,3,2,8,8,2,6,9,7,9,3,11,2,4,0,5,5,5,2,6,10,8,11,10,0,9,9,2,10,2,11,7,10,7,0,11,2,7,6,4,11,9,0,5,6,6,3,6,0,2,10,2,2,3,10,6,6,7,6,7,0,0,3,0,4,5,6,4,6,6,0,0,10,4,11,4,10,10,11,4,4,8,5,8,10,11,0,6,11,5,8,9,6,0,9,11,10,4,0,6,8,5,8,6,6,9,9,3,11,4,2,10,9
7,2,2,2,2,3,5,9,6,8,5,0,0,4,11,9,5,9,5,6,0,3,11,11,4,10,0,7,7,9,10,10,7,7,11,11,2,7,4,3,9,9,3,7,10,8,10,4,0,3,5,2,6,6,6,3,7,11,9,0,11,2,10,10,3,11,3,0,8,11,8,2,0,3,8,7,5,0,10,2,6,7,7,4,7,2,3,11,3,3,4,11,7,7,8,7,8,2,2,4,2,5,6,7,5,7,7,2,2,11,5,0,5,11,11,0,5,5,9,6,9,11,0,2,7,0,6,9,10,7,2,10,0,11,5,2,7,9,6,9,7,7,10,10,4,0,5,3,11,10
8,3,3,3,3,4,6,10,7,9,6,2,2,5,0,10,6,10,6,7,2,4,0,0,5,11,2,8,8,10,11,11,8,8,0,0,3,8,5,4,10,10,4,8,11,9,11,5,2,4,6,3,7,7,7,4,8,0,10,2,0,3,11,11,4,0,4,2,9,0,9,3,2,4,9,8,6,2,11,3,7,8,8,5,8,3,4,0,4,4,5,0,8,8,9,8,9,3,3,5,3,6,7,8,6,8,8,3,3,0,6,2,6,0,0,2,6,6,10,7,10,0,2,3,8,2,7,10,11,8,3,11,2,0,6,3,8,10,7,10,8,8,11,11,5,2,6,4,0,11
9,4,4,4,4,5,7,11,8,10,7,3,3,6,2,11,7,11,7,8,3,5,2,2,6,0,3,9,9,11,0,0,9,9,2,2,4,9,6,5,11,11,5,9,0,10,0,6,3,5,7,4,8,8,8,5,9,2,11,3,2,4,0,0,5,2,5,3,10,2,10,4,3,5,10,9,7,3,0,4,8,9,9,6,9,4,5,2,5,5,6,2,9,9,10,9,10,4,4,6,4,7,8,9,7,9,9,4,4,2,7,3,7,2,2,3,7,7,11,8,11,2,3,4,9,3,8,11,0,9,4,0,3,2,7,4,9,11,8,11,9,9,0,0,6,3,7,5,2,0
10,5,5,5,5,6,8,0,9,11,8,4,4,7,3,0,8,0,8,9,4,6,3,3,7,2,4,10,10,0,2,2,10,10,3,3,5,10,7,6,0,0,6,10,2,11,2,7,4,6,8,5,9,9,9,6,10,3,0,4,3,5,2,2,6,3,6,4,11,3,11,5,4,6,11,10,8,4,2,5,9,10,10,7,10,5,6,3,6,6,7,3,10,10,11,10,11,5,5,7,5,8,9,10,8,10,10,5,5,3,8,4,8,3,3,4,8,8,0,9,0,3,4,5,10,4,9,0,2,10,5,2,4,3,8,5,10,0,9,0,10,10,2,2,7,4,8,6,3,2
11,6,6,6,6,7,9,2,10,0,9,5,5,8,4,2,9,2,9,10,5,7,4,4,8,3,5,11,11,2,3,3,11,11,4,4,6,11,8,7,2,2,7,11,3,0,3,8,5,7,9,6,10,10,10,7,11,4,2,5,4,6,3,3,7,4,7,5,0,4,0,6,5,7,0,11,9,5,3,6,10,11,11,8,11,6,7,4,7,7,8,4,11,11,0,11,0,6,6,8,6,9,10,11,9,11,11,6,6,4,9,5,9,4,4,5,9,9,2,10,2,4,5,6,11,5,10,2,3,11,6,3,5,4,9,6,11,2,10,2,11,11,3,3,8,5,9,7,4,3
0,7,7,7,7,8,10,3,11,2,10,6,6,9,5,3,10,3,10,11,6,8,5,5,9,4,6,0,0,3,4,4,0,0,5,5,7,0,9,8,3,3,8,0,4,2,4,9,6,8,10,7,11,11,11,8,0,5,3,6,5,7,4,4,8,5,8,6,2,5,2,7,6,8,2,0,10,6,4,7,11,0,0,9,0,7,8,5,8,8,9,5,0,0,2,0,2,7,7,9,7,10,11,0,10,0,0,7,7,5,10,6,10,5,5,6,10,10,3,11,3,5,6,7,0,6,11,3,4,0,7,4,6,5,10,7,0,3,11,3,0,0,4,4,9,6,10,8,5,4
2,8,8,8,8,9,11,4,0,3,11,7,7,10,6,4,11,4,11,0,7,9,6,6,10,5,7,2,2,4,5,5,2,2,6,6,8,2,10,9,4,4,9,2,5,3,5,10,7,9,11,8,0,0,0,9,2,6,4,7,6,8,5,5,9,6,9,7,3,6,3,8,7,9,3,2,11,7,5,8,0,2,2,10,2,8,9,6,9,9,10,6,2,2,3,2,3,8,8,10,8,11,0,2,11,2,2,8,8,6,11,7,11,6,6,7,11,11,4,0,4,6,7,8,2,7,0,4,5,2,8,5,7,6,11,8,2,4,0,4,2,2,5,5,10,7,11,9,6,5
3,9,9,9,9,10,0,5,2,4,0,8,8,11,7,5,0,5,0,2,8,10,7,7,11,6,8,3,3,5,6,6,3,3,7,7,9,3,11,10,5,5,10,3,6,4,6,11,8,10,0,9,2,2,2,10,3,7,5,8,7,9,6,6,10,7,10,8,4,7,4,9,8,10,4,3,0,8,6,9,2,3,3,11,3,9,10,7,10,10,11,7,3,3,4,3,4,9,9,11,9,0,2,3,0,3,3,9,9,7,0,8,0,7,7,8,0,0,5,2,5,7,8,9,3,8,2,5,6,3,9,6,8,7,0,9,3,5,2,5,3,3,6,6,11,8,0,10,7,6
4,10,10,10,10,11,2,6,3,5,2,9,9,0,8,6,2,6,2,3,9,11,8,8,0,7,9,4,4,6,7,7,4,4,8,8,10,4,0,11,6,6,11,4,7,5,7,0,9,11,2,10,3,3,3,11,4,8,6,9,8,10,7,7,11,8,11,9,5,8,5,10,9,11,5,4,2,9,7,10,3,4,4,0,4,10,11,8,11,11,0,8,4,4,5,4,5,10,10,0,10,2,3,4,2,4,4,10,10,8,2,9,2,8,8,9,2,2,6,3,6,8,9,10,4,9,3,6,7,4,10,7,9,8,2,10,4,6,3,6,4,4,7,7,0,9,2,11,8,7
5,11,11,11,11,0,3,7,4,6,3,10,10,2,9,7,3,7,3,4,10,0,9,9,2,8,10,5,5,7,8,8,5,5,9,9,11,5,2,0,7,7,0,5,8,6,8,2,10,0,3,11,4,4,4,0,5,9,7,10,9,11,8,8,0,9,0,10,6,9,6,11,10,0,6,5,3,10,8,11,4,5,5,2,5,11,0,9,0,0,2,9,5,5,6,5,6,11,11,2,11,3,4,5,3,5,5,11,11,9,3,10,3,9,9,10,3,3,7,4,7,9,10,11,5,10,4,7,8,5,11,8,10,9,3,11,5,7,4,7,5,5,8,8,2,10,3,0,9,8
6,0,0,0,0,2,4,8,5,7,4,11,11,3,10,8,4,8,4,5,11,2,10,10,3,9,11,6,6,8,9,9,6,6,10,10,0,6,3,2,8,8,2,6,9,7,9,3,11,2,4,0,5,5,5,2,6,10,8,11,10,0,9,9,2,10,2,11,7,10,7,0,11,2,7,6,4,11,9,0,5,6,6,3,6,0,2,10,2,2,3,10,6,6,7,6,7,0,0,3,0,4,5,6,4,6,6,0,0,10,4,11,4,10,10,11,4,4,8,5,8,10,11,0,6,11,5,8,9,6,0,9,11,10,4,0,6,8,5,8,6,6,9,9,3,11,4,2,10,9
7,2,2,2,2,3,5,9,6,8,5,0,0,4,11,9,5,9,5,6,0,3,11,11,4,10,0,7,7,9,10,10,7,7,11,11,2,7,4,3,9,9,3,7,10,8,10,4,0,3,5,2,6,6,6,3,7,11,9,0,11,2,10,10,3,11,3,0,8,11,8,2,0,3,8,7,5,0,10,2,6,7,7,4,7,2,3,11,3,3,4,11,7,7,8,7,8,2,2,4,2,5,6,7,5,7,7,2,2,11,5,0,5,11,11,0,5,5,9,6,9,11,0,2,7,0,6,9,10,7,2,10,0,11,5,2,7,9,6,9,7,7,10,10,4,0,5,3,11,10
8,3,3,3,3,4,6,10,7,9,6,2,2,5,0,10,6,10,6,7,2,4,0,0,5,11,2,8,8,10,11,11,8,8,0,0,3,8,5,4,10,10,4,8,11,9,11,5,2,4,6,3,7,7,7,4,8,0,10,2,0,3,11,11,4,0,4,2,9,0,9,3,2,4,9,8,6,2,11,3,7,8,8,5,8,3,4,0,4,4,5,0,8,8,9,8,9,3,3,5,3,6,7,8,6,8,8,3,3,0,6,2,6,0,0,2,6,6,10,7,10,0,2,3,8,2,7,10,11,8,3,11,2,0,6,3,8,10,7,10,8,8,11,11,5,2,6,4,0,11
9,4,4,4,4,5,7,11,8,10,7,3,3,6,2,11,7,11,7,8,3,5,2,2,6,0,3,9,9,11,0,0,9,9,2,2,4,9,6,5,11,11,5,9,0,10,0,6,3,5,7,4,8,8,8,5,9,2,11,3,2,4,0,0,5,2,5,3,10,2,10,4,3,5,10,9,7,3,0,4,8,9,9,6,9,4,5,2,5,5,6,2,9,9,10,9,10,4,4,6,4,7,8,9,7,9,9,4,4,2,7,3,7,2,2,3,7,7,11,8,11,2,3,4,9,3,8,11,0,9,4,0,3,2,7,4,9,11,8,11,9,9,0,0,6,3,7,5,2,0
10,5,5,5,5,6,8,0,9,11,8,4,4,7,3,0,8,0,8,9,4,6,3,3,7,2,4,10,10,0,2,2,10,10,3,3,5,10,7,6,0,0,6,10,2,11,2,7,4,6,8,5,9,9,9,6,10,3,0,4,3,5,2,2,6,3,6,4,11,3,11,5,4,6,11,10,8,4,2,5,9,10,10,7,10,5,6,3,6,6,7,3,10,10,11,10,11,5,5,7,5,8,9,10,8,10,10,5,5,3,8,4,8,3,3,4,8,8,0,9,0,3,4,5,10,4,9,0,2,10,5,2,4,3,8,5,10,0,9,0,10,10,2,2,7,4,8,6,3,2
11,6,6,6,6,7,9,2,10,0,9,5,5,8,4,2,9,2,9,10,5,7,4,4,8,3,5,11,11,2,3,3,11,11,4,4,6,11,8,7,2,2,7,11,3,0,3,8,5,7,9,6,10,10,10,7,11,4,2,5,4,6,3,3,7,4,7,5,0,4,0,6,5,7,0,11,9,5,3,6,10,11,11,8,11,6,7,4,7,7,8,4,11,11,0,11,0,6,6,8,6,9,10,11,9,11,11,6,6,4,9,5,9,4,4,5,9,9,2,10,2,4,5,6,11,5,10,2,3,11,6,3,5,4,9,6,11,2,10,2,11,11,3,3,8,5,9,7,4,3
0,7,7,7,7,8,10,3,11,2,10,6,6,9,5,3,10,3,10,11,6,8,5,5,9,4,6,0,0,3,4,4,0,0,5,5,7,0,9,8,3,3,8,0,4,2,4,9,6,8,10,7,11,11,11,8,0,5,3,6,5,7,4,4,8,5,8,6,2,5,2,7,6,8,2,0,10,6,4,7,11,0,0,9,0,7,8,5,8,8,9,5,0,0,2,0,2,7,7,9,7,10,11,0,10,0,0,7,7,5,10,6,10,5,5,6,10,10,3,11,3,5,6,7,0,6,11,3,4,0,7,4,6,5,10,7,0,3,11,3,0,0,4,4,9,6,10,8,5,4
2,8,8,8,8,9,11,4,0,3,11,7,7,10,6,4,11,4,11,0,7,9,6,6,10,5,7,2,2,4,5,5,2,2,6,6,8,2,10,9,4,4,9,2,5,3,5,10,7,9,11,8,0,0,0,9,2,6,4,7,6,8,5,5,9,6,9,7,3,6,3,8,7,9,3,2,11,7,5,8,0,2,2,10,2,8,9,6,9,9,10,6,2,2,3,2,3,8,8,10,8,11,0,2,11,2,2,8,8,6,11,7,11,6,6,7,11,11,4,0,4,6,7,8,2,7,0,4,5,2,8,5,7,6,11,8,2,4,0,4,2,2,5,5,10,7,11,9,6,5
3,9,9,9,9,10,0,5,2,4,0,8,8,11,7,5,0,5,0,2,8,10,7,7,11,6,8,3,3,5,6,6,3,3,7,7,9,3,11,10,5,5,10,3,6,4,6,11,8,10,0,9,2,2,2,10,3,7,5,8,7,9,6,6,10,7,10,8,4,7,4,9,8,10,4,3,0,8,6,9,2,3,3,11,3,9,10,7,10,10,11,7,3,3,4,3,4,9,9,11,9,0,2,3,0,3,3,9,9,7,0,8,0,7,7,8,0,0,5,2,5,7,8,9,3,8,2,5,6,3,9,6,8,7,0,9,3,5,2,5,3,3,6,6,11,8,0,10,7,6
4,10,10,10,10,11,2,6,3,5,2,9,9,0,8,6,2,6,2,3,9,11,8,8,0,7,9,4,4,6,7,7,4,4,8,8,10,4,0,11,6,6,11,4,7,5,7,0,9,11,2,10,3,3,3,11,4,8,6,9,8,10,7,7,11,8,11,9,5,8,5,10,9,11,5,4,2,9,7,10,3,4,4,0,4,10,11,8,11,11,0,8,4,4,5,4,5,10,10,0,10,2,3,4,2,4,4,10,10,8,2,9,2,8,8,9,2,2,6,3,6,8,9,10,4,9,3,6,7,4,10,7,9,8,2,10,4,6,3,6,4,4,7,7,0,9,2,11,8,7
5,11,11,11,11,0,3,7,4,6,3,10,10,2,9,7,3,7,3,4,10,0,9,9,2,8,10,5,5,7,8,8,5,5,9,9,11,5,2,0,7,7,0,5,8,6,8,2,10,0,3,11,4,4,4,0,5,9,7,10,9,11,8,8,0,9,0,10,6,9,6,11,10,0,6,5,3,10,8,11,4,5,5,2,5,11,0,9,0,0,2,9,5,5,6,5,6,11,11,2,11,3,4,5,3,5,5,11,11,9,3,10,3,9,9,10,3,3,7,4,7,9,10,11,5,10,4,7,8,5,11,8,10,9,3,11,5,7,4,7,5,5,8,8,2,10,3,0,9,8
6,0,0,0,0,2,4,8,5,7,4,11,11,3,10,8,4,8,4,5,11,2,10,10,3,9,11,6,6,8,9,9,6,6,10,10,0,6,3,2,8,8,2,6,9,7,9,3,11,2,4,0,5,5,5,2,6,10,8,11,10,0,9,9,2,10,2,11,7,10,7,0,11,2,7,6,4,11,9,0,5,6,6,3,6,0,2,10,2,2,3,10,6,6,7,6,7,0,0,3,0,4,5,6,4,6,6,0,0,10,4,11,4,10,10,11,4,4,8,5,8,10,11,0,6,11,5,8,9,6,0,9,11,10,4,0,6,8,5,8,6,6,9,9,3,11,4,2,10,9
7,2,2,2,2,3,5,9,6,8,5,0,0,4,11,9,5,9,5,6,0,3,11,11,4,10,0,7,7,9,10,10,7,7,11,11,2,7,4,3,9,9,3,7,10,8,10,4,0,3,5,2,6,6,6,3,7,11,9,0,11,2,10,10,3,11,3,0,8,11,8,2,0,3,8,7,5,0,10,2,6,7,7,4,7,2,3,11,3,3,4,11,7,7,8,7,8,2,2,4,2,5,6,7,5,7,7,2,2,11,5,0,5,11,11,0,5,5,9,6,9,11,0,2,7,0,6,9,10,7,2,10,0,11,5,2,7,9,6,9,7,7,10,10,4,0,5,3,11,10
8,3,3,3,3,4,6,10,7,9,6,2,2,5,0,10,6,10,6,7,2,4,0,0,5,11,2,8,8,10,11,11,8,8,0,0,3,8,5,4,10,10,4,8,11,9,11,5,2,4,6,3,7,7,7,4,8,0,10,2,0,3,11,11,4,0,4,2,9,0,9,3,2,4,9,8,6,2,11,3,7,8,8,5,8,3,4,0,4,4,5,0,8,8,9,8,9,3,3,5,3,6,7,8,6,8,8,3,3,0,6,2,6,0,0,2,6,6,10,7,10,0,2,3,8,2,7,10,11,8,3,11,2,0,6,3,8,10,7,10,8,8,11,11,5,2,6,4,0,11
9,4,4,4,4,5,7,11,8,10,7,3,3,6,2,11,7,11,7,8,3,5,2,2,6,0,3,9,9,11,0,0,9,9,2,2,4,9,6,5,11,11,5,9,0,10,0,6,3,5,7,4,8,8,8,5,9,2,11,3,2,4,0,0,5,2,5,3,10,2,10,4,3,5,10,9,7,3,0,4,8,9,9,6,9,4,5,2,5,5,6,2,9,9,10,9,10,4,4,6,4,7,8,9,7,9,9,4,4,2,7,3,7,2,2,3,7,7,11,8,11,2,3,4,9,3,8,11,0,9,4,0,3,2,7,4,9,11,8,11,9,9,0,0,6,3,7,5,2,0
10,5,5,5,5,6,8,0,9,11,8,4,4,7,3,0,8,0,8,9,4,6,3,3,7,2,4,10,10,0,2,2,10,10,3,3,5,10,7,6,0,0,6,10,2,11,2,7,4,6,8,5,9,9,9,6,10,3,0,4,3,5,2,2,6,3,6,4,11,3,11,5,4,6,11,10,8,4,2,5,9,10,10,7,10,5,6,3,6,6,7,3,10,10,11,10,11,5,5,7,5,8,9,10,8,10,10,5,5,3,8,4,8,3,3,4,8,8,0,9,0,3,4,5,10,4,9,0,2,10,5,2,4,3,8,5,10,0,9,0,10,10,2,2,7,4,8,6,3,2
11,6,6,6,6,7,9,2,10,0,9,5,5,8,4,2,9,2,9,10,5,7,4,4,8,3,5,11,11,2,3,3,11,11,4,4,6,11,8,7,2,2,7,11,3,0,3,8,5,7,9,6,10,10,10,7,11,4,2,5,4,6,3,3,7,4,7,5,0,4,0,6,5,7,0,11,9,5,3,6,10,11,11,8,11,6,7,4,7,7,8,4,11,11,0,11,0,6,6,8,6,9,10,11,9,11,11,6,6,4,9,5,9,4,4,5,9,9,2,10,2,4,5,6,11,5,10,2,3,11,6,3,5,4,9,6,11,2,10,2,11,11,3,3,8,5,9,7,4,3
0,7,7,7,7,8,10,3,11,2,10,6,6,9,5,3,10,3,10,11,6,8,5,5,9,4,6,0,0,3,4,4,0,0,5,5,7,0,9,8,3,3,8,0,4,2,4,9,6,8,10,7,11,11,11,8,0,5,3,6,5,7,4,4,8,5,8,6,2,5,2,7,6,8,2,0,10,6,4,7,11,0,0,9,0,7,8,5,8,8,9,5,0,0,2,0,2,7,7,9,7,10,11,0,10,0,0,7,7,5,10,6,10,5,5,6,10,10,3,11,3,5,6,7,0,6,11,3,4,0,7,4,6,5,10,7,0,3,11,3,0,0,4,4,9,6,10,8,5,4
2,8,8,8,8,9,11,4,0,3,11,7,7,10,6,4,11,4,11,0,7,9,6,6,10,5,7,2,2,4,5,5,2,2,6,6,8,2,10,9,4,4,9,2,5,3,5,10,7,9,11,8,0,0,0,9,2,6,4,7,6,8,5,5,9,6,9,7,3,6,3,8,7,9,3,2,11,7,5,8,0,2,2,10,2,8,9,6,9,9,10,6,2,2,3,2,3,8,8,10,8,11,0,2,11,2,2,8,8,6,11,7,11,6,6,7,11,11,4,0,4,6,7,8,2,7,0,4,5,2,8,5,7,6,11,8,2,4,0,4,2,2,5,5,10,7,11,9,6,5
3,9,9,9,9,10,0,5,2,4,0,8,8,11,7,5,0,5,0,2,8,10,7,7,11,6,8,3,3,5,6,6,3,3,7,7,9,3,11,10,5,5,10,3,6,4,6,11,8,10,0,9,2,2,2,10,3,7,5,8,7,9,6,6,10,7,10,8,4,7,4,9,8,10,4,3,0,8,6,9,2,3,3,11,3,9,10,7,10,10,11,7,3,3,4,3,4,9,9,11,9,0,2,3,0,3,3,9,9,7,0,8,0,7,7,8,0,0,5,2,5,7,8,9,3,8,2,5,6,3,9,6,8,7,0,9,3,5,2,5,3,3,6,6,11,8,0,10,7,6
4,10,10,10,10,11,2,6,3,5,2,9,9,0,8,6,2,6,2,3,9,11,8,8,0,7,9,4,4,6,7,7,4,4,8,8,10,4,0,11,6,6,11,4,7,5,7,0,9,11,2,10,3,3,3,11,4,8,6,9,8,10,7,7,11,8,11,9,5,8,5,10,9,11,5,4,2,9,7,10,3,4,4,0,4,10,11,8,11,11,0,8,4,4,5,4,5,10,10,0,10,2,3,4,2,4,4,10,10,8,2,9,2,8,8,9,2,2,6,3,6,8,9,10,4,9,3,6,7,4,10,7,9,8,2,10,4,6,3,6,4,4,7,7,0,9,2,11,8,7
5,11,11,11,11,0,3,7,4,6,3,10,10,2,9,7,3,7,3,4,10,0,9,9,2,8,10,5,5,7,8,8,5,5,9,9,11,5,2,0,7,7,0,5,8,6,8,2,10,0,3,11,4,4,4,0,5,9,7,10,9,11,8,8,0,9,0,10,6,9,6,11,10,0,6,5,3,10,8,11,4,5,5,2,5,11,0,9,0,0,2,9,5,5,6,5,6,11,11,2,11,3,4,5,3,5,5,11,11,9,3,10,3,9,9,10,3,3,7,4,7,9,10,11,5,10,4,7,8,5,11,8,10,9,3,11,5,7,4,7,5,5,8,8,2,10,3,0,9,8
6,0,0,0,0,2,4,8,5,7,4,11,11,3,10,8,4,8,4,5,11,2,10,10,3,9,11,6,6,8,9,9,6,6,10,10,0,6,3,2,8,8,2,6,9,7,9,3,11,2,4,0,5,5,5,2,6,10,8,11,10,0,9,9,2,10,2,11,7,10,7,0,11,2,7,6,4,11,9,0,5,6,6,3,6,0,2,10,2,2,3,10,6,6,7,6,7,0,0,3,0,4,5,6,4,6,6,0,0,10,4,11,4,10,10,11,4,4,8,5,8,10,11,0,6,11,5,8,9,6,0,9,11,10,4,0,6,8,5,8,6,6,9,9,3,11,4,2,10,9
7,2,2,2,2,3,5,9,6,8,5,0,0,4,11,9,5,9,5,6,0,3,11,11,4,10,0,7,7,9,10,10,7,7,11,11,2,7,4,3,9,9,3,7,10,8,10,4,0,3,5,2,6,6,6,3,7,11,9,0,11,2,10,10,3,11,3,0,8,11,8,2,0,3,8,7,5,0,10,2,6,7,7,4,7,2,3,11,3,3,4,11,7,7,8,7,8,2,2,4,2,5,6,7,5,7,7,2,2,11,5,0,5,11,11,0,5,5,9,6,9,11,0,2,7,0,6,9,10,7,2,10,0,11,5,2,7,9,6,9,7,7,10,10,4,0,5,3,11,10
8,3,3,3,3,4,6,10,7,9,6,2,2,5,0,10,6,10,6,7,2,4,0,0,5,11,2,8,8,10,11,11,8,8,0,0,3,8,5,4,10,10,4,8,11,9,11,5,2,4,6,3,7,7,7,4,8,0,10,2,0,3,11,11,4,0,4,2,9,0,9,3,2,4,9,8,6,2,11,3,7,8,8,5,8,3,4,0,4,4,5,0,8,8,9,8,9,3,3,5,3,6,7,8,6,8,8,3,3,0,6,2,6,0,0,2,6,6,10,7,10,0,2,3,8,2,7,10,11,8,3,11,2,0,6,3,8,10,7,10,8,8,11,11,5,2,6,4,0,11
9,4,4,4,4,5,7,11,8,10,7,3,3,6,2,11,7,11,7,8,3,5,2,2,6,0,3,9,9,11,0,0,9,9,2,2,4,9,6,5,11,11,5,9,0,10,0,6,3,5,7,4,8,8,8,5,9,2,11,3,2,4,0,0,5,2,5,3,10,2,10,4,3,5,10,9,7,3,0,4,8,9,9,6,9,4,5,2,5,5,6,2,9,9,10,9,10,4,4,6,4,7,8,9,7,9,9,4,4,2,7,3,7,2,2,3,7,7,11,8,11,2,3,4,9,3,8,11,0,9,4,0,3,2,7,4,9,11,8,11,9,9,0,0,6,3,7,5,2,0
10,5,5,5,5,6,8,0,9,11,8,4,4,7,3,0,8,0,8,9,4,6,3,3,7,2,4,10,10,0,2,2,10,10,3,3,5,10,7,6,0,0,6,10,2,11,2,7,4,6,8,5,9,9,9,6,10,3,0,4,3,5,2,2,6,3,6,4,11,3,11,5,4,6,11,10,8,4,2,5,9,10,10,7,10,5,6,3,6,6,7,3,10,10,11,10,11,5,5,7,5,8,9,10,8,10,10,5,5,3,8,4,8,3,3,4,8,8,0,9,0,3,4,5,10,4,9,0,2,10,5,2,4,3,8,5,10,0,9,0,10,10,2,2,7,4,8,6,3,2
11,6,6,6,6,7,9,2,10,0,9,5,5,8,4,2,9,2,9,10,5,7,4,4,8,3,5,11,11,2,3,3,11,11,4,4,6,11,8,7,2,2,7,11,3,0,3,8,5,7,9,6,10,10,10,7,11,4,2,5,4,6,3,3,7,4,7,5,0,4,0,6,5,7,0,11,9,5,3,6,10,11,11,8,11,6,7,4,7,7,8,4,11,11,0,11,0,6,6,8,6,9,10,11,9,11,11,6,6,4,9,5,9,4,4,5,9,9,2,10,2,4,5,6,11,5,10,2,3,11,6,3,5,4,9,6,11,2,10,2,11,11,3,3,8,5,9,7,4,3
0,7,7,7,7,8,10,3,11,2,10,6,6,9,5,3,10,3,10,11,6,8,5,5,9,4,6,0,0,3,4,4,0,0,5,5,7,0,9,8,3,3,8,0,4,2,4,9,6,8,10,7,11,11,11,8,0,5,3,6,5,7,4,4,8,5,8,6,2,5,2,7,6,8,2,0,10,6,4,7,11,0,0,9,0,7,8,5,8,8,9,5,0,0,2,0,2,7,7,9,7,10,11,0,10,0,0,7,7,5,10,6,10,5,5,6,10,10,3,11,3,5,6,7,0,6,11,3,4,0,7,4,6,5,10,7,0,3,11,3,0,0,4,4,9,6,10,8,5,4
2,8,8,8,8,9,11,4,0,3,11,7,7,10,6,4,11,4,11,0,7,9,6,6,10,5,7,2,2,4,5,5,2,2,6,6,8,2,10,9,4,4,9,2,5,3,5,10,7,9,11,8,0,0,0,9,2,6,4,7,6,8,5,5,9,6,9,7,3,6,3,8,7,9,3,2,11,7,5,8,0,2,2,10,2,8,9,6,9,9,10,6,2,2,3,2,3,8,8,10,8,11,0,2,11,2,2,8,8,6,11,7,11,6,6,7,11,11,4,0,4,6,7,8,2,7,0,4,5,2,8,5,7,6,11,8,2,4,0,4,2,2,5,5,10,7,11,9,6,5
3,9,9,9,9,10,0,5,2,4,0,8,8,11,7,5,0,5,0,2,8,10,7,7,11,6,8,3,3,5,6,6,3,3,7,7,9,3,11,10,5,5,10,3,6,4,6,11,8,10,0,9,2,2,2,10,3,7,5,8,7,9,6,6,10,7,10,8,4,7,4,9,8,10,4,3,0,8,6,9,2,3,3,11,3,9,10,7,10,10,11,7,3,3,4,3,4,9,9,11,9,0,2,3,0,3,3,9,9,7,0,8,0,7,7,8,0,0,5,2,5,7,8,9,3,8,2,5,6,3,9,6,8,7,0,9,3,5,2,5,3,3,6,6,11,8,0,10,7,6
4,10,10,10,10,11,2,6,3,5,2,9,9,0,8,6,2,6,2,3,9,11,8,8,0,7,9,4,4,6,7,7,4,4,8,8,10,4,0,11,6,6,11,4,7,5,7,0,9,11,2,10,3,3,3,11,4,8,6,9,8,10,7,7,11,8,11,9,5,8,5,10,9,11,5,4,2,9,7,10,3,4,4,0,4,10,11,8,11,11,0,8,4,4,5,4,5,10,10,0,10,2,3,4,2,4,4,10,10,8,2,9,2,8,8,9,2,2,6,3,6,8,9,10,4,9,3,6,7,4,10,7,9,8,2,10,4,6,3,6,4,4,7,7,0,9,2,11,8,7
5,11,11,11,11,0,3,7,4,6,3,10,10,2,9,7,3,7,3,4,10,0,9,9,2,8,10,5,5,7,8,8,5,5,9,9,11,5,2,0,7,7,0,5,8,6,8,2,10,0,3,11,4,4,4,0,5,9,7,10,9,11,8,8,0,9,0,10,6,9,6,11,10,0,6,5,3,10,8,11,4,5,5,2,5,11,0,9,0,0,2,9,5,5,6,5,6,11,11,2,11,3,4,5,3,5,5,11,11,9,3,10,3,9,9,10,3,3,7,4,7,9,10,11,5,10,4,7,8,5,11,8,10,9,3,11,5,7,4,7,5,5,8,8,2,10,3,0,9,8
6,0,0,0,0,2,4,8,5,7,4,11,11,3,10,8,4,8,4,5,11,2,10,10,3,9,11,6,6,8,9,9,6,6,10,10,0,6,3,2,8,8,2,6,9,7,9,3,11,2,4,0,5,5,5,2,6,10,8,11,10,0,9,9,2,10,2,11,7,10,7,0,11,2,7,6,4,11,9,0,5,6,6,3,6,0,2,10,2,2,3,10,6,6,7,6,7,0,0,3,0,4,5,6,4,6,6,0,0,10,4,11,4,10,10,11,4,4,8,5,8,10,11,0,6,11,5,8,9,6,0,9,11,10,4,0,6,8,5,8,6,6,9,9,3,11,4,2,10,9
7,2,2,2,2,3,5,9,6,8,5,0,0,4,11,9,5,9,5,6,0,3,11,11,4,10,0,7,7,9,10,10,7,7,11,11,2,7,4,3,9,9,3,7,10,8,10,4,0,3,5,2,6,6,6,3,7,11,9,0,11,2,10,10,3,11,3,0,8,11,8,2,0,3,8,7,5,0,10,2,6,7,7,4,7,2,3,11,3,3,4,11,7,7,8,7,8,2,2,4,2,5,6,7,5,7,7,2,2,11,5,0,5,11,11,0,5,5,9,6,9,11,0,2,7,0,6,9,10,7,2,10,0,11,5,2,7,9,6,9,7,7,10,10,4,0,5,3,11,10
8,3,3,3,3,4,6,10,7,9,6,2,2,5,0,10,6,10,6,7,2,4,0,0,5,11,2,8,8,10,11,11,8,8,0,0,3,8,5,4,10,10,4,8,11,9,11,5,2,4,6,3,7,7,7,4,8,0,10,2,0,3,11,11,4,0,4,2,9,0,9,3,2,4,9,8,6,2,11,3,7,8,8,5,8,3,4,0,4,4,5,0,8,8,9,8,9,3,3,5,3,6,7,8,6,8,8,3,3,0,6,2,6,0,0,2,6,6,10,7,10,0,2,3,8,2,7,10,11,8,3,11,2,0,6,3,8,10,7,10,8,8,11,11,5,2,6,4,0,11
9,4,4,4,4,5,7,11,8,10,7,3,3,6,2,11,7,11,7,8,3,5,2,2,6,0,3,9,9,11,0,0,9,9,2,2,4,9,6,5,11,11,5,9,0,10,0,6,3,5,7,4,8,8,8,5,9,2,11,3,2,4,0,0,5,2,5,3,10,2,10,4,3,5,10,9,7,3,0,4,8,9,9,6,9,4,5,2,5,5,6,2,9,9,10,9,10,4,4,6,4,7,8,9,7,9,9,4,4,2,7,3,7,2,2,3,7,7,11,8,11,2,3,4,9,3,8,11,0,9,4,0,3,2,7,4,9,11,8,11,9,9,0,0,6,3,7,5,2,0
10,5,5,5,5,6,8,0,9,11,8,4,4,7,3,0,8,0,8,9,4,6,3,3,7,2,4,10,10,0,2,2,10,10,3,3,5,10,7,6,0,0,6,10,2,11,2,7,4,6,8,5,9,9,9,6,10,3,0,4,3,5,2,2,6,3,6,4,11,3,11,5,4,6,11,10,8,4,2,5,9,10,10,7,10,5,6,3,6,6,7,3,10,10,11,10,11,5,5,7,5,8,9,10,8,10,10,5,5,3,8,4,8,3,3,4,8,8,0,9,0,3,4,5,10,4,9,0,2,10,5,2,4,3,8,5,10,0,9,0,10,10,2,2,7,4,8,6,3,2
11,6,6,6,6,7,9,2,10,0,9,5,5,8,4,2,9,2,9,10,5,7,4,4,8,3,5,11,11,2,3,3,11,11,4,4,6,11,8,7,2,2,7,11,3,0,3,8,5,7,9,6,10,10,10,7,11,4,2,5,4,6,3,3,7,4,7,5,0,4,0,6,5,7,0,11,9,5,3,6,10,11,11,8,11,6,7,4,7,7,8,4,11,11,0,11,0,6,6,8,6,9,10,11,9,11,11,6,6,4,9,5,9,4,4,5,9,9,2,10,2,4,5,6,11,5,10,2,3,11,6,3,5,4,9,6,11,2,10,2,11,11,3,3,8,5,9,7,4,3
0,7,7,7,7,8,10,3,11,2,10,6,6,9,5,3,10,3,10,11,6,8,5,5,9,4,6,0,0,3,4,4,0,0,5,5,7,0,9,8,3,3,8,0,4,2,4,9,6,8,10,7,11,11,11,8,0,5,3,6,5,7,4,4,8,5,8,6,2,5,2,7,6,8,2,0,10,6,4,7,11,0,0,9,0,7,8,5,8,8,9,5,0,0,2,0,2,7,7,9,7,10,11,0,10,0,0,7,7,5,10,6,10,5,5,6,10,10,3,11,3,5,6,7,0,6,11,3,4,0,7,4,6,5,10,7,0,3,11,3,0,0,4,4,9,6,10,8,5,4
2,8,8,8,8,9,11,4,0,3,11,7,7,10,6,4,11,4,11,0,7,9,6,6,10,5,7,2,2,4,5,5,2,2,6,6,8,2,10,9,4,4,9,2,5,3,5,10,7,9,11,8,0,0,0,9,2,6,4,7,6,8,5,5,9,6,9,7,3,6,3,8,7,9,3,2,11,7,5,8,0,2,2,10,2,8,9,6,9,9,10,6,2,2,3,2,3,8,8,10,8,11,0,2,11,2,2,8,8,6,11,7,11,6,6,7,11,11,4,0,4,6,7,8,2,7,0,4,5,2,8,5,7,6,11,8,2,4,0,4,2,2,5,5,10,7,11,9,6,5
3,9,9,9,9,10,0,5,2,4,0,8,8,11,7,5,0,5,0,2,8,10,7,7,11,6,8,3,3,5,6,6,3,3,7,7,9,3,11,10,5,5,10,3,6,4,6,11,8,10,0,9,2,2,2,10,3,7,5,8,7,9,6,6,10,7,10,8,4,7,4,9,8,10,4,3,0,8,6,9,2,3,3,11,3,9,10,7,10,10,11,7,3,3,4,3,4,9,9,11,9,0,2,3,0,3,3,9,9,7,0,8,0,7,7,8,0,0,5,2,5,7,8,9,3,8,2,5,6,3,9,6,8,7,0,9,3,5,2,5,3,3,6,6,11,8,0,10,7,6
4,10,10,10,10,11,2,6,3,5,2,9,9,0,8,6,2,6,2,3,9,11,8,8,0,7,9,4,4,6,7,7,4,4,8,8,10,4,0,11,6,6,11,4,7,5,7,0,9,11,2,10,3,3,3,11,4,8,6,9,8,10,7,7,11,8,11,9,5,8,5,10,9,11,5,4,2,9,7,10,3,4,4,0,4,10,11,8,11,11,0,8,4,4,5,4,5,10,10,0,10,2,3,4,2,4,4,10,10,8,2,9,2,8,8,9,2,2,6,3,6,8,9,10,4,9,3,6,7,4,10,7,9,8,2,10,4,6,3,6,4,4,7,7,0,9,2,11,8,7
5,11,11,11,11,0,3,7,4,6,3,10,10,2,9,7,3,7,3,4,10,0,9,9,2,8,10,5,5,7,8,8,5,5,9,9,11,5,2,0,7,7,0,5,8,6,8,2,10,0,3,11,4,4,4,0,5,9,7,10,9,11,8,8,0,9,0,10,6,9,6,11,10,0,6,5,3,10,8,11,4,5,5,2,5,11,0,9,0,0,2,9,5,5,6,5,6,11,11,2,11,3,4,5,3,5,5,11,11,9,3,10,3,9,9,10,3,3,7,4,7,9,10,11,5,10,4,7,8,5,11,8,10,9,3,11,5,7,4,7,5,5,8,8,2,10,3,0,9,8
6,0,0,0,0,2,4,8,5,7,4,11,11,3,10,8,4,8,4,5,11,2,10,10,3,9,11,6,6,8,9,9,6,6,10,10,0,6,3,2,8,8,2,6,9,7,9,3,11,2,4,0,5,5,5,2,6,10,8,11,10,0,9,9,2,10,2,11,7,10,7,0,11,2,7,6,4,11,9,0,5,6,6,3,6,0,2,10,2,2,3,10,6,6,7,6,7,0,0,3,0,4,5,6,4,6,6,0,0,10,4,11,4,10,10,11,4,4,8,5,8,10,11,0,6,11,5,8,9,6,0,9,11,10,4,0,6,8,5,8,6,6,9,9,3,11,4,2,10,9
7,2,2,2,2,3,5,9,6,8,5,0,0,4,11,9,5,9,5,6,0,3,11,11,4,10,0,7,7,9,10,10,7,7,11,11,2,7,4,3,9,9,3,7,10,8,10,4,0,3,5,2,6,6,6,3,7,11,9,0,11,2,10,10,3,11,3,0,8,11,8,2,0,3,8,7,5,0,10,2,6,7,7,4,7,2,3,11,3,3,4,11,7,7,8,7,8,2,2,4,2,5,6,7,5,7,7,2,2,11,5,0,5,11,11,0,5,5,9,6,9,11,0,2,7,0,6,9,10,7,2,10,0,11,5,2,7,9,6,9,7,7,10,10,4,0,5,3,11,10
8,3,3,3,3,4,6,10,7,9,6,2,2,5,0,10,6,10,6,7,2,4,0,0,5,11,2,8,8,10,11,11,8,8,0,0,3,8,5,4,10,10,4,8,11,9,11,5,2,4,6,3,7,7,7,4,8,0,10,2,0,3,11,11,4,0,4,2,9,0,9,3,2,4,9,8,6,2,11,3,7,8,8,5,8,3,4,0,4,4,5,0,8,8,9,8,9,3,3,5,3,6,7,8,6,8,8,3,3,0,6,2,6,0,0,2,6,6,10,7,10,0,2,3,8,2,7,10,11,8,3,11,2,0,6,3,8,10,7,10,8,8,11,11,5,2,6,4,0,11
9,4,4,4,4,5,7,11,8,10,7,3,3,6,2,11,7,11,7,8,3,5,2,2,6,0,3,9,9,11,0,0,9,9,2,2,4,9,6,5,11,11,5,9,0,10,0,6,3,5,7,4,8,8,8,5,9,2,11,3,2,4,0,0,5,2,5,3,10,2,10,4,3,5,10,9,7,3,0,4,8,9,9,6,9,4,5,2,5,5,6,2,9,9,10,9,10,4,4,6,4,7,8,9,7,9,9,4,4,2,7,3,7,2,2,3,7,7,11,8,11,2,3,4,9,3,8,11,0,9,4,0,3,2,7,4,9,11,8,11,9,9,0,0,6,3,7,5,2,0
10,5,5,5,5,6,8,0,9,11,8,4,4,7,3,0,8,0,8,9,4,6,3,3,7,2,4,10,10,0,2,2,10,10,3,3,5,10,7,6,0,0,6,10,2,11,2,7,4,6,8,5,9,9,9,6,10,3,0,4,3,5,2,2,6,3,6,4,11,3,11,5,4,6,11,10,8,4,2,5,9,10,10,7,10,5,6,3,6,6,7,3,10,10,11,10,11,5,5,7,5,8,9,10,8,10,10,5,5,3,8,4,8,3,3,4,8,8,0,9,0,3,4,5,10,4,9,0,2,10,5,2,4,3,8,5,10,0,9,0,10,10,2,2,7,4,8,6,3,2
11,6,6,6,6,7,9,2,10,0,9,5,5,8,4,2,9,2,9,10,5,7,4,4,8,3,5,11,11,2,3,3,11,11,4,4,6,11,8,7,2,2,7,11,3,0,3,8,5,7,9,6,10,10,10,7,11,4,2,5,4,6,3,3,7,4,7,5,0,4,0,6,5,7,0,11,9,5,3,6,10,11,11,8,11,6,7,4,7,7,8,4,11,11,0,11,0,6,6,8,6,9,10,11,9,11,11,6,6,4,9,5,9,4,4,5,9,9,2,10,2,4,5,6,11,5,10,2,3,11,6,3,5,4,9,6,11,2,10,2,11,11,3,3,8,5,9,7,4,3
0,7,7,7,7,8,10,3,11,2,10,6,6,9,5,3,10,3,10,11,6,8,5,5,9,4,6,0,0,3,4,4,0,0,5,5,7,0,9,8,3,3,8,0,4,2,4,9,6,8,10,7,11,11,11,8,0,5,3,6,5,7,4,4,8,5,8,6,2,5,2,7,6,8,2,0,10,6,4,7,11,0,0,9,0,7,8,5,8,8,9,5,0,0,2,0,2,7,7,9,7,10,11,0,10,0,0,7,7,5,10,6,10,5,5,6,10,10,3,11,3,5,6,7,0,6,11,3,4,0,7,4,6,5,10,7,0,3,11,3,0,0,4,4,9,6,10,8,5,4
2,8,8,8,8,9,11,4,0,3,11,7,7,10,6,4,11,4,11,0,7,9,6,6,10,5,7,2,2,4,5,5,2,2,6,6,8,2,10,9,4,4,9,2,5,3,5,10,7,9,11,8,0,0,0,9,2,6,4,7,6,8,5,5,9,6,9,7,3,6,3,8,7,9,3,2,11,7,5,8,0,2,2,10,2,8,9,6,9,9,10,6,2,2,3,2,3,8,8,10,8,11,0,2,11,2,2,8,8,6,11,7,11,6,6,7,11,11,4,0,4,6,7,8,2,7,0,4,5,2,8,5,7,6,11,8,2,4,0,4,2,2,5,5,10,7,11,9,6,5
3,9,9,9,9,10,0,5,2,4,0,8,8,11,7,5,0,5,0,2,8,10,7,7,11,6,8,3,3,5,6,6,3,3,7,7,9,3,11,10,5,5,10,3,6,4,6,11,8,10,0,9,2,2,2,10,3,7,5,8,7,9,6,6,10,7,10,8,4,7,4,9,8,10,4,3,0,8,6,9,2,3,3,11,3,9,10,7,10,10,11,7,3,3,4,3,4,9,9,11,9,0,2,3,0,3,3,9,9,7,0,8,0,7,7,8,0,0,5,2,5,7,8,9,3,8,2,5,6,3,9,6,8,7,0,9,3,5,2,5,3,3,6,6,11,8,0,10,7,6
4,10,10,10,10,11,2,6,3,5,2,9,9,0,8,6,2,6,2,3,9,11,8,8,0,7,9,4,4,6,7,7,4,4,8,8,10,4,0,11,6,6,11,4,7,5,7,0,9,11,2,10,3,3,3,11,4,8,6,9,8,10,7,7,11,8,11,9,5,8,5,10,9,11,5,4,2,9,7,10,3,4,4,0,4,10,11,8,11,11,0,8,4,4,5,4,5,10,10,0,10,2,3,4,2,4,4,10,10,8,2,9,2,8,8,9,2,2,6,3,6,8,9,10,4,9,3,6,7,4,10,7,9,8,2,10,4,6,3,6,4,4,7,7,0,9,2,11,8,7
5,11,11,11,11,0,3,7,4,6,3,10,10,2,9,7,3,7,3,4,10,0,9,9,2,8,10,5,5,7,8,8,5,5,9,9,11,5,2,0,7,7,0,5,8,6,8,2,10,0,3,11,4,4,4,0,5,9,7,10,9,11,8,8,0,9,0,10,6,9,6,11,10,0,6,5,3,10,8,11,4,5,5,2,5,11,0,9,0,0,2,9,5,5,6,5,6,11,11,2,11,3,4,5,3,5,5,11,11,9,3,10,3,9,9,10,3,3,7,4,7,9,10,11,5,10,4,7,8,5,11,8,10,9,3,11,5,7,4,7,5,5,8,8,2,10,3,0,9,8
6,0,0,0,0,2,4,8,5,7,4,11,11,3,10,8,4,8,4,5,11,2,10,10,3,9,11,6,6,8,9,9,6,6,10,10,0,6,3,2,8,8,2,6,9,7,9,3,11,2,4,0,5,5,5,2,6,10,8,11,10,0,9,9,2,10,2,11,7,10,7,0,11,2,7,6,4,11,9,0,5,6,6,3,6,0,2,10,2,2,3,10,6,6,7,6,7,0,0,3,0,4,5,6,4,6,6,0,0,10,4,11,4,10,10,11,4,4,8,5,8,10,11,0,6,11,5,8,9,6,0,9,11,10,4,0,6,8,5,8,6,6,9,9,3,11,4,2,10,9
7,2,2,2,2,3,5,9,6,8,5,0,0,4,11,9,5,9,5,6,0,3,11,11,4,10,0,7,7,9,10,10,7,7,11,11,2,7,4,3,9,9,3,7,10,8,10,4,0,3,5,2,6,6,6,3,7,11,9,0,11,2,10,10,3,11,3,0,8,11,8,2,0,3,8,7,5,0,10,2,6,7,7,4,7,2,3,11,3,3,4,11,7,7,8,7,8,2,2,4,2,5,6,7,5,7,7,2,2,11,5,0,5,11,11,0,5,5,9,6,9,11,0,2,7,0,6,9,10,7,2,10,0,11,5,2,7,9,6,9,7,7,10,10,4,0,5,3,11,10
8,3,3,3,3,4,6,10,7,9,6,2,2,5,0,10,6,10,6,7,2,4,0,0,5,11,2,8,8,10,11,11,8,8,0,0,3,8,5,4,10,10,4,8,11,9,11,5,2,4,6,3,7,7,7,4,8,0,10,2,0,3,11,11,4,0,4,2,9,0,9,3,2,4,9,8,6,2,11,3,7,8,8,5,8,3,4,0,4,4,5,0,8,8,9,8,9,3,3,5,3,6,7,8,6,8,8,3,3,0,6,2,6,0,0,2,6,6,10,7,10,0,2,3,8,2,7,10,11,8,3,11,2,0,6,3,8,10,7,10,8,8,11,11,5,2,6,4,0,11
9,4,4,4,4,5,7,11,8,10,7,3,3,6,2,11,7,11,7,8,3,5,2,2,6,0,3,9,9,11,0,0,9,9,2,2,4,9,6,5,11,11,5,9,0,10,0,6,3,5,7,4,8,8,8,5,9,2,11,3,2,4,0,0,5,2,5,3,10,2,10,4,3,5,10,9,7,3,0,4,8,9,9,6,9,4,5,2,5,5,6,2,9,9,10,9,10,4,4,6,4,7,8,9,7,9,9,4,4,2,7,3,7,2,2,3,7,7,11,8,11,2,3,4,9,3,8,11,0,9,4,0,3,2,7,4,9,11,8,11,9,9,0,0,6,3,7,5,2,0
10,5,5,5,5,6,8,0,9,11,8,4,4,7,3,0,8,0,8,9,4,6,3,3,7,2,4,10,10,0,2,2,10,10,3,3,5,10,7,6,0,0,6,10,2,11,2,7,4,6,8,5,9,9,9,6,10,3,0,4,3,5,2,2,6,3,6,4,11,3,11,5,4,6,11,10,8,4,2,5,9,10,10,7,10,5,6,3,6,6,7,3,10,10,11,10,11,5,5,7,5,8,9,10,8,10,10,5,5,3,8,4,8,3,3,4,8,8,0,9,0,3,4,5,10,4,9,0,2,10,5,2,4,3,8,5,10,0,9,0,10,10,2,2,7,4,8,6,3,2
11,6,6,6,6,7,9,2,10,0,9,5,5,8,4,2,9,2,9,10,5,7,4,4,8,3,5,11,11,2,3,3,11,11,4,4,6,11,8,7,2,2,7,11,3,0,3,8,5,7,9,6,10,10,10,7,11,4,2,5,4,6,3,3,7,4,7,5,0,4,0,6,5,7,0,11,9,5,3,6,10,11,11,8,11,6,7,4,7,7,8,4,11,11,0,11,0,6,6,8,6,9,10,11,9,11,11,6,6,4,9,5,9,4,4,5,9,9,2,10,2,4,5,6,11,5,10,2,3,11,6,3,5,4,9,6,11,2,10,2,11,11,3,3,8,5,9,7,4,3
0,7,7,7,7,8,10,3,11,2,10,6,6,9,5,3,10,3,10,11,6,8,5,5,9,4,6,0,0,3,4,4,0,0,5,5,7,0,9,8,3,3,8,0,4,2,4,9,6,8,10,7,11,11,11,8,0,5,3,6,5,7,4,4,8,5,8,6,2,5,2,7,6,8,2,0,10,6,4,7,11,0,0,9,0,7,8,5,8,8,9,5,0,0,2,0,2,7,7,9,7,10,11,0,10,0,0,7,7,5,10,6,10,5,5,6,10,10,3,11,3,5,6,7,0,6,11,3,4,0,7,4,6,5,10,7,0,3,11,3,0,0,4,4,9,6,10,8,5,4
2,8,8,8,8,9,11,4,0,3,11,7,7,10,6,4,11,4,11,0,7,9,6,6,10,5,7,2,2,4,5,5,2,2,6,6,8,2,10,9,4,4,9,2,5,3,5,10,7,9,11,8,0,0,0,9,2,6,4,7,6,8,5,5,9,6,9,7,3,6,3,8,7,9,3,2,11,7,5,8,0,2,2,10,2,8,9,6,9,9,10,6,2,2,3,2,3,8,8,10,8,11,0,2,11,2,2,8,8,6,11,7,11,6,6,7,11,11,4,0,4,6,7,8,2,7,0,4,5,2,8,5,7,6,11,8,2,4,0,4,2,2,5,5,10,7,11,9,6,5
3,9,9,9,9,10,0,5,2,4,0,8,8,11,7,5,0,5,0,2,8,10,7,7,11,6,8,3,3,5,6,6,3,3,7,7,9,3,11,10,5,5,10,3,6,4,6,11,8,10,0,9,2,2,2,10,3,7,5,8,7,9,6,6,10,7,10,8,4,7,4,9,8,10,4,3,0,8,6,9,2,3,3,11,3,9,10,7,10,10,11,7,3,3,4,3,4,9,9,11,9,0,2,3,0,3,3,9,9,7,0,8,0,7,7,8,0,0,5,2,5,7,8,9,3,8,2,5,6,3,9,6,8,7,0,9,3,5,2,5,3,3,6,6,11,8,0,10,7,6
4,10,10,10,10,11,2,6,3,5,2,9,9,0,8,6,2,6,2,3,9,11,8,8,0,7,9,4,4,6,7,7,4,4,8,8,10,4,0,11,6,6,11,4,7,5,7,0,9,11,2,10,3,3,3,11,4,8,6,9,8,10,7,7,11,8,11,9,5,8,5,10,9,11,5,4,2,9,7,10,3,4,4,0,4,10,11,8,11,11,0,8,4,4,5,4,5,10,10,0,10,2,3,4,2,4,4,10,10,8,2,9,2,8,8,9,2,2,6,3,6,8,9,10,4,9,3,6,7,4,10,7,9,8,2,10,4,6,3,6,4,4,7,7,0,9,2,11,8,7
5,11,11,11,11,0,3,7,4,6,3,10,10,2,9,7,3,7,3,4,10,0,9,9,2,8,10,5,5,7,8,8,5,5,9,9,11,5,2,0,7,7,0,5,8,6,8,2,10,0,3,11,4,4,4,0,5,9,7,10,9,11,8,8,0,9,0,10,6,9,6,11,10,0,6,5,3,10,8,11,4,5,5,2,5,11,0,9,0,0,2,9,5,5,6,5,6,11,11,2,11,3,4,5,3,5,5,11,11,9,3,10,3,9,9,10,3,3,7,4,7,9,10,11,5,10,4,7,8,5,11,8,10,9,3,11,5,7,4,7,5,5,8,8,2,10,3,0,9,8
6,0,0,0,0,2,4,8,5,7,4,11,11,3,10,8,4,8,4,5,11,2,10,10,3,9,11,6,6,8,9,9,6,6,10,10,0,6,3,2,8,8,2,6,9,7,9,3,11,2,4,0,5,5,5,2,6,10,8,11,10,0,9,9,2,10,2,11,7,10,7,0,11,2,7,6,4,11,9,0,5,6,6,3,6,0,2,10,2,2,3,10,6,6,7,6,7,0,0,3,0,4,5,6,4,6,6,0,0,10,4,11,4,10,10,11,4,4,8,5,8,10,11,0,6,11,5,8,9,6,0,9,11,10,4,0,6,8,5,8,6,6,9,9,3,11,4,2,10,9
7,2,2,2,2,3,5,9,6,8,5,0,0,4,11,9,5,9,5,6,0,3,11,11,4,10,0,7,7,9,10,10,7,7,11,11,2,7,4,3,9,9,3,7,10,8,10,4,0,3,5,2,6,6,6,3,7,11,9,0,11,2,10,10,3,11,3,0,8,11,8,2,0,3,8,7,5,0,10,2,6,7,7,4,7,2,3,11,3,3,4,11,7,7,8,7,8,2,2,4,2,5,6,7,5,7,7,2,2,11,5,0,5,11,11,0,5,5,9,6,9,11,0,2,7,0,6,9,10,7,2,10,0,11,5,2,7,9,6,9,7,7,10,10,4,0,5,3,11,10
8,3,3,3,3,4,6,10,7,9,6,2,2,5,0,10,6,10,6,7,2,4,0,0,5,11,2,8,8,10,11,11,8,8,0,0,3,8,5,4,10,10,4,8,11,9,11,5,2,4,6,3,7,7,7,4,8,0,10,2,0,3,11,11,4,0,4,2,9,0,9,3,2,4,9,8,6,2,11,3,7,8,8,5,8,3,4,0,4,4,5,0,8,8,9,8,9,3,3,5,3,6,7,8,6,8,8,3,3,0,6,2,6,0,0,2,6,6,10,7,10,0,2,3,8,2,7,10,11,8,3,11,2,0,6,3,8,10,7,10,8,8,11,11,5,2,6,4,0,11
9,4,4,4,4,5,7,11,8,10,7,3,3,6,2,11,7,11,7,8,3,5,2,2,6,0,3,9,9,11,0,0,9,9,2,2,4,9,6,5,11,11,5,9,0,10,0,6,3,5,7,4,8,8,8,5,9,2,11,3,2,4,0,0,5,2,5,3,10,2,10,4,3,5,10,9,7,3,0,4,8,9,9,6,9,4,5,2,5,5,6,2,9,9,10,9,10,4,4,6,4,7,8,9,7,9,9,4,4,2,7,3,7,2,2,3,7,7,11,8,11,2,3,4,9,3,8,11,0,9,4,0,3,2,7,4,9,11,8,11,9,9,0,0,6,3,7,5,2,0
10,5,5,5,5,6,8,0,9,11,8,4,4,7,3,0,8,0,8,9,4,6,3,3,7,2,4,10,10,0,2,2,10,10,3,3,5,10,7,6,0,0,6,10,2,11,2,7,4,6,8,5,9,9,9,6,10,3,0,4,3,5,2,2,6,3,6,4,11,3,11,5,4,6,11,10,8,4,2,5,9,10,10,7,10,5,6,3,6,6,7,3,10,10,11,10,11,5,5,7,5,8,9,10,8,10,10,5,5,3,8,4,8,3,3,4,8,8,0,9,0,3,4,5,10,4,9,0,2,10,5,2,4,3,8,5,10,0,9,0,10,10,2,2,7,4,8,6,3,2
11,6,6,6,6,7,9,2,10,0,9,5,5,8,4,2,9,2,9,10,5,7,4,4,8,3,5,11,11,2,3,3,11,11,4,4,6,11,8,7,2,2,7,11,3,0,3,8,5,7,9,6,10,10,10,7,11,4,2,5,4,6,3,3,7,4,7,5,0,4,0,6,5,7,0,11,9,5,3,6,10,11,11,8,11,6,7,4,7,7,8,4,11,11,0,11,0,6,6,8,6,9,10,11,9,11,11,6,6,4,9,5,9,4,4,5,9,9,2,10,2,4,5,6,11,5,10,2,3,11,6,3,5,4,9,6,11,2,10,2,11,11,3,3,8,5,9,7,4,3
0,7,7,7,7,8,10,3,11,2,10,6,6,9,5,3,10,3,10,11,6,8,5,5,9,4,6,0,0,3,4,4,0,0,5,5,7,0,9,8,3,3,8,0,4,2,4,9,6,8,10,7,11,11,11,8,0,5,3,6,5,7,4,4,8,5,8,6,2,5,2,7,6,8,2,0,10,6,4,7,11,0,0,9,0,7,8,5,8,8,9,5,0,0,2,0,2,7,7,9,7,10,11,0,10,0,0,7,7,5,10,6,10,5,5,6,10,10,3,11,3,5,6,7,0,6,11,3,4,0,7,4,6,5,10,7,0,3,11,3,0,0,4,4,9,6,10,8,5,4
2,8,8,8,8,9,11,4,0,3,11,7,7,10,6,4,11,4,11,0,7,9,6,6,10,5,7,2,2,4,5,5,2,2,6,6,8,2,10,9,4,4,9,2,5,3,5,10,7,9,11,8,0,0,0,9,2,6,4,7,6,8,5,5,9,6,9,7,3,6,3,8,7,9,3,2,11,7,5,8,0,2,2,10,2,8,9,6,9,9,10,6,2,2,3,2,3,8,8,10,8,11,0,2,11,2,2,8,8,6,11,7,11,6,6,7,11,11,4,0,4,6,7,8,2,7,0,4,5,2,8,5,7,6,11,8,2,4,0,4,2,2,5,5,10,7,11,9,6,5
3,9,9,9,9,10,0,5,2,4,0,8,8,11,7,5,0,5,0,2,8,10,7,7,11,6,8,3,3,5,6,6,3,3,7,7,9,3,11,10,5,5,10,3,6,4,6,11,8,10,0,9,2,2,2,10,3,7,5,8,7,9,6,6,10,7,10,8,4,7,4,9,8,10,4,3,0,8,6,9,2,3,3,11,3,9,10,7,10,10,11,7,3,3,4,3,4,9,9,11,9,0,2,3,0,3,3,9,9,7,0,8,0,7,7,8,0,0,5,2,5,7,8,9,3,8,2,5,6,3,9,6,8,7,0,9,3,5,2,5,3,3,6,6,11,8,0,10,7,6
4,10,10,10,10,11,2,6,3,5,2,9,9,0,8,6,2,6,2,3,9,11,8,8,0,7,9,4,4,6,7,7,4,4,8,8,10,4,0,11,6,6,11,4,7,5,7,0,9,11,2,10,3,3,3,11,4,8,6,9,8,10,7,7,11,8,11,9,5,8,5,10,9,11,5,4,2,9,7,10,3,4,4,0,4,10,11,8,11,11,0,8,4,4,5,4,5,10,10,0,10,2,3,4,2,4,4,10,10,8,2,9,2,8,8,9,2,2,6,3,6,8,9,10,4,9,3,6,7,4,10,7,9,8,2,10,4,6,3,6,4,4,7,7,0,9,2,11,8,7
5,11,11,11,11,0,3,7,4,6,3,10,10,2,9,7,3,7,3,4,10,0,9,9,2,8,10,5,5,7,8,8,5,5,9,9,11,5,2,0,7,7,0,5,8,6,8,2,10,0,3,11,4,4,4,0,5,9,7,10,9,11,8,8,0,9,0,10,6,9,6,11,10,0,6,5,3,10,8,11,4,5,5,2,5,11,0,9,0,0,2,9,5,5,6,5,6,11,11,2,11,3,4,5,3,5,5,11,11,9,3,10,3,9,9,10,3,3,7,4,7,9,10,11,5,10,4,7,8,5,11,8,10,9,3,11,5,7,4,7,5,5,8,8,2,10,3,0,9,8
6,0,0,0,0,2,4,8,5,7,4,11,11,3,10,8,4,8,4,5,11,2,10,10,3,9,11,6,6,8,9,9,6,6,10,10,0,6,3,2,8,8,2,6,9,7,9,3,11,2,4,0,5,5,5,2,6,10,8,11,10,0,9,9,2,10,2,11,7,10,7,0,11,2,7,6,4,11,9,0,5,6,6,3,6,0,2,10,2,2,3,10,6,6,7,6,7,0,0,3,0,4,5,6,4,6,6,0,0,10,4,11,4,10,10,11,4,4,8,5,8,10,11,0,6,11,5,8,9,6,0,9,11,10,4,0,6,8,5,8,6,6,9,9,3,11,4,2,10,9
7,2,2,2,2,3,5,9,6,8,5,0,0,4,11,9,5,9,5,6,0,3,11,11,4,10,0,7,7,9,10,10,7,7,11,11,2,7,4,3,9,9,3,7,10,8,10,4,0,3,5,2,6,6,6,3,7,11,9,0,11,2,10,10,3,11,3,0,8,11,8,2,0,3,8,7,5,0,10,2,6,7,7,4,7,2,3,11,3,3,4,11,7,7,8,7,8,2,2,4,2,5,6,7,5,7,7,2,2,11,5,0,5,11,11,0,5,5,9,6,9,11,0,2,7,0,6,9,10,7,2,10,0,11,5,2,7,9,6,9,7,7,10,10,4,0,5,3,11,10
8,3,3,3,3,4,6,10,7,9,6,2,2,5,0,10,6,10,6,7,2,4,0,0,5,11,2,8,8,10,11,11,8,8,0,0,3,8,5,4,10,10,4,8,11,9,11,5,2,4,6,3,7,7,7,4,8,0,10,2,0,3,11,11,4,0,4,2,9,0,9,3,2,4,9,8,6,2,11,3,7,8,8,5,8,3,4,0,4,4,5,0,8,8,9,8,9,3,3,5,3,6,7,8,6,8,8,3,3,0,6,2,6,0,0,2,6,6,10,7,10,0,2,3,8,2,7,10,11,8,3,11,2,0,6,3,8,10,7,10,8,8,11,11,5,2,6,4,0,11
9,4,4,4,4,5,7,11,8,10,7,3,3,6,2,11,7,11,7,8,3,5,2,2,6,0,3,9,9,11,0,0,9,9,2,2,4,9,6,5,11,11,5,9,0,10,0,6,3,5,7,4,8,8,8,5,9,2,11,3,2,4,0,0,5,2,5,3,10,2,10,4,3,5,10,9,7,3,0,4,8,9,9,6,9,4,5,2,5,5,6,2,9,9,10,9,10,4,4,6,4,7,8,9,7,9,9,4,4,2,7,3,7,2,2,3,7,7,11,8,11,2,3,4,9,3,8,11,0,9,4,0,3,2,7,4,9,11,8,11,9,9,0,0,6,3,7,5,2,0
10,5,5,5,5,6,8,0,9,11,8,4,4,7,3,0,8,0,8,9,4,6,3,3,7,2,4,10,10,0,2,2,10,10,3,3,5,10,7,6,0,0,6,10,2,11,2,7,4,6,8,5,9,9,9,6,10,3,0,4,3,5,2,2,6,3,6,4,11,3,11,5,4,6,11,10,8,4,2,5,9,10,10,7,10,5,6,3,6,6,7,3,10,10,11,10,11,5,5,7,5,8,9,10,8,10,10,5,5,3,8,4,8,3,3,4,8,8,0,9,0,3,4,5,10,4,9,0,2,10,5,2,4,3,8,5,10,0,9,0,10,10,2,2,7,4,8,6,3,2
11,6,6,6,6,7,9,2,10,0,9,5,5,8,4,2,9,2,9,10,5,7,4,4,8,3,5,11,11,2,3,3,11,11,4,4,6,11,8,7,2,2,7,11,3,0,3,8,5,7,9,6,10,10,10,7,11,4,2,5,4,6,3,3,7,4,7,5,0,4,0,6,5,7,0,11,9,5,3,6,10,11,11,8,11,6,7,4,7,7,8,4,11,11,0,11,0,6,6,8,6,9,10,11,9,11,11,6,6,4,9,5,9,4,4,5,9,9,2,10,2,4,5,6,11,5,10,2,3,11,6,3,5,4,9,6,11,2,10,2,11,11,3,3,8,5,9,7,4,3
0,7,7,7,7,8,10,3,11,2,10,6,6,9,5,3,10,3,10,11,6,8,5,5,9,4,6,0,0,3,4,4,0,0,5,5,7,0,9,8,3,3,8,0,4,2,4,9,6,8,10,7,11,11,11,8,0,5,3,6,5,7,4,4,8,5,8,6,2,5,2,7,6,8,2,0,10,6,4,7,11,0,0,9,0,7,8,5,8,8,9,5,0,0,2,0,2,7,7,9,7,10,11,0,10,0,0,7,7,5,10,6,10,5,5,6,10,10,3,11,3,5,6,7,0,6,11,3,4,0,7,4,6,5,10,7,0,3,11,3,0,0,4,4,9,6,10,8,5,4
2,8,8,8,8,9,11,4,0,3,11,7,7,10,6,4,11,4,11,0,7,9,6,6,10,5,7,2,2,4,5,5,2,2,6,6,8,2,10,9,4,4,9,2,5,3,5,10,7,9,11,8,0,0,0,9,2,6,4,7,6,8,5,5,9,6,9,7,3,6,3,8,7,9,3,2,11,7,5,8,0,2,2,10,2,8,9,6,9,9,10,6,2,2,3,2,3,8,8,10,8,11,0,2,11,2,2,8,8,6,11,7,11,6,6,7,11,11,4,0,4,6,7,8,2,7,0,4,5,2,8,5,7,6,11,8,2,4,0,4,2,2,5,5,10,7,11,9,6,5
3,9,9,9,9,10,0,5,2,4,0,8,8,11,7,5,0,5,0,2,8,10,7,7,11,6,8,3,3,5,6,6,3,3,7,7,9,3,11,10,5,5,10,3,6,4,6,11,8,10,0,9,2,2,2,10,3,7,5,8,7,9,6,6,10,7,10,8,4,7,4,9,8,10,4,3,0,8,6,9,2,3,3,11,3,9,10,7,10,10,11,7,3,3,4,3,4,9,9,11,9,0,2,3,0,3,3,9,9,7,0,8,0,7,7,8,0,0,5,2,5,7,8,9,3,8,2,5,6,3,9,6,8,7,0,9,3,5,2,5,3,3,6,6,11,8,0,10,7,6
4,10,10,10,10,11,2,6,3,5,2,9,9,0,8,6,2,6,2,3,9,11,8,8,0,7,9,4,4,6,7,7,4,4,8,8,10,4,0,11,6,6,11,4,7,5,7,0,9,11,2,10,3,3,3,11,4,8,6,9,8,10,7,7,11,8,11,9,5,8,5,10,9,11,5,4,2,9,7,10,3,4,4,0,4,10,11,8,11,11,0,8,4,4,5,4,5,10,10,0,10,2,3,4,2,4,4,10,10,8,2,9,2,8,8,9,2,2,6,3,6,8,9,10,4,9,3,6,7,4,10,7,9,8,2,10,4,6,3,6,4,4,7,7,0,9,2,11,8,7
5,11,11,11,11,0,3,7,4,6,3,10,10,2,9,7,3,7,3,4,10,0,9,9,2,8,10,5,5,7,8,8,5,5,9,9,11,5,2,0,7,7,0,5,8,6,8,2,10,0,3,11,4,4,4,0,5,9,7,10,9,11,8,8,0,9,0,10,6,9,6,11,10,0,6,5,3,10,8,11,4,5,5,2,5,11,0,9,0,0,2,9,5,5,6,5,6,11,11,2,11,3,4,5,3,5,5,11,11,9,3,10,3,9,9,10,3,3,7,4,7,9,10,11,5,10,4,7,8,5,11,8,10,9,3,11,5,7,4,7,5,5,8,8,2,10,3,0,9,8
6,0,0,0,0,2,4,8,5,7,4,11,11,3,10,8,4,8,4,5,11,2,10,10,3,9,11,6,6,8,9,9,6,6,10,10,0,6,3,2,8,8,2,6,9,7,9,3,11,2,4,0,5,5,5,2,6,10,8,11,10,0,9,9,2,10,2,11,7,10,7,0,11,2,7,6,4,11,9,0,5,6,6,3,6,0,2,10,2,2,3,10,6,6,7,6,7,0,0,3,0,4,5,6,4,6,6,0,0,10,4,11,4,10,10,11,4,4,8,5,8,10,11,0,6,11,5,8,9,6,0,9,11,10,4,0,6,8,5,8,6,6,9,9,3,11,4,2,10,9
7,2,2,2,2,3,5,9,6,8,5,0,0,4,11,9,5,9,5,6,0,3,11,11,4,10,0,7,7,9,10,10,7,7,11,11,2,7,4,3,9,9,3,7,10,8,10,4,0,3,5,2,6,6,6,3,7,11,9,0,11,2,10,10,3,11,3,0,8,11,8,2,0,3,8,7,5,0,10,2,6,7,7,4,7,2,3,11,3,3,4,11,7,7,8,7,8,2,2,4,2,5,6,7,5,7,7,2,2,11,5,0,5,11,11,0,5,5,9,6,9,11,0,2,7,0,6,9,10,7,2,10,0,11,5,2,7,9,6,9,7,7,10,10,4,0,5,3,11,10
8,3,3,3,3,4,6,10,7,9,6,2,2,5,0,10,6,10,6,7,2,4,0,0,5,11,2,8,8,10,11,11,8,8,0,0,3,8,5,4,10,10,4,8,11,9,11,5,2,4,6,3,7,7,7,4,8,0,10,2,0,3,11,11,4,0,4,2,9,0,9,3,2,4,9,8,6,2,11,3,7,8,8,5,8,3,4,0,4,4,5,0,8,8,9,8,9,3,3,5,3,6,7,8,6,8,8,3,3,0,6,2,6,0,0,2,6,6,10,7,10,0,2,3,8,2,7,10,11,8,3,11,2,0,6,3,8,10,7,10,8,8,11,11,5,2,6,4,0,11
9,4,4,4,4,5,7,11,8,10,7,3,3,6,2,11,7,11,7,8,3,5,2,2,6,0,3,9,9,11,0,0,9,9,2,2,4,9,6,5,11,11,5,9,0,10,0,6,3,5,7,4,8,8,8,5,9,2,11,3,2,4,0,0,5,2,5,3,10,2,10,4,3,5,10,9,7,3,0,4,8,9,9,6,9,4,5,2,5,5,6,2,9,9,10,9,10,4,4,6,4,7,8,9,7,9,9,4,4,2,7,3,7,2,2,3,7,7,11,8,11,2,3,4,9,3,8,11,0,9,4,0,3,2,7,4,9,11,8,11,9,9,0,0,6,3,7,5,2,0
10,5,5,5,5,6,8,0,9,11,8,4,4,7,3,0,8,0,8,9,4,6,3,3,7,2,4,10,10,0,2,2,10,10,3,3,5,10,7,6,0,0,6,10,2,11,2,7,4,6,8,5,9,9,9,6,10,3,0,4,3,5,2,2,6,3,6,4,11,3,11,5,4,6,11,10,8,4,2,5,9,10,10,7,10,5,6,3,6,6,7,3,10,10,11,10,11,5,5,7,5,8,9,10,8,10,10,5,5,3,8,4,8,3,3,4,8,8,0,9,0,3,4,5,10,4,9,0,2,10,5,2,4,3,8,5,10,0,9,0,10,10,2,2,7,4,8,6,3,2
11,6,6,6,6,7,9,2,10,0,9,5,5,8,4,2,9,2,9,10,5,7,4,4,8,3,5,11,11,2,3,3,11,11,4,4,6,11,8,7,2,2,7,11,3,0,3,8,5,7,9,6,10,10,10,7,11,4,2,5,4,6,3,3,7,4,7,5,0,4,0,6,5,7,0,11,9,5,3,6,10,11,11,8,11,6,7,4,7,7,8,4,11,11,0,11,0,6,6,8,6,9,10,11,9,11,11,6,6,4,9,5,9,4,4,5,9,9,2,10,2,4,5,6,11,5,10,2,3,11,6,3,5,4,9,6,11,2,10,2,11,11,3,3,8,5,9,7,4,3
0,7,7,7,7,8,10,3,11,2,10,6,6,9,5,3,10,3,10,11,6,8,5,5,9,4,6,0,0,3,4,4,0,0,5,5,7,0,9,8,3,3,8,0,4,2,4,9,6,8,10,7,11,11,11,8,0,5,3,6,5,7,4,4,8,5,8,6,2,5,2,7,6,8,2,0,10,6,4,7,11,0,0,9,0,7,8,5,8,8,9,5,0,0,2,0,2,7,7,9,7,10,11,0,10,0,0,7,7,5,10,6,10,5,5,6,10,10,3,11,3,5,6,7,0,6,11,3,4,0,7,4,6,5,10,7,0,3,11,3,0,0,4,4,9,6,10,8,5,4
2,8,8,8,8,9,11,4,0,3,11,7,7,10,6,4,11,4,11,0,7,9,6,6,10,5,7,2,2,4,5,5,2,2,6,6,8,2,10,9,4,4,9,2,5,3,5,10,7,9,11,8,0,0,0,9,2,6,4,7,6,8,5,5,9,6,9,7,3,6,3,8,7,9,3,2,11,7,5,8,0,2,2,10,2,8,9,6,9,9,10,6,2,2,3,2,3,8,8,10,8,11,0,2,11,2,2,8,8,6,11,7,11,6,6,7,11,11,4,0,4,6,7,8,2,7,0,4,5,2,8,5,7,6,11,8,2,4,0,4,2,2,5,5,10,7,11,9,6,5
3,9,9,9,9,10,0,5,2,4,0,8,8,11,7,5,0,5,0,2,8,10,7,7,11,6,8,3,3,5,6,6,3,3,7,7,9,3,11,10,5,5,10,3,6,4,6,11,8,10,0,9,2,2,2,10,3,7,5,8,7,9,6,6,10,7,10,8,4,7,4,9,8,10,4,3,0,8,6,9,2,3,3,11,3,9,10,7,10,10,11,7,3,3,4,3,4,9,9,11,9,0,2,3,0,3,3,9,9,7,0,8,0,7,7,8,0,0,5,2,5,7,8,9,3,8,2,5,6,3,9,6,8,7,0,9,3,5,2,5,3,3,6,6,11,8,0,10,7,6
4,10,10,10,10,11,2,6,3,5,2,9,9,0,8,6,2,6,2,3,9,11,8,8,0,7,9,4,4,6,7,7,4,4,8,8,10,4,0,11,6,6,11,4,7,5,7,0,9,11,2,10,3,3,3,11,4,8,6,9,8,10,7,7,11,8,11,9,5,8,5,10,9,11,5,4,2,9,7,10,3,4,4,0,4,10,11,8,11,11,0,8,4,4,5,4,5,10,10,0,10,2,3,4,2,4,4,10,10,8,2,9,2,8,8,9,2,2,6,3,6,8,9,10,4,9,3,6,7,4,10,7,9,8,2,10,4,6,3,6,4,4,7,7,0,9,2,11,8,7
5,11,11,11,11,0,3,7,4,6,3,10,10,2,9,7,3,7,3,4,10,0,9,9,2,8,10,5,5,7,8,8,5,5,9,9,11,5,2,0,7,7,0,5,8,6,8,2,10,0,3,11,4,4,4,0,5,9,7,10,9,11,8,8,0,9,0,10,6,9,6,11,10,0,6,5,3,10,8,11,4,5,5,2,5,11,0,9,0,0,2,9,5,5,6,5,6,11,11,2,11,3,4,5,3,5,5,11,11,9,3,10,3,9,9,10,3,3,7,4,7,9,10,11,5,10,4,7,8,5,11,8,10,9,3,11,5,7,4,7,5,5,8,8,2,10,3,0,9,8
6,0,0,0,0,2,4,8,5,7,4,11,11,3,10,8,4,8,4,5,11,2,10,10,3,9,11,6,6,8,9,9,6,6,10,10,0,6,3,2,8,8,2,6,9,7,9,3,11,2,4,0,5,5,5,2,6,10,8,11,10,0,9,9,2,10,2,11,7,10,7,0,11,2,7,6,4,11,9,0,5,6,6,3,6,0,2,10,2,2,3,10,6,6,7,6,7,0,0,3,0,4,5,6,4,6,6,0,0,10,4,11,4,10,10,11,4,4,8,5,8,10,11,0,6,11,5,8,9,6,0,9,11,10,4,0,6,8,5,8,6,6,9,9,3,11,4,2,10,9
7,2,2,2,2,3,5,9,6,8,5,0,0,4,11,9,5,9,5,6,0,3,11,11,4,10,0,7,7,9,10,10,7,7,11,11,2,7,4,3,9,9,3,7,10,8,10,4,0,3,5,2,6,6,6,3,7,11,9,0,11,2,10,10,3,11,3,0,8,11,8,2,0,3,8,7,5,0,10,2,6,7,7,4,7,2,3,11,3,3,4,11,7,7,8,7,8,2,2,4,2,5,6,7,5,7,7,2,2,11,5,0,5,11,11,0,5,5,9,6,9,11,0,2,7,0,6,9,10,7,2,10,0,11,5,2,7,9,6,9,7,7,10,10,4,0,5,3,11,10
8,3,3,3,3,4,6,10,7,9,6,2,2,5,0,10,6,10,6,7,2,4,0,0,5,11,2,8,8,10,11,11,8,8,0,0,3,8,5,4,10,10,4,8,11,9,11,5,2,4,6,3,7,7,7,4,8,0,10,2,0,3,11,11,4,0,4,2,9,0,9,3,2,4,9,8,6,2,11,3,7,8,8,5,8,3,4,0,4,4,5,0,8,8,9,8,9,3,3,5,3,6,7,8,6,8,8,3,3,0,6,2,6,0,0,2,6,6,10,7,10,0,2,3,8,2,7,10,11,8,3,11,2,0,6,3,8,10,7,10,8,8,11,11,5,2,6,4,0,11
9,4,4,4,4,5,7,11,8,10,7,3,3,6,2,11,7,11,7,8,3,5,2,2,6,0,3,9,9,11,0,0,9,9,2,2,4,9,6,5,11,11,5,9,0,10,0,6,3,5,7,4,8,8,8,5,9,2,11,3,2,4,0,0,5,2,5,3,10,2,10,4,3,5,10,9,7,3,0,4,8,9,9,6,9,4,5,2,5,5,6,2,9,9,10,9,10,4,4,6,4,7,8,9,7,9,9,4,4,2,7,3,7,2,2,3,7,7,11,8,11,2,3,4,9,3,8,11,0,9,4,0,3,2,7,4,9,11,8,11,9,9,0,0,6,3,7,5,2,0
10,5,5,5,5,6,8,0,9,11,8,4,4,7,3,0,8,0,8,9,4,6,3,3,7,2,4,10,10,0,2,2,10,10,3,3,5,10,7,6,0,0,6,10,2,11,2,7,4,6,8,5,9,9,9,6,10,3,0,4,3,5,2,2,6,3,6,4,11,3,11,5,4,6,11,10,8,4,2,5,9,10,10,7,10,5,6,3,6,6,7,3,10,10,11,10,11,5,5,7,5,8,9,10,8,10,10,5,5,3,8,4,8,3,3,4,8,8,0,9,0,3,4,5,10,4,9,0,2,10,5,2,4,3,8,5,10,0,9,0,10,10,2,2,7,4,8,6,3,2
11,6,6,6,6,7,9,2,10,0,9,5,5,8,4,2,9,2,9,10,5,7,4,4,8,3,5,11,11,2,3,3,11,11,4,4,6,11,8,7,2,2,7,11,3,0,3,8,5,7,9,6,10,10,10,7,11,4,2,5,4,6,3,3,7,4,7,5,0,4,0,6,5,7,0,11,9,5,3,6,10,11,11,8,11,6,7,4,7,7,8,4,11,11,0,11,0,6,6,8,6,9,10,11,9,11,11,6,6,4,9,5,9,4,4,5,9,9,2,10,2,4,5,6,11,5,10,2,3,11,6,3,5,4,9,6,11,2,10,2,11,11,3,3,8,5,9,7,4,3
0,7,7,7,7,8,10,3,11,2,10,6,6,9,5,3,10,3,10,11,6,8,5,5,9,4,6,0,0,3,4,4,0,0,5,5,7,0,9,8,3,3,8,0,4,2,4,9,6,8,10,7,11,11,11,8,0,5,3,6,5,7,4,4,8,5,8,6,2,5,2,7,6,8,2,0,10,6,4,7,11,0,0,9,0,7,8,5,8,8,9,5,0,0,2,0,2,7,7,9,7,10,11,0,10,0,0,7,7,5,10,6,10,5,5,6,10,10,3,11,3,5,6,7,0,6,11,3,4,0,7,4,6,5,10,7,0,3,11,3,0,0,4,4,9,6,10,8,5,4
2,8,8,8,8,9,11,4,0,3,11,7,7,10,6,4,11,4,11,0,7,9,6,6,10,5,7,2,2,4,5,5,2,2,6,6,8,2,10,9,4,4,9,2,5,3,5,10,7,9,11,8,0,0,0,9,2,6,4,7,6,8,5,5,9,6,9,7,3,6,3,8,7,9,3,2,11,7,5,8,0,2,2,10,2,8,9,6,9,9,10,6,2,2,3,2,3,8,8,10,8,11,0,2,11,2,2,8,8,6,11,7,11,6,6,7,11,11,4,0,4,6,7,8,2,7,0,4,5,2,8,5,7,6,11,8,2,4,0,4,2,2,5,5,10,7,11,9,6,5
3,9,9,9,9,10,0,5,2,4,0,8,8,11,7,5,0,5,0,2,8,10,7,7,11,6,8,3,3,5,6,6,3,3,7,7,9,3,11,10,5,5,10,3,6,4,6,11,8,10,0,9,2,2,2,10,3,7,5,8,7,9,6,6,10,7,10,8,4,7,4,9,8,10,4,3,0,8,6,9,2,3,3,11,3,9,10,7,10,10,11,7,3,3,4,3,4,9,9,11,9,0,2,3,0,3,3,9,9,7,0,8,0,7,7,8,0,0,5,2,5,7,8,9,3,8,2,5,6,3,9,6,8,7,0,9,3,5,2,5,3,3,6,6,11,8,0,10,7,6
4,10,10,10,10,11,2,6,3,5,2,9,9,0,8,6,2,6,2,3,9,11,8,8,0,7,9,4,4,6,7,7,4,4,8,8,10,4,0,11,6,6,11,4,7,5,7,0,9,11,2,10,3,3,3,11,4,8,6,9,8,10,7,7,11,8,11,9,5,8,5,10,9,11,5,4,2,9,7,10,3,4,4,0,4,10,11,8,11,11,0,8,4,4,5,4,5,10,10,0,10,2,3,4,2,4,4,10,10,8,2,9,2,8,8,9,2,2,6,3,6,8,9,10,4,9,3,6,7,4,10,7,9,8,2,10,4,6,3,6,4,4,7,7,0,9,2,11,8,7
5,11,11,11,11,0,3,7,4,6,3,10,10,2,9,7,3,7,3,4,10,0,9,9,2,8,10,5,5,7,8,8,5,5,9,9,11,5,2,0,7,7,0,5,8,6,8,2,10,0,3,11,4,4,4,0,5,9,7,10,9,11,8,8,0,9,0,10,6,9,6,11,10,0,6,5,3,10,8,11,4,5,5,2,5,11,0,9,0,0,2,9,5,5,6,5,6,11,11,2,11,3,4,5,3,5,5,11,11,9,3,10,3,9,9,10,3,3,7,4,7,9,10,11,5,10,4,7,8,5,11,8,10,9,3,11,5,7,4,7,5,5,8,8,2,10,3,0,9,8
6,0,0,0,0,2,4,8,5,7,4,11,11,3,10,8,4,8,4,5,11,2,10,10,3,9,11,6,6,8,9,9,6,6,10,10,0,6,3,2,8,8,2,6,9,7,9,3,11,2,4,0,5,5,5,2,6,10,8,11,10,0,9,9,2,10,2,11,7,10,7,0,11,2,7,6,4,11,9,0,5,6,6,3,6,0,2,10,2,2,3,10,6,6,7,6,7,0,0,3,0,4,5,6,4,6,6,0,0,10,4,11,4,10,10,11,4,4,8,5,8,10,11,0,6,11,5,8,9,6,0,9,11,10,4,0,6,8,5,8,6,6,9,9,3,11,4,2,10,9
7,2,2,2,2,3,5,9,6,8,5,0,0,4,11,9,5,9,5,6,0,3,11,11,4,10,0,7,7,9,10,10,7,7,11,11,2,7,4,3,9,9,3,7,10,8,10,4,0,3,5,2,6,6,6,3,7,11,9,0,11,2,10,10,3,11,3,0,8,11,8,2,0,3,8,7,5,0,10,2,6,7,7,4,7,2,3,11,3,3,4,11,7,7,8,7,8,2,2,4,2,5,6,7,5,7,7,2,2,11,5,0,5,11,11,0,5,5,9,6,9,11,0,2,7,0,6,9,10,7,2,10,0,11,5,2,7,9,6,9,7,7,10,10,4,0,5,3,11,10
8,3,3,3,3,4,6,10,7,9,6,2,2,5,0,10,6,10,6,7,2,4,0,0,5,11,2,8,8,10,11,11,8,8,0,0,3,8,5,4,10,10,4,8,11,9,11,5,2,4,6,3,7,7,7,4,8,0,10,2,0,3,11,11,4,0,4,2,9,0,9,3,2,4,9,8,6,2,11,3,7,8,8,5,8,3,4,0,4,4,5,0,8,8,9,8,9,3,3,5,3,6,7,8,6,8,8,3,3,0,6,2,6,0,0,2,6,6,10,7,10,0,2,3,8,2,7,10,11,8,3,11,2,0,6,3,8,10,7,10,8,8,11,11,5,2,6,4,0,11
9,4,4,4,4,5,7,11,8,10,7,3,3,6,2,11,7,11,7,8,3,5,2,2,6,0,3,9,9,11,0,0,9,9,2,2,4,9,6,5,11,11,5,9,0,10,0,6,3,5,7,4,8,8,8,5,9,2,11,3,2,4,0,0,5,2,5,3,10,2,10,4,3,5,10,9,7,3,0,4,8,9,9,6,9,4,5,2,5,5,6,2,9,9,10,9,10,4,4,6,4,7,8,9,7,9,9,4,4,2,7,3,7,2,2,3,7,7,11,8,11,2,3,4,9,3,8,11,0,9,4,0,3,2,7,4,9,11,8,11,9,9,0,0,6,3,7,5,2,0
10,5,5,5,5,6,8,0,9,11,8,4,4,7,3,0,8,0,8,9,4,6,3,3,7,2,4,10,10,0,2,2,10,10,3,3,5,10,7,6,0,0,6,10,2,11,2,7,4,6,8,5,9,9,9,6,10,3,0,4,3,5,2,2,6,3,6,4,11,3,11,5,4,6,11,10,8,4,2,5,9,10,10,7,10,5,6,3,6,6,7,3,10,10,11,10,11,5,5,7,5,8,9,10,8,10,10,5,5,3,8,4,8,3,3,4,8,8,0,9,0,3,4,5,10,4,9,0,2,10,5,2,4,3,8,5,10,0,9,0,10,10,2,2,7,4,8,6,3,2
11,6,6,6,6,7,9,2,10,0,9,5,5,8,4,2,9,2,9,10,5,7,4,4,8,3,5,11,11,2,3,3,11,11,4,4,6,11,8,7,2,2,7,11,3,0,3,8,5,7,9,6,10,10,10,7,11,4,2,5,4,6,3,3,7,4,7,5,0,4,0,6,5,7,0,11,9,5,3,6,10,11,11,8,11,6,7,4,7,7,8,4,11,11,0,11,0,6,6,8,6,9,10,11,9,11,11,6,6,4,9,5,9,4,4,5,9,9,2,10,2,4,5,6,11,5,10,2,3,11,6,3,5,4,9,6,11,2,10,2,11,11,3,3,8,5,9,7,4,3
0,7,7,7,7,8,10,3,11,2,10,6,6,9,5,3,10,3,10,11,6,8,5,5,9,4,6,0,0,3,4,4,0,0,5,5,7,0,9,8,3,3,8,0,4,2,4,9,6,8,10,7,11,11,11,8,0,5,3,6,5,7,4,4,8,5,8,6,2,5,2,7,6,8,2,0,10,6,4,7,11,0,0,9,0,7,8,5,8,8,9,5,0,0,2,0,2,7,7,9,7,10,11,0,10,0,0,7,7,5,10,6,10,5,5,6,10,10,3,11,3,5,6,7,0,6,11,3,4,0,7,4,6,5,10,7,0,3,11,3,0,0,4,4,9,6,10,8,5,4
2,8,8,8,8,9,11,4,0,3,11,7,7,10,6,4,11,4,11,0,7,9,6,6,10,5,7,2,2,4,5,5,2,2,6,6,8,2,10,9,4,4,9,2,5,3,5,10,7,9,11,8,0,0,0,9,2,6,4,7,6,8,5,5,9,6,9,7,3,6,3,8,7,9,3,2,11,7,5,8,0,2,2,10,2,8,9,6,9,9,10,6,2,2,3,2,3,8,8,10,8,11,0,2,11,2,2,8,8,6,11,7,11,6,6,7,11,11,4,0,4,6,7,8,2,7,0,4,5,2,8,5,7,6,11,8,2,4,0,4,2,2,5,5,10,7,11,9,6,5
3,9,9,9,9,10,0,5,2,4,0,8,8,11,7,5,0,5,0,2,8,10,7,7,11,6,8,3,3,5,6,6,3,3,7,7,9,3,11,10,5,5,10,3,6,4,6,11,8,10,0,9,2,2,2,10,3,7,5,8,7,9,6,6,10,7,10,8,4,7,4,9,8,10,4,3,0,8,6,9,2,3,3,11,3,9,10,7,10,10,11,7,3,3,4,3,4,9,9,11,9,0,2,3,0,3,3,9,9,7,0,8,0,7,7,8,0,0,5,2,5,7,8,9,3,8,2,5,6,3,9,6,8,7,0,9,3,5,2,5,3,3,6,6,11,8,0,10,7,6
4,10,10,10,10,11,2,6,3,5,2,9,9,0,8,6,2,6,2,3,9,11,8,8,0,7,9,4,4,6,7,7,4,4,8,8,10,4,0,11,6,6,11,4,7,5,7,0,9,11,2,10,3,3,3,11,4,8,6,9,8,10,7,7,11,8,11,9,5,8,5,10,9,11,5,4,2,9,7,10,3,4,4,0,4,10,11,8,11,11,0,8,4,4,5,4,5,10,10,0,10,2,3,4,2,4,4,10,10,8,2,9,2,8,8,9,2,2,6,3,6,8,9,10,4,9,3,6,7,4,10,7,9,8,2,10,4,6,3,6,4,4,7,7,0,9,2,11,8,7
5,11,11,11,11,0,3,7,4,6,3,10,10,2,9,7,3,7,3,4,10,0,9,9,2,8,10,5,5,7,8,8,5,5,9,9,11,5,2,0,7,7,0,5,8,6,8,2,10,0,3,11,4,4,4,0,5,9,7,10,9,11,8,8,0,9,0,10,6,9,6,11,10,0,6,5,3,10,8,11,4,5,5,2,5,11,0,9,0,0,2,9,5,5,6,5,6,11,11,2,11,3,4,5,3,5,5,11,11,9,3,10,3,9,9,10,3,3,7,4,7,9,10,11,5,10,4,7,8,5,11,8,10,9,3,11,5,7,4,7,5,5,8,8,2,10,3,0,9,8
6,0,0,0,0,2,4,8,5,7,4,11,11,3,10,8,4,8,4,5,11,2,10,10,3,9,11,6,6,8,9,9,6,6,10,10,0,6,3,2,8,8,2,6,9,7,9,3,11,2,4,0,5,5,5,2,6,10,8,11,10,0,9,9,2,10,2,11,7,10,7,0,11,2,7,6,4,11,9,0,5,6,6,3,6,0,2,10,2,2,3,10,6,6,7,6,7,0,0,3,0,4,5,6,4,6,6,0,0,10,4,11,4,10,10,11,4,4,8,5,8,10,11,0,6,11,5,8,9,6,0,9,11,10,4,0,6,8,5,8,6,6,9,9,3,11,4,2,10,9
7,2,2,2,2,3,5,9,6,8,5,0,0,4,11,9,5,9,5,6,0,3,11,11,4,10,0,7,7,9,10,10,7,7,11,11,2,7,4,3,9,9,3,7,10,8,10,4,0,3,5,2,6,6,6,3,7,11,9,0,11,2,10,10,3,11,3,0,8,11,8,2,0,3,8,7,5,0,10,2,6,7,7,4,7,2,3,11,3,3,4,11,7,7,8,7,8,2,2,4,2,5,6,7,5,7,7,2,2,11,5,0,5,11,11,0,5,5,9,6,9,11,0,2,7,0,6,9,10,7,2,10,0,11,5,2,7,9,6,9,7,7,10,10,4,0,5,3,11,10
8,3,3,3,3,4,6,10,7,9,6,2,2,5,0,10,6,10,6,7,2,4,0,0,5,11,2,8,8,10,11,11,8,8,0,0,3,8,5,4,10,10,4,8,11,9,11,5,2,4,6,3,7,7,7,4,8,0,10,2,0,3,11,11,4,0,4,2,9,0,9,3,2,4,9,8,6,2,11,3,7,8,8,5,8,3,4,0,4,4,5,0,8,8,9,8,9,3,3,5,3,6,7,8,6,8,8,3,3,0,6,2,6,0,0,2,6,6,10,7,10,0,2,3,8,2,7,10,11,8,3,11,2,0,6,3,8,10,7,10,8,8,11,11,5,2,6,4,0,11
9,4,4,4,4,5,7,11,8,10,7,3,3,6,2,11,7,11,7,8,3,5,2,2,6,0,3,9,9,11,0,0,9,9,2,2,4,9,6,5,11,11,5,9,0,10,0,6,3,5,7,4,8,8,8,5,9,2,11,3,2,4,0,0,5,2,5,3,10,2,10,4,3,5,10,9,7,3,0,4,8,9,9,6,9,4,5,2,5,5,6,2,9,9,10,9,10,4,4,6,4,7,8,9,7,9,9,4,4,2,7,3,7,2,2,3,7,7,11,8,11,2,3,4,9,3,8,11,0,9,4,0,3,2,7,4,9,11,8,11,9,9,0,0,6,3,7,5,2,0
10,5,5,5,5,6,8,0,9,11,8,4,4,7,3,0,8,0,8,9,4,6,3,3,7,2,4,10,10,0,2,2,10,10,3,3,5,10,7,6,0,0,6,10,2,11,2,7,4,6,8,5,9,9,9,6,10,3,0,4,3,5,2,2,6,3,6,4,11,3,11,5,4,6,11,10,8,4,2,5,9,10,10,7,10,5,6,3,6,6,7,3,10,10,11,10,11,5,5,7,5,8,9,10,8,10,10,5,5,3,8,4,8,3,3,4,8,8,0,9,0,3,4,5,10,4,9,0,2,10,5,2,4,3,8,5,10,0,9,0,10,10,2,2,7,4,8,6,3,2
11,6,6,6,6,7,9,2,10,0,9,5,5,8,4,2,9,2,9,10,5,7,4,4,8,3,5,11,11,2,3,3,11,11,4,4,6,11,8,7,2,2,7,11,3,0,3,8,5,7,9,6,10,10,10,7,11,4,2,5,4,6,3,3,7,4,7,5,0,4,0,6,5,7,0,11,9,5,3,6,10,11,11,8,11,6,7,4,7,7,8,4,11,11,0,11,0,6,6,8,6,9,10,11,9,11,11,6,6,4,9,5,9,4,4,5,9,9,2,10,2,4,5,6,11,5,10,2,3,11,6,3,5,4,9,6,11,2,10,2,11,11,3,3,8,5,9,7,4,3
0,7,7,7,7,8,10,3,11,2,10,6,6,9,5,3,10,3,10,11,6,8,5,5,9,4,6,0,0,3,4,4,0,0,5,5,7,0,9,8,3,3,8,0,4,2,4,9,6,8,10,7,11,11,11,8,0,5,3,6,5,7,4,4,8,5,8,6,2,5,2,7,6,8,2,0,10,6,4,7,11,0,0,9,0,7,8,5,8,8,9,5,0,0,2,0,2,7,7,9,7,10,11,0,10,0,0,7,7,5,10,6,10,5,5,6,10,10,3,11,3,5,6,7,0,6,11,3,4,0,7,4,6,5,10,7,0,3,11,3,0,0,4,4,9,6,10,8,5,4
2,8,8,8,8,9,11,4,0,3,11,7,7,10,6,4,11,4,11,0,7,9,6,6,10,5,7,2,2,4,5,5,2,2,6,6,8,2,10,9,4,4,9,2,5,3,5,10,7,9,11,8,0,0,0,9,2,6,4,7,6,8,5,5,9,6,9,7,3,6,3,8,7,9,3,2,11,7,5,8,0,2,2,10,2,8,9,6,9,9,10,6,2,2,3,2,3,8,8,10,8,11,0,2,11,2,2,8,8,6,11,7,11,6,6,7,11,11,4,0,4,6,7,8,2,7,0,4,5,2,8,5,7,6,11,8,2,4,0,4,2,2,5,5,10,7,11,9,6,5
3,9,9,9,9,10,0,5,2,4,0,8,8,11,7,5,0,5,0,2,8,10,7,7,11,6,8,3,3,5,6,6,3,3,7,7,9,3,11,10,5,5,10,3,6,4,6,11,8,10,0,9,2,2,2,10,3,7,5,8,7,9,6,6,10,7,10,8,4,7,4,9,8,10,4,3,0,8,6,9,2,3,3,11,3,9,10,7,10,10,11,7,3,3,4,3,4,9,9,11,9,0,2,3,0,3,3,9,9,7,0,8,0,7,7,8,0,0,5,2,5,7,8,9,3,8,2,5,6,3,9,6,8,7,0,9,3,5,2,5,3,3,6,6,11,8,0,10,7,6
4,10,10,10,10,11,2,6,3,5,2,9,9,0,8,6,2,6,2,3,9,11,8,8,0,7,9,4,4,6,7,7,4,4,8,8,10,4,0,11,6,6,11,4,7,5,7,0,9,11,2,10,3,3,3,11,4,8,6,9,8,10,7,7,11,8,11,9,5,8,5,10,9,11,5,4,2,9,7,10,3,4,4,0,4,10,11,8,11,11,0,8,4,4,5,4,5,10,10,0,10,2,3,4,2,4,4,10,10,8,2,9,2,8,8,9,2,2,6,3,6,8,9,10,4,9,3,6,7,4,10,7,9,8,2,10,4,6,3,6,4,4,7,7,0,9,2,11,8,7
5,11,11,11,11,0,3,7,4,6,3,10,10,2,9,7,3,7,3,4,10,0,9,9,2,8,10,5,5,7,8,8,5,5,9,9,11,5,2,0,7,7,0,5,8,6,8,2,10,0,3,11,4,4,4,0,5,9,7,10,9,11,8,8,0,9,0,10,6,9,6,11,10,0,6,5,3,10,8,11,4,5,5,2,5,11,0,9,0,0,2,9,5,5,6,5,6,11,11,2,11,3,4,5,3,5,5,11,11,9,3,10,3,9,9,10,3,3,7,4,7,9,10,11,5,10,4,7,8,5,11,8,10,9,3,11,5,7,4,7,5,5,8,8,2,10,3,0,9,8
6,0,0,0,0,2,4,8,5,7,4,11,11,3,10,8,4,8,4,5,11,2,10,10,3,9,11,6,6,8,9,9,6,6,10,10,0,6,3,2,8,8,2,6,9,7,9,3,11,2,4,0,5,5,5,2,6,10,8,11,10,0,9,9,2,10,2,11,7,10,7,0,11,2,7,6,4,11,9,0,5,6,6,3,6,0,2,10,2,2,3,10,6,6,7,6,7,0,0,3,0,4,5,6,4,6,6,0,0,10,4,11,4,10,10,11,4,4,8,5,8,10,11,0,6,11,5,8,9,6,0,9,11,10,4,0,6,8,5,8,6,6,9,9,3,11,4,2,10,9
7,2,2,2,2,3,5,9,6,8,5,0,0,4,11,9,5,9,5,6,0,3,11,11,4,10,0,7,7,9,10,10,7,7,11,11,2,7,4,3,9,9,3,7,10,8,10,4,0,3,5,2,6,6,6,3,7,11,9,0,11,2,10,10,3,11,3,0,8,11,8,2,0,3,8,7,5,0,10,2,6,7,7,4,7,2,3,11,3,3,4,11,7,7,8,7,8,2,2,4,2,5,6,7,5,7,7,2,2,11,5,0,5,11,11,0,5,5,9,6,9,11,0,2,7,0,6,9,10,7,2,10,0,11,5,2,7,9,6,9,7,7,10,10,4,0,5,3,11,10
8,3,3,3,3,4,6,10,7,9,6,2,2,5,0,10,6,10,6,7,2,4,0,0,5,11,2,8,8,10,11,11,8,8,0,0,3,8,5,4,10,10,4,8,11,9,11,5,2,4,6,3,7,7,7,4,8,0,10,2,0,3,11,11,4,0,4,2,9,0,9,3,2,4,9,8,6,2,11,3,7,8,8,5,8,3,4,0,4,4,5,0,8,8,9,8,9,3,3,5,3,6,7,8,6,8,8,3,3,0,6,2,6,0,0,2,6,6,10,7,10,0,2,3,8,2,7,10,11,8,3,11,2,0,6,3,8,10,7,10,8,8,11,11,5,2,6,4,0,11
9,4,4,4,4,5,7,11,8,10,7,3,3,6,2,11,7,11,7,8,3,5,2,2,6,0,3,9,9,11,0,0,9,9,2,2,4,9,6,5,11,11,5,9,0,10,0,6,3,5,7,4,8,8,8,5,9,2,11,3,2,4,0,0,5,2,5,3,10,2,10,4,3,5,10,9,7,3,0,4,8,9,9,6,9,4,5,2,5,5,6,2,9,9,10,9,10,4,4,6,4,7,8,9,7,9,9,4,4,2,7,3,7,2,2,3,7,7,11,8,11,2,3,4,9,3,8,11,0,9,4,0,3,2,7,4,9,11,8,11,9,9,0,0,6,3,7,5,2,0
10,5,5,5,5,6,8,0,9,11,8,4,4,7,3,0,8,0,8,9,4,6,3,3,7,2,4,10,10,0,2,2,10,10,3,3,5,10,7,6,0,0,6,10,2,11,2,7,4,6,8,5,9,9,9,6,10,3,0,4,3,5,2,2,6,3,6,4,11,3,11,5,4,6,11,10,8,4,2,5,9,10,10,7,10,5,6,3,6,6,7,3,10,10,11,10,11,5,5,7,5,8,9,10,8,10,10,5,5,3,8,4,8,3,3,4,8,8,0,9,0,3,4,5,10,4,9,0,2,10,5,2,4,3,8,5,10,0,9,0,10,10,2,2,7,4,8,6,3,2
11,6,6,6,6,7,9,2,10,0,9,5,5,8,4,2,9,2,9,10,5,7,4,4,8,3,5,11,11,2,3,3,11,11,4,4,6,11,8,7,2,2,7,11,3,0,3,8,5,7,9,6,10,10,10,7,11,4,2,5,4,6,3,3,7,4,7,5,0,4,0,6,5,7,0,11,9,5,3,6,10,11,11,8,11,6,7,4,7,7,8,4,11,11,0,11,0,6,6,8,6,9,10,11,9,11,11,6,6,4,9,5,9,4,4,5,9,9,2,10,2,4,5,6,11,5,10,2,3,11,6,3,5,4,9,6,11,2,10,2,11,11,3,3,8,5,9,7,4,3
0,7,7,7,7,8,10,3,11,2,10,6,6,9,5,3,10,3,10,11,6,8,5,5,9,4,6,0,0,3,4,4,0,0,5,5,7,0,9,8,3,3,8,0,4,2,4,9,6,8,10,7,11,11,11,8,0,5,3,6,5,7,4,4,8,5,8,6,2,5,2,7,6,8,2,0,10,6,4,7,11,0,0,9,0,7,8,5,8,8,9,5,0,0,2,0,2,7,7,9,7,10,11,0,10,0,0,7,7,5,10,6,10,5,5,6,10,10,3,11,3,5,6,7,0,6,11,3,4,0,7,4,6,5,10,7,0,3,11,3,0,0,4,4,9,6,10,8,5,4
2,8,8,8,8,9,11,4,0,3,11,7,7,10,6,4,11,4,11,0,7,9,6,6,10,5,7,2,2,4,5,5,2,2,6,6,8,2,10,9,4,4,9,2,5,3,5,10,7,9,11,8,0,0,0,9,2,6,4,7,6,8,5,5,9,6,9,7,3,6,3,8,7,9,3,2,11,7,5,8,0,2,2,10,2,8,9,6,9,9,10,6,2,2,3,2,3,8,8,10,8,11,0,2,11,2,2,8,8,6,11,7,11,6,6,7,11,11,4,0,4,6,7,8,2,7,0,4,5,2,8,5,7,6,11,8,2,4,0,4,2,2,5,5,10,7,11,9,6,5
3,9,9,9,9,10,0,5,2,4,0,8,8,11,7,5,0,5,0,2,8,10,7,7,11,6,8,3,3,5,6,6,3,3,7,7,9,3,11,10,5,5,10,3,6,4,6,11,8,10,0,9,2,2,2,10,3,7,5,8,7,9,6,6,10,7,10,8,4,7,4,9,8,10,4,3,0,8,6,9,2,3,3,11,3,9,10,7,10,10,11,7,3,3,4,3,4,9,9,11,9,0,2,3,0,3,3,9,9,7,0,8,0,7,7,8,0,0,5,2,5,7,8,9,3,8,2,5,6,3,9,6,8,7,0,9,3,5,2,5,3,3,6,6,11,8,0,10,7,6
4,10,10,10,10,11,2,6,3,5,2,9,9,0,8,6,2,6,2,3,9,11,8,8,0,7,9,4,4,6,7,7,4,4,8,8,10,4,0,11,6,6,11,4,7,5,7,0,9,11,2,10,3,3,3,11,4,8,6,9,8,10,7,7,11,8,11,9,5,8,5,10,9,11,5,4,2,9,7,10,3,4,4,0,4,10,11,8,11,11,0,8,4,4,5,4,5,10,10,0,10,2,3,4,2,4,4,10,10,8,2,9,2,8,8,9,2,2,6,3,6,8,9,10,4,9,3,6,7,4,10,7,9,8,2,10,4,6,3,6,4,4,7,7,0,9,2,11,8,7
5,11,11,11,11,0,3,7,4,6,3,10,10,2,9,7,3,7,3,4,10,0,9,9,2,8,10,5,5,7,8,8,5,5,9,9,11,5,2,0,7,7,0,5,8,6,8,2,10,0,3,11,4,4,4,0,5,9,7,10,9,11,8,8,0,9,0,10,6,9,6,11,10,0,6,5,3,10,8,11,4,5,5,2,5,11,0,9,0,0,2,9,5,5,6,5,6,11,11,2,11,3,4,5,3,5,5,11,11,9,3,10,3,9,9,10,3,3,7,4,7,9,10,11,5,10,4,7,8,5,11,8,10,9,3,11,5,7,4,7,5,5,8,8,2,10,3,0,9,8
6,0,0,0,0,2,4,8,5,7,4,11,11,3,10,8,4,8,4,5,11,2,10,10,3,9,11,6,6,8,9,9,6,6,10,10,0,6,3,2,8,8,2,6,9,7,9,3,11,2,4,0,5,5,5,2,6,10,8,11,10,0,9,9,2,10,2,11,7,10,7,0,11,2,7,6,4,11,9,0,5,6,6,3,6,0,2,10,2,2,3,10,6,6,7,6,7,0,0,3,0,4,5,6,4,6,6,0,0,10,4,11,4,10,10,11,4,4,8,5,8,10,11,0,6,11,5,8,9,6,0,9,11,10,4,0,6,8,5,8,6,6,9,9,3,11,4,2,10,9
7,2,2,2,2,3,5,9,6,8,5,0,0,4,11,9,5,9,5,6,0,3,11,11,4,10,0,7,7,9,10,10,7,7,11,11,2,7,4,3,9,9,3,7,10,8,10,4,0,3,5,2,6,6,6,3,7,11,9,0,11,2,10,10,3,11,3,0,8,11,8,2,0,3,8,7,5,0,10,2,6,7,7,4,7,2,3,11,3,3,4,11,7,7,8,7,8,2,2,4,2,5,6,7,5,7,7,2,2,11,5,0,5,11,11,0,5,5,9,6,9,11,0,2,7,0,6,9,10,7,2,10,0,11,5,2,7,9,6,9,7,7,10,10,4,0,5,3,11,10
8,3,3,3,3,4,6,10,7,9,6,2,2,5,0,10,6,10,6,7,2,4,0,0,5,11,2,8,8,10,11,11,8,8,0,0,3,8,5,4,10,10,4,8,11,9,11,5,2,4,6,3,7,7,7,4,8,0,10,2,0,3,11,11,4,0,4,2,9,0,9,3,2,4,9,8,6,2,11,3,7,8,8,5,8,3,4,0,4,4,5,0,8,8,9,8,9,3,3,5,3,6,7,8,6,8,8,3,3,0,6,2,6,0,0,2,6,6,10,7,10,0,2,3,8,2,7,10,11,8,3,11,2,0,6,3,8,10,7,10,8,8,11,11,5,2,6,4,0,11
9,4,4,4,4,5,7,11,8,10,7,3,3,6,2,11,7,11,7,8,3,5,2,2,6,0,3,9,9,11,0,0,9,9,2,2,4,9,6,5,11,11,5,9,0,10,0,6,3,5,7,4,8,8,8,5,9,2,11,3,2,4,0,0,5,2,5,3,10,2,10,4,3,5,10,9,7,3,0,4,8,9,9,6,9,4,5,2,5,5,6,2,9,9,10,9,10,4,4,6,4,7,8,9,7,9,9,4,4,2,7,3,7,2,2,3,7,7,11,8,11,2,3,4,9,3,8,11,0,9,4,0,3,2,7,4,9,11,8,11,9,9,0,0,6,3,7,5,2,0
10,5,5,5,5,6,8,0,9,11,8,4,4,7,3,0,8,0,8,9,4,6,3,3,7,2,4,10,10,0,2,2,10,10,3,3,5,10,7,6,0,0,6,10,2,11,2,7,4,6,8,5,9,9,9,6,10,3,0,4,3,5,2,2,6,3,6,4,11,3,11,5,4,6,11,10,8,4,2,5,9,10,10,7,10,5,6,3,6,6,7,3,10,10,11,10,11,5,5,7,5,8,9,10,8,10,10,5,5,3,8,4,8,3,3,4,8,8,0,9,0,3,4,5,10,4,9,0,2,10,5,2,4,3,8,5,10,0,9,0,10,10,2,2,7,4,8,6,3,2
11,6,6,6,6,7,9,2,10,0,9,5,5,8,4,2,9,2,9,10,5,7,4,4,8,3,5,11,11,2,3,3,11,11,4,4,6,11,8,7,2,2,7,11,3,0,3,8,5,7,9,6,10,10,10,7,11,4,2,5,4,6,3,3,7,4,7,5,0,4,0,6,5,7,0,11,9,5,3,6,10,11,11,8,11,6,7,4,7,7,8,4,11,11,0,11,0,6,6,8,6,9,10,11,9,11,11,6,6,4,9,5,9,4,4,5,9,9,2,10,2,4,5,6,11,5,10,2,3,11,6,3,5,4,9,6,11,2,10,2,11,11,3,3,8,5,9,7,4,3
0,7,7,7,7,8,10,3,11,2,10,6,6,9,5,3,10,3,10,11,6,8,5,5,9,4,6,0,0,3,4,4,0,0,5,5,7,0,9,8,3,3,8,0,4,2,4,9,6,8,10,7,11,11,11,8,0,5,3,6,5,7,4,4,8,5,8,6,2,5,2,7,6,8,2,0,10,6,4,7,11,0,0,9,0,7,8,5,8,8,9,5,0,0,2,0,2,7,7,9,7,10,11,0,10,0,0,7,7,5,10,6,10,5,5,6,10,10,3,11,3,5,6,7,0,6,11,3,4,0,7,4,6,5,10,7,0,3,11,3,0,0,4,4,9,6,10,8,5,4
2,8,8,8,8,9,11,4,0,3,11,7,7,10,6,4,11,4,11,0,7,9,6,6,10,5,7,2,2,4,5,5,2,2,6,6,8,2,10,9,4,4,9,2,5,3,5,10,7,9,11,8,0,0,0,9,2,6,4,7,6,8,5,5,9,6,9,7,3,6,3,8,7,9,3,2,11,7,5,8,0,2,2,10,2,8,9,6,9,9,10,6,2,2,3,2,3,8,8,10,8,11,0,2,11,2,2,8,8,6,11,7,11,6,6,7,11,11,4,0,4,6,7,8,2,7,0,4,5,2,8,5,7,6,11,8,2,4,0,4,2,2,5,5,10,7,11,9,6,5
3,9,9,9,9,10,0,5,2,4,0,8,8,11,7,5,0,5,0,2,8,10,7,7,11,6,8,3,3,5,6,6,3,3,7,7,9,3,11,10,5,5,10,3,6,4,6,11,8,10,0,9,2,2,2,10,3,7,5,8,7,9,6,6,10,7,10,8,4,7,4,9,8,10,4,3,0,8,6,9,2,3,3,11,3,9,10,7,10,10,11,7,3,3,4,3,4,9,9,11,9,0,2,3,0,3,3,9,9,7,0,8,0,7,7,8,0,0,5,2,5,7,8,9,3,8,2,5,6,3,9,6,8,7,0,9,3,5,2,5,3,3,6,6,11,8,0,10,7,6
4,10,10,10,10,11,2,6,3,5,2,9,9,0,8,6,2,6,2,3,9,11,8,8,0,7,9,4,4,6,7,7,4,4,8,8,10,4,0,11,6,6,11,4,7,5,7,0,9,11,2,10,3,3,3,11,4,8,6,9,8,10,7,7,11,8,11,9,5,8,5,10,9,11,5,4,2,9,7,10,3,4,4,0,4,10,11,8,11,11,0,8,4,4,5,4,5,10,10,0,10,2,3,4,2,4,4,10,10,8,2,9,2,8,8,9,2,2,6,3,6,8,9,10,4,9,3,6,7,4,10,7,9,8,2,10,4,6,3,6,4,4,7,7,0,9,2,11,8,7
5,11,11,11,11,0,3,7,4,6,3,10,10,2,9,7,3,7,3,4,10,0,9,9,2,8,10,5,5,7,8,8,5,5,9,9,11,5,2,0,7,7,0,5,8,6,8,2,10,0,3,11,4,4,4,0,5,9,7,10,9,11,8,8,0,9,0,10,6,9,6,11,10,0,6,5,3,10,8,11,4,5,5,2,5,11,0,9,0,0,2,9,5,5,6,5,6,11,11,2,11,3,4,5,3,5,5,11,11,9,3,10,3,9,9,10,3,3,7,4,7,9,10,11,5,10,4,7,8,5,11,8,10,9,3,11,5,7,4,7,5,5,8,8,2,10,3,0,9,8
6,0,0,0,0,2,4,8,5,7,4,11,11,3,10,8,4,8,4,5,11,2,10,10,3,9,11,6,6,8,9,9,6,6,10,10,0,6,3,2,8,8,2,6,9,7,9,3,11,2,4,0,5,5,5,2,6,10,8,11,10,0,9,9,2,10,2,11,7,10,7,0,11,2,7,6,4,11,9,0,5,6,6,3,6,0,2,10,2,2,3,10,6,6,7,6,7,0,0,3,0,4,5,6,4,6,6,0,0,10,4,11,4,10,10,11,4,4,8,5,8,10,11,0,6,11,5,8,9,6,0,9,11,10,4,0,6,8,5,8,6,6,9,9,3,11,4,2,10,9
7,2,2,2,2,3,5,9,6,8,5,0,0,4,11,9,5,9,5,6,0,3,11,11,4,10,0,7,7,9,10,10,7,7,11,11,2,7,4,3,9,9,3,7,10,8,10,4,0,3,5,2,6,6,6,3,7,11,9,0,11,2,10,10,3,11,3,0,8,11,8,2,0,3,8,7,5,0,10,2,6,7,7,4,7,2,3,11,3,3,4,11,7,7,8,7,8,2,2,4,2,5,6,7,5,7,7,2,2,11,5,0,5,11,11,0,5,5,9,6,9,11,0,2,7,0,6,9,10,7,2,10,0,11,5,2,7,9,6,9,7,7,10,10,4,0,5,3,11,10
8,3,3,3,3,4,6,10,7,9,6,2,2,5,0,10,6,10,6,7,2,4,0,0,5,11,2,8,8,10,11,11,8,8,0,0,3,8,5,4,10,10,4,8,11,9,11,5,2,4,6,3,7,7,7,4,8,0,10,2,0,3,11,11,4,0,4,2,9,0,9,3,2,4,9,8,6,2,11,3,7,8,8,5,8,3,4,0,4,4,5,0,8,8,9,8,9,3,3,5,3,6,7,8,6,8,8,3,3,0,6,2,6,0,0,2,6,6,10,7,10,0,2,3,8,2,7,10,11,8,3,11,2,0,6,3,8,10,7,10,8,8,11,11,5,2,6,4,0,11
9,4,4,4,4,5,7,11,8,10,7,3,3,6,2,11,7,11,7,8,3,5,2,2,6,0,3,9,9,11,0,0,9,9,2,2,4,9,6,5,11,11,5,9,0,10,0,6,3,5,7,4,8,8,8,5,9,2,11,3,2,4,0,0,5,2,5,3,10,2,10,4,3,5,10,9,7,3,0,4,8,9,9,6,9,4,5,2,5,5,6,2,9,9,10,9,10,4,4,6,4,7,8,9,7,9,9,4,4,2,7,3,7,2,2,3,7,7,11,8,11,2,3,4,9,3,8,11,0,9,4,0,3,2,7,4,9,11,8,11,9,9,0,0,6,3,7,5,2,0
10,5,5,5,5,6,8,0,9,11,8,4,4,7,3,0,8,0,8,9,4,6,3,3,7,2,4,10,10,0,2,2,10,10,3,3,5,10,7,6,0,0,6,10,2,11,2,7,4,6,8,5,9,9,9,6,10,3,0,4,3,5,2,2,6,3,6,4,11,3,11,5,4,6,11,10,8,4,2,5,9,10,10,7,10,5,6,3,6,6,7,3,10,10,11,10,11,5,5,7,5,8,9,10,8,10,10,5,5,3,8,4,8,3,3,4,8,8,0,9,0,3,4,5,10,4,9,0,2,10,5,2,4,3,8,5,10,0,9,0,10,10,2,2,7,4,8,6,3,2
11,6,6,6,6,7,9,2,10,0,9,5,5,8,4,2,9,2,9,10,5,7,4,4,8,3,5,11,11,2,3,3,11,11,4,4,6,11,8,7,2,2,7,11,3,0,3,8,5,7,9,6,10,10,10,7,11,4,2,5,4,6,3,3,7,4,7,5,0,4,0,6,5,7,0,11,9,5,3,6,10,11,11,8,11,6,7,4,7,7,8,4,11,11,0,11,0,6,6,8,6,9,10,11,9,11,11,6,6,4,9,5,9,4,4,5,9,9,2,10,2,4,5,6,11,5,10,2,3,11,6,3,5,4,9,6,11,2,10,2,11,11,3,3,8,5,9,7,4,3
0,7,7,7,7,8,10,3,11,2,10,6,6,9,5,3,10,3,10,11,6,8,5,5,9,4,6,0,0,3,4,4,0,0,5,5,7,0,9,8,3,3,8,0,4,2,4,9,6,8,10,7,11,11,11,8,0,5,3,6,5,7,4,4,8,5,8,6,2,5,2,7,6,8,2,0,10,6,4,7,11,0,0,9,0,7,8,5,8,8,9,5,0,0,2,0,2,7,7,9,7,10,11,0,10,0,0,7,7,5,10,6,10,5,5,6,10,10,3,11,3,5,6,7,0,6,11,3,4,0,7,4,6,5,10,7,0,3,11,3,0,0,4,4,9,6,10,8,5,4
2,8,8,8,8,9,11,4,0,3,11,7,7,10,6,4,11,4,11,0,7,9,6,6,10,5,7,2,2,4,5,5,2,2,6,6,8,2,10,9,4,4,9,2,5,3,5,10,7,9,11,8,0,0,0,9,2,6,4,7,6,8,5,5,9,6,9,7,3,6,3,8,7,9,3,2,11,7,5,8,0,2,2,10,2,8,9,6,9,9,10,6,2,2,3,2,3,8,8,10,8,11,0,2,11,2,2,8,8,6,11,7,11,6,6,7,11,11,4,0,4,6,7,8,2,7,0,4,5,2,8,5,7,6,11,8,2,4,0,4,2,2,5,5,10,7,11,9,6,5
3,9,9,9,9,10,0,5,2,4,0,8,8,11,7,5,0,5,0,2,8,10,7,7,11,6,8,3,3,5,6,6,3,3,7,7,9,3,11,10,5,5,10,3,6,4,6,11,8,10,0,9,2,2,2,10,3,7,5,8,7,9,6,6,10,7,10,8,4,7,4,9,8,10,4,3,0,8,6,9,2,3,3,11,3,9,10,7,10,10,11,7,3,3,4,3,4,9,9,11,9,0,2,3,0,3,3,9,9,7,0,8,0,7,7,8,0,0,5,2,5,7,8,9,3,8,2,5,6,3,9,6,8,7,0,9,3,5,2,5,3,3,6,6,11,8,0,10,7,6
4,10,10,10,10,11,2,6,3,5,2,9,9,0,8,6,2,6,2,3,9,11,8,8,0,7,9,4,4,6,7,7,4,4,8,8,10,4,0,11,6,6,11,4,7,5,7,0,9,11,2,10,3,3,3,11,4,8,6,9,8,10,7,7,11,8,11,9,5,8,5,10,9,11,5,4,2,9,7,10,3,4,4,0,4,10,11,8,11,11,0,8,4,4,5,4,5,10,10,0,10,2,3,4,2,4,4,10,10,8,2,9,2,8,8,9,2,2,6,3,6,8,9,10,4,9,3,6,7,4,10,7,9,8,2,10,4,6,3,6,4,4,7,7,0,9,2,11,8,7
5,11,11,11,11,0,3,7,4,6,3,10,10,2,9,7,3,7,3,4,10,0,9,9,2,8,10,5,5,7,8,8,5,5,9,9,11,5,2,0,7,7,0,5,8,6,8,2,10,0,3,11,4,4,4,0,5,9,7,10,9,11,8,8,0,9,0,10,6,9,6,11,10,0,6,5,3,10,8,11,4,5,5,2,5,11,0,9,0,0,2,9,5,5,6,5,6,11,11,2,11,3,4,5,3,5,5,11,11,9,3,10,3,9,9,10,3,3,7,4,7,9,10,11,5,10,4,7,8,5,11,8,10,9,3,11,5,7,4,7,5,5,8,8,2,10,3,0,9,8
6,0,0,0,0,2,4,8,5,7,4,11,11,3,10,8,4,8,4,5,11,2,10,10,3,9,11,6,6,8,9,9,6,6,10,10,0,6,3,2,8,8,2,6,9,7,9,3,11,2,4,0,5,5,5,2,6,10,8,11,10,0,9,9,2,10,2,11,7,10,7,0,11,2,7,6,4,11,9,0,5,6,6,3,6,0,2,10,2,2,3,10,6,6,7,6,7,0,0,3,0,4,5,6,4,6,6,0,0,10,4,11,4,10,10,11,4,4,8,5,8,10,11,0,6,11,5,8,9,6,0,9,11,10,4,0,6,8,5,8,6,6,9,9,3,11,4,2,10,9
7,2,2,2,2,3,5,9,6,8,5,0,0,4,11,9,5,9,5,6,0,3,11,11,4,10,0,7,7,9,10,10,7,7,11,11,2,7,4,3,9,9,3,7,10,8,10,4,0,3,5,2,6,6,6,3,7,11,9,0,11,2,10,10,3,11,3,0,8,11,8,2,0,3,8,7,5,0,10,2,6,7,7,4,7,2,3,11,3,3,4,11,7,7,8,7,8,2,2,4,2,5,6,7,5,7,7,2,2,11,5,0,5,11,11,0,5,5,9,6,9,11,0,2,7,0,6,9,10,7,2,10,0,11,5,2,7,9,6,9,7,7,10,10,4,0,5,3,11,10
8,3,3,3,3,4,6,10,7,9,6,2,2,5,0,10,6,10,6,7,2,4,0,0,5,11,2,8,8,10,11,11,8,8,0,0,3,8,5,4,10,10,4,8,11,9,11,5,2,4,6,3,7,7,7,4,8,0,10,2,0,3,11,11,4,0,4,2,9,0,9,3,2,4,9,8,6,2,11,3,7,8,8,5,8,3,4,0,4,4,5,0,8,8,9,8,9,3,3,5,3,6,7,8,6,8,8,3,3,0,6,2,6,0,0,2,6,6,10,7,10,0,2,3,8,2,7,10,11,8,3,11,2,0,6,3,8,10,7,10,8,8,11,11,5,2,6,4,0,11
9,4,4,4,4,5,7,11,8,10,7,3,3,6,2,11,7,11,7,8,3,5,2,2,6,0,3,9,9,11,0,0,9,9,2,2,4,9,6,5,11,11,5,9,0,10,0,6,3,5,7,4,8,8,8,5,9,2,11,3,2,4,0,0,5,2,5,3,10,2,10,4,3,5,10,9,7,3,0,4,8,9,9,6,9,4,5,2,5,5,6,2,9,9,10,9,10,4,4,6,4,7,8,9,7,9,9,4,4,2,7,3,7,2,2,3,7,7,11,8,11,2,3,4,9,3,8,11,0,9,4,0,3,2,7,4,9,11,8,11,9,9,0,0,6,3,7,5,2,0
10,5,5,5,5,6,8,0,9,11,8,4,4,7,3,0,8,0,8,9,4,6,3,3,7,2,4,10,10,0,2,2,10,10,3,3,5,10,7,6,0,0,6,10,2,11,2,7,4,6,8,5,9,9,9,6,10,3,0,4,3,5,2,2,6,3,6,4,11,3,11,5,4,6,11,10,8,4,2,5,9,10,10,7,10,5,6,3,6,6,7,3,10,10,11,10,11,5,5,7,5,8,9,10,8,10,10,5,5,3,8,4,8,3,3,4,8,8,0,9,0,3,4,5,10,4,9,0,2,10,5,2,4,3,8,5,10,0,9,0,10,10,2,2,7,4,8,6,3,2
11,6,6,6,6,7,9,2,10,0,9,5,5,8,4,2,9,2,9,10,5,7,4,4,8,3,5,11,11,2,3,3,11,11,4,4,6,11,8,7,2,2,7,11,3,0,3,8,5,7,9,6,10,10,10,7,11,4,2,5,4,6,3,3,7,4,7,5,0,4,0,6,5,7,0,11,9,5,3,6,10,11,11,8,11,6,7,4,7,7,8,4,11,11,0,11,0,6,6,8,6,9,10,11,9,11,11,6,6,4,9,5,9,4,4,5,9,9,2,10,2,4,5,6,11,5,10,2,3,11,6,3,5,4,9,6,11,2,10,2,11,11,3,3,8,5,9,7,4,3
0,7,7,7,7,8,10,3,11,2,10,6,6,9,5,3,10,3,10,11,6,8,5,5,9,4,6,0,0,3,4,4,0,0,5,5,7,0,9,8,3,3,8,0,4,2,4,9,6,8,10,7,11,11,11,8,0,5,3,6,5,7,4,4,8,5,8,6,2,5,2,7,6,8,2,0,10,6,4,7,11,0,0,9,0,7,8,5,8,8,9,5,0,0,2,0,2,7,7,9,7,10,11,0,10,0,0,7,7,5,10,6,10,5,5,6,10,10,3,11,3,5,6,7,0,6,11,3,4,0,7,4,6,5,10,7,0,3,11,3,0,0,4,4,9,6,10,8,5,4
2,8,8,8,8,9,11,4,0,3,11,7,7,10,6,4,11,4,11,0,7,9,6,6,10,5,7,2,2,4,5,5,2,2,6,6,8,2,10,9,4,4,9,2,5,3,5,10,7,9,11,8,0,0,0,9,2,6,4,7,6,8,5,5,9,6,9,7,3,6,3,8,7,9,3,2,11,7,5,8,0,2,2,10,2,8,9,6,9,9,10,6,2,2,3,2,3,8,8,10,8,11,0,2,11,2,2,8,8,6,11,7,11,6,6,7,11,11,4,0,4,6,7,8,2,7,0,4,5,2,8,5,7,6,11,8,2,4,0,4,2,2,5,5,10,7,11,9,6,5
3,9,9,9,9,10,0,5,2,4,0,8,8,11,7,5,0,5,0,2,8,10,7,7,11,6,8,3,3,5,6,6,3,3,7,7,9,3,11,10,5,5,10,3,6,4,6,11,8,10,0,9,2,2,2,10,3,7,5,8,7,9,6,6,10,7,10,8,4,7,4,9,8,10,4,3,0,8,6,9,2,3,3,11,3,9,10,7,10,10,11,7,3,3,4,3,4,9,9,11,9,0,2,3,0,3,3,9,9,7,0,8,0,7,7,8,0,0,5,2,5,7,8,9,3,8,2,5,6,3,9,6,8,7,0,9,3,5,2,5,3,3,6,6,11,8,0,10,7,6
4,10,10,10,10,11,2,6,3,5,2,9,9,0,8,6,2,6,2,3,9,11,8,8,0,7,9,4,4,6,7,7,4,4,8,8,10,4,0,11,6,6,11,4,7,5,7,0,9,11,2,10,3,3,3,11,4,8,6,9,8,10,7,7,11,8,11,9,5,8,5,10,9,11,5,4,2,9,7,10,3,4,4,0,4,10,11,8,11,11,0,8,4,4,5,4,5,10,10,0,10,2,3,4,2,4,4,10,10,8,2,9,2,8,8,9,2,2,6,3,6,8,9,10,4,9,3,6,7,4,10,7,9,8,2,10,4,6,3,6,4,4,7,7,0,9,2,11,8,7
5,11,11,11,11,0,3,7,4,6,3,10,10,2,9,7,3,7,3,4,10,0,9,9,2,8,10,5,5,7,8,8,5,5,9,9,11,5,2,0,7,7,0,5,8,6,8,2,10,0,3,11,4,4,4,0,5,9,7,10,9,11,8,8,0,9,0,10,6,9,6,11,10,0,6,5,3,10,8,11,4,5,5,2,5,11,0,9,0,0,2,9,5,5,6,5,6,11,11,2,11,3,4,5,3,5,5,11,11,9,3,10,3,9,9,10,3,3,7,4,7,9,10,11,5,10,4,7,8,5,11,8,10,9,3,11,5,7,4,7,5,5,8,8,2,10,3,0,9,8
6,0,0,0,0,2,4,8,5,7,4,11,11,3,10,8,4,8,4,5,11,2,10,10,3,9,11,6,6,8,9,9,6,6,10,10,0,6,3,2,8,8,2,6,9,7,9,3,11,2,4,0,5,5,5,2,6,10,8,11,10,0,9,9,2,10,2,11,7,10,7,0,11,2,7,6,4,11,9,0,5,6,6,3,6,0,2,10,2,2,3,10,6,6,7,6,7,0,0,3,0,4,5,6,4,6,6,0,0,10,4,11,4,10,10,11,4,4,8,5,8,10,11,0,6,11,5,8,9,6,0,9,11,10,4,0,6,8,5,8,6,6,9,9,3,11,4,2,10,9
7,2,2,2,2,3,5,9,6,8,5,0,0,4,11,9,5,9,5,6,0,3,11,11,4,10,0,7,7,9,10,10,7,7,11,11,2,7,4,3,9,9,3,7,10,8,10,4,0,3,5,2,6,6,6,3,7,11,9,0,11,2,10,10,3,11,3,0,8,11,8,2,0,3,8,7,5,0,10,2,6,7,7,4,7,2,3,11,3,3,4,11,7,7,8,7,8,2,2,4,2,5,6,7,5,7,7,2,2,11,5,0,5,11,11,0,5,5,9,6,9,11,0,2,7,0,6,9,10,7,2,10,0,11,5,2,7,9,6,9,7,7,10,10,4,0,5,3,11,10
8,3,3,3,3,4,6,10,7,9,6,2,2,5,0,10,6,10,6,7,2,4,0,0,5,11,2,8,8,10,11,11,8,8,0,0,3,8,5,4,10,10,4,8,11,9,11,5,2,4,6,3,7,7,7,4,8,0,10,2,0,3,11,11,4,0,4,2,9,0,9,3,2,4,9,8,6,2,11,3,7,8,8,5,8,3,4,0,4,4,5,0,8,8,9,8,9,3,3,5,3,6,7,8,6,8,8,3,3,0,6,2,6,0,0,2,6,6,10,7,10,0,2,3,8,2,7,10,11,8,3,11,2,0,6,3,8,10,7,10,8,8,11,11,5,2,6,4,0,11
9,4,4,4,4,5,7,11,8,10,7,3,3,6,2,11,7,11,7,8,3,5,2,2,6,0,3,9,9,11,0,0,9,9,2,2,4,9,6,5,11,11,5,9,0,10,0,6,3,5,7,4,8,8,8,5,9,2,11,3,2,4,0,0,5,2,5,3,10,2,10,4,3,5,10,9,7,3,0,4,8,9,9,6,9,4,5,2,5,5,6,2,9,9,10,9,10,4,4,6,4,7,8,9,7,9,9,4,4,2,7,3,7,2,2,3,7,7,11,8,11,2,3,4,9,3,8,11,0,9,4,0,3,2,7,4,9,11,8,11,9,9,0,0,6,3,7,5,2,0
10,5,5,5,5,6,8,0,9,11,8,4,4,7,3,0,8,0,8,9,4,6,3,3,7,2,4,10,10,0,2,2,10,10,3,3,5,10,7,6,0,0,6,10,2,11,2,7,4,6,8,5,9,9,9,6,10,3,0,4,3,5,2,2,6,3,6,4,11,3,11,5,4,6,11,10,8,4,2,5,9,10,10,7,10,5,6,3,6,6,7,3,10,10,11,10,11,5,5,7,5,8,9,10,8,10,10,5,5,3,8,4,8,3,3,4,8,8,0,9,0,3,4,5,10,4,9,0,2,10,5,2,4,3,8,5,10,0,9,0,10,10,2,2,7,4,8,6,3,2
11,6,6,6,6,7,9,2,10,0,9,5,5,8,4,2,9,2,9,10,5,7,4,4,8,3,5,11,11,2,3,3,11,11,4,4,6,11,8,7,2,2,7,11,3,0,3,8,5,7,9,6,10,10,10,7,11,4,2,5,4,6,3,3,7,4,7,5,0,4,0,6,5,7,0,11,9,5,3,6,10,11,11,8,11,6,7,4,7,7,8,4,11,11,0,11,0,6,6,8,6,9,10,11,9,11,11,6,6,4,9,5,9,4,4,5,9,9,2,10,2,4,5,6,11,5,10,2,3,11,6,3,5,4,9,6,11,2,10,2,11,11,3,3,8,5,9,7,4,3
0,7,7,7,7,8,10,3,11,2,10,6,6,9,5,3,10,3,10,11,6,8,5,5,9,4,6,0,0,3,4,4,0,0,5,5,7,0,9,8,3,3,8,0,4,2,4,9,6,8,10,7,11,11,11,8,0,5,3,6,5,7,4,4,8,5,8,6,2,5,2,7,6,8,2,0,10,6,4,7,11,0,0,9,0,7,8,5,8,8,9,5,0,0,2,0,2,7,7,9,7,10,11,0,10,0,0,7,7,5,10,6,10,5,5,6,10,10,3,11,3,5,6,7,0,6,11,3,4,0,7,4,6,5,10,7,0,3,11,3,0,0,4,4,9,6,10,8,5,4
2,8,8,8,8,9,11,4,0,3,11,7,7,10,6,4,11,4,11,0,7,9,6,6,10,5,7,2,2,4,5,5,2,2,6,6,8,2,10,9,4,4,9,2,5,3,5,10,7,9,11,8,0,0,0,9,2,6,4,7,6,8,5,5,9,6,9,7,3,6,3,8,7,9,3,2,11,7,5,8,0,2,2,10,2,8,9,6,9,9,10,6,2,2,3,2,3,8,8,10,8,11,0,2,11,2,2,8,8,6,11,7,11,6,6,7,11,11,4,0,4,6,7,8,2,7,0,4,5,2,8,5,7,6,11,8,2,4,0,4,2,2,5,5,10,7,11,9,6,5
3,9,9,9,9,10,0,5,2,4,0,8,8,11,7,5,0,5,0,2,8,10,7,7,11,6,8,3,3,5,6,6,3,3,7,7,9,3,11,10,5,5,10,3,6,4,6,11,8,10,0,9,2,2,2,10,3,7,5,8,7,9,6,6,10,7,10,8,4,7,4,9,8,10,4,3,0,8,6,9,2,3,3,11,3,9,10,7,10,10,11,7,3,3,4,3,4,9,9,11,9,0,2,3,0,3,3,9,9,7,0,8,0,7,7,8,0,0,5,2,5,7,8,9,3,8,2,5,6,3,9,6,8,7,0,9,3,5,2,5,3,3,6,6,11,8,0,10,7,6
4,10,10,10,10,11,2,6,3,5,2,9,9,0,8,6,2,6,2,3,9,11,8,8,0,7,9,4,4,6,7,7,4,4,8,8,10,4,0,11,6,6,11,4,7,5,7,0,9,11,2,10,3,3,3,11,4,8,6,9,8,10,7,7,11,8,11,9,5,8,5,10,9,11,5,4,2,9,7,10,3,4,4,0,4,10,11,8,11,11,0,8,4,4,5,4,5,10,10,0,10,2,3,4,2,4,4,10,10,8,2,9,2,8,8,9,2,2,6,3,6,8,9,10,4,9,3,6,7,4,10,7,9,8,2,10,4,6,3,6,4,4,7,7,0,9,2,11,8,7
5,11,11,11,11,0,3,7,4,6,3,10,10,2,9,7,3,7,3,4,10,0,9,9,2,8,10,5,5,7,8,8,5,5,9,9,11,5,2,0,7,7,0,5,8,6,8,2,10,0,3,11,4,4,4,0,5,9,7,10,9,11,8,8,0,9,0,10,6,9,6,11,10,0,6,5,3,10,8,11,4,5,5,2,5,11,0,9,0,0,2,9,5,5,6,5,6,11,11,2,11,3,4,5,3,5,5,11,11,9,3,10,3,9,9,10,3,3,7,4,7,9,10,11,5,10,4,7,8,5,11,8,10,9,3,11,5,7,4,7,5,5,8,8,2,10,3,0,9,8
6,0,0,0,0,2,4,8,5,7,4,11,11,3,10,8,4,8,4,5,11,2,10,10,3,9,11,6,6,8,9,9,6,6,10,10,0,6,3,2,8,8,2,6,9,7,9,3,11,2,4,0,5,5,5,2,6,10,8,11,10,0,9,9,2,10,2,11,7,10,7,0,11,2,7,6,4,11,9,0,5,6,6,3,6,0,2,10,2,2,3,10,6,6,7,6,7,0,0,3,0,4,5,6,4,6,6,0,0,10,4,11,4,10,10,11,4,4,8,5,8,10,11,0,6,11,5,8,9,6,0,9,11,10,4,0,6,8,5,8,6,6,9,9,3,11,4,2,10,9
7,2,2,2,2,3,5,9,6,8,5,0,0,4,11,9,5,9,5,6,0,3,11,11,4,10,0,7,7,9,10,10,7,7,11,11,2,7,4,3,9,9,3,7,10,8,10,4,0,3,5,2,6,6,6,3,7,11,9,0,11,2,10,10,3,11,3,0,8,11,8,2,0,3,8,7,5,0,10,2,6,7,7,4,7,2,3,11,3,3,4,11,7,7,8,7,8,2,2,4,2,5,6,7,5,7,7,2,2,11,5,0,5,11,11,0,5,5,9,6,9,11,0,2,7,0,6,9,10,7,2,10,0,11,5,2,7,9,6,9,7,7,10,10,4,0,5,3,11,10
8,3,3,3,3,4,6,10,7,9,6,2,2,5,0,10,6,10,6,7,2,4,0,0,5,11,2,8,8,10,11,11,8,8,0,0,3,8,5,4,10,10,4,8,11,9,11,5,2,4,6,3,7,7,7,4,8,0,10,2,0,3,11,11,4,0,4,2,9,0,9,3,2,4,9,8,6,2,11,3,7,8,8,5,8,3,4,0,4,4,5,0,8,8,9,8,9,3,3,5,3,6,7,8,6,8,8,3,3,0,6,2,6,0,0,2,6,6,10,7,10,0,2,3,8,2,7,10,11,8,3,11,2,0,6,3,8,10,7,10,8,8,11,11,5,2,6,4,0,11
9,4,4,4,4,5,7,11,8,10,7,3,3,6,2,11,7,11,7,8,3,5,2,2,6,0,3,9,9,11,0,0,9,9,2,2,4,9,6,5,11,11,5,9,0,10,0,6,3,5,7,4,8,8,8,5,9,2,11,3,2,4,0,0,5,2,5,3,10,2,10,4,3,5,10,9,7,3,0,4,8,9,9,6,9,4,5,2,5,5,6,2,9,9,10,9,10,4,4,6,4,7,8,9,7,9,9,4,4,2,7,3,7,2,2,3,7,7,11,8,11,2,3,4,9,3,8,11,0,9,4,0,3,2,7,4,9,11,8,11,9,9,0,0,6,3,7,5,2,0
10,5,5,5,5,6,8,0,9,11,8,4,4,7,3,0,8,0,8,9,4,6,3,3,7,2,4,10,10,0,2,2,10,10,3,3,5,10,7,6,0,0,6,10,2,11,2,7,4,6,8,5,9,9,9,6,10,3,0,4,3,5,2,2,6,3,6,4,11,3,11,5,4,6,11,10,8,4,2,5,9,10,10,7,10,5,6,3,6,6,7,3,10,10,11,10,11,5,5,7,5,8,9,10,8,10,10,5,5,3,8,4,8,3,3,4,8,8,0,9,0,3,4,5,10,4,9,0,2,10,5,2,4,3,8,5,10,0,9,0,10,10,2,2,7,4,8,6,3,2
11,6,6,6,6,7,9,2,10,0,9,5,5,8,4,2,9,2,9,10,5,7,4,4,8,3,5,11,11,2,3,3,11,11,4,4,6,11,8,7,2,2,7,11,3,0,3,8,5,7,9,6,10,10,10,7,11,4,2,5,4,6,3,3,7,4,7,5,0,4,0,6,5,7,0,11,9,5,3,6,10,11,11,8,11,6,7,4,7,7,8,4,11,11,0,11,0,6,6,8,6,9,10,11,9,11,11,6,6,4,9,5,9,4,4,5,9,9,2,10,2,4,5,6,11,5,10,2,3,11,6,3,5,4,9,6,11,2,10,2,11,11,3,3,8,5,9,7,4,3
0,7,7,7,7,8,10,3,11,2,10,6,6,9,5,3,10,3,10,11,6,8,5,5,9,4,6,0,0,3,4,4,0,0,5,5,7,0,9,8,3,3,8,0,4,2,4,9,6,8,10,7,11,11,11,8,0,5,3,6,5,7,4,4,8,5,8,6,2,5,2,7,6,8,2,0,10,6,4,7,11,0,0,9,0,7,8,5,8,8,9,5,0,0,2,0,2,7,7,9,7,10,11,0,10,0,0,7,7,5,10,6,10,5,5,6,10,10,3,11,3,5,6,7,0,6,11,3,4,0,7,4,6,5,10,7,0,3,11,3,0,0,4,4,9,6,10,8,5,4
2,8,8,8,8,9,11,4,0,3,11,7,7,10,6,4,11,4,11,0,7,9,6,6,10,5,7,2,2,4,5,5,2,2,6,6,8,2,10,9,4,4,9,2,5,3,5,10,7,9,11,8,0,0,0,9,2,6,4,7,6,8,5,5,9,6,9,7,3,6,3,8,7,9,3,2,11,7,5,8,0,2,2,10,2,8,9,6,9,9,10,6,2,2,3,2,3,8,8,10,8,11,0,2,11,2,2,8,8,6,11,7,11,6,6,7,11,11,4,0,4,6,7,8,2,7,0,4,5,2,8,5,7,6,11,8,2,4,0,4,2,2,5,5,10,7,11,9,6,5
3,9,9,9,9,10,0,5,2,4,0,8,8,11,7,5,0,5,0,2,8,10,7,7,11,6,8,3,3,5,6,6,3,3,7,7,9,3,11,10,5,5,10,3,6,4,6,11,8,10,0,9,2,2,2,10,3,7,5,8,7,9,6,6,10,7,10,8,4,7,4,9,8,10,4,3,0,8,6,9,2,3,3,11,3,9,10,7,10,10,11,7,3,3,4,3,4,9,9,11,9,0,2,3,0,3,3,9,9,7,0,8,0,7,7,8,0,0,5,2,5,7,8,9,3,8,2,5,6,3,9,6,8,7,0,9,3,5,2,5,3,3,6,6,11,8,0,10,7,6
4,10,10,10,10,11,2,6,3,5,2,9,9,0,8,6,2,6,2,3,9,11,8,8,0,7,9,4,4,6,7,7,4,4,8,8,10,4,0,11,6,6,11,4,7,5,7,0,9,11,2,10,3,3,3,11,4,8,6,9,8,10,7,7,11,8,11,9,5,8,5,10,9,11,5,4,2,9,7,10,3,4,4,0,4,10,11,8,11,11,0,8,4,4,5,4,5,10,10,0,10,2,3,4,2,4,4,10,10,8,2,9,2,8,8,9,2,2,6,3,6,8,9,10,4,9,3,6,7,4,10,7,9,8,2,10,4,6,3,6,4,4,7,7,0,9,2,11,8,7
5,11,11,11,11,0,3,7,4,6,3,10,10,2,9,7,3,7,3,4,10,0,9,9,2,8,10,5,5,7,8,8,5,5,9,9,11,5,2,0,7,7,0,5,8,6,8,2,10,0,3,11,4,4,4,0,5,9,7,10,9,11,8,8,0,9,0,10,6,9,6,11,10,0,6,5,3,10,8,11,4,5,5,2,5,11,0,9,0,0,2,9,5,5,6,5,6,11,11,2,11,3,4,5,3,5,5,11,11,9,3,10,3,9,9,10,3,3,7,4,7,9,10,11,5,10,4,7,8,5,11,8,10,9,3,11,5,7,4,7,5,5,8,8,2,10,3,0,9,8
6,0,0,0,0,2,4,8,5,7,4,11,11,3,10,8,4,8,4,5,11,2,10,10,3,9,11,6,6,8,9,9,6,6,10,10,0,6,3,2,8,8,2,6,9,7,9,3,11,2,4,0,5,5,5,2,6,10,8,11,10,0,9,9,2,10,2,11,7,10,7,0,11,2,7,6,4,11,9,0,5,6,6,3,6,0,2,10,2,2,3,10,6,6,7,6,7,0,0,3,0,4,5,6,4,6,6,0,0,10,4,11,4,10,10,11,4,4,8,5,8,10,11,0,6,11,5,8,9,6,0,9,11,10,4,0,6,8,5,8,6,6,9,9,3,11,4,2,10,9
7,2,2,2,2,3,5,9,6,8,5,0,0,4,11,9,5,9,5,6,0,3,11,11,4,10,0,7,7,9,10,10,7,7,11,11,2,7,4,3,9,9,3,7,10,8,10,4,0,3,5,2,6,6,6,3,7,11,9,0,11,2,10,10,3,11,3,0,8,11,8,2,0,3,8,7,5,0,10,2,6,7,7,4,7,2,3,11,3,3,4,11,7,7,8,7,8,2,2,4,2,5,6,7,5,7,7,2,2,11,5,0,5,11,11,0,5,5,9,6,9,11,0,2,7,0,6,9,10,7,2,10,0,11,5,2,7,9,6,9,7,7,10,10,4,0,5,3,11,10
8,3,3,3,3,4,6,10,7,9,6,2,2,5,0,10,6,10,6,7,2,4,0,0,5,11,2,8,8,10,11,11,8,8,0,0,3,8,5,4,10,10,4,8,11,9,11,5,2,4,6,3,7,7,7,4,8,0,10,2,0,3,11,11,4,0,4,2,9,0,9,3,2,4,9,8,6,2,11,3,7,8,8,5,8,3,4,0,4,4,5,0,8,8,9,8,9,3,3,5,3,6,7,8,6,8,8,3,3,0,6,2,6,0,0,2,6,6,10,7,10,0,2,3,8,2,7,10,11,8,3,11,2,0,6,3,8,10,7,10,8,8,11,11,5,2,6,4,0,11
9,4,4,4,4,5,7,11,8,10,7,3,3,6,2,11,7,11,7,8,3,5,2,2,6,0,3,9,9,11,0,0,9,9,2,2,4,9,6,5,11,11,5,9,0,10,0,6,3,5,7,4,8,8,8,5,9,2,11,3,2,4,0,0,5,2,5,3,10,2,10,4,3,5,10,9,7,3,0,4,8,9,9,6,9,4,5,2,5,5,6,2,9,9,10,9,10,4,4,6,4,7,8,9,7,9,9,4,4,2,7,3,7,2,2,3,7,7,11,8,11,2,3,4,9,3,8,11,0,9,4,0,3,2,7,4,9,11,8,11,9,9,0,0,6,3,7,5,2,0
10,5,5,5,5,6,8,0,9,11,8,4,4,7,3,0,8,0,8,9,4,6,3,3,7,2,4,10,10,0,2,2,10,10,3,3,5,10,7,6,0,0,6,10,2,11,2,7,4,6,8,5,9,9,9,6,10,3,0,4,3,5,2,2,6,3,6,4,11,3,11,5,4,6,11,10,8,4,2,5,9,10,10,7,10,5,6,3,6,6,7,3,10,10,11,10,11,5,5,7,5,8,9,10,8,10,10,5,5,3,8,4,8,3,3,4,8,8,0,9,0,3,4,5,10,4,9,0,2,10,5,2,4,3,8,5,10,0,9,0,10,10,2,2,7,4,8,6,3,2
11,6,6,6,6,7,9,2,10,0,9,5,5,8,4,2,9,2,9,10,5,7,4,4,8,3,5,11,11,2,3,3,11,11,4,4,6,11,8,7,2,2,7,11,3,0,3,8,5,7,9,6,10,10,10,7,11,4,2,5,4,6,3,3,7,4,7,5,0,4,0,6,5,7,0,11,9,5,3,6,10,11,11,8,11,6,7,4,7,7,8,4,11,11,0,11,0,6,6,8,6,9,10,11,9,11,11,6,6,4,9,5,9,4,4,5,9,9,2,10,2,4,5,6,11,5,10,2,3,11,6,3,5,4,9,6,11,2,10,2,11,11,3,3,8,5,9,7,4,3
0,7,7,7,7,8,10,3,11,2,10,6,6,9,5,3,10,3,10,11,6,8,5,5,9,4,6,0,0,3,4,4,0,0,5,5,7,0,9,8,3,3,8,0,4,2,4,9,6,8,10,7,11,11,11,8,0,5,3,6,5,7,4,4,8,5,8,6,2,5,2,7,6,8,2,0,10,6,4,7,11,0,0,9,0,7,8,5,8,8,9,5,0,0,2,0,2,7,7,9,7,10,11,0,10,0,0,7,7,5,10,6,10,5,5,6,10,10,3,11,3,5,6,7,0,6,11,3,4,0,7,4,6,5,10,7,0,3,11,3,0,0,4,4,9,6,10,8,5,4
2,8,8,8,8,9,11,4,0,3,11,7,7,10,6,4,11,4,11,0,7,9,6,6,10,5,7,2,2,4,5,5,2,2,6,6,8,2,10,9,4,4,9,2,5,3,5,10,7,9,11,8,0,0,0,9,2,6,4,7,6,8,5,5,9,6,9,7,3,6,3,8,7,9,3,2,11,7,5,8,0,2,2,10,2,8,9,6,9,9,10,6,2,2,3,2,3,8,8,10,8,11,0,2,11,2,2,8,8,6,11,7,11,6,6,7,11,11,4,0,4,6,7,8,2,7,0,4,5,2,8,5,7,6,11,8,2,4,0,4,2,2,5,5,10,7,11,9,6,5
3,9,9,9,9,10,0,5,2,4,0,8,8,11,7,5,0,5,0,2,8,10,7,7,11,6,8,3,3,5,6,6,3,3,7,7,9,3,11,10,5,5,10,3,6,4,6,11,8,10,0,9,2,2,2,10,3,7,5,8,7,9,6,6,10,7,10,8,4,7,4,9,8,10,4,3,0,8,6,9,2,3,3,11,3,9,10,7,10,10,11,7,3,3,4,3,4,9,9,11,9,0,2,3,0,3,3,9,9,7,0,8,0,7,7,8,0,0,5,2,5,7,8,9,3,8,2,5,6,3,9,6,8,7,0,9,3,5,2,5,3,3,6,6,11,8,0,10,7,6
4,10,10,10,10,11,2,6,3,5,2,9,9,0,8,6,2,6,2,3,9,11,8,8,0,7,9,4,4,6,7,7,4,4,8,8,10,4,0,11,6,6,11,4,7,5,7,0,9,11,2,10,3,3,3,11,4,8,6,9,8,10,7,7,11,8,11,9,5,8,5,10,9,11,5,4,2,9,7,10,3,4,4,0,4,10,11,8,11,11,0,8,4,4,5,4,5,10,10,0,10,2,3,4,2,4,4,10,10,8,2,9,2,8,8,9,2,2,6,3,6,8,9,10,4,9,3,6,7,4,10,7,9,8,2,10,4,6,3,6,4,4,7,7,0,9,2,11,8,7
5,11,11,11,11,0,3,7,4,6,3,10,10,2,9,7,3,7,3,4,10,0,9,9,2,8,10,5,5,7,8,8,5,5,9,9,11,5,2,0,7,7,0,5,8,6,8,2,10,0,3,11,4,4,4,0,5,9,7,10,9,11,8,8,0,9,0,10,6,9,6,11,10,0,6,5,3,10,8,11,4,5,5,2,5,11,0,9,0,0,2,9,5,5,6,5,6,11,11,2,11,3,4,5,3,5,5,11,11,9,3,10,3,9,9,10,3,3,7,4,7,9,10,11,5,10,4,7,8,5,11,8,10,9,3,11,5,7,4,7,5,5,8,8,2,10,3,0,9,8
6,0,0,0,0,2,4,8,5,7,4,11,11,3,10,8,4,8,4,5,11,2,10,10,3,9,11,6,6,8,9,9,6,6,10,10,0,6,3,2,8,8,2,6,9,7,9,3,11,2,4,0,5,5,5,2,6,10,8,11,10,0,9,9,2,10,2,11,7,10,7,0,11,2,7,6,4,11,9,0,5,6,6,3,6,0,2,10,2,2,3,10,6,6,7,6,7,0,0,3,0,4,5,6,4,6,6,0,0,10,4,11,4,10,10,11,4,4,8,5,8,10,11,0,6,11,5,8,9,6,0,9,11,10,4,0,6,8,5,8,6,6,9,9,3,11,4,2,10,9
7,2,2,2,2,3,5,9,6,8,5,0,0,4,11,9,5,9,5,6,0,3,11,11,4,10,0,7,7,9,10,10,7,7,11,11,2,7,4,3,9,9,3,7,10,8,10,4,0,3,5,2,6,6,6,3,7,11,9,0,11,2,10,10,3,11,3,0,8,11,8,2,0,3,8,7,5,0,10,2,6,7,7,4,7,2,3,11,3,3,4,11,7,7,8,7,8,2,2,4,2,5,6,7,5,7,7,2,2,11,5,0,5,11,11,0,5,5,9,6,9,11,0,2,7,0,6,9,10,7,2,10,0,11,5,2,7,9,6,9,7,7,10,10,4,0,5,3,11,10
8,3,3,3,3,4,6,10,7,9,6,2,2,5,0,10,6,10,6,7,2,4,0,0,5,11,2,8,8,10,11,11,8,8,0,0,3,8,5,4,10,10,4,8,11,9,11,5,2,4,6,3,7,7,7,4,8,0,10,2,0,3,11,11,4,0,4,2,9,0,9,3,2,4,9,8,6,2,11,3,7,8,8,5,8,3,4,0,4,4,5,0,8,8,9,8,9,3,3,5,3,6,7,8,6,8,8,3,3,0,6,2,6,0,0,2,6,6,10,7,10,0,2,3,8,2,7,10,11,8,3,11,2,0,6,3,8,10,7,10,8,8,11,11,5,2,6,4,0,11
9,4,4,4,4,5,7,11,8,10,7,3,3,6,2,11,7,11,7,8,3,5,2,2,6,0,3,9,9,11,0,0,9,9,2,2,4,9,6,5,11,11,5,9,0,10,0,6,3,5,7,4,8,8,8,5,9,2,11,3,2,4,0,0,5,2,5,3,10,2,10,4,3,5,10,9,7,3,0,4,8,9,9,6,9,4,5,2,5,5,6,2,9,9,10,9,10,4,4,6,4,7,8,9,7,9,9,4,4,2,7,3,7,2,2,3,7,7,11,8,11,2,3,4,9,3,8,11,0,9,4,0,3,2,7,4,9,11,8,11,9,9,0,0,6,3,7,5,2,0
10,5,5,5,5,6,8,0,9,11,8,4,4,7,3,0,8,0,8,9,4,6,3,3,7,2,4,10,10,0,2,2,10,10,3,3,5,10,7,6,0,0,6,10,2,11,2,7,4,6,8,5,9,9,9,6,10,3,0,4,3,5,2,2,6,3,6,4,11,3,11,5,4,6,11,10,8,4,2,5,9,10,10,7,10,5,6,3,6,6,7,3,10,10,11,10,11,5,5,7,5,8,9,10,8,10,10,5,5,3,8,4,8,3,3,4,8,8,0,9,0,3,4,5,10,4,9,0,2,10,5,2,4,3,8,5,10,0,9,0,10,10,2,2,7,4,8,6,3,2
11,6,6,6,6,7,9,2,10,0,9,5,5,8,4,2,9,2,9,10,5,7,4,4,8,3,5,11,11,2,3,3,11,11,4,4,6,11,8,7,2,2,7,11,3,0,3,8,5,7,9,6,10,10,10,7,11,4,2,5,4,6,3,3,7,4,7,5,0,4,0,6,5,7,0,11,9,5,3,6,10,11,11,8,11,6,7,4,7,7,8,4,11,11,0,11,0,6,6,8,6,9,10,11,9,11,11,6,6,4,9,5,9,4,4,5,9,9,2,10,2,4,5,6,11,5,10,2,3,11,6,3,5,4,9,6,11,2,10,2,11,11,3,3,8,5,9,7,4,3
0,7,7,7,7,8,10,3,11,2,10,6,6,9,5,3,10,3,10,11,6,8,5,5,9,4,6,0,0,3,4,4,0,0,5,5,7,0,9,8,3,3,8,0,4,2,4,9,6,8,10,7,11,11,11,8,0,5,3,6,5,7,4,4,8,5,8,6,2,5,2,7,6,8,2,0,10,6,4,7,11,0,0,9,0,7,8,5,8,8,9,5,0,0,2,0,2,7,7,9,7,10,11,0,10,0,0,7,7,5,10,6,10,5,5,6,10,10,3,11,3,5,6,7,0,6,11,3,4,0,7,4,6,5,10,7,0,3,11,3,0,0,4,4,9,6,10,8,5,4
2,8,8,8,8,9,11,4,0,3,11,7,7,10,6,4,11,4,11,0,7,9,6,6,10,5,7,2,2,4,5,5,2,2,6,6,8,2,10,9,4,4,9,2,5,3,5,10,7,9,11,8,0,0,0,9,2,6,4,7,6,8,5,5,9,6,9,7,3,6,3,8,7,9,3,2,11,7,5,8,0,2,2,10,2,8,9,6,9,9,10,6,2,2,3,2,3,8,8,10,8,11,0,2,11,2,2,8,8,6,11,7,11,6,6,7,11,11,4,0,4,6,7,8,2,7,0,4,5,2,8,5,7,6,11,8,2,4,0,4,2,2,5,5,10,7,11,9,6,5
3,9,9,9,9,10,0,5,2,4,0,8,8,11,7,5,0,5,0,2,8,10,7,7,11,6,8,3,3,5,6,6,3,3,7,7,9,3,11,10,5,5,10,3,6,4,6,11,8,10,0,9,2,2,2,10,3,7,5,8,7,9,6,6,10,7,10,8,4,7,4,9,8,10,4,3,0,8,6,9,2,3,3,11,3,9,10,7,10,10,11,7,3,3,4,3,4,9,9,11,9,0,2,3,0,3,3,9,9,7,0,8,0,7,7,8,0,0,5,2,5,7,8,9,3,8,2,5,6,3,9,6,8,7,0,9,3,5,2,5,3,3,6,6,11,8,0,10,7,6
4,10,10,10,10,11,2,6,3,5,2,9,9,0,8,6,2,6,2,3,9,11,8,8,0,7,9,4,4,6,7,7,4,4,8,8,10,4,0,11,6,6,11,4,7,5,7,0,9,11,2,10,3,3,3,11,4,8,6,9,8,10,7,7,11,8,11,9,5,8,5,10,9,11,5,4,2,9,7,10,3,4,4,0,4,10,11,8,11,11,0,8,4,4,5,4,5,10,10,0,10,2,3,4,2,4,4,10,10,8,2,9,2,8,8,9,2,2,6,3,6,8,9,10,4,9,3,6,7,4,10,7,9,8,2,10,4,6,3,6,4,4,7,7,0,9,2,11,8,7
5,11,11,11,11,0,3,7,4,6,3,10,10,2,9,7,3,7,3,4,10,0,9,9,2,8,10,5,5,7,8,8,5,5,9,9,11,5,2,0,7,7,0,5,8,6,8,2,10,0,3,11,4,4,4,0,5,9,7,10,9,11,8,8,0,9,0,10,6,9,6,11,10,0,6,5,3,10,8,11,4,5,5,2,5,11,0,9,0,0,2,9,5,5,6,5,6,11,11,2,11,3,4,5,3,5,5,11,11,9,3,10,3,9,9,10,3,3,7,4,7,9,10,11,5,10,4,7,8,5,11,8,10,9,3,11,5,7,4,7,5,5,8,8,2,10,3,0,9,8
6,0,0,0,0,2,4,8,5,7,4,11,11,3,10,8,4,8,4,5,11,2,10,10,3,9,11,6,6,8,9,9,6,6,10,10,0,6,3,2,8,8,2,6,9,7,9,3,11,2,4,0,5,5,5,2,6,10,8,11,10,0,9,9,2,10,2,11,7,10,7,0,11,2,7,6,4,11,9,0,5,6,6,3,6,0,2,10,2,2,3,10,6,6,7,6,7,0,0,3,0,4,5,6,4,6,6,0,0,10,4,11,4,10,10,11,4,4,8,5,8,10,11,0,6,11,5,8,9,6,0,9,11,10,4,0,6,8,5,8,6,6,9,9,3,11,4,2,10,9
7,2,2,2,2,3,5,9,6,8,5,0,0,4,11,9,5,9,5,6,0,3,11,11,4,10,0,7,7,9,10,10,7,7,11,11,2,7,4,3,9,9,3,7,10,8,10,4,0,3,5,2,6,6,6,3,7,11,9,0,11,2,10,10,3,11,3,0,8,11,8,2,0,3,8,7,5,0,10,2,6,7,7,4,7,2,3,11,3,3,4,11,7,7,8,7,8,2,2,4,2,5,6,7,5,7,7,2,2,11,5,0,5,11,11,0,5,5,9,6,9,11,0,2,7,0,6,9,10,7,2,10,0,11,5,2,7,9,6,9,7,7,10,10,4,0,5,3,11,10
8,3,3,3,3,4,6,10,7,9,6,2,2,5,0,10,6,10,6,7,2,4,0,0,5,11,2,8,8,10,11,11,8,8,0,0,3,8,5,4,10,10,4,8,11,9,11,5,2,4,6,3,7,7,7,4,8,0,10,2,0,3,11,11,4,0,4,2,9,0,9,3,2,4,9,8,6,2,11,3,7,8,8,5,8,3,4,0,4,4,5,0,8,8,9,8,9,3,3,5,3,6,7,8,6,8,8,3,3,0,6,2,6,0,0,2,6,6,10,7,10,0,2,3,8,2,7,10,11,8,3,11,2,0,6,3,8,10,7,10,8,8,11,11,5,2,6,4,0,11
9,4,4,4,4,5,7,11,8,10,7,3,3,6,2,11,7,11,7,8,3,5,2,2,6,0,3,9,9,11,0,0,9,9,2,2,4,9,6,5,11,11,5,9,0,10,0,6,3,5,7,4,8,8,8,5,9,2,11,3,2,4,0,0,5,2,5,3,10,2,10,4,3,5,10,9,7,3,0,4,8,9,9,6,9,4,5,2,5,5,6,2,9,9,10,9,10,4,4,6,4,7,8,9,7,9,9,4,4,2,7,3,7,2,2,3,7,7,11,8,11,2,3,4,9,3,8,11,0,9,4,0,3,2,7,4,9,11,8,11,9,9,0,0,6,3,7,5,2,0
10,5,5,5,5,6,8,0,9,11,8,4,4,7,3,0,8,0,8,9,4,6,3,3,7,2,4,10,10,0,2,2,10,10,3,3,5,10,7,6,0,0,6,10,2,11,2,7,4,6,8,5,9,9,9,6,10,3,0,4,3,5,2,2,6,3,6,4,11,3,11,5,4,6,11,10,8,4,2,5,9,10,10,7,10,5,6,3,6,6,7,3,10,10,11,10,11,5,5,7,5,8,9,10,8,10,10,5,5,3,8,4,8,3,3,4,8,8,0,9,0,3,4,5,10,4,9,0,2,10,5,2,4,3,8,5,10,0,9,0,10,10,2,2,7,4,8,6,3,2
11,6,6,6,6,7,9,2,10,0,9,5,5,8,4,2,9,2,9,10,5,7,4,4,8,3,5,11,11,2,3,3,11,11,4,4,6,11,8,7,2,2,7,11,3,0,3,8,5,7,9,6,10,10,10,7,11,4,2,5,4,6,3,3,7,4,7,5,0,4,0,6,5,7,0,11,9,5,3,6,10,11,11,8,11,6,7,4,7,7,8,4,11,11,0,11,0,6,6,8,6,9,10,11,9,11,11,6,6,4,9,5,9,4,4,5,9,9,2,10,2,4,5,6,11,5,10,2,3,11,6,3,5,4,9,6,11,2,10,2,11,11,3,3,8,5,9,7,4,3
0,7,7,7,7,8,10,3,11,2,10,6,6,9,5,3,10,3,10,11,6,8,5,5,9,4,6,0,0,3,4,4,0,0,5,5,7,0,9,8,3,3,8,0,4,2,4,9,6,8,10,7,11,11,11,8,0,5,3,6,5,7,4,4,8,5,8,6,2,5,2,7,6,8,2,0,10,6,4,7,11,0,0,9,0,7,8,5,8,8,9,5,0,0,2,0,2,7,7,9,7,10,11,0,10,0,0,7,7,5,10,6,10,5,5,6,10,10,3,11,3,5,6,7,0,6,11,3,4,0,7,4,6,5,10,7,0,3,11,3,0,0,4,4,9,6,10,8,5,4
2,8,8,8,8,9,11,4,0,3,11,7,7,10,6,4,11,4,11,0,7,9,6,6,10,5,7,2,2,4,5,5,2,2,6,6,8,2,10,9,4,4,9,2,5,3,5,10,7,9,11,8,0,0,0,9,2,6,4,7,6,8,5,5,9,6,9,7,3,6,3,8,7,9,3,2,11,7,5,8,0,2,2,10,2,8,9,6,9,9,10,6,2,2,3,2,3,8,8,10,8,11,0,2,11,2,2,8,8,6,11,7,11,6,6,7,11,11,4,0,4,6,7,8,2,7,0,4,5,2,8,5,7,6,11,8,2,4,0,4,2,2,5,5,10,7,11,9,6,5
3,9,9,9,9,10,0,5,2,4,0,8,8,11,7,5,0,5,0,2,8,10,7,7,11,6,8,3,3,5,6,6,3,3,7,7,9,3,11,10,5,5,10,3,6,4,6,11,8,10,0,9,2,2,2,10,3,7,5,8,7,9,6,6,10,7,10,8,4,7,4,9,8,10,4,3,0,8,6,9,2,3,3,11,3,9,10,7,10,10,11,7,3,3,4,3,4,9,9,11,9,0,2,3,0,3,3,9,9,7,0,8,0,7,7,8,0,0,5,2,5,7,8,9,3,8,2,5,6,3,9,6,8,7,0,9,3,5,2,5,3,3,6,6,11,8,0,10,7,6
4,10,10,10,10,11,2,6,3,5,2,9,9,0,8,6,2,6,2,3,9,11,8,8,0,7,9,4,4,6,7,7,4,4,8,8,10,4,0,11,6,6,11,4,7,5,7,0,9,11,2,10,3,3,3,11,4,8,6,9,8,10,7,7,11,8,11,9,5,8,5,10,9,11,5,4,2,9,7,10,3,4,4,0,4,10,11,8,11,11,0,8,4,4,5,4,5,10,10,0,10,2,3,4,2,4,4,10,10,8,2,9,2,8,8,9,2,2,6,3,6,8,9,10,4,9,3,6,7,4,10,7,9,8,2,10,4,6,3,6,4,4,7,7,0,9,2,11,8,7
5,11,11,11,11,0,3,7,4,6,3,10,10,2,9,7,3,7,3,4,10,0,9,9,2,8,10,5,5,7,8,8,5,5,9,9,11,5,2,0,7,7,0,5,8,6,8,2,10,0,3,11,4,4,4,0,5,9,7,10,9,11,8,8,0,9,0,10,6,9,6,11,10,0,6,5,3,10,8,11,4,5,5,2,5,11,0,9,0,0,2,9,5,5,6,5,6,11,11,2,11,3,4,5,3,5,5,11,11,9,3,10,3,9,9,10,3,3,7,4,7,9,10,11,5,10,4,7,8,5,11,8,10,9,3,11,5,7,4,7,5,5,8,8,2,10,3,0,9,8
6,0,0,0,0,2,4,8,5,7,4,11,11,3,10,8,4,8,4,5,11,2,10,10,3,9,11,6,6,8,9,9,6,6,10,10,0,6,3,2,8,8,2,6,9,7,9,3,11,2,4,0,5,5,5,2,6,10,8,11,10,0,9,9,2,10,2,11,7,10,7,0,11,2,7,6,4,11,9,0,5,6,6,3,6,0,2,10,2,2,3,10,6,6,7,6,7,0,0,3,0,4,5,6,4,6,6,0,0,10,4,11,4,10,10,11,4,4,8,5,8,10,11,0,6,11,5,8,9,6,0,9,11,10,4,0,6,8,5,8,6,6,9,9,3,11,4,2,10,9
7,2,2,2,2,3,5,9,6,8,5,0,0,4,11,9,5,9,5,6,0,3,11,11,4,10,0,7,7,9,10,10,7,7,11,11,2,7,4,3,9,9,3,7,10,8,10,4,0,3,5,2,6,6,6,3,7,11,9,0,11,2,10,10,3,11,3,0,8,11,8,2,0,3,8,7,5,0,10,2,6,7,7,4,7,2,3,11,3,3,4,11,7,7,8,7,8,2,2,4,2,5,6,7,5,7,7,2,2,11,5,0,5,11,11,0,5,5,9,6,9,11,0,2,7,0,6,9,10,7,2,10,0,11,5,2,7,9,6,9,7,7,10,10,4,0,5,3,11,10
8,3,3,3,3,4,6,10,7,9,6,2,2,5,0,10,6,10,6,7,2,4,0,0,5,11,2,8,8,10,11,11,8,8,0,0,3,8,5,4,10,10,4,8,11,9,11,5,2,4,6,3,7,7,7,4,8,0,10,2,0,3,11,11,4,0,4,2,9,0,9,3,2,4,9,8,6,2,11,3,7,8,8,5,8,3,4,0,4,4,5,0,8,8,9,8,9,3,3,5,3,6,7,8,6,8,8,3,3,0,6,2,6,0,0,2,6,6,10,7,10,0,2,3,8,2,7,10,11,8,3,11,2,0,6,3,8,10,7,10,8,8,11,11,5,2,6,4,0,11
9,4,4,4,4,5,7,11,8,10,7,3,3,6,2,11,7,11,7,8,3,5,2,2,6,0,3,9,9,11,0,0,9,9,2,2,4,9,6,5,11,11,5,9,0,10,0,6,3,5,7,4,8,8,8,5,9,2,11,3,2,4,0,0,5,2,5,3,10,2,10,4,3,5,10,9,7,3,0,4,8,9,9,6,9,4,5,2,5,5,6,2,9,9,10,9,10,4,4,6,4,7,8,9,7,9,9,4,4,2,7,3,7,2,2,3,7,7,11,8,11,2,3,4,9,3,8,11,0,9,4,0,3,2,7,4,9,11,8,11,9,9,0,0,6,3,7,5,2,0
10,5,5,5,5,6,8,0,9,11,8,4,4,7,3,0,8,0,8,9,4,6,3,3,7,2,4,10,10,0,2,2,10,10,3,3,5,10,7,6,0,0,6,10,2,11,2,7,4,6,8,5,9,9,9,6,10,3,0,4,3,5,2,2,6,3,6,4,11,3,11,5,4,6,11,10,8,4,2,5,9,10,10,7,10,5,6,3,6,6,7,3,10,10,11,10,11,5,5,7,5,8,9,10,8,10,10,5,5,3,8,4,8,3,3,4,8,8,0,9,0,3,4,5,10,4,9,0,2,10,5,2,4,3,8,5,10,0,9,0,10,10,2,2,7,4,8,6,3,2
11,6,6,6,6,7,9,2,10,0,9,5,5,8,4,2,9,2,9,10,5,7,4,4,8,3,5,11,11,2,3,3,11,11,4,4,6,11,8,7,2,2,7,11,3,0,3,8,5,7,9,6,10,10,10,7,11,4,2,5,4,6,3,3,7,4,7,5,0,4,0,6,5,7,0,11,9,5,3,6,10,11,11,8,11,6,7,4,7,7,8,4,11,11,0,11,0,6,6,8,6,9,10,11,9,11,11,6,6,4,9,5,9,4,4,5,9,9,2,10,2,4,5,6,11,5,10,2,3,11,6,3,5,4,9,6,11,2,10,2,11,11,3,3,8,5,9,7,4,3
0,7,7,7,7,8,10,3,11,2,10,6,6,9,5,3,10,3,10,11,6,8,5,5,9,4,6,0,0,3,4,4,0,0,5,5,7,0,9,8,3,3,8,0,4,2,4,9,6,8,10,7,11,11,11,8,0,5,3,6,5,7,4,4,8,5,8,6,2,5,2,7,6,8,2,0,10,6,4,7,11,0,0,9,0,7,8,5,8,8,9,5,0,0,2,0,2,7,7,9,7,10,11,0,10,0,0,7,7,5,10,6,10,5,5,6,10,10,3,11,3,5,6,7,0,6,11,3,4,0,7,4,6,5,10,7,0,3,11,3,0,0,4,4,9,6,10,8,5,4
2,8,8,8,8,9,11,4,0,3,11,7,7,10,6,4,11,4,11,0,7,9,6,6,10,5,7,2,2,4,5,5,2,2,6,6,8,2,10,9,4,4,9,2,5,3,5,10,7,9,11,8,0,0,0,9,2,6,4,7,6,8,5,5,9,6,9,7,3,6,3,8,7,9,3,2,11,7,5,8,0,2,2,10,2,8,9,6,9,9,10,6,2,2,3,2,3,8,8,10,8,11,0,2,11,2,2,8,8,6,11,7,11,6,6,7,11,11,4,0,4,6,7,8,2,7,0,4,5,2,8,5,7,6,11,8,2,4,0,4,2,2,5,5,10,7,11,9,6,5
3,9,9,9,9,10,0,5,2,4,0,8,8,11,7,5,0,5,0,2,8,10,7,7,11,6,8,3,3,5,6,6,3,3,7,7,9,3,11,10,5,5,10,3,6,4,6,11,8,10,0,9,2,2,2,10,3,7,5,8,7,9,6,6,10,7,10,8,4,7,4,9,8,10,4,3,0,8,6,9,2,3,3,11,3,9,10,7,10,10,11,7,3,3,4,3,4,9,9,11,9,0,2,3,0,3,3,9,9,7,0,8,0,7,7,8,0,0,5,2,5,7,8,9,3,8,2,5,6,3,9,6,8,7,0,9,3,5,2,5,3,3,6,6,11,8,0,10,7,6
4,10,10,10,10,11,2,6,3,5,2,9,9,0,8,6,2,6,2,3,9,11,8,8,0,7,9,4,4,6,7,7,4,4,8,8,10,4,0,11,6,6,11,4,7,5,7,0,9,11,2,10,3,3,3,11,4,8,6,9,8,10,7,7,11,8,11,9,5,8,5,10,9,11,5,4,2,9,7,10,3,4,4,0,4,10,11,8,11,11,0,8,4,4,5,4,5,10,10,0,10,2,3,4,2,4,4,10,10,8,2,9,2,8,8,9,2,2,6,3,6,8,9,10,4,9,3,6,7,4,10,7,9,8,2,10,4,6,3,6,4,4,7,7,0,9,2,11,8,7
5,11,11,11,11,0,3,7,4,6,3,10,10,2,9,7,3,7,3,4,10,0,9,9,2,8,10,5,5,7,8,8,5,5,9,9,11,5,2,0,7,7,0,5,8,6,8,2,10,0,3,11,4,4,4,0,5,9,7,10,9,11,8,8,0,9,0,10,6,9,6,11,10,0,6,5,3,10,8,11,4,5,5,2,5,11,0,9,0,0,2,9,5,5,6,5,6,11,11,2,11,3,4,5,3,5,5,11,11,9,3,10,3,9,9,10,3,3,7,4,7,9,10,11,5,10,4,7,8,5,11,8,10,9,3,11,5,7,4,7,5,5,8,8,2,10,3,0,9,8
6,0,0,0,0,2,4,8,5,7,4,11,11,3,10,8,4,8,4,5,11,2,10,10,3,9,11,6,6,8,9,9,6,6,10,10,0,6,3,2,8,8,2,6,9,7,9,3,11,2,4,0,5,5,5,2,6,10,8,11,10,0,9,9,2,10,2,11,7,10,7,0,11,2,7,6,4,11,9,0,5,6,6,3,6,0,2,10,2,2,3,10,6,6,7,6,7,0,0,3,0,4,5,6,4,6,6,0,0,10,4,11,4,10,10,11,4,4,8,5,8,10,11,0,6,11,5,8,9,6,0,9,11,10,4,0,6,8,5,8,6,6,9,9,3,11,4,2,10,9
7,2,2,2,2,3,5,9,6,8,5,0,0,4,11,9,5,9,5,6,0,3,11,11,4,10,0,7,7,9,10,10,7,7,11,11,2,7,4,3,9,9,3,7,10,8,10,4,0,3,5,2,6,6,6,3,7,11,9,0,11,2,10,10,3,11,3,0,8,11,8,2,0,3,8,7,5,0,10,2,6,7,7,4,7,2,3,11,3,3,4,11,7,7,8,7,8,2,2,4,2,5,6,7,5,7,7,2,2,11,5,0,5,11,11,0,5,5,9,6,9,11,0,2,7,0,6,9,10,7,2,10,0,11,5,2,7,9,6,9,7,7,10,10,4,0,5,3,11,10
8,3,3,3,3,4,6,10,7,9,6,2,2,5,0,10,6,10,6,7,2,4,0,0,5,11,2,8,8,10,11,11,8,8,0,0,3,8,5,4,10,10,4,8,11,9,11,5,2,4,6,3,7,7,7,4,8,0,10,2,0,3,11,11,4,0,4,2,9,0,9,3,2,4,9,8,6,2,11,3,7,8,8,5,8,3,4,0,4,4,5,0,8,8,9,8,9,3,3,5,3,6,7,8,6,8,8,3,3,0,6,2,6,0,0,2,6,6,10,7,10,0,2,3,8,2,7,10,11,8,3,11,2,0,6,3,8,10,7,10,8,8,11,11,5,2,6,4,0,11
9,4,4,4,4,5,7,11,8,10,7,3,3,6,2,11,7,11,7,8,3,5,2,2,6,0,3,9,9,11,0,0,9,9,2,2,4,9,6,5,11,11,5,9,0,10,0,6,3,5,7,4,8,8,8,5,9,2,11,3,2,4,0,0,5,2,5,3,10,2,10,4,3,5,10,9,7,3,0,4,8,9,9,6,9,4,5,2,5,5,6,2,9,9,10,9,10,4,4,6,4,7,8,9,7,9,9,4,4,2,7,3,7,2,2,3,7,7,11,8,11,2,3,4,9,3,8,11,0,9,4,0,3,2,7,4,9,11,8,11,9,9,0,0,6,3,7,5,2,0
10,5,5,5,5,6,8,0,9,11,8,4,4,7,3,0,8,0,8,9,4,6,3,3,7,2,4,10,10,0,2,2,10,10,3,3,5,10,7,6,0,0,6,10,2,11,2,7,4,6,8,5,9,9,9,6,10,3,0,4,3,5,2,2,6,3,6,4,11,3,11,5,4,6,11,10,8,4,2,5,9,10,10,7,10,5,6,3,6,6,7,3,10,10,11,10,11,5,5,7,5,8,9,10,8,10,10,5,5,3,8,4,8,3,3,4,8,8,0,9,0,3,4,5,10,4,9,0,2,10,5,2,4,3,8,5,10,0,9,0,10,10,2,2,7,4,8,6,3,2
11,6,6,6,6,7,9,2,10,0,9,5,5,8,4,2,9,2,9,10,5,7,4,4,8,3,5,11,11,2,3,3,11,11,4,4,6,11,8,7,2,2,7,11,3,0,3,8,5,7,9,6,10,10,10,7,11,4,2,5,4,6,3,3,7,4,7,5,0,4,0,6,5,7,0,11,9,5,3,6,10,11,11,8,11,6,7,4,7,7,8,4,11,11,0,11,0,6,6,8,6,9,10,11,9,11,11,6,6,4,9,5,9,4,4,5,9,9,2,10,2,4,5,6,11,5,10,2,3,11,6,3,5,4,9,6,11,2,10,2,11,11,3,3,8,5,9,7,4,3
0,7,7,7,7,8,10,3,11,2,10,6,6,9,5,3,10,3,10,11,6,8,5,5,9,4,6,0,0,3,4,4,0,0,5,5,7,0,9,8,3,3,8,0,4,2,4,9,6,8,10,7,11,11,11,8,0,5,3,6,5,7,4,4,8,5,8,6,2,5,2,7,6,8,2,0,10,6,4,7,11,0,0,9,0,7,8,5,8,8,9,5,0,0,2,0,2,7,7,9,7,10,11,0,10,0,0,7,7,5,10,6,10,5,5,6,10,10,3,11,3,5,6,7,0,6,11,3,4,0,7,4,6,5,10,7,0,3,11,3,0,0,4,4,9,6,10,8,5,4
2,8,8,8,8,9,11,4,0,3,11,7,7,10,6,4,11,4,11,0,7,9,6,6,10,5,7,2,2,4,5,5,2,2,6,6,8,2,10,9,4,4,9,2,5,3,5,10,7,9,11,8,0,0,0,9,2,6,4,7,6,8,5,5,9,6,9,7,3,6,3,8,7,9,3,2,11,7,5,8,0,2,2,10,2,8,9,6,9,9,10,6,2,2,3,2,3,8,8,10,8,11,0,2,11,2,2,8,8,6,11,7,11,6,6,7,11,11,4,0,4,6,7,8,2,7,0,4,5,2,8,5,7,6,11,8,2,4,0,4,2,2,5,5,10,7,11,9,6,5
3,9,9,9,9,10,0,5,2,4,0,8,8,11,7,5,0,5,0,2,8,10,7,7,11,6,8,3,3,5,6,6,3,3,7,7,9,3,11,10,5,5,10,3,6,4,6,11,8,10,0,9,2,2,2,10,3,7,5,8,7,9,6,6,10,7,10,8,4,7,4,9,8,10,4,3,0,8,6,9,2,3,3,11,3,9,10,7,10,10,11,7,3,3,4,3,4,9,9,11,9,0,2,3,0,3,3,9,9,7,0,8,0,7,7,8,0,0,5,2,5,7,8,9,3,8,2,5,6,3,9,6,8,7,0,9,3,5,2,5,3,3,6,6,11,8,0,10,7,6
4,10,10,10,10,11,2,6,3,5,2,9,9,0,8,6,2,6,2,3,9,11,8,8,0,7,9,4,4,6,7,7,4,4,8,8,10,4,0,11,6,6,11,4,7,5,7,0,9,11,2,10,3,3,3,11,4,8,6,9,8,10,7,7,11,8,11,9,5,8,5,10,9,11,5,4,2,9,7,10,3,4,4,0,4,10,11,8,11,11,0,8,4,4,5,4,5,10,10,0,10,2,3,4,2,4,4,10,10,8,2,9,2,8,8,9,2,2,6,3,6,8,9,10,4,9,3,6,7,4,10,7,9,8,2,10,4,6,3,6,4,4,7,7,0,9,2,11,8,7
5,11,11,11,11,0,3,7,4,6,3,10,10,2,9,7,3,7,3,4,10,0,9,9,2,8,10,5,5,7,8,8,5,5,9,9,11,5,2,0,7,7,0,5,8,6,8,2,10,0,3,11,4,4,4,0,5,9,7,10,9,11,8,8,0,9,0,10,6,9,6,11,10,0,6,5,3,10,8,11,4,5,5,2,5,11,0,9,0,0,2,9,5,5,6,5,6,11,11,2,11,3,4,5,3,5,5,11,11,9,3,10,3,9,9,10,3,3,7,4,7,9,10,11,5,10,4,7,8,5,11,8,10,9,3,11,5,7,4,7,5,5,8,8,2,10,3,0,9,8
6,0,0,0,0,2,4,8,5,7,4,11,11,3,10,8,4,8,4,5,11,2,10,10,3,9,11,6,6,8,9,9,6,6,10,10,0,6,3,2,8,8,2,6,9,7,9,3,11,2,4,0,5,5,5,2,6,10,8,11,10,0,9,9,2,10,2,11,7,10,7,0,11,2,7,6,4,11,9,0,5,6,6,3,6,0,2,10,2,2,3,10,6,6,7,6,7,0,0,3,0,4,5,6,4,6,6,0,0,10,4,11,4,10,10,11,4,4,8,5,8,10,11,0,6,11,5,8,9,6,0,9,11,10,4,0,6,8,5,8,6,6,9,9,3,11,4,2,10,9
7,2,2,2,2,3,5,9,6,8,5,0,0,4,11,9,5,9,5,6,0,3,11,11,4,10,0,7,7,9,10,10,7,7,11,11,2,7,4,3,9,9,3,7,10,8,10,4,0,3,5,2,6,6,6,3,7,11,9,0,11,2,10,10,3,11,3,0,8,11,8,2,0,3,8,7,5,0,10,2,6,7,7,4,7,2,3,11,3,3,4,11,7,7,8,7,8,2,2,4,2,5,6,7,5,7,7,2,2,11,5,0,5,11,11,0,5,5,9,6,9,11,0,2,7,0,6,9,10,7,2,10,0,11,5,2,7,9,6,9,7,7,10,10,4,0,5,3,11,10
8,3,3,3,3,4,6,10,7,9,6,2,2,5,0,10,6,10,6,7,2,4,0,0,5,11,2,8,8,10,11,11,8,8,0,0,3,8,5,4,10,10,4,8,11,9,11,5,2,4,6,3,7,7,7,4,8,0,10,2,0,3,11,11,4,0,4,2,9,0,9,3,2,4,9,8,6,2,11,3,7,8,8,5,8,3,4,0,4,4,5,0,8,8,9,8,9,3,3,5,3,6,7,8,6,8,8,3,3,0,6,2,6,0,0,2,6,6,10,7,10,0,2,3,8,2,7,10,11,8,3,11,2,0,6,3,8,10,7,10,8,8,11,11,5,2,6,4,0,11
9,4,4,4,4,5,7,11,8,10,7,3,3,6,2,11,7,11,7,8,3,5,2,2,6,0,3,9,9,11,0,0,9,9,2,2,4,9,6,5,11,11,5,9,0,10,0,6,3,5,7,4,8,8,8,5,9,2,11,3,2,4,0,0,5,2,5,3,10,2,10,4,3,5,10,9,7,3,0,4,8,9,9,6,9,4,5,2,5,5,6,2,9,9,10,9,10,4,4,6,4,7,8,9,7,9,9,4,4,2,7,3,7,2,2,3,7,7,11,8,11,2,3,4,9,3,8,11,0,9,4,0,3,2,7,4,9,11,8,11,9,9,0,0,6,3,7,5,2,0
10,5,5,5,5,6,8,0,9,11,8,4,4,7,3,0,8,0,8,9,4,6,3,3,7,2,4,10,10,0,2,2,10,10,3,3,5,10,7,6,0,0,6,10,2,11,2,7,4,6,8,5,9,9,9,6,10,3,0,4,3,5,2,2,6,3,6,4,11,3,11,5,4,6,11,10,8,4,2,5,9,10,10,7,10,5,6,3,6,6,7,3,10,10,11,10,11,5,5,7,5,8,9,10,8,10,10,5,5,3,8,4,8,3,3,4,8,8,0,9,0,3,4,5,10,4,9,0,2,10,5,2,4,3,8,5,10,0,9,0,10,10,2,2,7,4,8,6,3,2
11,6,6,6,6,7,9,2,10,0,9,5,5,8,4,2,9,2,9,10,5,7,4,4,8,3,5,11,11,2,3,3,11,11,4,4,6,11,8,7,2,2,7,11,3,0,3,8,5,7,9,6,10,10,10,7,11,4,2,5,4,6,3,3,7,4,7,5,0,4,0,6,5,7,0,11,9,5,3,6,10,11,11,8,11,6,7,4,7,7,8,4,11,11,0,11,0,6,6,8,6,9,10,11,9,11,11,6,6,4,9,5,9,4,4,5,9,9,2,10,2,4,5,6,11,5,10,2,3,11,6,3,5,4,9,6,11,2,10,2,11,11,3,3,8,5,9,7,4,3
0,7,7,7,7,8,10,3,11,2,10,6,6,9,5,3,10,3,10,11,6,8,5,5,9,4,6,0,0,3,4,4,0,0,5,5,7,0,9,8,3,3,8,0,4,2,4,9,6,8,10,7,11,11,11,8,0,5,3,6,5,7,4,4,8,5,8,6,2,5,2,7,6,8,2,0,10,6,4,7,11,0,0,9,0,7,8,5,8,8,9,5,0,0,2,0,2,7,7,9,7,10,11,0,10,0,0,7,7,5,10,6,10,5,5,6,10,10,3,11,3,5,6,7,0,6,11,3,4,0,7,4,6,5,10,7,0,3,11,3,0,0,4,4,9,6,10,8,5,4
2,8,8,8,8,9,11,4,0,3,11,7,7,10,6,4,11,4,11,0,7,9,6,6,10,5,7,2,2,4,5,5,2,2,6,6,8,2,10,9,4,4,9,2,5,3,5,10,7,9,11,8,0,0,0,9,2,6,4,7,6,8,5,5,9,6,9,7,3,6,3,8,7,9,3,2,11,7,5,8,0,2,2,10,2,8,9,6,9,9,10,6,2,2,3,2,3,8,8,10,8,11,0,2,11,2,2,8,8,6,11,7,11,6,6,7,11,11,4,0,4,6,7,8,2,7,0,4,5,2,8,5,7,6,11,8,2,4,0,4,2,2,5,5,10,7,11,9,6,5
3,9,9,9,9,10,0,5,2,4,0,8,8,11,7,5,0,5,0,2,8,10,7,7,11,6,8,3,3,5,6,6,3,3,7,7,9,3,11,10,5,5,10,3,6,4,6,11,8,10,0,9,2,2,2,10,3,7,5,8,7,9,6,6,10,7,10,8,4,7,4,9,8,10,4,3,0,8,6,9,2,3,3,11,3,9,10,7,10,10,11,7,3,3,4,3,4,9,9,11,9,0,2,3,0,3,3,9,9,7,0,8,0,7,7,8,0,0,5,2,5,7,8,9,3,8,2,5,6,3,9,6,8,7,0,9,3,5,2,5,3,3,6,6,11,8,0,10,7,6
4,10,10,10,10,11,2,6,3,5,2,9,9,0,8,6,2,6,2,3,9,11,8,8,0,7,9,4,4,6,7,7,4,4,8,8,10,4,0,11,6,6,11,4,7,5,7,0,9,11,2,10,3,3,3,11,4,8,6,9,8,10,7,7,11,8,11,9,5,8,5,10,9,11,5,4,2,9,7,10,3,4,4,0,4,10,11,8,11,11,0,8,4,4,5,4,5,10,10,0,10,2,3,4,2,4,4,10,10,8,2,9,2,8,8,9,2,2,6,3,6,8,9,10,4,9,3,6,7,4,10,7,9,8,2,10,4,6,3,6,4,4,7,7,0,9,2,11,8,7
5,11,11,11,11,0,3,7,4,6,3,10,10,2,9,7,3,7,3,4,10,0,9,9,2,8,10,5,5,7,8,8,5,5,9,9,11,5,2,0,7,7,0,5,8,6,8,2,10,0,3,11,4,4,4,0,5,9,7,10,9,11,8,8,0,9,0,10,6,9,6,11,10,0,6,5,3,10,8,11,4,5,5,2,5,11,0,9,0,0,2,9,5,5,6,5,6,11,11,2,11,3,4,5,3,5,5,11,11,9,3,10,3,9,9,10,3,3,7,4,7,9,10,11,5,10,4,7,8,5,11,8,10,9,3,11,5,7,4,7,5,5,8,8,2,10,3,0,9,8
6,0,0,0,0,2,4,8,5,7,4,11,11,3,10,8,4,8,4,5,11,2,10,10,3,9,11,6,6,8,9,9,6,6,10,10,0,6,3,2,8,8,2,6,9,7,9,3,11,2,4,0,5,5,5,2,6,10,8,11,10,0,9,9,2,10,2,11,7,10,7,0,11,2,7,6,4,11,9,0,5,6,6,3,6,0,2,10,2,2,3,10,6,6,7,6,7,0,0,3,0,4,5,6,4,6,6,0,0,10,4,11,4,10,10,11,4,4,8,5,8,10,11,0,6,11,5,8,9,6,0,9,11,10,4,0,6,8,5,8,6,6,9,9,3,11,4,2,10,9
7,2,2,2,2,3,5,9,6,8,5,0,0,4,11,9,5,9,5,6,0,3,11,11,4,10,0,7,7,9,10,10,7,7,11,11,2,7,4,3,9,9,3,7,10,8,10,4,0,3,5,2,6,6,6,3,7,11,9,0,11,2,10,10,3,11,3,0,8,11,8,2,0,3,8,7,5,0,10,2,6,7,7,4,7,2,3,11,3,3,4,11,7,7,8,7,8,2,2,4,2,5,6,7,5,7,7,2,2,11,5,0,5,11,11,0,5,5,9,6,9,11,0,2,7,0,6,9,10,7,2,10,0,11,5,2,7,9,6,9,7,7,10,10,4,0,5,3,11,10
8,3,3,3,3,4,6,10,7,9,6,2,2,5,0,10,6,10,6,7,2,4,0,0,5,11,2,8,8,10,11,11,8,8,0,0,3,8,5,4,10,10,4,8,11,9,11,5,2,4,6,3,7,7,7,4,8,0,10,2,0,3,11,11,4,0,4,2,9,0,9,3,2,4,9,8,6,2,11,3,7,8,8,5,8,3,4,0,4,4,5,0,8,8,9,8,9,3,3,5,3,6,7,8,6,8,8,3,3,0,6,2,6,0,0,2,6,6,10,7,10,0,2,3,8,2,7,10,11,8,3,11,2,0,6,3,8,10,7,10,8,8,11,11,5,2,6,4,0,11
9,4,4,4,4,5,7,11,8,10,7,3,3,6,2,11,7,11,7,8,3,5,2,2,6,0,3,9,9,11,0,0,9,9,2,2,4,9,6,5,11,11,5,9,0,10,0,6,3,5,7,4,8,8,8,5,9,2,11,3,2,4,0,0,5,2,5,3,10,2,10,4,3,5,10,9,7,3,0,4,8,9,9,6,9,4,5,2,5,5,6,2,9,9,10,9,10,4,4,6,4,7,8,9,7,9,9,4,4,2,7,3,7,2,2,3,7,7,11,8,11,2,3,4,9,3,8,11,0,9,4,0,3,2,7,4,9,11,8,11,9,9,0,0,6,3,7,5,2,0
10,5,5,5,5,6,8,0,9,11,8,4,4,7,3,0,8,0,8,9,4,6,3,3,7,2,4,10,10,0,2,2,10,10,3,3,5,10,7,6,0,0,6,10,2,11,2,7,4,6,8,5,9,9,9,6,10,3,0,4,3,5,2,2,6,3,6,4,11,3,11,5,4,6,11,10,8,4,2,5,9,10,10,7,10,5,6,3,6,6,7,3,10,10,11,10,11,5,5,7,5,8,9,10,8,10,10,5,5,3,8,4,8,3,3,4,8,8,0,9,0,3,4,5,10,4,9,0,2,10,5,2,4,3,8,5,10,0,9,0,10,10,2,2,7,4,8,6,3,2
11,6,6,6,6,7,9,2,10,0,9,5,5,8,4,2,9,2,9,10,5,7,4,4,8,3,5,11,11,2,3,3,11,11,4,4,6,11,8,7,2,2,7,11,3,0,3,8,5,7,9,6,10,10,10,7,11,4,2,5,4,6,3,3,7,4,7,5,0,4,0,6,5,7,0,11,9,5,3,6,10,11,11,8,11,6,7,4,7,7,8,4,11,11,0,11,0,6,6,8,6,9,10,11,9,11,11,6,6,4,9,5,9,4,4,5,9,9,2,10,2,4,5,6,11,5,10,2,3,11,6,3,5,4,9,6,11,2,10,2,11,11,3,3,8,5,9,7,4,3
0,7,7,7,7,8,10,3,11,2,10,6,6,9,5,3,10,3,10,11,6,8,5,5,9,4,6,0,0,3,4,4,0,0,5,5,7,0,9,8,3,3,8,0,4,2,4,9,6,8,10,7,11,11,11,8,0,5,3,6,5,7,4,4,8,5,8,6,2,5,2,7,6,8,2,0,10,6,4,7,11,0,0,9,0,7,8,5,8,8,9,5,0,0,2,0,2,7,7,9,7,10,11,0,10,0,0,7,7,5,10,6,10,5,5,6,10,10,3,11,3,5,6,7,0,6,11,3,4,0,7,4,6,5,10,7,0,3,11,3,0,0,4,4,9,6,10,8,5,4
2,8,8,8,8,9,11,4,0,3,11,7,7,10,6,4,11,4,11,0,7,9,6,6,10,5,7,2,2,4,5,5,2,2,6,6,8,2,10,9,4,4,9,2,5,3,5,10,7,9,11,8,0,0,0,9,2,6,4,7,6,8,5,5,9,6,9,7,3,6,3,8,7,9,3,2,11,7,5,8,0,2,2,10,2,8,9,6,9,9,10,6,2,2,3,2,3,8,8,10,8,11,0,2,11,2,2,8,8,6,11,7,11,6,6,7,11,11,4,0,4,6,7,8,2,7,0,4,5,2,8,5,7,6,11,8,2,4,0,4,2,2,5,5,10,7,11,9,6,5
3,9,9,9,9,10,0,5,2,4,0,8,8,11,7,5,0,5,0,2,8,10,7,7,11,6,8,3,3,5,6,6,3,3,7,7,9,3,11,10,5,5,10,3,6,4,6,11,8,10,0,9,2,2,2,10,3,7,5,8,7,9,6,6,10,7,10,8,4,7,4,9,8,10,4,3,0,8,6,9,2,3,3,11,3,9,10,7,10,10,11,7,3,3,4,3,4,9,9,11,9,0,2,3,0,3,3,9,9,7,0,8,0,7,7,8,0,0,5,2,5,7,8,9,3,8,2,5,6,3,9,6,8,7,0,9,3,5,2,5,3,3,6,6,11,8,0,10,7,6
4,10,10,10,10,11,2,6,3,5,2,9,9,0,8,6,2,6,2,3,9,11,8,8,0,7,9,4,4,6,7,7,4,4,8,8,10,4,0,11,6,6,11,4,7,5,7,0,9,11,2,10,3,3,3,11,4,8,6,9,8,10,7,7,11,8,11,9,5,8,5,10,9,11,5,4,2,9,7,10,3,4,4,0,4,10,11,8,11,11,0,8,4,4,5,4,5,10,10,0,10,2,3,4,2,4,4,10,10,8,2,9,2,8,8,9,2,2,6,3,6,8,9,10,4,9,3,6,7,4,10,7,9,8,2,10,4,6,3,6,4,4,7,7,0,9,2,11,8,7
5,11,11,11,11,0,3,7,4,6,3,10,10,2,9,7,3,7,3,4,10,0,9,9,2,8,10,5,5,7,8,8,5,5,9,9,11,5,2,0,7,7,0,5,8,6,8,2,10,0,3,11,4,4,4,0,5,9,7,10,9,11,8,8,0,9,0,10,6,9,6,11,10,0,6,5,3,10,8,11,4,5,5,2,5,11,0,9,0,0,2,9,5,5,6,5,6,11,11,2,11,3,4,5,3,5,5,11,11,9,3,10,3,9,9,10,3,3,7,4,7,9,10,11,5,10,4,7,8,5,11,8,10,9,3,11,5,7,4,7,5,5,8,8,2,10,3,0,9,8
6,0,0,0,0,2,4,8,5,7,4,11,11,3,10,8,4,8,4,5,11,2,10,10,3,9,11,6,6,8,9,9,6,6,10,10,0,6,3,2,8,8,2,6,9,7,9,3,11,2,4,0,5,5,5,2,6,10,8,11,10,0,9,9,2,10,2,11,7,10,7,0,11,2,7,6,4,11,9,0,5,6,6,3,6,0,2,10,2,2,3,10,6,6,7,6,7,0,0,3,0,4,5,6,4,6,6,0,0,10,4,11,4,10,10,11,4,4,8,5,8,10,11,0,6,11,5,8,9,6,0,9,11,10,4,0,6,8,5,8,6,6,9,9,3,11,4,2,10,9
7,2,2,2,2,3,5,9,6,8,5,0,0,4,11,9,5,9,5,6,0,3,11,11,4,10,0,7,7,9,10,10,7,7,11,11,2,7,4,3,9,9,3,7,10,8,10,4,0,3,5,2,6,6,6,3,7,11,9,0,11,2,10,10,3,11,3,0,8,11,8,2,0,3,8,7,5,0,10,2,6,7,7,4,7,2,3,11,3,3,4,11,7,7,8,7,8,2,2,4,2,5,6,7,5,7,7,2,2,11,5,0,5,11,11,0,5,5,9,6,9,11,0,2,7,0,6,9,10,7,2,10,0,11,5,2,7,9,6,9,7,7,10,10,4,0,5,3,11,10
8,3,3,3,3,4,6,10,7,9,6,2,2,5,0,10,6,10,6,7,2,4,0,0,5,11,2,8,8,10,11,11,8,8,0,0,3,8,5,4,10,10,4,8,11,9,11,5,2,4,6,3,7,7,7,4,8,0,10,2,0,3,11,11,4,0,4,2,9,0,9,3,2,4,9,8,6,2,11,3,7,8,8,5,8,3,4,0,4,4,5,0,8,8,9,8,9,3,3,5,3,6,7,8,6,8,8,3,3,0,6,2,6,0,0,2,6,6,10,7,10,0,2,3,8,2,7,10,11,8,3,11,2,0,6,3,8,10,7,10,8,8,11,11,5,2,6,4,0,11
9,4,4,4,4,5,7,11,8,10,7,3,3,6,2,11,7,11,7,8,3,5,2,2,6,0,3,9,9,11,0,0,9,9,2,2,4,9,6,5,11,11,5,9,0,10,0,6,3,5,7,4,8,8,8,5,9,2,11,3,2,4,0,0,5,2,5,3,10,2,10,4,3,5,10,9,7,3,0,4,8,9,9,6,9,4,5,2,5,5,6,2,9,9,10,9,10,4,4,6,4,7,8,9,7,9,9,4,4,2,7,3,7,2,2,3,7,7,11,8,11,2,3,4,9,3,8,11,0,9,4,0,3,2,7,4,9,11,8,11,9,9,0,0,6,3,7,5,2,0
10,5,5,5,5,6,8,0,9,11,8,4,4,7,3,0,8,0,8,9,4,6,3,3,7,2,4,10,10,0,2,2,10,10,3,3,5,10,7,6,0,0,6,10,2,11,2,7,4,6,8,5,9,9,9,6,10,3,0,4,3,5,2,2,6,3,6,4,11,3,11,5,4,6,11,10,8,4,2,5,9,10,10,7,10,5,6,3,6,6,7,3,10,10,11,10,11,5,5,7,5,8,9,10,8,10,10,5,5,3,8,4,8,3,3,4,8,8,0,9,0,3,4,5,10,4,9,0,2,10,5,2,4,3,8,5,10,0,9,0,10,10,2,2,7,4,8,6,3,2
11,6,6,6,6,7,9,2,10,0,9,5,5,8,4,2,9,2,9,10,5,7,4,4,8,3,5,11,11,2,3,3,11,11,4,4,6,11,8,7,2,2,7,11,3,0,3,8,5,7,9,6,10,10,10,7,11,4,2,5,4,6,3,3,7,4,7,5,0,4,0,6,5,7,0,11,9,5,3,6,10,11,11,8,11,6,7,4,7,7,8,4,11,11,0,11,0,6,6,8,6,9,10,11,9,11,11,6,6,4,9,5,9,4,4,5,9,9,2,10,2,4,5,6,11,5,10,2,3,11,6,3,5,4,9,6,11,2,10,2,11,11,3,3,8,5,9,7,4,3
0,7,7,7,7,8,10,3,11,2,10,6,6,9,5,3,10,3,10,11,6,8,5,5,9,4,6,0,0,3,4,4,0,0,5,5,7,0,9,8,3,3,8,0,4,2,4,9,6,8,10,7,11,11,11,8,0,5,3,6,5,7,4,4,8,5,8,6,2,5,2,7,6,8,2,0,10,6,4,7,11,0,0,9,0,7,8,5,8,8,9,5,0,0,2,0,2,7,7,9,7,10,11,0,10,0,0,7,7,5,10,6,10,5,5,6,10,10,3,11,3,5,6,7,0,6,11,3,4,0,7,4,6,5,10,7,0,3,11,3,0,0,4,4,9,6,10,8,5,4
2,8,8,8,8,9,11,4,0,3,11,7,7,10,6,4,11,4,11,0,7,9,6,6,10,5,7,2,2,4,5,5,2,2,6,6,8,2,10,9,4,4,9,2,5,3,5,10,7,9,11,8,0,0,0,9,2,6,4,7,6,8,5,5,9,6,9,7,3,6,3,8,7,9,3,2,11,7,5,8,0,2,2,10,2,8,9,6,9,9,10,6,2,2,3,2,3,8,8,10,8,11,0,2,11,2,2,8,8,6,11,7,11,6,6,7,11,11,4,0,4,6,7,8,2,7,0,4,5,2,8,5,7,6,11,8,2,4,0,4,2,2,5,5,10,7,11,9,6,5
3,9,9,9,9,10,0,5,2,4,0,8,8,11,7,5,0,5,0,2,8,10,7,7,11,6,8,3,3,5,6,6,3,3,7,7,9,3,11,10,5,5,10,3,6,4,6,11,8,10,0,9,2,2,2,10,3,7,5,8,7,9,6,6,10,7,10,8,4,7,4,9,8,10,4,3,0,8,6,9,2,3,3,11,3,9,10,7,10,10,11,7,3,3,4,3,4,9,9,11,9,0,2,3,0,3,3,9,9,7,0,8,0,7,7,8,0,0,5,2,5,7,8,9,3,8,2,5,6,3,9,6,8,7,0,9,3,5,2,5,3,3,6,6,11,8,0,10,7,6
4,10,10,10,10,11,2,6,3,5,2,9,9,0,8,6,2,6,2,3,9,11,8,8,0,7,9,4,4,6,7,7,4,4,8,8,10,4,0,11,6,6,11,4,7,5,7,0,9,11,2,10,3,3,3,11,4,8,6,9,8,10,7,7,11,8,11,9,5,8,5,10,9,11,5,4,2,9,7,10,3,4,4,0,4,10,11,8,11,11,0,8,4,4,5,4,5,10,10,0,10,2,3,4,2,4,4,10,10,8,2,9,2,8,8,9,2,2,6,3,6,8,9,10,4,9,3,6,7,4,10,7,9,8,2,10,4,6,3,6,4,4,7,7,0,9,2,11,8,7
5,11,11,11,11,0,3,7,4,6,3,10,10,2,9,7,3,7,3,4,10,0,9,9,2,8,10,5,5,7,8,8,5,5,9,9,11,5,2,0,7,7,0,5,8,6,8,2,10,0,3,11,4,4,4,0,5,9,7,10,9,11,8,8,0,9,0,10,6,9,6,11,10,0,6,5,3,10,8,11,4,5,5,2,5,11,0,9,0,0,2,9,5,5,6,5,6,11,11,2,11,3,4,5,3,5,5,11,11,9,3,10,3,9,9,10,3,3,7,4,7,9,10,11,5,10,4,7,8,5,11,8,10,9,3,11,5,7,4,7,5,5,8,8,2,10,3,0,9,8
6,0,0,0,0,2,4,8,5,7,4,11,11,3,10,8,4,8,4,5,11,2,10,10,3,9,11,6,6,8,9,9,6,6,10,10,0,6,3,2,8,8,2,6,9,7,9,3,11,2,4,0,5,5,5,2,6,10,8,11,10,0,9,9,2,10,2,11,7,10,7,0,11,2,7,6,4,11,9,0,5,6,6,3,6,0,2,10,2,2,3,10,6,6,7,6,7,0,0,3,0,4,5,6,4,6,6,0,0,10,4,11,4,10,10,11,4,4,8,5,8,10,11,0,6,11,5,8,9,6,0,9,11,10,4,0,6,8,5,8,6,6,9,9,3,11,4,2,10,9
7,2,2,2,2,3,5,9,6,8,5,0,0,4,11,9,5,9,5,6,0,3,11,11,4,10,0,7,7,9,10,10,7,7,11,11,2,7,4,3,9,9,3,7,10,8,10,4,0,3,5,2,6,6,6,3,7,11,9,0,11,2,10,10,3,11,3,0,8,11,8,2,0,3,8,7,5,0,10,2,6,7,7,4,7,2,3,11,3,3,4,11,7,7,8,7,8,2,2,4,2,5,6,7,5,7,7,2,2,11,5,0,5,11,11,0,5,5,9,6,9,11,0,2,7,0,6,9,10,7,2,10,0,11,5,2,7,9,6,9,7,7,10,10,4,0,5,3,11,10
8,3,3,3,3,4,6,10,7,9,6,2,2,5,0,10,6,10,6,7,2,4,0,0,5,11,2,8,8,10,11,11,8,8,0,0,3,8,5,4,10,10,4,8,11,9,11,5,2,4,6,3,7,7,7,4,8,0,10,2,0,3,11,11,4,0,4,2,9,0,9,3,2,4,9,8,6,2,11,3,7,8,8,5,8,3,4,0,4,4,5,0,8,8,9,8,9,3,3,5,3,6,7,8,6,8,8,3,3,0,6,2,6,0,0,2,6,6,10,7,10,0,2,3,8,2,7,10,11,8,3,11,2,0,6,3,8,10,7,10,8,8,11,11,5,2,6,4,0,11
9,4,4,4,4,5,7,11,8,10,7,3,3,6,2,11,7,11,7,8,3,5,2,2,6,0,3,9,9,11,0,0,9,9,2,2,4,9,6,5,11,11,5,9,0,10,0,6,3,5,7,4,8,8,8,5,9,2,11,3,2,4,0,0,5,2,5,3,10,2,10,4,3,5,10,9,7,3,0,4,8,9,9,6,9,4,5,2,5,5,6,2,9,9,10,9,10,4,4,6,4,7,8,9,7,9,9,4,4,2,7,3,7,2,2,3,7,7,11,8,11,2,3,4,9,3,8,11,0,9,4,0,3,2,7,4,9,11,8,11,9,9,0,0,6,3,7,5,2,0
10,5,5,5,5,6,8,0,9,11,8,4,4,7,3,0,8,0,8,9,4,6,3,3,7,2,4,10,10,0,2,2,10,10,3,3,5,10,7,6,0,0,6,10,2,11,2,7,4,6,8,5,9,9,9,6,10,3,0,4,3,5,2,2,6,3,6,4,11,3,11,5,4,6,11,10,8,4,2,5,9,10,10,7,10,5,6,3,6,6,7,3,10,10,11,10,11,5,5,7,5,8,9,10,8,10,10,5,5,3,8,4,8,3,3,4,8,8,0,9,0,3,4,5,10,4,9,0,2,10,5,2,4,3,8,5,10,0,9,0,10,10,2,2,7,4,8,6,3,2
11,6,6,6,6,7,9,2,10,0,9,5,5,8,4,2,9,2,9,10,5,7,4,4,8,3,5,11,11,2,3,3,11,11,4,4,6,11,8,7,2,2,7,11,3,0,3,8,5,7,9,6,10,10,10,7,11,4,2,5,4,6,3,3,7,4,7,5,0,4,0,6,5,7,0,11,9,5,3,6,10,11,11,8,11,6,7,4,7,7,8,4,11,11,0,11,0,6,6,8,6,9,10,11,9,11,11,6,6,4,9,5,9,4,4,5,9,9,2,10,2,4,5,6,11,5,10,2,3,11,6,3,5,4,9,6,11,2,10,2,11,11,3,3,8,5,9,7,4,3
0,7,7,7,7,8,10,3,11,2,10,6,6,9,5,3,10,3,10,11,6,8,5,5,9,4,6,0,0,3,4,4,0,0,5,5,7,0,9,8,3,3,8,0,4,2,4,9,6,8,10,7,11,11,11,8,0,5,3,6,5,7,4,4,8,5,8,6,2,5,2,7,6,8,2,0,10,6,4,7,11,0,0,9,0,7,8,5,8,8,9,5,0,0,2,0,2,7,7,9,7,10,11,0,10,0,0,7,7,5,10,6,10,5,5,6,10,10,3,11,3,5,6,7,0,6,11,3,4,0,7,4,6,5,10,7,0,3,11,3,0,0,4,4,9,6,10,8,5,4
2,8,8,8,8,9,11,4,0,3,11,7,7,10,6,4,11,4,11,0,7,9,6,6,10,5,7,2,2,4,5,5,2,2,6,6,8,2,10,9,4,4,9,2,5,3,5,10,7,9,11,8,0,0,0,9,2,6,4,7,6,8,5,5,9,6,9,7,3,6,3,8,7,9,3,2,11,7,5,8,0,2,2,10,2,8,9,6,9,9,10,6,2,2,3,2,3,8,8,10,8,11,0,2,11,2,2,8,8,6,11,7,11,6,6,7,11,11,4,0,4,6,7,8,2,7,0,4,5,2,8,5,7,6,11,8,2,4,0,4,2,2,5,5,10,7,11,9,6,5
3,9,9,9,9,10,0,5,2,4,0,8,8,11,7,5,0,5,0,2,8,10,7,7,11,6,8,3,3,5,6,6,3,3,7,7,9,3,11,10,5,5,10,3,6,4,6,11,8,10,0,9,2,2,2,10,3,7,5,8,7,9,6,6,10,7,10,8,4,7,4,9,8,10,4,3,0,8,6,9,2,3,3,11,3,9,10,7,10,10,11,7,3,3,4,3,4,9,9,11,9,0,2,3,0,3,3,9,9,7,0,8,0,7,7,8,0,0,5,2,5,7,8,9,3,8,2,5,6,3,9,6,8,7,0,9,3,5,2,5,3,3,6,6,11,8,0,10,7,6
4,10,10,10,10,11,2,6,3,5,2,9,9,0,8,6,2,6,2,3,9,11,8,8,0,7,9,4,4,6,7,7,4,4,8,8,10,4,0,11,6,6,11,4,7,5,7,0,9,11,2,10,3,3,3,11,4,8,6,9,8,10,7,7,11,8,11,9,5,8,5,10,9,11,5,4,2,9,7,10,3,4,4,0,4,10,11,8,11,11,0,8,4,4,5,4,5,10,10,0,10,2,3,4,2,4,4,10,10,8,2,9,2,8,8,9,2,2,6,3,6,8,9,10,4,9,3,6,7,4,10,7,9,8,2,10,4,6,3,6,4,4,7,7,0,9,2,11,8,7
5,11,11,11,11,0,3,7,4,6,3,10,10,2,9,7,3,7,3,4,10,0,9,9,2,8,10,5,5,7,8,8,5,5,9,9,11,5,2,0,7,7,0,5,8,6,8,2,10,0,3,11,4,4,4,0,5,9,7,10,9,11,8,8,0,9,0,10,6,9,6,11,10,0,6,5,3,10,8,11,4,5,5,2,5,11,0,9,0,0,2,9,5,5,6,5,6,11,11,2,11,3,4,5,3,5,5,11,11,9,3,10,3,9,9,10,3,3,7,4,7,9,10,11,5,10,4,7,8,5,11,8,10,9,3,11,5,7,4,7,5,5,8,8,2,10,3,0,9,8
6,0,0,0,0,2,4,8,5,7,4,11,11,3,10,8,4,8,4,5,11,2,10,10,3,9,11,6,6,8,9,9,6,6,10,10,0,6,3,2,8,8,2,6,9,7,9,3,11,2,4,0,5,5,5,2,6,10,8,11,10,0,9,9,2,10,2,11,7,10,7,0,11,2,7,6,4,11,9,0,5,6,6,3,6,0,2,10,2,2,3,10,6,6,7,6,7,0,0,3,0,4,5,6,4,6,6,0,0,10,4,11,4,10,10,11,4,4,8,5,8,10,11,0,6,11,5,8,9,6,0,9,11,10,4,0,6,8,5,8,6,6,9,9,3,11,4,2,10,9
7,2,2,2,2,3,5,9,6,8,5,0,0,4,11,9,5,9,5,6,0,3,11,11,4,10,0,7,7,9,10,10,7,7,11,11,2,7,4,3,9,9,3,7,10,8,10,4,0,3,5,2,6,6,6,3,7,11,9,0,11,2,10,10,3,11,3,0,8,11,8,2,0,3,8,7,5,0,10,2,6,7,7,4,7,2,3,11,3,3,4,11,7,7,8,7,8,2,2,4,2,5,6,7,5,7,7,2,2,11,5,0,5,11,11,0,5,5,9,6,9,11,0,2,7,0,6,9,10,7,2,10,0,11,5,2,7,9,6,9,7,7,10,10,4,0,5,3,11,10
8,3,3,3,3,4,6,10,7,9,6,2,2,5,0,10,6,10,6,7,2,4,0,0,5,11,2,8,8,10,11,11,8,8,0,0,3,8,5,4,10,10,4,8,11,9,11,5,2,4,6,3,7,7,7,4,8,0,10,2,0,3,11,11,4,0,4,2,9,0,9,3,2,4,9,8,6,2,11,3,7,8,8,5,8,3,4,0,4,4,5,0,8,8,9,8,9,3,3,5,3,6,7,8,6,8,8,3,3,0,6,2,6,0,0,2,6,6,10,7,10,0,2,3,8,2,7,10,11,8,3,11,2,0,6,3,8,10,7,10,8,8,11,11,5,2,6,4,0,11
9,4,4,4,4,5,7,11,8,10,7,3,3,6,2,11,7,11,7,8,3,5,2,2,6,0,3,9,9,11,0,0,9,9,2,2,4,9,6,5,11,11,5,9,0,10,0,6,3,5,7,4,8,8,8,5,9,2,11,3,2,4,0,0,5,2,5,3,10,2,10,4,3,5,10,9,7,3,0,4,8,9,9,6,9,4,5,2,5,5,6,2,9,9,10,9,10,4,4,6,4,7,8,9,7,9,9,4,4,2,7,3,7,2,2,3,7,7,11,8,11,2,3,4,9,3,8,11,0,9,4,0,3,2,7,4,9,11,8,11,9,9,0,0,6,3,7,5,2,0
10,5,5,5,5,6,8,0,9,11,8,4,4,7,3,0,8,0,8,9,4,6,3,3,7,2,4,10,10,0,2,2,10,10,3,3,5,10,7,6,0,0,6,10,2,11,2,7,4,6,8,5,9,9,9,6,10,3,0,4,3,5,2,2,6,3,6,4,11,3,11,5,4,6,11,10,8,4,2,5,9,10,10,7,10,5,6,3,6,6,7,3,10,10,11,10,11,5,5,7,5,8,9,10,8,10,10,5,5,3,8,4,8,3,3,4,8,8,0,9,0,3,4,5,10,4,9,0,2,10,5,2,4,3,8,5,10,0,9,0,10,10,2,2,7,4,8,6,3,2
11,6,6,6,6,7,9,2,10,0,9,5,5,8,4,2,9,2,9,10,5,7,4,4,8,3,5,11,11,2,3,3,11,11,4,4,6,11,8,7,2,2,7,11,3,0,3,8,5,7,9,6,10,10,10,7,11,4,2,5,4,6,3,3,7,4,7,5,0,4,0,6,5,7,0,11,9,5,3,6,10,11,11,8,11,6,7,4,7,7,8,4,11,11,0,11,0,6,6,8,6,9,10,11,9,11,11,6,6,4,9,5,9,4,4,5,9,9,2,10,2,4,5,6,11,5,10,2,3,11,6,3,5,4,9,6,11,2,10,2,11,11,3,3,8,5,9,7,4,3
0,7,7,7,7,8,10,3,11,2,10,6,6,9,5,3,10,3,10,11,6,8,5,5,9,4,6,0,0,3,4,4,0,0,5,5,7,0,9,8,3,3,8,0,4,2,4,9,6,8,10,7,11,11,11,8,0,5,3,6,5,7,4,4,8,5,8,6,2,5,2,7,6,8,2,0,10,6,4,7,11,0,0,9,0,7,8,5,8,8,9,5,0,0,2,0,2,7,7,9,7,10,11,0,10,0,0,7,7,5,10,6,10,5,5,6,10,10,3,11,3,5,6,7,0,6,11,3,4,0,7,4,6,5,10,7,0,3,11,3,0,0,4,4,9,6,10,8,5,4
2,8,8,8,8,9,11,4,0,3,11,7,7,10,6,4,11,4,11,0,7,9,6,6,10,5,7,2,2,4,5,5,2,2,6,6,8,2,10,9,4,4,9,2,5,3,5,10,7,9,11,8,0,0,0,9,2,6,4,7,6,8,5,5,9,6,9,7,3,6,3,8,7,9,3,2,11,7,5,8,0,2,2,10,2,8,9,6,9,9,10,6,2,2,3,2,3,8,8,10,8,11,0,2,11,2,2,8,8,6,11,7,11,6,6,7,11,11,4,0,4,6,7,8,2,7,0,4,5,2,8,5,7,6,11,8,2,4,0,4,2,2,5,5,10,7,11,9,6,5
3,9,9,9,9,10,0,5,2,4,0,8,8,11,7,5,0,5,0,2,8,10,7,7,11,6,8,3,3,5,6,6,3,3,7,7,9,3,11,10,5,5,10,3,6,4,6,11,8,10,0,9,2,2,2,10,3,7,5,8,7,9,6,6,10,7,10,8,4,7,4,9,8,10,4,3,0,8,6,9,2,3,3,11,3,9,10,7,10,10,11,7,3,3,4,3,4,9,9,11,9,0,2,3,0,3,3,9,9,7,0,8,0,7,7,8,0,0,5,2,5,7,8,9,3,8,2,5,6,3,9,6,8,7,0,9,3,5,2,5,3,3,6,6,11,8,0,10,7,6
4,10,10,10,10,11,2,6,3,5,2,9,9,0,8,6,2,6,2,3,9,11,8,8,0,7,9,4,4,6,7,7,4,4,8,8,10,4,0,11,6,6,11,4,7,5,7,0,9,11,2,10,3,3,3,11,4,8,6,9,8,10,7,7,11,8,11,9,5,8,5,10,9,11,5,4,2,9,7,10,3,4,4,0,4,10,11,8,11,11,0,8,4,4,5,4,5,10,10,0,10,2,3,4,2,4,4,10,10,8,2,9,2,8,8,9,2,2,6,3,6,8,9,10,4,9,3,6,7,4,10,7,9,8,2,10,4,6,3,6,4,4,7,7,0,9,2,11,8,7
5,11,11,11,11,0,3,7,4,6,3,10,10,2,9,7,3,7,3,4,10,0,9,9,2,8,10,5,5,7,8,8,5,5,9,9,11,5,2,0,7,7,0,5,8,6,8,2,10,0,3,11,4,4,4,0,5,9,7,10,9,11,8,8,0,9,0,10,6,9,6,11,10,0,6,5,3,10,8,11,4,5,5,2,5,11,0,9,0,0,2,9,5,5,6,5,6,11,11,2,11,3,4,5,3,5,5,11,11,9,3,10,3,9,9,10,3,3,7,4,7,9,10,11,5,10,4,7,8,5,11,8,10,9,3,11,5,7,4,7,5,5,8,8,2,10,3,0,9,8
6,0,0,0,0,2,4,8,5,7,4,11,11,3,10,8,4,8,4,5,11,2,10,10,3,9,11,6,6,8,9,9,6,6,10,10,0,6,3,2,8,8,2,6,9,7,9,3,11,2,4,0,5,5,5,2,6,10,8,11,10,0,9,9,2,10,2,11,7,10,7,0,11,2,7,6,4,11,9,0,5,6,6,3,6,0,2,10,2,2,3,10,6,6,7,6,7,0,0,3,0,4,5,6,4,6,6,0,0,10,4,11,4,10,10,11,4,4,8,5,8,10,11,0,6,11,5,8,9,6,0,9,11,10,4,0,6,8,5,8,6,6,9,9,3,11,4,2,10,9
7,2,2,2,2,3,5,9,6,8,5,0,0,4,11,9,5,9,5,6,0,3,11,11,4,10,0,7,7,9,10,10,7,7,11,11,2,7,4,3,9,9,3,7,10,8,10,4,0,3,5,2,6,6,6,3,7,11,9,0,11,2,10,10,3,11,3,0,8,11,8,2,0,3,8,7,5,0,10,2,6,7,7,4,7,2,3,11,3,3,4,11,7,7,8,7,8,2,2,4,2,5,6,7,5,7,7,2,2,11,5,0,5,11,11,0,5,5,9,6,9,11,0,2,7,0,6,9,10,7,2,10,0,11,5,2,7,9,6,9,7,7,10,10,4,0,5,3,11,10
8,3,3,3,3,4,6,10,7,9,6,2,2,5,0,10,6,10,6,7,2,4,0,0,5,11,2,8,8,10,11,11,8,8,0,0,3,8,5,4,10,10,4,8,11,9,11,5,2,4,6,3,7,7,7,4,8,0,10,2,0,3,11,11,4,0,4,2,9,0,9,3,2,4,9,8,6,2,11,3,7,8,8,5,8,3,4,0,4,4,5,0,8,8,9,8,9,3,3,5,3,6,7,8,6,8,8,3,3,0,6,2,6,0,0,2,6,6,10,7,10,0,2,3,8,2,7,10,11,8,3,11,2,0,6,3,8,10,7,10,8,8,11,11,5,2,6,4,0,11
9,4,4,4,4,5,7,11,8,10,7,3,3,6,2,11,7,11,7,8,3,5,2,2,6,0,3,9,9,11,0,0,9,9,2,2,4,9,6,5,11,11,5,9,0,10,0,6,3,5,7,4,8,8,8,5,9,2,11,3,2,4,0,0,5,2,5,3,10,2,10,4,3,5,10,9,7,3,0,4,8,9,9,6,9,4,5,2,5,5,6,2,9,9,10,9,10,4,4,6,4,7,8,9,7,9,9,4,4,2,7,3,7,2,2,3,7,7,11,8,11,2,3,4,9,3,8,11,0,9,4,0,3,2,7,4,9,11,8,11,9,9,0,0,6,3,7,5,2,0
10,5,5,5,5,6,8,0,9,11,8,4,4,7,3,0,8,0,8,9,4,6,3,3,7,2,4,10,10,0,2,2,10,10,3,3,5,10,7,6,0,0,6,10,2,11,2,7,4,6,8,5,9,9,9,6,10,3,0,4,3,5,2,2,6,3,6,4,11,3,11,5,4,6,11,10,8,4,2,5,9,10,10,7,10,5,6,3,6,6,7,3,10,10,11,10,11,5,5,7,5,8,9,10,8,10,10,5,5,3,8,4,8,3,3,4,8,8,0,9,0,3,4,5,10,4,9,0,2,10,5,2,4,3,8,5,10,0,9,0,10,10,2,2,7,4,8,6,3,2
11,6,6,6,6,7,9,2,10,0,9,5,5,8,4,2,9,2,9,10,5,7,4,4,8,3,5,11,11,2,3,3,11,11,4,4,6,11,8,7,2,2,7,11,3,0,3,8,5,7,9,6,10,10,10,7,11,4,2,5,4,6,3,3,7,4,7,5,0,4,0,6,5,7,0,11,9,5,3,6,10,11,11,8,11,6,7,4,7,7,8,4,11,11,0,11,0,6,6,8,6,9,10,11,9,11,11,6,6,4,9,5,9,4,4,5,9,9,2,10,2,4,5,6,11,5,10,2,3,11,6,3,5,4,9,6,11,2,10,2,11,11,3,3,8,5,9,7,4,3
0,7,7,7,7,8,10,3,11,2,10,6,6,9,5,3,10,3,10,11,6,8,5,5,9,4,6,0,0,3,4,4,0,0,5,5,7,0,9,8,3,3,8,0,4,2,4,9,6,8,10,7,11,11,11,8,0,5,3,6,5,7,4,4,8,5,8,6,2,5,2,7,6,8,2,0,10,6,4,7,11,0,0,9,0,7,8,5,8,8,9,5,0,0,2,0,2,7,7,9,7,10,11,0,10,0,0,7,7,5,10,6,10,5,5,6,10,10,3,11,3,5,6,7,0,6,11,3,4,0,7,4,6,5,10,7,0,3,11,3,0,0,4,4,9,6,10,8,5,4
2,8,8,8,8,9,11,4,0,3,11,7,7,10,6,4,11,4,11,0,7,9,6,6,10,5,7,2,2,4,5,5,2,2,6,6,8,2,10,9,4,4,9,2,5,3,5,10,7,9,11,8,0,0,0,9,2,6,4,7,6,8,5,5,9,6,9,7,3,6,3,8,7,9,3,2,11,7,5,8,0,2,2,10,2,8,9,6,9,9,10,6,2,2,3,2,3,8,8,10,8,11,0,2,11,2,2,8,8,6,11,7,11,6,6,7,11,11,4,0,4,6,7,8,2,7,0,4,5,2,8,5,7,6,11,8,2,4,0,4,2,2,5,5,10,7,11,9,6,5
3,9,9,9,9,10,0,5,2,4,0,8,8,11,7,5,0,5,0,2,8,10,7,7,11,6,8,3,3,5,6,6,3,3,7,7,9,3,11,10,5,5,10,3,6,4,6,11,8,10,0,9,2,2,2,10,3,7,5,8,7,9,6,6,10,7,10,8,4,7,4,9,8,10,4,3,0,8,6,9,2,3,3,11,3,9,10,7,10,10,11,7,3,3,4,3,4,9,9,11,9,0,2,3,0,3,3,9,9,7,0,8,0,7,7,8,0,0,5,2,5,7,8,9,3,8,2,5,6,3,9,6,8,7,0,9,3,5,2,5,3,3,6,6,11,8,0,10,7,6
4,10,10,10,10,11,2,6,3,5,2,9,9,0,8,6,2,6,2,3,9,11,8,8,0,7,9,4,4,6,7,7,4,4,8,8,10,4,0,11,6,6,11,4,7,5,7,0,9,11,2,10,3,3,3,11,4,8,6,9,8,10,7,7,11,8,11,9,5,8,5,10,9,11,5,4,2,9,7,10,3,4,4,0,4,10,11,8,11,11,0,8,4,4,5,4,5,10,10,0,10,2,3,4,2,4,4,10,10,8,2,9,2,8,8,9,2,2,6,3,6,8,9,10,4,9,3,6,7,4,10,7,9,8,2,10,4,6,3,6,4,4,7,7,0,9,2,11,8,7
5,11,11,11,11,0,3,7,4,6,3,10,10,2,9,7,3,7,3,4,10,0,9,9,2,8,10,5,5,7,8,8,5,5,9,9,11,5,2,0,7,7,0,5,8,6,8,2,10,0,3,11,4,4,4,0,5,9,7,10,9,11,8,8,0,9,0,10,6,9,6,11,10,0,6,5,3,10,8,11,4,5,5,2,5,11,0,9,0,0,2,9,5,5,6,5,6,11,11,2,11,3,4,5,3,5,5,11,11,9,3,10,3,9,9,10,3,3,7,4,7,9,10,11,5,10,4,7,8,5,11,8,10,9,3,11,5,7,4,7,5,5,8,8,2,10,3,0,9,8
6,0,0,0,0,2,4,8,5,7,4,11,11,3,10,8,4,8,4,5,11,2,10,10,3,9,11,6,6,8,9,9,6,6,10,10,0,6,3,2,8,8,2,6,9,7,9,3,11,2,4,0,5,5,5,2,6,10,8,11,10,0,9,9,2,10,2,11,7,10,7,0,11,2,7,6,4,11,9,0,5,6,6,3,6,0,2,10,2,2,3,10,6,6,7,6,7,0,0,3,0,4,5,6,4,6,6,0,0,10,4,11,4,10,10,11,4,4,8,5,8,10,11,0,6,11,5,8,9,6,0,9,11,10,4,0,6,8,5,8,6,6,9,9,3,11,4,2,10,9
7,2,2,2,2,3,5,9,6,8,5,0,0,4,11,9,5,9,5,6,0,3,11,11,4,10,0,7,7,9,10,10,7,7,11,11,2,7,4,3,9,9,3,7,10,8,10,4,0,3,5,2,6,6,6,3,7,11,9,0,11,2,10,10,3,11,3,0,8,11,8,2,0,3,8,7,5,0,10,2,6,7,7,4,7,2,3,11,3,3,4,11,7,7,8,7,8,2,2,4,2,5,6,7,5,7,7,2,2,11,5,0,5,11,11,0,5,5,9,6,9,11,0,2,7,0,6,9,10,7,2,10,0,11,5,2,7,9,6,9,7,7,10,10,4,0,5,3,11,10
8,3,3,3,3,4,6,10,7,9,6,2,2,5,0,10,6,10,6,7,2,4,0,0,5,11,2,8,8,10,11,11,8,8,0,0,3,8,5,4,10,10,4,8,11,9,11,5,2,4,6,3,7,7,7,4,8,0,10,2,0,3,11,11,4,0,4,2,9,0,9,3,2,4,9,8,6,2,11,3,7,8,8,5,8,3,4,0,4,4,5,0,8,8,9,8,9,3,3,5,3,6,7,8,6,8,8,3,3,0,6,2,6,0,0,2,6,6,10,7,10,0,2,3,8,2,7,10,11,8,3,11,2,0,6,3,8,10,7,10,8,8,11,11,5,2,6,4,0,11
9,4,4,4,4,5,7,11,8,10,7,3,3,6,2,11,7,11,7,8,3,5,2,2,6,0,3,9,9,11,0,0,9,9,2,2,4,9,6,5,11,11,5,9,0,10,0,6,3,5,7,4,8,8,8,5,9,2,11,3,2,4,0,0,5,2,5,3,10,2,10,4,3,5,10,9,7,3,0,4,8,9,9,6,9,4,5,2,5,5,6,2,9,9,10,9,10,4,4,6,4,7,8,9,7,9,9,4,4,2,7,3,7,2,2,3,7,7,11,8,11,2,3,4,9,3,8,11,0,9,4,0,3,2,7,4,9,11,8,11,9,9,0,0,6,3,7,5,2,0
10,5,5,5,5,6,8,0,9,11,8,4,4,7,3,0,8,0,8,9,4,6,3,3,7,2,4,10,10,0,2,2,10,10,3,3,5,10,7,6,0,0,6,10,2,11,2,7,4,6,8,5,9,9,9,6,10,3,0,4,3,5,2,2,6,3,6,4,11,3,11,5,4,6,11,10,8,4,2,5,9,10,10,7,10,5,6,3,6,6,7,3,10,10,11,10,11,5,5,7,5,8,9,10,8,10,10,5,5,3,8,4,8,3,3,4,8,8,0,9,0,3,4,5,10,4,9,0,2,10,5,2,4,3,8,5,10,0,9,0,10,10,2,2,7,4,8,6,3,2
11,6,6,6,6,7,9,2,10,0,9,5,5,8,4,2,9,2,9,10,5,7,4,4,8,3,5,11,11,2,3,3,11,11,4,4,6,11,8,7,2,2,7,11,3,0,3,8,5,7,9,6,10,10,10,7,11,4,2,5,4,6,3,3,7,4,7,5,0,4,0,6,5,7,0,11,9,5,3,6,10,11,11,8,11,6,7,4,7,7,8,4,11,11,0,11,0,6,6,8,6,9,10,11,9,11,11,6,6,4,9,5,9,4,4,5,9,9,2,10,2,4,5,6,11,5,10,2,3,11,6,3,5,4,9,6,11,2,10,2,11,11,3,3,8,5,9,7,4,3
0,7,7,7,7,8,10,3,11,2,10,6,6,9,5,3,10,3,10,11,6,8,5,5,9,4,6,0,0,3,4,4,0,0,5,5,7,0,9,8,3,3,8,0,4,2,4,9,6,8,10,7,11,11,11,8,0,5,3,6,5,7,4,4,8,5,8,6,2,5,2,7,6,8,2,0,10,6,4,7,11,0,0,9,0,7,8,5,8,8,9,5,0,0,2,0,2,7,7,9,7,10,11,0,10,0,0,7,7,5,10,6,10,5,5,6,10,10,3,11,3,5,6,7,0,6,11,3,4,0,7,4,6,5,10,7,0,3,11,3,0,0,4,4,9,6,10,8,5,4
2,8,8,8,8,9,11,4,0,3,11,7,7,10,6,4,11,4,11,0,7,9,6,6,10,5,7,2,2,4,5,5,2,2,6,6,8,2,10,9,4,4,9,2,5,3,5,10,7,9,11,8,0,0,0,9,2,6,4,7,6,8,5,5,9,6,9,7,3,6,3,8,7,9,3,2,11,7,5,8,0,2,2,10,2,8,9,6,9,9,10,6,2,2,3,2,3,8,8,10,8,11,0,2,11,2,2,8,8,6,11,7,11,6,6,7,11,11,4,0,4,6,7,8,2,7,0,4,5,2,8,5,7,6,11,8,2,4,0,4,2,2,5,5,10,7,11,9,6,5
3,9,9,9,9,10,0,5,2,4,0,8,8,11,7,5,0,5,0,2,8,10,7,7,11,6,8,3,3,5,6,6,3,3,7,7,9,3,11,10,5,5,10,3,6,4,6,11,8,10,0,9,2,2,2,10,3,7,5,8,7,9,6,6,10,7,10,8,4,7,4,9,8,10,4,3,0,8,6,9,2,3,3,11,3,9,10,7,10,10,11,7,3,3,4,3,4,9,9,11,9,0,2,3,0,3,3,9,9,7,0,8,0,7,7,8,0,0,5,2,5,7,8,9,3,8,2,5,6,3,9,6,8,7,0,9,3,5,2,5,3,3,6,6,11,8,0,10,7,6
4,10,10,10,10,11,2,6,3,5,2,9,9,0,8,6,2,6,2,3,9,11,8,8,0,7,9,4,4,6,7,7,4,4,8,8,10,4,0,11,6,6,11,4,7,5,7,0,9,11,2,10,3,3,3,11,4,8,6,9,8,10,7,7,11,8,11,9,5,8,5,10,9,11,5,4,2,9,7,10,3,4,4,0,4,10,11,8,11,11,0,8,4,4,5,4,5,10,10,0,10,2,3,4,2,4,4,10,10,8,2,9,2,8,8,9,2,2,6,3,6,8,9,10,4,9,3,6,7,4,10,7,9,8,2,10,4,6,3,6,4,4,7,7,0,9,2,11,8,7
5,11,11,11,11,0,3,7,4,6,3,10,10,2,9,7,3,7,3,4,10,0,9,9,2,8,10,5,5,7,8,8,5,5,9,9,11,5,2,0,7,7,0,5,8,6,8,2,10,0,3,11,4,4,4,0,5,9,7,10,9,11,8,8,0,9,0,10,6,9,6,11,10,0,6,5,3,10,8,11,4,5,5,2,5,11,0,9,0,0,2,9,5,5,6,5,6,11,11,2,11,3,4,5,3,5,5,11,11,9,3,10,3,9,9,10,3,3,7,4,7,9,10,11,5,10,4,7,8,5,11,8,10,9,3,11,5,7,4,7,5,5,8,8,2,10,3,0,9,8
6,0,0,0,0,2,4,8,5,7,4,11,11,3,10,8,4,8,4,5,11,2,10,10,3,9,11,6,6,8,9,9,6,6,10,10,0,6,3,2,8,8,2,6,9,7,9,3,11,2,4,0,5,5,5,2,6,10,8,11,10,0,9,9,2,10,2,11,7,10,7,0,11,2,7,6,4,11,9,0,5,6,6,3,6,0,2,10,2,2,3,10,6,6,7,6,7,0,0,3,0,4,5,6,4,6,6,0,0,10,4,11,4,10,10,11,4,4,8,5,8,10,11,0,6,11,5,8,9,6,0,9,11,10,4,0,6,8,5,8,6,6,9,9,3,11,4,2,10,9
7,2,2,2,2,3,5,9,6,8,5,0,0,4,11,9,5,9,5,6,0,3,11,11,4,10,0,7,7,9,10,10,7,7,11,11,2,7,4,3,9,9,3,7,10,8,10,4,0,3,5,2,6,6,6,3,7,11,9,0,11,2,10,10,3,11,3,0,8,11,8,2,0,3,8,7,5,0,10,2,6,7,7,4,7,2,3,11,3,3,4,11,7,7,8,7,8,2,2,4,2,5,6,7,5,7,7,2,2,11,5,0,5,11,11,0,5,5,9,6,9,11,0,2,7,0,6,9,10,7,2,10,0,11,5,2,7,9,6,9,7,7,10,10,4,0,5,3,11,10
8,3,3,3,3,4,6,10,7,9,6,2,2,5,0,10,6,10,6,7,2,4,0,0,5,11,2,8,8,10,11,11,8,8,0,0,3,8,5,4,10,10,4,8,11,9,11,5,2,4,6,3,7,7,7,4,8,0,10,2,0,3,11,11,4,0,4,2,9,0,9,3,2,4,9,8,6,2,11,3,7,8,8,5,8,3,4,0,4,4,5,0,8,8,9,8,9,3,3,5,3,6,7,8,6,8,8,3,3,0,6,2,6,0,0,2,6,6,10,7,10,0,2,3,8,2,7,10,11,8,3,11,2,0,6,3,8,10,7,10,8,8,11,11,5,2,6,4,0,11
9,4,4,4,4,5,7,11,8,10,7,3,3,6,2,11,7,11,7,8,3,5,2,2,6,0,3,9,9,11,0,0,9,9,2,2,4,9,6,5,11,11,5,9,0,10,0,6,3,5,7,4,8,8,8,5,9,2,11,3,2,4,0,0,5,2,5,3,10,2,10,4,3,5,10,9,7,3,0,4,8,9,9,6,9,4,5,2,5,5,6,2,9,9,10,9,10,4,4,6,4,7,8,9,7,9,9,4,4,2,7,3,7,2,2,3,7,7,11,8,11,2,3,4,9,3,8,11,0,9,4,0,3,2,7,4,9,11,8,11,9,9,0,0,6,3,7,5,2,0
10,5,5,5,5,6,8,0,9,11,8,4,4,7,3,0,8,0,8,9,4,6,3,3,7,2,4,10,10,0,2,2,10,10,3,3,5,10,7,6,0,0,6,10,2,11,2,7,4,6,8,5,9,9,9,6,10,3,0,4,3,5,2,2,6,3,6,4,11,3,11,5,4,6,11,10,8,4,2,5,9,10,10,7,10,5,6,3,6,6,7,3,10,10,11,10,11,5,5,7,5,8,9,10,8,10,10,5,5,3,8,4,8,3,3,4,8,8,0,9,0,3,4,5,10,4,9,0,2,10,5,2,4,3,8,5,10,0,9,0,10,10,2,2,7,4,8,6,3,2
11,6,6,6,6,7,9,2,10,0,9,5,5,8,4,2,9,2,9,10,5,7,4,4,8,3,5,11,11,2,3,3,11,11,4,4,6,11,8,7,2,2,7,11,3,0,3,8,5,7,9,6,10,10,10,7,11,4,2,5,4,6,3,3,7,4,7,5,0,4,0,6,5,7,0,11,9,5,3,6,10,11,11,8,11,6,7,4,7,7,8,4,11,11,0,11,0,6,6,8,6,9,10,11,9,11,11,6,6,4,9,5,9,4,4,5,9,9,2,10,2,4,5,6,11,5,10,2,3,11,6,3,5,4,9,6,11,2,10,2,11,11,3,3,8,5,9,7,4,3
0,7,7,7,7,8,10,3,11,2,10,6,6,9,5,3,10,3,10,11,6,8,5,5,9,4,6,0,0,3,4,4,0,0,5,5,7,0,9,8,3,3,8,0,4,2,4,9,6,8,10,7,11,11,11,8,0,5,3,6,5,7,4,4,8,5,8,6,2,5,2,7,6,8,2,0,10,6,4,7,11,0,0,9,0,7,8,5,8,8,9,5,0,0,2,0,2,7,7,9,7,10,11,0,10,0,0,7,7,5,10,6,10,5,5,6,10,10,3,11,3,5,6,7,0,6,11,3,4,0,7,4,6,5,10,7,0,3,11,3,0,0,4,4,9,6,10,8,5,4
2,8,8,8,8,9,11,4,0,3,11,7,7,10,6,4,11,4,11,0,7,9,6,6,10,5,7,2,2,4,5,5,2,2,6,6,8,2,10,9,4,4,9,2,5,3,5,10,7,9,11,8,0,0,0,9,2,6,4,7,6,8,5,5,9,6,9,7,3,6,3,8,7,9,3,2,11,7,5,8,0,2,2,10,2,8,9,6,9,9,10,6,2,2,3,2,3,8,8,10,8,11,0,2,11,2,2,8,8,6,11,7,11,6,6,7,11,11,4,0,4,6,7,8,2,7,0,4,5,2,8,5,7,6,11,8,2,4,0,4,2,2,5,5,10,7,11,9,6,5
3,9,9,9,9,10,0,5,2,4,0,8,8,11,7,5,0,5,0,2,8,10,7,7,11,6,8,3,3,5,6,6,3,3,7,7,9,3,11,10,5,5,10,3,6,4,6,11,8,10,0,9,2,2,2,10,3,7,5,8,7,9,6,6,10,7,10,8,4,7,4,9,8,10,4,3,0,8,6,9,2,3,3,11,3,9,10,7,10,10,11,7,3,3,4,3,4,9,9,11,9,0,2,3,0,3,3,9,9,7,0,8,0,7,7,8,0,0,5,2,5,7,8,9,3,8,2,5,6,3,9,6,8,7,0,9,3,5,2,5,3,3,6,6,11,8,0,10,7,6
4,10,10,10,10,11,2,6,3,5,2,9,9,0,8,6,2,6,2,3,9,11,8,8,0,7,9,4,4,6,7,7,4,4,8,8,10,4,0,11,6,6,11,4,7,5,7,0,9,11,2,10,3,3,3,11,4,8,6,9,8,10,7,7,11,8,11,9,5,8,5,10,9,11,5,4,2,9,7,10,3,4,4,0,4,10,11,8,11,11,0,8,4,4,5,4,5,10,10,0,10,2,3,4,2,4,4,10,10,8,2,9,2,8,8,9,2,2,6,3,6,8,9,10,4,9,3,6,7,4,10,7,9,8,2,10,4,6,3,6,4,4,7,7,0,9,2,11,8,7
5,11,11,11,11,0,3,7,4,6,3,10,10,2,9,7,3,7,3,4,10,0,9,9,2,8,10,5,5,7,8,8,5,5,9,9,11,5,2,0,7,7,0,5,8,6,8,2,10,0,3,11,4,4,4,0,5,9,7,10,9,11,8,8,0,9,0,10,6,9,6,11,10,0,6,5,3,10,8,11,4,5,5,2,5,11,0,9,0,0,2,9,5,5,6,5,6,11,11,2,11,3,4,5,3,5,5,11,11,9,3,10,3,9,9,10,3,3,7,4,7,9,10,11,5,10,4,7,8,5,11,8,10,9,3,11,5,7,4,7,5,5,8,8,2,10,3,0,9,8
6,0,0,0,0,2,4,8,5,7,4,11,11,3,10,8,4,8,4,5,11,2,10,10,3,9,11,6,6,8,9,9,6,6,10,10,0,6,3,2,8,8,2,6,9,7,9,3,11,2,4,0,5,5,5,2,6,10,8,11,10,0,9,9,2,10,2,11,7,10,7,0,11,2,7,6,4,11,9,0,5,6,6,3,6,0,2,10,2,2,3,10,6,6,7,6,7,0,0,3,0,4,5,6,4,6,6,0,0,10,4,11,4,10,10,11,4,4,8,5,8,10,11,0,6,11,5,8,9,6,0,9,11,10,4,0,6,8,5,8,6,6,9,9,3,11,4,2,10,9
7,2,2,2,2,3,5,9,6,8,5,0,0,4,11,9,5,9,5,6,0,3,11,11,4,10,0,7,7,9,10,10,7,7,11,11,2,7,4,3,9,9,3,7,10,8,10,4,0,3,5,2,6,6,6,3,7,11,9,0,11,2,10,10,3,11,3,0,8,11,8,2,0,3,8,7,5,0,10,2,6,7,7,4,7,2,3,11,3,3,4,11,7,7,8,7,8,2,2,4,2,5,6,7,5,7,7,2,2,11,5,0,5,11,11,0,5,5,9,6,9,11,0,2,7,0,6,9,10,7,2,10,0,11,5,2,7,9,6,9,7,7,10,10,4,0,5,3,11,10
8,3,3,3,3,4,6,10,7,9,6,2,2,5,0,10,6,10,6,7,2,4,0,0,5,11,2,8,8,10,11,11,8,8,0,0,3,8,5,4,10,10,4,8,11,9,11,5,2,4,6,3,7,7,7,4,8,0,10,2,0,3,11,11,4,0,4,2,9,0,9,3,2,4,9,8,6,2,11,3,7,8,8,5,8,3,4,0,4,4,5,0,8,8,9,8,9,3,3,5,3,6,7,8,6,8,8,3,3,0,6,2,6,0,0,2,6,6,10,7,10,0,2,3,8,2,7,10,11,8,3,11,2,0,6,3,8,10,7,10,8,8,11,11,5,2,6,4,0,11
9,4,4,4,4,5,7,11,8,10,7,3,3,6,2,11,7,11,7,8,3,5,2,2,6,0,3,9,9,11,0,0,9,9,2,2,4,9,6,5,11,11,5,9,0,10,0,6,3,5,7,4,8,8,8,5,9,2,11,3,2,4,0,0,5,2,5,3,10,2,10,4,3,5,10,9,7,3,0,4,8,9,9,6,9,4,5,2,5,5,6,2,9,9,10,9,10,4,4,6,4,7,8,9,7,9,9,4,4,2,7,3,7,2,2,3,7,7,11,8,11,2,3,4,9,3,8,11,0,9,4,0,3,2,7,4,9,11,8,11,9,9,0,0,6,3,7,5,2,0
10,5,5,5,5,6,8,0,9,11,8,4,4,7,3,0,8,0,8,9,4,6,3,3,7,2,4,10,10,0,2,2,10,10,3,3,5,10,7,6,0,0,6,10,2,11,2,7,4,6,8,5,9,9,9,6,10,3,0,4,3,5,2,2,6,3,6,4,11,3,11,5,4,6,11,10,8,4,2,5,9,10,10,7,10,5,6,3,6,6,7,3,10,10,11,10,11,5,5,7,5,8,9,10,8,10,10,5,5,3,8,4,8,3,3,4,8,8,0,9,0,3,4,5,10,4,9,0,2,10,5,2,4,3,8,5,10,0,9,0,10,10,2,2,7,4,8,6,3,2
11,6,6,6,6,7,9,2,10,0,9,5,5,8,4,2,9,2,9,10,5,7,4,4,8,3,5,11,11,2,3,3,11,11,4,4,6,11,8,7,2,2,7,11,3,0,3,8,5,7,9,6,10,10,10,7,11,4,2,5,4,6,3,3,7,4,7,5,0,4,0,6,5,7,0,11,9,5,3,6,10,11,11,8,11,6,7,4,7,7,8,4,11,11,0,11,0,6,6,8,6,9,10,11,9,11,11,6,6,4,9,5,9,4,4,5,9,9,2,10,2,4,5,6,11,5,10,2,3,11,6,3,5,4,9,6,11,2,10,2,11,11,3,3,8,5,9,7,4,3
0,7,7,7,7,8,10,3,11,2,10,6,6,9,5,3,10,3,10,11,6,8,5,5,9,4,6,0,0,3,4,4,0,0,5,5,7,0,9,8,3,3,8,0,4,2,4,9,6,8,10,7,11,11,11,8,0,5,3,6,5,7,4,4,8,5,8,6,2,5,2,7,6,8,2,0,10,6,4,7,11,0,0,9,0,7,8,5,8,8,9,5,0,0,2,0,2,7,7,9,7,10,11,0,10,0,0,7,7,5,10,6,10,5,5,6,10,10,3,11,3,5,6,7,0,6,11,3,4,0,7,4,6,5,10,7,0,3,11,3,0,0,4,4,9,6,10,8,5,4
2,8,8,8,8,9,11,4,0,3,11,7,7,10,6,4,11,4,11,0,7,9,6,6,10,5,7,2,2,4,5,5,2,2,6,6,8,2,10,9,4,4,9,2,5,3,5,10,7,9,11,8,0,0,0,9,2,6,4,7,6,8,5,5,9,6,9,7,3,6,3,8,7,9,3,2,11,7,5,8,0,2,2,10,2,8,9,6,9,9,10,6,2,2,3,2,3,8,8,10,8,11,0,2,11,2,2,8,8,6,11,7,11,6,6,7,11,11,4,0,4,6,7,8,2,7,0,4,5,2,8,5,7,6,11,8,2,4,0,4,2,2,5,5,10,7,11,9,6,5
3,9,9,9,9,10,0,5,2,4,0,8,8,11,7,5,0,5,0,2,8,10,7,7,11,6,8,3,3,5,6,6,3,3,7,7,9,3,11,10,5,5,10,3,6,4,6,11,8,10,0,9,2,2,2,10,3,7,5,8,7,9,6,6,10,7,10,8,4,7,4,9,8,10,4,3,0,8,6,9,2,3,3,11,3,9,10,7,10,10,11,7,3,3,4,3,4,9,9,11,9,0,2,3,0,3,3,9,9,7,0,8,0,7,7,8,0,0,5,2,5,7,8,9,3,8,2,5,6,3,9,6,8,7,0,9,3,5,2,5,3,3,6,6,11,8,0,10,7,6
4,10,10,10,10,11,2,6,3,5,2,9,9,0,8,6,2,6,2,3,9,11,8,8,0,7,9,4,4,6,7,7,4,4,8,8,10,4,0,11,6,6,11,4,7,5,7,0,9,11,2,10,3,3,3,11,4,8,6,9,8,10,7,7,11,8,11,9,5,8,5,10,9,11,5,4,2,9,7,10,3,4,4,0,4,10,11,8,11,11,0,8,4,4,5,4,5,10,10,0,10,2,3,4,2,4,4,10,10,8,2,9,2,8,8,9,2,2,6,3,6,8,9,10,4,9,3,6,7,4,10,7,9,8,2,10,4,6,3,6,4,4,7,7,0,9,2,11,8,7
5,11,11,11,11,0,3,7,4,6,3,10,10,2,9,7,3,7,3,4,10,0,9,9,2,8,10,5,5,7,8,8,5,5,9,9,11,5,2,0,7,7,0,5,8,6,8,2,10,0,3,11,4,4,4,0,5,9,7,10,9,11,8,8,0,9,0,10,6,9,6,11,10,0,6,5,3,10,8,11,4,5,5,2,5,11,0,9,0,0,2,9,5,5,6,5,6,11,11,2,11,3,4,5,3,5,5,11,11,9,3,10,3,9,9,10,3,3,7,4,7,9,10,11,5,10,4,7,8,5,11,8,10,9,3,11,5,7,4,7,5,5,8,8,2,10,3,0,9,8
6,0,0,0,0,2,4,8,5,7,4,11,11,3,10,8,4,8,4,5,11,2,10,10,3,9,11,6,6,8,9,9,6,6,10,10,0,6,3,2,8,8,2,6,9,7,9,3,11,2,4,0,5,5,5,2,6,10,8,11,10,0,9,9,2,10,2,11,7,10,7,0,11,2,7,6,4,11,9,0,5,6,6,3,6,0,2,10,2,2,3,10,6,6,7,6,7,0,0,3,0,4,5,6,4,6,6,0,0,10,4,11,4,10,10,11,4,4,8,5,8,10,11,0,6,11,5,8,9,6,0,9,11,10,4,0,6,8,5,8,6,6,9,9,3,11,4,2,10,9
7,2,2,2,2,3,5,9,6,8,5,0,0,4,11,9,5,9,5,6,0,3,11,11,4,10,0,7,7,9,10,10,7,7,11,11,2,7,4,3,9,9,3,7,10,8,10,4,0,3,5,2,6,6,6,3,7,11,9,0,11,2,10,10,3,11,3,0,8,11,8,2,0,3,8,7,5,0,10,2,6,7,7,4,7,2,3,11,3,3,4,11,7,7,8,7,8,2,2,4,2,5,6,7,5,7,7,2,2,11,5,0,5,11,11,0,5,5,9,6,9,11,0,2,7,0,6,9,10,7,2,10,0,11,5,2,7,9,6,9,7,7,10,10,4,0,5,3,11,10
8,3,3,3,3,4,6,10,7,9,6,2,2,5,0,10,6,10,6,7,2,4,0,0,5,11,2,8,8,10,11,11,8,8,0,0,3,8,5,4,10,10,4,8,11,9,11,5,2,4,6,3,7,7,7,4,8,0,10,2,0,3,11,11,4,0,4,2,9,0,9,3,2,4,9,8,6,2,11,3,7,8,8,5,8,3,4,0,4,4,5,0,8,8,9,8,9,3,3,5,3,6,7,8,6,8,8,3,3,0,6,2,6,0,0,2,6,6,10,7,10,0,2,3,8,2,7,10,11,8,3,11,2,0,6,3,8,10,7,10,8,8,11,11,5,2,6,4,0,11
9,4,4,4,4,5,7,11,8,10,7,3,3,6,2,11,7,11,7,8,3,5,2,2,6,0,3,9,9,11,0,0,9,9,2,2,4,9,6,5,11,11,5,9,0,10,0,6,3,5,7,4,8,8,8,5,9,2,11,3,2,4,0,0,5,2,5,3,10,2,10,4,3,5,10,9,7,3,0,4,8,9,9,6,9,4,5,2,5,5,6,2,9,9,10,9,10,4,4,6,4,7,8,9,7,9,9,4,4,2,7,3,7,2,2,3,7,7,11,8,11,2,3,4,9,3,8,11,0,9,4,0,3,2,7,4,9,11,8,11,9,9,0,0,6,3,7,5,2,0
10,5,5,5,5,6,8,0,9,11,8,4,4,7,3,0,8,0,8,9,4,6,3,3,7,2,4,10,10,0,2,2,10,10,3,3,5,10,7,6,0,0,6,10,2,11,2,7,4,6,8,5,9,9,9,6,10,3,0,4,3,5,2,2,6,3,6,4,11,3,11,5,4,6,11,10,8,4,2,5,9,10,10,7,10,5,6,3,6,6,7,3,10,10,11,10,11,5,5,7,5,8,9,10,8,10,10,5,5,3,8,4,8,3,3,4,8,8,0,9,0,3,4,5,10,4,9,0,2,10,5,2,4,3,8,5,10,0,9,0,10,10,2,2,7,4,8,6,3,2
11,6,6,6,6,7,9,2,10,0,9,5,5,8,4,2,9,2,9,10,5,7,4,4,8,3,5,11,11,2,3,3,11,11,4,4,6,11,8,7,2,2,7,11,3,0,3,8,5,7,9,6,10,10,10,7,11,4,2,5,4,6,3,3,7,4,7,5,0,4,0,6,5,7,0,11,9,5,3,6,10,11,11,8,11,6,7,4,7,7,8,4,11,11,0,11,0,6,6,8,6,9,10,11,9,11,11,6,6,4,9,5,9,4,4,5,9,9,2,10,2,4,5,6,11,5,10,2,3,11,6,3,5,4,9,6,11,2,10,2,11,11,3,3,8,5,9,7,4,3
0,7,7,7,7,8,10,3,11,2,10,6,6,9,5,3,10,3,10,11,6,8,5,5,9,4,6,0,0,3,4,4,0,0,5,5,7,0,9,8,3,3,8,0,4,2,4,9,6,8,10,7,11,11,11,8,0,5,3,6,5,7,4,4,8,5,8,6,2,5,2,7,6,8,2,0,10,6,4,7,11,0,0,9,0,7,8,5,8,8,9,5,0,0,2,0,2,7,7,9,7,10,11,0,10,0,0,7,7,5,10,6,10,5,5,6,10,10,3,11,3,5,6,7,0,6,11,3,4,0,7,4,6,5,10,7,0,3,11,3,0,0,4,4,9,6,10,8,5,4
2,8,8,8,8,9,11,4,0,3,11,7,7,10,6,4,11,4,11,0,7,9,6,6,10,5,7,2,2,4,5,5,2,2,6,6,8,2,10,9,4,4,9,2,5,3,5,10,7,9,11,8,0,0,0,9,2,6,4,7,6,8,5,5,9,6,9,7,3,6,3,8,7,9,3,2,11,7,5,8,0,2,2,10,2,8,9,6,9,9,10,6,2,2,3,2,3,8,8,10,8,11,0,2,11,2,2,8,8,6,11,7,11,6,6,7,11,11,4,0,4,6,7,8,2,7,0,4,5,2,8,5,7,6,11,8,2,4,0,4,2,2,5,5,10,7,11,9,6,5
3,9,9,9,9,10,0,5,2,4,0,8,8,11,7,5,0,5,0,2,8,10,7,7,11,6,8,3,3,5,6,6,3,3,7,7,9,3,11,10,5,5,10,3,6,4,6,11,8,10,0,9,2,2,2,10,3,7,5,8,7,9,6,6,10,7,10,8,4,7,4,9,8,10,4,3,0,8,6,9,2,3,3,11,3,9,10,7,10,10,11,7,3,3,4,3,4,9,9,11,9,0,2,3,0,3,3,9,9,7,0,8,0,7,7,8,0,0,5,2,5,7,8,9,3,8,2,5,6,3,9,6,8,7,0,9,3,5,2,5,3,3,6,6,11,8,0,10,7,6
4,10,10,10,10,11,2,6,3,5,2,9,9,0,8,6,2,6,2,3,9,11,8,8,0,7,9,4,4,6,7,7,4,4,8,8,10,4,0,11,6,6,11,4,7,5,7,0,9,11,2,10,3,3,3,11,4,8,6,9,8,10,7,7,11,8,11,9,5,8,5,10,9,11,5,4,2,9,7,10,3,4,4,0,4,10,11,8,11,11,0,8,4,4,5,4,5,10,10,0,10,2,3,4,2,4,4,10,10,8,2,9,2,8,8,9,2,2,6,3,6,8,9,10,4,9,3,6,7,4,10,7,9,8,2,10,4,6,3,6,4,4,7,7,0,9,2,11,8,7
5,11,11,11,11,0,3,7,4,6,3,10,10,2,9,7,3,7,3,4,10,0,9,9,2,8,10,5,5,7,8,8,5,5,9,9,11,5,2,0,7,7,0,5,8,6,8,2,10,0,3,11,4,4,4,0,5,9,7,10,9,11,8,8,0,9,0,10,6,9,6,11,10,0,6,5,3,10,8,11,4,5,5,2,5,11,0,9,0,0,2,9,5,5,6,5,6,11,11,2,11,3,4,5,3,5,5,11,11,9,3,10,3,9,9,10,3,3,7,4,7,9,10,11,5,10,4,7,8,5,11,8,10,9,3,11,5,7,4,7,5,5,8,8,2,10,3,0,9,8
6,0,0,0,0,2,4,8,5,7,4,11,11,3,10,8,4,8,4,5,11,2,10,10,3,9,11,6,6,8,9,9,6,6,10,10,0,6,3,2,8,8,2,6,9,7,9,3,11,2,4,0,5,5,5,2,6,10,8,11,10,0,9,9,2,10,2,11,7,10,7,0,11,2,7,6,4,11,9,0,5,6,6,3,6,0,2,10,2,2,3,10,6,6,7,6,7,0,0,3,0,4,5,6,4,6,6,0,0,10,4,11,4,10,10,11,4,4,8,5,8,10,11,0,6,11,5,8,9,6,0,9,11,10,4,0,6,8,5,8,6,6,9,9,3,11,4,2,10,9
7,2,2,2,2,3,5,9,6,8,5,0,0,4,11,9,5,9,5,6,0,3,11,11,4,10,0,7,7,9,10,10,7,7,11,11,2,7,4,3,9,9,3,7,10,8,10,4,0,3,5,2,6,6,6,3,7,11,9,0,11,2,10,10,3,11,3,0,8,11,8,2,0,3,8,7,5,0,10,2,6,7,7,4,7,2,3,11,3,3,4,11,7,7,8,7,8,2,2,4,2,5,6,7,5,7,7,2,2,11,5,0,5,11,11,0,5,5,9,6,9,11,0,2,7,0,6,9,10,7,2,10,0,11,5,2,7,9,6,9,7,7,10,10,4,0,5,3,11,10
8,3,3,3,3,4,6,10,7,9,6,2,2,5,0,10,6,10,6,7,2,4,0,0,5,11,2,8,8,10,11,11,8,8,0,0,3,8,5,4,10,10,4,8,11,9,11,5,2,4,6,3,7,7,7,4,8,0,10,2,0,3,11,11,4,0,4,2,9,0,9,3,2,4,9,8,6,2,11,3,7,8,8,5,8,3,4,0,4,4,5,0,8,8,9,8,9,3,3,5,3,6,7,8,6,8,8,3,3,0,6,2,6,0,0,2,6,6,10,7,10,0,2,3,8,2,7,10,11,8,3,11,2,0,6,3,8,10,7,10,8,8,11,11,5,2,6,4,0,11
9,4,4,4,4,5,7,11,8,10,7,3,3,6,2,11,7,11,7,8,3,5,2,2,6,0,3,9,9,11,0,0,9,9,2,2,4,9,6,5,11,11,5,9,0,10,0,6,3,5,7,4,8,8,8,5,9,2,11,3,2,4,0,0,5,2,5,3,10,2,10,4,3,5,10,9,7,3,0,4,8,9,9,6,9,4,5,2,5,5,6,2,9,9,10,9,10,4,4,6,4,7,8,9,7,9,9,4,4,2,7,3,7,2,2,3,7,7,11,8,11,2,3,4,9,3,8,11,0,9,4,0,3,2,7,4,9,11,8,11,9,9,0,0,6,3,7,5,2,0
10,5,5,5,5,6,8,0,9,11,8,4,4,7,3,0,8,0,8,9,4,6,3,3,7,2,4,10,10,0,2,2,10,10,3,3,5,10,7,6,0,0,6,10,2,11,2,7,4,6,8,5,9,9,9,6,10,3,0,4,3,5,2,2,6,3,6,4,11,3,11,5,4,6,11,10,8,4,2,5,9,10,10,7,10,5,6,3,6,6,7,3,10,10,11,10,11,5,5,7,5,8,9,10,8,10,10,5,5,3,8,4,8,3,3,4,8,8,0,9,0,3,4,5,10,4,9,0,2,10,5,2,4,3,8,5,10,0,9,0,10,10,2,2,7,4,8,6,3,2
11,6,6,6,6,7,9,2,10,0,9,5,5,8,4,2,9,2,9,10,5,7,4,4,8,3,5,11,11,2,3,3,11,11,4,4,6,11,8,7,2,2,7,11,3,0,3,8,5,7,9,6,10,10,10,7,11,4,2,5,4,6,3,3,7,4,7,5,0,4,0,6,5,7,0,11,9,5,3,6,10,11,11,8,11,6,7,4,7,7,8,4,11,11,0,11,0,6,6,8,6,9,10,11,9,11,11,6,6,4,9,5,9,4,4,5,9,9,2,10,2,4,5,6,11,5,10,2,3,11,6,3,5,4,9,6,11,2,10,2,11,11,3,3,8,5,9,7,4,3
0,7,7,7,7,8,10,3,11,2,10,6,6,9,5,3,10,3,10,11,6,8,5,5,9,4,6,0,0,3,4,4,0,0,5,5,7,0,9,8,3,3,8,0,4,2,4,9,6,8,10,7,11,11,11,8,0,5,3,6,5,7,4,4,8,5,8,6,2,5,2,7,6,8,2,0,10,6,4,7,11,0,0,9,0,7,8,5,8,8,9,5,0,0,2,0,2,7,7,9,7,10,11,0,10,0,0,7,7,5,10,6,10,5,5,6,10,10,3,11,3,5,6,7,0,6,11,3,4,0,7,4,6,5,10,7,0,3,11,3,0,0,4,4,9,6,10,8,5,4
2,8,8,8,8,9,11,4,0,3,11,7,7,10,6,4,11,4,11,0,7,9,6,6,10,5,7,2,2,4,5,5,2,2,6,6,8,2,10,9,4,4,9,2,5,3,5,10,7,9,11,8,0,0,0,9,2,6,4,7,6,8,5,5,9,6,9,7,3,6,3,8,7,9,3,2,11,7,5,8,0,2,2,10,2,8,9,6,9,9,10,6,2,2,3,2,3,8,8,10,8,11,0,2,11,2,2,8,8,6,11,7,11,6,6,7,11,11,4,0,4,6,7,8,2,7,0,4,5,2,8,5,7,6,11,8,2,4,0,4,2,2,5,5,10,7,11,9,6,5
3,9,9,9,9,10,0,5,2,4,0,8,8,11,7,5,0,5,0,2,8,10,7,7,11,6,8,3,3,5,6,6,3,3,7,7,9,3,11,10,5,5,10,3,6,4,6,11,8,10,0,9,2,2,2,10,3,7,5,8,7,9,6,6,10,7,10,8,4,7,4,9,8,10,4,3,0,8,6,9,2,3,3,11,3,9,10,7,10,10,11,7,3,3,4,3,4,9,9,11,9,0,2,3,0,3,3,9,9,7,0,8,0,7,7,8,0,0,5,2,5,7,8,9,3,8,2,5,6,3,9,6,8,7,0,9,3,5,2,5,3,3,6,6,11,8,0,10,7,6
4,10,10,10,10,11,2,6,3,5,2,9,9,0,8,6,2,6,2,3,9,11,8,8,0,7,9,4,4,6,7,7,4,4,8,8,10,4,0,11,6,6,11,4,7,5,7,0,9,11,2,10,3,3,3,11,4,8,6,9,8,10,7,7,11,8,11,9,5,8,5,10,9,11,5,4,2,9,7,10,3,4,4,0,4,10,11,8,11,11,0,8,4,4,5,4,5,10,10,0,10,2,3,4,2,4,4,10,10,8,2,9,2,8,8,9,2,2,6,3,6,8,9,10,4,9,3,6,7,4,10,7,9,8,2,10,4,6,3,6,4,4,7,7,0,9,2,11,8,7
5,11,11,11,11,0,3,7,4,6,3,10,10,2,9,7,3,7,3,4,10,0,9,9,2,8,10,5,5,7,8,8,5,5,9,9,11,5,2,0,7,7,0,5,8,6,8,2,10,0,3,11,4,4,4,0,5,9,7,10,9,11,8,8,0,9,0,10,6,9,6,11,10,0,6,5,3,10,8,11,4,5,5,2,5,11,0,9,0,0,2,9,5,5,6,5,6,11,11,2,11,3,4,5,3,5,5,11,11,9,3,10,3,9,9,10,3,3,7,4,7,9,10,11,5,10,4,7,8,5,11,8,10,9,3,11,5,7,4,7,5,5,8,8,2,10,3,0,9,8
6,0,0,0,0,2,4,8,5,7,4,11,11,3,10,8,4,8,4,5,11,2,10,10,3,9,11,6,6,8,9,9,6,6,10,10,0,6,3,2,8,8,2,6,9,7,9,3,11,2,4,0,5,5,5,2,6,10,8,11,10,0,9,9,2,10,2,11,7,10,7,0,11,2,7,6,4,11,9,0,5,6,6,3,6,0,2,10,2,2,3,10,6,6,7,6,7,0,0,3,0,4,5,6,4,6,6,0,0,10,4,11,4,10,10,11,4,4,8,5,8,10,11,0,6,11,5,8,9,6,0,9,11,10,4,0,6,8,5,8,6,6,9,9,3,11,4,2,10,9
7,2,2,2,2,3,5,9,6,8,5,0,0,4,11,9,5,9,5,6,0,3,11,11,4,10,0,7,7,9,10,10,7,7,11,11,2,7,4,3,9,9,3,7,10,8,10,4,0,3,5,2,6,6,6,3,7,11,9,0,11,2,10,10,3,11,3,0,8,11,8,2,0,3,8,7,5,0,10,2,6,7,7,4,7,2,3,11,3,3,4,11,7,7,8,7,8,2,2,4,2,5,6,7,5,7,7,2,2,11,5,0,5,11,11,0,5,5,9,6,9,11,0,2,7,0,6,9,10,7,2,10,0,11,5,2,7,9,6,9,7,7,10,10,4,0,5,3,11,10
8,3,3,3,3,4,6,10,7,9,6,2,2,5,0,10,6,10,6,7,2,4,0,0,5,11,2,8,8,10,11,11,8,8,0,0,3,8,5,4,10,10,4,8,11,9,11,5,2,4,6,3,7,7,7,4,8,0,10,2,0,3,11,11,4,0,4,2,9,0,9,3,2,4,9,8,6,2,11,3,7,8,8,5,8,3,4,0,4,4,5,0,8,8,9,8,9,3,3,5,3,6,7,8,6,8,8,3,3,0,6,2,6,0,0,2,6,6,10,7,10,0,2,3,8,2,7,10,11,8,3,11,2,0,6,3,8,10,7,10,8,8,11,11,5,2,6,4,0,11
9,4,4,4,4,5,7,11,8,10,7,3,3,6,2,11,7,11,7,8,3,5,2,2,6,0,3,9,9,11,0,0,9,9,2,2,4,9,6,5,11,11,5,9,0,10,0,6,3,5,7,4,8,8,8,5,9,2,11,3,2,4,0,0,5,2,5,3,10,2,10,4,3,5,10,9,7,3,0,4,8,9,9,6,9,4,5,2,5,5,6,2,9,9,10,9,10,4,4,6,4,7,8,9,7,9,9,4,4,2,7,3,7,2,2,3,7,7,11,8,11,2,3,4,9,3,8,11,0,9,4,0,3,2,7,4,9,11,8,11,9,9,0,0,6,3,7,5,2,0
10,5,5,5,5,6,8,0,9,11,8,4,4,7,3,0,8,0,8,9,4,6,3,3,7,2,4,10,10,0,2,2,10,10,3,3,5,10,7,6,0,0,6,10,2,11,2,7,4,6,8,5,9,9,9,6,10,3,0,4,3,5,2,2,6,3,6,4,11,3,11,5,4,6,11,10,8,4,2,5,9,10,10,7,10,5,6,3,6,6,7,3,10,10,11,10,11,5,5,7,5,8,9,10,8,10,10,5,5,3,8,4,8,3,3,4,8,8,0,9,0,3,4,5,10,4,9,0,2,10,5,2,4,3,8,5,10,0,9,0,10,10,2,2,7,4,8,6,3,2
11,6,6,6,6,7,9,2,10,0,9,5,5,8,4,2,9,2,9,10,5,7,4,4,8,3,5,11,11,2,3,3,11,11,4,4,6,11,8,7,2,2,7,11,3,0,3,8,5,7,9,6,10,10,10,7,11,4,2,5,4,6,3,3,7,4,7,5,0,4,0,6,5,7,0,11,9,5,3,6,10,11,11,8,11,6,7,4,7,7,8,4,11,11,0,11,0,6,6,8,6,9,10,11,9,11,11,6,6,4,9,5,9,4,4,5,9,9,2,10,2,4,5,6,11,5,10,2,3,11,6,3,5,4,9,6,11,2,10,2,11,11,3,3,8,5,9,7,4,3
0,7,7,7,7,8,10,3,11,2,10,6,6,9,5,3,10,3,10,11,6,8,5,5,9,4,6,0,0,3,4,4,0,0,5,5,7,0,9,8,3,3,8,0,4,2,4,9,6,8,10,7,11,11,11,8,0,5,3,6,5,7,4,4,8,5,8,6,2,5,2,7,6,8,2,0,10,6,4,7,11,0,0,9,0,7,8,5,8,8,9,5,0,0,2,0,2,7,7,9,7,10,11,0,10,0,0,7,7,5,10,6,10,5,5,6,10,10,3,11,3,5,6,7,0,6,11,3,4,0,7,4,6,5,10,7,0,3,11,3,0,0,4,4,9,6,10,8,5,4
2,8,8,8,8,9,11,4,0,3,11,7,7,10,6,4,11,4,11,0,7,9,6,6,10,5,7,2,2,4,5,5,2,2,6,6,8,2,10,9,4,4,9,2,5,3,5,10,7,9,11,8,0,0,0,9,2,6,4,7,6,8,5,5,9,6,9,7,3,6,3,8,7,9,3,2,11,7,5,8,0,2,2,10,2,8,9,6,9,9,10,6,2,2,3,2,3,8,8,10,8,11,0,2,11,2,2,8,8,6,11,7,11,6,6,7,11,11,4,0,4,6,7,8,2,7,0,4,5,2,8,5,7,6,11,8,2,4,0,4,2,2,5,5,10,7,11,9,6,5
3,9,9,9,9,10,0,5,2,4,0,8,8,11,7,5,0,5,0,2,8,10,7,7,11,6,8,3,3,5,6,6,3,3,7,7,9,3,11,10,5,5,10,3,6,4,6,11,8,10,0,9,2,2,2,10,3,7,5,8,7,9,6,6,10,7,10,8,4,7,4,9,8,10,4,3,0,8,6,9,2,3,3,11,3,9,10,7,10,10,11,7,3,3,4,3,4,9,9,11,9,0,2,3,0,3,3,9,9,7,0,8,0,7,7,8,0,0,5,2,5,7,8,9,3,8,2,5,6,3,9,6,8,7,0,9,3,5,2,5,3,3,6,6,11,8,0,10,7,6
4,10,10,10,10,11,2,6,3,5,2,9,9,0,8,6,2,6,2,3,9,11,8,8,0,7,9,4,4,6,7,7,4,4,8,8,10,4,0,11,6,6,11,4,7,5,7,0,9,11,2,10,3,3,3,11,4,8,6,9,8,10,7,7,11,8,11,9,5,8,5,10,9,11,5,4,2,9,7,10,3,4,4,0,4,10,11,8,11,11,0,8,4,4,5,4,5,10,10,0,10,2,3,4,2,4,4,10,10,8,2,9,2,8,8,9,2,2,6,3,6,8,9,10,4,9,3,6,7,4,10,7,9,8,2,10,4,6,3,6,4,4,7,7,0,9,2,11,8,7
5,11,11,11,11,0,3,7,4,6,3,10,10,2,9,7,3,7,3,4,10,0,9,9,2,8,10,5,5,7,8,8,5,5,9,9,11,5,2,0,7,7,0,5,8,6,8,2,10,0,3,11,4,4,4,0,5,9,7,10,9,11,8,8,0,9,0,10,6,9,6,11,10,0,6,5,3,10,8,11,4,5,5,2,5,11,0,9,0,0,2,9,5,5,6,5,6,11,11,2,11,3,4,5,3,5,5,11,11,9,3,10,3,9,9,10,3,3,7,4,7,9,10,11,5,10,4,7,8,5,11,8,10,9,3,11,5,7,4,7,5,5,8,8,2,10,3,0,9,8
6,0,0,0,0,2,4,8,5,7,4,11,11,3,10,8,4,8,4,5,11,2,10,10,3,9,11,6,6,8,9,9,6,6,10,10,0,6,3,2,8,8,2,6,9,7,9,3,11,2,4,0,5,5,5,2,6,10,8,11,10,0,9,9,2,10,2,11,7,10,7,0,11,2,7,6,4,11,9,0,5,6,6,3,6,0,2,10,2,2,3,10,6,6,7,6,7,0,0,3,0,4,5,6,4,6,6,0,0,10,4,11,4,10,10,11,4,4,8,5,8,10,11,0,6,11,5,8,9,6,0,9,11,10,4,0,6,8,5,8,6,6,9,9,3,11,4,2,10,9
7,2,2,2,2,3,5,9,6,8,5,0,0,4,11,9,5,9,5,6,0,3,11,11,4,10,0,7,7,9,10,10,7,7,11,11,2,7,4,3,9,9,3,7,10,8,10,4,0,3,5,2,6,6,6,3,7,11,9,0,11,2,10,10,3,11,3,0,8,11,8,2,0,3,8,7,5,0,10,2,6,7,7,4,7,2,3,11,3,3,4,11,7,7,8,7,8,2,2,4,2,5,6,7,5,7,7,2,2,11,5,0,5,11,11,0,5,5,9,6,9,11,0,2,7,0,6,9,10,7,2,10,0,11,5,2,7,9,6,9,7,7,10,10,4,0,5,3,11,10
8,3,3,3,3,4,6,10,7,9,6,2,2,5,0,10,6,10,6,7,2,4,0,0,5,11,2,8,8,10,11,11,8,8,0,0,3,8,5,4,10,10,4,8,11,9,11,5,2,4,6,3,7,7,7,4,8,0,10,2,0,3,11,11,4,0,4,2,9,0,9,3,2,4,9,8,6,2,11,3,7,8,8,5,8,3,4,0,4,4,5,0,8,8,9,8,9,3,3,5,3,6,7,8,6,8,8,3,3,0,6,2,6,0,0,2,6,6,10,7,10,0,2,3,8,2,7,10,11,8,3,11,2,0,6,3,8,10,7,10,8,8,11,11,5,2,6,4,0,11
9,4,4,4,4,5,7,11,8,10,7,3,3,6,2,11,7,11,7,8,3,5,2,2,6,0,3,9,9,11,0,0,9,9,2,2,4,9,6,5,11,11,5,9,0,10,0,6,3,5,7,4,8,8,8,5,9,2,11,3,2,4,0,0,5,2,5,3,10,2,10,4,3,5,10,9,7,3,0,4,8,9,9,6,9,4,5,2,5,5,6,2,9,9,10,9,10,4,4,6,4,7,8,9,7,9,9,4,4,2,7,3,7,2,2,3,7,7,11,8,11,2,3,4,9,3,8,11,0,9,4,0,3,2,7,4,9,11,8,11,9,9,0,0,6,3,7,5,2,0
10,5,5,5,5,6,8,0,9,11,8,4,4,7,3,0,8,0,8,9,4,6,3,3,7,2,4,10,10,0,2,2,10,10,3,3,5,10,7,6,0,0,6,10,2,11,2,7,4,6,8,5,9,9,9,6,10,3,0,4,3,5,2,2,6,3,6,4,11,3,11,5,4,6,11,10,8,4,2,5,9,10,10,7,10,5,6,3,6,6,7,3,10,10,11,10,11,5,5,7,5,8,9,10,8,10,10,5,5,3,8,4,8,3,3,4,8,8,0,9,0,3,4,5,10,4,9,0,2,10,5,2,4,3,8,5,10,0,9,0,10,10,2,2,7,4,8,6,3,2
11,6,6,6,6,7,9,2,10,0,9,5,5,8,4,2,9,2,9,10,5,7,4,4,8,3,5,11,11,2,3,3,11,11,4,4,6,11,8,7,2,2,7,11,3,0,3,8,5,7,9,6,10,10,10,7,11,4,2,5,4,6,3,3,7,4,7,5,0,4,0,6,5,7,0,11,9,5,3,6,10,11,11,8,11,6,7,4,7,7,8,4,11,11,0,11,0,6,6,8,6,9,10,11,9,11,11,6,6,4,9,5,9,4,4,5,9,9,2,10,2,4,5,6,11,5,10,2,3,11,6,3,5,4,9,6,11,2,10,2,11,11,3,3,8,5,9,7,4,3
0,7,7,7,7,8,10,3,11,2,10,6,6,9,5,3,10,3,10,11,6,8,5,5,9,4,6,0,0,3,4,4,0,0,5,5,7,0,9,8,3,3,8,0,4,2,4,9,6,8,10,7,11,11,11,8,0,5,3,6,5,7,4,4,8,5,8,6,2,5,2,7,6,8,2,0,10,6,4,7,11,0,0,9,0,7,8,5,8,8,9,5,0,0,2,0,2,7,7,9,7,10,11,0,10,0,0,7,7,5,10,6,10,5,5,6,10,10,3,11,3,5,6,7,0,6,11,3,4,0,7,4,6,5,10,7,0,3,11,3,0,0,4,4,9,6,10,8,5,4
2,8,8,8,8,9,11,4,0,3,11,7,7,10,6,4,11,4,11,0,7,9,6,6,10,5,7,2,2,4,5,5,2,2,6,6,8,2,10,9,4,4,9,2,5,3,5,10,7,9,11,8,0,0,0,9,2,6,4,7,6,8,5,5,9,6,9,7,3,6,3,8,7,9,3,2,11,7,5,8,0,2,2,10,2,8,9,6,9,9,10,6,2,2,3,2,3,8,8,10,8,11,0,2,11,2,2,8,8,6,11,7,11,6,6,7,11,11,4,0,4,6,7,8,2,7,0,4,5,2,8,5,7,6,11,8,2,4,0,4,2,2,5,5,10,7,11,9,6,5
3,9,9,9,9,10,0,5,2,4,0,8,8,11,7,5,0,5,0,2,8,10,7,7,11,6,8,3,3,5,6,6,3,3,7,7,9,3,11,10,5,5,10,3,6,4,6,11,8,10,0,9,2,2,2,10,3,7,5,8,7,9,6,6,10,7,10,8,4,7,4,9,8,10,4,3,0,8,6,9,2,3,3,11,3,9,10,7,10,10,11,7,3,3,4,3,4,9,9,11,9,0,2,3,0,3,3,9,9,7,0,8,0,7,7,8,0,0,5,2,5,7,8,9,3,8,2,5,6,3,9,6,8,7,0,9,3,5,2,5,3,3,6,6,11,8,0,10,7,6
4,10,10,10,10,11,2,6,3,5,2,9,9,0,8,6,2,6,2,3,9,11,8,8,0,7,9,4,4,6,7,7,4,4,8,8,10,4,0,11,6,6,11,4,7,5,7,0,9,11,2,10,3,3,3,11,4,8,6,9,8,10,7,7,11,8,11,9,5,8,5,10,9,11,5,4,2,9,7,10,3,4,4,0,4,10,11,8,11,11,0,8,4,4,5,4,5,10,10,0,10,2,3,4,2,4,4,10,10,8,2,9,2,8,8,9,2,2,6,3,6,8,9,10,4,9,3,6,7,4,10,7,9,8,2,10,4,6,3,6,4,4,7,7,0,9,2,11,8,7
5,11,11,11,11,0,3,7,4,6,3,10,10,2,9,7,3,7,3,4,10,0,9,9,2,8,10,5,5,7,8,8,5,5,9,9,11,5,2,0,7,7,0,5,8,6,8,2,10,0,3,11,4,4,4,0,5,9,7,10,9,11,8,8,0,9,0,10,6,9,6,11,10,0,6,5,3,10,8,11,4,5,5,2,5,11,0,9,0,0,2,9,5,5,6,5,6,11,11,2,11,3,4,5,3,5,5,11,11,9,3,10,3,9,9,10,3,3,7,4,7,9,10,11,5,10,4,7,8,5,11,8,10,9,3,11,5,7,4,7,5,5,8,8,2,10,3,0,9,8
6,0,0,0,0,2,4,8,5,7,4,11,11,3,10,8,4,8,4,5,11,2,10,10,3,9,11,6,6,8,9,9,6,6,10,10,0,6,3,2,8,8,2,6,9,7,9,3,11,2,4,0,5,5,5,2,6,10,8,11,10,0,9,9,2,10,2,11,7,10,7,0,11,2,7,6,4,11,9,0,5,6,6,3,6,0,2,10,2,2,3,10,6,6,7,6,7,0,0,3,0,4,5,6,4,6,6,0,0,10,4,11,4,10,10,11,4,4,8,5,8,10,11,0,6,11,5,8,9,6,0,9,11,10,4,0,6,8,5,8,6,6,9,9,3,11,4,2,10,9
7,2,2,2,2,3,5,9,6,8,5,0,0,4,11,9,5,9,5,6,0,3,11,11,4,10,0,7,7,9,10,10,7,7,11,11,2,7,4,3,9,9,3,7,10,8,10,4,0,3,5,2,6,6,6,3,7,11,9,0,11,2,10,10,3,11,3,0,8,11,8,2,0,3,8,7,5,0,10,2,6,7,7,4,7,2,3,11,3,3,4,11,7,7,8,7,8,2,2,4,2,5,6,7,5,7,7,2,2,11,5,0,5,11,11,0,5,5,9,6,9,11,0,2,7,0,6,9,10,7,2,10,0,11,5,2,7,9,6,9,7,7,10,10,4,0,5,3,11,10
8,3,3,3,3,4,6,10,7,9,6,2,2,5,0,10,6,10,6,7,2,4,0,0,5,11,2,8,8,10,11,11,8,8,0,0,3,8,5,4,10,10,4,8,11,9,11,5,2,4,6,3,7,7,7,4,8,0,10,2,0,3,11,11,4,0,4,2,9,0,9,3,2,4,9,8,6,2,11,3,7,8,8,5,8,3,4,0,4,4,5,0,8,8,9,8,9,3,3,5,3,6,7,8,6,8,8,3,3,0,6,2,6,0,0,2,6,6,10,7,10,0,2,3,8,2,7,10,11,8,3,11,2,0,6,3,8,10,7,10,8,8,11,11,5,2,6,4,0,11
9,4,4,4,4,5,7,11,8,10,7,3,3,6,2,11,7,11,7,8,3,5,2,2,6,0,3,9,9,11,0,0,9,9,2,2,4,9,6,5,11,11,5,9,0,10,0,6,3,5,7,4,8,8,8,5,9,2,11,3,2,4,0,0,5,2,5,3,10,2,10,4,3,5,10,9,7,3,0,4,8,9,9,6,9,4,5,2,5,5,6,2,9,9,10,9,10,4,4,6,4,7,8,9,7,9,9,4,4,2,7,3,7,2,2,3,7,7,11,8,11,2,3,4,9,3,8,11,0,9,4,0,3,2,7,4,9,11,8,11,9,9,0,0,6,3,7,5,2,0
10,5,5,5,5,6,8,0,9,11,8,4,4,7,3,0,8,0,8,9,4,6,3,3,7,2,4,10,10,0,2,2,10,10,3,3,5,10,7,6,0,0,6,10,2,11,2,7,4,6,8,5,9,9,9,6,10,3,0,4,3,5,2,2,6,3,6,4,11,3,11,5,4,6,11,10,8,4,2,5,9,10,10,7,10,5,6,3,6,6,7,3,10,10,11,10,11,5,5,7,5,8,9,10,8,10,10,5,5,3,8,4,8,3,3,4,8,8,0,9,0,3,4,5,10,4,9,0,2,10,5,2,4,3,8,5,10,0,9,0,10,10,2,2,7,4,8,6,3,2
11,6,6,6,6,7,9,2,10,0,9,5,5,8,4,2,9,2,9,10,5,7,4,4,8,3,5,11,11,2,3,3,11,11,4,4,6,11,8,7,2,2,7,11,3,0,3,8,5,7,9,6,10,10,10,7,11,4,2,5,4,6,3,3,7,4,7,5,0,4,0,6,5,7,0,11,9,5,3,6,10,11,11,8,11,6,7,4,7,7,8,4,11,11,0,11,0,6,6,8,6,9,10,11,9,11,11,6,6,4,9,5,9,4,4,5,9,9,2,10,2,4,5,6,11,5,10,2,3,11,6,3,5,4,9,6,11,2,10,2,11,11,3,3,8,5,9,7,4,3
0,7,7,7,7,8,10,3,11,2,10,6,6,9,5,3,10,3,10,11,6,8,5,5,9,4,6,0,0,3,4,4,0,0,5,5,7,0,9,8,3,3,8,0,4,2,4,9,6,8,10,7,11,11,11,8,0,5,3,6,5,7,4,4,8,5,8,6,2,5,2,7,6,8,2,0,10,6,4,7,11,0,0,9,0,7,8,5,8,8,9,5,0,0,2,0,2,7,7,9,7,10,11,0,10,0,0,7,7,5,10,6,10,5,5,6,10,10,3,11,3,5,6,7,0,6,11,3,4,0,7,4,6,5,10,7,0,3,11,3,0,0,4,4,9,6,10,8,5,4
2,8,8,8,8,9,11,4,0,3,11,7,7,10,6,4,11,4,11,0,7,9,6,6,10,5,7,2,2,4,5,5,2,2,6,6,8,2,10,9,4,4,9,2,5,3,5,10,7,9,11,8,0,0,0,9,2,6,4,7,6,8,5,5,9,6,9,7,3,6,3,8,7,9,3,2,11,7,5,8,0,2,2,10,2,8,9,6,9,9,10,6,2,2,3,2,3,8,8,10,8,11,0,2,11,2,2,8,8,6,11,7,11,6,6,7,11,11,4,0,4,6,7,8,2,7,0,4,5,2,8,5,7,6,11,8,2,4,0,4,2,2,5,5,10,7,11,9,6,5
3,9,9,9,9,10,0,5,2,4,0,8,8,11,7,5,0,5,0,2,8,10,7,7,11,6,8,3,3,5,6,6,3,3,7,7,9,3,11,10,5,5,10,3,6,4,6,11,8,10,0,9,2,2,2,10,3,7,5,8,7,9,6,6,10,7,10,8,4,7,4,9,8,10,4,3,0,8,6,9,2,3,3,11,3,9,10,7,10,10,11,7,3,3,4,3,4,9,9,11,9,0,2,3,0,3,3,9,9,7,0,8,0,7,7,8,0,0,5,2,5,7,8,9,3,8,2,5,6,3,9,6,8,7,0,9,3,5,2,5,3,3,6,6,11,8,0,10,7,6
4,10,10,10,10,11,2,6,3,5,2,9,9,0,8,6,2,6,2,3,9,11,8,8,0,7,9,4,4,6,7,7,4,4,8,8,10,4,0,11,6,6,11,4,7,5,7,0,9,11,2,10,3,3,3,11,4,8,6,9,8,10,7,7,11,8,11,9,5,8,5,10,9,11,5,4,2,9,7,10,3,4,4,0,4,10,11,8,11,11,0,8,4,4,5,4,5,10,10,0,10,2,3,4,2,4,4,10,10,8,2,9,2,8,8,9,2,2,6,3,6,8,9,10,4,9,3,6,7,4,10,7,9,8,2,10,4,6,3,6,4,4,7,7,0,9,2,11,8,7
5,11,11,11,11,0,3,7,4,6,3,10,10,2,9,7,3,7,3,4,10,0,9,9,2,8,10,5,5,7,8,8,5,5,9,9,11,5,2,0,7,7,0,5,8,6,8,2,10,0,3,11,4,4,4,0,5,9,7,10,9,11,8,8,0,9,0,10,6,9,6,11,10,0,6,5,3,10,8,11,4,5,5,2,5,11,0,9,0,0,2,9,5,5,6,5,6,11,11,2,11,3,4,5,3,5,5,11,11,9,3,10,3,9,9,10,3,3,7,4,7,9,10,11,5,10,4,7,8,5,11,8,10,9,3,11,5,7,4,7,5,5,8,8,2,10,3,0,9,8
6,0,0,0,0,2,4,8,5,7,4,11,11,3,10,8,4,8,4,5,11,2,10,10,3,9,11,6,6,8,9,9,6,6,10,10,0,6,3,2,8,8,2,6,9,7,9,3,11,2,4,0,5,5,5,2,6,10,8,11,10,0,9,9,2,10,2,11,7,10,7,0,11,2,7,6,4,11,9,0,5,6,6,3,6,0,2,10,2,2,3,10,6,6,7,6,7,0,0,3,0,4,5,6,4,6,6,0,0,10,4,11,4,10,10,11,4,4,8,5,8,10,11,0,6,11,5,8,9,6,0,9,11,10,4,0,6,8,5,8,6,6,9,9,3,11,4,2,10,9
7,2,2,2,2,3,5,9,6,8,5,0,0,4,11,9,5,9,5,6,0,3,11,11,4,10,0,7,7,9,10,10,7,7,11,11,2,7,4,3,9,9,3,7,10,8,10,4,0,3,5,2,6,6,6,3,7,11,9,0,11,2,10,10,3,11,3,0,8,11,8,2,0,3,8,7,5,0,10,2,6,7,7,4,7,2,3,11,3,3,4,11,7,7,8,7,8,2,2,4,2,5,6,7,5,7,7,2,2,11,5,0,5,11,11,0,5,5,9,6,9,11,0,2,7,0,6,9,10,7,2,10,0,11,5,2,7,9,6,9,7,7,10,10,4,0,5,3,11,10
8,3,3,3,3,4,6,10,7,9,6,2,2,5,0,10,6,10,6,7,2,4,0,0,5,11,2,8,8,10,11,11,8,8,0,0,3,8,5,4,10,10,4,8,11,9,11,5,2,4,6,3,7,7,7,4,8,0,10,2,0,3,11,11,4,0,4,2,9,0,9,3,2,4,9,8,6,2,11,3,7,8,8,5,8,3,4,0,4,4,5,0,8,8,9,8,9,3,3,5,3,6,7,8,6,8,8,3,3,0,6,2,6,0,0,2,6,6,10,7,10,0,2,3,8,2,7,10,11,8,3,11,2,0,6,3,8,10,7,10,8,8,11,11,5,2,6,4,0,11
9,4,4,4,4,5,7,11,8,10,7,3,3,6,2,11,7,11,7,8,3,5,2,2,6,0,3,9,9,11,0,0,9,9,2,2,4,9,6,5,11,11,5,9,0,10,0,6,3,5,7,4,8,8,8,5,9,2,11,3,2,4,0,0,5,2,5,3,10,2,10,4,3,5,10,9,7,3,0,4,8,9,9,6,9,4,5,2,5,5,6,2,9,9,10,9,10,4,4,6,4,7,8,9,7,9,9,4,4,2,7,3,7,2,2,3,7,7,11,8,11,2,3,4,9,3,8,11,0,9,4,0,3,2,7,4,9,11,8,11,9,9,0,0,6,3,7,5,2,0
10,5,5,5,5,6,8,0,9,11,8,4,4,7,3,0,8,0,8,9,4,6,3,3,7,2,4,10,10,0,2,2,10,10,3,3,5,10,7,6,0,0,6,10,2,11,2,7,4,6,8,5,9,9,9,6,10,3,0,4,3,5,2,2,6,3,6,4,11,3,11,5,4,6,11,10,8,4,2,5,9,10,10,7,10,5,6,3,6,6,7,3,10,10,11,10,11,5,5,7,5,8,9,10,8,10,10,5,5,3,8,4,8,3,3,4,8,8,0,9,0,3,4,5,10,4,9,0,2,10,5,2,4,3,8,5,10,0,9,0,10,10,2,2,7,4,8,6,3,2
11,6,6,6,6,7,9,2,10,0,9,5,5,8,4,2,9,2,9,10,5,7,4,4,8,3,5,11,11,2,3,3,11,11,4,4,6,11,8,7,2,2,7,11,3,0,3,8,5,7,9,6,10,10,10,7,11,4,2,5,4,6,3,3,7,4,7,5,0,4,0,6,5,7,0,11,9,5,3,6,10,11,11,8,11,6,7,4,7,7,8,4,11,11,0,11,0,6,6,8,6,9,10,11,9,11,11,6,6,4,9,5,9,4,4,5,9,9,2,10,2,4,5,6,11,5,10,2,3,11,6,3,5,4,9,6,11,2,10,2,11,11,3,3,8,5,9,7,4,3
0,7,7,7,7,8,10,3,11,2,10,6,6,9,5,3,10,3,10,11,6,8,5,5,9,4,6,0,0,3,4,4,0,0,5,5,7,0,9,8,3,3,8,0,4,2,4,9,6,8,10,7,11,11,11,8,0,5,3,6,5,7,4,4,8,5,8,6,2,5,2,7,6,8,2,0,10,6,4,7,11,0,0,9,0,7,8,5,8,8,9,5,0,0,2,0,2,7,7,9,7,10,11,0,10,0,0,7,7,5,10,6,10,5,5,6,10,10,3,11,3,5,6,7,0,6,11,3,4,0,7,4,6,5,10,7,0,3,11,3,0,0,4,4,9,6,10,8,5,4
2,8,8,8,8,9,11,4,0,3,11,7,7,10,6,4,11,4,11,0,7,9,6,6,10,5,7,2,2,4,5,5,2,2,6,6,8,2,10,9,4,4,9,2,5,3,5,10,7,9,11,8,0,0,0,9,2,6,4,7,6,8,5,5,9,6,9,7,3,6,3,8,7,9,3,2,11,7,5,8,0,2,2,10,2,8,9,6,9,9,10,6,2,2,3,2,3,8,8,10,8,11,0,2,11,2,2,8,8,6,11,7,11,6,6,7,11,11,4,0,4,6,7,8,2,7,0,4,5,2,8,5,7,6,11,8,2,4,0,4,2,2,5,5,10,7,11,9,6,5
3,9,9,9,9,10,0,5,2,4,0,8,8,11,7,5,0,5,0,2,8,10,7,7,11,6,8,3,3,5,6,6,3,3,7,7,9,3,11,10,5,5,10,3,6,4,6,11,8,10,0,9,2,2,2,10,3,7,5,8,7,9,6,6,10,7,10,8,4,7,4,9,8,10,4,3,0,8,6,9,2,3,3,11,3,9,10,7,10,10,11,7,3,3,4,3,4,9,9,11,9,0,2,3,0,3,3,9,9,7,0,8,0,7,7,8,0,0,5,2,5,7,8,9,3,8,2,5,6,3,9,6,8,7,0,9,3,5,2,5,3,3,6,6,11,8,0,10,7,6
4,10,10,10,10,11,2,6,3,5,2,9,9,0,8,6,2,6,2,3,9,11,8,8,0,7,9,4,4,6,7,7,4,4,8,8,10,4,0,11,6,6,11,4,7,5,7,0,9,11,2,10,3,3,3,11,4,8,6,9,8,10,7,7,11,8,11,9,5,8,5,10,9,11,5,4,2,9,7,10,3,4,4,0,4,10,11,8,11,11,0,8,4,4,5,4,5,10,10,0,10,2,3,4,2,4,4,10,10,8,2,9,2,8,8,9,2,2,6,3,6,8,9,10,4,9,3,6,7,4,10,7,9,8,2,10,4,6,3,6,4,4,7,7,0,9,2,11,8,7
5,11,11,11,11,0,3,7,4,6,3,10,10,2,9,7,3,7,3,4,10,0,9,9,2,8,10,5,5,7,8,8,5,5,9,9,11,5,2,0,7,7,0,5,8,6,8,2,10,0,3,11,4,4,4,0,5,9,7,10,9,11,8,8,0,9,0,10,6,9,6,11,10,0,6,5,3,10,8,11,4,5,5,2,5,11,0,9,0,0,2,9,5,5,6,5,6,11,11,2,11,3,4,5,3,5,5,11,11,9,3,10,3,9,9,10,3,3,7,4,7,9,10,11,5,10,4,7,8,5,11,8,10,9,3,11,5,7,4,7,5,5,8,8,2,10,3,0,9,8
6,0,0,0,0,2,4,8,5,7,4,11,11,3,10,8,4,8,4,5,11,2,10,10,3,9,11,6,6,8,9,9,6,6,10,10,0,6,3,2,8,8,2,6,9,7,9,3,11,2,4,0,5,5,5,2,6,10,8,11,10,0,9,9,2,10,2,11,7,10,7,0,11,2,7,6,4,11,9,0,5,6,6,3,6,0,2,10,2,2,3,10,6,6,7,6,7,0,0,3,0,4,5,6,4,6,6,0,0,10,4,11,4,10,10,11,4,4,8,5,8,10,11,0,6,11,5,8,9,6,0,9,11,10,4,0,6,8,5,8,6,6,9,9,3,11,4,2,10,9
7,2,2,2,2,3,5,9,6,8,5,0,0,4,11,9,5,9,5,6,0,3,11,11,4,10,0,7,7,9,10,10,7,7,11,11,2,7,4,3,9,9,3,7,10,8,10,4,0,3,5,2,6,6,6,3,7,11,9,0,11,2,10,10,3,11,3,0,8,11,8,2,0,3,8,7,5,0,10,2,6,7,7,4,7,2,3,11,3,3,4,11,7,7,8,7,8,2,2,4,2,5,6,7,5,7,7,2,2,11,5,0,5,11,11,0,5,5,9,6,9,11,0,2,7,0,6,9,10,7,2,10,0,11,5,2,7,9,6,9,7,7,10,10,4,0,5,3,11,10
8,3,3,3,3,4,6,10,7,9,6,2,2,5,0,10,6,10,6,7,2,4,0,0,5,11,2,8,8,10,11,11,8,8,0,0,3,8,5,4,10,10,4,8,11,9,11,5,2,4,6,3,7,7,7,4,8,0,10,2,0,3,11,11,4,0,4,2,9,0,9,3,2,4,9,8,6,2,11,3,7,8,8,5,8,3,4,0,4,4,5,0,8,8,9,8,9,3,3,5,3,6,7,8,6,8,8,3,3,0,6,2,6,0,0,2,6,6,10,7,10,0,2,3,8,2,7,10,11,8,3,11,2,0,6,3,8,10,7,10,8,8,11,11,5,2,6,4,0,11
9,4,4,4,4,5,7,11,8,10,7,3,3,6,2,11,7,11,7,8,3,5,2,2,6,0,3,9,9,11,0,0,9,9,2,2,4,9,6,5,11,11,5,9,0,10,0,6,3,5,7,4,8,8,8,5,9,2,11,3,2,4,0,0,5,2,5,3,10,2,10,4,3,5,10,9,7,3,0,4,8,9,9,6,9,4,5,2,5,5,6,2,9,9,10,9,10,4,4,6,4,7,8,9,7,9,9,4,4,2,7,3,7,2,2,3,7,7,11,8,11,2,3,4,9,3,8,11,0,9,4,0,3,2,7,4,9,11,8,11,9,9,0,0,6,3,7,5,2,0
10,5,5,5,5,6,8,0,9,11,8,4,4,7,3,0,8,0,8,9,4,6,3,3,7,2,4,10,10,0,2,2,10,10,3,3,5,10,7,6,0,0,6,10,2,11,2,7,4,6,8,5,9,9,9,6,10,3,0,4,3,5,2,2,6,3,6,4,11,3,11,5,4,6,11,10,8,4,2,5,9,10,10,7,10,5,6,3,6,6,7,3,10,10,11,10,11,5,5,7,5,8,9,10,8,10,10,5,5,3,8,4,8,3,3,4,8,8,0,9,0,3,4,5,10,4,9,0,2,10,5,2,4,3,8,5,10,0,9,0,10,10,2,2,7,4,8,6,3,2
11,6,6,6,6,7,9,2,10,0,9,5,5,8,4,2,9,2,9,10,5,7,4,4,8,3,5,11,11,2,3,3,11,11,4,4,6,11,8,7,2,2,7,11,3,0,3,8,5,7,9,6,10,10,10,7,11,4,2,5,4,6,3,3,7,4,7,5,0,4,0,6,5,7,0,11,9,5,3,6,10,11,11,8,11,6,7,4,7,7,8,4,11,11,0,11,0,6,6,8,6,9,10,11,9,11,11,6,6,4,9,5,9,4,4,5,9,9,2,10,2,4,5,6,11,5,10,2,3,11,6,3,5,4,9,6,11,2,10,2,11,11,3,3,8,5,9,7,4,3
0,7,7,7,7,8,10,3,11,2,10,6,6,9,5,3,10,3,10,11,6,8,5,5,9,4,6,0,0,3,4,4,0,0,5,5,7,0,9,8,3,3,8,0,4,2,4,9,6,8,10,7,11,11,11,8,0,5,3,6,5,7,4,4,8,5,8,6,2,5,2,7,6,8,2,0,10,6,4,7,11,0,0,9,0,7,8,5,8,8,9,5,0,0,2,0,2,7,7,9,7,10,11,0,10,0,0,7,7,5,10,6,10,5,5,6,10,10,3,11,3,5,6,7,0,6,11,3,4,0,7,4,6,5,10,7,0,3,11,3,0,0,4,4,9,6,10,8,5,4
2,8,8,8,8,9,11,4,0,3,11,7,7,10,6,4,11,4,11,0,7,9,6,6,10,5,7,2,2,4,5,5,2,2,6,6,8,2,10,9,4,4,9,2,5,3,5,10,7,9,11,8,0,0,0,9,2,6,4,7,6,8,5,5,9,6,9,7,3,6,3,8,7,9,3,2,11,7,5,8,0,2,2,10,2,8,9,6,9,9,10,6,2,2,3,2,3,8,8,10,8,11,0,2,11,2,2,8,8,6,11,7,11,6,6,7,11,11,4,0,4,6,7,8,2,7,0,4,5,2,8,5,7,6,11,8,2,4,0,4,2,2,5,5,10,7,11,9,6,5
3,9,9,9,9,10,0,5,2,4,0,8,8,11,7,5,0,5,0,2,8,10,7,7,11,6,8,3,3,5,6,6,3,3,7,7,9,3,11,10,5,5,10,3,6,4,6,11,8,10,0,9,2,2,2,10,3,7,5,8,7,9,6,6,10,7,10,8,4,7,4,9,8,10,4,3,0,8,6,9,2,3,3,11,3,9,10,7,10,10,11,7,3,3,4,3,4,9,9,11,9,0,2,3,0,3,3,9,9,7,0,8,0,7,7,8,0,0,5,2,5,7,8,9,3,8,2,5,6,3,9,6,8,7,0,9,3,5,2,5,3,3,6,6,11,8,0,10,7,6
4,10,10,10,10,11,2,6,3,5,2,9,9,0,8,6,2,6,2,3,9,11,8,8,0,7,9,4,4,6,7,7,4,4,8,8,10,4,0,11,6,6,11,4,7,5,7,0,9,11,2,10,3,3,3,11,4,8,6,9,8,10,7,7,11,8,11,9,5,8,5,10,9,11,5,4,2,9,7,10,3,4,4,0,4,10,11,8,11,11,0,8,4,4,5,4,5,10,10,0,10,2,3,4,2,4,4,10,10,8,2,9,2,8,8,9,2,2,6,3,6,8,9,10,4,9,3,6,7,4,10,7,9,8,2,10,4,6,3,6,4,4,7,7,0,9,2,11,8,7
5,11,11,11,11,0,3,7,4,6,3,10,10,2,9,7,3,7,3,4,10,0,9,9,2,8,10,5,5,7,8,8,5,5,9,9,11,5,2,0,7,7,0,5,8,6,8,2,10,0,3,11,4,4,4,0,5,9,7,10,9,11,8,8,0,9,0,10,6,9,6,11,10,0,6,5,3,10,8,11,4,5,5,2,5,11,0,9,0,0,2,9,5,5,6,5,6,11,11,2,11,3,4,5,3,5,5,11,11,9,3,10,3,9,9,10,3,3,7,4,7,9,10,11,5,10,4,7,8,5,11,8,10,9,3,11,5,7,4,7,5,5,8,8,2,10,3,0,9,8
6,0,0,0,0,2,4,8,5,7,4,11,11,3,10,8,4,8,4,5,11,2,10,10,3,9,11,6,6,8,9,9,6,6,10,10,0,6,3,2,8,8,2,6,9,7,9,3,11,2,4,0,5,5,5,2,6,10,8,11,10,0,9,9,2,10,2,11,7,10,7,0,11,2,7,6,4,11,9,0,5,6,6,3,6,0,2,10,2,2,3,10,6,6,7,6,7,0,0,3,0,4,5,6,4,6,6,0,0,10,4,11,4,10,10,11,4,4,8,5,8,10,11,0,6,11,5,8,9,6,0,9,11,10,4,0,6,8,5,8,6,6,9,9,3,11,4,2,10,9
7,2,2,2,2,3,5,9,6,8,5,0,0,4,11,9,5,9,5,6,0,3,11,11,4,10,0,7,7,9,10,10,7,7,11,11,2,7,4,3,9,9,3,7,10,8,10,4,0,3,5,2,6,6,6,3,7,11,9,0,11,2,10,10,3,11,3,0,8,11,8,2,0,3,8,7,5,0,10,2,6,7,7,4,7,2,3,11,3,3,4,11,7,7,8,7,8,2,2,4,2,5,6,7,5,7,7,2,2,11,5,0,5,11,11,0,5,5,9,6,9,11,0,2,7,0,6,9,10,7,2,10,0,11,5,2,7,9,6,9,7,7,10,10,4,0,5,3,11,10
8,3,3,3,3,4,6,10,7,9,6,2,2,5,0,10,6,10,6,7,2,4,0,0,5,11,2,8,8,10,11,11,8,8,0,0,3,8,5,4,10,10,4,8,11,9,11,5,2,4,6,3,7,7,7,4,8,0,10,2,0,3,11,11,4,0,4,2,9,0,9,3,2,4,9,8,6,2,11,3,7,8,8,5,8,3,4,0,4,4,5,0,8,8,9,8,9,3,3,5,3,6,7,8,6,8,8,3,3,0,6,2,6,0,0,2,6,6,10,7,10,0,2,3,8,2,7,10,11,8,3,11,2,0,6,3,8,10,7,10,8,8,11,11,5,2,6,4,0,11
9,4,4,4,4,5,7,11,8,10,7,3,3,6,2,11,7,11,7,8,3,5,2,2,6,0,3,9,9,11,0,0,9,9,2,2,4,9,6,5,11,11,5,9,0,10,0,6,3,5,7,4,8,8,8,5,9,2,11,3,2,4,0,0,5,2,5,3,10,2,10,4,3,5,10,9,7,3,0,4,8,9,9,6,9,4,5,2,5,5,6,2,9,9,10,9,10,4,4,6,4,7,8,9,7,9,9,4,4,2,7,3,7,2,2,3,7,7,11,8,11,2,3,4,9,3,8,11,0,9,4,0,3,2,7,4,9,11,8,11,9,9,0,0,6,3,7,5,2,0
10,5,5,5,5,6,8,0,9,11,8,4,4,7,3,0,8,0,8,9,4,6,3,3,7,2,4,10,10,0,2,2,10,10,3,3,5,10,7,6,0,0,6,10,2,11,2,7,4,6,8,5,9,9,9,6,10,3,0,4,3,5,2,2,6,3,6,4,11,3,11,5,4,6,11,10,8,4,2,5,9,10,10,7,10,5,6,3,6,6,7,3,10,10,11,10,11,5,5,7,5,8,9,10,8,10,10,5,5,3,8,4,8,3,3,4,8,8,0,9,0,3,4,5,10,4,9,0,2,10,5,2,4,3,8,5,10,0,9,0,10,10,2,2,7,4,8,6,3,2
11,6,6,6,6,7,9,2,10,0,9,5,5,8,4,2,9,2,9,10,5,7,4,4,8,3,5,11,11,2,3,3,11,11,4,4,6,11,8,7,2,2,7,11,3,0,3,8,5,7,9,6,10,10,10,7,11,4,2,5,4,6,3,3,7,4,7,5,0,4,0,6,5,7,0,11,9,5,3,6,10,11,11,8,11,6,7,4,7,7,8,4,11,11,0,11,0,6,6,8,6,9,10,11,9,11,11,6,6,4,9,5,9,4,4,5,9,9,2,10,2,4,5,6,11,5,10,2,3,11,6,3,5,4,9,6,11,2,10,2,11,11,3,3,8,5,9,7,4,3
0,7,7,7,7,8,10,3,11,2,10,6,6,9,5,3,10,3,10,11,6,8,5,5,9,4,6,0,0,3,4,4,0,0,5,5,7,0,9,8,3,3,8,0,4,2,4,9,6,8,10,7,11,11,11,8,0,5,3,6,5,7,4,4,8,5,8,6,2,5,2,7,6,8,2,0,10,6,4,7,11,0,0,9,0,7,8,5,8,8,9,5,0,0,2,0,2,7,7,9,7,10,11,0,10,0,0,7,7,5,10,6,10,5,5,6,10,10,3,11,3,5,6,7,0,6,11,3,4,0,7,4,6,5,10,7,0,3,11,3,0,0,4,4,9,6,10,8,5,4
2,8,8,8,8,9,11,4,0,3,11,7,7,10,6,4,11,4,11,0,7,9,6,6,10,5,7,2,2,4,5,5,2,2,6,6,8,2,10,9,4,4,9,2,5,3,5,10,7,9,11,8,0,0,0,9,2,6,4,7,6,8,5,5,9,6,9,7,3,6,3,8,7,9,3,2,11,7,5,8,0,2,2,10,2,8,9,6,9,9,10,6,2,2,3,2,3,8,8,10,8,11,0,2,11,2,2,8,8,6,11,7,11,6,6,7,11,11,4,0,4,6,7,8,2,7,0,4,5,2,8,5,7,6,11,8,2,4,0,4,2,2,5,5,10,7,11,9,6,5
3,9,9,9,9,10,0,5,2,4,0,8,8,11,7,5,0,5,0,2,8,10,7,7,11,6,8,3,3,5,6,6,3,3,7,7,9,3,11,10,5,5,10,3,6,4,6,11,8,10,0,9,2,2,2,10,3,7,5,8,7,9,6,6,10,7,10,8,4,7,4,9,8,10,4,3,0,8,6,9,2,3,3,11,3,9,10,7,10,10,11,7,3,3,4,3,4,9,9,11,9,0,2,3,0,3,3,9,9,7,0,8,0,7,7,8,0,0,5,2,5,7,8,9,3,8,2,5,6,3,9,6,8,7,0,9,3,5,2,5,3,3,6,6,11,8,0,10,7,6
4,10,10,10,10,11,2,6,3,5,2,9,9,0,8,6,2,6,2,3,9,11,8,8,0,7,9,4,4,6,7,7,4,4,8,8,10,4,0,11,6,6,11,4,7,5,7,0,9,11,2,10,3,3,3,11,4,8,6,9,8,10,7,7,11,8,11,9,5,8,5,10,9,11,5,4,2,9,7,10,3,4,4,0,4,10,11,8,11,11,0,8,4,4,5,4,5,10,10,0,10,2,3,4,2,4,4,10,10,8,2,9,2,8,8,9,2,2,6,3,6,8,9,10,4,9,3,6,7,4,10,7,9,8,2,10,4,6,3,6,4,4,7,7,0,9,2,11,8,7
5,11,11,11,11,0,3,7,4,6,3,10,10,2,9,7,3,7,3,4,10,0,9,9,2,8,10,5,5,7,8,8,5,5,9,9,11,5,2,0,7,7,0,5,8,6,8,2,10,0,3,11,4,4,4,0,5,9,7,10,9,11,8,8,0,9,0,10,6,9,6,11,10,0,6,5,3,10,8,11,4,5,5,2,5,11,0,9,0,0,2,9,5,5,6,5,6,11,11,2,11,3,4,5,3,5,5,11,11,9,3,10,3,9,9,10,3,3,7,4,7,9,10,11,5,10,4,7,8,5,11,8,10,9,3,11,5,7,4,7,5,5,8,8,2,10,3,0,9,8
6,0,0,0,0,2,4,8,5,7,4,11,11,3,10,8,4,8,4,5,11,2,10,10,3,9,11,6,6,8,9,9,6,6,10,10,0,6,3,2,8,8,2,6,9,7,9,3,11,2,4,0,5,5,5,2,6,10,8,11,10,0,9,9,2,10,2,11,7,10,7,0,11,2,7,6,4,11,9,0,5,6,6,3,6,0,2,10,2,2,3,10,6,6,7,6,7,0,0,3,0,4,5,6,4,6,6,0,0,10,4,11,4,10,10,11,4,4,8,5,8,10,11,0,6,11,5,8,9,6,0,9,11,10,4,0,6,8,5,8,6,6,9,9,3,11,4,2,10,9
7,2,2,2,2,3,5,9,6,8,5,0,0,4,11,9,5,9,5,6,0,3,11,11,4,10,0,7,7,9,10,10,7,7,11,11,2,7,4,3,9,9,3,7,10,8,10,4,0,3,5,2,6,6,6,3,7,11,9,0,11,2,10,10,3,11,3,0,8,11,8,2,0,3,8,7,5,0,10,2,6,7,7,4,7,2,3,11,3,3,4,11,7,7,8,7,8,2,2,4,2,5,6,7,5,7,7,2,2,11,5,0,5,11,11,0,5,5,9,6,9,11,0,2,7,0,6,9,10,7,2,10,0,11,5,2,7,9,6,9,7,7,10,10,4,0,5,3,11,10
8,3,3,3,3,4,6,10,7,9,6,2,2,5,0,10,6,10,6,7,2,4,0,0,5,11,2,8,8,10,11,11,8,8,0,0,3,8,5,4,10,10,4,8,11,9,11,5,2,4,6,3,7,7,7,4,8,0,10,2,0,3,11,11,4,0,4,2,9,0,9,3,2,4,9,8,6,2,11,3,7,8,8,5,8,3,4,0,4,4,5,0,8,8,9,8,9,3,3,5,3,6,7,8,6,8,8,3,3,0,6,2,6,0,0,2,6,6,10,7,10,0,2,3,8,2,7,10,11,8,3,11,2,0,6,3,8,10,7,10,8,8,11,11,5,2,6,4,0,11
9,4,4,4,4,5,7,11,8,10,7,3,3,6,2,11,7,11,7,8,3,5,2,2,6,0,3,9,9,11,0,0,9,9,2,2,4,9,6,5,11,11,5,9,0,10,0,6,3,5,7,4,8,8,8,5,9,2,11,3,2,4,0,0,5,2,5,3,10,2,10,4,3,5,10,9,7,3,0,4,8,9,9,6,9,4,5,2,5,5,6,2,9,9,10,9,10,4,4,6,4,7,8,9,7,9,9,4,4,2,7,3,7,2,2,3,7,7,11,8,11,2,3,4,9,3,8,11,0,9,4,0,3,2,7,4,9,11,8,11,9,9,0,0,6,3,7,5,2,0
10,5,5,5,5,6,8,0,9,11,8,4,4,7,3,0,8,0,8,9,4,6,3,3,7,2,4,10,10,0,2,2,10,10,3,3,5,10,7,6,0,0,6,10,2,11,2,7,4,6,8,5,9,9,9,6,10,3,0,4,3,5,2,2,6,3,6,4,11,3,11,5,4,6,11,10,8,4,2,5,9,10,10,7,10,5,6,3,6,6,7,3,10,10,11,10,11,5,5,7,5,8,9,10,8,10,10,5,5,3,8,4,8,3,3,4,8,8,0,9,0,3,4,5,10,4,9,0,2,10,5,2,4,3,8,5,10,0,9,0,10,10,2,2,7,4,8,6,3,2
11,6,6,6,6,7,9,2,10,0,9,5,5,8,4,2,9,2,9,10,5,7,4,4,8,3,5,11,11,2,3,3,11,11,4,4,6,11,8,7,2,2,7,11,3,0,3,8,5,7,9,6,10,10,10,7,11,4,2,5,4,6,3,3,7,4,7,5,0,4,0,6,5,7,0,11,9,5,3,6,10,11,11,8,11,6,7,4,7,7,8,4,11,11,0,11,0,6,6,8,6,9,10,11,9,11,11,6,6,4,9,5,9,4,4,5,9,9,2,10,2,4,5,6,11,5,10,2,3,11,6,3,5,4,9,6,11,2,10,2,11,11,3,3,8,5,9,7,4,3
0,7,7,7,7,8,10,3,11,2,10,6,6,9,5,3,10,3,10,11,6,8,5,5,9,4,6,0,0,3,4,4,0,0,5,5,7,0,9,8,3,3,8,0,4,2,4,9,6,8,10,7,11,11,11,8,0,5,3,6,5,7,4,4,8,5,8,6,2,5,2,7,6,8,2,0,10,6,4,7,11,0,0,9,0,7,8,5,8,8,9,5,0,0,2,0,2,7,7,9,7,10,11,0,10,0,0,7,7,5,10,6,10,5,5,6,10,10,3,11,3,5,6,7,0,6,11,3,4,0,7,4,6,5,10,7,0,3,11,3,0,0,4,4,9,6,10,8,5,4
2,8,8,8,8,9,11,4,0,3,11,7,7,10,6,4,11,4,11,0,7,9,6,6,10,5,7,2,2,4,5,5,2,2,6,6,8,2,10,9,4,4,9,2,5,3,5,10,7,9,11,8,0,0,0,9,2,6,4,7,6,8,5,5,9,6,9,7,3,6,3,8,7,9,3,2,11,7,5,8,0,2,2,10,2,8,9,6,9,9,10,6,2,2,3,2,3,8,8,10,8,11,0,2,11,2,2,8,8,6,11,7,11,6,6,7,11,11,4,0,4,6,7,8,2,7,0,4,5,2,8,5,7,6,11,8,2,4,0,4,2,2,5,5,10,7,11,9,6,5
3,9,9,9,9,10,0,5,2,4,0,8,8,11,7,5,0,5,0,2,8,10,7,7,11,6,8,3,3,5,6,6,3,3,7,7,9,3,11,10,5,5,10,3,6,4,6,11,8,10,0,9,2,2,2,10,3,7,5,8,7,9,6,6,10,7,10,8,4,7,4,9,8,10,4,3,0,8,6,9,2,3,3,11,3,9,10,7,10,10,11,7,3,3,4,3,4,9,9,11,9,0,2,3,0,3,3,9,9,7,0,8,0,7,7,8,0,0,5,2,5,7,8,9,3,8,2,5,6,3,9,6,8,7,0,9,3,5,2,5,3,3,6,6,11,8,0,10,7,6
4,10,10,10,10,11,2,6,3,5,2,9,9,0,8,6,2,6,2,3,9,11,8,8,0,7,9,4,4,6,7,7,4,4,8,8,10,4,0,11,6,6,11,4,7,5,7,0,9,11,2,10,3,3,3,11,4,8,6,9,8,10,7,7,11,8,11,9,5,8,5,10,9,11,5,4,2,9,7,10,3,4,4,0,4,10,11,8,11,11,0,8,4,4,5,4,5,10,10,0,10,2,3,4,2,4,4,10,10,8,2,9,2,8,8,9,2,2,6,3,6,8,9,10,4,9,3,6,7,4,10,7,9,8,2,10,4,6,3,6,4,4,7,7,0,9,2,11,8,7
5,11,11,11,11,0,3,7,4,6,3,10,10,2,9,7,3,7,3,4,10,0,9,9,2,8,10,5,5,7,8,8,5,5,9,9,11,5,2,0,7,7,0,5,8,6,8,2,10,0,3,11,4,4,4,0,5,9,7,10,9,11,8,8,0,9,0,10,6,9,6,11,10,0,6,5,3,10,8,11,4,5,5,2,5,11,0,9,0,0,2,9,5,5,6,5,6,11,11,2,11,3,4,5,3,5,5,11,11,9,3,10,3,9,9,10,3,3,7,4,7,9,10,11,5,10,4,7,8,5,11,8,10,9,3,11,5,7,4,7,5,5,8,8,2,10,3,0,9,8
6,0,0,0,0,2,4,8,5,7,4,11,11,3,10,8,4,8,4,5,11,2,10,10,3,9,11,6,6,8,9,9,6,6,10,10,0,6,3,2,8,8,2,6,9,7,9,3,11,2,4,0,5,5,5,2,6,10,8,11,10,0,9,9,2,10,2,11,7,10,7,0,11,2,7,6,4,11,9,0,5,6,6,3,6,0,2,10,2,2,3,10,6,6,7,6,7,0,0,3,0,4,5,6,4,6,6,0,0,10,4,11,4,10,10,11,4,4,8,5,8,10,11,0,6,11,5,8,9,6,0,9,11,10,4,0,6,8,5,8,6,6,9,9,3,11,4,2,10,9
7,2,2,2,2,3,5,9,6,8,5,0,0,4,11,9,5,9,5,6,0,3,11,11,4,10,0,7,7,9,10,10,7,7,11,11,2,7,4,3,9,9,3,7,10,8,10,4,0,3,5,2,6,6,6,3,7,11,9,0,11,2,10,10,3,11,3,0,8,11,8,2,0,3,8,7,5,0,10,2,6,7,7,4,7,2,3,11,3,3,4,11,7,7,8,7,8,2,2,4,2,5,6,7,5,7,7,2,2,11,5,0,5,11,11,0,5,5,9,6,9,11,0,2,7,0,6,9,10,7,2,10,0,11,5,2,7,9,6,9,7,7,10,10,4,0,5,3,11,10
8,3,3,3,3,4,6,10,7,9,6,2,2,5,0,10,6,10,6,7,2,4,0,0,5,11,2,8,8,10,11,11,8,8,0,0,3,8,5,4,10,10,4,8,11,9,11,5,2,4,6,3,7,7,7,4,8,0,10,2,0,3,11,11,4,0,4,2,9,0,9,3,2,4,9,8,6,2,11,3,7,8,8,5,8,3,4,0,4,4,5,0,8,8,9,8,9,3,3,5,3,6,7,8,6,8,8,3,3,0,6,2,6,0,0,2,6,6,10,7,10,0,2,3,8,2,7,10,11,8,3,11,2,0,6,3,8,10,7,10,8,8,11,11,5,2,6,4,0,11
9,4,4,4,4,5,7,11,8,10,7,3,3,6,2,11,7,11,7,8,3,5,2,2,6,0,3,9,9,11,0,0,9,9,2,2,4,9,6,5,11,11,5,9,0,10,0,6,3,5,7,4,8,8,8,5,9,2,11,3,2,4,0,0,5,2,5,3,10,2,10,4,3,5,10,9,7,3,0,4,8,9,9,6,9,4,5,2,5,5,6,2,9,9,10,9,10,4,4,6,4,7,8,9,7,9,9,4,4,2,7,3,7,2,2,3,7,7,11,8,11,2,3,4,9,3,8,11,0,9,4,0,3,2,7,4,9,11,8,11,9,9,0,0,6,3,7,5,2,0
10,5,5,5,5,6,8,0,9,11,8,4,4,7,3,0,8,0,8,9,4,6,3,3,7,2,4,10,10,0,2,2,10,10,3,3,5,10,7,6,0,0,6,10,2,11,2,7,4,6,8,5,9,9,9,6,10,3,0,4,3,5,2,2,6,3,6,4,11,3,11,5,4,6,11,10,8,4,2,5,9,10,10,7,10,5,6,3,6,6,7,3,10,10,11,10,11,5,5,7,5,8,9,10,8,10,10,5,5,3,8,4,8,3,3,4,8,8,0,9,0,3,4,5,10,4,9,0,2,10,5,2,4,3,8,5,10,0,9,0,10,10,2,2,7,4,8,6,3,2
11,6,6,6,6,7,9,2,10,0,9,5,5,8,4,2,9,2,9,10,5,7,4,4,8,3,5,11,11,2,3,3,11,11,4,4,6,11,8,7,2,2,7,11,3,0,3,8,5,7,9,6,10,10,10,7,11,4,2,5,4,6,3,3,7,4,7,5,0,4,0,6,5,7,0,11,9,5,3,6,10,11,11,8,11,6,7,4,7,7,8,4,11,11,0,11,0,6,6,8,6,9,10,11,9,11,11,6,6,4,9,5,9,4,4,5,9,9,2,10,2,4,5,6,11,5,10,2,3,11,6,3,5,4,9,6,11,2,10,2,11,11,3,3,8,5,9,7,4,3
0,7,7,7,7,8,10,3,11,2,10,6,6,9,5,3,10,3,10,11,6,8,5,5,9,4,6,0,0,3,4,4,0,0,5,5,7,0,9,8,3,3,8,0,4,2,4,9,6,8,10,7,11,11,11,8,0,5,3,6,5,7,4,4,8,5,8,6,2,5,2,7,6,8,2,0,10,6,4,7,11,0,0,9,0,7,8,5,8,8,9,5,0,0,2,0,2,7,7,9,7,10,11,0,10,0,0,7,7,5,10,6,10,5,5,6,10,10,3,11,3,5,6,7,0,6,11,3,4,0,7,4,6,5,10,7,0,3,11,3,0,0,4,4,9,6,10,8,5,4
2,8,8,8,8,9,11,4,0,3,11,7,7,10,6,4,11,4,11,0,7,9,6,6,10,5,7,2,2,4,5,5,2,2,6,6,8,2,10,9,4,4,9,2,5,3,5,10,7,9,11,8,0,0,0,9,2,6,4,7,6,8,5,5,9,6,9,7,3,6,3,8,7,9,3,2,11,7,5,8,0,2,2,10,2,8,9,6,9,9,10,6,2,2,3,2,3,8,8,10,8,11,0,2,11,2,2,8,8,6,11,7,11,6,6,7,11,11,4,0,4,6,7,8,2,7,0,4,5,2,8,5,7,6,11,8,2,4,0,4,2,2,5,5,10,7,11,9,6,5
3,9,9,9,9,10,0,5,2,4,0,8,8,11,7,5,0,5,0,2,8,10,7,7,11,6,8,3,3,5,6,6,3,3,7,7,9,3,11,10,5,5,10,3,6,4,6,11,8,10,0,9,2,2,2,10,3,7,5,8,7,9,6,6,10,7,10,8,4,7,4,9,8,10,4,3,0,8,6,9,2,3,3,11,3,9,10,7,10,10,11,7,3,3,4,3,4,9,9,11,9,0,2,3,0,3,3,9,9,7,0,8,0,7,7,8,0,0,5,2,5,7,8,9,3,8,2,5,6,3,9,6,8,7,0,9,3,5,2,5,3,3,6,6,11,8,0,10,7,6
4,10,10,10,10,11,2,6,3,5,2,9,9,0,8,6,2,6,2,3,9,11,8,8,0,7,9,4,4,6,7,7,4,4,8,8,10,4,0,11,6,6,11,4,7,5,7,0,9,11,2,10,3,3,3,11,4,8,6,9,8,10,7,7,11,8,11,9,5,8,5,10,9,11,5,4,2,9,7,10,3,4,4,0,4,10,11,8,11,11,0,8,4,4,5,4,5,10,10,0,10,2,3,4,2,4,4,10,10,8,2,9,2,8,8,9,2,2,6,3,6,8,9,10,4,9,3,6,7,4,10,7,9,8,2,10,4,6,3,6,4,4,7,7,0,9,2,11,8,7
5,11,11,11,11,0,3,7,4,6,3,10,10,2,9,7,3,7,3,4,10,0,9,9,2,8,10,5,5,7,8,8,5,5,9,9,11,5,2,0,7,7,0,5,8,6,8,2,10,0,3,11,4,4,4,0,5,9,7,10,9,11,8,8,0,9,0,10,6,9,6,11,10,0,6,5,3,10,8,11,4,5,5,2,5,11,0,9,0,0,2,9,5,5,6,5,6,11,11,2,11,3,4,5,3,5,5,11,11,9,3,10,3,9,9,10,3,3,7,4,7,9,10,11,5,10,4,7,8,5,11,8,10,9,3,11,5,7,4,7,5,5,8,8,2,10,3,0,9,8
6,0,0,0,0,2,4,8,5,7,4,11,11,3,10,8,4,8,4,5,11,2,10,10,3,9,11,6,6,8,9,9,6,6,10,10,0,6,3,2,8,8,2,6,9,7,9,3,11,2,4,0,5,5,5,2,6,10,8,11,10,0,9,9,2,10,2,11,7,10,7,0,11,2,7,6,4,11,9,0,5,6,6,3,6,0,2,10,2,2,3,10,6,6,7,6,7,0,0,3,0,4,5,6,4,6,6,0,0,10,4,11,4,10,10,11,4,4,8,5,8,10,11,0,6,11,5,8,9,6,0,9,11,10,4,0,6,8,5,8,6,6,9,9,3,11,4,2,10,9
7,2,2,2,2,3,5,9,6,8,5,0,0,4,11,9,5,9,5,6,0,3,11,11,4,10,0,7,7,9,10,10,7,7,11,11,2,7,4,3,9,9,3,7,10,8,10,4,0,3,5,2,6,6,6,3,7,11,9,0,11,2,10,10,3,11,3,0,8,11,8,2,0,3,8,7,5,0,10,2,6,7,7,4,7,2,3,11,3,3,4,11,7,7,8,7,8,2,2,4,2,5,6,7,5,7,7,2,2,11,5,0,5,11,11,0,5,5,9,6,9,11,0,2,7,0,6,9,10,7,2,10,0,11,5,2,7,9,6,9,7,7,10,10,4,0,5,3,11,10
8,3,3,3,3,4,6,10,7,9,6,2,2,5,0,10,6,10,6,7,2,4,0,0,5,11,2,8,8,10,11,11,8,8,0,0,3,8,5,4,10,10,4,8,11,9,11,5,2,4,6,3,7,7,7,4,8,0,10,2,0,3,11,11,4,0,4,2,9,0,9,3,2,4,9,8,6,2,11,3,7,8,8,5,8,3,4,0,4,4,5,0,8,8,9,8,9,3,3,5,3,6,7,8,6,8,8,3,3,0,6,2,6,0,0,2,6,6,10,7,10,0,2,3,8,2,7,10,11,8,3,11,2,0,6,3,8,10,7,10,8,8,11,11,5,2,6,4,0,11
9,4,4,4,4,5,7,11,8,10,7,3,3,6,2,11,7,11,7,8,3,5,2,2,6,0,3,9,9,11,0,0,9,9,2,2,4,9,6,5,11,11,5,9,0,10,0,6,3,5,7,4,8,8,8,5,9,2,11,3,2,4,0,0,5,2,5,3,10,2,10,4,3,5,10,9,7,3,0,4,8,9,9,6,9,4,5,2,5,5,6,2,9,9,10,9,10,4,4,6,4,7,8,9,7,9,9,4,4,2,7,3,7,2,2,3,7,7,11,8,11,2,3,4,9,3,8,11,0,9,4,0,3,2,7,4,9,11,8,11,9,9,0,0,6,3,7,5,2,0
10,5,5,5,5,6,8,0,9,11,8,4,4,7,3,0,8,0,8,9,4,6,3,3,7,2,4,10,10,0,2,2,10,10,3,3,5,10,7,6,0,0,6,10,2,11,2,7,4,6,8,5,9,9,9,6,10,3,0,4,3,5,2,2,6,3,6,4,11,3,11,5,4,6,11,10,8,4,2,5,9,10,10,7,10,5,6,3,6,6,7,3,10,10,11,10,11,5,5,7,5,8,9,10,8,10,10,5,5,3,8,4,8,3,3,4,8,8,0,9,0,3,4,5,10,4,9,0,2,10,5,2,4,3,8,5,10,0,9,0,10,10,2,2,7,4,8,6,3,2
11,6,6,6,6,7,9,2,10,0,9,5,5,8,4,2,9,2,9,10,5,7,4,4,8,3,5,11,11,2,3,3,11,11,4,4,6,11,8,7,2,2,7,11,3,0,3,8,5,7,9,6,10,10,10,7,11,4,2,5,4,6,3,3,7,4,7,5,0,4,0,6,5,7,0,11,9,5,3,6,10,11,11,8,11,6,7,4,7,7,8,4,11,11,0,11,0,6,6,8,6,9,10,11,9,11,11,6,6,4,9,5,9,4,4,5,9,9,2,10,2,4,5,6,11,5,10,2,3,11,6,3,5,4,9,6,11,2,10,2,11,11,3,3,8,5,9,7,4,3
0,7,7,7,7,8,10,3,11,2,10,6,6,9,5,3,10,3,10,11,6,8,5,5,9,4,6,0,0,3,4,4,0,0,5,5,7,0,9,8,3,3,8,0,4,2,4,9,6,8,10,7,11,11,11,8,0,5,3,6,5,7,4,4,8,5,8,6,2,5,2,7,6,8,2,0,10,6,4,7,11,0,0,9,0,7,8,5,8,8,9,5,0,0,2,0,2,7,7,9,7,10,11,0,10,0,0,7,7,5,10,6,10,5,5,6,10,10,3,11,3,5,6,7,0,6,11,3,4,0,7,4,6,5,10,7,0,3,11,3,0,0,4,4,9,6,10,8,5,4
2,8,8,8,8,9,11,4,0,3,11,7,7,10,6,4,11,4,11,0,7,9,6,6,10,5,7,2,2,4,5,5,2,2,6,6,8,2,10,9,4,4,9,2,5,3,5,10,7,9,11,8,0,0,0,9,2,6,4,7,6,8,5,5,9,6,9,7,3,6,3,8,7,9,3,2,11,7,5,8,0,2,2,10,2,8,9,6,9,9,10,6,2,2,3,2,3,8,8,10,8,11,0,2,11,2,2,8,8,6,11,7,11,6,6,7,11,11,4,0,4,6,7,8,2,7,0,4,5,2,8,5,7,6,11,8,2,4,0,4,2,2,5,5,10,7,11,9,6,5
3,9,9,9,9,10,0,5,2,4,0,8,8,11,7,5,0,5,0,2,8,10,7,7,11,6,8,3,3,5,6,6,3,3,7,7,9,3,11,10,5,5,10,3,6,4,6,11,8,10,0,9,2,2,2,10,3,7,5,8,7,9,6,6,10,7,10,8,4,7,4,9,8,10,4,3,0,8,6,9,2,3,3,11,3,9,10,7,10,10,11,7,3,3,4,3,4,9,9,11,9,0,2,3,0,3,3,9,9,7,0,8,0,7,7,8,0,0,5,2,5,7,8,9,3,8,2,5,6,3,9,6,8,7,0,9,3,5,2,5,3,3,6,6,11,8,0,10,7,6
4,10,10,10,10,11,2,6,3,5,2,9,9,0,8,6,2,6,2,3,9,11,8,8,0,7,9,4,4,6,7,7,4,4,8,8,10,4,0,11,6,6,11,4,7,5,7,0,9,11,2,10,3,3,3,11,4,8,6,9,8,10,7,7,11,8,11,9,5,8,5,10,9,11,5,4,2,9,7,10,3,4,4,0,4,10,11,8,11,11,0,8,4,4,5,4,5,10,10,0,10,2,3,4,2,4,4,10,10,8,2,9,2,8,8,9,2,2,6,3,6,8,9,10,4,9,3,6,7,4,10,7,9,8,2,10,4,6,3,6,4,4,7,7,0,9,2,11,8,7
5,11,11,11,11,0,3,7,4,6,3,10,10,2,9,7,3,7,3,4,10,0,9,9,2,8,10,5,5,7,8,8,5,5,9,9,11,5,2,0,7,7,0,5,8,6,8,2,10,0,3,11,4,4,4,0,5,9,7,10,9,11,8,8,0,9,0,10,6,9,6,11,10,0,6,5,3,10,8,11,4,5,5,2,5,11,0,9,0,0,2,9,5,5,6,5,6,11,11,2,11,3,4,5,3,5,5,11,11,9,3,10,3,9,9,10,3,3,7,4,7,9,10,11,5,10,4,7,8,5,11,8,10,9,3,11,5,7,4,7,5,5,8,8,2,10,3,0,9,8
6,0,0,0,0,2,4,8,5,7,4,11,11,3,10,8,4,8,4,5,11,2,10,10,3,9,11,6,6,8,9,9,6,6,10,10,0,6,3,2,8,8,2,6,9,7,9,3,11,2,4,0,5,5,5,2,6,10,8,11,10,0,9,9,2,10,2,11,7,10,7,0,11,2,7,6,4,11,9,0,5,6,6,3,6,0,2,10,2,2,3,10,6,6,7,6,7,0,0,3,0,4,5,6,4,6,6,0,0,10,4,11,4,10,10,11,4,4,8,5,8,10,11,0,6,11,5,8,9,6,0,9,11,10,4,0,6,8,5,8,6,6,9,9,3,11,4,2,10,9
7,2,2,2,2,3,5,9,6,8,5,0,0,4,11,9,5,9,5,6,0,3,11,11,4,10,0,7,7,9,10,10,7,7,11,11,2,7,4,3,9,9,3,7,10,8,10,4,0,3,5,2,6,6,6,3,7,11,9,0,11,2,10,10,3,11,3,0,8,11,8,2,0,3,8,7,5,0,10,2,6,7,7,4,7,2,3,11,3,3,4,11,7,7,8,7,8,2,2,4,2,5,6,7,5,7,7,2,2,11,5,0,5,11,11,0,5,5,9,6,9,11,0,2,7,0,6,9,10,7,2,10,0,11,5,2,7,9,6,9,7,7,10,10,4,0,5,3,11,10
8,3,3,3,3,4,6,10,7,9,6,2,2,5,0,10,6,10,6,7,2,4,0,0,5,11,2,8,8,10,11,11,8,8,0,0,3,8,5,4,10,10,4,8,11,9,11,5,2,4,6,3,7,7,7,4,8,0,10,2,0,3,11,11,4,0,4,2,9,0,9,3,2,4,9,8,6,2,11,3,7,8,8,5,8,3,4,0,4,4,5,0,8,8,9,8,9,3,3,5,3,6,7,8,6,8,8,3,3,0,6,2,6,0,0,2,6,6,10,7,10,0,2,3,8,2,7,10,11,8,3,11,2,0,6,3,8,10,7,10,8,8,11,11,5,2,6,4,0,11
9,4,4,4,4,5,7,11,8,10,7,3,3,6,2,11,7,11,7,8,3,5,2,2,6,0,3,9,9,11,0,0,9,9,2,2,4,9,6,5,11,11,5,9,0,10,0,6,3,5,7,4,8,8,8,5,9,2,11,3,2,4,0,0,5,2,5,3,10,2,10,4,3,5,10,9,7,3,0,4,8,9,9,6,9,4,5,2,5,5,6,2,9,9,10,9,10,4,4,6,4,7,8,9,7,9,9,4,4,2,7,3,7,2,2,3,7,7,11,8,11,2,3,4,9,3,8,11,0,9,4,0,3,2,7,4,9,11,8,11,9,9,0,0,6,3,7,5,2,0
10,5,5,5,5,6,8,0,9,11,8,4,4,7,3,0,8,0,8,9,4,6,3,3,7,2,4,10,10,0,2,2,10,10,3,3,5,10,7,6,0,0,6,10,2,11,2,7,4,6,8,5,9,9,9,6,10,3,0,4,3,5,2,2,6,3,6,4,11,3,11,5,4,6,11,10,8,4,2,5,9,10,10,7,10,5,6,3,6,6,7,3,10,10,11,10,11,5,5,7,5,8,9,10,8,10,10,5,5,3,8,4,8,3,3,4,8,8,0,9,0,3,4,5,10,4,9,0,2,10,5,2,4,3,8,5,10,0,9,0,10,10,2,2,7,4,8,6,3,2
11,6,6,6,6,7,9,2,10,0,9,5,5,8,4,2,9,2,9,10,5,7,4,4,8,3,5,11,11,2,3,3,11,11,4,4,6,11,8,7,2,2,7,11,3,0,3,8,5,7,9,6,10,10,10,7,11,4,2,5,4,6,3,3,7,4,7,5,0,4,0,6,5,7,0,11,9,5,3,6,10,11,11,8,11,6,7,4,7,7,8,4,11,11,0,11,0,6,6,8,6,9,10,11,9,11,11,6,6,4,9,5,9,4,4,5,9,9,2,10,2,4,5,6,11,5,10,2,3,11,6,3,5,4,9,6,11,2,10,2,11,11,3,3,8,5,9,7,4,3
0,7,7,7,7,8,10,3,11,2,10,6,6,9,5,3,10,3,10,11,6,8,5,5,9,4,6,0,0,3,4,4,0,0,5,5,7,0,9,8,3,3,8,0,4,2,4,9,6,8,10,7,11,11,11,8,0,5,3,6,5,7,4,4,8,5,8,6,2,5,2,7,6,8,2,0,10,6,4,7,11,0,0,9,0,7,8,5,8,8,9,5,0,0,2,0,2,7,7,9,7,10,11,0,10,0,0,7,7,5,10,6,10,5,5,6,10,10,3,11,3,5,6,7,0,6,11,3,4,0,7,4,6,5,10,7,0,3,11,3,0,0,4,4,9,6,10,8,5,4
2,8,8,8,8,9,11,4,0,3,11,7,7,10,6,4,11,4,11,0,7,9,6,6,10,5,7,2,2,4,5,5,2,2,6,6,8,2,10,9,4,4,9,2,5,3,5,10,7,9,11,8,0,0,0,9,2,6,4,7,6,8,5,5,9,6,9,7,3,6,3,8,7,9,3,2,11,7,5,8,0,2,2,10,2,8,9,6,9,9,10,6,2,2,3,2,3,8,8,10,8,11,0,2,11,2,2,8,8,6,11,7,11,6,6,7,11,11,4,0,4,6,7,8,2,7,0,4,5,2,8,5,7,6,11,8,2,4,0,4,2,2,5,5,10,7,11,9,6,5
3,9,9,9,9,10,0,5,2,4,0,8,8,11,7,5,0,5,0,2,8,10,7,7,11,6,8,3,3,5,6,6,3,3,7,7,9,3,11,10,5,5,10,3,6,4,6,11,8,10,0,9,2,2,2,10,3,7,5,8,7,9,6,6,10,7,10,8,4,7,4,9,8,10,4,3,0,8,6,9,2,3,3,11,3,9,10,7,10,10,11,7,3,3,4,3,4,9,9,11,9,0,2,3,0,3,3,9,9,7,0,8,0,7,7,8,0,0,5,2,5,7,8,9,3,8,2,5,6,3,9,6,8,7,0,9,3,5,2,5,3,3,6,6,11,8,0,10,7,6
4,10,10,10,10,11,2,6,3,5,2,9,9,0,8,6,2,6,2,3,9,11,8,8,0,7,9,4,4,6,7,7,4,4,8,8,10,4,0,11,6,6,11,4,7,5,7,0,9,11,2,10,3,3,3,11,4,8,6,9,8,10,7,7,11,8,11,9,5,8,5,10,9,11,5,4,2,9,7,10,3,4,4,0,4,10,11,8,11,11,0,8,4,4,5,4,5,10,10,0,10,2,3,4,2,4,4,10,10,8,2,9,2,8,8,9,2,2,6,3,6,8,9,10,4,9,3,6,7,4,10,7,9,8,2,10,4,6,3,6,4,4,7,7,0,9,2,11,8,7
5,11,11,11,11,0,3,7,4,6,3,10,10,2,9,7,3,7,3,4,10,0,9,9,2,8,10,5,5,7,8,8,5,5,9,9,11,5,2,0,7,7,0,5,8,6,8,2,10,0,3,11,4,4,4,0,5,9,7,10,9,11,8,8,0,9,0,10,6,9,6,11,10,0,6,5,3,10,8,11,4,5,5,2,5,11,0,9,0,0,2,9,5,5,6,5,6,11,11,2,11,3,4,5,3,5,5,11,11,9,3,10,3,9,9,10,3,3,7,4,7,9,10,11,5,10,4,7,8,5,11,8,10,9,3,11,5,7,4,7,5,5,8,8,2,10,3,0,9,8
6,0,0,0,0,2,4,8,5,7,4,11,11,3,10,8,4,8,4,5,11,2,10,10,3,9,11,6,6,8,9,9,6,6,10,10,0,6,3,2,8,8,2,6,9,7,9,3,11,2,4,0,5,5,5,2,6,10,8,11,10,0,9,9,2,10,2,11,7,10,7,0,11,2,7,6,4,11,9,0,5,6,6,3,6,0,2,10,2,2,3,10,6,6,7,6,7,0,0,3,0,4,5,6,4,6,6,0,0,10,4,11,4,10,10,11,4,4,8,5,8,10,11,0,6,11,5,8,9,6,0,9,11,10,4,0,6,8,5,8,6,6,9,9,3,11,4,2,10,9
7,2,2,2,2,3,5,9,6,8,5,0,0,4,11,9,5,9,5,6,0,3,11,11,4,10,0,7,7,9,10,10,7,7,11,11,2,7,4,3,9,9,3,7,10,8,10,4,0,3,5,2,6,6,6,3,7,11,9,0,11,2,10,10,3,11,3,0,8,11,8,2,0,3,8,7,5,0,10,2,6,7,7,4,7,2,3,11,3,3,4,11,7,7,8,7,8,2,2,4,2,5,6,7,5,7,7,2,2,11,5,0,5,11,11,0,5,5,9,6,9,11,0,2,7,0,6,9,10,7,2,10,0,11,5,2,7,9,6,9,7,7,10,10,4,0,5,3,11,10
8,3,3,3,3,4,6,10,7,9,6,2,2,5,0,10,6,10,6,7,2,4,0,0,5,11,2,8,8,10,11,11,8,8,0,0,3,8,5,4,10,10,4,8,11,9,11,5,2,4,6,3,7,7,7,4,8,0,10,2,0,3,11,11,4,0,4,2,9,0,9,3,2,4,9,8,6,2,11,3,7,8,8,5,8,3,4,0,4,4,5,0,8,8,9,8,9,3,3,5,3,6,7,8,6,8,8,3,3,0,6,2,6,0,0,2,6,6,10,7,10,0,2,3,8,2,7,10,11,8,3,11,2,0,6,3,8,10,7,10,8,8,11,11,5,2,6,4,0,11
9,4,4,4,4,5,7,11,8,10,7,3,3,6,2,11,7,11,7,8,3,5,2,2,6,0,3,9,9,11,0,0,9,9,2,2,4,9,6,5,11,11,5,9,0,10,0,6,3,5,7,4,8,8,8,5,9,2,11,3,2,4,0,0,5,2,5,3,10,2,10,4,3,5,10,9,7,3,0,4,8,9,9,6,9,4,5,2,5,5,6,2,9,9,10,9,10,4,4,6,4,7,8,9,7,9,9,4,4,2,7,3,7,2,2,3,7,7,11,8,11,2,3,4,9,3,8,11,0,9,4,0,3,2,7,4,9,11,8,11,9,9,0,0,6,3,7,5,2,0
10,5,5,5,5,6,8,0,9,11,8,4,4,7,3,0,8,0,8,9,4,6,3,3,7,2,4,10,10,0,2,2,10,10,3,3,5,10,7,6,0,0,6,10,2,11,2,7,4,6,8,5,9,9,9,6,10,3,0,4,3,5,2,2,6,3,6,4,11,3,11,5,4,6,11,10,8,4,2,5,9,10,10,7,10,5,6,3,6,6,7,3,10,10,11,10,11,5,5,7,5,8,9,10,8,10,10,5,5,3,8,4,8,3,3,4,8,8,0,9,0,3,4,5,10,4,9,0,2,10,5,2,4,3,8,5,10,0,9,0,10,10,2,2,7,4,8,6,3,2
11,6,6,6,6,7,9,2,10,0,9,5,5,8,4,2,9,2,9,10,5,7,4,4,8,3,5,11,11,2,3,3,11,11,4,4,6,11,8,7,2,2,7,11,3,0,3,8,5,7,9,6,10,10,10,7,11,4,2,5,4,6,3,3,7,4,7,5,0,4,0,6,5,7,0,11,9,5,3,6,10,11,11,8,11,6,7,4,7,7,8,4,11,11,0,11,0,6,6,8,6,9,10,11,9,11,11,6,6,4,9,5,9,4,4,5,9,9,2,10,2,4,5,6,11,5,10,2,3,11,6,3,5,4,9,6,11,2,10,2,11,11,3,3,8,5,9,7,4,3
0,7,7,7,7,8,10,3,11,2,10,6,6,9,5,3,10,3,10,11,6,8,5,5,9,4,6,0,0,3,4,4,0,0,5,5,7,0,9,8,3,3,8,0,4,2,4,9,6,8,10,7,11,11,11,8,0,5,3,6,5,7,4,4,8,5,8,6,2,5,2,7,6,8,2,0,10,6,4,7,11,0,0,9,0,7,8,5,8,8,9,5,0,0,2,0,2,7,7,9,7,10,11,0,10,0,0,7,7,5,10,6,10,5,5,6,10,10,3,11,3,5,6,7,0,6,11,3,4,0,7,4,6,5,10,7,0,3,11,3,0,0,4,4,9,6,10,8,5,4
2,8,8,8,8,9,11,4,0,3,11,7,7,10,6,4,11,4,11,0,7,9,6,6,10,5,7,2,2,4,5,5,2,2,6,6,8,2,10,9,4,4,9,2,5,3,5,10,7,9,11,8,0,0,0,9,2,6,4,7,6,8,5,5,9,6,9,7,3,6,3,8,7,9,3,2,11,7,5,8,0,2,2,10,2,8,9,6,9,9,10,6,2,2,3,2,3,8,8,10,8,11,0,2,11,2,2,8,8,6,11,7,11,6,6,7,11,11,4,0,4,6,7,8,2,7,0,4,5,2,8,5,7,6,11,8,2,4,0,4,2,2,5,5,10,7,11,9,6,5
3,9,9,9,9,10,0,5,2,4,0,8,8,11,7,5,0,5,0,2,8,10,7,7,11,6,8,3,3,5,6,6,3,3,7,7,9,3,11,10,5,5,10,3,6,4,6,11,8,10,0,9,2,2,2,10,3,7,5,8,7,9,6,6,10,7,10,8,4,7,4,9,8,10,4,3,0,8,6,9,2,3,3,11,3,9,10,7,10,10,11,7,3,3,4,3,4,9,9,11,9,0,2,3,0,3,3,9,9,7,0,8,0,7,7,8,0,0,5,2,5,7,8,9,3,8,2,5,6,3,9,6,8,7,0,9,3,5,2,5,3,3,6,6,11,8,0,10,7,6
4,10,10,10,10,11,2,6,3,5,2,9,9,0,8,6,2,6,2,3,9,11,8,8,0,7,9,4,4,6,7,7,4,4,8,8,10,4,0,11,6,6,11,4,7,5,7,0,9,11,2,10,3,3,3,11,4,8,6,9,8,10,7,7,11,8,11,9,5,8,5,10,9,11,5,4,2,9,7,10,3,4,4,0,4,10,11,8,11,11,0,8,4,4,5,4,5,10,10,0,10,2,3,4,2,4,4,10,10,8,2,9,2,8,8,9,2,2,6,3,6,8,9,10,4,9,3,6,7,4,10,7,9,8,2,10,4,6,3,6,4,4,7,7,0,9,2,11,8,7
5,11,11,11,11,0,3,7,4,6,3,10,10,2,9,7,3,7,3,4,10,0,9,9,2,8,10,5,5,7,8,8,5,5,9,9,11,5,2,0,7,7,0,5,8,6,8,2,10,0,3,11,4,4,4,0,5,9,7,10,9,11,8,8,0,9,0,10,6,9,6,11,10,0,6,5,3,10,8,11,4,5,5,2,5,11,0,9,0,0,2,9,5,5,6,5,6,11,11,2,11,3,4,5,3,5,5,11,11,9,3,10,3,9,9,10,3,3,7,4,7,9,10,11,5,10,4,7,8,5,11,8,10,9,3,11,5,7,4,7,5,5,8,8,2,10,3,0,9,8
6,0,0,0,0,2,4,8,5,7,4,11,11,3,10,8,4,8,4,5,11,2,10,10,3,9,11,6,6,8,9,9,6,6,10,10,0,6,3,2,8,8,2,6,9,7,9,3,11,2,4,0,5,5,5,2,6,10,8,11,10,0,9,9,2,10,2,11,7,10,7,0,11,2,7,6,4,11,9,0,5,6,6,3,6,0,2,10,2,2,3,10,6,6,7,6,7,0,0,3,0,4,5,6,4,6,6,0,0,10,4,11,4,10,10,11,4,4,8,5,8,10,11,0,6,11,5,8,9,6,0,9,11,10,4,0,6,8,5,8,6,6,9,9,3,11,4,2,10,9
7,2,2,2,2,3,5,9,6,8,5,0,0,4,11,9,5,9,5,6,0,3,11,11,4,10,0,7,7,9,10,10,7,7,11,11,2,7,4,3,9,9,3,7,10,8,10,4,0,3,5,2,6,6,6,3,7,11,9,0,11,2,10,10,3,11,3,0,8,11,8,2,0,3,8,7,5,0,10,2,6,7,7,4,7,2,3,11,3,3,4,11,7,7,8,7,8,2,2,4,2,5,6,7,5,7,7,2,2,11,5,0,5,11,11,0,5,5,9,6,9,11,0,2,7,0,6,9,10,7,2,10,0,11,5,2,7,9,6,9,7,7,10,10,4,0,5,3,11,10
8,3,3,3,3,4,6,10,7,9,6,2,2,5,0,10,6,10,6,7,2,4,0,0,5,11,2,8,8,10,11,11,8,8,0,0,3,8,5,4,10,10,4,8,11,9,11,5,2,4,6,3,7,7,7,4,8,0,10,2,0,3,11,11,4,0,4,2,9,0,9,3,2,4,9,8,6,2,11,3,7,8,8,5,8,3,4,0,4,4,5,0,8,8,9,8,9,3,3,5,3,6,7,8,6,8,8,3,3,0,6,2,6,0,0,2,6,6,10,7,10,0,2,3,8,2,7,10,11,8,3,11,2,0,6,3,8,10,7,10,8,8,11,11,5,2,6,4,0,11
9,4,4,4,4,5,7,11,8,10,7,3,3,6,2,11,7,11,7,8,3,5,2,2,6,0,3,9,9,11,0,0,9,9,2,2,4,9,6,5,11,11,5,9,0,10,0,6,3,5,7,4,8,8,8,5,9,2,11,3,2,4,0,0,5,2,5,3,10,2,10,4,3,5,10,9,7,3,0,4,8,9,9,6,9,4,5,2,5,5,6,2,9,9,10,9,10,4,4,6,4,7,8,9,7,9,9,4,4,2,7,3,7,2,2,3,7,7,11,8,11,2,3,4,9,3,8,11,0,9,4,0,3,2,7,4,9,11,8,11,9,9,0,0,6,3,7,5,2,0
10,5,5,5,5,6,8,0,9,11,8,4,4,7,3,0,8,0,8,9,4,6,3,3,7,2,4,10,10,0,2,2,10,10,3,3,5,10,7,6,0,0,6,10,2,11,2,7,4,6,8,5,9,9,9,6,10,3,0,4,3,5,2,2,6,3,6,4,11,3,11,5,4,6,11,10,8,4,2,5,9,10,10,7,10,5,6,3,6,6,7,3,10,10,11,10,11,5,5,7,5,8,9,10,8,10,10,5,5,3,8,4,8,3,3,4,8,8,0,9,0,3,4,5,10,4,9,0,2,10,5,2,4,3,8,5,10,0,9,0,10,10,2,2,7,4,8,6,3,2
11,6,6,6,6,7,9,2,10,0,9,5,5,8,4,2,9,2,9,10,5,7,4,4,8,3,5,11,11,2,3,3,11,11,4,4,6,11,8,7,2,2,7,11,3,0,3,8,5,7,9,6,10,10,10,7,11,4,2,5,4,6,3,3,7,4,7,5,0,4,0,6,5,7,0,11,9,5,3,6,10,11,11,8,11,6,7,4,7,7,8,4,11,11,0,11,0,6,6,8,6,9,10,11,9,11,11,6,6,4,9,5,9,4,4,5,9,9,2,10,2,4,5,6,11,5,10,2,3,11,6,3,5,4,9,6,11,2,10,2,11,11,3,3,8,5,9,7,4,3
0,7,7,7,7,8,10,3,11,2,10,6,6,9,5,3,10,3,10,11,6,8,5,5,9,4,6,0,0,3,4,4,0,0,5,5,7,0,9,8,3,3,8,0,4,2,4,9,6,8,10,7,11,11,11,8,0,5,3,6,5,7,4,4,8,5,8,6,2,5,2,7,6,8,2,0,10,6,4,7,11,0,0,9,0,7,8,5,8,8,9,5,0,0,2,0,2,7,7,9,7,10,11,0,10,0,0,7,7,5,10,6,10,5,5,6,10,10,3,11,3,5,6,7,0,6,11,3,4,0,7,4,6,5,10,7,0,3,11,3,0,0,4,4,9,6,10,8,5,4
2,8,8,8,8,9,11,4,0,3,11,7,7,10,6,4,11,4,11,0,7,9,6,6,10,5,7,2,2,4,5,5,2,2,6,6,8,2,10,9,4,4,9,2,5,3,5,10,7,9,11,8,0,0,0,9,2,6,4,7,6,8,5,5,9,6,9,7,3,6,3,8,7,9,3,2,11,7,5,8,0,2,2,10,2,8,9,6,9,9,10,6,2,2,3,2,3,8,8,10,8,11,0,2,11,2,2,8,8,6,11,7,11,6,6,7,11,11,4,0,4,6,7,8,2,7,0,4,5,2,8,5,7,6,11,8,2,4,0,4,2,2,5,5,10,7,11,9,6,5
3,9,9,9,9,10,0,5,2,4,0,8,8,11,7,5,0,5,0,2,8,10,7,7,11,6,8,3,3,5,6,6,3,3,7,7,9,3,11,10,5,5,10,3,6,4,6,11,8,10,0,9,2,2,2,10,3,7,5,8,7,9,6,6,10,7,10,8,4,7,4,9,8,10,4,3,0,8,6,9,2,3,3,11,3,9,10,7,10,10,11,7,3,3,4,3,4,9,9,11,9,0,2,3,0,3,3,9,9,7,0,8,0,7,7,8,0,0,5,2,5,7,8,9,3,8,2,5,6,3,9,6,8,7,0,9,3,5,2,5,3,3,6,6,11,8,0,10,7,6
4,10,10,10,10,11,2,6,3,5,2,9,9,0,8,6,2,6,2,3,9,11,8,8,0,7,9,4,4,6,7,7,4,4,8,8,10,4,0,11,6,6,11,4,7,5,7,0,9,11,2,10,3,3,3,11,4,8,6,9,8,10,7,7,11,8,11,9,5,8,5,10,9,11,5,4,2,9,7,10,3,4,4,0,4,10,11,8,11,11,0,8,4,4,5,4,5,10,10,0,10,2,3,4,2,4,4,10,10,8,2,9,2,8,8,9,2,2,6,3,6,8,9,10,4,9,3,6,7,4,10,7,9,8,2,10,4,6,3,6,4,4,7,7,0,9,2,11,8,7
5,11,11,11,11,0,3,7,4,6,3,10,10,2,9,7,3,7,3,4,10,0,9,9,2,8,10,5,5,7,8,8,5,5,9,9,11,5,2,0,7,7,0,5,8,6,8,2,10,0,3,11,4,4,4,0,5,9,7,10,9,11,8,8,0,9,0,10,6,9,6,11,10,0,6,5,3,10,8,11,4,5,5,2,5,11,0,9,0,0,2,9,5,5,6,5,6,11,11,2,11,3,4,5,3,5,5,11,11,9,3,10,3,9,9,10,3,3,7,4,7,9,10,11,5,10,4,7,8,5,11,8,10,9,3,11,5,7,4,7,5,5,8,8,2,10,3,0,9,8
6,0,0,0,0,2,4,8,5,7,4,11,11,3,10,8,4,8,4,5,11,2,10,10,3,9,11,6,6,8,9,9,6,6,10,10,0,6,3,2,8,8,2,6,9,7,9,3,11,2,4,0,5,5,5,2,6,10,8,11,10,0,9,9,2,10,2,11,7,10,7,0,11,2,7,6,4,11,9,0,5,6,6,3,6,0,2,10,2,2,3,10,6,6,7,6,7,0,0,3,0,4,5,6,4,6,6,0,0,10,4,11,4,10,10,11,4,4,8,5,8,10,11,0,6,11,5,8,9,6,0,9,11,10,4,0,6,8,5,8,6,6,9,9,3,11,4,2,10,9
7,2,2,2,2,3,5,9,6,8,5,0,0,4,11,9,5,9,5,6,0,3,11,11,4,10,0,7,7,9,10,10,7,7,11,11,2,7,4,3,9,9,3,7,10,8,10,4,0,3,5,2,6,6,6,3,7,11,9,0,11,2,10,10,3,11,3,0,8,11,8,2,0,3,8,7,5,0,10,2,6,7,7,4,7,2,3,11,3,3,4,11,7,7,8,7,8,2,2,4,2,5,6,7,5,7,7,2,2,11,5,0,5,11,11,0,5,5,9,6,9,11,0,2,7,0,6,9,10,7,2,10,0,11,5,2,7,9,6,9,7,7,10,10,4,0,5,3,11,10
8,3,3,3,3,4,6,10,7,9,6,2,2,5,0,10,6,10,6,7,2,4,0,0,5,11,2,8,8,10,11,11,8,8,0,0,3,8,5,4,10,10,4,8,11,9,11,5,2,4,6,3,7,7,7,4,8,0,10,2,0,3,11,11,4,0,4,2,9,0,9,3,2,4,9,8,6,2,11,3,7,8,8,5,8,3,4,0,4,4,5,0,8,8,9,8,9,3,3,5,3,6,7,8,6,8,8,3,3,0,6,2,6,0,0,2,6,6,10,7,10,0,2,3,8,2,7,10,11,8,3,11,2,0,6,3,8,10,7,10,8,8,11,11,5,2,6,4,0,11
9,4,4,4,4,5,7,11,8,10,7,3,3,6,2,11,7,11,7,8,3,5,2,2,6,0,3,9,9,11,0,0,9,9,2,2,4,9,6,5,11,11,5,9,0,10,0,6,3,5,7,4,8,8,8,5,9,2,11,3,2,4,0,0,5,2,5,3,10,2,10,4,3,5,10,9,7,3,0,4,8,9,9,6,9,4,5,2,5,5,6,2,9,9,10,9,10,4,4,6,4,7,8,9,7,9,9,4,4,2,7,3,7,2,2,3,7,7,11,8,11,2,3,4,9,3,8,11,0,9,4,0,3,2,7,4,9,11,8,11,9,9,0,0,6,3,7,5,2,0
10,5,5,5,5,6,8,0,9,11,8,4,4,7,3,0,8,0,8,9,4,6,3,3,7,2,4,10,10,0,2,2,10,10,3,3,5,10,7,6,0,0,6,10,2,11,2,7,4,6,8,5,9,9,9,6,10,3,0,4,3,5,2,2,6,3,6,4,11,3,11,5,4,6,11,10,8,4,2,5,9,10,10,7,10,5,6,3,6,6,7,3,10,10,11,10,11,5,5,7,5,8,9,10,8,10,10,5,5,3,8,4,8,3,3,4,8,8,0,9,0,3,4,5,10,4,9,0,2,10,5,2,4,3,8,5,10,0,9,0,10,10,2,2,7,4,8,6,3,2
11,6,6,6,6,7,9,2,10,0,9,5,5,8,4,2,9,2,9,10,5,7,4,4,8,3,5,11,11,2,3,3,11,11,4,4,6,11,8,7,2,2,7,11,3,0,3,8,5,7,9,6,10,10,10,7,11,4,2,5,4,6,3,3,7,4,7,5,0,4,0,6,5,7,0,11,9,5,3,6,10,11,11,8,11,6,7,4,7,7,8,4,11,11,0,11,0,6,6,8,6,9,10,11,9,11,11,6,6,4,9,5,9,4,4,5,9,9,2,10,2,4,5,6,11,5,10,2,3,11,6,3,5,4,9,6,11,2,10,2,11,11,3,3,8,5,9,7,4,3
0,7,7,7,7,8,10,3,11,2,10,6,6,9,5,3,10,3,10,11,6,8,5,5,9,4,6,0,0,3,4,4,0,0,5,5,7,0,9,8,3,3,8,0,4,2,4,9,6,8,10,7,11,11,11,8,0,5,3,6,5,7,4,4,8,5,8,6,2,5,2,7,6,8,2,0,10,6,4,7,11,0,0,9,0,7,8,5,8,8,9,5,0,0,2,0,2,7,7,9,7,10,11,0,10,0,0,7,7,5,10,6,10,5,5,6,10,10,3,11,3,5,6,7,0,6,11,3,4,0,7,4,6,5,10,7,0,3,11,3,0,0,4,4,9,6,10,8,5,4
2,8,8,8,8,9,11,4,0,3,11,7,7,10,6,4,11,4,11,0,7,9,6,6,10,5,7,2,2,4,5,5,2,2,6,6,8,2,10,9,4,4,9,2,5,3,5,10,7,9,11,8,0,0,0,9,2,6,4,7,6,8,5,5,9,6,9,7,3,6,3,8,7,9,3,2,11,7,5,8,0,2,2,10,2,8,9,6,9,9,10,6,2,2,3,2,3,8,8,10,8,11,0,2,11,2,2,8,8,6,11,7,11,6,6,7,11,11,4,0,4,6,7,8,2,7,0,4,5,2,8,5,7,6,11,8,2,4,0,4,2,2,5,5,10,7,11,9,6,5
3,9,9,9,9,10,0,5,2,4,0,8,8,11,7,5,0,5,0,2,8,10,7,7,11,6,8,3,3,5,6,6,3,3,7,7,9,3,11,10,5,5,10,3,6,4,6,11,8,10,0,9,2,2,2,10,3,7,5,8,7,9,6,6,10,7,10,8,4,7,4,9,8,10,4,3,0,8,6,9,2,3,3,11,3,9,10,7,10,10,11,7,3,3,4,3,4,9,9,11,9,0,2,3,0,3,3,9,9,7,0,8,0,7,7,8,0,0,5,2,5,7,8,9,3,8,2,5,6,3,9,6,8,7,0,9,3,5,2,5,3,3,6,6,11,8,0,10,7,6
4,10,10,10,10,11,2,6,3,5,2,9,9,0,8,6,2,6,2,3,9,11,8,8,0,7,9,4,4,6,7,7,4,4,8,8,10,4,0,11,6,6,11,4,7,5,7,0,9,11,2,10,3,3,3,11,4,8,6,9,8,10,7,7,11,8,11,9,5,8,5,10,9,11,5,4,2,9,7,10,3,4,4,0,4,10,11,8,11,11,0,8,4,4,5,4,5,10,10,0,10,2,3,4,2,4,4,10,10,8,2,9,2,8,8,9,2,2,6,3,6,8,9,10,4,9,3,6,7,4,10,7,9,8,2,10,4,6,3,6,4,4,7,7,0,9,2,11,8,7
5,11,11,11,11,0,3,7,4,6,3,10,10,2,9,7,3,7,3,4,10,0,9,9,2,8,10,5,5,7,8,8,5,5,9,9,11,5,2,0,7,7,0,5,8,6,8,2,10,0,3,11,4,4,4,0,5,9,7,10,9,11,8,8,0,9,0,10,6,9,6,11,10,0,6,5,3,10,8,11,4,5,5,2,5,11,0,9,0,0,2,9,5,5,6,5,6,11,11,2,11,3,4,5,3,5,5,11,11,9,3,10,3,9,9,10,3,3,7,4,7,9,10,11,5,10,4,7,8,5,11,8,10,9,3,11,5,7,4,7,5,5,8,8,2,10,3,0,9,8
6,0,0,0,0,2,4,8,5,7,4,11,11,3,10,8,4,8,4,5,11,2,10,10,3,9,11,6,6,8,9,9,6,6,10,10,0,6,3,2,8,8,2,6,9,7,9,3,11,2,4,0,5,5,5,2,6,10,8,11,10,0,9,9,2,10,2,11,7,10,7,0,11,2,7,6,4,11,9,0,5,6,6,3,6,0,2,10,2,2,3,10,6,6,7,6,7,0,0,3,0,4,5,6,4,6,6,0,0,10,4,11,4,10,10,11,4,4,8,5,8,10,11,0,6,11,5,8,9,6,0,9,11,10,4,0,6,8,5,8,6,6,9,9,3,11,4,2,10,9
7,2,2,2,2,3,5,9,6,8,5,0,0,4,11,9,5,9,5,6,0,3,11,11,4,10,0,7,7,9,10,10,7,7,11,11,2,7,4,3,9,9,3,7,10,8,10,4,0,3,5,2,6,6,6,3,7,11,9,0,11,2,10,10,3,11,3,0,8,11,8,2,0,3,8,7,5,0,10,2,6,7,7,4,7,2,3,11,3,3,4,11,7,7,8,7,8,2,2,4,2,5,6,7,5,7,7,2,2,11,5,0,5,11,11,0,5,5,9,6,9,11,0,2,7,0,6,9,10,7,2,10,0,11,5,2,7,9,6,9,7,7,10,10,4,0,5,3,11,10
8,3,3,3,3,4,6,10,7,9,6,2,2,5,0,10,6,10,6,7,2,4,0,0,5,11,2,8,8,10,11,11,8,8,0,0,3,8,5,4,10,10,4,8,11,9,11,5,2,4,6,3,7,7,7,4,8,0,10,2,0,3,11,11,4,0,4,2,9,0,9,3,2,4,9,8,6,2,11,3,7,8,8,5,8,3,4,0,4,4,5,0,8,8,9,8,9,3,3,5,3,6,7,8,6,8,8,3,3,0,6,2,6,0,0,2,6,6,10,7,10,0,2,3,8,2,7,10,11,8,3,11,2,0,6,3,8,10,7,10,8,8,11,11,5,2,6,4,0,11
9,4,4,4,4,5,7,11,8,10,7,3,3,6,2,11,7,11,7,8,3,5,2,2,6,0,3,9,9,11,0,0,9,9,2,2,4,9,6,5,11,11,5,9,0,10,0,6,3,5,7,4,8,8,8,5,9,2,11,3,2,4,0,0,5,2,5,3,10,2,10,4,3,5,10,9,7,3,0,4,8,9,9,6,9,4,5,2,5,5,6,2,9,9,10,9,10,4,4,6,4,7,8,9,7,9,9,4,4,2,7,3,7,2,2,3,7,7,11,8,11,2,3,4,9,3,8,11,0,9,4,0,3,2,7,4,9,11,8,11,9,9,0,0,6,3,7,5,2,0
10,5,5,5,5,6,8,0,9,11,8,4,4,7,3,0,8,0,8,9,4,6,3,3,7,2,4,10,10,0,2,2,10,10,3,3,5,10,7,6,0,0,6,10,2,11,2,7,4,6,8,5,9,9,9,6,10,3,0,4,3,5,2,2,6,3,6,4,11,3,11,5,4,6,11,10,8,4,2,5,9,10,10,7,10,5,6,3,6,6,7,3,10,10,11,10,11,5,5,7,5,8,9,10,8,10,10,5,5,3,8,4,8,3,3,4,8,8,0,9,0,3,4,5,10,4,9,0,2,10,5,2,4,3,8,5,10,0,9,0,10,10,2,2,7,4,8,6,3,2
11,6,6,6,6,7,9,2,10,0,9,5,5,8,4,2,9,2,9,10,5,7,4,4,8,3,5,11,11,2,3,3,11,11,4,4,6,11,8,7,2,2,7,11,3,0,3,8,5,7,9,6,10,10,10,7,11,4,2,5,4,6,3,3,7,4,7,5,0,4,0,6,5,7,0,11,9,5,3,6,10,11,11,8,11,6,7,4,7,7,8,4,11,11,0,11,0,6,6,8,6,9,10,11,9,11,11,6,6,4,9,5,9,4,4,5,9,9,2,10,2,4,5,6,11,5,10,2,3,11,6,3,5,4,9,6,11,2,10,2,11,11,3,3,8,5,9,7,4,3
0,7,7,7,7,8,10,3,11,2,10,6,6,9,5,3,10,3,10,11,6,8,5,5,9,4,6,0,0,3,4,4,0,0,5,5,7,0,9,8,3,3,8,0,4,2,4,9,6,8,10,7,11,11,11,8,0,5,3,6,5,7,4,4,8,5,8,6,2,5,2,7,6,8,2,0,10,6,4,7,11,0,0,9,0,7,8,5,8,8,9,5,0,0,2,0,2,7,7,9,7,10,11,0,10,0,0,7,7,5,10,6,10,5,5,6,10,10,3,11,3,5,6,7,0,6,11,3,4,0,7,4,6,5,10,7,0,3,11,3,0,0,4,4,9,6,10,8,5,4
2,8,8,8,8,9,11,4,0,3,11,7,7,10,6,4,11,4,11,0,7,9,6,6,10,5,7,2,2,4,5,5,2,2,6,6,8,2,10,9,4,4,9,2,5,3,5,10,7,9,11,8,0,0,0,9,2,6,4,7,6,8,5,5,9,6,9,7,3,6,3,8,7,9,3,2,11,7,5,8,0,2,2,10,2,8,9,6,9,9,10,6,2,2,3,2,3,8,8,10,8,11,0,2,11,2,2,8,8,6,11,7,11,6,6,7,11,11,4,0,4,6,7,8,2,7,0,4,5,2,8,5,7,6,11,8,2,4,0,4,2,2,5,5,10,7,11,9,6,5
3,9,9,9,9,10,0,5,2,4,0,8,8,11,7,5,0,5,0,2,8,10,7,7,11,6,8,3,3,5,6,6,3,3,7,7,9,3,11,10,5,5,10,3,6,4,6,11,8,10,0,9,2,2,2,10,3,7,5,8,7,9,6,6,10,7,10,8,4,7,4,9,8,10,4,3,0,8,6,9,2,3,3,11,3,9,10,7,10,10,11,7,3,3,4,3,4,9,9,11,9,0,2,3,0,3,3,9,9,7,0,8,0,7,7,8,0,0,5,2,5,7,8,9,3,8,2,5,6,3,9,6,8,7,0,9,3,5,2,5,3,3,6,6,11,8,0,10,7,6
4,10,10,10,10,11,2,6,3,5,2,9,9,0,8,6,2,6,2,3,9,11,8,8,0,7,9,4,4,6,7,7,4,4,8,8,10,4,0,11,6,6,11,4,7,5,7,0,9,11,2,10,3,3,3,11,4,8,6,9,8,10,7,7,11,8,11,9,5,8,5,10,9,11,5,4,2,9,7,10,3,4,4,0,4,10,11,8,11,11,0,8,4,4,5,4,5,10,10,0,10,2,3,4,2,4,4,10,10,8,2,9,2,8,8,9,2,2,6,3,6,8,9,10,4,9,3,6,7,4,10,7,9,8,2,10,4,6,3,6,4,4,7,7,0,9,2,11,8,7
5,11,11,11,11,0,3,7,4,6,3,10,10,2,9,7,3,7,3,4,10,0,9,9,2,8,10,5,5,7,8,8,5,5,9,9,11,5,2,0,7,7,0,5,8,6,8,2,10,0,3,11,4,4,4,0,5,9,7,10,9,11,8,8,0,9,0,10,6,9,6,11,10,0,6,5,3,10,8,11,4,5,5,2,5,11,0,9,0,0,2,9,5,5,6,5,6,11,11,2,11,3,4,5,3,5,5,11,11,9,3,10,3,9,9,10,3,3,7,4,7,9,10,11,5,10,4,7,8,5,11,8,10,9,3,11,5,7,4,7,5,5,8,8,2,10,3,0,9,8
6,0,0,0,0,2,4,8,5,7,4,11,11,3,10,8,4,8,4,5,11,2,10,10,3,9,11,6,6,8,9,9,6,6,10,10,0,6,3,2,8,8,2,6,9,7,9,3,11,2,4,0,5,5,5,2,6,10,8,11,10,0,9,9,2,10,2,11,7,10,7,0,11,2,7,6,4,11,9,0,5,6,6,3,6,0,2,10,2,2,3,10,6,6,7,6,7,0,0,3,0,4,5,6,4,6,6,0,0,10,4,11,4,10,10,11,4,4,8,5,8,10,11,0,6,11,5,8,9,6,0,9,11,10,4,0,6,8,5,8,6,6,9,9,3,11,4,2,10,9
7,2,2,2,2,3,5,9,6,8,5,0,0,4,11,9,5,9,5,6,0,3,11,11,4,10,0,7,7,9,10,10,7,7,11,11,2,7,4,3,9,9,3,7,10,8,10,4,0,3,5,2,6,6,6,3,7,11,9,0,11,2,10,10,3,11,3,0,8,11,8,2,0,3,8,7,5,0,10,2,6,7,7,4,7,2,3,11,3,3,4,11,7,7,8,7,8,2,2,4,2,5,6,7,5,7,7,2,2,11,5,0,5,11,11,0,5,5,9,6,9,11,0,2,7,0,6,9,10,7,2,10,0,11,5,2,7,9,6,9,7,7,10,10,4,0,5,3,11,10
8,3,3,3,3,4,6,10,7,9,6,2,2,5,0,10,6,10,6,7,2,4,0,0,5,11,2,8,8,10,11,11,8,8,0,0,3,8,5,4,10,10,4,8,11,9,11,5,2,4,6,3,7,7,7,4,8,0,10,2,0,3,11,11,4,0,4,2,9,0,9,3,2,4,9,8,6,2,11,3,7,8,8,5,8,3,4,0,4,4,5,0,8,8,9,8,9,3,3,5,3,6,7,8,6,8,8,3,3,0,6,2,6,0,0,2,6,6,10,7,10,0,2,3,8,2,7,10,11,8,3,11,2,0,6,3,8,10,7,10,8,8,11,11,5,2,6,4,0,11
9,4,4,4,4,5,7,11,8,10,7,3,3,6,2,11,7,11,7,8,3,5,2,2,6,0,3,9,9,11,0,0,9,9,2,2,4,9,6,5,11,11,5,9,0,10,0,6,3,5,7,4,8,8,8,5,9,2,11,3,2,4,0,0,5,2,5,3,10,2,10,4,3,5,10,9,7,3,0,4,8,9,9,6,9,4,5,2,5,5,6,2,9,9,10,9,10,4,4,6,4,7,8,9,7,9,9,4,4,2,7,3,7,2,2,3,7,7,11,8,11,2,3,4,9,3,8,11,0,9,4,0,3,2,7,4,9,11,8,11,9,9,0,0,6,3,7,5,2,0
10,5,5,5,5,6,8,0,9,11,8,4,4,7,3,0,8,0,8,9,4,6,3,3,7,2,4,10,10,0,2,2,10,10,3,3,5,10,7,6,0,0,6,10,2,11,2,7,4,6,8,5,9,9,9,6,10,3,0,4,3,5,2,2,6,3,6,4,11,3,11,5,4,6,11,10,8,4,2,5,9,10,10,7,10,5,6,3,6,6,7,3,10,10,11,10,11,5,5,7,5,8,9,10,8,10,10,5,5,3,8,4,8,3,3,4,8,8,0,9,0,3,4,5,10,4,9,0,2,10,5,2,4,3,8,5,10,0,9,0,10,10,2,2,7,4,8,6,3,2
11,6,6,6,6,7,9,2,10,0,9,5,5,8,4,2,9,2,9,10,5,7,4,4,8,3,5,11,11,2,3,3,11,11,4,4,6,11,8,7,2,2,7,11,3,0,3,8,5,7,9,6,10,10,10,7,11,4,2,5,4,6,3,3,7,4,7,5,0,4,0,6,5,7,0,11,9,5,3,6,10,11,11,8,11,6,7,4,7,7,8,4,11,11,0,11,0,6,6,8,6,9,10,11,9,11,11,6,6,4,9,5,9,4,4,5,9,9,2,10,2,4,5,6,11,5,10,2,3,11,6,3,5,4,9,6,11,2,10,2,11,11,3,3,8,5,9,7,4,3
0,7,7,7,7,8,10,3,11,2,10,6,6,9,5,3,10,3,10,11,6,8,5,5,9,4,6,0,0,3,4,4,0,0,5,5,7,0,9,8,3,3,8,0,4,2,4,9,6,8,10,7,11,11,11,8,0,5,3,6,5,7,4,4,8,5,8,6,2,5,2,7,6,8,2,0,10,6,4,7,11,0,0,9,0,7,8,5,8,8,9,5,0,0,2,0,2,7,7,9,7,10,11,0,10,0,0,7,7,5,10,6,10,5,5,6,10,10,3,11,3,5,6,7,0,6,11,3,4,0,7,4,6,5,10,7,0,3,11,3,0,0,4,4,9,6,10,8,5,4
2,8,8,8,8,9,11,4,0,3,11,7,7,10,6,4,11,4,11,0,7,9,6,6,10,5,7,2,2,4,5,5,2,2,6,6,8,2,10,9,4,4,9,2,5,3,5,10,7,9,11,8,0,0,0,9,2,6,4,7,6,8,5,5,9,6,9,7,3,6,3,8,7,9,3,2,11,7,5,8,0,2,2,10,2,8,9,6,9,9,10,6,2,2,3,2,3,8,8,10,8,11,0,2,11,2,2,8,8,6,11,7,11,6,6,7,11,11,4,0,4,6,7,8,2,7,0,4,5,2,8,5,7,6,11,8,2,4,0,4,2,2,5,5,10,7,11,9,6,5
3,9,9,9,9,10,0,5,2,4,0,8,8,11,7,5,0,5,0,2,8,10,7,7,11,6,8,3,3,5,6,6,3,3,7,7,9,3,11,10,5,5,10,3,6,4,6,11,8,10,0,9,2,2,2,10,3,7,5,8,7,9,6,6,10,7,10,8,4,7,4,9,8,10,4,3,0,8,6,9,2,3,3,11,3,9,10,7,10,10,11,7,3,3,4,3,4,9,9,11,9,0,2,3,0,3,3,9,9,7,0,8,0,7,7,8,0,0,5,2,5,7,8,9,3,8,2,5,6,3,9,6,8,7,0,9,3,5,2,5,3,3,6,6,11,8,0,10,7,6
4,10,10,10,10,11,2,6,3,5,2,9,9,0,8,6,2,6,2,3,9,11,8,8,0,7,9,4,4,6,7,7,4,4,8,8,10,4,0,11,6,6,11,4,7,5,7,0,9,11,2,10,3,3,3,11,4,8,6,9,8,10,7,7,11,8,11,9,5,8,5,10,9,11,5,4,2,9,7,10,3,4,4,0,4,10,11,8,11,11,0,8,4,4,5,4,5,10,10,0,10,2,3,4,2,4,4,10,10,8,2,9,2,8,8,9,2,2,6,3,6,8,9,10,4,9,3,6,7,4,10,7,9,8,2,10,4,6,3,6,4,4,7,7,0,9,2,11,8,7
5,11,11,11,11,0,3,7,4,6,3,10,10,2,9,7,3,7,3,4,10,0,9,9,2,8,10,5,5,7,8,8,5,5,9,9,11,5,2,0,7,7,0,5,8,6,8,2,10,0,3,11,4,4,4,0,5,9,7,10,9,11,8,8,0,9,0,10,6,9,6,11,10,0,6,5,3,10,8,11,4,5,5,2,5,11,0,9,0,0,2,9,5,5,6,5,6,11,11,2,11,3,4,5,3,5,5,11,11,9,3,10,3,9,9,10,3,3,7,4,7,9,10,11,5,10,4,7,8,5,11,8,10,9,3,11,5,7,4,7,5,5,8,8,2,10,3,0,9,8
6,0,0,0,0,2,4,8,5,7,4,11,11,3,10,8,4,8,4,5,11,2,10,10,3,9,11,6,6,8,9,9,6,6,10,10,0,6,3,2,8,8,2,6,9,7,9,3,11,2,4,0,5,5,5,2,6,10,8,11,10,0,9,9,2,10,2,11,7,10,7,0,11,2,7,6,4,11,9,0,5,6,6,3,6,0,2,10,2,2,3,10,6,6,7,6,7,0,0,3,0,4,5,6,4,6,6,0,0,10,4,11,4,10,10,11,4,4,8,5,8,10,11,0,6,11,5,8,9,6,0,9,11,10,4,0,6,8,5,8,6,6,9,9,3,11,4,2,10,9
7,2,2,2,2,3,5,9,6,8,5,0,0,4,11,9,5,9,5,6,0,3,11,11,4,10,0,7,7,9,10,10,7,7,11,11,2,7,4,3,9,9,3,7,10,8,10,4,0,3,5,2,6,6,6,3,7,11,9,0,11,2,10,10,3,11,3,0,8,11,8,2,0,3,8,7,5,0,10,2,6,7,7,4,7,2,3,11,3,3,4,11,7,7,8,7,8,2,2,4,2,5,6,7,5,7,7,2,2,11,5,0,5,11,11,0,5,5,9,6,9,11,0,2,7,0,6,9,10,7,2,10,0,11,5,2,7,9,6,9,7,7,10,10,4,0,5,3,11,10
8,3,3,3,3,4,6,10,7,9,6,2,2,5,0,10,6,10,6,7,2,4,0,0,5,11,2,8,8,10,11,11,8,8,0,0,3,8,5,4,10,10,4,8,11,9,11,5,2,4,6,3,7,7,7,4,8,0,10,2,0,3,11,11,4,0,4,2,9,0,9,3,2,4,9,8,6,2,11,3,7,8,8,5,8,3,4,0,4,4,5,0,8,8,9,8,9,3,3,5,3,6,7,8,6,8,8,3,3,0,6,2,6,0,0,2,6,6,10,7,10,0,2,3,8,2,7,10,11,8,3,11,2,0,6,3,8,10,7,10,8,8,11,11,5,2,6,4,0,11
9,4,4,4,4,5,7,11,8,10,7,3,3,6,2,11,7,11,7,8,3,5,2,2,6,0,3,9,9,11,0,0,9,9,2,2,4,9,6,5,11,11,5,9,0,10,0,6,3,5,7,4,8,8,8,5,9,2,11,3,2,4,0,0,5,2,5,3,10,2,10,4,3,5,10,9,7,3,0,4,8,9,9,6,9,4,5,2,5,5,6,2,9,9,10,9,10,4,4,6,4,7,8,9,7,9,9,4,4,2,7,3,7,2,2,3,7,7,11,8,11,2,3,4,9,3,8,11,0,9,4,0,3,2,7,4,9,11,8,11,9,9,0,0,6,3,7,5,2,0
10,5,5,5,5,6,8,0,9,11,8,4,4,7,3,0,8,0,8,9,4,6,3,3,7,2,4,10,10,0,2,2,10,10,3,3,5,10,7,6,0,0,6,10,2,11,2,7,4,6,8,5,9,9,9,6,10,3,0,4,3,5,2,2,6,3,6,4,11,3,11,5,4,6,11,10,8,4,2,5,9,10,10,7,10,5,6,3,6,6,7,3,10,10,11,10,11,5,5,7,5,8,9,10,8,10,10,5,5,3,8,4,8,3,3,4,8,8,0,9,0,3,4,5,10,4,9,0,2,10,5,2,4,3,8,5,10,0,9,0,10,10,2,2,7,4,8,6,3,2
11,6,6,6,6,7,9,2,10,0,9,5,5,8,4,2,9,2,9,10,5,7,4,4,8,3,5,11,11,2,3,3,11,11,4,4,6,11,8,7,2,2,7,11,3,0,3,8,5,7,9,6,10,10,10,7,11,4,2,5,4,6,3,3,7,4,7,5,0,4,0,6,5,7,0,11,9,5,3,6,10,11,11,8,11,6,7,4,7,7,8,4,11,11,0,11,0,6,6,8,6,9,10,11,9,11,11,6,6,4,9,5,9,4,4,5,9,9,2,10,2,4,5,6,11,5,10,2,3,11,6,3,5,4,9,6,11,2,10,2,11,11,3,3,8,5,9,7,4,3
0,7,7,7,7,8,10,3,11,2,10,6,6,9,5,3,10,3,10,11,6,8,5,5,9,4,6,0,0,3,4,4,0,0,5,5,7,0,9,8,3,3,8,0,4,2,4,9,6,8,10,7,11,11,11,8,0,5,3,6,5,7,4,4,8,5,8,6,2,5,2,7,6,8,2,0,10,6,4,7,11,0,0,9,0,7,8,5,8,8,9,5,0,0,2,0,2,7,7,9,7,10,11,0,10,0,0,7,7,5,10,6,10,5,5,6,10,10,3,11,3,5,6,7,0,6,11,3,4,0,7,4,6,5,10,7,0,3,11,3,0,0,4,4,9,6,10,8,5,4
2,8,8,8,8,9,11,4,0,3,11,7,7,10,6,4,11,4,11,0,7,9,6,6,10,5,7,2,2,4,5,5,2,2,6,6,8,2,10,9,4,4,9,2,5,3,5,10,7,9,11,8,0,0,0,9,2,6,4,7,6,8,5,5,9,6,9,7,3,6,3,8,7,9,3,2,11,7,5,8,0,2,2,10,2,8,9,6,9,9,10,6,2,2,3,2,3,8,8,10,8,11,0,2,11,2,2,8,8,6,11,7,11,6,6,7,11,11,4,0,4,6,7,8,2,7,0,4,5,2,8,5,7,6,11,8,2,4,0,4,2,2,5,5,10,7,11,9,6,5
3,9,9,9,9,10,0,5,2,4,0,8,8,11,7,5,0,5,0,2,8,10,7,7,11,6,8,3,3,5,6,6,3,3,7,7,9,3,11,10,5,5,10,3,6,4,6,11,8,10,0,9,2,2,2,10,3,7,5,8,7,9,6,6,10,7,10,8,4,7,4,9,8,10,4,3,0,8,6,9,2,3,3,11,3,9,10,7,10,10,11,7,3,3,4,3,4,9,9,11,9,0,2,3,0,3,3,9,9,7,0,8,0,7,7,8,0,0,5,2,5,7,8,9,3,8,2,5,6,3,9,6,8,7,0,9,3,5,2,5,3,3,6,6,11,8,0,10,7,6
4,10,10,10,10,11,2,6,3,5,2,9,9,0,8,6,2,6,2,3,9,11,8,8,0,7,9,4,4,6,7,7,4,4,8,8,10,4,0,11,6,6,11,4,7,5,7,0,9,11,2,10,3,3,3,11,4,8,6,9,8,10,7,7,11,8,11,9,5,8,5,10,9,11,5,4,2,9,7,10,3,4,4,0,4,10,11,8,11,11,0,8,4,4,5,4,5,10,10,0,10,2,3,4,2,4,4,10,10,8,2,9,2,8,8,9,2,2,6,3,6,8,9,10,4,9,3,6,7,4,10,7,9,8,2,10,4,6,3,6,4,4,7,7,0,9,2,11,8,7
5,11,11,11,11,0,3,7,4,6,3,10,10,2,9,7,3,7,3,4,10,0,9,9,2,8,10,5,5,7,8,8,5,5,9,9,11,5,2,0,7,7,0,5,8,6,8,2,10,0,3,11,4,4,4,0,5,9,7,10,9,11,8,8,0,9,0,10,6,9,6,11,10,0,6,5,3,10,8,11,4,5,5,2,5,11,0,9,0,0,2,9,5,5,6,5,6,11,11,2,11,3,4,5,3,5,5,11,11,9,3,10,3,9,9,10,3,3,7,4,7,9,10,11,5,10,4,7,8,5,11,8,10,9,3,11,5,7,4,7,5,5,8,8,2,10,3,0,9,8
6,0,0,0,0,2,4,8,5,7,4,11,11,3,10,8,4,8,4,5,11,2,10,10,3,9,11,6,6,8,9,9,6,6,10,10,0,6,3,2,8,8,2,6,9,7,9,3,11,2,4,0,5,5,5,2,6,10,8,11,10,0,9,9,2,10,2,11,7,10,7,0,11,2,7,6,4,11,9,0,5,6,6,3,6,0,2,10,2,2,3,10,6,6,7,6,7,0,0,3,0,4,5,6,4,6,6,0,0,10,4,11,4,10,10,11,4,4,8,5,8,10,11,0,6,11,5,8,9,6,0,9,11,10,4,0,6,8,5,8,6,6,9,9,3,11,4,2,10,9
7,2,2,2,2,3,5,9,6,8,5,0,0,4,11,9,5,9,5,6,0,3,11,11,4,10,0,7,7,9,10,10,7,7,11,11,2,7,4,3,9,9,3,7,10,8,10,4,0,3,5,2,6,6,6,3,7,11,9,0,11,2,10,10,3,11,3,0,8,11,8,2,0,3,8,7,5,0,10,2,6,7,7,4,7,2,3,11,3,3,4,11,7,7,8,7,8,2,2,4,2,5,6,7,5,7,7,2,2,11,5,0,5,11,11,0,5,5,9,6,9,11,0,2,7,0,6,9,10,7,2,10,0,11,5,2,7,9,6,9,7,7,10,10,4,0,5,3,11,10
8,3,3,3,3,4,6,10,7,9,6,2,2,5,0,10,6,10,6,7,2,4,0,0,5,11,2,8,8,10,11,11,8,8,0,0,3,8,5,4,10,10,4,8,11,9,11,5,2,4,6,3,7,7,7,4,8,0,10,2,0,3,11,11,4,0,4,2,9,0,9,3,2,4,9,8,6,2,11,3,7,8,8,5,8,3,4,0,4,4,5,0,8,8,9,8,9,3,3,5,3,6,7,8,6,8,8,3,3,0,6,2,6,0,0,2,6,6,10,7,10,0,2,3,8,2,7,10,11,8,3,11,2,0,6,3,8,10,7,10,8,8,11,11,5,2,6,4,0,11
9,4,4,4,4,5,7,11,8,10,7,3,3,6,2,11,7,11,7,8,3,5,2,2,6,0,3,9,9,11,0,0,9,9,2,2,4,9,6,5,11,11,5,9,0,10,0,6,3,5,7,4,8,8,8,5,9,2,11,3,2,4,0,0,5,2,5,3,10,2,10,4,3,5,10,9,7,3,0,4,8,9,9,6,9,4,5,2,5,5,6,2,9,9,10,9,10,4,4,6,4,7,8,9,7,9,9,4,4,2,7,3,7,2,2,3,7,7,11,8,11,2,3,4,9,3,8,11,0,9,4,0,3,2,7,4,9,11,8,11,9,9,0,0,6,3,7,5,2,0
10,5,5,5,5,6,8,0,9,11,8,4,4,7,3,0,8,0,8,9,4,6,3,3,7,2,4,10,10,0,2,2,10,10,3,3,5,10,7,6,0,0,6,10,2,11,2,7,4,6,8,5,9,9,9,6,10,3,0,4,3,5,2,2,6,3,6,4,11,3,11,5,4,6,11,10,8,4,2,5,9,10,10,7,10,5,6,3,6,6,7,3,10,10,11,10,11,5,5,7,5,8,9,10,8,10,10,5,5,3,8,4,8,3,3,4,8,8,0,9,0,3,4,5,10,4,9,0,2,10,5,2,4,3,8,5,10,0,9,0,10,10,2,2,7,4,8,6,3,2
11,6,6,6,6,7,9,2,10,0,9,5,5,8,4,2,9,2,9,10,5,7,4,4,8,3,5,11,11,2,3,3,11,11,4,4,6,11,8,7,2,2,7,11,3,0,3,8,5,7,9,6,10,10,10,7,11,4,2,5,4,6,3,3,7,4,7,5,0,4,0,6,5,7,0,11,9,5,3,6,10,11,11,8,11,6,7,4,7,7,8,4,11,11,0,11,0,6,6,8,6,9,10,11,9,11,11,6,6,4,9,5,9,4,4,5,9,9,2,10,2,4,5,6,11,5,10,2,3,11,6,3,5,4,9,6,11,2,10,2,11,11,3,3,8,5,9,7,4,3
0,7,7,7,7,8,10,3,11,2,10,6,6,9,5,3,10,3,10,11,6,8,5,5,9,4,6,0,0,3,4,4,0,0,5,5,7,0,9,8,3,3,8,0,4,2,4,9,6,8,10,7,11,11,11,8,0,5,3,6,5,7,4,4,8,5,8,6,2,5,2,7,6,8,2,0,10,6,4,7,11,0,0,9,0,7,8,5,8,8,9,5,0,0,2,0,2,7,7,9,7,10,11,0,10,0,0,7,7,5,10,6,10,5,5,6,10,10,3,11,3,5,6,7,0,6,11,3,4,0,7,4,6,5,10,7,0,3,11,3,0,0,4,4,9,6,10,8,5,4
2,8,8,8,8,9,11,4,0,3,11,7,7,10,6,4,11,4,11,0,7,9,6,6,10,5,7,2,2,4,5,5,2,2,6,6,8,2,10,9,4,4,9,2,5,3,5,10,7,9,11,8,0,0,0,9,2,6,4,7,6,8,5,5,9,6,9,7,3,6,3,8,7,9,3,2,11,7,5,8,0,2,2,10,2,8,9,6,9,9,10,6,2,2,3,2,3,8,8,10,8,11,0,2,11,2,2,8,8,6,11,7,11,6,6,7,11,11,4,0,4,6,7,8,2,7,0,4,5,2,8,5,7,6,11,8,2,4,0,4,2,2,5,5,10,7,11,9,6,5
3,9,9,9,9,10,0,5,2,4,0,8,8,11,7,5,0,5,0,2,8,10,7,7,11,6,8,3,3,5,6,6,3,3,7,7,9,3,11,10,5,5,10,3,6,4,6,11,8,10,0,9,2,2,2,10,3,7,5,8,7,9,6,6,10,7,10,8,4,7,4,9,8,10,4,3,0,8,6,9,2,3,3,11,3,9,10,7,10,10,11,7,3,3,4,3,4,9,9,11,9,0,2,3,0,3,3,9,9,7,0,8,0,7,7,8,0,0,5,2,5,7,8,9,3,8,2,5,6,3,9,6,8,7,0,9,3,5,2,5,3,3,6,6,11,8,0,10,7,6
4,10,10,10,10,11,2,6,3,5,2,9,9,0,8,6,2,6,2,3,9,11,8,8,0,7,9,4,4,6,7,7,4,4,8,8,10,4,0,11,6,6,11,4,7,5,7,0,9,11,2,10,3,3,3,11,4,8,6,9,8,10,7,7,11,8,11,9,5,8,5,10,9,11,5,4,2,9,7,10,3,4,4,0,4,10,11,8,11,11,0,8,4,4,5,4,5,10,10,0,10,2,3,4,2,4,4,10,10,8,2,9,2,8,8,9,2,2,6,3,6,8,9,10,4,9,3,6,7,4,10,7,9,8,2,10,4,6,3,6,4,4,7,7,0,9,2,11,8,7
5,11,11,11,11,0,3,7,4,6,3,10,10,2,9,7,3,7,3,4,10,0,9,9,2,8,10,5,5,7,8,8,5,5,9,9,11,5,2,0,7,7,0,5,8,6,8,2,10,0,3,11,4,4,4,0,5,9,7,10,9,11,8,8,0,9,0,10,6,9,6,11,10,0,6,5,3,10,8,11,4,5,5,2,5,11,0,9,0,0,2,9,5,5,6,5,6,11,11,2,11,3,4,5,3,5,5,11,11,9,3,10,3,9,9,10,3,3,7,4,7,9,10,11,5,10,4,7,8,5,11,8,10,9,3,11,5,7,4,7,5,5,8,8,2,10,3,0,9,8
6,0,0,0,0,2,4,8,5,7,4,11,11,3,10,8,4,8,4,5,11,2,10,10,3,9,11,6,6,8,9,9,6,6,10,10,0,6,3,2,8,8,2,6,9,7,9,3,11,2,4,0,5,5,5,2,6,10,8,11,10,0,9,9,2,10,2,11,7,10,7,0,11,2,7,6,4,11,9,0,5,6,6,3,6,0,2,10,2,2,3,10,6,6,7,6,7,0,0,3,0,4,5,6,4,6,6,0,0,10,4,11,4,10,10,11,4,4,8,5,8,10,11,0,6,11,5,8,9,6,0,9,11,10,4,0,6,8,5,8,6,6,9,9,3,11,4,2,10,9
7,2,2,2,2,3,5,9,6,8,5,0,0,4,11,9,5,9,5,6,0,3,11,11,4,10,0,7,7,9,10,10,7,7,11,11,2,7,4,3,9,9,3,7,10,8,10,4,0,3,5,2,6,6,6,3,7,11,9,0,11,2,10,10,3,11,3,0,8,11,8,2,0,3,8,7,5,0,10,2,6,7,7,4,7,2,3,11,3,3,4,11,7,7,8,7,8,2,2,4,2,5,6,7,5,7,7,2,2,11,5,0,5,11,11,0,5,5,9,6,9,11,0,2,7,0,6,9,10,7,2,10,0,11,5,2,7,9,6,9,7,7,10,10,4,0,5,3,11,10
8,3,3,3,3,4,6,10,7,9,6,2,2,5,0,10,6,10,6,7,2,4,0,0,5,11,2,8,8,10,11,11,8,8,0,0,3,8,5,4,10,10,4,8,11,9,11,5,2,4,6,3,7,7,7,4,8,0,10,2,0,3,11,11,4,0,4,2,9,0,9,3,2,4,9,8,6,2,11,3,7,8,8,5,8,3,4,0,4,4,5,0,8,8,9,8,9,3,3,5,3,6,7,8,6,8,8,3,3,0,6,2,6,0,0,2,6,6,10,7,10,0,2,3,8,2,7,10,11,8,3,11,2,0,6,3,8,10,7,10,8,8,11,11,5,2,6,4,0,11
9,4,4,4,4,5,7,11,8,10,7,3,3,6,2,11,7,11,7,8,3,5,2,2,6,0,3,9,9,11,0,0,9,9,2,2,4,9,6,5,11,11,5,9,0,10,0,6,3,5,7,4,8,8,8,5,9,2,11,3,2,4,0,0,5,2,5,3,10,2,10,4,3,5,10,9,7,3,0,4,8,9,9,6,9,4,5,2,5,5,6,2,9,9,10,9,10,4,4,6,4,7,8,9,7,9,9,4,4,2,7,3,7,2,2,3,7,7,11,8,11,2,3,4,9,3,8,11,0,9,4,0,3,2,7,4,9,11,8,11,9,9,0,0,6,3,7,5,2,0
10,5,5,5,5,6,8,0,9,11,8,4,4,7,3,0,8,0,8,9,4,6,3,3,7,2,4,10,10,0,2,2,10,10,3,3,5,10,7,6,0,0,6,10,2,11,2,7,4,6,8,5,9,9,9,6,10,3,0,4,3,5,2,2,6,3,6,4,11,3,11,5,4,6,11,10,8,4,2,5,9,10,10,7,10,5,6,3,6,6,7,3,10,10,11,10,11,5,5,7,5,8,9,10,8,10,10,5,5,3,8,4,8,3,3,4,8,8,0,9,0,3,4,5,10,4,9,0,2,10,5,2,4,3,8,5,10,0,9,0,10,10,2,2,7,4,8,6,3,2
11,6,6,6,6,7,9,2,10,0,9,5,5,8,4,2,9,2,9,10,5,7,4,4,8,3,5,11,11,2,3,3,11,11,4,4,6,11,8,7,2,2,7,11,3,0,3,8,5,7,9,6,10,10,10,7,11,4,2,5,4,6,3,3,7,4,7,5,0,4,0,6,5,7,0,11,9,5,3,6,10,11,11,8,11,6,7,4,7,7,8,4,11,11,0,11,0,6,6,8,6,9,10,11,9,11,11,6,6,4,9,5,9,4,4,5,9,9,2,10,2,4,5,6,11,5,10,2,3,11,6,3,5,4,9,6,11,2,10,2,11,11,3,3,8,5,9,7,4,3
0,7,7,7,7,8,10,3,11,2,10,6,6,9,5,3,10,3,10,11,6,8,5,5,9,4,6,0,0,3,4,4,0,0,5,5,7,0,9,8,3,3,8,0,4,2,4,9,6,8,10,7,11,11,11,8,0,5,3,6,5,7,4,4,8,5,8,6,2,5,2,7,6,8,2,0,10,6,4,7,11,0,0,9,0,7,8,5,8,8,9,5,0,0,2,0,2,7,7,9,7,10,11,0,10,0,0,7,7,5,10,6,10,5,5,6,10,10,3,11,3,5,6,7,0,6,11,3,4,0,7,4,6,5,10,7,0,3,11,3,0,0,4,4,9,6,10,8,5,4
2,8,8,8,8,9,11,4,0,3,11,7,7,10,6,4,11,4,11,0,7,9,6,6,10,5,7,2,2,4,5,5,2,2,6,6,8,2,10,9,4,4,9,2,5,3,5,10,7,9,11,8,0,0,0,9,2,6,4,7,6,8,5,5,9,6,9,7,3,6,3,8,7,9,3,2,11,7,5,8,0,2,2,10,2,8,9,6,9,9,10,6,2,2,3,2,3,8,8,10,8,11,0,2,11,2,2,8,8,6,11,7,11,6,6,7,11,11,4,0,4,6,7,8,2,7,0,4,5,2,8,5,7,6,11,8,2,4,0,4,2,2,5,5,10,7,11,9,6,5
3,9,9,9,9,10,0,5,2,4,0,8,8,11,7,5,0,5,0,2,8,10,7,7,11,6,8,3,3,5,6,6,3,3,7,7,9,3,11,10,5,5,10,3,6,4,6,11,8,10,0,9,2,2,2,10,3,7,5,8,7,9,6,6,10,7,10,8,4,7,4,9,8,10,4,3,0,8,6,9,2,3,3,11,3,9,10,7,10,10,11,7,3,3,4,3,4,9,9,11,9,0,2,3,0,3,3,9,9,7,0,8,0,7,7,8,0,0,5,2,5,7,8,9,3,8,2,5,6,3,9,6,8,7,0,9,3,5,2,5,3,3,6,6,11,8,0,10,7,6
4,10,10,10,10,11,2,6,3,5,2,9,9,0,8,6,2,6,2,3,9,11,8,8,0,7,9,4,4,6,7,7,4,4,8,8,10,4,0,11,6,6,11,4,7,5,7,0,9,11,2,10,3,3,3,11,4,8,6,9,8,10,7,7,11,8,11,9,5,8,5,10,9,11,5,4,2,9,7,10,3,4,4,0,4,10,11,8,11,11,0,8,4,4,5,4,5,10,10,0,10,2,3,4,2,4,4,10,10,8,2,9,2,8,8,9,2,2,6,3,6,8,9,10,4,9,3,6,7,4,10,7,9,8,2,10,4,6,3,6,4,4,7,7,0,9,2,11,8,7
5,11,11,11,11,0,3,7,4,6,3,10,10,2,9,7,3,7,3,4,10,0,9,9,2,8,10,5,5,7,8,8,5,5,9,9,11,5,2,0,7,7,0,5,8,6,8,2,10,0,3,11,4,4,4,0,5,9,7,10,9,11,8,8,0,9,0,10,6,9,6,11,10,0,6,5,3,10,8,11,4,5,5,2,5,11,0,9,0,0,2,9,5,5,6,5,6,11,11,2,11,3,4,5,3,5,5,11,11,9,3,10,3,9,9,10,3,3,7,4,7,9,10,11,5,10,4,7,8,5,11,8,10,9,3,11,5,7,4,7,5,5,8,8,2,10,3,0,9,8
6,0,0,0,0,2,4,8,5,7,4,11,11,3,10,8,4,8,4,5,11,2,10,10,3,9,11,6,6,8,9,9,6,6,10,10,0,6,3,2,8,8,2,6,9,7,9,3,11,2,4,0,5,5,5,2,6,10,8,11,10,0,9,9,2,10,2,11,7,10,7,0,11,2,7,6,4,11,9,0,5,6,6,3,6,0,2,10,2,2,3,10,6,6,7,6,7,0,0,3,0,4,5,6,4,6,6,0,0,10,4,11,4,10,10,11,4,4,8,5,8,10,11,0,6,11,5,8,9,6,0,9,11,10,4,0,6,8,5,8,6,6,9,9,3,11,4,2,10,9
7,2,2,2,2,3,5,9,6,8,5,0,0,4,11,9,5,9,5,6,0,3,11,11,4,10,0,7,7,9,10,10,7,7,11,11,2,7,4,3,9,9,3,7,10,8,10,4,0,3,5,2,6,6,6,3,7,11,9,0,11,2,10,10,3,11,3,0,8,11,8,2,0,3,8,7,5,0,10,2,6,7,7,4,7,2,3,11,3,3,4,11,7,7,8,7,8,2,2,4,2,5,6,7,5,7,7,2,2,11,5,0,5,11,11,0,5,5,9,6,9,11,0,2,7,0,6,9,10,7,2,10,0,11,5,2,7,9,6,9,7,7,10,10,4,0,5,3,11,10
8,3,3,3,3,4,6,10,7,9,6,2,2,5,0,10,6,10,6,7,2,4,0,0,5,11,2,8,8,10,11,11,8,8,0,0,3,8,5,4,10,10,4,8,11,9,11,5,2,4,6,3,7,7,7,4,8,0,10,2,0,3,11,11,4,0,4,2,9,0,9,3,2,4,9,8,6,2,11,3,7,8,8,5,8,3,4,0,4,4,5,0,8,8,9,8,9,3,3,5,3,6,7,8,6,8,8,3,3,0,6,2,6,0,0,2,6,6,10,7,10,0,2,3,8,2,7,10,11,8,3,11,2,0,6,3,8,10,7,10,8,8,11,11,5,2,6,4,0,11
9,4,4,4,4,5,7,11,8,10,7,3,3,6,2,11,7,11,7,8,3,5,2,2,6,0,3,9,9,11,0,0,9,9,2,2,4,9,6,5,11,11,5,9,0,10,0,6,3,5,7,4,8,8,8,5,9,2,11,3,2,4,0,0,5,2,5,3,10,2,10,4,3,5,10,9,7,3,0,4,8,9,9,6,9,4,5,2,5,5,6,2,9,9,10,9,10,4,4,6,4,7,8,9,7,9,9,4,4,2,7,3,7,2,2,3,7,7,11,8,11,2,3,4,9,3,8,11,0,9,4,0,3,2,7,4,9,11,8,11,9,9,0,0,6,3,7,5,2,0
10,5,5,5,5,6,8,0,9,11,8,4,4,7,3,0,8,0,8,9,4,6,3,3,7,2,4,10,10,0,2,2,10,10,3,3,5,10,7,6,0,0,6,10,2,11,2,7,4,6,8,5,9,9,9,6,10,3,0,4,3,5,2,2,6,3,6,4,11,3,11,5,4,6,11,10,8,4,2,5,9,10,10,7,10,5,6,3,6,6,7,3,10,10,11,10,11,5,5,7,5,8,9,10,8,10,10,5,5,3,8,4,8,3,3,4,8,8,0,9,0,3,4,5,10,4,9,0,2,10,5,2,4,3,8,5,10,0,9,0,10,10,2,2,7,4,8,6,3,2
11,6,6,6,6,7,9,2,10,0,9,5,5,8,4,2,9,2,9,10,5,7,4,4,8,3,5,11,11,2,3,3,11,11,4,4,6,11,8,7,2,2,7,11,3,0,3,8,5,7,9,6,10,10,10,7,11,4,2,5,4,6,3,3,7,4,7,5,0,4,0,6,5,7,0,11,9,5,3,6,10,11,11,8,11,6,7,4,7,7,8,4,11,11,0,11,0,6,6,8,6,9,10,11,9,11,11,6,6,4,9,5,9,4,4,5,9,9,2,10,2,4,5,6,11,5,10,2,3,11,6,3,5,4,9,6,11,2,10,2,11,11,3,3,8,5,9,7,4,3
0,7,7,7,7,8,10,3,11,2,10,6,6,9,5,3,10,3,10,11,6,8,5,5,9,4,6,0,0,3,4,4,0,0,5,5,7,0,9,8,3,3,8,0,4,2,4,9,6,8,10,7,11,11,11,8,0,5,3,6,5,7,4,4,8,5,8,6,2,5,2,7,6,8,2,0,10,6,4,7,11,0,0,9,0,7,8,5,8,8,9,5,0,0,2,0,2,7,7,9,7,10,11,0,10,0,0,7,7,5,10,6,10,5,5,6,10,10,3,11,3,5,6,7,0,6,11,3,4,0,7,4,6,5,10,7,0,3,11,3,0,0,4,4,9,6,10,8,5,4
2,8,8,8,8,9,11,4,0,3,11,7,7,10,6,4,11,4,11,0,7,9,6,6,10,5,7,2,2,4,5,5,2,2,6,6,8,2,10,9,4,4,9,2,5,3,5,10,7,9,11,8,0,0,0,9,2,6,4,7,6,8,5,5,9,6,9,7,3,6,3,8,7,9,3,2,11,7,5,8,0,2,2,10,2,8,9,6,9,9,10,6,2,2,3,2,3,8,8,10,8,11,0,2,11,2,2,8,8,6,11,7,11,6,6,7,11,11,4,0,4,6,7,8,2,7,0,4,5,2,8,5,7,6,11,8,2,4,0,4,2,2,5,5,10,7,11,9,6,5
3,9,9,9,9,10,0,5,2,4,0,8,8,11,7,5,0,5,0,2,8,10,7,7,11,6,8,3,3,5,6,6,3,3,7,7,9,3,11,10,5,5,10,3,6,4,6,11,8,10,0,9,2,2,2,10,3,7,5,8,7,9,6,6,10,7,10,8,4,7,4,9,8,10,4,3,0,8,6,9,2,3,3,11,3,9,10,7,10,10,11,7,3,3,4,3,4,9,9,11,9,0,2,3,0,3,3,9,9,7,0,8,0,7,7,8,0,0,5,2,5,7,8,9,3,8,2,5,6,3,9,6,8,7,0,9,3,5,2,5,3,3,6,6,11,8,0,10,7,6
4,10,10,10,10,11,2,6,3,5,2,9,9,0,8,6,2,6,2,3,9,11,8,8,0,7,9,4,4,6,7,7,4,4,8,8,10,4,0,11,6,6,11,4,7,5,7,0,9,11,2,10,3,3,3,11,4,8,6,9,8,10,7,7,11,8,11,9,5,8,5,10,9,11,5,4,2,9,7,10,3,4,4,0,4,10,11,8,11,11,0,8,4,4,5,4,5,10,10,0,10,2,3,4,2,4,4,10,10,8,2,9,2,8,8,9,2,2,6,3,6,8,9,10,4,9,3,6,7,4,10,7,9,8,2,10,4,6,3,6,4,4,7,7,0,9,2,11,8,7
5,11,11,11,11,0,3,7,4,6,3,10,10,2,9,7,3,7,3,4,10,0,9,9,2,8,10,5,5,7,8,8,5,5,9,9,11,5,2,0,7,7,0,5,8,6,8,2,10,0,3,11,4,4,4,0,5,9,7,10,9,11,8,8,0,9,0,10,6,9,6,11,10,0,6,5,3,10,8,11,4,5,5,2,5,11,0,9,0,0,2,9,5,5,6,5,6,11,11,2,11,3,4,5,3,5,5,11,11,9,3,10,3,9,9,10,3,3,7,4,7,9,10,11,5,10,4,7,8,5,11,8,10,9,3,11,5,7,4,7,5,5,8,8,2,10,3,0,9,8
6,0,0,0,0,2,4,8,5,7,4,11,11,3,10,8,4,8,4,5,11,2,10,10,3,9,11,6,6,8,9,9,6,6,10,10,0,6,3,2,8,8,2,6,9,7,9,3,11,2,4,0,5,5,5,2,6,10,8,11,10,0,9,9,2,10,2,11,7,10,7,0,11,2,7,6,4,11,9,0,5,6,6,3,6,0,2,10,2,2,3,10,6,6,7,6,7,0,0,3,0,4,5,6,4,6,6,0,0,10,4,11,4,10,10,11,4,4,8,5,8,10,11,0,6,11,5,8,9,6,0,9,11,10,4,0,6,8,5,8,6,6,9,9,3,11,4,2,10,9
7,2,2,2,2,3,5,9,6,8,5,0,0,4,11,9,5,9,5,6,0,3,11,11,4,10,0,7,7,9,10,10,7,7,11,11,2,7,4,3,9,9,3,7,10,8,10,4,0,3,5,2,6,6,6,3,7,11,9,0,11,2,10,10,3,11,3,0,8,11,8,2,0,3,8,7,5,0,10,2,6,7,7,4,7,2,3,11,3,3,4,11,7,7,8,7,8,2,2,4,2,5,6,7,5,7,7,2,2,11,5,0,5,11,11,0,5,5,9,6,9,11,0,2,7,0,6,9,10,7,2,10,0,11,5,2,7,9,6,9,7,7,10,10,4,0,5,3,11,10
8,3,3,3,3,4,6,10,7,9,6,2,2,5,0,10,6,10,6,7,2,4,0,0,5,11,2,8,8,10,11,11,8,8,0,0,3,8,5,4,10,10,4,8,11,9,11,5,2,4,6,3,7,7,7,4,8,0,10,2,0,3,11,11,4,0,4,2,9,0,9,3,2,4,9,8,6,2,11,3,7,8,8,5,8,3,4,0,4,4,5,0,8,8,9,8,9,3,3,5,3,6,7,8,6,8,8,3,3,0,6,2,6,0,0,2,6,6,10,7,10,0,2,3,8,2,7,10,11,8,3,11,2,0,6,3,8,10,7,10,8,8,11,11,5,2,6,4,0,11
9,4,4,4,4,5,7,11,8,10,7,3,3,6,2,11,7,11,7,8,3,5,2,2,6,0,3,9,9,11,0,0,9,9,2,2,4,9,6,5,11,11,5,9,0,10,0,6,3,5,7,4,8,8,8,5,9,2,11,3,2,4,0,0,5,2,5,3,10,2,10,4,3,5,10,9,7,3,0,4,8,9,9,6,9,4,5,2,5,5,6,2,9,9,10,9,10,4,4,6,4,7,8,9,7,9,9,4,4,2,7,3,7,2,2,3,7,7,11,8,11,2,3,4,9,3,8,11,0,9,4,0,3,2,7,4,9,11,8,11,9,9,0,0,6,3,7,5,2,0
10,5,5,5,5,6,8,0,9,11,8,4,4,7,3,0,8,0,8,9,4,6,3,3,7,2,4,10,10,0,2,2,10,10,3,3,5,10,7,6,0,0,6,10,2,11,2,7,4,6,8,5,9,9,9,6,10,3,0,4,3,5,2,2,6,3,6,4,11,3,11,5,4,6,11,10,8,4,2,5,9,10,10,7,10,5,6,3,6,6,7,3,10,10,11,10,11,5,5,7,5,8,9,10,8,10,10,5,5,3,8,4,8,3,3,4,8,8,0,9,0,3,4,5,10,4,9,0,2,10,5,2,4,3,8,5,10,0,9,0,10,10,2,2,7,4,8,6,3,2
11,6,6,6,6,7,9,2,10,0,9,5,5,8,4,2,9,2,9,10,5,7,4,4,8,3,5,11,11,2,3,3,11,11,4,4,6,11,8,7,2,2,7,11,3,0,3,8,5,7,9,6,10,10,10,7,11,4,2,5,4,6,3,3,7,4,7,5,0,4,0,6,5,7,0,11,9,5,3,6,10,11,11,8,11,6,7,4,7,7,8,4,11,11,0,11,0,6,6,8,6,9,10,11,9,11,11,6,6,4,9,5,9,4,4,5,9,9,2,10,2,4,5,6,11,5,10,2,3,11,6,3,5,4,9,6,11,2,10,2,11,11,3,3,8,5,9,7,4,3
0,7,7,7,7,8,10,3,11,2,10,6,6,9,5,3,10,3,10,11,6,8,5,5,9,4,6,0,0,3,4,4,0,0,5,5,7,0,9,8,3,3,8,0,4,2,4,9,6,8,10,7,11,11,11,8,0,5,3,6,5,7,4,4,8,5,8,6,2,5,2,7,6,8,2,0,10,6,4,7,11,0,0,9,0,7,8,5,8,8,9,5,0,0,2,0,2,7,7,9,7,10,11,0,10,0,0,7,7,5,10,6,10,5,5,6,10,10,3,11,3,5,6,7,0,6,11,3,4,0,7,4,6,5,10,7,0,3,11,3,0,0,4,4,9,6,10,8,5,4
2,8,8,8,8,9,11,4,0,3,11,7,7,10,6,4,11,4,11,0,7,9,6,6,10,5,7,2,2,4,5,5,2,2,6,6,8,2,10,9,4,4,9,2,5,3,5,10,7,9,11,8,0,0,0,9,2,6,4,7,6,8,5,5,9,6,9,7,3,6,3,8,7,9,3,2,11,7,5,8,0,2,2,10,2,8,9,6,9,9,10,6,2,2,3,2,3,8,8,10,8,11,0,2,11,2,2,8,8,6,11,7,11,6,6,7,11,11,4,0,4,6,7,8,2,7,0,4,5,2,8,5,7,6,11,8,2,4,0,4,2,2,5,5,10,7,11,9,6,5
3,9,9,9,9,10,0,5,2,4,0,8,8,11,7,5,0,5,0,2,8,10,7,7,11,6,8,3,3,5,6,6,3,3,7,7,9,3,11,10,5,5,10,3,6,4,6,11,8,10,0,9,2,2,2,10,3,7,5,8,7,9,6,6,10,7,10,8,4,7,4,9,8,10,4,3,0,8,6,9,2,3,3,11,3,9,10,7,10,10,11,7,3,3,4,3,4,9,9,11,9,0,2,3,0,3,3,9,9,7,0,8,0,7,7,8,0,0,5,2,5,7,8,9,3,8,2,5,6,3,9,6,8,7,0,9,3,5,2,5,3,3,6,6,11,8,0,10,7,6
4,10,10,10,10,11,2,6,3,5,2,9,9,0,8,6,2,6,2,3,9,11,8,8,0,7,9,4,4,6,7,7,4,4,8,8,10,4,0,11,6,6,11,4,7,5,7,0,9,11,2,10,3,3,3,11,4,8,6,9,8,10,7,7,11,8,11,9,5,8,5,10,9,11,5,4,2,9,7,10,3,4,4,0,4,10,11,8,11,11,0,8,4,4,5,4,5,10,10,0,10,2,3,4,2,4,4,10,10,8,2,9,2,8,8,9,2,2,6,3,6,8,9,10,4,9,3,6,7,4,10,7,9,8,2,10,4,6,3,6,4,4,7,7,0,9,2,11,8,7
5,11,11,11,11,0,3,7,4,6,3,10,10,2,9,7,3,7,3,4,10,0,9,9,2,8,10,5,5,7,8,8,5,5,9,9,11,5,2,0,7,7,0,5,8,6,8,2,10,0,3,11,4,4,4,0,5,9,7,10,9,11,8,8,0,9,0,10,6,9,6,11,10,0,6,5,3,10,8,11,4,5,5,2,5,11,0,9,0,0,2,9,5,5,6,5,6,11,11,2,11,3,4,5,3,5,5,11,11,9,3,10,3,9,9,10,3,3,7,4,7,9,10,11,5,10,4,7,8,5,11,8,10,9,3,11,5,7,4,7,5,5,8,8,2,10,3,0,9,8
6,0,0,0,0,2,4,8,5,7,4,11,11,3,10,8,4,8,4,5,11,2,10,10,3,9,11,6,6,8,9,9,6,6,10,10,0,6,3,2,8,8,2,6,9,7,9,3,11,2,4,0,5,5,5,2,6,10,8,11,10,0,9,9,2,10,2,11,7,10,7,0,11,2,7,6,4,11,9,0,5,6,6,3,6,0,2,10,2,2,3,10,6,6,7,6,7,0,0,3,0,4,5,6,4,6,6,0,0,10,4,11,4,10,10,11,4,4,8,5,8,10,11,0,6,11,5,8,9,6,0,9,11,10,4,0,6,8,5,8,6,6,9,9,3,11,4,2,10,9
7,2,2,2,2,3,5,9,6,8,5,0,0,4,11,9,5,9,5,6,0,3,11,11,4,10,0,7,7,9,10,10,7,7,11,11,2,7,4,3,9,9,3,7,10,8,10,4,0,3,5,2,6,6,6,3,7,11,9,0,11,2,10,10,3,11,3,0,8,11,8,2,0,3,8,7,5,0,10,2,6,7,7,4,7,2,3,11,3,3,4,11,7,7,8,7,8,2,2,4,2,5,6,7,5,7,7,2,2,11,5,0,5,11,11,0,5,5,9,6,9,11,0,2,7,0,6,9,10,7,2,10,0,11,5,2,7,9,6,9,7,7,10,10,4,0,5,3,11,10
8,3,3,3,3,4,6,10,7,9,6,2,2,5,0,10,6,10,6,7,2,4,0,0,5,11,2,8,8,10,11,11,8,8,0,0,3,8,5,4,10,10,4,8,11,9,11,5,2,4,6,3,7,7,7,4,8,0,10,2,0,3,11,11,4,0,4,2,9,0,9,3,2,4,9,8,6,2,11,3,7,8,8,5,8,3,4,0,4,4,5,0,8,8,9,8,9,3,3,5,3,6,7,8,6,8,8,3,3,0,6,2,6,0,0,2,6,6,10,7,10,0,2,3,8,2,7,10,11,8,3,11,2,0,6,3,8,10,7,10,8,8,11,11,5,2,6,4,0,11
9,4,4,4,4,5,7,11,8,10,7,3,3,6,2,11,7,11,7,8,3,5,2,2,6,0,3,9,9,11,0,0,9,9,2,2,4,9,6,5,11,11,5,9,0,10,0,6,3,5,7,4,8,8,8,5,9,2,11,3,2,4,0,0,5,2,5,3,10,2,10,4,3,5,10,9,7,3,0,4,8,9,9,6,9,4,5,2,5,5,6,2,9,9,10,9,10,4,4,6,4,7,8,9,7,9,9,4,4,2,7,3,7,2,2,3,7,7,11,8,11,2,3,4,9,3,8,11,0,9,4,0,3,2,7,4,9,11,8,11,9,9,0,0,6,3,7,5,2,0
10,5,5,5,5,6,8,0,9,11,8,4,4,7,3,0,8,0,8,9,4,6,3,3,7,2,4,10,10,0,2,2,10,10,3,3,5,10,7,6,0,0,6,10,2,11,2,7,4,6,8,5,9,9,9,6,10,3,0,4,3,5,2,2,6,3,6,4,11,3,11,5,4,6,11,10,8,4,2,5,9,10,10,7,10,5,6,3,6,6,7,3,10,10,11,10,11,5,5,7,5,8,9,10,8,10,10,5,5,3,8,4,8,3,3,4,8,8,0,9,0,3,4,5,10,4,9,0,2,10,5,2,4,3,8,5,10,0,9,0,10,10,2,2,7,4,8,6,3,2
11,6,6,6,6,7,9,2,10,0,9,5,5,8,4,2,9,2,9,10,5,7,4,4,8,3,5,11,11,2,3,3,11,11,4,4,6,11,8,7,2,2,7,11,3,0,3,8,5,7,9,6,10,10,10,7,11,4,2,5,4,6,3,3,7,4,7,5,0,4,0,6,5,7,0,11,9,5,3,6,10,11,11,8,11,6,7,4,7,7,8,4,11,11,0,11,0,6,6,8,6,9,10,11,9,11,11,6,6,4,9,5,9,4,4,5,9,9,2,10,2,4,5,6,11,5,10,2,3,11,6,3,5,4,9,6,11,2,10,2,11,11,3,3,8,5,9,7,4,3
0,7,7,7,7,8,10,3,11,2,10,6,6,9,5,3,10,3,10,11,6,8,5,5,9,4,6,0,0,3,4,4,0,0,5,5,7,0,9,8,3,3,8,0,4,2,4,9,6,8,10,7,11,11,11,8,0,5,3,6,5,7,4,4,8,5,8,6,2,5,2,7,6,8,2,0,10,6,4,7,11,0,0,9,0,7,8,5,8,8,9,5,0,0,2,0,2,7,7,9,7,10,11,0,10,0,0,7,7,5,10,6,10,5,5,6,10,10,3,11,3,5,6,7,0,6,11,3,4,0,7,4,6,5,10,7,0,3,11,3,0,0,4,4,9,6,10,8,5,4
2,8,8,8,8,9,11,4,0,3,11,7,7,10,6,4,11,4,11,0,7,9,6,6,10,5,7,2,2,4,5,5,2,2,6,6,8,2,10,9,4,4,9,2,5,3,5,10,7,9,11,8,0,0,0,9,2,6,4,7,6,8,5,5,9,6,9,7,3,6,3,8,7,9,3,2,11,7,5,8,0,2,2,10,2,8,9,6,9,9,10,6,2,2,3,2,3,8,8,10,8,11,0,2,11,2,2,8,8,6,11,7,11,6,6,7,11,11,4,0,4,6,7,8,2,7,0,4,5,2,8,5,7,6,11,8,2,4,0,4,2,2,5,5,10,7,11,9,6,5
3,9,9,9,9,10,0,5,2,4,0,8,8,11,7,5,0,5,0,2,8,10,7,7,11,6,8,3,3,5,6,6,3,3,7,7,9,3,11,10,5,5,10,3,6,4,6,11,8,10,0,9,2,2,2,10,3,7,5,8,7,9,6,6,10,7,10,8,4,7,4,9,8,10,4,3,0,8,6,9,2,3,3,11,3,9,10,7,10,10,11,7,3,3,4,3,4,9,9,11,9,0,2,3,0,3,3,9,9,7,0,8,0,7,7,8,0,0,5,2,5,7,8,9,3,8,2,5,6,3,9,6,8,7,0,9,3,5,2,5,3,3,6,6,11,8,0,10,7,6
4,10,10,10,10,11,2,6,3,5,2,9,9,0,8,6,2,6,2,3,9,11,8,8,0,7,9,4,4,6,7,7,4,4,8,8,10,4,0,11,6,6,11,4,7,5,7,0,9,11,2,10,3,3,3,11,4,8,6,9,8,10,7,7,11,8,11,9,5,8,5,10,9,11,5,4,2,9,7,10,3,4,4,0,4,10,11,8,11,11,0,8,4,4,5,4,5,10,10,0,10,2,3,4,2,4,4,10,10,8,2,9,2,8,8,9,2,2,6,3,6,8,9,10,4,9,3,6,7,4,10,7,9,8,2,10,4,6,3,6,4,4,7,7,0,9,2,11,8,7
5,11,11,11,11,0,3,7,4,6,3,10,10,2,9,7,3,7,3,4,10,0,9,9,2,8,10,5,5,7,8,8,5,5,9,9,11,5,2,0,7,7,0,5,8,6,8,2,10,0,3,11,4,4,4,0,5,9,7,10,9,11,8,8,0,9,0,10,6,9,6,11,10,0,6,5,3,10,8,11,4,5,5,2,5,11,0,9,0,0,2,9,5,5,6,5,6,11,11,2,11,3,4,5,3,5,5,11,11,9,3,10,3,9,9,10,3,3,7,4,7,9,10,11,5,10,4,7,8,5,11,8,10,9,3,11,5,7,4,7,5,5,8,8,2,10,3,0,9,8
6,0,0,0,0,2,4,8,5,7,4,11,11,3,10,8,4,8,4,5,11,2,10,10,3,9,11,6,6,8,9,9,6,6,10,10,0,6,3,2,8,8,2,6,9,7,9,3,11,2,4,0,5,5,5,2,6,10,8,11,10,0,9,9,2,10,2,11,7,10,7,0,11,2,7,6,4,11,9,0,5,6,6,3,6,0,2,10,2,2,3,10,6,6,7,6,7,0,0,3,0,4,5,6,4,6,6,0,0,10,4,11,4,10,10,11,4,4,8,5,8,10,11,0,6,11,5,8,9,6,0,9,11,10,4,0,6,8,5,8,6,6,9,9,3,11,4,2,10,9
7,2,2,2,2,3,5,9,6,8,5,0,0,4,11,9,5,9,5,6,0,3,11,11,4,10,0,7,7,9,10,10,7,7,11,11,2,7,4,3,9,9,3,7,10,8,10,4,0,3,5,2,6,6,6,3,7,11,9,0,11,2,10,10,3,11,3,0,8,11,8,2,0,3,8,7,5,0,10,2,6,7,7,4,7,2,3,11,3,3,4,11,7,7,8,7,8,2,2,4,2,5,6,7,5,7,7,2,2,11,5,0,5,11,11,0,5,5,9,6,9,11,0,2,7,0,6,9,10,7,2,10,0,11,5,2,7,9,6,9,7,7,10,10,4,0,5,3,11,10
8,3,3,3,3,4,6,10,7,9,6,2,2,5,0,10,6,10,6,7,2,4,0,0,5,11,2,8,8,10,11,11,8,8,0,0,3,8,5,4,10,10,4,8,11,9,11,5,2,4,6,3,7,7,7,4,8,0,10,2,0,3,11,11,4,0,4,2,9,0,9,3,2,4,9,8,6,2,11,3,7,8,8,5,8,3,4,0,4,4,5,0,8,8,9,8,9,3,3,5,3,6,7,8,6,8,8,3,3,0,6,2,6,0,0,2,6,6,10,7,10,0,2,3,8,2,7,10,11,8,3,11,2,0,6,3,8,10,7,10,8,8,11,11,5,2,6,4,0,11
9,4,4,4,4,5,7,11,8,10,7,3,3,6,2,11,7,11,7,8,3,5,2,2,6,0,3,9,9,11,0,0,9,9,2,2,4,9,6,5,11,11,5,9,0,10,0,6,3,5,7,4,8,8,8,5,9,2,11,3,2,4,0,0,5,2,5,3,10,2,10,4,3,5,10,9,7,3,0,4,8,9,9,6,9,4,5,2,5,5,6,2,9,9,10,9,10,4,4,6,4,7,8,9,7,9,9,4,4,2,7,3,7,2,2,3,7,7,11,8,11,2,3,4,9,3,8,11,0,9,4,0,3,2,7,4,9,11,8,11,9,9,0,0,6,3,7,5,2,0
10,5,5,5,5,6,8,0,9,11,8,4,4,7,3,0,8,0,8,9,4,6,3,3,7,2,4,10,10,0,2,2,10,10,3,3,5,10,7,6,0,0,6,10,2,11,2,7,4,6,8,5,9,9,9,6,10,3,0,4,3,5,2,2,6,3,6,4,11,3,11,5,4,6,11,10,8,4,2,5,9,10,10,7,10,5,6,3,6,6,7,3,10,10,11,10,11,5,5,7,5,8,9,10,8,10,10,5,5,3,8,4,8,3,3,4,8,8,0,9,0,3,4,5,10,4,9,0,2,10,5,2,4,3,8,5,10,0,9,0,10,10,2,2,7,4,8,6,3,2
11,6,6,6,6,7,9,2,10,0,9,5,5,8,4,2,9,2,9,10,5,7,4,4,8,3,5,11,11,2,3,3,11,11,4,4,6,11,8,7,2,2,7,11,3,0,3,8,5,7,9,6,10,10,10,7,11,4,2,5,4,6,3,3,7,4,7,5,0,4,0,6,5,7,0,11,9,5,3,6,10,11,11,8,11,6,7,4,7,7,8,4,11,11,0,11,0,6,6,8,6,9,10,11,9,11,11,6,6,4,9,5,9,4,4,5,9,9,2,10,2,4,5,6,11,5,10,2,3,11,6,3,5,4,9,6,11,2,10,2,11,11,3,3,8,5,9,7,4,3
0,7,7,7,7,8,10,3,11,2,10,6,6,9,5,3,10,3,10,11,6,8,5,5,9,4,6,0,0,3,4,4,0,0,5,5,7,0,9,8,3,3,8,0,4,2,4,9,6,8,10,7,11,11,11,8,0,5,3,6,5,7,4,4,8,5,8,6,2,5,2,7,6,8,2,0,10,6,4,7,11,0,0,9,0,7,8,5,8,8,9,5,0,0,2,0,2,7,7,9,7,10,11,0,10,0,0,7,7,5,10,6,10,5,5,6,10,10,3,11,3,5,6,7,0,6,11,3,4,0,7,4,6,5,10,7,0,3,11,3,0,0,4,4,9,6,10,8,5,4
2,8,8,8,8,9,11,4,0,3,11,7,7,10,6,4,11,4,11,0,7,9,6,6,10,5,7,2,2,4,5,5,2,2,6,6,8,2,10,9,4,4,9,2,5,3,5,10,7,9,11,8,0,0,0,9,2,6,4,7,6,8,5,5,9,6,9,7,3,6,3,8,7,9,3,2,11,7,5,8,0,2,2,10,2,8,9,6,9,9,10,6,2,2,3,2,3,8,8,10,8,11,0,2,11,2,2,8,8,6,11,7,11,6,6,7,11,11,4,0,4,6,7,8,2,7,0,4,5,2,8,5,7,6,11,8,2,4,0,4,2,2,5,5,10,7,11,9,6,5
3,9,9,9,9,10,0,5,2,4,0,8,8,11,7,5,0,5,0,2,8,10,7,7,11,6,8,3,3,5,6,6,3,3,7,7,9,3,11,10,5,5,10,3,6,4,6,11,8,10,0,9,2,2,2,10,3,7,5,8,7,9,6,6,10,7,10,8,4,7,4,9,8,10,4,3,0,8,6,9,2,3,3,11,3,9,10,7,10,10,11,7,3,3,4,3,4,9,9,11,9,0,2,3,0,3,3,9,9,7,0,8,0,7,7,8,0,0,5,2,5,7,8,9,3,8,2,5,6,3,9,6,8,7,0,9,3,5,2,5,3,3,6,6,11,8,0,10,7,6
4,10,10,10,10,11,2,6,3,5,2,9,9,0,8,6,2,6,2,3,9,11,8,8,0,7,9,4,4,6,7,7,4,4,8,8,10,4,0,11,6,6,11,4,7,5,7,0,9,11,2,10,3,3,3,11,4,8,6,9,8,10,7,7,11,8,11,9,5,8,5,10,9,11,5,4,2,9,7,10,3,4,4,0,4,10,11,8,11,11,0,8,4,4,5,4,5,10,10,0,10,2,3,4,2,4,4,10,10,8,2,9,2,8,8,9,2,2,6,3,6,8,9,10,4,9,3,6,7,4,10,7,9,8,2,10,4,6,3,6,4,4,7,7,0,9,2,11,8,7
5,11,11,11,11,0,3,7,4,6,3,10,10,2,9,7,3,7,3,4,10,0,9,9,2,8,10,5,5,7,8,8,5,5,9,9,11,5,2,0,7,7,0,5,8,6,8,2,10,0,3,11,4,4,4,0,5,9,7,10,9,11,8,8,0,9,0,10,6,9,6,11,10,0,6,5,3,10,8,11,4,5,5,2,5,11,0,9,0,0,2,9,5,5,6,5,6,11,11,2,11,3,4,5,3,5,5,11,11,9,3,10,3,9,9,10,3,3,7,4,7,9,10,11,5,10,4,7,8,5,11,8,10,9,3,11,5,7,4,7,5,5,8,8,2,10,3,0,9,8
6,0,0,0,0,2,4,8,5,7,4,11,11,3,10,8,4,8,4,5,11,2,10,10,3,9,11,6,6,8,9,9,6,6,10,10,0,6,3,2,8,8,2,6,9,7,9,3,11,2,4,0,5,5,5,2,6,10,8,11,10,0,9,9,2,10,2,11,7,10,7,0,11,2,7,6,4,11,9,0,5,6,6,3,6,0,2,10,2,2,3,10,6,6,7,6,7,0,0,3,0,4,5,6,4,6,6,0,0,10,4,11,4,10,10,11,4,4,8,5,8,10,11,0,6,11,5,8,9,6,0,9,11,10,4,0,6,8,5,8,6,6,9,9,3,11,4,2,10,9
7,2,2,2,2,3,5,9,6,8,5,0,0,4,11,9,5,9,5,6,0,3,11,11,4,10,0,7,7,9,10,10,7,7,11,11,2,7,4,3,9,9,3,7,10,8,10,4,0,3,5,2,6,6,6,3,7,11,9,0,11,2,10,10,3,11,3,0,8,11,8,2,0,3,8,7,5,0,10,2,6,7,7,4,7,2,3,11,3,3,4,11,7,7,8,7,8,2,2,4,2,5,6,7,5,7,7,2,2,11,5,0,5,11,11,0,5,5,9,6,9,11,0,2,7,0,6,9,10,7,2,10,0,11,5,2,7,9,6,9,7,7,10,10,4,0,5,3,11,10
8,3,3,3,3,4,6,10,7,9,6,2,2,5,0,10,6,10,6,7,2,4,0,0,5,11,2,8,8,10,11,11,8,8,0,0,3,8,5,4,10,10,4,8,11,9,11,5,2,4,6,3,7,7,7,4,8,0,10,2,0,3,11,11,4,0,4,2,9,0,9,3,2,4,9,8,6,2,11,3,7,8,8,5,8,3,4,0,4,4,5,0,8,8,9,8,9,3,3,5,3,6,7,8,6,8,8,3,3,0,6,2,6,0,0,2,6,6,10,7,10,0,2,3,8,2,7,10,11,8,3,11,2,0,6,3,8,10,7,10,8,8,11,11,5,2,6,4,0,11
9,4,4,4,4,5,7,11,8,10,7,3,3,6,2,11,7,11,7,8,3,5,2,2,6,0,3,9,9,11,0,0,9,9,2,2,4,9,6,5,11,11,5,9,0,10,0,6,3,5,7,4,8,8,8,5,9,2,11,3,2,4,0,0,5,2,5,3,10,2,10,4,3,5,10,9,7,3,0,4,8,9,9,6,9,4,5,2,5,5,6,2,9,9,10,9,10,4,4,6,4,7,8,9,7,9,9,4,4,2,7,3,7,2,2,3,7,7,11,8,11,2,3,4,9,3,8,11,0,9,4,0,3,2,7,4,9,11,8,11,9,9,0,0,6,3,7,5,2,0
10,5,5,5,5,6,8,0,9,11,8,4,4,7,3,0,8,0,8,9,4,6,3,3,7,2,4,10,10,0,2,2,10,10,3,3,5,10,7,6,0,0,6,10,2,11,2,7,4,6,8,5,9,9,9,6,10,3,0,4,3,5,2,2,6,3,6,4,11,3,11,5,4,6,11,10,8,4,2,5,9,10,10,7,10,5,6,3,6,6,7,3,10,10,11,10,11,5,5,7,5,8,9,10,8,10,10,5,5,3,8,4,8,3,3,4,8,8,0,9,0,3,4,5,10,4,9,0,2,10,5,2,4,3,8,5,10,0,9,0,10,10,2,2,7,4,8,6,3,2
11,6,6,6,6,7,9,2,10,0,9,5,5,8,4,2,9,2,9,10,5,7,4,4,8,3,5,11,11,2,3,3,11,11,4,4,6,11,8,7,2,2,7,11,3,0,3,8,5,7,9,6,10,10,10,7,11,4,2,5,4,6,3,3,7,4,7,5,0,4,0,6,5,7,0,11,9,5,3,6,10,11,11,8,11,6,7,4,7,7,8,4,11,11,0,11,0,6,6,8,6,9,10,11,9,11,11,6,6,4,9,5,9,4,4,5,9,9,2,10,2,4,5,6,11,5,10,2,3,11,6,3,5,4,9,6,11,2,10,2,11,11,3,3,8,5,9,7,4,3
0,7,7,7,7,8,10,3,11,2,10,6,6,9,5,3,10,3,10,11,6,8,5,5,9,4,6,0,0,3,4,4,0,0,5,5,7,0,9,8,3,3,8,0,4,2,4,9,6,8,10,7,11,11,11,8,0,5,3,6,5,7,4,4,8,5,8,6,2,5,2,7,6,8,2,0,10,6,4,7,11,0,0,9,0,7,8,5,8,8,9,5,0,0,2,0,2,7,7,9,7,10,11,0,10,0,0,7,7,5,10,6,10,5,5,6,10,10,3,11,3,5,6,7,0,6,11,3,4,0,7,4,6,5,10,7,0,3,11,3,0,0,4,4,9,6,10,8,5,4
2,8,8,8,8,9,11,4,0,3,11,7,7,10,6,4,11,4,11,0,7,9,6,6,10,5,7,2,2,4,5,5,2,2,6,6,8,2,10,9,4,4,9,2,5,3,5,10,7,9,11,8,0,0,0,9,2,6,4,7,6,8,5,5,9,6,9,7,3,6,3,8,7,9,3,2,11,7,5,8,0,2,2,10,2,8,9,6,9,9,10,6,2,2,3,2,3,8,8,10,8,11,0,2,11,2,2,8,8,6,11,7,11,6,6,7,11,11,4,0,4,6,7,8,2,7,0,4,5,2,8,5,7,6,11,8,2,4,0,4,2,2,5,5,10,7,11,9,6,5
3,9,9,9,9,10,0,5,2,4,0,8,8,11,7,5,0,5,0,2,8,10,7,7,11,6,8,3,3,5,6,6,3,3,7,7,9,3,11,10,5,5,10,3,6,4,6,11,8,10,0,9,2,2,2,10,3,7,5,8,7,9,6,6,10,7,10,8,4,7,4,9,8,10,4,3,0,8,6,9,2,3,3,11,3,9,10,7,10,10,11,7,3,3,4,3,4,9,9,11,9,0,2,3,0,3,3,9,9,7,0,8,0,7,7,8,0,0,5,2,5,7,8,9,3,8,2,5,6,3,9,6,8,7,0,9,3,5,2,5,3,3,6,6,11,8,0,10,7,6
4,10,10,10,10,11,2,6,3,5,2,9,9,0,8,6,2,6,2,3,9,11,8,8,0,7,9,4,4,6,7,7,4,4,8,8,10,4,0,11,6,6,11,4,7,5,7,0,9,11,2,10,3,3,3,11,4,8,6,9,8,10,7,7,11,8,11,9,5,8,5,10,9,11,5,4,2,9,7,10,3,4,4,0,4,10,11,8,11,11,0,8,4,4,5,4,5,10,10,0,10,2,3,4,2,4,4,10,10,8,2,9,2,8,8,9,2,2,6,3,6,8,9,10,4,9,3,6,7,4,10,7,9,8,2,10,4,6,3,6,4,4,7,7,0,9,2,11,8,7
5,11,11,11,11,0,3,7,4,6,3,10,10,2,9,7,3,7,3,4,10,0,9,9,2,8,10,5,5,7,8,8,5,5,9,9,11,5,2,0,7,7,0,5,8,6,8,2,10,0,3,11,4,4,4,0,5,9,7,10,9,11,8,8,0,9,0,10,6,9,6,11,10,0,6,5,3,10,8,11,4,5,5,2,5,11,0,9,0,0,2,9,5,5,6,5,6,11,11,2,11,3,4,5,3,5,5,11,11,9,3,10,3,9,9,10,3,3,7,4,7,9,10,11,5,10,4,7,8,5,11,8,10,9,3,11,5,7,4,7,5,5,8,8,2,10,3,0,9,8
6,0,0,0,0,2,4,8,5,7,4,11,11,3,10,8,4,8,4,5,11,2,10,10,3,9,11,6,6,8,9,9,6,6,10,10,0,6,3,2,8,8,2,6,9,7,9,3,11,2,4,0,5,5,5,2,6,10,8,11,10,0,9,9,2,10,2,11,7,10,7,0,11,2,7,6,4,11,9,0,5,6,6,3,6,0,2,10,2,2,3,10,6,6,7,6,7,0,0,3,0,4,5,6,4,6,6,0,0,10,4,11,4,10,10,11,4,4,8,5,8,10,11,0,6,11,5,8,9,6,0,9,11,10,4,0,6,8,5,8,6,6,9,9,3,11,4,2,10,9
7,2,2,2,2,3,5,9,6,8,5,0,0,4,11,9,5,9,5,6,0,3,11,11,4,10,0,7,7,9,10,10,7,7,11,11,2,7,4,3,9,9,3,7,10,8,10,4,0,3,5,2,6,6,6,3,7,11,9,0,11,2,10,10,3,11,3,0,8,11,8,2,0,3,8,7,5,0,10,2,6,7,7,4,7,2,3,11,3,3,4,11,7,7,8,7,8,2,2,4,2,5,6,7,5,7,7,2,2,11,5,0,5,11,11,0,5,5,9,6,9,11,0,2,7,0,6,9,10,7,2,10,0,11,5,2,7,9,6,9,7,7,10,10,4,0,5,3,11,10
8,3,3,3,3,4,6,10,7,9,6,2,2,5,0,10,6,10,6,7,2,4,0,0,5,11,2,8,8,10,11,11,8,8,0,0,3,8,5,4,10,10,4,8,11,9,11,5,2,4,6,3,7,7,7,4,8,0,10,2,0,3,11,11,4,0,4,2,9,0,9,3,2,4,9,8,6,2,11,3,7,8,8,5,8,3,4,0,4,4,5,0,8,8,9,8,9,3,3,5,3,6,7,8,6,8,8,3,3,0,6,2,6,0,0,2,6,6,10,7,10,0,2,3,8,2,7,10,11,8,3,11,2,0,6,3,8,10,7,10,8,8,11,11,5,2,6,4,0,11
9,4,4,4,4,5,7,11,8,10,7,3,3,6,2,11,7,11,7,8,3,5,2,2,6,0,3,9,9,11,0,0,9,9,2,2,4,9,6,5,11,11,5,9,0,10,0,6,3,5,7,4,8,8,8,5,9,2,11,3,2,4,0,0,5,2,5,3,10,2,10,4,3,5,10,9,7,3,0,4,8,9,9,6,9,4,5,2,5,5,6,2,9,9,10,9,10,4,4,6,4,7,8,9,7,9,9,4,4,2,7,3,7,2,2,3,7,7,11,8,11,2,3,4,9,3,8,11,0,9,4,0,3,2,7,4,9,11,8,11,9,9,0,0,6,3,7,5,2,0
10,5,5,5,5,6,8,0,9,11,8,4,4,7,3,0,8,0,8,9,4,6,3,3,7,2,4,10,10,0,2,2,10,10,3,3,5,10,7,6,0,0,6,10,2,11,2,7,4,6,8,5,9,9,9,6,10,3,0,4,3,5,2,2,6,3,6,4,11,3,11,5,4,6,11,10,8,4,2,5,9,10,10,7,10,5,6,3,6,6,7,3,10,10,11,10,11,5,5,7,5,8,9,10,8,10,10,5,5,3,8,4,8,3,3,4,8,8,0,9,0,3,4,5,10,4,9,0,2,10,5,2,4,3,8,5,10,0,9,0,10,10,2,2,7,4,8,6,3,2
11,6,6,6,6,7,9,2,10,0,9,5,5,8,4,2,9,2,9,10,5,7,4,4,8,3,5,11,11,2,3,3,11,11,4,4,6,11,8,7,2,2,7,11,3,0,3,8,5,7,9,6,10,10,10,7,11,4,2,5,4,6,3,3,7,4,7,5,0,4,0,6,5,7,0,11,9,5,3,6,10,11,11,8,11,6,7,4,7,7,8,4,11,11,0,11,0,6,6,8,6,9,10,11,9,11,11,6,6,4,9,5,9,4,4,5,9,9,2,10,2,4,5,6,11,5,10,2,3,11,6,3,5,4,9,6,11,2,10,2,11,11,3,3,8,5,9,7,4,3
0,7,7,7,7,8,10,3,11,2,10,6,6,9,5,3,10,3,10,11,6,8,5,5,9,4,6,0,0,3,4,4,0,0,5,5,7,0,9,8,3,3,8,0,4,2,4,9,6,8,10,7,11,11,11,8,0,5,3,6,5,7,4,4,8,5,8,6,2,5,2,7,6,8,2,0,10,6,4,7,11,0,0,9,0,7,8,5,8,8,9,5,0,0,2,0,2,7,7,9,7,10,11,0,10,0,0,7,7,5,10,6,10,5,5,6,10,10,3,11,3,5,6,7,0,6,11,3,4,0,7,4,6,5,10,7,0,3,11,3,0,0,4,4,9,6,10,8,5,4
2,8,8,8,8,9,11,4,0,3,11,7,7,10,6,4,11,4,11,0,7,9,6,6,10,5,7,2,2,4,5,5,2,2,6,6,8,2,10,9,4,4,9,2,5,3,5,10,7,9,11,8,0,0,0,9,2,6,4,7,6,8,5,5,9,6,9,7,3,6,3,8,7,9,3,2,11,7,5,8,0,2,2,10,2,8,9,6,9,9,10,6,2,2,3,2,3,8,8,10,8,11,0,2,11,2,2,8,8,6,11,7,11,6,6,7,11,11,4,0,4,6,7,8,2,7,0,4,5,2,8,5,7,6,11,8,2,4,0,4,2,2,5,5,10,7,11,9,6,5
3,9,9,9,9,10,0,5,2,4,0,8,8,11,7,5,0,5,0,2,8,10,7,7,11,6,8,3,3,5,6,6,3,3,7,7,9,3,11,10,5,5,10,3,6,4,6,11,8,10,0,9,2,2,2,10,3,7,5,8,7,9,6,6,10,7,10,8,4,7,4,9,8,10,4,3,0,8,6,9,2,3,3,11,3,9,10,7,10,10,11,7,3,3,4,3,4,9,9,11,9,0,2,3,0,3,3,9,9,7,0,8,0,7,7,8,0,0,5,2,5,7,8,9,3,8,2,5,6,3,9,6,8,7,0,9,3,5,2,5,3,3,6,6,11,8,0,10,7,6
4,10,10,10,10,11,2,6,3,5,2,9,9,0,8,6,2,6,2,3,9,11,8,8,0,7,9,4,4,6,7,7,4,4,8,8,10,4,0,11,6,6,11,4,7,5,7,0,9,11,2,10,3,3,3,11,4,8,6,9,8,10,7,7,11,8,11,9,5,8,5,10,9,11,5,4,2,9,7,10,3,4,4,0,4,10,11,8,11,11,0,8,4,4,5,4,5,10,10,0,10,2,3,4,2,4,4,10,10,8,2,9,2,8,8,9,2,2,6,3,6,8,9,10,4,9,3,6,7,4,10,7,9,8,2,10,4,6,3,6,4,4,7,7,0,9,2,11,8,7
5,11,11,11,11,0,3,7,4,6,3,10,10,2,9,7,3,7,3,4,10,0,9,9,2,8,10,5,5,7,8,8,5,5,9,9,11,5,2,0,7,7,0,5,8,6,8,2,10,0,3,11,4,4,4,0,5,9,7,10,9,11,8,8,0,9,0,10,6,9,6,11,10,0,6,5,3,10,8,11,4,5,5,2,5,11,0,9,0,0,2,9,5,5,6,5,6,11,11,2,11,3,4,5,3,5,5,11,11,9,3,10,3,9,9,10,3,3,7,4,7,9,10,11,5,10,4,7,8,5,11,8,10,9,3,11,5,7,4,7,5,5,8,8,2,10,3,0,9,8
6,0,0,0,0,2,4,8,5,7,4,11,11,3,10,8,4,8,4,5,11,2,10,10,3,9,11,6,6,8,9,9,6,6,10,10,0,6,3,2,8,8,2,6,9,7,9,3,11,2,4,0,5,5,5,2,6,10,8,11,10,0,9,9,2,10,2,11,7,10,7,0,11,2,7,6,4,11,9,0,5,6,6,3,6,0,2,10,2,2,3,10,6,6,7,6,7,0,0,3,0,4,5,6,4,6,6,0,0,10,4,11,4,10,10,11,4,4,8,5,8,10,11,0,6,11,5,8,9,6,0,9,11,10,4,0,6,8,5,8,6,6,9,9,3,11,4,2,10,9
7,2,2,2,2,3,5,9,6,8,5,0,0,4,11,9,5,9,5,6,0,3,11,11,4,10,0,7,7,9,10,10,7,7,11,11,2,7,4,3,9,9,3,7,10,8,10,4,0,3,5,2,6,6,6,3,7,11,9,0,11,2,10,10,3,11,3,0,8,11,8,2,0,3,8,7,5,0,10,2,6,7,7,4,7,2,3,11,3,3,4,11,7,7,8,7,8,2,2,4,2,5,6,7,5,7,7,2,2,11,5,0,5,11,11,0,5,5,9,6,9,11,0,2,7,0,6,9,10,7,2,10,0,11,5,2,7,9,6,9,7,7,10,10,4,0,5,3,11,10
8,3,3,3,3,4,6,10,7,9,6,2,2,5,0,10,6,10,6,7,2,4,0,0,5,11,2,8,8,10,11,11,8,8,0,0,3,8,5,4,10,10,4,8,11,9,11,5,2,4,6,3,7,7,7,4,8,0,10,2,0,3,11,11,4,0,4,2,9,0,9,3,2,4,9,8,6,2,11,3,7,8,8,5,8,3,4,0,4,4,5,0,8,8,9,8,9,3,3,5,3,6,7,8,6,8,8,3,3,0,6,2,6,0,0,2,6,6,10,7,10,0,2,3,8,2,7,10,11,8,3,11,2,0,6,3,8,10,7,10,8,8,11,11,5,2,6,4,0,11
9,4,4,4,4,5,7,11,8,10,7,3,3,6,2,11,7,11,7,8,3,5,2,2,6,0,3,9,9,11,0,0,9,9,2,2,4,9,6,5,11,11,5,9,0,10,0,6,3,5,7,4,8,8,8,5,9,2,11,3,2,4,0,0,5,2,5,3,10,2,10,4,3,5,10,9,7,3,0,4,8,9,9,6,9,4,5,2,5,5,6,2,9,9,10,9,10,4,4,6,4,7,8,9,7,9,9,4,4,2,7,3,7,2,2,3,7,7,11,8,11,2,3,4,9,3,8,11,0,9,4,0,3,2,7,4,9,11,8,11,9,9,0,0,6,3,7,5,2,0
10,5,5,5,5,6,8,0,9,11,8,4,4,7,3,0,8,0,8,9,4,6,3,3,7,2,4,10,10,0,2,2,10,10,3,3,5,10,7,6,0,0,6,10,2,11,2,7,4,6,8,5,9,9,9,6,10,3,0,4,3,5,2,2,6,3,6,4,11,3,11,5,4,6,11,10,8,4,2,5,9,10,10,7,10,5,6,3,6,6,7,3,10,10,11,10,11,5,5,7,5,8,9,10,8,10,10,5,5,3,8,4,8,3,3,4,8,8,0,9,0,3,4,5,10,4,9,0,2,10,5,2,4,3,8,5,10,0,9,0,10,10,2,2,7,4,8,6,3,2
11,6,6,6,6,7,9,2,10,0,9,5,5,8,4,2,9,2,9,10,5,7,4,4,8,3,5,11,11,2,3,3,11,11,4,4,6,11,8,7,2,2,7,11,3,0,3,8,5,7,9,6,10,10,10,7,11,4,2,5,4,6,3,3,7,4,7,5,0,4,0,6,5,7,0,11,9,5,3,6,10,11,11,8,11,6,7,4,7,7,8,4,11,11,0,11,0,6,6,8,6,9,10,11,9,11,11,6,6,4,9,5,9,4,4,5,9,9,2,10,2,4,5,6,11,5,10,2,3,11,6,3,5,4,9,6,11,2,10,2,11,11,3,3,8,5,9,7,4,3
0,7,7,7,7,8,10,3,11,2,10,6,6,9,5,3,10,3,10,11,6,8,5,5,9,4,6,0,0,3,4,4,0,0,5,5,7,0,9,8,3,3,8,0,4,2,4,9,6,8,10,7,11,11,11,8,0,5,3,6,5,7,4,4,8,5,8,6,2,5,2,7,6,8,2,0,10,6,4,7,11,0,0,9,0,7,8,5,8,8,9,5,0,0,2,0,2,7,7,9,7,10,11,0,10,0,0,7,7,5,10,6,10,5,5,6,10,10,3,11,3,5,6,7,0,6,11,3,4,0,7,4,6,5,10,7,0,3,11,3,0,0,4,4,9,6,10,8,5,4
2,8,8,8,8,9,11,4,0,3,11,7,7,10,6,4,11,4,11,0,7,9,6,6,10,5,7,2,2,4,5,5,2,2,6,6,8,2,10,9,4,4,9,2,5,3,5,10,7,9,11,8,0,0,0,9,2,6,4,7,6,8,5,5,9,6,9,7,3,6,3,8,7,9,3,2,11,7,5,8,0,2,2,10,2,8,9,6,9,9,10,6,2,2,3,2,3,8,8,10,8,11,0,2,11,2,2,8,8,6,11,7,11,6,6,7,11,11,4,0,4,6,7,8,2,7,0,4,5,2,8,5,7,6,11,8,2,4,0,4,2,2,5,5,10,7,11,9,6,5
3,9,9,9,9,10,0,5,2,4,0,8,8,11,7,5,0,5,0,2,8,10,7,7,11,6,8,3,3,5,6,6,3,3,7,7,9,3,11,10,5,5,10,3,6,4,6,11,8,10,0,9,2,2,2,10,3,7,5,8,7,9,6,6,10,7,10,8,4,7,4,9,8,10,4,3,0,8,6,9,2,3,3,11,3,9,10,7,10,10,11,7,3,3,4,3,4,9,9,11,9,0,2,3,0,3,3,9,9,7,0,8,0,7,7,8,0,0,5,2,5,7,8,9,3,8,2,5,6,3,9,6,8,7,0,9,3,5,2,5,3,3,6,6,11,8,0,10,7,6
4,10,10,10,10,11,2,6,3,5,2,9,9,0,8,6,2,6,2,3,9,11,8,8,0,7,9,4,4,6,7,7,4,4,8,8,10,4,0,11,6,6,11,4,7,5,7,0,9,11,2,10,3,3,3,11,4,8,6,9,8,10,7,7,11,8,11,9,5,8,5,10,9,11,5,4,2,9,7,10,3,4,4,0,4,10,11,8,11,11,0,8,4,4,5,4,5,10,10,0,10,2,3,4,2,4,4,10,10,8,2,9,2,8,8,9,2,2,6,3,6,8,9,10,4,9,3,6,7,4,10,7,9,8,2,10,4,6,3,6,4,4,7,7,0,9,2,11,8,7
5,11,11,11,11,0,3,7,4,6,3,10,10,2,9,7,3,7,3,4,10,0,9,9,2,8,10,5,5,7,8,8,5,5,9,9,11,5,2,0,7,7,0,5,8,6,8,2,10,0,3,11,4,4,4,0,5,9,7,10,9,11,8,8,0,9,0,10,6,9,6,11,10,0,6,5,3,10,8,11,4,5,5,2,5,11,0,9,0,0,2,9,5,5,6,5,6,11,11,2,11,3,4,5,3,5,5,11,11,9,3,10,3,9,9,10,3,3,7,4,7,9,10,11,5,10,4,7,8,5,11,8,10,9,3,11,5,7,4,7,5,5,8,8,2,10,3,0,9,8
6,0,0,0,0,2,4,8,5,7,4,11,11,3,10,8,4,8,4,5,11,2,10,10,3,9,11,6,6,8,9,9,6,6,10,10,0,6,3,2,8,8,2,6,9,7,9,3,11,2,4,0,5,5,5,2,6,10,8,11,10,0,9,9,2,10,2,11,7,10,7,0,11,2,7,6,4,11,9,0,5,6,6,3,6,0,2,10,2,2,3,10,6,6,7,6,7,0,0,3,0,4,5,6,4,6,6,0,0,10,4,11,4,10,10,11,4,4,8,5,8,10,11,0,6,11,5,8,9,6,0,9,11,10,4,0,6,8,5,8,6,6,9,9,3,11,4,2,10,9
7,2,2,2,2,3,5,9,6,8,5,0,0,4,11,9,5,9,5,6,0,3,11,11,4,10,0,7,7,9,10,10,7,7,11,11,2,7,4,3,9,9,3,7,10,8,10,4,0,3,5,2,6,6,6,3,7,11,9,0,11,2,10,10,3,11,3,0,8,11,8,2,0,3,8,7,5,0,10,2,6,7,7,4,7,2,3,11,3,3,4,11,7,7,8,7,8,2,2,4,2,5,6,7,5,7,7,2,2,11,5,0,5,11,11,0,5,5,9,6,9,11,0,2,7,0,6,9,10,7,2,10,0,11,5,2,7,9,6,9,7,7,10,10,4,0,5,3,11,10
8,3,3,3,3,4,6,10,7,9,6,2,2,5,0,10,6,10,6,7,2,4,0,0,5,11,2,8,8,10,11,11,8,8,0,0,3,8,5,4,10,10,4,8,11,9,11,5,2,4,6,3,7,7,7,4,8,0,10,2,0,3,11,11,4,0,4,2,9,0,9,3,2,4,9,8,6,2,11,3,7,8,8,5,8,3,4,0,4,4,5,0,8,8,9,8,9,3,3,5,3,6,7,8,6,8,8,3,3,0,6,2,6,0,0,2,6,6,10,7,10,0,2,3,8,2,7,10,11,8,3,11,2,0,6,3,8,10,7,10,8,8,11,11,5,2,6,4,0,11
9,4,4,4,4,5,7,11,8,10,7,3,3,6,2,11,7,11,7,8,3,5,2,2,6,0,3,9,9,11,0,0,9,9,2,2,4,9,6,5,11,11,5,9,0,10,0,6,3,5,7,4,8,8,8,5,9,2,11,3,2,4,0,0,5,2,5,3,10,2,10,4,3,5,10,9,7,3,0,4,8,9,9,6,9,4,5,2,5,5,6,2,9,9,10,9,10,4,4,6,4,7,8,9,7,9,9,4,4,2,7,3,7,2,2,3,7,7,11,8,11,2,3,4,9,3,8,11,0,9,4,0,3,2,7,4,9,11,8,11,9,9,0,0,6,3,7,5,2,0
10,5,5,5,5,6,8,0,9,11,8,4,4,7,3,0,8,0,8,9,4,6,3,3,7,2,4,10,10,0,2,2,10,10,3,3,5,10,7,6,0,0,6,10,2,11,2,7,4,6,8,5,9,9,9,6,10,3,0,4,3,5,2,2,6,3,6,4,11,3,11,5,4,6,11,10,8,4,2,5,9,10,10,7,10,5,6,3,6,6,7,3,10,10,11,10,11,5,5,7,5,8,9,10,8,10,10,5,5,3,8,4,8,3,3,4,8,8,0,9,0,3,4,5,10,4,9,0,2,10,5,2,4,3,8,5,10,0,9,0,10,10,2,2,7,4,8,6,3,2
11,6,6,6,6,7,9,2,10,0,9,5,5,8,4,2,9,2,9,10,5,7,4,4,8,3,5,11,11,2,3,3,11,11,4,4,6,11,8,7,2,2,7,11,3,0,3,8,5,7,9,6,10,10,10,7,11,4,2,5,4,6,3,3,7,4,7,5,0,4,0,6,5,7,0,11,9,5,3,6,10,11,11,8,11,6,7,4,7,7,8,4,11,11,0,11,0,6,6,8,6,9,10,11,9,11,11,6,6,4,9,5,9,4,4,5,9,9,2,10,2,4,5,6,11,5,10,2,3,11,6,3,5,4,9,6,11,2,10,2,11,11,3,3,8,5,9,7,4,3
0,7,7,7,7,8,10,3,11,2,10,6,6,9,5,3,10,3,10,11,6,8,5,5,9,4,6,0,0,3,4,4,0,0,5,5,7,0,9,8,3,3,8,0,4,2,4,9,6,8,10,7,11,11,11,8,0,5,3,6,5,7,4,4,8,5,8,6,2,5,2,7,6,8,2,0,10,6,4,7,11,0,0,9,0,7,8,5,8,8,9,5,0,0,2,0,2,7,7,9,7,10,11,0,10,0,0,7,7,5,10,6,10,5,5,6,10,10,3,11,3,5,6,7,0,6,11,3,4,0,7,4,6,5,10,7,0,3,11,3,0,0,4,4,9,6,10,8,5,4
2,8,8,8,8,9,11,4,0,3,11,7,7,10,6,4,11,4,11,0,7,9,6,6,10,5,7,2,2,4,5,5,2,2,6,6,8,2,10,9,4,4,9,2,5,3,5,10,7,9,11,8,0,0,0,9,2,6,4,7,6,8,5,5,9,6,9,7,3,6,3,8,7,9,3,2,11,7,5,8,0,2,2,10,2,8,9,6,9,9,10,6,2,2,3,2,3,8,8,10,8,11,0,2,11,2,2,8,8,6,11,7,11,6,6,7,11,11,4,0,4,6,7,8,2,7,0,4,5,2,8,5,7,6,11,8,2,4,0,4,2,2,5,5,10,7,11,9,6,5
3,9,9,9,9,10,0,5,2,4,0,8,8,11,7,5,0,5,0,2,8,10,7,7,11,6,8,3,3,5,6,6,3,3,7,7,9,3,11,10,5,5,10,3,6,4,6,11,8,10,0,9,2,2,2,10,3,7,5,8,7,9,6,6,10,7,10,8,4,7,4,9,8,10,4,3,0,8,6,9,2,3,3,11,3,9,10,7,10,10,11,7,3,3,4,3,4,9,9,11,9,0,2,3,0,3,3,9,9,7,0,8,0,7,7,8,0,0,5,2,5,7,8,9,3,8,2,5,6,3,9,6,8,7,0,9,3,5,2,5,3,3,6,6,11,8,0,10,7,6
4,10,10,10,10,11,2,6,3,5,2,9,9,0,8,6,2,6,2,3,9,11,8,8,0,7,9,4,4,6,7,7,4,4,8,8,10,4,0,11,6,6,11,4,7,5,7,0,9,11,2,10,3,3,3,11,4,8,6,9,8,10,7,7,11,8,11,9,5,8,5,10,9,11,5,4,2,9,7,10,3,4,4,0,4,10,11,8,11,11,0,8,4,4,5,4,5,10,10,0,10,2,3,4,2,4,4,10,10,8,2,9,2,8,8,9,2,2,6,3,6,8,9,10,4,9,3,6,7,4,10,7,9,8,2,10,4,6,3,6,4,4,7,7,0,9,2,11,8,7
5,11,11,11,11,0,3,7,4,6,3,10,10,2,9,7,3,7,3,4,10,0,9,9,2,8,10,5,5,7,8,8,5,5,9,9,11,5,2,0,7,7,0,5,8,6,8,2,10,0,3,11,4,4,4,0,5,9,7,10,9,11,8,8,0,9,0,10,6,9,6,11,10,0,6,5,3,10,8,11,4,5,5,2,5,11,0,9,0,0,2,9,5,5,6,5,6,11,11,2,11,3,4,5,3,5,5,11,11,9,3,10,3,9,9,10,3,3,7,4,7,9,10,11,5,10,4,7,8,5,11,8,10,9,3,11,5,7,4,7,5,5,8,8,2,10,3,0,9,8
6,0,0,0,0,2,4,8,5,7,4,11,11,3,10,8,4,8,4,5,11,2,10,10,3,9,11,6,6,8,9,9,6,6,10,10,0,6,3,2,8,8,2,6,9,7,9,3,11,2,4,0,5,5,5,2,6,10,8,11,10,0,9,9,2,10,2,11,7,10,7,0,11,2,7,6,4,11,9,0,5,6,6,3,6,0,2,10,2,2,3,10,6,6,7,6,7,0,0,3,0,4,5,6,4,6,6,0,0,10,4,11,4,10,10,11,4,4,8,5,8,10,11,0,6,11,5,8,9,6,0,9,11,10,4,0,6,8,5,8,6,6,9,9,3,11,4,2,10,9
7,2,2,2,2,3,5,9,6,8,5,0,0,4,11,9,5,9,5,6,0,3,11,11,4,10,0,7,7,9,10,10,7,7,11,11,2,7,4,3,9,9,3,7,10,8,10,4,0,3,5,2,6,6,6,3,7,11,9,0,11,2,10,10,3,11,3,0,8,11,8,2,0,3,8,7,5,0,10,2,6,7,7,4,7,2,3,11,3,3,4,11,7,7,8,7,8,2,2,4,2,5,6,7,5,7,7,2,2,11,5,0,5,11,11,0,5,5,9,6,9,11,0,2,7,0,6,9,10,7,2,10,0,11,5,2,7,9,6,9,7,7,10,10,4,0,5,3,11,10
8,3,3,3,3,4,6,10,7,9,6,2,2,5,0,10,6,10,6,7,2,4,0,0,5,11,2,8,8,10,11,11,8,8,0,0,3,8,5,4,10,10,4,8,11,9,11,5,2,4,6,3,7,7,7,4,8,0,10,2,0,3,11,11,4,0,4,2,9,0,9,3,2,4,9,8,6,2,11,3,7,8,8,5,8,3,4,0,4,4,5,0,8,8,9,8,9,3,3,5,3,6,7,8,6,8,8,3,3,0,6,2,6,0,0,2,6,6,10,7,10,0,2,3,8,2,7,10,11,8,3,11,2,0,6,3,8,10,7,10,8,8,11,11,5,2,6,4,0,11
9,4,4,4,4,5,7,11,8,10,7,3,3,6,2,11,7,11,7,8,3,5,2,2,6,0,3,9,9,11,0,0,9,9,2,2,4,9,6,5,11,11,5,9,0,10,0,6,3,5,7,4,8,8,8,5,9,2,11,3,2,4,0,0,5,2,5,3,10,2,10,4,3,5,10,9,7,3,0,4,8,9,9,6,9,4,5,2,5,5,6,2,9,9,10,9,10,4,4,6,4,7,8,9,7,9,9,4,4,2,7,3,7,2,2,3,7,7,11,8,11,2,3,4,9,3,8,11,0,9,4,0,3,2,7,4,9,11,8,11,9,9,0,0,6,3,7,5,2,0
10,5,5,5,5,6,8,0,9,11,8,4,4,7,3,0,8,0,8,9,4,6,3,3,7,2,4,10,10,0,2,2,10,10,3,3,5,10,7,6,0,0,6,10,2,11,2,7,4,6,8,5,9,9,9,6,10,3,0,4,3,5,2,2,6,3,6,4,11,3,11,5,4,6,11,10,8,4,2,5,9,10,10,7,10,5,6,3,6,6,7,3,10,10,11,10,11,5,5,7,5,8,9,10,8,10,10,5,5,3,8,4,8,3,3,4,8,8,0,9,0,3,4,5,10,4,9,0,2,10,5,2,4,3,8,5,10,0,9,0,10,10,2,2,7,4,8,6,3,2
11,6,6,6,6,7,9,2,10,0,9,5,5,8,4,2,9,2,9,10,5,7,4,4,8,3,5,11,11,2,3,3,11,11,4,4,6,11,8,7,2,2,7,11,3,0,3,8,5,7,9,6,10,10,10,7,11,4,2,5,4,6,3,3,7,4,7,5,0,4,0,6,5,7,0,11,9,5,3,6,10,11,11,8,11,6,7,4,7,7,8,4,11,11,0,11,0,6,6,8,6,9,10,11,9,11,11,6,6,4,9,5,9,4,4,5,9,9,2,10,2,4,5,6,11,5,10,2,3,11,6,3,5,4,9,6,11,2,10,2,11,11,3,3,8,5,9,7,4,3
0,7,7,7,7,8,10,3,11,2,10,6,6,9,5,3,10,3,10,11,6,8,5,5,9,4,6,0,0,3,4,4,0,0,5,5,7,0,9,8,3,3,8,0,4,2,4,9,6,8,10,7,11,11,11,8,0,5,3,6,5,7,4,4,8,5,8,6,2,5,2,7,6,8,2,0,10,6,4,7,11,0,0,9,0,7,8,5,8,8,9,5,0,0,2,0,2,7,7,9,7,10,11,0,10,0,0,7,7,5,10,6,10,5,5,6,10,10,3,11,3,5,6,7,0,6,11,3,4,0,7,4,6,5,10,7,0,3,11,3,0,0,4,4,9,6,10,8,5,4
2,8,8,8,8,9,11,4,0,3,11,7,7,10,6,4,11,4,11,0,7,9,6,6,10,5,7,2,2,4,5,5,2,2,6,6,8,2,10,9,4,4,9,2,5,3,5,10,7,9,11,8,0,0,0,9,2,6,4,7,6,8,5,5,9,6,9,7,3,6,3,8,7,9,3,2,11,7,5,8,0,2,2,10,2,8,9,6,9,9,10,6,2,2,3,2,3,8,8,10,8,11,0,2,11,2,2,8,8,6,11,7,11,6,6,7,11,11,4,0,4,6,7,8,2,7,0,4,5,2,8,5,7,6,11,8,2,4,0,4,2,2,5,5,10,7,11,9,6,5
3,9,9,9,9,10,0,5,2,4,0,8,8,11,7,5,0,5,0,2,8,10,7,7,11,6,8,3,3,5,6,6,3,3,7,7,9,3,11,10,5,5,10,3,6,4,6,11,8,10,0,9,2,2,2,10,3,7,5,8,7,9,6,6,10,7,10,8,4,7,4,9,8,10,4,3,0,8,6,9,2,3,3,11,3,9,10,7,10,10,11,7,3,3,4,3,4,9,9,11,9,0,2,3,0,3,3,9,9,7,0,8,0,7,7,8,0,0,5,2,5,7,8,9,3,8,2,5,6,3,9,6,8,7,0,9,3,5,2,5,3,3,6,6,11,8,0,10,7,6
4,10,10,10,10,11,2,6,3,5,2,9,9,0,8,6,2,6,2,3,9,11,8,8,0,7,9,4,4,6,7,7,4,4,8,8,10,4,0,11,6,6,11,4,7,5,7,0,9,11,2,10,3,3,3,11,4,8,6,9,8,10,7,7,11,8,11,9,5,8,5,10,9,11,5,4,2,9,7,10,3,4,4,0,4,10,11,8,11,11,0,8,4,4,5,4,5,10,10,0,10,2,3,4,2,4,4,10,10,8,2,9,2,8,8,9,2,2,6,3,6,8,9,10,4,9,3,6,7,4,10,7,9,8,2,10,4,6,3,6,4,4,7,7,0,9,2,11,8,7
5,11,11,11,11,0,3,7,4,6,3,10,10,2,9,7,3,7,3,4,10,0,9,9,2,8,10,5,5,7,8,8,5,5,9,9,11,5,2,0,7,7,0,5,8,6,8,2,10,0,3,11,4,4,4,0,5,9,7,10,9,11,8,8,0,9,0,10,6,9,6,11,10,0,6,5,3,10,8,11,4,5,5,2,5,11,0,9,0,0,2,9,5,5,6,5,6,11,11,2,11,3,4,5,3,5,5,11,11,9,3,10,3,9,9,10,3,3,7,4,7,9,10,11,5,10,4,7,8,5,11,8,10,9,3,11,5,7,4,7,5,5,8,8,2,10,3,0,9,8
6,0,0,0,0,2,4,8,5,7,4,11,11,3,10,8,4,8,4,5,11,2,10,10,3,9,11,6,6,8,9,9,6,6,10,10,0,6,3,2,8,8,2,6,9,7,9,3,11,2,4,0,5,5,5,2,6,10,8,11,10,0,9,9,2,10,2,11,7,10,7,0,11,2,7,6,4,11,9,0,5,6,6,3,6,0,2,10,2,2,3,10,6,6,7,6,7,0,0,3,0,4,5,6,4,6,6,0,0,10,4,11,4,10,10,11,4,4,8,5,8,10,11,0,6,11,5,8,9,6,0,9,11,10,4,0,6,8,5,8,6,6,9,9,3,11,4,2,10,9
7,2,2,2,2,3,5,9,6,8,5,0,0,4,11,9,5,9,5,6,0,3,11,11,4,10,0,7,7,9,10,10,7,7,11,11,2,7,4,3,9,9,3,7,10,8,10,4,0,3,5,2,6,6,6,3,7,11,9,0,11,2,10,10,3,11,3,0,8,11,8,2,0,3,8,7,5,0,10,2,6,7,7,4,7,2,3,11,3,3,4,11,7,7,8,7,8,2,2,4,2,5,6,7,5,7,7,2,2,11,5,0,5,11,11,0,5,5,9,6,9,11,0,2,7,0,6,9,10,7,2,10,0,11,5,2,7,9,6,9,7,7,10,10,4,0,5,3,11,10
8,3,3,3,3,4,6,10,7,9,6,2,2,5,0,10,6,10,6,7,2,4,0,0,5,11,2,8,8,10,11,11,8,8,0,0,3,8,5,4,10,10,4,8,11,9,11,5,2,4,6,3,7,7,7,4,8,0,10,2,0,3,11,11,4,0,4,2,9,0,9,3,2,4,9,8,6,2,11,3,7,8,8,5,8,3,4,0,4,4,5,0,8,8,9,8,9,3,3,5,3,6,7,8,6,8,8,3,3,0,6,2,6,0,0,2,6,6,10,7,10,0,2,3,8,2,7,10,11,8,3,11,2,0,6,3,8,10,7,10,8,8,11,11,5,2,6,4,0,11
9,4,4,4,4,5,7,11,8,10,7,3,3,6,2,11,7,11,7,8,3,5,2,2,6,0,3,9,9,11,0,0,9,9,2,2,4,9,6,5,11,11,5,9,0,10,0,6,3,5,7,4,8,8,8,5,9,2,11,3,2,4,0,0,5,2,5,3,10,2,10,4,3,5,10,9,7,3,0,4,8,9,9,6,9,4,5,2,5,5,6,2,9,9,10,9,10,4,4,6,4,7,8,9,7,9,9,4,4,2,7,3,7,2,2,3,7,7,11,8,11,2,3,4,9,3,8,11,0,9,4,0,3,2,7,4,9,11,8,11,9,9,0,0,6,3,7,5,2,0
10,5,5,5,5,6,8,0,9,11,8,4,4,7,3,0,8,0,8,9,4,6,3,3,7,2,4,10,10,0,2,2,10,10,3,3,5,10,7,6,0,0,6,10,2,11,2,7,4,6,8,5,9,9,9,6,10,3,0,4,3,5,2,2,6,3,6,4,11,3,11,5,4,6,11,10,8,4,2,5,9,10,10,7,10,5,6,3,6,6,7,3,10,10,11,10,11,5,5,7,5,8,9,10,8,10,10,5,5,3,8,4,8,3,3,4,8,8,0,9,0,3,4,5,10,4,9,0,2,10,5,2,4,3,8,5,10,0,9,0,10,10,2,2,7,4,8,6,3,2
11,6,6,6,6,7,9,2,10,0,9,5,5,8,4,2,9,2,9,10,5,7,4,4,8,3,5,11,11,2,3,3,11,11,4,4,6,11,8,7,2,2,7,11,3,0,3,8,5,7,9,6,10,10,10,7,11,4,2,5,4,6,3,3,7,4,7,5,0,4,0,6,5,7,0,11,9,5,3,6,10,11,11,8,11,6,7,4,7,7,8,4,11,11,0,11,0,6,6,8,6,9,10,11,9,11,11,6,6,4,9,5,9,4,4,5,9,9,2,10,2,4,5,6,11,5,10,2,3,11,6,3,5,4,9,6,11,2,10,2,11,11,3,3,8,5,9,7,4,3
0,7,7,7,7,8,10,3,11,2,10,6,6,9,5,3,10,3,10,11,6,8,5,5,9,4,6,0,0,3,4,4,0,0,5,5,7,0,9,8,3,3,8,0,4,2,4,9,6,8,10,7,11,11,11,8,0,5,3,6,5,7,4,4,8,5,8,6,2,5,2,7,6,8,2,0,10,6,4,7,11,0,0,9,0,7,8,5,8,8,9,5,0,0,2,0,2,7,7,9,7,10,11,0,10,0,0,7,7,5,10,6,10,5,5,6,10,10,3,11,3,5,6,7,0,6,11,3,4,0,7,4,6,5,10,7,0,3,11,3,0,0,4,4,9,6,10,8,5,4
2,8,8,8,8,9,11,4,0,3,11,7,7,10,6,4,11,4,11,0,7,9,6,6,10,5,7,2,2,4,5,5,2,2,6,6,8,2,10,9,4,4,9,2,5,3,5,10,7,9,11,8,0,0,0,9,2,6,4,7,6,8,5,5,9,6,9,7,3,6,3,8,7,9,3,2,11,7,5,8,0,2,2,10,2,8,9,6,9,9,10,6,2,2,3,2,3,8,8,10,8,11,0,2,11,2,2,8,8,6,11,7,11,6,6,7,11,11,4,0,4,6,7,8,2,7,0,4,5,2,8,5,7,6,11,8,2,4,0,4,2,2,5,5,10,7,11,9,6,5
3,9,9,9,9,10,0,5,2,4,0,8,8,11,7,5,0,5,0,2,8,10,7,7,11,6,8,3,3,5,6,6,3,3,7,7,9,3,11,10,5,5,10,3,6,4,6,11,8,10,0,9,2,2,2,10,3,7,5,8,7,9,6,6,10,7,10,8,4,7,4,9,8,10,4,3,0,8,6,9,2,3,3,11,3,9,10,7,10,10,11,7,3,3,4,3,4,9,9,11,9,0,2,3,0,3,3,9,9,7,0,8,0,7,7,8,0,0,5,2,5,7,8,9,3,8,2,5,6,3,9,6,8,7,0,9,3,5,2,5,3,3,6,6,11,8,0,10,7,6
4,10,10,10,10,11,2,6,3,5,2,9,9,0,8,6,2,6,2,3,9,11,8,8,0,7,9,4,4,6,7,7,4,4,8,8,10,4,0,11,6,6,11,4,7,5,7,0,9,11,2,10,3,3,3,11,4,8,6,9,8,10,7,7,11,8,11,9,5,8,5,10,9,11,5,4,2,9,7,10,3,4,4,0,4,10,11,8,11,11,0,8,4,4,5,4,5,10,10,0,10,2,3,4,2,4,4,10,10,8,2,9,2,8,8,9,2,2,6,3,6,8,9,10,4,9,3,6,7,4,10,7,9,8,2,10,4,6,3,6,4,4,7,7,0,9,2,11,8,7
5,11,11,11,11,0,3,7,4,6,3,10,10,2,9,7,3,7,3,4,10,0,9,9,2,8,10,5,5,7,8,8,5,5,9,9,11,5,2,0,7,7,0,5,8,6,8,2,10,0,3,11,4,4,4,0,5,9,7,10,9,11,8,8,0,9,0,10,6,9,6,11,10,0,6,5,3,10,8,11,4,5,5,2,5,11,0,9,0,0,2,9,5,5,6,5,6,11,11,2,11,3,4,5,3,5,5,11,11,9,3,10,3,9,9,10,3,3,7,4,7,9,10,11,5,10,4,7,8,5,11,8,10,9,3,11,5,7,4,7,5,5,8,8,2,10,3,0,9,8
6,0,0,0,0,2,4,8,5,7,4,11,11,3,10,8,4,8,4,5,11,2,10,10,3,9,11,6,6,8,9,9,6,6,10,10,0,6,3,2,8,8,2,6,9,7,9,3,11,2,4,0,5,5,5,2,6,10,8,11,10,0,9,9,2,10,2,11,7,10,7,0,11,2,7,6,4,11,9,0,5,6,6,3,6,0,2,10,2,2,3,10,6,6,7,6,7,0,0,3,0,4,5,6,4,6,6,0,0,10,4,11,4,10,10,11,4,4,8,5,8,10,11,0,6,11,5,8,9,6,0,9,11,10,4,0,6,8,5,8,6,6,9,9,3,11,4,2,10,9
7,2,2,2,2,3,5,9,6,8,5,0,0,4,11,9,5,9,5,6,0,3,11,11,4,10,0,7,7,9,10,10,7,7,11,11,2,7,4,3,9,9,3,7,10,8,10,4,0,3,5,2,6,6,6,3,7,11,9,0,11,2,10,10,3,11,3,0,8,11,8,2,0,3,8,7,5,0,10,2,6,7,7,4,7,2,3,11,3,3,4,11,7,7,8,7,8,2,2,4,2,5,6,7,5,7,7,2,2,11,5,0,5,11,11,0,5,5,9,6,9,11,0,2,7,0,6,9,10,7,2,10,0,11,5,2,7,9,6,9,7,7,10,10,4,0,5,3,11,10
8,3,3,3,3,4,6,10,7,9,6,2,2,5,0,10,6,10,6,7,2,4,0,0,5,11,2,8,8,10,11,11,8,8,0,0,3,8,5,4,10,10,4,8,11,9,11,5,2,4,6,3,7,7,7,4,8,0,10,2,0,3,11,11,4,0,4,2,9,0,9,3,2,4,9,8,6,2,11,3,7,8,8,5,8,3,4,0,4,4,5,0,8,8,9,8,9,3,3,5,3,6,7,8,6,8,8,3,3,0,6,2,6,0,0,2,6,6,10,7,10,0,2,3,8,2,7,10,11,8,3,11,2,0,6,3,8,10,7,10,8,8,11,11,5,2,6,4,0,11
9,4,4,4,4,5,7,11,8,10,7,3,3,6,2,11,7,11,7,8,3,5,2,2,6,0,3,9,9,11,0,0,9,9,2,2,4,9,6,5,11,11,5,9,0,10,0,6,3,5,7,4,8,8,8,5,9,2,11,3,2,4,0,0,5,2,5,3,10,2,10,4,3,5,10,9,7,3,0,4,8,9,9,6,9,4,5,2,5,5,6,2,9,9,10,9,10,4,4,6,4,7,8,9,7,9,9,4,4,2,7,3,7,2,2,3,7,7,11,8,11,2,3,4,9,3,8,11,0,9,4,0,3,2,7,4,9,11,8,11,9,9,0,0,6,3,7,5,2,0
10,5,5,5,5,6,8,0,9,11,8,4,4,7,3,0,8,0,8,9,4,6,3,3,7,2,4,10,10,0,2,2,10,10,3,3,5,10,7,6,0,0,6,10,2,11,2,7,4,6,8,5,9,9,9,6,10,3,0,4,3,5,2,2,6,3,6,4,11,3,11,5,4,6,11,10,8,4,2,5,9,10,10,7,10,5,6,3,6,6,7,3,10,10,11,10,11,5,5,7,5,8,9,10,8,10,10,5,5,3,8,4,8,3,3,4,8,8,0,9,0,3,4,5,10,4,9,0,2,10,5,2,4,3,8,5,10,0,9,0,10,10,2,2,7,4,8,6,3,2
11,6,6,6,6,7,9,2,10,0,9,5,5,8,4,2,9,2,9,10,5,7,4,4,8,3,5,11,11,2,3,3,11,11,4,4,6,11,8,7,2,2,7,11,3,0,3,8,5,7,9,6,10,10,10,7,11,4,2,5,4,6,3,3,7,4,7,5,0,4,0,6,5,7,0,11,9,5,3,6,10,11,11,8,11,6,7,4,7,7,8,4,11,11,0,11,0,6,6,8,6,9,10,11,9,11,11,6,6,4,9,5,9,4,4,5,9,9,2,10,2,4,5,6,11,5,10,2,3,11,6,3,5,4,9,6,11,2,10,2,11,11,3,3,8,5,9,7,4,3
0,7,7,7,7,8,10,3,11,2,10,6,6,9,5,3,10,3,10,11,6,8,5,5,9,4,6,0,0,3,4,4,0,0,5,5,7,0,9,8,3,3,8,0,4,2,4,9,6,8,10,7,11,11,11,8,0,5,3,6,5,7,4,4,8,5,8,6,2,5,2,7,6,8,2,0,10,6,4,7,11,0,0,9,0,7,8,5,8,8,9,5,0,0,2,0,2,7,7,9,7,10,11,0,10,0,0,7,7,5,10,6,10,5,5,6,10,10,3,11,3,5,6,7,0,6,11,3,4,0,7,4,6,5,10,7,0,3,11,3,0,0,4,4,9,6,10,8,5,4
2,8,8,8,8,9,11,4,0,3,11,7,7,10,6,4,11,4,11,0,7,9,6,6,10,5,7,2,2,4,5,5,2,2,6,6,8,2,10,9,4,4,9,2,5,3,5,10,7,9,11,8,0,0,0,9,2,6,4,7,6,8,5,5,9,6,9,7,3,6,3,8,7,9,3,2,11,7,5,8,0,2,2,10,2,8,9,6,9,9,10,6,2,2,3,2,3,8,8,10,8,11,0,2,11,2,2,8,8,6,11,7,11,6,6,7,11,11,4,0,4,6,7,8,2,7,0,4,5,2,8,5,7,6,11,8,2,4,0,4,2,2,5,5,10,7,11,9,6,5
3,9,9,9,9,10,0,5,2,4,0,8,8,11,7,5,0,5,0,2,8,10,7,7,11,6,8,3,3,5,6,6,3,3,7,7,9,3,11,10,5,5,10,3,6,4,6,11,8,10,0,9,2,2,2,10,3,7,5,8,7,9,6,6,10,7,10,8,4,7,4,9,8,10,4,3,0,8,6,9,2,3,3,11,3,9,10,7,10,10,11,7,3,3,4,3,4,9,9,11,9,0,2,3,0,3,3,9,9,7,0,8,0,7,7,8,0,0,5,2,5,7,8,9,3,8,2,5,6,3,9,6,8,7,0,9,3,5,2,5,3,3,6,6,11,8,0,10,7,6
4,10,10,10,10,11,2,6,3,5,2,9,9,0,8,6,2,6,2,3,9,11,8,8,0,7,9,4,4,6,7,7,4,4,8,8,10,4,0,11,6,6,11,4,7,5,7,0,9,11,2,10,3,3,3,11,4,8,6,9,8,10,7,7,11,8,11,9,5,8,5,10,9,11,5,4,2,9,7,10,3,4,4,0,4,10,11,8,11,11,0,8,4,4,5,4,5,10,10,0,10,2,3,4,2,4,4,10,10,8,2,9,2,8,8,9,2,2,6,3,6,8,9,10,4,9,3,6,7,4,10,7,9,8,2,10,4,6,3,6,4,4,7,7,0,9,2,11,8,7
5,11,11,11,11,0,3,7,4,6,3,10,10,2,9,7,3,7,3,4,10,0,9,9,2,8,10,5,5,7,8,8,5,5,9,9,11,5,2,0,7,7,0,5,8,6,8,2,10,0,3,11,4,4,4,0,5,9,7,10,9,11,8,8,0,9,0,10,6,9,6,11,10,0,6,5,3,10,8,11,4,5,5,2,5,11,0,9,0,0,2,9,5,5,6,5,6,11,11,2,11,3,4,5,3,5,5,11,11,9,3,10,3,9,9,10,3,3,7,4,7,9,10,11,5,10,4,7,8,5,11,8,10,9,3,11,5,7,4,7,5,5,8,8,2,10,3,0,9,8
6,0,0,0,0,2,4,8,5,7,4,11,11,3,10,8,4,8,4,5,11,2,10,10,3,9,11,6,6,8,9,9,6,6,10,10,0,6,3,2,8,8,2,6,9,7,9,3,11,2,4,0,5,5,5,2,6,10,8,11,10,0,9,9,2,10,2,11,7,10,7,0,11,2,7,6,4,11,9,0,5,6,6,3,6,0,2,10,2,2,3,10,6,6,7,6,7,0,0,3,0,4,5,6,4,6,6,0,0,10,4,11,4,10,10,11,4,4,8,5,8,10,11,0,6,11,5,8,9,6,0,9,11,10,4,0,6,8,5,8,6,6,9,9,3,11,4,2,10,9
7,2,2,2,2,3,5,9,6,8,5,0,0,4,11,9,5,9,5,6,0,3,11,11,4,10,0,7,7,9,10,10,7,7,11,11,2,7,4,3,9,9,3,7,10,8,10,4,0,3,5,2,6,6,6,3,7,11,9,0,11,2,10,10,3,11,3,0,8,11,8,2,0,3,8,7,5,0,10,2,6,7,7,4,7,2,3,11,3,3,4,11,7,7,8,7,8,2,2,4,2,5,6,7,5,7,7,2,2,11,5,0,5,11,11,0,5,5,9,6,9,11,0,2,7,0,6,9,10,7,2,10,0,11,5,2,7,9,6,9,7,7,10,10,4,0,5,3,11,10
8,3,3,3,3,4,6,10,7,9,6,2,2,5,0,10,6,10,6,7,2,4,0,0,5,11,2,8,8,10,11,11,8,8,0,0,3,8,5,4,10,10,4,8,11,9,11,5,2,4,6,3,7,7,7,4,8,0,10,2,0,3,11,11,4,0,4,2,9,0,9,3,2,4,9,8,6,2,11,3,7,8,8,5,8,3,4,0,4,4,5,0,8,8,9,8,9,3,3,5,3,6,7,8,6,8,8,3,3,0,6,2,6,0,0,2,6,6,10,7,10,0,2,3,8,2,7,10,11,8,3,11,2,0,6,3,8,10,7,10,8,8,11,11,5,2,6,4,0,11
9,4,4,4,4,5,7,11,8,10,7,3,3,6,2,11,7,11,7,8,3,5,2,2,6,0,3,9,9,11,0,0,9,9,2,2,4,9,6,5,11,11,5,9,0,10,0,6,3,5,7,4,8,8,8,5,9,2,11,3,2,4,0,0,5,2,5,3,10,2,10,4,3,5,10,9,7,3,0,4,8,9,9,6,9,4,5,2,5,5,6,2,9,9,10,9,10,4,4,6,4,7,8,9,7,9,9,4,4,2,7,3,7,2,2,3,7,7,11,8,11,2,3,4,9,3,8,11,0,9,4,0,3,2,7,4,9,11,8,11,9,9,0,0,6,3,7,5,2,0
10,5,5,5,5,6,8,0,9,11,8,4,4,7,3,0,8,0,8,9,4,6,3,3,7,2,4,10,10,0,2,2,10,10,3,3,5,10,7,6,0,0,6,10,2,11,2,7,4,6,8,5,9,9,9,6,10,3,0,4,3,5,2,2,6,3,6,4,11,3,11,5,4,6,11,10,8,4,2,5,9,10,10,7,10,5,6,3,6,6,7,3,10,10,11,10,11,5,5,7,5,8,9,10,8,10,10,5,5,3,8,4,8,3,3,4,8,8,0,9,0,3,4,5,10,4,9,0,2,10,5,2,4,3,8,5,10,0,9,0,10,10,2,2,7,4,8,6,3,2
11,6,6,6,6,7,9,2,10,0,9,5,5,8,4,2,9,2,9,10,5,7,4,4,8,3,5,11,11,2,3,3,11,11,4,4,6,11,8,7,2,2,7,11,3,0,3,8,5,7,9,6,10,10,10,7,11,4,2,5,4,6,3,3,7,4,7,5,0,4,0,6,5,7,0,11,9,5,3,6,10,11,11,8,11,6,7,4,7,7,8,4,11,11,0,11,0,6,6,8,6,9,10,11,9,11,11,6,6,4,9,5,9,4,4,5,9,9,2,10,2,4,5,6,11,5,10,2,3,11,6,3,5,4,9,6,11,2,10,2,11,11,3,3,8,5,9,7,4,3
0,7,7,7,7,8,10,3,11,2,10,6,6,9,5,3,10,3,10,11,6,8,5,5,9,4,6,0,0,3,4,4,0,0,5,5,7,0,9,8,3,3,8,0,4,2,4,9,6,8,10,7,11,11,11,8,0,5,3,6,5,7,4,4,8,5,8,6,2,5,2,7,6,8,2,0,10,6,4,7,11,0,0,9,0,7,8,5,8,8,9,5,0,0,2,0,2,7,7,9,7,10,11,0,10,0,0,7,7,5,10,6,10,5,5,6,10,10,3,11,3,5,6,7,0,6,11,3,4,0,7,4,6,5,10,7,0,3,11,3,0,0,4,4,9,6,10,8,5,4
2,8,8,8,8,9,11,4,0,3,11,7,7,10,6,4,11,4,11,0,7,9,6,6,10,5,7,2,2,4,5,5,2,2,6,6,8,2,10,9,4,4,9,2,5,3,5,10,7,9,11,8,0,0,0,9,2,6,4,7,6,8,5,5,9,6,9,7,3,6,3,8,7,9,3,2,11,7,5,8,0,2,2,10,2,8,9,6,9,9,10,6,2,2,3,2,3,8,8,10,8,11,0,2,11,2,2,8,8,6,11,7,11,6,6,7,11,11,4,0,4,6,7,8,2,7,0,4,5,2,8,5,7,6,11,8,2,4,0,4,2,2,5,5,10,7,11,9,6,5
3,9,9,9,9,10,0,5,2,4,0,8,8,11,7,5,0,5,0,2,8,10,7,7,11,6,8,3,3,5,6,6,3,3,7,7,9,3,11,10,5,5,10,3,6,4,6,11,8,10,0,9,2,2,2,10,3,7,5,8,7,9,6,6,10,7,10,8,4,7,4,9,8,10,4,3,0,8,6,9,2,3,3,11,3,9,10,7,10,10,11,7,3,3,4,3,4,9,9,11,9,0,2,3,0,3,3,9,9,7,0,8,0,7,7,8,0,0,5,2,5,7,8,9,3,8,2,5,6,3,9,6,8,7,0,9,3,5,2,5,3,3,6,6,11,8,0,10,7,6
4,10,10,10,10,11,2,6,3,5,2,9,9,0,8,6,2,6,2,3,9,11,8,8,0,7,9,4,4,6,7,7,4,4,8,8,10,4,0,11,6,6,11,4,7,5,7,0,9,11,2,10,3,3,3,11,4,8,6,9,8,10,7,7,11,8,11,9,5,8,5,10,9,11,5,4,2,9,7,10,3,4,4,0,4,10,11,8,11,11,0,8,4,4,5,4,5,10,10,0,10,2,3,4,2,4,4,10,10,8,2,9,2,8,8,9,2,2,6,3,6,8,9,10,4,9,3,6,7,4,10,7,9,8,2,10,4,6,3,6,4,4,7,7,0,9,2,11,8,7
5,11,11,11,11,0,3,7,4,6,3,10,10,2,9,7,3,7,3,4,10,0,9,9,2,8,10,5,5,7,8,8,5,5,9,9,11,5,2,0,7,7,0,5,8,6,8,2,10,0,3,11,4,4,4,0,5,9,7,10,9,11,8,8,0,9,0,10,6,9,6,11,10,0,6,5,3,10,8,11,4,5,5,2,5,11,0,9,0,0,2,9,5,5,6,5,6,11,11,2,11,3,4,5,3,5,5,11,11,9,3,10,3,9,9,10,3,3,7,4,7,9,10,11,5,10,4,7,8,5,11,8,10,9,3,11,5,7,4,7,5,5,8,8,2,10,3,0,9,8
6,0,0,0,0,2,4,8,5,7,4,11,11,3,10,8,4,8,4,5,11,2,10,10,3,9,11,6,6,8,9,9,6,6,10,10,0,6,3,2,8,8,2,6,9,7,9,3,11,2,4,0,5,5,5,2,6,10,8,11,10,0,9,9,2,10,2,11,7,10,7,0,11,2,7,6,4,11,9,0,5,6,6,3,6,0,2,10,2,2,3,10,6,6,7,6,7,0,0,3,0,4,5,6,4,6,6,0,0,10,4,11,4,10,10,11,4,4,8,5,8,10,11,0,6,11,5,8,9,6,0,9,11,10,4,0,6,8,5,8,6,6,9,9,3,11,4,2,10,9
7,2,2,2,2,3,5,9,6,8,5,0,0,4,11,9,5,9,5,6,0,3,11,11,4,10,0,7,7,9,10,10,7,7,11,11,2,7,4,3,9,9,3,7,10,8,10,4,0,3,5,2,6,6,6,3,7,11,9,0,11,2,10,10,3,11,3,0,8,11,8,2,0,3,8,7,5,0,10,2,6,7,7,4,7,2,3,11,3,3,4,11,7,7,8,7,8,2,2,4,2,5,6,7,5,7,7,2,2,11,5,0,5,11,11,0,5,5,9,6,9,11,0,2,7,0,6,9,10,7,2,10,0,11,5,2,7,9,6,9,7,7,10,10,4,0,5,3,11,10
8,3,3,3,3,4,6,10,7,9,6,2,2,5,0,10,6,10,6,7,2,4,0,0,5,11,2,8,8,10,11,11,8,8,0,0,3,8,5,4,10,10,4,8,11,9,11,5,2,4,6,3,7,7,7,4,8,0,10,2,0,3,11,11,4,0,4,2,9,0,9,3,2,4,9,8,6,2,11,3,7,8,8,5,8,3,4,0,4,4,5,0,8,8,9,8,9,3,3,5,3,6,7,8,6,8,8,3,3,0,6,2,6,0,0,2,6,6,10,7,10,0,2,3,8,2,7,10,11,8,3,11,2,0,6,3,8,10,7,10,8,8,11,11,5,2,6,4,0,11
9,4,4,4,4,5,7,11,8,10,7,3,3,6,2,11,7,11,7,8,3,5,2,2,6,0,3,9,9,11,0,0,9,9,2,2,4,9,6,5,11,11,5,9,0,10,0,6,3,5,7,4,8,8,8,5,9,2,11,3,2,4,0,0,5,2,5,3,10,2,10,4,3,5,10,9,7,3,0,4,8,9,9,6,9,4,5,2,5,5,6,2,9,9,10,9,10,4,4,6,4,7,8,9,7,9,9,4,4,2,7,3,7,2,2,3,7,7,11,8,11,2,3,4,9,3,8,11,0,9,4,0,3,2,7,4,9,11,8,11,9,9,0,0,6,3,7,5,2,0
10,5,5,5,5,6,8,0,9,11,8,4,4,7,3,0,8,0,8,9,4,6,3,3,7,2,4,10,10,0,2,2,10,10,3,3,5,10,7,6,0,0,6,10,2,11,2,7,4,6,8,5,9,9,9,6,10,3,0,4,3,5,2,2,6,3,6,4,11,3,11,5,4,6,11,10,8,4,2,5,9,10,10,7,10,5,6,3,6,6,7,3,10,10,11,10,11,5,5,7,5,8,9,10,8,10,10,5,5,3,8,4,8,3,3,4,8,8,0,9,0,3,4,5,10,4,9,0,2,10,5,2,4,3,8,5,10,0,9,0,10,10,2,2,7,4,8,6,3,2
11,6,6,6,6,7,9,2,10,0,9,5,5,8,4,2,9,2,9,10,5,7,4,4,8,3,5,11,11,2,3,3,11,11,4,4,6,11,8,7,2,2,7,11,3,0,3,8,5,7,9,6,10,10,10,7,11,4,2,5,4,6,3,3,7,4,7,5,0,4,0,6,5,7,0,11,9,5,3,6,10,11,11,8,11,6,7,4,7,7,8,4,11,11,0,11,0,6,6,8,6,9,10,11,9,11,11,6,6,4,9,5,9,4,4,5,9,9,2,10,2,4,5,6,11,5,10,2,3,11,6,3,5,4,9,6,11,2,10,2,11,11,3,3,8,5,9,7,4,3
0,7,7,7,7,8,10,3,11,2,10,6,6,9,5,3,10,3,10,11,6,8,5,5,9,4,6,0,0,3,4,4,0,0,5,5,7,0,9,8,3,3,8,0,4,2,4,9,6,8,10,7,11,11,11,8,0,5,3,6,5,7,4,4,8,5,8,6,2,5,2,7,6,8,2,0,10,6,4,7,11,0,0,9,0,7,8,5,8,8,9,5,0,0,2,0,2,7,7,9,7,10,11,0,10,0,0,7,7,5,10,6,10,5,5,6,10,10,3,11,3,5,6,7,0,6,11,3,4,0,7,4,6,5,10,7,0,3,11,3,0,0,4,4,9,6,10,8,5,4
2,8,8,8,8,9,11,4,0,3,11,7,7,10,6,4,11,4,11,0,7,9,6,6,10,5,7,2,2,4,5,5,2,2,6,6,8,2,10,9,4,4,9,2,5,3,5,10,7,9,11,8,0,0,0,9,2,6,4,7,6,8,5,5,9,6,9,7,3,6,3,8,7,9,3,2,11,7,5,8,0,2,2,10,2,8,9,6,9,9,10,6,2,2,3,2,3,8,8,10,8,11,0,2,11,2,2,8,8,6,11,7,11,6,6,7,11,11,4,0,4,6,7,8,2,7,0,4,5,2,8,5,7,6,11,8,2,4,0,4,2,2,5,5,10,7,11,9,6,5
3,9,9,9,9,10,0,5,2,4,0,8,8,11,7,5,0,5,0,2,8,10,7,7,11,6,8,3,3,5,6,6,3,3,7,7,9,3,11,10,5,5,10,3,6,4,6,11,8,10,0,9,2,2,2,10,3,7,5,8,7,9,6,6,10,7,10,8,4,7,4,9,8,10,4,3,0,8,6,9,2,3,3,11,3,9,10,7,10,10,11,7,3,3,4,3,4,9,9,11,9,0,2,3,0,3,3,9,9,7,0,8,0,7,7,8,0,0,5,2,5,7,8,9,3,8,2,5,6,3,9,6,8,7,0,9,3,5,2,5,3,3,6,6,11,8,0,10,7,6
4,10,10,10,10,11,2,6,3,5,2,9,9,0,8,6,2,6,2,3,9,11,8,8,0,7,9,4,4,6,7,7,4,4,8,8,10,4,0,11,6,6,11,4,7,5,7,0,9,11,2,10,3,3,3,11,4,8,6,9,8,10,7,7,11,8,11,9,5,8,5,10,9,11,5,4,2,9,7,10,3,4,4,0,4,10,11,8,11,11,0,8,4,4,5,4,5,10,10,0,10,2,3,4,2,4,4,10,10,8,2,9,2,8,8,9,2,2,6,3,6,8,9,10,4,9,3,6,7,4,10,7,9,8,2,10,4,6,3,6,4,4,7,7,0,9,2,11,8,7
5,11,11,11,11,0,3,7,4,6,3,10,10,2,9,7,3,7,3,4,10,0,9,9,2,8,10,5,5,7,8,8,5,5,9,9,11,5,2,0,7,7,0,5,8,6,8,2,10,0,3,11,4,4,4,0,5,9,7,10,9,11,8,8,0,9,0,10,6,9,6,11,10,0,6,5,3,10,8,11,4,5,5,2,5,11,0,9,0,0,2,9,5,5,6,5,6,11,11,2,11,3,4,5,3,5,5,11,11,9,3,10,3,9,9,10,3,3,7,4,7,9,10,11,5,10,4,7,8,5,11,8,10,9,3,11,5,7,4,7,5,5,8,8,2,10,3,0,9,8
6,0,0,0,0,2,4,8,5,7,4,11,11,3,10,8,4,8,4,5,11,2,10,10,3,9,11,6,6,8,9,9,6,6,10,10,0,6,3,2,8,8,2,6,9,7,9,3,11,2,4,0,5,5,5,2,6,10,8,11,10,0,9,9,2,10,2,11,7,10,7,0,11,2,7,6,4,11,9,0,5,6,6,3,6,0,2,10,2,2,3,10,6,6,7,6,7,0,0,3,0,4,5,6,4,6,6,0,0,10,4,11,4,10,10,11,4,4,8,5,8,10,11,0,6,11,5,8,9,6,0,9,11,10,4,0,6,8,5,8,6,6,9,9,3,11,4,2,10,9
7,2,2,2,2,3,5,9,6,8,5,0,0,4,11,9,5,9,5,6,0,3,11,11,4,10,0,7,7,9,10,10,7,7,11,11,2,7,4,3,9,9,3,7,10,8,10,4,0,3,5,2,6,6,6,3,7,11,9,0,11,2,10,10,3,11,3,0,8,11,8,2,0,3,8,7,5,0,10,2,6,7,7,4,7,2,3,11,3,3,4,11,7,7,8,7,8,2,2,4,2,5,6,7,5,7,7,2,2,11,5,0,5,11,11,0,5,5,9,6,9,11,0,2,7,0,6,9,10,7,2,10,0,11,5,2,7,9,6,9,7,7,10,10,4,0,5,3,11,10
8,3,3,3,3,4,6,10,7,9,6,2,2,5,0,10,6,10,6,7,2,4,0,0,5,11,2,8,8,10,11,11,8,8,0,0,3,8,5,4,10,10,4,8,11,9,11,5,2,4,6,3,7,7,7,4,8,0,10,2,0,3,11,11,4,0,4,2,9,0,9,3,2,4,9,8,6,2,11,3,7,8,8,5,8,3,4,0,4,4,5,0,8,8,9,8,9,3,3,5,3,6,7,8,6,8,8,3,3,0,6,2,6,0,0,2,6,6,10,7,10,0,2,3,8,2,7,10,11,8,3,11,2,0,6,3,8,10,7,10,8,8,11,11,5,2,6,4,0,11
9,4,4,4,4,5,7,11,8,10,7,3,3,6,2,11,7,11,7,8,3,5,2,2,6,0,3,9,9,11,0,0,9,9,2,2,4,9,6,5,11,11,5,9,0,10,0,6,3,5,7,4,8,8,8,5,9,2,11,3,2,4,0,0,5,2,5,3,10,2,10,4,3,5,10,9,7,3,0,4,8,9,9,6,9,4,5,2,5,5,6,2,9,9,10,9,10,4,4,6,4,7,8,9,7,9,9,4,4,2,7,3,7,2,2,3,7,7,11,8,11,2,3,4,9,3,8,11,0,9,4,0,3,2,7,4,9,11,8,11,9,9,0,0,6,3,7,5,2,0
10,5,5,5,5,6,8,0,9,11,8,4,4,7,3,0,8,0,8,9,4,6,3,3,7,2,4,10,10,0,2,2,10,10,3,3,5,10,7,6,0,0,6,10,2,11,2,7,4,6,8,5,9,9,9,6,10,3,0,4,3,5,2,2,6,3,6,4,11,3,11,5,4,6,11,10,8,4,2,5,9,10,10,7,10,5,6,3,6,6,7,3,10,10,11,10,11,5,5,7,5,8,9,10,8,10,10,5,5,3,8,4,8,3,3,4,8,8,0,9,0,3,4,5,10,4,9,0,2,10,5,2,4,3,8,5,10,0,9,0,10,10,2,2,7,4,8,6,3,2
11,6,6,6,6,7,9,2,10,0,9,5,5,8,4,2,9,2,9,10,5,7,4,4,8,3,5,11,11,2,3,3,11,11,4,4,6,11,8,7,2,2,7,11,3,0,3,8,5,7,9,6,10,10,10,7,11,4,2,5,4,6,3,3,7,4,7,5,0,4,0,6,5,7,0,11,9,5,3,6,10,11,11,8,11,6,7,4,7,7,8,4,11,11,0,11,0,6,6,8,6,9,10,11,9,11,11,6,6,4,9,5,9,4,4,5,9,9,2,10,2,4,5,6,11,5,10,2,3,11,6,3,5,4,9,6,11,2,10,2,11,11,3,3,8,5,9,7,4,3
0,7,7,7,7,8,10,3,11,2,10,6,6,9,5,3,10,3,10,11,6,8,5,5,9,4,6,0,0,3,4,4,0,0,5,5,7,0,9,8,3,3,8,0,4,2,4,9,6,8,10,7,11,11,11,8,0,5,3,6,5,7,4,4,8,5,8,6,2,5,2,7,6,8,2,0,10,6,4,7,11,0,0,9,0,7,8,5,8,8,9,5,0,0,2,0,2,7,7,9,7,10,11,0,10,0,0,7,7,5,10,6,10,5,5,6,10,10,3,11,3,5,6,7,0,6,11,3,4,0,7,4,6,5,10,7,0,3,11,3,0,0,4,4,9,6,10,8,5,4
2,8,8,8,8,9,11,4,0,3,11,7,7,10,6,4,11,4,11,0,7,9,6,6,10,5,7,2,2,4,5,5,2,2,6,6,8,2,10,9,4,4,9,2,5,3,5,10,7,9,11,8,0,0,0,9,2,6,4,7,6,8,5,5,9,6,9,7,3,6,3,8,7,9,3,2,11,7,5,8,0,2,2,10,2,8,9,6,9,9,10,6,2,2,3,2,3,8,8,10,8,11,0,2,11,2,2,8,8,6,11,7,11,6,6,7,11,11,4,0,4,6,7,8,2,7,0,4,5,2,8,5,7,6,11,8,2,4,0,4,2,2,5,5,10,7,11,9,6,5
3,9,9,9,9,10,0,5,2,4,0,8,8,11,7,5,0,5,0,2,8,10,7,7,11,6,8,3,3,5,6,6,3,3,7,7,9,3,11,10,5,5,10,3,6,4,6,11,8,10,0,9,2,2,2,10,3,7,5,8,7,9,6,6,10,7,10,8,4,7,4,9,8,10,4,3,0,8,6,9,2,3,3,11,3,9,10,7,10,10,11,7,3,3,4,3,4,9,9,11,9,0,2,3,0,3,3,9,9,7,0,8,0,7,7,8,0,0,5,2,5,7,8,9,3,8,2,5,6,3,9,6,8,7,0,9,3,5,2,5,3,3,6,6,11,8,0,10,7,6
4,10,10,10,10,11,2,6,3,5,2,9,9,0,8,6,2,6,2,3,9,11,8,8,0,7,9,4,4,6,7,7,4,4,8,8,10,4,0,11,6,6,11,4,7,5,7,0,9,11,2,10,3,3,3,11,4,8,6,9,8,10,7,7,11,8,11,9,5,8,5,10,9,11,5,4,2,9,7,10,3,4,4,0,4,10,11,8,11,11,0,8,4,4,5,4,5,10,10,0,10,2,3,4,2,4,4,10,10,8,2,9,2,8,8,9,2,2,6,3,6,8,9,10,4,9,3,6,7,4,10,7,9,8,2,10,4,6,3,6,4,4,7,7,0,9,2,11,8,7
5,11,11,11,11,0,3,7,4,6,3,10,10,2,9,7,3,7,3,4,10,0,9,9,2,8,10,5,5,7,8,8,5,5,9,9,11,5,2,0,7,7,0,5,8,6,8,2,10,0,3,11,4,4,4,0,5,9,7,10,9,11,8,8,0,9,0,10,6,9,6,11,10,0,6,5,3,10,8,11,4,5,5,2,5,11,0,9,0,0,2,9,5,5,6,5,6,11,11,2,11,3,4,5,3,5,5,11,11,9,3,10,3,9,9,10,3,3,7,4,7,9,10,11,5,10,4,7,8,5,11,8,10,9,3,11,5,7,4,7,5,5,8,8,2,10,3,0,9,8
6,0,0,0,0,2,4,8,5,7,4,11,11,3,10,8,4,8,4,5,11,2,10,10,3,9,11,6,6,8,9,9,6,6,10,10,0,6,3,2,8,8,2,6,9,7,9,3,11,2,4,0,5,5,5,2,6,10,8,11,10,0,9,9,2,10,2,11,7,10,7,0,11,2,7,6,4,11,9,0,5,6,6,3,6,0,2,10,2,2,3,10,6,6,7,6,7,0,0,3,0,4,5,6,4,6,6,0,0,10,4,11,4,10,10,11,4,4,8,5,8,10,11,0,6,11,5,8,9,6,0,9,11,10,4,0,6,8,5,8,6,6,9,9,3,11,4,2,10,9
7,2,2,2,2,3,5,9,6,8,5,0,0,4,11,9,5,9,5,6,0,3,11,11,4,10,0,7,7,9,10,10,7,7,11,11,2,7,4,3,9,9,3,7,10,8,10,4,0,3,5,2,6,6,6,3,7,11,9,0,11,2,10,10,3,11,3,0,8,11,8,2,0,3,8,7,5,0,10,2,6,7,7,4,7,2,3,11,3,3,4,11,7,7,8,7,8,2,2,4,2,5,6,7,5,7,7,2,2,11,5,0,5,11,11,0,5,5,9,6,9,11,0,2,7,0,6,9,10,7,2,10,0,11,5,2,7,9,6,9,7,7,10,10,4,0,5,3,11,10
8,3,3,3,3,4,6,10,7,9,6,2,2,5,0,10,6,10,6,7,2,4,0,0,5,11,2,8,8,10,11,11,8,8,0,0,3,8,5,4,10,10,4,8,11,9,11,5,2,4,6,3,7,7,7,4,8,0,10,2,0,3,11,11,4,0,4,2,9,0,9,3,2,4,9,8,6,2,11,3,7,8,8,5,8,3,4,0,4,4,5,0,8,8,9,8,9,3,3,5,3,6,7,8,6,8,8,3,3,0,6,2,6,0,0,2,6,6,10,7,10,0,2,3,8,2,7,10,11,8,3,11,2,0,6,3,8,10,7,10,8,8,11,11,5,2,6,4,0,11
9,4,4,4,4,5,7,11,8,10,7,3,3,6,2,11,7,11,7,8,3,5,2,2,6,0,3,9,9,11,0,0,9,9,2,2,4,9,6,5,11,11,5,9,0,10,0,6,3,5,7,4,8,8,8,5,9,2,11,3,2,4,0,0,5,2,5,3,10,2,10,4,3,5,10,9,7,3,0,4,8,9,9,6,9,4,5,2,5,5,6,2,9,9,10,9,10,4,4,6,4,7,8,9,7,9,9,4,4,2,7,3,7,2,2,3,7,7,11,8,11,2,3,4,9,3,8,11,0,9,4,0,3,2,7,4,9,11,8,11,9,9,0,0,6,3,7,5,2,0
10,5,5,5,5,6,8,0,9,11,8,4,4,7,3,0,8,0,8,9,4,6,3,3,7,2,4,10,10,0,2,2,10,10,3,3,5,10,7,6,0,0,6,10,2,11,2,7,4,6,8,5,9,9,9,6,10,3,0,4,3,5,2,2,6,3,6,4,11,3,11,5,4,6,11,10,8,4,2,5,9,10,10,7,10,5,6,3,6,6,7,3,10,10,11,10,11,5,5,7,5,8,9,10,8,10,10,5,5,3,8,4,8,3,3,4,8,8,0,9,0,3,4,5,10,4,9,0,2,10,5,2,4,3,8,5,10,0,9,0,10,10,2,2,7,4,8,6,3,2
11,6,6,6,6,7,9,2,10,0,9,5,5,8,4,2,9,2,9,10,5,7,4,4,8,3,5,11,11,2,3,3,11,11,4,4,6,11,8,7,2,2,7,11,3,0,3,8,5,7,9,6,10,10,10,7,11,4,2,5,4,6,3,3,7,4,7,5,0,4,0,6,5,7,0,11,9,5,3,6,10,11,11,8,11,6,7,4,7,7,8,4,11,11,0,11,0,6,6,8,6,9,10,11,9,11,11,6,6,4,9,5,9,4,4,5,9,9,2,10,2,4,5,6,11,5,10,2,3,11,6,3,5,4,9,6,11,2,10,2,11,11,3,3,8,5,9,7,4,3
0,7,7,7,7,8,10,3,11,2,10,6,6,9,5,3,10,3,10,11,6,8,5,5,9,4,6,0,0,3,4,4,0,0,5,5,7,0,9,8,3,3,8,0,4,2,4,9,6,8,10,7,11,11,11,8,0,5,3,6,5,7,4,4,8,5,8,6,2,5,2,7,6,8,2,0,10,6,4,7,11,0,0,9,0,7,8,5,8,8,9,5,0,0,2,0,2,7,7,9,7,10,11,0,10,0,0,7,7,5,10,6,10,5,5,6,10,10,3,11,3,5,6,7,0,6,11,3,4,0,7,4,6,5,10,7,0,3,11,3,0,0,4,4,9,6,10,8,5,4
2,8,8,8,8,9,11,4,0,3,11,7,7,10,6,4,11,4,11,0,7,9,6,6,10,5,7,2,2,4,5,5,2,2,6,6,8,2,10,9,4,4,9,2,5,3,5,10,7,9,11,8,0,0,0,9,2,6,4,7,6,8,5,5,9,6,9,7,3,6,3,8,7,9,3,2,11,7,5,8,0,2,2,10,2,8,9,6,9,9,10,6,2,2,3,2,3,8,8,10,8,11,0,2,11,2,2,8,8,6,11,7,11,6,6,7,11,11,4,0,4,6,7,8,2,7,0,4,5,2,8,5,7,6,11,8,2,4,0,4,2,2,5,5,10,7,11,9,6,5
3,9,9,9,9,10,0,5,2,4,0,8,8,11,7,5,0,5,0,2,8,10,7,7,11,6,8,3,3,5,6,6,3,3,7,7,9,3,11,10,5,5,10,3,6,4,6,11,8,10,0,9,2,2,2,10,3,7,5,8,7,9,6,6,10,7,10,8,4,7,4,9,8,10,4,3,0,8,6,9,2,3,3,11,3,9,10,7,10,10,11,7,3,3,4,3,4,9,9,11,9,0,2,3,0,3,3,9,9,7,0,8,0,7,7,8,0,0,5,2,5,7,8,9,3,8,2,5,6,3,9,6,8,7,0,9,3,5,2,5,3,3,6,6,11,8,0,10,7,6
4,10,10,10,10,11,2,6,3,5,2,9,9,0,8,6,2,6,2,3,9,11,8,8,0,7,9,4,4,6,7,7,4,4,8,8,10,4,0,11,6,6,11,4,7,5,7,0,9,11,2,10,3,3,3,11,4,8,6,9,8,10,7,7,11,8,11,9,5,8,5,10,9,11,5,4,2,9,7,10,3,4,4,0,4,10,11,8,11,11,0,8,4,4,5,4,5,10,10,0,10,2,3,4,2,4,4,10,10,8,2,9,2,8,8,9,2,2,6,3,6,8,9,10,4,9,3,6,7,4,10,7,9,8,2,10,4,6,3,6,4,4,7,7,0,9,2,11,8,7
5,11,11,11,11,0,3,7,4,6,3,10,10,2,9,7,3,7,3,4,10,0,9,9,2,8,10,5,5,7,8,8,5,5,9,9,11,5,2,0,7,7,0,5,8,6,8,2,10,0,3,11,4,4,4,0,5,9,7,10,9,11,8,8,0,9,0,10,6,9,6,11,10,0,6,5,3,10,8,11,4,5,5,2,5,11,0,9,0,0,2,9,5,5,6,5,6,11,11,2,11,3,4,5,3,5,5,11,11,9,3,10,3,9,9,10,3,3,7,4,7,9,10,11,5,10,4,7,8,5,11,8,10,9,3,11,5,7,4,7,5,5,8,8,2,10,3,0,9,8
6,0,0,0,0,2,4,8,5,7,4,11,11,3,10,8,4,8,4,5,11,2,10,10,3,9,11,6,6,8,9,9,6,6,10,10,0,6,3,2,8,8,2,6,9,7,9,3,11,2,4,0,5,5,5,2,6,10,8,11,10,0,9,9,2,10,2,11,7,10,7,0,11,2,7,6,4,11,9,0,5,6,6,3,6,0,2,10,2,2,3,10,6,6,7,6,7,0,0,3,0,4,5,6,4,6,6,0,0,10,4,11,4,10,10,11,4,4,8,5,8,10,11,0,6,11,5,8,9,6,0,9,11,10,4,0,6,8,5,8,6,6,9,9,3,11,4,2,10,9
7,2,2,2,2,3,5,9,6,8,5,0,0,4,11,9,5,9,5,6,0,3,11,11,4,10,0,7,7,9,10,10,7,7,11,11,2,7,4,3,9,9,3,7,10,8,10,4,0,3,5,2,6,6,6,3,7,11,9,0,11,2,10,10,3,11,3,0,8,11,8,2,0,3,8,7,5,0,10,2,6,7,7,4,7,2,3,11,3,3,4,11,7,7,8,7,8,2,2,4,2,5,6,7,5,7,7,2,2,11,5,0,5,11,11,0,5,5,9,6,9,11,0,2,7,0,6,9,10,7,2,10,0,11,5,2,7,9,6,9,7,7,10,10,4,0,5,3,11,10
8,3,3,3,3,4,6,10,7,9,6,2,2,5,0,10,6,10,6,7,2,4,0,0,5,11,2,8,8,10,11,11,8,8,0,0,3,8,5,4,10,10,4,8,11,9,11,5,2,4,6,3,7,7,7,4,8,0,10,2,0,3,11,11,4,0,4,2,9,0,9,3,2,4,9,8,6,2,11,3,7,8,8,5,8,3,4,0,4,4,5,0,8,8,9,8,9,3,3,5,3,6,7,8,6,8,8,3,3,0,6,2,6,0,0,2,6,6,10,7,10,0,2,3,8,2,7,10,11,8,3,11,2,0,6,3,8,10,7,10,8,8,11,11,5,2,6,4,0,11
9,4,4,4,4,5,7,11,8,10,7,3,3,6,2,11,7,11,7,8,3,5,2,2,6,0,3,9,9,11,0,0,9,9,2,2,4,9,6,5,11,11,5,9,0,10,0,6,3,5,7,4,8,8,8,5,9,2,11,3,2,4,0,0,5,2,5,3,10,2,10,4,3,5,10,9,7,3,0,4,8,9,9,6,9,4,5,2,5,5,6,2,9,9,10,9,10,4,4,6,4,7,8,9,7,9,9,4,4,2,7,3,7,2,2,3,7,7,11,8,11,2,3,4,9,3,8,11,0,9,4,0,3,2,7,4,9,11,8,11,9,9,0,0,6,3,7,5,2,0
10,5,5,5,5,6,8,0,9,11,8,4,4,7,3,0,8,0,8,9,4,6,3,3,7,2,4,10,10,0,2,2,10,10,3,3,5,10,7,6,0,0,6,10,2,11,2,7,4,6,8,5,9,9,9,6,10,3,0,4,3,5,2,2,6,3,6,4,11,3,11,5,4,6,11,10,8,4,2,5,9,10,10,7,10,5,6,3,6,6,7,3,10,10,11,10,11,5,5,7,5,8,9,10,8,10,10,5,5,3,8,4,8,3,3,4,8,8,0,9,0,3,4,5,10,4,9,0,2,10,5,2,4,3,8,5,10,0,9,0,10,10,2,2,7,4,8,6,3,2
11,6,6,6,6,7,9,2,10,0,9,5,5,8,4,2,9,2,9,10,5,7,4,4,8,3,5,11,11,2,3,3,11,11,4,4,6,11,8,7,2,2,7,11,3,0,3,8,5,7,9,6,10,10,10,7,11,4,2,5,4,6,3,3,7,4,7,5,0,4,0,6,5,7,0,11,9,5,3,6,10,11,11,8,11,6,7,4,7,7,8,4,11,11,0,11,0,6,6,8,6,9,10,11,9,11,11,6,6,4,9,5,9,4,4,5,9,9,2,10,2,4,5,6,11,5,10,2,3,11,6,3,5,4,9,6,11,2,10,2,11,11,3,3,8,5,9,7,4,3
0,7,7,7,7,8,10,3,11,2,10,6,6,9,5,3,10,3,10,11,6,8,5,5,9,4,6,0,0,3,4,4,0,0,5,5,7,0,9,8,3,3,8,0,4,2,4,9,6,8,10,7,11,11,11,8,0,5,3,6,5,7,4,4,8,5,8,6,2,5,2,7,6,8,2,0,10,6,4,7,11,0,0,9,0,7,8,5,8,8,9,5,0,0,2,0,2,7,7,9,7,10,11,0,10,0,0,7,7,5,10,6,10,5,5,6,10,10,3,11,3,5,6,7,0,6,11,3,4,0,7,4,6,5,10,7,0,3,11,3,0,0,4,4,9,6,10,8,5,4
2,8,8,8,8,9,11,4,0,3,11,7,7,10,6,4,11,4,11,0,7,9,6,6,10,5,7,2,2,4,5,5,2,2,6,6,8,2,10,9,4,4,9,2,5,3,5,10,7,9,11,8,0,0,0,9,2,6,4,7,6,8,5,5,9,6,9,7,3,6,3,8,7,9,3,2,11,7,5,8,0,2,2,10,2,8,9,6,9,9,10,6,2,2,3,2,3,8,8,10,8,11,0,2,11,2,2,8,8,6,11,7,11,6,6,7,11,11,4,0,4,6,7,8,2,7,0,4,5,2,8,5,7,6,11,8,2,4,0,4,2,2,5,5,10,7,11,9,6,5
3,9,9,9,9,10,0,5,2,4,0,8,8,11,7,5,0,5,0,2,8,10,7,7,11,6,8,3,3,5,6,6,3,3,7,7,9,3,11,10,5,5,10,3,6,4,6,11,8,10,0,9,2,2,2,10,3,7,5,8,7,9,6,6,10,7,10,8,4,7,4,9,8,10,4,3,0,8,6,9,2,3,3,11,3,9,10,7,10,10,11,7,3,3,4,3,4,9,9,11,9,0,2,3,0,3,3,9,9,7,0,8,0,7,7,8,0,0,5,2,5,7,8,9,3,8,2,5,6,3,9,6,8,7,0,9,3,5,2,5,3,3,6,6,11,8,0,10,7,6
4,10,10,10,10,11,2,6,3,5,2,9,9,0,8,6,2,6,2,3,9,11,8,8,0,7,9,4,4,6,7,7,4,4,8,8,10,4,0,11,6,6,11,4,7,5,7,0,9,11,2,10,3,3,3,11,4,8,6,9,8,10,7,7,11,8,11,9,5,8,5,10,9,11,5,4,2,9,7,10,3,4,4,0,4,10,11,8,11,11,0,8,4,4,5,4,5,10,10,0,10,2,3,4,2,4,4,10,10,8,2,9,2,8,8,9,2,2,6,3,6,8,9,10,4,9,3,6,7,4,10,7,9,8,2,10,4,6,3,6,4,4,7,7,0,9,2,11,8,7
5,11,11,11,11,0,3,7,4,6,3,10,10,2,9,7,3,7,3,4,10,0,9,9,2,8,10,5,5,7,8,8,5,5,9,9,11,5,2,0,7,7,0,5,8,6,8,2,10,0,3,11,4,4,4,0,5,9,7,10,9,11,8,8,0,9,0,10,6,9,6,11,10,0,6,5,3,10,8,11,4,5,5,2,5,11,0,9,0,0,2,9,5,5,6,5,6,11,11,2,11,3,4,5,3,5,5,11,11,9,3,10,3,9,9,10,3,3,7,4,7,9,10,11,5,10,4,7,8,5,11,8,10,9,3,11,5,7,4,7,5,5,8,8,2,10,3,0,9,8
6,0,0,0,0,2,4,8,5,7,4,11,11,3,10,8,4,8,4,5,11,2,10,10,3,9,11,6,6,8,9,9,6,6,10,10,0,6,3,2,8,8,2,6,9,7,9,3,11,2,4,0,5,5,5,2,6,10,8,11,10,0,9,9,2,10,2,11,7,10,7,0,11,2,7,6,4,11,9,0,5,6,6,3,6,0,2,10,2,2,3,10,6,6,7,6,7,0,0,3,0,4,5,6,4,6,6,0,0,10,4,11,4,10,10,11,4,4,8,5,8,10,11,0,6,11,5,8,9,6,0,9,11,10,4,0,6,8,5,8,6,6,9,9,3,11,4,2,10,9
7,2,2,2,2,3,5,9,6,8,5,0,0,4,11,9,5,9,5,6,0,3,11,11,4,10,0,7,7,9,10,10,7,7,11,11,2,7,4,3,9,9,3,7,10,8,10,4,0,3,5,2,6,6,6,3,7,11,9,0,11,2,10,10,3,11,3,0,8,11,8,2,0,3,8,7,5,0,10,2,6,7,7,4,7,2,3,11,3,3,4,11,7,7,8,7,8,2,2,4,2,5,6,7,5,7,7,2,2,11,5,0,5,11,11,0,5,5,9,6,9,11,0,2,7,0,6,9,10,7,2,10,0,11,5,2,7,9,6,9,7,7,10,10,4,0,5,3,11,10
8,3,3,3,3,4,6,10,7,9,6,2,2,5,0,10,6,10,6,7,2,4,0,0,5,11,2,8,8,10,11,11,8,8,0,0,3,8,5,4,10,10,4,8,11,9,11,5,2,4,6,3,7,7,7,4,8,0,10,2,0,3,11,11,4,0,4,2,9,0,9,3,2,4,9,8,6,2,11,3,7,8,8,5,8,3,4,0,4,4,5,0,8,8,9,8,9,3,3,5,3,6,7,8,6,8,8,3,3,0,6,2,6,0,0,2,6,6,10,7,10,0,2,3,8,2,7,10,11,8,3,11,2,0,6,3,8,10,7,10,8,8,11,11,5,2,6,4,0,11
9,4,4,4,4,5,7,11,8,10,7,3,3,6,2,11,7,11,7,8,3,5,2,2,6,0,3,9,9,11,0,0,9,9,2,2,4,9,6,5,11,11,5,9,0,10,0,6,3,5,7,4,8,8,8,5,9,2,11,3,2,4,0,0,5,2,5,3,10,2,10,4,3,5,10,9,7,3,0,4,8,9,9,6,9,4,5,2,5,5,6,2,9,9,10,9,10,4,4,6,4,7,8,9,7,9,9,4,4,2,7,3,7,2,2,3,7,7,11,8,11,2,3,4,9,3,8,11,0,9,4,0,3,2,7,4,9,11,8,11,9,9,0,0,6,3,7,5,2,0
10,5,5,5,5,6,8,0,9,11,8,4,4,7,3,0,8,0,8,9,4,6,3,3,7,2,4,10,10,0,2,2,10,10,3,3,5,10,7,6,0,0,6,10,2,11,2,7,4,6,8,5,9,9,9,6,10,3,0,4,3,5,2,2,6,3,6,4,11,3,11,5,4,6,11,10,8,4,2,5,9,10,10,7,10,5,6,3,6,6,7,3,10,10,11,10,11,5,5,7,5,8,9,10,8,10,10,5,5,3,8,4,8,3,3,4,8,8,0,9,0,3,4,5,10,4,9,0,2,10,5,2,4,3,8,5,10,0,9,0,10,10,2,2,7,4,8,6,3,2
11,6,6,6,6,7,9,2,10,0,9,5,5,8,4,2,9,2,9,10,5,7,4,4,8,3,5,11,11,2,3,3,11,11,4,4,6,11,8,7,2,2,7,11,3,0,3,8,5,7,9,6,10,10,10,7,11,4,2,5,4,6,3,3,7,4,7,5,0,4,0,6,5,7,0,11,9,5,3,6,10,11,11,8,11,6,7,4,7,7,8,4,11,11,0,11,0,6,6,8,6,9,10,11,9,11,11,6,6,4,9,5,9,4,4,5,9,9,2,10,2,4,5,6,11,5,10,2,3,11,6,3,5,4,9,6,11,2,10,2,11,11,3,3,8,5,9,7,4,3
0,7,7,7,7,8,10,3,11,2,10,6,6,9,5,3,10,3,10,11,6,8,5,5,9,4,6,0,0,3,4,4,0,0,5,5,7,0,9,8,3,3,8,0,4,2,4,9,6,8,10,7,11,11,11,8,0,5,3,6,5,7,4,4,8,5,8,6,2,5,2,7,6,8,2,0,10,6,4,7,11,0,0,9,0,7,8,5,8,8,9,5,0,0,2,0,2,7,7,9,7,10,11,0,10,0,0,7,7,5,10,6,10,5,5,6,10,10,3,11,3,5,6,7,0,6,11,3,4,0,7,4,6,5,10,7,0,3,11,3,0,0,4,4,9,6,10,8,5,4
2,8,8,8,8,9,11,4,0,3,11,7,7,10,6,4,11,4,11,0,7,9,6,6,10,5,7,2,2,4,5,5,2,2,6,6,8,2,10,9,4,4,9,2,5,3,5,10,7,9,11,8,0,0,0,9,2,6,4,7,6,8,5,5,9,6,9,7,3,6,3,8,7,9,3,2,11,7,5,8,0,2,2,10,2,8,9,6,9,9,10,6,2,2,3,2,3,8,8,10,8,11,0,2,11,2,2,8,8,6,11,7,11,6,6,7,11,11,4,0,4,6,7,8,2,7,0,4,5,2,8,5,7,6,11,8,2,4,0,4,2,2,5,5,10,7,11,9,6,5
3,9,9,9,9,10,0,5,2,4,0,8,8,11,7,5,0,5,0,2,8,10,7,7,11,6,8,3,3,5,6,6,3,3,7,7,9,3,11,10,5,5,10,3,6,4,6,11,8,10,0,9,2,2,2,10,3,7,5,8,7,9,6,6,10,7,10,8,4,7,4,9,8,10,4,3,0,8,6,9,2,3,3,11,3,9,10,7,10,10,11,7,3,3,4,3,4,9,9,11,9,0,2,3,0,3,3,9,9,7,0,8,0,7,7,8,0,0,5,2,5,7,8,9,3,8,2,5,6,3,9,6,8,7,0,9,3,5,2,5,3,3,6,6,11,8,0,10,7,6
4,10,10,10,10,11,2,6,3,5,2,9,9,0,8,6,2,6,2,3,9,11,8,8,0,7,9,4,4,6,7,7,4,4,8,8,10,4,0,11,6,6,11,4,7,5,7,0,9,11,2,10,3,3,3,11,4,8,6,9,8,10,7,7,11,8,11,9,5,8,5,10,9,11,5,4,2,9,7,10,3,4,4,0,4,10,11,8,11,11,0,8,4,4,5,4,5,10,10,0,10,2,3,4,2,4,4,10,10,8,2,9,2,8,8,9,2,2,6,3,6,8,9,10,4,9,3,6,7,4,10,7,9,8,2,10,4,6,3,6,4,4,7,7,0,9,2,11,8,7
5,11,11,11,11,0,3,7,4,6,3,10,10,2,9,7,3,7,3,4,10,0,9,9,2,8,10,5,5,7,8,8,5,5,9,9,11,5,2,0,7,7,0,5,8,6,8,2,10,0,3,11,4,4,4,0,5,9,7,10,9,11,8,8,0,9,0,10,6,9,6,11,10,0,6,5,3,10,8,11,4,5,5,2,5,11,0,9,0,0,2,9,5,5,6,5,6,11,11,2,11,3,4,5,3,5,5,11,11,9,3,10,3,9,9,10,3,3,7,4,7,9,10,11,5,10,4,7,8,5,11,8,10,9,3,11,5,7,4,7,5,5,8,8,2,10,3,0,9,8
6,0,0,0,0,2,4,8,5,7,4,11,11,3,10,8,4,8,4,5,11,2,10,10,3,9,11,6,6,8,9,9,6,6,10,10,0,6,3,2,8,8,2,6,9,7,9,3,11,2,4,0,5,5,5,2,6,10,8,11,10,0,9,9,2,10,2,11,7,10,7,0,11,2,7,6,4,11,9,0,5,6,6,3,6,0,2,10,2,2,3,10,6,6,7,6,7,0,0,3,0,4,5,6,4,6,6,0,0,10,4,11,4,10,10,11,4,4,8,5,8,10,11,0,6,11,5,8,9,6,0,9,11,10,4,0,6,8,5,8,6,6,9,9,3,11,4,2,10,9
7,2,2,2,2,3,5,9,6,8,5,0,0,4,11,9,5,9,5,6,0,3,11,11,4,10,0,7,7,9,10,10,7,7,11,11,2,7,4,3,9,9,3,7,10,8,10,4,0,3,5,2,6,6,6,3,7,11,9,0,11,2,10,10,3,11,3,0,8,11,8,2,0,3,8,7,5,0,10,2,6,7,7,4,7,2,3,11,3,3,4,11,7,7,8,7,8,2,2,4,2,5,6,7,5,7,7,2,2,11,5,0,5,11,11,0,5,5,9,6,9,11,0,2,7,0,6,9,10,7,2,10,0,11,5,2,7,9,6,9,7,7,10,10,4,0,5,3,11,10
8,3,3,3,3,4,6,10,7,9,6,2,2,5,0,10,6,10,6,7,2,4,0,0,5,11,2,8,8,10,11,11,8,8,0,0,3,8,5,4,10,10,4,8,11,9,11,5,2,4,6,3,7,7,7,4,8,0,10,2,0,3,11,11,4,0,4,2,9,0,9,3,2,4,9,8,6,2,11,3,7,8,8,5,8,3,4,0,4,4,5,0,8,8,9,8,9,3,3,5,3,6,7,8,6,8,8,3,3,0,6,2,6,0,0,2,6,6,10,7,10,0,2,3,8,2,7,10,11,8,3,11,2,0,6,3,8,10,7,10,8,8,11,11,5,2,6,4,0,11
9,4,4,4,4,5,7,11,8,10,7,3,3,6,2,11,7,11,7,8,3,5,2,2,6,0,3,9,9,11,0,0,9,9,2,2,4,9,6,5,11,11,5,9,0,10,0,6,3,5,7,4,8,8,8,5,9,2,11,3,2,4,0,0,5,2,5,3,10,2,10,4,3,5,10,9,7,3,0,4,8,9,9,6,9,4,5,2,5,5,6,2,9,9,10,9,10,4,4,6,4,7,8,9,7,9,9,4,4,2,7,3,7,2,2,3,7,7,11,8,11,2,3,4,9,3,8,11,0,9,4,0,3,2,7,4,9,11,8,11,9,9,0,0,6,3,7,5,2,0
10,5,5,5,5,6,8,0,9,11,8,4,4,7,3,0,8,0,8,9,4,6,3,3,7,2,4,10,10,0,2,2,10,10,3,3,5,10,7,6,0,0,6,10,2,11,2,7,4,6,8,5,9,9,9,6,10,3,0,4,3,5,2,2,6,3,6,4,11,3,11,5,4,6,11,10,8,4,2,5,9,10,10,7,10,5,6,3,6,6,7,3,10,10,11,10,11,5,5,7,5,8,9,10,8,10,10,5,5,3,8,4,8,3,3,4,8,8,0,9,0,3,4,5,10,4,9,0,2,10,5,2,4,3,8,5,10,0,9,0,10,10,2,2,7,4,8,6,3,2
11,6,6,6,6,7,9,2,10,0,9,5,5,8,4,2,9,2,9,10,5,7,4,4,8,3,5,11,11,2,3,3,11,11,4,4,6,11,8,7,2,2,7,11,3,0,3,8,5,7,9,6,10,10,10,7,11,4,2,5,4,6,3,3,7,4,7,5,0,4,0,6,5,7,0,11,9,5,3,6,10,11,11,8,11,6,7,4,7,7,8,4,11,11,0,11,0,6,6,8,6,9,10,11,9,11,11,6,6,4,9,5,9,4,4,5,9,9,2,10,2,4,5,6,11,5,10,2,3,11,6,3,5,4,9,6,11,2,10,2,11,11,3,3,8,5,9,7,4,3
0,7,7,7,7,8,10,3,11,2,10,6,6,9,5,3,10,3,10,11,6,8,5,5,9,4,6,0,0,3,4,4,0,0,5,5,7,0,9,8,3,3,8,0,4,2,4,9,6,8,10,7,11,11,11,8,0,5,3,6,5,7,4,4,8,5,8,6,2,5,2,7,6,8,2,0,10,6,4,7,11,0,0,9,0,7,8,5,8,8,9,5,0,0,2,0,2,7,7,9,7,10,11,0,10,0,0,7,7,5,10,6,10,5,5,6,10,10,3,11,3,5,6,7,0,6,11,3,4,0,7,4,6,5,10,7,0,3,11,3,0,0,4,4,9,6,10,8,5,4
2,8,8,8,8,9,11,4,0,3,11,7,7,10,6,4,11,4,11,0,7,9,6,6,10,5,7,2,2,4,5,5,2,2,6,6,8,2,10,9,4,4,9,2,5,3,5,10,7,9,11,8,0,0,0,9,2,6,4,7,6,8,5,5,9,6,9,7,3,6,3,8,7,9,3,2,11,7,5,8,0,2,2,10,2,8,9,6,9,9,10,6,2,2,3,2,3,8,8,10,8,11,0,2,11,2,2,8,8,6,11,7,11,6,6,7,11,11,4,0,4,6,7,8,2,7,0,4,5,2,8,5,7,6,11,8,2,4,0,4,2,2,5,5,10,7,11,9,6,5
3,9,9,9,9,10,0,5,2,4,0,8,8,11,7,5,0,5,0,2,8,10,7,7,11,6,8,3,3,5,6,6,3,3,7,7,9,3,11,10,5,5,10,3,6,4,6,11,8,10,0,9,2,2,2,10,3,7,5,8,7,9,6,6,10,7,10,8,4,7,4,9,8,10,4,3,0,8,6,9,2,3,3,11,3,9,10,7,10,10,11,7,3,3,4,3,4,9,9,11,9,0,2,3,0,3,3,9,9,7,0,8,0,7,7,8,0,0,5,2,5,7,8,9,3,8,2,5,6,3,9,6,8,7,0,9,3,5,2,5,3,3,6,6,11,8,0,10,7,6
4,10,10,10,10,11,2,6,3,5,2,9,9,0,8,6,2,6,2,3,9,11,8,8,0,7,9,4,4,6,7,7,4,4,8,8,10,4,0,11,6,6,11,4,7,5,7,0,9,11,2,10,3,3,3,11,4,8,6,9,8,10,7,7,11,8,11,9,5,8,5,10,9,11,5,4,2,9,7,10,3,4,4,0,4,10,11,8,11,11,0,8,4,4,5,4,5,10,10,0,10,2,3,4,2,4,4,10,10,8,2,9,2,8,8,9,2,2,6,3,6,8,9,10,4,9,3,6,7,4,10,7,9,8,2,10,4,6,3,6,4,4,7,7,0,9,2,11,8,7
5,11,11,11,11,0,3,7,4,6,3,10,10,2,9,7,3,7,3,4,10,0,9,9,2,8,10,5,5,7,8,8,5,5,9,9,11,5,2,0,7,7,0,5,8,6,8,2,10,0,3,11,4,4,4,0,5,9,7,10,9,11,8,8,0,9,0,10,6,9,6,11,10,0,6,5,3,10,8,11,4,5,5,2,5,11,0,9,0,0,2,9,5,5,6,5,6,11,11,2,11,3,4,5,3,5,5,11,11,9,3,10,3,9,9,10,3,3,7,4,7,9,10,11,5,10,4,7,8,5,11,8,10,9,3,11,5,7,4,7,5,5,8,8,2,10,3,0,9,8
6,0,0,0,0,2,4,8,5,7,4,11,11,3,10,8,4,8,4,5,11,2,10,10,3,9,11,6,6,8,9,9,6,6,10,10,0,6,3,2,8,8,2,6,9,7,9,3,11,2,4,0,5,5,5,2,6,10,8,11,10,0,9,9,2,10,2,11,7,10,7,0,11,2,7,6,4,11,9,0,5,6,6,3,6,0,2,10,2,2,3,10,6,6,7,6,7,0,0,3,0,4,5,6,4,6,6,0,0,10,4,11,4,10,10,11,4,4,8,5,8,10,11,0,6,11,5,8,9,6,0,9,11,10,4,0,6,8,5,8,6,6,9,9,3,11,4,2,10,9
7,2,2,2,2,3,5,9,6,8,5,0,0,4,11,9,5,9,5,6,0,3,11,11,4,10,0,7,7,9,10,10,7,7,11,11,2,7,4,3,9,9,3,7,10,8,10,4,0,3,5,2,6,6,6,3,7,11,9,0,11,2,10,10,3,11,3,0,8,11,8,2,0,3,8,7,5,0,10,2,6,7,7,4,7,2,3,11,3,3,4,11,7,7,8,7,8,2,2,4,2,5,6,7,5,7,7,2,2,11,5,0,5,11,11,0,5,5,9,6,9,11,0,2,7,0,6,9,10,7,2,10,0,11,5,2,7,9,6,9,7,7,10,10,4,0,5,3,11,10
8,3,3,3,3,4,6,10,7,9,6,2,2,5,0,10,6,10,6,7,2,4,0,0,5,11,2,8,8,10,11,11,8,8,0,0,3,8,5,4,10,10,4,8,11,9,11,5,2,4,6,3,7,7,7,4,8,0,10,2,0,3,11,11,4,0,4,2,9,0,9,3,2,4,9,8,6,2,11,3,7,8,8,5,8,3,4,0,4,4,5,0,8,8,9,8,9,3,3,5,3,6,7,8,6,8,8,3,3,0,6,2,6,0,0,2,6,6,10,7,10,0,2,3,8,2,7,10,11,8,3,11,2,0,6,3,8,10,7,10,8,8,11,11,5,2,6,4,0,11
9,4,4,4,4,5,7,11,8,10,7,3,3,6,2,11,7,11,7,8,3,5,2,2,6,0,3,9,9,11,0,0,9,9,2,2,4,9,6,5,11,11,5,9,0,10,0,6,3,5,7,4,8,8,8,5,9,2,11,3,2,4,0,0,5,2,5,3,10,2,10,4,3,5,10,9,7,3,0,4,8,9,9,6,9,4,5,2,5,5,6,2,9,9,10,9,10,4,4,6,4,7,8,9,7,9,9,4,4,2,7,3,7,2,2,3,7,7,11,8,11,2,3,4,9,3,8,11,0,9,4,0,3,2,7,4,9,11,8,11,9,9,0,0,6,3,7,5,2,0
10,5,5,5,5,6,8,0,9,11,8,4,4,7,3,0,8,0,8,9,4,6,3,3,7,2,4,10,10,0,2,2,10,10,3,3,5,10,7,6,0,0,6,10,2,11,2,7,4,6,8,5,9,9,9,6,10,3,0,4,3,5,2,2,6,3,6,4,11,3,11,5,4,6,11,10,8,4,2,5,9,10,10,7,10,5,6,3,6,6,7,3,10,10,11,10,11,5,5,7,5,8,9,10,8,10,10,5,5,3,8,4,8,3,3,4,8,8,0,9,0,3,4,5,10,4,9,0,2,10,5,2,4,3,8,5,10,0,9,0,10,10,2,2,7,4,8,6,3,2
11,6,6,6,6,7,9,2,10,0,9,5,5,8,4,2,9,2,9,10,5,7,4,4,8,3,5,11,11,2,3,3,11,11,4,4,6,11,8,7,2,2,7,11,3,0,3,8,5,7,9,6,10,10,10,7,11,4,2,5,4,6,3,3,7,4,7,5,0,4,0,6,5,7,0,11,9,5,3,6,10,11,11,8,11,6,7,4,7,7,8,4,11,11,0,11,0,6,6,8,6,9,10,11,9,11,11,6,6,4,9,5,9,4,4,5,9,9,2,10,2,4,5,6,11,5,10,2,3,11,6,3,5,4,9,6,11,2,10,2,11,11,3,3,8,5,9,7,4,3
0,7,7,7,7,8,10,3,11,2,10,6,6,9,5,3,10,3,10,11,6,8,5,5,9,4,6,0,0,3,4,4,0,0,5,5,7,0,9,8,3,3,8,0,4,2,4,9,6,8,10,7,11,11,11,8,0,5,3,6,5,7,4,4,8,5,8,6,2,5,2,7,6,8,2,0,10,6,4,7,11,0,0,9,0,7,8,5,8,8,9,5,0,0,2,0,2,7,7,9,7,10,11,0,10,0,0,7,7,5,10,6,10,5,5,6,10,10,3,11,3,5,6,7,0,6,11,3,4,0,7,4,6,5,10,7,0,3,11,3,0,0,4,4,9,6,10,8,5,4
2,8,8,8,8,9,11,4,0,3,11,7,7,10,6,4,11,4,11,0,7,9,6,6,10,5,7,2,2,4,5,5,2,2,6,6,8,2,10,9,4,4,9,2,5,3,5,10,7,9,11,8,0,0,0,9,2,6,4,7,6,8,5,5,9,6,9,7,3,6,3,8,7,9,3,2,11,7,5,8,0,2,2,10,2,8,9,6,9,9,10,6,2,2,3,2,3,8,8,10,8,11,0,2,11,2,2,8,8,6,11,7,11,6,6,7,11,11,4,0,4,6,7,8,2,7,0,4,5,2,8,5,7,6,11,8,2,4,0,4,2,2,5,5,10,7,11,9,6,5
3,9,9,9,9,10,0,5,2,4,0,8,8,11,7,5,0,5,0,2,8,10,7,7,11,6,8,3,3,5,6,6,3,3,7,7,9,3,11,10,5,5,10,3,6,4,6,11,8,10,0,9,2,2,2,10,3,7,5,8,7,9,6,6,10,7,10,8,4,7,4,9,8,10,4,3,0,8,6,9,2,3,3,11,3,9,10,7,10,10,11,7,3,3,4,3,4,9,9,11,9,0,2,3,0,3,3,9,9,7,0,8,0,7,7,8,0,0,5,2,5,7,8,9,3,8,2,5,6,3,9,6,8,7,0,9,3,5,2,5,3,3,6,6,11,8,0,10,7,6
4,10,10,10,10,11,2,6,3,5,2,9,9,0,8,6,2,6,2,3,9,11,8,8,0,7,9,4,4,6,7,7,4,4,8,8,10,4,0,11,6,6,11,4,7,5,7,0,9,11,2,10,3,3,3,11,4,8,6,9,8,10,7,7,11,8,11,9,5,8,5,10,9,11,5,4,2,9,7,10,3,4,4,0,4,10,11,8,11,11,0,8,4,4,5,4,5,10,10,0,10,2,3,4,2,4,4,10,10,8,2,9,2,8,8,9,2,2,6,3,6,8,9,10,4,9,3,6,7,4,10,7,9,8,2,10,4,6,3,6,4,4,7,7,0,9,2,11,8,7
5,11,11,11,11,0,3,7,4,6,3,10,10,2,9,7,3,7,3,4,10,0,9,9,2,8,10,5,5,7,8,8,5,5,9,9,11,5,2,0,7,7,0,5,8,6,8,2,10,0,3,11,4,4,4,0,5,9,7,10,9,11,8,8,0,9,0,10,6,9,6,11,10,0,6,5,3,10,8,11,4,5,5,2,5,11,0,9,0,0,2,9,5,5,6,5,6,11,11,2,11,3,4,5,3,5,5,11,11,9,3,10,3,9,9,10,3,3,7,4,7,9,10,11,5,10,4,7,8,5,11,8,10,9,3,11,5,7,4,7,5,5,8,8,2,10,3,0,9,8
6,0,0,0,0,2,4,8,5,7,4,11,11,3,10,8,4,8,4,5,11,2,10,10,3,9,11,6,6,8,9,9,6,6,10,10,0,6,3,2,8,8,2,6,9,7,9,3,11,2,4,0,5,5,5,2,6,10,8,11,10,0,9,9,2,10,2,11,7,10,7,0,11,2,7,6,4,11,9,0,5,6,6,3,6,0,2,10,2,2,3,10,6,6,7,6,7,0,0,3,0,4,5,6,4,6,6,0,0,10,4,11,4,10,10,11,4,4,8,5,8,10,11,0,6,11,5,8,9,6,0,9,11,10,4,0,6,8,5,8,6,6,9,9,3,11,4,2,10,9
7,2,2,2,2,3,5,9,6,8,5,0,0,4,11,9,5,9,5,6,0,3,11,11,4,10,0,7,7,9,10,10,7,7,11,11,2,7,4,3,9,9,3,7,10,8,10,4,0,3,5,2,6,6,6,3,7,11,9,0,11,2,10,10,3,11,3,0,8,11,8,2,0,3,8,7,5,0,10,2,6,7,7,4,7,2,3,11,3,3,4,11,7,7,8,7,8,2,2,4,2,5,6,7,5,7,7,2,2,11,5,0,5,11,11,0,5,5,9,6,9,11,0,2,7,0,6,9,10,7,2,10,0,11,5,2,7,9,6,9,7,7,10,10,4,0,5,3,11,10
8,3,3,3,3,4,6,10,7,9,6,2,2,5,0,10,6,10,6,7,2,4,0,0,5,11,2,8,8,10,11,11,8,8,0,0,3,8,5,4,10,10,4,8,11,9,11,5,2,4,6,3,7,7,7,4,8,0,10,2,0,3,11,11,4,0,4,2,9,0,9,3,2,4,9,8,6,2,11,3,7,8,8,5,8,3,4,0,4,4,5,0,8,8,9,8,9,3,3,5,3,6,7,8,6,8,8,3,3,0,6,2,6,0,0,2,6,6,10,7,10,0,2,3,8,2,7,10,11,8,3,11,2,0,6,3,8,10,7,10,8,8,11,11,5,2,6,4,0,11
9,4,4,4,4,5,7,11,8,10,7,3,3,6,2,11,7,11,7,8,3,5,2,2,6,0,3,9,9,11,0,0,9,9,2,2,4,9,6,5,11,11,5,9,0,10,0,6,3,5,7,4,8,8,8,5,9,2,11,3,2,4,0,0,5,2,5,3,10,2,10,4,3,5,10,9,7,3,0,4,8,9,9,6,9,4,5,2,5,5,6,2,9,9,10,9,10,4,4,6,4,7,8,9,7,9,9,4,4,2,7,3,7,2,2,3,7,7,11,8,11,2,3,4,9,3,8,11,0,9,4,0,3,2,7,4,9,11,8,11,9,9,0,0,6,3,7,5,2,0
10,5,5,5,5,6,8,0,9,11,8,4,4,7,3,0,8,0,8,9,4,6,3,3,7,2,4,10,10,0,2,2,10,10,3,3,5,10,7,6,0,0,6,10,2,11,2,7,4,6,8,5,9,9,9,6,10,3,0,4,3,5,2,2,6,3,6,4,11,3,11,5,4,6,11,10,8,4,2,5,9,10,10,7,10,5,6,3,6,6,7,3,10,10,11,10,11,5,5,7,5,8,9,10,8,10,10,5,5,3,8,4,8,3,3,4,8,8,0,9,0,3,4,5,10,4,9,0,2,10,5,2,4,3,8,5,10,0,9,0,10,10,2,2,7,4,8,6,3,2
11,6,6,6,6,7,9,2,10,0,9,5,5,8,4,2,9,2,9,10,5,7,4,4,8,3,5,11,11,2,3,3,11,11,4,4,6,11,8,7,2,2,7,11,3,0,3,8,5,7,9,6,10,10,10,7,11,4,2,5,4,6,3,3,7,4,7,5,0,4,0,6,5,7,0,11,9,5,3,6,10,11,11,8,11,6,7,4,7,7,8,4,11,11,0,11,0,6,6,8,6,9,10,11,9,11,11,6,6,4,9,5,9,4,4,5,9,9,2,10,2,4,5,6,11,5,10,2,3,11,6,3,5,4,9,6,11,2,10,2,11,11,3,3,8,5,9,7,4,3
0,7,7,7,7,8,10,3,11,2,10,6,6,9,5,3,10,3,10,11,6,8,5,5,9,4,6,0,0,3,4,4,0,0,5,5,7,0,9,8,3,3,8,0,4,2,4,9,6,8,10,7,11,11,11,8,0,5,3,6,5,7,4,4,8,5,8,6,2,5,2,7,6,8,2,0,10,6,4,7,11,0,0,9,0,7,8,5,8,8,9,5,0,0,2,0,2,7,7,9,7,10,11,0,10,0,0,7,7,5,10,6,10,5,5,6,10,10,3,11,3,5,6,7,0,6,11,3,4,0,7,4,6,5,10,7,0,3,11,3,0,0,4,4,9,6,10,8,5,4
2,8,8,8,8,9,11,4,0,3,11,7,7,10,6,4,11,4,11,0,7,9,6,6,10,5,7,2,2,4,5,5,2,2,6,6,8,2,10,9,4,4,9,2,5,3,5,10,7,9,11,8,0,0,0,9,2,6,4,7,6,8,5,5,9,6,9,7,3,6,3,8,7,9,3,2,11,7,5,8,0,2,2,10,2,8,9,6,9,9,10,6,2,2,3,2,3,8,8,10,8,11,0,2,11,2,2,8,8,6,11,7,11,6,6,7,11,11,4,0,4,6,7,8,2,7,0,4,5,2,8,5,7,6,11,8,2,4,0,4,2,2,5,5,10,7,11,9,6,5
3,9,9,9,9,10,0,5,2,4,0,8,8,11,7,5,0,5,0,2,8,10,7,7,11,6,8,3,3,5,6,6,3,3,7,7,9,3,11,10,5,5,10,3,6,4,6,11,8,10,0,9,2,2,2,10,3,7,5,8,7,9,6,6,10,7,10,8,4,7,4,9,8,10,4,3,0,8,6,9,2,3,3,11,3,9,10,7,10,10,11,7,3,3,4,3,4,9,9,11,9,0,2,3,0,3,3,9,9,7,0,8,0,7,7,8,0,0,5,2,5,7,8,9,3,8,2,5,6,3,9,6,8,7,0,9,3,5,2,5,3,3,6,6,11,8,0,10,7,6
4,10,10,10,10,11,2,6,3,5,2,9,9,0,8,6,2,6,2,3,9,11,8,8,0,7,9,4,4,6,7,7,4,4,8,8,10,4,0,11,6,6,11,4,7,5,7,0,9,11,2,10,3,3,3,11,4,8,6,9,8,10,7,7,11,8,11,9,5,8,5,10,9,11,5,4,2,9,7,10,3,4,4,0,4,10,11,8,11,11,0,8,4,4,5,4,5,10,10,0,10,2,3,4,2,4,4,10,10,8,2,9,2,8,8,9,2,2,6,3,6,8,9,10,4,9,3,6,7,4,10,7,9,8,2,10,4,6,3,6,4,4,7,7,0,9,2,11,8,7
5,11,11,11,11,0,3,7,4,6,3,10,10,2,9,7,3,7,3,4,10,0,9,9,2,8,10,5,5,7,8,8,5,5,9,9,11,5,2,0,7,7,0,5,8,6,8,2,10,0,3,11,4,4,4,0,5,9,7,10,9,11,8,8,0,9,0,10,6,9,6,11,10,0,6,5,3,10,8,11,4,5,5,2,5,11,0,9,0,0,2,9,5,5,6,5,6,11,11,2,11,3,4,5,3,5,5,11,11,9,3,10,3,9,9,10,3,3,7,4,7,9,10,11,5,10,4,7,8,5,11,8,10,9,3,11,5,7,4,7,5,5,8,8,2,10,3,0,9,8
6,0,0,0,0,2,4,8,5,7,4,11,11,3,10,8,4,8,4,5,11,2,10,10,3,9,11,6,6,8,9,9,6,6,10,10,0,6,3,2,8,8,2,6,9,7,9,3,11,2,4,0,5,5,5,2,6,10,8,11,10,0,9,9,2,10,2,11,7,10,7,0,11,2,7,6,4,11,9,0,5,6,6,3,6,0,2,10,2,2,3,10,6,6,7,6,7,0,0,3,0,4,5,6,4,6,6,0,0,10,4,11,4,10,10,11,4,4,8,5,8,10,11,0,6,11,5,8,9,6,0,9,11,10,4,0,6,8,5,8,6,6,9,9,3,11,4,2,10,9
7,2,2,2,2,3,5,9,6,8,5,0,0,4,11,9,5,9,5,6,0,3,11,11,4,10,0,7,7,9,10,10,7,7,11,11,2,7,4,3,9,9,3,7,10,8,10,4,0,3,5,2,6,6,6,3,7,11,9,0,11,2,10,10,3,11,3,0,8,11,8,2,0,3,8,7,5,0,10,2,6,7,7,4,7,2,3,11,3,3,4,11,7,7,8,7,8,2,2,4,2,5,6,7,5,7,7,2,2,11,5,0,5,11,11,0,5,5,9,6,9,11,0,2,7,0,6,9,10,7,2,10,0,11,5,2,7,9,6,9,7,7,10,10,4,0,5,3,11,10
8,3,3,3,3,4,6,10,7,9,6,2,2,5,0,10,6,10,6,7,2,4,0,0,5,11,2,8,8,10,11,11,8,8,0,0,3,8,5,4,10,10,4,8,11,9,11,5,2,4,6,3,7,7,7,4,8,0,10,2,0,3,11,11,4,0,4,2,9,0,9,3,2,4,9,8,6,2,11,3,7,8,8,5,8,3,4,0,4,4,5,0,8,8,9,8,9,3,3,5,3,6,7,8,6,8,8,3,3,0,6,2,6,0,0,2,6,6,10,7,10,0,2,3,8,2,7,10,11,8,3,11,2,0,6,3,8,10,7,10,8,8,11,11,5,2,6,4,0,11
9,4,4,4,4,5,7,11,8,10,7,3,3,6,2,11,7,11,7,8,3,5,2,2,6,0,3,9,9,11,0,0,9,9,2,2,4,9,6,5,11,11,5,9,0,10,0,6,3,5,7,4,8,8,8,5,9,2,11,3,2,4,0,0,5,2,5,3,10,2,10,4,3,5,10,9,7,3,0,4,8,9,9,6,9,4,5,2,5,5,6,2,9,9,10,9,10,4,4,6,4,7,8,9,7,9,9,4,4,2,7,3,7,2,2,3,7,7,11,8,11,2,3,4,9,3,8,11,0,9,4,0,3,2,7,4,9,11,8,11,9,9,0,0,6,3,7,5,2,0
10,5,5,5,5,6,8,0,9,11,8,4,4,7,3,0,8,0,8,9,4,6,3,3,7,2,4,10,10,0,2,2,10,10,3,3,5,10,7,6,0,0,6,10,2,11,2,7,4,6,8,5,9,9,9,6,10,3,0,4,3,5,2,2,6,3,6,4,11,3,11,5,4,6,11,10,8,4,2,5,9,10,10,7,10,5,6,3,6,6,7,3,10,10,11,10,11,5,5,7,5,8,9,10,8,10,10,5,5,3,8,4,8,3,3,4,8,8,0,9,0,3,4,5,10,4,9,0,2,10,5,2,4,3,8,5,10,0,9,0,10,10,2,2,7,4,8,6,3,2
11,6,6,6,6,7,9,2,10,0,9,5,5,8,4,2,9,2,9,10,5,7,4,4,8,3,5,11,11,2,3,3,11,11,4,4,6,11,8,7,2,2,7,11,3,0,3,8,5,7,9,6,10,10,10,7,11,4,2,5,4,6,3,3,7,4,7,5,0,4,0,6,5,7,0,11,9,5,3,6,10,11,11,8,11,6,7,4,7,7,8,4,11,11,0,11,0,6,6,8,6,9,10,11,9,11,11,6,6,4,9,5,9,4,4,5,9,9,2,10,2,4,5,6,11,5,10,2,3,11,6,3,5,4,9,6,11,2,10,2,11,11,3,3,8,5,9,7,4,3
0,7,7,7,7,8,10,3,11,2,10,6,6,9,5,3,10,3,10,11,6,8,5,5,9,4,6,0,0,3,4,4,0,0,5,5,7,0,9,8,3,3,8,0,4,2,4,9,6,8,10,7,11,11,11,8,0,5,3,6,5,7,4,4,8,5,8,6,2,5,2,7,6,8,2,0,10,6,4,7,11,0,0,9,0,7,8,5,8,8,9,5,0,0,2,0,2,7,7,9,7,10,11,0,10,0,0,7,7,5,10,6,10,5,5,6,10,10,3,11,3,5,6,7,0,6,11,3,4,0,7,4,6,5,10,7,0,3,11,3,0,0,4,4,9,6,10,8,5,4
2,8,8,8,8,9,11,4,0,3,11,7,7,10,6,4,11,4,11,0,7,9,6,6,10,5,7,2,2,4,5,5,2,2,6,6,8,2,10,9,4,4,9,2,5,3,5,10,7,9,11,8,0,0,0,9,2,6,4,7,6,8,5,5,9,6,9,7,3,6,3,8,7,9,3,2,11,7,5,8,0,2,2,10,2,8,9,6,9,9,10,6,2,2,3,2,3,8,8,10,8,11,0,2,11,2,2,8,8,6,11,7,11,6,6,7,11,11,4,0,4,6,7,8,2,7,0,4,5,2,8,5,7,6,11,8,2,4,0,4,2,2,5,5,10,7,11,9,6,5
3,9,9,9,9,10,0,5,2,4,0,8,8,11,7,5,0,5,0,2,8,10,7,7,11,6,8,3,3,5,6,6,3,3,7,7,9,3,11,10,5,5,10,3,6,4,6,11,8,10,0,9,2,2,2,10,3,7,5,8,7,9,6,6,10,7,10,8,4,7,4,9,8,10,4,3,0,8,6,9,2,3,3,11,3,9,10,7,10,10,11,7,3,3,4,3,4,9,9,11,9,0,2,3,0,3,3,9,9,7,0,8,0,7,7,8,0,0,5,2,5,7,8,9,3,8,2,5,6,3,9,6,8,7,0,9,3,5,2,5,3,3,6,6,11,8,0,10,7,6
4,10,10,10,10,11,2,6,3,5,2,9,9,0,8,6,2,6,2,3,9,11,8,8,0,7,9,4,4,6,7,7,4,4,8,8,10,4,0,11,6,6,11,4,7,5,7,0,9,11,2,10,3,3,3,11,4,8,6,9,8,10,7,7,11,8,11,9,5,8,5,10,9,11,5,4,2,9,7,10,3,4,4,0,4,10,11,8,11,11,0,8,4,4,5,4,5,10,10,0,10,2,3,4,2,4,4,10,10,8,2,9,2,8,8,9,2,2,6,3,6,8,9,10,4,9,3,6,7,4,10,7,9,8,2,10,4,6,3,6,4,4,7,7,0,9,2,11,8,7
5,11,11,11,11,0,3,7,4,6,3,10,10,2,9,7,3,7,3,4,10,0,9,9,2,8,10,5,5,7,8,8,5,5,9,9,11,5,2,0,7,7,0,5,8,6,8,2,10,0,3,11,4,4,4,0,5,9,7,10,9,11,8,8,0,9,0,10,6,9,6,11,10,0,6,5,3,10,8,11,4,5,5,2,5,11,0,9,0,0,2,9,5,5,6,5,6,11,11,2,11,3,4,5,3,5,5,11,11,9,3,10,3,9,9,10,3,3,7,4,7,9,10,11,5,10,4,7,8,5,11,8,10,9,3,11,5,7,4,7,5,5,8,8,2,10,3,0,9,8
6,0,0,0,0,2,4,8,5,7,4,11,11,3,10,8,4,8,4,5,11,2,10,10,3,9,11,6,6,8,9,9,6,6,10,10,0,6,3,2,8,8,2,6,9,7,9,3,11,2,4,0,5,5,5,2,6,10,8,11,10,0,9,9,2,10,2,11,7,10,7,0,11,2,7,6,4,11,9,0,5,6,6,3,6,0,2,10,2,2,3,10,6,6,7,6,7,0,0,3,0,4,5,6,4,6,6,0,0,10,4,11,4,10,10,11,4,4,8,5,8,10,11,0,6,11,5,8,9,6,0,9,11,10,4,0,6,8,5,8,6,6,9,9,3,11,4,2,10,9
7,2,2,2,2,3,5,9,6,8,5,0,0,4,11,9,5,9,5,6,0,3,11,11,4,10,0,7,7,9,10,10,7,7,11,11,2,7,4,3,9,9,3,7,10,8,10,4,0,3,5,2,6,6,6,3,7,11,9,0,11,2,10,10,3,11,3,0,8,11,8,2,0,3,8,7,5,0,10,2,6,7,7,4,7,2,3,11,3,3,4,11,7,7,8,7,8,2,2,4,2,5,6,7,5,7,7,2,2,11,5,0,5,11,11,0,5,5,9,6,9,11,0,2,7,0,6,9,10,7,2,10,0,11,5,2,7,9,6,9,7,7,10,10,4,0,5,3,11,10
8,3,3,3,3,4,6,10,7,9,6,2,2,5,0,10,6,10,6,7,2,4,0,0,5,11,2,8,8,10,11,11,8,8,0,0,3,8,5,4,10,10,4,8,11,9,11,5,2,4,6,3,7,7,7,4,8,0,10,2,0,3,11,11,4,0,4,2,9,0,9,3,2,4,9,8,6,2,11,3,7,8,8,5,8,3,4,0,4,4,5,0,8,8,9,8,9,3,3,5,3,6,7,8,6,8,8,3,3,0,6,2,6,0,0,2,6,6,10,7,10,0,2,3,8,2,7,10,11,8,3,11,2,0,6,3,8,10,7,10,8,8,11,11,5,2,6,4,0,11
9,4,4,4,4,5,7,11,8,10,7,3,3,6,2,11,7,11,7,8,3,5,2,2,6,0,3,9,9,11,0,0,9,9,2,2,4,9,6,5,11,11,5,9,0,10,0,6,3,5,7,4,8,8,8,5,9,2,11,3,2,4,0,0,5,2,5,3,10,2,10,4,3,5,10,9,7,3,0,4,8,9,9,6,9,4,5,2,5,5,6,2,9,9,10,9,10,4,4,6,4,7,8,9,7,9,9,4,4,2,7,3,7,2,2,3,7,7,11,8,11,2,3,4,9,3,8,11,0,9,4,0,3,2,7,4,9,11,8,11,9,9,0,0,6,3,7,5,2,0
10,5,5,5,5,6,8,0,9,11,8,4,4,7,3,0,8,0,8,9,4,6,3,3,7,2,4,10,10,0,2,2,10,10,3,3,5,10,7,6,0,0,6,10,2,11,2,7,4,6,8,5,9,9,9,6,10,3,0,4,3,5,2,2,6,3,6,4,11,3,11,5,4,6,11,10,8,4,2,5,9,10,10,7,10,5,6,3,6,6,7,3,10,10,11,10,11,5,5,7,5,8,9,10,8,10,10,5,5,3,8,4,8,3,3,4,8,8,0,9,0,3,4,5,10,4,9,0,2,10,5,2,4,3,8,5,10,0,9,0,10,10,2,2,7,4,8,6,3,2
11,6,6,6,6,7,9,2,10,0,9,5,5,8,4,2,9,2,9,10,5,7,4,4,8,3,5,11,11,2,3,3,11,11,4,4,6,11,8,7,2,2,7,11,3,0,3,8,5,7,9,6,10,10,10,7,11,4,2,5,4,6,3,3,7,4,7,5,0,4,0,6,5,7,0,11,9,5,3,6,10,11,11,8,11,6,7,4,7,7,8,4,11,11,0,11,0,6,6,8,6,9,10,11,9,11,11,6,6,4,9,5,9,4,4,5,9,9,2,10,2,4,5,6,11,5,10,2,3,11,6,3,5,4,9,6,11,2,10,2,11,11,3,3,8,5,9,7,4,3
0,7,7,7,7,8,10,3,11,2,10,6,6,9,5,3,10,3,10,11,6,8,5,5,9,4,6,0,0,3,4,4,0,0,5,5,7,0,9,8,3,3,8,0,4,2,4,9,6,8,10,7,11,11,11,8,0,5,3,6,5,7,4,4,8,5,8,6,2,5,2,7,6,8,2,0,10,6,4,7,11,0,0,9,0,7,8,5,8,8,9,5,0,0,2,0,2,7,7,9,7,10,11,0,10,0,0,7,7,5,10,6,10,5,5,6,10,10,3,11,3,5,6,7,0,6,11,3,4,0,7,4,6,5,10,7,0,3,11,3,0,0,4,4,9,6,10,8,5,4
2,8,8,8,8,9,11,4,0,3,11,7,7,10,6,4,11,4,11,0,7,9,6,6,10,5,7,2,2,4,5,5,2,2,6,6,8,2,10,9,4,4,9,2,5,3,5,10,7,9,11,8,0,0,0,9,2,6,4,7,6,8,5,5,9,6,9,7,3,6,3,8,7,9,3,2,11,7,5,8,0,2,2,10,2,8,9,6,9,9,10,6,2,2,3,2,3,8,8,10,8,11,0,2,11,2,2,8,8,6,11,7,11,6,6,7,11,11,4,0,4,6,7,8,2,7,0,4,5,2,8,5,7,6,11,8,2,4,0,4,2,2,5,5,10,7,11,9,6,5
3,9,9,9,9,10,0,5,2,4,0,8,8,11,7,5,0,5,0,2,8,10,7,7,11,6,8,3,3,5,6,6,3,3,7,7,9,3,11,10,5,5,10,3,6,4,6,11,8,10,0,9,2,2,2,10,3,7,5,8,7,9,6,6,10,7,10,8,4,7,4,9,8,10,4,3,0,8,6,9,2,3,3,11,3,9,10,7,10,10,11,7,3,3,4,3,4,9,9,11,9,0,2,3,0,3,3,9,9,7,0,8,0,7,7,8,0,0,5,2,5,7,8,9,3,8,2,5,6,3,9,6,8,7,0,9,3,5,2,5,3,3,6,6,11,8,0,10,7,6
4,10,10,10,10,11,2,6,3,5,2,9,9,0,8,6,2,6,2,3,9,11,8,8,0,7,9,4,4,6,7,7,4,4,8,8,10,4,0,11,6,6,11,4,7,5,7,0,9,11,2,10,3,3,3,11,4,8,6,9,8,10,7,7,11,8,11,9,5,8,5,10,9,11,5,4,2,9,7,10,3,4,4,0,4,10,11,8,11,11,0,8,4,4,5,4,5,10,10,0,10,2,3,4,2,4,4,10,10,8,2,9,2,8,8,9,2,2,6,3,6,8,9,10,4,9,3,6,7,4,10,7,9,8,2,10,4,6,3,6,4,4,7,7,0,9,2,11,8,7
5,11,11,11,11,0,3,7,4,6,3,10,10,2,9,7,3,7,3,4,10,0,9,9,2,8,10,5,5,7,8,8,5,5,9,9,11,5,2,0,7,7,0,5,8,6,8,2,10,0,3,11,4,4,4,0,5,9,7,10,9,11,8,8,0,9,0,10,6,9,6,11,10,0,6,5,3,10,8,11,4,5,5,2,5,11,0,9,0,0,2,9,5,5,6,5,6,11,11,2,11,3,4,5,3,5,5,11,11,9,3,10,3,9,9,10,3,3,7,4,7,9,10,11,5,10,4,7,8,5,11,8,10,9,3,11,5,7,4,7,5,5,8,8,2,10,3,0,9,8
6,0,0,0,0,2,4,8,5,7,4,11,11,3,10,8,4,8,4,5,11,2,10,10,3,9,11,6,6,8,9,9,6,6,10,10,0,6,3,2,8,8,2,6,9,7,9,3,11,2,4,0,5,5,5,2,6,10,8,11,10,0,9,9,2,10,2,11,7,10,7,0,11,2,7,6,4,11,9,0,5,6,6,3,6,0,2,10,2,2,3,10,6,6,7,6,7,0,0,3,0,4,5,6,4,6,6,0,0,10,4,11,4,10,10,11,4,4,8,5,8,10,11,0,6,11,5,8,9,6,0,9,11,10,4,0,6,8,5,8,6,6,9,9,3,11,4,2,10,9
7,2,2,2,2,3,5,9,6,8,5,0,0,4,11,9,5,9,5,6,0,3,11,11,4,10,0,7,7,9,10,10,7,7,11,11,2,7,4,3,9,9,3,7,10,8,10,4,0,3,5,2,6,6,6,3,7,11,9,0,11,2,10,10,3,11,3,0,8,11,8,2,0,3,8,7,5,0,10,2,6,7,7,4,7,2,3,11,3,3,4,11,7,7,8,7,8,2,2,4,2,5,6,7,5,7,7,2,2,11,5,0,5,11,11,0,5,5,9,6,9,11,0,2,7,0,6,9,10,7,2,10,0,11,5,2,7,9,6,9,7,7,10,10,4,0,5,3,11,10
8,3,3,3,3,4,6,10,7,9,6,2,2,5,0,10,6,10,6,7,2,4,0,0,5,11,2,8,8,10,11,11,8,8,0,0,3,8,5,4,10,10,4,8,11,9,11,5,2,4,6,3,7,7,7,4,8,0,10,2,0,3,11,11,4,0,4,2,9,0,9,3,2,4,9,8,6,2,11,3,7,8,8,5,8,3,4,0,4,4,5,0,8,8,9,8,9,3,3,5,3,6,7,8,6,8,8,3,3,0,6,2,6,0,0,2,6,6,10,7,10,0,2,3,8,2,7,10,11,8,3,11,2,0,6,3,8,10,7,10,8,8,11,11,5,2,6,4,0,11
9,4,4,4,4,5,7,11,8,10,7,3,3,6,2,11,7,11,7,8,3,5,2,2,6,0,3,9,9,11,0,0,9,9,2,2,4,9,6,5,11,11,5,9,0,10,0,6,3,5,7,4,8,8,8,5,9,2,11,3,2,4,0,0,5,2,5,3,10,2,10,4,3,5,10,9,7,3,0,4,8,9,9,6,9,4,5,2,5,5,6,2,9,9,10,9,10,4,4,6,4,7,8,9,7,9,9,4,4,2,7,3,7,2,2,3,7,7,11,8,11,2,3,4,9,3,8,11,0,9,4,0,3,2,7,4,9,11,8,11,9,9,0,0,6,3,7,5,2,0
10,5,5,5,5,6,8,0,9,11,8,4,4,7,3,0,8,0,8,9,4,6,3,3,7,2,4,10,10,0,2,2,10,10,3,3,5,10,7,6,0,0,6,10,2,11,2,7,4,6,8,5,9,9,9,6,10,3,0,4,3,5,2,2,6,3,6,4,11,3,11,5,4,6,11,10,8,4,2,5,9,10,10,7,10,5,6,3,6,6,7,3,10,10,11,10,11,5,5,7,5,8,9,10,8,10,10,5,5,3,8,4,8,3,3,4,8,8,0,9,0,3,4,5,10,4,9,0,2,10,5,2,4,3,8,5,10,0,9,0,10,10,2,2,7,4,8,6,3,2
11,6,6,6,6,7,9,2,10,0,9,5,5,8,4,2,9,2,9,10,5,7,4,4,8,3,5,11,11,2,3,3,11,11,4,4,6,11,8,7,2,2,7,11,3,0,3,8,5,7,9,6,10,10,10,7,11,4,2,5,4,6,3,3,7,4,7,5,0,4,0,6,5,7,0,11,9,5,3,6,10,11,11,8,11,6,7,4,7,7,8,4,11,11,0,11,0,6,6,8,6,9,10,11,9,11,11,6,6,4,9,5,9,4,4,5,9,9,2,10,2,4,5,6,11,5,10,2,3,11,6,3,5,4,9,6,11,2,10,2,11,11,3,3,8,5,9,7,4,3
0,7,7,7,7,8,10,3,11,2,10,6,6,9,5,3,10,3,10,11,6,8,5,5,9,4,6,0,0,3,4,4,0,0,5,5,7,0,9,8,3,3,8,0,4,2,4,9,6,8,10,7,11,11,11,8,0,5,3,6,5,7,4,4,8,5,8,6,2,5,2,7,6,8,2,0,10,6,4,7,11,0,0,9,0,7,8,5,8,8,9,5,0,0,2,0,2,7,7,9,7,10,11,0,10,0,0,7,7,5,10,6,10,5,5,6,10,10,3,11,3,5,6,7,0,6,11,3,4,0,7,4,6,5,10,7,0,3,11,3,0,0,4,4,9,6,10,8,5,4
2,8,8,8,8,9,11,4,0,3,11,7,7,10,6,4,11,4,11,0,7,9,6,6,10,5,7,2,2,4,5,5,2,2,6,6,8,2,10,9,4,4,9,2,5,3,5,10,7,9,11,8,0,0,0,9,2,6,4,7,6,8,5,5,9,6,9,7,3,6,3,8,7,9,3,2,11,7,5,8,0,2,2,10,2,8,9,6,9,9,10,6,2,2,3,2,3,8,8,10,8,11,0,2,11,2,2,8,8,6,11,7,11,6,6,7,11,11,4,0,4,6,7,8,2,7,0,4,5,2,8,5,7,6,11,8,2,4,0,4,2,2,5,5,10,7,11,9,6,5
3,9,9,9,9,10,0,5,2,4,0,8,8,11,7,5,0,5,0,2,8,10,7,7,11,6,8,3,3,5,6,6,3,3,7,7,9,3,11,10,5,5,10,3,6,4,6,11,8,10,0,9,2,2,2,10,3,7,5,8,7,9,6,6,10,7,10,8,4,7,4,9,8,10,4,3,0,8,6,9,2,3,3,11,3,9,10,7,10,10,11,7,3,3,4,3,4,9,9,11,9,0,2,3,0,3,3,9,9,7,0,8,0,7,7,8,0,0,5,2,5,7,8,9,3,8,2,5,6,3,9,6,8,7,0,9,3,5,2,5,3,3,6,6,11,8,0,10,7,6
4,10,10,10,10,11,2,6,3,5,2,9,9,0,8,6,2,6,2,3,9,11,8,8,0,7,9,4,4,6,7,7,4,4,8,8,10,4,0,11,6,6,11,4,7,5,7,0,9,11,2,10,3,3,3,11,4,8,6,9,8,10,7,7,11,8,11,9,5,8,5,10,9,11,5,4,2,9,7,10,3,4,4,0,4,10,11,8,11,11,0,8,4,4,5,4,5,10,10,0,10,2,3,4,2,4,4,10,10,8,2,9,2,8,8,9,2,2,6,3,6,8,9,10,4,9,3,6,7,4,10,7,9,8,2,10,4,6,3,6,4,4,7,7,0,9,2,11,8,7
5,11,11,11,11,0,3,7,4,6,3,10,10,2,9,7,3,7,3,4,10,0,9,9,2,8,10,5,5,7,8,8,5,5,9,9,11,5,2,0,7,7,0,5,8,6,8,2,10,0,3,11,4,4,4,0,5,9,7,10,9,11,8,8,0,9,0,10,6,9,6,11,10,0,6,5,3,10,8,11,4,5,5,2,5,11,0,9,0,0,2,9,5,5,6,5,6,11,11,2,11,3,4,5,3,5,5,11,11,9,3,10,3,9,9,10,3,3,7,4,7,9,10,11,5,10,4,7,8,5,11,8,10,9,3,11,5,7,4,7,5,5,8,8,2,10,3,0,9,8
6,0,0,0,0,2,4,8,5,7,4,11,11,3,10,8,4,8,4,5,11,2,10,10,3,9,11,6,6,8,9,9,6,6,10,10,0,6,3,2,8,8,2,6,9,7,9,3,11,2,4,0,5,5,5,2,6,10,8,11,10,0,9,9,2,10,2,11,7,10,7,0,11,2,7,6,4,11,9,0,5,6,6,3,6,0,2,10,2,2,3,10,6,6,7,6,7,0,0,3,0,4,5,6,4,6,6,0,0,10,4,11,4,10,10,11,4,4,8,5,8,10,11,0,6,11,5,8,9,6,0,9,11,10,4,0,6,8,5,8,6,6,9,9,3,11,4,2,10,9
7,2,2,2,2,3,5,9,6,8,5,0,0,4,11,9,5,9,5,6,0,3,11,11,4,10,0,7,7,9,10,10,7,7,11,11,2,7,4,3,9,9,3,7,10,8,10,4,0,3,5,2,6,6,6,3,7,11,9,0,11,2,10,10,3,11,3,0,8,11,8,2,0,3,8,7,5,0,10,2,6,7,7,4,7,2,3,11,3,3,4,11,7,7,8,7,8,2,2,4,2,5,6,7,5,7,7,2,2,11,5,0,5,11,11,0,5,5,9,6,9,11,0,2,7,0,6,9,10,7,2,10,0,11,5,2,7,9,6,9,7,7,10,10,4,0,5,3,11,10
8,3,3,3,3,4,6,10,7,9,6,2,2,5,0,10,6,10,6,7,2,4,0,0,5,11,2,8,8,10,11,11,8,8,0,0,3,8,5,4,10,10,4,8,11,9,11,5,2,4,6,3,7,7,7,4,8,0,10,2,0,3,11,11,4,0,4,2,9,0,9,3,2,4,9,8,6,2,11,3,7,8,8,5,8,3,4,0,4,4,5,0,8,8,9,8,9,3,3,5,3,6,7,8,6,8,8,3,3,0,6,2,6,0,0,2,6,6,10,7,10,0,2,3,8,2,7,10,11,8,3,11,2,0,6,3,8,10,7,10,8,8,11,11,5,2,6,4,0,11
9,4,4,4,4,5,7,11,8,10,7,3,3,6,2,11,7,11,7,8,3,5,2,2,6,0,3,9,9,11,0,0,9,9,2,2,4,9,6,5,11,11,5,9,0,10,0,6,3,5,7,4,8,8,8,5,9,2,11,3,2,4,0,0,5,2,5,3,10,2,10,4,3,5,10,9,7,3,0,4,8,9,9,6,9,4,5,2,5,5,6,2,9,9,10,9,10,4,4,6,4,7,8,9,7,9,9,4,4,2,7,3,7,2,2,3,7,7,11,8,11,2,3,4,9,3,8,11,0,9,4,0,3,2,7,4,9,11,8,11,9,9,0,0,6,3,7,5,2,0
10,5,5,5,5,6,8,0,9,11,8,4,4,7,3,0,8,0,8,9,4,6,3,3,7,2,4,10,10,0,2,2,10,10,3,3,5,10,7,6,0,0,6,10,2,11,2,7,4,6,8,5,9,9,9,6,10,3,0,4,3,5,2,2,6,3,6,4,11,3,11,5,4,6,11,10,8,4,2,5,9,10,10,7,10,5,6,3,6,6,7,3,10,10,11,10,11,5,5,7,5,8,9,10,8,10,10,5,5,3,8,4,8,3,3,4,8,8,0,9,0,3,4,5,10,4,9,0,2,10,5,2,4,3,8,5,10,0,9,0,10,10,2,2,7,4,8,6,3,2
11,6,6,6,6,7,9,2,10,0,9,5,5,8,4,2,9,2,9,10,5,7,4,4,8,3,5,11,11,2,3,3,11,11,4,4,6,11,8,7,2,2,7,11,3,0,3,8,5,7,9,6,10,10,10,7,11,4,2,5,4,6,3,3,7,4,7,5,0,4,0,6,5,7,0,11,9,5,3,6,10,11,11,8,11,6,7,4,7,7,8,4,11,11,0,11,0,6,6,8,6,9,10,11,9,11,11,6,6,4,9,5,9,4,4,5,9,9,2,10,2,4,5,6,11,5,10,2,3,11,6,3,5,4,9,6,11,2,10,2,11,11,3,3,8,5,9,7,4,3
0,7,7,7,7,8,10,3,11,2,10,6,6,9,5,3,10,3,10,11,6,8,5,5,9,4,6,0,0,3,4,4,0,0,5,5,7,0,9,8,3,3,8,0,4,2,4,9,6,8,10,7,11,11,11,8,0,5,3,6,5,7,4,4,8,5,8,6,2,5,2,7,6,8,2,0,10,6,4,7,11,0,0,9,0,7,8,5,8,8,9,5,0,0,2,0,2,7,7,9,7,10,11,0,10,0,0,7,7,5,10,6,10,5,5,6,10,10,3,11,3,5,6,7,0,6,11,3,4,0,7,4,6,5,10,7,0,3,11,3,0,0,4,4,9,6,10,8,5,4
2,8,8,8,8,9,11,4,0,3,11,7,7,10,6,4,11,4,11,0,7,9,6,6,10,5,7,2,2,4,5,5,2,2,6,6,8,2,10,9,4,4,9,2,5,3,5,10,7,9,11,8,0,0,0,9,2,6,4,7,6,8,5,5,9,6,9,7,3,6,3,8,7,9,3,2,11,7,5,8,0,2,2,10,2,8,9,6,9,9,10,6,2,2,3,2,3,8,8,10,8,11,0,2,11,2,2,8,8,6,11,7,11,6,6,7,11,11,4,0,4,6,7,8,2,7,0,4,5,2,8,5,7,6,11,8,2,4,0,4,2,2,5,5,10,7,11,9,6,5
3,9,9,9,9,10,0,5,2,4,0,8,8,11,7,5,0,5,0,2,8,10,7,7,11,6,8,3,3,5,6,6,3,3,7,7,9,3,11,10,5,5,10,3,6,4,6,11,8,10,0,9,2,2,2,10,3,7,5,8,7,9,6,6,10,7,10,8,4,7,4,9,8,10,4,3,0,8,6,9,2,3,3,11,3,9,10,7,10,10,11,7,3,3,4,3,4,9,9,11,9,0,2,3,0,3,3,9,9,7,0,8,0,7,7,8,0,0,5,2,5,7,8,9,3,8,2,5,6,3,9,6,8,7,0,9,3,5,2,5,3,3,6,6,11,8,0,10,7,6
4,10,10,10,10,11,2,6,3,5,2,9,9,0,8,6,2,6,2,3,9,11,8,8,0,7,9,4,4,6,7,7,4,4,8,8,10,4,0,11,6,6,11,4,7,5,7,0,9,11,2,10,3,3,3,11,4,8,6,9,8,10,7,7,11,8,11,9,5,8,5,10,9,11,5,4,2,9,7,10,3,4,4,0,4,10,11,8,11,11,0,8,4,4,5,4,5,10,10,0,10,2,3,4,2,4,4,10,10,8,2,9,2,8,8,9,2,2,6,3,6,8,9,10,4,9,3,6,7,4,10,7,9,8,2,10,4,6,3,6,4,4,7,7,0,9,2,11,8,7
5,11,11,11,11,0,3,7,4,6,3,10,10,2,9,7,3,7,3,4,10,0,9,9,2,8,10,5,5,7,8,8,5,5,9,9,11,5,2,0,7,7,0,5,8,6,8,2,10,0,3,11,4,4,4,0,5,9,7,10,9,11,8,8,0,9,0,10,6,9,6,11,10,0,6,5,3,10,8,11,4,5,5,2,5,11,0,9,0,0,2,9,5,5,6,5,6,11,11,2,11,3,4,5,3,5,5,11,11,9,3,10,3,9,9,10,3,3,7,4,7,9,10,11,5,10,4,7,8,5,11,8,10,9,3,11,5,7,4,7,5,5,8,8,2,10,3,0,9,8
6,0,0,0,0,2,4,8,5,7,4,11,11,3,10,8,4,8,4,5,11,2,10,10,3,9,11,6,6,8,9,9,6,6,10,10,0,6,3,2,8,8,2,6,9,7,9,3,11,2,4,0,5,5,5,2,6,10,8,11,10,0,9,9,2,10,2,11,7,10,7,0,11,2,7,6,4,11,9,0,5,6,6,3,6,0,2,10,2,2,3,10,6,6,7,6,7,0,0,3,0,4,5,6,4,6,6,0,0,10,4,11,4,10,10,11,4,4,8,5,8,10,11,0,6,11,5,8,9,6,0,9,11,10,4,0,6,8,5,8,6,6,9,9,3,11,4,2,10,9
7,2,2,2,2,3,5,9,6,8,5,0,0,4,11,9,5,9,5,6,0,3,11,11,4,10,0,7,7,9,10,10,7,7,11,11,2,7,4,3,9,9,3,7,10,8,10,4,0,3,5,2,6,6,6,3,7,11,9,0,11,2,10,10,3,11,3,0,8,11,8,2,0,3,8,7,5,0,10,2,6,7,7,4,7,2,3,11,3,3,4,11,7,7,8,7,8,2,2,4,2,5,6,7,5,7,7,2,2,11,5,0,5,11,11,0,5,5,9,6,9,11,0,2,7,0,6,9,10,7,2,10,0,11,5,2,7,9,6,9,7,7,10,10,4,0,5,3,11,10
8,3,3,3,3,4,6,10,7,9,6,2,2,5,0,10,6,10,6,7,2,4,0,0,5,11,2,8,8,10,11,11,8,8,0,0,3,8,5,4,10,10,4,8,11,9,11,5,2,4,6,3,7,7,7,4,8,0,10,2,0,3,11,11,4,0,4,2,9,0,9,3,2,4,9,8,6,2,11,3,7,8,8,5,8,3,4,0,4,4,5,0,8,8,9,8,9,3,3,5,3,6,7,8,6,8,8,3,3,0,6,2,6,0,0,2,6,6,10,7,10,0,2,3,8,2,7,10,11,8,3,11,2,0,6,3,8,10,7,10,8,8,11,11,5,2,6,4,0,11
9,4,4,4,4,5,7,11,8,10,7,3,3,6,2,11,7,11,7,8,3,5,2,2,6,0,3,9,9,11,0,0,9,9,2,2,4,9,6,5,11,11,5,9,0,10,0,6,3,5,7,4,8,8,8,5,9,2,11,3,2,4,0,0,5,2,5,3,10,2,10,4,3,5,10,9,7,3,0,4,8,9,9,6,9,4,5,2,5,5,6,2,9,9,10,9,10,4,4,6,4,7,8,9,7,9,9,4,4,2,7,3,7,2,2,3,7,7,11,8,11,2,3,4,9,3,8,11,0,9,4,0,3,2,7,4,9,11,8,11,9,9,0,0,6,3,7,5,2,0
10,5,5,5,5,6,8,0,9,11,8,4,4,7,3,0,8,0,8,9,4,6,3,3,7,2,4,10,10,0,2,2,10,10,3,3,5,10,7,6,0,0,6,10,2,11,2,7,4,6,8,5,9,9,9,6,10,3,0,4,3,5,2,2,6,3,6,4,11,3,11,5,4,6,11,10,8,4,2,5,9,10,10,7,10,5,6,3,6,6,7,3,10,10,11,10,11,5,5,7,5,8,9,10,8,10,10,5,5,3,8,4,8,3,3,4,8,8,0,9,0,3,4,5,10,4,9,0,2,10,5,2,4,3,8,5,10,0,9,0,10,10,2,2,7,4,8,6,3,2
11,6,6,6,6,7,9,2,10,0,9,5,5,8,4,2,9,2,9,10,5,7,4,4,8,3,5,11,11,2,3,3,11,11,4,4,6,11,8,7,2,2,7,11,3,0,3,8,5,7,9,6,10,10,10,7,11,4,2,5,4,6,3,3,7,4,7,5,0,4,0,6,5,7,0,11,9,5,3,6,10,11,11,8,11,6,7,4,7,7,8,4,11,11,0,11,0,6,6,8,6,9,10,11,9,11,11,6,6,4,9,5,9,4,4,5,9,9,2,10,2,4,5,6,11,5,10,2,3,11,6,3,5,4,9,6,11,2,10,2,11,11,3,3,8,5,9,7,4,3
0,7,7,7,7,8,10,3,11,2,10,6,6,9,5,3,10,3,10,11,6,8,5,5,9,4,6,0,0,3,4,4,0,0,5,5,7,0,9,8,3,3,8,0,4,2,4,9,6,8,10,7,11,11,11,8,0,5,3,6,5,7,4,4,8,5,8,6,2,5,2,7,6,8,2,0,10,6,4,7,11,0,0,9,0,7,8,5,8,8,9,5,0,0,2,0,2,7,7,9,7,10,11,0,10,0,0,7,7,5,10,6,10,5,5,6,10,10,3,11,3,5,6,7,0,6,11,3,4,0,7,4,6,5,10,7,0,3,11,3,0,0,4,4,9,6,10,8,5,4
2,8,8,8,8,9,11,4,0,3,11,7,7,10,6,4,11,4,11,0,7,9,6,6,10,5,7,2,2,4,5,5,2,2,6,6,8,2,10,9,4,4,9,2,5,3,5,10,7,9,11,8,0,0,0,9,2,6,4,7,6,8,5,5,9,6,9,7,3,6,3,8,7,9,3,2,11,7,5,8,0,2,2,10,2,8,9,6,9,9,10,6,2,2,3,2,3,8,8,10,8,11,0,2,11,2,2,8,8,6,11,7,11,6,6,7,11,11,4,0,4,6,7,8,2,7,0,4,5,2,8,5,7,6,11,8,2,4,0,4,2,2,5,5,10,7,11,9,6,5
3,9,9,9,9,10,0,5,2,4,0,8,8,11,7,5,0,5,0,2,8,10,7,7,11,6,8,3,3,5,6,6,3,3,7,7,9,3,11,10,5,5,10,3,6,4,6,11,8,10,0,9,2,2,2,10,3,7,5,8,7,9,6,6,10,7,10,8,4,7,4,9,8,10,4,3,0,8,6,9,2,3,3,11,3,9,10,7,10,10,11,7,3,3,4,3,4,9,9,11,9,0,2,3,0,3,3,9,9,7,0,8,0,7,7,8,0,0,5,2,5,7,8,9,3,8,2,5,6,3,9,6,8,7,0,9,3,5,2,5,3,3,6,6,11,8,0,10,7,6
4,10,10,10,10,11,2,6,3,5,2,9,9,0,8,6,2,6,2,3,9,11,8,8,0,7,9,4,4,6,7,7,4,4,8,8,10,4,0,11,6,6,11,4,7,5,7,0,9,11,2,10,3,3,3,11,4,8,6,9,8,10,7,7,11,8,11,9,5,8,5,10,9,11,5,4,2,9,7,10,3,4,4,0,4,10,11,8,11,11,0,8,4,4,5,4,5,10,10,0,10,2,3,4,2,4,4,10,10,8,2,9,2,8,8,9,2,2,6,3,6,8,9,10,4,9,3,6,7,4,10,7,9,8,2,10,4,6,3,6,4,4,7,7,0,9,2,11,8,7
5,11,11,11,11,0,3,7,4,6,3,10,10,2,9,7,3,7,3,4,10,0,9,9,2,8,10,5,5,7,8,8,5,5,9,9,11,5,2,0,7,7,0,5,8,6,8,2,10,0,3,11,4,4,4,0,5,9,7,10,9,11,8,8,0,9,0,10,6,9,6,11,10,0,6,5,3,10,8,11,4,5,5,2,5,11,0,9,0,0,2,9,5,5,6,5,6,11,11,2,11,3,4,5,3,5,5,11,11,9,3,10,3,9,9,10,3,3,7,4,7,9,10,11,5,10,4,7,8,5,11,8,10,9,3,11,5,7,4,7,5,5,8,8,2,10,3,0,9,8
6,0,0,0,0,2,4,8,5,7,4,11,11,3,10,8,4,8,4,5,11,2,10,10,3,9,11,6,6,8,9,9,6,6,10,10,0,6,3,2,8,8,2,6,9,7,9,3,11,2,4,0,5,5,5,2,6,10,8,11,10,0,9,9,2,10,2,11,7,10,7,0,11,2,7,6,4,11,9,0,5,6,6,3,6,0,2,10,2,2,3,10,6,6,7,6,7,0,0,3,0,4,5,6,4,6,6,0,0,10,4,11,4,10,10,11,4,4,8,5,8,10,11,0,6,11,5,8,9,6,0,9,11,10,4,0,6,8,5,8,6,6,9,9,3,11,4,2,10,9
7,2,2,2,2,3,5,9,6,8,5,0,0,4,11,9,5,9,5,6,0,3,11,11,4,10,0,7,7,9,10,10,7,7,11,11,2,7,4,3,9,9,3,7,10,8,10,4,0,3,5,2,6,6,6,3,7,11,9,0,11,2,10,10,3,11,3,0,8,11,8,2,0,3,8,7,5,0,10,2,6,7,7,4,7,2,3,11,3,3,4,11,7,7,8,7,8,2,2,4,2,5,6,7,5,7,7,2,2,11,5,0,5,11,11,0,5,5,9,6,9,11,0,2,7,0,6,9,10,7,2,10,0,11,5,2,7,9,6,9,7,7,10,10,4,0,5,3,11,10
8,3,3,3,3,4,6,10,7,9,6,2,2,5,0,10,6,10,6,7,2,4,0,0,5,11,2,8,8,10,11,11,8,8,0,0,3,8,5,4,10,10,4,8,11,9,11,5,2,4,6,3,7,7,7,4,8,0,10,2,0,3,11,11,4,0,4,2,9,0,9,3,2,4,9,8,6,2,11,3,7,8,8,5,8,3,4,0,4,4,5,0,8,8,9,8,9,3,3,5,3,6,7,8,6,8,8,3,3,0,6,2,6,0,0,2,6,6,10,7,10,0,2,3,8,2,7,10,11,8,3,11,2,0,6,3,8,10,7,10,8,8,11,11,5,2,6,4,0,11
9,4,4,4,4,5,7,11,8,10,7,3,3,6,2,11,7,11,7,8,3,5,2,2,6,0,3,9,9,11,0,0,9,9,2,2,4,9,6,5,11,11,5,9,0,10,0,6,3,5,7,4,8,8,8,5,9,2,11,3,2,4,0,0,5,2,5,3,10,2,10,4,3,5,10,9,7,3,0,4,8,9,9,6,9,4,5,2,5,5,6,2,9,9,10,9,10,4,4,6,4,7,8,9,7,9,9,4,4,2,7,3,7,2,2,3,7,7,11,8,11,2,3,4,9,3,8,11,0,9,4,0,3,2,7,4,9,11,8,11,9,9,0,0,6,3,7,5,2,0
10,5,5,5,5,6,8,0,9,11,8,4,4,7,3,0,8,0,8,9,4,6,3,3,7,2,4,10,10,0,2,2,10,10,3,3,5,10,7,6,0,0,6,10,2,11,2,7,4,6,8,5,9,9,9,6,10,3,0,4,3,5,2,2,6,3,6,4,11,3,11,5,4,6,11,10,8,4,2,5,9,10,10,7,10,5,6,3,6,6,7,3,10,10,11,10,11,5,5,7,5,8,9,10,8,10,10,5,5,3,8,4,8,3,3,4,8,8,0,9,0,3,4,5,10,4,9,0,2,10,5,2,4,3,8,5,10,0,9,0,10,10,2,2,7,4,8,6,3,2
11,6,6,6,6,7,9,2,10,0,9,5,5,8,4,2,9,2,9,10,5,7,4,4,8,3,5,11,11,2,3,3,11,11,4,4,6,11,8,7,2,2,7,11,3,0,3,8,5,7,9,6,10,10,10,7,11,4,2,5,4,6,3,3,7,4,7,5,0,4,0,6,5,7,0,11,9,5,3,6,10,11,11,8,11,6,7,4,7,7,8,4,11,11,0,11,0,6,6,8,6,9,10,11,9,11,11,6,6,4,9,5,9,4,4,5,9,9,2,10,2,4,5,6,11,5,10,2,3,11,6,3,5,4,9,6,11,2,10,2,11,11,3,3,8,5,9,7,4,3
0,7,7,7,7,8,10,3,11,2,10,6,6,9,5,3,10,3,10,11,6,8,5,5,9,4,6,0,0,3,4,4,0,0,5,5,7,0,9,8,3,3,8,0,4,2,4,9,6,8,10,7,11,11,11,8,0,5,3,6,5,7,4,4,8,5,8,6,2,5,2,7,6,8,2,0,10,6,4,7,11,0,0,9,0,7,8,5,8,8,9,5,0,0,2,0,2,7,7,9,7,10,11,0,10,0,0,7,7,5,10,6,10,5,5,6,10,10,3,11,3,5,6,7,0,6,11,3,4,0,7,4,6,5,10,7,0,3,11,3,0,0,4,4,9,6,10,8,5,4
2,8,8,8,8,9,11,4,0,3,11,7,7,10,6,4,11,4,11,0,7,9,6,6,10,5,7,2,2,4,5,5,2,2,6,6,8,2,10,9,4,4,9,2,5,3,5,10,7,9,11,8,0,0,0,9,2,6,4,7,6,8,5,5,9,6,9,7,3,6,3,8,7,9,3,2,11,7,5,8,0,2,2,10,2,8,9,6,9,9,10,6,2,2,3,2,3,8,8,10,8,11,0,2,11,2,2,8,8,6,11,7,11,6,6,7,11,11,4,0,4,6,7,8,2,7,0,4,5,2,8,5,7,6,11,8,2,4,0,4,2,2,5,5,10,7,11,9,6,5
3,9,9,9,9,10,0,5,2,4,0,8,8,11,7,5,0,5,0,2,8,10,7,7,11,6,8,3,3,5,6,6,3,3,7,7,9,3,11,10,5,5,10,3,6,4,6,11,8,10,0,9,2,2,2,10,3,7,5,8,7,9,6,6,10,7,10,8,4,7,4,9,8,10,4,3,0,8,6,9,2,3,3,11,3,9,10,7,10,10,11,7,3,3,4,3,4,9,9,11,9,0,2,3,0,3,3,9,9,7,0,8,0,7,7,8,0,0,5,2,5,7,8,9,3,8,2,5,6,3,9,6,8,7,0,9,3,5,2,5,3,3,6,6,11,8,0,10,7,6
4,10,10,10,10,11,2,6,3,5,2,9,9,0,8,6,2,6,2,3,9,11,8,8,0,7,9,4,4,6,7,7,4,4,8,8,10,4,0,11,6,6,11,4,7,5,7,0,9,11,2,10,3,3,3,11,4,8,6,9,8,10,7,7,11,8,11,9,5,8,5,10,9,11,5,4,2,9,7,10,3,4,4,0,4,10,11,8,11,11,0,8,4,4,5,4,5,10,10,0,10,2,3,4,2,4,4,10,10,8,2,9,2,8,8,9,2,2,6,3,6,8,9,10,4,9,3,6,7,4,10,7,9,8,2,10,4,6,3,6,4,4,7,7,0,9,2,11,8,7
5,11,11,11,11,0,3,7,4,6,3,10,10,2,9,7,3,7,3,4,10,0,9,9,2,8,10,5,5,7,8,8,5,5,9,9,11,5,2,0,7,7,0,5,8,6,8,2,10,0,3,11,4,4,4,0,5,9,7,10,9,11,8,8,0,9,0,10,6,9,6,11,10,0,6,5,3,10,8,11,4,5,5,2,5,11,0,9,0,0,2,9,5,5,6,5,6,11,11,2,11,3,4,5,3,5,5,11,11,9,3,10,3,9,9,10,3,3,7,4,7,9,10,11,5,10,4,7,8,5,11,8,10,9,3,11,5,7,4,7,5,5,8,8,2,10,3,0,9,8
6,0,0,0,0,2,4,8,5,7,4,11,11,3,10,8,4,8,4,5,11,2,10,10,3,9,11,6,6,8,9,9,6,6,10,10,0,6,3,2,8,8,2,6,9,7,9,3,11,2,4,0,5,5,5,2,6,10,8,11,10,0,9,9,2,10,2,11,7,10,7,0,11,2,7,6,4,11,9,0,5,6,6,3,6,0,2,10,2,2,3,10,6,6,7,6,7,0,0,3,0,4,5,6,4,6,6,0,0,10,4,11,4,10,10,11,4,4,8,5,8,10,11,0,6,11,5,8,9,6,0,9,11,10,4,0,6,8,5,8,6,6,9,9,3,11,4,2,10,9
7,2,2,2,2,3,5,9,6,8,5,0,0,4,11,9,5,9,5,6,0,3,11,11,4,10,0,7,7,9,10,10,7,7,11,11,2,7,4,3,9,9,3,7,10,8,10,4,0,3,5,2,6,6,6,3,7,11,9,0,11,2,10,10,3,11,3,0,8,11,8,2,0,3,8,7,5,0,10,2,6,7,7,4,7,2,3,11,3,3,4,11,7,7,8,7,8,2,2,4,2,5,6,7,5,7,7,2,2,11,5,0,5,11,11,0,5,5,9,6,9,11,0,2,7,0,6,9,10,7,2,10,0,11,5,2,7,9,6,9,7,7,10,10,4,0,5,3,11,10
8,3,3,3,3,4,6,10,7,9,6,2,2,5,0,10,6,10,6,7,2,4,0,0,5,11,2,8,8,10,11,11,8,8,0,0,3,8,5,4,10,10,4,8,11,9,11,5,2,4,6,3,7,7,7,4,8,0,10,2,0,3,11,11,4,0,4,2,9,0,9,3,2,4,9,8,6,2,11,3,7,8,8,5,8,3,4,0,4,4,5,0,8,8,9,8,9,3,3,5,3,6,7,8,6,8,8,3,3,0,6,2,6,0,0,2,6,6,10,7,10,0,2,3,8,2,7,10,11,8,3,11,2,0,6,3,8,10,7,10,8,8,11,11,5,2,6,4,0,11
9,4,4,4,4,5,7,11,8,10,7,3,3,6,2,11,7,11,7,8,3,5,2,2,6,0,3,9,9,11,0,0,9,9,2,2,4,9,6,5,11,11,5,9,0,10,0,6,3,5,7,4,8,8,8,5,9,2,11,3,2,4,0,0,5,2,5,3,10,2,10,4,3,5,10,9,7,3,0,4,8,9,9,6,9,4,5,2,5,5,6,2,9,9,10,9,10,4,4,6,4,7,8,9,7,9,9,4,4,2,7,3,7,2,2,3,7,7,11,8,11,2,3,4,9,3,8,11,0,9,4,0,3,2,7,4,9,11,8,11,9,9,0,0,6,3,7,5,2,0
10,5,5,5,5,6,8,0,9,11,8,4,4,7,3,0,8,0,8,9,4,6,3,3,7,2,4,10,10,0,2,2,10,10,3,3,5,10,7,6,0,0,6,10,2,11,2,7,4,6,8,5,9,9,9,6,10,3,0,4,3,5,2,2,6,3,6,4,11,3,11,5,4,6,11,10,8,4,2,5,9,10,10,7,10,5,6,3,6,6,7,3,10,10,11,10,11,5,5,7,5,8,9,10,8,10,10,5,5,3,8,4,8,3,3,4,8,8,0,9,0,3,4,5,10,4,9,0,2,10,5,2,4,3,8,5,10,0,9,0,10,10,2,2,7,4,8,6,3,2
11,6,6,6,6,7,9,2,10,0,9,5,5,8,4,2,9,2,9,10,5,7,4,4,8,3,5,11,11,2,3,3,11,11,4,4,6,11,8,7,2,2,7,11,3,0,3,8,5,7,9,6,10,10,10,7,11,4,2,5,4,6,3,3,7,4,7,5,0,4,0,6,5,7,0,11,9,5,3,6,10,11,11,8,11,6,7,4,7,7,8,4,11,11,0,11,0,6,6,8,6,9,10,11,9,11,11,6,6,4,9,5,9,4,4,5,9,9,2,10,2,4,5,6,11,5,10,2,3,11,6,3,5,4,9,6,11,2,10,2,11,11,3,3,8,5,9,7,4,3
0,7,7,7,7,8,10,3,11,2,10,6,6,9,5,3,10,3,10,11,6,8,5,5,9,4,6,0,0,3,4,4,0,0,5,5,7,0,9,8,3,3,8,0,4,2,4,9,6,8,10,7,11,11,11,8,0,5,3,6,5,7,4,4,8,5,8,6,2,5,2,7,6,8,2,0,10,6,4,7,11,0,0,9,0,7,8,5,8,8,9,5,0,0,2,0,2,7,7,9,7,10,11,0,10,0,0,7,7,5,10,6,10,5,5,6,10,10,3,11,3,5,6,7,0,6,11,3,4,0,7,4,6,5,10,7,0,3,11,3,0,0,4,4,9,6,10,8,5,4
2,8,8,8,8,9,11,4,0,3,11,7,7,10,6,4,11,4,11,0,7,9,6,6,10,5,7,2,2,4,5,5,2,2,6,6,8,2,10,9,4,4,9,2,5,3,5,10,7,9,11,8,0,0,0,9,2,6,4,7,6,8,5,5,9,6,9,7,3,6,3,8,7,9,3,2,11,7,5,8,0,2,2,10,2,8,9,6,9,9,10,6,2,2,3,2,3,8,8,10,8,11,0,2,11,2,2,8,8,6,11,7,11,6,6,7,11,11,4,0,4,6,7,8,2,7,0,4,5,2,8,5,7,6,11,8,2,4,0,4,2,2,5,5,10,7,11,9,6,5
3,9,9,9,9,10,0,5,2,4,0,8,8,11,7,5,0,5,0,2,8,10,7,7,11,6,8,3,3,5,6,6,3,3,7,7,9,3,11,10,5,5,10,3,6,4,6,11,8,10,0,9,2,2,2,10,3,7,5,8,7,9,6,6,10,7,10,8,4,7,4,9,8,10,4,3,0,8,6,9,2,3,3,11,3,9,10,7,10,10,11,7,3,3,4,3,4,9,9,11,9,0,2,3,0,3,3,9,9,7,0,8,0,7,7,8,0,0,5,2,5,7,8,9,3,8,2,5,6,3,9,6,8,7,0,9,3,5,2,5,3,3,6,6,11,8,0,10,7,6
4,10,10,10,10,11,2,6,3,5,2,9,9,0,8,6,2,6,2,3,9,11,8,8,0,7,9,4,4,6,7,7,4,4,8,8,10,4,0,11,6,6,11,4,7,5,7,0,9,11,2,10,3,3,3,11,4,8,6,9,8,10,7,7,11,8,11,9,5,8,5,10,9,11,5,4,2,9,7,10,3,4,4,0,4,10,11,8,11,11,0,8,4,4,5,4,5,10,10,0,10,2,3,4,2,4,4,10,10,8,2,9,2,8,8,9,2,2,6,3,6,8,9,10,4,9,3,6,7,4,10,7,9,8,2,10,4,6,3,6,4,4,7,7,0,9,2,11,8,7
5,11,11,11,11,0,3,7,4,6,3,10,10,2,9,7,3,7,3,4,10,0,9,9,2,8,10,5,5,7,8,8,5,5,9,9,11,5,2,0,7,7,0,5,8,6,8,2,10,0,3,11,4,4,4,0,5,9,7,10,9,11,8,8,0,9,0,10,6,9,6,11,10,0,6,5,3,10,8,11,4,5,5,2,5,11,0,9,0,0,2,9,5,5,6,5,6,11,11,2,11,3,4,5,3,5,5,11,11,9,3,10,3,9,9,10,3,3,7,4,7,9,10,11,5,10,4,7,8,5,11,8,10,9,3,11,5,7,4,7,5,5,8,8,2,10,3,0,9,8
6,0,0,0,0,2,4,8,5,7,4,11,11,3,10,8,4,8,4,5,11,2,10,10,3,9,11,6,6,8,9,9,6,6,10,10,0,6,3,2,8,8,2,6,9,7,9,3,11,2,4,0,5,5,5,2,6,10,8,11,10,0,9,9,2,10,2,11,7,10,7,0,11,2,7,6,4,11,9,0,5,6,6,3,6,0,2,10,2,2,3,10,6,6,7,6,7,0,0,3,0,4,5,6,4,6,6,0,0,10,4,11,4,10,10,11,4,4,8,5,8,10,11,0,6,11,5,8,9,6,0,9,11,10,4,0,6,8,5,8,6,6,9,9,3,11,4,2,10,9
7,2,2,2,2,3,5,9,6,8,5,0,0,4,11,9,5,9,5,6,0,3,11,11,4,10,0,7,7,9,10,10,7,7,11,11,2,7,4,3,9,9,3,7,10,8,10,4,0,3,5,2,6,6,6,3,7,11,9,0,11,2,10,10,3,11,3,0,8,11,8,2,0,3,8,7,5,0,10,2,6,7,7,4,7,2,3,11,3,3,4,11,7,7,8,7,8,2,2,4,2,5,6,7,5,7,7,2,2,11,5,0,5,11,11,0,5,5,9,6,9,11,0,2,7,0,6,9,10,7,2,10,0,11,5,2,7,9,6,9,7,7,10,10,4,0,5,3,11,10
8,3,3,3,3,4,6,10,7,9,6,2,2,5,0,10,6,10,6,7,2,4,0,0,5,11,2,8,8,10,11,11,8,8,0,0,3,8,5,4,10,10,4,8,11,9,11,5,2,4,6,3,7,7,7,4,8,0,10,2,0,3,11,11,4,0,4,2,9,0,9,3,2,4,9,8,6,2,11,3,7,8,8,5,8,3,4,0,4,4,5,0,8,8,9,8,9,3,3,5,3,6,7,8,6,8,8,3,3,0,6,2,6,0,0,2,6,6,10,7,10,0,2,3,8,2,7,10,11,8,3,11,2,0,6,3,8,10,7,10,8,8,11,11,5,2,6,4,0,11
9,4,4,4,4,5,7,11,8,10,7,3,3,6,2,11,7,11,7,8,3,5,2,2,6,0,3,9,9,11,0,0,9,9,2,2,4,9,6,5,11,11,5,9,0,10,0,6,3,5,7,4,8,8,8,5,9,2,11,3,2,4,0,0,5,2,5,3,10,2,10,4,3,5,10,9,7,3,0,4,8,9,9,6,9,4,5,2,5,5,6,2,9,9,10,9,10,4,4,6,4,7,8,9,7,9,9,4,4,2,7,3,7,2,2,3,7,7,11,8,11,2,3,4,9,3,8,11,0,9,4,0,3,2,7,4,9,11,8,11,9,9,0,0,6,3,7,5,2,0
10,5,5,5,5,6,8,0,9,11,8,4,4,7,3,0,8,0,8,9,4,6,3,3,7,2,4,10,10,0,2,2,10,10,3,3,5,10,7,6,0,0,6,10,2,11,2,7,4,6,8,5,9,9,9,6,10,3,0,4,3,5,2,2,6,3,6,4,11,3,11,5,4,6,11,10,8,4,2,5,9,10,10,7,10,5,6,3,6,6,7,3,10,10,11,10,11,5,5,7,5,8,9,10,8,10,10,5,5,3,8,4,8,3,3,4,8,8,0,9,0,3,4,5,10,4,9,0,2,10,5,2,4,3,8,5,10,0,9,0,10,10,2,2,7,4,8,6,3,2
11,6,6,6,6,7,9,2,10,0,9,5,5,8,4,2,9,2,9,10,5,7,4,4,8,3,5,11,11,2,3,3,11,11,4,4,6,11,8,7,2,2,7,11,3,0,3,8,5,7,9,6,10,10,10,7,11,4,2,5,4,6,3,3,7,4,7,5,0,4,0,6,5,7,0,11,9,5,3,6,10,11,11,8,11,6,7,4,7,7,8,4,11,11,0,11,0,6,6,8,6,9,10,11,9,11,11,6,6,4,9,5,9,4,4,5,9,9,2,10,2,4,5,6,11,5,10,2,3,11,6,3,5,4,9,6,11,2,10,2,11,11,3,3,8,5,9,7,4,3
0,7,7,7,7,8,10,3,11,2,10,6,6,9,5,3,10,3,10,11,6,8,5,5,9,4,6,0,0,3,4,4,0,0,5,5,7,0,9,8,3,3,8,0,4,2,4,9,6,8,10,7,11,11,11,8,0,5,3,6,5,7,4,4,8,5,8,6,2,5,2,7,6,8,2,0,10,6,4,7,11,0,0,9,0,7,8,5,8,8,9,5,0,0,2,0,2,7,7,9,7,10,11,0,10,0,0,7,7,5,10,6,10,5,5,6,10,10,3,11,3,5,6,7,0,6,11,3,4,0,7,4,6,5,10,7,0,3,11,3,0,0,4,4,9,6,10,8,5,4
2,8,8,8,8,9,11,4,0,3,11,7,7,10,6,4,11,4,11,0,7,9,6,6,10,5,7,2,2,4,5,5,2,2,6,6,8,2,10,9,4,4,9,2,5,3,5,10,7,9,11,8,0,0,0,9,2,6,4,7,6,8,5,5,9,6,9,7,3,6,3,8,7,9,3,2,11,7,5,8,0,2,2,10,2,8,9,6,9,9,10,6,2,2,3,2,3,8,8,10,8,11,0,2,11,2,2,8,8,6,11,7,11,6,6,7,11,11,4,0,4,6,7,8,2,7,0,4,5,2,8,5,7,6,11,8,2,4,0,4,2,2,5,5,10,7,11,9,6,5
3,9,9,9,9,10,0,5,2,4,0,8,8,11,7,5,0,5,0,2,8,10,7,7,11,6,8,3,3,5,6,6,3,3,7,7,9,3,11,10,5,5,10,3,6,4,6,11,8,10,0,9,2,2,2,10,3,7,5,8,7,9,6,6,10,7,10,8,4,7,4,9,8,10,4,3,0,8,6,9,2,3,3,11,3,9,10,7,10,10,11,7,3,3,4,3,4,9,9,11,9,0,2,3,0,3,3,9,9,7,0,8,0,7,7,8,0,0,5,2,5,7,8,9,3,8,2,5,6,3,9,6,8,7,0,9,3,5,2,5,3,3,6,6,11,8,0,10,7,6
4,10,10,10,10,11,2,6,3,5,2,9,9,0,8,6,2,6,2,3,9,11,8,8,0,7,9,4,4,6,7,7,4,4,8,8,10,4,0,11,6,6,11,4,7,5,7,0,9,11,2,10,3,3,3,11,4,8,6,9,8,10,7,7,11,8,11,9,5,8,5,10,9,11,5,4,2,9,7,10,3,4,4,0,4,10,11,8,11,11,0,8,4,4,5,4,5,10,10,0,10,2,3,4,2,4,4,10,10,8,2,9,2,8,8,9,2,2,6,3,6,8,9,10,4,9,3,6,7,4,10,7,9,8,2,10,4,6,3,6,4,4,7,7,0,9,2,11,8,7
5,11,11,11,11,0,3,7,4,6,3,10,10,2,9,7,3,7,3,4,10,0,9,9,2,8,10,5,5,7,8,8,5,5,9,9,11,5,2,0,7,7,0,5,8,6,8,2,10,0,3,11,4,4,4,0,5,9,7,10,9,11,8,8,0,9,0,10,6,9,6,11,10,0,6,5,3,10,8,11,4,5,5,2,5,11,0,9,0,0,2,9,5,5,6,5,6,11,11,2,11,3,4,5,3,5,5,11,11,9,3,10,3,9,9,10,3,3,7,4,7,9,10,11,5,10,4,7,8,5,11,8,10,9,3,11,5,7,4,7,5,5,8,8,2,10,3,0,9,8
6,0,0,0,0,2,4,8,5,7,4,11,11,3,10,8,4,8,4,5,11,2,10,10,3,9,11,6,6,8,9,9,6,6,10,10,0,6,3,2,8,8,2,6,9,7,9,3,11,2,4,0,5,5,5,2,6,10,8,11,10,0,9,9,2,10,2,11,7,10,7,0,11,2,7,6,4,11,9,0,5,6,6,3,6,0,2,10,2,2,3,10,6,6,7,6,7,0,0,3,0,4,5,6,4,6,6,0,0,10,4,11,4,10,10,11,4,4,8,5,8,10,11,0,6,11,5,8,9,6,0,9,11,10,4,0,6,8,5,8,6,6,9,9,3,11,4,2,10,9
7,2,2,2,2,3,5,9,6,8,5,0,0,4,11,9,5,9,5,6,0,3,11,11,4,10,0,7,7,9,10,10,7,7,11,11,2,7,4,3,9,9,3,7,10,8,10,4,0,3,5,2,6,6,6,3,7,11,9,0,11,2,10,10,3,11,3,0,8,11,8,2,0,3,8,7,5,0,10,2,6,7,7,4,7,2,3,11,3,3,4,11,7,7,8,7,8,2,2,4,2,5,6,7,5,7,7,2,2,11,5,0,5,11,11,0,5,5,9,6,9,11,0,2,7,0,6,9,10,7,2,10,0,11,5,2,7,9,6,9,7,7,10,10,4,0,5,3,11,10
8,3,3,3,3,4,6,10,7,9,6,2,2,5,0,10,6,10,6,7,2,4,0,0,5,11,2,8,8,10,11,11,8,8,0,0,3,8,5,4,10,10,4,8,11,9,11,5,2,4,6,3,7,7,7,4,8,0,10,2,0,3,11,11,4,0,4,2,9,0,9,3,2,4,9,8,6,2,11,3,7,8,8,5,8,3,4,0,4,4,5,0,8,8,9,8,9,3,3,5,3,6,7,8,6,8,8,3,3,0,6,2,6,0,0,2,6,6,10,7,10,0,2,3,8,2,7,10,11,8,3,11,2,0,6,3,8,10,7,10,8,8,11,11,5,2,6,4,0,11
9,4,4,4,4,5,7,11,8,10,7,3,3,6,2,11,7,11,7,8,3,5,2,2,6,0,3,9,9,11,0,0,9,9,2,2,4,9,6,5,11,11,5,9,0,10,0,6,3,5,7,4,8,8,8,5,9,2,11,3,2,4,0,0,5,2,5,3,10,2,10,4,3,5,10,9,7,3,0,4,8,9,9,6,9,4,5,2,5,5,6,2,9,9,10,9,10,4,4,6,4,7,8,9,7,9,9,4,4,2,7,3,7,2,2,3,7,7,11,8,11,2,3,4,9,3,8,11,0,9,4,0,3,2,7,4,9,11,8,11,9,9,0,0,6,3,7,5,2,0
10,5,5,5,5,6,8,0,9,11,8,4,4,7,3,0,8,0,8,9,4,6,3,3,7,2,4,10,10,0,2,2,10,10,3,3,5,10,7,6,0,0,6,10,2,11,2,7,4,6,8,5,9,9,9,6,10,3,0,4,3,5,2,2,6,3,6,4,11,3,11,5,4,6,11,10,8,4,2,5,9,10,10,7,10,5,6,3,6,6,7,3,10,10,11,10,11,5,5,7,5,8,9,10,8,10,10,5,5,3,8,4,8,3,3,4,8,8,0,9,0,3,4,5,10,4,9,0,2,10,5,2,4,3,8,5,10,0,9,0,10,10,2,2,7,4,8,6,3,2
11,6,6,6,6,7,9,2,10,0,9,5,5,8,4,2,9,2,9,10,5,7,4,4,8,3,5,11,11,2,3,3,11,11,4,4,6,11,8,7,2,2,7,11,3,0,3,8,5,7,9,6,10,10,10,7,11,4,2,5,4,6,3,3,7,4,7,5,0,4,0,6,5,7,0,11,9,5,3,6,10,11,11,8,11,6,7,4,7,7,8,4,11,11,0,11,0,6,6,8,6,9,10,11,9,11,11,6,6,4,9,5,9,4,4,5,9,9,2,10,2,4,5,6,11,5,10,2,3,11,6,3,5,4,9,6,11,2,10,2,11,11,3,3,8,5,9,7,4,3
0,7,7,7,7,8,10,3,11,2,10,6,6,9,5,3,10,3,10,11,6,8,5,5,9,4,6,0,0,3,4,4,0,0,5,5,7,0,9,8,3,3,8,0,4,2,4,9,6,8,10,7,11,11,11,8,0,5,3,6,5,7,4,4,8,5,8,6,2,5,2,7,6,8,2,0,10,6,4,7,11,0,0,9,0,7,8,5,8,8,9,5,0,0,2,0,2,7,7,9,7,10,11,0,10,0,0,7,7,5,10,6,10,5,5,6,10,10,3,11,3,5,6,7,0,6,11,3,4,0,7,4,6,5,10,7,0,3,11,3,0,0,4,4,9,6,10,8,5,4
2,8,8,8,8,9,11,4,0,3,11,7,7,10,6,4,11,4,11,0,7,9,6,6,10,5,7,2,2,4,5,5,2,2,6,6,8,2,10,9,4,4,9,2,5,3,5,10,7,9,11,8,0,0,0,9,2,6,4,7,6,8,5,5,9,6,9,7,3,6,3,8,7,9,3,2,11,7,5,8,0,2,2,10,2,8,9,6,9,9,10,6,2,2,3,2,3,8,8,10,8,11,0,2,11,2,2,8,8,6,11,7,11,6,6,7,11,11,4,0,4,6,7,8,2,7,0,4,5,2,8,5,7,6,11,8,2,4,0,4,2,2,5,5,10,7,11,9,6,5
3,9,9,9,9,10,0,5,2,4,0,8,8,11,7,5,0,5,0,2,8,10,7,7,11,6,8,3,3,5,6,6,3,3,7,7,9,3,11,10,5,5,10,3,6,4,6,11,8,10,0,9,2,2,2,10,3,7,5,8,7,9,6,6,10,7,10,8,4,7,4,9,8,10,4,3,0,8,6,9,2,3,3,11,3,9,10,7,10,10,11,7,3,3,4,3,4,9,9,11,9,0,2,3,0,3,3,9,9,7,0,8,0,7,7,8,0,0,5,2,5,7,8,9,3,8,2,5,6,3,9,6,8,7,0,9,3,5,2,5,3,3,6,6,11,8,0,10,7,6
4,10,10,10,10,11,2,6,3,5,2,9,9,0,8,6,2,6,2,3,9,11,8,8,0,7,9,4,4,6,7,7,4,4,8,8,10,4,0,11,6,6,11,4,7,5,7,0,9,11,2,10,3,3,3,11,4,8,6,9,8,10,7,7,11,8,11,9,5,8,5,10,9,11,5,4,2,9,7,10,3,4,4,0,4,10,11,8,11,11,0,8,4,4,5,4,5,10,10,0,10,2,3,4,2,4,4,10,10,8,2,9,2,8,8,9,2,2,6,3,6,8,9,10,4,9,3,6,7,4,10,7,9,8,2,10,4,6,3,6,4,4,7,7,0,9,2,11,8,7
5,11,11,11,11,0,3,7,4,6,3,10,10,2,9,7,3,7,3,4,10,0,9,9,2,8,10,5,5,7,8,8,5,5,9,9,11,5,2,0,7,7,0,5,8,6,8,2,10,0,3,11,4,4,4,0,5,9,7,10,9,11,8,8,0,9,0,10,6,9,6,11,10,0,6,5,3,10,8,11,4,5,5,2,5,11,0,9,0,0,2,9,5,5,6,5,6,11,11,2,11,3,4,5,3,5,5,11,11,9,3,10,3,9,9,10,3,3,7,4,7,9,10,11,5,10,4,7,8,5,11,8,10,9,3,11,5,7,4,7,5,5,8,8,2,10,3,0,9,8
6,0,0,0,0,2,4,8,5,7,4,11,11,3,10,8,4,8,4,5,11,2,10,10,3,9,11,6,6,8,9,9,6,6,10,10,0,6,3,2,8,8,2,6,9,7,9,3,11,2,4,0,5,5,5,2,6,10,8,11,10,0,9,9,2,10,2,11,7,10,7,0,11,2,7,6,4,11,9,0,5,6,6,3,6,0,2,10,2,2,3,10,6,6,7,6,7,0,0,3,0,4,5,6,4,6,6,0,0,10,4,11,4,10,10,11,4,4,8,5,8,10,11,0,6,11,5,8,9,6,0,9,11,10,4,0,6,8,5,8,6,6,9,9,3,11,4,2,10,9
7,2,2,2,2,3,5,9,6,8,5,0,0,4,11,9,5,9,5,6,0,3,11,11,4,10,0,7,7,9,10,10,7,7,11,11,2,7,4,3,9,9,3,7,10,8,10,4,0,3,5,2,6,6,6,3,7,11,9,0,11,2,10,10,3,11,3,0,8,11,8,2,0,3,8,7,5,0,10,2,6,7,7,4,7,2,3,11,3,3,4,11,7,7,8,7,8,2,2,4,2,5,6,7,5,7,7,2,2,11,5,0,5,11,11,0,5,5,9,6,9,11,0,2,7,0,6,9,10,7,2,10,0,11,5,2,7,9,6,9,7,7,10,10,4,0,5,3,11,10
8,3,3,3,3,4,6,10,7,9,6,2,2,5,0,10,6,10,6,7,2,4,0,0,5,11,2,8,8,10,11,11,8,8,0,0,3,8,5,4,10,10,4,8,11,9,11,5,2,4,6,3,7,7,7,4,8,0,10,2,0,3,11,11,4,0,4,2,9,0,9,3,2,4,9,8,6,2,11,3,7,8,8,5,8,3,4,0,4,4,5,0,8,8,9,8,9,3,3,5,3,6,7,8,6,8,8,3,3,0,6,2,6,0,0,2,6,6,10,7,10,0,2,3,8,2,7,10,11,8,3,11,2,0,6,3,8,10,7,10,8,8,11,11,5,2,6,4,0,11
9,4,4,4,4,5,7,11,8,10,7,3,3,6,2,11,7,11,7,8,3,5,2,2,6,0,3,9,9,11,0,0,9,9,2,2,4,9,6,5,11,11,5,9,0,10,0,6,3,5,7,4,8,8,8,5,9,2,11,3,2,4,0,0,5,2,5,3,10,2,10,4,3,5,10,9,7,3,0,4,8,9,9,6,9,4,5,2,5,5,6,2,9,9,10,9,10,4,4,6,4,7,8,9,7,9,9,4,4,2,7,3,7,2,2,3,7,7,11,8,11,2,3,4,9,3,8,11,0,9,4,0,3,2,7,4,9,11,8,11,9,9,0,0,6,3,7,5,2,0
10,5,5,5,5,6,8,0,9,11,8,4,4,7,3,0,8,0,8,9,4,6,3,3,7,2,4,10,10,0,2,2,10,10,3,3,5,10,7,6,0,0,6,10,2,11,2,7,4,6,8,5,9,9,9,6,10,3,0,4,3,5,2,2,6,3,6,4,11,3,11,5,4,6,11,10,8,4,2,5,9,10,10,7,10,5,6,3,6,6,7,3,10,10,11,10,11,5,5,7,5,8,9,10,8,10,10,5,5,3,8,4,8,3,3,4,8,8,0,9,0,3,4,5,10,4,9,0,2,10,5,2,4,3,8,5,10,0,9,0,10,10,2,2,7,4,8,6,3,2
11,6,6,6,6,7,9,2,10,0,9,5,5,8,4,2,9,2,9,10,5,7,4,4,8,3,5,11,11,2,3,3,11,11,4,4,6,11,8,7,2,2,7,11,3,0,3,8,5,7,9,6,10,10,10,7,11,4,2,5,4,6,3,3,7,4,7,5,0,4,0,6,5,7,0,11,9,5,3,6,10,11,11,8,11,6,7,4,7,7,8,4,11,11,0,11,0,6,6,8,6,9,10,11,9,11,11,6,6,4,9,5,9,4,4,5,9,9,2,10,2,4,5,6,11,5,10,2,3,11,6,3,5,4,9,6,11,2,10,2,11,11,3,3,8,5,9,7,4,3
0,7,7,7,7,8,10,3,11,2,10,6,6,9,5,3,10,3,10,11,6,8,5,5,9,4,6,0,0,3,4,4,0,0,5,5,7,0,9,8,3,3,8,0,4,2,4,9,6,8,10,7,11,11,11,8,0,5,3,6,5,7,4,4,8,5,8,6,2,5,2,7,6,8,2,0,10,6,4,7,11,0,0,9,0,7,8,5,8,8,9,5,0,0,2,0,2,7,7,9,7,10,11,0,10,0,0,7,7,5,10,6,10,5,5,6,10,10,3,11,3,5,6,7,0,6,11,3,4,0,7,4,6,5,10,7,0,3,11,3,0,0,4,4,9,6,10,8,5,4
2,8,8,8,8,9,11,4,0,3,11,7,7,10,6,4,11,4,11,0,7,9,6,6,10,5,7,2,2,4,5,5,2,2,6,6,8,2,10,9,4,4,9,2,5,3,5,10,7,9,11,8,0,0,0,9,2,6,4,7,6,8,5,5,9,6,9,7,3,6,3,8,7,9,3,2,11,7,5,8,0,2,2,10,2,8,9,6,9,9,10,6,2,2,3,2,3,8,8,10,8,11,0,2,11,2,2,8,8,6,11,7,11,6,6,7,11,11,4,0,4,6,7,8,2,7,0,4,5,2,8,5,7,6,11,8,2,4,0,4,2,2,5,5,10,7,11,9,6,5
3,9,9,9,9,10,0,5,2,4,0,8,8,11,7,5,0,5,0,2,8,10,7,7,11,6,8,3,3,5,6,6,3,3,7,7,9,3,11,10,5,5,10,3,6,4,6,11,8,10,0,9,2,2,2,10,3,7,5,8,7,9,6,6,10,7,10,8,4,7,4,9,8,10,4,3,0,8,6,9,2,3,3,11,3,9,10,7,10,10,11,7,3,3,4,3,4,9,9,11,9,0,2,3,0,3,3,9,9,7,0,8,0,7,7,8,0,0,5,2,5,7,8,9,3,8,2,5,6,3,9,6,8,7,0,9,3,5,2,5,3,3,6,6,11,8,0,10,7,6
4,10,10,10,10,11,2,6,3,5,2,9,9,0,8,6,2,6,2,3,9,11,8,8,0,7,9,4,4,6,7,7,4,4,8,8,10,4,0,11,6,6,11,4,7,5,7,0,9,11,2,10,3,3,3,11,4,8,6,9,8,10,7,7,11,8,11,9,5,8,5,10,9,11,5,4,2,9,7,10,3,4,4,0,4,10,11,8,11,11,0,8,4,4,5,4,5,10,10,0,10,2,3,4,2,4,4,10,10,8,2,9,2,8,8,9,2,2,6,3,6,8,9,10,4,9,3,6,7,4,10,7,9,8,2,10,4,6,3,6,4,4,7,7,0,9,2,11,8,7
5,11,11,11,11,0,3,7,4,6,3,10,10,2,9,7,3,7,3,4,10,0,9,9,2,8,10,5,5,7,8,8,5,5,9,9,11,5,2,0,7,7,0,5,8,6,8,2,10,0,3,11,4,4,4,0,5,9,7,10,9,11,8,8,0,9,0,10,6,9,6,11,10,0,6,5,3,10,8,11,4,5,5,2,5,11,0,9,0,0,2,9,5,5,6,5,6,11,11,2,11,3,4,5,3,5,5,11,11,9,3,10,3,9,9,10,3,3,7,4,7,9,10,11,5,10,4,7,8,5,11,8,10,9,3,11,5,7,4,7,5,5,8,8,2,10,3,0,9,8
6,0,0,0,0,2,4,8,5,7,4,11,11,3,10,8,4,8,4,5,11,2,10,10,3,9,11,6,6,8,9,9,6,6,10,10,0,6,3,2,8,8,2,6,9,7,9,3,11,2,4,0,5,5,5,2,6,10,8,11,10,0,9,9,2,10,2,11,7,10,7,0,11,2,7,6,4,11,9,0,5,6,6,3,6,0,2,10,2,2,3,10,6,6,7,6,7,0,0,3,0,4,5,6,4,6,6,0,0,10,4,11,4,10,10,11,4,4,8,5,8,10,11,0,6,11,5,8,9,6,0,9,11,10,4,0,6,8,5,8,6,6,9,9,3,11,4,2,10,9
7,2,2,2,2,3,5,9,6,8,5,0,0,4,11,9,5,9,5,6,0,3,11,11,4,10,0,7,7,9,10,10,7,7,11,11,2,7,4,3,9,9,3,7,10,8,10,4,0,3,5,2,6,6,6,3,7,11,9,0,11,2,10,10,3,11,3,0,8,11,8,2,0,3,8,7,5,0,10,2,6,7,7,4,7,2,3,11,3,3,4,11,7,7,8,7,8,2,2,4,2,5,6,7,5,7,7,2,2,11,5,0,5,11,11,0,5,5,9,6,9,11,0,2,7,0,6,9,10,7,2,10,0,11,5,2,7,9,6,9,7,7,10,10,4,0,5,3,11,10
8,3,3,3,3,4,6,10,7,9,6,2,2,5,0,10,6,10,6,7,2,4,0,0,5,11,2,8,8,10,11,11,8,8,0,0,3,8,5,4,10,10,4,8,11,9,11,5,2,4,6,3,7,7,7,4,8,0,10,2,0,3,11,11,4,0,4,2,9,0,9,3,2,4,9,8,6,2,11,3,7,8,8,5,8,3,4,0,4,4,5,0,8,8,9,8,9,3,3,5,3,6,7,8,6,8,8,3,3,0,6,2,6,0,0,2,6,6,10,7,10,0,2,3,8,2,7,10,11,8,3,11,2,0,6,3,8,10,7,10,8,8,11,11,5,2,6,4,0,11
9,4,4,4,4,5,7,11,8,10,7,3,3,6,2,11,7,11,7,8,3,5,2,2,6,0,3,9,9,11,0,0,9,9,2,2,4,9,6,5,11,11,5,9,0,10,0,6,3,5,7,4,8,8,8,5,9,2,11,3,2,4,0,0,5,2,5,3,10,2,10,4,3,5,10,9,7,3,0,4,8,9,9,6,9,4,5,2,5,5,6,2,9,9,10,9,10,4,4,6,4,7,8,9,7,9,9,4,4,2,7,3,7,2,2,3,7,7,11,8,11,2,3,4,9,3,8,11,0,9,4,0,3,2,7,4,9,11,8,11,9,9,0,0,6,3,7,5,2,0
10,5,5,5,5,6,8,0,9,11,8,4,4,7,3,0,8,0,8,9,4,6,3,3,7,2,4,10,10,0,2,2,10,10,3,3,5,10,7,6,0,0,6,10,2,11,2,7,4,6,8,5,9,9,9,6,10,3,0,4,3,5,2,2,6,3,6,4,11,3,11,5,4,6,11,10,8,4,2,5,9,10,10,7,10,5,6,3,6,6,7,3,10,10,11,10,11,5,5,7,5,8,9,10,8,10,10,5,5,3,8,4,8,3,3,4,8,8,0,9,0,3,4,5,10,4,9,0,2,10,5,2,4,3,8,5,10,0,9,0,10,10,2,2,7,4,8,6,3,2
11,6,6,6,6,7,9,2,10,0,9,5,5,8,4,2,9,2,9,10,5,7,4,4,8,3,5,11,11,2,3,3,11,11,4,4,6,11,8,7,2,2,7,11,3,0,3,8,5,7,9,6,10,10,10,7,11,4,2,5,4,6,3,3,7,4,7,5,0,4,0,6,5,7,0,11,9,5,3,6,10,11,11,8,11,6,7,4,7,7,8,4,11,11,0,11,0,6,6,8,6,9,10,11,9,11,11,6,6,4,9,5,9,4,4,5,9,9,2,10,2,4,5,6,11,5,10,2,3,11,6,3,5,4,9,6,11,2,10,2,11,11,3,3,8,5,9,7,4,3
0,7,7,7,7,8,10,3,11,2,10,6,6,9,5,3,10,3,10,11,6,8,5,5,9,4,6,0,0,3,4,4,0,0,5,5,7,0,9,8,3,3,8,0,4,2,4,9,6,8,10,7,11,11,11,8,0,5,3,6,5,7,4,4,8,5,8,6,2,5,2,7,6,8,2,0,10,6,4,7,11,0,0,9,0,7,8,5,8,8,9,5,0,0,2,0,2,7,7,9,7,10,11,0,10,0,0,7,7,5,10,6,10,5,5,6,10,10,3,11,3,5,6,7,0,6,11,3,4,0,7,4,6,5,10,7,0,3,11,3,0,0,4,4,9,6,10,8,5,4
2,8,8,8,8,9,11,4,0,3,11,7,7,10,6,4,11,4,11,0,7,9,6,6,10,5,7,2,2,4,5,5,2,2,6,6,8,2,10,9,4,4,9,2,5,3,5,10,7,9,11,8,0,0,0,9,2,6,4,7,6,8,5,5,9,6,9,7,3,6,3,8,7,9,3,2,11,7,5,8,0,2,2,10,2,8,9,6,9,9,10,6,2,2,3,2,3,8,8,10,8,11,0,2,11,2,2,8,8,6,11,7,11,6,6,7,11,11,4,0,4,6,7,8,2,7,0,4,5,2,8,5,7,6,11,8,2,4,0,4,2,2,5,5,10,7,11,9,6,5
3,9,9,9,9,10,0,5,2,4,0,8,8,11,7,5,0,5,0,2,8,10,7,7,11,6,8,3,3,5,6,6,3,3,7,7,9,3,11,10,5,5,10,3,6,4,6,11,8,10,0,9,2,2,2,10,3,7,5,8,7,9,6,6,10,7,10,8,4,7,4,9,8,10,4,3,0,8,6,9,2,3,3,11,3,9,10,7,10,10,11,7,3,3,4,3,4,9,9,11,9,0,2,3,0,3,3,9,9,7,0,8,0,7,7,8,0,0,5,2,5,7,8,9,3,8,2,5,6,3,9,6,8,7,0,9,3,5,2,5,3,3,6,6,11,8,0,10,7,6
4,10,10,10,10,11,2,6,3,5,2,9,9,0,8,6,2,6,2,3,9,11,8,8,0,7,9,4,4,6,7,7,4,4,8,8,10,4,0,11,6,6,11,4,7,5,7,0,9,11,2,10,3,3,3,11,4,8,6,9,8,10,7,7,11,8,11,9,5,8,5,10,9,11,5,4,2,9,7,10,3,4,4,0,4,10,11,8,11,11,0,8,4,4,5,4,5,10,10,0,10,2,3,4,2,4,4,10,10,8,2,9,2,8,8,9,2,2,6,3,6,8,9,10,4,9,3,6,7,4,10,7,9,8,2,10,4,6,3,6,4,4,7,7,0,9,2,11,8,7
5,11,11,11,11,0,3,7,4,6,3,10,10,2,9,7,3,7,3,4,10,0,9,9,2,8,10,5,5,7,8,8,5,5,9,9,11,5,2,0,7,7,0,5,8,6,8,2,10,0,3,11,4,4,4,0,5,9,7,10,9,11,8,8,0,9,0,10,6,9,6,11,10,0,6,5,3,10,8,11,4,5,5,2,5,11,0,9,0,0,2,9,5,5,6,5,6,11,11,2,11,3,4,5,3,5,5,11,11,9,3,10,3,9,9,10,3,3,7,4,7,9,10,11,5,10,4,7,8,5,11,8,10,9,3,11,5,7,4,7,5,5,8,8,2,10,3,0,9,8
6,0,0,0,0,2,4,8,5,7,4,11,11,3,10,8,4,8,4,5,11,2,10,10,3,9,11,6,6,8,9,9,6,6,10,10,0,6,3,2,8,8,2,6,9,7,9,3,11,2,4,0,5,5,5,2,6,10,8,11,10,0,9,9,2,10,2,11,7,10,7,0,11,2,7,6,4,11,9,0,5,6,6,3,6,0,2,10,2,2,3,10,6,6,7,6,7,0,0,3,0,4,5,6,4,6,6,0,0,10,4,11,4,10,10,11,4,4,8,5,8,10,11,0,6,11,5,8,9,6,0,9,11,10,4,0,6,8,5,8,6,6,9,9,3,11,4,2,10,9
7,2,2,2,2,3,5,9,6,8,5,0,0,4,11,9,5,9,5,6,0,3,11,11,4,10,0,7,7,9,10,10,7,7,11,11,2,7,4,3,9,9,3,7,10,8,10,4,0,3,5,2,6,6,6,3,7,11,9,0,11,2,10,10,3,11,3,0,8,11,8,2,0,3,8,7,5,0,10,2,6,7,7,4,7,2,3,11,3,3,4,11,7,7,8,7,8,2,2,4,2,5,6,7,5,7,7,2,2,11,5,0,5,11,11,0,5,5,9,6,9,11,0,2,7,0,6,9,10,7,2,10,0,11,5,2,7,9,6,9,7,7,10,10,4,0,5,3,11,10
8,3,3,3,3,4,6,10,7,9,6,2,2,5,0,10,6,10,6,7,2,4,0,0,5,11,2,8,8,10,11,11,8,8,0,0,3,8,5,4,10,10,4,8,11,9,11,5,2,4,6,3,7,7,7,4,8,0,10,2,0,3,11,11,4,0,4,2,9,0,9,3,2,4,9,8,6,2,11,3,7,8,8,5,8,3,4,0,4,4,5,0,8,8,9,8,9,3,3,5,3,6,7,8,6,8,8,3,3,0,6,2,6,0,0,2,6,6,10,7,10,0,2,3,8,2,7,10,11,8,3,11,2,0,6,3,8,10,7,10,8,8,11,11,5,2,6,4,0,11
9,4,4,4,4,5,7,11,8,10,7,3,3,6,2,11,7,11,7,8,3,5,2,2,6,0,3,9,9,11,0,0,9,9,2,2,4,9,6,5,11,11,5,9,0,10,0,6,3,5,7,4,8,8,8,5,9,2,11,3,2,4,0,0,5,2,5,3,10,2,10,4,3,5,10,9,7,3,0,4,8,9,9,6,9,4,5,2,5,5,6,2,9,9,10,9,10,4,4,6,4,7,8,9,7,9,9,4,4,2,7,3,7,2,2,3,7,7,11,8,11,2,3,4,9,3,8,11,0,9,4,0,3,2,7,4,9,11,8,11,9,9,0,0,6,3,7,5,2,0
10,5,5,5,5,6,8,0,9,11,8,4,4,7,3,0,8,0,8,9,4,6,3,3,7,2,4,10,10,0,2,2,10,10,3,3,5,10,7,6,0,0,6,10,2,11,2,7,4,6,8,5,9,9,9,6,10,3,0,4,3,5,2,2,6,3,6,4,11,3,11,5,4,6,11,10,8,4,2,5,9,10,10,7,10,5,6,3,6,6,7,3,10,10,11,10,11,5,5,7,5,8,9,10,8,10,10,5,5,3,8,4,8,3,3,4,8,8,0,9,0,3,4,5,10,4,9,0,2,10,5,2,4,3,8,5,10,0,9,0,10,10,2,2,7,4,8,6,3,2
11,6,6,6,6,7,9,2,10,0,9,5,5,8,4,2,9,2,9,10,5,7,4,4,8,3,5,11,11,2,3,3,11,11,4,4,6,11,8,7,2,2,7,11,3,0,3,8,5,7,9,6,10,10,10,7,11,4,2,5,4,6,3,3,7,4,7,5,0,4,0,6,5,7,0,11,9,5,3,6,10,11,11,8,11,6,7,4,7,7,8,4,11,11,0,11,0,6,6,8,6,9,10,11,9,11,11,6,6,4,9,5,9,4,4,5,9,9,2,10,2,4,5,6,11,5,10,2,3,11,6,3,5,4,9,6,11,2,10,2,11,11,3,3,8,5,9,7,4,3
0,7,7,7,7,8,10,3,11,2,10,6,6,9,5,3,10,3,10,11,6,8,5,5,9,4,6,0,0,3,4,4,0,0,5,5,7,0,9,8,3,3,8,0,4,2,4,9,6,8,10,7,11,11,11,8,0,5,3,6,5,7,4,4,8,5,8,6,2,5,2,7,6,8,2,0,10,6,4,7,11,0,0,9,0,7,8,5,8,8,9,5,0,0,2,0,2,7,7,9,7,10,11,0,10,0,0,7,7,5,10,6,10,5,5,6,10,10,3,11,3,5,6,7,0,6,11,3,4,0,7,4,6,5,10,7,0,3,11,3,0,0,4,4,9,6,10,8,5,4
2,8,8,8,8,9,11,4,0,3,11,7,7,10,6,4,11,4,11,0,7,9,6,6,10,5,7,2,2,4,5,5,2,2,6,6,8,2,10,9,4,4,9,2,5,3,5,10,7,9,11,8,0,0,0,9,2,6,4,7,6,8,5,5,9,6,9,7,3,6,3,8,7,9,3,2,11,7,5,8,0,2,2,10,2,8,9,6,9,9,10,6,2,2,3,2,3,8,8,10,8,11,0,2,11,2,2,8,8,6,11,7,11,6,6,7,11,11,4,0,4,6,7,8,2,7,0,4,5,2,8,5,7,6,11,8,2,4,0,4,2,2,5,5,10,7,11,9,6,5
3,9,9,9,9,10,0,5,2,4,0,8,8,11,7,5,0,5,0,2,8,10,7,7,11,6,8,3,3,5,6,6,3,3,7,7,9,3,11,10,5,5,10,3,6,4,6,11,8,10,0,9,2,2,2,10,3,7,5,8,7,9,6,6,10,7,10,8,4,7,4,9,8,10,4,3,0,8,6,9,2,3,3,11,3,9,10,7,10,10,11,7,3,3,4,3,4,9,9,11,9,0,2,3,0,3,3,9,9,7,0,8,0,7,7,8,0,0,5,2,5,7,8,9,3,8,2,5,6,3,9,6,8,7,0,9,3,5,2,5,3,3,6,6,11,8,0,10,7,6
4,10,10,10,10,11,2,6,3,5,2,9,9,0,8,6,2,6,2,3,9,11,8,8,0,7,9,4,4,6,7,7,4,4,8,8,10,4,0,11,6,6,11,4,7,5,7,0,9,11,2,10,3,3,3,11,4,8,6,9,8,10,7,7,11,8,11,9,5,8,5,10,9,11,5,4,2,9,7,10,3,4,4,0,4,10,11,8,11,11,0,8,4,4,5,4,5,10,10,0,10,2,3,4,2,4,4,10,10,8,2,9,2,8,8,9,2,2,6,3,6,8,9,10,4,9,3,6,7,4,10,7,9,8,2,10,4,6,3,6,4,4,7,7,0,9,2,11,8,7
5,11,11,11,11,0,3,7,4,6,3,10,10,2,9,7,3,7,3,4,10,0,9,9,2,8,10,5,5,7,8,8,5,5,9,9,11,5,2,0,7,7,0,5,8,6,8,2,10,0,3,11,4,4,4,0,5,9,7,10,9,11,8,8,0,9,0,10,6,9,6,11,10,0,6,5,3,10,8,11,4,5,5,2,5,11,0,9,0,0,2,9,5,5,6,5,6,11,11,2,11,3,4,5,3,5,5,11,11,9,3,10,3,9,9,10,3,3,7,4,7,9,10,11,5,10,4,7,8,5,11,8,10,9,3,11,5,7,4,7,5,5,8,8,2,10,3,0,9,8
6,0,0,0,0,2,4,8,5,7,4,11,11,3,10,8,4,8,4,5,11,2,10,10,3,9,11,6,6,8,9,9,6,6,10,10,0,6,3,2,8,8,2,6,9,7,9,3,11,2,4,0,5,5,5,2,6,10,8,11,10,0,9,9,2,10,2,11,7,10,7,0,11,2,7,6,4,11,9,0,5,6,6,3,6,0,2,10,2,2,3,10,6,6,7,6,7,0,0,3,0,4,5,6,4,6,6,0,0,10,4,11,4,10,10,11,4,4,8,5,8,10,11,0,6,11,5,8,9,6,0,9,11,10,4,0,6,8,5,8,6,6,9,9,3,11,4,2,10,9
7,2,2,2,2,3,5,9,6,8,5,0,0,4,11,9,5,9,5,6,0,3,11,11,4,10,0,7,7,9,10,10,7,7,11,11,2,7,4,3,9,9,3,7,10,8,10,4,0,3,5,2,6,6,6,3,7,11,9,0,11,2,10,10,3,11,3,0,8,11,8,2,0,3,8,7,5,0,10,2,6,7,7,4,7,2,3,11,3,3,4,11,7,7,8,7,8,2,2,4,2,5,6,7,5,7,7,2,2,11,5,0,5,11,11,0,5,5,9,6,9,11,0,2,7,0,6,9,10,7,2,10,0,11,5,2,7,9,6,9,7,7,10,10,4,0,5,3,11,10
8,3,3,3,3,4,6,10,7,9,6,2,2,5,0,10,6,10,6,7,2,4,0,0,5,11,2,8,8,10,11,11,8,8,0,0,3,8,5,4,10,10,4,8,11,9,11,5,2,4,6,3,7,7,7,4,8,0,10,2,0,3,11,11,4,0,4,2,9,0,9,3,2,4,9,8,6,2,11,3,7,8,8,5,8,3,4,0,4,4,5,0,8,8,9,8,9,3,3,5,3,6,7,8,6,8,8,3,3,0,6,2,6,0,0,2,6,6,10,7,10,0,2,3,8,2,7,10,11,8,3,11,2,0,6,3,8,10,7,10,8,8,11,11,5,2,6,4,0,11
9,4,4,4,4,5,7,11,8,10,7,3,3,6,2,11,7,11,7,8,3,5,2,2,6,0,3,9,9,11,0,0,9,9,2,2,4,9,6,5,11,11,5,9,0,10,0,6,3,5,7,4,8,8,8,5,9,2,11,3,2,4,0,0,5,2,5,3,10,2,10,4,3,5,10,9,7,3,0,4,8,9,9,6,9,4,5,2,5,5,6,2,9,9,10,9,10,4,4,6,4,7,8,9,7,9,9,4,4,2,7,3,7,2,2,3,7,7,11,8,11,2,3,4,9,3,8,11,0,9,4,0,3,2,7,4,9,11,8,11,9,9,0,0,6,3,7,5,2,0
10,5,5,5,5,6,8,0,9,11,8,4,4,7,3,0,8,0,8,9,4,6,3,3,7,2,4,10,10,0,2,2,10,10,3,3,5,10,7,6,0,0,6,10,2,11,2,7,4,6,8,5,9,9,9,6,10,3,0,4,3,5,2,2,6,3,6,4,11,3,11,5,4,6,11,10,8,4,2,5,9,10,10,7,10,5,6,3,6,6,7,3,10,10,11,10,11,5,5,7,5,8,9,10,8,10,10,5,5,3,8,4,8,3,3,4,8,8,0,9,0,3,4,5,10,4,9,0,2,10,5,2,4,3,8,5,10,0,9,0,10,10,2,2,7,4,8,6,3,2
11,6,6,6,6,7,9,2,10,0,9,5,5,8,4,2,9,2,9,10,5,7,4,4,8,3,5,11,11,2,3,3,11,11,4,4,6,11,8,7,2,2,7,11,3,0,3,8,5,7,9,6,10,10,10,7,11,4,2,5,4,6,3,3,7,4,7,5,0,4,0,6,5,7,0,11,9,5,3,6,10,11,11,8,11,6,7,4,7,7,8,4,11,11,0,11,0,6,6,8,6,9,10,11,9,11,11,6,6,4,9,5,9,4,4,5,9,9,2,10,2,4,5,6,11,5,10,2,3,11,6,3,5,4,9,6,11,2,10,2,11,11,3,3,8,5,9,7,4,3
0,7,7,7,7,8,10,3,11,2,10,6,6,9,5,3,10,3,10,11,6,8,5,5,9,4,6,0,0,3,4,4,0,0,5,5,7,0,9,8,3,3,8,0,4,2,4,9,6,8,10,7,11,11,11,8,0,5,3,6,5,7,4,4,8,5,8,6,2,5,2,7,6,8,2,0,10,6,4,7,11,0,0,9,0,7,8,5,8,8,9,5,0,0,2,0,2,7,7,9,7,10,11,0,10,0,0,7,7,5,10,6,10,5,5,6,10,10,3,11,3,5,6,7,0,6,11,3,4,0,7,4,6,5,10,7,0,3,11,3,0,0,4,4,9,6,10,8,5,4
2,8,8,8,8,9,11,4,0,3,11,7,7,10,6,4,11,4,11,0,7,9,6,6,10,5,7,2,2,4,5,5,2,2,6,6,8,2,10,9,4,4,9,2,5,3,5,10,7,9,11,8,0,0,0,9,2,6,4,7,6,8,5,5,9,6,9,7,3,6,3,8,7,9,3,2,11,7,5,8,0,2,2,10,2,8,9,6,9,9,10,6,2,2,3,2,3,8,8,10,8,11,0,2,11,2,2,8,8,6,11,7,11,6,6,7,11,11,4,0,4,6,7,8,2,7,0,4,5,2,8,5,7,6,11,8,2,4,0,4,2,2,5,5,10,7,11,9,6,5
3,9,9,9,9,10,0,5,2,4,0,8,8,11,7,5,0,5,0,2,8,10,7,7,11,6,8,3,3,5,6,6,3,3,7,7,9,3,11,10,5,5,10,3,6,4,6,11,8,10,0,9,2,2,2,10,3,7,5,8,7,9,6,6,10,7,10,8,4,7,4,9,8,10,4,3,0,8,6,9,2,3,3,11,3,9,10,7,10,10,11,7,3,3,4,3,4,9,9,11,9,0,2,3,0,3,3,9,9,7,0,8,0,7,7,8,0,0,5,2,5,7,8,9,3,8,2,5,6,3,9,6,8,7,0,9,3,5,2,5,3,3,6,6,11,8,0,10,7,6
4,10,10,10,10,11,2,6,3,5,2,9,9,0,8,6,2,6,2,3,9,11,8,8,0,7,9,4,4,6,7,7,4,4,8,8,10,4,0,11,6,6,11,4,7,5,7,0,9,11,2,10,3,3,3,11,4,8,6,9,8,10,7,7,11,8,11,9,5,8,5,10,9,11,5,4,2,9,7,10,3,4,4,0,4,10,11,8,11,11,0,8,4,4,5,4,5,10,10,0,10,2,3,4,2,4,4,10,10,8,2,9,2,8,8,9,2,2,6,3,6,8,9,10,4,9,3,6,7,4,10,7,9,8,2,10,4,6,3,6,4,4,7,7,0,9,2,11,8,7
5,11,11,11,11,0,3,7,4,6,3,10,10,2,9,7,3,7,3,4,10,0,9,9,2,8,10,5,5,7,8,8,5,5,9,9,11,5,2,0,7,7,0,5,8,6,8,2,10,0,3,11,4,4,4,0,5,9,7,10,9,11,8,8,0,9,0,10,6,9,6,11,10,0,6,5,3,10,8,11,4,5,5,2,5,11,0,9,0,0,2,9,5,5,6,5,6,11,11,2,11,3,4,5,3,5,5,11,11,9,3,10,3,9,9,10,3,3,7,4,7,9,10,11,5,10,4,7,8,5,11,8,10,9,3,11,5,7,4,7,5,5,8,8,2,10,3,0,9,8
6,0,0,0,0,2,4,8,5,7,4,11,11,3,10,8,4,8,4,5,11,2,10,10,3,9,11,6,6,8,9,9,6,6,10,10,0,6,3,2,8,8,2,6,9,7,9,3,11,2,4,0,5,5,5,2,6,10,8,11,10,0,9,9,2,10,2,11,7,10,7,0,11,2,7,6,4,11,9,0,5,6,6,3,6,0,2,10,2,2,3,10,6,6,7,6,7,0,0,3,0,4,5,6,4,6,6,0,0,10,4,11,4,10,10,11,4,4,8,5,8,10,11,0,6,11,5,8,9,6,0,9,11,10,4,0,6,8,5,8,6,6,9,9,3,11,4,2,10,9
7,2,2,2,2,3,5,9,6,8,5,0,0,4,11,9,5,9,5,6,0,3,11,11,4,10,0,7,7,9,10,10,7,7,11,11,2,7,4,3,9,9,3,7,10,8,10,4,0,3,5,2,6,6,6,3,7,11,9,0,11,2,10,10,3,11,3,0,8,11,8,2,0,3,8,7,5,0,10,2,6,7,7,4,7,2,3,11,3,3,4,11,7,7,8,7,8,2,2,4,2,5,6,7,5,7,7,2,2,11,5,0,5,11,11,0,5,5,9,6,9,11,0,2,7,0,6,9,10,7,2,10,0,11,5,2,7,9,6,9,7,7,10,10,4,0,5,3,11,10
8,3,3,3,3,4,6,10,7,9,6,2,2,5,0,10,6,10,6,7,2,4,0,0,5,11,2,8,8,10,11,11,8,8,0,0,3,8,5,4,10,10,4,8,11,9,11,5,2,4,6,3,7,7,7,4,8,0,10,2,0,3,11,11,4,0,4,2,9,0,9,3,2,4,9,8,6,2,11,3,7,8,8,5,8,3,4,0,4,4,5,0,8,8,9,8,9,3,3,5,3,6,7,8,6,8,8,3,3,0,6,2,6,0,0,2,6,6,10,7,10,0,2,3,8,2,7,10,11,8,3,11,2,0,6,3,8,10,7,10,8,8,11,11,5,2,6,4,0,11
9,4,4,4,4,5,7,11,8,10,7,3,3,6,2,11,7,11,7,8,3,5,2,2,6,0,3,9,9,11,0,0,9,9,2,2,4,9,6,5,11,11,5,9,0,10,0,6,3,5,7,4,8,8,8,5,9,2,11,3,2,4,0,0,5,2,5,3,10,2,10,4,3,5,10,9,7,3,0,4,8,9,9,6,9,4,5,2,5,5,6,2,9,9,10,9,10,4,4,6,4,7,8,9,7,9,9,4,4,2,7,3,7,2,2,3,7,7,11,8,11,2,3,4,9,3,8,11,0,9,4,0,3,2,7,4,9,11,8,11,9,9,0,0,6,3,7,5,2,0
10,5,5,5,5,6,8,0,9,11,8,4,4,7,3,0,8,0,8,9,4,6,3,3,7,2,4,10,10,0,2,2,10,10,3,3,5,10,7,6,0,0,6,10,2,11,2,7,4,6,8,5,9,9,9,6,10,3,0,4,3,5,2,2,6,3,6,4,11,3,11,5,4,6,11,10,8,4,2,5,9,10,10,7,10,5,6,3,6,6,7,3,10,10,11,10,11,5,5,7,5,8,9,10,8,10,10,5,5,3,8,4,8,3,3,4,8,8,0,9,0,3,4,5,10,4,9,0,2,10,5,2,4,3,8,5,10,0,9,0,10,10,2,2,7,4,8,6,3,2
11,6,6,6,6,7,9,2,10,0,9,5,5,8,4,2,9,2,9,10,5,7,4,4,8,3,5,11,11,2,3,3,11,11,4,4,6,11,8,7,2,2,7,11,3,0,3,8,5,7,9,6,10,10,10,7,11,4,2,5,4,6,3,3,7,4,7,5,0,4,0,6,5,7,0,11,9,5,3,6,10,11,11,8,11,6,7,4,7,7,8,4,11,11,0,11,0,6,6,8,6,9,10,11,9,11,11,6,6,4,9,5,9,4,4,5,9,9,2,10,2,4,5,6,11,5,10,2,3,11,6,3,5,4,9,6,11,2,10,2,11,11,3,3,8,5,9,7,4,3
0,7,7,7,7,8,10,3,11,2,10,6,6,9,5,3,10,3,10,11,6,8,5,5,9,4,6,0,0,3,4,4,0,0,5,5,7,0,9,8,3,3,8,0,4,2,4,9,6,8,10,7,11,11,11,8,0,5,3,6,5,7,4,4,8,5,8,6,2,5,2,7,6,8,2,0,10,6,4,7,11,0,0,9,0,7,8,5,8,8,9,5,0,0,2,0,2,7,7,9,7,10,11,0,10,0,0,7,7,5,10,6,10,5,5,6,10,10,3,11,3,5,6,7,0,6,11,3,4,0,7,4,6,5,10,7,0,3,11,3,0,0,4,4,9,6,10,8,5,4
2,8,8,8,8,9,11,4,0,3,11,7,7,10,6,4,11,4,11,0,7,9,6,6,10,5,7,2,2,4,5,5,2,2,6,6,8,2,10,9,4,4,9,2,5,3,5,10,7,9,11,8,0,0,0,9,2,6,4,7,6,8,5,5,9,6,9,7,3,6,3,8,7,9,3,2,11,7,5,8,0,2,2,10,2,8,9,6,9,9,10,6,2,2,3,2,3,8,8,10,8,11,0,2,11,2,2,8,8,6,11,7,11,6,6,7,11,11,4,0,4,6,7,8,2,7,0,4,5,2,8,5,7,6,11,8,2,4,0,4,2,2,5,5,10,7,11,9,6,5
3,9,9,9,9,10,0,5,2,4,0,8,8,11,7,5,0,5,0,2,8,10,7,7,11,6,8,3,3,5,6,6,3,3,7,7,9,3,11,10,5,5,10,3,6,4,6,11,8,10,0,9,2,2,2,10,3,7,5,8,7,9,6,6,10,7,10,8,4,7,4,9,8,10,4,3,0,8,6,9,2,3,3,11,3,9,10,7,10,10,11,7,3,3,4,3,4,9,9,11,9,0,2,3,0,3,3,9,9,7,0,8,0,7,7,8,0,0,5,2,5,7,8,9,3,8,2,5,6,3,9,6,8,7,0,9,3,5,2,5,3,3,6,6,11,8,0,10,7,6
4,10,10,10,10,11,2,6,3,5,2,9,9,0,8,6,2,6,2,3,9,11,8,8,0,7,9,4,4,6,7,7,4,4,8,8,10,4,0,11,6,6,11,4,7,5,7,0,9,11,2,10,3,3,3,11,4,8,6,9,8,10,7,7,11,8,11,9,5,8,5,10,9,11,5,4,2,9,7,10,3,4,4,0,4,10,11,8,11,11,0,8,4,4,5,4,5,10,10,0,10,2,3,4,2,4,4,10,10,8,2,9,2,8,8,9,2,2,6,3,6,8,9,10,4,9,3,6,7,4,10,7,9,8,2,10,4,6,3,6,4,4,7,7,0,9,2,11,8,7
5,11,11,11,11,0,3,7,4,6,3,10,10,2,9,7,3,7,3,4,10,0,9,9,2,8,10,5,5,7,8,8,5,5,9,9,11,5,2,0,7,7,0,5,8,6,8,2,10,0,3,11,4,4,4,0,5,9,7,10,9,11,8,8,0,9,0,10,6,9,6,11,10,0,6,5,3,10,8,11,4,5,5,2,5,11,0,9,0,0,2,9,5,5,6,5,6,11,11,2,11,3,4,5,3,5,5,11,11,9,3,10,3,9,9,10,3,3,7,4,7,9,10,11,5,10,4,7,8,5,11,8,10,9,3,11,5,7,4,7,5,5,8,8,2,10,3,0,9,8
6,0,0,0,0,2,4,8,5,7,4,11,11,3,10,8,4,8,4,5,11,2,10,10,3,9,11,6,6,8,9,9,6,6,10,10,0,6,3,2,8,8,2,6,9,7,9,3,11,2,4,0,5,5,5,2,6,10,8,11,10,0,9,9,2,10,2,11,7,10,7,0,11,2,7,6,4,11,9,0,5,6,6,3,6,0,2,10,2,2,3,10,6,6,7,6,7,0,0,3,0,4,5,6,4,6,6,0,0,10,4,11,4,10,10,11,4,4,8,5,8,10,11,0,6,11,5,8,9,6,0,9,11,10,4,0,6,8,5,8,6,6,9,9,3,11,4,2,10,9
7,2,2,2,2,3,5,9,6,8,5,0,0,4,11,9,5,9,5,6,0,3,11,11,4,10,0,7,7,9,10,10,7,7,11,11,2,7,4,3,9,9,3,7,10,8,10,4,0,3,5,2,6,6,6,3,7,11,9,0,11,2,10,10,3,11,3,0,8,11,8,2,0,3,8,7,5,0,10,2,6,7,7,4,7,2,3,11,3,3,4,11,7,7,8,7,8,2,2,4,2,5,6,7,5,7,7,2,2,11,5,0,5,11,11,0,5,5,9,6,9,11,0,2,7,0,6,9,10,7,2,10,0,11,5,2,7,9,6,9,7,7,10,10,4,0,5,3,11,10
8,3,3,3,3,4,6,10,7,9,6,2,2,5,0,10,6,10,6,7,2,4,0,0,5,11,2,8,8,10,11,11,8,8,0,0,3,8,5,4,10,10,4,8,11,9,11,5,2,4,6,3,7,7,7,4,8,0,10,2,0,3,11,11,4,0,4,2,9,0,9,3,2,4,9,8,6,2,11,3,7,8,8,5,8,3,4,0,4,4,5,0,8,8,9,8,9,3,3,5,3,6,7,8,6,8,8,3,3,0,6,2,6,0,0,2,6,6,10,7,10,0,2,3,8,2,7,10,11,8,3,11,2,0,6,3,8,10,7,10,8,8,11,11,5,2,6,4,0,11
9,4,4,4,4,5,7,11,8,10,7,3,3,6,2,11,7,11,7,8,3,5,2,2,6,0,3,9,9,11,0,0,9,9,2,2,4,9,6,5,11,11,5,9,0,10,0,6,3,5,7,4,8,8,8,5,9,2,11,3,2,4,0,0,5,2,5,3,10,2,10,4,3,5,10,9,7,3,0,4,8,9,9,6,9,4,5,2,5,5,6,2,9,9,10,9,10,4,4,6,4,7,8,9,7,9,9,4,4,2,7,3,7,2,2,3,7,7,11,8,11,2,3,4,9,3,8,11,0,9,4,0,3,2,7,4,9,11,8,11,9,9,0,0,6,3,7,5,2,0
10,5,5,5,5,6,8,0,9,11,8,4,4,7,3,0,8,0,8,9,4,6,3,3,7,2,4,10,10,0,2,2,10,10,3,3,5,10,7,6,0,0,6,10,2,11,2,7,4,6,8,5,9,9,9,6,10,3,0,4,3,5,2,2,6,3,6,4,11,3,11,5,4,6,11,10,8,4,2,5,9,10,10,7,10,5,6,3,6,6,7,3,10,10,11,10,11,5,5,7,5,8,9,10,8,10,10,5,5,3,8,4,8,3,3,4,8,8,0,9,0,3,4,5,10,4,9,0,2,10,5,2,4,3,8,5,10,0,9,0,10,10,2,2,7,4,8,6,3,2
11,6,6,6,6,7,9,2,10,0,9,5,5,8,4,2,9,2,9,10,5,7,4,4,8,3,5,11,11,2,3,3,11,11,4,4,6,11,8,7,2,2,7,11,3,0,3,8,5,7,9,6,10,10,10,7,11,4,2,5,4,6,3,3,7,4,7,5,0,4,0,6,5,7,0,11,9,5,3,6,10,11,11,8,11,6,7,4,7,7,8,4,11,11,0,11,0,6,6,8,6,9,10,11,9,11,11,6,6,4,9,5,9,4,4,5,9,9,2,10,2,4,5,6,11,5,10,2,3,11,6,3,5,4,9,6,11,2,10,2,11,11,3,3,8,5,9,7,4,3
0,7,7,7,7,8,10,3,11,2,10,6,6,9,5,3,10,3,10,11,6,8,5,5,9,4,6,0,0,3,4,4,0,0,5,5,7,0,9,8,3,3,8,0,4,2,4,9,6,8,10,7,11,11,11,8,0,5,3,6,5,7,4,4,8,5,8,6,2,5,2,7,6,8,2,0,10,6,4,7,11,0,0,9,0,7,8,5,8,8,9,5,0,0,2,0,2,7,7,9,7,10,11,0,10,0,0,7,7,5,10,6,10,5,5,6,10,10,3,11,3,5,6,7,0,6,11,3,4,0,7,4,6,5,10,7,0,3,11,3,0,0,4,4,9,6,10,8,5,4
2,8,8,8,8,9,11,4,0,3,11,7,7,10,6,4,11,4,11,0,7,9,6,6,10,5,7,2,2,4,5,5,2,2,6,6,8,2,10,9,4,4,9,2,5,3,5,10,7,9,11,8,0,0,0,9,2,6,4,7,6,8,5,5,9,6,9,7,3,6,3,8,7,9,3,2,11,7,5,8,0,2,2,10,2,8,9,6,9,9,10,6,2,2,3,2,3,8,8,10,8,11,0,2,11,2,2,8,8,6,11,7,11,6,6,7,11,11,4,0,4,6,7,8,2,7,0,4,5,2,8,5,7,6,11,8,2,4,0,4,2,2,5,5,10,7,11,9,6,5
3,9,9,9,9,10,0,5,2,4,0,8,8,11,7,5,0,5,0,2,8,10,7,7,11,6,8,3,3,5,6,6,3,3,7,7,9,3,11,10,5,5,10,3,6,4,6,11,8,10,0,9,2,2,2,10,3,7,5,8,7,9,6,6,10,7,10,8,4,7,4,9,8,10,4,3,0,8,6,9,2,3,3,11,3,9,10,7,10,10,11,7,3,3,4,3,4,9,9,11,9,0,2,3,0,3,3,9,9,7,0,8,0,7,7,8,0,0,5,2,5,7,8,9,3,8,2,5,6,3,9,6,8,7,0,9,3,5,2,5,3,3,6,6,11,8,0,10,7,6
4,10,10,10,10,11,2,6,3,5,2,9,9,0,8,6,2,6,2,3,9,11,8,8,0,7,9,4,4,6,7,7,4,4,8,8,10,4,0,11,6,6,11,4,7,5,7,0,9,11,2,10,3,3,3,11,4,8,6,9,8,10,7,7,11,8,11,9,5,8,5,10,9,11,5,4,2,9,7,10,3,4,4,0,4,10,11,8,11,11,0,8,4,4,5,4,5,10,10,0,10,2,3,4,2,4,4,10,10,8,2,9,2,8,8,9,2,2,6,3,6,8,9,10,4,9,3,6,7,4,10,7,9,8,2,10,4,6,3,6,4,4,7,7,0,9,2,11,8,7
5,11,11,11,11,0,3,7,4,6,3,10,10,2,9,7,3,7,3,4,10,0,9,9,2,8,10,5,5,7,8,8,5,5,9,9,11,5,2,0,7,7,0,5,8,6,8,2,10,0,3,11,4,4,4,0,5,9,7,10,9,11,8,8,0,9,0,10,6,9,6,11,10,0,6,5,3,10,8,11,4,5,5,2,5,11,0,9,0,0,2,9,5,5,6,5,6,11,11,2,11,3,4,5,3,5,5,11,11,9,3,10,3,9,9,10,3,3,7,4,7,9,10,11,5,10,4,7,8,5,11,8,10,9,3,11,5,7,4,7,5,5,8,8,2,10,3,0,9,8
6,0,0,0,0,2,4,8,5,7,4,11,11,3,10,8,4,8,4,5,11,2,10,10,3,9,11,6,6,8,9,9,6,6,10,10,0,6,3,2,8,8,2,6,9,7,9,3,11,2,4,0,5,5,5,2,6,10,8,11,10,0,9,9,2,10,2,11,7,10,7,0,11,2,7,6,4,11,9,0,5,6,6,3,6,0,2,10,2,2,3,10,6,6,7,6,7,0,0,3,0,4,5,6,4,6,6,0,0,10,4,11,4,10,10,11,4,4,8,5,8,10,11,0,6,11,5,8,9,6,0,9,11,10,4,0,6,8,5,8,6,6,9,9,3,11,4,2,10,9
7,2,2,2,2,3,5,9,6,8,5,0,0,4,11,9,5,9,5,6,0,3,11,11,4,10,0,7,7,9,10,10,7,7,11,11,2,7,4,3,9,9,3,7,10,8,10,4,0,3,5,2,6,6,6,3,7,11,9,0,11,2,10,10,3,11,3,0,8,11,8,2,0,3,8,7,5,0,10,2,6,7,7,4,7,2,3,11,3,3,4,11,7,7,8,7,8,2,2,4,2,5,6,7,5,7,7,2,2,11,5,0,5,11,11,0,5,5,9,6,9,11,0,2,7,0,6,9,10,7,2,10,0,11,5,2,7,9,6,9,7,7,10,10,4,0,5,3,11,10
8,3,3,3,3,4,6,10,7,9,6,2,2,5,0,10,6,10,6,7,2,4,0,0,5,11,2,8,8,10,11,11,8,8,0,0,3,8,5,4,10,10,4,8,11,9,11,5,2,4,6,3,7,7,7,4,8,0,10,2,0,3,11,11,4,0,4,2,9,0,9,3,2,4,9,8,6,2,11,3,7,8,8,5,8,3,4,0,4,4,5,0,8,8,9,8,9,3,3,5,3,6,7,8,6,8,8,3,3,0,6,2,6,0,0,2,6,6,10,7,10,0,2,3,8,2,7,10,11,8,3,11,2,0,6,3,8,10,7,10,8,8,11,11,5,2,6,4,0,11
9,4,4,4,4,5,7,11,8,10,7,3,3,6,2,11,7,11,7,8,3,5,2,2,6,0,3,9,9,11,0,0,9,9,2,2,4,9,6,5,11,11,5,9,0,10,0,6,3,5,7,4,8,8,8,5,9,2,11,3,2,4,0,0,5,2,5,3,10,2,10,4,3,5,10,9,7,3,0,4,8,9,9,6,9,4,5,2,5,5,6,2,9,9,10,9,10,4,4,6,4,7,8,9,7,9,9,4,4,2,7,3,7,2,2,3,7,7,11,8,11,2,3,4,9,3,8,11,0,9,4,0,3,2,7,4,9,11,8,11,9,9,0,0,6,3,7,5,2,0
10,5,5,5,5,6,8,0,9,11,8,4,4,7,3,0,8,0,8,9,4,6,3,3,7,2,4,10,10,0,2,2,10,10,3,3,5,10,7,6,0,0,6,10,2,11,2,7,4,6,8,5,9,9,9,6,10,3,0,4,3,5,2,2,6,3,6,4,11,3,11,5,4,6,11,10,8,4,2,5,9,10,10,7,10,5,6,3,6,6,7,3,10,10,11,10,11,5,5,7,5,8,9,10,8,10,10,5,5,3,8,4,8,3,3,4,8,8,0,9,0,3,4,5,10,4,9,0,2,10,5,2,4,3,8,5,10,0,9,0,10,10,2,2,7,4,8,6,3,2
11,6,6,6,6,7,9,2,10,0,9,5,5,8,4,2,9,2,9,10,5,7,4,4,8,3,5,11,11,2,3,3,11,11,4,4,6,11,8,7,2,2,7,11,3,0,3,8,5,7,9,6,10,10,10,7,11,4,2,5,4,6,3,3,7,4,7,5,0,4,0,6,5,7,0,11,9,5,3,6,10,11,11,8,11,6,7,4,7,7,8,4,11,11,0,11,0,6,6,8,6,9,10,11,9,11,11,6,6,4,9,5,9,4,4,5,9,9,2,10,2,4,5,6,11,5,10,2,3,11,6,3,5,4,9,6,11,2,10,2,11,11,3,3,8,5,9,7,4,3
0,7,7,7,7,8,10,3,11,2,10,6,6,9,5,3,10,3,10,11,6,8,5,5,9,4,6,0,0,3,4,4,0,0,5,5,7,0,9,8,3,3,8,0,4,2,4,9,6,8,10,7,11,11,11,8,0,5,3,6,5,7,4,4,8,5,8,6,2,5,2,7,6,8,2,0,10,6,4,7,11,0,0,9,0,7,8,5,8,8,9,5,0,0,2,0,2,7,7,9,7,10,11,0,10,0,0,7,7,5,10,6,10,5,5,6,10,10,3,11,3,5,6,7,0,6,11,3,4,0,7,4,6,5,10,7,0,3,11,3,0,0,4,4,9,6,10,8,5,4
2,8,8,8,8,9,11,4,0,3,11,7,7,10,6,4,11,4,11,0,7,9,6,6,10,5,7,2,2,4,5,5,2,2,6,6,8,2,10,9,4,4,9,2,5,3,5,10,7,9,11,8,0,0,0,9,2,6,4,7,6,8,5,5,9,6,9,7,3,6,3,8,7,9,3,2,11,7,5,8,0,2,2,10,2,8,9,6,9,9,10,6,2,2,3,2,3,8,8,10,8,11,0,2,11,2,2,8,8,6,11,7,11,6,6,7,11,11,4,0,4,6,7,8,2,7,0,4,5,2,8,5,7,6,11,8,2,4,0,4,2,2,5,5,10,7,11,9,6,5
3,9,9,9,9,10,0,5,2,4,0,8,8,11,7,5,0,5,0,2,8,10,7,7,11,6,8,3,3,5,6,6,3,3,7,7,9,3,11,10,5,5,10,3,6,4,6,11,8,10,0,9,2,2,2,10,3,7,5,8,7,9,6,6,10,7,10,8,4,7,4,9,8,10,4,3,0,8,6,9,2,3,3,11,3,9,10,7,10,10,11,7,3,3,4,3,4,9,9,11,9,0,2,3,0,3,3,9,9,7,0,8,0,7,7,8,0,0,5,2,5,7,8,9,3,8,2,5,6,3,9,6,8,7,0,9,3,5,2,5,3,3,6,6,11,8,0,10,7,6
4,10,10,10,10,11,2,6,3,5,2,9,9,0,8,6,2,6,2,3,9,11,8,8,0,7,9,4,4,6,7,7,4,4,8,8,10,4,0,11,6,6,11,4,7,5,7,0,9,11,2,10,3,3,3,11,4,8,6,9,8,10,7,7,11,8,11,9,5,8,5,10,9,11,5,4,2,9,7,10,3,4,4,0,4,10,11,8,11,11,0,8,4,4,5,4,5,10,10,0,10,2,3,4,2,4,4,10,10,8,2,9,2,8,8,9,2,2,6,3,6,8,9,10,4,9,3,6,7,4,10,7,9,8,2,10,4,6,3,6,4,4,7,7,0,9,2,11,8,7
5,11,11,11,11,0,3,7,4,6,3,10,10,2,9,7,3,7,3,4,10,0,9,9,2,8,10,5,5,7,8,8,5,5,9,9,11,5,2,0,7,7,0,5,8,6,8,2,10,0,3,11,4,4,4,0,5,9,7,10,9,11,8,8,0,9,0,10,6,9,6,11,10,0,6,5,3,10,8,11,4,5,5,2,5,11,0,9,0,0,2,9,5,5,6,5,6,11,11,2,11,3,4,5,3,5,5,11,11,9,3,10,3,9,9,10,3,3,7,4,7,9,10,11,5,10,4,7,8,5,11,8,10,9,3,11,5,7,4,7,5,5,8,8,2,10,3,0,9,8
6,0,0,0,0,2,4,8,5,7,4,11,11,3,10,8,4,8,4,5,11,2,10,10,3,9,11,6,6,8,9,9,6,6,10,10,0,6,3,2,8,8,2,6,9,7,9,3,11,2,4,0,5,5,5,2,6,10,8,11,10,0,9,9,2,10,2,11,7,10,7,0,11,2,7,6,4,11,9,0,5,6,6,3,6,0,2,10,2,2,3,10,6,6,7,6,7,0,0,3,0,4,5,6,4,6,6,0,0,10,4,11,4,10,10,11,4,4,8,5,8,10,11,0,6,11,5,8,9,6,0,9,11,10,4,0,6,8,5,8,6,6,9,9,3,11,4,2,10,9
7,2,2,2,2,3,5,9,6,8,5,0,0,4,11,9,5,9,5,6,0,3,11,11,4,10,0,7,7,9,10,10,7,7,11,11,2,7,4,3,9,9,3,7,10,8,10,4,0,3,5,2,6,6,6,3,7,11,9,0,11,2,10,10,3,11,3,0,8,11,8,2,0,3,8,7,5,0,10,2,6,7,7,4,7,2,3,11,3,3,4,11,7,7,8,7,8,2,2,4,2,5,6,7,5,7,7,2,2,11,5,0,5,11,11,0,5,5,9,6,9,11,0,2,7,0,6,9,10,7,2,10,0,11,5,2,7,9,6,9,7,7,10,10,4,0,5,3,11,10
8,3,3,3,3,4,6,10,7,9,6,2,2,5,0,10,6,10,6,7,2,4,0,0,5,11,2,8,8,10,11,11,8,8,0,0,3,8,5,4,10,10,4,8,11,9,11,5,2,4,6,3,7,7,7,4,8,0,10,2,0,3,11,11,4,0,4,2,9,0,9,3,2,4,9,8,6,2,11,3,7,8,8,5,8,3,4,0,4,4,5,0,8,8,9,8,9,3,3,5,3,6,7,8,6,8,8,3,3,0,6,2,6,0,0,2,6,6,10,7,10,0,2,3,8,2,7,10,11,8,3,11,2,0,6,3,8,10,7,10,8,8,11,11,5,2,6,4,0,11
9,4,4,4,4,5,7,11,8,10,7,3,3,6,2,11,7,11,7,8,3,5,2,2,6,0,3,9,9,11,0,0,9,9,2,2,4,9,6,5,11,11,5,9,0,10,0,6,3,5,7,4,8,8,8,5,9,2,11,3,2,4,0,0,5,2,5,3,10,2,10,4,3,5,10,9,7,3,0,4,8,9,9,6,9,4,5,2,5,5,6,2,9,9,10,9,10,4,4,6,4,7,8,9,7,9,9,4,4,2,7,3,7,2,2,3,7,7,11,8,11,2,3,4,9,3,8,11,0,9,4,0,3,2,7,4,9,11,8,11,9,9,0,0,6,3,7,5,2,0
10,5,5,5,5,6,8,0,9,11,8,4,4,7,3,0,8,0,8,9,4,6,3,3,7,2,4,10,10,0,2,2,10,10,3,3,5,10,7,6,0,0,6,10,2,11,2,7,4,6,8,5,9,9,9,6,10,3,0,4,3,5,2,2,6,3,6,4,11,3,11,5,4,6,11,10,8,4,2,5,9,10,10,7,10,5,6,3,6,6,7,3,10,10,11,10,11,5,5,7,5,8,9,10,8,10,10,5,5,3,8,4,8,3,3,4,8,8,0,9,0,3,4,5,10,4,9,0,2,10,5,2,4,3,8,5,10,0,9,0,10,10,2,2,7,4,8,6,3,2
11,6,6,6,6,7,9,2,10,0,9,5,5,8,4,2,9,2,9,10,5,7,4,4,8,3,5,11,11,2,3,3,11,11,4,4,6,11,8,7,2,2,7,11,3,0,3,8,5,7,9,6,10,10,10,7,11,4,2,5,4,6,3,3,7,4,7,5,0,4,0,6,5,7,0,11,9,5,3,6,10,11,11,8,11,6,7,4,7,7,8,4,11,11,0,11,0,6,6,8,6,9,10,11,9,11,11,6,6,4,9,5,9,4,4,5,9,9,2,10,2,4,5,6,11,5,10,2,3,11,6,3,5,4,9,6,11,2,10,2,11,11,3,3,8,5,9,7,4,3
0,7,7,7,7,8,10,3,11,2,10,6,6,9,5,3,10,3,10,11,6,8,5,5,9,4,6,0,0,3,4,4,0,0,5,5,7,0,9,8,3,3,8,0,4,2,4,9,6,8,10,7,11,11,11,8,0,5,3,6,5,7,4,4,8,5,8,6,2,5,2,7,6,8,2,0,10,6,4,7,11,0,0,9,0,7,8,5,8,8,9,5,0,0,2,0,2,7,7,9,7,10,11,0,10,0,0,7,7,5,10,6,10,5,5,6,10,10,3,11,3,5,6,7,0,6,11,3,4,0,7,4,6,5,10,7,0,3,11,3,0,0,4,4,9,6,10,8,5,4
2,8,8,8,8,9,11,4,0,3,11,7,7,10,6,4,11,4,11,0,7,9,6,6,10,5,7,2,2,4,5,5,2,2,6,6,8,2,10,9,4,4,9,2,5,3,5,10,7,9,11,8,0,0,0,9,2,6,4,7,6,8,5,5,9,6,9,7,3,6,3,8,7,9,3,2,11,7,5,8,0,2,2,10,2,8,9,6,9,9,10,6,2,2,3,2,3,8,8,10,8,11,0,2,11,2,2,8,8,6,11,7,11,6,6,7,11,11,4,0,4,6,7,8,2,7,0,4,5,2,8,5,7,6,11,8,2,4,0,4,2,2,5,5,10,7,11,9,6,5
3,9,9,9,9,10,0,5,2,4,0,8,8,11,7,5,0,5,0,2,8,10,7,7,11,6,8,3,3,5,6,6,3,3,7,7,9,3,11,10,5,5,10,3,6,4,6,11,8,10,0,9,2,2,2,10,3,7,5,8,7,9,6,6,10,7,10,8,4,7,4,9,8,10,4,3,0,8,6,9,2,3,3,11,3,9,10,7,10,10,11,7,3,3,4,3,4,9,9,11,9,0,2,3,0,3,3,9,9,7,0,8,0,7,7,8,0,0,5,2,5,7,8,9,3,8,2,5,6,3,9,6,8,7,0,9,3,5,2,5,3,3,6,6,11,8,0,10,7,6
4,10,10,10,10,11,2,6,3,5,2,9,9,0,8,6,2,6,2,3,9,11,8,8,0,7,9,4,4,6,7,7,4,4,8,8,10,4,0,11,6,6,11,4,7,5,7,0,9,11,2,10,3,3,3,11,4,8,6,9,8,10,7,7,11,8,11,9,5,8,5,10,9,11,5,4,2,9,7,10,3,4,4,0,4,10,11,8,11,11,0,8,4,4,5,4,5,10,10,0,10,2,3,4,2,4,4,10,10,8,2,9,2,8,8,9,2,2,6,3,6,8,9,10,4,9,3,6,7,4,10,7,9,8,2,10,4,6,3,6,4,4,7,7,0,9,2,11,8,7
5,11,11,11,11,0,3,7,4,6,3,10,10,2,9,7,3,7,3,4,10,0,9,9,2,8,10,5,5,7,8,8,5,5,9,9,11,5,2,0,7,7,0,5,8,6,8,2,10,0,3,11,4,4,4,0,5,9,7,10,9,11,8,8,0,9,0,10,6,9,6,11,10,0,6,5,3,10,8,11,4,5,5,2,5,11,0,9,0,0,2,9,5,5,6,5,6,11,11,2,11,3,4,5,3,5,5,11,11,9,3,10,3,9,9,10,3,3,7,4,7,9,10,11,5,10,4,7,8,5,11,8,10,9,3,11,5,7,4,7,5,5,8,8,2,10,3,0,9,8
6,0,0,0,0,2,4,8,5,7,4,11,11,3,10,8,4,8,4,5,11,2,10,10,3,9,11,6,6,8,9,9,6,6,10,10,0,6,3,2,8,8,2,6,9,7,9,3,11,2,4,0,5,5,5,2,6,10,8,11,10,0,9,9,2,10,2,11,7,10,7,0,11,2,7,6,4,11,9,0,5,6,6,3,6,0,2,10,2,2,3,10,6,6,7,6,7,0,0,3,0,4,5,6,4,6,6,0,0,10,4,11,4,10,10,11,4,4,8,5,8,10,11,0,6,11,5,8,9,6,0,9,11,10,4,0,6,8,5,8,6,6,9,9,3,11,4,2,10,9
7,2,2,2,2,3,5,9,6,8,5,0,0,4,11,9,5,9,5,6,0,3,11,11,4,10,0,7,7,9,10,10,7,7,11,11,2,7,4,3,9,9,3,7,10,8,10,4,0,3,5,2,6,6,6,3,7,11,9,0,11,2,10,10,3,11,3,0,8,11,8,2,0,3,8,7,5,0,10,2,6,7,7,4,7,2,3,11,3,3,4,11,7,7,8,7,8,2,2,4,2,5,6,7,5,7,7,2,2,11,5,0,5,11,11,0,5,5,9,6,9,11,0,2,7,0,6,9,10,7,2,10,0,11,5,2,7,9,6,9,7,7,10,10,4,0,5,3,11,10
8,3,3,3,3,4,6,10,7,9,6,2,2,5,0,10,6,10,6,7,2,4,0,0,5,11,2,8,8,10,11,11,8,8,0,0,3,8,5,4,10,10,4,8,11,9,11,5,2,4,6,3,7,7,7,4,8,0,10,2,0,3,11,11,4,0,4,2,9,0,9,3,2,4,9,8,6,2,11,3,7,8,8,5,8,3,4,0,4,4,5,0,8,8,9,8,9,3,3,5,3,6,7,8,6,8,8,3,3,0,6,2,6,0,0,2,6,6,10,7,10,0,2,3,8,2,7,10,11,8,3,11,2,0,6,3,8,10,7,10,8,8,11,11,5,2,6,4,0,11
9,4,4,4,4,5,7,11,8,10,7,3,3,6,2,11,7,11,7,8,3,5,2,2,6,0,3,9,9,11,0,0,9,9,2,2,4,9,6,5,11,11,5,9,0,10,0,6,3,5,7,4,8,8,8,5,9,2,11,3,2,4,0,0,5,2,5,3,10,2,10,4,3,5,10,9,7,3,0,4,8,9,9,6,9,4,5,2,5,5,6,2,9,9,10,9,10,4,4,6,4,7,8,9,7,9,9,4,4,2,7,3,7,2,2,3,7,7,11,8,11,2,3,4,9,3,8,11,0,9,4,0,3,2,7,4,9,11,8,11,9,9,0,0,6,3,7,5,2,0
10,5,5,5,5,6,8,0,9,11,8,4,4,7,3,0,8,0,8,9,4,6,3,3,7,2,4,10,10,0,2,2,10,10,3,3,5,10,7,6,0,0,6,10,2,11,2,7,4,6,8,5,9,9,9,6,10,3,0,4,3,5,2,2,6,3,6,4,11,3,11,5,4,6,11,10,8,4,2,5,9,10,10,7,10,5,6,3,6,6,7,3,10,10,11,10,11,5,5,7,5,8,9,10,8,10,10,5,5,3,8,4,8,3,3,4,8,8,0,9,0,3,4,5,10,4,9,0,2,10,5,2,4,3,8,5,10,0,9,0,10,10,2,2,7,4,8,6,3,2
11,6,6,6,6,7,9,2,10,0,9,5,5,8,4,2,9,2,9,10,5,7,4,4,8,3,5,11,11,2,3,3,11,11,4,4,6,11,8,7,2,2,7,11,3,0,3,8,5,7,9,6,10,10,10,7,11,4,2,5,4,6,3,3,7,4,7,5,0,4,0,6,5,7,0,11,9,5,3,6,10,11,11,8,11,6,7,4,7,7,8,4,11,11,0,11,0,6,6,8,6,9,10,11,9,11,11,6,6,4,9,5,9,4,4,5,9,9,2,10,2,4,5,6,11,5,10,2,3,11,6,3,5,4,9,6,11,2,10,2,11,11,3,3,8,5,9,7,4,3
0,7,7,7,7,8,10,3,11,2,10,6,6,9,5,3,10,3,10,11,6,8,5,5,9,4,6,0,0,3,4,4,0,0,5,5,7,0,9,8,3,3,8,0,4,2,4,9,6,8,10,7,11,11,11,8,0,5,3,6,5,7,4,4,8,5,8,6,2,5,2,7,6,8,2,0,10,6,4,7,11,0,0,9,0,7,8,5,8,8,9,5,0,0,2,0,2,7,7,9,7,10,11,0,10,0,0,7,7,5,10,6,10,5,5,6,10,10,3,11,3,5,6,7,0,6,11,3,4,0,7,4,6,5,10,7,0,3,11,3,0,0,4,4,9,6,10,8,5,4
2,8,8,8,8,9,11,4,0,3,11,7,7,10,6,4,11,4,11,0,7,9,6,6,10,5,7,2,2,4,5,5,2,2,6,6,8,2,10,9,4,4,9,2,5,3,5,10,7,9,11,8,0,0,0,9,2,6,4,7,6,8,5,5,9,6,9,7,3,6,3,8,7,9,3,2,11,7,5,8,0,2,2,10,2,8,9,6,9,9,10,6,2,2,3,2,3,8,8,10,8,11,0,2,11,2,2,8,8,6,11,7,11,6,6,7,11,11,4,0,4,6,7,8,2,7,0,4,5,2,8,5,7,6,11,8,2,4,0,4,2,2,5,5,10,7,11,9,6,5
3,9,9,9,9,10,0,5,2,4,0,8,8,11,7,5,0,5,0,2,8,10,7,7,11,6,8,3,3,5,6,6,3,3,7,7,9,3,11,10,5,5,10,3,6,4,6,11,8,10,0,9,2,2,2,10,3,7,5,8,7,9,6,6,10,7,10,8,4,7,4,9,8,10,4,3,0,8,6,9,2,3,3,11,3,9,10,7,10,10,11,7,3,3,4,3,4,9,9,11,9,0,2,3,0,3,3,9,9,7,0,8,0,7,7,8,0,0,5,2,5,7,8,9,3,8,2,5,6,3,9,6,8,7,0,9,3,5,2,5,3,3,6,6,11,8,0,10,7,6
4,10,10,10,10,11,2,6,3,5,2,9,9,0,8,6,2,6,2,3,9,11,8,8,0,7,9,4,4,6,7,7,4,4,8,8,10,4,0,11,6,6,11,4,7,5,7,0,9,11,2,10,3,3,3,11,4,8,6,9,8,10,7,7,11,8,11,9,5,8,5,10,9,11,5,4,2,9,7,10,3,4,4,0,4,10,11,8,11,11,0,8,4,4,5,4,5,10,10,0,10,2,3,4,2,4,4,10,10,8,2,9,2,8,8,9,2,2,6,3,6,8,9,10,4,9,3,6,7,4,10,7,9,8,2,10,4,6,3,6,4,4,7,7,0,9,2,11,8,7
5,11,11,11,11,0,3,7,4,6,3,10,10,2,9,7,3,7,3,4,10,0,9,9,2,8,10,5,5,7,8,8,5,5,9,9,11,5,2,0,7,7,0,5,8,6,8,2,10,0,3,11,4,4,4,0,5,9,7,10,9,11,8,8,0,9,0,10,6,9,6,11,10,0,6,5,3,10,8,11,4,5,5,2,5,11,0,9,0,0,2,9,5,5,6,5,6,11,11,2,11,3,4,5,3,5,5,11,11,9,3,10,3,9,9,10,3,3,7,4,7,9,10,11,5,10,4,7,8,5,11,8,10,9,3,11,5,7,4,7,5,5,8,8,2,10,3,0,9,8
6,0,0,0,0,2,4,8,5,7,4,11,11,3,10,8,4,8,4,5,11,2,10,10,3,9,11,6,6,8,9,9,6,6,10,10,0,6,3,2,8,8,2,6,9,7,9,3,11,2,4,0,5,5,5,2,6,10,8,11,10,0,9,9,2,10,2,11,7,10,7,0,11,2,7,6,4,11,9,0,5,6,6,3,6,0,2,10,2,2,3,10,6,6,7,6,7,0,0,3,0,4,5,6,4,6,6,0,0,10,4,11,4,10,10,11,4,4,8,5,8,10,11,0,6,11,5,8,9,6,0,9,11,10,4,0,6,8,5,8,6,6,9,9,3,11,4,2,10,9
7,2,2,2,2,3,5,9,6,8,5,0,0,4,11,9,5,9,5,6,0,3,11,11,4,10,0,7,7,9,10,10,7,7,11,11,2,7,4,3,9,9,3,7,10,8,10,4,0,3,5,2,6,6,6,3,7,11,9,0,11,2,10,10,3,11,3,0,8,11,8,2,0,3,8,7,5,0,10,2,6,7,7,4,7,2,3,11,3,3,4,11,7,7,8,7,8,2,2,4,2,5,6,7,5,7,7,2,2,11,5,0,5,11,11,0,5,5,9,6,9,11,0,2,7,0,6,9,10,7,2,10,0,11,5,2,7,9,6,9,7,7,10,10,4,0,5,3,11,10
8,3,3,3,3,4,6,10,7,9,6,2,2,5,0,10,6,10,6,7,2,4,0,0,5,11,2,8,8,10,11,11,8,8,0,0,3,8,5,4,10,10,4,8,11,9,11,5,2,4,6,3,7,7,7,4,8,0,10,2,0,3,11,11,4,0,4,2,9,0,9,3,2,4,9,8,6,2,11,3,7,8,8,5,8,3,4,0,4,4,5,0,8,8,9,8,9,3,3,5,3,6,7,8,6,8,8,3,3,0,6,2,6,0,0,2,6,6,10,7,10,0,2,3,8,2,7,10,11,8,3,11,2,0,6,3,8,10,7,10,8,8,11,11,5,2,6,4,0,11
9,4,4,4,4,5,7,11,8,10,7,3,3,6,2,11,7,11,7,8,3,5,2,2,6,0,3,9,9,11,0,0,9,9,2,2,4,9,6,5,11,11,5,9,0,10,0,6,3,5,7,4,8,8,8,5,9,2,11,3,2,4,0,0,5,2,5,3,10,2,10,4,3,5,10,9,7,3,0,4,8,9,9,6,9,4,5,2,5,5,6,2,9,9,10,9,10,4,4,6,4,7,8,9,7,9,9,4,4,2,7,3,7,2,2,3,7,7,11,8,11,2,3,4,9,3,8,11,0,9,4,0,3,2,7,4,9,11,8,11,9,9,0,0,6,3,7,5,2,0
10,5,5,5,5,6,8,0,9,11,8,4,4,7,3,0,8,0,8,9,4,6,3,3,7,2,4,10,10,0,2,2,10,10,3,3,5,10,7,6,0,0,6,10,2,11,2,7,4,6,8,5,9,9,9,6,10,3,0,4,3,5,2,2,6,3,6,4,11,3,11,5,4,6,11,10,8,4,2,5,9,10,10,7,10,5,6,3,6,6,7,3,10,10,11,10,11,5,5,7,5,8,9,10,8,10,10,5,5,3,8,4,8,3,3,4,8,8,0,9,0,3,4,5,10,4,9,0,2,10,5,2,4,3,8,5,10,0,9,0,10,10,2,2,7,4,8,6,3,2
11,6,6,6,6,7,9,2,10,0,9,5,5,8,4,2,9,2,9,10,5,7,4,4,8,3,5,11,11,2,3,3,11,11,4,4,6,11,8,7,2,2,7,11,3,0,3,8,5,7,9,6,10,10,10,7,11,4,2,5,4,6,3,3,7,4,7,5,0,4,0,6,5,7,0,11,9,5,3,6,10,11,11,8,11,6,7,4,7,7,8,4,11,11,0,11,0,6,6,8,6,9,10,11,9,11,11,6,6,4,9,5,9,4,4,5,9,9,2,10,2,4,5,6,11,5,10,2,3,11,6,3,5,4,9,6,11,2,10,2,11,11,3,3,8,5,9,7,4,3
0,7,7,7,7,8,10,3,11,2,10,6,6,9,5,3,10,3,10,11,6,8,5,5,9,4,6,0,0,3,4,4,0,0,5,5,7,0,9,8,3,3,8,0,4,2,4,9,6,8,10,7,11,11,11,8,0,5,3,6,5,7,4,4,8,5,8,6,2,5,2,7,6,8,2,0,10,6,4,7,11,0,0,9,0,7,8,5,8,8,9,5,0,0,2,0,2,7,7,9,7,10,11,0,10,0,0,7,7,5,10,6,10,5,5,6,10,10,3,11,3,5,6,7,0,6,11,3,4,0,7,4,6,5,10,7,0,3,11,3,0,0,4,4,9,6,10,8,5,4
2,8,8,8,8,9,11,4,0,3,11,7,7,10,6,4,11,4,11,0,7,9,6,6,10,5,7,2,2,4,5,5,2,2,6,6,8,2,10,9,4,4,9,2,5,3,5,10,7,9,11,8,0,0,0,9,2,6,4,7,6,8,5,5,9,6,9,7,3,6,3,8,7,9,3,2,11,7,5,8,0,2,2,10,2,8,9,6,9,9,10,6,2,2,3,2,3,8,8,10,8,11,0,2,11,2,2,8,8,6,11,7,11,6,6,7,11,11,4,0,4,6,7,8,2,7,0,4,5,2,8,5,7,6,11,8,2,4,0,4,2,2,5,5,10,7,11,9,6,5
3,9,9,9,9,10,0,5,2,4,0,8,8,11,7,5,0,5,0,2,8,10,7,7,11,6,8,3,3,5,6,6,3,3,7,7,9,3,11,10,5,5,10,3,6,4,6,11,8,10,0,9,2,2,2,10,3,7,5,8,7,9,6,6,10,7,10,8,4,7,4,9,8,10,4,3,0,8,6,9,2,3,3,11,3,9,10,7,10,10,11,7,3,3,4,3,4,9,9,11,9,0,2,3,0,3,3,9,9,7,0,8,0,7,7,8,0,0,5,2,5,7,8,9,3,8,2,5,6,3,9,6,8,7,0,9,3,5,2,5,3,3,6,6,11,8,0,10,7,6
4,10,10,10,10,11,2,6,3,5,2,9,9,0,8,6,2,6,2,3,9,11,8,8,0,7,9,4,4,6,7,7,4,4,8,8,10,4,0,11,6,6,11,4,7,5,7,0,9,11,2,10,3,3,3,11,4,8,6,9,8,10,7,7,11,8,11,9,5,8,5,10,9,11,5,4,2,9,7,10,3,4,4,0,4,10,11,8,11,11,0,8,4,4,5,4,5,10,10,0,10,2,3,4,2,4,4,10,10,8,2,9,2,8,8,9,2,2,6,3,6,8,9,10,4,9,3,6,7,4,10,7,9,8,2,10,4,6,3,6,4,4,7,7,0,9,2,11,8,7
5,11,11,11,11,0,3,7,4,6,3,10,10,2,9,7,3,7,3,4,10,0,9,9,2,8,10,5,5,7,8,8,5,5,9,9,11,5,2,0,7,7,0,5,8,6,8,2,10,0,3,11,4,4,4,0,5,9,7,10,9,11,8,8,0,9,0,10,6,9,6,11,10,0,6,5,3,10,8,11,4,5,5,2,5,11,0,9,0,0,2,9,5,5,6,5,6,11,11,2,11,3,4,5,3,5,5,11,11,9,3,10,3,9,9,10,3,3,7,4,7,9,10,11,5,10,4,7,8,5,11,8,10,9,3,11,5,7,4,7,5,5,8,8,2,10,3,0,9,8
6,0,0,0,0,2,4,8,5,7,4,11,11,3,10,8,4,8,4,5,11,2,10,10,3,9,11,6,6,8,9,9,6,6,10,10,0,6,3,2,8,8,2,6,9,7,9,3,11,2,4,0,5,5,5,2,6,10,8,11,10,0,9,9,2,10,2,11,7,10,7,0,11,2,7,6,4,11,9,0,5,6,6,3,6,0,2,10,2,2,3,10,6,6,7,6,7,0,0,3,0,4,5,6,4,6,6,0,0,10,4,11,4,10,10,11,4,4,8,5,8,10,11,0,6,11,5,8,9,6,0,9,11,10,4,0,6,8,5,8,6,6,9,9,3,11,4,2,10,9
7,2,2,2,2,3,5,9,6,8,5,0,0,4,11,9,5,9,5,6,0,3,11,11,4,10,0,7,7,9,10,10,7,7,11,11,2,7,4,3,9,9,3,7,10,8,10,4,0,3,5,2,6,6,6,3,7,11,9,0,11,2,10,10,3,11,3,0,8,11,8,2,0,3,8,7,5,0,10,2,6,7,7,4,7,2,3,11,3,3,4,11,7,7,8,7,8,2,2,4,2,5,6,7,5,7,7,2,2,11,5,0,5,11,11,0,5,5,9,6,9,11,0,2,7,0,6,9,10,7,2,10,0,11,5,2,7,9,6,9,7,7,10,10,4,0,5,3,11,10
8,3,3,3,3,4,6,10,7,9,6,2,2,5,0,10,6,10,6,7,2,4,0,0,5,11,2,8,8,10,11,11,8,8,0,0,3,8,5,4,10,10,4,8,11,9,11,5,2,4,6,3,7,7,7,4,8,0,10,2,0,3,11,11,4,0,4,2,9,0,9,3,2,4,9,8,6,2,11,3,7,8,8,5,8,3,4,0,4,4,5,0,8,8,9,8,9,3,3,5,3,6,7,8,6,8,8,3,3,0,6,2,6,0,0,2,6,6,10,7,10,0,2,3,8,2,7,10,11,8,3,11,2,0,6,3,8,10,7,10,8,8,11,11,5,2,6,4,0,11
9,4,4,4,4,5,7,11,8,10,7,3,3,6,2,11,7,11,7,8,3,5,2,2,6,0,3,9,9,11,0,0,9,9,2,2,4,9,6,5,11,11,5,9,0,10,0,6,3,5,7,4,8,8,8,5,9,2,11,3,2,4,0,0,5,2,5,3,10,2,10,4,3,5,10,9,7,3,0,4,8,9,9,6,9,4,5,2,5,5,6,2,9,9,10,9,10,4,4,6,4,7,8,9,7,9,9,4,4,2,7,3,7,2,2,3,7,7,11,8,11,2,3,4,9,3,8,11,0,9,4,0,3,2,7,4,9,11,8,11,9,9,0,0,6,3,7,5,2,0
10,5,5,5,5,6,8,0,9,11,8,4,4,7,3,0,8,0,8,9,4,6,3,3,7,2,4,10,10,0,2,2,10,10,3,3,5,10,7,6,0,0,6,10,2,11,2,7,4,6,8,5,9,9,9,6,10,3,0,4,3,5,2,2,6,3,6,4,11,3,11,5,4,6,11,10,8,4,2,5,9,10,10,7,10,5,6,3,6,6,7,3,10,10,11,10,11,5,5,7,5,8,9,10,8,10,10,5,5,3,8,4,8,3,3,4,8,8,0,9,0,3,4,5,10,4,9,0,2,10,5,2,4,3,8,5,10,0,9,0,10,10,2,2,7,4,8,6,3,2
11,6,6,6,6,7,9,2,10,0,9,5,5,8,4,2,9,2,9,10,5,7,4,4,8,3,5,11,11,2,3,3,11,11,4,4,6,11,8,7,2,2,7,11,3,0,3,8,5,7,9,6,10,10,10,7,11,4,2,5,4,6,3,3,7,4,7,5,0,4,0,6,5,7,0,11,9,5,3,6,10,11,11,8,11,6,7,4,7,7,8,4,11,11,0,11,0,6,6,8,6,9,10,11,9,11,11,6,6,4,9,5,9,4,4,5,9,9,2,10,2,4,5,6,11,5,10,2,3,11,6,3,5,4,9,6,11,2,10,2,11,11,3,3,8,5,9,7,4,3
0,7,7,7,7,8,10,3,11,2,10,6,6,9,5,3,10,3,10,11,6,8,5,5,9,4,6,0,0,3,4,4,0,0,5,5,7,0,9,8,3,3,8,0,4,2,4,9,6,8,10,7,11,11,11,8,0,5,3,6,5,7,4,4,8,5,8,6,2,5,2,7,6,8,2,0,10,6,4,7,11,0,0,9,0,7,8,5,8,8,9,5,0,0,2,0,2,7,7,9,7,10,11,0,10,0,0,7,7,5,10,6,10,5,5,6,10,10,3,11,3,5,6,7,0,6,11,3,4,0,7,4,6,5,10,7,0,3,11,3,0,0,4,4,9,6,10,8,5,4
2,8,8,8,8,9,11,4,0,3,11,7,7,10,6,4,11,4,11,0,7,9,6,6,10,5,7,2,2,4,5,5,2,2,6,6,8,2,10,9,4,4,9,2,5,3,5,10,7,9,11,8,0,0,0,9,2,6,4,7,6,8,5,5,9,6,9,7,3,6,3,8,7,9,3,2,11,7,5,8,0,2,2,10,2,8,9,6,9,9,10,6,2,2,3,2,3,8,8,10,8,11,0,2,11,2,2,8,8,6,11,7,11,6,6,7,11,11,4,0,4,6,7,8,2,7,0,4,5,2,8,5,7,6,11,8,2,4,0,4,2,2,5,5,10,7,11,9,6,5
3,9,9,9,9,10,0,5,2,4,0,8,8,11,7,5,0,5,0,2,8,10,7,7,11,6,8,3,3,5,6,6,3,3,7,7,9,3,11,10,5,5,10,3,6,4,6,11,8,10,0,9,2,2,2,10,3,7,5,8,7,9,6,6,10,7,10,8,4,7,4,9,8,10,4,3,0,8,6,9,2,3,3,11,3,9,10,7,10,10,11,7,3,3,4,3,4,9,9,11,9,0,2,3,0,3,3,9,9,7,0,8,0,7,7,8,0,0,5,2,5,7,8,9,3,8,2,5,6,3,9,6,8,7,0,9,3,5,2,5,3,3,6,6,11,8,0,10,7,6
4,10,10,10,10,11,2,6,3,5,2,9,9,0,8,6,2,6,2,3,9,11,8,8,0,7,9,4,4,6,7,7,4,4,8,8,10,4,0,11,6,6,11,4,7,5,7,0,9,11,2,10,3,3,3,11,4,8,6,9,8,10,7,7,11,8,11,9,5,8,5,10,9,11,5,4,2,9,7,10,3,4,4,0,4,10,11,8,11,11,0,8,4,4,5,4,5,10,10,0,10,2,3,4,2,4,4,10,10,8,2,9,2,8,8,9,2,2,6,3,6,8,9,10,4,9,3,6,7,4,10,7,9,8,2,10,4,6,3,6,4,4,7,7,0,9,2,11,8,7
5,11,11,11,11,0,3,7,4,6,3,10,10,2,9,7,3,7,3,4,10,0,9,9,2,8,10,5,5,7,8,8,5,5,9,9,11,5,2,0,7,7,0,5,8,6,8,2,10,0,3,11,4,4,4,0,5,9,7,10,9,11,8,8,0,9,0,10,6,9,6,11,10,0,6,5,3,10,8,11,4,5,5,2,5,11,0,9,0,0,2,9,5,5,6,5,6,11,11,2,11,3,4,5,3,5,5,11,11,9,3,10,3,9,9,10,3,3,7,4,7,9,10,11,5,10,4,7,8,5,11,8,10,9,3,11,5,7,4,7,5,5,8,8,2,10,3,0,9,8
6,0,0,0,0,2,4,8,5,7,4,11,11,3,10,8,4,8,4,5,11,2,10,10,3,9,11,6,6,8,9,9,6,6,10,10,0,6,3,2,8,8,2,6,9,7,9,3,11,2,4,0,5,5,5,2,6,10,8,11,10,0,9,9,2,10,2,11,7,10,7,0,11,2,7,6,4,11,9,0,5,6,6,3,6,0,2,10,2,2,3,10,6,6,7,6,7,0,0,3,0,4,5,6,4,6,6,0,0,10,4,11,4,10,10,11,4,4,8,5,8,10,11,0,6,11,5,8,9,6,0,9,11,10,4,0,6,8,5,8,6,6,9,9,3,11,4,2,10,9
7,2,2,2,2,3,5,9,6,8,5,0,0,4,11,9,5,9,5,6,0,3,11,11,4,10,0,7,7,9,10,10,7,7,11,11,2,7,4,3,9,9,3,7,10,8,10,4,0,3,5,2,6,6,6,3,7,11,9,0,11,2,10,10,3,11,3,0,8,11,8,2,0,3,8,7,5,0,10,2,6,7,7,4,7,2,3,11,3,3,4,11,7,7,8,7,8,2,2,4,2,5,6,7,5,7,7,2,2,11,5,0,5,11,11,0,5,5,9,6,9,11,0,2,7,0,6,9,10,7,2,10,0,11,5,2,7,9,6,9,7,7,10,10,4,0,5,3,11,10
8,3,3,3,3,4,6,10,7,9,6,2,2,5,0,10,6,10,6,7,2,4,0,0,5,11,2,8,8,10,11,11,8,8,0,0,3,8,5,4,10,10,4,8,11,9,11,5,2,4,6,3,7,7,7,4,8,0,10,2,0,3,11,11,4,0,4,2,9,0,9,3,2,4,9,8,6,2,11,3,7,8,8,5,8,3,4,0,4,4,5,0,8,8,9,8,9,3,3,5,3,6,7,8,6,8,8,3,3,0,6,2,6,0,0,2,6,6,10,7,10,0,2,3,8,2,7,10,11,8,3,11,2,0,6,3,8,10,7,10,8,8,11,11,5,2,6,4,0,11
9,4,4,4,4,5,7,11,8,10,7,3,3,6,2,11,7,11,7,8,3,5,2,2,6,0,3,9,9,11,0,0,9,9,2,2,4,9,6,5,11,11,5,9,0,10,0,6,3,5,7,4,8,8,8,5,9,2,11,3,2,4,0,0,5,2,5,3,10,2,10,4,3,5,10,9,7,3,0,4,8,9,9,6,9,4,5,2,5,5,6,2,9,9,10,9,10,4,4,6,4,7,8,9,7,9,9,4,4,2,7,3,7,2,2,3,7,7,11,8,11,2,3,4,9,3,8,11,0,9,4,0,3,2,7,4,9,11,8,11,9,9,0,0,6,3,7,5,2,0
10,5,5,5,5,6,8,0,9,11,8,4,4,7,3,0,8,0,8,9,4,6,3,3,7,2,4,10,10,0,2,2,10,10,3,3,5,10,7,6,0,0,6,10,2,11,2,7,4,6,8,5,9,9,9,6,10,3,0,4,3,5,2,2,6,3,6,4,11,3,11,5,4,6,11,10,8,4,2,5,9,10,10,7,10,5,6,3,6,6,7,3,10,10,11,10,11,5,5,7,5,8,9,10,8,10,10,5,5,3,8,4,8,3,3,4,8,8,0,9,0,3,4,5,10,4,9,0,2,10,5,2,4,3,8,5,10,0,9,0,10,10,2,2,7,4,8,6,3,2
11,6,6,6,6,7,9,2,10,0,9,5,5,8,4,2,9,2,9,10,5,7,4,4,8,3,5,11,11,2,3,3,11,11,4,4,6,11,8,7,2,2,7,11,3,0,3,8,5,7,9,6,10,10,10,7,11,4,2,5,4,6,3,3,7,4,7,5,0,4,0,6,5,7,0,11,9,5,3,6,10,11,11,8,11,6,7,4,7,7,8,4,11,11,0,11,0,6,6,8,6,9,10,11,9,11,11,6,6,4,9,5,9,4,4,5,9,9,2,10,2,4,5,6,11,5,10,2,3,11,6,3,5,4,9,6,11,2,10,2,11,11,3,3,8,5,9,7,4,3
0,7,7,7,7,8,10,3,11,2,10,6,6,9,5,3,10,3,10,11,6,8,5,5,9,4,6,0,0,3,4,4,0,0,5,5,7,0,9,8,3,3,8,0,4,2,4,9,6,8,10,7,11,11,11,8,0,5,3,6,5,7,4,4,8,5,8,6,2,5,2,7,6,8,2,0,10,6,4,7,11,0,0,9,0,7,8,5,8,8,9,5,0,0,2,0,2,7,7,9,7,10,11,0,10,0,0,7,7,5,10,6,10,5,5,6,10,10,3,11,3,5,6,7,0,6,11,3,4,0,7,4,6,5,10,7,0,3,11,3,0,0,4,4,9,6,10,8,5,4
2,8,8,8,8,9,11,4,0,3,11,7,7,10,6,4,11,4,11,0,7,9,6,6,10,5,7,2,2,4,5,5,2,2,6,6,8,2,10,9,4,4,9,2,5,3,5,10,7,9,11,8,0,0,0,9,2,6,4,7,6,8,5,5,9,6,9,7,3,6,3,8,7,9,3,2,11,7,5,8,0,2,2,10,2,8,9,6,9,9,10,6,2,2,3,2,3,8,8,10,8,11,0,2,11,2,2,8,8,6,11,7,11,6,6,7,11,11,4,0,4,6,7,8,2,7,0,4,5,2,8,5,7,6,11,8,2,4,0,4,2,2,5,5,10,7,11,9,6,5
3,9,9,9,9,10,0,5,2,4,0,8,8,11,7,5,0,5,0,2,8,10,7,7,11,6,8,3,3,5,6,6,3,3,7,7,9,3,11,10,5,5,10,3,6,4,6,11,8,10,0,9,2,2,2,10,3,7,5,8,7,9,6,6,10,7,10,8,4,7,4,9,8,10,4,3,0,8,6,9,2,3,3,11,3,9,10,7,10,10,11,7,3,3,4,3,4,9,9,11,9,0,2,3,0,3,3,9,9,7,0,8,0,7,7,8,0,0,5,2,5,7,8,9,3,8,2,5,6,3,9,6,8,7,0,9,3,5,2,5,3,3,6,6,11,8,0,10,7,6
4,10,10,10,10,11,2,6,3,5,2,9,9,0,8,6,2,6,2,3,9,11,8,8,0,7,9,4,4,6,7,7,4,4,8,8,10,4,0,11,6,6,11,4,7,5,7,0,9,11,2,10,3,3,3,11,4,8,6,9,8,10,7,7,11,8,11,9,5,8,5,10,9,11,5,4,2,9,7,10,3,4,4,0,4,10,11,8,11,11,0,8,4,4,5,4,5,10,10,0,10,2,3,4,2,4,4,10,10,8,2,9,2,8,8,9,2,2,6,3,6,8,9,10,4,9,3,6,7,4,10,7,9,8,2,10,4,6,3,6,4,4,7,7,0,9,2,11,8,7
5,11,11,11,11,0,3,7,4,6,3,10,10,2,9,7,3,7,3,4,10,0,9,9,2,8,10,5,5,7,8,8,5,5,9,9,11,5,2,0,7,7,0,5,8,6,8,2,10,0,3,11,4,4,4,0,5,9,7,10,9,11,8,8,0,9,0,10,6,9,6,11,10,0,6,5,3,10,8,11,4,5,5,2,5,11,0,9,0,0,2,9,5,5,6,5,6,11,11,2,11,3,4,5,3,5,5,11,11,9,3,10,3,9,9,10,3,3,7,4,7,9,10,11,5,10,4,7,8,5,11,8,10,9,3,11,5,7,4,7,5,5,8,8,2,10,3,0,9,8
6,0,0,0,0,2,4,8,5,7,4,11,11,3,10,8,4,8,4,5,11,2,10,10,3,9,11,6,6,8,9,9,6,6,10,10,0,6,3,2,8,8,2,6,9,7,9,3,11,2,4,0,5,5,5,2,6,10,8,11,10,0,9,9,2,10,2,11,7,10,7,0,11,2,7,6,4,11,9,0,5,6,6,3,6,0,2,10,2,2,3,10,6,6,7,6,7,0,0,3,0,4,5,6,4,6,6,0,0,10,4,11,4,10,10,11,4,4,8,5,8,10,11,0,6,11,5,8,9,6,0,9,11,10,4,0,6,8,5,8,6,6,9,9,3,11,4,2,10,9
7,2,2,2,2,3,5,9,6,8,5,0,0,4,11,9,5,9,5,6,0,3,11,11,4,10,0,7,7,9,10,10,7,7,11,11,2,7,4,3,9,9,3,7,10,8,10,4,0,3,5,2,6,6,6,3,7,11,9,0,11,2,10,10,3,11,3,0,8,11,8,2,0,3,8,7,5,0,10,2,6,7,7,4,7,2,3,11,3,3,4,11,7,7,8,7,8,2,2,4,2,5,6,7,5,7,7,2,2,11,5,0,5,11,11,0,5,5,9,6,9,11,0,2,7,0,6,9,10,7,2,10,0,11,5,2,7,9,6,9,7,7,10,10,4,0,5,3,11,10
8,3,3,3,3,4,6,10,7,9,6,2,2,5,0,10,6,10,6,7,2,4,0,0,5,11,2,8,8,10,11,11,8,8,0,0,3,8,5,4,10,10,4,8,11,9,11,5,2,4,6,3,7,7,7,4,8,0,10,2,0,3,11,11,4,0,4,2,9,0,9,3,2,4,9,8,6,2,11,3,7,8,8,5,8,3,4,0,4,4,5,0,8,8,9,8,9,3,3,5,3,6,7,8,6,8,8,3,3,0,6,2,6,0,0,2,6,6,10,7,10,0,2,3,8,2,7,10,11,8,3,11,2,0,6,3,8,10,7,10,8,8,11,11,5,2,6,4,0,11
9,4,4,4,4,5,7,11,8,10,7,3,3,6,2,11,7,11,7,8,3,5,2,2,6,0,3,9,9,11,0,0,9,9,2,2,4,9,6,5,11,11,5,9,0,10,0,6,3,5,7,4,8,8,8,5,9,2,11,3,2,4,0,0,5,2,5,3,10,2,10,4,3,5,10,9,7,3,0,4,8,9,9,6,9,4,5,2,5,5,6,2,9,9,10,9,10,4,4,6,4,7,8,9,7,9,9,4,4,2,7,3,7,2,2,3,7,7,11,8,11,2,3,4,9,3,8,11,0,9,4,0,3,2,7,4,9,11,8,11,9,9,0,0,6,3,7,5,2,0
10,5,5,5,5,6,8,0,9,11,8,4,4,7,3,0,8,0,8,9,4,6,3,3,7,2,4,10,10,0,2,2,10,10,3,3,5,10,7,6,0,0,6,10,2,11,2,7,4,6,8,5,9,9,9,6,10,3,0,4,3,5,2,2,6,3,6,4,11,3,11,5,4,6,11,10,8,4,2,5,9,10,10,7,10,5,6,3,6,6,7,3,10,10,11,10,11,5,5,7,5,8,9,10,8,10,10,5,5,3,8,4,8,3,3,4,8,8,0,9,0,3,4,5,10,4,9,0,2,10,5,2,4,3,8,5,10,0,9,0,10,10,2,2,7,4,8,6,3,2
11,6,6,6,6,7,9,2,10,0,9,5,5,8,4,2,9,2,9,10,5,7,4,4,8,3,5,11,11,2,3,3,11,11,4,4,6,11,8,7,2,2,7,11,3,0,3,8,5,7,9,6,10,10,10,7,11,4,2,5,4,6,3,3,7,4,7,5,0,4,0,6,5,7,0,11,9,5,3,6,10,11,11,8,11,6,7,4,7,7,8,4,11,11,0,11,0,6,6,8,6,9,10,11,9,11,11,6,6,4,9,5,9,4,4,5,9,9,2,10,2,4,5,6,11,5,10,2,3,11,6,3,5,4,9,6,11,2,10,2,11,11,3,3,8,5,9,7,4,3
0,7,7,7,7,8,10,3,11,2,10,6,6,9,5,3,10,3,10,11,6,8,5,5,9,4,6,0,0,3,4,4,0,0,5,5,7,0,9,8,3,3,8,0,4,2,4,9,6,8,10,7,11,11,11,8,0,5,3,6,5,7,4,4,8,5,8,6,2,5,2,7,6,8,2,0,10,6,4,7,11,0,0,9,0,7,8,5,8,8,9,5,0,0,2,0,2,7,7,9,7,10,11,0,10,0,0,7,7,5,10,6,10,5,5,6,10,10,3,11,3,5,6,7,0,6,11,3,4,0,7,4,6,5,10,7,0,3,11,3,0,0,4,4,9,6,10,8,5,4
2,8,8,8,8,9,11,4,0,3,11,7,7,10,6,4,11,4,11,0,7,9,6,6,10,5,7,2,2,4,5,5,2,2,6,6,8,2,10,9,4,4,9,2,5,3,5,10,7,9,11,8,0,0,0,9,2,6,4,7,6,8,5,5,9,6,9,7,3,6,3,8,7,9,3,2,11,7,5,8,0,2,2,10,2,8,9,6,9,9,10,6,2,2,3,2,3,8,8,10,8,11,0,2,11,2,2,8,8,6,11,7,11,6,6,7,11,11,4,0,4,6,7,8,2,7,0,4,5,2,8,5,7,6,11,8,2,4,0,4,2,2,5,5,10,7,11,9,6,5
3,9,9,9,9,10,0,5,2,4,0,8,8,11,7,5,0,5,0,2,8,10,7,7,11,6,8,3,3,5,6,6,3,3,7,7,9,3,11,10,5,5,10,3,6,4,6,11,8,10,0,9,2,2,2,10,3,7,5,8,7,9,6,6,10,7,10,8,4,7,4,9,8,10,4,3,0,8,6,9,2,3,3,11,3,9,10,7,10,10,11,7,3,3,4,3,4,9,9,11,9,0,2,3,0,3,3,9,9,7,0,8,0,7,7,8,0,0,5,2,5,7,8,9,3,8,2,5,6,3,9,6,8,7,0,9,3,5,2,5,3,3,6,6,11,8,0,10,7,6
4,10,10,10,10,11,2,6,3,5,2,9,9,0,8,6,2,6,2,3,9,11,8,8,0,7,9,4,4,6,7,7,4,4,8,8,10,4,0,11,6,6,11,4,7,5,7,0,9,11,2,10,3,3,3,11,4,8,6,9,8,10,7,7,11,8,11,9,5,8,5,10,9,11,5,4,2,9,7,10,3,4,4,0,4,10,11,8,11,11,0,8,4,4,5,4,5,10,10,0,10,2,3,4,2,4,4,10,10,8,2,9,2,8,8,9,2,2,6,3,6,8,9,10,4,9,3,6,7,4,10,7,9,8,2,10,4,6,3,6,4,4,7,7,0,9,2,11,8,7
5,11,11,11,11,0,3,7,4,6,3,10,10,2,9,7,3,7,3,4,10,0,9,9,2,8,10,5,5,7,8,8,5,5,9,9,11,5,2,0,7,7,0,5,8,6,8,2,10,0,3,11,4,4,4,0,5,9,7,10,9,11,8,8,0,9,0,10,6,9,6,11,10,0,6,5,3,10,8,11,4,5,5,2,5,11,0,9,0,0,2,9,5,5,6,5,6,11,11,2,11,3,4,5,3,5,5,11,11,9,3,10,3,9,9,10,3,3,7,4,7,9,10,11,5,10,4,7,8,5,11,8,10,9,3,11,5,7,4,7,5,5,8,8,2,10,3,0,9,8
6,0,0,0,0,2,4,8,5,7,4,11,11,3,10,8,4,8,4,5,11,2,10,10,3,9,11,6,6,8,9,9,6,6,10,10,0,6,3,2,8,8,2,6,9,7,9,3,11,2,4,0,5,5,5,2,6,10,8,11,10,0,9,9,2,10,2,11,7,10,7,0,11,2,7,6,4,11,9,0,5,6,6,3,6,0,2,10,2,2,3,10,6,6,7,6,7,0,0,3,0,4,5,6,4,6,6,0,0,10,4,11,4,10,10,11,4,4,8,5,8,10,11,0,6,11,5,8,9,6,0,9,11,10,4,0,6,8,5,8,6,6,9,9,3,11,4,2,10,9
7,2,2,2,2,3,5,9,6,8,5,0,0,4,11,9,5,9,5,6,0,3,11,11,4,10,0,7,7,9,10,10,7,7,11,11,2,7,4,3,9,9,3,7,10,8,10,4,0,3,5,2,6,6,6,3,7,11,9,0,11,2,10,10,3,11,3,0,8,11,8,2,0,3,8,7,5,0,10,2,6,7,7,4,7,2,3,11,3,3,4,11,7,7,8,7,8,2,2,4,2,5,6,7,5,7,7,2,2,11,5,0,5,11,11,0,5,5,9,6,9,11,0,2,7,0,6,9,10,7,2,10,0,11,5,2,7,9,6,9,7,7,10,10,4,0,5,3,11,10
8,3,3,3,3,4,6,10,7,9,6,2,2,5,0,10,6,10,6,7,2,4,0,0,5,11,2,8,8,10,11,11,8,8,0,0,3,8,5,4,10,10,4,8,11,9,11,5,2,4,6,3,7,7,7,4,8,0,10,2,0,3,11,11,4,0,4,2,9,0,9,3,2,4,9,8,6,2,11,3,7,8,8,5,8,3,4,0,4,4,5,0,8,8,9,8,9,3,3,5,3,6,7,8,6,8,8,3,3,0,6,2,6,0,0,2,6,6,10,7,10,0,2,3,8,2,7,10,11,8,3,11,2,0,6,3,8,10,7,10,8,8,11,11,5,2,6,4,0,11
9,4,4,4,4,5,7,11,8,10,7,3,3,6,2,11,7,11,7,8,3,5,2,2,6,0,3,9,9,11,0,0,9,9,2,2,4,9,6,5,11,11,5,9,0,10,0,6,3,5,7,4,8,8,8,5,9,2,11,3,2,4,0,0,5,2,5,3,10,2,10,4,3,5,10,9,7,3,0,4,8,9,9,6,9,4,5,2,5,5,6,2,9,9,10,9,10,4,4,6,4,7,8,9,7,9,9,4,4,2,7,3,7,2,2,3,7,7,11,8,11,2,3,4,9,3,8,11,0,9,4,0,3,2,7,4,9,11,8,11,9,9,0,0,6,3,7,5,2,0
10,5,5,5,5,6,8,0,9,11,8,4,4,7,3,0,8,0,8,9,4,6,3,3,7,2,4,10,10,0,2,2,10,10,3,3,5,10,7,6,0,0,6,10,2,11,2,7,4,6,8,5,9,9,9,6,10,3,0,4,3,5,2,2,6,3,6,4,11,3,11,5,4,6,11,10,8,4,2,5,9,10,10,7,10,5,6,3,6,6,7,3,10,10,11,10,11,5,5,7,5,8,9,10,8,10,10,5,5,3,8,4,8,3,3,4,8,8,0,9,0,3,4,5,10,4,9,0,2,10,5,2,4,3,8,5,10,0,9,0,10,10,2,2,7,4,8,6,3,2
11,6,6,6,6,7,9,2,10,0,9,5,5,8,4,2,9,2,9,10,5,7,4,4,8,3,5,11,11,2,3,3,11,11,4,4,6,11,8,7,2,2,7,11,3,0,3,8,5,7,9,6,10,10,10,7,11,4,2,5,4,6,3,3,7,4,7,5,0,4,0,6,5,7,0,11,9,5,3,6,10,11,11,8,11,6,7,4,7,7,8,4,11,11,0,11,0,6,6,8,6,9,10,11,9,11,11,6,6,4,9,5,9,4,4,5,9,9,2,10,2,4,5,6,11,5,10,2,3,11,6,3,5,4,9,6,11,2,10,2,11,11,3,3,8,5,9,7,4,3
0,7,7,7,7,8,10,3,11,2,10,6,6,9,5,3,10,3,10,11,6,8,5,5,9,4,6,0,0,3,4,4,0,0,5,5,7,0,9,8,3,3,8,0,4,2,4,9,6,8,10,7,11,11,11,8,0,5,3,6,5,7,4,4,8,5,8,6,2,5,2,7,6,8,2,0,10,6,4,7,11,0,0,9,0,7,8,5,8,8,9,5,0,0,2,0,2,7,7,9,7,10,11,0,10,0,0,7,7,5,10,6,10,5,5,6,10,10,3,11,3,5,6,7,0,6,11,3,4,0,7,4,6,5,10,7,0,3,11,3,0,0,4,4,9,6,10,8,5,4
2,8,8,8,8,9,11,4,0,3,11,7,7,10,6,4,11,4,11,0,7,9,6,6,10,5,7,2,2,4,5,5,2,2,6,6,8,2,10,9,4,4,9,2,5,3,5,10,7,9,11,8,0,0,0,9,2,6,4,7,6,8,5,5,9,6,9,7,3,6,3,8,7,9,3,2,11,7,5,8,0,2,2,10,2,8,9,6,9,9,10,6,2,2,3,2,3,8,8,10,8,11,0,2,11,2,2,8,8,6,11,7,11,6,6,7,11,11,4,0,4,6,7,8,2,7,0,4,5,2,8,5,7,6,11,8,2,4,0,4,2,2,5,5,10,7,11,9,6,5
3,9,9,9,9,10,0,5,2,4,0,8,8,11,7,5,0,5,0,2,8,10,7,7,11,6,8,3,3,5,6,6,3,3,7,7,9,3,11,10,5,5,10,3,6,4,6,11,8,10,0,9,2,2,2,10,3,7,5,8,7,9,6,6,10,7,10,8,4,7,4,9,8,10,4,3,0,8,6,9,2,3,3,11,3,9,10,7,10,10,11,7,3,3,4,3,4,9,9,11,9,0,2,3,0,3,3,9,9,7,0,8,0,7,7,8,0,0,5,2,5,7,8,9,3,8,2,5,6,3,9,6,8,7,0,9,3,5,2,5,3,3,6,6,11,8,0,10,7,6
4,10,10,10,10,11,2,6,3,5,2,9,9,0,8,6,2,6,2,3,9,11,8,8,0,7,9,4,4,6,7,7,4,4,8,8,10,4,0,11,6,6,11,4,7,5,7,0,9,11,2,10,3,3,3,11,4,8,6,9,8,10,7,7,11,8,11,9,5,8,5,10,9,11,5,4,2,9,7,10,3,4,4,0,4,10,11,8,11,11,0,8,4,4,5,4,5,10,10,0,10,2,3,4,2,4,4,10,10,8,2,9,2,8,8,9,2,2,6,3,6,8,9,10,4,9,3,6,7,4,10,7,9,8,2,10,4,6,3,6,4,4,7,7,0,9,2,11,8,7
5,11,11,11,11,0,3,7,4,6,3,10,10,2,9,7,3,7,3,4,10,0,9,9,2,8,10,5,5,7,8,8,5,5,9,9,11,5,2,0,7,7,0,5,8,6,8,2,10,0,3,11,4,4,4,0,5,9,7,10,9,11,8,8,0,9,0,10,6,9,6,11,10,0,6,5,3,10,8,11,4,5,5,2,5,11,0,9,0,0,2,9,5,5,6,5,6,11,11,2,11,3,4,5,3,5,5,11,11,9,3,10,3,9,9,10,3,3,7,4,7,9,10,11,5,10,4,7,8,5,11,8,10,9,3,11,5,7,4,7,5,5,8,8,2,10,3,0,9,8
6,0,0,0,0,2,4,8,5,7,4,11,11,3,10,8,4,8,4,5,11,2,10,10,3,9,11,6,6,8,9,9,6,6,10,10,0,6,3,2,8,8,2,6,9,7,9,3,11,2,4,0,5,5,5,2,6,10,8,11,10,0,9,9,2,10,2,11,7,10,7,0,11,2,7,6,4,11,9,0,5,6,6,3,6,0,2,10,2,2,3,10,6,6,7,6,7,0,0,3,0,4,5,6,4,6,6,0,0,10,4,11,4,10,10,11,4,4,8,5,8,10,11,0,6,11,5,8,9,6,0,9,11,10,4,0,6,8,5,8,6,6,9,9,3,11,4,2,10,9
7,2,2,2,2,3,5,9,6,8,5,0,0,4,11,9,5,9,5,6,0,3,11,11,4,10,0,7,7,9,10,10,7,7,11,11,2,7,4,3,9,9,3,7,10,8,10,4,0,3,5,2,6,6,6,3,7,11,9,0,11,2,10,10,3,11,3,0,8,11,8,2,0,3,8,7,5,0,10,2,6,7,7,4,7,2,3,11,3,3,4,11,7,7,8,7,8,2,2,4,2,5,6,7,5,7,7,2,2,11,5,0,5,11,11,0,5,5,9,6,9,11,0,2,7,0,6,9,10,7,2,10,0,11,5,2,7,9,6,9,7,7,10,10,4,0,5,3,11,10
8,3,3,3,3,4,6,10,7,9,6,2,2,5,0,10,6,10,6,7,2,4,0,0,5,11,2,8,8,10,11,11,8,8,0,0,3,8,5,4,10,10,4,8,11,9,11,5,2,4,6,3,7,7,7,4,8,0,10,2,0,3,11,11,4,0,4,2,9,0,9,3,2,4,9,8,6,2,11,3,7,8,8,5,8,3,4,0,4,4,5,0,8,8,9,8,9,3,3,5,3,6,7,8,6,8,8,3,3,0,6,2,6,0,0,2,6,6,10,7,10,0,2,3,8,2,7,10,11,8,3,11,2,0,6,3,8,10,7,10,8,8,11,11,5,2,6,4,0,11
9,4,4,4,4,5,7,11,8,10,7,3,3,6,2,11,7,11,7,8,3,5,2,2,6,0,3,9,9,11,0,0,9,9,2,2,4,9,6,5,11,11,5,9,0,10,0,6,3,5,7,4,8,8,8,5,9,2,11,3,2,4,0,0,5,2,5,3,10,2,10,4,3,5,10,9,7,3,0,4,8,9,9,6,9,4,5,2,5,5,6,2,9,9,10,9,10,4,4,6,4,7,8,9,7,9,9,4,4,2,7,3,7,2,2,3,7,7,11,8,11,2,3,4,9,3,8,11,0,9,4,0,3,2,7,4,9,11,8,11,9,9,0,0,6,3,7,5,2,0
10,5,5,5,5,6,8,0,9,11,8,4,4,7,3,0,8,0,8,9,4,6,3,3,7,2,4,10,10,0,2,2,10,10,3,3,5,10,7,6,0,0,6,10,2,11,2,7,4,6,8,5,9,9,9,6,10,3,0,4,3,5,2,2,6,3,6,4,11,3,11,5,4,6,11,10,8,4,2,5,9,10,10,7,10,5,6,3,6,6,7,3,10,10,11,10,11,5,5,7,5,8,9,10,8,10,10,5,5,3,8,4,8,3,3,4,8,8,0,9,0,3,4,5,10,4,9,0,2,10,5,2,4,3,8,5,10,0,9,0,10,10,2,2,7,4,8,6,3,2
11,6,6,6,6,7,9,2,10,0,9,5,5,8,4,2,9,2,9,10,5,7,4,4,8,3,5,11,11,2,3,3,11,11,4,4,6,11,8,7,2,2,7,11,3,0,3,8,5,7,9,6,10,10,10,7,11,4,2,5,4,6,3,3,7,4,7,5,0,4,0,6,5,7,0,11,9,5,3,6,10,11,11,8,11,6,7,4,7,7,8,4,11,11,0,11,0,6,6,8,6,9,10,11,9,11,11,6,6,4,9,5,9,4,4,5,9,9,2,10,2,4,5,6,11,5,10,2,3,11,6,3,5,4,9,6,11,2,10,2,11,11,3,3,8,5,9,7,4,3
0,7,7,7,7,8,10,3,11,2,10,6,6,9,5,3,10,3,10,11,6,8,5,5,9,4,6,0,0,3,4,4,0,0,5,5,7,0,9,8,3,3,8,0,4,2,4,9,6,8,10,7,11,11,11,8,0,5,3,6,5,7,4,4,8,5,8,6,2,5,2,7,6,8,2,0,10,6,4,7,11,0,0,9,0,7,8,5,8,8,9,5,0,0,2,0,2,7,7,9,7,10,11,0,10,0,0,7,7,5,10,6,10,5,5,6,10,10,3,11,3,5,6,7,0,6,11,3,4,0,7,4,6,5,10,7,0,3,11,3,0,0,4,4,9,6,10,8,5,4
2,8,8,8,8,9,11,4,0,3,11,7,7,10,6,4,11,4,11,0,7,9,6,6,10,5,7,2,2,4,5,5,2,2,6,6,8,2,10,9,4,4,9,2,5,3,5,10,7,9,11,8,0,0,0,9,2,6,4,7,6,8,5,5,9,6,9,7,3,6,3,8,7,9,3,2,11,7,5,8,0,2,2,10,2,8,9,6,9,9,10,6,2,2,3,2,3,8,8,10,8,11,0,2,11,2,2,8,8,6,11,7,11,6,6,7,11,11,4,0,4,6,7,8,2,7,0,4,5,2,8,5,7,6,11,8,2,4,0,4,2,2,5,5,10,7,11,9,6,5
3,9,9,9,9,10,0,5,2,4,0,8,8,11,7,5,0,5,0,2,8,10,7,7,11,6,8,3,3,5,6,6,3,3,7,7,9,3,11,10,5,5,10,3,6,4,6,11,8,10,0,9,2,2,2,10,3,7,5,8,7,9,6,6,10,7,10,8,4,7,4,9,8,10,4,3,0,8,6,9,2,3,3,11,3,9,10,7,10,10,11,7,3,3,4,3,4,9,9,11,9,0,2,3,0,3,3,9,9,7,0,8,0,7,7,8,0,0,5,2,5,7,8,9,3,8,2,5,6,3,9,6,8,7,0,9,3,5,2,5,3,3,6,6,11,8,0,10,7,6
4,10,10,10,10,11,2,6,3,5,2,9,9,0,8,6,2,6,2,3,9,11,8,8,0,7,9,4,4,6,7,7,4,4,8,8,10,4,0,11,6,6,11,4,7,5,7,0,9,11,2,10,3,3,3,11,4,8,6,9,8,10,7,7,11,8,11,9,5,8,5,10,9,11,5,4,2,9,7,10,3,4,4,0,4,10,11,8,11,11,0,8,4,4,5,4,5,10,10,0,10,2,3,4,2,4,4,10,10,8,2,9,2,8,8,9,2,2,6,3,6,8,9,10,4,9,3,6,7,4,10,7,9,8,2,10,4,6,3,6,4,4,7,7,0,9,2,11,8,7
5,11,11,11,11,0,3,7,4,6,3,10,10,2,9,7,3,7,3,4,10,0,9,9,2,8,10,5,5,7,8,8,5,5,9,9,11,5,2,0,7,7,0,5,8,6,8,2,10,0,3,11,4,4,4,0,5,9,7,10,9,11,8,8,0,9,0,10,6,9,6,11,10,0,6,5,3,10,8,11,4,5,5,2,5,11,0,9,0,0,2,9,5,5,6,5,6,11,11,2,11,3,4,5,3,5,5,11,11,9,3,10,3,9,9,10,3,3,7,4,7,9,10,11,5,10,4,7,8,5,11,8,10,9,3,11,5,7,4,7,5,5,8,8,2,10,3,0,9,8
6,0,0,0,0,2,4,8,5,7,4,11,11,3,10,8,4,8,4,5,11,2,10,10,3,9,11,6,6,8,9,9,6,6,10,10,0,6,3,2,8,8,2,6,9,7,9,3,11,2,4,0,5,5,5,2,6,10,8,11,10,0,9,9,2,10,2,11,7,10,7,0,11,2,7,6,4,11,9,0,5,6,6,3,6,0,2,10,2,2,3,10,6,6,7,6,7,0,0,3,0,4,5,6,4,6,6,0,0,10,4,11,4,10,10,11,4,4,8,5,8,10,11,0,6,11,5,8,9,6,0,9,11,10,4,0,6,8,5,8,6,6,9,9,3,11,4,2,10,9
7,2,2,2,2,3,5,9,6,8,5,0,0,4,11,9,5,9,5,6,0,3,11,11,4,10,0,7,7,9,10,10,7,7,11,11,2,7,4,3,9,9,3,7,10,8,10,4,0,3,5,2,6,6,6,3,7,11,9,0,11,2,10,10,3,11,3,0,8,11,8,2,0,3,8,7,5,0,10,2,6,7,7,4,7,2,3,11,3,3,4,11,7,7,8,7,8,2,2,4,2,5,6,7,5,7,7,2,2,11,5,0,5,11,11,0,5,5,9,6,9,11,0,2,7,0,6,9,10,7,2,10,0,11,5,2,7,9,6,9,7,7,10,10,4,0,5,3,11,10
8,3,3,3,3,4,6,10,7,9,6,2,2,5,0,10,6,10,6,7,2,4,0,0,5,11,2,8,8,10,11,11,8,8,0,0,3,8,5,4,10,10,4,8,11,9,11,5,2,4,6,3,7,7,7,4,8,0,10,2,0,3,11,11,4,0,4,2,9,0,9,3,2,4,9,8,6,2,11,3,7,8,8,5,8,3,4,0,4,4,5,0,8,8,9,8,9,3,3,5,3,6,7,8,6,8,8,3,3,0,6,2,6,0,0,2,6,6,10,7,10,0,2,3,8,2,7,10,11,8,3,11,2,0,6,3,8,10,7,10,8,8,11,11,5,2,6,4,0,11
9,4,4,4,4,5,7,11,8,10,7,3,3,6,2,11,7,11,7,8,3,5,2,2,6,0,3,9,9,11,0,0,9,9,2,2,4,9,6,5,11,11,5,9,0,10,0,6,3,5,7,4,8,8,8,5,9,2,11,3,2,4,0,0,5,2,5,3,10,2,10,4,3,5,10,9,7,3,0,4,8,9,9,6,9,4,5,2,5,5,6,2,9,9,10,9,10,4,4,6,4,7,8,9,7,9,9,4,4,2,7,3,7,2,2,3,7,7,11,8,11,2,3,4,9,3,8,11,0,9,4,0,3,2,7,4,9,11,8,11,9,9,0,0,6,3,7,5,2,0
10,5,5,5,5,6,8,0,9,11,8,4,4,7,3,0,8,0,8,9,4,6,3,3,7,2,4,10,10,0,2,2,10,10,3,3,5,10,7,6,0,0,6,10,2,11,2,7,4,6,8,5,9,9,9,6,10,3,0,4,3,5,2,2,6,3,6,4,11,3,11,5,4,6,11,10,8,4,2,5,9,10,10,7,10,5,6,3,6,6,7,3,10,10,11,10,11,5,5,7,5,8,9,10,8,10,10,5,5,3,8,4,8,3,3,4,8,8,0,9,0,3,4,5,10,4,9,0,2,10,5,2,4,3,8,5,10,0,9,0,10,10,2,2,7,4,8,6,3,2
11,6,6,6,6,7,9,2,10,0,9,5,5,8,4,2,9,2,9,10,5,7,4,4,8,3,5,11,11,2,3,3,11,11,4,4,6,11,8,7,2,2,7,11,3,0,3,8,5,7,9,6,10,10,10,7,11,4,2,5,4,6,3,3,7,4,7,5,0,4,0,6,5,7,0,11,9,5,3,6,10,11,11,8,11,6,7,4,7,7,8,4,11,11,0,11,0,6,6,8,6,9,10,11,9,11,11,6,6,4,9,5,9,4,4,5,9,9,2,10,2,4,5,6,11,5,10,2,3,11,6,3,5,4,9,6,11,2,10,2,11,11,3,3,8,5,9,7,4,3
0,7,7,7,7,8,10,3,11,2,10,6,6,9,5,3,10,3,10,11,6,8,5,5,9,4,6,0,0,3,4,4,0,0,5,5,7,0,9,8,3,3,8,0,4,2,4,9,6,8,10,7,11,11,11,8,0,5,3,6,5,7,4,4,8,5,8,6,2,5,2,7,6,8,2,0,10,6,4,7,11,0,0,9,0,7,8,5,8,8,9,5,0,0,2,0,2,7,7,9,7,10,11,0,10,0,0,7,7,5,10,6,10,5,5,6,10,10,3,11,3,5,6,7,0,6,11,3,4,0,7,4,6,5,10,7,0,3,11,3,0,0,4,4,9,6,10,8,5,4
2,8,8,8,8,9,11,4,0,3,11,7,7,10,6,4,11,4,11,0,7,9,6,6,10,5,7,2,2,4,5,5,2,2,6,6,8,2,10,9,4,4,9,2,5,3,5,10,7,9,11,8,0,0,0,9,2,6,4,7,6,8,5,5,9,6,9,7,3,6,3,8,7,9,3,2,11,7,5,8,0,2,2,10,2,8,9,6,9,9,10,6,2,2,3,2,3,8,8,10,8,11,0,2,11,2,2,8,8,6,11,7,11,6,6,7,11,11,4,0,4,6,7,8,2,7,0,4,5,2,8,5,7,6,11,8,2,4,0,4,2,2,5,5,10,7,11,9,6,5
3,9,9,9,9,10,0,5,2,4,0,8,8,11,7,5,0,5,0,2,8,10,7,7,11,6,8,3,3,5,6,6,3,3,7,7,9,3,11,10,5,5,10,3,6,4,6,11,8,10,0,9,2,2,2,10,3,7,5,8,7,9,6,6,10,7,10,8,4,7,4,9,8,10,4,3,0,8,6,9,2,3,3,11,3,9,10,7,10,10,11,7,3,3,4,3,4,9,9,11,9,0,2,3,0,3,3,9,9,7,0,8,0,7,7,8,0,0,5,2,5,7,8,9,3,8,2,5,6,3,9,6,8,7,0,9,3,5,2,5,3,3,6,6,11,8,0,10,7,6
4,10,10,10,10,11,2,6,3,5,2,9,9,0,8,6,2,6,2,3,9,11,8,8,0,7,9,4,4,6,7,7,4,4,8,8,10,4,0,11,6,6,11,4,7,5,7,0,9,11,2,10,3,3,3,11,4,8,6,9,8,10,7,7,11,8,11,9,5,8,5,10,9,11,5,4,2,9,7,10,3,4,4,0,4,10,11,8,11,11,0,8,4,4,5,4,5,10,10,0,10,2,3,4,2,4,4,10,10,8,2,9,2,8,8,9,2,2,6,3,6,8,9,10,4,9,3,6,7,4,10,7,9,8,2,10,4,6,3,6,4,4,7,7,0,9,2,11,8,7
5,11,11,11,11,0,3,7,4,6,3,10,10,2,9,7,3,7,3,4,10,0,9,9,2,8,10,5,5,7,8,8,5,5,9,9,11,5,2,0,7,7,0,5,8,6,8,2,10,0,3,11,4,4,4,0,5,9,7,10,9,11,8,8,0,9,0,10,6,9,6,11,10,0,6,5,3,10,8,11,4,5,5,2,5,11,0,9,0,0,2,9,5,5,6,5,6,11,11,2,11,3,4,5,3,5,5,11,11,9,3,10,3,9,9,10,3,3,7,4,7,9,10,11,5,10,4,7,8,5,11,8,10,9,3,11,5,7,4,7,5,5,8,8,2,10,3,0,9,8
6,0,0,0,0,2,4,8,5,7,4,11,11,3,10,8,4,8,4,5,11,2,10,10,3,9,11,6,6,8,9,9,6,6,10,10,0,6,3,2,8,8,2,6,9,7,9,3,11,2,4,0,5,5,5,2,6,10,8,11,10,0,9,9,2,10,2,11,7,10,7,0,11,2,7,6,4,11,9,0,5,6,6,3,6,0,2,10,2,2,3,10,6,6,7,6,7,0,0,3,0,4,5,6,4,6,6,0,0,10,4,11,4,10,10,11,4,4,8,5,8,10,11,0,6,11,5,8,9,6,0,9,11,10,4,0,6,8,5,8,6,6,9,9,3,11,4,2,10,9
7,2,2,2,2,3,5,9,6,8,5,0,0,4,11,9,5,9,5,6,0,3,11,11,4,10,0,7,7,9,10,10,7,7,11,11,2,7,4,3,9,9,3,7,10,8,10,4,0,3,5,2,6,6,6,3,7,11,9,0,11,2,10,10,3,11,3,0,8,11,8,2,0,3,8,7,5,0,10,2,6,7,7,4,7,2,3,11,3,3,4,11,7,7,8,7,8,2,2,4,2,5,6,7,5,7,7,2,2,11,5,0,5,11,11,0,5,5,9,6,9,11,0,2,7,0,6,9,10,7,2,10,0,11,5,2,7,9,6,9,7,7,10,10,4,0,5,3,11,10
8,3,3,3,3,4,6,10,7,9,6,2,2,5,0,10,6,10,6,7,2,4,0,0,5,11,2,8,8,10,11,11,8,8,0,0,3,8,5,4,10,10,4,8,11,9,11,5,2,4,6,3,7,7,7,4,8,0,10,2,0,3,11,11,4,0,4,2,9,0,9,3,2,4,9,8,6,2,11,3,7,8,8,5,8,3,4,0,4,4,5,0,8,8,9,8,9,3,3,5,3,6,7,8,6,8,8,3,3,0,6,2,6,0,0,2,6,6,10,7,10,0,2,3,8,2,7,10,11,8,3,11,2,0,6,3,8,10,7,10,8,8,11,11,5,2,6,4,0,11
9,4,4,4,4,5,7,11,8,10,7,3,3,6,2,11,7,11,7,8,3,5,2,2,6,0,3,9,9,11,0,0,9,9,2,2,4,9,6,5,11,11,5,9,0,10,0,6,3,5,7,4,8,8,8,5,9,2,11,3,2,4,0,0,5,2,5,3,10,2,10,4,3,5,10,9,7,3,0,4,8,9,9,6,9,4,5,2,5,5,6,2,9,9,10,9,10,4,4,6,4,7,8,9,7,9,9,4,4,2,7,3,7,2,2,3,7,7,11,8,11,2,3,4,9,3,8,11,0,9,4,0,3,2,7,4,9,11,8,11,9,9,0,0,6,3,7,5,2,0
10,5,5,5,5,6,8,0,9,11,8,4,4,7,3,0,8,0,8,9,4,6,3,3,7,2,4,10,10,0,2,2,10,10,3,3,5,10,7,6,0,0,6,10,2,11,2,7,4,6,8,5,9,9,9,6,10,3,0,4,3,5,2,2,6,3,6,4,11,3,11,5,4,6,11,10,8,4,2,5,9,10,10,7,10,5,6,3,6,6,7,3,10,10,11,10,11,5,5,7,5,8,9,10,8,10,10,5,5,3,8,4,8,3,3,4,8,8,0,9,0,3,4,5,10,4,9,0,2,10,5,2,4,3,8,5,10,0,9,0,10,10,2,2,7,4,8,6,3,2
11,6,6,6,6,7,9,2,10,0,9,5,5,8,4,2,9,2,9,10,5,7,4,4,8,3,5,11,11,2,3,3,11,11,4,4,6,11,8,7,2,2,7,11,3,0,3,8,5,7,9,6,10,10,10,7,11,4,2,5,4,6,3,3,7,4,7,5,0,4,0,6,5,7,0,11,9,5,3,6,10,11,11,8,11,6,7,4,7,7,8,4,11,11,0,11,0,6,6,8,6,9,10,11,9,11,11,6,6,4,9,5,9,4,4,5,9,9,2,10,2,4,5,6,11,5,10,2,3,11,6,3,5,4,9,6,11,2,10,2,11,11,3,3,8,5,9,7,4,3
0,7,7,7,7,8,10,3,11,2,10,6,6,9,5,3,10,3,10,11,6,8,5,5,9,4,6,0,0,3,4,4,0,0,5,5,7,0,9,8,3,3,8,0,4,2,4,9,6,8,10,7,11,11,11,8,0,5,3,6,5,7,4,4,8,5,8,6,2,5,2,7,6,8,2,0,10,6,4,7,11,0,0,9,0,7,8,5,8,8,9,5,0,0,2,0,2,7,7,9,7,10,11,0,10,0,0,7,7,5,10,6,10,5,5,6,10,10,3,11,3,5,6,7,0,6,11,3,4,0,7,4,6,5,10,7,0,3,11,3,0,0,4,4,9,6,10,8,5,4
2,8,8,8,8,9,11,4,0,3,11,7,7,10,6,4,11,4,11,0,7,9,6,6,10,5,7,2,2,4,5,5,2,2,6,6,8,2,10,9,4,4,9,2,5,3,5,10,7,9,11,8,0,0,0,9,2,6,4,7,6,8,5,5,9,6,9,7,3,6,3,8,7,9,3,2,11,7,5,8,0,2,2,10,2,8,9,6,9,9,10,6,2,2,3,2,3,8,8,10,8,11,0,2,11,2,2,8,8,6,11,7,11,6,6,7,11,11,4,0,4,6,7,8,2,7,0,4,5,2,8,5,7,6,11,8,2,4,0,4,2,2,5,5,10,7,11,9,6,5
3,9,9,9,9,10,0,5,2,4,0,8,8,11,7,5,0,5,0,2,8,10,7,7,11,6,8,3,3,5,6,6,3,3,7,7,9,3,11,10,5,5,10,3,6,4,6,11,8,10,0,9,2,2,2,10,3,7,5,8,7,9,6,6,10,7,10,8,4,7,4,9,8,10,4,3,0,8,6,9,2,3,3,11,3,9,10,7,10,10,11,7,3,3,4,3,4,9,9,11,9,0,2,3,0,3,3,9,9,7,0,8,0,7,7,8,0,0,5,2,5,7,8,9,3,8,2,5,6,3,9,6,8,7,0,9,3,5,2,5,3,3,6,6,11,8,0,10,7,6
4,10,10,10,10,11,2,6,3,5,2,9,9,0,8,6,2,6,2,3,9,11,8,8,0,7,9,4,4,6,7,7,4,4,8,8,10,4,0,11,6,6,11,4,7,5,7,0,9,11,2,10,3,3,3,11,4,8,6,9,8,10,7,7,11,8,11,9,5,8,5,10,9,11,5,4,2,9,7,10,3,4,4,0,4,10,11,8,11,11,0,8,4,4,5,4,5,10,10,0,10,2,3,4,2,4,4,10,10,8,2,9,2,8,8,9,2,2,6,3,6,8,9,10,4,9,3,6,7,4,10,7,9,8,2,10,4,6,3,6,4,4,7,7,0,9,2,11,8,7
5,11,11,11,11,0,3,7,4,6,3,10,10,2,9,7,3,7,3,4,10,0,9,9,2,8,10,5,5,7,8,8,5,5,9,9,11,5,2,0,7,7,0,5,8,6,8,2,10,0,3,11,4,4,4,0,5,9,7,10,9,11,8,8,0,9,0,10,6,9,6,11,10,0,6,5,3,10,8,11,4,5,5,2,5,11,0,9,0,0,2,9,5,5,6,5,6,11,11,2,11,3,4,5,3,5,5,11,11,9,3,10,3,9,9,10,3,3,7,4,7,9,10,11,5,10,4,7,8,5,11,8,10,9,3,11,5,7,4,7,5,5,8,8,2,10,3,0,9,8
6,0,0,0,0,2,4,8,5,7,4,11,11,3,10,8,4,8,4,5,11,2,10,10,3,9,11,6,6,8,9,9,6,6,10,10,0,6,3,2,8,8,2,6,9,7,9,3,11,2,4,0,5,5,5,2,6,10,8,11,10,0,9,9,2,10,2,11,7,10,7,0,11,2,7,6,4,11,9,0,5,6,6,3,6,0,2,10,2,2,3,10,6,6,7,6,7,0,0,3,0,4,5,6,4,6,6,0,0,10,4,11,4,10,10,11,4,4,8,5,8,10,11,0,6,11,5,8,9,6,0,9,11,10,4,0,6,8,5,8,6,6,9,9,3,11,4,2,10,9
7,2,2,2,2,3,5,9,6,8,5,0,0,4,11,9,5,9,5,6,0,3,11,11,4,10,0,7,7,9,10,10,7,7,11,11,2,7,4,3,9,9,3,7,10,8,10,4,0,3,5,2,6,6,6,3,7,11,9,0,11,2,10,10,3,11,3,0,8,11,8,2,0,3,8,7,5,0,10,2,6,7,7,4,7,2,3,11,3,3,4,11,7,7,8,7,8,2,2,4,2,5,6,7,5,7,7,2,2,11,5,0,5,11,11,0,5,5,9,6,9,11,0,2,7,0,6,9,10,7,2,10,0,11,5,2,7,9,6,9,7,7,10,10,4,0,5,3,11,10
8,3,3,3,3,4,6,10,7,9,6,2,2,5,0,10,6,10,6,7,2,4,0,0,5,11,2,8,8,10,11,11,8,8,0,0,3,8,5,4,10,10,4,8,11,9,11,5,2,4,6,3,7,7,7,4,8,0,10,2,0,3,11,11,4,0,4,2,9,0,9,3,2,4,9,8,6,2,11,3,7,8,8,5,8,3,4,0,4,4,5,0,8,8,9,8,9,3,3,5,3,6,7,8,6,8,8,3,3,0,6,2,6,0,0,2,6,6,10,7,10,0,2,3,8,2,7,10,11,8,3,11,2,0,6,3,8,10,7,10,8,8,11,11,5,2,6,4,0,11
9,4,4,4,4,5,7,11,8,10,7,3,3,6,2,11,7,11,7,8,3,5,2,2,6,0,3,9,9,11,0,0,9,9,2,2,4,9,6,5,11,11,5,9,0,10,0,6,3,5,7,4,8,8,8,5,9,2,11,3,2,4,0,0,5,2,5,3,10,2,10,4,3,5,10,9,7,3,0,4,8,9,9,6,9,4,5,2,5,5,6,2,9,9,10,9,10,4,4,6,4,7,8,9,7,9,9,4,4,2,7,3,7,2,2,3,7,7,11,8,11,2,3,4,9,3,8,11,0,9,4,0,3,2,7,4,9,11,8,11,9,9,0,0,6,3,7,5,2,0
10,5,5,5,5,6,8,0,9,11,8,4,4,7,3,0,8,0,8,9,4,6,3,3,7,2,4,10,10,0,2,2,10,10,3,3,5,10,7,6,0,0,6,10,2,11,2,7,4,6,8,5,9,9,9,6,10,3,0,4,3,5,2,2,6,3,6,4,11,3,11,5,4,6,11,10,8,4,2,5,9,10,10,7,10,5,6,3,6,6,7,3,10,10,11,10,11,5,5,7,5,8,9,10,8,10,10,5,5,3,8,4,8,3,3,4,8,8,0,9,0,3,4,5,10,4,9,0,2,10,5,2,4,3,8,5,10,0,9,0,10,10,2,2,7,4,8,6,3,2
11,6,6,6,6,7,9,2,10,0,9,5,5,8,4,2,9,2,9,10,5,7,4,4,8,3,5,11,11,2,3,3,11,11,4,4,6,11,8,7,2,2,7,11,3,0,3,8,5,7,9,6,10,10,10,7,11,4,2,5,4,6,3,3,7,4,7,5,0,4,0,6,5,7,0,11,9,5,3,6,10,11,11,8,11,6,7,4,7,7,8,4,11,11,0,11,0,6,6,8,6,9,10,11,9,11,11,6,6,4,9,5,9,4,4,5,9,9,2,10,2,4,5,6,11,5,10,2,3,11,6,3,5,4,9,6,11,2,10,2,11,11,3,3,8,5,9,7,4,3
0,7,7,7,7,8,10,3,11,2,10,6,6,9,5,3,10,3,10,11,6,8,5,5,9,4,6,0,0,3,4,4,0,0,5,5,7,0,9,8,3,3,8,0,4,2,4,9,6,8,10,7,11,11,11,8,0,5,3,6,5,7,4,4,8,5,8,6,2,5,2,7,6,8,2,0,10,6,4,7,11,0,0,9,0,7,8,5,8,8,9,5,0,0,2,0,2,7,7,9,7,10,11,0,10,0,0,7,7,5,10,6,10,5,5,6,10,10,3,11,3,5,6,7,0,6,11,3,4,0,7,4,6,5,10,7,0,3,11,3,0,0,4,4,9,6,10,8,5,4
2,8,8,8,8,9,11,4,0,3,11,7,7,10,6,4,11,4,11,0,7,9,6,6,10,5,7,2,2,4,5,5,2,2,6,6,8,2,10,9,4,4,9,2,5,3,5,10,7,9,11,8,0,0,0,9,2,6,4,7,6,8,5,5,9,6,9,7,3,6,3,8,7,9,3,2,11,7,5,8,0,2,2,10,2,8,9,6,9,9,10,6,2,2,3,2,3,8,8,10,8,11,0,2,11,2,2,8,8,6,11,7,11,6,6,7,11,11,4,0,4,6,7,8,2,7,0,4,5,2,8,5,7,6,11,8,2,4,0,4,2,2,5,5,10,7,11,9,6,5
3,9,9,9,9,10,0,5,2,4,0,8,8,11,7,5,0,5,0,2,8,10,7,7,11,6,8,3,3,5,6,6,3,3,7,7,9,3,11,10,5,5,10,3,6,4,6,11,8,10,0,9,2,2,2,10,3,7,5,8,7,9,6,6,10,7,10,8,4,7,4,9,8,10,4,3,0,8,6,9,2,3,3,11,3,9,10,7,10,10,11,7,3,3,4,3,4,9,9,11,9,0,2,3,0,3,3,9,9,7,0,8,0,7,7,8,0,0,5,2,5,7,8,9,3,8,2,5,6,3,9,6,8,7,0,9,3,5,2,5,3,3,6,6,11,8,0,10,7,6
4,10,10,10,10,11,2,6,3,5,2,9,9,0,8,6,2,6,2,3,9,11,8,8,0,7,9,4,4,6,7,7,4,4,8,8,10,4,0,11,6,6,11,4,7,5,7,0,9,11,2,10,3,3,3,11,4,8,6,9,8,10,7,7,11,8,11,9,5,8,5,10,9,11,5,4,2,9,7,10,3,4,4,0,4,10,11,8,11,11,0,8,4,4,5,4,5,10,10,0,10,2,3,4,2,4,4,10,10,8,2,9,2,8,8,9,2,2,6,3,6,8,9,10,4,9,3,6,7,4,10,7,9,8,2,10,4,6,3,6,4,4,7,7,0,9,2,11,8,7
5,11,11,11,11,0,3,7,4,6,3,10,10,2,9,7,3,7,3,4,10,0,9,9,2,8,10,5,5,7,8,8,5,5,9,9,11,5,2,0,7,7,0,5,8,6,8,2,10,0,3,11,4,4,4,0,5,9,7,10,9,11,8,8,0,9,0,10,6,9,6,11,10,0,6,5,3,10,8,11,4,5,5,2,5,11,0,9,0,0,2,9,5,5,6,5,6,11,11,2,11,3,4,5,3,5,5,11,11,9,3,10,3,9,9,10,3,3,7,4,7,9,10,11,5,10,4,7,8,5,11,8,10,9,3,11,5,7,4,7,5,5,8,8,2,10,3,0,9,8
6,0,0,0,0,2,4,8,5,7,4,11,11,3,10,8,4,8,4,5,11,2,10,10,3,9,11,6,6,8,9,9,6,6,10,10,0,6,3,2,8,8,2,6,9,7,9,3,11,2,4,0,5,5,5,2,6,10,8,11,10,0,9,9,2,10,2,11,7,10,7,0,11,2,7,6,4,11,9,0,5,6,6,3,6,0,2,10,2,2,3,10,6,6,7,6,7,0,0,3,0,4,5,6,4,6,6,0,0,10,4,11,4,10,10,11,4,4,8,5,8,10,11,0,6,11,5,8,9,6,0,9,11,10,4,0,6,8,5,8,6,6,9,9,3,11,4,2,10,9
7,2,2,2,2,3,5,9,6,8,5,0,0,4,11,9,5,9,5,6,0,3,11,11,4,10,0,7,7,9,10,10,7,7,11,11,2,7,4,3,9,9,3,7,10,8,10,4,0,3,5,2,6,6,6,3,7,11,9,0,11,2,10,10,3,11,3,0,8,11,8,2,0,3,8,7,5,0,10,2,6,7,7,4,7,2,3,11,3,3,4,11,7,7,8,7,8,2,2,4,2,5,6,7,5,7,7,2,2,11,5,0,5,11,11,0,5,5,9,6,9,11,0,2,7,0,6,9,10,7,2,10,0,11,5,2,7,9,6,9,7,7,10,10,4,0,5,3,11,10
8,3,3,3,3,4,6,10,7,9,6,2,2,5,0,10,6,10,6,7,2,4,0,0,5,11,2,8,8,10,11,11,8,8,0,0,3,8,5,4,10,10,4,8,11,9,11,5,2,4,6,3,7,7,7,4,8,0,10,2,0,3,11,11,4,0,4,2,9,0,9,3,2,4,9,8,6,2,11,3,7,8,8,5,8,3,4,0,4,4,5,0,8,8,9,8,9,3,3,5,3,6,7,8,6,8,8,3,3,0,6,2,6,0,0,2,6,6,10,7,10,0,2,3,8,2,7,10,11,8,3,11,2,0,6,3,8,10,7,10,8,8,11,11,5,2,6,4,0,11
9,4,4,4,4,5,7,11,8,10,7,3,3,6,2,11,7,11,7,8,3,5,2,2,6,0,3,9,9,11,0,0,9,9,2,2,4,9,6,5,11,11,5,9,0,10,0,6,3,5,7,4,8,8,8,5,9,2,11,3,2,4,0,0,5,2,5,3,10,2,10,4,3,5,10,9,7,3,0,4,8,9,9,6,9,4,5,2,5,5,6,2,9,9,10,9,10,4,4,6,4,7,8,9,7,9,9,4,4,2,7,3,7,2,2,3,7,7,11,8,11,2,3,4,9,3,8,11,0,9,4,0,3,2,7,4,9,11,8,11,9,9,0,0,6,3,7,5,2,0
10,5,5,5,5,6,8,0,9,11,8,4,4,7,3,0,8,0,8,9,4,6,3,3,7,2,4,10,10,0,2,2,10,10,3,3,5,10,7,6,0,0,6,10,2,11,2,7,4,6,8,5,9,9,9,6,10,3,0,4,3,5,2,2,6,3,6,4,11,3,11,5,4,6,11,10,8,4,2,5,9,10,10,7,10,5,6,3,6,6,7,3,10,10,11,10,11,5,5,7,5,8,9,10,8,10,10,5,5,3,8,4,8,3,3,4,8,8,0,9,0,3,4,5,10,4,9,0,2,10,5,2,4,3,8,5,10,0,9,0,10,10,2,2,7,4,8,6,3,2
11,6,6,6,6,7,9,2,10,0,9,5,5,8,4,2,9,2,9,10,5,7,4,4,8,3,5,11,11,2,3,3,11,11,4,4,6,11,8,7,2,2,7,11,3,0,3,8,5,7,9,6,10,10,10,7,11,4,2,5,4,6,3,3,7,4,7,5,0,4,0,6,5,7,0,11,9,5,3,6,10,11,11,8,11,6,7,4,7,7,8,4,11,11,0,11,0,6,6,8,6,9,10,11,9,11,11,6,6,4,9,5,9,4,4,5,9,9,2,10,2,4,5,6,11,5,10,2,3,11,6,3,5,4,9,6,11,2,10,2,11,11,3,3,8,5,9,7,4,3
0,7,7,7,7,8,10,3,11,2,10,6,6,9,5,3,10,3,10,11,6,8,5,5,9,4,6,0,0,3,4,4,0,0,5,5,7,0,9,8,3,3,8,0,4,2,4,9,6,8,10,7,11,11,11,8,0,5,3,6,5,7,4,4,8,5,8,6,2,5,2,7,6,8,2,0,10,6,4,7,11,0,0,9,0,7,8,5,8,8,9,5,0,0,2,0,2,7,7,9,7,10,11,0,10,0,0,7,7,5,10,6,10,5,5,6,10,10,3,11,3,5,6,7,0,6,11,3,4,0,7,4,6,5,10,7,0,3,11,3,0,0,4,4,9,6,10,8,5,4
2,8,8,8,8,9,11,4,0,3,11,7,7,10,6,4,11,4,11,0,7,9,6,6,10,5,7,2,2,4,5,5,2,2,6,6,8,2,10,9,4,4,9,2,5,3,5,10,7,9,11,8,0,0,0,9,2,6,4,7,6,8,5,5,9,6,9,7,3,6,3,8,7,9,3,2,11,7,5,8,0,2,2,10,2,8,9,6,9,9,10,6,2,2,3,2,3,8,8,10,8,11,0,2,11,2,2,8,8,6,11,7,11,6,6,7,11,11,4,0,4,6,7,8,2,7,0,4,5,2,8,5,7,6,11,8,2,4,0,4,2,2,5,5,10,7,11,9,6,5
3,9,9,9,9,10,0,5,2,4,0,8,8,11,7,5,0,5,0,2,8,10,7,7,11,6,8,3,3,5,6,6,3,3,7,7,9,3,11,10,5,5,10,3,6,4,6,11,8,10,0,9,2,2,2,10,3,7,5,8,7,9,6,6,10,7,10,8,4,7,4,9,8,10,4,3,0,8,6,9,2,3,3,11,3,9,10,7,10,10,11,7,3,3,4,3,4,9,9,11,9,0,2,3,0,3,3,9,9,7,0,8,0,7,7,8,0,0,5,2,5,7,8,9,3,8,2,5,6,3,9,6,8,7,0,9,3,5,2,5,3,3,6,6,11,8,0,10,7,6
4,10,10,10,10,11,2,6,3,5,2,9,9,0,8,6,2,6,2,3,9,11,8,8,0,7,9,4,4,6,7,7,4,4,8,8,10,4,0,11,6,6,11,4,7,5,7,0,9,11,2,10,3,3,3,11,4,8,6,9,8,10,7,7,11,8,11,9,5,8,5,10,9,11,5,4,2,9,7,10,3,4,4,0,4,10,11,8,11,11,0,8,4,4,5,4,5,10,10,0,10,2,3,4,2,4,4,10,10,8,2,9,2,8,8,9,2,2,6,3,6,8,9,10,4,9,3,6,7,4,10,7,9,8,2,10,4,6,3,6,4,4,7,7,0,9,2,11,8,7
5,11,11,11,11,0,3,7,4,6,3,10,10,2,9,7,3,7,3,4,10,0,9,9,2,8,10,5,5,7,8,8,5,5,9,9,11,5,2,0,7,7,0,5,8,6,8,2,10,0,3,11,4,4,4,0,5,9,7,10,9,11,8,8,0,9,0,10,6,9,6,11,10,0,6,5,3,10,8,11,4,5,5,2,5,11,0,9,0,0,2,9,5,5,6,5,6,11,11,2,11,3,4,5,3,5,5,11,11,9,3,10,3,9,9,10,3,3,7,4,7,9,10,11,5,10,4,7,8,5,11,8,10,9,3,11,5,7,4,7,5,5,8,8,2,10,3,0,9,8
6,0,0,0,0,2,4,8,5,7,4,11,11,3,10,8,4,8,4,5,11,2,10,10,3,9,11,6,6,8,9,9,6,6,10,10,0,6,3,2,8,8,2,6,9,7,9,3,11,2,4,0,5,5,5,2,6,10,8,11,10,0,9,9,2,10,2,11,7,10,7,0,11,2,7,6,4,11,9,0,5,6,6,3,6,0,2,10,2,2,3,10,6,6,7,6,7,0,0,3,0,4,5,6,4,6,6,0,0,10,4,11,4,10,10,11,4,4,8,5,8,10,11,0,6,11,5,8,9,6,0,9,11,10,4,0,6,8,5,8,6,6,9,9,3,11,4,2,10,9
7,2,2,2,2,3,5,9,6,8,5,0,0,4,11,9,5,9,5,6,0,3,11,11,4,10,0,7,7,9,10,10,7,7,11,11,2,7,4,3,9,9,3,7,10,8,10,4,0,3,5,2,6,6,6,3,7,11,9,0,11,2,10,10,3,11,3,0,8,11,8,2,0,3,8,7,5,0,10,2,6,7,7,4,7,2,3,11,3,3,4,11,7,7,8,7,8,2,2,4,2,5,6,7,5,7,7,2,2,11,5,0,5,11,11,0,5,5,9,6,9,11,0,2,7,0,6,9,10,7,2,10,0,11,5,2,7,9,6,9,7,7,10,10,4,0,5,3,11,10
8,3,3,3,3,4,6,10,7,9,6,2,2,5,0,10,6,10,6,7,2,4,0,0,5,11,2,8,8,10,11,11,8,8,0,0,3,8,5,4,10,10,4,8,11,9,11,5,2,4,6,3,7,7,7,4,8,0,10,2,0,3,11,11,4,0,4,2,9,0,9,3,2,4,9,8,6,2,11,3,7,8,8,5,8,3,4,0,4,4,5,0,8,8,9,8,9,3,3,5,3,6,7,8,6,8,8,3,3,0,6,2,6,0,0,2,6,6,10,7,10,0,2,3,8,2,7,10,11,8,3,11,2,0,6,3,8,10,7,10,8,8,11,11,5,2,6,4,0,11
9,4,4,4,4,5,7,11,8,10,7,3,3,6,2,11,7,11,7,8,3,5,2,2,6,0,3,9,9,11,0,0,9,9,2,2,4,9,6,5,11,11,5,9,0,10,0,6,3,5,7,4,8,8,8,5,9,2,11,3,2,4,0,0,5,2,5,3,10,2,10,4,3,5,10,9,7,3,0,4,8,9,9,6,9,4,5,2,5,5,6,2,9,9,10,9,10,4,4,6,4,7,8,9,7,9,9,4,4,2,7,3,7,2,2,3,7,7,11,8,11,2,3,4,9,3,8,11,0,9,4,0,3,2,7,4,9,11,8,11,9,9,0,0,6,3,7,5,2,0
10,5,5,5,5,6,8,0,9,11,8,4,4,7,3,0,8,0,8,9,4,6,3,3,7,2,4,10,10,0,2,2,10,10,3,3,5,10,7,6,0,0,6,10,2,11,2,7,4,6,8,5,9,9,9,6,10,3,0,4,3,5,2,2,6,3,6,4,11,3,11,5,4,6,11,10,8,4,2,5,9,10,10,7,10,5,6,3,6,6,7,3,10,10,11,10,11,5,5,7,5,8,9,10,8,10,10,5,5,3,8,4,8,3,3,4,8,8,0,9,0,3,4,5,10,4,9,0,2,10,5,2,4,3,8,5,10,0,9,0,10,10,2,2,7,4,8,6,3,2
11,6,6,6,6,7,9,2,10,0,9,5,5,8,4,2,9,2,9,10,5,7,4,4,8,3,5,11,11,2,3,3,11,11,4,4,6,11,8,7,2,2,7,11,3,0,3,8,5,7,9,6,10,10,10,7,11,4,2,5,4,6,3,3,7,4,7,5,0,4,0,6,5,7,0,11,9,5,3,6,10,11,11,8,11,6,7,4,7,7,8,4,11,11,0,11,0,6,6,8,6,9,10,11,9,11,11,6,6,4,9,5,9,4,4,5,9,9,2,10,2,4,5,6,11,5,10,2,3,11,6,3,5,4,9,6,11,2,10,2,11,11,3,3,8,5,9,7,4,3
0,7,7,7,7,8,10,3,11,2,10,6,6,9,5,3,10,3,10,11,6,8,5,5,9,4,6,0,0,3,4,4,0,0,5,5,7,0,9,8,3,3,8,0,4,2,4,9,6,8,10,7,11,11,11,8,0,5,3,6,5,7,4,4,8,5,8,6,2,5,2,7,6,8,2,0,10,6,4,7,11,0,0,9,0,7,8,5,8,8,9,5,0,0,2,0,2,7,7,9,7,10,11,0,10,0,0,7,7,5,10,6,10,5,5,6,10,10,3,11,3,5,6,7,0,6,11,3,4,0,7,4,6,5,10,7,0,3,11,3,0,0,4,4,9,6,10,8,5,4
2,8,8,8,8,9,11,4,0,3,11,7,7,10,6,4,11,4,11,0,7,9,6,6,10,5,7,2,2,4,5,5,2,2,6,6,8,2,10,9,4,4,9,2,5,3,5,10,7,9,11,8,0,0,0,9,2,6,4,7,6,8,5,5,9,6,9,7,3,6,3,8,7,9,3,2,11,7,5,8,0,2,2,10,2,8,9,6,9,9,10,6,2,2,3,2,3,8,8,10,8,11,0,2,11,2,2,8,8,6,11,7,11,6,6,7,11,11,4,0,4,6,7,8,2,7,0,4,5,2,8,5,7,6,11,8,2,4,0,4,2,2,5,5,10,7,11,9,6,5
3,9,9,9,9,10,0,5,2,4,0,8,8,11,7,5,0,5,0,2,8,10,7,7,11,6,8,3,3,5,6,6,3,3,7,7,9,3,11,10,5,5,10,3,6,4,6,11,8,10,0,9,2,2,2,10,3,7,5,8,7,9,6,6,10,7,10,8,4,7,4,9,8,10,4,3,0,8,6,9,2,3,3,11,3,9,10,7,10,10,11,7,3,3,4,3,4,9,9,11,9,0,2,3,0,3,3,9,9,7,0,8,0,7,7,8,0,0,5,2,5,7,8,9,3,8,2,5,6,3,9,6,8,7,0,9,3,5,2,5,3,3,6,6,11,8,0,10,7,6
4,10,10,10,10,11,2,6,3,5,2,9,9,0,8,6,2,6,2,3,9,11,8,8,0,7,9,4,4,6,7,7,4,4,8,8,10,4,0,11,6,6,11,4,7,5,7,0,9,11,2,10,3,3,3,11,4,8,6,9,8,10,7,7,11,8,11,9,5,8,5,10,9,11,5,4,2,9,7,10,3,4,4,0,4,10,11,8,11,11,0,8,4,4,5,4,5,10,10,0,10,2,3,4,2,4,4,10,10,8,2,9,2,8,8,9,2,2,6,3,6,8,9,10,4,9,3,6,7,4,10,7,9,8,2,10,4,6,3,6,4,4,7,7,0,9,2,11,8,7
5,11,11,11,11,0,3,7,4,6,3,10,10,2,9,7,3,7,3,4,10,0,9,9,2,8,10,5,5,7,8,8,5,5,9,9,11,5,2,0,7,7,0,5,8,6,8,2,10,0,3,11,4,4,4,0,5,9,7,10,9,11,8,8,0,9,0,10,6,9,6,11,10,0,6,5,3,10,8,11,4,5,5,2,5,11,0,9,0,0,2,9,5,5,6,5,6,11,11,2,11,3,4,5,3,5,5,11,11,9,3,10,3,9,9,10,3,3,7,4,7,9,10,11,5,10,4,7,8,5,11,8,10,9,3,11,5,7,4,7,5,5,8,8,2,10,3,0,9,8
6,0,0,0,0,2,4,8,5,7,4,11,11,3,10,8,4,8,4,5,11,2,10,10,3,9,11,6,6,8,9,9,6,6,10,10,0,6,3,2,8,8,2,6,9,7,9,3,11,2,4,0,5,5,5,2,6,10,8,11,10,0,9,9,2,10,2,11,7,10,7,0,11,2,7,6,4,11,9,0,5,6,6,3,6,0,2,10,2,2,3,10,6,6,7,6,7,0,0,3,0,4,5,6,4,6,6,0,0,10,4,11,4,10,10,11,4,4,8,5,8,10,11,0,6,11,5,8,9,6,0,9,11,10,4,0,6,8,5,8,6,6,9,9,3,11,4,2,10,9
7,2,2,2,2,3,5,9,6,8,5,0,0,4,11,9,5,9,5,6,0,3,11,11,4,10,0,7,7,9,10,10,7,7,11,11,2,7,4,3,9,9,3,7,10,8,10,4,0,3,5,2,6,6,6,3,7,11,9,0,11,2,10,10,3,11,3,0,8,11,8,2,0,3,8,7,5,0,10,2,6,7,7,4,7,2,3,11,3,3,4,11,7,7,8,7,8,2,2,4,2,5,6,7,5,7,7,2,2,11,5,0,5,11,11,0,5,5,9,6,9,11,0,2,7,0,6,9,10,7,2,10,0,11,5,2,7,9,6,9,7,7,10,10,4,0,5,3,11,10
8,3,3,3,3,4,6,10,7,9,6,2,2,5,0,10,6,10,6,7,2,4,0,0,5,11,2,8,8,10,11,11,8,8,0,0,3,8,5,4,10,10,4,8,11,9,11,5,2,4,6,3,7,7,7,4,8,0,10,2,0,3,11,11,4,0,4,2,9,0,9,3,2,4,9,8,6,2,11,3,7,8,8,5,8,3,4,0,4,4,5,0,8,8,9,8,9,3,3,5,3,6,7,8,6,8,8,3,3,0,6,2,6,0,0,2,6,6,10,7,10,0,2,3,8,2,7,10,11,8,3,11,2,0,6,3,8,10,7,10,8,8,11,11,5,2,6,4,0,11
9,4,4,4,4,5,7,11,8,10,7,3,3,6,2,11,7,11,7,8,3,5,2,2,6,0,3,9,9,11,0,0,9,9,2,2,4,9,6,5,11,11,5,9,0,10,0,6,3,5,7,4,8,8,8,5,9,2,11,3,2,4,0,0,5,2,5,3,10,2,10,4,3,5,10,9,7,3,0,4,8,9,9,6,9,4,5,2,5,5,6,2,9,9,10,9,10,4,4,6,4,7,8,9,7,9,9,4,4,2,7,3,7,2,2,3,7,7,11,8,11,2,3,4,9,3,8,11,0,9,4,0,3,2,7,4,9,11,8,11,9,9,0,0,6,3,7,5,2,0
10,5,5,5,5,6,8,0,9,11,8,4,4,7,3,0,8,0,8,9,4,6,3,3,7,2,4,10,10,0,2,2,10,10,3,3,5,10,7,6,0,0,6,10,2,11,2,7,4,6,8,5,9,9,9,6,10,3,0,4,3,5,2,2,6,3,6,4,11,3,11,5,4,6,11,10,8,4,2,5,9,10,10,7,10,5,6,3,6,6,7,3,10,10,11,10,11,5,5,7,5,8,9,10,8,10,10,5,5,3,8,4,8,3,3,4,8,8,0,9,0,3,4,5,10,4,9,0,2,10,5,2,4,3,8,5,10,0,9,0,10,10,2,2,7,4,8,6,3,2
11,6,6,6,6,7,9,2,10,0,9,5,5,8,4,2,9,2,9,10,5,7,4,4,8,3,5,11,11,2,3,3,11,11,4,4,6,11,8,7,2,2,7,11,3,0,3,8,5,7,9,6,10,10,10,7,11,4,2,5,4,6,3,3,7,4,7,5,0,4,0,6,5,7,0,11,9,5,3,6,10,11,11,8,11,6,7,4,7,7,8,4,11,11,0,11,0,6,6,8,6,9,10,11,9,11,11,6,6,4,9,5,9,4,4,5,9,9,2,10,2,4,5,6,11,5,10,2,3,11,6,3,5,4,9,6,11,2,10,2,11,11,3,3,8,5,9,7,4,3
0,7,7,7,7,8,10,3,11,2,10,6,6,9,5,3,10,3,10,11,6,8,5,5,9,4,6,0,0,3,4,4,0,0,5,5,7,0,9,8,3,3,8,0,4,2,4,9,6,8,10,7,11,11,11,8,0,5,3,6,5,7,4,4,8,5,8,6,2,5,2,7,6,8,2,0,10,6,4,7,11,0,0,9,0,7,8,5,8,8,9,5,0,0,2,0,2,7,7,9,7,10,11,0,10,0,0,7,7,5,10,6,10,5,5,6,10,10,3,11,3,5,6,7,0,6,11,3,4,0,7,4,6,5,10,7,0,3,11,3,0,0,4,4,9,6,10,8,5,4
2,8,8,8,8,9,11,4,0,3,11,7,7,10,6,4,11,4,11,0,7,9,6,6,10,5,7,2,2,4,5,5,2,2,6,6,8,2,10,9,4,4,9,2,5,3,5,10,7,9,11,8,0,0,0,9,2,6,4,7,6,8,5,5,9,6,9,7,3,6,3,8,7,9,3,2,11,7,5,8,0,2,2,10,2,8,9,6,9,9,10,6,2,2,3,2,3,8,8,10,8,11,0,2,11,2,2,8,8,6,11,7,11,6,6,7,11,11,4,0,4,6,7,8,2,7,0,4,5,2,8,5,7,6,11,8,2,4,0,4,2,2,5,5,10,7,11,9,6,5
3,9,9,9,9,10,0,5,2,4,0,8,8,11,7,5,0,5,0,2,8,10,7,7,11,6,8,3,3,5,6,6,3,3,7,7,9,3,11,10,5,5,10,3,6,4,6,11,8,10,0,9,2,2,2,10,3,7,5,8,7,9,6,6,10,7,10,8,4,7,4,9,8,10,4,3,0,8,6,9,2,3,3,11,3,9,10,7,10,10,11,7,3,3,4,3,4,9,9,11,9,0,2,3,0,3,3,9,9,7,0,8,0,7,7,8,0,0,5,2,5,7,8,9,3,8,2,5,6,3,9,6,8,7,0,9,3,5,2,5,3,3,6,6,11,8,0,10,7,6
4,10,10,10,10,11,2,6,3,5,2,9,9,0,8,6,2,6,2,3,9,11,8,8,0,7,9,4,4,6,7,7,4,4,8,8,10,4,0,11,6,6,11,4,7,5,7,0,9,11,2,10,3,3,3,11,4,8,6,9,8,10,7,7,11,8,11,9,5,8,5,10,9,11,5,4,2,9,7,10,3,4,4,0,4,10,11,8,11,11,0,8,4,4,5,4,5,10,10,0,10,2,3,4,2,4,4,10,10,8,2,9,2,8,8,9,2,2,6,3,6,8,9,10,4,9,3,6,7,4,10,7,9,8,2,10,4,6,3,6,4,4,7,7,0,9,2,11,8,7
5,11,11,11,11,0,3,7,4,6,3,10,10,2,9,7,3,7,3,4,10,0,9,9,2,8,10,5,5,7,8,8,5,5,9,9,11,5,2,0,7,7,0,5,8,6,8,2,10,0,3,11,4,4,4,0,5,9,7,10,9,11,8,8,0,9,0,10,6,9,6,11,10,0,6,5,3,10,8,11,4,5,5,2,5,11,0,9,0,0,2,9,5,5,6,5,6,11,11,2,11,3,4,5,3,5,5,11,11,9,3,10,3,9,9,10,3,3,7,4,7,9,10,11,5,10,4,7,8,5,11,8,10,9,3,11,5,7,4,7,5,5,8,8,2,10,3,0,9,8
6,0,0,0,0,2,4,8,5,7,4,11,11,3,10,8,4,8,4,5,11,2,10,10,3,9,11,6,6,8,9,9,6,6,10,10,0,6,3,2,8,8,2,6,9,7,9,3,11,2,4,0,5,5,5,2,6,10,8,11,10,0,9,9,2,10,2,11,7,10,7,0,11,2,7,6,4,11,9,0,5,6,6,3,6,0,2,10,2,2,3,10,6,6,7,6,7,0,0,3,0,4,5,6,4,6,6,0,0,10,4,11,4,10,10,11,4,4,8,5,8,10,11,0,6,11,5,8,9,6,0,9,11,10,4,0,6,8,5,8,6,6,9,9,3,11,4,2,10,9
7,2,2,2,2,3,5,9,6,8,5,0,0,4,11,9,5,9,5,6,0,3,11,11,4,10,0,7,7,9,10,10,7,7,11,11,2,7,4,3,9,9,3,7,10,8,10,4,0,3,5,2,6,6,6,3,7,11,9,0,11,2,10,10,3,11,3,0,8,11,8,2,0,3,8,7,5,0,10,2,6,7,7,4,7,2,3,11,3,3,4,11,7,7,8,7,8,2,2,4,2,5,6,7,5,7,7,2,2,11,5,0,5,11,11,0,5,5,9,6,9,11,0,2,7,0,6,9,10,7,2,10,0,11,5,2,7,9,6,9,7,7,10,10,4,0,5,3,11,10
8,3,3,3,3,4,6,10,7,9,6,2,2,5,0,10,6,10,6,7,2,4,0,0,5,11,2,8,8,10,11,11,8,8,0,0,3,8,5,4,10,10,4,8,11,9,11,5,2,4,6,3,7,7,7,4,8,0,10,2,0,3,11,11,4,0,4,2,9,0,9,3,2,4,9,8,6,2,11,3,7,8,8,5,8,3,4,0,4,4,5,0,8,8,9,8,9,3,3,5,3,6,7,8,6,8,8,3,3,0,6,2,6,0,0,2,6,6,10,7,10,0,2,3,8,2,7,10,11,8,3,11,2,0,6,3,8,10,7,10,8,8,11,11,5,2,6,4,0,11
9,4,4,4,4,5,7,11,8,10,7,3,3,6,2,11,7,11,7,8,3,5,2,2,6,0,3,9,9,11,0,0,9,9,2,2,4,9,6,5,11,11,5,9,0,10,0,6,3,5,7,4,8,8,8,5,9,2,11,3,2,4,0,0,5,2,5,3,10,2,10,4,3,5,10,9,7,3,0,4,8,9,9,6,9,4,5,2,5,5,6,2,9,9,10,9,10,4,4,6,4,7,8,9,7,9,9,4,4,2,7,3,7,2,2,3,7,7,11,8,11,2,3,4,9,3,8,11,0,9,4,0,3,2,7,4,9,11,8,11,9,9,0,0,6,3,7,5,2,0
10,5,5,5,5,6,8,0,9,11,8,4,4,7,3,0,8,0,8,9,4,6,3,3,7,2,4,10,10,0,2,2,10,10,3,3,5,10,7,6,0,0,6,10,2,11,2,7,4,6,8,5,9,9,9,6,10,3,0,4,3,5,2,2,6,3,6,4,11,3,11,5,4,6,11,10,8,4,2,5,9,10,10,7,10,5,6,3,6,6,7,3,10,10,11,10,11,5,5,7,5,8,9,10,8,10,10,5,5,3,8,4,8,3,3,4,8,8,0,9,0,3,4,5,10,4,9,0,2,10,5,2,4,3,8,5,10,0,9,0,10,10,2,2,7,4,8,6,3,2
11,6,6,6,6,7,9,2,10,0,9,5,5,8,4,2,9,2,9,10,5,7,4,4,8,3,5,11,11,2,3,3,11,11,4,4,6,11,8,7,2,2,7,11,3,0,3,8,5,7,9,6,10,10,10,7,11,4,2,5,4,6,3,3,7,4,7,5,0,4,0,6,5,7,0,11,9,5,3,6,10,11,11,8,11,6,7,4,7,7,8,4,11,11,0,11,0,6,6,8,6,9,10,11,9,11,11,6,6,4,9,5,9,4,4,5,9,9,2,10,2,4,5,6,11,5,10,2,3,11,6,3,5,4,9,6,11,2,10,2,11,11,3,3,8,5,9,7,4,3
0,7,7,7,7,8,10,3,11,2,10,6,6,9,5,3,10,3,10,11,6,8,5,5,9,4,6,0,0,3,4,4,0,0,5,5,7,0,9,8,3,3,8,0,4,2,4,9,6,8,10,7,11,11,11,8,0,5,3,6,5,7,4,4,8,5,8,6,2,5,2,7,6,8,2,0,10,6,4,7,11,0,0,9,0,7,8,5,8,8,9,5,0,0,2,0,2,7,7,9,7,10,11,0,10,0,0,7,7,5,10,6,10,5,5,6,10,10,3,11,3,5,6,7,0,6,11,3,4,0,7,4,6,5,10,7,0,3,11,3,0,0,4,4,9,6,10,8,5,4
2,8,8,8,8,9,11,4,0,3,11,7,7,10,6,4,11,4,11,0,7,9,6,6,10,5,7,2,2,4,5,5,2,2,6,6,8,2,10,9,4,4,9,2,5,3,5,10,7,9,11,8,0,0,0,9,2,6,4,7,6,8,5,5,9,6,9,7,3,6,3,8,7,9,3,2,11,7,5,8,0,2,2,10,2,8,9,6,9,9,10,6,2,2,3,2,3,8,8,10,8,11,0,2,11,2,2,8,8,6,11,7,11,6,6,7,11,11,4,0,4,6,7,8,2,7,0,4,5,2,8,5,7,6,11,8,2,4,0,4,2,2,5,5,10,7,11,9,6,5
3,9,9,9,9,10,0,5,2,4,0,8,8,11,7,5,0,5,0,2,8,10,7,7,11,6,8,3,3,5,6,6,3,3,7,7,9,3,11,10,5,5,10,3,6,4,6,11,8,10,0,9,2,2,2,10,3,7,5,8,7,9,6,6,10,7,10,8,4,7,4,9,8,10,4,3,0,8,6,9,2,3,3,11,3,9,10,7,10,10,11,7,3,3,4,3,4,9,9,11,9,0,2,3,0,3,3,9,9,7,0,8,0,7,7,8,0,0,5,2,5,7,8,9,3,8,2,5,6,3,9,6,8,7,0,9,3,5,2,5,3,3,6,6,11,8,0,10,7,6
4,10,10,10,10,11,2,6,3,5,2,9,9,0,8,6,2,6,2,3,9,11,8,8,0,7,9,4,4,6,7,7,4,4,8,8,10,4,0,11,6,6,11,4,7,5,7,0,9,11,2,10,3,3,3,11,4,8,6,9,8,10,7,7,11,8,11,9,5,8,5,10,9,11,5,4,2,9,7,10,3,4,4,0,4,10,11,8,11,11,0,8,4,4,5,4,5,10,10,0,10,2,3,4,2,4,4,10,10,8,2,9,2,8,8,9,2,2,6,3,6,8,9,10,4,9,3,6,7,4,10,7,9,8,2,10,4,6,3,6,4,4,7,7,0,9,2,11,8,7
5,11,11,11,11,0,3,7,4,6,3,10,10,2,9,7,3,7,3,4,10,0,9,9,2,8,10,5,5,7,8,8,5,5,9,9,11,5,2,0,7,7,0,5,8,6,8,2,10,0,3,11,4,4,4,0,5,9,7,10,9,11,8,8,0,9,0,10,6,9,6,11,10,0,6,5,3,10,8,11,4,5,5,2,5,11,0,9,0,0,2,9,5,5,6,5,6,11,11,2,11,3,4,5,3,5,5,11,11,9,3,10,3,9,9,10,3,3,7,4,7,9,10,11,5,10,4,7,8,5,11,8,10,9,3,11,5,7,4,7,5,5,8,8,2,10,3,0,9,8
6,0,0,0,0,2,4,8,5,7,4,11,11,3,10,8,4,8,4,5,11,2,10,10,3,9,11,6,6,8,9,9,6,6,10,10,0,6,3,2,8,8,2,6,9,7,9,3,11,2,4,0,5,5,5,2,6,10,8,11,10,0,9,9,2,10,2,11,7,10,7,0,11,2,7,6,4,11,9,0,5,6,6,3,6,0,2,10,2,2,3,10,6,6,7,6,7,0,0,3,0,4,5,6,4,6,6,0,0,10,4,11,4,10,10,11,4,4,8,5,8,10,11,0,6,11,5,8,9,6,0,9,11,10,4,0,6,8,5,8,6,6,9,9,3,11,4,2,10,9
7,2,2,2,2,3,5,9,6,8,5,0,0,4,11,9,5,9,5,6,0,3,11,11,4,10,0,7,7,9,10,10,7,7,11,11,2,7,4,3,9,9,3,7,10,8,10,4,0,3,5,2,6,6,6,3,7,11,9,0,11,2,10,10,3,11,3,0,8,11,8,2,0,3,8,7,5,0,10,2,6,7,7,4,7,2,3,11,3,3,4,11,7,7,8,7,8,2,2,4,2,5,6,7,5,7,7,2,2,11,5,0,5,11,11,0,5,5,9,6,9,11,0,2,7,0,6,9,10,7,2,10,0,11,5,2,7,9,6,9,7,7,10,10,4,0,5,3,11,10
8,3,3,3,3,4,6,10,7,9,6,2,2,5,0,10,6,10,6,7,2,4,0,0,5,11,2,8,8,10,11,11,8,8,0,0,3,8,5,4,10,10,4,8,11,9,11,5,2,4,6,3,7,7,7,4,8,0,10,2,0,3,11,11,4,0,4,2,9,0,9,3,2,4,9,8,6,2,11,3,7,8,8,5,8,3,4,0,4,4,5,0,8,8,9,8,9,3,3,5,3,6,7,8,6,8,8,3,3,0,6,2,6,0,0,2,6,6,10,7,10,0,2,3,8,2,7,10,11,8,3,11,2,0,6,3,8,10,7,10,8,8,11,11,5,2,6,4,0,11
9,4,4,4,4,5,7,11,8,10,7,3,3,6,2,11,7,11,7,8,3,5,2,2,6,0,3,9,9,11,0,0,9,9,2,2,4,9,6,5,11,11,5,9,0,10,0,6,3,5,7,4,8,8,8,5,9,2,11,3,2,4,0,0,5,2,5,3,10,2,10,4,3,5,10,9,7,3,0,4,8,9,9,6,9,4,5,2,5,5,6,2,9,9,10,9,10,4,4,6,4,7,8,9,7,9,9,4,4,2,7,3,7,2,2,3,7,7,11,8,11,2,3,4,9,3,8,11,0,9,4,0,3,2,7,4,9,11,8,11,9,9,0,0,6,3,7,5,2,0
10,5,5,5,5,6,8,0,9,11,8,4,4,7,3,0,8,0,8,9,4,6,3,3,7,2,4,10,10,0,2,2,10,10,3,3,5,10,7,6,0,0,6,10,2,11,2,7,4,6,8,5,9,9,9,6,10,3,0,4,3,5,2,2,6,3,6,4,11,3,11,5,4,6,11,10,8,4,2,5,9,10,10,7,10,5,6,3,6,6,7,3,10,10,11,10,11,5,5,7,5,8,9,10,8,10,10,5,5,3,8,4,8,3,3,4,8,8,0,9,0,3,4,5,10,4,9,0,2,10,5,2,4,3,8,5,10,0,9,0,10,10,2,2,7,4,8,6,3,2
11,6,6,6,6,7,9,2,10,0,9,5,5,8,4,2,9,2,9,10,5,7,4,4,8,3,5,11,11,2,3,3,11,11,4,4,6,11,8,7,2,2,7,11,3,0,3,8,5,7,9,6,10,10,10,7,11,4,2,5,4,6,3,3,7,4,7,5,0,4,0,6,5,7,0,11,9,5,3,6,10,11,11,8,11,6,7,4,7,7,8,4,11,11,0,11,0,6,6,8,6,9,10,11,9,11,11,6,6,4,9,5,9,4,4,5,9,9,2,10,2,4,5,6,11,5,10,2,3,11,6,3,5,4,9,6,11,2,10,2,11,11,3,3,8,5,9,7,4,3
0,7,7,7,7,8,10,3,11,2,10,6,6,9,5,3,10,3,10,11,6,8,5,5,9,4,6,0,0,3,4,4,0,0,5,5,7,0,9,8,3,3,8,0,4,2,4,9,6,8,10,7,11,11,11,8,0,5,3,6,5,7,4,4,8,5,8,6,2,5,2,7,6,8,2,0,10,6,4,7,11,0,0,9,0,7,8,5,8,8,9,5,0,0,2,0,2,7,7,9,7,10,11,0,10,0,0,7,7,5,10,6,10,5,5,6,10,10,3,11,3,5,6,7,0,6,11,3,4,0,7,4,6,5,10,7,0,3,11,3,0,0,4,4,9,6,10,8,5,4
2,8,8,8,8,9,11,4,0,3,11,7,7,10,6,4,11,4,11,0,7,9,6,6,10,5,7,2,2,4,5,5,2,2,6,6,8,2,10,9,4,4,9,2,5,3,5,10,7,9,11,8,0,0,0,9,2,6,4,7,6,8,5,5,9,6,9,7,3,6,3,8,7,9,3,2,11,7,5,8,0,2,2,10,2,8,9,6,9,9,10,6,2,2,3,2,3,8,8,10,8,11,0,2,11,2,2,8,8,6,11,7,11,6,6,7,11,11,4,0,4,6,7,8,2,7,0,4,5,2,8,5,7,6,11,8,2,4,0,4,2,2,5,5,10,7,11,9,6,5
3,9,9,9,9,10,0,5,2,4,0,8,8,11,7,5,0,5,0,2,8,10,7,7,11,6,8,3,3,5,6,6,3,3,7,7,9,3,11,10,5,5,10,3,6,4,6,11,8,10,0,9,2,2,2,10,3,7,5,8,7,9,6,6,10,7,10,8,4,7,4,9,8,10,4,3,0,8,6,9,2,3,3,11,3,9,10,7,10,10,11,7,3,3,4,3,4,9,9,11,9,0,2,3,0,3,3,9,9,7,0,8,0,7,7,8,0,0,5,2,5,7,8,9,3,8,2,5,6,3,9,6,8,7,0,9,3,5,2,5,3,3,6,6,11,8,0,10,7,6
4,10,10,10,10,11,2,6,3,5,2,9,9,0,8,6,2,6,2,3,9,11,8,8,0,7,9,4,4,6,7,7,4,4,8,8,10,4,0,11,6,6,11,4,7,5,7,0,9,11,2,10,3,3,3,11,4,8,6,9,8,10,7,7,11,8,11,9,5,8,5,10,9,11,5,4,2,9,7,10,3,4,4,0,4,10,11,8,11,11,0,8,4,4,5,4,5,10,10,0,10,2,3,4,2,4,4,10,10,8,2,9,2,8,8,9,2,2,6,3,6,8,9,10,4,9,3,6,7,4,10,7,9,8,2,10,4,6,3,6,4,4,7,7,0,9,2,11,8,7
5,11,11,11,11,0,3,7,4,6,3,10,10,2,9,7,3,7,3,4,10,0,9,9,2,8,10,5,5,7,8,8,5,5,9,9,11,5,2,0,7,7,0,5,8,6,8,2,10,0,3,11,4,4,4,0,5,9,7,10,9,11,8,8,0,9,0,10,6,9,6,11,10,0,6,5,3,10,8,11,4,5,5,2,5,11,0,9,0,0,2,9,5,5,6,5,6,11,11,2,11,3,4,5,3,5,5,11,11,9,3,10,3,9,9,10,3,3,7,4,7,9,10,11,5,10,4,7,8,5,11,8,10,9,3,11,5,7,4,7,5,5,8,8,2,10,3,0,9,8
6,0,0,0,0,2,4,8,5,7,4,11,11,3,10,8,4,8,4,5,11,2,10,10,3,9,11,6,6,8,9,9,6,6,10,10,0,6,3,2,8,8,2,6,9,7,9,3,11,2,4,0,5,5,5,2,6,10,8,11,10,0,9,9,2,10,2,11,7,10,7,0,11,2,7,6,4,11,9,0,5,6,6,3,6,0,2,10,2,2,3,10,6,6,7,6,7,0,0,3,0,4,5,6,4,6,6,0,0,10,4,11,4,10,10,11,4,4,8,5,8,10,11,0,6,11,5,8,9,6,0,9,11,10,4,0,6,8,5,8,6,6,9,9,3,11,4,2,10,9
7,2,2,2,2,3,5,9,6,8,5,0,0,4,11,9,5,9,5,6,0,3,11,11,4,10,0,7,7,9,10,10,7,7,11,11,2,7,4,3,9,9,3,7,10,8,10,4,0,3,5,2,6,6,6,3,7,11,9,0,11,2,10,10,3,11,3,0,8,11,8,2,0,3,8,7,5,0,10,2,6,7,7,4,7,2,3,11,3,3,4,11,7,7,8,7,8,2,2,4,2,5,6,7,5,7,7,2,2,11,5,0,5,11,11,0,5,5,9,6,9,11,0,2,7,0,6,9,10,7,2,10,0,11,5,2,7,9,6,9,7,7,10,10,4,0,5,3,11,10
8,3,3,3,3,4,6,10,7,9,6,2,2,5,0,10,6,10,6,7,2,4,0,0,5,11,2,8,8,10,11,11,8,8,0,0,3,8,5,4,10,10,4,8,11,9,11,5,2,4,6,3,7,7,7,4,8,0,10,2,0,3,11,11,4,0,4,2,9,0,9,3,2,4,9,8,6,2,11,3,7,8,8,5,8,3,4,0,4,4,5,0,8,8,9,8,9,3,3,5,3,6,7,8,6,8,8,3,3,0,6,2,6,0,0,2,6,6,10,7,10,0,2,3,8,2,7,10,11,8,3,11,2,0,6,3,8,10,7,10,8,8,11,11,5,2,6,4,0,11
9,4,4,4,4,5,7,11,8,10,7,3,3,6,2,11,7,11,7,8,3,5,2,2,6,0,3,9,9,11,0,0,9,9,2,2,4,9,6,5,11,11,5,9,0,10,0,6,3,5,7,4,8,8,8,5,9,2,11,3,2,4,0,0,5,2,5,3,10,2,10,4,3,5,10,9,7,3,0,4,8,9,9,6,9,4,5,2,5,5,6,2,9,9,10,9,10,4,4,6,4,7,8,9,7,9,9,4,4,2,7,3,7,2,2,3,7,7,11,8,11,2,3,4,9,3,8,11,0,9,4,0,3,2,7,4,9,11,8,11,9,9,0,0,6,3,7,5,2,0
10,5,5,5,5,6,8,0,9,11,8,4,4,7,3,0,8,0,8,9,4,6,3,3,7,2,4,10,10,0,2,2,10,10,3,3,5,10,7,6,0,0,6,10,2,11,2,7,4,6,8,5,9,9,9,6,10,3,0,4,3,5,2,2,6,3,6,4,11,3,11,5,4,6,11,10,8,4,2,5,9,10,10,7,10,5,6,3,6,6,7,3,10,10,11,10,11,5,5,7,5,8,9,10,8,10,10,5,5,3,8,4,8,3,3,4,8,8,0,9,0,3,4,5,10,4,9,0,2,10,5,2,4,3,8,5,10,0,9,0,10,10,2,2,7,4,8,6,3,2
11,6,6,6,6,7,9,2,10,0,9,5,5,8,4,2,9,2,9,10,5,7,4,4,8,3,5,11,11,2,3,3,11,11,4,4,6,11,8,7,2,2,7,11,3,0,3,8,5,7,9,6,10,10,10,7,11,4,2,5,4,6,3,3,7,4,7,5,0,4,0,6,5,7,0,11,9,5,3,6,10,11,11,8,11,6,7,4,7,7,8,4,11,11,0,11,0,6,6,8,6,9,10,11,9,11,11,6,6,4,9,5,9,4,4,5,9,9,2,10,2,4,5,6,11,5,10,2,3,11,6,3,5,4,9,6,11,2,10,2,11,11,3,3,8,5,9,7,4,3
0,7,7,7,7,8,10,3,11,2,10,6,6,9,5,3,10,3,10,11,6,8,5,5,9,4,6,0,0,3,4,4,0,0,5,5,7,0,9,8,3,3,8,0,4,2,4,9,6,8,10,7,11,11,11,8,0,5,3,6,5,7,4,4,8,5,8,6,2,5,2,7,6,8,2,0,10,6,4,7,11,0,0,9,0,7,8,5,8,8,9,5,0,0,2,0,2,7,7,9,7,10,11,0,10,0,0,7,7,5,10,6,10,5,5,6,10,10,3,11,3,5,6,7,0,6,11,3,4,0,7,4,6,5,10,7,0,3,11,3,0,0,4,4,9,6,10,8,5,4
2,8,8,8,8,9,11,4,0,3,11,7,7,10,6,4,11,4,11,0,7,9,6,6,10,5,7,2,2,4,5,5,2,2,6,6,8,2,10,9,4,4,9,2,5,3,5,10,7,9,11,8,0,0,0,9,2,6,4,7,6,8,5,5,9,6,9,7,3,6,3,8,7,9,3,2,11,7,5,8,0,2,2,10,2,8,9,6,9,9,10,6,2,2,3,2,3,8,8,10,8,11,0,2,11,2,2,8,8,6,11,7,11,6,6,7,11,11,4,0,4,6,7,8,2,7,0,4,5,2,8,5,7,6,11,8,2,4,0,4,2,2,5,5,10,7,11,9,6,5
3,9,9,9,9,10,0,5,2,4,0,8,8,11,7,5,0,5,0,2,8,10,7,7,11,6,8,3,3,5,6,6,3,3,7,7,9,3,11,10,5,5,10,3,6,4,6,11,8,10,0,9,2,2,2,10,3,7,5,8,7,9,6,6,10,7,10,8,4,7,4,9,8,10,4,3,0,8,6,9,2,3,3,11,3,9,10,7,10,10,11,7,3,3,4,3,4,9,9,11,9,0,2,3,0,3,3,9,9,7,0,8,0,7,7,8,0,0,5,2,5,7,8,9,3,8,2,5,6,3,9,6,8,7,0,9,3,5,2,5,3,3,6,6,11,8,0,10,7,6
4,10,10,10,10,11,2,6,3,5,2,9,9,0,8,6,2,6,2,3,9,11,8,8,0,7,9,4,4,6,7,7,4,4,8,8,10,4,0,11,6,6,11,4,7,5,7,0,9,11,2,10,3,3,3,11,4,8,6,9,8,10,7,7,11,8,11,9,5,8,5,10,9,11,5,4,2,9,7,10,3,4,4,0,4,10,11,8,11,11,0,8,4,4,5,4,5,10,10,0,10,2,3,4,2,4,4,10,10,8,2,9,2,8,8,9,2,2,6,3,6,8,9,10,4,9,3,6,7,4,10,7,9,8,2,10,4,6,3,6,4,4,7,7,0,9,2,11,8,7
5,11,11,11,11,0,3,7,4,6,3,10,10,2,9,7,3,7,3,4,10,0,9,9,2,8,10,5,5,7,8,8,5,5,9,9,11,5,2,0,7,7,0,5,8,6,8,2,10,0,3,11,4,4,4,0,5,9,7,10,9,11,8,8,0,9,0,10,6,9,6,11,10,0,6,5,3,10,8,11,4,5,5,2,5,11,0,9,0,0,2,9,5,5,6,5,6,11,11,2,11,3,4,5,3,5,5,11,11,9,3,10,3,9,9,10,3,3,7,4,7,9,10,11,5,10,4,7,8,5,11,8,10,9,3,11,5,7,4,7,5,5,8,8,2,10,3,0,9,8
6,0,0,0,0,2,4,8,5,7,4,11,11,3,10,8,4,8,4,5,11,2,10,10,3,9,11,6,6,8,9,9,6,6,10,10,0,6,3,2,8,8,2,6,9,7,9,3,11,2,4,0,5,5,5,2,6,10,8,11,10,0,9,9,2,10,2,11,7,10,7,0,11,2,7,6,4,11,9,0,5,6,6,3,6,0,2,10,2,2,3,10,6,6,7,6,7,0,0,3,0,4,5,6,4,6,6,0,0,10,4,11,4,10,10,11,4,4,8,5,8,10,11,0,6,11,5,8,9,6,0,9,11,10,4,0,6,8,5,8,6,6,9,9,3,11,4,2,10,9
7,2,2,2,2,3,5,9,6,8,5,0,0,4,11,9,5,9,5,6,0,3,11,11,4,10,0,7,7,9,10,10,7,7,11,11,2,7,4,3,9,9,3,7,10,8,10,4,0,3,5,2,6,6,6,3,7,11,9,0,11,2,10,10,3,11,3,0,8,11,8,2,0,3,8,7,5,0,10,2,6,7,7,4,7,2,3,11,3,3,4,11,7,7,8,7,8,2,2,4,2,5,6,7,5,7,7,2,2,11,5,0,5,11,11,0,5,5,9,6,9,11,0,2,7,0,6,9,10,7,2,10,0,11,5,2,7,9,6,9,7,7,10,10,4,0,5,3,11,10
8,3,3,3,3,4,6,10,7,9,6,2,2,5,0,10,6,10,6,7,2,4,0,0,5,11,2,8,8,10,11,11,8,8,0,0,3,8,5,4,10,10,4,8,11,9,11,5,2,4,6,3,7,7,7,4,8,0,10,2,0,3,11,11,4,0,4,2,9,0,9,3,2,4,9,8,6,2,11,3,7,8,8,5,8,3,4,0,4,4,5,0,8,8,9,8,9,3,3,5,3,6,7,8,6,8,8,3,3,0,6,2,6,0,0,2,6,6,10,7,10,0,2,3,8,2,7,10,11,8,3,11,2,0,6,3,8,10,7,10,8,8,11,11,5,2,6,4,0,11
9,4,4,4,4,5,7,11,8,10,7,3,3,6,2,11,7,11,7,8,3,5,2,2,6,0,3,9,9,11,0,0,9,9,2,2,4,9,6,5,11,11,5,9,0,10,0,6,3,5,7,4,8,8,8,5,9,2,11,3,2,4,0,0,5,2,5,3,10,2,10,4,3,5,10,9,7,3,0,4,8,9,9,6,9,4,5,2,5,5,6,2,9,9,10,9,10,4,4,6,4,7,8,9,7,9,9,4,4,2,7,3,7,2,2,3,7,7,11,8,11,2,3,4,9,3,8,11,0,9,4,0,3,2,7,4,9,11,8,11,9,9,0,0,6,3,7,5,2,0
10,5,5,5,5,6,8,0,9,11,8,4,4,7,3,0,8,0,8,9,4,6,3,3,7,2,4,10,10,0,2,2,10,10,3,3,5,10,7,6,0,0,6,10,2,11,2,7,4,6,8,5,9,9,9,6,10,3,0,4,3,5,2,2,6,3,6,4,11,3,11,5,4,6,11,10,8,4,2,5,9,10,10,7,10,5,6,3,6,6,7,3,10,10,11,10,11,5,5,7,5,8,9,10,8,10,10,5,5,3,8,4,8,3,3,4,8,8,0,9,0,3,4,5,10,4,9,0,2,10,5,2,4,3,8,5,10,0,9,0,10,10,2,2,7,4,8,6,3,2
11,6,6,6,6,7,9,2,10,0,9,5,5,8,4,2,9,2,9,10,5,7,4,4,8,3,5,11,11,2,3,3,11,11,4,4,6,11,8,7,2,2,7,11,3,0,3,8,5,7,9,6,10,10,10,7,11,4,2,5,4,6,3,3,7,4,7,5,0,4,0,6,5,7,0,11,9,5,3,6,10,11,11,8,11,6,7,4,7,7,8,4,11,11,0,11,0,6,6,8,6,9,10,11,9,11,11,6,6,4,9,5,9,4,4,5,9,9,2,10,2,4,5,6,11,5,10,2,3,11,6,3,5,4,9,6,11,2,10,2,11,11,3,3,8,5,9,7,4,3
0,7,7,7,7,8,10,3,11,2,10,6,6,9,5,3,10,3,10,11,6,8,5,5,9,4,6,0,0,3,4,4,0,0,5,5,7,0,9,8,3,3,8,0,4,2,4,9,6,8,10,7,11,11,11,8,0,5,3,6,5,7,4,4,8,5,8,6,2,5,2,7,6,8,2,0,10,6,4,7,11,0,0,9,0,7,8,5,8,8,9,5,0,0,2,0,2,7,7,9,7,10,11,0,10,0,0,7,7,5,10,6,10,5,5,6,10,10,3,11,3,5,6,7,0,6,11,3,4,0,7,4,6,5,10,7,0,3,11,3,0,0,4,4,9,6,10,8,5,4
2,8,8,8,8,9,11,4,0,3,11,7,7,10,6,4,11,4,11,0,7,9,6,6,10,5,7,2,2,4,5,5,2,2,6,6,8,2,10,9,4,4,9,2,5,3,5,10,7,9,11,8,0,0,0,9,2,6,4,7,6,8,5,5,9,6,9,7,3,6,3,8,7,9,3,2,11,7,5,8,0,2,2,10,2,8,9,6,9,9,10,6,2,2,3,2,3,8,8,10,8,11,0,2,11,2,2,8,8,6,11,7,11,6,6,7,11,11,4,0,4,6,7,8,2,7,0,4,5,2,8,5,7,6,11,8,2,4,0,4,2,2,5,5,10,7,11,9,6,5
3,9,9,9,9,10,0,5,2,4,0,8,8,11,7,5,0,5,0,2,8,10,7,7,11,6,8,3,3,5,6,6,3,3,7,7,9,3,11,10,5,5,10,3,6,4,6,11,8,10,0,9,2,2,2,10,3,7,5,8,7,9,6,6,10,7,10,8,4,7,4,9,8,10,4,3,0,8,6,9,2,3,3,11,3,9,10,7,10,10,11,7,3,3,4,3,4,9,9,11,9,0,2,3,0,3,3,9,9,7,0,8,0,7,7,8,0,0,5,2,5,7,8,9,3,8,2,5,6,3,9,6,8,7,0,9,3,5,2,5,3,3,6,6,11,8,0,10,7,6
4,10,10,10,10,11,2,6,3,5,2,9,9,0,8,6,2,6,2,3,9,11,8,8,0,7,9,4,4,6,7,7,4,4,8,8,10,4,0,11,6,6,11,4,7,5,7,0,9,11,2,10,3,3,3,11,4,8,6,9,8,10,7,7,11,8,11,9,5,8,5,10,9,11,5,4,2,9,7,10,3,4,4,0,4,10,11,8,11,11,0,8,4,4,5,4,5,10,10,0,10,2,3,4,2,4,4,10,10,8,2,9,2,8,8,9,2,2,6,3,6,8,9,10,4,9,3,6,7,4,10,7,9,8,2,10,4,6,3,6,4,4,7,7,0,9,2,11,8,7
5,11,11,11,11,0,3,7,4,6,3,10,10,2,9,7,3,7,3,4,10,0,9,9,2,8,10,5,5,7,8,8,5,5,9,9,11,5,2,0,7,7,0,5,8,6,8,2,10,0,3,11,4,4,4,0,5,9,7,10,9,11,8,8,0,9,0,10,6,9,6,11,10,0,6,5,3,10,8,11,4,5,5,2,5,11,0,9,0,0,2,9,5,5,6,5,6,11,11,2,11,3,4,5,3,5,5,11,11,9,3,10,3,9,9,10,3,3,7,4,7,9,10,11,5,10,4,7,8,5,11,8,10,9,3,11,5,7,4,7,5,5,8,8,2,10,3,0,9,8
6,0,0,0,0,2,4,8,5,7,4,11,11,3,10,8,4,8,4,5,11,2,10,10,3,9,11,6,6,8,9,9,6,6,10,10,0,6,3,2,8,8,2,6,9,7,9,3,11,2,4,0,5,5,5,2,6,10,8,11,10,0,9,9,2,10,2,11,7,10,7,0,11,2,7,6,4,11,9,0,5,6,6,3,6,0,2,10,2,2,3,10,6,6,7,6,7,0,0,3,0,4,5,6,4,6,6,0,0,10,4,11,4,10,10,11,4,4,8,5,8,10,11,0,6,11,5,8,9,6,0,9,11,10,4,0,6,8,5,8,6,6,9,9,3,11,4,2,10,9
7,2,2,2,2,3,5,9,6,8,5,0,0,4,11,9,5,9,5,6,0,3,11,11,4,10,0,7,7,9,10,10,7,7,11,11,2,7,4,3,9,9,3,7,10,8,10,4,0,3,5,2,6,6,6,3,7,11,9,0,11,2,10,10,3,11,3,0,8,11,8,2,0,3,8,7,5,0,10,2,6,7,7,4,7,2,3,11,3,3,4,11,7,7,8,7,8,2,2,4,2,5,6,7,5,7,7,2,2,11,5,0,5,11,11,0,5,5,9,6,9,11,0,2,7,0,6,9,10,7,2,10,0,11,5,2,7,9,6,9,7,7,10,10,4,0,5,3,11,10
8,3,3,3,3,4,6,10,7,9,6,2,2,5,0,10,6,10,6,7,2,4,0,0,5,11,2,8,8,10,11,11,8,8,0,0,3,8,5,4,10,10,4,8,11,9,11,5,2,4,6,3,7,7,7,4,8,0,10,2,0,3,11,11,4,0,4,2,9,0,9,3,2,4,9,8,6,2,11,3,7,8,8,5,8,3,4,0,4,4,5,0,8,8,9,8,9,3,3,5,3,6,7,8,6,8,8,3,3,0,6,2,6,0,0,2,6,6,10,7,10,0,2,3,8,2,7,10,11,8,3,11,2,0,6,3,8,10,7,10,8,8,11,11,5,2,6,4,0,11
9,4,4,4,4,5,7,11,8,10,7,3,3,6,2,11,7,11,7,8,3,5,2,2,6,0,3,9,9,11,0,0,9,9,2,2,4,9,6,5,11,11,5,9,0,10,0,6,3,5,7,4,8,8,8,5,9,2,11,3,2,4,0,0,5,2,5,3,10,2,10,4,3,5,10,9,7,3,0,4,8,9,9,6,9,4,5,2,5,5,6,2,9,9,10,9,10,4,4,6,4,7,8,9,7,9,9,4,4,2,7,3,7,2,2,3,7,7,11,8,11,2,3,4,9,3,8,11,0,9,4,0,3,2,7,4,9,11,8,11,9,9,0,0,6,3,7,5,2,0
10,5,5,5,5,6,8,0,9,11,8,4,4,7,3,0,8,0,8,9,4,6,3,3,7,2,4,10,10,0,2,2,10,10,3,3,5,10,7,6,0,0,6,10,2,11,2,7,4,6,8,5,9,9,9,6,10,3,0,4,3,5,2,2,6,3,6,4,11,3,11,5,4,6,11,10,8,4,2,5,9,10,10,7,10,5,6,3,6,6,7,3,10,10,11,10,11,5,5,7,5,8,9,10,8,10,10,5,5,3,8,4,8,3,3,4,8,8,0,9,0,3,4,5,10,4,9,0,2,10,5,2,4,3,8,5,10,0,9,0,10,10,2,2,7,4,8,6,3,2
11,6,6,6,6,7,9,2,10,0,9,5,5,8,4,2,9,2,9,10,5,7,4,4,8,3,5,11,11,2,3,3,11,11,4,4,6,11,8,7,2,2,7,11,3,0,3,8,5,7,9,6,10,10,10,7,11,4,2,5,4,6,3,3,7,4,7,5,0,4,0,6,5,7,0,11,9,5,3,6,10,11,11,8,11,6,7,4,7,7,8,4,11,11,0,11,0,6,6,8,6,9,10,11,9,11,11,6,6,4,9,5,9,4,4,5,9,9,2,10,2,4,5,6,11,5,10,2,3,11,6,3,5,4,9,6,11,2,10,2,11,11,3,3,8,5,9,7,4,3
0,7,7,7,7,8,10,3,11,2,10,6,6,9,5,3,10,3,10,11,6,8,5,5,9,4,6,0,0,3,4,4,0,0,5,5,7,0,9,8,3,3,8,0,4,2,4,9,6,8,10,7,11,11,11,8,0,5,3,6,5,7,4,4,8,5,8,6,2,5,2,7,6,8,2,0,10,6,4,7,11,0,0,9,0,7,8,5,8,8,9,5,0,0,2,0,2,7,7,9,7,10,11,0,10,0,0,7,7,5,10,6,10,5,5,6,10,10,3,11,3,5,6,7,0,6,11,3,4,0,7,4,6,5,10,7,0,3,11,3,0,0,4,4,9,6,10,8,5,4
2,8,8,8,8,9,11,4,0,3,11,7,7,10,6,4,11,4,11,0,7,9,6,6,10,5,7,2,2,4,5,5,2,2,6,6,8,2,10,9,4,4,9,2,5,3,5,10,7,9,11,8,0,0,0,9,2,6,4,7,6,8,5,5,9,6,9,7,3,6,3,8,7,9,3,2,11,7,5,8,0,2,2,10,2,8,9,6,9,9,10,6,2,2,3,2,3,8,8,10,8,11,0,2,11,2,2,8,8,6,11,7,11,6,6,7,11,11,4,0,4,6,7,8,2,7,0,4,5,2,8,5,7,6,11,8,2,4,0,4,2,2,5,5,10,7,11,9,6,5
3,9,9,9,9,10,0,5,2,4,0,8,8,11,7,5,0,5,0,2,8,10,7,7,11,6,8,3,3,5,6,6,3,3,7,7,9,3,11,10,5,5,10,3,6,4,6,11,8,10,0,9,2,2,2,10,3,7,5,8,7,9,6,6,10,7,10,8,4,7,4,9,8,10,4,3,0,8,6,9,2,3,3,11,3,9,10,7,10,10,11,7,3,3,4,3,4,9,9,11,9,0,2,3,0,3,3,9,9,7,0,8,0,7,7,8,0,0,5,2,5,7,8,9,3,8,2,5,6,3,9,6,8,7,0,9,3,5,2,5,3,3,6,6,11,8,0,10,7,6
4,10,10,10,10,11,2,6,3,5,2,9,9,0,8,6,2,6,2,3,9,11,8,8,0,7,9,4,4,6,7,7,4,4,8,8,10,4,0,11,6,6,11,4,7,5,7,0,9,11,2,10,3,3,3,11,4,8,6,9,8,10,7,7,11,8,11,9,5,8,5,10,9,11,5,4,2,9,7,10,3,4,4,0,4,10,11,8,11,11,0,8,4,4,5,4,5,10,10,0,10,2,3,4,2,4,4,10,10,8,2,9,2,8,8,9,2,2,6,3,6,8,9,10,4,9,3,6,7,4,10,7,9,8,2,10,4,6,3,6,4,4,7,7,0,9,2,11,8,7
5,11,11,11,11,0,3,7,4,6,3,10,10,2,9,7,3,7,3,4,10,0,9,9,2,8,10,5,5,7,8,8,5,5,9,9,11,5,2,0,7,7,0,5,8,6,8,2,10,0,3,11,4,4,4,0,5,9,7,10,9,11,8,8,0,9,0,10,6,9,6,11,10,0,6,5,3,10,8,11,4,5,5,2,5,11,0,9,0,0,2,9,5,5,6,5,6,11,11,2,11,3,4,5,3,5,5,11,11,9,3,10,3,9,9,10,3,3,7,4,7,9,10,11,5,10,4,7,8,5,11,8,10,9,3,11,5,7,4,7,5,5,8,8,2,10,3,0,9,8
6,0,0,0,0,2,4,8,5,7,4,11,11,3,10,8,4,8,4,5,11,2,10,10,3,9,11,6,6,8,9,9,6,6,10,10,0,6,3,2,8,8,2,6,9,7,9,3,11,2,4,0,5,5,5,2,6,10,8,11,10,0,9,9,2,10,2,11,7,10,7,0,11,2,7,6,4,11,9,0,5,6,6,3,6,0,2,10,2,2,3,10,6,6,7,6,7,0,0,3,0,4,5,6,4,6,6,0,0,10,4,11,4,10,10,11,4,4,8,5,8,10,11,0,6,11,5,8,9,6,0,9,11,10,4,0,6,8,5,8,6,6,9,9,3,11,4,2,10,9
7,2,2,2,2,3,5,9,6,8,5,0,0,4,11,9,5,9,5,6,0,3,11,11,4,10,0,7,7,9,10,10,7,7,11,11,2,7,4,3,9,9,3,7,10,8,10,4,0,3,5,2,6,6,6,3,7,11,9,0,11,2,10,10,3,11,3,0,8,11,8,2,0,3,8,7,5,0,10,2,6,7,7,4,7,2,3,11,3,3,4,11,7,7,8,7,8,2,2,4,2,5,6,7,5,7,7,2,2,11,5,0,5,11,11,0,5,5,9,6,9,11,0,2,7,0,6,9,10,7,2,10,0,11,5,2,7,9,6,9,7,7,10,10,4,0,5,3,11,10
8,3,3,3,3,4,6,10,7,9,6,2,2,5,0,10,6,10,6,7,2,4,0,0,5,11,2,8,8,10,11,11,8,8,0,0,3,8,5,4,10,10,4,8,11,9,11,5,2,4,6,3,7,7,7,4,8,0,10,2,0,3,11,11,4,0,4,2,9,0,9,3,2,4,9,8,6,2,11,3,7,8,8,5,8,3,4,0,4,4,5,0,8,8,9,8,9,3,3,5,3,6,7,8,6,8,8,3,3,0,6,2,6,0,0,2,6,6,10,7,10,0,2,3,8,2,7,10,11,8,3,11,2,0,6,3,8,10,7,10,8,8,11,11,5,2,6,4,0,11
9,4,4,4,4,5,7,11,8,10,7,3,3,6,2,11,7,11,7,8,3,5,2,2,6,0,3,9,9,11,0,0,9,9,2,2,4,9,6,5,11,11,5,9,0,10,0,6,3,5,7,4,8,8,8,5,9,2,11,3,2,4,0,0,5,2,5,3,10,2,10,4,3,5,10,9,7,3,0,4,8,9,9,6,9,4,5,2,5,5,6,2,9,9,10,9,10,4,4,6,4,7,8,9,7,9,9,4,4,2,7,3,7,2,2,3,7,7,11,8,11,2,3,4,9,3,8,11,0,9,4,0,3,2,7,4,9,11,8,11,9,9,0,0,6,3,7,5,2,0
10,5,5,5,5,6,8,0,9,11,8,4,4,7,3,0,8,0,8,9,4,6,3,3,7,2,4,10,10,0,2,2,10,10,3,3,5,10,7,6,0,0,6,10,2,11,2,7,4,6,8,5,9,9,9,6,10,3,0,4,3,5,2,2,6,3,6,4,11,3,11,5,4,6,11,10,8,4,2,5,9,10,10,7,10,5,6,3,6,6,7,3,10,10,11,10,11,5,5,7,5,8,9,10,8,10,10,5,5,3,8,4,8,3,3,4,8,8,0,9,0,3,4,5,10,4,9,0,2,10,5,2,4,3,8,5,10,0,9,0,10,10,2,2,7,4,8,6,3,2
11,6,6,6,6,7,9,2,10,0,9,5,5,8,4,2,9,2,9,10,5,7,4,4,8,3,5,11,11,2,3,3,11,11,4,4,6,11,8,7,2,2,7,11,3,0,3,8,5,7,9,6,10,10,10,7,11,4,2,5,4,6,3,3,7,4,7,5,0,4,0,6,5,7,0,11,9,5,3,6,10,11,11,8,11,6,7,4,7,7,8,4,11,11,0,11,0,6,6,8,6,9,10,11,9,11,11,6,6,4,9,5,9,4,4,5,9,9,2,10,2,4,5,6,11,5,10,2,3,11,6,3,5,4,9,6,11,2,10,2,11,11,3,3,8,5,9,7,4,3
0,7,7,7,7,8,10,3,11,2,10,6,6,9,5,3,10,3,10,11,6,8,5,5,9,4,6,0,0,3,4,4,0,0,5,5,7,0,9,8,3,3,8,0,4,2,4,9,6,8,10,7,11,11,11,8,0,5,3,6,5,7,4,4,8,5,8,6,2,5,2,7,6,8,2,0,10,6,4,7,11,0,0,9,0,7,8,5,8,8,9,5,0,0,2,0,2,7,7,9,7,10,11,0,10,0,0,7,7,5,10,6,10,5,5,6,10,10,3,11,3,5,6,7,0,6,11,3,4,0,7,4,6,5,10,7,0,3,11,3,0,0,4,4,9,6,10,8,5,4
2,8,8,8,8,9,11,4,0,3,11,7,7,10,6,4,11,4,11,0,7,9,6,6,10,5,7,2,2,4,5,5,2,2,6,6,8,2,10,9,4,4,9,2,5,3,5,10,7,9,11,8,0,0,0,9,2,6,4,7,6,8,5,5,9,6,9,7,3,6,3,8,7,9,3,2,11,7,5,8,0,2,2,10,2,8,9,6,9,9,10,6,2,2,3,2,3,8,8,10,8,11,0,2,11,2,2,8,8,6,11,7,11,6,6,7,11,11,4,0,4,6,7,8,2,7,0,4,5,2,8,5,7,6,11,8,2,4,0,4,2,2,5,5,10,7,11,9,6,5
3,9,9,9,9,10,0,5,2,4,0,8,8,11,7,5,0,5,0,2,8,10,7,7,11,6,8,3,3,5,6,6,3,3,7,7,9,3,11,10,5,5,10,3,6,4,6,11,8,10,0,9,2,2,2,10,3,7,5,8,7,9,6,6,10,7,10,8,4,7,4,9,8,10,4,3,0,8,6,9,2,3,3,11,3,9,10,7,10,10,11,7,3,3,4,3,4,9,9,11,9,0,2,3,0,3,3,9,9,7,0,8,0,7,7,8,0,0,5,2,5,7,8,9,3,8,2,5,6,3,9,6,8,7,0,9,3,5,2,5,3,3,6,6,11,8,0,10,7,6
4,10,10,10,10,11,2,6,3,5,2,9,9,0,8,6,2,6,2,3,9,11,8,8,0,7,9,4,4,6,7,7,4,4,8,8,10,4,0,11,6,6,11,4,7,5,7,0,9,11,2,10,3,3,3,11,4,8,6,9,8,10,7,7,11,8,11,9,5,8,5,10,9,11,5,4,2,9,7,10,3,4,4,0,4,10,11,8,11,11,0,8,4,4,5,4,5,10,10,0,10,2,3,4,2,4,4,10,10,8,2,9,2,8,8,9,2,2,6,3,6,8,9,10,4,9,3,6,7,4,10,7,9,8,2,10,4,6,3,6,4,4,7,7,0,9,2,11,8,7
5,11,11,11,11,0,3,7,4,6,3,10,10,2,9,7,3,7,3,4,10,0,9,9,2,8,10,5,5,7,8,8,5,5,9,9,11,5,2,0,7,7,0,5,8,6,8,2,10,0,3,11,4,4,4,0,5,9,7,10,9,11,8,8,0,9,0,10,6,9,6,11,10,0,6,5,3,10,8,11,4,5,5,2,5,11,0,9,0,0,2,9,5,5,6,5,6,11,11,2,11,3,4,5,3,5,5,11,11,9,3,10,3,9,9,10,3,3,7,4,7,9,10,11,5,10,4,7,8,5,11,8,10,9,3,11,5,7,4,7,5,5,8,8,2,10,3,0,9,8
6,0,0,0,0,2,4,8,5,7,4,11,11,3,10,8,4,8,4,5,11,2,10,10,3,9,11,6,6,8,9,9,6,6,10,10,0,6,3,2,8,8,2,6,9,7,9,3,11,2,4,0,5,5,5,2,6,10,8,11,10,0,9,9,2,10,2,11,7,10,7,0,11,2,7,6,4,11,9,0,5,6,6,3,6,0,2,10,2,2,3,10,6,6,7,6,7,0,0,3,0,4,5,6,4,6,6,0,0,10,4,11,4,10,10,11,4,4,8,5,8,10,11,0,6,11,5,8,9,6,0,9,11,10,4,0,6,8,5,8,6,6,9,9,3,11,4,2,10,9
7,2,2,2,2,3,5,9,6,8,5,0,0,4,11,9,5,9,5,6,0,3,11,11,4,10,0,7,7,9,10,10,7,7,11,11,2,7,4,3,9,9,3,7,10,8,10,4,0,3,5,2,6,6,6,3,7,11,9,0,11,2,10,10,3,11,3,0,8,11,8,2,0,3,8,7,5,0,10,2,6,7,7,4,7,2,3,11,3,3,4,11,7,7,8,7,8,2,2,4,2,5,6,7,5,7,7,2,2,11,5,0,5,11,11,0,5,5,9,6,9,11,0,2,7,0,6,9,10,7,2,10,0,11,5,2,7,9,6,9,7,7,10,10,4,0,5,3,11,10
8,3,3,3,3,4,6,10,7,9,6,2,2,5,0,10,6,10,6,7,2,4,0,0,5,11,2,8,8,10,11,11,8,8,0,0,3,8,5,4,10,10,4,8,11,9,11,5,2,4,6,3,7,7,7,4,8,0,10,2,0,3,11,11,4,0,4,2,9,0,9,3,2,4,9,8,6,2,11,3,7,8,8,5,8,3,4,0,4,4,5,0,8,8,9,8,9,3,3,5,3,6,7,8,6,8,8,3,3,0,6,2,6,0,0,2,6,6,10,7,10,0,2,3,8,2,7,10,11,8,3,11,2,0,6,3,8,10,7,10,8,8,11,11,5,2,6,4,0,11
9,4,4,4,4,5,7,11,8,10,7,3,3,6,2,11,7,11,7,8,3,5,2,2,6,0,3,9,9,11,0,0,9,9,2,2,4,9,6,5,11,11,5,9,0,10,0,6,3,5,7,4,8,8,8,5,9,2,11,3,2,4,0,0,5,2,5,3,10,2,10,4,3,5,10,9,7,3,0,4,8,9,9,6,9,4,5,2,5,5,6,2,9,9,10,9,10,4,4,6,4,7,8,9,7,9,9,4,4,2,7,3,7,2,2,3,7,7,11,8,11,2,3,4,9,3,8,11,0,9,4,0,3,2,7,4,9,11,8,11,9,9,0,0,6,3,7,5,2,0
10,5,5,5,5,6,8,0,9,11,8,4,4,7,3,0,8,0,8,9,4,6,3,3,7,2,4,10,10,0,2,2,10,10,3,3,5,10,7,6,0,0,6,10,2,11,2,7,4,6,8,5,9,9,9,6,10,3,0,4,3,5,2,2,6,3,6,4,11,3,11,5,4,6,11,10,8,4,2,5,9,10,10,7,10,5,6,3,6,6,7,3,10,10,11,10,11,5,5,7,5,8,9,10,8,10,10,5,5,3,8,4,8,3,3,4,8,8,0,9,0,3,4,5,10,4,9,0,2,10,5,2,4,3,8,5,10,0,9,0,10,10,2,2,7,4,8,6,3,2
11,6,6,6,6,7,9,2,10,0,9,5,5,8,4,2,9,2,9,10,5,7,4,4,8,3,5,11,11,2,3,3,11,11,4,4,6,11,8,7,2,2,7,11,3,0,3,8,5,7,9,6,10,10,10,7,11,4,2,5,4,6,3,3,7,4,7,5,0,4,0,6,5,7,0,11,9,5,3,6,10,11,11,8,11,6,7,4,7,7,8,4,11,11,0,11,0,6,6,8,6,9,10,11,9,11,11,6,6,4,9,5,9,4,4,5,9,9,2,10,2,4,5,6,11,5,10,2,3,11,6,3,5,4,9,6,11,2,10,2,11,11,3,3,8,5,9,7,4,3
0,7,7,7,7,8,10,3,11,2,10,6,6,9,5,3,10,3,10,11,6,8,5,5,9,4,6,0,0,3,4,4,0,0,5,5,7,0,9,8,3,3,8,0,4,2,4,9,6,8,10,7,11,11,11,8,0,5,3,6,5,7,4,4,8,5,8,6,2,5,2,7,6,8,2,0,10,6,4,7,11,0,0,9,0,7,8,5,8,8,9,5,0,0,2,0,2,7,7,9,7,10,11,0,10,0,0,7,7,5,10,6,10,5,5,6,10,10,3,11,3,5,6,7,0,6,11,3,4,0,7,4,6,5,10,7,0,3,11,3,0,0,4,4,9,6,10,8,5,4
2,8,8,8,8,9,11,4,0,3,11,7,7,10,6,4,11,4,11,0,7,9,6,6,10,5,7,2,2,4,5,5,2,2,6,6,8,2,10,9,4,4,9,2,5,3,5,10,7,9,11,8,0,0,0,9,2,6,4,7,6,8,5,5,9,6,9,7,3,6,3,8,7,9,3,2,11,7,5,8,0,2,2,10,2,8,9,6,9,9,10,6,2,2,3,2,3,8,8,10,8,11,0,2,11,2,2,8,8,6,11,7,11,6,6,7,11,11,4,0,4,6,7,8,2,7,0,4,5,2,8,5,7,6,11,8,2,4,0,4,2,2,5,5,10,7,11,9,6,5
3,9,9,9,9,10,0,5,2,4,0,8,8,11,7,5,0,5,0,2,8,10,7,7,11,6,8,3,3,5,6,6,3,3,7,7,9,3,11,10,5,5,10,3,6,4,6,11,8,10,0,9,2,2,2,10,3,7,5,8,7,9,6,6,10,7,10,8,4,7,4,9,8,10,4,3,0,8,6,9,2,3,3,11,3,9,10,7,10,10,11,7,3,3,4,3,4,9,9,11,9,0,2,3,0,3,3,9,9,7,0,8,0,7,7,8,0,0,5,2,5,7,8,9,3,8,2,5,6,3,9,6,8,7,0,9,3,5,2,5,3,3,6,6,11,8,0,10,7,6
4,10,10,10,10,11,2,6,3,5,2,9,9,0,8,6,2,6,2,3,9,11,8,8,0,7,9,4,4,6,7,7,4,4,8,8,10,4,0,11,6,6,11,4,7,5,7,0,9,11,2,10,3,3,3,11,4,8,6,9,8,10,7,7,11,8,11,9,5,8,5,10,9,11,5,4,2,9,7,10,3,4,4,0,4,10,11,8,11,11,0,8,4,4,5,4,5,10,10,0,10,2,3,4,2,4,4,10,10,8,2,9,2,8,8,9,2,2,6,3,6,8,9,10,4,9,3,6,7,4,10,7,9,8,2,10,4,6,3,6,4,4,7,7,0,9,2,11,8,7
5,11,11,11,11,0,3,7,4,6,3,10,10,2,9,7,3,7,3,4,10,0,9,9,2,8,10,5,5,7,8,8,5,5,9,9,11,5,2,0,7,7,0,5,8,6,8,2,10,0,3,11,4,4,4,0,5,9,7,10,9,11,8,8,0,9,0,10,6,9,6,11,10,0,6,5,3,10,8,11,4,5,5,2,5,11,0,9,0,0,2,9,5,5,6,5,6,11,11,2,11,3,4,5,3,5,5,11,11,9,3,10,3,9,9,10,3,3,7,4,7,9,10,11,5,10,4,7,8,5,11,8,10,9,3,11,5,7,4,7,5,5,8,8,2,10,3,0,9,8
6,0,0,0,0,2,4,8,5,7,4,11,11,3,10,8,4,8,4,5,11,2,10,10,3,9,11,6,6,8,9,9,6,6,10,10,0,6,3,2,8,8,2,6,9,7,9,3,11,2,4,0,5,5,5,2,6,10,8,11,10,0,9,9,2,10,2,11,7,10,7,0,11,2,7,6,4,11,9,0,5,6,6,3,6,0,2,10,2,2,3,10,6,6,7,6,7,0,0,3,0,4,5,6,4,6,6,0,0,10,4,11,4,10,10,11,4,4,8,5,8,10,11,0,6,11,5,8,9,6,0,9,11,10,4,0,6,8,5,8,6,6,9,9,3,11,4,2,10,9
7,2,2,2,2,3,5,9,6,8,5,0,0,4,11,9,5,9,5,6,0,3,11,11,4,10,0,7,7,9,10,10,7,7,11,11,2,7,4,3,9,9,3,7,10,8,10,4,0,3,5,2,6,6,6,3,7,11,9,0,11,2,10,10,3,11,3,0,8,11,8,2,0,3,8,7,5,0,10,2,6,7,7,4,7,2,3,11,3,3,4,11,7,7,8,7,8,2,2,4,2,5,6,7,5,7,7,2,2,11,5,0,5,11,11,0,5,5,9,6,9,11,0,2,7,0,6,9,10,7,2,10,0,11,5,2,7,9,6,9,7,7,10,10,4,0,5,3,11,10
8,3,3,3,3,4,6,10,7,9,6,2,2,5,0,10,6,10,6,7,2,4,0,0,5,11,2,8,8,10,11,11,8,8,0,0,3,8,5,4,10,10,4,8,11,9,11,5,2,4,6,3,7,7,7,4,8,0,10,2,0,3,11,11,4,0,4,2,9,0,9,3,2,4,9,8,6,2,11,3,7,8,8,5,8,3,4,0,4,4,5,0,8,8,9,8,9,3,3,5,3,6,7,8,6,8,8,3,3,0,6,2,6,0,0,2,6,6,10,7,10,0,2,3,8,2,7,10,11,8,3,11,2,0,6,3,8,10,7,10,8,8,11,11,5,2,6,4,0,11
9,4,4,4,4,5,7,11,8,10,7,3,3,6,2,11,7,11,7,8,3,5,2,2,6,0,3,9,9,11,0,0,9,9,2,2,4,9,6,5,11,11,5,9,0,10,0,6,3,5,7,4,8,8,8,5,9,2,11,3,2,4,0,0,5,2,5,3,10,2,10,4,3,5,10,9,7,3,0,4,8,9,9,6,9,4,5,2,5,5,6,2,9,9,10,9,10,4,4,6,4,7,8,9,7,9,9,4,4,2,7,3,7,2,2,3,7,7,11,8,11,2,3,4,9,3,8,11,0,9,4,0,3,2,7,4,9,11,8,11,9,9,0,0,6,3,7,5,2,0
10,5,5,5,5,6,8,0,9,11,8,4,4,7,3,0,8,0,8,9,4,6,3,3,7,2,4,10,10,0,2,2,10,10,3,3,5,10,7,6,0,0,6,10,2,11,2,7,4,6,8,5,9,9,9,6,10,3,0,4,3,5,2,2,6,3,6,4,11,3,11,5,4,6,11,10,8,4,2,5,9,10,10,7,10,5,6,3,6,6,7,3,10,10,11,10,11,5,5,7,5,8,9,10,8,10,10,5,5,3,8,4,8,3,3,4,8,8,0,9,0,3,4,5,10,4,9,0,2,10,5,2,4,3,8,5,10,0,9,0,10,10,2,2,7,4,8,6,3,2
11,6,6,6,6,7,9,2,10,0,9,5,5,8,4,2,9,2,9,10,5,7,4,4,8,3,5,11,11,2,3,3,11,11,4,4,6,11,8,7,2,2,7,11,3,0,3,8,5,7,9,6,10,10,10,7,11,4,2,5,4,6,3,3,7,4,7,5,0,4,0,6,5,7,0,11,9,5,3,6,10,11,11,8,11,6,7,4,7,7,8,4,11,11,0,11,0,6,6,8,6,9,10,11,9,11,11,6,6,4,9,5,9,4,4,5,9,9,2,10,2,4,5,6,11,5,10,2,3,11,6,3,5,4,9,6,11,2,10,2,11,11,3,3,8,5,9,7,4,3
0,7,7,7,7,8,10,3,11,2,10,6,6,9,5,3,10,3,10,11,6,8,5,5,9,4,6,0,0,3,4,4,0,0,5,5,7,0,9,8,3,3,8,0,4,2,4,9,6,8,10,7,11,11,11,8,0,5,3,6,5,7,4,4,8,5,8,6,2,5,2,7,6,8,2,0,10,6,4,7,11,0,0,9,0,7,8,5,8,8,9,5,0,0,2,0,2,7,7,9,7,10,11,0,10,0,0,7,7,5,10,6,10,5,5,6,10,10,3,11,3,5,6,7,0,6,11,3,4,0,7,4,6,5,10,7,0,3,11,3,0,0,4,4,9,6,10,8,5,4
2,8,8,8,8,9,11,4,0,3,11,7,7,10,6,4,11,4,11,0,7,9,6,6,10,5,7,2,2,4,5,5,2,2,6,6,8,2,10,9,4,4,9,2,5,3,5,10,7,9,11,8,0,0,0,9,2,6,4,7,6,8,5,5,9,6,9,7,3,6,3,8,7,9,3,2,11,7,5,8,0,2,2,10,2,8,9,6,9,9,10,6,2,2,3,2,3,8,8,10,8,11,0,2,11,2,2,8,8,6,11,7,11,6,6,7,11,11,4,0,4,6,7,8,2,7,0,4,5,2,8,5,7,6,11,8,2,4,0,4,2,2,5,5,10,7,11,9,6,5
3,9,9,9,9,10,0,5,2,4,0,8,8,11,7,5,0,5,0,2,8,10,7,7,11,6,8,3,3,5,6,6,3,3,7,7,9,3,11,10,5,5,10,3,6,4,6,11,8,10,0,9,2,2,2,10,3,7,5,8,7,9,6,6,10,7,10,8,4,7,4,9,8,10,4,3,0,8,6,9,2,3,3,11,3,9,10,7,10,10,11,7,3,3,4,3,4,9,9,11,9,0,2,3,0,3,3,9,9,7,0,8,0,7,7,8,0,0,5,2,5,7,8,9,3,8,2,5,6,3,9,6,8,7,0,9,3,5,2,5,3,3,6,6,11,8,0,10,7,6
4,10,10,10,10,11,2,6,3,5,2,9,9,0,8,6,2,6,2,3,9,11,8,8,0,7,9,4,4,6,7,7,4,4,8,8,10,4,0,11,6,6,11,4,7,5,7,0,9,11,2,10,3,3,3,11,4,8,6,9,8,10,7,7,11,8,11,9,5,8,5,10,9,11,5,4,2,9,7,10,3,4,4,0,4,10,11,8,11,11,0,8,4,4,5,4,5,10,10,0,10,2,3,4,2,4,4,10,10,8,2,9,2,8,8,9,2,2,6,3,6,8,9,10,4,9,3,6,7,4,10,7,9,8,2,10,4,6,3,6,4,4,7,7,0,9,2,11,8,7
5,11,11,11,11,0,3,7,4,6,3,10,10,2,9,7,3,7,3,4,10,0,9,9,2,8,10,5,5,7,8,8,5,5,9,9,11,5,2,0,7,7,0,5,8,6,8,2,10,0,3,11,4,4,4,0,5,9,7,10,9,11,8,8,0,9,0,10,6,9,6,11,10,0,6,5,3,10,8,11,4,5,5,2,5,11,0,9,0,0,2,9,5,5,6,5,6,11,11,2,11,3,4,5,3,5,5,11,11,9,3,10,3,9,9,10,3,3,7,4,7,9,10,11,5,10,4,7,8,5,11,8,10,9,3,11,5,7,4,7,5,5,8,8,2,10,3,0,9,8
6,0,0,0,0,2,4,8,5,7,4,11,11,3,10,8,4,8,4,5,11,2,10,10,3,9,11,6,6,8,9,9,6,6,10,10,0,6,3,2,8,8,2,6,9,7,9,3,11,2,4,0,5,5,5,2,6,10,8,11,10,0,9,9,2,10,2,11,7,10,7,0,11,2,7,6,4,11,9,0,5,6,6,3,6,0,2,10,2,2,3,10,6,6,7,6,7,0,0,3,0,4,5,6,4,6,6,0,0,10,4,11,4,10,10,11,4,4,8,5,8,10,11,0,6,11,5,8,9,6,0,9,11,10,4,0,6,8,5,8,6,6,9,9,3,11,4,2,10,9
7,2,2,2,2,3,5,9,6,8,5,0,0,4,11,9,5,9,5,6,0,3,11,11,4,10,0,7,7,9,10,10,7,7,11,11,2,7,4,3,9,9,3,7,10,8,10,4,0,3,5,2,6,6,6,3,7,11,9,0,11,2,10,10,3,11,3,0,8,11,8,2,0,3,8,7,5,0,10,2,6,7,7,4,7,2,3,11,3,3,4,11,7,7,8,7,8,2,2,4,2,5,6,7,5,7,7,2,2,11,5,0,5,11,11,0,5,5,9,6,9,11,0,2,7,0,6,9,10,7,2,10,0,11,5,2,7,9,6,9,7,7,10,10,4,0,5,3,11,10
8,3,3,3,3,4,6,10,7,9,6,2,2,5,0,10,6,10,6,7,2,4,0,0,5,11,2,8,8,10,11,11,8,8,0,0,3,8,5,4,10,10,4,8,11,9,11,5,2,4,6,3,7,7,7,4,8,0,10,2,0,3,11,11,4,0,4,2,9,0,9,3,2,4,9,8,6,2,11,3,7,8,8,5,8,3,4,0,4,4,5,0,8,8,9,8,9,3,3,5,3,6,7,8,6,8,8,3,3,0,6,2,6,0,0,2,6,6,10,7,10,0,2,3,8,2,7,10,11,8,3,11,2,0,6,3,8,10,7,10,8,8,11,11,5,2,6,4,0,11
9,4,4,4,4,5,7,11,8,10,7,3,3,6,2,11,7,11,7,8,3,5,2,2,6,0,3,9,9,11,0,0,9,9,2,2,4,9,6,5,11,11,5,9,0,10,0,6,3,5,7,4,8,8,8,5,9,2,11,3,2,4,0,0,5,2,5,3,10,2,10,4,3,5,10,9,7,3,0,4,8,9,9,6,9,4,5,2,5,5,6,2,9,9,10,9,10,4,4,6,4,7,8,9,7,9,9,4,4,2,7,3,7,2,2,3,7,7,11,8,11,2,3,4,9,3,8,11,0,9,4,0,3,2,7,4,9,11,8,11,9,9,0,0,6,3,7,5,2,0
10,5,5,5,5,6,8,0,9,11,8,4,4,7,3,0,8,0,8,9,4,6,3,3,7,2,4,10,10,0,2,2,10,10,3,3,5,10,7,6,0,0,6,10,2,11,2,7,4,6,8,5,9,9,9,6,10,3,0,4,3,5,2,2,6,3,6,4,11,3,11,5,4,6,11,10,8,4,2,5,9,10,10,7,10,5,6,3,6,6,7,3,10,10,11,10,11,5,5,7,5,8,9,10,8,10,10,5,5,3,8,4,8,3,3,4,8,8,0,9,0,3,4,5,10,4,9,0,2,10,5,2,4,3,8,5,10,0,9,0,10,10,2,2,7,4,8,6,3,2
11,6,6,6,6,7,9,2,10,0,9,5,5,8,4,2,9,2,9,10,5,7,4,4,8,3,5,11,11,2,3,3,11,11,4,4,6,11,8,7,2,2,7,11,3,0,3,8,5,7,9,6,10,10,10,7,11,4,2,5,4,6,3,3,7,4,7,5,0,4,0,6,5,7,0,11,9,5,3,6,10,11,11,8,11,6,7,4,7,7,8,4,11,11,0,11,0,6,6,8,6,9,10,11,9,11,11,6,6,4,9,5,9,4,4,5,9,9,2,10,2,4,5,6,11,5,10,2,3,11,6,3,5,4,9,6,11,2,10,2,11,11,3,3,8,5,9,7,4,3
0,7,7,7,7,8,10,3,11,2,10,6,6,9,5,3,10,3,10,11,6,8,5,5,9,4,6,0,0,3,4,4,0,0,5,5,7,0,9,8,3,3,8,0,4,2,4,9,6,8,10,7,11,11,11,8,0,5,3,6,5,7,4,4,8,5,8,6,2,5,2,7,6,8,2,0,10,6,4,7,11,0,0,9,0,7,8,5,8,8,9,5,0,0,2,0,2,7,7,9,7,10,11,0,10,0,0,7,7,5,10,6,10,5,5,6,10,10,3,11,3,5,6,7,0,6,11,3,4,0,7,4,6,5,10,7,0,3,11,3,0,0,4,4,9,6,10,8,5,4
2,8,8,8,8,9,11,4,0,3,11,7,7,10,6,4,11,4,11,0,7,9,6,6,10,5,7,2,2,4,5,5,2,2,6,6,8,2,10,9,4,4,9,2,5,3,5,10,7,9,11,8,0,0,0,9,2,6,4,7,6,8,5,5,9,6,9,7,3,6,3,8,7,9,3,2,11,7,5,8,0,2,2,10,2,8,9,6,9,9,10,6,2,2,3,2,3,8,8,10,8,11,0,2,11,2,2,8,8,6,11,7,11,6,6,7,11,11,4,0,4,6,7,8,2,7,0,4,5,2,8,5,7,6,11,8,2,4,0,4,2,2,5,5,10,7,11,9,6,5
3,9,9,9,9,10,0,5,2,4,0,8,8,11,7,5,0,5,0,2,8,10,7,7,11,6,8,3,3,5,6,6,3,3,7,7,9,3,11,10,5,5,10,3,6,4,6,11,8,10,0,9,2,2,2,10,3,7,5,8,7,9,6,6,10,7,10,8,4,7,4,9,8,10,4,3,0,8,6,9,2,3,3,11,3,9,10,7,10,10,11,7,3,3,4,3,4,9,9,11,9,0,2,3,0,3,3,9,9,7,0,8,0,7,7,8,0,0,5,2,5,7,8,9,3,8,2,5,6,3,9,6,8,7,0,9,3,5,2,5,3,3,6,6,11,8,0,10,7,6
4,10,10,10,10,11,2,6,3,5,2,9,9,0,8,6,2,6,2,3,9,11,8,8,0,7,9,4,4,6,7,7,4,4,8,8,10,4,0,11,6,6,11,4,7,5,7,0,9,11,2,10,3,3,3,11,4,8,6,9,8,10,7,7,11,8,11,9,5,8,5,10,9,11,5,4,2,9,7,10,3,4,4,0,4,10,11,8,11,11,0,8,4,4,5,4,5,10,10,0,10,2,3,4,2,4,4,10,10,8,2,9,2,8,8,9,2,2,6,3,6,8,9,10,4,9,3,6,7,4,10,7,9,8,2,10,4,6,3,6,4,4,7,7,0,9,2,11,8,7
5,11,11,11,11,0,3,7,4,6,3,10,10,2,9,7,3,7,3,4,10,0,9,9,2,8,10,5,5,7,8,8,5,5,9,9,11,5,2,0,7,7,0,5,8,6,8,2,10,0,3,11,4,4,4,0,5,9,7,10,9,11,8,8,0,9,0,10,6,9,6,11,10,0,6,5,3,10,8,11,4,5,5,2,5,11,0,9,0,0,2,9,5,5,6,5,6,11,11,2,11,3,4,5,3,5,5,11,11,9,3,10,3,9,9,10,3,3,7,4,7,9,10,11,5,10,4,7,8,5,11,8,10,9,3,11,5,7,4,7,5,5,8,8,2,10,3,0,9,8
6,0,0,0,0,2,4,8,5,7,4,11,11,3,10,8,4,8,4,5,11,2,10,10,3,9,11,6,6,8,9,9,6,6,10,10,0,6,3,2,8,8,2,6,9,7,9,3,11,2,4,0,5,5,5,2,6,10,8,11,10,0,9,9,2,10,2,11,7,10,7,0,11,2,7,6,4,11,9,0,5,6,6,3,6,0,2,10,2,2,3,10,6,6,7,6,7,0,0,3,0,4,5,6,4,6,6,0,0,10,4,11,4,10,10,11,4,4,8,5,8,10,11,0,6,11,5,8,9,6,0,9,11,10,4,0,6,8,5,8,6,6,9,9,3,11,4,2,10,9
7,2,2,2,2,3,5,9,6,8,5,0,0,4,11,9,5,9,5,6,0,3,11,11,4,10,0,7,7,9,10,10,7,7,11,11,2,7,4,3,9,9,3,7,10,8,10,4,0,3,5,2,6,6,6,3,7,11,9,0,11,2,10,10,3,11,3,0,8,11,8,2,0,3,8,7,5,0,10,2,6,7,7,4,7,2,3,11,3,3,4,11,7,7,8,7,8,2,2,4,2,5,6,7,5,7,7,2,2,11,5,0,5,11,11,0,5,5,9,6,9,11,0,2,7,0,6,9,10,7,2,10,0,11,5,2,7,9,6,9,7,7,10,10,4,0,5,3,11,10
8,3,3,3,3,4,6,10,7,9,6,2,2,5,0,10,6,10,6,7,2,4,0,0,5,11,2,8,8,10,11,11,8,8,0,0,3,8,5,4,10,10,4,8,11,9,11,5,2,4,6,3,7,7,7,4,8,0,10,2,0,3,11,11,4,0,4,2,9,0,9,3,2,4,9,8,6,2,11,3,7,8,8,5,8,3,4,0,4,4,5,0,8,8,9,8,9,3,3,5,3,6,7,8,6,8,8,3,3,0,6,2,6,0,0,2,6,6,10,7,10,0,2,3,8,2,7,10,11,8,3,11,2,0,6,3,8,10,7,10,8,8,11,11,5,2,6,4,0,11
9,4,4,4,4,5,7,11,8,10,7,3,3,6,2,11,7,11,7,8,3,5,2,2,6,0,3,9,9,11,0,0,9,9,2,2,4,9,6,5,11,11,5,9,0,10,0,6,3,5,7,4,8,8,8,5,9,2,11,3,2,4,0,0,5,2,5,3,10,2,10,4,3,5,10,9,7,3,0,4,8,9,9,6,9,4,5,2,5,5,6,2,9,9,10,9,10,4,4,6,4,7,8,9,7,9,9,4,4,2,7,3,7,2,2,3,7,7,11,8,11,2,3,4,9,3,8,11,0,9,4,0,3,2,7,4,9,11,8,11,9,9,0,0,6,3,7,5,2,0
10,5,5,5,5,6,8,0,9,11,8,4,4,7,3,0,8,0,8,9,4,6,3,3,7,2,4,10,10,0,2,2,10,10,3,3,5,10,7,6,0,0,6,10,2,11,2,7,4,6,8,5,9,9,9,6,10,3,0,4,3,5,2,2,6,3,6,4,11,3,11,5,4,6,11,10,8,4,2,5,9,10,10,7,10,5,6,3,6,6,7,3,10,10,11,10,11,5,5,7,5,8,9,10,8,10,10,5,5,3,8,4,8,3,3,4,8,8,0,9,0,3,4,5,10,4,9,0,2,10,5,2,4,3,8,5,10,0,9,0,10,10,2,2,7,4,8,6,3,2
11,6,6,6,6,7,9,2,10,0,9,5,5,8,4,2,9,2,9,10,5,7,4,4,8,3,5,11,11,2,3,3,11,11,4,4,6,11,8,7,2,2,7,11,3,0,3,8,5,7,9,6,10,10,10,7,11,4,2,5,4,6,3,3,7,4,7,5,0,4,0,6,5,7,0,11,9,5,3,6,10,11,11,8,11,6,7,4,7,7,8,4,11,11,0,11,0,6,6,8,6,9,10,11,9,11,11,6,6,4,9,5,9,4,4,5,9,9,2,10,2,4,5,6,11,5,10,2,3,11,6,3,5,4,9,6,11,2,10,2,11,11,3,3,8,5,9,7,4,3
0,7,7,7,7,8,10,3,11,2,10,6,6,9,5,3,10,3,10,11,6,8,5,5,9,4,6,0,0,3,4,4,0,0,5,5,7,0,9,8,3,3,8,0,4,2,4,9,6,8,10,7,11,11,11,8,0,5,3,6,5,7,4,4,8,5,8,6,2,5,2,7,6,8,2,0,10,6,4,7,11,0,0,9,0,7,8,5,8,8,9,5,0,0,2,0,2,7,7,9,7,10,11,0,10,0,0,7,7,5,10,6,10,5,5,6,10,10,3,11,3,5,6,7,0,6,11,3,4,0,7,4,6,5,10,7,0,3,11,3,0,0,4,4,9,6,10,8,5,4
2,8,8,8,8,9,11,4,0,3,11,7,7,10,6,4,11,4,11,0,7,9,6,6,10,5,7,2,2,4,5,5,2,2,6,6,8,2,10,9,4,4,9,2,5,3,5,10,7,9,11,8,0,0,0,9,2,6,4,7,6,8,5,5,9,6,9,7,3,6,3,8,7,9,3,2,11,7,5,8,0,2,2,10,2,8,9,6,9,9,10,6,2,2,3,2,3,8,8,10,8,11,0,2,11,2,2,8,8,6,11,7,11,6,6,7,11,11,4,0,4,6,7,8,2,7,0,4,5,2,8,5,7,6,11,8,2,4,0,4,2,2,5,5,10,7,11,9,6,5
3,9,9,9,9,10,0,5,2,4,0,8,8,11,7,5,0,5,0,2,8,10,7,7,11,6,8,3,3,5,6,6,3,3,7,7,9,3,11,10,5,5,10,3,6,4,6,11,8,10,0,9,2,2,2,10,3,7,5,8,7,9,6,6,10,7,10,8,4,7,4,9,8,10,4,3,0,8,6,9,2,3,3,11,3,9,10,7,10,10,11,7,3,3,4,3,4,9,9,11,9,0,2,3,0,3,3,9,9,7,0,8,0,7,7,8,0,0,5,2,5,7,8,9,3,8,2,5,6,3,9,6,8,7,0,9,3,5,2,5,3,3,6,6,11,8,0,10,7,6
4,10,10,10,10,11,2,6,3,5,2,9,9,0,8,6,2,6,2,3,9,11,8,8,0,7,9,4,4,6,7,7,4,4,8,8,10,4,0,11,6,6,11,4,7,5,7,0,9,11,2,10,3,3,3,11,4,8,6,9,8,10,7,7,11,8,11,9,5,8,5,10,9,11,5,4,2,9,7,10,3,4,4,0,4,10,11,8,11,11,0,8,4,4,5,4,5,10,10,0,10,2,3,4,2,4,4,10,10,8,2,9,2,8,8,9,2,2,6,3,6,8,9,10,4,9,3,6,7,4,10,7,9,8,2,10,4,6,3,6,4,4,7,7,0,9,2,11,8,7
5,11,11,11,11,0,3,7,4,6,3,10,10,2,9,7,3,7,3,4,10,0,9,9,2,8,10,5,5,7,8,8,5,5,9,9,11,5,2,0,7,7,0,5,8,6,8,2,10,0,3,11,4,4,4,0,5,9,7,10,9,11,8,8,0,9,0,10,6,9,6,11,10,0,6,5,3,10,8,11,4,5,5,2,5,11,0,9,0,0,2,9,5,5,6,5,6,11,11,2,11,3,4,5,3,5,5,11,11,9,3,10,3,9,9,10,3,3,7,4,7,9,10,11,5,10,4,7,8,5,11,8,10,9,3,11,5,7,4,7,5,5,8,8,2,10,3,0,9,8
6,0,0,0,0,2,4,8,5,7,4,11,11,3,10,8,4,8,4,5,11,2,10,10,3,9,11,6,6,8,9,9,6,6,10,10,0,6,3,2,8,8,2,6,9,7,9,3,11,2,4,0,5,5,5,2,6,10,8,11,10,0,9,9,2,10,2,11,7,10,7,0,11,2,7,6,4,11,9,0,5,6,6,3,6,0,2,10,2,2,3,10,6,6,7,6,7,0,0,3,0,4,5,6,4,6,6,0,0,10,4,11,4,10,10,11,4,4,8,5,8,10,11,0,6,11,5,8,9,6,0,9,11,10,4,0,6,8,5,8,6,6,9,9,3,11,4,2,10,9
7,2,2,2,2,3,5,9,6,8,5,0,0,4,11,9,5,9,5,6,0,3,11,11,4,10,0,7,7,9,10,10,7,7,11,11,2,7,4,3,9,9,3,7,10,8,10,4,0,3,5,2,6,6,6,3,7,11,9,0,11,2,10,10,3,11,3,0,8,11,8,2,0,3,8,7,5,0,10,2,6,7,7,4,7,2,3,11,3,3,4,11,7,7,8,7,8,2,2,4,2,5,6,7,5,7,7,2,2,11,5,0,5,11,11,0,5,5,9,6,9,11,0,2,7,0,6,9,10,7,2,10,0,11,5,2,7,9,6,9,7,7,10,10,4,0,5,3,11,10
8,3,3,3,3,4,6,10,7,9,6,2,2,5,0,10,6,10,6,7,2,4,0,0,5,11,2,8,8,10,11,11,8,8,0,0,3,8,5,4,10,10,4,8,11,9,11,5,2,4,6,3,7,7,7,4,8,0,10,2,0,3,11,11,4,0,4,2,9,0,9,3,2,4,9,8,6,2,11,3,7,8,8,5,8,3,4,0,4,4,5,0,8,8,9,8,9,3,3,5,3,6,7,8,6,8,8,3,3,0,6,2,6,0,0,2,6,6,10,7,10,0,2,3,8,2,7,10,11,8,3,11,2,0,6,3,8,10,7,10,8,8,11,11,5,2,6,4,0,11
9,4,4,4,4,5,7,11,8,10,7,3,3,6,2,11,7,11,7,8,3,5,2,2,6,0,3,9,9,11,0,0,9,9,2,2,4,9,6,5,11,11,5,9,0,10,0,6,3,5,7,4,8,8,8,5,9,2,11,3,2,4,0,0,5,2,5,3,10,2,10,4,3,5,10,9,7,3,0,4,8,9,9,6,9,4,5,2,5,5,6,2,9,9,10,9,10,4,4,6,4,7,8,9,7,9,9,4,4,2,7,3,7,2,2,3,7,7,11,8,11,2,3,4,9,3,8,11,0,9,4,0,3,2,7,4,9,11,8,11,9,9,0,0,6,3,7,5,2,0
10,5,5,5,5,6,8,0,9,11,8,4,4,7,3,0,8,0,8,9,4,6,3,3,7,2,4,10,10,0,2,2,10,10,3,3,5,10,7,6,0,0,6,10,2,11,2,7,4,6,8,5,9,9,9,6,10,3,0,4,3,5,2,2,6,3,6,4,11,3,11,5,4,6,11,10,8,4,2,5,9,10,10,7,10,5,6,3,6,6,7,3,10,10,11,10,11,5,5,7,5,8,9,10,8,10,10,5,5,3,8,4,8,3,3,4,8,8,0,9,0,3,4,5,10,4,9,0,2,10,5,2,4,3,8,5,10,0,9,0,10,10,2,2,7,4,8,6,3,2
11,6,6,6,6,7,9,2,10,0,9,5,5,8,4,2,9,2,9,10,5,7,4,4,8,3,5,11,11,2,3,3,11,11,4,4,6,11,8,7,2,2,7,11,3,0,3,8,5,7,9,6,10,10,10,7,11,4,2,5,4,6,3,3,7,4,7,5,0,4,0,6,5,7,0,11,9,5,3,6,10,11,11,8,11,6,7,4,7,7,8,4,11,11,0,11,0,6,6,8,6,9,10,11,9,11,11,6,6,4,9,5,9,4,4,5,9,9,2,10,2,4,5,6,11,5,10,2,3,11,6,3,5,4,9,6,11,2,10,2,11,11,3,3,8,5,9,7,4,3
0,7,7,7,7,8,10,3,11,2,10,6,6,9,5,3,10,3,10,11,6,8,5,5,9,4,6,0,0,3,4,4,0,0,5,5,7,0,9,8,3,3,8,0,4,2,4,9,6,8,10,7,11,11,11,8,0,5,3,6,5,7,4,4,8,5,8,6,2,5,2,7,6,8,2,0,10,6,4,7,11,0,0,9,0,7,8,5,8,8,9,5,0,0,2,0,2,7,7,9,7,10,11,0,10,0,0,7,7,5,10,6,10,5,5,6,10,10,3,11,3,5,6,7,0,6,11,3,4,0,7,4,6,5,10,7,0,3,11,3,0,0,4,4,9,6,10,8,5,4
2,8,8,8,8,9,11,4,0,3,11,7,7,10,6,4,11,4,11,0,7,9,6,6,10,5,7,2,2,4,5,5,2,2,6,6,8,2,10,9,4,4,9,2,5,3,5,10,7,9,11,8,0,0,0,9,2,6,4,7,6,8,5,5,9,6,9,7,3,6,3,8,7,9,3,2,11,7,5,8,0,2,2,10,2,8,9,6,9,9,10,6,2,2,3,2,3,8,8,10,8,11,0,2,11,2,2,8,8,6,11,7,11,6,6,7,11,11,4,0,4,6,7,8,2,7,0,4,5,2,8,5,7,6,11,8,2,4,0,4,2,2,5,5,10,7,11,9,6,5
3,9,9,9,9,10,0,5,2,4,0,8,8,11,7,5,0,5,0,2,8,10,7,7,11,6,8,3,3,5,6,6,3,3,7,7,9,3,11,10,5,5,10,3,6,4,6,11,8,10,0,9,2,2,2,10,3,7,5,8,7,9,6,6,10,7,10,8,4,7,4,9,8,10,4,3,0,8,6,9,2,3,3,11,3,9,10,7,10,10,11,7,3,3,4,3,4,9,9,11,9,0,2,3,0,3,3,9,9,7,0,8,0,7,7,8,0,0,5,2,5,7,8,9,3,8,2,5,6,3,9,6,8,7,0,9,3,5,2,5,3,3,6,6,11,8,0,10,7,6
4,10,10,10,10,11,2,6,3,5,2,9,9,0,8,6,2,6,2,3,9,11,8,8,0,7,9,4,4,6,7,7,4,4,8,8,10,4,0,11,6,6,11,4,7,5,7,0,9,11,2,10,3,3,3,11,4,8,6,9,8,10,7,7,11,8,11,9,5,8,5,10,9,11,5,4,2,9,7,10,3,4,4,0,4,10,11,8,11,11,0,8,4,4,5,4,5,10,10,0,10,2,3,4,2,4,4,10,10,8,2,9,2,8,8,9,2,2,6,3,6,8,9,10,4,9,3,6,7,4,10,7,9,8,2,10,4,6,3,6,4,4,7,7,0,9,2,11,8,7
5,11,11,11,11,0,3,7,4,6,3,10,10,2,9,7,3,7,3,4,10,0,9,9,2,8,10,5,5,7,8,8,5,5,9,9,11,5,2,0,7,7,0,5,8,6,8,2,10,0,3,11,4,4,4,0,5,9,7,10,9,11,8,8,0,9,0,10,6,9,6,11,10,0,6,5,3,10,8,11,4,5,5,2,5,11,0,9,0,0,2,9,5,5,6,5,6,11,11,2,11,3,4,5,3,5,5,11,11,9,3,10,3,9,9,10,3,3,7,4,7,9,10,11,5,10,4,7,8,5,11,8,10,9,3,11,5,7,4,7,5,5,8,8,2,10,3,0,9,8
6,0,0,0,0,2,4,8,5,7,4,11,11,3,10,8,4,8,4,5,11,2,10,10,3,9,11,6,6,8,9,9,6,6,10,10,0,6,3,2,8,8,2,6,9,7,9,3,11,2,4,0,5,5,5,2,6,10,8,11,10,0,9,9,2,10,2,11,7,10,7,0,11,2,7,6,4,11,9,0,5,6,6,3,6,0,2,10,2,2,3,10,6,6,7,6,7,0,0,3,0,4,5,6,4,6,6,0,0,10,4,11,4,10,10,11,4,4,8,5,8,10,11,0,6,11,5,8,9,6,0,9,11,10,4,0,6,8,5,8,6,6,9,9,3,11,4,2,10,9
7,2,2,2,2,3,5,9,6,8,5,0,0,4,11,9,5,9,5,6,0,3,11,11,4,10,0,7,7,9,10,10,7,7,11,11,2,7,4,3,9,9,3,7,10,8,10,4,0,3,5,2,6,6,6,3,7,11,9,0,11,2,10,10,3,11,3,0,8,11,8,2,0,3,8,7,5,0,10,2,6,7,7,4,7,2,3,11,3,3,4,11,7,7,8,7,8,2,2,4,2,5,6,7,5,7,7,2,2,11,5,0,5,11,11,0,5,5,9,6,9,11,0,2,7,0,6,9,10,7,2,10,0,11,5,2,7,9,6,9,7,7,10,10,4,0,5,3,11,10
8,3,3,3,3,4,6,10,7,9,6,2,2,5,0,10,6,10,6,7,2,4,0,0,5,11,2,8,8,10,11,11,8,8,0,0,3,8,5,4,10,10,4,8,11,9,11,5,2,4,6,3,7,7,7,4,8,0,10,2,0,3,11,11,4,0,4,2,9,0,9,3,2,4,9,8,6,2,11,3,7,8,8,5,8,3,4,0,4,4,5,0,8,8,9,8,9,3,3,5,3,6,7,8,6,8,8,3,3,0,6,2,6,0,0,2,6,6,10,7,10,0,2,3,8,2,7,10,11,8,3,11,2,0,6,3,8,10,7,10,8,8,11,11,5,2,6,4,0,11
9,4,4,4,4,5,7,11,8,10,7,3,3,6,2,11,7,11,7,8,3,5,2,2,6,0,3,9,9,11,0,0,9,9,2,2,4,9,6,5,11,11,5,9,0,10,0,6,3,5,7,4,8,8,8,5,9,2,11,3,2,4,0,0,5,2,5,3,10,2,10,4,3,5,10,9,7,3,0,4,8,9,9,6,9,4,5,2,5,5,6,2,9,9,10,9,10,4,4,6,4,7,8,9,7,9,9,4,4,2,7,3,7,2,2,3,7,7,11,8,11,2,3,4,9,3,8,11,0,9,4,0,3,2,7,4,9,11,8,11,9,9,0,0,6,3,7,5,2,0
10,5,5,5,5,6,8,0,9,11,8,4,4,7,3,0,8,0,8,9,4,6,3,3,7,2,4,10,10,0,2,2,10,10,3,3,5,10,7,6,0,0,6,10,2,11,2,7,4,6,8,5,9,9,9,6,10,3,0,4,3,5,2,2,6,3,6,4,11,3,11,5,4,6,11,10,8,4,2,5,9,10,10,7,10,5,6,3,6,6,7,3,10,10,11,10,11,5,5,7,5,8,9,10,8,10,10,5,5,3,8,4,8,3,3,4,8,8,0,9,0,3,4,5,10,4,9,0,2,10,5,2,4,3,8,5,10,0,9,0,10,10,2,2,7,4,8,6,3,2
11,6,6,6,6,7,9,2,10,0,9,5,5,8,4,2,9,2,9,10,5,7,4,4,8,3,5,11,11,2,3,3,11,11,4,4,6,11,8,7,2,2,7,11,3,0,3,8,5,7,9,6,10,10,10,7,11,4,2,5,4,6,3,3,7,4,7,5,0,4,0,6,5,7,0,11,9,5,3,6,10,11,11,8,11,6,7,4,7,7,8,4,11,11,0,11,0,6,6,8,6,9,10,11,9,11,11,6,6,4,9,5,9,4,4,5,9,9,2,10,2,4,5,6,11,5,10,2,3,11,6,3,5,4,9,6,11,2,10,2,11,11,3,3,8,5,9,7,4,3
0,7,7,7,7,8,10,3,11,2,10,6,6,9,5,3,10,3,10,11,6,8,5,5,9,4,6,0,0,3,4,4,0,0,5,5,7,0,9,8,3,3,8,0,4,2,4,9,6,8,10,7,11,11,11,8,0,5,3,6,5,7,4,4,8,5,8,6,2,5,2,7,6,8,2,0,10,6,4,7,11,0,0,9,0,7,8,5,8,8,9,5,0,0,2,0,2,7,7,9,7,10,11,0,10,0,0,7,7,5,10,6,10,5,5,6,10,10,3,11,3,5,6,7,0,6,11,3,4,0,7,4,6,5,10,7,0,3,11,3,0,0,4,4,9,6,10,8,5,4
2,8,8,8,8,9,11,4,0,3,11,7,7,10,6,4,11,4,11,0,7,9,6,6,10,5,7,2,2,4,5,5,2,2,6,6,8,2,10,9,4,4,9,2,5,3,5,10,7,9,11,8,0,0,0,9,2,6,4,7,6,8,5,5,9,6,9,7,3,6,3,8,7,9,3,2,11,7,5,8,0,2,2,10,2,8,9,6,9,9,10,6,2,2,3,2,3,8,8,10,8,11,0,2,11,2,2,8,8,6,11,7,11,6,6,7,11,11,4,0,4,6,7,8,2,7,0,4,5,2,8,5,7,6,11,8,2,4,0,4,2,2,5,5,10,7,11,9,6,5
3,9,9,9,9,10,0,5,2,4,0,8,8,11,7,5,0,5,0,2,8,10,7,7,11,6,8,3,3,5,6,6,3,3,7,7,9,3,11,10,5,5,10,3,6,4,6,11,8,10,0,9,2,2,2,10,3,7,5,8,7,9,6,6,10,7,10,8,4,7,4,9,8,10,4,3,0,8,6,9,2,3,3,11,3,9,10,7,10,10,11,7,3,3,4,3,4,9,9,11,9,0,2,3,0,3,3,9,9,7,0,8,0,7,7,8,0,0,5,2,5,7,8,9,3,8,2,5,6,3,9,6,8,7,0,9,3,5,2,5,3,3,6,6,11,8,0,10,7,6
4,10,10,10,10,11,2,6,3,5,2,9,9,0,8,6,2,6,2,3,9,11,8,8,0,7,9,4,4,6,7,7,4,4,8,8,10,4,0,11,6,6,11,4,7,5,7,0,9,11,2,10,3,3,3,11,4,8,6,9,8,10,7,7,11,8,11,9,5,8,5,10,9,11,5,4,2,9,7,10,3,4,4,0,4,10,11,8,11,11,0,8,4,4,5,4,5,10,10,0,10,2,3,4,2,4,4,10,10,8,2,9,2,8,8,9,2,2,6,3,6,8,9,10,4,9,3,6,7,4,10,7,9,8,2,10,4,6,3,6,4,4,7,7,0,9,2,11,8,7
5,11,11,11,11,0,3,7,4,6,3,10,10,2,9,7,3,7,3,4,10,0,9,9,2,8,10,5,5,7,8,8,5,5,9,9,11,5,2,0,7,7,0,5,8,6,8,2,10,0,3,11,4,4,4,0,5,9,7,10,9,11,8,8,0,9,0,10,6,9,6,11,10,0,6,5,3,10,8,11,4,5,5,2,5,11,0,9,0,0,2,9,5,5,6,5,6,11,11,2,11,3,4,5,3,5,5,11,11,9,3,10,3,9,9,10,3,3,7,4,7,9,10,11,5,10,4,7,8,5,11,8,10,9,3,11,5,7,4,7,5,5,8,8,2,10,3,0,9,8
6,0,0,0,0,2,4,8,5,7,4,11,11,3,10,8,4,8,4,5,11,2,10,10,3,9,11,6,6,8,9,9,6,6,10,10,0,6,3,2,8,8,2,6,9,7,9,3,11,2,4,0,5,5,5,2,6,10,8,11,10,0,9,9,2,10,2,11,7,10,7,0,11,2,7,6,4,11,9,0,5,6,6,3,6,0,2,10,2,2,3,10,6,6,7,6,7,0,0,3,0,4,5,6,4,6,6,0,0,10,4,11,4,10,10,11,4,4,8,5,8,10,11,0,6,11,5,8,9,6,0,9,11,10,4,0,6,8,5,8,6,6,9,9,3,11,4,2,10,9
7,2,2,2,2,3,5,9,6,8,5,0,0,4,11,9,5,9,5,6,0,3,11,11,4,10,0,7,7,9,10,10,7,7,11,11,2,7,4,3,9,9,3,7,10,8,10,4,0,3,5,2,6,6,6,3,7,11,9,0,11,2,10,10,3,11,3,0,8,11,8,2,0,3,8,7,5,0,10,2,6,7,7,4,7,2,3,11,3,3,4,11,7,7,8,7,8,2,2,4,2,5,6,7,5,7,7,2,2,11,5,0,5,11,11,0,5,5,9,6,9,11,0,2,7,0,6,9,10,7,2,10,0,11,5,2,7,9,6,9,7,7,10,10,4,0,5,3,11,10
8,3,3,3,3,4,6,10,7,9,6,2,2,5,0,10,6,10,6,7,2,4,0,0,5,11,2,8,8,10,11,11,8,8,0,0,3,8,5,4,10,10,4,8,11,9,11,5,2,4,6,3,7,7,7,4,8,0,10,2,0,3,11,11,4,0,4,2,9,0,9,3,2,4,9,8,6,2,11,3,7,8,8,5,8,3,4,0,4,4,5,0,8,8,9,8,9,3,3,5,3,6,7,8,6,8,8,3,3,0,6,2,6,0,0,2,6,6,10,7,10,0,2,3,8,2,7,10,11,8,3,11,2,0,6,3,8,10,7,10,8,8,11,11,5,2,6,4,0,11
9,4,4,4,4,5,7,11,8,10,7,3,3,6,2,11,7,11,7,8,3,5,2,2,6,0,3,9,9,11,0,0,9,9,2,2,4,9,6,5,11,11,5,9,0,10,0,6,3,5,7,4,8,8,8,5,9,2,11,3,2,4,0,0,5,2,5,3,10,2,10,4,3,5,10,9,7,3,0,4,8,9,9,6,9,4,5,2,5,5,6,2,9,9,10,9,10,4,4,6,4,7,8,9,7,9,9,4,4,2,7,3,7,2,2,3,7,7,11,8,11,2,3,4,9,3,8,11,0,9,4,0,3,2,7,4,9,11,8,11,9,9,0,0,6,3,7,5,2,0
10,5,5,5,5,6,8,0,9,11,8,4,4,7,3,0,8,0,8,9,4,6,3,3,7,2,4,10,10,0,2,2,10,10,3,3,5,10,7,6,0,0,6,10,2,11,2,7,4,6,8,5,9,9,9,6,10,3,0,4,3,5,2,2,6,3,6,4,11,3,11,5,4,6,11,10,8,4,2,5,9,10,10,7,10,5,6,3,6,6,7,3,10,10,11,10,11,5,5,7,5,8,9,10,8,10,10,5,5,3,8,4,8,3,3,4,8,8,0,9,0,3,4,5,10,4,9,0,2,10,5,2,4,3,8,5,10,0,9,0,10,10,2,2,7,4,8,6,3,2
11,6,6,6,6,7,9,2,10,0,9,5,5,8,4,2,9,2,9,10,5,7,4,4,8,3,5,11,11,2,3,3,11,11,4,4,6,11,8,7,2,2,7,11,3,0,3,8,5,7,9,6,10,10,10,7,11,4,2,5,4,6,3,3,7,4,7,5,0,4,0,6,5,7,0,11,9,5,3,6,10,11,11,8,11,6,7,4,7,7,8,4,11,11,0,11,0,6,6,8,6,9,10,11,9,11,11,6,6,4,9,5,9,4,4,5,9,9,2,10,2,4,5,6,11,5,10,2,3,11,6,3,5,4,9,6,11,2,10,2,11,11,3,3,8,5,9,7,4,3
0,7,7,7,7,8,10,3,11,2,10,6,6,9,5,3,10,3,10,11,6,8,5,5,9,4,6,0,0,3,4,4,0,0,5,5,7,0,9,8,3,3,8,0,4,2,4,9,6,8,10,7,11,11,11,8,0,5,3,6,5,7,4,4,8,5,8,6,2,5,2,7,6,8,2,0,10,6,4,7,11,0,0,9,0,7,8,5,8,8,9,5,0,0,2,0,2,7,7,9,7,10,11,0,10,0,0,7,7,5,10,6,10,5,5,6,10,10,3,11,3,5,6,7,0,6,11,3,4,0,7,4,6,5,10,7,0,3,11,3,0,0,4,4,9,6,10,8,5,4
2,8,8,8,8,9,11,4,0,3,11,7,7,10,6,4,11,4,11,0,7,9,6,6,10,5,7,2,2,4,5,5,2,2,6,6,8,2,10,9,4,4,9,2,5,3,5,10,7,9,11,8,0,0,0,9,2,6,4,7,6,8,5,5,9,6,9,7,3,6,3,8,7,9,3,2,11,7,5,8,0,2,2,10,2,8,9,6,9,9,10,6,2,2,3,2,3,8,8,10,8,11,0,2,11,2,2,8,8,6,11,7,11,6,6,7,11,11,4,0,4,6,7,8,2,7,0,4,5,2,8,5,7,6,11,8,2,4,0,4,2,2,5,5,10,7,11,9,6,5
3,9,9,9,9,10,0,5,2,4,0,8,8,11,7,5,0,5,0,2,8,10,7,7,11,6,8,3,3,5,6,6,3,3,7,7,9,3,11,10,5,5,10,3,6,4,6,11,8,10,0,9,2,2,2,10,3,7,5,8,7,9,6,6,10,7,10,8,4,7,4,9,8,10,4,3,0,8,6,9,2,3,3,11,3,9,10,7,10,10,11,7,3,3,4,3,4,9,9,11,9,0,2,3,0,3,3,9,9,7,0,8,0,7,7,8,0,0,5,2,5,7,8,9,3,8,2,5,6,3,9,6,8,7,0,9,3,5,2,5,3,3,6,6,11,8,0,10,7,6
4,10,10,10,10,11,2,6,3,5,2,9,9,0,8,6,2,6,2,3,9,11,8,8,0,7,9,4,4,6,7,7,4,4,8,8,10,4,0,11,6,6,11,4,7,5,7,0,9,11,2,10,3,3,3,11,4,8,6,9,8,10,7,7,11,8,11,9,5,8,5,10,9,11,5,4,2,9,7,10,3,4,4,0,4,10,11,8,11,11,0,8,4,4,5,4,5,10,10,0,10,2,3,4,2,4,4,10,10,8,2,9,2,8,8,9,2,2,6,3,6,8,9,10,4,9,3,6,7,4,10,7,9,8,2,10,4,6,3,6,4,4,7,7,0,9,2,11,8,7
5,11,11,11,11,0,3,7,4,6,3,10,10,2,9,7,3,7,3,4,10,0,9,9,2,8,10,5,5,7,8,8,5,5,9,9,11,5,2,0,7,7,0,5,8,6,8,2,10,0,3,11,4,4,4,0,5,9,7,10,9,11,8,8,0,9,0,10,6,9,6,11,10,0,6,5,3,10,8,11,4,5,5,2,5,11,0,9,0,0,2,9,5,5,6,5,6,11,11,2,11,3,4,5,3,5,5,11,11,9,3,10,3,9,9,10,3,3,7,4,7,9,10,11,5,10,4,7,8,5,11,8,10,9,3,11,5,7,4,7,5,5,8,8,2,10,3,0,9,8
6,0,0,0,0,2,4,8,5,7,4,11,11,3,10,8,4,8,4,5,11,2,10,10,3,9,11,6,6,8,9,9,6,6,10,10,0,6,3,2,8,8,2,6,9,7,9,3,11,2,4,0,5,5,5,2,6,10,8,11,10,0,9,9,2,10,2,11,7,10,7,0,11,2,7,6,4,11,9,0,5,6,6,3,6,0,2,10,2,2,3,10,6,6,7,6,7,0,0,3,0,4,5,6,4,6,6,0,0,10,4,11,4,10,10,11,4,4,8,5,8,10,11,0,6,11,5,8,9,6,0,9,11,10,4,0,6,8,5,8,6,6,9,9,3,11,4,2,10,9
7,2,2,2,2,3,5,9,6,8,5,0,0,4,11,9,5,9,5,6,0,3,11,11,4,10,0,7,7,9,10,10,7,7,11,11,2,7,4,3,9,9,3,7,10,8,10,4,0,3,5,2,6,6,6,3,7,11,9,0,11,2,10,10,3,11,3,0,8,11,8,2,0,3,8,7,5,0,10,2,6,7,7,4,7,2,3,11,3,3,4,11,7,7,8,7,8,2,2,4,2,5,6,7,5,7,7,2,2,11,5,0,5,11,11,0,5,5,9,6,9,11,0,2,7,0,6,9,10,7,2,10,0,11,5,2,7,9,6,9,7,7,10,10,4,0,5,3,11,10
8,3,3,3,3,4,6,10,7,9,6,2,2,5,0,10,6,10,6,7,2,4,0,0,5,11,2,8,8,10,11,11,8,8,0,0,3,8,5,4,10,10,4,8,11,9,11,5,2,4,6,3,7,7,7,4,8,0,10,2,0,3,11,11,4,0,4,2,9,0,9,3,2,4,9,8,6,2,11,3,7,8,8,5,8,3,4,0,4,4,5,0,8,8,9,8,9,3,3,5,3,6,7,8,6,8,8,3,3,0,6,2,6,0,0,2,6,6,10,7,10,0,2,3,8,2,7,10,11,8,3,11,2,0,6,3,8,10,7,10,8,8,11,11,5,2,6,4,0,11
9,4,4,4,4,5,7,11,8,10,7,3,3,6,2,11,7,11,7,8,3,5,2,2,6,0,3,9,9,11,0,0,9,9,2,2,4,9,6,5,11,11,5,9,0,10,0,6,3,5,7,4,8,8,8,5,9,2,11,3,2,4,0,0,5,2,5,3,10,2,10,4,3,5,10,9,7,3,0,4,8,9,9,6,9,4,5,2,5,5,6,2,9,9,10,9,10,4,4,6,4,7,8,9,7,9,9,4,4,2,7,3,7,2,2,3,7,7,11,8,11,2,3,4,9,3,8,11,0,9,4,0,3,2,7,4,9,11,8,11,9,9,0,0,6,3,7,5,2,0
10,5,5,5,5,6,8,0,9,11,8,4,4,7,3,0,8,0,8,9,4,6,3,3,7,2,4,10,10,0,2,2,10,10,3,3,5,10,7,6,0,0,6,10,2,11,2,7,4,6,8,5,9,9,9,6,10,3,0,4,3,5,2,2,6,3,6,4,11,3,11,5,4,6,11,10,8,4,2,5,9,10,10,7,10,5,6,3,6,6,7,3,10,10,11,10,11,5,5,7,5,8,9,10,8,10,10,5,5,3,8,4,8,3,3,4,8,8,0,9,0,3,4,5,10,4,9,0,2,10,5,2,4,3,8,5,10,0,9,0,10,10,2,2,7,4,8,6,3,2
11,6,6,6,6,7,9,2,10,0,9,5,5,8,4,2,9,2,9,10,5,7,4,4,8,3,5,11,11,2,3,3,11,11,4,4,6,11,8,7,2,2,7,11,3,0,3,8,5,7,9,6,10,10,10,7,11,4,2,5,4,6,3,3,7,4,7,5,0,4,0,6,5,7,0,11,9,5,3,6,10,11,11,8,11,6,7,4,7,7,8,4,11,11,0,11,0,6,6,8,6,9,10,11,9,11,11,6,6,4,9,5,9,4,4,5,9,9,2,10,2,4,5,6,11,5,10,2,3,11,6,3,5,4,9,6,11,2,10,2,11,11,3,3,8,5,9,7,4,3
0,7,7,7,7,8,10,3,11,2,10,6,6,9,5,3,10,3,10,11,6,8,5,5,9,4,6,0,0,3,4,4,0,0,5,5,7,0,9,8,3,3,8,0,4,2,4,9,6,8,10,7,11,11,11,8,0,5,3,6,5,7,4,4,8,5,8,6,2,5,2,7,6,8,2,0,10,6,4,7,11,0,0,9,0,7,8,5,8,8,9,5,0,0,2,0,2,7,7,9,7,10,11,0,10,0,0,7,7,5,10,6,10,5,5,6,10,10,3,11,3,5,6,7,0,6,11,3,4,0,7,4,6,5,10,7,0,3,11,3,0,0,4,4,9,6,10,8,5,4
2,8,8,8,8,9,11,4,0,3,11,7,7,10,6,4,11,4,11,0,7,9,6,6,10,5,7,2,2,4,5,5,2,2,6,6,8,2,10,9,4,4,9,2,5,3,5,10,7,9,11,8,0,0,0,9,2,6,4,7,6,8,5,5,9,6,9,7,3,6,3,8,7,9,3,2,11,7,5,8,0,2,2,10,2,8,9,6,9,9,10,6,2,2,3,2,3,8,8,10,8,11,0,2,11,2,2,8,8,6,11,7,11,6,6,7,11,11,4,0,4,6,7,8,2,7,0,4,5,2,8,5,7,6,11,8,2,4,0,4,2,2,5,5,10,7,11,9,6,5
3,9,9,9,9,10,0,5,2,4,0,8,8,11,7,5,0,5,0,2,8,10,7,7,11,6,8,3,3,5,6,6,3,3,7,7,9,3,11,10,5,5,10,3,6,4,6,11,8,10,0,9,2,2,2,10,3,7,5,8,7,9,6,6,10,7,10,8,4,7,4,9,8,10,4,3,0,8,6,9,2,3,3,11,3,9,10,7,10,10,11,7,3,3,4,3,4,9,9,11,9,0,2,3,0,3,3,9,9,7,0,8,0,7,7,8,0,0,5,2,5,7,8,9,3,8,2,5,6,3,9,6,8,7,0,9,3,5,2,5,3,3,6,6,11,8,0,10,7,6
4,10,10,10,10,11,2,6,3,5,2,9,9,0,8,6,2,6,2,3,9,11,8,8,0,7,9,4,4,6,7,7,4,4,8,8,10,4,0,11,6,6,11,4,7,5,7,0,9,11,2,10,3,3,3,11,4,8,6,9,8,10,7,7,11,8,11,9,5,8,5,10,9,11,5,4,2,9,7,10,3,4,4,0,4,10,11,8,11,11,0,8,4,4,5,4,5,10,10,0,10,2,3,4,2,4,4,10,10,8,2,9,2,8,8,9,2,2,6,3,6,8,9,10,4,9,3,6,7,4,10,7,9,8,2,10,4,6,3,6,4,4,7,7,0,9,2,11,8,7
5,11,11,11,11,0,3,7,4,6,3,10,10,2,9,7,3,7,3,4,10,0,9,9,2,8,10,5,5,7,8,8,5,5,9,9,11,5,2,0,7,7,0,5,8,6,8,2,10,0,3,11,4,4,4,0,5,9,7,10,9,11,8,8,0,9,0,10,6,9,6,11,10,0,6,5,3,10,8,11,4,5,5,2,5,11,0,9,0,0,2,9,5,5,6,5,6,11,11,2,11,3,4,5,3,5,5,11,11,9,3,10,3,9,9,10,3,3,7,4,7,9,10,11,5,10,4,7,8,5,11,8,10,9,3,11,5,7,4,7,5,5,8,8,2,10,3,0,9,8
6,0,0,0,0,2,4,8,5,7,4,11,11,3,10,8,4,8,4,5,11,2,10,10,3,9,11,6,6,8,9,9,6,6,10,10,0,6,3,2,8,8,2,6,9,7,9,3,11,2,4,0,5,5,5,2,6,10,8,11,10,0,9,9,2,10,2,11,7,10,7,0,11,2,7,6,4,11,9,0,5,6,6,3,6,0,2,10,2,2,3,10,6,6,7,6,7,0,0,3,0,4,5,6,4,6,6,0,0,10,4,11,4,10,10,11,4,4,8,5,8,10,11,0,6,11,5,8,9,6,0,9,11,10,4,0,6,8,5,8,6,6,9,9,3,11,4,2,10,9
7,2,2,2,2,3,5,9,6,8,5,0,0,4,11,9,5,9,5,6,0,3,11,11,4,10,0,7,7,9,10,10,7,7,11,11,2,7,4,3,9,9,3,7,10,8,10,4,0,3,5,2,6,6,6,3,7,11,9,0,11,2,10,10,3,11,3,0,8,11,8,2,0,3,8,7,5,0,10,2,6,7,7,4,7,2,3,11,3,3,4,11,7,7,8,7,8,2,2,4,2,5,6,7,5,7,7,2,2,11,5,0,5,11,11,0,5,5,9,6,9,11,0,2,7,0,6,9,10,7,2,10,0,11,5,2,7,9,6,9,7,7,10,10,4,0,5,3,11,10
8,3,3,3,3,4,6,10,7,9,6,2,2,5,0,10,6,10,6,7,2,4,0,0,5,11,2,8,8,10,11,11,8,8,0,0,3,8,5,4,10,10,4,8,11,9,11,5,2,4,6,3,7,7,7,4,8,0,10,2,0,3,11,11,4,0,4,2,9,0,9,3,2,4,9,8,6,2,11,3,7,8,8,5,8,3,4,0,4,4,5,0,8,8,9,8,9,3,3,5,3,6,7,8,6,8,8,3,3,0,6,2,6,0,0,2,6,6,10,7,10,0,2,3,8,2,7,10,11,8,3,11,2,0,6,3,8,10,7,10,8,8,11,11,5,2,6,4,0,11
9,4,4,4,4,5,7,11,8,10,7,3,3,6,2,11,7,11,7,8,3,5,2,2,6,0,3,9,9,11,0,0,9,9,2,2,4,9,6,5,11,11,5,9,0,10,0,6,3,5,7,4,8,8,8,5,9,2,11,3,2,4,0,0,5,2,5,3,10,2,10,4,3,5,10,9,7,3,0,4,8,9,9,6,9,4,5,2,5,5,6,2,9,9,10,9,10,4,4,6,4,7,8,9,7,9,9,4,4,2,7,3,7,2,2,3,7,7,11,8,11,2,3,4,9,3,8,11,0,9,4,0,3,2,7,4,9,11,8,11,9,9,0,0,6,3,7,5,2,0
10,5,5,5,5,6,8,0,9,11,8,4,4,7,3,0,8,0,8,9,4,6,3,3,7,2,4,10,10,0,2,2,10,10,3,3,5,10,7,6,0,0,6,10,2,11,2,7,4,6,8,5,9,9,9,6,10,3,0,4,3,5,2,2,6,3,6,4,11,3,11,5,4,6,11,10,8,4,2,5,9,10,10,7,10,5,6,3,6,6,7,3,10,10,11,10,11,5,5,7,5,8,9,10,8,10,10,5,5,3,8,4,8,3,3,4,8,8,0,9,0,3,4,5,10,4,9,0,2,10,5,2,4,3,8,5,10,0,9,0,10,10,2,2,7,4,8,6,3,2
11,6,6,6,6,7,9,2,10,0,9,5,5,8,4,2,9,2,9,10,5,7,4,4,8,3,5,11,11,2,3,3,11,11,4,4,6,11,8,7,2,2,7,11,3,0,3,8,5,7,9,6,10,10,10,7,11,4,2,5,4,6,3,3,7,4,7,5,0,4,0,6,5,7,0,11,9,5,3,6,10,11,11,8,11,6,7,4,7,7,8,4,11,11,0,11,0,6,6,8,6,9,10,11,9,11,11,6,6,4,9,5,9,4,4,5,9,9,2,10,2,4,5,6,11,5,10,2,3,11,6,3,5,4,9,6,11,2,10,2,11,11,3,3,8,5,9,7,4,3
0,7,7,7,7,8,10,3,11,2,10,6,6,9,5,3,10,3,10,11,6,8,5,5,9,4,6,0,0,3,4,4,0,0,5,5,7,0,9,8,3,3,8,0,4,2,4,9,6,8,10,7,11,11,11,8,0,5,3,6,5,7,4,4,8,5,8,6,2,5,2,7,6,8,2,0,10,6,4,7,11,0,0,9,0,7,8,5,8,8,9,5,0,0,2,0,2,7,7,9,7,10,11,0,10,0,0,7,7,5,10,6,10,5,5,6,10,10,3,11,3,5,6,7,0,6,11,3,4,0,7,4,6,5,10,7,0,3,11,3,0,0,4,4,9,6,10,8,5,4
2,8,8,8,8,9,11,4,0,3,11,7,7,10,6,4,11,4,11,0,7,9,6,6,10,5,7,2,2,4,5,5,2,2,6,6,8,2,10,9,4,4,9,2,5,3,5,10,7,9,11,8,0,0,0,9,2,6,4,7,6,8,5,5,9,6,9,7,3,6,3,8,7,9,3,2,11,7,5,8,0,2,2,10,2,8,9,6,9,9,10,6,2,2,3,2,3,8,8,10,8,11,0,2,11,2,2,8,8,6,11,7,11,6,6,7,11,11,4,0,4,6,7,8,2,7,0,4,5,2,8,5,7,6,11,8,2,4,0,4,2,2,5,5,10,7,11,9,6,5
3,9,9,9,9,10,0,5,2,4,0,8,8,11,7,5,0,5,0,2,8,10,7,7,11,6,8,3,3,5,6,6,3,3,7,7,9,3,11,10,5,5,10,3,6,4,6,11,8,10,0,9,2,2,2,10,3,7,5,8,7,9,6,6,10,7,10,8,4,7,4,9,8,10,4,3,0,8,6,9,2,3,3,11,3,9,10,7,10,10,11,7,3,3,4,3,4,9,9,11,9,0,2,3,0,3,3,9,9,7,0,8,0,7,7,8,0,0,5,2,5,7,8,9,3,8,2,5,6,3,9,6,8,7,0,9,3,5,2,5,3,3,6,6,11,8,0,10,7,6
4,10,10,10,10,11,2,6,3,5,2,9,9,0,8,6,2,6,2,3,9,11,8,8,0,7,9,4,4,6,7,7,4,4,8,8,10,4,0,11,6,6,11,4,7,5,7,0,9,11,2,10,3,3,3,11,4,8,6,9,8,10,7,7,11,8,11,9,5,8,5,10,9,11,5,4,2,9,7,10,3,4,4,0,4,10,11,8,11,11,0,8,4,4,5,4,5,10,10,0,10,2,3,4,2,4,4,10,10,8,2,9,2,8,8,9,2,2,6,3,6,8,9,10,4,9,3,6,7,4,10,7,9,8,2,10,4,6,3,6,4,4,7,7,0,9,2,11,8,7
5,11,11,11,11,0,3,7,4,6,3,10,10,2,9,7,3,7,3,4,10,0,9,9,2,8,10,5,5,7,8,8,5,5,9,9,11,5,2,0,7,7,0,5,8,6,8,2,10,0,3,11,4,4,4,0,5,9,7,10,9,11,8,8,0,9,0,10,6,9,6,11,10,0,6,5,3,10,8,11,4,5,5,2,5,11,0,9,0,0,2,9,5,5,6,5,6,11,11,2,11,3,4,5,3,5,5,11,11,9,3,10,3,9,9,10,3,3,7,4,7,9,10,11,5,10,4,7,8,5,11,8,10,9,3,11,5,7,4,7,5,5,8,8,2,10,3,0,9,8
6,0,0,0,0,2,4,8,5,7,4,11,11,3,10,8,4,8,4,5,11,2,10,10,3,9,11,6,6,8,9,9,6,6,10,10,0,6,3,2,8,8,2,6,9,7,9,3,11,2,4,0,5,5,5,2,6,10,8,11,10,0,9,9,2,10,2,11,7,10,7,0,11,2,7,6,4,11,9,0,5,6,6,3,6,0,2,10,2,2,3,10,6,6,7,6,7,0,0,3,0,4,5,6,4,6,6,0,0,10,4,11,4,10,10,11,4,4,8,5,8,10,11,0,6,11,5,8,9,6,0,9,11,10,4,0,6,8,5,8,6,6,9,9,3,11,4,2,10,9
7,2,2,2,2,3,5,9,6,8,5,0,0,4,11,9,5,9,5,6,0,3,11,11,4,10,0,7,7,9,10,10,7,7,11,11,2,7,4,3,9,9,3,7,10,8,10,4,0,3,5,2,6,6,6,3,7,11,9,0,11,2,10,10,3,11,3,0,8,11,8,2,0,3,8,7,5,0,10,2,6,7,7,4,7,2,3,11,3,3,4,11,7,7,8,7,8,2,2,4,2,5,6,7,5,7,7,2,2,11,5,0,5,11,11,0,5,5,9,6,9,11,0,2,7,0,6,9,10,7,2,10,0,11,5,2,7,9,6,9,7,7,10,10,4,0,5,3,11,10
8,3,3,3,3,4,6,10,7,9,6,2,2,5,0,10,6,10,6,7,2,4,0,0,5,11,2,8,8,10,11,11,8,8,0,0,3,8,5,4,10,10,4,8,11,9,11,5,2,4,6,3,7,7,7,4,8,0,10,2,0,3,11,11,4,0,4,2,9,0,9,3,2,4,9,8,6,2,11,3,7,8,8,5,8,3,4,0,4,4,5,0,8,8,9,8,9,3,3,5,3,6,7,8,6,8,8,3,3,0,6,2,6,0,0,2,6,6,10,7,10,0,2,3,8,2,7,10,11,8,3,11,2,0,6,3,8,10,7,10,8,8,11,11,5,2,6,4,0,11
9,4,4,4,4,5,7,11,8,10,7,3,3,6,2,11,7,11,7,8,3,5,2,2,6,0,3,9,9,11,0,0,9,9,2,2,4,9,6,5,11,11,5,9,0,10,0,6,3,5,7,4,8,8,8,5,9,2,11,3,2,4,0,0,5,2,5,3,10,2,10,4,3,5,10,9,7,3,0,4,8,9,9,6,9,4,5,2,5,5,6,2,9,9,10,9,10,4,4,6,4,7,8,9,7,9,9,4,4,2,7,3,7,2,2,3,7,7,11,8,11,2,3,4,9,3,8,11,0,9,4,0,3,2,7,4,9,11,8,11,9,9,0,0,6,3,7,5,2,0
10,5,5,5,5,6,8,0,9,11,8,4,4,7,3,0,8,0,8,9,4,6,3,3,7,2,4,10,10,0,2,2,10,10,3,3,5,10,7,6,0,0,6,10,2,11,2,7,4,6,8,5,9,9,9,6,10,3,0,4,3,5,2,2,6,3,6,4,11,3,11,5,4,6,11,10,8,4,2,5,9,10,10,7,10,5,6,3,6,6,7,3,10,10,11,10,11,5,5,7,5,8,9,10,8,10,10,5,5,3,8,4,8,3,3,4,8,8,0,9,0,3,4,5,10,4,9,0,2,10,5,2,4,3,8,5,10,0,9,0,10,10,2,2,7,4,8,6,3,2
11,6,6,6,6,7,9,2,10,0,9,5,5,8,4,2,9,2,9,10,5,7,4,4,8,3,5,11,11,2,3,3,11,11,4,4,6,11,8,7,2,2,7,11,3,0,3,8,5,7,9,6,10,10,10,7,11,4,2,5,4,6,3,3,7,4,7,5,0,4,0,6,5,7,0,11,9,5,3,6,10,11,11,8,11,6,7,4,7,7,8,4,11,11,0,11,0,6,6,8,6,9,10,11,9,11,11,6,6,4,9,5,9,4,4,5,9,9,2,10,2,4,5,6,11,5,10,2,3,11,6,3,5,4,9,6,11,2,10,2,11,11,3,3,8,5,9,7,4,3
0,7,7,7,7,8,10,3,11,2,10,6,6,9,5,3,10,3,10,11,6,8,5,5,9,4,6,0,0,3,4,4,0,0,5,5,7,0,9,8,3,3,8,0,4,2,4,9,6,8,10,7,11,11,11,8,0,5,3,6,5,7,4,4,8,5,8,6,2,5,2,7,6,8,2,0,10,6,4,7,11,0,0,9,0,7,8,5,8,8,9,5,0,0,2,0,2,7,7,9,7,10,11,0,10,0,0,7,7,5,10,6,10,5,5,6,10,10,3,11,3,5,6,7,0,6,11,3,4,0,7,4,6,5,10,7,0,3,11,3,0,0,4,4,9,6,10,8,5,4
2,8,8,8,8,9,11,4,0,3,11,7,7,10,6,4,11,4,11,0,7,9,6,6,10,5,7,2,2,4,5,5,2,2,6,6,8,2,10,9,4,4,9,2,5,3,5,10,7,9,11,8,0,0,0,9,2,6,4,7,6,8,5,5,9,6,9,7,3,6,3,8,7,9,3,2,11,7,5,8,0,2,2,10,2,8,9,6,9,9,10,6,2,2,3,2,3,8,8,10,8,11,0,2,11,2,2,8,8,6,11,7,11,6,6,7,11,11,4,0,4,6,7,8,2,7,0,4,5,2,8,5,7,6,11,8,2,4,0,4,2,2,5,5,10,7,11,9,6,5
3,9,9,9,9,10,0,5,2,4,0,8,8,11,7,5,0,5,0,2,8,10,7,7,11,6,8,3,3,5,6,6,3,3,7,7,9,3,11,10,5,5,10,3,6,4,6,11,8,10,0,9,2,2,2,10,3,7,5,8,7,9,6,6,10,7,10,8,4,7,4,9,8,10,4,3,0,8,6,9,2,3,3,11,3,9,10,7,10,10,11,7,3,3,4,3,4,9,9,11,9,0,2,3,0,3,3,9,9,7,0,8,0,7,7,8,0,0,5,2,5,7,8,9,3,8,2,5,6,3,9,6,8,7,0,9,3,5,2,5,3,3,6,6,11,8,0,10,7,6
4,10,10,10,10,11,2,6,3,5,2,9,9,0,8,6,2,6,2,3,9,11,8,8,0,7,9,4,4,6,7,7,4,4,8,8,10,4,0,11,6,6,11,4,7,5,7,0,9,11,2,10,3,3,3,11,4,8,6,9,8,10,7,7,11,8,11,9,5,8,5,10,9,11,5,4,2,9,7,10,3,4,4,0,4,10,11,8,11,11,0,8,4,4,5,4,5,10,10,0,10,2,3,4,2,4,4,10,10,8,2,9,2,8,8,9,2,2,6,3,6,8,9,10,4,9,3,6,7,4,10,7,9,8,2,10,4,6,3,6,4,4,7,7,0,9,2,11,8,7
5,11,11,11,11,0,3,7,4,6,3,10,10,2,9,7,3,7,3,4,10,0,9,9,2,8,10,5,5,7,8,8,5,5,9,9,11,5,2,0,7,7,0,5,8,6,8,2,10,0,3,11,4,4,4,0,5,9,7,10,9,11,8,8,0,9,0,10,6,9,6,11,10,0,6,5,3,10,8,11,4,5,5,2,5,11,0,9,0,0,2,9,5,5,6,5,6,11,11,2,11,3,4,5,3,5,5,11,11,9,3,10,3,9,9,10,3,3,7,4,7,9,10,11,5,10,4,7,8,5,11,8,10,9,3,11,5,7,4,7,5,5,8,8,2,10,3,0,9,8
6,0,0,0,0,2,4,8,5,7,4,11,11,3,10,8,4,8,4,5,11,2,10,10,3,9,11,6,6,8,9,9,6,6,10,10,0,6,3,2,8,8,2,6,9,7,9,3,11,2,4,0,5,5,5,2,6,10,8,11,10,0,9,9,2,10,2,11,7,10,7,0,11,2,7,6,4,11,9,0,5,6,6,3,6,0,2,10,2,2,3,10,6,6,7,6,7,0,0,3,0,4,5,6,4,6,6,0,0,10,4,11,4,10,10,11,4,4,8,5,8,10,11,0,6,11,5,8,9,6,0,9,11,10,4,0,6,8,5,8,6,6,9,9,3,11,4,2,10,9
7,2,2,2,2,3,5,9,6,8,5,0,0,4,11,9,5,9,5,6,0,3,11,11,4,10,0,7,7,9,10,10,7,7,11,11,2,7,4,3,9,9,3,7,10,8,10,4,0,3,5,2,6,6,6,3,7,11,9,0,11,2,10,10,3,11,3,0,8,11,8,2,0,3,8,7,5,0,10,2,6,7,7,4,7,2,3,11,3,3,4,11,7,7,8,7,8,2,2,4,2,5,6,7,5,7,7,2,2,11,5,0,5,11,11,0,5,5,9,6,9,11,0,2,7,0,6,9,10,7,2,10,0,11,5,2,7,9,6,9,7,7,10,10,4,0,5,3,11,10
8,3,3,3,3,4,6,10,7,9,6,2,2,5,0,10,6,10,6,7,2,4,0,0,5,11,2,8,8,10,11,11,8,8,0,0,3,8,5,4,10,10,4,8,11,9,11,5,2,4,6,3,7,7,7,4,8,0,10,2,0,3,11,11,4,0,4,2,9,0,9,3,2,4,9,8,6,2,11,3,7,8,8,5,8,3,4,0,4,4,5,0,8,8,9,8,9,3,3,5,3,6,7,8,6,8,8,3,3,0,6,2,6,0,0,2,6,6,10,7,10,0,2,3,8,2,7,10,11,8,3,11,2,0,6,3,8,10,7,10,8,8,11,11,5,2,6,4,0,11
9,4,4,4,4,5,7,11,8,10,7,3,3,6,2,11,7,11,7,8,3,5,2,2,6,0,3,9,9,11,0,0,9,9,2,2,4,9,6,5,11,11,5,9,0,10,0,6,3,5,7,4,8,8,8,5,9,2,11,3,2,4,0,0,5,2,5,3,10,2,10,4,3,5,10,9,7,3,0,4,8,9,9,6,9,4,5,2,5,5,6,2,9,9,10,9,10,4,4,6,4,7,8,9,7,9,9,4,4,2,7,3,7,2,2,3,7,7,11,8,11,2,3,4,9,3,8,11,0,9,4,0,3,2,7,4,9,11,8,11,9,9,0,0,6,3,7,5,2,0
10,5,5,5,5,6,8,0,9,11,8,4,4,7,3,0,8,0,8,9,4,6,3,3,7,2,4,10,10,0,2,2,10,10,3,3,5,10,7,6,0,0,6,10,2,11,2,7,4,6,8,5,9,9,9,6,10,3,0,4,3,5,2,2,6,3,6,4,11,3,11,5,4,6,11,10,8,4,2,5,9,10,10,7,10,5,6,3,6,6,7,3,10,10,11,10,11,5,5,7,5,8,9,10,8,10,10,5,5,3,8,4,8,3,3,4,8,8,0,9,0,3,4,5,10,4,9,0,2,10,5,2,4,3,8,5,10,0,9,0,10,10,2,2,7,4,8,6,3,2
11,6,6,6,6,7,9,2,10,0,9,5,5,8,4,2,9,2,9,10,5,7,4,4,8,3,5,11,11,2,3,3,11,11,4,4,6,11,8,7,2,2,7,11,3,0,3,8,5,7,9,6,10,10,10,7,11,4,2,5,4,6,3,3,7,4,7,5,0,4,0,6,5,7,0,11,9,5,3,6,10,11,11,8,11,6,7,4,7,7,8,4,11,11,0,11,0,6,6,8,6,9,10,11,9,11,11,6,6,4,9,5,9,4,4,5,9,9,2,10,2,4,5,6,11,5,10,2,3,11,6,3,5,4,9,6,11,2,10,2,11,11,3,3,8,5,9,7,4,3
0,7,7,7,7,8,10,3,11,2,10,6,6,9,5,3,10,3,10,11,6,8,5,5,9,4,6,0,0,3,4,4,0,0,5,5,7,0,9,8,3,3,8,0,4,2,4,9,6,8,10,7,11,11,11,8,0,5,3,6,5,7,4,4,8,5,8,6,2,5,2,7,6,8,2,0,10,6,4,7,11,0,0,9,0,7,8,5,8,8,9,5,0,0,2,0,2,7,7,9,7,10,11,0,10,0,0,7,7,5,10,6,10,5,5,6,10,10,3,11,3,5,6,7,0,6,11,3,4,0,7,4,6,5,10,7,0,3,11,3,0,0,4,4,9,6,10,8,5,4
2,8,8,8,8,9,11,4,0,3,11,7,7,10,6,4,11,4,11,0,7,9,6,6,10,5,7,2,2,4,5,5,2,2,6,6,8,2,10,9,4,4,9,2,5,3,5,10,7,9,11,8,0,0,0,9,2,6,4,7,6,8,5,5,9,6,9,7,3,6,3,8,7,9,3,2,11,7,5,8,0,2,2,10,2,8,9,6,9,9,10,6,2,2,3,2,3,8,8,10,8,11,0,2,11,2,2,8,8,6,11,7,11,6,6,7,11,11,4,0,4,6,7,8,2,7,0,4,5,2,8,5,7,6,11,8,2,4,0,4,2,2,5,5,10,7,11,9,6,5
3,9,9,9,9,10,0,5,2,4,0,8,8,11,7,5,0,5,0,2,8,10,7,7,11,6,8,3,3,5,6,6,3,3,7,7,9,3,11,10,5,5,10,3,6,4,6,11,8,10,0,9,2,2,2,10,3,7,5,8,7,9,6,6,10,7,10,8,4,7,4,9,8,10,4,3,0,8,6,9,2,3,3,11,3,9,10,7,10,10,11,7,3,3,4,3,4,9,9,11,9,0,2,3,0,3,3,9,9,7,0,8,0,7,7,8,0,0,5,2,5,7,8,9,3,8,2,5,6,3,9,6,8,7,0,9,3,5,2,5,3,3,6,6,11,8,0,10,7,6
4,10,10,10,10,11,2,6,3,5,2,9,9,0,8,6,2,6,2,3,9,11,8,8,0,7,9,4,4,6,7,7,4,4,8,8,10,4,0,11,6,6,11,4,7,5,7,0,9,11,2,10,3,3,3,11,4,8,6,9,8,10,7,7,11,8,11,9,5,8,5,10,9,11,5,4,2,9,7,10,3,4,4,0,4,10,11,8,11,11,0,8,4,4,5,4,5,10,10,0,10,2,3,4,2,4,4,10,10,8,2,9,2,8,8,9,2,2,6,3,6,8,9,10,4,9,3,6,7,4,10,7,9,8,2,10,4,6,3,6,4,4,7,7,0,9,2,11,8,7
5,11,11,11,11,0,3,7,4,6,3,10,10,2,9,7,3,7,3,4,10,0,9,9,2,8,10,5,5,7,8,8,5,5,9,9,11,5,2,0,7,7,0,5,8,6,8,2,10,0,3,11,4,4,4,0,5,9,7,10,9,11,8,8,0,9,0,10,6,9,6,11,10,0,6,5,3,10,8,11,4,5,5,2,5,11,0,9,0,0,2,9,5,5,6,5,6,11,11,2,11,3,4,5,3,5,5,11,11,9,3,10,3,9,9,10,3,3,7,4,7,9,10,11,5,10,4,7,8,5,11,8,10,9,3,11,5,7,4,7,5,5,8,8,2,10,3,0,9,8
6,0,0,0,0,2,4,8,5,7,4,11,11,3,10,8,4,8,4,5,11,2,10,10,3,9,11,6,6,8,9,9,6,6,10,10,0,6,3,2,8,8,2,6,9,7,9,3,11,2,4,0,5,5,5,2,6,10,8,11,10,0,9,9,2,10,2,11,7,10,7,0,11,2,7,6,4,11,9,0,5,6,6,3,6,0,2,10,2,2,3,10,6,6,7,6,7,0,0,3,0,4,5,6,4,6,6,0,0,10,4,11,4,10,10,11,4,4,8,5,8,10,11,0,6,11,5,8,9,6,0,9,11,10,4,0,6,8,5,8,6,6,9,9,3,11,4,2,10,9
7,2,2,2,2,3,5,9,6,8,5,0,0,4,11,9,5,9,5,6,0,3,11,11,4,10,0,7,7,9,10,10,7,7,11,11,2,7,4,3,9,9,3,7,10,8,10,4,0,3,5,2,6,6,6,3,7,11,9,0,11,2,10,10,3,11,3,0,8,11,8,2,0,3,8,7,5,0,10,2,6,7,7,4,7,2,3,11,3,3,4,11,7,7,8,7,8,2,2,4,2,5,6,7,5,7,7,2,2,11,5,0,5,11,11,0,5,5,9,6,9,11,0,2,7,0,6,9,10,7,2,10,0,11,5,2,7,9,6,9,7,7,10,10,4,0,5,3,11,10
8,3,3,3,3,4,6,10,7,9,6,2,2,5,0,10,6,10,6,7,2,4,0,0,5,11,2,8,8,10,11,11,8,8,0,0,3,8,5,4,10,10,4,8,11,9,11,5,2,4,6,3,7,7,7,4,8,0,10,2,0,3,11,11,4,0,4,2,9,0,9,3,2,4,9,8,6,2,11,3,7,8,8,5,8,3,4,0,4,4,5,0,8,8,9,8,9,3,3,5,3,6,7,8,6,8,8,3,3,0,6,2,6,0,0,2,6,6,10,7,10,0,2,3,8,2,7,10,11,8,3,11,2,0,6,3,8,10,7,10,8,8,11,11,5,2,6,4,0,11
9,4,4,4,4,5,7,11,8,10,7,3,3,6,2,11,7,11,7,8,3,5,2,2,6,0,3,9,9,11,0,0,9,9,2,2,4,9,6,5,11,11,5,9,0,10,0,6,3,5,7,4,8,8,8,5,9,2,11,3,2,4,0,0,5,2,5,3,10,2,10,4,3,5,10,9,7,3,0,4,8,9,9,6,9,4,5,2,5,5,6,2,9,9,10,9,10,4,4,6,4,7,8,9,7,9,9,4,4,2,7,3,7,2,2,3,7,7,11,8,11,2,3,4,9,3,8,11,0,9,4,0,3,2,7,4,9,11,8,11,9,9,0,0,6,3,7,5,2,0
10,5,5,5,5,6,8,0,9,11,8,4,4,7,3,0,8,0,8,9,4,6,3,3,7,2,4,10,10,0,2,2,10,10,3,3,5,10,7,6,0,0,6,10,2,11,2,7,4,6,8,5,9,9,9,6,10,3,0,4,3,5,2,2,6,3,6,4,11,3,11,5,4,6,11,10,8,4,2,5,9,10,10,7,10,5,6,3,6,6,7,3,10,10,11,10,11,5,5,7,5,8,9,10,8,10,10,5,5,3,8,4,8,3,3,4,8,8,0,9,0,3,4,5,10,4,9,0,2,10,5,2,4,3,8,5,10,0,9,0,10,10,2,2,7,4,8,6,3,2
11,6,6,6,6,7,9,2,10,0,9,5,5,8,4,2,9,2,9,10,5,7,4,4,8,3,5,11,11,2,3,3,11,11,4,4,6,11,8,7,2,2,7,11,3,0,3,8,5,7,9,6,10,10,10,7,11,4,2,5,4,6,3,3,7,4,7,5,0,4,0,6,5,7,0,11,9,5,3,6,10,11,11,8,11,6,7,4,7,7,8,4,11,11,0,11,0,6,6,8,6,9,10,11,9,11,11,6,6,4,9,5,9,4,4,5,9,9,2,10,2,4,5,6,11,5,10,2,3,11,6,3,5,4,9,6,11,2,10,2,11,11,3,3,8,5,9,7,4,3
0,7,7,7,7,8,10,3,11,2,10,6,6,9,5,3,10,3,10,11,6,8,5,5,9,4,6,0,0,3,4,4,0,0,5,5,7,0,9,8,3,3,8,0,4,2,4,9,6,8,10,7,11,11,11,8,0,5,3,6,5,7,4,4,8,5,8,6,2,5,2,7,6,8,2,0,10,6,4,7,11,0,0,9,0,7,8,5,8,8,9,5,0,0,2,0,2,7,7,9,7,10,11,0,10,0,0,7,7,5,10,6,10,5,5,6,10,10,3,11,3,5,6,7,0,6,11,3,4,0,7,4,6,5,10,7,0,3,11,3,0,0,4,4,9,6,10,8,5,4
2,8,8,8,8,9,11,4,0,3,11,7,7,10,6,4,11,4,11,0,7,9,6,6,10,5,7,2,2,4,5,5,2,2,6,6,8,2,10,9,4,4,9,2,5,3,5,10,7,9,11,8,0,0,0,9,2,6,4,7,6,8,5,5,9,6,9,7,3,6,3,8,7,9,3,2,11,7,5,8,0,2,2,10,2,8,9,6,9,9,10,6,2,2,3,2,3,8,8,10,8,11,0,2,11,2,2,8,8,6,11,7,11,6,6,7,11,11,4,0,4,6,7,8,2,7,0,4,5,2,8,5,7,6,11,8,2,4,0,4,2,2,5,5,10,7,11,9,6,5
3,9,9,9,9,10,0,5,2,4,0,8,8,11,7,5,0,5,0,2,8,10,7,7,11,6,8,3,3,5,6,6,3,3,7,7,9,3,11,10,5,5,10,3,6,4,6,11,8,10,0,9,2,2,2,10,3,7,5,8,7,9,6,6,10,7,10,8,4,7,4,9,8,10,4,3,0,8,6,9,2,3,3,11,3,9,10,7,10,10,11,7,3,3,4,3,4,9,9,11,9,0,2,3,0,3,3,9,9,7,0,8,0,7,7,8,0,0,5,2,5,7,8,9,3,8,2,5,6,3,9,6,8,7,0,9,3,5,2,5,3,3,6,6,11,8,0,10,7,6
4,10,10,10,10,11,2,6,3,5,2,9,9,0,8,6,2,6,2,3,9,11,8,8,0,7,9,4,4,6,7,7,4,4,8,8,10,4,0,11,6,6,11,4,7,5,7,0,9,11,2,10,3,3,3,11,4,8,6,9,8,10,7,7,11,8,11,9,5,8,5,10,9,11,5,4,2,9,7,10,3,4,4,0,4,10,11,8,11,11,0,8,4,4,5,4,5,10,10,0,10,2,3,4,2,4,4,10,10,8,2,9,2,8,8,9,2,2,6,3,6,8,9,10,4,9,3,6,7,4,10,7,9,8,2,10,4,6,3,6,4,4,7,7,0,9,2,11,8,7
5,11,11,11,11,0,3,7,4,6,3,10,10,2,9,7,3,7,3,4,10,0,9,9,2,8,10,5,5,7,8,8,5,5,9,9,11,5,2,0,7,7,0,5,8,6,8,2,10,0,3,11,4,4,4,0,5,9,7,10,9,11,8,8,0,9,0,10,6,9,6,11,10,0,6,5,3,10,8,11,4,5,5,2,5,11,0,9,0,0,2,9,5,5,6,5,6,11,11,2,11,3,4,5,3,5,5,11,11,9,3,10,3,9,9,10,3,3,7,4,7,9,10,11,5,10,4,7,8,5,11,8,10,9,3,11,5,7,4,7,5,5,8,8,2,10,3,0,9,8
6,0,0,0,0,2,4,8,5,7,4,11,11,3,10,8,4,8,4,5,11,2,10,10,3,9,11,6,6,8,9,9,6,6,10,10,0,6,3,2,8,8,2,6,9,7,9,3,11,2,4,0,5,5,5,2,6,10,8,11,10,0,9,9,2,10,2,11,7,10,7,0,11,2,7,6,4,11,9,0,5,6,6,3,6,0,2,10,2,2,3,10,6,6,7,6,7,0,0,3,0,4,5,6,4,6,6,0,0,10,4,11,4,10,10,11,4,4,8,5,8,10,11,0,6,11,5,8,9,6,0,9,11,10,4,0,6,8,5,8,6,6,9,9,3,11,4,2,10,9
7,2,2,2,2,3,5,9,6,8,5,0,0,4,11,9,5,9,5,6,0,3,11,11,4,10,0,7,7,9,10,10,7,7,11,11,2,7,4,3,9,9,3,7,10,8,10,4,0,3,5,2,6,6,6,3,7,11,9,0,11,2,10,10,3,11,3,0,8,11,8,2,0,3,8,7,5,0,10,2,6,7,7,4,7,2,3,11,3,3,4,11,7,7,8,7,8,2,2,4,2,5,6,7,5,7,7,2,2,11,5,0,5,11,11,0,5,5,9,6,9,11,0,2,7,0,6,9,10,7,2,10,0,11,5,2,7,9,6,9,7,7,10,10,4,0,5,3,11,10
8,3,3,3,3,4,6,10,7,9,6,2,2,5,0,10,6,10,6,7,2,4,0,0,5,11,2,8,8,10,11,11,8,8,0,0,3,8,5,4,10,10,4,8,11,9,11,5,2,4,6,3,7,7,7,4,8,0,10,2,0,3,11,11,4,0,4,2,9,0,9,3,2,4,9,8,6,2,11,3,7,8,8,5,8,3,4,0,4,4,5,0,8,8,9,8,9,3,3,5,3,6,7,8,6,8,8,3,3,0,6,2,6,0,0,2,6,6,10,7,10,0,2,3,8,2,7,10,11,8,3,11,2,0,6,3,8,10,7,10,8,8,11,11,5,2,6,4,0,11
9,4,4,4,4,5,7,11,8,10,7,3,3,6,2,11,7,11,7,8,3,5,2,2,6,0,3,9,9,11,0,0,9,9,2,2,4,9,6,5,11,11,5,9,0,10,0,6,3,5,7,4,8,8,8,5,9,2,11,3,2,4,0,0,5,2,5,3,10,2,10,4,3,5,10,9,7,3,0,4,8,9,9,6,9,4,5,2,5,5,6,2,9,9,10,9,10,4,4,6,4,7,8,9,7,9,9,4,4,2,7,3,7,2,2,3,7,7,11,8,11,2,3,4,9,3,8,11,0,9,4,0,3,2,7,4,9,11,8,11,9,9,0,0,6,3,7,5,2,0
10,5,5,5,5,6,8,0,9,11,8,4,4,7,3,0,8,0,8,9,4,6,3,3,7,2,4,10,10,0,2,2,10,10,3,3,5,10,7,6,0,0,6,10,2,11,2,7,4,6,8,5,9,9,9,6,10,3,0,4,3,5,2,2,6,3,6,4,11,3,11,5,4,6,11,10,8,4,2,5,9,10,10,7,10,5,6,3,6,6,7,3,10,10,11,10,11,5,5,7,5,8,9,10,8,10,10,5,5,3,8,4,8,3,3,4,8,8,0,9,0,3,4,5,10,4,9,0,2,10,5,2,4,3,8,5,10,0,9,0,10,10,2,2,7,4,8,6,3,2
11,6,6,6,6,7,9,2,10,0,9,5,5,8,4,2,9,2,9,10,5,7,4,4,8,3,5,11,11,2,3,3,11,11,4,4,6,11,8,7,2,2,7,11,3,0,3,8,5,7,9,6,10,10,10,7,11,4,2,5,4,6,3,3,7,4,7,5,0,4,0,6,5,7,0,11,9,5,3,6,10,11,11,8,11,6,7,4,7,7,8,4,11,11,0,11,0,6,6,8,6,9,10,11,9,11,11,6,6,4,9,5,9,4,4,5,9,9,2,10,2,4,5,6,11,5,10,2,3,11,6,3,5,4,9,6,11,2,10,2,11,11,3,3,8,5,9,7,4,3
0,7,7,7,7,8,10,3,11,2,10,6,6,9,5,3,10,3,10,11,6,8,5,5,9,4,6,0,0,3,4,4,0,0,5,5,7,0,9,8,3,3,8,0,4,2,4,9,6,8,10,7,11,11,11,8,0,5,3,6,5,7,4,4,8,5,8,6,2,5,2,7,6,8,2,0,10,6,4,7,11,0,0,9,0,7,8,5,8,8,9,5,0,0,2,0,2,7,7,9,7,10,11,0,10,0,0,7,7,5,10,6,10,5,5,6,10,10,3,11,3,5,6,7,0,6,11,3,4,0,7,4,6,5,10,7,0,3,11,3,0,0,4,4,9,6,10,8,5,4
2,8,8,8,8,9,11,4,0,3,11,7,7,10,6,4,11,4,11,0,7,9,6,6,10,5,7,2,2,4,5,5,2,2,6,6,8,2,10,9,4,4,9,2,5,3,5,10,7,9,11,8,0,0,0,9,2,6,4,7,6,8,5,5,9,6,9,7,3,6,3,8,7,9,3,2,11,7,5,8,0,2,2,10,2,8,9,6,9,9,10,6,2,2,3,2,3,8,8,10,8,11,0,2,11,2,2,8,8,6,11,7,11,6,6,7,11,11,4,0,4,6,7,8,2,7,0,4,5,2,8,5,7,6,11,8,2,4,0,4,2,2,5,5,10,7,11,9,6,5
3,9,9,9,9,10,0,5,2,4,0,8,8,11,7,5,0,5,0,2,8,10,7,7,11,6,8,3,3,5,6,6,3,3,7,7,9,3,11,10,5,5,10,3,6,4,6,11,8,10,0,9,2,2,2,10,3,7,5,8,7,9,6,6,10,7,10,8,4,7,4,9,8,10,4,3,0,8,6,9,2,3,3,11,3,9,10,7,10,10,11,7,3,3,4,3,4,9,9,11,9,0,2,3,0,3,3,9,9,7,0,8,0,7,7,8,0,0,5,2,5,7,8,9,3,8,2,5,6,3,9,6,8,7,0,9,3,5,2,5,3,3,6,6,11,8,0,10,7,6
4,10,10,10,10,11,2,6,3,5,2,9,9,0,8,6,2,6,2,3,9,11,8,8,0,7,9,4,4,6,7,7,4,4,8,8,10,4,0,11,6,6,11,4,7,5,7,0,9,11,2,10,3,3,3,11,4,8,6,9,8,10,7,7,11,8,11,9,5,8,5,10,9,11,5,4,2,9,7,10,3,4,4,0,4,10,11,8,11,11,0,8,4,4,5,4,5,10,10,0,10,2,3,4,2,4,4,10,10,8,2,9,2,8,8,9,2,2,6,3,6,8,9,10,4,9,3,6,7,4,10,7,9,8,2,10,4,6,3,6,4,4,7,7,0,9,2,11,8,7
5,11,11,11,11,0,3,7,4,6,3,10,10,2,9,7,3,7,3,4,10,0,9,9,2,8,10,5,5,7,8,8,5,5,9,9,11,5,2,0,7,7,0,5,8,6,8,2,10,0,3,11,4,4,4,0,5,9,7,10,9,11,8,8,0,9,0,10,6,9,6,11,10,0,6,5,3,10,8,11,4,5,5,2,5,11,0,9,0,0,2,9,5,5,6,5,6,11,11,2,11,3,4,5,3,5,5,11,11,9,3,10,3,9,9,10,3,3,7,4,7,9,10,11,5,10,4,7,8,5,11,8,10,9,3,11,5,7,4,7,5,5,8,8,2,10,3,0,9,8
6,0,0,0,0,2,4,8,5,7,4,11,11,3,10,8,4,8,4,5,11,2,10,10,3,9,11,6,6,8,9,9,6,6,10,10,0,6,3,2,8,8,2,6,9,7,9,3,11,2,4,0,5,5,5,2,6,10,8,11,10,0,9,9,2,10,2,11,7,10,7,0,11,2,7,6,4,11,9,0,5,6,6,3,6,0,2,10,2,2,3,10,6,6,7,6,7,0,0,3,0,4,5,6,4,6,6,0,0,10,4,11,4,10,10,11,4,4,8,5,8,10,11,0,6,11,5,8,9,6,0,9,11,10,4,0,6,8,5,8,6,6,9,9,3,11,4,2,10,9
7,2,2,2,2,3,5,9,6,8,5,0,0,4,11,9,5,9,5,6,0,3,11,11,4,10,0,7,7,9,10,10,7,7,11,11,2,7,4,3,9,9,3,7,10,8,10,4,0,3,5,2,6,6,6,3,7,11,9,0,11,2,10,10,3,11,3,0,8,11,8,2,0,3,8,7,5,0,10,2,6,7,7,4,7,2,3,11,3,3,4,11,7,7,8,7,8,2,2,4,2,5,6,7,5,7,7,2,2,11,5,0,5,11,11,0,5,5,9,6,9,11,0,2,7,0,6,9,10,7,2,10,0,11,5,2,7,9,6,9,7,7,10,10,4,0,5,3,11,10
8,3,3,3,3,4,6,10,7,9,6,2,2,5,0,10,6,10,6,7,2,4,0,0,5,11,2,8,8,10,11,11,8,8,0,0,3,8,5,4,10,10,4,8,11,9,11,5,2,4,6,3,7,7,7,4,8,0,10,2,0,3,11,11,4,0,4,2,9,0,9,3,2,4,9,8,6,2,11,3,7,8,8,5,8,3,4,0,4,4,5,0,8,8,9,8,9,3,3,5,3,6,7,8,6,8,8,3,3,0,6,2,6,0,0,2,6,6,10,7,10,0,2,3,8,2,7,10,11,8,3,11,2,0,6,3,8,10,7,10,8,8,11,11,5,2,6,4,0,11
9,4,4,4,4,5,7,11,8,10,7,3,3,6,2,11,7,11,7,8,3,5,2,2,6,0,3,9,9,11,0,0,9,9,2,2,4,9,6,5,11,11,5,9,0,10,0,6,3,5,7,4,8,8,8,5,9,2,11,3,2,4,0,0,5,2,5,3,10,2,10,4,3,5,10,9,7,3,0,4,8,9,9,6,9,4,5,2,5,5,6,2,9,9,10,9,10,4,4,6,4,7,8,9,7,9,9,4,4,2,7,3,7,2,2,3,7,7,11,8,11,2,3,4,9,3,8,11,0,9,4,0,3,2,7,4,9,11,8,11,9,9,0,0,6,3,7,5,2,0
10,5,5,5,5,6,8,0,9,11,8,4,4,7,3,0,8,0,8,9,4,6,3,3,7,2,4,10,10,0,2,2,10,10,3,3,5,10,7,6,0,0,6,10,2,11,2,7,4,6,8,5,9,9,9,6,10,3,0,4,3,5,2,2,6,3,6,4,11,3,11,5,4,6,11,10,8,4,2,5,9,10,10,7,10,5,6,3,6,6,7,3,10,10,11,10,11,5,5,7,5,8,9,10,8,10,10,5,5,3,8,4,8,3,3,4,8,8,0,9,0,3,4,5,10,4,9,0,2,10,5,2,4,3,8,5,10,0,9,0,10,10,2,2,7,4,8,6,3,2
11,6,6,6,6,7,9,2,10,0,9,5,5,8,4,2,9,2,9,10,5,7,4,4,8,3,5,11,11,2,3,3,11,11,4,4,6,11,8,7,2,2,7,11,3,0,3,8,5,7,9,6,10,10,10,7,11,4,2,5,4,6,3,3,7,4,7,5,0,4,0,6,5,7,0,11,9,5,3,6,10,11,11,8,11,6,7,4,7,7,8,4,11,11,0,11,0,6,6,8,6,9,10,11,9,11,11,6,6,4,9,5,9,4,4,5,9,9,2,10,2,4,5,6,11,5,10,2,3,11,6,3,5,4,9,6,11,2,10,2,11,11,3,3,8,5,9,7,4,3
0,7,7,7,7,8,10,3,11,2,10,6,6,9,5,3,10,3,10,11,6,8,5,5,9,4,6,0,0,3,4,4,0,0,5,5,7,0,9,8,3,3,8,0,4,2,4,9,6,8,10,7,11,11,11,8,0,5,3,6,5,7,4,4,8,5,8,6,2,5,2,7,6,8,2,0,10,6,4,7,11,0,0,9,0,7,8,5,8,8,9,5,0,0,2,0,2,7,7,9,7,10,11,0,10,0,0,7,7,5,10,6,10,5,5,6,10,10,3,11,3,5,6,7,0,6,11,3,4,0,7,4,6,5,10,7,0,3,11,3,0,0,4,4,9,6,10,8,5,4
2,8,8,8,8,9,11,4,0,3,11,7,7,10,6,4,11,4,11,0,7,9,6,6,10,5,7,2,2,4,5,5,2,2,6,6,8,2,10,9,4,4,9,2,5,3,5,10,7,9,11,8,0,0,0,9,2,6,4,7,6,8,5,5,9,6,9,7,3,6,3,8,7,9,3,2,11,7,5,8,0,2,2,10,2,8,9,6,9,9,10,6,2,2,3,2,3,8,8,10,8,11,0,2,11,2,2,8,8,6,11,7,11,6,6,7,11,11,4,0,4,6,7,8,2,7,0,4,5,2,8,5,7,6,11,8,2,4,0,4,2,2,5,5,10,7,11,9,6,5
3,9,9,9,9,10,0,5,2,4,0,8,8,11,7,5,0,5,0,2,8,10,7,7,11,6,8,3,3,5,6,6,3,3,7,7,9,3,11,10,5,5,10,3,6,4,6,11,8,10,0,9,2,2,2,10,3,7,5,8,7,9,6,6,10,7,10,8,4,7,4,9,8,10,4,3,0,8,6,9,2,3,3,11,3,9,10,7,10,10,11,7,3,3,4,3,4,9,9,11,9,0,2,3,0,3,3,9,9,7,0,8,0,7,7,8,0,0,5,2,5,7,8,9,3,8,2,5,6,3,9,6,8,7,0,9,3,5,2,5,3,3,6,6,11,8,0,10,7,6
4,10,10,10,10,11,2,6,3,5,2,9,9,0,8,6,2,6,2,3,9,11,8,8,0,7,9,4,4,6,7,7,4,4,8,8,10,4,0,11,6,6,11,4,7,5,7,0,9,11,2,10,3,3,3,11,4,8,6,9,8,10,7,7,11,8,11,9,5,8,5,10,9,11,5,4,2,9,7,10,3,4,4,0,4,10,11,8,11,11,0,8,4,4,5,4,5,10,10,0,10,2,3,4,2,4,4,10,10,8,2,9,2,8,8,9,2,2,6,3,6,8,9,10,4,9,3,6,7,4,10,7,9,8,2,10,4,6,3,6,4,4,7,7,0,9,2,11,8,7
5,11,11,11,11,0,3,7,4,6,3,10,10,2,9,7,3,7,3,4,10,0,9,9,2,8,10,5,5,7,8,8,5,5,9,9,11,5,2,0,7,7,0,5,8,6,8,2,10,0,3,11,4,4,4,0,5,9,7,10,9,11,8,8,0,9,0,10,6,9,6,11,10,0,6,5,3,10,8,11,4,5,5,2,5,11,0,9,0,0,2,9,5,5,6,5,6,11,11,2,11,3,4,5,3,5,5,11,11,9,3,10,3,9,9,10,3,3,7,4,7,9,10,11,5,10,4,7,8,5,11,8,10,9,3,11,5,7,4,7,5,5,8,8,2,10,3,0,9,8
6,0,0,0,0,2,4,8,5,7,4,11,11,3,10,8,4,8,4,5,11,2,10,10,3,9,11,6,6,8,9,9,6,6,10,10,0,6,3,2,8,8,2,6,9,7,9,3,11,2,4,0,5,5,5,2,6,10,8,11,10,0,9,9,2,10,2,11,7,10,7,0,11,2,7,6,4,11,9,0,5,6,6,3,6,0,2,10,2,2,3,10,6,6,7,6,7,0,0,3,0,4,5,6,4,6,6,0,0,10,4,11,4,10,10,11,4,4,8,5,8,10,11,0,6,11,5,8,9,6,0,9,11,10,4,0,6,8,5,8,6,6,9,9,3,11,4,2,10,9
7,2,2,2,2,3,5,9,6,8,5,0,0,4,11,9,5,9,5,6,0,3,11,11,4,10,0,7,7,9,10,10,7,7,11,11,2,7,4,3,9,9,3,7,10,8,10,4,0,3,5,2,6,6,6,3,7,11,9,0,11,2,10,10,3,11,3,0,8,11,8,2,0,3,8,7,5,0,10,2,6,7,7,4,7,2,3,11,3,3,4,11,7,7,8,7,8,2,2,4,2,5,6,7,5,7,7,2,2,11,5,0,5,11,11,0,5,5,9,6,9,11,0,2,7,0,6,9,10,7,2,10,0,11,5,2,7,9,6,9,7,7,10,10,4,0,5,3,11,10
8,3,3,3,3,4,6,10,7,9,6,2,2,5,0,10,6,10,6,7,2,4,0,0,5,11,2,8,8,10,11,11,8,8,0,0,3,8,5,4,10,10,4,8,11,9,11,5,2,4,6,3,7,7,7,4,8,0,10,2,0,3,11,11,4,0,4,2,9,0,9,3,2,4,9,8,6,2,11,3,7,8,8,5,8,3,4,0,4,4,5,0,8,8,9,8,9,3,3,5,3,6,7,8,6,8,8,3,3,0,6,2,6,0,0,2,6,6,10,7,10,0,2,3,8,2,7,10,11,8,3,11,2,0,6,3,8,10,7,10,8,8,11,11,5,2,6,4,0,11
9,4,4,4,4,5,7,11,8,10,7,3,3,6,2,11,7,11,7,8,3,5,2,2,6,0,3,9,9,11,0,0,9,9,2,2,4,9,6,5,11,11,5,9,0,10,0,6,3,5,7,4,8,8,8,5,9,2,11,3,2,4,0,0,5,2,5,3,10,2,10,4,3,5,10,9,7,3,0,4,8,9,9,6,9,4,5,2,5,5,6,2,9,9,10,9,10,4,4,6,4,7,8,9,7,9,9,4,4,2,7,3,7,2,2,3,7,7,11,8,11,2,3,4,9,3,8,11,0,9,4,0,3,2,7,4,9,11,8,11,9,9,0,0,6,3,7,5,2,0
10,5,5,5,5,6,8,0,9,11,8,4,4,7,3,0,8,0,8,9,4,6,3,3,7,2,4,10,10,0,2,2,10,10,3,3,5,10,7,6,0,0,6,10,2,11,2,7,4,6,8,5,9,9,9,6,10,3,0,4,3,5,2,2,6,3,6,4,11,3,11,5,4,6,11,10,8,4,2,5,9,10,10,7,10,5,6,3,6,6,7,3,10,10,11,10,11,5,5,7,5,8,9,10,8,10,10,5,5,3,8,4,8,3,3,4,8,8,0,9,0,3,4,5,10,4,9,0,2,10,5,2,4,3,8,5,10,0,9,0,10,10,2,2,7,4,8,6,3,2
11,6,6,6,6,7,9,2,10,0,9,5,5,8,4,2,9,2,9,10,5,7,4,4,8,3,5,11,11,2,3,3,11,11,4,4,6,11,8,7,2,2,7,11,3,0,3,8,5,7,9,6,10,10,10,7,11,4,2,5,4,6,3,3,7,4,7,5,0,4,0,6,5,7,0,11,9,5,3,6,10,11,11,8,11,6,7,4,7,7,8,4,11,11,0,11,0,6,6,8,6,9,10,11,9,11,11,6,6,4,9,5,9,4,4,5,9,9,2,10,2,4,5,6,11,5,10,2,3,11,6,3,5,4,9,6,11,2,10,2,11,11,3,3,8,5,9,7,4,3
0,7,7,7,7,8,10,3,11,2,10,6,6,9,5,3,10,3,10,11,6,8,5,5,9,4,6,0,0,3,4,4,0,0,5,5,7,0,9,8,3,3,8,0,4,2,4,9,6,8,10,7,11,11,11,8,0,5,3,6,5,7,4,4,8,5,8,6,2,5,2,7,6,8,2,0,10,6,4,7,11,0,0,9,0,7,8,5,8,8,9,5,0,0,2,0,2,7,7,9,7,10,11,0,10,0,0,7,7,5,10,6,10,5,5,6,10,10,3,11,3,5,6,7,0,6,11,3,4,0,7,4,6,5,10,7,0,3,11,3,0,0,4,4,9,6,10,8,5,4
2,8,8,8,8,9,11,4,0,3,11,7,7,10,6,4,11,4,11,0,7,9,6,6,10,5,7,2,2,4,5,5,2,2,6,6,8,2,10,9,4,4,9,2,5,3,5,10,7,9,11,8,0,0,0,9,2,6,4,7,6,8,5,5,9,6,9,7,3,6,3,8,7,9,3,2,11,7,5,8,0,2,2,10,2,8,9,6,9,9,10,6,2,2,3,2,3,8,8,10,8,11,0,2,11,2,2,8,8,6,11,7,11,6,6,7,11,11,4,0,4,6,7,8,2,7,0,4,5,2,8,5,7,6,11,8,2,4,0,4,2,2,5,5,10,7,11,9,6,5
3,9,9,9,9,10,0,5,2,4,0,8,8,11,7,5,0,5,0,2,8,10,7,7,11,6,8,3,3,5,6,6,3,3,7,7,9,3,11,10,5,5,10,3,6,4,6,11,8,10,0,9,2,2,2,10,3,7,5,8,7,9,6,6,10,7,10,8,4,7,4,9,8,10,4,3,0,8,6,9,2,3,3,11,3,9,10,7,10,10,11,7,3,3,4,3,4,9,9,11,9,0,2,3,0,3,3,9,9,7,0,8,0,7,7,8,0,0,5,2,5,7,8,9,3,8,2,5,6,3,9,6,8,7,0,9,3,5,2,5,3,3,6,6,11,8,0,10,7,6
4,10,10,10,10,11,2,6,3,5,2,9,9,0,8,6,2,6,2,3,9,11,8,8,0,7,9,4,4,6,7,7,4,4,8,8,10,4,0,11,6,6,11,4,7,5,7,0,9,11,2,10,3,3,3,11,4,8,6,9,8,10,7,7,11,8,11,9,5,8,5,10,9,11,5,4,2,9,7,10,3,4,4,0,4,10,11,8,11,11,0,8,4,4,5,4,5,10,10,0,10,2,3,4,2,4,4,10,10,8,2,9,2,8,8,9,2,2,6,3,6,8,9,10,4,9,3,6,7,4,10,7,9,8,2,10,4,6,3,6,4,4,7,7,0,9,2,11,8,7
5,11,11,11,11,0,3,7,4,6,3,10,10,2,9,7,3,7,3,4,10,0,9,9,2,8,10,5,5,7,8,8,5,5,9,9,11,5,2,0,7,7,0,5,8,6,8,2,10,0,3,11,4,4,4,0,5,9,7,10,9,11,8,8,0,9,0,10,6,9,6,11,10,0,6,5,3,10,8,11,4,5,5,2,5,11,0,9,0,0,2,9,5,5,6,5,6,11,11,2,11,3,4,5,3,5,5,11,11,9,3,10,3,9,9,10,3,3,7,4,7,9,10,11,5,10,4,7,8,5,11,8,10,9,3,11,5,7,4,7,5,5,8,8,2,10,3,0,9,8
6,0,0,0,0,2,4,8,5,7,4,11,11,3,10,8,4,8,4,5,11,2,10,10,3,9,11,6,6,8,9,9,6,6,10,10,0,6,3,2,8,8,2,6,9,7,9,3,11,2,4,0,5,5,5,2,6,10,8,11,10,0,9,9,2,10,2,11,7,10,7,0,11,2,7,6,4,11,9,0,5,6,6,3,6,0,2,10,2,2,3,10,6,6,7,6,7,0,0,3,0,4,5,6,4,6,6,0,0,10,4,11,4,10,10,11,4,4,8,5,8,10,11,0,6,11,5,8,9,6,0,9,11,10,4,0,6,8,5,8,6,6,9,9,3,11,4,2,10,9
7,2,2,2,2,3,5,9,6,8,5,0,0,4,11,9,5,9,5,6,0,3,11,11,4,10,0,7,7,9,10,10,7,7,11,11,2,7,4,3,9,9,3,7,10,8,10,4,0,3,5,2,6,6,6,3,7,11,9,0,11,2,10,10,3,11,3,0,8,11,8,2,0,3,8,7,5,0,10,2,6,7,7,4,7,2,3,11,3,3,4,11,7,7,8,7,8,2,2,4,2,5,6,7,5,7,7,2,2,11,5,0,5,11,11,0,5,5,9,6,9,11,0,2,7,0,6,9,10,7,2,10,0,11,5,2,7,9,6,9,7,7,10,10,4,0,5,3,11,10
8,3,3,3,3,4,6,10,7,9,6,2,2,5,0,10,6,10,6,7,2,4,0,0,5,11,2,8,8,10,11,11,8,8,0,0,3,8,5,4,10,10,4,8,11,9,11,5,2,4,6,3,7,7,7,4,8,0,10,2,0,3,11,11,4,0,4,2,9,0,9,3,2,4,9,8,6,2,11,3,7,8,8,5,8,3,4,0,4,4,5,0,8,8,9,8,9,3,3,5,3,6,7,8,6,8,8,3,3,0,6,2,6,0,0,2,6,6,10,7,10,0,2,3,8,2,7,10,11,8,3,11,2,0,6,3,8,10,7,10,8,8,11,11,5,2,6,4,0,11
9,4,4,4,4,5,7,11,8,10,7,3,3,6,2,11,7,11,7,8,3,5,2,2,6,0,3,9,9,11,0,0,9,9,2,2,4,9,6,5,11,11,5,9,0,10,0,6,3,5,7,4,8,8,8,5,9,2,11,3,2,4,0,0,5,2,5,3,10,2,10,4,3,5,10,9,7,3,0,4,8,9,9,6,9,4,5,2,5,5,6,2,9,9,10,9,10,4,4,6,4,7,8,9,7,9,9,4,4,2,7,3,7,2,2,3,7,7,11,8,11,2,3,4,9,3,8,11,0,9,4,0,3,2,7,4,9,11,8,11,9,9,0,0,6,3,7,5,2,0
10,5,5,5,5,6,8,0,9,11,8,4,4,7,3,0,8,0,8,9,4,6,3,3,7,2,4,10,10,0,2,2,10,10,3,3,5,10,7,6,0,0,6,10,2,11,2,7,4,6,8,5,9,9,9,6,10,3,0,4,3,5,2,2,6,3,6,4,11,3,11,5,4,6,11,10,8,4,2,5,9,10,10,7,10,5,6,3,6,6,7,3,10,10,11,10,11,5,5,7,5,8,9,10,8,10,10,5,5,3,8,4,8,3,3,4,8,8,0,9,0,3,4,5,10,4,9,0,2,10,5,2,4,3,8,5,10,0,9,0,10,10,2,2,7,4,8,6,3,2
11,6,6,6,6,7,9,2,10,0,9,5,5,8,4,2,9,2,9,10,5,7,4,4,8,3,5,11,11,2,3,3,11,11,4,4,6,11,8,7,2,2,7,11,3,0,3,8,5,7,9,6,10,10,10,7,11,4,2,5,4,6,3,3,7,4,7,5,0,4,0,6,5,7,0,11,9,5,3,6,10,11,11,8,11,6,7,4,7,7,8,4,11,11,0,11,0,6,6,8,6,9,10,11,9,11,11,6,6,4,9,5,9,4,4,5,9,9,2,10,2,4,5,6,11,5,10,2,3,11,6,3,5,4,9,6,11,2,10,2,11,11,3,3,8,5,9,7,4,3
0,7,7,7,7,8,10,3,11,2,10,6,6,9,5,3,10,3,10,11,6,8,5,5,9,4,6,0,0,3,4,4,0,0,5,5,7,0,9,8,3,3,8,0,4,2,4,9,6,8,10,7,11,11,11,8,0,5,3,6,5,7,4,4,8,5,8,6,2,5,2,7,6,8,2,0,10,6,4,7,11,0,0,9,0,7,8,5,8,8,9,5,0,0,2,0,2,7,7,9,7,10,11,0,10,0,0,7,7,5,10,6,10,5,5,6,10,10,3,11,3,5,6,7,0,6,11,3,4,0,7,4,6,5,10,7,0,3,11,3,0,0,4,4,9,6,10,8,5,4
2,8,8,8,8,9,11,4,0,3,11,7,7,10,6,4,11,4,11,0,7,9,6,6,10,5,7,2,2,4,5,5,2,2,6,6,8,2,10,9,4,4,9,2,5,3,5,10,7,9,11,8,0,0,0,9,2,6,4,7,6,8,5,5,9,6,9,7,3,6,3,8,7,9,3,2,11,7,5,8,0,2,2,10,2,8,9,6,9,9,10,6,2,2,3,2,3,8,8,10,8,11,0,2,11,2,2,8,8,6,11,7,11,6,6,7,11,11,4,0,4,6,7,8,2,7,0,4,5,2,8,5,7,6,11,8,2,4,0,4,2,2,5,5,10,7,11,9,6,5
3,9,9,9,9,10,0,5,2,4,0,8,8,11,7,5,0,5,0,2,8,10,7,7,11,6,8,3,3,5,6,6,3,3,7,7,9,3,11,10,5,5,10,3,6,4,6,11,8,10,0,9,2,2,2,10,3,7,5,8,7,9,6,6,10,7,10,8,4,7,4,9,8,10,4,3,0,8,6,9,2,3,3,11,3,9,10,7,10,10,11,7,3,3,4,3,4,9,9,11,9,0,2,3,0,3,3,9,9,7,0,8,0,7,7,8,0,0,5,2,5,7,8,9,3,8,2,5,6,3,9,6,8,7,0,9,3,5,2,5,3,3,6,6,11,8,0,10,7,6
4,10,10,10,10,11,2,6,3,5,2,9,9,0,8,6,2,6,2,3,9,11,8,8,0,7,9,4,4,6,7,7,4,4,8,8,10,4,0,11,6,6,11,4,7,5,7,0,9,11,2,10,3,3,3,11,4,8,6,9,8,10,7,7,11,8,11,9,5,8,5,10,9,11,5,4,2,9,7,10,3,4,4,0,4,10,11,8,11,11,0,8,4,4,5,4,5,10,10,0,10,2,3,4,2,4,4,10,10,8,2,9,2,8,8,9,2,2,6,3,6,8,9,10,4,9,3,6,7,4,10,7,9,8,2,10,4,6,3,6,4,4,7,7,0,9,2,11,8,7
5,11,11,11,11,0,3,7,4,6,3,10,10,2,9,7,3,7,3,4,10,0,9,9,2,8,10,5,5,7,8,8,5,5,9,9,11,5,2,0,7,7,0,5,8,6,8,2,10,0,3,11,4,4,4,0,5,9,7,10,9,11,8,8,0,9,0,10,6,9,6,11,10,0,6,5,3,10,8,11,4,5,5,2,5,11,0,9,0,0,2,9,5,5,6,5,6,11,11,2,11,3,4,5,3,5,5,11,11,9,3,10,3,9,9,10,3,3,7,4,7,9,10,11,5,10,4,7,8,5,11,8,10,9,3,11,5,7,4,7,5,5,8,8,2,10,3,0,9,8
6,0,0,0,0,2,4,8,5,7,4,11,11,3,10,8,4,8,4,5,11,2,10,10,3,9,11,6,6,8,9,9,6,6,10,10,0,6,3,2,8,8,2,6,9,7,9,3,11,2,4,0,5,5,5,2,6,10,8,11,10,0,9,9,2,10,2,11,7,10,7,0,11,2,7,6,4,11,9,0,5,6,6,3,6,0,2,10,2,2,3,10,6,6,7,6,7,0,0,3,0,4,5,6,4,6,6,0,0,10,4,11,4,10,10,11,4,4,8,5,8,10,11,0,6,11,5,8,9,6,0,9,11,10,4,0,6,8,5,8,6,6,9,9,3,11,4,2,10,9
7,2,2,2,2,3,5,9,6,8,5,0,0,4,11,9,5,9,5,6,0,3,11,11,4,10,0,7,7,9,10,10,7,7,11,11,2,7,4,3,9,9,3,7,10,8,10,4,0,3,5,2,6,6,6,3,7,11,9,0,11,2,10,10,3,11,3,0,8,11,8,2,0,3,8,7,5,0,10,2,6,7,7,4,7,2,3,11,3,3,4,11,7,7,8,7,8,2,2,4,2,5,6,7,5,7,7,2,2,11,5,0,5,11,11,0,5,5,9,6,9,11,0,2,7,0,6,9,10,7,2,10,0,11,5,2,7,9,6,9,7,7,10,10,4,0,5,3,11,10
8,3,3,3,3,4,6,10,7,9,6,2,2,5,0,10,6,10,6,7,2,4,0,0,5,11,2,8,8,10,11,11,8,8,0,0,3,8,5,4,10,10,4,8,11,9,11,5,2,4,6,3,7,7,7,4,8,0,10,2,0,3,11,11,4,0,4,2,9,0,9,3,2,4,9,8,6,2,11,3,7,8,8,5,8,3,4,0,4,4,5,0,8,8,9,8,9,3,3,5,3,6,7,8,6,8,8,3,3,0,6,2,6,0,0,2,6,6,10,7,10,0,2,3,8,2,7,10,11,8,3,11,2,0,6,3,8,10,7,10,8,8,11,11,5,2,6,4,0,11
9,4,4,4,4,5,7,11,8,10,7,3,3,6,2,11,7,11,7,8,3,5,2,2,6,0,3,9,9,11,0,0,9,9,2,2,4,9,6,5,11,11,5,9,0,10,0,6,3,5,7,4,8,8,8,5,9,2,11,3,2,4,0,0,5,2,5,3,10,2,10,4,3,5,10,9,7,3,0,4,8,9,9,6,9,4,5,2,5,5,6,2,9,9,10,9,10,4,4,6,4,7,8,9,7,9,9,4,4,2,7,3,7,2,2,3,7,7,11,8,11,2,3,4,9,3,8,11,0,9,4,0,3,2,7,4,9,11,8,11,9,9,0,0,6,3,7,5,2,0
10,5,5,5,5,6,8,0,9,11,8,4,4,7,3,0,8,0,8,9,4,6,3,3,7,2,4,10,10,0,2,2,10,10,3,3,5,10,7,6,0,0,6,10,2,11,2,7,4,6,8,5,9,9,9,6,10,3,0,4,3,5,2,2,6,3,6,4,11,3,11,5,4,6,11,10,8,4,2,5,9,10,10,7,10,5,6,3,6,6,7,3,10,10,11,10,11,5,5,7,5,8,9,10,8,10,10,5,5,3,8,4,8,3,3,4,8,8,0,9,0,3,4,5,10,4,9,0,2,10,5,2,4,3,8,5,10,0,9,0,10,10,2,2,7,4,8,6,3,2
11,6,6,6,6,7,9,2,10,0,9,5,5,8,4,2,9,2,9,10,5,7,4,4,8,3,5,11,11,2,3,3,11,11,4,4,6,11,8,7,2,2,7,11,3,0,3,8,5,7,9,6,10,10,10,7,11,4,2,5,4,6,3,3,7,4,7,5,0,4,0,6,5,7,0,11,9,5,3,6,10,11,11,8,11,6,7,4,7,7,8,4,11,11,0,11,0,6,6,8,6,9,10,11,9,11,11,6,6,4,9,5,9,4,4,5,9,9,2,10,2,4,5,6,11,5,10,2,3,11,6,3,5,4,9,6,11,2,10,2,11,11,3,3,8,5,9,7,4,3
0,7,7,7,7,8,10,3,11,2,10,6,6,9,5,3,10,3,10,11,6,8,5,5,9,4,6,0,0,3,4,4,0,0,5,5,7,0,9,8,3,3,8,0,4,2,4,9,6,8,10,7,11,11,11,8,0,5,3,6,5,7,4,4,8,5,8,6,2,5,2,7,6,8,2,0,10,6,4,7,11,0,0,9,0,7,8,5,8,8,9,5,0,0,2,0,2,7,7,9,7,10,11,0,10,0,0,7,7,5,10,6,10,5,5,6,10,10,3,11,3,5,6,7,0,6,11,3,4,0,7,4,6,5,10,7,0,3,11,3,0,0,4,4,9,6,10,8,5,4
2,8,8,8,8,9,11,4,0,3,11,7,7,10,6,4,11,4,11,0,7,9,6,6,10,5,7,2,2,4,5,5,2,2,6,6,8,2,10,9,4,4,9,2,5,3,5,10,7,9,11,8,0,0,0,9,2,6,4,7,6,8,5,5,9,6,9,7,3,6,3,8,7,9,3,2,11,7,5,8,0,2,2,10,2,8,9,6,9,9,10,6,2,2,3,2,3,8,8,10,8,11,0,2,11,2,2,8,8,6,11,7,11,6,6,7,11,11,4,0,4,6,7,8,2,7,0,4,5,2,8,5,7,6,11,8,2,4,0,4,2,2,5,5,10,7,11,9,6,5
3,9,9,9,9,10,0,5,2,4,0,8,8,11,7,5,0,5,0,2,8,10,7,7,11,6,8,3,3,5,6,6,3,3,7,7,9,3,11,10,5,5,10,3,6,4,6,11,8,10,0,9,2,2,2,10,3,7,5,8,7,9,6,6,10,7,10,8,4,7,4,9,8,10,4,3,0,8,6,9,2,3,3,11,3,9,10,7,10,10,11,7,3,3,4,3,4,9,9,11,9,0,2,3,0,3,3,9,9,7,0,8,0,7,7,8,0,0,5,2,5,7,8,9,3,8,2,5,6,3,9,6,8,7,0,9,3,5,2,5,3,3,6,6,11,8,0,10,7,6
4,10,10,10,10,11,2,6,3,5,2,9,9,0,8,6,2,6,2,3,9,11,8,8,0,7,9,4,4,6,7,7,4,4,8,8,10,4,0,11,6,6,11,4,7,5,7,0,9,11,2,10,3,3,3,11,4,8,6,9,8,10,7,7,11,8,11,9,5,8,5,10,9,11,5,4,2,9,7,10,3,4,4,0,4,10,11,8,11,11,0,8,4,4,5,4,5,10,10,0,10,2,3,4,2,4,4,10,10,8,2,9,2,8,8,9,2,2,6,3,6,8,9,10,4,9,3,6,7,4,10,7,9,8,2,10,4,6,3,6,4,4,7,7,0,9,2,11,8,7
5,11,11,11,11,0,3,7,4,6,3,10,10,2,9,7,3,7,3,4,10,0,9,9,2,8,10,5,5,7,8,8,5,5,9,9,11,5,2,0,7,7,0,5,8,6,8,2,10,0,3,11,4,4,4,0,5,9,7,10,9,11,8,8,0,9,0,10,6,9,6,11,10,0,6,5,3,10,8,11,4,5,5,2,5,11,0,9,0,0,2,9,5,5,6,5,6,11,11,2,11,3,4,5,3,5,5,11,11,9,3,10,3,9,9,10,3,3,7,4,7,9,10,11,5,10,4,7,8,5,11,8,10,9,3,11,5,7,4,7,5,5,8,8,2,10,3,0,9,8
6,0,0,0,0,2,4,8,5,7,4,11,11,3,10,8,4,8,4,5,11,2,10,10,3,9,11,6,6,8,9,9,6,6,10,10,0,6,3,2,8,8,2,6,9,7,9,3,11,2,4,0,5,5,5,2,6,10,8,11,10,0,9,9,2,10,2,11,7,10,7,0,11,2,7,6,4,11,9,0,5,6,6,3,6,0,2,10,2,2,3,10,6,6,7,6,7,0,0,3,0,4,5,6,4,6,6,0,0,10,4,11,4,10,10,11,4,4,8,5,8,10,11,0,6,11,5,8,9,6,0,9,11,10,4,0,6,8,5,8,6,6,9,9,3,11,4,2,10,9
7,2,2,2,2,3,5,9,6,8,5,0,0,4,11,9,5,9,5,6,0,3,11,11,4,10,0,7,7,9,10,10,7,7,11,11,2,7,4,3,9,9,3,7,10,8,10,4,0,3,5,2,6,6,6,3,7,11,9,0,11,2,10,10,3,11,3,0,8,11,8,2,0,3,8,7,5,0,10,2,6,7,7,4,7,2,3,11,3,3,4,11,7,7,8,7,8,2,2,4,2,5,6,7,5,7,7,2,2,11,5,0,5,11,11,0,5,5,9,6,9,11,0,2,7,0,6,9,10,7,2,10,0,11,5,2,7,9,6,9,7,7,10,10,4,0,5,3,11,10
8,3,3,3,3,4,6,10,7,9,6,2,2,5,0,10,6,10,6,7,2,4,0,0,5,11,2,8,8,10,11,11,8,8,0,0,3,8,5,4,10,10,4,8,11,9,11,5,2,4,6,3,7,7,7,4,8,0,10,2,0,3,11,11,4,0,4,2,9,0,9,3,2,4,9,8,6,2,11,3,7,8,8,5,8,3,4,0,4,4,5,0,8,8,9,8,9,3,3,5,3,6,7,8,6,8,8,3,3,0,6,2,6,0,0,2,6,6,10,7,10,0,2,3,8,2,7,10,11,8,3,11,2,0,6,3,8,10,7,10,8,8,11,11,5,2,6,4,0,11
9,4,4,4,4,5,7,11,8,10,7,3,3,6,2,11,7,11,7,8,3,5,2,2,6,0,3,9,9,11,0,0,9,9,2,2,4,9,6,5,11,11,5,9,0,10,0,6,3,5,7,4,8,8,8,5,9,2,11,3,2,4,0,0,5,2,5,3,10,2,10,4,3,5,10,9,7,3,0,4,8,9,9,6,9,4,5,2,5,5,6,2,9,9,10,9,10,4,4,6,4,7,8,9,7,9,9,4,4,2,7,3,7,2,2,3,7,7,11,8,11,2,3,4,9,3,8,11,0,9,4,0,3,2,7,4,9,11,8,11,9,9,0,0,6,3,7,5,2,0
10,5,5,5,5,6,8,0,9,11,8,4,4,7,3,0,8,0,8,9,4,6,3,3,7,2,4,10,10,0,2,2,10,10,3,3,5,10,7,6,0,0,6,10,2,11,2,7,4,6,8,5,9,9,9,6,10,3,0,4,3,5,2,2,6,3,6,4,11,3,11,5,4,6,11,10,8,4,2,5,9,10,10,7,10,5,6,3,6,6,7,3,10,10,11,10,11,5,5,7,5,8,9,10,8,10,10,5,5,3,8,4,8,3,3,4,8,8,0,9,0,3,4,5,10,4,9,0,2,10,5,2,4,3,8,5,10,0,9,0,10,10,2,2,7,4,8,6,3,2
11,6,6,6,6,7,9,2,10,0,9,5,5,8,4,2,9,2,9,10,5,7,4,4,8,3,5,11,11,2,3,3,11,11,4,4,6,11,8,7,2,2,7,11,3,0,3,8,5,7,9,6,10,10,10,7,11,4,2,5,4,6,3,3,7,4,7,5,0,4,0,6,5,7,0,11,9,5,3,6,10,11,11,8,11,6,7,4,7,7,8,4,11,11,0,11,0,6,6,8,6,9,10,11,9,11,11,6,6,4,9,5,9,4,4,5,9,9,2,10,2,4,5,6,11,5,10,2,3,11,6,3,5,4,9,6,11,2,10,2,11,11,3,3,8,5,9,7,4,3
0,7,7,7,7,8,10,3,11,2,10,6,6,9,5,3,10,3,10,11,6,8,5,5,9,4,6,0,0,3,4,4,0,0,5,5,7,0,9,8,3,3,8,0,4,2,4,9,6,8,10,7,11,11,11,8,0,5,3,6,5,7,4,4,8,5,8,6,2,5,2,7,6,8,2,0,10,6,4,7,11,0,0,9,0,7,8,5,8,8,9,5,0,0,2,0,2,7,7,9,7,10,11,0,10,0,0,7,7,5,10,6,10,5,5,6,10,10,3,11,3,5,6,7,0,6,11,3,4,0,7,4,6,5,10,7,0,3,11,3,0,0,4,4,9,6,10,8,5,4
2,8,8,8,8,9,11,4,0,3,11,7,7,10,6,4,11,4,11,0,7,9,6,6,10,5,7,2,2,4,5,5,2,2,6,6,8,2,10,9,4,4,9,2,5,3,5,10,7,9,11,8,0,0,0,9,2,6,4,7,6,8,5,5,9,6,9,7,3,6,3,8,7,9,3,2,11,7,5,8,0,2,2,10,2,8,9,6,9,9,10,6,2,2,3,2,3,8,8,10,8,11,0,2,11,2,2,8,8,6,11,7,11,6,6,7,11,11,4,0,4,6,7,8,2,7,0,4,5,2,8,5,7,6,11,8,2,4,0,4,2,2,5,5,10,7,11,9,6,5
3,9,9,9,9,10,0,5,2,4,0,8,8,11,7,5,0,5,0,2,8,10,7,7,11,6,8,3,3,5,6,6,3,3,7,7,9,3,11,10,5,5,10,3,6,4,6,11,8,10,0,9,2,2,2,10,3,7,5,8,7,9,6,6,10,7,10,8,4,7,4,9,8,10,4,3,0,8,6,9,2,3,3,11,3,9,10,7,10,10,11,7,3,3,4,3,4,9,9,11,9,0,2,3,0,3,3,9,9,7,0,8,0,7,7,8,0,0,5,2,5,7,8,9,3,8,2,5,6,3,9,6,8,7,0,9,3,5,2,5,3,3,6,6,11,8,0,10,7,6
4,10,10,10,10,11,2,6,3,5,2,9,9,0,8,6,2,6,2,3,9,11,8,8,0,7,9,4,4,6,7,7,4,4,8,8,10,4,0,11,6,6,11,4,7,5,7,0,9,11,2,10,3,3,3,11,4,8,6,9,8,10,7,7,11,8,11,9,5,8,5,10,9,11,5,4,2,9,7,10,3,4,4,0,4,10,11,8,11,11,0,8,4,4,5,4,5,10,10,0,10,2,3,4,2,4,4,10,10,8,2,9,2,8,8,9,2,2,6,3,6,8,9,10,4,9,3,6,7,4,10,7,9,8,2,10,4,6,3,6,4,4,7,7,0,9,2,11,8,7
5,11,11,11,11,0,3,7,4,6,3,10,10,2,9,7,3,7,3,4,10,0,9,9,2,8,10,5,5,7,8,8,5,5,9,9,11,5,2,0,7,7,0,5,8,6,8,2,10,0,3,11,4,4,4,0,5,9,7,10,9,11,8,8,0,9,0,10,6,9,6,11,10,0,6,5,3,10,8,11,4,5,5,2,5,11,0,9,0,0,2,9,5,5,6,5,6,11,11,2,11,3,4,5,3,5,5,11,11,9,3,10,3,9,9,10,3,3,7,4,7,9,10,11,5,10,4,7,8,5,11,8,10,9,3,11,5,7,4,7,5,5,8,8,2,10,3,0,9,8
6,0,0,0,0,2,4,8,5,7,4,11,11,3,10,8,4,8,4,5,11,2,10,10,3,9,11,6,6,8,9,9,6,6,10,10,0,6,3,2,8,8,2,6,9,7,9,3,11,2,4,0,5,5,5,2,6,10,8,11,10,0,9,9,2,10,2,11,7,10,7,0,11,2,7,6,4,11,9,0,5,6,6,3,6,0,2,10,2,2,3,10,6,6,7,6,7,0,0,3,0,4,5,6,4,6,6,0,0,10,4,11,4,10,10,11,4,4,8,5,8,10,11,0,6,11,5,8,9,6,0,9,11,10,4,0,6,8,5,8,6,6,9,9,3,11,4,2,10,9
7,2,2,2,2,3,5,9,6,8,5,0,0,4,11,9,5,9,5,6,0,3,11,11,4,10,0,7,7,9,10,10,7,7,11,11,2,7,4,3,9,9,3,7,10,8,10,4,0,3,5,2,6,6,6,3,7,11,9,0,11,2,10,10,3,11,3,0,8,11,8,2,0,3,8,7,5,0,10,2,6,7,7,4,7,2,3,11,3,3,4,11,7,7,8,7,8,2,2,4,2,5,6,7,5,7,7,2,2,11,5,0,5,11,11,0,5,5,9,6,9,11,0,2,7,0,6,9,10,7,2,10,0,11,5,2,7,9,6,9,7,7,10,10,4,0,5,3,11,10
8,3,3,3,3,4,6,10,7,9,6,2,2,5,0,10,6,10,6,7,2,4,0,0,5,11,2,8,8,10,11,11,8,8,0,0,3,8,5,4,10,10,4,8,11,9,11,5,2,4,6,3,7,7,7,4,8,0,10,2,0,3,11,11,4,0,4,2,9,0,9,3,2,4,9,8,6,2,11,3,7,8,8,5,8,3,4,0,4,4,5,0,8,8,9,8,9,3,3,5,3,6,7,8,6,8,8,3,3,0,6,2,6,0,0,2,6,6,10,7,10,0,2,3,8,2,7,10,11,8,3,11,2,0,6,3,8,10,7,10,8,8,11,11,5,2,6,4,0,11
9,4,4,4,4,5,7,11,8,10,7,3,3,6,2,11,7,11,7,8,3,5,2,2,6,0,3,9,9,11,0,0,9,9,2,2,4,9,6,5,11,11,5,9,0,10,0,6,3,5,7,4,8,8,8,5,9,2,11,3,2,4,0,0,5,2,5,3,10,2,10,4,3,5,10,9,7,3,0,4,8,9,9,6,9,4,5,2,5,5,6,2,9,9,10,9,10,4,4,6,4,7,8,9,7,9,9,4,4,2,7,3,7,2,2,3,7,7,11,8,11,2,3,4,9,3,8,11,0,9,4,0,3,2,7,4,9,11,8,11,9,9,0,0,6,3,7,5,2,0
10,5,5,5,5,6,8,0,9,11,8,4,4,7,3,0,8,0,8,9,4,6,3,3,7,2,4,10,10,0,2,2,10,10,3,3,5,10,7,6,0,0,6,10,2,11,2,7,4,6,8,5,9,9,9,6,10,3,0,4,3,5,2,2,6,3,6,4,11,3,11,5,4,6,11,10,8,4,2,5,9,10,10,7,10,5,6,3,6,6,7,3,10,10,11,10,11,5,5,7,5,8,9,10,8,10,10,5,5,3,8,4,8,3,3,4,8,8,0,9,0,3,4,5,10,4,9,0,2,10,5,2,4,3,8,5,10,0,9,0,10,10,2,2,7,4,8,6,3,2
11,6,6,6,6,7,9,2,10,0,9,5,5,8,4,2,9,2,9,10,5,7,4,4,8,3,5,11,11,2,3,3,11,11,4,4,6,11,8,7,2,2,7,11,3,0,3,8,5,7,9,6,10,10,10,7,11,4,2,5,4,6,3,3,7,4,7,5,0,4,0,6,5,7,0,11,9,5,3,6,10,11,11,8,11,6,7,4,7,7,8,4,11,11,0,11,0,6,6,8,6,9,10,11,9,11,11,6,6,4,9,5,9,4,4,5,9,9,2,10,2,4,5,6,11,5,10,2,3,11,6,3,5,4,9,6,11,2,10,2,11,11,3,3,8,5,9,7,4,3
0,7,7,7,7,8,10,3,11,2,10,6,6,9,5,3,10,3,10,11,6,8,5,5,9,4,6,0,0,3,4,4,0,0,5,5,7,0,9,8,3,3,8,0,4,2,4,9,6,8,10,7,11,11,11,8,0,5,3,6,5,7,4,4,8,5,8,6,2,5,2,7,6,8,2,0,10,6,4,7,11,0,0,9,0,7,8,5,8,8,9,5,0,0,2,0,2,7,7,9,7,10,11,0,10,0,0,7,7,5,10,6,10,5,5,6,10,10,3,11,3,5,6,7,0,6,11,3,4,0,7,4,6,5,10,7,0,3,11,3,0,0,4,4,9,6,10,8,5,4
2,8,8,8,8,9,11,4,0,3,11,7,7,10,6,4,11,4,11,0,7,9,6,6,10,5,7,2,2,4,5,5,2,2,6,6,8,2,10,9,4,4,9,2,5,3,5,10,7,9,11,8,0,0,0,9,2,6,4,7,6,8,5,5,9,6,9,7,3,6,3,8,7,9,3,2,11,7,5,8,0,2,2,10,2,8,9,6,9,9,10,6,2,2,3,2,3,8,8,10,8,11,0,2,11,2,2,8,8,6,11,7,11,6,6,7,11,11,4,0,4,6,7,8,2,7,0,4,5,2,8,5,7,6,11,8,2,4,0,4,2,2,5,5,10,7,11,9,6,5
3,9,9,9,9,10,0,5,2,4,0,8,8,11,7,5,0,5,0,2,8,10,7,7,11,6,8,3,3,5,6,6,3,3,7,7,9,3,11,10,5,5,10,3,6,4,6,11,8,10,0,9,2,2,2,10,3,7,5,8,7,9,6,6,10,7,10,8,4,7,4,9,8,10,4,3,0,8,6,9,2,3,3,11,3,9,10,7,10,10,11,7,3,3,4,3,4,9,9,11,9,0,2,3,0,3,3,9,9,7,0,8,0,7,7,8,0,0,5,2,5,7,8,9,3,8,2,5,6,3,9,6,8,7,0,9,3,5,2,5,3,3,6,6,11,8,0,10,7,6
4,10,10,10,10,11,2,6,3,5,2,9,9,0,8,6,2,6,2,3,9,11,8,8,0,7,9,4,4,6,7,7,4,4,8,8,10,4,0,11,6,6,11,4,7,5,7,0,9,11,2,10,3,3,3,11,4,8,6,9,8,10,7,7,11,8,11,9,5,8,5,10,9,11,5,4,2,9,7,10,3,4,4,0,4,10,11,8,11,11,0,8,4,4,5,4,5,10,10,0,10,2,3,4,2,4,4,10,10,8,2,9,2,8,8,9,2,2,6,3,6,8,9,10,4,9,3,6,7,4,10,7,9,8,2,10,4,6,3,6,4,4,7,7,0,9,2,11,8,7
5,11,11,11,11,0,3,7,4,6,3,10,10,2,9,7,3,7,3,4,10,0,9,9,2,8,10,5,5,7,8,8,5,5,9,9,11,5,2,0,7,7,0,5,8,6,8,2,10,0,3,11,4,4,4,0,5,9,7,10,9,11,8,8,0,9,0,10,6,9,6,11,10,0,6,5,3,10,8,11,4,5,5,2,5,11,0,9,0,0,2,9,5,5,6,5,6,11,11,2,11,3,4,5,3,5,5,11,11,9,3,10,3,9,9,10,3,3,7,4,7,9,10,11,5,10,4,7,8,5,11,8,10,9,3,11,5,7,4,7,5,5,8,8,2,10,3,0,9,8
6,0,0,0,0,2,4,8,5,7,4,11,11,3,10,8,4,8,4,5,11,2,10,10,3,9,11,6,6,8,9,9,6,6,10,10,0,6,3,2,8,8,2,6,9,7,9,3,11,2,4,0,5,5,5,2,6,10,8,11,10,0,9,9,2,10,2,11,7,10,7,0,11,2,7,6,4,11,9,0,5,6,6,3,6,0,2,10,2,2,3,10,6,6,7,6,7,0,0,3,0,4,5,6,4,6,6,0,0,10,4,11,4,10,10,11,4,4,8,5,8,10,11,0,6,11,5,8,9,6,0,9,11,10,4,0,6,8,5,8,6,6,9,9,3,11,4,2,10,9
7,2,2,2,2,3,5,9,6,8,5,0,0,4,11,9,5,9,5,6,0,3,11,11,4,10,0,7,7,9,10,10,7,7,11,11,2,7,4,3,9,9,3,7,10,8,10,4,0,3,5,2,6,6,6,3,7,11,9,0,11,2,10,10,3,11,3,0,8,11,8,2,0,3,8,7,5,0,10,2,6,7,7,4,7,2,3,11,3,3,4,11,7,7,8,7,8,2,2,4,2,5,6,7,5,7,7,2,2,11,5,0,5,11,11,0,5,5,9,6,9,11,0,2,7,0,6,9,10,7,2,10,0,11,5,2,7,9,6,9,7,7,10,10,4,0,5,3,11,10
8,3,3,3,3,4,6,10,7,9,6,2,2,5,0,10,6,10,6,7,2,4,0,0,5,11,2,8,8,10,11,11,8,8,0,0,3,8,5,4,10,10,4,8,11,9,11,5,2,4,6,3,7,7,7,4,8,0,10,2,0,3,11,11,4,0,4,2,9,0,9,3,2,4,9,8,6,2,11,3,7,8,8,5,8,3,4,0,4,4,5,0,8,8,9,8,9,3,3,5,3,6,7,8,6,8,8,3,3,0,6,2,6,0,0,2,6,6,10,7,10,0,2,3,8,2,7,10,11,8,3,11,2,0,6,3,8,10,7,10,8,8,11,11,5,2,6,4,0,11
9,4,4,4,4,5,7,11,8,10,7,3,3,6,2,11,7,11,7,8,3,5,2,2,6,0,3,9,9,11,0,0,9,9,2,2,4,9,6,5,11,11,5,9,0,10,0,6,3,5,7,4,8,8,8,5,9,2,11,3,2,4,0,0,5,2,5,3,10,2,10,4,3,5,10,9,7,3,0,4,8,9,9,6,9,4,5,2,5,5,6,2,9,9,10,9,10,4,4,6,4,7,8,9,7,9,9,4,4,2,7,3,7,2,2,3,7,7,11,8,11,2,3,4,9,3,8,11,0,9,4,0,3,2,7,4,9,11,8,11,9,9,0,0,6,3,7,5,2,0
10,5,5,5,5,6,8,0,9,11,8,4,4,7,3,0,8,0,8,9,4,6,3,3,7,2,4,10,10,0,2,2,10,10,3,3,5,10,7,6,0,0,6,10,2,11,2,7,4,6,8,5,9,9,9,6,10,3,0,4,3,5,2,2,6,3,6,4,11,3,11,5,4,6,11,10,8,4,2,5,9,10,10,7,10,5,6,3,6,6,7,3,10,10,11,10,11,5,5,7,5,8,9,10,8,10,10,5,5,3,8,4,8,3,3,4,8,8,0,9,0,3,4,5,10,4,9,0,2,10,5,2,4,3,8,5,10,0,9,0,10,10,2,2,7,4,8,6,3,2
11,6,6,6,6,7,9,2,10,0,9,5,5,8,4,2,9,2,9,10,5,7,4,4,8,3,5,11,11,2,3,3,11,11,4,4,6,11,8,7,2,2,7,11,3,0,3,8,5,7,9,6,10,10,10,7,11,4,2,5,4,6,3,3,7,4,7,5,0,4,0,6,5,7,0,11,9,5,3,6,10,11,11,8,11,6,7,4,7,7,8,4,11,11,0,11,0,6,6,8,6,9,10,11,9,11,11,6,6,4,9,5,9,4,4,5,9,9,2,10,2,4,5,6,11,5,10,2,3,11,6,3,5,4,9,6,11,2,10,2,11,11,3,3,8,5,9,7,4,3
0,7,7,7,7,8,10,3,11,2,10,6,6,9,5,3,10,3,10,11,6,8,5,5,9,4,6,0,0,3,4,4,0,0,5,5,7,0,9,8,3,3,8,0,4,2,4,9,6,8,10,7,11,11,11,8,0,5,3,6,5,7,4,4,8,5,8,6,2,5,2,7,6,8,2,0,10,6,4,7,11,0,0,9,0,7,8,5,8,8,9,5,0,0,2,0,2,7,7,9,7,10,11,0,10,0,0,7,7,5,10,6,10,5,5,6,10,10,3,11,3,5,6,7,0,6,11,3,4,0,7,4,6,5,10,7,0,3,11,3,0,0,4,4,9,6,10,8,5,4
2,8,8,8,8,9,11,4,0,3,11,7,7,10,6,4,11,4,11,0,7,9,6,6,10,5,7,2,2,4,5,5,2,2,6,6,8,2,10,9,4,4,9,2,5,3,5,10,7,9,11,8,0,0,0,9,2,6,4,7,6,8,5,5,9,6,9,7,3,6,3,8,7,9,3,2,11,7,5,8,0,2,2,10,2,8,9,6,9,9,10,6,2,2,3,2,3,8,8,10,8,11,0,2,11,2,2,8,8,6,11,7,11,6,6,7,11,11,4,0,4,6,7,8,2,7,0,4,5,2,8,5,7,6,11,8,2,4,0,4,2,2,5,5,10,7,11,9,6,5
3,9,9,9,9,10,0,5,2,4,0,8,8,11,7,5,0,5,0,2,8,10,7,7,11,6,8,3,3,5,6,6,3,3,7,7,9,3,11,10,5,5,10,3,6,4,6,11,8,10,0,9,2,2,2,10,3,7,5,8,7,9,6,6,10,7,10,8,4,7,4,9,8,10,4,3,0,8,6,9,2,3,3,11,3,9,10,7,10,10,11,7,3,3,4,3,4,9,9,11,9,0,2,3,0,3,3,9,9,7,0,8,0,7,7,8,0,0,5,2,5,7,8,9,3,8,2,5,6,3,9,6,8,7,0,9,3,5,2,5,3,3,6,6,11,8,0,10,7,6
4,10,10,10,10,11,2,6,3,5,2,9,9,0,8,6,2,6,2,3,9,11,8,8,0,7,9,4,4,6,7,7,4,4,8,8,10,4,0,11,6,6,11,4,7,5,7,0,9,11,2,10,3,3,3,11,4,8,6,9,8,10,7,7,11,8,11,9,5,8,5,10,9,11,5,4,2,9,7,10,3,4,4,0,4,10,11,8,11,11,0,8,4,4,5,4,5,10,10,0,10,2,3,4,2,4,4,10,10,8,2,9,2,8,8,9,2,2,6,3,6,8,9,10,4,9,3,6,7,4,10,7,9,8,2,10,4,6,3,6,4,4,7,7,0,9,2,11,8,7
5,11,11,11,11,0,3,7,4,6,3,10,10,2,9,7,3,7,3,4,10,0,9,9,2,8,10,5,5,7,8,8,5,5,9,9,11,5,2,0,7,7,0,5,8,6,8,2,10,0,3,11,4,4,4,0,5,9,7,10,9,11,8,8,0,9,0,10,6,9,6,11,10,0,6,5,3,10,8,11,4,5,5,2,5,11,0,9,0,0,2,9,5,5,6,5,6,11,11,2,11,3,4,5,3,5,5,11,11,9,3,10,3,9,9,10,3,3,7,4,7,9,10,11,5,10,4,7,8,5,11,8,10,9,3,11,5,7,4,7,5,5,8,8,2,10,3,0,9,8
6,0,0,0,0,2,4,8,5,7,4,11,11,3,10,8,4,8,4,5,11,2,10,10,3,9,11,6,6,8,9,9,6,6,10,10,0,6,3,2,8,8,2,6,9,7,9,3,11,2,4,0,5,5,5,2,6,10,8,11,10,0,9,9,2,10,2,11,7,10,7,0,11,2,7,6,4,11,9,0,5,6,6,3,6,0,2,10,2,2,3,10,6,6,7,6,7,0,0,3,0,4,5,6,4,6,6,0,0,10,4,11,4,10,10,11,4,4,8,5,8,10,11,0,6,11,5,8,9,6,0,9,11,10,4,0,6,8,5,8,6,6,9,9,3,11,4,2,10,9
7,2,2,2,2,3,5,9,6,8,5,0,0,4,11,9,5,9,5,6,0,3,11,11,4,10,0,7,7,9,10,10,7,7,11,11,2,7,4,3,9,9,3,7,10,8,10,4,0,3,5,2,6,6,6,3,7,11,9,0,11,2,10,10,3,11,3,0,8,11,8,2,0,3,8,7,5,0,10,2,6,7,7,4,7,2,3,11,3,3,4,11,7,7,8,7,8,2,2,4,2,5,6,7,5,7,7,2,2,11,5,0,5,11,11,0,5,5,9,6,9,11,0,2,7,0,6,9,10,7,2,10,0,11,5,2,7,9,6,9,7,7,10,10,4,0,5,3,11,10
8,3,3,3,3,4,6,10,7,9,6,2,2,5,0,10,6,10,6,7,2,4,0,0,5,11,2,8,8,10,11,11,8,8,0,0,3,8,5,4,10,10,4,8,11,9,11,5,2,4,6,3,7,7,7,4,8,0,10,2,0,3,11,11,4,0,4,2,9,0,9,3,2,4,9,8,6,2,11,3,7,8,8,5,8,3,4,0,4,4,5,0,8,8,9,8,9,3,3,5,3,6,7,8,6,8,8,3,3,0,6,2,6,0,0,2,6,6,10,7,10,0,2,3,8,2,7,10,11,8,3,11,2,0,6,3,8,10,7,10,8,8,11,11,5,2,6,4,0,11
9,4,4,4,4,5,7,11,8,10,7,3,3,6,2,11,7,11,7,8,3,5,2,2,6,0,3,9,9,11,0,0,9,9,2,2,4,9,6,5,11,11,5,9,0,10,0,6,3,5,7,4,8,8,8,5,9,2,11,3,2,4,0,0,5,2,5,3,10,2,10,4,3,5,10,9,7,3,0,4,8,9,9,6,9,4,5,2,5,5,6,2,9,9,10,9,10,4,4,6,4,7,8,9,7,9,9,4,4,2,7,3,7,2,2,3,7,7,11,8,11,2,3,4,9,3,8,11,0,9,4,0,3,2,7,4,9,11,8,11,9,9,0,0,6,3,7,5,2,0
10,5,5,5,5,6,8,0,9,11,8,4,4,7,3,0,8,0,8,9,4,6,3,3,7,2,4,10,10,0,2,2,10,10,3,3,5,10,7,6,0,0,6,10,2,11,2,7,4,6,8,5,9,9,9,6,10,3,0,4,3,5,2,2,6,3,6,4,11,3,11,5,4,6,11,10,8,4,2,5,9,10,10,7,10,5,6,3,6,6,7,3,10,10,11,10,11,5,5,7,5,8,9,10,8,10,10,5,5,3,8,4,8,3,3,4,8,8,0,9,0,3,4,5,10,4,9,0,2,10,5,2,4,3,8,5,10,0,9,0,10,10,2,2,7,4,8,6,3,2
11,6,6,6,6,7,9,2,10,0,9,5,5,8,4,2,9,2,9,10,5,7,4,4,8,3,5,11,11,2,3,3,11,11,4,4,6,11,8,7,2,2,7,11,3,0,3,8,5,7,9,6,10,10,10,7,11,4,2,5,4,6,3,3,7,4,7,5,0,4,0,6,5,7,0,11,9,5,3,6,10,11,11,8,11,6,7,4,7,7,8,4,11,11,0,11,0,6,6,8,6,9,10,11,9,11,11,6,6,4,9,5,9,4,4,5,9,9,2,10,2,4,5,6,11,5,10,2,3,11,6,3,5,4,9,6,11,2,10,2,11,11,3,3,8,5,9,7,4,3
0,7,7,7,7,8,10,3,11,2,10,6,6,9,5,3,10,3,10,11,6,8,5,5,9,4,6,0,0,3,4,4,0,0,5,5,7,0,9,8,3,3,8,0,4,2,4,9,6,8,10,7,11,11,11,8,0,5,3,6,5,7,4,4,8,5,8,6,2,5,2,7,6,8,2,0,10,6,4,7,11,0,0,9,0,7,8,5,8,8,9,5,0,0,2,0,2,7,7,9,7,10,11,0,10,0,0,7,7,5,10,6,10,5,5,6,10,10,3,11,3,5,6,7,0,6,11,3,4,0,7,4,6,5,10,7,0,3,11,3,0,0,4,4,9,6,10,8,5,4
2,8,8,8,8,9,11,4,0,3,11,7,7,10,6,4,11,4,11,0,7,9,6,6,10,5,7,2,2,4,5,5,2,2,6,6,8,2,10,9,4,4,9,2,5,3,5,10,7,9,11,8,0,0,0,9,2,6,4,7,6,8,5,5,9,6,9,7,3,6,3,8,7,9,3,2,11,7,5,8,0,2,2,10,2,8,9,6,9,9,10,6,2,2,3,2,3,8,8,10,8,11,0,2,11,2,2,8,8,6,11,7,11,6,6,7,11,11,4,0,4,6,7,8,2,7,0,4,5,2,8,5,7,6,11,8,2,4,0,4,2,2,5,5,10,7,11,9,6,5
3,9,9,9,9,10,0,5,2,4,0,8,8,11,7,5,0,5,0,2,8,10,7,7,11,6,8,3,3,5,6,6,3,3,7,7,9,3,11,10,5,5,10,3,6,4,6,11,8,10,0,9,2,2,2,10,3,7,5,8,7,9,6,6,10,7,10,8,4,7,4,9,8,10,4,3,0,8,6,9,2,3,3,11,3,9,10,7,10,10,11,7,3,3,4,3,4,9,9,11,9,0,2,3,0,3,3,9,9,7,0,8,0,7,7,8,0,0,5,2,5,7,8,9,3,8,2,5,6,3,9,6,8,7,0,9,3,5,2,5,3,3,6,6,11,8,0,10,7,6
4,10,10,10,10,11,2,6,3,5,2,9,9,0,8,6,2,6,2,3,9,11,8,8,0,7,9,4,4,6,7,7,4,4,8,8,10,4,0,11,6,6,11,4,7,5,7,0,9,11,2,10,3,3,3,11,4,8,6,9,8,10,7,7,11,8,11,9,5,8,5,10,9,11,5,4,2,9,7,10,3,4,4,0,4,10,11,8,11,11,0,8,4,4,5,4,5,10,10,0,10,2,3,4,2,4,4,10,10,8,2,9,2,8,8,9,2,2,6,3,6,8,9,10,4,9,3,6,7,4,10,7,9,8,2,10,4,6,3,6,4,4,7,7,0,9,2,11,8,7
5,11,11,11,11,0,3,7,4,6,3,10,10,2,9,7,3,7,3,4,10,0,9,9,2,8,10,5,5,7,8,8,5,5,9,9,11,5,2,0,7,7,0,5,8,6,8,2,10,0,3,11,4,4,4,0,5,9,7,10,9,11,8,8,0,9,0,10,6,9,6,11,10,0,6,5,3,10,8,11,4,5,5,2,5,11,0,9,0,0,2,9,5,5,6,5,6,11,11,2,11,3,4,5,3,5,5,11,11,9,3,10,3,9,9,10,3,3,7,4,7,9,10,11,5,10,4,7,8,5,11,8,10,9,3,11,5,7,4,7,5,5,8,8,2,10,3,0,9,8
6,0,0,0,0,2,4,8,5,7,4,11,11,3,10,8,4,8,4,5,11,2,10,10,3,9,11,6,6,8,9,9,6,6,10,10,0,6,3,2,8,8,2,6,9,7,9,3,11,2,4,0,5,5,5,2,6,10,8,11,10,0,9,9,2,10,2,11,7,10,7,0,11,2,7,6,4,11,9,0,5,6,6,3,6,0,2,10,2,2,3,10,6,6,7,6,7,0,0,3,0,4,5,6,4,6,6,0,0,10,4,11,4,10,10,11,4,4,8,5,8,10,11,0,6,11,5,8,9,6,0,9,11,10,4,0,6,8,5,8,6,6,9,9,3,11,4,2,10,9
7,2,2,2,2,3,5,9,6,8,5,0,0,4,11,9,5,9,5,6,0,3,11,11,4,10,0,7,7,9,10,10,7,7,11,11,2,7,4,3,9,9,3,7,10,8,10,4,0,3,5,2,6,6,6,3,7,11,9,0,11,2,10,10,3,11,3,0,8,11,8,2,0,3,8,7,5,0,10,2,6,7,7,4,7,2,3,11,3,3,4,11,7,7,8,7,8,2,2,4,2,5,6,7,5,7,7,2,2,11,5,0,5,11,11,0,5,5,9,6,9,11,0,2,7,0,6,9,10,7,2,10,0,11,5,2,7,9,6,9,7,7,10,10,4,0,5,3,11,10
8,3,3,3,3,4,6,10,7,9,6,2,2,5,0,10,6,10,6,7,2,4,0,0,5,11,2,8,8,10,11,11,8,8,0,0,3,8,5,4,10,10,4,8,11,9,11,5,2,4,6,3,7,7,7,4,8,0,10,2,0,3,11,11,4,0,4,2,9,0,9,3,2,4,9,8,6,2,11,3,7,8,8,5,8,3,4,0,4,4,5,0,8,8,9,8,9,3,3,5,3,6,7,8,6,8,8,3,3,0,6,2,6,0,0,2,6,6,10,7,10,0,2,3,8,2,7,10,11,8,3,11,2,0,6,3,8,10,7,10,8,8,11,11,5,2,6,4,0,11
9,4,4,4,4,5,7,11,8,10,7,3,3,6,2,11,7,11,7,8,3,5,2,2,6,0,3,9,9,11,0,0,9,9,2,2,4,9,6,5,11,11,5,9,0,10,0,6,3,5,7,4,8,8,8,5,9,2,11,3,2,4,0,0,5,2,5,3,10,2,10,4,3,5,10,9,7,3,0,4,8,9,9,6,9,4,5,2,5,5,6,2,9,9,10,9,10,4,4,6,4,7,8,9,7,9,9,4,4,2,7,3,7,2,2,3,7,7,11,8,11,2,3,4,9,3,8,11,0,9,4,0,3,2,7,4,9,11,8,11,9,9,0,0,6,3,7,5,2,0
10,5,5,5,5,6,8,0,9,11,8,4,4,7,3,0,8,0,8,9,4,6,3,3,7,2,4,10,10,0,2,2,10,10,3,3,5,10,7,6,0,0,6,10,2,11,2,7,4,6,8,5,9,9,9,6,10,3,0,4,3,5,2,2,6,3,6,4,11,3,11,5,4,6,11,10,8,4,2,5,9,10,10,7,10,5,6,3,6,6,7,3,10,10,11,10,11,5,5,7,5,8,9,10,8,10,10,5,5,3,8,4,8,3,3,4,8,8,0,9,0,3,4,5,10,4,9,0,2,10,5,2,4,3,8,5,10,0,9,0,10,10,2,2,7,4,8,6,3,2
11,6,6,6,6,7,9,2,10,0,9,5,5,8,4,2,9,2,9,10,5,7,4,4,8,3,5,11,11,2,3,3,11,11,4,4,6,11,8,7,2,2,7,11,3,0,3,8,5,7,9,6,10,10,10,7,11,4,2,5,4,6,3,3,7,4,7,5,0,4,0,6,5,7,0,11,9,5,3,6,10,11,11,8,11,6,7,4,7,7,8,4,11,11,0,11,0,6,6,8,6,9,10,11,9,11,11,6,6,4,9,5,9,4,4,5,9,9,2,10,2,4,5,6,11,5,10,2,3,11,6,3,5,4,9,6,11,2,10,2,11,11,3,3,8,5,9,7,4,3
0,7,7,7,7,8,10,3,11,2,10,6,6,9,5,3,10,3,10,11,6,8,5,5,9,4,6,0,0,3,4,4,0,0,5,5,7,0,9,8,3,3,8,0,4,2,4,9,6,8,10,7,11,11,11,8,0,5,3,6,5,7,4,4,8,5,8,6,2,5,2,7,6,8,2,0,10,6,4,7,11,0,0,9,0,7,8,5,8,8,9,5,0,0,2,0,2,7,7,9,7,10,11,0,10,0,0,7,7,5,10,6,10,5,5,6,10,10,3,11,3,5,6,7,0,6,11,3,4,0,7,4,6,5,10,7,0,3,11,3,0,0,4,4,9,6,10,8,5,4
2,8,8,8,8,9,11,4,0,3,11,7,7,10,6,4,11,4,11,0,7,9,6,6,10,5,7,2,2,4,5,5,2,2,6,6,8,2,10,9,4,4,9,2,5,3,5,10,7,9,11,8,0,0,0,9,2,6,4,7,6,8,5,5,9,6,9,7,3,6,3,8,7,9,3,2,11,7,5,8,0,2,2,10,2,8,9,6,9,9,10,6,2,2,3,2,3,8,8,10,8,11,0,2,11,2,2,8,8,6,11,7,11,6,6,7,11,11,4,0,4,6,7,8,2,7,0,4,5,2,8,5,7,6,11,8,2,4,0,4,2,2,5,5,10,7,11,9,6,5
3,9,9,9,9,10,0,5,2,4,0,8,8,11,7,5,0,5,0,2,8,10,7,7,11,6,8,3,3,5,6,6,3,3,7,7,9,3,11,10,5,5,10,3,6,4,6,11,8,10,0,9,2,2,2,10,3,7,5,8,7,9,6,6,10,7,10,8,4,7,4,9,8,10,4,3,0,8,6,9,2,3,3,11,3,9,10,7,10,10,11,7,3,3,4,3,4,9,9,11,9,0,2,3,0,3,3,9,9,7,0,8,0,7,7,8,0,0,5,2,5,7,8,9,3,8,2,5,6,3,9,6,8,7,0,9,3,5,2,5,3,3,6,6,11,8,0,10,7,6
4,10,10,10,10,11,2,6,3,5,2,9,9,0,8,6,2,6,2,3,9,11,8,8,0,7,9,4,4,6,7,7,4,4,8,8,10,4,0,11,6,6,11,4,7,5,7,0,9,11,2,10,3,3,3,11,4,8,6,9,8,10,7,7,11,8,11,9,5,8,5,10,9,11,5,4,2,9,7,10,3,4,4,0,4,10,11,8,11,11,0,8,4,4,5,4,5,10,10,0,10,2,3,4,2,4,4,10,10,8,2,9,2,8,8,9,2,2,6,3,6,8,9,10,4,9,3,6,7,4,10,7,9,8,2,10,4,6,3,6,4,4,7,7,0,9,2,11,8,7
5,11,11,11,11,0,3,7,4,6,3,10,10,2,9,7,3,7,3,4,10,0,9,9,2,8,10,5,5,7,8,8,5,5,9,9,11,5,2,0,7,7,0,5,8,6,8,2,10,0,3,11,4,4,4,0,5,9,7,10,9,11,8,8,0,9,0,10,6,9,6,11,10,0,6,5,3,10,8,11,4,5,5,2,5,11,0,9,0,0,2,9,5,5,6,5,6,11,11,2,11,3,4,5,3,5,5,11,11,9,3,10,3,9,9,10,3,3,7,4,7,9,10,11,5,10,4,7,8,5,11,8,10,9,3,11,5,7,4,7,5,5,8,8,2,10,3,0,9,8
6,0,0,0,0,2,4,8,5,7,4,11,11,3,10,8,4,8,4,5,11,2,10,10,3,9,11,6,6,8,9,9,6,6,10,10,0,6,3,2,8,8,2,6,9,7,9,3,11,2,4,0,5,5,5,2,6,10,8,11,10,0,9,9,2,10,2,11,7,10,7,0,11,2,7,6,4,11,9,0,5,6,6,3,6,0,2,10,2,2,3,10,6,6,7,6,7,0,0,3,0,4,5,6,4,6,6,0,0,10,4,11,4,10,10,11,4,4,8,5,8,10,11,0,6,11,5,8,9,6,0,9,11,10,4,0,6,8,5,8,6,6,9,9,3,11,4,2,10,9
7,2,2,2,2,3,5,9,6,8,5,0,0,4,11,9,5,9,5,6,0,3,11,11,4,10,0,7,7,9,10,10,7,7,11,11,2,7,4,3,9,9,3,7,10,8,10,4,0,3,5,2,6,6,6,3,7,11,9,0,11,2,10,10,3,11,3,0,8,11,8,2,0,3,8,7,5,0,10,2,6,7,7,4,7,2,3,11,3,3,4,11,7,7,8,7,8,2,2,4,2,5,6,7,5,7,7,2,2,11,5,0,5,11,11,0,5,5,9,6,9,11,0,2,7,0,6,9,10,7,2,10,0,11,5,2,7,9,6,9,7,7,10,10,4,0,5,3,11,10
8,3,3,3,3,4,6,10,7,9,6,2,2,5,0,10,6,10,6,7,2,4,0,0,5,11,2,8,8,10,11,11,8,8,0,0,3,8,5,4,10,10,4,8,11,9,11,5,2,4,6,3,7,7,7,4,8,0,10,2,0,3,11,11,4,0,4,2,9,0,9,3,2,4,9,8,6,2,11,3,7,8,8,5,8,3,4,0,4,4,5,0,8,8,9,8,9,3,3,5,3,6,7,8,6,8,8,3,3,0,6,2,6,0,0,2,6,6,10,7,10,0,2,3,8,2,7,10,11,8,3,11,2,0,6,3,8,10,7,10,8,8,11,11,5,2,6,4,0,11
9,4,4,4,4,5,7,11,8,10,7,3,3,6,2,11,7,11,7,8,3,5,2,2,6,0,3,9,9,11,0,0,9,9,2,2,4,9,6,5,11,11,5,9,0,10,0,6,3,5,7,4,8,8,8,5,9,2,11,3,2,4,0,0,5,2,5,3,10,2,10,4,3,5,10,9,7,3,0,4,8,9,9,6,9,4,5,2,5,5,6,2,9,9,10,9,10,4,4,6,4,7,8,9,7,9,9,4,4,2,7,3,7,2,2,3,7,7,11,8,11,2,3,4,9,3,8,11,0,9,4,0,3,2,7,4,9,11,8,11,9,9,0,0,6,3,7,5,2,0
10,5,5,5,5,6,8,0,9,11,8,4,4,7,3,0,8,0,8,9,4,6,3,3,7,2,4,10,10,0,2,2,10,10,3,3,5,10,7,6,0,0,6,10,2,11,2,7,4,6,8,5,9,9,9,6,10,3,0,4,3,5,2,2,6,3,6,4,11,3,11,5,4,6,11,10,8,4,2,5,9,10,10,7,10,5,6,3,6,6,7,3,10,10,11,10,11,5,5,7,5,8,9,10,8,10,10,5,5,3,8,4,8,3,3,4,8,8,0,9,0,3,4,5,10,4,9,0,2,10,5,2,4,3,8,5,10,0,9,0,10,10,2,2,7,4,8,6,3,2
11,6,6,6,6,7,9,2,10,0,9,5,5,8,4,2,9,2,9,10,5,7,4,4,8,3,5,11,11,2,3,3,11,11,4,4,6,11,8,7,2,2,7,11,3,0,3,8,5,7,9,6,10,10,10,7,11,4,2,5,4,6,3,3,7,4,7,5,0,4,0,6,5,7,0,11,9,5,3,6,10,11,11,8,11,6,7,4,7,7,8,4,11,11,0,11,0,6,6,8,6,9,10,11,9,11,11,6,6,4,9,5,9,4,4,5,9,9,2,10,2,4,5,6,11,5,10,2,3,11,6,3,5,4,9,6,11,2,10,2,11,11,3,3,8,5,9,7,4,3
0,7,7,7,7,8,10,3,11,2,10,6,6,9,5,3,10,3,10,11,6,8,5,5,9,4,6,0,0,3,4,4,0,0,5,5,7,0,9,8,3,3,8,0,4,2,4,9,6,8,10,7,11,11,11,8,0,5,3,6,5,7,4,4,8,5,8,6,2,5,2,7,6,8,2,0,10,6,4,7,11,0,0,9,0,7,8,5,8,8,9,5,0,0,2,0,2,7,7,9,7,10,11,0,10,0,0,7,7,5,10,6,10,5,5,6,10,10,3,11,3,5,6,7,0,6,11,3,4,0,7,4,6,5,10,7,0,3,11,3,0,0,4,4,9,6,10,8,5,4
2,8,8,8,8,9,11,4,0,3,11,7,7,10,6,4,11,4,11,0,7,9,6,6,10,5,7,2,2,4,5,5,2,2,6,6,8,2,10,9,4,4,9,2,5,3,5,10,7,9,11,8,0,0,0,9,2,6,4,7,6,8,5,5,9,6,9,7,3,6,3,8,7,9,3,2,11,7,5,8,0,2,2,10,2,8,9,6,9,9,10,6,2,2,3,2,3,8,8,10,8,11,0,2,11,2,2,8,8,6,11,7,11,6,6,7,11,11,4,0,4,6,7,8,2,7,0,4,5,2,8,5,7,6,11,8,2,4,0,4,2,2,5,5,10,7,11,9,6,5
3,9,9,9,9,10,0,5,2,4,0,8,8,11,7,5,0,5,0,2,8,10,7,7,11,6,8,3,3,5,6,6,3,3,7,7,9,3,11,10,5,5,10,3,6,4,6,11,8,10,0,9,2,2,2,10,3,7,5,8,7,9,6,6,10,7,10,8,4,7,4,9,8,10,4,3,0,8,6,9,2,3,3,11,3,9,10,7,10,10,11,7,3,3,4,3,4,9,9,11,9,0,2,3,0,3,3,9,9,7,0,8,0,7,7,8,0,0,5,2,5,7,8,9,3,8,2,5,6,3,9,6,8,7,0,9,3,5,2,5,3,3,6,6,11,8,0,10,7,6
4,10,10,10,10,11,2,6,3,5,2,9,9,0,8,6,2,6,2,3,9,11,8,8,0,7,9,4,4,6,7,7,4,4,8,8,10,4,0,11,6,6,11,4,7,5,7,0,9,11,2,10,3,3,3,11,4,8,6,9,8,10,7,7,11,8,11,9,5,8,5,10,9,11,5,4,2,9,7,10,3,4,4,0,4,10,11,8,11,11,0,8,4,4,5,4,5,10,10,0,10,2,3,4,2,4,4,10,10,8,2,9,2,8,8,9,2,2,6,3,6,8,9,10,4,9,3,6,7,4,10,7,9,8,2,10,4,6,3,6,4,4,7,7,0,9,2,11,8,7
5,11,11,11,11,0,3,7,4,6,3,10,10,2,9,7,3,7,3,4,10,0,9,9,2,8,10,5,5,7,8,8,5,5,9,9,11,5,2,0,7,7,0,5,8,6,8,2,10,0,3,11,4,4,4,0,5,9,7,10,9,11,8,8,0,9,0,10,6,9,6,11,10,0,6,5,3,10,8,11,4,5,5,2,5,11,0,9,0,0,2,9,5,5,6,5,6,11,11,2,11,3,4,5,3,5,5,11,11,9,3,10,3,9,9,10,3,3,7,4,7,9,10,11,5,10,4,7,8,5,11,8,10,9,3,11,5,7,4,7,5,5,8,8,2,10,3,0,9,8
6,0,0,0,0,2,4,8,5,7,4,11,11,3,10,8,4,8,4,5,11,2,10,10,3,9,11,6,6,8,9,9,6,6,10,10,0,6,3,2,8,8,2,6,9,7,9,3,11,2,4,0,5,5,5,2,6,10,8,11,10,0,9,9,2,10,2,11,7,10,7,0,11,2,7,6,4,11,9,0,5,6,6,3,6,0,2,10,2,2,3,10,6,6,7,6,7,0,0,3,0,4,5,6,4,6,6,0,0,10,4,11,4,10,10,11,4,4,8,5,8,10,11,0,6,11,5,8,9,6,0,9,11,10,4,0,6,8,5,8,6,6,9,9,3,11,4,2,10,9
7,2,2,2,2,3,5,9,6,8,5,0,0,4,11,9,5,9,5,6,0,3,11,11,4,10,0,7,7,9,10,10,7,7,11,11,2,7,4,3,9,9,3,7,10,8,10,4,0,3,5,2,6,6,6,3,7,11,9,0,11,2,10,10,3,11,3,0,8,11,8,2,0,3,8,7,5,0,10,2,6,7,7,4,7,2,3,11,3,3,4,11,7,7,8,7,8,2,2,4,2,5,6,7,5,7,7,2,2,11,5,0,5,11,11,0,5,5,9,6,9,11,0,2,7,0,6,9,10,7,2,10,0,11,5,2,7,9,6,9,7,7,10,10,4,0,5,3,11,10
8,3,3,3,3,4,6,10,7,9,6,2,2,5,0,10,6,10,6,7,2,4,0,0,5,11,2,8,8,10,11,11,8,8,0,0,3,8,5,4,10,10,4,8,11,9,11,5,2,4,6,3,7,7,7,4,8,0,10,2,0,3,11,11,4,0,4,2,9,0,9,3,2,4,9,8,6,2,11,3,7,8,8,5,8,3,4,0,4,4,5,0,8,8,9,8,9,3,3,5,3,6,7,8,6,8,8,3,3,0,6,2,6,0,0,2,6,6,10,7,10,0,2,3,8,2,7,10,11,8,3,11,2,0,6,3,8,10,7,10,8,8,11,11,5,2,6,4,0,11
9,4,4,4,4,5,7,11,8,10,7,3,3,6,2,11,7,11,7,8,3,5,2,2,6,0,3,9,9,11,0,0,9,9,2,2,4,9,6,5,11,11,5,9,0,10,0,6,3,5,7,4,8,8,8,5,9,2,11,3,2,4,0,0,5,2,5,3,10,2,10,4,3,5,10,9,7,3,0,4,8,9,9,6,9,4,5,2,5,5,6,2,9,9,10,9,10,4,4,6,4,7,8,9,7,9,9,4,4,2,7,3,7,2,2,3,7,7,11,8,11,2,3,4,9,3,8,11,0,9,4,0,3,2,7,4,9,11,8,11,9,9,0,0,6,3,7,5,2,0
10,5,5,5,5,6,8,0,9,11,8,4,4,7,3,0,8,0,8,9,4,6,3,3,7,2,4,10,10,0,2,2,10,10,3,3,5,10,7,6,0,0,6,10,2,11,2,7,4,6,8,5,9,9,9,6,10,3,0,4,3,5,2,2,6,3,6,4,11,3,11,5,4,6,11,10,8,4,2,5,9,10,10,7,10,5,6,3,6,6,7,3,10,10,11,10,11,5,5,7,5,8,9,10,8,10,10,5,5,3,8,4,8,3,3,4,8,8,0,9,0,3,4,5,10,4,9,0,2,10,5,2,4,3,8,5,10,0,9,0,10,10,2,2,7,4,8,6,3,2
11,6,6,6,6,7,9,2,10,0,9,5,5,8,4,2,9,2,9,10,5,7,4,4,8,3,5,11,11,2,3,3,11,11,4,4,6,11,8,7,2,2,7,11,3,0,3,8,5,7,9,6,10,10,10,7,11,4,2,5,4,6,3,3,7,4,7,5,0,4,0,6,5,7,0,11,9,5,3,6,10,11,11,8,11,6,7,4,7,7,8,4,11,11,0,11,0,6,6,8,6,9,10,11,9,11,11,6,6,4,9,5,9,4,4,5,9,9,2,10,2,4,5,6,11,5,10,2,3,11,6,3,5,4,9,6,11,2,10,2,11,11,3,3,8,5,9,7,4,3
0,7,7,7,7,8,10,3,11,2,10,6,6,9,5,3,10,3,10,11,6,8,5,5,9,4,6,0,0,3,4,4,0,0,5,5,7,0,9,8,3,3,8,0,4,2,4,9,6,8,10,7,11,11,11,8,0,5,3,6,5,7,4,4,8,5,8,6,2,5,2,7,6,8,2,0,10,6,4,7,11,0,0,9,0,7,8,5,8,8,9,5,0,0,2,0,2,7,7,9,7,10,11,0,10,0,0,7,7,5,10,6,10,5,5,6,10,10,3,11,3,5,6,7,0,6,11,3,4,0,7,4,6,5,10,7,0,3,11,3,0,0,4,4,9,6,10,8,5,4
2,8,8,8,8,9,11,4,0,3,11,7,7,10,6,4,11,4,11,0,7,9,6,6,10,5,7,2,2,4,5,5,2,2,6,6,8,2,10,9,4,4,9,2,5,3,5,10,7,9,11,8,0,0,0,9,2,6,4,7,6,8,5,5,9,6,9,7,3,6,3,8,7,9,3,2,11,7,5,8,0,2,2,10,2,8,9,6,9,9,10,6,2,2,3,2,3,8,8,10,8,11,0,2,11,2,2,8,8,6,11,7,11,6,6,7,11,11,4,0,4,6,7,8,2,7,0,4,5,2,8,5,7,6,11,8,2,4,0,4,2,2,5,5,10,7,11,9,6,5
3,9,9,9,9,10,0,5,2,4,0,8,8,11,7,5,0,5,0,2,8,10,7,7,11,6,8,3,3,5,6,6,3,3,7,7,9,3,11,10,5,5,10,3,6,4,6,11,8,10,0,9,2,2,2,10,3,7,5,8,7,9,6,6,10,7,10,8,4,7,4,9,8,10,4,3,0,8,6,9,2,3,3,11,3,9,10,7,10,10,11,7,3,3,4,3,4,9,9,11,9,0,2,3,0,3,3,9,9,7,0,8,0,7,7,8,0,0,5,2,5,7,8,9,3,8,2,5,6,3,9,6,8,7,0,9,3,5,2,5,3,3,6,6,11,8,0,10,7,6
4,10,10,10,10,11,2,6,3,5,2,9,9,0,8,6,2,6,2,3,9,11,8,8,0,7,9,4,4,6,7,7,4,4,8,8,10,4,0,11,6,6,11,4,7,5,7,0,9,11,2,10,3,3,3,11,4,8,6,9,8,10,7,7,11,8,11,9,5,8,5,10,9,11,5,4,2,9,7,10,3,4,4,0,4,10,11,8,11,11,0,8,4,4,5,4,5,10,10,0,10,2,3,4,2,4,4,10,10,8,2,9,2,8,8,9,2,2,6,3,6,8,9,10,4,9,3,6,7,4,10,7,9,8,2,10,4,6,3,6,4,4,7,7,0,9,2,11,8,7
5,11,11,11,11,0,3,7,4,6,3,10,10,2,9,7,3,7,3,4,10,0,9,9,2,8,10,5,5,7,8,8,5,5,9,9,11,5,2,0,7,7,0,5,8,6,8,2,10,0,3,11,4,4,4,0,5,9,7,10,9,11,8,8,0,9,0,10,6,9,6,11,10,0,6,5,3,10,8,11,4,5,5,2,5,11,0,9,0,0,2,9,5,5,6,5,6,11,11,2,11,3,4,5,3,5,5,11,11,9,3,10,3,9,9,10,3,3,7,4,7,9,10,11,5,10,4,7,8,5,11,8,10,9,3,11,5,7,4,7,5,5,8,8,2,10,3,0,9,8
6,0,0,0,0,2,4,8,5,7,4,11,11,3,10,8,4,8,4,5,11,2,10,10,3,9,11,6,6,8,9,9,6,6,10,10,0,6,3,2,8,8,2,6,9,7,9,3,11,2,4,0,5,5,5,2,6,10,8,11,10,0,9,9,2,10,2,11,7,10,7,0,11,2,7,6,4,11,9,0,5,6,6,3,6,0,2,10,2,2,3,10,6,6,7,6,7,0,0,3,0,4,5,6,4,6,6,0,0,10,4,11,4,10,10,11,4,4,8,5,8,10,11,0,6,11,5,8,9,6,0,9,11,10,4,0,6,8,5,8,6,6,9,9,3,11,4,2,10,9
7,2,2,2,2,3,5,9,6,8,5,0,0,4,11,9,5,9,5,6,0,3,11,11,4,10,0,7,7,9,10,10,7,7,11,11,2,7,4,3,9,9,3,7,10,8,10,4,0,3,5,2,6,6,6,3,7,11,9,0,11,2,10,10,3,11,3,0,8,11,8,2,0,3,8,7,5,0,10,2,6,7,7,4,7,2,3,11,3,3,4,11,7,7,8,7,8,2,2,4,2,5,6,7,5,7,7,2,2,11,5,0,5,11,11,0,5,5,9,6,9,11,0,2,7,0,6,9,10,7,2,10,0,11,5,2,7,9,6,9,7,7,10,10,4,0,5,3,11,10
8,3,3,3,3,4,6,10,7,9,6,2,2,5,0,10,6,10,6,7,2,4,0,0,5,11,2,8,8,10,11,11,8,8,0,0,3,8,5,4,10,10,4,8,11,9,11,5,2,4,6,3,7,7,7,4,8,0,10,2,0,3,11,11,4,0,4,2,9,0,9,3,2,4,9,8,6,2,11,3,7,8,8,5,8,3,4,0,4,4,5,0,8,8,9,8,9,3,3,5,3,6,7,8,6,8,8,3,3,0,6,2,6,0,0,2,6,6,10,7,10,0,2,3,8,2,7,10,11,8,3,11,2,0,6,3,8,10,7,10,8,8,11,11,5,2,6,4,0,11
9,4,4,4,4,5,7,11,8,10,7,3,3,6,2,11,7,11,7,8,3,5,2,2,6,0,3,9,9,11,0,0,9,9,2,2,4,9,6,5,11,11,5,9,0,10,0,6,3,5,7,4,8,8,8,5,9,2,11,3,2,4,0,0,5,2,5,3,10,2,10,4,3,5,10,9,7,3,0,4,8,9,9,6,9,4,5,2,5,5,6,2,9,9,10,9,10,4,4,6,4,7,8,9,7,9,9,4,4,2,7,3,7,2,2,3,7,7,11,8,11,2,3,4,9,3,8,11,0,9,4,0,3,2,7,4,9,11,8,11,9,9,0,0,6,3,7,5,2,0
10,5,5,5,5,6,8,0,9,11,8,4,4,7,3,0,8,0,8,9,4,6,3,3,7,2,4,10,10,0,2,2,10,10,3,3,5,10,7,6,0,0,6,10,2,11,2,7,4,6,8,5,9,9,9,6,10,3,0,4,3,5,2,2,6,3,6,4,11,3,11,5,4,6,11,10,8,4,2,5,9,10,10,7,10,5,6,3,6,6,7,3,10,10,11,10,11,5,5,7,5,8,9,10,8,10,10,5,5,3,8,4,8,3,3,4,8,8,0,9,0,3,4,5,10,4,9,0,2,10,5,2,4,3,8,5,10,0,9,0,10,10,2,2,7,4,8,6,3,2
11,6,6,6,6,7,9,2,10,0,9,5,5,8,4,2,9,2,9,10,5,7,4,4,8,3,5,11,11,2,3,3,11,11,4,4,6,11,8,7,2,2,7,11,3,0,3,8,5,7,9,6,10,10,10,7,11,4,2,5,4,6,3,3,7,4,7,5,0,4,0,6,5,7,0,11,9,5,3,6,10,11,11,8,11,6,7,4,7,7,8,4,11,11,0,11,0,6,6,8,6,9,10,11,9,11,11,6,6,4,9,5,9,4,4,5,9,9,2,10,2,4,5,6,11,5,10,2,3,11,6,3,5,4,9,6,11,2,10,2,11,11,3,3,8,5,9,7,4,3
0,7,7,7,7,8,10,3,11,2,10,6,6,9,5,3,10,3,10,11,6,8,5,5,9,4,6,0,0,3,4,4,0,0,5,5,7,0,9,8,3,3,8,0,4,2,4,9,6,8,10,7,11,11,11,8,0,5,3,6,5,7,4,4,8,5,8,6,2,5,2,7,6,8,2,0,10,6,4,7,11,0,0,9,0,7,8,5,8,8,9,5,0,0,2,0,2,7,7,9,7,10,11,0,10,0,0,7,7,5,10,6,10,5,5,6,10,10,3,11,3,5,6,7,0,6,11,3,4,0,7,4,6,5,10,7,0,3,11,3,0,0,4,4,9,6,10,8,5,4
2,8,8,8,8,9,11,4,0,3,11,7,7,10,6,4,11,4,11,0,7,9,6,6,10,5,7,2,2,4,5,5,2,2,6,6,8,2,10,9,4,4,9,2,5,3,5,10,7,9,11,8,0,0,0,9,2,6,4,7,6,8,5,5,9,6,9,7,3,6,3,8,7,9,3,2,11,7,5,8,0,2,2,10,2,8,9,6,9,9,10,6,2,2,3,2,3,8,8,10,8,11,0,2,11,2,2,8,8,6,11,7,11,6,6,7,11,11,4,0,4,6,7,8,2,7,0,4,5,2,8,5,7,6,11,8,2,4,0,4,2,2,5,5,10,7,11,9,6,5
3,9,9,9,9,10,0,5,2,4,0,8,8,11,7,5,0,5,0,2,8,10,7,7,11,6,8,3,3,5,6,6,3,3,7,7,9,3,11,10,5,5,10,3,6,4,6,11,8,10,0,9,2,2,2,10,3,7,5,8,7,9,6,6,10,7,10,8,4,7,4,9,8,10,4,3,0,8,6,9,2,3,3,11,3,9,10,7,10,10,11,7,3,3,4,3,4,9,9,11,9,0,2,3,0,3,3,9,9,7,0,8,0,7,7,8,0,0,5,2,5,7,8,9,3,8,2,5,6,3,9,6,8,7,0,9,3,5,2,5,3,3,6,6,11,8,0,10,7,6
4,10,10,10,10,11,2,6,3,5,2,9,9,0,8,6,2,6,2,3,9,11,8,8,0,7,9,4,4,6,7,7,4,4,8,8,10,4,0,11,6,6,11,4,7,5,7,0,9,11,2,10,3,3,3,11,4,8,6,9,8,10,7,7,11,8,11,9,5,8,5,10,9,11,5,4,2,9,7,10,3,4,4,0,4,10,11,8,11,11,0,8,4,4,5,4,5,10,10,0,10,2,3,4,2,4,4,10,10,8,2,9,2,8,8,9,2,2,6,3,6,8,9,10,4,9,3,6,7,4,10,7,9,8,2,10,4,6,3,6,4,4,7,7,0,9,2,11,8,7
5,11,11,11,11,0,3,7,4,6,3,10,10,2,9,7,3,7,3,4,10,0,9,9,2,8,10,5,5,7,8,8,5,5,9,9,11,5,2,0,7,7,0,5,8,6,8,2,10,0,3,11,4,4,4,0,5,9,7,10,9,11,8,8,0,9,0,10,6,9,6,11,10,0,6,5,3,10,8,11,4,5,5,2,5,11,0,9,0,0,2,9,5,5,6,5,6,11,11,2,11,3,4,5,3,5,5,11,11,9,3,10,3,9,9,10,3,3,7,4,7,9,10,11,5,10,4,7,8,5,11,8,10,9,3,11,5,7,4,7,5,5,8,8,2,10,3,0,9,8
6,0,0,0,0,2,4,8,5,7,4,11,11,3,10,8,4,8,4,5,11,2,10,10,3,9,11,6,6,8,9,9,6,6,10,10,0,6,3,2,8,8,2,6,9,7,9,3,11,2,4,0,5,5,5,2,6,10,8,11,10,0,9,9,2,10,2,11,7,10,7,0,11,2,7,6,4,11,9,0,5,6,6,3,6,0,2,10,2,2,3,10,6,6,7,6,7,0,0,3,0,4,5,6,4,6,6,0,0,10,4,11,4,10,10,11,4,4,8,5,8,10,11,0,6,11,5,8,9,6,0,9,11,10,4,0,6,8,5,8,6,6,9,9,3,11,4,2,10,9
7,2,2,2,2,3,5,9,6,8,5,0,0,4,11,9,5,9,5,6,0,3,11,11,4,10,0,7,7,9,10,10,7,7,11,11,2,7,4,3,9,9,3,7,10,8,10,4,0,3,5,2,6,6,6,3,7,11,9,0,11,2,10,10,3,11,3,0,8,11,8,2,0,3,8,7,5,0,10,2,6,7,7,4,7,2,3,11,3,3,4,11,7,7,8,7,8,2,2,4,2,5,6,7,5,7,7,2,2,11,5,0,5,11,11,0,5,5,9,6,9,11,0,2,7,0,6,9,10,7,2,10,0,11,5,2,7,9,6,9,7,7,10,10,4,0,5,3,11,10
8,3,3,3,3,4,6,10,7,9,6,2,2,5,0,10,6,10,6,7,2,4,0,0,5,11,2,8,8,10,11,11,8,8,0,0,3,8,5,4,10,10,4,8,11,9,11,5,2,4,6,3,7,7,7,4,8,0,10,2,0,3,11,11,4,0,4,2,9,0,9,3,2,4,9,8,6,2,11,3,7,8,8,5,8,3,4,0,4,4,5,0,8,8,9,8,9,3,3,5,3,6,7,8,6,8,8,3,3,0,6,2,6,0,0,2,6,6,10,7,10,0,2,3,8,2,7,10,11,8,3,11,2,0,6,3,8,10,7,10,8,8,11,11,5,2,6,4,0,11
9,4,4,4,4,5,7,11,8,10,7,3,3,6,2,11,7,11,7,8,3,5,2,2,6,0,3,9,9,11,0,0,9,9,2,2,4,9,6,5,11,11,5,9,0,10,0,6,3,5,7,4,8,8,8,5,9,2,11,3,2,4,0,0,5,2,5,3,10,2,10,4,3,5,10,9,7,3,0,4,8,9,9,6,9,4,5,2,5,5,6,2,9,9,10,9,10,4,4,6,4,7,8,9,7,9,9,4,4,2,7,3,7,2,2,3,7,7,11,8,11,2,3,4,9,3,8,11,0,9,4,0,3,2,7,4,9,11,8,11,9,9,0,0,6,3,7,5,2,0
10,5,5,5,5,6,8,0,9,11,8,4,4,7,3,0,8,0,8,9,4,6,3,3,7,2,4,10,10,0,2,2,10,10,3,3,5,10,7,6,0,0,6,10,2,11,2,7,4,6,8,5,9,9,9,6,10,3,0,4,3,5,2,2,6,3,6,4,11,3,11,5,4,6,11,10,8,4,2,5,9,10,10,7,10,5,6,3,6,6,7,3,10,10,11,10,11,5,5,7,5,8,9,10,8,10,10,5,5,3,8,4,8,3,3,4,8,8,0,9,0,3,4,5,10,4,9,0,2,10,5,2,4,3,8,5,10,0,9,0,10,10,2,2,7,4,8,6,3,2
11,6,6,6,6,7,9,2,10,0,9,5,5,8,4,2,9,2,9,10,5,7,4,4,8,3,5,11,11,2,3,3,11,11,4,4,6,11,8,7,2,2,7,11,3,0,3,8,5,7,9,6,10,10,10,7,11,4,2,5,4,6,3,3,7,4,7,5,0,4,0,6,5,7,0,11,9,5,3,6,10,11,11,8,11,6,7,4,7,7,8,4,11,11,0,11,0,6,6,8,6,9,10,11,9,11,11,6,6,4,9,5,9,4,4,5,9,9,2,10,2,4,5,6,11,5,10,2,3,11,6,3,5,4,9,6,11,2,10,2,11,11,3,3,8,5,9,7,4,3
0,7,7,7,7,8,10,3,11,2,10,6,6,9,5,3,10,3,10,11,6,8,5,5,9,4,6,0,0,3,4,4,0,0,5,5,7,0,9,8,3,3,8,0,4,2,4,9,6,8,10,7,11,11,11,8,0,5,3,6,5,7,4,4,8,5,8,6,2,5,2,7,6,8,2,0,10,6,4,7,11,0,0,9,0,7,8,5,8,8,9,5,0,0,2,0,2,7,7,9,7,10,11,0,10,0,0,7,7,5,10,6,10,5,5,6,10,10,3,11,3,5,6,7,0,6,11,3,4,0,7,4,6,5,10,7,0,3,11,3,0,0,4,4,9,6,10,8,5,4
2,8,8,8,8,9,11,4,0,3,11,7,7,10,6,4,11,4,11,0,7,9,6,6,10,5,7,2,2,4,5,5,2,2,6,6,8,2,10,9,4,4,9,2,5,3,5,10,7,9,11,8,0,0,0,9,2,6,4,7,6,8,5,5,9,6,9,7,3,6,3,8,7,9,3,2,11,7,5,8,0,2,2,10,2,8,9,6,9,9,10,6,2,2,3,2,3,8,8,10,8,11,0,2,11,2,2,8,8,6,11,7,11,6,6,7,11,11,4,0,4,6,7,8,2,7,0,4,5,2,8,5,7,6,11,8,2,4,0,4,2,2,5,5,10,7,11,9,6,5
3,9,9,9,9,10,0,5,2,4,0,8,8,11,7,5,0,5,0,2,8,10,7,7,11,6,8,3,3,5,6,6,3,3,7,7,9,3,11,10,5,5,10,3,6,4,6,11,8,10,0,9,2,2,2,10,3,7,5,8,7,9,6,6,10,7,10,8,4,7,4,9,8,10,4,3,0,8,6,9,2,3,3,11,3,9,10,7,10,10,11,7,3,3,4,3,4,9,9,11,9,0,2,3,0,3,3,9,9,7,0,8,0,7,7,8,0,0,5,2,5,7,8,9,3,8,2,5,6,3,9,6,8,7,0,9,3,5,2,5,3,3,6,6,11,8,0,10,7,6
4,10,10,10,10,11,2,6,3,5,2,9,9,0,8,6,2,6,2,3,9,11,8,8,0,7,9,4,4,6,7,7,4,4,8,8,10,4,0,11,6,6,11,4,7,5,7,0,9,11,2,10,3,3,3,11,4,8,6,9,8,10,7,7,11,8,11,9,5,8,5,10,9,11,5,4,2,9,7,10,3,4,4,0,4,10,11,8,11,11,0,8,4,4,5,4,5,10,10,0,10,2,3,4,2,4,4,10,10,8,2,9,2,8,8,9,2,2,6,3,6,8,9,10,4,9,3,6,7,4,10,7,9,8,2,10,4,6,3,6,4,4,7,7,0,9,2,11,8,7
5,11,11,11,11,0,3,7,4,6,3,10,10,2,9,7,3,7,3,4,10,0,9,9,2,8,10,5,5,7,8,8,5,5,9,9,11,5,2,0,7,7,0,5,8,6,8,2,10,0,3,11,4,4,4,0,5,9,7,10,9,11,8,8,0,9,0,10,6,9,6,11,10,0,6,5,3,10,8,11,4,5,5,2,5,11,0,9,0,0,2,9,5,5,6,5,6,11,11,2,11,3,4,5,3,5,5,11,11,9,3,10,3,9,9,10,3,3,7,4,7,9,10,11,5,10,4,7,8,5,11,8,10,9,3,11,5,7,4,7,5,5,8,8,2,10,3,0,9,8
6,0,0,0,0,2,4,8,5,7,4,11,11,3,10,8,4,8,4,5,11,2,10,10,3,9,11,6,6,8,9,9,6,6,10,10,0,6,3,2,8,8,2,6,9,7,9,3,11,2,4,0,5,5,5,2,6,10,8,11,10,0,9,9,2,10,2,11,7,10,7,0,11,2,7,6,4,11,9,0,5,6,6,3,6,0,2,10,2,2,3,10,6,6,7,6,7,0,0,3,0,4,5,6,4,6,6,0,0,10,4,11,4,10,10,11,4,4,8,5,8,10,11,0,6,11,5,8,9,6,0,9,11,10,4,0,6,8,5,8,6,6,9,9,3,11,4,2,10,9
7,2,2,2,2,3,5,9,6,8,5,0,0,4,11,9,5,9,5,6,0,3,11,11,4,10,0,7,7,9,10,10,7,7,11,11,2,7,4,3,9,9,3,7,10,8,10,4,0,3,5,2,6,6,6,3,7,11,9,0,11,2,10,10,3,11,3,0,8,11,8,2,0,3,8,7,5,0,10,2,6,7,7,4,7,2,3,11,3,3,4,11,7,7,8,7,8,2,2,4,2,5,6,7,5,7,7,2,2,11,5,0,5,11,11,0,5,5,9,6,9,11,0,2,7,0,6,9,10,7,2,10,0,11,5,2,7,9,6,9,7,7,10,10,4,0,5,3,11,10
8,3,3,3,3,4,6,10,7,9,6,2,2,5,0,10,6,10,6,7,2,4,0,0,5,11,2,8,8,10,11,11,8,8,0,0,3,8,5,4,10,10,4,8,11,9,11,5,2,4,6,3,7,7,7,4,8,0,10,2,0,3,11,11,4,0,4,2,9,0,9,3,2,4,9,8,6,2,11,3,7,8,8,5,8,3,4,0,4,4,5,0,8,8,9,8,9,3,3,5,3,6,7,8,6,8,8,3,3,0,6,2,6,0,0,2,6,6,10,7,10,0,2,3,8,2,7,10,11,8,3,11,2,0,6,3,8,10,7,10,8,8,11,11,5,2,6,4,0,11
9,4,4,4,4,5,7,11,8,10,7,3,3,6,2,11,7,11,7,8,3,5,2,2,6,0,3,9,9,11,0,0,9,9,2,2,4,9,6,5,11,11,5,9,0,10,0,6,3,5,7,4,8,8,8,5,9,2,11,3,2,4,0,0,5,2,5,3,10,2,10,4,3,5,10,9,7,3,0,4,8,9,9,6,9,4,5,2,5,5,6,2,9,9,10,9,10,4,4,6,4,7,8,9,7,9,9,4,4,2,7,3,7,2,2,3,7,7,11,8,11,2,3,4,9,3,8,11,0,9,4,0,3,2,7,4,9,11,8,11,9,9,0,0,6,3,7,5,2,0
10,5,5,5,5,6,8,0,9,11,8,4,4,7,3,0,8,0,8,9,4,6,3,3,7,2,4,10,10,0,2,2,10,10,3,3,5,10,7,6,0,0,6,10,2,11,2,7,4,6,8,5,9,9,9,6,10,3,0,4,3,5,2,2,6,3,6,4,11,3,11,5,4,6,11,10,8,4,2,5,9,10,10,7,10,5,6,3,6,6,7,3,10,10,11,10,11,5,5,7,5,8,9,10,8,10,10,5,5,3,8,4,8,3,3,4,8,8,0,9,0,3,4,5,10,4,9,0,2,10,5,2,4,3,8,5,10,0,9,0,10,10,2,2,7,4,8,6,3,2
11,6,6,6,6,7,9,2,10,0,9,5,5,8,4,2,9,2,9,10,5,7,4,4,8,3,5,11,11,2,3,3,11,11,4,4,6,11,8,7,2,2,7,11,3,0,3,8,5,7,9,6,10,10,10,7,11,4,2,5,4,6,3,3,7,4,7,5,0,4,0,6,5,7,0,11,9,5,3,6,10,11,11,8,11,6,7,4,7,7,8,4,11,11,0,11,0,6,6,8,6,9,10,11,9,11,11,6,6,4,9,5,9,4,4,5,9,9,2,10,2,4,5,6,11,5,10,2,3,11,6,3,5,4,9,6,11,2,10,2,11,11,3,3,8,5,9,7,4,3
0,7,7,7,7,8,10,3,11,2,10,6,6,9,5,3,10,3,10,11,6,8,5,5,9,4,6,0,0,3,4,4,0,0,5,5,7,0,9,8,3,3,8,0,4,2,4,9,6,8,10,7,11,11,11,8,0,5,3,6,5,7,4,4,8,5,8,6,2,5,2,7,6,8,2,0,10,6,4,7,11,0,0,9,0,7,8,5,8,8,9,5,0,0,2,0,2,7,7,9,7,10,11,0,10,0,0,7,7,5,10,6,10,5,5,6,10,10,3,11,3,5,6,7,0,6,11,3,4,0,7,4,6,5,10,7,0,3,11,3,0,0,4,4,9,6,10,8,5,4
2,8,8,8,8,9,11,4,0,3,11,7,7,10,6,4,11,4,11,0,7,9,6,6,10,5,7,2,2,4,5,5,2,2,6,6,8,2,10,9,4,4,9,2,5,3,5,10,7,9,11,8,0,0,0,9,2,6,4,7,6,8,5,5,9,6,9,7,3,6,3,8,7,9,3,2,11,7,5,8,0,2,2,10,2,8,9,6,9,9,10,6,2,2,3,2,3,8,8,10,8,11,0,2,11,2,2,8,8,6,11,7,11,6,6,7,11,11,4,0,4,6,7,8,2,7,0,4,5,2,8,5,7,6,11,8,2,4,0,4,2,2,5,5,10,7,11,9,6,5
3,9,9,9,9,10,0,5,2,4,0,8,8,11,7,5,0,5,0,2,8,10,7,7,11,6,8,3,3,5,6,6,3,3,7,7,9,3,11,10,5,5,10,3,6,4,6,11,8,10,0,9,2,2,2,10,3,7,5,8,7,9,6,6,10,7,10,8,4,7,4,9,8,10,4,3,0,8,6,9,2,3,3,11,3,9,10,7,10,10,11,7,3,3,4,3,4,9,9,11,9,0,2,3,0,3,3,9,9,7,0,8,0,7,7,8,0,0,5,2,5,7,8,9,3,8,2,5,6,3,9,6,8,7,0,9,3,5,2,5,3,3,6,6,11,8,0,10,7,6
4,10,10,10,10,11,2,6,3,5,2,9,9,0,8,6,2,6,2,3,9,11,8,8,0,7,9,4,4,6,7,7,4,4,8,8,10,4,0,11,6,6,11,4,7,5,7,0,9,11,2,10,3,3,3,11,4,8,6,9,8,10,7,7,11,8,11,9,5,8,5,10,9,11,5,4,2,9,7,10,3,4,4,0,4,10,11,8,11,11,0,8,4,4,5,4,5,10,10,0,10,2,3,4,2,4,4,10,10,8,2,9,2,8,8,9,2,2,6,3,6,8,9,10,4,9,3,6,7,4,10,7,9,8,2,10,4,6,3,6,4,4,7,7,0,9,2,11,8,7
5,11,11,11,11,0,3,7,4,6,3,10,10,2,9,7,3,7,3,4,10,0,9,9,2,8,10,5,5,7,8,8,5,5,9,9,11,5,2,0,7,7,0,5,8,6,8,2,10,0,3,11,4,4,4,0,5,9,7,10,9,11,8,8,0,9,0,10,6,9,6,11,10,0,6,5,3,10,8,11,4,5,5,2,5,11,0,9,0,0,2,9,5,5,6,5,6,11,11,2,11,3,4,5,3,5,5,11,11,9,3,10,3,9,9,10,3,3,7,4,7,9,10,11,5,10,4,7,8,5,11,8,10,9,3,11,5,7,4,7,5,5,8,8,2,10,3,0,9,8
6,0,0,0,0,2,4,8,5,7,4,11,11,3,10,8,4,8,4,5,11,2,10,10,3,9,11,6,6,8,9,9,6,6,10,10,0,6,3,2,8,8,2,6,9,7,9,3,11,2,4,0,5,5,5,2,6,10,8,11,10,0,9,9,2,10,2,11,7,10,7,0,11,2,7,6,4,11,9,0,5,6,6,3,6,0,2,10,2,2,3,10,6,6,7,6,7,0,0,3,0,4,5,6,4,6,6,0,0,10,4,11,4,10,10,11,4,4,8,5,8,10,11,0,6,11,5,8,9,6,0,9,11,10,4,0,6,8,5,8,6,6,9,9,3,11,4,2,10,9
7,2,2,2,2,3,5,9,6,8,5,0,0,4,11,9,5,9,5,6,0,3,11,11,4,10,0,7,7,9,10,10,7,7,11,11,2,7,4,3,9,9,3,7,10,8,10,4,0,3,5,2,6,6,6,3,7,11,9,0,11,2,10,10,3,11,3,0,8,11,8,2,0,3,8,7,5,0,10,2,6,7,7,4,7,2,3,11,3,3,4,11,7,7,8,7,8,2,2,4,2,5,6,7,5,7,7,2,2,11,5,0,5,11,11,0,5,5,9,6,9,11,0,2,7,0,6,9,10,7,2,10,0,11,5,2,7,9,6,9,7,7,10,10,4,0,5,3,11,10
8,3,3,3,3,4,6,10,7,9,6,2,2,5,0,10,6,10,6,7,2,4,0,0,5,11,2,8,8,10,11,11,8,8,0,0,3,8,5,4,10,10,4,8,11,9,11,5,2,4,6,3,7,7,7,4,8,0,10,2,0,3,11,11,4,0,4,2,9,0,9,3,2,4,9,8,6,2,11,3,7,8,8,5,8,3,4,0,4,4,5,0,8,8,9,8,9,3,3,5,3,6,7,8,6,8,8,3,3,0,6,2,6,0,0,2,6,6,10,7,10,0,2,3,8,2,7,10,11,8,3,11,2,0,6,3,8,10,7,10,8,8,11,11,5,2,6,4,0,11
9,4,4,4,4,5,7,11,8,10,7,3,3,6,2,11,7,11,7,8,3,5,2,2,6,0,3,9,9,11,0,0,9,9,2,2,4,9,6,5,11,11,5,9,0,10,0,6,3,5,7,4,8,8,8,5,9,2,11,3,2,4,0,0,5,2,5,3,10,2,10,4,3,5,10,9,7,3,0,4,8,9,9,6,9,4,5,2,5,5,6,2,9,9,10,9,10,4,4,6,4,7,8,9,7,9,9,4,4,2,7,3,7,2,2,3,7,7,11,8,11,2,3,4,9,3,8,11,0,9,4,0,3,2,7,4,9,11,8,11,9,9,0,0,6,3,7,5,2,0
10,5,5,5,5,6,8,0,9,11,8,4,4,7,3,0,8,0,8,9,4,6,3,3,7,2,4,10,10,0,2,2,10,10,3,3,5,10,7,6,0,0,6,10,2,11,2,7,4,6,8,5,9,9,9,6,10,3,0,4,3,5,2,2,6,3,6,4,11,3,11,5,4,6,11,10,8,4,2,5,9,10,10,7,10,5,6,3,6,6,7,3,10,10,11,10,11,5,5,7,5,8,9,10,8,10,10,5,5,3,8,4,8,3,3,4,8,8,0,9,0,3,4,5,10,4,9,0,2,10,5,2,4,3,8,5,10,0,9,0,10,10,2,2,7,4,8,6,3,2
11,6,6,6,6,7,9,2,10,0,9,5,5,8,4,2,9,2,9,10,5,7,4,4,8,3,5,11,11,2,3,3,11,11,4,4,6,11,8,7,2,2,7,11,3,0,3,8,5,7,9,6,10,10,10,7,11,4,2,5,4,6,3,3,7,4,7,5,0,4,0,6,5,7,0,11,9,5,3,6,10,11,11,8,11,6,7,4,7,7,8,4,11,11,0,11,0,6,6,8,6,9,10,11,9,11,11,6,6,4,9,5,9,4,4,5,9,9,2,10,2,4,5,6,11,5,10,2,3,11,6,3,5,4,9,6,11,2,10,2,11,11,3,3,8,5,9,7,4,3
0,7,7,7,7,8,10,3,11,2,10,6,6,9,5,3,10,3,10,11,6,8,5,5,9,4,6,0,0,3,4,4,0,0,5,5,7,0,9,8,3,3,8,0,4,2,4,9,6,8,10,7,11,11,11,8,0,5,3,6,5,7,4,4,8,5,8,6,2,5,2,7,6,8,2,0,10,6,4,7,11,0,0,9,0,7,8,5,8,8,9,5,0,0,2,0,2,7,7,9,7,10,11,0,10,0,0,7,7,5,10,6,10,5,5,6,10,10,3,11,3,5,6,7,0,6,11,3,4,0,7,4,6,5,10,7,0,3,11,3,0,0,4,4,9,6,10,8,5,4
2,8,8,8,8,9,11,4,0,3,11,7,7,10,6,4,11,4,11,0,7,9,6,6,10,5,7,2,2,4,5,5,2,2,6,6,8,2,10,9,4,4,9,2,5,3,5,10,7,9,11,8,0,0,0,9,2,6,4,7,6,8,5,5,9,6,9,7,3,6,3,8,7,9,3,2,11,7,5,8,0,2,2,10,2,8,9,6,9,9,10,6,2,2,3,2,3,8,8,10,8,11,0,2,11,2,2,8,8,6,11,7,11,6,6,7,11,11,4,0,4,6,7,8,2,7,0,4,5,2,8,5,7,6,11,8,2,4,0,4,2,2,5,5,10,7,11,9,6,5
3,9,9,9,9,10,0,5,2,4,0,8,8,11,7,5,0,5,0,2,8,10,7,7,11,6,8,3,3,5,6,6,3,3,7,7,9,3,11,10,5,5,10,3,6,4,6,11,8,10,0,9,2,2,2,10,3,7,5,8,7,9,6,6,10,7,10,8,4,7,4,9,8,10,4,3,0,8,6,9,2,3,3,11,3,9,10,7,10,10,11,7,3,3,4,3,4,9,9,11,9,0,2,3,0,3,3,9,9,7,0,8,0,7,7,8,0,0,5,2,5,7,8,9,3,8,2,5,6,3,9,6,8,7,0,9,3,5,2,5,3,3,6,6,11,8,0,10,7,6
4,10,10,10,10,11,2,6,3,5,2,9,9,0,8,6,2,6,2,3,9,11,8,8,0,7,9,4,4,6,7,7,4,4,8,8,10,4,0,11,6,6,11,4,7,5,7,0,9,11,2,10,3,3,3,11,4,8,6,9,8,10,7,7,11,8,11,9,5,8,5,10,9,11,5,4,2,9,7,10,3,4,4,0,4,10,11,8,11,11,0,8,4,4,5,4,5,10,10,0,10,2,3,4,2,4,4,10,10,8,2,9,2,8,8,9,2,2,6,3,6,8,9,10,4,9,3,6,7,4,10,7,9,8,2,10,4,6,3,6,4,4,7,7,0,9,2,11,8,7
5,11,11,11,11,0,3,7,4,6,3,10,10,2,9,7,3,7,3,4,10,0,9,9,2,8,10,5,5,7,8,8,5,5,9,9,11,5,2,0,7,7,0,5,8,6,8,2,10,0,3,11,4,4,4,0,5,9,7,10,9,11,8,8,0,9,0,10,6,9,6,11,10,0,6,5,3,10,8,11,4,5,5,2,5,11,0,9,0,0,2,9,5,5,6,5,6,11,11,2,11,3,4,5,3,5,5,11,11,9,3,10,3,9,9,10,3,3,7,4,7,9,10,11,5,10,4,7,8,5,11,8,10,9,3,11,5,7,4,7,5,5,8,8,2,10,3,0,9,8
6,0,0,0,0,2,4,8,5,7,4,11,11,3,10,8,4,8,4,5,11,2,10,10,3,9,11,6,6,8,9,9,6,6,10,10,0,6,3,2,8,8,2,6,9,7,9,3,11,2,4,0,5,5,5,2,6,10,8,11,10,0,9,9,2,10,2,11,7,10,7,0,11,2,7,6,4,11,9,0,5,6,6,3,6,0,2,10,2,2,3,10,6,6,7,6,7,0,0,3,0,4,5,6,4,6,6,0,0,10,4,11,4,10,10,11,4,4,8,5,8,10,11,0,6,11,5,8,9,6,0,9,11,10,4,0,6,8,5,8,6,6,9,9,3,11,4,2,10,9
7,2,2,2,2,3,5,9,6,8,5,0,0,4,11,9,5,9,5,6,0,3,11,11,4,10,0,7,7,9,10,10,7,7,11,11,2,7,4,3,9,9,3,7,10,8,10,4,0,3,5,2,6,6,6,3,7,11,9,0,11,2,10,10,3,11,3,0,8,11,8,2,0,3,8,7,5,0,10,2,6,7,7,4,7,2,3,11,3,3,4,11,7,7,8,7,8,2,2,4,2,5,6,7,5,7,7,2,2,11,5,0,5,11,11,0,5,5,9,6,9,11,0,2,7,0,6,9,10,7,2,10,0,11,5,2,7,9,6,9,7,7,10,10,4,0,5,3,11,10
8,3,3,3,3,4,6,10,7,9,6,2,2,5,0,10,6,10,6,7,2,4,0,0,5,11,2,8,8,10,11,11,8,8,0,0,3,8,5,4,10,10,4,8,11,9,11,5,2,4,6,3,7,7,7,4,8,0,10,2,0,3,11,11,4,0,4,2,9,0,9,3,2,4,9,8,6,2,11,3,7,8,8,5,8,3,4,0,4,4,5,0,8,8,9,8,9,3,3,5,3,6,7,8,6,8,8,3,3,0,6,2,6,0,0,2,6,6,10,7,10,0,2,3,8,2,7,10,11,8,3,11,2,0,6,3,8,10,7,10,8,8,11,11,5,2,6,4,0,11
9,4,4,4,4,5,7,11,8,10,7,3,3,6,2,11,7,11,7,8,3,5,2,2,6,0,3,9,9,11,0,0,9,9,2,2,4,9,6,5,11,11,5,9,0,10,0,6,3,5,7,4,8,8,8,5,9,2,11,3,2,4,0,0,5,2,5,3,10,2,10,4,3,5,10,9,7,3,0,4,8,9,9,6,9,4,5,2,5,5,6,2,9,9,10,9,10,4,4,6,4,7,8,9,7,9,9,4,4,2,7,3,7,2,2,3,7,7,11,8,11,2,3,4,9,3,8,11,0,9,4,0,3,2,7,4,9,11,8,11,9,9,0,0,6,3,7,5,2,0
10,5,5,5,5,6,8,0,9,11,8,4,4,7,3,0,8,0,8,9,4,6,3,3,7,2,4,10,10,0,2,2,10,10,3,3,5,10,7,6,0,0,6,10,2,11,2,7,4,6,8,5,9,9,9,6,10,3,0,4,3,5,2,2,6,3,6,4,11,3,11,5,4,6,11,10,8,4,2,5,9,10,10,7,10,5,6,3,6,6,7,3,10,10,11,10,11,5,5,7,5,8,9,10,8,10,10,5,5,3,8,4,8,3,3,4,8,8,0,9,0,3,4,5,10,4,9,0,2,10,5,2,4,3,8,5,10,0,9,0,10,10,2,2,7,4,8,6,3,2
11,6,6,6,6,7,9,2,10,0,9,5,5,8,4,2,9,2,9,10,5,7,4,4,8,3,5,11,11,2,3,3,11,11,4,4,6,11,8,7,2,2,7,11,3,0,3,8,5,7,9,6,10,10,10,7,11,4,2,5,4,6,3,3,7,4,7,5,0,4,0,6,5,7,0,11,9,5,3,6,10,11,11,8,11,6,7,4,7,7,8,4,11,11,0,11,0,6,6,8,6,9,10,11,9,11,11,6,6,4,9,5,9,4,4,5,9,9,2,10,2,4,5,6,11,5,10,2,3,11,6,3,5,4,9,6,11,2,10,2,11,11,3,3,8,5,9,7,4,3
0,7,7,7,7,8,10,3,11,2,10,6,6,9,5,3,10,3,10,11,6,8,5,5,9,4,6,0,0,3,4,4,0,0,5,5,7,0,9,8,3,3,8,0,4,2,4,9,6,8,10,7,11,11,11,8,0,5,3,6,5,7,4,4,8,5,8,6,2,5,2,7,6,8,2,0,10,6,4,7,11,0,0,9,0,7,8,5,8,8,9,5,0,0,2,0,2,7,7,9,7,10,11,0,10,0,0,7,7,5,10,6,10,5,5,6,10,10,3,11,3,5,6,7,0,6,11,3,4,0,7,4,6,5,10,7,0,3,11,3,0,0,4,4,9,6,10,8,5,4
2,8,8,8,8,9,11,4,0,3,11,7,7,10,6,4,11,4,11,0,7,9,6,6,10,5,7,2,2,4,5,5,2,2,6,6,8,2,10,9,4,4,9,2,5,3,5,10,7,9,11,8,0,0,0,9,2,6,4,7,6,8,5,5,9,6,9,7,3,6,3,8,7,9,3,2,11,7,5,8,0,2,2,10,2,8,9,6,9,9,10,6,2,2,3,2,3,8,8,10,8,11,0,2,11,2,2,8,8,6,11,7,11,6,6,7,11,11,4,0,4,6,7,8,2,7,0,4,5,2,8,5,7,6,11,8,2,4,0,4,2,2,5,5,10,7,11,9,6,5
3,9,9,9,9,10,0,5,2,4,0,8,8,11,7,5,0,5,0,2,8,10,7,7,11,6,8,3,3,5,6,6,3,3,7,7,9,3,11,10,5,5,10,3,6,4,6,11,8,10,0,9,2,2,2,10,3,7,5,8,7,9,6,6,10,7,10,8,4,7,4,9,8,10,4,3,0,8,6,9,2,3,3,11,3,9,10,7,10,10,11,7,3,3,4,3,4,9,9,11,9,0,2,3,0,3,3,9,9,7,0,8,0,7,7,8,0,0,5,2,5,7,8,9,3,8,2,5,6,3,9,6,8,7,0,9,3,5,2,5,3,3,6,6,11,8,0,10,7,6
4,10,10,10,10,11,2,6,3,5,2,9,9,0,8,6,2,6,2,3,9,11,8,8,0,7,9,4,4,6,7,7,4,4,8,8,10,4,0,11,6,6,11,4,7,5,7,0,9,11,2,10,3,3,3,11,4,8,6,9,8,10,7,7,11,8,11,9,5,8,5,10,9,11,5,4,2,9,7,10,3,4,4,0,4,10,11,8,11,11,0,8,4,4,5,4,5,10,10,0,10,2,3,4,2,4,4,10,10,8,2,9,2,8,8,9,2,2,6,3,6,8,9,10,4,9,3,6,7,4,10,7,9,8,2,10,4,6,3,6,4,4,7,7,0,9,2,11,8,7
5,11,11,11,11,0,3,7,4,6,3,10,10,2,9,7,3,7,3,4,10,0,9,9,2,8,10,5,5,7,8,8,5,5,9,9,11,5,2,0,7,7,0,5,8,6,8,2,10,0,3,11,4,4,4,0,5,9,7,10,9,11,8,8,0,9,0,10,6,9,6,11,10,0,6,5,3,10,8,11,4,5,5,2,5,11,0,9,0,0,2,9,5,5,6,5,6,11,11,2,11,3,4,5,3,5,5,11,11,9,3,10,3,9,9,10,3,3,7,4,7,9,10,11,5,10,4,7,8,5,11,8,10,9,3,11,5,7,4,7,5,5,8,8,2,10,3,0,9,8
6,0,0,0,0,2,4,8,5,7,4,11,11,3,10,8,4,8,4,5,11,2,10,10,3,9,11,6,6,8,9,9,6,6,10,10,0,6,3,2,8,8,2,6,9,7,9,3,11,2,4,0,5,5,5,2,6,10,8,11,10,0,9,9,2,10,2,11,7,10,7,0,11,2,7,6,4,11,9,0,5,6,6,3,6,0,2,10,2,2,3,10,6,6,7,6,7,0,0,3,0,4,5,6,4,6,6,0,0,10,4,11,4,10,10,11,4,4,8,5,8,10,11,0,6,11,5,8,9,6,0,9,11,10,4,0,6,8,5,8,6,6,9,9,3,11,4,2,10,9
7,2,2,2,2,3,5,9,6,8,5,0,0,4,11,9,5,9,5,6,0,3,11,11,4,10,0,7,7,9,10,10,7,7,11,11,2,7,4,3,9,9,3,7,10,8,10,4,0,3,5,2,6,6,6,3,7,11,9,0,11,2,10,10,3,11,3,0,8,11,8,2,0,3,8,7,5,0,10,2,6,7,7,4,7,2,3,11,3,3,4,11,7,7,8,7,8,2,2,4,2,5,6,7,5,7,7,2,2,11,5,0,5,11,11,0,5,5,9,6,9,11,0,2,7,0,6,9,10,7,2,10,0,11,5,2,7,9,6,9,7,7,10,10,4,0,5,3,11,10
8,3,3,3,3,4,6,10,7,9,6,2,2,5,0,10,6,10,6,7,2,4,0,0,5,11,2,8,8,10,11,11,8,8,0,0,3,8,5,4,10,10,4,8,11,9,11,5,2,4,6,3,7,7,7,4,8,0,10,2,0,3,11,11,4,0,4,2,9,0,9,3,2,4,9,8,6,2,11,3,7,8,8,5,8,3,4,0,4,4,5,0,8,8,9,8,9,3,3,5,3,6,7,8,6,8,8,3,3,0,6,2,6,0,0,2,6,6,10,7,10,0,2,3,8,2,7,10,11,8,3,11,2,0,6,3,8,10,7,10,8,8,11,11,5,2,6,4,0,11
9,4,4,4,4,5,7,11,8,10,7,3,3,6,2,11,7,11,7,8,3,5,2,2,6,0,3,9,9,11,0,0,9,9,2,2,4,9,6,5,11,11,5,9,0,10,0,6,3,5,7,4,8,8,8,5,9,2,11,3,2,4,0,0,5,2,5,3,10,2,10,4,3,5,10,9,7,3,0,4,8,9,9,6,9,4,5,2,5,5,6,2,9,9,10,9,10,4,4,6,4,7,8,9,7,9,9,4,4,2,7,3,7,2,2,3,7,7,11,8,11,2,3,4,9,3,8,11,0,9,4,0,3,2,7,4,9,11,8,11,9,9,0,0,6,3,7,5,2,0
10,5,5,5,5,6,8,0,9,11,8,4,4,7,3,0,8,0,8,9,4,6,3,3,7,2,4,10,10,0,2,2,10,10,3,3,5,10,7,6,0,0,6,10,2,11,2,7,4,6,8,5,9,9,9,6,10,3,0,4,3,5,2,2,6,3,6,4,11,3,11,5,4,6,11,10,8,4,2,5,9,10,10,7,10,5,6,3,6,6,7,3,10,10,11,10,11,5,5,7,5,8,9,10,8,10,10,5,5,3,8,4,8,3,3,4,8,8,0,9,0,3,4,5,10,4,9,0,2,10,5,2,4,3,8,5,10,0,9,0,10,10,2,2,7,4,8,6,3,2
11,6,6,6,6,7,9,2,10,0,9,5,5,8,4,2,9,2,9,10,5,7,4,4,8,3,5,11,11,2,3,3,11,11,4,4,6,11,8,7,2,2,7,11,3,0,3,8,5,7,9,6,10,10,10,7,11,4,2,5,4,6,3,3,7,4,7,5,0,4,0,6,5,7,0,11,9,5,3,6,10,11,11,8,11,6,7,4,7,7,8,4,11,11,0,11,0,6,6,8,6,9,10,11,9,11,11,6,6,4,9,5,9,4,4,5,9,9,2,10,2,4,5,6,11,5,10,2,3,11,6,3,5,4,9,6,11,2,10,2,11,11,3,3,8,5,9,7,4,3
0,7,7,7,7,8,10,3,11,2,10,6,6,9,5,3,10,3,10,11,6,8,5,5,9,4,6,0,0,3,4,4,0,0,5,5,7,0,9,8,3,3,8,0,4,2,4,9,6,8,10,7,11,11,11,8,0,5,3,6,5,7,4,4,8,5,8,6,2,5,2,7,6,8,2,0,10,6,4,7,11,0,0,9,0,7,8,5,8,8,9,5,0,0,2,0,2,7,7,9,7,10,11,0,10,0,0,7,7,5,10,6,10,5,5,6,10,10,3,11,3,5,6,7,0,6,11,3,4,0,7,4,6,5,10,7,0,3,11,3,0,0,4,4,9,6,10,8,5,4
2,8,8,8,8,9,11,4,0,3,11,7,7,10,6,4,11,4,11,0,7,9,6,6,10,5,7,2,2,4,5,5,2,2,6,6,8,2,10,9,4,4,9,2,5,3,5,10,7,9,11,8,0,0,0,9,2,6,4,7,6,8,5,5,9,6,9,7,3,6,3,8,7,9,3,2,11,7,5,8,0,2,2,10,2,8,9,6,9,9,10,6,2,2,3,2,3,8,8,10,8,11,0,2,11,2,2,8,8,6,11,7,11,6,6,7,11,11,4,0,4,6,7,8,2,7,0,4,5,2,8,5,7,6,11,8,2,4,0,4,2,2,5,5,10,7,11,9,6,5
3,9,9,9,9,10,0,5,2,4,0,8,8,11,7,5,0,5,0,2,8,10,7,7,11,6,8,3,3,5,6,6,3,3,7,7,9,3,11,10,5,5,10,3,6,4,6,11,8,10,0,9,2,2,2,10,3,7,5,8,7,9,6,6,10,7,10,8,4,7,4,9,8,10,4,3,0,8,6,9,2,3,3,11,3,9,10,7,10,10,11,7,3,3,4,3,4,9,9,11,9,0,2,3,0,3,3,9,9,7,0,8,0,7,7,8,0,0,5,2,5,7,8,9,3,8,2,5,6,3,9,6,8,7,0,9,3,5,2,5,3,3,6,6,11,8,0,10,7,6
4,10,10,10,10,11,2,6,3,5,2,9,9,0,8,6,2,6,2,3,9,11,8,8,0,7,9,4,4,6,7,7,4,4,8,8,10,4,0,11,6,6,11,4,7,5,7,0,9,11,2,10,3,3,3,11,4,8,6,9,8,10,7,7,11,8,11,9,5,8,5,10,9,11,5,4,2,9,7,10,3,4,4,0,4,10,11,8,11,11,0,8,4,4,5,4,5,10,10,0,10,2,3,4,2,4,4,10,10,8,2,9,2,8,8,9,2,2,6,3,6,8,9,10,4,9,3,6,7,4,10,7,9,8,2,10,4,6,3,6,4,4,7,7,0,9,2,11,8,7
5,11,11,11,11,0,3,7,4,6,3,10,10,2,9,7,3,7,3,4,10,0,9,9,2,8,10,5,5,7,8,8,5,5,9,9,11,5,2,0,7,7,0,5,8,6,8,2,10,0,3,11,4,4,4,0,5,9,7,10,9,11,8,8,0,9,0,10,6,9,6,11,10,0,6,5,3,10,8,11,4,5,5,2,5,11,0,9,0,0,2,9,5,5,6,5,6,11,11,2,11,3,4,5,3,5,5,11,11,9,3,10,3,9,9,10,3,3,7,4,7,9,10,11,5,10,4,7,8,5,11,8,10,9,3,11,5,7,4,7,5,5,8,8,2,10,3,0,9,8
6,0,0,0,0,2,4,8,5,7,4,11,11,3,10,8,4,8,4,5,11,2,10,10,3,9,11,6,6,8,9,9,6,6,10,10,0,6,3,2,8,8,2,6,9,7,9,3,11,2,4,0,5,5,5,2,6,10,8,11,10,0,9,9,2,10,2,11,7,10,7,0,11,2,7,6,4,11,9,0,5,6,6,3,6,0,2,10,2,2,3,10,6,6,7,6,7,0,0,3,0,4,5,6,4,6,6,0,0,10,4,11,4,10,10,11,4,4,8,5,8,10,11,0,6,11,5,8,9,6,0,9,11,10,4,0,6,8,5,8,6,6,9,9,3,11,4,2,10,9
7,2,2,2,2,3,5,9,6,8,5,0,0,4,11,9,5,9,5,6,0,3,11,11,4,10,0,7,7,9,10,10,7,7,11,11,2,7,4,3,9,9,3,7,10,8,10,4,0,3,5,2,6,6,6,3,7,11,9,0,11,2,10,10,3,11,3,0,8,11,8,2,0,3,8,7,5,0,10,2,6,7,7,4,7,2,3,11,3,3,4,11,7,7,8,7,8,2,2,4,2,5,6,7,5,7,7,2,2,11,5,0,5,11,11,0,5,5,9,6,9,11,0,2,7,0,6,9,10,7,2,10,0,11,5,2,7,9,6,9,7,7,10,10,4,0,5,3,11,10
8,3,3,3,3,4,6,10,7,9,6,2,2,5,0,10,6,10,6,7,2,4,0,0,5,11,2,8,8,10,11,11,8,8,0,0,3,8,5,4,10,10,4,8,11,9,11,5,2,4,6,3,7,7,7,4,8,0,10,2,0,3,11,11,4,0,4,2,9,0,9,3,2,4,9,8,6,2,11,3,7,8,8,5,8,3,4,0,4,4,5,0,8,8,9,8,9,3,3,5,3,6,7,8,6,8,8,3,3,0,6,2,6,0,0,2,6,6,10,7,10,0,2,3,8,2,7,10,11,8,3,11,2,0,6,3,8,10,7,10,8,8,11,11,5,2,6,4,0,11
9,4,4,4,4,5,7,11,8,10,7,3,3,6,2,11,7,11,7,8,3,5,2,2,6,0,3,9,9,11,0,0,9,9,2,2,4,9,6,5,11,11,5,9,0,10,0,6,3,5,7,4,8,8,8,5,9,2,11,3,2,4,0,0,5,2,5,3,10,2,10,4,3,5,10,9,7,3,0,4,8,9,9,6,9,4,5,2,5,5,6,2,9,9,10,9,10,4,4,6,4,7,8,9,7,9,9,4,4,2,7,3,7,2,2,3,7,7,11,8,11,2,3,4,9,3,8,11,0,9,4,0,3,2,7,4,9,11,8,11,9,9,0,0,6,3,7,5,2,0
10,5,5,5,5,6,8,0,9,11,8,4,4,7,3,0,8,0,8,9,4,6,3,3,7,2,4,10,10,0,2,2,10,10,3,3,5,10,7,6,0,0,6,10,2,11,2,7,4,6,8,5,9,9,9,6,10,3,0,4,3,5,2,2,6,3,6,4,11,3,11,5,4,6,11,10,8,4,2,5,9,10,10,7,10,5,6,3,6,6,7,3,10,10,11,10,11,5,5,7,5,8,9,10,8,10,10,5,5,3,8,4,8,3,3,4,8,8,0,9,0,3,4,5,10,4,9,0,2,10,5,2,4,3,8,5,10,0,9,0,10,10,2,2,7,4,8,6,3,2
11,6,6,6,6,7,9,2,10,0,9,5,5,8,4,2,9,2,9,10,5,7,4,4,8,3,5,11,11,2,3,3,11,11,4,4,6,11,8,7,2,2,7,11,3,0,3,8,5,7,9,6,10,10,10,7,11,4,2,5,4,6,3,3,7,4,7,5,0,4,0,6,5,7,0,11,9,5,3,6,10,11,11,8,11,6,7,4,7,7,8,4,11,11,0,11,0,6,6,8,6,9,10,11,9,11,11,6,6,4,9,5,9,4,4,5,9,9,2,10,2,4,5,6,11,5,10,2,3,11,6,3,5,4,9,6,11,2,10,2,11,11,3,3,8,5,9,7,4,3
0,7,7,7,7,8,10,3,11,2,10,6,6,9,5,3,10,3,10,11,6,8,5,5,9,4,6,0,0,3,4,4,0,0,5,5,7,0,9,8,3,3,8,0,4,2,4,9,6,8,10,7,11,11,11,8,0,5,3,6,5,7,4,4,8,5,8,6,2,5,2,7,6,8,2,0,10,6,4,7,11,0,0,9,0,7,8,5,8,8,9,5,0,0,2,0,2,7,7,9,7,10,11,0,10,0,0,7,7,5,10,6,10,5,5,6,10,10,3,11,3,5,6,7,0,6,11,3,4,0,7,4,6,5,10,7,0,3,11,3,0,0,4,4,9,6,10,8,5,4
2,8,8,8,8,9,11,4,0,3,11,7,7,10,6,4,11,4,11,0,7,9,6,6,10,5,7,2,2,4,5,5,2,2,6,6,8,2,10,9,4,4,9,2,5,3,5,10,7,9,11,8,0,0,0,9,2,6,4,7,6,8,5,5,9,6,9,7,3,6,3,8,7,9,3,2,11,7,5,8,0,2,2,10,2,8,9,6,9,9,10,6,2,2,3,2,3,8,8,10,8,11,0,2,11,2,2,8,8,6,11,7,11,6,6,7,11,11,4,0,4,6,7,8,2,7,0,4,5,2,8,5,7,6,11,8,2,4,0,4,2,2,5,5,10,7,11,9,6,5
3,9,9,9,9,10,0,5,2,4,0,8,8,11,7,5,0,5,0,2,8,10,7,7,11,6,8,3,3,5,6,6,3,3,7,7,9,3,11,10,5,5,10,3,6,4,6,11,8,10,0,9,2,2,2,10,3,7,5,8,7,9,6,6,10,7,10,8,4,7,4,9,8,10,4,3,0,8,6,9,2,3,3,11,3,9,10,7,10,10,11,7,3,3,4,3,4,9,9,11,9,0,2,3,0,3,3,9,9,7,0,8,0,7,7,8,0,0,5,2,5,7,8,9,3,8,2,5,6,3,9,6,8,7,0,9,3,5,2,5,3,3,6,6,11,8,0,10,7,6
4,10,10,10,10,11,2,6,3,5,2,9,9,0,8,6,2,6,2,3,9,11,8,8,0,7,9,4,4,6,7,7,4,4,8,8,10,4,0,11,6,6,11,4,7,5,7,0,9,11,2,10,3,3,3,11,4,8,6,9,8,10,7,7,11,8,11,9,5,8,5,10,9,11,5,4,2,9,7,10,3,4,4,0,4,10,11,8,11,11,0,8,4,4,5,4,5,10,10,0,10,2,3,4,2,4,4,10,10,8,2,9,2,8,8,9,2,2,6,3,6,8,9,10,4,9,3,6,7,4,10,7,9,8,2,10,4,6,3,6,4,4,7,7,0,9,2,11,8,7
5,11,11,11,11,0,3,7,4,6,3,10,10,2,9,7,3,7,3,4,10,0,9,9,2,8,10,5,5,7,8,8,5,5,9,9,11,5,2,0,7,7,0,5,8,6,8,2,10,0,3,11,4,4,4,0,5,9,7,10,9,11,8,8,0,9,0,10,6,9,6,11,10,0,6,5,3,10,8,11,4,5,5,2,5,11,0,9,0,0,2,9,5,5,6,5,6,11,11,2,11,3,4,5,3,5,5,11,11,9,3,10,3,9,9,10,3,3,7,4,7,9,10,11,5,10,4,7,8,5,11,8,10,9,3,11,5,7,4,7,5,5,8,8,2,10,3,0,9,8
6,0,0,0,0,2,4,8,5,7,4,11,11,3,10,8,4,8,4,5,11,2,10,10,3,9,11,6,6,8,9,9,6,6,10,10,0,6,3,2,8,8,2,6,9,7,9,3,11,2,4,0,5,5,5,2,6,10,8,11,10,0,9,9,2,10,2,11,7,10,7,0,11,2,7,6,4,11,9,0,5,6,6,3,6,0,2,10,2,2,3,10,6,6,7,6,7,0,0,3,0,4,5,6,4,6,6,0,0,10,4,11,4,10,10,11,4,4,8,5,8,10,11,0,6,11,5,8,9,6,0,9,11,10,4,0,6,8,5,8,6,6,9,9,3,11,4,2,10,9
7,2,2,2,2,3,5,9,6,8,5,0,0,4,11,9,5,9,5,6,0,3,11,11,4,10,0,7,7,9,10,10,7,7,11,11,2,7,4,3,9,9,3,7,10,8,10,4,0,3,5,2,6,6,6,3,7,11,9,0,11,2,10,10,3,11,3,0,8,11,8,2,0,3,8,7,5,0,10,2,6,7,7,4,7,2,3,11,3,3,4,11,7,7,8,7,8,2,2,4,2,5,6,7,5,7,7,2,2,11,5,0,5,11,11,0,5,5,9,6,9,11,0,2,7,0,6,9,10,7,2,10,0,11,5,2,7,9,6,9,7,7,10,10,4,0,5,3,11,10
8,3,3,3,3,4,6,10,7,9,6,2,2,5,0,10,6,10,6,7,2,4,0,0,5,11,2,8,8,10,11,11,8,8,0,0,3,8,5,4,10,10,4,8,11,9,11,5,2,4,6,3,7,7,7,4,8,0,10,2,0,3,11,11,4,0,4,2,9,0,9,3,2,4,9,8,6,2,11,3,7,8,8,5,8,3,4,0,4,4,5,0,8,8,9,8,9,3,3,5,3,6,7,8,6,8,8,3,3,0,6,2,6,0,0,2,6,6,10,7,10,0,2,3,8,2,7,10,11,8,3,11,2,0,6,3,8,10,7,10,8,8,11,11,5,2,6,4,0,11
9,4,4,4,4,5,7,11,8,10,7,3,3,6,2,11,7,11,7,8,3,5,2,2,6,0,3,9,9,11,0,0,9,9,2,2,4,9,6,5,11,11,5,9,0,10,0,6,3,5,7,4,8,8,8,5,9,2,11,3,2,4,0,0,5,2,5,3,10,2,10,4,3,5,10,9,7,3,0,4,8,9,9,6,9,4,5,2,5,5,6,2,9,9,10,9,10,4,4,6,4,7,8,9,7,9,9,4,4,2,7,3,7,2,2,3,7,7,11,8,11,2,3,4,9,3,8,11,0,9,4,0,3,2,7,4,9,11,8,11,9,9,0,0,6,3,7,5,2,0
10,5,5,5,5,6,8,0,9,11,8,4,4,7,3,0,8,0,8,9,4,6,3,3,7,2,4,10,10,0,2,2,10,10,3,3,5,10,7,6,0,0,6,10,2,11,2,7,4,6,8,5,9,9,9,6,10,3,0,4,3,5,2,2,6,3,6,4,11,3,11,5,4,6,11,10,8,4,2,5,9,10,10,7,10,5,6,3,6,6,7,3,10,10,11,10,11,5,5,7,5,8,9,10,8,10,10,5,5,3,8,4,8,3,3,4,8,8,0,9,0,3,4,5,10,4,9,0,2,10,5,2,4,3,8,5,10,0,9,0,10,10,2,2,7,4,8,6,3,2
11,6,6,6,6,7,9,2,10,0,9,5,5,8,4,2,9,2,9,10,5,7,4,4,8,3,5,11,11,2,3,3,11,11,4,4,6,11,8,7,2,2,7,11,3,0,3,8,5,7,9,6,10,10,10,7,11,4,2,5,4,6,3,3,7,4,7,5,0,4,0,6,5,7,0,11,9,5,3,6,10,11,11,8,11,6,7,4,7,7,8,4,11,11,0,11,0,6,6,8,6,9,10,11,9,11,11,6,6,4,9,5,9,4,4,5,9,9,2,10,2,4,5,6,11,5,10,2,3,11,6,3,5,4,9,6,11,2,10,2,11,11,3,3,8,5,9,7,4,3
0,7,7,7,7,8,10,3,11,2,10,6,6,9,5,3,10,3,10,11,6,8,5,5,9,4,6,0,0,3,4,4,0,0,5,5,7,0,9,8,3,3,8,0,4,2,4,9,6,8,10,7,11,11,11,8,0,5,3,6,5,7,4,4,8,5,8,6,2,5,2,7,6,8,2,0,10,6,4,7,11,0,0,9,0,7,8,5,8,8,9,5,0,0,2,0,2,7,7,9,7,10,11,0,10,0,0,7,7,5,10,6,10,5,5,6,10,10,3,11,3,5,6,7,0,6,11,3,4,0,7,4,6,5,10,7,0,3,11,3,0,0,4,4,9,6,10,8,5,4
2,8,8,8,8,9,11,4,0,3,11,7,7,10,6,4,11,4,11,0,7,9,6,6,10,5,7,2,2,4,5,5,2,2,6,6,8,2,10,9,4,4,9,2,5,3,5,10,7,9,11,8,0,0,0,9,2,6,4,7,6,8,5,5,9,6,9,7,3,6,3,8,7,9,3,2,11,7,5,8,0,2,2,10,2,8,9,6,9,9,10,6,2,2,3,2,3,8,8,10,8,11,0,2,11,2,2,8,8,6,11,7,11,6,6,7,11,11,4,0,4,6,7,8,2,7,0,4,5,2,8,5,7,6,11,8,2,4,0,4,2,2,5,5,10,7,11,9,6,5
3,9,9,9,9,10,0,5,2,4,0,8,8,11,7,5,0,5,0,2,8,10,7,7,11,6,8,3,3,5,6,6,3,3,7,7,9,3,11,10,5,5,10,3,6,4,6,11,8,10,0,9,2,2,2,10,3,7,5,8,7,9,6,6,10,7,10,8,4,7,4,9,8,10,4,3,0,8,6,9,2,3,3,11,3,9,10,7,10,10,11,7,3,3,4,3,4,9,9,11,9,0,2,3,0,3,3,9,9,7,0,8,0,7,7,8,0,0,5,2,5,7,8,9,3,8,2,5,6,3,9,6,8,7,0,9,3,5,2,5,3,3,6,6,11,8,0,10,7,6
4,10,10,10,10,11,2,6,3,5,2,9,9,0,8,6,2,6,2,3,9,11,8,8,0,7,9,4,4,6,7,7,4,4,8,8,10,4,0,11,6,6,11,4,7,5,7,0,9,11,2,10,3,3,3,11,4,8,6,9,8,10,7,7,11,8,11,9,5,8,5,10,9,11,5,4,2,9,7,10,3,4,4,0,4,10,11,8,11,11,0,8,4,4,5,4,5,10,10,0,10,2,3,4,2,4,4,10,10,8,2,9,2,8,8,9,2,2,6,3,6,8,9,10,4,9,3,6,7,4,10,7,9,8,2,10,4,6,3,6,4,4,7,7,0,9,2,11,8,7
5,11,11,11,11,0,3,7,4,6,3,10,10,2,9,7,3,7,3,4,10,0,9,9,2,8,10,5,5,7,8,8,5,5,9,9,11,5,2,0,7,7,0,5,8,6,8,2,10,0,3,11,4,4,4,0,5,9,7,10,9,11,8,8,0,9,0,10,6,9,6,11,10,0,6,5,3,10,8,11,4,5,5,2,5,11,0,9,0,0,2,9,5,5,6,5,6,11,11,2,11,3,4,5,3,5,5,11,11,9,3,10,3,9,9,10,3,3,7,4,7,9,10,11,5,10,4,7,8,5,11,8,10,9,3,11,5,7,4,7,5,5,8,8,2,10,3,0,9,8
6,0,0,0,0,2,4,8,5,7,4,11,11,3,10,8,4,8,4,5,11,2,10,10,3,9,11,6,6,8,9,9,6,6,10,10,0,6,3,2,8,8,2,6,9,7,9,3,11,2,4,0,5,5,5,2,6,10,8,11,10,0,9,9,2,10,2,11,7,10,7,0,11,2,7,6,4,11,9,0,5,6,6,3,6,0,2,10,2,2,3,10,6,6,7,6,7,0,0,3,0,4,5,6,4,6,6,0,0,10,4,11,4,10,10,11,4,4,8,5,8,10,11,0,6,11,5,8,9,6,0,9,11,10,4,0,6,8,5,8,6,6,9,9,3,11,4,2,10,9
7,2,2,2,2,3,5,9,6,8,5,0,0,4,11,9,5,9,5,6,0,3,11,11,4,10,0,7,7,9,10,10,7,7,11,11,2,7,4,3,9,9,3,7,10,8,10,4,0,3,5,2,6,6,6,3,7,11,9,0,11,2,10,10,3,11,3,0,8,11,8,2,0,3,8,7,5,0,10,2,6,7,7,4,7,2,3,11,3,3,4,11,7,7,8,7,8,2,2,4,2,5,6,7,5,7,7,2,2,11,5,0,5,11,11,0,5,5,9,6,9,11,0,2,7,0,6,9,10,7,2,10,0,11,5,2,7,9,6,9,7,7,10,10,4,0,5,3,11,10
8,3,3,3,3,4,6,10,7,9,6,2,2,5,0,10,6,10,6,7,2,4,0,0,5,11,2,8,8,10,11,11,8,8,0,0,3,8,5,4,10,10,4,8,11,9,11,5,2,4,6,3,7,7,7,4,8,0,10,2,0,3,11,11,4,0,4,2,9,0,9,3,2,4,9,8,6,2,11,3,7,8,8,5,8,3,4,0,4,4,5,0,8,8,9,8,9,3,3,5,3,6,7,8,6,8,8,3,3,0,6,2,6,0,0,2,6,6,10,7,10,0,2,3,8,2,7,10,11,8,3,11,2,0,6,3,8,10,7,10,8,8,11,11,5,2,6,4,0,11
9,4,4,4,4,5,7,11,8,10,7,3,3,6,2,11,7,11,7,8,3,5,2,2,6,0,3,9,9,11,0,0,9,9,2,2,4,9,6,5,11,11,5,9,0,10,0,6,3,5,7,4,8,8,8,5,9,2,11,3,2,4,0,0,5,2,5,3,10,2,10,4,3,5,10,9,7,3,0,4,8,9,9,6,9,4,5,2,5,5,6,2,9,9,10,9,10,4,4,6,4,7,8,9,7,9,9,4,4,2,7,3,7,2,2,3,7,7,11,8,11,2,3,4,9,3,8,11,0,9,4,0,3,2,7,4,9,11,8,11,9,9,0,0,6,3,7,5,2,0
10,5,5,5,5,6,8,0,9,11,8,4,4,7,3,0,8,0,8,9,4,6,3,3,7,2,4,10,10,0,2,2,10,10,3,3,5,10,7,6,0,0,6,10,2,11,2,7,4,6,8,5,9,9,9,6,10,3,0,4,3,5,2,2,6,3,6,4,11,3,11,5,4,6,11,10,8,4,2,5,9,10,10,7,10,5,6,3,6,6,7,3,10,10,11,10,11,5,5,7,5,8,9,10,8,10,10,5,5,3,8,4,8,3,3,4,8,8,0,9,0,3,4,5,10,4,9,0,2,10,5,2,4,3,8,5,10,0,9,0,10,10,2,2,7,4,8,6,3,2
11,6,6,6,6,7,9,2,10,0,9,5,5,8,4,2,9,2,9,10,5,7,4,4,8,3,5,11,11,2,3,3,11,11,4,4,6,11,8,7,2,2,7,11,3,0,3,8,5,7,9,6,10,10,10,7,11,4,2,5,4,6,3,3,7,4,7,5,0,4,0,6,5,7,0,11,9,5,3,6,10,11,11,8,11,6,7,4,7,7,8,4,11,11,0,11,0,6,6,8,6,9,10,11,9,11,11,6,6,4,9,5,9,4,4,5,9,9,2,10,2,4,5,6,11,5,10,2,3,11,6,3,5,4,9,6,11,2,10,2,11,11,3,3,8,5,9,7,4,3
0,7,7,7,7,8,10,3,11,2,10,6,6,9,5,3,10,3,10,11,6,8,5,5,9,4,6,0,0,3,4,4,0,0,5,5,7,0,9,8,3,3,8,0,4,2,4,9,6,8,10,7,11,11,11,8,0,5,3,6,5,7,4,4,8,5,8,6,2,5,2,7,6,8,2,0,10,6,4,7,11,0,0,9,0,7,8,5,8,8,9,5,0,0,2,0,2,7,7,9,7,10,11,0,10,0,0,7,7,5,10,6,10,5,5,6,10,10,3,11,3,5,6,7,0,6,11,3,4,0,7,4,6,5,10,7,0,3,11,3,0,0,4,4,9,6,10,8,5,4
2,8,8,8,8,9,11,4,0,3,11,7,7,10,6,4,11,4,11,0,7,9,6,6,10,5,7,2,2,4,5,5,2,2,6,6,8,2,10,9,4,4,9,2,5,3,5,10,7,9,11,8,0,0,0,9,2,6,4,7,6,8,5,5,9,6,9,7,3,6,3,8,7,9,3,2,11,7,5,8,0,2,2,10,2,8,9,6,9,9,10,6,2,2,3,2,3,8,8,10,8,11,0,2,11,2,2,8,8,6,11,7,11,6,6,7,11,11,4,0,4,6,7,8,2,7,0,4,5,2,8,5,7,6,11,8,2,4,0,4,2,2,5,5,10,7,11,9,6,5
3,9,9,9,9,10,0,5,2,4,0,8,8,11,7,5,0,5,0,2,8,10,7,7,11,6,8,3,3,5,6,6,3,3,7,7,9,3,11,10,5,5,10,3,6,4,6,11,8,10,0,9,2,2,2,10,3,7,5,8,7,9,6,6,10,7,10,8,4,7,4,9,8,10,4,3,0,8,6,9,2,3,3,11,3,9,10,7,10,10,11,7,3,3,4,3,4,9,9,11,9,0,2,3,0,3,3,9,9,7,0,8,0,7,7,8,0,0,5,2,5,7,8,9,3,8,2,5,6,3,9,6,8,7,0,9,3,5,2,5,3,3,6,6,11,8,0,10,7,6
4,10,10,10,10,11,2,6,3,5,2,9,9,0,8,6,2,6,2,3,9,11,8,8,0,7,9,4,4,6,7,7,4,4,8,8,10,4,0,11,6,6,11,4,7,5,7,0,9,11,2,10,3,3,3,11,4,8,6,9,8,10,7,7,11,8,11,9,5,8,5,10,9,11,5,4,2,9,7,10,3,4,4,0,4,10,11,8,11,11,0,8,4,4,5,4,5,10,10,0,10,2,3,4,2,4,4,10,10,8,2,9,2,8,8,9,2,2,6,3,6,8,9,10,4,9,3,6,7,4,10,7,9,8,2,10,4,6,3,6,4,4,7,7,0,9,2,11,8,7
5,11,11,11,11,0,3,7,4,6,3,10,10,2,9,7,3,7,3,4,10,0,9,9,2,8,10,5,5,7,8,8,5,5,9,9,11,5,2,0,7,7,0,5,8,6,8,2,10,0,3,11,4,4,4,0,5,9,7,10,9,11,8,8,0,9,0,10,6,9,6,11,10,0,6,5,3,10,8,11,4,5,5,2,5,11,0,9,0,0,2,9,5,5,6,5,6,11,11,2,11,3,4,5,3,5,5,11,11,9,3,10,3,9,9,10,3,3,7,4,7,9,10,11,5,10,4,7,8,5,11,8,10,9,3,11,5,7,4,7,5,5,8,8,2,10,3,0,9,8
6,0,0,0,0,2,4,8,5,7,4,11,11,3,10,8,4,8,4,5,11,2,10,10,3,9,11,6,6,8,9,9,6,6,10,10,0,6,3,2,8,8,2,6,9,7,9,3,11,2,4,0,5,5,5,2,6,10,8,11,10,0,9,9,2,10,2,11,7,10,7,0,11,2,7,6,4,11,9,0,5,6,6,3,6,0,2,10,2,2,3,10,6,6,7,6,7,0,0,3,0,4,5,6,4,6,6,0,0,10,4,11,4,10,10,11,4,4,8,5,8,10,11,0,6,11,5,8,9,6,0,9,11,10,4,0,6,8,5,8,6,6,9,9,3,11,4,2,10,9
7,2,2,2,2,3,5,9,6,8,5,0,0,4,11,9,5,9,5,6,0,3,11,11,4,10,0,7,7,9,10,10,7,7,11,11,2,7,4,3,9,9,3,7,10,8,10,4,0,3,5,2,6,6,6,3,7,11,9,0,11,2,10,10,3,11,3,0,8,11,8,2,0,3,8,7,5,0,10,2,6,7,7,4,7,2,3,11,3,3,4,11,7,7,8,7,8,2,2,4,2,5,6,7,5,7,7,2,2,11,5,0,5,11,11,0,5,5,9,6,9,11,0,2,7,0,6,9,10,7,2,10,0,11,5,2,7,9,6,9,7,7,10,10,4,0,5,3,11,10
8,3,3,3,3,4,6,10,7,9,6,2,2,5,0,10,6,10,6,7,2,4,0,0,5,11,2,8,8,10,11,11,8,8,0,0,3,8,5,4,10,10,4,8,11,9,11,5,2,4,6,3,7,7,7,4,8,0,10,2,0,3,11,11,4,0,4,2,9,0,9,3,2,4,9,8,6,2,11,3,7,8,8,5,8,3,4,0,4,4,5,0,8,8,9,8,9,3,3,5,3,6,7,8,6,8,8,3,3,0,6,2,6,0,0,2,6,6,10,7,10,0,2,3,8,2,7,10,11,8,3,11,2,0,6,3,8,10,7,10,8,8,11,11,5,2,6,4,0,11
9,4,4,4,4,5,7,11,8,10,7,3,3,6,2,11,7,11,7,8,3,5,2,2,6,0,3,9,9,11,0,0,9,9,2,2,4,9,6,5,11,11,5,9,0,10,0,6,3,5,7,4,8,8,8,5,9,2,11,3,2,4,0,0,5,2,5,3,10,2,10,4,3,5,10,9,7,3,0,4,8,9,9,6,9,4,5,2,5,5,6,2,9,9,10,9,10,4,4,6,4,7,8,9,7,9,9,4,4,2,7,3,7,2,2,3,7,7,11,8,11,2,3,4,9,3,8,11,0,9,4,0,3,2,7,4,9,11,8,11,9,9,0,0,6,3,7,5,2,0
10,5,5,5,5,6,8,0,9,11,8,4,4,7,3,0,8,0,8,9,4,6,3,3,7,2,4,10,10,0,2,2,10,10,3,3,5,10,7,6,0,0,6,10,2,11,2,7,4,6,8,5,9,9,9,6,10,3,0,4,3,5,2,2,6,3,6,4,11,3,11,5,4,6,11,10,8,4,2,5,9,10,10,7,10,5,6,3,6,6,7,3,10,10,11,10,11,5,5,7,5,8,9,10,8,10,10,5,5,3,8,4,8,3,3,4,8,8,0,9,0,3,4,5,10,4,9,0,2,10,5,2,4,3,8,5,10,0,9,0,10,10,2,2,7,4,8,6,3,2
11,6,6,6,6,7,9,2,10,0,9,5,5,8,4,2,9,2,9,10,5,7,4,4,8,3,5,11,11,2,3,3,11,11,4,4,6,11,8,7,2,2,7,11,3,0,3,8,5,7,9,6,10,10,10,7,11,4,2,5,4,6,3,3,7,4,7,5,0,4,0,6,5,7,0,11,9,5,3,6,10,11,11,8,11,6,7,4,7,7,8,4,11,11,0,11,0,6,6,8,6,9,10,11,9,11,11,6,6,4,9,5,9,4,4,5,9,9,2,10,2,4,5,6,11,5,10,2,3,11,6,3,5,4,9,6,11,2,10,2,11,11,3,3,8,5,9,7,4,3
0,7,7,7,7,8,10,3,11,2,10,6,6,9,5,3,10,3,10,11,6,8,5,5,9,4,6,0,0,3,4,4,0,0,5,5,7,0,9,8,3,3,8,0,4,2,4,9,6,8,10,7,11,11,11,8,0,5,3,6,5,7,4,4,8,5,8,6,2,5,2,7,6,8,2,0,10,6,4,7,11,0,0,9,0,7,8,5,8,8,9,5,0,0,2,0,2,7,7,9,7,10,11,0,10,0,0,7,7,5,10,6,10,5,5,6,10,10,3,11,3,5,6,7,0,6,11,3,4,0,7,4,6,5,10,7,0,3,11,3,0,0,4,4,9,6,10,8,5,4
2,8,8,8,8,9,11,4,0,3,11,7,7,10,6,4,11,4,11,0,7,9,6,6,10,5,7,2,2,4,5,5,2,2,6,6,8,2,10,9,4,4,9,2,5,3,5,10,7,9,11,8,0,0,0,9,2,6,4,7,6,8,5,5,9,6,9,7,3,6,3,8,7,9,3,2,11,7,5,8,0,2,2,10,2,8,9,6,9,9,10,6,2,2,3,2,3,8,8,10,8,11,0,2,11,2,2,8,8,6,11,7,11,6,6,7,11,11,4,0,4,6,7,8,2,7,0,4,5,2,8,5,7,6,11,8,2,4,0,4,2,2,5,5,10,7,11,9,6,5
3,9,9,9,9,10,0,5,2,4,0,8,8,11,7,5,0,5,0,2,8,10,7,7,11,6,8,3,3,5,6,6,3,3,7,7,9,3,11,10,5,5,10,3,6,4,6,11,8,10,0,9,2,2,2,10,3,7,5,8,7,9,6,6,10,7,10,8,4,7,4,9,8,10,4,3,0,8,6,9,2,3,3,11,3,9,10,7,10,10,11,7,3,3,4,3,4,9,9,11,9,0,2,3,0,3,3,9,9,7,0,8,0,7,7,8,0,0,5,2,5,7,8,9,3,8,2,5,6,3,9,6,8,7,0,9,3,5,2,5,3,3,6,6,11,8,0,10,7,6
4,10,10,10,10,11,2,6,3,5,2,9,9,0,8,6,2,6,2,3,9,11,8,8,0,7,9,4,4,6,7,7,4,4,8,8,10,4,0,11,6,6,11,4,7,5,7,0,9,11,2,10,3,3,3,11,4,8,6,9,8,10,7,7,11,8,11,9,5,8,5,10,9,11,5,4,2,9,7,10,3,4,4,0,4,10,11,8,11,11,0,8,4,4,5,4,5,10,10,0,10,2,3,4,2,4,4,10,10,8,2,9,2,8,8,9,2,2,6,3,6,8,9,10,4,9,3,6,7,4,10,7,9,8,2,10,4,6,3,6,4,4,7,7,0,9,2,11,8,7
5,11,11,11,11,0,3,7,4,6,3,10,10,2,9,7,3,7,3,4,10,0,9,9,2,8,10,5,5,7,8,8,5,5,9,9,11,5,2,0,7,7,0,5,8,6,8,2,10,0,3,11,4,4,4,0,5,9,7,10,9,11,8,8,0,9,0,10,6,9,6,11,10,0,6,5,3,10,8,11,4,5,5,2,5,11,0,9,0,0,2,9,5,5,6,5,6,11,11,2,11,3,4,5,3,5,5,11,11,9,3,10,3,9,9,10,3,3,7,4,7,9,10,11,5,10,4,7,8,5,11,8,10,9,3,11,5,7,4,7,5,5,8,8,2,10,3,0,9,8
6,0,0,0,0,2,4,8,5,7,4,11,11,3,10,8,4,8,4,5,11,2,10,10,3,9,11,6,6,8,9,9,6,6,10,10,0,6,3,2,8,8,2,6,9,7,9,3,11,2,4,0,5,5,5,2,6,10,8,11,10,0,9,9,2,10,2,11,7,10,7,0,11,2,7,6,4,11,9,0,5,6,6,3,6,0,2,10,2,2,3,10,6,6,7,6,7,0,0,3,0,4,5,6,4,6,6,0,0,10,4,11,4,10,10,11,4,4,8,5,8,10,11,0,6,11,5,8,9,6,0,9,11,10,4,0,6,8,5,8,6,6,9,9,3,11,4,2,10,9
7,2,2,2,2,3,5,9,6,8,5,0,0,4,11,9,5,9,5,6,0,3,11,11,4,10,0,7,7,9,10,10,7,7,11,11,2,7,4,3,9,9,3,7,10,8,10,4,0,3,5,2,6,6,6,3,7,11,9,0,11,2,10,10,3,11,3,0,8,11,8,2,0,3,8,7,5,0,10,2,6,7,7,4,7,2,3,11,3,3,4,11,7,7,8,7,8,2,2,4,2,5,6,7,5,7,7,2,2,11,5,0,5,11,11,0,5,5,9,6,9,11,0,2,7,0,6,9,10,7,2,10,0,11,5,2,7,9,6,9,7,7,10,10,4,0,5,3,11,10
8,3,3,3,3,4,6,10,7,9,6,2,2,5,0,10,6,10,6,7,2,4,0,0,5,11,2,8,8,10,11,11,8,8,0,0,3,8,5,4,10,10,4,8,11,9,11,5,2,4,6,3,7,7,7,4,8,0,10,2,0,3,11,11,4,0,4,2,9,0,9,3,2,4,9,8,6,2,11,3,7,8,8,5,8,3,4,0,4,4,5,0,8,8,9,8,9,3,3,5,3,6,7,8,6,8,8,3,3,0,6,2,6,0,0,2,6,6,10,7,10,0,2,3,8,2,7,10,11,8,3,11,2,0,6,3,8,10,7,10,8,8,11,11,5,2,6,4,0,11
9,4,4,4,4,5,7,11,8,10,7,3,3,6,2,11,7,11,7,8,3,5,2,2,6,0,3,9,9,11,0,0,9,9,2,2,4,9,6,5,11,11,5,9,0,10,0,6,3,5,7,4,8,8,8,5,9,2,11,3,2,4,0,0,5,2,5,3,10,2,10,4,3,5,10,9,7,3,0,4,8,9,9,6,9,4,5,2,5,5,6,2,9,9,10,9,10,4,4,6,4,7,8,9,7,9,9,4,4,2,7,3,7,2,2,3,7,7,11,8,11,2,3,4,9,3,8,11,0,9,4,0,3,2,7,4,9,11,8,11,9,9,0,0,6,3,7,5,2,0
10,5,5,5,5,6,8,0,9,11,8,4,4,7,3,0,8,0,8,9,4,6,3,3,7,2,4,10,10,0,2,2,10,10,3,3,5,10,7,6,0,0,6,10,2,11,2,7,4,6,8,5,9,9,9,6,10,3,0,4,3,5,2,2,6,3,6,4,11,3,11,5,4,6,11,10,8,4,2,5,9,10,10,7,10,5,6,3,6,6,7,3,10,10,11,10,11,5,5,7,5,8,9,10,8,10,10,5,5,3,8,4,8,3,3,4,8,8,0,9,0,3,4,5,10,4,9,0,2,10,5,2,4,3,8,5,10,0,9,0,10,10,2,2,7,4,8,6,3,2
11,6,6,6,6,7,9,2,10,0,9,5,5,8,4,2,9,2,9,10,5,7,4,4,8,3,5,11,11,2,3,3,11,11,4,4,6,11,8,7,2,2,7,11,3,0,3,8,5,7,9,6,10,10,10,7,11,4,2,5,4,6,3,3,7,4,7,5,0,4,0,6,5,7,0,11,9,5,3,6,10,11,11,8,11,6,7,4,7,7,8,4,11,11,0,11,0,6,6,8,6,9,10,11,9,11,11,6,6,4,9,5,9,4,4,5,9,9,2,10,2,4,5,6,11,5,10,2,3,11,6,3,5,4,9,6,11,2,10,2,11,11,3,3,8,5,9,7,4,3
0,7,7,7,7,8,10,3,11,2,10,6,6,9,5,3,10,3,10,11,6,8,5,5,9,4,6,0,0,3,4,4,0,0,5,5,7,0,9,8,3,3,8,0,4,2,4,9,6,8,10,7,11,11,11,8,0,5,3,6,5,7,4,4,8,5,8,6,2,5,2,7,6,8,2,0,10,6,4,7,11,0,0,9,0,7,8,5,8,8,9,5,0,0,2,0,2,7,7,9,7,10,11,0,10,0,0,7,7,5,10,6,10,5,5,6,10,10,3,11,3,5,6,7,0,6,11,3,4,0,7,4,6,5,10,7,0,3,11,3,0,0,4,4,9,6,10,8,5,4
2,8,8,8,8,9,11,4,0,3,11,7,7,10,6,4,11,4,11,0,7,9,6,6,10,5,7,2,2,4,5,5,2,2,6,6,8,2,10,9,4,4,9,2,5,3,5,10,7,9,11,8,0,0,0,9,2,6,4,7,6,8,5,5,9,6,9,7,3,6,3,8,7,9,3,2,11,7,5,8,0,2,2,10,2,8,9,6,9,9,10,6,2,2,3,2,3,8,8,10,8,11,0,2,11,2,2,8,8,6,11,7,11,6,6,7,11,11,4,0,4,6,7,8,2,7,0,4,5,2,8,5,7,6,11,8,2,4,0,4,2,2,5,5,10,7,11,9,6,5
3,9,9,9,9,10,0,5,2,4,0,8,8,11,7,5,0,5,0,2,8,10,7,7,11,6,8,3,3,5,6,6,3,3,7,7,9,3,11,10,5,5,10,3,6,4,6,11,8,10,0,9,2,2,2,10,3,7,5,8,7,9,6,6,10,7,10,8,4,7,4,9,8,10,4,3,0,8,6,9,2,3,3,11,3,9,10,7,10,10,11,7,3,3,4,3,4,9,9,11,9,0,2,3,0,3,3,9,9,7,0,8,0,7,7,8,0,0,5,2,5,7,8,9,3,8,2,5,6,3,9,6,8,7,0,9,3,5,2,5,3,3,6,6,11,8,0,10,7,6
4,10,10,10,10,11,2,6,3,5,2,9,9,0,8,6,2,6,2,3,9,11,8,8,0,7,9,4,4,6,7,7,4,4,8,8,10,4,0,11,6,6,11,4,7,5,7,0,9,11,2,10,3,3,3,11,4,8,6,9,8,10,7,7,11,8,11,9,5,8,5,10,9,11,5,4,2,9,7,10,3,4,4,0,4,10,11,8,11,11,0,8,4,4,5,4,5,10,10,0,10,2,3,4,2,4,4,10,10,8,2,9,2,8,8,9,2,2,6,3,6,8,9,10,4,9,3,6,7,4,10,7,9,8,2,10,4,6,3,6,4,4,7,7,0,9,2,11,8,7
5,11,11,11,11,0,3,7,4,6,3,10,10,2,9,7,3,7,3,4,10,0,9,9,2,8,10,5,5,7,8,8,5,5,9,9,11,5,2,0,7,7,0,5,8,6,8,2,10,0,3,11,4,4,4,0,5,9,7,10,9,11,8,8,0,9,0,10,6,9,6,11,10,0,6,5,3,10,8,11,4,5,5,2,5,11,0,9,0,0,2,9,5,5,6,5,6,11,11,2,11,3,4,5,3,5,5,11,11,9,3,10,3,9,9,10,3,3,7,4,7,9,10,11,5,10,4,7,8,5,11,8,10,9,3,11,5,7,4,7,5,5,8,8,2,10,3,0,9,8
6,0,0,0,0,2,4,8,5,7,4,11,11,3,10,8,4,8,4,5,11,2,10,10,3,9,11,6,6,8,9,9,6,6,10,10,0,6,3,2,8,8,2,6,9,7,9,3,11,2,4,0,5,5,5,2,6,10,8,11,10,0,9,9,2,10,2,11,7,10,7,0,11,2,7,6,4,11,9,0,5,6,6,3,6,0,2,10,2,2,3,10,6,6,7,6,7,0,0,3,0,4,5,6,4,6,6,0,0,10,4,11,4,10,10,11,4,4,8,5,8,10,11,0,6,11,5,8,9,6,0,9,11,10,4,0,6,8,5,8,6,6,9,9,3,11,4,2,10,9
7,2,2,2,2,3,5,9,6,8,5,0,0,4,11,9,5,9,5,6,0,3,11,11,4,10,0,7,7,9,10,10,7,7,11,11,2,7,4,3,9,9,3,7,10,8,10,4,0,3,5,2,6,6,6,3,7,11,9,0,11,2,10,10,3,11,3,0,8,11,8,2,0,3,8,7,5,0,10,2,6,7,7,4,7,2,3,11,3,3,4,11,7,7,8,7,8,2,2,4,2,5,6,7,5,7,7,2,2,11,5,0,5,11,11,0,5,5,9,6,9,11,0,2,7,0,6,9,10,7,2,10,0,11,5,2,7,9,6,9,7,7,10,10,4,0,5,3,11,10
8,3,3,3,3,4,6,10,7,9,6,2,2,5,0,10,6,10,6,7,2,4,0,0,5,11,2,8,8,10,11,11,8,8,0,0,3,8,5,4,10,10,4,8,11,9,11,5,2,4,6,3,7,7,7,4,8,0,10,2,0,3,11,11,4,0,4,2,9,0,9,3,2,4,9,8,6,2,11,3,7,8,8,5,8,3,4,0,4,4,5,0,8,8,9,8,9,3,3,5,3,6,7,8,6,8,8,3,3,0,6,2,6,0,0,2,6,6,10,7,10,0,2,3,8,2,7,10,11,8,3,11,2,0,6,3,8,10,7,10,8,8,11,11,5,2,6,4,0,11
9,4,4,4,4,5,7,11,8,10,7,3,3,6,2,11,7,11,7,8,3,5,2,2,6,0,3,9,9,11,0,0,9,9,2,2,4,9,6,5,11,11,5,9,0,10,0,6,3,5,7,4,8,8,8,5,9,2,11,3,2,4,0,0,5,2,5,3,10,2,10,4,3,5,10,9,7,3,0,4,8,9,9,6,9,4,5,2,5,5,6,2,9,9,10,9,10,4,4,6,4,7,8,9,7,9,9,4,4,2,7,3,7,2,2,3,7,7,11,8,11,2,3,4,9,3,8,11,0,9,4,0,3,2,7,4,9,11,8,11,9,9,0,0,6,3,7,5,2,0
10,5,5,5,5,6,8,0,9,11,8,4,4,7,3,0,8,0,8,9,4,6,3,3,7,2,4,10,10,0,2,2,10,10,3,3,5,10,7,6,0,0,6,10,2,11,2,7,4,6,8,5,9,9,9,6,10,3,0,4,3,5,2,2,6,3,6,4,11,3,11,5,4,6,11,10,8,4,2,5,9,10,10,7,10,5,6,3,6,6,7,3,10,10,11,10,11,5,5,7,5,8,9,10,8,10,10,5,5,3,8,4,8,3,3,4,8,8,0,9,0,3,4,5,10,4,9,0,2,10,5,2,4,3,8,5,10,0,9,0,10,10,2,2,7,4,8,6,3,2
11,6,6,6,6,7,9,2,10,0,9,5,5,8,4,2,9,2,9,10,5,7,4,4,8,3,5,11,11,2,3,3,11,11,4,4,6,11,8,7,2,2,7,11,3,0,3,8,5,7,9,6,10,10,10,7,11,4,2,5,4,6,3,3,7,4,7,5,0,4,0,6,5,7,0,11,9,5,3,6,10,11,11,8,11,6,7,4,7,7,8,4,11,11,0,11,0,6,6,8,6,9,10,11,9,11,11,6,6,4,9,5,9,4,4,5,9,9,2,10,2,4,5,6,11,5,10,2,3,11,6,3,5,4,9,6,11,2,10,2,11,11,3,3,8,5,9,7,4,3
0,7,7,7,7,8,10,3,11,2,10,6,6,9,5,3,10,3,10,11,6,8,5,5,9,4,6,0,0,3,4,4,0,0,5,5,7,0,9,8,3,3,8,0,4,2,4,9,6,8,10,7,11,11,11,8,0,5,3,6,5,7,4,4,8,5,8,6,2,5,2,7,6,8,2,0,10,6,4,7,11,0,0,9,0,7,8,5,8,8,9,5,0,0,2,0,2,7,7,9,7,10,11,0,10,0,0,7,7,5,10,6,10,5,5,6,10,10,3,11,3,5,6,7,0,6,11,3,4,0,7,4,6,5,10,7,0,3,11,3,0,0,4,4,9,6,10,8,5,4
2,8,8,8,8,9,11,4,0,3,11,7,7,10,6,4,11,4,11,0,7,9,6,6,10,5,7,2,2,4,5,5,2,2,6,6,8,2,10,9,4,4,9,2,5,3,5,10,7,9,11,8,0,0,0,9,2,6,4,7,6,8,5,5,9,6,9,7,3,6,3,8,7,9,3,2,11,7,5,8,0,2,2,10,2,8,9,6,9,9,10,6,2,2,3,2,3,8,8,10,8,11,0,2,11,2,2,8,8,6,11,7,11,6,6,7,11,11,4,0,4,6,7,8,2,7,0,4,5,2,8,5,7,6,11,8,2,4,0,4,2,2,5,5,10,7,11,9,6,5
3,9,9,9,9,10,0,5,2,4,0,8,8,11,7,5,0,5,0,2,8,10,7,7,11,6,8,3,3,5,6,6,3,3,7,7,9,3,11,10,5,5,10,3,6,4,6,11,8,10,0,9,2,2,2,10,3,7,5,8,7,9,6,6,10,7,10,8,4,7,4,9,8,10,4,3,0,8,6,9,2,3,3,11,3,9,10,7,10,10,11,7,3,3,4,3,4,9,9,11,9,0,2,3,0,3,3,9,9,7,0,8,0,7,7,8,0,0,5,2,5,7,8,9,3,8,2,5,6,3,9,6,8,7,0,9,3,5,2,5,3,3,6,6,11,8,0,10,7,6
4,10,10,10,10,11,2,6,3,5,2,9,9,0,8,6,2,6,2,3,9,11,8,8,0,7,9,4,4,6,7,7,4,4,8,8,10,4,0,11,6,6,11,4,7,5,7,0,9,11,2,10,3,3,3,11,4,8,6,9,8,10,7,7,11,8,11,9,5,8,5,10,9,11,5,4,2,9,7,10,3,4,4,0,4,10,11,8,11,11,0,8,4,4,5,4,5,10,10,0,10,2,3,4,2,4,4,10,10,8,2,9,2,8,8,9,2,2,6,3,6,8,9,10,4,9,3,6,7,4,10,7,9,8,2,10,4,6,3,6,4,4,7,7,0,9,2,11,8,7
5,11,11,11,11,0,3,7,4,6,3,10,10,2,9,7,3,7,3,4,10,0,9,9,2,8,10,5,5,7,8,8,5,5,9,9,11,5,2,0,7,7,0,5,8,6,8,2,10,0,3,11,4,4,4,0,5,9,7,10,9,11,8,8,0,9,0,10,6,9,6,11,10,0,6,5,3,10,8,11,4,5,5,2,5,11,0,9,0,0,2,9,5,5,6,5,6,11,11,2,11,3,4,5,3,5,5,11,11,9,3,10,3,9,9,10,3,3,7,4,7,9,10,11,5,10,4,7,8,5,11,8,10,9,3,11,5,7,4,7,5,5,8,8,2,10,3,0,9,8
6,0,0,0,0,2,4,8,5,7,4,11,11,3,10,8,4,8,4,5,11,2,10,10,3,9,11,6,6,8,9,9,6,6,10,10,0,6,3,2,8,8,2,6,9,7,9,3,11,2,4,0,5,5,5,2,6,10,8,11,10,0,9,9,2,10,2,11,7,10,7,0,11,2,7,6,4,11,9,0,5,6,6,3,6,0,2,10,2,2,3,10,6,6,7,6,7,0,0,3,0,4,5,6,4,6,6,0,0,10,4,11,4,10,10,11,4,4,8,5,8,10,11,0,6,11,5,8,9,6,0,9,11,10,4,0,6,8,5,8,6,6,9,9,3,11,4,2,10,9
7,2,2,2,2,3,5,9,6,8,5,0,0,4,11,9,5,9,5,6,0,3,11,11,4,10,0,7,7,9,10,10,7,7,11,11,2,7,4,3,9,9,3,7,10,8,10,4,0,3,5,2,6,6,6,3,7,11,9,0,11,2,10,10,3,11,3,0,8,11,8,2,0,3,8,7,5,0,10,2,6,7,7,4,7,2,3,11,3,3,4,11,7,7,8,7,8,2,2,4,2,5,6,7,5,7,7,2,2,11,5,0,5,11,11,0,5,5,9,6,9,11,0,2,7,0,6,9,10,7,2,10,0,11,5,2,7,9,6,9,7,7,10,10,4,0,5,3,11,10
8,3,3,3,3,4,6,10,7,9,6,2,2,5,0,10,6,10,6,7,2,4,0,0,5,11,2,8,8,10,11,11,8,8,0,0,3,8,5,4,10,10,4,8,11,9,11,5,2,4,6,3,7,7,7,4,8,0,10,2,0,3,11,11,4,0,4,2,9,0,9,3,2,4,9,8,6,2,11,3,7,8,8,5,8,3,4,0,4,4,5,0,8,8,9,8,9,3,3,5,3,6,7,8,6,8,8,3,3,0,6,2,6,0,0,2,6,6,10,7,10,0,2,3,8,2,7,10,11,8,3,11,2,0,6,3,8,10,7,10,8,8,11,11,5,2,6,4,0,11
9,4,4,4,4,5,7,11,8,10,7,3,3,6,2,11,7,11,7,8,3,5,2,2,6,0,3,9,9,11,0,0,9,9,2,2,4,9,6,5,11,11,5,9,0,10,0,6,3,5,7,4,8,8,8,5,9,2,11,3,2,4,0,0,5,2,5,3,10,2,10,4,3,5,10,9,7,3,0,4,8,9,9,6,9,4,5,2,5,5,6,2,9,9,10,9,10,4,4,6,4,7,8,9,7,9,9,4,4,2,7,3,7,2,2,3,7,7,11,8,11,2,3,4,9,3,8,11,0,9,4,0,3,2,7,4,9,11,8,11,9,9,0,0,6,3,7,5,2,0
10,5,5,5,5,6,8,0,9,11,8,4,4,7,3,0,8,0,8,9,4,6,3,3,7,2,4,10,10,0,2,2,10,10,3,3,5,10,7,6,0,0,6,10,2,11,2,7,4,6,8,5,9,9,9,6,10,3,0,4,3,5,2,2,6,3,6,4,11,3,11,5,4,6,11,10,8,4,2,5,9,10,10,7,10,5,6,3,6,6,7,3,10,10,11,10,11,5,5,7,5,8,9,10,8,10,10,5,5,3,8,4,8,3,3,4,8,8,0,9,0,3,4,5,10,4,9,0,2,10,5,2,4,3,8,5,10,0,9,0,10,10,2,2,7,4,8,6,3,2
11,6,6,6,6,7,9,2,10,0,9,5,5,8,4,2,9,2,9,10,5,7,4,4,8,3,5,11,11,2,3,3,11,11,4,4,6,11,8,7,2,2,7,11,3,0,3,8,5,7,9,6,10,10,10,7,11,4,2,5,4,6,3,3,7,4,7,5,0,4,0,6,5,7,0,11,9,5,3,6,10,11,11,8,11,6,7,4,7,7,8,4,11,11,0,11,0,6,6,8,6,9,10,11,9,11,11,6,6,4,9,5,9,4,4,5,9,9,2,10,2,4,5,6,11,5,10,2,3,11,6,3,5,4,9,6,11,2,10,2,11,11,3,3,8,5,9,7,4,3
0,7,7,7,7,8,10,3,11,2,10,6,6,9,5,3,10,3,10,11,6,8,5,5,9,4,6,0,0,3,4,4,0,0,5,5,7,0,9,8,3,3,8,0,4,2,4,9,6,8,10,7,11,11,11,8,0,5,3,6,5,7,4,4,8,5,8,6,2,5,2,7,6,8,2,0,10,6,4,7,11,0,0,9,0,7,8,5,8,8,9,5,0,0,2,0,2,7,7,9,7,10,11,0,10,0,0,7,7,5,10,6,10,5,5,6,10,10,3,11,3,5,6,7,0,6,11,3,4,0,7,4,6,5,10,7,0,3,11,3,0,0,4,4,9,6,10,8,5,4
2,8,8,8,8,9,11,4,0,3,11,7,7,10,6,4,11,4,11,0,7,9,6,6,10,5,7,2,2,4,5,5,2,2,6,6,8,2,10,9,4,4,9,2,5,3,5,10,7,9,11,8,0,0,0,9,2,6,4,7,6,8,5,5,9,6,9,7,3,6,3,8,7,9,3,2,11,7,5,8,0,2,2,10,2,8,9,6,9,9,10,6,2,2,3,2,3,8,8,10,8,11,0,2,11,2,2,8,8,6,11,7,11,6,6,7,11,11,4,0,4,6,7,8,2,7,0,4,5,2,8,5,7,6,11,8,2,4,0,4,2,2,5,5,10,7,11,9,6,5
3,9,9,9,9,10,0,5,2,4,0,8,8,11,7,5,0,5,0,2,8,10,7,7,11,6,8,3,3,5,6,6,3,3,7,7,9,3,11,10,5,5,10,3,6,4,6,11,8,10,0,9,2,2,2,10,3,7,5,8,7,9,6,6,10,7,10,8,4,7,4,9,8,10,4,3,0,8,6,9,2,3,3,11,3,9,10,7,10,10,11,7,3,3,4,3,4,9,9,11,9,0,2,3,0,3,3,9,9,7,0,8,0,7,7,8,0,0,5,2,5,7,8,9,3,8,2,5,6,3,9,6,8,7,0,9,3,5,2,5,3,3,6,6,11,8,0,10,7,6
4,10,10,10,10,11,2,6,3,5,2,9,9,0,8,6,2,6,2,3,9,11,8,8,0,7,9,4,4,6,7,7,4,4,8,8,10,4,0,11,6,6,11,4,7,5,7,0,9,11,2,10,3,3,3,11,4,8,6,9,8,10,7,7,11,8,11,9,5,8,5,10,9,11,5,4,2,9,7,10,3,4,4,0,4,10,11,8,11,11,0,8,4,4,5,4,5,10,10,0,10,2,3,4,2,4,4,10,10,8,2,9,2,8,8,9,2,2,6,3,6,8,9,10,4,9,3,6,7,4,10,7,9,8,2,10,4,6,3,6,4,4,7,7,0,9,2,11,8,7
5,11,11,11,11,0,3,7,4,6,3,10,10,2,9,7,3,7,3,4,10,0,9,9,2,8,10,5,5,7,8,8,5,5,9,9,11,5,2,0,7,7,0,5,8,6,8,2,10,0,3,11,4,4,4,0,5,9,7,10,9,11,8,8,0,9,0,10,6,9,6,11,10,0,6,5,3,10,8,11,4,5,5,2,5,11,0,9,0,0,2,9,5,5,6,5,6,11,11,2,11,3,4,5,3,5,5,11,11,9,3,10,3,9,9,10,3,3,7,4,7,9,10,11,5,10,4,7,8,5,11,8,10,9,3,11,5,7,4,7,5,5,8,8,2,10,3,0,9,8
6,0,0,0,0,2,4,8,5,7,4,11,11,3,10,8,4,8,4,5,11,2,10,10,3,9,11,6,6,8,9,9,6,6,10,10,0,6,3,2,8,8,2,6,9,7,9,3,11,2,4,0,5,5,5,2,6,10,8,11,10,0,9,9,2,10,2,11,7,10,7,0,11,2,7,6,4,11,9,0,5,6,6,3,6,0,2,10,2,2,3,10,6,6,7,6,7,0,0,3,0,4,5,6,4,6,6,0,0,10,4,11,4,10,10,11,4,4,8,5,8,10,11,0,6,11,5,8,9,6,0,9,11,10,4,0,6,8,5,8,6,6,9,9,3,11,4,2,10,9
7,2,2,2,2,3,5,9,6,8,5,0,0,4,11,9,5,9,5,6,0,3,11,11,4,10,0,7,7,9,10,10,7,7,11,11,2,7,4,3,9,9,3,7,10,8,10,4,0,3,5,2,6,6,6,3,7,11,9,0,11,2,10,10,3,11,3,0,8,11,8,2,0,3,8,7,5,0,10,2,6,7,7,4,7,2,3,11,3,3,4,11,7,7,8,7,8,2,2,4,2,5,6,7,5,7,7,2,2,11,5,0,5,11,11,0,5,5,9,6,9,11,0,2,7,0,6,9,10,7,2,10,0,11,5,2,7,9,6,9,7,7,10,10,4,0,5,3,11,10
8,3,3,3,3,4,6,10,7,9,6,2,2,5,0,10,6,10,6,7,2,4,0,0,5,11,2,8,8,10,11,11,8,8,0,0,3,8,5,4,10,10,4,8,11,9,11,5,2,4,6,3,7,7,7,4,8,0,10,2,0,3,11,11,4,0,4,2,9,0,9,3,2,4,9,8,6,2,11,3,7,8,8,5,8,3,4,0,4,4,5,0,8,8,9,8,9,3,3,5,3,6,7,8,6,8,8,3,3,0,6,2,6,0,0,2,6,6,10,7,10,0,2,3,8,2,7,10,11,8,3,11,2,0,6,3,8,10,7,10,8,8,11,11,5,2,6,4,0,11
9,4,4,4,4,5,7,11,8,10,7,3,3,6,2,11,7,11,7,8,3,5,2,2,6,0,3,9,9,11,0,0,9,9,2,2,4,9,6,5,11,11,5,9,0,10,0,6,3,5,7,4,8,8,8,5,9,2,11,3,2,4,0,0,5,2,5,3,10,2,10,4,3,5,10,9,7,3,0,4,8,9,9,6,9,4,5,2,5,5,6,2,9,9,10,9,10,4,4,6,4,7,8,9,7,9,9,4,4,2,7,3,7,2,2,3,7,7,11,8,11,2,3,4,9,3,8,11,0,9,4,0,3,2,7,4,9,11,8,11,9,9,0,0,6,3,7,5,2,0
10,5,5,5,5,6,8,0,9,11,8,4,4,7,3,0,8,0,8,9,4,6,3,3,7,2,4,10,10,0,2,2,10,10,3,3,5,10,7,6,0,0,6,10,2,11,2,7,4,6,8,5,9,9,9,6,10,3,0,4,3,5,2,2,6,3,6,4,11,3,11,5,4,6,11,10,8,4,2,5,9,10,10,7,10,5,6,3,6,6,7,3,10,10,11,10,11,5,5,7,5,8,9,10,8,10,10,5,5,3,8,4,8,3,3,4,8,8,0,9,0,3,4,5,10,4,9,0,2,10,5,2,4,3,8,5,10,0,9,0,10,10,2,2,7,4,8,6,3,2
11,6,6,6,6,7,9,2,10,0,9,5,5,8,4,2,9,2,9,10,5,7,4,4,8,3,5,11,11,2,3,3,11,11,4,4,6,11,8,7,2,2,7,11,3,0,3,8,5,7,9,6,10,10,10,7,11,4,2,5,4,6,3,3,7,4,7,5,0,4,0,6,5,7,0,11,9,5,3,6,10,11,11,8,11,6,7,4,7,7,8,4,11,11,0,11,0,6,6,8,6,9,10,11,9,11,11,6,6,4,9,5,9,4,4,5,9,9,2,10,2,4,5,6,11,5,10,2,3,11,6,3,5,4,9,6,11,2,10,2,11,11,3,3,8,5,9,7,4,3
0,7,7,7,7,8,10,3,11,2,10,6,6,9,5,3,10,3,10,11,6,8,5,5,9,4,6,0,0,3,4,4,0,0,5,5,7,0,9,8,3,3,8,0,4,2,4,9,6,8,10,7,11,11,11,8,0,5,3,6,5,7,4,4,8,5,8,6,2,5,2,7,6,8,2,0,10,6,4,7,11,0,0,9,0,7,8,5,8,8,9,5,0,0,2,0,2,7,7,9,7,10,11,0,10,0,0,7,7,5,10,6,10,5,5,6,10,10,3,11,3,5,6,7,0,6,11,3,4,0,7,4,6,5,10,7,0,3,11,3,0,0,4,4,9,6,10,8,5,4
2,8,8,8,8,9,11,4,0,3,11,7,7,10,6,4,11,4,11,0,7,9,6,6,10,5,7,2,2,4,5,5,2,2,6,6,8,2,10,9,4,4,9,2,5,3,5,10,7,9,11,8,0,0,0,9,2,6,4,7,6,8,5,5,9,6,9,7,3,6,3,8,7,9,3,2,11,7,5,8,0,2,2,10,2,8,9,6,9,9,10,6,2,2,3,2,3,8,8,10,8,11,0,2,11,2,2,8,8,6,11,7,11,6,6,7,11,11,4,0,4,6,7,8,2,7,0,4,5,2,8,5,7,6,11,8,2,4,0,4,2,2,5,5,10,7,11,9,6,5
3,9,9,9,9,10,0,5,2,4,0,8,8,11,7,5,0,5,0,2,8,10,7,7,11,6,8,3,3,5,6,6,3,3,7,7,9,3,11,10,5,5,10,3,6,4,6,11,8,10,0,9,2,2,2,10,3,7,5,8,7,9,6,6,10,7,10,8,4,7,4,9,8,10,4,3,0,8,6,9,2,3,3,11,3,9,10,7,10,10,11,7,3,3,4,3,4,9,9,11,9,0,2,3,0,3,3,9,9,7,0,8,0,7,7,8,0,0,5,2,5,7,8,9,3,8,2,5,6,3,9,6,8,7,0,9,3,5,2,5,3,3,6,6,11,8,0,10,7,6
4,10,10,10,10,11,2,6,3,5,2,9,9,0,8,6,2,6,2,3,9,11,8,8,0,7,9,4,4,6,7,7,4,4,8,8,10,4,0,11,6,6,11,4,7,5,7,0,9,11,2,10,3,3,3,11,4,8,6,9,8,10,7,7,11,8,11,9,5,8,5,10,9,11,5,4,2,9,7,10,3,4,4,0,4,10,11,8,11,11,0,8,4,4,5,4,5,10,10,0,10,2,3,4,2,4,4,10,10,8,2,9,2,8,8,9,2,2,6,3,6,8,9,10,4,9,3,6,7,4,10,7,9,8,2,10,4,6,3,6,4,4,7,7,0,9,2,11,8,7
5,11,11,11,11,0,3,7,4,6,3,10,10,2,9,7,3,7,3,4,10,0,9,9,2,8,10,5,5,7,8,8,5,5,9,9,11,5,2,0,7,7,0,5,8,6,8,2,10,0,3,11,4,4,4,0,5,9,7,10,9,11,8,8,0,9,0,10,6,9,6,11,10,0,6,5,3,10,8,11,4,5,5,2,5,11,0,9,0,0,2,9,5,5,6,5,6,11,11,2,11,3,4,5,3,5,5,11,11,9,3,10,3,9,9,10,3,3,7,4,7,9,10,11,5,10,4,7,8,5,11,8,10,9,3,11,5,7,4,7,5,5,8,8,2,10,3,0,9,8
6,0,0,0,0,2,4,8,5,7,4,11,11,3,10,8,4,8,4,5,11,2,10,10,3,9,11,6,6,8,9,9,6,6,10,10,0,6,3,2,8,8,2,6,9,7,9,3,11,2,4,0,5,5,5,2,6,10,8,11,10,0,9,9,2,10,2,11,7,10,7,0,11,2,7,6,4,11,9,0,5,6,6,3,6,0,2,10,2,2,3,10,6,6,7,6,7,0,0,3,0,4,5,6,4,6,6,0,0,10,4,11,4,10,10,11,4,4,8,5,8,10,11,0,6,11,5,8,9,6,0,9,11,10,4,0,6,8,5,8,6,6,9,9,3,11,4,2,10,9
7,2,2,2,2,3,5,9,6,8,5,0,0,4,11,9,5,9,5,6,0,3,11,11,4,10,0,7,7,9,10,10,7,7,11,11,2,7,4,3,9,9,3,7,10,8,10,4,0,3,5,2,6,6,6,3,7,11,9,0,11,2,10,10,3,11,3,0,8,11,8,2,0,3,8,7,5,0,10,2,6,7,7,4,7,2,3,11,3,3,4,11,7,7,8,7,8,2,2,4,2,5,6,7,5,7,7,2,2,11,5,0,5,11,11,0,5,5,9,6,9,11,0,2,7,0,6,9,10,7,2,10,0,11,5,2,7,9,6,9,7,7,10,10,4,0,5,3,11,10
8,3,3,3,3,4,6,10,7,9,6,2,2,5,0,10,6,10,6,7,2,4,0,0,5,11,2,8,8,10,11,11,8,8,0,0,3,8,5,4,10,10,4,8,11,9,11,5,2,4,6,3,7,7,7,4,8,0,10,2,0,3,11,11,4,0,4,2,9,0,9,3,2,4,9,8,6,2,11,3,7,8,8,5,8,3,4,0,4,4,5,0,8,8,9,8,9,3,3,5,3,6,7,8,6,8,8,3,3,0,6,2,6,0,0,2,6,6,10,7,10,0,2,3,8,2,7,10,11,8,3,11,2,0,6,3,8,10,7,10,8,8,11,11,5,2,6,4,0,11
9,4,4,4,4,5,7,11,8,10,7,3,3,6,2,11,7,11,7,8,3,5,2,2,6,0,3,9,9,11,0,0,9,9,2,2,4,9,6,5,11,11,5,9,0,10,0,6,3,5,7,4,8,8,8,5,9,2,11,3,2,4,0,0,5,2,5,3,10,2,10,4,3,5,10,9,7,3,0,4,8,9,9,6,9,4,5,2,5,5,6,2,9,9,10,9,10,4,4,6,4,7,8,9,7,9,9,4,4,2,7,3,7,2,2,3,7,7,11,8,11,2,3,4,9,3,8,11,0,9,4,0,3,2,7,4,9,11,8,11,9,9,0,0,6,3,7,5,2,0
10,5,5,5,5,6,8,0,9,11,8,4,4,7,3,0,8,0,8,9,4,6,3,3,7,2,4,10,10,0,2,2,10,10,3,3,5,10,7,6,0,0,6,10,2,11,2,7,4,6,8,5,9,9,9,6,10,3,0,4,3,5,2,2,6,3,6,4,11,3,11,5,4,6,11,10,8,4,2,5,9,10,10,7,10,5,6,3,6,6,7,3,10,10,11,10,11,5,5,7,5,8,9,10,8,10,10,5,5,3,8,4,8,3,3,4,8,8,0,9,0,3,4,5,10,4,9,0,2,10,5,2,4,3,8,5,10,0,9,0,10,10,2,2,7,4,8,6,3,2
11,6,6,6,6,7,9,2,10,0,9,5,5,8,4,2,9,2,9,10,5,7,4,4,8,3,5,11,11,2,3,3,11,11,4,4,6,11,8,7,2,2,7,11,3,0,3,8,5,7,9,6,10,10,10,7,11,4,2,5,4,6,3,3,7,4,7,5,0,4,0,6,5,7,0,11,9,5,3,6,10,11,11,8,11,6,7,4,7,7,8,4,11,11,0,11,0,6,6,8,6,9,10,11,9,11,11,6,6,4,9,5,9,4,4,5,9,9,2,10,2,4,5,6,11,5,10,2,3,11,6,3,5,4,9,6,11,2,10,2,11,11,3,3,8,5,9,7,4,3
0,7,7,7,7,8,10,3,11,2,10,6,6,9,5,3,10,3,10,11,6,8,5,5,9,4,6,0,0,3,4,4,0,0,5,5,7,0,9,8,3,3,8,0,4,2,4,9,6,8,10,7,11,11,11,8,0,5,3,6,5,7,4,4,8,5,8,6,2,5,2,7,6,8,2,0,10,6,4,7,11,0,0,9,0,7,8,5,8,8,9,5,0,0,2,0,2,7,7,9,7,10,11,0,10,0,0,7,7,5,10,6,10,5,5,6,10,10,3,11,3,5,6,7,0,6,11,3,4,0,7,4,6,5,10,7,0,3,11,3,0,0,4,4,9,6,10,8,5,4
2,8,8,8,8,9,11,4,0,3,11,7,7,10,6,4,11,4,11,0,7,9,6,6,10,5,7,2,2,4,5,5,2,2,6,6,8,2,10,9,4,4,9,2,5,3,5,10,7,9,11,8,0,0,0,9,2,6,4,7,6,8,5,5,9,6,9,7,3,6,3,8,7,9,3,2,11,7,5,8,0,2,2,10,2,8,9,6,9,9,10,6,2,2,3,2,3,8,8,10,8,11,0,2,11,2,2,8,8,6,11,7,11,6,6,7,11,11,4,0,4,6,7,8,2,7,0,4,5,2,8,5,7,6,11,8,2,4,0,4,2,2,5,5,10,7,11,9,6,5
3,9,9,9,9,10,0,5,2,4,0,8,8,11,7,5,0,5,0,2,8,10,7,7,11,6,8,3,3,5,6,6,3,3,7,7,9,3,11,10,5,5,10,3,6,4,6,11,8,10,0,9,2,2,2,10,3,7,5,8,7,9,6,6,10,7,10,8,4,7,4,9,8,10,4,3,0,8,6,9,2,3,3,11,3,9,10,7,10,10,11,7,3,3,4,3,4,9,9,11,9,0,2,3,0,3,3,9,9,7,0,8,0,7,7,8,0,0,5,2,5,7,8,9,3,8,2,5,6,3,9,6,8,7,0,9,3,5,2,5,3,3,6,6,11,8,0,10,7,6
4,10,10,10,10,11,2,6,3,5,2,9,9,0,8,6,2,6,2,3,9,11,8,8,0,7,9,4,4,6,7,7,4,4,8,8,10,4,0,11,6,6,11,4,7,5,7,0,9,11,2,10,3,3,3,11,4,8,6,9,8,10,7,7,11,8,11,9,5,8,5,10,9,11,5,4,2,9,7,10,3,4,4,0,4,10,11,8,11,11,0,8,4,4,5,4,5,10,10,0,10,2,3,4,2,4,4,10,10,8,2,9,2,8,8,9,2,2,6,3,6,8,9,10,4,9,3,6,7,4,10,7,9,8,2,10,4,6,3,6,4,4,7,7,0,9,2,11,8,7
5,11,11,11,11,0,3,7,4,6,3,10,10,2,9,7,3,7,3,4,10,0,9,9,2,8,10,5,5,7,8,8,5,5,9,9,11,5,2,0,7,7,0,5,8,6,8,2,10,0,3,11,4,4,4,0,5,9,7,10,9,11,8,8,0,9,0,10,6,9,6,11,10,0,6,5,3,10,8,11,4,5,5,2,5,11,0,9,0,0,2,9,5,5,6,5,6,11,11,2,11,3,4,5,3,5,5,11,11,9,3,10,3,9,9,10,3,3,7,4,7,9,10,11,5,10,4,7,8,5,11,8,10,9,3,11,5,7,4,7,5,5,8,8,2,10,3,0,9,8
6,0,0,0,0,2,4,8,5,7,4,11,11,3,10,8,4,8,4,5,11,2,10,10,3,9,11,6,6,8,9,9,6,6,10,10,0,6,3,2,8,8,2,6,9,7,9,3,11,2,4,0,5,5,5,2,6,10,8,11,10,0,9,9,2,10,2,11,7,10,7,0,11,2,7,6,4,11,9,0,5,6,6,3,6,0,2,10,2,2,3,10,6,6,7,6,7,0,0,3,0,4,5,6,4,6,6,0,0,10,4,11,4,10,10,11,4,4,8,5,8,10,11,0,6,11,5,8,9,6,0,9,11,10,4,0,6,8,5,8,6,6,9,9,3,11,4,2,10,9
7,2,2,2,2,3,5,9,6,8,5,0,0,4,11,9,5,9,5,6,0,3,11,11,4,10,0,7,7,9,10,10,7,7,11,11,2,7,4,3,9,9,3,7,10,8,10,4,0,3,5,2,6,6,6,3,7,11,9,0,11,2,10,10,3,11,3,0,8,11,8,2,0,3,8,7,5,0,10,2,6,7,7,4,7,2,3,11,3,3,4,11,7,7,8,7,8,2,2,4,2,5,6,7,5,7,7,2,2,11,5,0,5,11,11,0,5,5,9,6,9,11,0,2,7,0,6,9,10,7,2,10,0,11,5,2,7,9,6,9,7,7,10,10,4,0,5,3,11,10
8,3,3,3,3,4,6,10,7,9,6,2,2,5,0,10,6,10,6,7,2,4,0,0,5,11,2,8,8,10,11,11,8,8,0,0,3,8,5,4,10,10,4,8,11,9,11,5,2,4,6,3,7,7,7,4,8,0,10,2,0,3,11,11,4,0,4,2,9,0,9,3,2,4,9,8,6,2,11,3,7,8,8,5,8,3,4,0,4,4,5,0,8,8,9,8,9,3,3,5,3,6,7,8,6,8,8,3,3,0,6,2,6,0,0,2,6,6,10,7,10,0,2,3,8,2,7,10,11,8,3,11,2,0,6,3,8,10,7,10,8,8,11,11,5,2,6,4,0,11
9,4,4,4,4,5,7,11,8,10,7,3,3,6,2,11,7,11,7,8,3,5,2,2,6,0,3,9,9,11,0,0,9,9,2,2,4,9,6,5,11,11,5,9,0,10,0,6,3,5,7,4,8,8,8,5,9,2,11,3,2,4,0,0,5,2,5,3,10,2,10,4,3,5,10,9,7,3,0,4,8,9,9,6,9,4,5,2,5,5,6,2,9,9,10,9,10,4,4,6,4,7,8,9,7,9,9,4,4,2,7,3,7,2,2,3,7,7,11,8,11,2,3,4,9,3,8,11,0,9,4,0,3,2,7,4,9,11,8,11,9,9,0,0,6,3,7,5,2,0
10,5,5,5,5,6,8,0,9,11,8,4,4,7,3,0,8,0,8,9,4,6,3,3,7,2,4,10,10,0,2,2,10,10,3,3,5,10,7,6,0,0,6,10,2,11,2,7,4,6,8,5,9,9,9,6,10,3,0,4,3,5,2,2,6,3,6,4,11,3,11,5,4,6,11,10,8,4,2,5,9,10,10,7,10,5,6,3,6,6,7,3,10,10,11,10,11,5,5,7,5,8,9,10,8,10,10,5,5,3,8,4,8,3,3,4,8,8,0,9,0,3,4,5,10,4,9,0,2,10,5,2,4,3,8,5,10,0,9,0,10,10,2,2,7,4,8,6,3,2
11,6,6,6,6,7,9,2,10,0,9,5,5,8,4,2,9,2,9,10,5,7,4,4,8,3,5,11,11,2,3,3,11,11,4,4,6,11,8,7,2,2,7,11,3,0,3,8,5,7,9,6,10,10,10,7,11,4,2,5,4,6,3,3,7,4,7,5,0,4,0,6,5,7,0,11,9,5,3,6,10,11,11,8,11,6,7,4,7,7,8,4,11,11,0,11,0,6,6,8,6,9,10,11,9,11,11,6,6,4,9,5,9,4,4,5,9,9,2,10,2,4,5,6,11,5,10,2,3,11,6,3,5,4,9,6,11,2,10,2,11,11,3,3,8,5,9,7,4,3
0,7,7,7,7,8,10,3,11,2,10,6,6,9,5,3,10,3,10,11,6,8,5,5,9,4,6,0,0,3,4,4,0,0,5,5,7,0,9,8,3,3,8,0,4,2,4,9,6,8,10,7,11,11,11,8,0,5,3,6,5,7,4,4,8,5,8,6,2,5,2,7,6,8,2,0,10,6,4,7,11,0,0,9,0,7,8,5,8,8,9,5,0,0,2,0,2,7,7,9,7,10,11,0,10,0,0,7,7,5,10,6,10,5,5,6,10,10,3,11,3,5,6,7,0,6,11,3,4,0,7,4,6,5,10,7,0,3,11,3,0,0,4,4,9,6,10,8,5,4
2,8,8,8,8,9,11,4,0,3,11,7,7,10,6,4,11,4,11,0,7,9,6,6,10,5,7,2,2,4,5,5,2,2,6,6,8,2,10,9,4,4,9,2,5,3,5,10,7,9,11,8,0,0,0,9,2,6,4,7,6,8,5,5,9,6,9,7,3,6,3,8,7,9,3,2,11,7,5,8,0,2,2,10,2,8,9,6,9,9,10,6,2,2,3,2,3,8,8,10,8,11,0,2,11,2,2,8,8,6,11,7,11,6,6,7,11,11,4,0,4,6,7,8,2,7,0,4,5,2,8,5,7,6,11,8,2,4,0,4,2,2,5,5,10,7,11,9,6,5
3,9,9,9,9,10,0,5,2,4,0,8,8,11,7,5,0,5,0,2,8,10,7,7,11,6,8,3,3,5,6,6,3,3,7,7,9,3,11,10,5,5,10,3,6,4,6,11,8,10,0,9,2,2,2,10,3,7,5,8,7,9,6,6,10,7,10,8,4,7,4,9,8,10,4,3,0,8,6,9,2,3,3,11,3,9,10,7,10,10,11,7,3,3,4,3,4,9,9,11,9,0,2,3,0,3,3,9,9,7,0,8,0,7,7,8,0,0,5,2,5,7,8,9,3,8,2,5,6,3,9,6,8,7,0,9,3,5,2,5,3,3,6,6,11,8,0,10,7,6
4,10,10,10,10,11,2,6,3,5,2,9,9,0,8,6,2,6,2,3,9,11,8,8,0,7,9,4,4,6,7,7,4,4,8,8,10,4,0,11,6,6,11,4,7,5,7,0,9,11,2,10,3,3,3,11,4,8,6,9,8,10,7,7,11,8,11,9,5,8,5,10,9,11,5,4,2,9,7,10,3,4,4,0,4,10,11,8,11,11,0,8,4,4,5,4,5,10,10,0,10,2,3,4,2,4,4,10,10,8,2,9,2,8,8,9,2,2,6,3,6,8,9,10,4,9,3,6,7,4,10,7,9,8,2,10,4,6,3,6,4,4,7,7,0,9,2,11,8,7
5,11,11,11,11,0,3,7,4,6,3,10,10,2,9,7,3,7,3,4,10,0,9,9,2,8,10,5,5,7,8,8,5,5,9,9,11,5,2,0,7,7,0,5,8,6,8,2,10,0,3,11,4,4,4,0,5,9,7,10,9,11,8,8,0,9,0,10,6,9,6,11,10,0,6,5,3,10,8,11,4,5,5,2,5,11,0,9,0,0,2,9,5,5,6,5,6,11,11,2,11,3,4,5,3,5,5,11,11,9,3,10,3,9,9,10,3,3,7,4,7,9,10,11,5,10,4,7,8,5,11,8,10,9,3,11,5,7,4,7,5,5,8,8,2,10,3,0,9,8
6,0,0,0,0,2,4,8,5,7,4,11,11,3,10,8,4,8,4,5,11,2,10,10,3,9,11,6,6,8,9,9,6,6,10,10,0,6,3,2,8,8,2,6,9,7,9,3,11,2,4,0,5,5,5,2,6,10,8,11,10,0,9,9,2,10,2,11,7,10,7,0,11,2,7,6,4,11,9,0,5,6,6,3,6,0,2,10,2,2,3,10,6,6,7,6,7,0,0,3,0,4,5,6,4,6,6,0,0,10,4,11,4,10,10,11,4,4,8,5,8,10,11,0,6,11,5,8,9,6,0,9,11,10,4,0,6,8,5,8,6,6,9,9,3,11,4,2,10,9
7,2,2,2,2,3,5,9,6,8,5,0,0,4,11,9,5,9,5,6,0,3,11,11,4,10,0,7,7,9,10,10,7,7,11,11,2,7,4,3,9,9,3,7,10,8,10,4,0,3,5,2,6,6,6,3,7,11,9,0,11,2,10,10,3,11,3,0,8,11,8,2,0,3,8,7,5,0,10,2,6,7,7,4,7,2,3,11,3,3,4,11,7,7,8,7,8,2,2,4,2,5,6,7,5,7,7,2,2,11,5,0,5,11,11,0,5,5,9,6,9,11,0,2,7,0,6,9,10,7,2,10,0,11,5,2,7,9,6,9,7,7,10,10,4,0,5,3,11,10
8,3,3,3,3,4,6,10,7,9,6,2,2,5,0,10,6,10,6,7,2,4,0,0,5,11,2,8,8,10,11,11,8,8,0,0,3,8,5,4,10,10,4,8,11,9,11,5,2,4,6,3,7,7,7,4,8,0,10,2,0,3,11,11,4,0,4,2,9,0,9,3,2,4,9,8,6,2,11,3,7,8,8,5,8,3,4,0,4,4,5,0,8,8,9,8,9,3,3,5,3,6,7,8,6,8,8,3,3,0,6,2,6,0,0,2,6,6,10,7,10,0,2,3,8,2,7,10,11,8,3,11,2,0,6,3,8,10,7,10,8,8,11,11,5,2,6,4,0,11
9,4,4,4,4,5,7,11,8,10,7,3,3,6,2,11,7,11,7,8,3,5,2,2,6,0,3,9,9,11,0,0,9,9,2,2,4,9,6,5,11,11,5,9,0,10,0,6,3,5,7,4,8,8,8,5,9,2,11,3,2,4,0,0,5,2,5,3,10,2,10,4,3,5,10,9,7,3,0,4,8,9,9,6,9,4,5,2,5,5,6,2,9,9,10,9,10,4,4,6,4,7,8,9,7,9,9,4,4,2,7,3,7,2,2,3,7,7,11,8,11,2,3,4,9,3,8,11,0,9,4,0,3,2,7,4,9,11,8,11,9,9,0,0,6,3,7,5,2,0
10,5,5,5,5,6,8,0,9,11,8,4,4,7,3,0,8,0,8,9,4,6,3,3,7,2,4,10,10,0,2,2,10,10,3,3,5,10,7,6,0,0,6,10,2,11,2,7,4,6,8,5,9,9,9,6,10,3,0,4,3,5,2,2,6,3,6,4,11,3,11,5,4,6,11,10,8,4,2,5,9,10,10,7,10,5,6,3,6,6,7,3,10,10,11,10,11,5,5,7,5,8,9,10,8,10,10,5,5,3,8,4,8,3,3,4,8,8,0,9,0,3,4,5,10,4,9,0,2,10,5,2,4,3,8,5,10,0,9,0,10,10,2,2,7,4,8,6,3,2
11,6,6,6,6,7,9,2,10,0,9,5,5,8,4,2,9,2,9,10,5,7,4,4,8,3,5,11,11,2,3,3,11,11,4,4,6,11,8,7,2,2,7,11,3,0,3,8,5,7,9,6,10,10,10,7,11,4,2,5,4,6,3,3,7,4,7,5,0,4,0,6,5,7,0,11,9,5,3,6,10,11,11,8,11,6,7,4,7,7,8,4,11,11,0,11,0,6,6,8,6,9,10,11,9,11,11,6,6,4,9,5,9,4,4,5,9,9,2,10,2,4,5,6,11,5,10,2,3,11,6,3,5,4,9,6,11,2,10,2,11,11,3,3,8,5,9,7,4,3
0,7,7,7,7,8,10,3,11,2,10,6,6,9,5,3,10,3,10,11,6,8,5,5,9,4,6,0,0,3,4,4,0,0,5,5,7,0,9,8,3,3,8,0,4,2,4,9,6,8,10,7,11,11,11,8,0,5,3,6,5,7,4,4,8,5,8,6,2,5,2,7,6,8,2,0,10,6,4,7,11,0,0,9,0,7,8,5,8,8,9,5,0,0,2,0,2,7,7,9,7,10,11,0,10,0,0,7,7,5,10,6,10,5,5,6,10,10,3,11,3,5,6,7,0,6,11,3,4,0,7,4,6,5,10,7,0,3,11,3,0,0,4,4,9,6,10,8,5,4
2,8,8,8,8,9,11,4,0,3,11,7,7,10,6,4,11,4,11,0,7,9,6,6,10,5,7,2,2,4,5,5,2,2,6,6,8,2,10,9,4,4,9,2,5,3,5,10,7,9,11,8,0,0,0,9,2,6,4,7,6,8,5,5,9,6,9,7,3,6,3,8,7,9,3,2,11,7,5,8,0,2,2,10,2,8,9,6,9,9,10,6,2,2,3,2,3,8,8,10,8,11,0,2,11,2,2,8,8,6,11,7,11,6,6,7,11,11,4,0,4,6,7,8,2,7,0,4,5,2,8,5,7,6,11,8,2,4,0,4,2,2,5,5,10,7,11,9,6,5
3,9,9,9,9,10,0,5,2,4,0,8,8,11,7,5,0,5,0,2,8,10,7,7,11,6,8,3,3,5,6,6,3,3,7,7,9,3,11,10,5,5,10,3,6,4,6,11,8,10,0,9,2,2,2,10,3,7,5,8,7,9,6,6,10,7,10,8,4,7,4,9,8,10,4,3,0,8,6,9,2,3,3,11,3,9,10,7,10,10,11,7,3,3,4,3,4,9,9,11,9,0,2,3,0,3,3,9,9,7,0,8,0,7,7,8,0,0,5,2,5,7,8,9,3,8,2,5,6,3,9,6,8,7,0,9,3,5,2,5,3,3,6,6,11,8,0,10,7,6
4,10,10,10,10,11,2,6,3,5,2,9,9,0,8,6,2,6,2,3,9,11,8,8,0,7,9,4,4,6,7,7,4,4,8,8,10,4,0,11,6,6,11,4,7,5,7,0,9,11,2,10,3,3,3,11,4,8,6,9,8,10,7,7,11,8,11,9,5,8,5,10,9,11,5,4,2,9,7,10,3,4,4,0,4,10,11,8,11,11,0,8,4,4,5,4,5,10,10,0,10,2,3,4,2,4,4,10,10,8,2,9,2,8,8,9,2,2,6,3,6,8,9,10,4,9,3,6,7,4,10,7,9,8,2,10,4,6,3,6,4,4,7,7,0,9,2,11,8,7
5,11,11,11,11,0,3,7,4,6,3,10,10,2,9,7,3,7,3,4,10,0,9,9,2,8,10,5,5,7,8,8,5,5,9,9,11,5,2,0,7,7,0,5,8,6,8,2,10,0,3,11,4,4,4,0,5,9,7,10,9,11,8,8,0,9,0,10,6,9,6,11,10,0,6,5,3,10,8,11,4,5,5,2,5,11,0,9,0,0,2,9,5,5,6,5,6,11,11,2,11,3,4,5,3,5,5,11,11,9,3,10,3,9,9,10,3,3,7,4,7,9,10,11,5,10,4,7,8,5,11,8,10,9,3,11,5,7,4,7,5,5,8,8,2,10,3,0,9,8
6,0,0,0,0,2,4,8,5,7,4,11,11,3,10,8,4,8,4,5,11,2,10,10,3,9,11,6,6,8,9,9,6,6,10,10,0,6,3,2,8,8,2,6,9,7,9,3,11,2,4,0,5,5,5,2,6,10,8,11,10,0,9,9,2,10,2,11,7,10,7,0,11,2,7,6,4,11,9,0,5,6,6,3,6,0,2,10,2,2,3,10,6,6,7,6,7,0,0,3,0,4,5,6,4,6,6,0,0,10,4,11,4,10,10,11,4,4,8,5,8,10,11,0,6,11,5,8,9,6,0,9,11,10,4,0,6,8,5,8,6,6,9,9,3,11,4,2,10,9
7,2,2,2,2,3,5,9,6,8,5,0,0,4,11,9,5,9,5,6,0,3,11,11,4,10,0,7,7,9,10,10,7,7,11,11,2,7,4,3,9,9,3,7,10,8,10,4,0,3,5,2,6,6,6,3,7,11,9,0,11,2,10,10,3,11,3,0,8,11,8,2,0,3,8,7,5,0,10,2,6,7,7,4,7,2,3,11,3,3,4,11,7,7,8,7,8,2,2,4,2,5,6,7,5,7,7,2,2,11,5,0,5,11,11,0,5,5,9,6,9,11,0,2,7,0,6,9,10,7,2,10,0,11,5,2,7,9,6,9,7,7,10,10,4,0,5,3,11,10
8,3,3,3,3,4,6,10,7,9,6,2,2,5,0,10,6,10,6,7,2,4,0,0,5,11,2,8,8,10,11,11,8,8,0,0,3,8,5,4,10,10,4,8,11,9,11,5,2,4,6,3,7,7,7,4,8,0,10,2,0,3,11,11,4,0,4,2,9,0,9,3,2,4,9,8,6,2,11,3,7,8,8,5,8,3,4,0,4,4,5,0,8,8,9,8,9,3,3,5,3,6,7,8,6,8,8,3,3,0,6,2,6,0,0,2,6,6,10,7,10,0,2,3,8,2,7,10,11,8,3,11,2,0,6,3,8,10,7,10,8,8,11,11,5,2,6,4,0,11
9,4,4,4,4,5,7,11,8,10,7,3,3,6,2,11,7,11,7,8,3,5,2,2,6,0,3,9,9,11,0,0,9,9,2,2,4,9,6,5,11,11,5,9,0,10,0,6,3,5,7,4,8,8,8,5,9,2,11,3,2,4,0,0,5,2,5,3,10,2,10,4,3,5,10,9,7,3,0,4,8,9,9,6,9,4,5,2,5,5,6,2,9,9,10,9,10,4,4,6,4,7,8,9,7,9,9,4,4,2,7,3,7,2,2,3,7,7,11,8,11,2,3,4,9,3,8,11,0,9,4,0,3,2,7,4,9,11,8,11,9,9,0,0,6,3,7,5,2,0
10,5,5,5,5,6,8,0,9,11,8,4,4,7,3,0,8,0,8,9,4,6,3,3,7,2,4,10,10,0,2,2,10,10,3,3,5,10,7,6,0,0,6,10,2,11,2,7,4,6,8,5,9,9,9,6,10,3,0,4,3,5,2,2,6,3,6,4,11,3,11,5,4,6,11,10,8,4,2,5,9,10,10,7,10,5,6,3,6,6,7,3,10,10,11,10,11,5,5,7,5,8,9,10,8,10,10,5,5,3,8,4,8,3,3,4,8,8,0,9,0,3,4,5,10,4,9,0,2,10,5,2,4,3,8,5,10,0,9,0,10,10,2,2,7,4,8,6,3,2
11,6,6,6,6,7,9,2,10,0,9,5,5,8,4,2,9,2,9,10,5,7,4,4,8,3,5,11,11,2,3,3,11,11,4,4,6,11,8,7,2,2,7,11,3,0,3,8,5,7,9,6,10,10,10,7,11,4,2,5,4,6,3,3,7,4,7,5,0,4,0,6,5,7,0,11,9,5,3,6,10,11,11,8,11,6,7,4,7,7,8,4,11,11,0,11,0,6,6,8,6,9,10,11,9,11,11,6,6,4,9,5,9,4,4,5,9,9,2,10,2,4,5,6,11,5,10,2,3,11,6,3,5,4,9,6,11,2,10,2,11,11,3,3,8,5,9,7,4,3
0,7,7,7,7,8,10,3,11,2,10,6,6,9,5,3,10,3,10,11,6,8,5,5,9,4,6,0,0,3,4,4,0,0,5,5,7,0,9,8,3,3,8,0,4,2,4,9,6,8,10,7,11,11,11,8,0,5,3,6,5,7,4,4,8,5,8,6,2,5,2,7,6,8,2,0,10,6,4,7,11,0,0,9,0,7,8,5,8,8,9,5,0,0,2,0,2,7,7,9,7,10,11,0,10,0,0,7,7,5,10,6,10,5,5,6,10,10,3,11,3,5,6,7,0,6,11,3,4,0,7,4,6,5,10,7,0,3,11,3,0,0,4,4,9,6,10,8,5,4
2,8,8,8,8,9,11,4,0,3,11,7,7,10,6,4,11,4,11,0,7,9,6,6,10,5,7,2,2,4,5,5,2,2,6,6,8,2,10,9,4,4,9,2,5,3,5,10,7,9,11,8,0,0,0,9,2,6,4,7,6,8,5,5,9,6,9,7,3,6,3,8,7,9,3,2,11,7,5,8,0,2,2,10,2,8,9,6,9,9,10,6,2,2,3,2,3,8,8,10,8,11,0,2,11,2,2,8,8,6,11,7,11,6,6,7,11,11,4,0,4,6,7,8,2,7,0,4,5,2,8,5,7,6,11,8,2,4,0,4,2,2,5,5,10,7,11,9,6,5
3,9,9,9,9,10,0,5,2,4,0,8,8,11,7,5,0,5,0,2,8,10,7,7,11,6,8,3,3,5,6,6,3,3,7,7,9,3,11,10,5,5,10,3,6,4,6,11,8,10,0,9,2,2,2,10,3,7,5,8,7,9,6,6,10,7,10,8,4,7,4,9,8,10,4,3,0,8,6,9,2,3,3,11,3,9,10,7,10,10,11,7,3,3,4,3,4,9,9,11,9,0,2,3,0,3,3,9,9,7,0,8,0,7,7,8,0,0,5,2,5,7,8,9,3,8,2,5,6,3,9,6,8,7,0,9,3,5,2,5,3,3,6,6,11,8,0,10,7,6
4,10,10,10,10,11,2,6,3,5,2,9,9,0,8,6,2,6,2,3,9,11,8,8,0,7,9,4,4,6,7,7,4,4,8,8,10,4,0,11,6,6,11,4,7,5,7,0,9,11,2,10,3,3,3,11,4,8,6,9,8,10,7,7,11,8,11,9,5,8,5,10,9,11,5,4,2,9,7,10,3,4,4,0,4,10,11,8,11,11,0,8,4,4,5,4,5,10,10,0,10,2,3,4,2,4,4,10,10,8,2,9,2,8,8,9,2,2,6,3,6,8,9,10,4,9,3,6,7,4,10,7,9,8,2,10,4,6,3,6,4,4,7,7,0,9,2,11,8,7
5,11,11,11,11,0,3,7,4,6,3,10,10,2,9,7,3,7,3,4,10,0,9,9,2,8,10,5,5,7,8,8,5,5,9,9,11,5,2,0,7,7,0,5,8,6,8,2,10,0,3,11,4,4,4,0,5,9,7,10,9,11,8,8,0,9,0,10,6,9,6,11,10,0,6,5,3,10,8,11,4,5,5,2,5,11,0,9,0,0,2,9,5,5,6,5,6,11,11,2,11,3,4,5,3,5,5,11,11,9,3,10,3,9,9,10,3,3,7,4,7,9,10,11,5,10,4,7,8,5,11,8,10,9,3,11,5,7,4,7,5,5,8,8,2,10,3,0,9,8
6,0,0,0,0,2,4,8,5,7,4,11,11,3,10,8,4,8,4,5,11,2,10,10,3,9,11,6,6,8,9,9,6,6,10,10,0,6,3,2,8,8,2,6,9,7,9,3,11,2,4,0,5,5,5,2,6,10,8,11,10,0,9,9,2,10,2,11,7,10,7,0,11,2,7,6,4,11,9,0,5,6,6,3,6,0,2,10,2,2,3,10,6,6,7,6,7,0,0,3,0,4,5,6,4,6,6,0,0,10,4,11,4,10,10,11,4,4,8,5,8,10,11,0,6,11,5,8,9,6,0,9,11,10,4,0,6,8,5,8,6,6,9,9,3,11,4,2,10,9
7,2,2,2,2,3,5,9,6,8,5,0,0,4,11,9,5,9,5,6,0,3,11,11,4,10,0,7,7,9,10,10,7,7,11,11,2,7,4,3,9,9,3,7,10,8,10,4,0,3,5,2,6,6,6,3,7,11,9,0,11,2,10,10,3,11,3,0,8,11,8,2,0,3,8,7,5,0,10,2,6,7,7,4,7,2,3,11,3,3,4,11,7,7,8,7,8,2,2,4,2,5,6,7,5,7,7,2,2,11,5,0,5,11,11,0,5,5,9,6,9,11,0,2,7,0,6,9,10,7,2,10,0,11,5,2,7,9,6,9,7,7,10,10,4,0,5,3,11,10
8,3,3,3,3,4,6,10,7,9,6,2,2,5,0,10,6,10,6,7,2,4,0,0,5,11,2,8,8,10,11,11,8,8,0,0,3,8,5,4,10,10,4,8,11,9,11,5,2,4,6,3,7,7,7,4,8,0,10,2,0,3,11,11,4,0,4,2,9,0,9,3,2,4,9,8,6,2,11,3,7,8,8,5,8,3,4,0,4,4,5,0,8,8,9,8,9,3,3,5,3,6,7,8,6,8,8,3,3,0,6,2,6,0,0,2,6,6,10,7,10,0,2,3,8,2,7,10,11,8,3,11,2,0,6,3,8,10,7,10,8,8,11,11,5,2,6,4,0,11
9,4,4,4,4,5,7,11,8,10,7,3,3,6,2,11,7,11,7,8,3,5,2,2,6,0,3,9,9,11,0,0,9,9,2,2,4,9,6,5,11,11,5,9,0,10,0,6,3,5,7,4,8,8,8,5,9,2,11,3,2,4,0,0,5,2,5,3,10,2,10,4,3,5,10,9,7,3,0,4,8,9,9,6,9,4,5,2,5,5,6,2,9,9,10,9,10,4,4,6,4,7,8,9,7,9,9,4,4,2,7,3,7,2,2,3,7,7,11,8,11,2,3,4,9,3,8,11,0,9,4,0,3,2,7,4,9,11,8,11,9,9,0,0,6,3,7,5,2,0
10,5,5,5,5,6,8,0,9,11,8,4,4,7,3,0,8,0,8,9,4,6,3,3,7,2,4,10,10,0,2,2,10,10,3,3,5,10,7,6,0,0,6,10,2,11,2,7,4,6,8,5,9,9,9,6,10,3,0,4,3,5,2,2,6,3,6,4,11,3,11,5,4,6,11,10,8,4,2,5,9,10,10,7,10,5,6,3,6,6,7,3,10,10,11,10,11,5,5,7,5,8,9,10,8,10,10,5,5,3,8,4,8,3,3,4,8,8,0,9,0,3,4,5,10,4,9,0,2,10,5,2,4,3,8,5,10,0,9,0,10,10,2,2,7,4,8,6,3,2
11,6,6,6,6,7,9,2,10,0,9,5,5,8,4,2,9,2,9,10,5,7,4,4,8,3,5,11,11,2,3,3,11,11,4,4,6,11,8,7,2,2,7,11,3,0,3,8,5,7,9,6,10,10,10,7,11,4,2,5,4,6,3,3,7,4,7,5,0,4,0,6,5,7,0,11,9,5,3,6,10,11,11,8,11,6,7,4,7,7,8,4,11,11,0,11,0,6,6,8,6,9,10,11,9,11,11,6,6,4,9,5,9,4,4,5,9,9,2,10,2,4,5,6,11,5,10,2,3,11,6,3,5,4,9,6,11,2,10,2,11,11,3,3,8,5,9,7,4,3
0,7,7,7,7,8,10,3,11,2,10,6,6,9,5,3,10,3,10,11,6,8,5,5,9,4,6,0,0,3,4,4,0,0,5,5,7,0,9,8,3,3,8,0,4,2,4,9,6,8,10,7,11,11,11,8,0,5,3,6,5,7,4,4,8,5,8,6,2,5,2,7,6,8,2,0,10,6,4,7,11,0,0,9,0,7,8,5,8,8,9,5,0,0,2,0,2,7,7,9,7,10,11,0,10,0,0,7,7,5,10,6,10,5,5,6,10,10,3,11,3,5,6,7,0,6,11,3,4,0,7,4,6,5,10,7,0,3,11,3,0,0,4,4,9,6,10,8,5,4
2,8,8,8,8,9,11,4,0,3,11,7,7,10,6,4,11,4,11,0,7,9,6,6,10,5,7,2,2,4,5,5,2,2,6,6,8,2,10,9,4,4,9,2,5,3,5,10,7,9,11,8,0,0,0,9,2,6,4,7,6,8,5,5,9,6,9,7,3,6,3,8,7,9,3,2,11,7,5,8,0,2,2,10,2,8,9,6,9,9,10,6,2,2,3,2,3,8,8,10,8,11,0,2,11,2,2,8,8,6,11,7,11,6,6,7,11,11,4,0,4,6,7,8,2,7,0,4,5,2,8,5,7,6,11,8,2,4,0,4,2,2,5,5,10,7,11,9,6,5
3,9,9,9,9,10,0,5,2,4,0,8,8,11,7,5,0,5,0,2,8,10,7,7,11,6,8,3,3,5,6,6,3,3,7,7,9,3,11,10,5,5,10,3,6,4,6,11,8,10,0,9,2,2,2,10,3,7,5,8,7,9,6,6,10,7,10,8,4,7,4,9,8,10,4,3,0,8,6,9,2,3,3,11,3,9,10,7,10,10,11,7,3,3,4,3,4,9,9,11,9,0,2,3,0,3,3,9,9,7,0,8,0,7,7,8,0,0,5,2,5,7,8,9,3,8,2,5,6,3,9,6,8,7,0,9,3,5,2,5,3,3,6,6,11,8,0,10,7,6
4,10,10,10,10,11,2,6,3,5,2,9,9,0,8,6,2,6,2,3,9,11,8,8,0,7,9,4,4,6,7,7,4,4,8,8,10,4,0,11,6,6,11,4,7,5,7,0,9,11,2,10,3,3,3,11,4,8,6,9,8,10,7,7,11,8,11,9,5,8,5,10,9,11,5,4,2,9,7,10,3,4,4,0,4,10,11,8,11,11,0,8,4,4,5,4,5,10,10,0,10,2,3,4,2,4,4,10,10,8,2,9,2,8,8,9,2,2,6,3,6,8,9,10,4,9,3,6,7,4,10,7,9,8,2,10,4,6,3,6,4,4,7,7,0,9,2,11,8,7
5,11,11,11,11,0,3,7,4,6,3,10,10,2,9,7,3,7,3,4,10,0,9,9,2,8,10,5,5,7,8,8,5,5,9,9,11,5,2,0,7,7,0,5,8,6,8,2,10,0,3,11,4,4,4,0,5,9,7,10,9,11,8,8,0,9,0,10,6,9,6,11,10,0,6,5,3,10,8,11,4,5,5,2,5,11,0,9,0,0,2,9,5,5,6,5,6,11,11,2,11,3,4,5,3,5,5,11,11,9,3,10,3,9,9,10,3,3,7,4,7,9,10,11,5,10,4,7,8,5,11,8,10,9,3,11,5,7,4,7,5,5,8,8,2,10,3,0,9,8
6,0,0,0,0,2,4,8,5,7,4,11,11,3,10,8,4,8,4,5,11,2,10,10,3,9,11,6,6,8,9,9,6,6,10,10,0,6,3,2,8,8,2,6,9,7,9,3,11,2,4,0,5,5,5,2,6,10,8,11,10,0,9,9,2,10,2,11,7,10,7,0,11,2,7,6,4,11,9,0,5,6,6,3,6,0,2,10,2,2,3,10,6,6,7,6,7,0,0,3,0,4,5,6,4,6,6,0,0,10,4,11,4,10,10,11,4,4,8,5,8,10,11,0,6,11,5,8,9,6,0,9,11,10,4,0,6,8,5,8,6,6,9,9,3,11,4,2,10,9
7,2,2,2,2,3,5,9,6,8,5,0,0,4,11,9,5,9,5,6,0,3,11,11,4,10,0,7,7,9,10,10,7,7,11,11,2,7,4,3,9,9,3,7,10,8,10,4,0,3,5,2,6,6,6,3,7,11,9,0,11,2,10,10,3,11,3,0,8,11,8,2,0,3,8,7,5,0,10,2,6,7,7,4,7,2,3,11,3,3,4,11,7,7,8,7,8,2,2,4,2,5,6,7,5,7,7,2,2,11,5,0,5,11,11,0,5,5,9,6,9,11,0,2,7,0,6,9,10,7,2,10,0,11,5,2,7,9,6,9,7,7,10,10,4,0,5,3,11,10
8,3,3,3,3,4,6,10,7,9,6,2,2,5,0,10,6,10,6,7,2,4,0,0,5,11,2,8,8,10,11,11,8,8,0,0,3,8,5,4,10,10,4,8,11,9,11,5,2,4,6,3,7,7,7,4,8,0,10,2,0,3,11,11,4,0,4,2,9,0,9,3,2,4,9,8,6,2,11,3,7,8,8,5,8,3,4,0,4,4,5,0,8,8,9,8,9,3,3,5,3,6,7,8,6,8,8,3,3,0,6,2,6,0,0,2,6,6,10,7,10,0,2,3,8,2,7,10,11,8,3,11,2,0,6,3,8,10,7,10,8,8,11,11,5,2,6,4,0,11
9,4,4,4,4,5,7,11,8,10,7,3,3,6,2,11,7,11,7,8,3,5,2,2,6,0,3,9,9,11,0,0,9,9,2,2,4,9,6,5,11,11,5,9,0,10,0,6,3,5,7,4,8,8,8,5,9,2,11,3,2,4,0,0,5,2,5,3,10,2,10,4,3,5,10,9,7,3,0,4,8,9,9,6,9,4,5,2,5,5,6,2,9,9,10,9,10,4,4,6,4,7,8,9,7,9,9,4,4,2,7,3,7,2,2,3,7,7,11,8,11,2,3,4,9,3,8,11,0,9,4,0,3,2,7,4,9,11,8,11,9,9,0,0,6,3,7,5,2,0
10,5,5,5,5,6,8,0,9,11,8,4,4,7,3,0,8,0,8,9,4,6,3,3,7,2,4,10,10,0,2,2,10,10,3,3,5,10,7,6,0,0,6,10,2,11,2,7,4,6,8,5,9,9,9,6,10,3,0,4,3,5,2,2,6,3,6,4,11,3,11,5,4,6,11,10,8,4,2,5,9,10,10,7,10,5,6,3,6,6,7,3,10,10,11,10,11,5,5,7,5,8,9,10,8,10,10,5,5,3,8,4,8,3,3,4,8,8,0,9,0,3,4,5,10,4,9,0,2,10,5,2,4,3,8,5,10,0,9,0,10,10,2,2,7,4,8,6,3,2
11,6,6,6,6,7,9,2,10,0,9,5,5,8,4,2,9,2,9,10,5,7,4,4,8,3,5,11,11,2,3,3,11,11,4,4,6,11,8,7,2,2,7,11,3,0,3,8,5,7,9,6,10,10,10,7,11,4,2,5,4,6,3,3,7,4,7,5,0,4,0,6,5,7,0,11,9,5,3,6,10,11,11,8,11,6,7,4,7,7,8,4,11,11,0,11,0,6,6,8,6,9,10,11,9,11,11,6,6,4,9,5,9,4,4,5,9,9,2,10,2,4,5,6,11,5,10,2,3,11,6,3,5,4,9,6,11,2,10,2,11,11,3,3,8,5,9,7,4,3
0,7,7,7,7,8,10,3,11,2,10,6,6,9,5,3,10,3,10,11,6,8,5,5,9,4,6,0,0,3,4,4,0,0,5,5,7,0,9,8,3,3,8,0,4,2,4,9,6,8,10,7,11,11,11,8,0,5,3,6,5,7,4,4,8,5,8,6,2,5,2,7,6,8,2,0,10,6,4,7,11,0,0,9,0,7,8,5,8,8,9,5,0,0,2,0,2,7,7,9,7,10,11,0,10,0,0,7,7,5,10,6,10,5,5,6,10,10,3,11,3,5,6,7,0,6,11,3,4,0,7,4,6,5,10,7,0,3,11,3,0,0,4,4,9,6,10,8,5,4
2,8,8,8,8,9,11,4,0,3,11,7,7,10,6,4,11,4,11,0,7,9,6,6,10,5,7,2,2,4,5,5,2,2,6,6,8,2,10,9,4,4,9,2,5,3,5,10,7,9,11,8,0,0,0,9,2,6,4,7,6,8,5,5,9,6,9,7,3,6,3,8,7,9,3,2,11,7,5,8,0,2,2,10,2,8,9,6,9,9,10,6,2,2,3,2,3,8,8,10,8,11,0,2,11,2,2,8,8,6,11,7,11,6,6,7,11,11,4,0,4,6,7,8,2,7,0,4,5,2,8,5,7,6,11,8,2,4,0,4,2,2,5,5,10,7,11,9,6,5
3,9,9,9,9,10,0,5,2,4,0,8,8,11,7,5,0,5,0,2,8,10,7,7,11,6,8,3,3,5,6,6,3,3,7,7,9,3,11,10,5,5,10,3,6,4,6,11,8,10,0,9,2,2,2,10,3,7,5,8,7,9,6,6,10,7,10,8,4,7,4,9,8,10,4,3,0,8,6,9,2,3,3,11,3,9,10,7,10,10,11,7,3,3,4,3,4,9,9,11,9,0,2,3,0,3,3,9,9,7,0,8,0,7,7,8,0,0,5,2,5,7,8,9,3,8,2,5,6,3,9,6,8,7,0,9,3,5,2,5,3,3,6,6,11,8,0,10,7,6
4,10,10,10,10,11,2,6,3,5,2,9,9,0,8,6,2,6,2,3,9,11,8,8,0,7,9,4,4,6,7,7,4,4,8,8,10,4,0,11,6,6,11,4,7,5,7,0,9,11,2,10,3,3,3,11,4,8,6,9,8,10,7,7,11,8,11,9,5,8,5,10,9,11,5,4,2,9,7,10,3,4,4,0,4,10,11,8,11,11,0,8,4,4,5,4,5,10,10,0,10,2,3,4,2,4,4,10,10,8,2,9,2,8,8,9,2,2,6,3,6,8,9,10,4,9,3,6,7,4,10,7,9,8,2,10,4,6,3,6,4,4,7,7,0,9,2,11,8,7
5,11,11,11,11,0,3,7,4,6,3,10,10,2,9,7,3,7,3,4,10,0,9,9,2,8,10,5,5,7,8,8,5,5,9,9,11,5,2,0,7,7,0,5,8,6,8,2,10,0,3,11,4,4,4,0,5,9,7,10,9,11,8,8,0,9,0,10,6,9,6,11,10,0,6,5,3,10,8,11,4,5,5,2,5,11,0,9,0,0,2,9,5,5,6,5,6,11,11,2,11,3,4,5,3,5,5,11,11,9,3,10,3,9,9,10,3,3,7,4,7,9,10,11,5,10,4,7,8,5,11,8,10,9,3,11,5,7,4,7,5,5,8,8,2,10,3,0,9,8
6,0,0,0,0,2,4,8,5,7,4,11,11,3,10,8,4,8,4,5,11,2,10,10,3,9,11,6,6,8,9,9,6,6,10,10,0,6,3,2,8,8,2,6,9,7,9,3,11,2,4,0,5,5,5,2,6,10,8,11,10,0,9,9,2,10,2,11,7,10,7,0,11,2,7,6,4,11,9,0,5,6,6,3,6,0,2,10,2,2,3,10,6,6,7,6,7,0,0,3,0,4,5,6,4,6,6,0,0,10,4,11,4,10,10,11,4,4,8,5,8,10,11,0,6,11,5,8,9,6,0,9,11,10,4,0,6,8,5,8,6,6,9,9,3,11,4,2,10,9
7,2,2,2,2,3,5,9,6,8,5,0,0,4,11,9,5,9,5,6,0,3,11,11,4,10,0,7,7,9,10,10,7,7,11,11,2,7,4,3,9,9,3,7,10,8,10,4,0,3,5,2,6,6,6,3,7,11,9,0,11,2,10,10,3,11,3,0,8,11,8,2,0,3,8,7,5,0,10,2,6,7,7,4,7,2,3,11,3,3,4,11,7,7,8,7,8,2,2,4,2,5,6,7,5,7,7,2,2,11,5,0,5,11,11,0,5,5,9,6,9,11,0,2,7,0,6,9,10,7,2,10,0,11,5,2,7,9,6,9,7,7,10,10,4,0,5,3,11,10
8,3,3,3,3,4,6,10,7,9,6,2,2,5,0,10,6,10,6,7,2,4,0,0,5,11,2,8,8,10,11,11,8,8,0,0,3,8,5,4,10,10,4,8,11,9,11,5,2,4,6,3,7,7,7,4,8,0,10,2,0,3,11,11,4,0,4,2,9,0,9,3,2,4,9,8,6,2,11,3,7,8,8,5,8,3,4,0,4,4,5,0,8,8,9,8,9,3,3,5,3,6,7,8,6,8,8,3,3,0,6,2,6,0,0,2,6,6,10,7,10,0,2,3,8,2,7,10,11,8,3,11,2,0,6,3,8,10,7,10,8,8,11,11,5,2,6,4,0,11
9,4,4,4,4,5,7,11,8,10,7,3,3,6,2,11,7,11,7,8,3,5,2,2,6,0,3,9,9,11,0,0,9,9,2,2,4,9,6,5,11,11,5,9,0,10,0,6,3,5,7,4,8,8,8,5,9,2,11,3,2,4,0,0,5,2,5,3,10,2,10,4,3,5,10,9,7,3,0,4,8,9,9,6,9,4,5,2,5,5,6,2,9,9,10,9,10,4,4,6,4,7,8,9,7,9,9,4,4,2,7,3,7,2,2,3,7,7,11,8,11,2,3,4,9,3,8,11,0,9,4,0,3,2,7,4,9,11,8,11,9,9,0,0,6,3,7,5,2,0
10,5,5,5,5,6,8,0,9,11,8,4,4,7,3,0,8,0,8,9,4,6,3,3,7,2,4,10,10,0,2,2,10,10,3,3,5,10,7,6,0,0,6,10,2,11,2,7,4,6,8,5,9,9,9,6,10,3,0,4,3,5,2,2,6,3,6,4,11,3,11,5,4,6,11,10,8,4,2,5,9,10,10,7,10,5,6,3,6,6,7,3,10,10,11,10,11,5,5,7,5,8,9,10,8,10,10,5,5,3,8,4,8,3,3,4,8,8,0,9,0,3,4,5,10,4,9,0,2,10,5,2,4,3,8,5,10,0,9,0,10,10,2,2,7,4,8,6,3,2
11,6,6,6,6,7,9,2,10,0,9,5,5,8,4,2,9,2,9,10,5,7,4,4,8,3,5,11,11,2,3,3,11,11,4,4,6,11,8,7,2,2,7,11,3,0,3,8,5,7,9,6,10,10,10,7,11,4,2,5,4,6,3,3,7,4,7,5,0,4,0,6,5,7,0,11,9,5,3,6,10,11,11,8,11,6,7,4,7,7,8,4,11,11,0,11,0,6,6,8,6,9,10,11,9,11,11,6,6,4,9,5,9,4,4,5,9,9,2,10,2,4,5,6,11,5,10,2,3,11,6,3,5,4,9,6,11,2,10,2,11,11,3,3,8,5,9,7,4,3
0,7,7,7,7,8,10,3,11,2,10,6,6,9,5,3,10,3,10,11,6,8,5,5,9,4,6,0,0,3,4,4,0,0,5,5,7,0,9,8,3,3,8,0,4,2,4,9,6,8,10,7,11,11,11,8,0,5,3,6,5,7,4,4,8,5,8,6,2,5,2,7,6,8,2,0,10,6,4,7,11,0,0,9,0,7,8,5,8,8,9,5,0,0,2,0,2,7,7,9,7,10,11,0,10,0,0,7,7,5,10,6,10,5,5,6,10,10,3,11,3,5,6,7,0,6,11,3,4,0,7,4,6,5,10,7,0,3,11,3,0,0,4,4,9,6,10,8,5,4
2,8,8,8,8,9,11,4,0,3,11,7,7,10,6,4,11,4,11,0,7,9,6,6,10,5,7,2,2,4,5,5,2,2,6,6,8,2,10,9,4,4,9,2,5,3,5,10,7,9,11,8,0,0,0,9,2,6,4,7,6,8,5,5,9,6,9,7,3,6,3,8,7,9,3,2,11,7,5,8,0,2,2,10,2,8,9,6,9,9,10,6,2,2,3,2,3,8,8,10,8,11,0,2,11,2,2,8,8,6,11,7,11,6,6,7,11,11,4,0,4,6,7,8,2,7,0,4,5,2,8,5,7,6,11,8,2,4,0,4,2,2,5,5,10,7,11,9,6,5
3,9,9,9,9,10,0,5,2,4,0,8,8,11,7,5,0,5,0,2,8,10,7,7,11,6,8,3,3,5,6,6,3,3,7,7,9,3,11,10,5,5,10,3,6,4,6,11,8,10,0,9,2,2,2,10,3,7,5,8,7,9,6,6,10,7,10,8,4,7,4,9,8,10,4,3,0,8,6,9,2,3,3,11,3,9,10,7,10,10,11,7,3,3,4,3,4,9,9,11,9,0,2,3,0,3,3,9,9,7,0,8,0,7,7,8,0,0,5,2,5,7,8,9,3,8,2,5,6,3,9,6,8,7,0,9,3,5,2,5,3,3,6,6,11,8,0,10,7,6
4,10,10,10,10,11,2,6,3,5,2,9,9,0,8,6,2,6,2,3,9,11,8,8,0,7,9,4,4,6,7,7,4,4,8,8,10,4,0,11,6,6,11,4,7,5,7,0,9,11,2,10,3,3,3,11,4,8,6,9,8,10,7,7,11,8,11,9,5,8,5,10,9,11,5,4,2,9,7,10,3,4,4,0,4,10,11,8,11,11,0,8,4,4,5,4,5,10,10,0,10,2,3,4,2,4,4,10,10,8,2,9,2,8,8,9,2,2,6,3,6,8,9,10,4,9,3,6,7,4,10,7,9,8,2,10,4,6,3,6,4,4,7,7,0,9,2,11,8,7
5,11,11,11,11,0,3,7,4,6,3,10,10,2,9,7,3,7,3,4,10,0,9,9,2,8,10,5,5,7,8,8,5,5,9,9,11,5,2,0,7,7,0,5,8,6,8,2,10,0,3,11,4,4,4,0,5,9,7,10,9,11,8,8,0,9,0,10,6,9,6,11,10,0,6,5,3,10,8,11,4,5,5,2,5,11,0,9,0,0,2,9,5,5,6,5,6,11,11,2,11,3,4,5,3,5,5,11,11,9,3,10,3,9,9,10,3,3,7,4,7,9,10,11,5,10,4,7,8,5,11,8,10,9,3,11,5,7,4,7,5,5,8,8,2,10,3,0,9,8
6,0,0,0,0,2,4,8,5,7,4,11,11,3,10,8,4,8,4,5,11,2,10,10,3,9,11,6,6,8,9,9,6,6,10,10,0,6,3,2,8,8,2,6,9,7,9,3,11,2,4,0,5,5,5,2,6,10,8,11,10,0,9,9,2,10,2,11,7,10,7,0,11,2,7,6,4,11,9,0,5,6,6,3,6,0,2,10,2,2,3,10,6,6,7,6,7,0,0,3,0,4,5,6,4,6,6,0,0,10,4,11,4,10,10,11,4,4,8,5,8,10,11,0,6,11,5,8,9,6,0,9,11,10,4,0,6,8,5,8,6,6,9,9,3,11,4,2,10,9
7,2,2,2,2,3,5,9,6,8,5,0,0,4,11,9,5,9,5,6,0,3,11,11,4,10,0,7,7,9,10,10,7,7,11,11,2,7,4,3,9,9,3,7,10,8,10,4,0,3,5,2,6,6,6,3,7,11,9,0,11,2,10,10,3,11,3,0,8,11,8,2,0,3,8,7,5,0,10,2,6,7,7,4,7,2,3,11,3,3,4,11,7,7,8,7,8,2,2,4,2,5,6,7,5,7,7,2,2,11,5,0,5,11,11,0,5,5,9,6,9,11,0,2,7,0,6,9,10,7,2,10,0,11,5,2,7,9,6,9,7,7,10,10,4,0,5,3,11,10
8,3,3,3,3,4,6,10,7,9,6,2,2,5,0,10,6,10,6,7,2,4,0,0,5,11,2,8,8,10,11,11,8,8,0,0,3,8,5,4,10,10,4,8,11,9,11,5,2,4,6,3,7,7,7,4,8,0,10,2,0,3,11,11,4,0,4,2,9,0,9,3,2,4,9,8,6,2,11,3,7,8,8,5,8,3,4,0,4,4,5,0,8,8,9,8,9,3,3,5,3,6,7,8,6,8,8,3,3,0,6,2,6,0,0,2,6,6,10,7,10,0,2,3,8,2,7,10,11,8,3,11,2,0,6,3,8,10,7,10,8,8,11,11,5,2,6,4,0,11
9,4,4,4,4,5,7,11,8,10,7,3,3,6,2,11,7,11,7,8,3,5,2,2,6,0,3,9,9,11,0,0,9,9,2,2,4,9,6,5,11,11,5,9,0,10,0,6,3,5,7,4,8,8,8,5,9,2,11,3,2,4,0,0,5,2,5,3,10,2,10,4,3,5,10,9,7,3,0,4,8,9,9,6,9,4,5,2,5,5,6,2,9,9,10,9,10,4,4,6,4,7,8,9,7,9,9,4,4,2,7,3,7,2,2,3,7,7,11,8,11,2,3,4,9,3,8,11,0,9,4,0,3,2,7,4,9,11,8,11,9,9,0,0,6,3,7,5,2,0
10,5,5,5,5,6,8,0,9,11,8,4,4,7,3,0,8,0,8,9,4,6,3,3,7,2,4,10,10,0,2,2,10,10,3,3,5,10,7,6,0,0,6,10,2,11,2,7,4,6,8,5,9,9,9,6,10,3,0,4,3,5,2,2,6,3,6,4,11,3,11,5,4,6,11,10,8,4,2,5,9,10,10,7,10,5,6,3,6,6,7,3,10,10,11,10,11,5,5,7,5,8,9,10,8,10,10,5,5,3,8,4,8,3,3,4,8,8,0,9,0,3,4,5,10,4,9,0,2,10,5,2,4,3,8,5,10,0,9,0,10,10,2,2,7,4,8,6,3,2
11,6,6,6,6,7,9,2,10,0,9,5,5,8,4,2,9,2,9,10,5,7,4,4,8,3,5,11,11,2,3,3,11,11,4,4,6,11,8,7,2,2,7,11,3,0,3,8,5,7,9,6,10,10,10,7,11,4,2,5,4,6,3,3,7,4,7,5,0,4,0,6,5,7,0,11,9,5,3,6,10,11,11,8,11,6,7,4,7,7,8,4,11,11,0,11,0,6,6,8,6,9,10,11,9,11,11,6,6,4,9,5,9,4,4,5,9,9,2,10,2,4,5,6,11,5,10,2,3,11,6,3,5,4,9,6,11,2,10,2,11,11,3,3,8,5,9,7,4,3
0,7,7,7,7,8,10,3,11,2,10,6,6,9,5,3,10,3,10,11,6,8,5,5,9,4,6,0,0,3,4,4,0,0,5,5,7,0,9,8,3,3,8,0,4,2,4,9,6,8,10,7,11,11,11,8,0,5,3,6,5,7,4,4,8,5,8,6,2,5,2,7,6,8,2,0,10,6,4,7,11,0,0,9,0,7,8,5,8,8,9,5,0,0,2,0,2,7,7,9,7,10,11,0,10,0,0,7,7,5,10,6,10,5,5,6,10,10,3,11,3,5,6,7,0,6,11,3,4,0,7,4,6,5,10,7,0,3,11,3,0,0,4,4,9,6,10,8,5,4
2,8,8,8,8,9,11,4,0,3,11,7,7,10,6,4,11,4,11,0,7,9,6,6,10,5,7,2,2,4,5,5,2,2,6,6,8,2,10,9,4,4,9,2,5,3,5,10,7,9,11,8,0,0,0,9,2,6,4,7,6,8,5,5,9,6,9,7,3,6,3,8,7,9,3,2,11,7,5,8,0,2,2,10,2,8,9,6,9,9,10,6,2,2,3,2,3,8,8,10,8,11,0,2,11,2,2,8,8,6,11,7,11,6,6,7,11,11,4,0,4,6,7,8,2,7,0,4,5,2,8,5,7,6,11,8,2,4,0,4,2,2,5,5,10,7,11,9,6,5
3,9,9,9,9,10,0,5,2,4,0,8,8,11,7,5,0,5,0,2,8,10,7,7,11,6,8,3,3,5,6,6,3,3,7,7,9,3,11,10,5,5,10,3,6,4,6,11,8,10,0,9,2,2,2,10,3,7,5,8,7,9,6,6,10,7,10,8,4,7,4,9,8,10,4,3,0,8,6,9,2,3,3,11,3,9,10,7,10,10,11,7,3,3,4,3,4,9,9,11,9,0,2,3,0,3,3,9,9,7,0,8,0,7,7,8,0,0,5,2,5,7,8,9,3,8,2,5,6,3,9,6,8,7,0,9,3,5,2,5,3,3,6,6,11,8,0,10,7,6
4,10,10,10,10,11,2,6,3,5,2,9,9,0,8,6,2,6,2,3,9,11,8,8,0,7,9,4,4,6,7,7,4,4,8,8,10,4,0,11,6,6,11,4,7,5,7,0,9,11,2,10,3,3,3,11,4,8,6,9,8,10,7,7,11,8,11,9,5,8,5,10,9,11,5,4,2,9,7,10,3,4,4,0,4,10,11,8,11,11,0,8,4,4,5,4,5,10,10,0,10,2,3,4,2,4,4,10,10,8,2,9,2,8,8,9,2,2,6,3,6,8,9,10,4,9,3,6,7,4,10,7,9,8,2,10,4,6,3,6,4,4,7,7,0,9,2,11,8,7
5,11,11,11,11,0,3,7,4,6,3,10,10,2,9,7,3,7,3,4,10,0,9,9,2,8,10,5,5,7,8,8,5,5,9,9,11,5,2,0,7,7,0,5,8,6,8,2,10,0,3,11,4,4,4,0,5,9,7,10,9,11,8,8,0,9,0,10,6,9,6,11,10,0,6,5,3,10,8,11,4,5,5,2,5,11,0,9,0,0,2,9,5,5,6,5,6,11,11,2,11,3,4,5,3,5,5,11,11,9,3,10,3,9,9,10,3,3,7,4,7,9,10,11,5,10,4,7,8,5,11,8,10,9,3,11,5,7,4,7,5,5,8,8,2,10,3,0,9,8
6,0,0,0,0,2,4,8,5,7,4,11,11,3,10,8,4,8,4,5,11,2,10,10,3,9,11,6,6,8,9,9,6,6,10,10,0,6,3,2,8,8,2,6,9,7,9,3,11,2,4,0,5,5,5,2,6,10,8,11,10,0,9,9,2,10,2,11,7,10,7,0,11,2,7,6,4,11,9,0,5,6,6,3,6,0,2,10,2,2,3,10,6,6,7,6,7,0,0,3,0,4,5,6,4,6,6,0,0,10,4,11,4,10,10,11,4,4,8,5,8,10,11,0,6,11,5,8,9,6,0,9,11,10,4,0,6,8,5,8,6,6,9,9,3,11,4,2,10,9
7,2,2,2,2,3,5,9,6,8,5,0,0,4,11,9,5,9,5,6,0,3,11,11,4,10,0,7,7,9,10,10,7,7,11,11,2,7,4,3,9,9,3,7,10,8,10,4,0,3,5,2,6,6,6,3,7,11,9,0,11,2,10,10,3,11,3,0,8,11,8,2,0,3,8,7,5,0,10,2,6,7,7,4,7,2,3,11,3,3,4,11,7,7,8,7,8,2,2,4,2,5,6,7,5,7,7,2,2,11,5,0,5,11,11,0,5,5,9,6,9,11,0,2,7,0,6,9,10,7,2,10,0,11,5,2,7,9,6,9,7,7,10,10,4,0,5,3,11,10
8,3,3,3,3,4,6,10,7,9,6,2,2,5,0,10,6,10,6,7,2,4,0,0,5,11,2,8,8,10,11,11,8,8,0,0,3,8,5,4,10,10,4,8,11,9,11,5,2,4,6,3,7,7,7,4,8,0,10,2,0,3,11,11,4,0,4,2,9,0,9,3,2,4,9,8,6,2,11,3,7,8,8,5,8,3,4,0,4,4,5,0,8,8,9,8,9,3,3,5,3,6,7,8,6,8,8,3,3,0,6,2,6,0,0,2,6,6,10,7,10,0,2,3,8,2,7,10,11,8,3,11,2,0,6,3,8,10,7,10,8,8,11,11,5,2,6,4,0,11
9,4,4,4,4,5,7,11,8,10,7,3,3,6,2,11,7,11,7,8,3,5,2,2,6,0,3,9,9,11,0,0,9,9,2,2,4,9,6,5,11,11,5,9,0,10,0,6,3,5,7,4,8,8,8,5,9,2,11,3,2,4,0,0,5,2,5,3,10,2,10,4,3,5,10,9,7,3,0,4,8,9,9,6,9,4,5,2,5,5,6,2,9,9,10,9,10,4,4,6,4,7,8,9,7,9,9,4,4,2,7,3,7,2,2,3,7,7,11,8,11,2,3,4,9,3,8,11,0,9,4,0,3,2,7,4,9,11,8,11,9,9,0,0,6,3,7,5,2,0
10,5,5,5,5,6,8,0,9,11,8,4,4,7,3,0,8,0,8,9,4,6,3,3,7,2,4,10,10,0,2,2,10,10,3,3,5,10,7,6,0,0,6,10,2,11,2,7,4,6,8,5,9,9,9,6,10,3,0,4,3,5,2,2,6,3,6,4,11,3,11,5,4,6,11,10,8,4,2,5,9,10,10,7,10,5,6,3,6,6,7,3,10,10,11,10,11,5,5,7,5,8,9,10,8,10,10,5,5,3,8,4,8,3,3,4,8,8,0,9,0,3,4,5,10,4,9,0,2,10,5,2,4,3,8,5,10,0,9,0,10,10,2,2,7,4,8,6,3,2
11,6,6,6,6,7,9,2,10,0,9,5,5,8,4,2,9,2,9,10,5,7,4,4,8,3,5,11,11,2,3,3,11,11,4,4,6,11,8,7,2,2,7,11,3,0,3,8,5,7,9,6,10,10,10,7,11,4,2,5,4,6,3,3,7,4,7,5,0,4,0,6,5,7,0,11,9,5,3,6,10,11,11,8,11,6,7,4,7,7,8,4,11,11,0,11,0,6,6,8,6,9,10,11,9,11,11,6,6,4,9,5,9,4,4,5,9,9,2,10,2,4,5,6,11,5,10,2,3,11,6,3,5,4,9,6,11,2,10,2,11,11,3,3,8,5,9,7,4,3
0,7,7,7,7,8,10,3,11,2,10,6,6,9,5,3,10,3,10,11,6,8,5,5,9,4,6,0,0,3,4,4,0,0,5,5,7,0,9,8,3,3,8,0,4,2,4,9,6,8,10,7,11,11,11,8,0,5,3,6,5,7,4,4,8,5,8,6,2,5,2,7,6,8,2,0,10,6,4,7,11,0,0,9,0,7,8,5,8,8,9,5,0,0,2,0,2,7,7,9,7,10,11,0,10,0,0,7,7,5,10,6,10,5,5,6,10,10,3,11,3,5,6,7,0,6,11,3,4,0,7,4,6,5,10,7,0,3,11,3,0,0,4,4,9,6,10,8,5,4
2,8,8,8,8,9,11,4,0,3,11,7,7,10,6,4,11,4,11,0,7,9,6,6,10,5,7,2,2,4,5,5,2,2,6,6,8,2,10,9,4,4,9,2,5,3,5,10,7,9,11,8,0,0,0,9,2,6,4,7,6,8,5,5,9,6,9,7,3,6,3,8,7,9,3,2,11,7,5,8,0,2,2,10,2,8,9,6,9,9,10,6,2,2,3,2,3,8,8,10,8,11,0,2,11,2,2,8,8,6,11,7,11,6,6,7,11,11,4,0,4,6,7,8,2,7,0,4,5,2,8,5,7,6,11,8,2,4,0,4,2,2,5,5,10,7,11,9,6,5
3,9,9,9,9,10,0,5,2,4,0,8,8,11,7,5,0,5,0,2,8,10,7,7,11,6,8,3,3,5,6,6,3,3,7,7,9,3,11,10,5,5,10,3,6,4,6,11,8,10,0,9,2,2,2,10,3,7,5,8,7,9,6,6,10,7,10,8,4,7,4,9,8,10,4,3,0,8,6,9,2,3,3,11,3,9,10,7,10,10,11,7,3,3,4,3,4,9,9,11,9,0,2,3,0,3,3,9,9,7,0,8,0,7,7,8,0,0,5,2,5,7,8,9,3,8,2,5,6,3,9,6,8,7,0,9,3,5,2,5,3,3,6,6,11,8,0,10,7,6
4,10,10,10,10,11,2,6,3,5,2,9,9,0,8,6,2,6,2,3,9,11,8,8,0,7,9,4,4,6,7,7,4,4,8,8,10,4,0,11,6,6,11,4,7,5,7,0,9,11,2,10,3,3,3,11,4,8,6,9,8,10,7,7,11,8,11,9,5,8,5,10,9,11,5,4,2,9,7,10,3,4,4,0,4,10,11,8,11,11,0,8,4,4,5,4,5,10,10,0,10,2,3,4,2,4,4,10,10,8,2,9,2,8,8,9,2,2,6,3,6,8,9,10,4,9,3,6,7,4,10,7,9,8,2,10,4,6,3,6,4,4,7,7,0,9,2,11,8,7
5,11,11,11,11,0,3,7,4,6,3,10,10,2,9,7,3,7,3,4,10,0,9,9,2,8,10,5,5,7,8,8,5,5,9,9,11,5,2,0,7,7,0,5,8,6,8,2,10,0,3,11,4,4,4,0,5,9,7,10,9,11,8,8,0,9,0,10,6,9,6,11,10,0,6,5,3,10,8,11,4,5,5,2,5,11,0,9,0,0,2,9,5,5,6,5,6,11,11,2,11,3,4,5,3,5,5,11,11,9,3,10,3,9,9,10,3,3,7,4,7,9,10,11,5,10,4,7,8,5,11,8,10,9,3,11,5,7,4,7,5,5,8,8,2,10,3,0,9,8
6,0,0,0,0,2,4,8,5,7,4,11,11,3,10,8,4,8,4,5,11,2,10,10,3,9,11,6,6,8,9,9,6,6,10,10,0,6,3,2,8,8,2,6,9,7,9,3,11,2,4,0,5,5,5,2,6,10,8,11,10,0,9,9,2,10,2,11,7,10,7,0,11,2,7,6,4,11,9,0,5,6,6,3,6,0,2,10,2,2,3,10,6,6,7,6,7,0,0,3,0,4,5,6,4,6,6,0,0,10,4,11,4,10,10,11,4,4,8,5,8,10,11,0,6,11,5,8,9,6,0,9,11,10,4,0,6,8,5,8,6,6,9,9,3,11,4,2,10,9
7,2,2,2,2,3,5,9,6,8,5,0,0,4,11,9,5,9,5,6,0,3,11,11,4,10,0,7,7,9,10,10,7,7,11,11,2,7,4,3,9,9,3,7,10,8,10,4,0,3,5,2,6,6,6,3,7,11,9,0,11,2,10,10,3,11,3,0,8,11,8,2,0,3,8,7,5,0,10,2,6,7,7,4,7,2,3,11,3,3,4,11,7,7,8,7,8,2,2,4,2,5,6,7,5,7,7,2,2,11,5,0,5,11,11,0,5,5,9,6,9,11,0,2,7,0,6,9,10,7,2,10,0,11,5,2,7,9,6,9,7,7,10,10,4,0,5,3,11,10
8,3,3,3,3,4,6,10,7,9,6,2,2,5,0,10,6,10,6,7,2,4,0,0,5,11,2,8,8,10,11,11,8,8,0,0,3,8,5,4,10,10,4,8,11,9,11,5,2,4,6,3,7,7,7,4,8,0,10,2,0,3,11,11,4,0,4,2,9,0,9,3,2,4,9,8,6,2,11,3,7,8,8,5,8,3,4,0,4,4,5,0,8,8,9,8,9,3,3,5,3,6,7,8,6,8,8,3,3,0,6,2,6,0,0,2,6,6,10,7,10,0,2,3,8,2,7,10,11,8,3,11,2,0,6,3,8,10,7,10,8,8,11,11,5,2,6,4,0,11
9,4,4,4,4,5,7,11,8,10,7,3,3,6,2,11,7,11,7,8,3,5,2,2,6,0,3,9,9,11,0,0,9,9,2,2,4,9,6,5,11,11,5,9,0,10,0,6,3,5,7,4,8,8,8,5,9,2,11,3,2,4,0,0,5,2,5,3,10,2,10,4,3,5,10,9,7,3,0,4,8,9,9,6,9,4,5,2,5,5,6,2,9,9,10,9,10,4,4,6,4,7,8,9,7,9,9,4,4,2,7,3,7,2,2,3,7,7,11,8,11,2,3,4,9,3,8,11,0,9,4,0,3,2,7,4,9,11,8,11,9,9,0,0,6,3,7,5,2,0
10,5,5,5,5,6,8,0,9,11,8,4,4,7,3,0,8,0,8,9,4,6,3,3,7,2,4,10,10,0,2,2,10,10,3,3,5,10,7,6,0,0,6,10,2,11,2,7,4,6,8,5,9,9,9,6,10,3,0,4,3,5,2,2,6,3,6,4,11,3,11,5,4,6,11,10,8,4,2,5,9,10,10,7,10,5,6,3,6,6,7,3,10,10,11,10,11,5,5,7,5,8,9,10,8,10,10,5,5,3,8,4,8,3,3,4,8,8,0,9,0,3,4,5,10,4,9,0,2,10,5,2,4,3,8,5,10,0,9,0,10,10,2,2,7,4,8,6,3,2
11,6,6,6,6,7,9,2,10,0,9,5,5,8,4,2,9,2,9,10,5,7,4,4,8,3,5,11,11,2,3,3,11,11,4,4,6,11,8,7,2,2,7,11,3,0,3,8,5,7,9,6,10,10,10,7,11,4,2,5,4,6,3,3,7,4,7,5,0,4,0,6,5,7,0,11,9,5,3,6,10,11,11,8,11,6,7,4,7,7,8,4,11,11,0,11,0,6,6,8,6,9,10,11,9,11,11,6,6,4,9,5,9,4,4,5,9,9,2,10,2,4,5,6,11,5,10,2,3,11,6,3,5,4,9,6,11,2,10,2,11,11,3,3,8,5,9,7,4,3
0,7,7,7,7,8,10,3,11,2,10,6,6,9,5,3,10,3,10,11,6,8,5,5,9,4,6,0,0,3,4,4,0,0,5,5,7,0,9,8,3,3,8,0,4,2,4,9,6,8,10,7,11,11,11,8,0,5,3,6,5,7,4,4,8,5,8,6,2,5,2,7,6,8,2,0,10,6,4,7,11,0,0,9,0,7,8,5,8,8,9,5,0,0,2,0,2,7,7,9,7,10,11,0,10,0,0,7,7,5,10,6,10,5,5,6,10,10,3,11,3,5,6,7,0,6,11,3,4,0,7,4,6,5,10,7,0,3,11,3,0,0,4,4,9,6,10,8,5,4
2,8,8,8,8,9,11,4,0,3,11,7,7,10,6,4,11,4,11,0,7,9,6,6,10,5,7,2,2,4,5,5,2,2,6,6,8,2,10,9,4,4,9,2,5,3,5,10,7,9,11,8,0,0,0,9,2,6,4,7,6,8,5,5,9,6,9,7,3,6,3,8,7,9,3,2,11,7,5,8,0,2,2,10,2,8,9,6,9,9,10,6,2,2,3,2,3,8,8,10,8,11,0,2,11,2,2,8,8,6,11,7,11,6,6,7,11,11,4,0,4,6,7,8,2,7,0,4,5,2,8,5,7,6,11,8,2,4,0,4,2,2,5,5,10,7,11,9,6,5
3,9,9,9,9,10,0,5,2,4,0,8,8,11,7,5,0,5,0,2,8,10,7,7,11,6,8,3,3,5,6,6,3,3,7,7,9,3,11,10,5,5,10,3,6,4,6,11,8,10,0,9,2,2,2,10,3,7,5,8,7,9,6,6,10,7,10,8,4,7,4,9,8,10,4,3,0,8,6,9,2,3,3,11,3,9,10,7,10,10,11,7,3,3,4,3,4,9,9,11,9,0,2,3,0,3,3,9,9,7,0,8,0,7,7,8,0,0,5,2,5,7,8,9,3,8,2,5,6,3,9,6,8,7,0,9,3,5,2,5,3,3,6,6,11,8,0,10,7,6
4,10,10,10,10,11,2,6,3,5,2,9,9,0,8,6,2,6,2,3,9,11,8,8,0,7,9,4,4,6,7,7,4,4,8,8,10,4,0,11,6,6,11,4,7,5,7,0,9,11,2,10,3,3,3,11,4,8,6,9,8,10,7,7,11,8,11,9,5,8,5,10,9,11,5,4,2,9,7,10,3,4,4,0,4,10,11,8,11,11,0,8,4,4,5,4,5,10,10,0,10,2,3,4,2,4,4,10,10,8,2,9,2,8,8,9,2,2,6,3,6,8,9,10,4,9,3,6,7,4,10,7,9,8,2,10,4,6,3,6,4,4,7,7,0,9,2,11,8,7
5,11,11,11,11,0,3,7,4,6,3,10,10,2,9,7,3,7,3,4,10,0,9,9,2,8,10,5,5,7,8,8,5,5,9,9,11,5,2,0,7,7,0,5,8,6,8,2,10,0,3,11,4,4,4,0,5,9,7,10,9,11,8,8,0,9,0,10,6,9,6,11,10,0,6,5,3,10,8,11,4,5,5,2,5,11,0,9,0,0,2,9,5,5,6,5,6,11,11,2,11,3,4,5,3,5,5,11,11,9,3,10,3,9,9,10,3,3,7,4,7,9,10,11,5,10,4,7,8,5,11,8,10,9,3,11,5,7,4,7,5,5,8,8,2,10,3,0,9,8
6,0,0,0,0,2,4,8,5,7,4,11,11,3,10,8,4,8,4,5,11,2,10,10,3,9,11,6,6,8,9,9,6,6,10,10,0,6,3,2,8,8,2,6,9,7,9,3,11,2,4,0,5,5,5,2,6,10,8,11,10,0,9,9,2,10,2,11,7,10,7,0,11,2,7,6,4,11,9,0,5,6,6,3,6,0,2,10,2,2,3,10,6,6,7,6,7,0,0,3,0,4,5,6,4,6,6,0,0,10,4,11,4,10,10,11,4,4,8,5,8,10,11,0,6,11,5,8,9,6,0,9,11,10,4,0,6,8,5,8,6,6,9,9,3,11,4,2,10,9
7,2,2,2,2,3,5,9,6,8,5,0,0,4,11,9,5,9,5,6,0,3,11,11,4,10,0,7,7,9,10,10,7,7,11,11,2,7,4,3,9,9,3,7,10,8,10,4,0,3,5,2,6,6,6,3,7,11,9,0,11,2,10,10,3,11,3,0,8,11,8,2,0,3,8,7,5,0,10,2,6,7,7,4,7,2,3,11,3,3,4,11,7,7,8,7,8,2,2,4,2,5,6,7,5,7,7,2,2,11,5,0,5,11,11,0,5,5,9,6,9,11,0,2,7,0,6,9,10,7,2,10,0,11,5,2,7,9,6,9,7,7,10,10,4,0,5,3,11,10
8,3,3,3,3,4,6,10,7,9,6,2,2,5,0,10,6,10,6,7,2,4,0,0,5,11,2,8,8,10,11,11,8,8,0,0,3,8,5,4,10,10,4,8,11,9,11,5,2,4,6,3,7,7,7,4,8,0,10,2,0,3,11,11,4,0,4,2,9,0,9,3,2,4,9,8,6,2,11,3,7,8,8,5,8,3,4,0,4,4,5,0,8,8,9,8,9,3,3,5,3,6,7,8,6,8,8,3,3,0,6,2,6,0,0,2,6,6,10,7,10,0,2,3,8,2,7,10,11,8,3,11,2,0,6,3,8,10,7,10,8,8,11,11,5,2,6,4,0,11
9,4,4,4,4,5,7,11,8,10,7,3,3,6,2,11,7,11,7,8,3,5,2,2,6,0,3,9,9,11,0,0,9,9,2,2,4,9,6,5,11,11,5,9,0,10,0,6,3,5,7,4,8,8,8,5,9,2,11,3,2,4,0,0,5,2,5,3,10,2,10,4,3,5,10,9,7,3,0,4,8,9,9,6,9,4,5,2,5,5,6,2,9,9,10,9,10,4,4,6,4,7,8,9,7,9,9,4,4,2,7,3,7,2,2,3,7,7,11,8,11,2,3,4,9,3,8,11,0,9,4,0,3,2,7,4,9,11,8,11,9,9,0,0,6,3,7,5,2,0
10,5,5,5,5,6,8,0,9,11,8,4,4,7,3,0,8,0,8,9,4,6,3,3,7,2,4,10,10,0,2,2,10,10,3,3,5,10,7,6,0,0,6,10,2,11,2,7,4,6,8,5,9,9,9,6,10,3,0,4,3,5,2,2,6,3,6,4,11,3,11,5,4,6,11,10,8,4,2,5,9,10,10,7,10,5,6,3,6,6,7,3,10,10,11,10,11,5,5,7,5,8,9,10,8,10,10,5,5,3,8,4,8,3,3,4,8,8,0,9,0,3,4,5,10,4,9,0,2,10,5,2,4,3,8,5,10,0,9,0,10,10,2,2,7,4,8,6,3,2
11,6,6,6,6,7,9,2,10,0,9,5,5,8,4,2,9,2,9,10,5,7,4,4,8,3,5,11,11,2,3,3,11,11,4,4,6,11,8,7,2,2,7,11,3,0,3,8,5,7,9,6,10,10,10,7,11,4,2,5,4,6,3,3,7,4,7,5,0,4,0,6,5,7,0,11,9,5,3,6,10,11,11,8,11,6,7,4,7,7,8,4,11,11,0,11,0,6,6,8,6,9,10,11,9,11,11,6,6,4,9,5,9,4,4,5,9,9,2,10,2,4,5,6,11,5,10,2,3,11,6,3,5,4,9,6,11,2,10,2,11,11,3,3,8,5,9,7,4,3
0,7,7,7,7,8,10,3,11,2,10,6,6,9,5,3,10,3,10,11,6,8,5,5,9,4,6,0,0,3,4,4,0,0,5,5,7,0,9,8,3,3,8,0,4,2,4,9,6,8,10,7,11,11,11,8,0,5,3,6,5,7,4,4,8,5,8,6,2,5,2,7,6,8,2,0,10,6,4,7,11,0,0,9,0,7,8,5,8,8,9,5,0,0,2,0,2,7,7,9,7,10,11,0,10,0,0,7,7,5,10,6,10,5,5,6,10,10,3,11,3,5,6,7,0,6,11,3,4,0,7,4,6,5,10,7,0,3,11,3,0,0,4,4,9,6,10,8,5,4
2,8,8,8,8,9,11,4,0,3,11,7,7,10,6,4,11,4,11,0,7,9,6,6,10,5,7,2,2,4,5,5,2,2,6,6,8,2,10,9,4,4,9,2,5,3,5,10,7,9,11,8,0,0,0,9,2,6,4,7,6,8,5,5,9,6,9,7,3,6,3,8,7,9,3,2,11,7,5,8,0,2,2,10,2,8,9,6,9,9,10,6,2,2,3,2,3,8,8,10,8,11,0,2,11,2,2,8,8,6,11,7,11,6,6,7,11,11,4,0,4,6,7,8,2,7,0,4,5,2,8,5,7,6,11,8,2,4,0,4,2,2,5,5,10,7,11,9,6,5
3,9,9,9,9,10,0,5,2,4,0,8,8,11,7,5,0,5,0,2,8,10,7,7,11,6,8,3,3,5,6,6,3,3,7,7,9,3,11,10,5,5,10,3,6,4,6,11,8,10,0,9,2,2,2,10,3,7,5,8,7,9,6,6,10,7,10,8,4,7,4,9,8,10,4,3,0,8,6,9,2,3,3,11,3,9,10,7,10,10,11,7,3,3,4,3,4,9,9,11,9,0,2,3,0,3,3,9,9,7,0,8,0,7,7,8,0,0,5,2,5,7,8,9,3,8,2,5,6,3,9,6,8,7,0,9,3,5,2,5,3,3,6,6,11,8,0,10,7,6
4,10,10,10,10,11,2,6,3,5,2,9,9,0,8,6,2,6,2,3,9,11,8,8,0,7,9,4,4,6,7,7,4,4,8,8,10,4,0,11,6,6,11,4,7,5,7,0,9,11,2,10,3,3,3,11,4,8,6,9,8,10,7,7,11,8,11,9,5,8,5,10,9,11,5,4,2,9,7,10,3,4,4,0,4,10,11,8,11,11,0,8,4,4,5,4,5,10,10,0,10,2,3,4,2,4,4,10,10,8,2,9,2,8,8,9,2,2,6,3,6,8,9,10,4,9,3,6,7,4,10,7,9,8,2,10,4,6,3,6,4,4,7,7,0,9,2,11,8,7
5,11,11,11,11,0,3,7,4,6,3,10,10,2,9,7,3,7,3,4,10,0,9,9,2,8,10,5,5,7,8,8,5,5,9,9,11,5,2,0,7,7,0,5,8,6,8,2,10,0,3,11,4,4,4,0,5,9,7,10,9,11,8,8,0,9,0,10,6,9,6,11,10,0,6,5,3,10,8,11,4,5,5,2,5,11,0,9,0,0,2,9,5,5,6,5,6,11,11,2,11,3,4,5,3,5,5,11,11,9,3,10,3,9,9,10,3,3,7,4,7,9,10,11,5,10,4,7,8,5,11,8,10,9,3,11,5,7,4,7,5,5,8,8,2,10,3,0,9,8
6,0,0,0,0,2,4,8,5,7,4,11,11,3,10,8,4,8,4,5,11,2,10,10,3,9,11,6,6,8,9,9,6,6,10,10,0,6,3,2,8,8,2,6,9,7,9,3,11,2,4,0,5,5,5,2,6,10,8,11,10,0,9,9,2,10,2,11,7,10,7,0,11,2,7,6,4,11,9,0,5,6,6,3,6,0,2,10,2,2,3,10,6,6,7,6,7,0,0,3,0,4,5,6,4,6,6,0,0,10,4,11,4,10,10,11,4,4,8,5,8,10,11,0,6,11,5,8,9,6,0,9,11,10,4,0,6,8,5,8,6,6,9,9,3,11,4,2,10,9
7,2,2,2,2,3,5,9,6,8,5,0,0,4,11,9,5,9,5,6,0,3,11,11,4,10,0,7,7,9,10,10,7,7,11,11,2,7,4,3,9,9,3,7,10,8,10,4,0,3,5,2,6,6,6,3,7,11,9,0,11,2,10,10,3,11,3,0,8,11,8,2,0,3,8,7,5,0,10,2,6,7,7,4,7,2,3,11,3,3,4,11,7,7,8,7,8,2,2,4,2,5,6,7,5,7,7,2,2,11,5,0,5,11,11,0,5,5,9,6,9,11,0,2,7,0,6,9,10,7,2,10,0,11,5,2,7,9,6,9,7,7,10,10,4,0,5,3,11,10
8,3,3,3,3,4,6,10,7,9,6,2,2,5,0,10,6,10,6,7,2,4,0,0,5,11,2,8,8,10,11,11,8,8,0,0,3,8,5,4,10,10,4,8,11,9,11,5,2,4,6,3,7,7,7,4,8,0,10,2,0,3,11,11,4,0,4,2,9,0,9,3,2,4,9,8,6,2,11,3,7,8,8,5,8,3,4,0,4,4,5,0,8,8,9,8,9,3,3,5,3,6,7,8,6,8,8,3,3,0,6,2,6,0,0,2,6,6,10,7,10,0,2,3,8,2,7,10,11,8,3,11,2,0,6,3,8,10,7,10,8,8,11,11,5,2,6,4,0,11
9,4,4,4,4,5,7,11,8,10,7,3,3,6,2,11,7,11,7,8,3,5,2,2,6,0,3,9,9,11,0,0,9,9,2,2,4,9,6,5,11,11,5,9,0,10,0,6,3,5,7,4,8,8,8,5,9,2,11,3,2,4,0,0,5,2,5,3,10,2,10,4,3,5,10,9,7,3,0,4,8,9,9,6,9,4,5,2,5,5,6,2,9,9,10,9,10,4,4,6,4,7,8,9,7,9,9,4,4,2,7,3,7,2,2,3,7,7,11,8,11,2,3,4,9,3,8,11,0,9,4,0,3,2,7,4,9,11,8,11,9,9,0,0,6,3,7,5,2,0
10,5,5,5,5,6,8,0,9,11,8,4,4,7,3,0,8,0,8,9,4,6,3,3,7,2,4,10,10,0,2,2,10,10,3,3,5,10,7,6,0,0,6,10,2,11,2,7,4,6,8,5,9,9,9,6,10,3,0,4,3,5,2,2,6,3,6,4,11,3,11,5,4,6,11,10,8,4,2,5,9,10,10,7,10,5,6,3,6,6,7,3,10,10,11,10,11,5,5,7,5,8,9,10,8,10,10,5,5,3,8,4,8,3,3,4,8,8,0,9,0,3,4,5,10,4,9,0,2,10,5,2,4,3,8,5,10,0,9,0,10,10,2,2,7,4,8,6,3,2
11,6,6,6,6,7,9,2,10,0,9,5,5,8,4,2,9,2,9,10,5,7,4,4,8,3,5,11,11,2,3,3,11,11,4,4,6,11,8,7,2,2,7,11,3,0,3,8,5,7,9,6,10,10,10,7,11,4,2,5,4,6,3,3,7,4,7,5,0,4,0,6,5,7,0,11,9,5,3,6,10,11,11,8,11,6,7,4,7,7,8,4,11,11,0,11,0,6,6,8,6,9,10,11,9,11,11,6,6,4,9,5,9,4,4,5,9,9,2,10,2,4,5,6,11,5,10,2,3,11,6,3,5,4,9,6,11,2,10,2,11,11,3,3,8,5,9,7,4,3
0,7,7,7,7,8,10,3,11,2,10,6,6,9,5,3,10,3,10,11,6,8,5,5,9,4,6,0,0,3,4,4,0,0,5,5,7,0,9,8,3,3,8,0,4,2,4,9,6,8,10,7,11,11,11,8,0,5,3,6,5,7,4,4,8,5,8,6,2,5,2,7,6,8,2,0,10,6,4,7,11,0,0,9,0,7,8,5,8,8,9,5,0,0,2,0,2,7,7,9,7,10,11,0,10,0,0,7,7,5,10,6,10,5,5,6,10,10,3,11,3,5,6,7,0,6,11,3,4,0,7,4,6,5,10,7,0,3,11,3,0,0,4,4,9,6,10,8,5,4
2,8,8,8,8,9,11,4,0,3,11,7,7,10,6,4,11,4,11,0,7,9,6,6,10,5,7,2,2,4,5,5,2,2,6,6,8,2,10,9,4,4,9,2,5,3,5,10,7,9,11,8,0,0,0,9,2,6,4,7,6,8,5,5,9,6,9,7,3,6,3,8,7,9,3,2,11,7,5,8,0,2,2,10,2,8,9,6,9,9,10,6,2,2,3,2,3,8,8,10,8,11,0,2,11,2,2,8,8,6,11,7,11,6,6,7,11,11,4,0,4,6,7,8,2,7,0,4,5,2,8,5,7,6,11,8,2,4,0,4,2,2,5,5,10,7,11,9,6,5
3,9,9,9,9,10,0,5,2,4,0,8,8,11,7,5,0,5,0,2,8,10,7,7,11,6,8,3,3,5,6,6,3,3,7,7,9,3,11,10,5,5,10,3,6,4,6,11,8,10,0,9,2,2,2,10,3,7,5,8,7,9,6,6,10,7,10,8,4,7,4,9,8,10,4,3,0,8,6,9,2,3,3,11,3,9,10,7,10,10,11,7,3,3,4,3,4,9,9,11,9,0,2,3,0,3,3,9,9,7,0,8,0,7,7,8,0,0,5,2,5,7,8,9,3,8,2,5,6,3,9,6,8,7,0,9,3,5,2,5,3,3,6,6,11,8,0,10,7,6
4,10,10,10,10,11,2,6,3,5,2,9,9,0,8,6,2,6,2,3,9,11,8,8,0,7,9,4,4,6,7,7,4,4,8,8,10,4,0,11,6,6,11,4,7,5,7,0,9,11,2,10,3,3,3,11,4,8,6,9,8,10,7,7,11,8,11,9,5,8,5,10,9,11,5,4,2,9,7,10,3,4,4,0,4,10,11,8,11,11,0,8,4,4,5,4,5,10,10,0,10,2,3,4,2,4,4,10,10,8,2,9,2,8,8,9,2,2,6,3,6,8,9,10,4,9,3,6,7,4,10,7,9,8,2,10,4,6,3,6,4,4,7,7,0,9,2,11,8,7
5,11,11,11,11,0,3,7,4,6,3,10,10,2,9,7,3,7,3,4,10,0,9,9,2,8,10,5,5,7,8,8,5,5,9,9,11,5,2,0,7,7,0,5,8,6,8,2,10,0,3,11,4,4,4,0,5,9,7,10,9,11,8,8,0,9,0,10,6,9,6,11,10,0,6,5,3,10,8,11,4,5,5,2,5,11,0,9,0,0,2,9,5,5,6,5,6,11,11,2,11,3,4,5,3,5,5,11,11,9,3,10,3,9,9,10,3,3,7,4,7,9,10,11,5,10,4,7,8,5,11,8,10,9,3,11,5,7,4,7,5,5,8,8,2,10,3,0,9,8
6,0,0,0,0,2,4,8,5,7,4,11,11,3,10,8,4,8,4,5,11,2,10,10,3,9,11,6,6,8,9,9,6,6,10,10,0,6,3,2,8,8,2,6,9,7,9,3,11,2,4,0,5,5,5,2,6,10,8,11,10,0,9,9,2,10,2,11,7,10,7,0,11,2,7,6,4,11,9,0,5,6,6,3,6,0,2,10,2,2,3,10,6,6,7,6,7,0,0,3,0,4,5,6,4,6,6,0,0,10,4,11,4,10,10,11,4,4,8,5,8,10,11,0,6,11,5,8,9,6,0,9,11,10,4,0,6,8,5,8,6,6,9,9,3,11,4,2,10,9
7,2,2,2,2,3,5,9,6,8,5,0,0,4,11,9,5,9,5,6,0,3,11,11,4,10,0,7,7,9,10,10,7,7,11,11,2,7,4,3,9,9,3,7,10,8,10,4,0,3,5,2,6,6,6,3,7,11,9,0,11,2,10,10,3,11,3,0,8,11,8,2,0,3,8,7,5,0,10,2,6,7,7,4,7,2,3,11,3,3,4,11,7,7,8,7,8,2,2,4,2,5,6,7,5,7,7,2,2,11,5,0,5,11,11,0,5,5,9,6,9,11,0,2,7,0,6,9,10,7,2,10,0,11,5,2,7,9,6,9,7,7,10,10,4,0,5,3,11,10
8,3,3,3,3,4,6,10,7,9,6,2,2,5,0,10,6,10,6,7,2,4,0,0,5,11,2,8,8,10,11,11,8,8,0,0,3,8,5,4,10,10,4,8,11,9,11,5,2,4,6,3,7,7,7,4,8,0,10,2,0,3,11,11,4,0,4,2,9,0,9,3,2,4,9,8,6,2,11,3,7,8,8,5,8,3,4,0,4,4,5,0,8,8,9,8,9,3,3,5,3,6,7,8,6,8,8,3,3,0,6,2,6,0,0,2,6,6,10,7,10,0,2,3,8,2,7,10,11,8,3,11,2,0,6,3,8,10,7,10,8,8,11,11,5,2,6,4,0,11
9,4,4,4,4,5,7,11,8,10,7,3,3,6,2,11,7,11,7,8,3,5,2,2,6,0,3,9,9,11,0,0,9,9,2,2,4,9,6,5,11,11,5,9,0,10,0,6,3,5,7,4,8,8,8,5,9,2,11,3,2,4,0,0,5,2,5,3,10,2,10,4,3,5,10,9,7,3,0,4,8,9,9,6,9,4,5,2,5,5,6,2,9,9,10,9,10,4,4,6,4,7,8,9,7,9,9,4,4,2,7,3,7,2,2,3,7,7,11,8,11,2,3,4,9,3,8,11,0,9,4,0,3,2,7,4,9,11,8,11,9,9,0,0,6,3,7,5,2,0
10,5,5,5,5,6,8,0,9,11,8,4,4,7,3,0,8,0,8,9,4,6,3,3,7,2,4,10,10,0,2,2,10,10,3,3,5,10,7,6,0,0,6,10,2,11,2,7,4,6,8,5,9,9,9,6,10,3,0,4,3,5,2,2,6,3,6,4,11,3,11,5,4,6,11,10,8,4,2,5,9,10,10,7,10,5,6,3,6,6,7,3,10,10,11,10,11,5,5,7,5,8,9,10,8,10,10,5,5,3,8,4,8,3,3,4,8,8,0,9,0,3,4,5,10,4,9,0,2,10,5,2,4,3,8,5,10,0,9,0,10,10,2,2,7,4,8,6,3,2
11,6,6,6,6,7,9,2,10,0,9,5,5,8,4,2,9,2,9,10,5,7,4,4,8,3,5,11,11,2,3,3,11,11,4,4,6,11,8,7,2,2,7,11,3,0,3,8,5,7,9,6,10,10,10,7,11,4,2,5,4,6,3,3,7,4,7,5,0,4,0,6,5,7,0,11,9,5,3,6,10,11,11,8,11,6,7,4,7,7,8,4,11,11,0,11,0,6,6,8,6,9,10,11,9,11,11,6,6,4,9,5,9,4,4,5,9,9,2,10,2,4,5,6,11,5,10,2,3,11,6,3,5,4,9,6,11,2,10,2,11,11,3,3,8,5,9,7,4,3
0,7,7,7,7,8,10,3,11,2,10,6,6,9,5,3,10,3,10,11,6,8,5,5,9,4,6,0,0,3,4,4,0,0,5,5,7,0,9,8,3,3,8,0,4,2,4,9,6,8,10,7,11,11,11,8,0,5,3,6,5,7,4,4,8,5,8,6,2,5,2,7,6,8,2,0,10,6,4,7,11,0,0,9,0,7,8,5,8,8,9,5,0,0,2,0,2,7,7,9,7,10,11,0,10,0,0,7,7,5,10,6,10,5,5,6,10,10,3,11,3,5,6,7,0,6,11,3,4,0,7,4,6,5,10,7,0,3,11,3,0,0,4,4,9,6,10,8,5,4
2,8,8,8,8,9,11,4,0,3,11,7,7,10,6,4,11,4,11,0,7,9,6,6,10,5,7,2,2,4,5,5,2,2,6,6,8,2,10,9,4,4,9,2,5,3,5,10,7,9,11,8,0,0,0,9,2,6,4,7,6,8,5,5,9,6,9,7,3,6,3,8,7,9,3,2,11,7,5,8,0,2,2,10,2,8,9,6,9,9,10,6,2,2,3,2,3,8,8,10,8,11,0,2,11,2,2,8,8,6,11,7,11,6,6,7,11,11,4,0,4,6,7,8,2,7,0,4,5,2,8,5,7,6,11,8,2,4,0,4,2,2,5,5,10,7,11,9,6,5
3,9,9,9,9,10,0,5,2,4,0,8,8,11,7,5,0,5,0,2,8,10,7,7,11,6,8,3,3,5,6,6,3,3,7,7,9,3,11,10,5,5,10,3,6,4,6,11,8,10,0,9,2,2,2,10,3,7,5,8,7,9,6,6,10,7,10,8,4,7,4,9,8,10,4,3,0,8,6,9,2,3,3,11,3,9,10,7,10,10,11,7,3,3,4,3,4,9,9,11,9,0,2,3,0,3,3,9,9,7,0,8,0,7,7,8,0,0,5,2,5,7,8,9,3,8,2,5,6,3,9,6,8,7,0,9,3,5,2,5,3,3,6,6,11,8,0,10,7,6
4,10,10,10,10,11,2,6,3,5,2,9,9,0,8,6,2,6,2,3,9,11,8,8,0,7,9,4,4,6,7,7,4,4,8,8,10,4,0,11,6,6,11,4,7,5,7,0,9,11,2,10,3,3,3,11,4,8,6,9,8,10,7,7,11,8,11,9,5,8,5,10,9,11,5,4,2,9,7,10,3,4,4,0,4,10,11,8,11,11,0,8,4,4,5,4,5,10,10,0,10,2,3,4,2,4,4,10,10,8,2,9,2,8,8,9,2,2,6,3,6,8,9,10,4,9,3,6,7,4,10,7,9,8,2,10,4,6,3,6,4,4,7,7,0,9,2,11,8,7
5,11,11,11,11,0,3,7,4,6,3,10,10,2,9,7,3,7,3,4,10,0,9,9,2,8,10,5,5,7,8,8,5,5,9,9,11,5,2,0,7,7,0,5,8,6,8,2,10,0,3,11,4,4,4,0,5,9,7,10,9,11,8,8,0,9,0,10,6,9,6,11,10,0,6,5,3,10,8,11,4,5,5,2,5,11,0,9,0,0,2,9,5,5,6,5,6,11,11,2,11,3,4,5,3,5,5,11,11,9,3,10,3,9,9,10,3,3,7,4,7,9,10,11,5,10,4,7,8,5,11,8,10,9,3,11,5,7,4,7,5,5,8,8,2,10,3,0,9,8
6,0,0,0,0,2,4,8,5,7,4,11,11,3,10,8,4,8,4,5,11,2,10,10,3,9,11,6,6,8,9,9,6,6,10,10,0,6,3,2,8,8,2,6,9,7,9,3,11,2,4,0,5,5,5,2,6,10,8,11,10,0,9,9,2,10,2,11,7,10,7,0,11,2,7,6,4,11,9,0,5,6,6,3,6,0,2,10,2,2,3,10,6,6,7,6,7,0,0,3,0,4,5,6,4,6,6,0,0,10,4,11,4,10,10,11,4,4,8,5,8,10,11,0,6,11,5,8,9,6,0,9,11,10,4,0,6,8,5,8,6,6,9,9,3,11,4,2,10,9
7,2,2,2,2,3,5,9,6,8,5,0,0,4,11,9,5,9,5,6,0,3,11,11,4,10,0,7,7,9,10,10,7,7,11,11,2,7,4,3,9,9,3,7,10,8,10,4,0,3,5,2,6,6,6,3,7,11,9,0,11,2,10,10,3,11,3,0,8,11,8,2,0,3,8,7,5,0,10,2,6,7,7,4,7,2,3,11,3,3,4,11,7,7,8,7,8,2,2,4,2,5,6,7,5,7,7,2,2,11,5,0,5,11,11,0,5,5,9,6,9,11,0,2,7,0,6,9,10,7,2,10,0,11,5,2,7,9,6,9,7,7,10,10,4,0,5,3,11,10
8,3,3,3,3,4,6,10,7,9,6,2,2,5,0,10,6,10,6,7,2,4,0,0,5,11,2,8,8,10,11,11,8,8,0,0,3,8,5,4,10,10,4,8,11,9,11,5,2,4,6,3,7,7,7,4,8,0,10,2,0,3,11,11,4,0,4,2,9,0,9,3,2,4,9,8,6,2,11,3,7,8,8,5,8,3,4,0,4,4,5,0,8,8,9,8,9,3,3,5,3,6,7,8,6,8,8,3,3,0,6,2,6,0,0,2,6,6,10,7,10,0,2,3,8,2,7,10,11,8,3,11,2,0,6,3,8,10,7,10,8,8,11,11,5,2,6,4,0,11
9,4,4,4,4,5,7,11,8,10,7,3,3,6,2,11,7,11,7,8,3,5,2,2,6,0,3,9,9,11,0,0,9,9,2,2,4,9,6,5,11,11,5,9,0,10,0,6,3,5,7,4,8,8,8,5,9,2,11,3,2,4,0,0,5,2,5,3,10,2,10,4,3,5,10,9,7,3,0,4,8,9,9,6,9,4,5,2,5,5,6,2,9,9,10,9,10,4,4,6,4,7,8,9,7,9,9,4,4,2,7,3,7,2,2,3,7,7,11,8,11,2,3,4,9,3,8,11,0,9,4,0,3,2,7,4,9,11,8,11,9,9,0,0,6,3,7,5,2,0
10,5,5,5,5,6,8,0,9,11,8,4,4,7,3,0,8,0,8,9,4,6,3,3,7,2,4,10,10,0,2,2,10,10,3,3,5,10,7,6,0,0,6,10,2,11,2,7,4,6,8,5,9,9,9,6,10,3,0,4,3,5,2,2,6,3,6,4,11,3,11,5,4,6,11,10,8,4,2,5,9,10,10,7,10,5,6,3,6,6,7,3,10,10,11,10,11,5,5,7,5,8,9,10,8,10,10,5,5,3,8,4,8,3,3,4,8,8,0,9,0,3,4,5,10,4,9,0,2,10,5,2,4,3,8,5,10,0,9,0,10,10,2,2,7,4,8,6,3,2
11,6,6,6,6,7,9,2,10,0,9,5,5,8,4,2,9,2,9,10,5,7,4,4,8,3,5,11,11,2,3,3,11,11,4,4,6,11,8,7,2,2,7,11,3,0,3,8,5,7,9,6,10,10,10,7,11,4,2,5,4,6,3,3,7,4,7,5,0,4,0,6,5,7,0,11,9,5,3,6,10,11,11,8,11,6,7,4,7,7,8,4,11,11,0,11,0,6,6,8,6,9,10,11,9,11,11,6,6,4,9,5,9,4,4,5,9,9,2,10,2,4,5,6,11,5,10,2,3,11,6,3,5,4,9,6,11,2,10,2,11,11,3,3,8,5,9,7,4,3
0,7,7,7,7,8,10,3,11,2,10,6,6,9,5,3,10,3,10,11,6,8,5,5,9,4,6,0,0,3,4,4,0,0,5,5,7,0,9,8,3,3,8,0,4,2,4,9,6,8,10,7,11,11,11,8,0,5,3,6,5,7,4,4,8,5,8,6,2,5,2,7,6,8,2,0,10,6,4,7,11,0,0,9,0,7,8,5,8,8,9,5,0,0,2,0,2,7,7,9,7,10,11,0,10,0,0,7,7,5,10,6,10,5,5,6,10,10,3,11,3,5,6,7,0,6,11,3,4,0,7,4,6,5,10,7,0,3,11,3,0,0,4,4,9,6,10,8,5,4
2,8,8,8,8,9,11,4,0,3,11,7,7,10,6,4,11,4,11,0,7,9,6,6,10,5,7,2,2,4,5,5,2,2,6,6,8,2,10,9,4,4,9,2,5,3,5,10,7,9,11,8,0,0,0,9,2,6,4,7,6,8,5,5,9,6,9,7,3,6,3,8,7,9,3,2,11,7,5,8,0,2,2,10,2,8,9,6,9,9,10,6,2,2,3,2,3,8,8,10,8,11,0,2,11,2,2,8,8,6,11,7,11,6,6,7,11,11,4,0,4,6,7,8,2,7,0,4,5,2,8,5,7,6,11,8,2,4,0,4,2,2,5,5,10,7,11,9,6,5
3,9,9,9,9,10,0,5,2,4,0,8,8,11,7,5,0,5,0,2,8,10,7,7,11,6,8,3,3,5,6,6,3,3,7,7,9,3,11,10,5,5,10,3,6,4,6,11,8,10,0,9,2,2,2,10,3,7,5,8,7,9,6,6,10,7,10,8,4,7,4,9,8,10,4,3,0,8,6,9,2,3,3,11,3,9,10,7,10,10,11,7,3,3,4,3,4,9,9,11,9,0,2,3,0,3,3,9,9,7,0,8,0,7,7,8,0,0,5,2,5,7,8,9,3,8,2,5,6,3,9,6,8,7,0,9,3,5,2,5,3,3,6,6,11,8,0,10,7,6
4,10,10,10,10,11,2,6,3,5,2,9,9,0,8,6,2,6,2,3,9,11,8,8,0,7,9,4,4,6,7,7,4,4,8,8,10,4,0,11,6,6,11,4,7,5,7,0,9,11,2,10,3,3,3,11,4,8,6,9,8,10,7,7,11,8,11,9,5,8,5,10,9,11,5,4,2,9,7,10,3,4,4,0,4,10,11,8,11,11,0,8,4,4,5,4,5,10,10,0,10,2,3,4,2,4,4,10,10,8,2,9,2,8,8,9,2,2,6,3,6,8,9,10,4,9,3,6,7,4,10,7,9,8,2,10,4,6,3,6,4,4,7,7,0,9,2,11,8,7
5,11,11,11,11,0,3,7,4,6,3,10,10,2,9,7,3,7,3,4,10,0,9,9,2,8,10,5,5,7,8,8,5,5,9,9,11,5,2,0,7,7,0,5,8,6,8,2,10,0,3,11,4,4,4,0,5,9,7,10,9,11,8,8,0,9,0,10,6,9,6,11,10,0,6,5,3,10,8,11,4,5,5,2,5,11,0,9,0,0,2,9,5,5,6,5,6,11,11,2,11,3,4,5,3,5,5,11,11,9,3,10,3,9,9,10,3,3,7,4,7,9,10,11,5,10,4,7,8,5,11,8,10,9,3,11,5,7,4,7,5,5,8,8,2,10,3,0,9,8
6,0,0,0,0,2,4,8,5,7,4,11,11,3,10,8,4,8,4,5,11,2,10,10,3,9,11,6,6,8,9,9,6,6,10,10,0,6,3,2,8,8,2,6,9,7,9,3,11,2,4,0,5,5,5,2,6,10,8,11,10,0,9,9,2,10,2,11,7,10,7,0,11,2,7,6,4,11,9,0,5,6,6,3,6,0,2,10,2,2,3,10,6,6,7,6,7,0,0,3,0,4,5,6,4,6,6,0,0,10,4,11,4,10,10,11,4,4,8,5,8,10,11,0,6,11,5,8,9,6,0,9,11,10,4,0,6,8,5,8,6,6,9,9,3,11,4,2,10,9
7,2,2,2,2,3,5,9,6,8,5,0,0,4,11,9,5,9,5,6,0,3,11,11,4,10,0,7,7,9,10,10,7,7,11,11,2,7,4,3,9,9,3,7,10,8,10,4,0,3,5,2,6,6,6,3,7,11,9,0,11,2,10,10,3,11,3,0,8,11,8,2,0,3,8,7,5,0,10,2,6,7,7,4,7,2,3,11,3,3,4,11,7,7,8,7,8,2,2,4,2,5,6,7,5,7,7,2,2,11,5,0,5,11,11,0,5,5,9,6,9,11,0,2,7,0,6,9,10,7,2,10,0,11,5,2,7,9,6,9,7,7,10,10,4,0,5,3,11,10
8,3,3,3,3,4,6,10,7,9,6,2,2,5,0,10,6,10,6,7,2,4,0,0,5,11,2,8,8,10,11,11,8,8,0,0,3,8,5,4,10,10,4,8,11,9,11,5,2,4,6,3,7,7,7,4,8,0,10,2,0,3,11,11,4,0,4,2,9,0,9,3,2,4,9,8,6,2,11,3,7,8,8,5,8,3,4,0,4,4,5,0,8,8,9,8,9,3,3,5,3,6,7,8,6,8,8,3,3,0,6,2,6,0,0,2,6,6,10,7,10,0,2,3,8,2,7,10,11,8,3,11,2,0,6,3,8,10,7,10,8,8,11,11,5,2,6,4,0,11
9,4,4,4,4,5,7,11,8,10,7,3,3,6,2,11,7,11,7,8,3,5,2,2,6,0,3,9,9,11,0,0,9,9,2,2,4,9,6,5,11,11,5,9,0,10,0,6,3,5,7,4,8,8,8,5,9,2,11,3,2,4,0,0,5,2,5,3,10,2,10,4,3,5,10,9,7,3,0,4,8,9,9,6,9,4,5,2,5,5,6,2,9,9,10,9,10,4,4,6,4,7,8,9,7,9,9,4,4,2,7,3,7,2,2,3,7,7,11,8,11,2,3,4,9,3,8,11,0,9,4,0,3,2,7,4,9,11,8,11,9,9,0,0,6,3,7,5,2,0
10,5,5,5,5,6,8,0,9,11,8,4,4,7,3,0,8,0,8,9,4,6,3,3,7,2,4,10,10,0,2,2,10,10,3,3,5,10,7,6,0,0,6,10,2,11,2,7,4,6,8,5,9,9,9,6,10,3,0,4,3,5,2,2,6,3,6,4,11,3,11,5,4,6,11,10,8,4,2,5,9,10,10,7,10,5,6,3,6,6,7,3,10,10,11,10,11,5,5,7,5,8,9,10,8,10,10,5,5,3,8,4,8,3,3,4,8,8,0,9,0,3,4,5,10,4,9,0,2,10,5,2,4,3,8,5,10,0,9,0,10,10,2,2,7,4,8,6,3,2
11,6,6,6,6,7,9,2,10,0,9,5,5,8,4,2,9,2,9,10,5,7,4,4,8,3,5,11,11,2,3,3,11,11,4,4,6,11,8,7,2,2,7,11,3,0,3,8,5,7,9,6,10,10,10,7,11,4,2,5,4,6,3,3,7,4,7,5,0,4,0,6,5,7,0,11,9,5,3,6,10,11,11,8,11,6,7,4,7,7,8,4,11,11,0,11,0,6,6,8,6,9,10,11,9,11,11,6,6,4,9,5,9,4,4,5,9,9,2,10,2,4,5,6,11,5,10,2,3,11,6,3,5,4,9,6,11,2,10,2,11,11,3,3,8,5,9,7,4,3
0,7,7,7,7,8,10,3,11,2,10,6,6,9,5,3,10,3,10,11,6,8,5,5,9,4,6,0,0,3,4,4,0,0,5,5,7,0,9,8,3,3,8,0,4,2,4,9,6,8,10,7,11,11,11,8,0,5,3,6,5,7,4,4,8,5,8,6,2,5,2,7,6,8,2,0,10,6,4,7,11,0,0,9,0,7,8,5,8,8,9,5,0,0,2,0,2,7,7,9,7,10,11,0,10,0,0,7,7,5,10,6,10,5,5,6,10,10,3,11,3,5,6,7,0,6,11,3,4,0,7,4,6,5,10,7,0,3,11,3,0,0,4,4,9,6,10,8,5,4
2,8,8,8,8,9,11,4,0,3,11,7,7,10,6,4,11,4,11,0,7,9,6,6,10,5,7,2,2,4,5,5,2,2,6,6,8,2,10,9,4,4,9,2,5,3,5,10,7,9,11,8,0,0,0,9,2,6,4,7,6,8,5,5,9,6,9,7,3,6,3,8,7,9,3,2,11,7,5,8,0,2,2,10,2,8,9,6,9,9,10,6,2,2,3,2,3,8,8,10,8,11,0,2,11,2,2,8,8,6,11,7,11,6,6,7,11,11,4,0,4,6,7,8,2,7,0,4,5,2,8,5,7,6,11,8,2,4,0,4,2,2,5,5,10,7,11,9,6,5
3,9,9,9,9,10,0,5,2,4,0,8,8,11,7,5,0,5,0,2,8,10,7,7,11,6,8,3,3,5,6,6,3,3,7,7,9,3,11,10,5,5,10,3,6,4,6,11,8,10,0,9,2,2,2,10,3,7,5,8,7,9,6,6,10,7,10,8,4,7,4,9,8,10,4,3,0,8,6,9,2,3,3,11,3,9,10,7,10,10,11,7,3,3,4,3,4,9,9,11,9,0,2,3,0,3,3,9,9,7,0,8,0,7,7,8,0,0,5,2,5,7,8,9,3,8,2,5,6,3,9,6,8,7,0,9,3,5,2,5,3,3,6,6,11,8,0,10,7,6
4,10,10,10,10,11,2,6,3,5,2,9,9,0,8,6,2,6,2,3,9,11,8,8,0,7,9,4,4,6,7,7,4,4,8,8,10,4,0,11,6,6,11,4,7,5,7,0,9,11,2,10,3,3,3,11,4,8,6,9,8,10,7,7,11,8,11,9,5,8,5,10,9,11,5,4,2,9,7,10,3,4,4,0,4,10,11,8,11,11,0,8,4,4,5,4,5,10,10,0,10,2,3,4,2,4,4,10,10,8,2,9,2,8,8,9,2,2,6,3,6,8,9,10,4,9,3,6,7,4,10,7,9,8,2,10,4,6,3,6,4,4,7,7,0,9,2,11,8,7
5,11,11,11,11,0,3,7,4,6,3,10,10,2,9,7,3,7,3,4,10,0,9,9,2,8,10,5,5,7,8,8,5,5,9,9,11,5,2,0,7,7,0,5,8,6,8,2,10,0,3,11,4,4,4,0,5,9,7,10,9,11,8,8,0,9,0,10,6,9,6,11,10,0,6,5,3,10,8,11,4,5,5,2,5,11,0,9,0,0,2,9,5,5,6,5,6,11,11,2,11,3,4,5,3,5,5,11,11,9,3,10,3,9,9,10,3,3,7,4,7,9,10,11,5,10,4,7,8,5,11,8,10,9,3,11,5,7,4,7,5,5,8,8,2,10,3,0,9,8
6,0,0,0,0,2,4,8,5,7,4,11,11,3,10,8,4,8,4,5,11,2,10,10,3,9,11,6,6,8,9,9,6,6,10,10,0,6,3,2,8,8,2,6,9,7,9,3,11,2,4,0,5,5,5,2,6,10,8,11,10,0,9,9,2,10,2,11,7,10,7,0,11,2,7,6,4,11,9,0,5,6,6,3,6,0,2,10,2,2,3,10,6,6,7,6,7,0,0,3,0,4,5,6,4,6,6,0,0,10,4,11,4,10,10,11,4,4,8,5,8,10,11,0,6,11,5,8,9,6,0,9,11,10,4,0,6,8,5,8,6,6,9,9,3,11,4,2,10,9
7,2,2,2,2,3,5,9,6,8,5,0,0,4,11,9,5,9,5,6,0,3,11,11,4,10,0,7,7,9,10,10,7,7,11,11,2,7,4,3,9,9,3,7,10,8,10,4,0,3,5,2,6,6,6,3,7,11,9,0,11,2,10,10,3,11,3,0,8,11,8,2,0,3,8,7,5,0,10,2,6,7,7,4,7,2,3,11,3,3,4,11,7,7,8,7,8,2,2,4,2,5,6,7,5,7,7,2,2,11,5,0,5,11,11,0,5,5,9,6,9,11,0,2,7,0,6,9,10,7,2,10,0,11,5,2,7,9,6,9,7,7,10,10,4,0,5,3,11,10
8,3,3,3,3,4,6,10,7,9,6,2,2,5,0,10,6,10,6,7,2,4,0,0,5,11,2,8,8,10,11,11,8,8,0,0,3,8,5,4,10,10,4,8,11,9,11,5,2,4,6,3,7,7,7,4,8,0,10,2,0,3,11,11,4,0,4,2,9,0,9,3,2,4,9,8,6,2,11,3,7,8,8,5,8,3,4,0,4,4,5,0,8,8,9,8,9,3,3,5,3,6,7,8,6,8,8,3,3,0,6,2,6,0,0,2,6,6,10,7,10,0,2,3,8,2,7,10,11,8,3,11,2,0,6,3,8,10,7,10,8,8,11,11,5,2,6,4,0,11
9,4,4,4,4,5,7,11,8,10,7,3,3,6,2,11,7,11,7,8,3,5,2,2,6,0,3,9,9,11,0,0,9,9,2,2,4,9,6,5,11,11,5,9,0,10,0,6,3,5,7,4,8,8,8,5,9,2,11,3,2,4,0,0,5,2,5,3,10,2,10,4,3,5,10,9,7,3,0,4,8,9,9,6,9,4,5,2,5,5,6,2,9,9,10,9,10,4,4,6,4,7,8,9,7,9,9,4,4,2,7,3,7,2,2,3,7,7,11,8,11,2,3,4,9,3,8,11,0,9,4,0,3,2,7,4,9,11,8,11,9,9,0,0,6,3,7,5,2,0
10,5,5,5,5,6,8,0,9,11,8,4,4,7,3,0,8,0,8,9,4,6,3,3,7,2,4,10,10,0,2,2,10,10,3,3,5,10,7,6,0,0,6,10,2,11,2,7,4,6,8,5,9,9,9,6,10,3,0,4,3,5,2,2,6,3,6,4,11,3,11,5,4,6,11,10,8,4,2,5,9,10,10,7,10,5,6,3,6,6,7,3,10,10,11,10,11,5,5,7,5,8,9,10,8,10,10,5,5,3,8,4,8,3,3,4,8,8,0,9,0,3,4,5,10,4,9,0,2,10,5,2,4,3,8,5,10,0,9,0,10,10,2,2,7,4,8,6,3,2
11,6,6,6,6,7,9,2,10,0,9,5,5,8,4,2,9,2,9,10,5,7,4,4,8,3,5,11,11,2,3,3,11,11,4,4,6,11,8,7,2,2,7,11,3,0,3,8,5,7,9,6,10,10,10,7,11,4,2,5,4,6,3,3,7,4,7,5,0,4,0,6,5,7,0,11,9,5,3,6,10,11,11,8,11,6,7,4,7,7,8,4,11,11,0,11,0,6,6,8,6,9,10,11,9,11,11,6,6,4,9,5,9,4,4,5,9,9,2,10,2,4,5,6,11,5,10,2,3,11,6,3,5,4,9,6,11,2,10,2,11,11,3,3,8,5,9,7,4,3
0,7,7,7,7,8,10,3,11,2,10,6,6,9,5,3,10,3,10,11,6,8,5,5,9,4,6,0,0,3,4,4,0,0,5,5,7,0,9,8,3,3,8,0,4,2,4,9,6,8,10,7,11,11,11,8,0,5,3,6,5,7,4,4,8,5,8,6,2,5,2,7,6,8,2,0,10,6,4,7,11,0,0,9,0,7,8,5,8,8,9,5,0,0,2,0,2,7,7,9,7,10,11,0,10,0,0,7,7,5,10,6,10,5,5,6,10,10,3,11,3,5,6,7,0,6,11,3,4,0,7,4,6,5,10,7,0,3,11,3,0,0,4,4,9,6,10,8,5,4
2,8,8,8,8,9,11,4,0,3,11,7,7,10,6,4,11,4,11,0,7,9,6,6,10,5,7,2,2,4,5,5,2,2,6,6,8,2,10,9,4,4,9,2,5,3,5,10,7,9,11,8,0,0,0,9,2,6,4,7,6,8,5,5,9,6,9,7,3,6,3,8,7,9,3,2,11,7,5,8,0,2,2,10,2,8,9,6,9,9,10,6,2,2,3,2,3,8,8,10,8,11,0,2,11,2,2,8,8,6,11,7,11,6,6,7,11,11,4,0,4,6,7,8,2,7,0,4,5,2,8,5,7,6,11,8,2,4,0,4,2,2,5,5,10,7,11,9,6,5
3,9,9,9,9,10,0,5,2,4,0,8,8,11,7,5,0,5,0,2,8,10,7,7,11,6,8,3,3,5,6,6,3,3,7,7,9,3,11,10,5,5,10,3,6,4,6,11,8,10,0,9,2,2,2,10,3,7,5,8,7,9,6,6,10,7,10,8,4,7,4,9,8,10,4,3,0,8,6,9,2,3,3,11,3,9,10,7,10,10,11,7,3,3,4,3,4,9,9,11,9,0,2,3,0,3,3,9,9,7,0,8,0,7,7,8,0,0,5,2,5,7,8,9,3,8,2,5,6,3,9,6,8,7,0,9,3,5,2,5,3,3,6,6,11,8,0,10,7,6
4,10,10,10,10,11,2,6,3,5,2,9,9,0,8,6,2,6,2,3,9,11,8,8,0,7,9,4,4,6,7,7,4,4,8,8,10,4,0,11,6,6,11,4,7,5,7,0,9,11,2,10,3,3,3,11,4,8,6,9,8,10,7,7,11,8,11,9,5,8,5,10,9,11,5,4,2,9,7,10,3,4,4,0,4,10,11,8,11,11,0,8,4,4,5,4,5,10,10,0,10,2,3,4,2,4,4,10,10,8,2,9,2,8,8,9,2,2,6,3,6,8,9,10,4,9,3,6,7,4,10,7,9,8,2,10,4,6,3,6,4,4,7,7,0,9,2,11,8,7
5,11,11,11,11,0,3,7,4,6,3,10,10,2,9,7,3,7,3,4,10,0,9,9,2,8,10,5,5,7,8,8,5,5,9,9,11,5,2,0,7,7,0,5,8,6,8,2,10,0,3,11,4,4,4,0,5,9,7,10,9,11,8,8,0,9,0,10,6,9,6,11,10,0,6,5,3,10,8,11,4,5,5,2,5,11,0,9,0,0,2,9,5,5,6,5,6,11,11,2,11,3,4,5,3,5,5,11,11,9,3,10,3,9,9,10,3,3,7,4,7,9,10,11,5,10,4,7,8,5,11,8,10,9,3,11,5,7,4,7,5,5,8,8,2,10,3,0,9,8
6,0,0,0,0,2,4,8,5,7,4,11,11,3,10,8,4,8,4,5,11,2,10,10,3,9,11,6,6,8,9,9,6,6,10,10,0,6,3,2,8,8,2,6,9,7,9,3,11,2,4,0,5,5,5,2,6,10,8,11,10,0,9,9,2,10,2,11,7,10,7,0,11,2,7,6,4,11,9,0,5,6,6,3,6,0,2,10,2,2,3,10,6,6,7,6,7,0,0,3,0,4,5,6,4,6,6,0,0,10,4,11,4,10,10,11,4,4,8,5,8,10,11,0,6,11,5,8,9,6,0,9,11,10,4,0,6,8,5,8,6,6,9,9,3,11,4,2,10,9
7,2,2,2,2,3,5,9,6,8,5,0,0,4,11,9,5,9,5,6,0,3,11,11,4,10,0,7,7,9,10,10,7,7,11,11,2,7,4,3,9,9,3,7,10,8,10,4,0,3,5,2,6,6,6,3,7,11,9,0,11,2,10,10,3,11,3,0,8,11,8,2,0,3,8,7,5,0,10,2,6,7,7,4,7,2,3,11,3,3,4,11,7,7,8,7,8,2,2,4,2,5,6,7,5,7,7,2,2,11,5,0,5,11,11,0,5,5,9,6,9,11,0,2,7,0,6,9,10,7,2,10,0,11,5,2,7,9,6,9,7,7,10,10,4,0,5,3,11,10
8,3,3,3,3,4,6,10,7,9,6,2,2,5,0,10,6,10,6,7,2,4,0,0,5,11,2,8,8,10,11,11,8,8,0,0,3,8,5,4,10,10,4,8,11,9,11,5,2,4,6,3,7,7,7,4,8,0,10,2,0,3,11,11,4,0,4,2,9,0,9,3,2,4,9,8,6,2,11,3,7,8,8,5,8,3,4,0,4,4,5,0,8,8,9,8,9,3,3,5,3,6,7,8,6,8,8,3,3,0,6,2,6,0,0,2,6,6,10,7,10,0,2,3,8,2,7,10,11,8,3,11,2,0,6,3,8,10,7,10,8,8,11,11,5,2,6,4,0,11
9,4,4,4,4,5,7,11,8,10,7,3,3,6,2,11,7,11,7,8,3,5,2,2,6,0,3,9,9,11,0,0,9,9,2,2,4,9,6,5,11,11,5,9,0,10,0,6,3,5,7,4,8,8,8,5,9,2,11,3,2,4,0,0,5,2,5,3,10,2,10,4,3,5,10,9,7,3,0,4,8,9,9,6,9,4,5,2,5,5,6,2,9,9,10,9,10,4,4,6,4,7,8,9,7,9,9,4,4,2,7,3,7,2,2,3,7,7,11,8,11,2,3,4,9,3,8,11,0,9,4,0,3,2,7,4,9,11,8,11,9,9,0,0,6,3,7,5,2,0
10,5,5,5,5,6,8,0,9,11,8,4,4,7,3,0,8,0,8,9,4,6,3,3,7,2,4,10,10,0,2,2,10,10,3,3,5,10,7,6,0,0,6,10,2,11,2,7,4,6,8,5,9,9,9,6,10,3,0,4,3,5,2,2,6,3,6,4,11,3,11,5,4,6,11,10,8,4,2,5,9,10,10,7,10,5,6,3,6,6,7,3,10,10,11,10,11,5,5,7,5,8,9,10,8,10,10,5,5,3,8,4,8,3,3,4,8,8,0,9,0,3,4,5,10,4,9,0,2,10,5,2,4,3,8,5,10,0,9,0,10,10,2,2,7,4,8,6,3,2
11,6,6,6,6,7,9,2,10,0,9,5,5,8,4,2,9,2,9,10,5,7,4,4,8,3,5,11,11,2,3,3,11,11,4,4,6,11,8,7,2,2,7,11,3,0,3,8,5,7,9,6,10,10,10,7,11,4,2,5,4,6,3,3,7,4,7,5,0,4,0,6,5,7,0,11,9,5,3,6,10,11,11,8,11,6,7,4,7,7,8,4,11,11,0,11,0,6,6,8,6,9,10,11,9,11,11,6,6,4,9,5,9,4,4,5,9,9,2,10,2,4,5,6,11,5,10,2,3,11,6,3,5,4,9,6,11,2,10,2,11,11,3,3,8,5,9,7,4,3
0,7,7,7,7,8,10,3,11,2,10,6,6,9,5,3,10,3,10,11,6,8,5,5,9,4,6,0,0,3,4,4,0,0,5,5,7,0,9,8,3,3,8,0,4,2,4,9,6,8,10,7,11,11,11,8,0,5,3,6,5,7,4,4,8,5,8,6,2,5,2,7,6,8,2,0,10,6,4,7,11,0,0,9,0,7,8,5,8,8,9,5,0,0,2,0,2,7,7,9,7,10,11,0,10,0,0,7,7,5,10,6,10,5,5,6,10,10,3,11,3,5,6,7,0,6,11,3,4,0,7,4,6,5,10,7,0,3,11,3,0,0,4,4,9,6,10,8,5,4
2,8,8,8,8,9,11,4,0,3,11,7,7,10,6,4,11,4,11,0,7,9,6,6,10,5,7,2,2,4,5,5,2,2,6,6,8,2,10,9,4,4,9,2,5,3,5,10,7,9,11,8,0,0,0,9,2,6,4,7,6,8,5,5,9,6,9,7,3,6,3,8,7,9,3,2,11,7,5,8,0,2,2,10,2,8,9,6,9,9,10,6,2,2,3,2,3,8,8,10,8,11,0,2,11,2,2,8,8,6,11,7,11,6,6,7,11,11,4,0,4,6,7,8,2,7,0,4,5,2,8,5,7,6,11,8,2,4,0,4,2,2,5,5,10,7,11,9,6,5
3,9,9,9,9,10,0,5,2,4,0,8,8,11,7,5,0,5,0,2,8,10,7,7,11,6,8,3,3,5,6,6,3,3,7,7,9,3,11,10,5,5,10,3,6,4,6,11,8,10,0,9,2,2,2,10,3,7,5,8,7,9,6,6,10,7,10,8,4,7,4,9,8,10,4,3,0,8,6,9,2,3,3,11,3,9,10,7,10,10,11,7,3,3,4,3,4,9,9,11,9,0,2,3,0,3,3,9,9,7,0,8,0,7,7,8,0,0,5,2,5,7,8,9,3,8,2,5,6,3,9,6,8,7,0,9,3,5,2,5,3,3,6,6,11,8,0,10,7,6
4,10,10,10,10,11,2,6,3,5,2,9,9,0,8,6,2,6,2,3,9,11,8,8,0,7,9,4,4,6,7,7,4,4,8,8,10,4,0,11,6,6,11,4,7,5,7,0,9,11,2,10,3,3,3,11,4,8,6,9,8,10,7,7,11,8,11,9,5,8,5,10,9,11,5,4,2,9,7,10,3,4,4,0,4,10,11,8,11,11,0,8,4,4,5,4,5,10,10,0,10,2,3,4,2,4,4,10,10,8,2,9,2,8,8,9,2,2,6,3,6,8,9,10,4,9,3,6,7,4,10,7,9,8,2,10,4,6,3,6,4,4,7,7,0,9,2,11,8,7
5,11,11,11,11,0,3,7,4,6,3,10,10,2,9,7,3,7,3,4,10,0,9,9,2,8,10,5,5,7,8,8,5,5,9,9,11,5,2,0,7,7,0,5,8,6,8,2,10,0,3,11,4,4,4,0,5,9,7,10,9,11,8,8,0,9,0,10,6,9,6,11,10,0,6,5,3,10,8,11,4,5,5,2,5,11,0,9,0,0,2,9,5,5,6,5,6,11,11,2,11,3,4,5,3,5,5,11,11,9,3,10,3,9,9,10,3,3,7,4,7,9,10,11,5,10,4,7,8,5,11,8,10,9,3,11,5,7,4,7,5,5,8,8,2,10,3,0,9,8
6,0,0,0,0,2,4,8,5,7,4,11,11,3,10,8,4,8,4,5,11,2,10,10,3,9,11,6,6,8,9,9,6,6,10,10,0,6,3,2,8,8,2,6,9,7,9,3,11,2,4,0,5,5,5,2,6,10,8,11,10,0,9,9,2,10,2,11,7,10,7,0,11,2,7,6,4,11,9,0,5,6,6,3,6,0,2,10,2,2,3,10,6,6,7,6,7,0,0,3,0,4,5,6,4,6,6,0,0,10,4,11,4,10,10,11,4,4,8,5,8,10,11,0,6,11,5,8,9,6,0,9,11,10,4,0,6,8,5,8,6,6,9,9,3,11,4,2,10,9
7,2,2,2,2,3,5,9,6,8,5,0,0,4,11,9,5,9,5,6,0,3,11,11,4,10,0,7,7,9,10,10,7,7,11,11,2,7,4,3,9,9,3,7,10,8,10,4,0,3,5,2,6,6,6,3,7,11,9,0,11,2,10,10,3,11,3,0,8,11,8,2,0,3,8,7,5,0,10,2,6,7,7,4,7,2,3,11,3,3,4,11,7,7,8,7,8,2,2,4,2,5,6,7,5,7,7,2,2,11,5,0,5,11,11,0,5,5,9,6,9,11,0,2,7,0,6,9,10,7,2,10,0,11,5,2,7,9,6,9,7,7,10,10,4,0,5,3,11,10
8,3,3,3,3,4,6,10,7,9,6,2,2,5,0,10,6,10,6,7,2,4,0,0,5,11,2,8,8,10,11,11,8,8,0,0,3,8,5,4,10,10,4,8,11,9,11,5,2,4,6,3,7,7,7,4,8,0,10,2,0,3,11,11,4,0,4,2,9,0,9,3,2,4,9,8,6,2,11,3,7,8,8,5,8,3,4,0,4,4,5,0,8,8,9,8,9,3,3,5,3,6,7,8,6,8,8,3,3,0,6,2,6,0,0,2,6,6,10,7,10,0,2,3,8,2,7,10,11,8,3,11,2,0,6,3,8,10,7,10,8,8,11,11,5,2,6,4,0,11
9,4,4,4,4,5,7,11,8,10,7,3,3,6,2,11,7,11,7,8,3,5,2,2,6,0,3,9,9,11,0,0,9,9,2,2,4,9,6,5,11,11,5,9,0,10,0,6,3,5,7,4,8,8,8,5,9,2,11,3,2,4,0,0,5,2,5,3,10,2,10,4,3,5,10,9,7,3,0,4,8,9,9,6,9,4,5,2,5,5,6,2,9,9,10,9,10,4,4,6,4,7,8,9,7,9,9,4,4,2,7,3,7,2,2,3,7,7,11,8,11,2,3,4,9,3,8,11,0,9,4,0,3,2,7,4,9,11,8,11,9,9,0,0,6,3,7,5,2,0
10,5,5,5,5,6,8,0,9,11,8,4,4,7,3,0,8,0,8,9,4,6,3,3,7,2,4,10,10,0,2,2,10,10,3,3,5,10,7,6,0,0,6,10,2,11,2,7,4,6,8,5,9,9,9,6,10,3,0,4,3,5,2,2,6,3,6,4,11,3,11,5,4,6,11,10,8,4,2,5,9,10,10,7,10,5,6,3,6,6,7,3,10,10,11,10,11,5,5,7,5,8,9,10,8,10,10,5,5,3,8,4,8,3,3,4,8,8,0,9,0,3,4,5,10,4,9,0,2,10,5,2,4,3,8,5,10,0,9,0,10,10,2,2,7,4,8,6,3,2
11,6,6,6,6,7,9,2,10,0,9,5,5,8,4,2,9,2,9,10,5,7,4,4,8,3,5,11,11,2,3,3,11,11,4,4,6,11,8,7,2,2,7,11,3,0,3,8,5,7,9,6,10,10,10,7,11,4,2,5,4,6,3,3,7,4,7,5,0,4,0,6,5,7,0,11,9,5,3,6,10,11,11,8,11,6,7,4,7,7,8,4,11,11,0,11,0,6,6,8,6,9,10,11,9,11,11,6,6,4,9,5,9,4,4,5,9,9,2,10,2,4,5,6,11,5,10,2,3,11,6,3,5,4,9,6,11,2,10,2,11,11,3,3,8,5,9,7,4,3
0,7,7,7,7,8,10,3,11,2,10,6,6,9,5,3,10,3,10,11,6,8,5,5,9,4,6,0,0,3,4,4,0,0,5,5,7,0,9,8,3,3,8,0,4,2,4,9,6,8,10,7,11,11,11,8,0,5,3,6,5,7,4,4,8,5,8,6,2,5,2,7,6,8,2,0,10,6,4,7,11,0,0,9,0,7,8,5,8,8,9,5,0,0,2,0,2,7,7,9,7,10,11,0,10,0,0,7,7,5,10,6,10,5,5,6,10,10,3,11,3,5,6,7,0,6,11,3,4,0,7,4,6,5,10,7,0,3,11,3,0,0,4,4,9,6,10,8,5,4
2,8,8,8,8,9,11,4,0,3,11,7,7,10,6,4,11,4,11,0,7,9,6,6,10,5,7,2,2,4,5,5,2,2,6,6,8,2,10,9,4,4,9,2,5,3,5,10,7,9,11,8,0,0,0,9,2,6,4,7,6,8,5,5,9,6,9,7,3,6,3,8,7,9,3,2,11,7,5,8,0,2,2,10,2,8,9,6,9,9,10,6,2,2,3,2,3,8,8,10,8,11,0,2,11,2,2,8,8,6,11,7,11,6,6,7,11,11,4,0,4,6,7,8,2,7,0,4,5,2,8,5,7,6,11,8,2,4,0,4,2,2,5,5,10,7,11,9,6,5
3,9,9,9,9,10,0,5,2,4,0,8,8,11,7,5,0,5,0,2,8,10,7,7,11,6,8,3,3,5,6,6,3,3,7,7,9,3,11,10,5,5,10,3,6,4,6,11,8,10,0,9,2,2,2,10,3,7,5,8,7,9,6,6,10,7,10,8,4,7,4,9,8,10,4,3,0,8,6,9,2,3,3,11,3,9,10,7,10,10,11,7,3,3,4,3,4,9,9,11,9,0,2,3,0,3,3,9,9,7,0,8,0,7,7,8,0,0,5,2,5,7,8,9,3,8,2,5,6,3,9,6,8,7,0,9,3,5,2,5,3,3,6,6,11,8,0,10,7,6
4,10,10,10,10,11,2,6,3,5,2,9,9,0,8,6,2,6,2,3,9,11,8,8,0,7,9,4,4,6,7,7,4,4,8,8,10,4,0,11,6,6,11,4,7,5,7,0,9,11,2,10,3,3,3,11,4,8,6,9,8,10,7,7,11,8,11,9,5,8,5,10,9,11,5,4,2,9,7,10,3,4,4,0,4,10,11,8,11,11,0,8,4,4,5,4,5,10,10,0,10,2,3,4,2,4,4,10,10,8,2,9,2,8,8,9,2,2,6,3,6,8,9,10,4,9,3,6,7,4,10,7,9,8,2,10,4,6,3,6,4,4,7,7,0,9,2,11,8,7
5,11,11,11,11,0,3,7,4,6,3,10,10,2,9,7,3,7,3,4,10,0,9,9,2,8,10,5,5,7,8,8,5,5,9,9,11,5,2,0,7,7,0,5,8,6,8,2,10,0,3,11,4,4,4,0,5,9,7,10,9,11,8,8,0,9,0,10,6,9,6,11,10,0,6,5,3,10,8,11,4,5,5,2,5,11,0,9,0,0,2,9,5,5,6,5,6,11,11,2,11,3,4,5,3,5,5,11,11,9,3,10,3,9,9,10,3,3,7,4,7,9,10,11,5,10,4,7,8,5,11,8,10,9,3,11,5,7,4,7,5,5,8,8,2,10,3,0,9,8
6,0,0,0,0,2,4,8,5,7,4,11,11,3,10,8,4,8,4,5,11,2,10,10,3,9,11,6,6,8,9,9,6,6,10,10,0,6,3,2,8,8,2,6,9,7,9,3,11,2,4,0,5,5,5,2,6,10,8,11,10,0,9,9,2,10,2,11,7,10,7,0,11,2,7,6,4,11,9,0,5,6,6,3,6,0,2,10,2,2,3,10,6,6,7,6,7,0,0,3,0,4,5,6,4,6,6,0,0,10,4,11,4,10,10,11,4,4,8,5,8,10,11,0,6,11,5,8,9,6,0,9,11,10,4,0,6,8,5,8,6,6,9,9,3,11,4,2,10,9
7,2,2,2,2,3,5,9,6,8,5,0,0,4,11,9,5,9,5,6,0,3,11,11,4,10,0,7,7,9,10,10,7,7,11,11,2,7,4,3,9,9,3,7,10,8,10,4,0,3,5,2,6,6,6,3,7,11,9,0,11,2,10,10,3,11,3,0,8,11,8,2,0,3,8,7,5,0,10,2,6,7,7,4,7,2,3,11,3,3,4,11,7,7,8,7,8,2,2,4,2,5,6,7,5,7,7,2,2,11,5,0,5,11,11,0,5,5,9,6,9,11,0,2,7,0,6,9,10,7,2,10,0,11,5,2,7,9,6,9,7,7,10,10,4,0,5,3,11,10
8,3,3,3,3,4,6,10,7,9,6,2,2,5,0,10,6,10,6,7,2,4,0,0,5,11,2,8,8,10,11,11,8,8,0,0,3,8,5,4,10,10,4,8,11,9,11,5,2,4,6,3,7,7,7,4,8,0,10,2,0,3,11,11,4,0,4,2,9,0,9,3,2,4,9,8,6,2,11,3,7,8,8,5,8,3,4,0,4,4,5,0,8,8,9,8,9,3,3,5,3,6,7,8,6,8,8,3,3,0,6,2,6,0,0,2,6,6,10,7,10,0,2,3,8,2,7,10,11,8,3,11,2,0,6,3,8,10,7,10,8,8,11,11,5,2,6,4,0,11
9,4,4,4,4,5,7,11,8,10,7,3,3,6,2,11,7,11,7,8,3,5,2,2,6,0,3,9,9,11,0,0,9,9,2,2,4,9,6,5,11,11,5,9,0,10,0,6,3,5,7,4,8,8,8,5,9,2,11,3,2,4,0,0,5,2,5,3,10,2,10,4,3,5,10,9,7,3,0,4,8,9,9,6,9,4,5,2,5,5,6,2,9,9,10,9,10,4,4,6,4,7,8,9,7,9,9,4,4,2,7,3,7,2,2,3,7,7,11,8,11,2,3,4,9,3,8,11,0,9,4,0,3,2,7,4,9,11,8,11,9,9,0,0,6,3,7,5,2,0
10,5,5,5,5,6,8,0,9,11,8,4,4,7,3,0,8,0,8,9,4,6,3,3,7,2,4,10,10,0,2,2,10,10,3,3,5,10,7,6,0,0,6,10,2,11,2,7,4,6,8,5,9,9,9,6,10,3,0,4,3,5,2,2,6,3,6,4,11,3,11,5,4,6,11,10,8,4,2,5,9,10,10,7,10,5,6,3,6,6,7,3,10,10,11,10,11,5,5,7,5,8,9,10,8,10,10,5,5,3,8,4,8,3,3,4,8,8,0,9,0,3,4,5,10,4,9,0,2,10,5,2,4,3,8,5,10,0,9,0,10,10,2,2,7,4,8,6,3,2
11,6,6,6,6,7,9,2,10,0,9,5,5,8,4,2,9,2,9,10,5,7,4,4,8,3,5,11,11,2,3,3,11,11,4,4,6,11,8,7,2,2,7,11,3,0,3,8,5,7,9,6,10,10,10,7,11,4,2,5,4,6,3,3,7,4,7,5,0,4,0,6,5,7,0,11,9,5,3,6,10,11,11,8,11,6,7,4,7,7,8,4,11,11,0,11,0,6,6,8,6,9,10,11,9,11,11,6,6,4,9,5,9,4,4,5,9,9,2,10,2,4,5,6,11,5,10,2,3,11,6,3,5,4,9,6,11,2,10,2,11,11,3,3,8,5,9,7,4,3
0,7,7,7,7,8,10,3,11,2,10,6,6,9,5,3,10,3,10,11,6,8,5,5,9,4,6,0,0,3,4,4,0,0,5,5,7,0,9,8,3,3,8,0,4,2,4,9,6,8,10,7,11,11,11,8,0,5,3,6,5,7,4,4,8,5,8,6,2,5,2,7,6,8,2,0,10,6,4,7,11,0,0,9,0,7,8,5,8,8,9,5,0,0,2,0,2,7,7,9,7,10,11,0,10,0,0,7,7,5,10,6,10,5,5,6,10,10,3,11,3,5,6,7,0,6,11,3,4,0,7,4,6,5,10,7,0,3,11,3,0,0,4,4,9,6,10,8,5,4
2,8,8,8,8,9,11,4,0,3,11,7,7,10,6,4,11,4,11,0,7,9,6,6,10,5,7,2,2,4,5,5,2,2,6,6,8,2,10,9,4,4,9,2,5,3,5,10,7,9,11,8,0,0,0,9,2,6,4,7,6,8,5,5,9,6,9,7,3,6,3,8,7,9,3,2,11,7,5,8,0,2,2,10,2,8,9,6,9,9,10,6,2,2,3,2,3,8,8,10,8,11,0,2,11,2,2,8,8,6,11,7,11,6,6,7,11,11,4,0,4,6,7,8,2,7,0,4,5,2,8,5,7,6,11,8,2,4,0,4,2,2,5,5,10,7,11,9,6,5
3,9,9,9,9,10,0,5,2,4,0,8,8,11,7,5,0,5,0,2,8,10,7,7,11,6,8,3,3,5,6,6,3,3,7,7,9,3,11,10,5,5,10,3,6,4,6,11,8,10,0,9,2,2,2,10,3,7,5,8,7,9,6,6,10,7,10,8,4,7,4,9,8,10,4,3,0,8,6,9,2,3,3,11,3,9,10,7,10,10,11,7,3,3,4,3,4,9,9,11,9,0,2,3,0,3,3,9,9,7,0,8,0,7,7,8,0,0,5,2,5,7,8,9,3,8,2,5,6,3,9,6,8,7,0,9,3,5,2,5,3,3,6,6,11,8,0,10,7,6
4,10,10,10,10,11,2,6,3,5,2,9,9,0,8,6,2,6,2,3,9,11,8,8,0,7,9,4,4,6,7,7,4,4,8,8,10,4,0,11,6,6,11,4,7,5,7,0,9,11,2,10,3,3,3,11,4,8,6,9,8,10,7,7,11,8,11,9,5,8,5,10,9,11,5,4,2,9,7,10,3,4,4,0,4,10,11,8,11,11,0,8,4,4,5,4,5,10,10,0,10,2,3,4,2,4,4,10,10,8,2,9,2,8,8,9,2,2,6,3,6,8,9,10,4,9,3,6,7,4,10,7,9,8,2,10,4,6,3,6,4,4,7,7,0,9,2,11,8,7
5,11,11,11,11,0,3,7,4,6,3,10,10,2,9,7,3,7,3,4,10,0,9,9,2,8,10,5,5,7,8,8,5,5,9,9,11,5,2,0,7,7,0,5,8,6,8,2,10,0,3,11,4,4,4,0,5,9,7,10,9,11,8,8,0,9,0,10,6,9,6,11,10,0,6,5,3,10,8,11,4,5,5,2,5,11,0,9,0,0,2,9,5,5,6,5,6,11,11,2,11,3,4,5,3,5,5,11,11,9,3,10,3,9,9,10,3,3,7,4,7,9,10,11,5,10,4,7,8,5,11,8,10,9,3,11,5,7,4,7,5,5,8,8,2,10,3,0,9,8
6,0,0,0,0,2,4,8,5,7,4,11,11,3,10,8,4,8,4,5,11,2,10,10,3,9,11,6,6,8,9,9,6,6,10,10,0,6,3,2,8,8,2,6,9,7,9,3,11,2,4,0,5,5,5,2,6,10,8,11,10,0,9,9,2,10,2,11,7,10,7,0,11,2,7,6,4,11,9,0,5,6,6,3,6,0,2,10,2,2,3,10,6,6,7,6,7,0,0,3,0,4,5,6,4,6,6,0,0,10,4,11,4,10,10,11,4,4,8,5,8,10,11,0,6,11,5,8,9,6,0,9,11,10,4,0,6,8,5,8,6,6,9,9,3,11,4,2,10,9
7,2,2,2,2,3,5,9,6,8,5,0,0,4,11,9,5,9,5,6,0,3,11,11,4,10,0,7,7,9,10,10,7,7,11,11,2,7,4,3,9,9,3,7,10,8,10,4,0,3,5,2,6,6,6,3,7,11,9,0,11,2,10,10,3,11,3,0,8,11,8,2,0,3,8,7,5,0,10,2,6,7,7,4,7,2,3,11,3,3,4,11,7,7,8,7,8,2,2,4,2,5,6,7,5,7,7,2,2,11,5,0,5,11,11,0,5,5,9,6,9,11,0,2,7,0,6,9,10,7,2,10,0,11,5,2,7,9,6,9,7,7,10,10,4,0,5,3,11,10
8,3,3,3,3,4,6,10,7,9,6,2,2,5,0,10,6,10,6,7,2,4,0,0,5,11,2,8,8,10,11,11,8,8,0,0,3,8,5,4,10,10,4,8,11,9,11,5,2,4,6,3,7,7,7,4,8,0,10,2,0,3,11,11,4,0,4,2,9,0,9,3,2,4,9,8,6,2,11,3,7,8,8,5,8,3,4,0,4,4,5,0,8,8,9,8,9,3,3,5,3,6,7,8,6,8,8,3,3,0,6,2,6,0,0,2,6,6,10,7,10,0,2,3,8,2,7,10,11,8,3,11,2,0,6,3,8,10,7,10,8,8,11,11,5,2,6,4,0,11
9,4,4,4,4,5,7,11,8,10,7,3,3,6,2,11,7,11,7,8,3,5,2,2,6,0,3,9,9,11,0,0,9,9,2,2,4,9,6,5,11,11,5,9,0,10,0,6,3,5,7,4,8,8,8,5,9,2,11,3,2,4,0,0,5,2,5,3,10,2,10,4,3,5,10,9,7,3,0,4,8,9,9,6,9,4,5,2,5,5,6,2,9,9,10,9,10,4,4,6,4,7,8,9,7,9,9,4,4,2,7,3,7,2,2,3,7,7,11,8,11,2,3,4,9,3,8,11,0,9,4,0,3,2,7,4,9,11,8,11,9,9,0,0,6,3,7,5,2,0
10,5,5,5,5,6,8,0,9,11,8,4,4,7,3,0,8,0,8,9,4,6,3,3,7,2,4,10,10,0,2,2,10,10,3,3,5,10,7,6,0,0,6,10,2,11,2,7,4,6,8,5,9,9,9,6,10,3,0,4,3,5,2,2,6,3,6,4,11,3,11,5,4,6,11,10,8,4,2,5,9,10,10,7,10,5,6,3,6,6,7,3,10,10,11,10,11,5,5,7,5,8,9,10,8,10,10,5,5,3,8,4,8,3,3,4,8,8,0,9,0,3,4,5,10,4,9,0,2,10,5,2,4,3,8,5,10,0,9,0,10,10,2,2,7,4,8,6,3,2
11,6,6,6,6,7,9,2,10,0,9,5,5,8,4,2,9,2,9,10,5,7,4,4,8,3,5,11,11,2,3,3,11,11,4,4,6,11,8,7,2,2,7,11,3,0,3,8,5,7,9,6,10,10,10,7,11,4,2,5,4,6,3,3,7,4,7,5,0,4,0,6,5,7,0,11,9,5,3,6,10,11,11,8,11,6,7,4,7,7,8,4,11,11,0,11,0,6,6,8,6,9,10,11,9,11,11,6,6,4,9,5,9,4,4,5,9,9,2,10,2,4,5,6,11,5,10,2,3,11,6,3,5,4,9,6,11,2,10,2,11,11,3,3,8,5,9,7,4,3
0,7,7,7,7,8,10,3,11,2,10,6,6,9,5,3,10,3,10,11,6,8,5,5,9,4,6,0,0,3,4,4,0,0,5,5,7,0,9,8,3,3,8,0,4,2,4,9,6,8,10,7,11,11,11,8,0,5,3,6,5,7,4,4,8,5,8,6,2,5,2,7,6,8,2,0,10,6,4,7,11,0,0,9,0,7,8,5,8,8,9,5,0,0,2,0,2,7,7,9,7,10,11,0,10,0,0,7,7,5,10,6,10,5,5,6,10,10,3,11,3,5,6,7,0,6,11,3,4,0,7,4,6,5,10,7,0,3,11,3,0,0,4,4,9,6,10,8,5,4
2,8,8,8,8,9,11,4,0,3,11,7,7,10,6,4,11,4,11,0,7,9,6,6,10,5,7,2,2,4,5,5,2,2,6,6,8,2,10,9,4,4,9,2,5,3,5,10,7,9,11,8,0,0,0,9,2,6,4,7,6,8,5,5,9,6,9,7,3,6,3,8,7,9,3,2,11,7,5,8,0,2,2,10,2,8,9,6,9,9,10,6,2,2,3,2,3,8,8,10,8,11,0,2,11,2,2,8,8,6,11,7,11,6,6,7,11,11,4,0,4,6,7,8,2,7,0,4,5,2,8,5,7,6,11,8,2,4,0,4,2,2,5,5,10,7,11,9,6,5
3,9,9,9,9,10,0,5,2,4,0,8,8,11,7,5,0,5,0,2,8,10,7,7,11,6,8,3,3,5,6,6,3,3,7,7,9,3,11,10,5,5,10,3,6,4,6,11,8,10,0,9,2,2,2,10,3,7,5,8,7,9,6,6,10,7,10,8,4,7,4,9,8,10,4,3,0,8,6,9,2,3,3,11,3,9,10,7,10,10,11,7,3,3,4,3,4,9,9,11,9,0,2,3,0,3,3,9,9,7,0,8,0,7,7,8,0,0,5,2,5,7,8,9,3,8,2,5,6,3,9,6,8,7,0,9,3,5,2,5,3,3,6,6,11,8,0,10,7,6
4,10,10,10,10,11,2,6,3,5,2,9,9,0,8,6,2,6,2,3,9,11,8,8,0,7,9,4,4,6,7,7,4,4,8,8,10,4,0,11,6,6,11,4,7,5,7,0,9,11,2,10,3,3,3,11,4,8,6,9,8,10,7,7,11,8,11,9,5,8,5,10,9,11,5,4,2,9,7,10,3,4,4,0,4,10,11,8,11,11,0,8,4,4,5,4,5,10,10,0,10,2,3,4,2,4,4,10,10,8,2,9,2,8,8,9,2,2,6,3,6,8,9,10,4,9,3,6,7,4,10,7,9,8,2,10,4,6,3,6,4,4,7,7,0,9,2,11,8,7
5,11,11,11,11,0,3,7,4,6,3,10,10,2,9,7,3,7,3,4,10,0,9,9,2,8,10,5,5,7,8,8,5,5,9,9,11,5,2,0,7,7,0,5,8,6,8,2,10,0,3,11,4,4,4,0,5,9,7,10,9,11,8,8,0,9,0,10,6,9,6,11,10,0,6,5,3,10,8,11,4,5,5,2,5,11,0,9,0,0,2,9,5,5,6,5,6,11,11,2,11,3,4,5,3,5,5,11,11,9,3,10,3,9,9,10,3,3,7,4,7,9,10,11,5,10,4,7,8,5,11,8,10,9,3,11,5,7,4,7,5,5,8,8,2,10,3,0,9,8
6,0,0,0,0,2,4,8,5,7,4,11,11,3,10,8,4,8,4,5,11,2,10,10,3,9,11,6,6,8,9,9,6,6,10,10,0,6,3,2,8,8,2,6,9,7,9,3,11,2,4,0,5,5,5,2,6,10,8,11,10,0,9,9,2,10,2,11,7,10,7,0,11,2,7,6,4,11,9,0,5,6,6,3,6,0,2,10,2,2,3,10,6,6,7,6,7,0,0,3,0,4,5,6,4,6,6,0,0,10,4,11,4,10,10,11,4,4,8,5,8,10,11,0,6,11,5,8,9,6,0,9,11,10,4,0,6,8,5,8,6,6,9,9,3,11,4,2,10,9
7,2,2,2,2,3,5,9,6,8,5,0,0,4,11,9,5,9,5,6,0,3,11,11,4,10,0,7,7,9,10,10,7,7,11,11,2,7,4,3,9,9,3,7,10,8,10,4,0,3,5,2,6,6,6,3,7,11,9,0,11,2,10,10,3,11,3,0,8,11,8,2,0,3,8,7,5,0,10,2,6,7,7,4,7,2,3,11,3,3,4,11,7,7,8,7,8,2,2,4,2,5,6,7,5,7,7,2,2,11,5,0,5,11,11,0,5,5,9,6,9,11,0,2,7,0,6,9,10,7,2,10,0,11,5,2,7,9,6,9,7,7,10,10,4,0,5,3,11,10
8,3,3,3,3,4,6,10,7,9,6,2,2,5,0,10,6,10,6,7,2,4,0,0,5,11,2,8,8,10,11,11,8,8,0,0,3,8,5,4,10,10,4,8,11,9,11,5,2,4,6,3,7,7,7,4,8,0,10,2,0,3,11,11,4,0,4,2,9,0,9,3,2,4,9,8,6,2,11,3,7,8,8,5,8,3,4,0,4,4,5,0,8,8,9,8,9,3,3,5,3,6,7,8,6,8,8,3,3,0,6,2,6,0,0,2,6,6,10,7,10,0,2,3,8,2,7,10,11,8,3,11,2,0,6,3,8,10,7,10,8,8,11,11,5,2,6,4,0,11
9,4,4,4,4,5,7,11,8,10,7,3,3,6,2,11,7,11,7,8,3,5,2,2,6,0,3,9,9,11,0,0,9,9,2,2,4,9,6,5,11,11,5,9,0,10,0,6,3,5,7,4,8,8,8,5,9,2,11,3,2,4,0,0,5,2,5,3,10,2,10,4,3,5,10,9,7,3,0,4,8,9,9,6,9,4,5,2,5,5,6,2,9,9,10,9,10,4,4,6,4,7,8,9,7,9,9,4,4,2,7,3,7,2,2,3,7,7,11,8,11,2,3,4,9,3,8,11,0,9,4,0,3,2,7,4,9,11,8,11,9,9,0,0,6,3,7,5,2,0
10,5,5,5,5,6,8,0,9,11,8,4,4,7,3,0,8,0,8,9,4,6,3,3,7,2,4,10,10,0,2,2,10,10,3,3,5,10,7,6,0,0,6,10,2,11,2,7,4,6,8,5,9,9,9,6,10,3,0,4,3,5,2,2,6,3,6,4,11,3,11,5,4,6,11,10,8,4,2,5,9,10,10,7,10,5,6,3,6,6,7,3,10,10,11,10,11,5,5,7,5,8,9,10,8,10,10,5,5,3,8,4,8,3,3,4,8,8,0,9,0,3,4,5,10,4,9,0,2,10,5,2,4,3,8,5,10,0,9,0,10,10,2,2,7,4,8,6,3,2
11,6,6,6,6,7,9,2,10,0,9,5,5,8,4,2,9,2,9,10,5,7,4,4,8,3,5,11,11,2,3,3,11,11,4,4,6,11,8,7,2,2,7,11,3,0,3,8,5,7,9,6,10,10,10,7,11,4,2,5,4,6,3,3,7,4,7,5,0,4,0,6,5,7,0,11,9,5,3,6,10,11,11,8,11,6,7,4,7,7,8,4,11,11,0,11,0,6,6,8,6,9,10,11,9,11,11,6,6,4,9,5,9,4,4,5,9,9,2,10,2,4,5,6,11,5,10,2,3,11,6,3,5,4,9,6,11,2,10,2,11,11,3,3,8,5,9,7,4,3
0,7,7,7,7,8,10,3,11,2,10,6,6,9,5,3,10,3,10,11,6,8,5,5,9,4,6,0,0,3,4,4,0,0,5,5,7,0,9,8,3,3,8,0,4,2,4,9,6,8,10,7,11,11,11,8,0,5,3,6,5,7,4,4,8,5,8,6,2,5,2,7,6,8,2,0,10,6,4,7,11,0,0,9,0,7,8,5,8,8,9,5,0,0,2,0,2,7,7,9,7,10,11,0,10,0,0,7,7,5,10,6,10,5,5,6,10,10,3,11,3,5,6,7,0,6,11,3,4,0,7,4,6,5,10,7,0,3,11,3,0,0,4,4,9,6,10,8,5,4
2,8,8,8,8,9,11,4,0,3,11,7,7,10,6,4,11,4,11,0,7,9,6,6,10,5,7,2,2,4,5,5,2,2,6,6,8,2,10,9,4,4,9,2,5,3,5,10,7,9,11,8,0,0,0,9,2,6,4,7,6,8,5,5,9,6,9,7,3,6,3,8,7,9,3,2,11,7,5,8,0,2,2,10,2,8,9,6,9,9,10,6,2,2,3,2,3,8,8,10,8,11,0,2,11,2,2,8,8,6,11,7,11,6,6,7,11,11,4,0,4,6,7,8,2,7,0,4,5,2,8,5,7,6,11,8,2,4,0,4,2,2,5,5,10,7,11,9,6,5
3,9,9,9,9,10,0,5,2,4,0,8,8,11,7,5,0,5,0,2,8,10,7,7,11,6,8,3,3,5,6,6,3,3,7,7,9,3,11,10,5,5,10,3,6,4,6,11,8,10,0,9,2,2,2,10,3,7,5,8,7,9,6,6,10,7,10,8,4,7,4,9,8,10,4,3,0,8,6,9,2,3,3,11,3,9,10,7,10,10,11,7,3,3,4,3,4,9,9,11,9,0,2,3,0,3,3,9,9,7,0,8,0,7,7,8,0,0,5,2,5,7,8,9,3,8,2,5,6,3,9,6,8,7,0,9,3,5,2,5,3,3,6,6,11,8,0,10,7,6
4,10,10,10,10,11,2,6,3,5,2,9,9,0,8,6,2,6,2,3,9,11,8,8,0,7,9,4,4,6,7,7,4,4,8,8,10,4,0,11,6,6,11,4,7,5,7,0,9,11,2,10,3,3,3,11,4,8,6,9,8,10,7,7,11,8,11,9,5,8,5,10,9,11,5,4,2,9,7,10,3,4,4,0,4,10,11,8,11,11,0,8,4,4,5,4,5,10,10,0,10,2,3,4,2,4,4,10,10,8,2,9,2,8,8,9,2,2,6,3,6,8,9,10,4,9,3,6,7,4,10,7,9,8,2,10,4,6,3,6,4,4,7,7,0,9,2,11,8,7
5,11,11,11,11,0,3,7,4,6,3,10,10,2,9,7,3,7,3,4,10,0,9,9,2,8,10,5,5,7,8,8,5,5,9,9,11,5,2,0,7,7,0,5,8,6,8,2,10,0,3,11,4,4,4,0,5,9,7,10,9,11,8,8,0,9,0,10,6,9,6,11,10,0,6,5,3,10,8,11,4,5,5,2,5,11,0,9,0,0,2,9,5,5,6,5,6,11,11,2,11,3,4,5,3,5,5,11,11,9,3,10,3,9,9,10,3,3,7,4,7,9,10,11,5,10,4,7,8,5,11,8,10,9,3,11,5,7,4,7,5,5,8,8,2,10,3,0,9,8
6,0,0,0,0,2,4,8,5,7,4,11,11,3,10,8,4,8,4,5,11,2,10,10,3,9,11,6,6,8,9,9,6,6,10,10,0,6,3,2,8,8,2,6,9,7,9,3,11,2,4,0,5,5,5,2,6,10,8,11,10,0,9,9,2,10,2,11,7,10,7,0,11,2,7,6,4,11,9,0,5,6,6,3,6,0,2,10,2,2,3,10,6,6,7,6,7,0,0,3,0,4,5,6,4,6,6,0,0,10,4,11,4,10,10,11,4,4,8,5,8,10,11,0,6,11,5,8,9,6,0,9,11,10,4,0,6,8,5,8,6,6,9,9,3,11,4,2,10,9
7,2,2,2,2,3,5,9,6,8,5,0,0,4,11,9,5,9,5,6,0,3,11,11,4,10,0,7,7,9,10,10,7,7,11,11,2,7,4,3,9,9,3,7,10,8,10,4,0,3,5,2,6,6,6,3,7,11,9,0,11,2,10,10,3,11,3,0,8,11,8,2,0,3,8,7,5,0,10,2,6,7,7,4,7,2,3,11,3,3,4,11,7,7,8,7,8,2,2,4,2,5,6,7,5,7,7,2,2,11,5,0,5,11,11,0,5,5,9,6,9,11,0,2,7,0,6,9,10,7,2,10,0,11,5,2,7,9,6,9,7,7,10,10,4,0,5,3,11,10
8,3,3,3,3,4,6,10,7,9,6,2,2,5,0,10,6,10,6,7,2,4,0,0,5,11,2,8,8,10,11,11,8,8,0,0,3,8,5,4,10,10,4,8,11,9,11,5,2,4,6,3,7,7,7,4,8,0,10,2,0,3,11,11,4,0,4,2,9,0,9,3,2,4,9,8,6,2,11,3,7,8,8,5,8,3,4,0,4,4,5,0,8,8,9,8,9,3,3,5,3,6,7,8,6,8,8,3,3,0,6,2,6,0,0,2,6,6,10,7,10,0,2,3,8,2,7,10,11,8,3,11,2,0,6,3,8,10,7,10,8,8,11,11,5,2,6,4,0,11
9,4,4,4,4,5,7,11,8,10,7,3,3,6,2,11,7,11,7,8,3,5,2,2,6,0,3,9,9,11,0,0,9,9,2,2,4,9,6,5,11,11,5,9,0,10,0,6,3,5,7,4,8,8,8,5,9,2,11,3,2,4,0,0,5,2,5,3,10,2,10,4,3,5,10,9,7,3,0,4,8,9,9,6,9,4,5,2,5,5,6,2,9,9,10,9,10,4,4,6,4,7,8,9,7,9,9,4,4,2,7,3,7,2,2,3,7,7,11,8,11,2,3,4,9,3,8,11,0,9,4,0,3,2,7,4,9,11,8,11,9,9,0,0,6,3,7,5,2,0
10,5,5,5,5,6,8,0,9,11,8,4,4,7,3,0,8,0,8,9,4,6,3,3,7,2,4,10,10,0,2,2,10,10,3,3,5,10,7,6,0,0,6,10,2,11,2,7,4,6,8,5,9,9,9,6,10,3,0,4,3,5,2,2,6,3,6,4,11,3,11,5,4,6,11,10,8,4,2,5,9,10,10,7,10,5,6,3,6,6,7,3,10,10,11,10,11,5,5,7,5,8,9,10,8,10,10,5,5,3,8,4,8,3,3,4,8,8,0,9,0,3,4,5,10,4,9,0,2,10,5,2,4,3,8,5,10,0,9,0,10,10,2,2,7,4,8,6,3,2
11,6,6,6,6,7,9,2,10,0,9,5,5,8,4,2,9,2,9,10,5,7,4,4,8,3,5,11,11,2,3,3,11,11,4,4,6,11,8,7,2,2,7,11,3,0,3,8,5,7,9,6,10,10,10,7,11,4,2,5,4,6,3,3,7,4,7,5,0,4,0,6,5,7,0,11,9,5,3,6,10,11,11,8,11,6,7,4,7,7,8,4,11,11,0,11,0,6,6,8,6,9,10,11,9,11,11,6,6,4,9,5,9,4,4,5,9,9,2,10,2,4,5,6,11,5,10,2,3,11,6,3,5,4,9,6,11,2,10,2,11,11,3,3,8,5,9,7,4,3
0,7,7,7,7,8,10,3,11,2,10,6,6,9,5,3,10,3,10,11,6,8,5,5,9,4,6,0,0,3,4,4,0,0,5,5,7,0,9,8,3,3,8,0,4,2,4,9,6,8,10,7,11,11,11,8,0,5,3,6,5,7,4,4,8,5,8,6,2,5,2,7,6,8,2,0,10,6,4,7,11,0,0,9,0,7,8,5,8,8,9,5,0,0,2,0,2,7,7,9,7,10,11,0,10,0,0,7,7,5,10,6,10,5,5,6,10,10,3,11,3,5,6,7,0,6,11,3,4,0,7,4,6,5,10,7,0,3,11,3,0,0,4,4,9,6,10,8,5,4
2,8,8,8,8,9,11,4,0,3,11,7,7,10,6,4,11,4,11,0,7,9,6,6,10,5,7,2,2,4,5,5,2,2,6,6,8,2,10,9,4,4,9,2,5,3,5,10,7,9,11,8,0,0,0,9,2,6,4,7,6,8,5,5,9,6,9,7,3,6,3,8,7,9,3,2,11,7,5,8,0,2,2,10,2,8,9,6,9,9,10,6,2,2,3,2,3,8,8,10,8,11,0,2,11,2,2,8,8,6,11,7,11,6,6,7,11,11,4,0,4,6,7,8,2,7,0,4,5,2,8,5,7,6,11,8,2,4,0,4,2,2,5,5,10,7,11,9,6,5
3,9,9,9,9,10,0,5,2,4,0,8,8,11,7,5,0,5,0,2,8,10,7,7,11,6,8,3,3,5,6,6,3,3,7,7,9,3,11,10,5,5,10,3,6,4,6,11,8,10,0,9,2,2,2,10,3,7,5,8,7,9,6,6,10,7,10,8,4,7,4,9,8,10,4,3,0,8,6,9,2,3,3,11,3,9,10,7,10,10,11,7,3,3,4,3,4,9,9,11,9,0,2,3,0,3,3,9,9,7,0,8,0,7,7,8,0,0,5,2,5,7,8,9,3,8,2,5,6,3,9,6,8,7,0,9,3,5,2,5,3,3,6,6,11,8,0,10,7,6
4,10,10,10,10,11,2,6,3,5,2,9,9,0,8,6,2,6,2,3,9,11,8,8,0,7,9,4,4,6,7,7,4,4,8,8,10,4,0,11,6,6,11,4,7,5,7,0,9,11,2,10,3,3,3,11,4,8,6,9,8,10,7,7,11,8,11,9,5,8,5,10,9,11,5,4,2,9,7,10,3,4,4,0,4,10,11,8,11,11,0,8,4,4,5,4,5,10,10,0,10,2,3,4,2,4,4,10,10,8,2,9,2,8,8,9,2,2,6,3,6,8,9,10,4,9,3,6,7,4,10,7,9,8,2,10,4,6,3,6,4,4,7,7,0,9,2,11,8,7
5,11,11,11,11,0,3,7,4,6,3,10,10,2,9,7,3,7,3,4,10,0,9,9,2,8,10,5,5,7,8,8,5,5,9,9,11,5,2,0,7,7,0,5,8,6,8,2,10,0,3,11,4,4,4,0,5,9,7,10,9,11,8,8,0,9,0,10,6,9,6,11,10,0,6,5,3,10,8,11,4,5,5,2,5,11,0,9,0,0,2,9,5,5,6,5,6,11,11,2,11,3,4,5,3,5,5,11,11,9,3,10,3,9,9,10,3,3,7,4,7,9,10,11,5,10,4,7,8,5,11,8,10,9,3,11,5,7,4,7,5,5,8,8,2,10,3,0,9,8
6,0,0,0,0,2,4,8,5,7,4,11,11,3,10,8,4,8,4,5,11,2,10,10,3,9,11,6,6,8,9,9,6,6,10,10,0,6,3,2,8,8,2,6,9,7,9,3,11,2,4,0,5,5,5,2,6,10,8,11,10,0,9,9,2,10,2,11,7,10,7,0,11,2,7,6,4,11,9,0,5,6,6,3,6,0,2,10,2,2,3,10,6,6,7,6,7,0,0,3,0,4,5,6,4,6,6,0,0,10,4,11,4,10,10,11,4,4,8,5,8,10,11,0,6,11,5,8,9,6,0,9,11,10,4,0,6,8,5,8,6,6,9,9,3,11,4,2,10,9
7,2,2,2,2,3,5,9,6,8,5,0,0,4,11,9,5,9,5,6,0,3,11,11,4,10,0,7,7,9,10,10,7,7,11,11,2,7,4,3,9,9,3,7,10,8,10,4,0,3,5,2,6,6,6,3,7,11,9,0,11,2,10,10,3,11,3,0,8,11,8,2,0,3,8,7,5,0,10,2,6,7,7,4,7,2,3,11,3,3,4,11,7,7,8,7,8,2,2,4,2,5,6,7,5,7,7,2,2,11,5,0,5,11,11,0,5,5,9,6,9,11,0,2,7,0,6,9,10,7,2,10,0,11,5,2,7,9,6,9,7,7,10,10,4,0,5,3,11,10
8,3,3,3,3,4,6,10,7,9,6,2,2,5,0,10,6,10,6,7,2,4,0,0,5,11,2,8,8,10,11,11,8,8,0,0,3,8,5,4,10,10,4,8,11,9,11,5,2,4,6,3,7,7,7,4,8,0,10,2,0,3,11,11,4,0,4,2,9,0,9,3,2,4,9,8,6,2,11,3,7,8,8,5,8,3,4,0,4,4,5,0,8,8,9,8,9,3,3,5,3,6,7,8,6,8,8,3,3,0,6,2,6,0,0,2,6,6,10,7,10,0,2,3,8,2,7,10,11,8,3,11,2,0,6,3,8,10,7,10,8,8,11,11,5,2,6,4,0,11
9,4,4,4,4,5,7,11,8,10,7,3,3,6,2,11,7,11,7,8,3,5,2,2,6,0,3,9,9,11,0,0,9,9,2,2,4,9,6,5,11,11,5,9,0,10,0,6,3,5,7,4,8,8,8,5,9,2,11,3,2,4,0,0,5,2,5,3,10,2,10,4,3,5,10,9,7,3,0,4,8,9,9,6,9,4,5,2,5,5,6,2,9,9,10,9,10,4,4,6,4,7,8,9,7,9,9,4,4,2,7,3,7,2,2,3,7,7,11,8,11,2,3,4,9,3,8,11,0,9,4,0,3,2,7,4,9,11,8,11,9,9,0,0,6,3,7,5,2,0
10,5,5,5,5,6,8,0,9,11,8,4,4,7,3,0,8,0,8,9,4,6,3,3,7,2,4,10,10,0,2,2,10,10,3,3,5,10,7,6,0,0,6,10,2,11,2,7,4,6,8,5,9,9,9,6,10,3,0,4,3,5,2,2,6,3,6,4,11,3,11,5,4,6,11,10,8,4,2,5,9,10,10,7,10,5,6,3,6,6,7,3,10,10,11,10,11,5,5,7,5,8,9,10,8,10,10,5,5,3,8,4,8,3,3,4,8,8,0,9,0,3,4,5,10,4,9,0,2,10,5,2,4,3,8,5,10,0,9,0,10,10,2,2,7,4,8,6,3,2
11,6,6,6,6,7,9,2,10,0,9,5,5,8,4,2,9,2,9,10,5,7,4,4,8,3,5,11,11,2,3,3,11,11,4,4,6,11,8,7,2,2,7,11,3,0,3,8,5,7,9,6,10,10,10,7,11,4,2,5,4,6,3,3,7,4,7,5,0,4,0,6,5,7,0,11,9,5,3,6,10,11,11,8,11,6,7,4,7,7,8,4,11,11,0,11,0,6,6,8,6,9,10,11,9,11,11,6,6,4,9,5,9,4,4,5,9,9,2,10,2,4,5,6,11,5,10,2,3,11,6,3,5,4,9,6,11,2,10,2,11,11,3,3,8,5,9,7,4,3
0,7,7,7,7,8,10,3,11,2,10,6,6,9,5,3,10,3,10,11,6,8,5,5,9,4,6,0,0,3,4,4,0,0,5,5,7,0,9,8,3,3,8,0,4,2,4,9,6,8,10,7,11,11,11,8,0,5,3,6,5,7,4,4,8,5,8,6,2,5,2,7,6,8,2,0,10,6,4,7,11,0,0,9,0,7,8,5,8,8,9,5,0,0,2,0,2,7,7,9,7,10,11,0,10,0,0,7,7,5,10,6,10,5,5,6,10,10,3,11,3,5,6,7,0,6,11,3,4,0,7,4,6,5,10,7,0,3,11,3,0,0,4,4,9,6,10,8,5,4
2,8,8,8,8,9,11,4,0,3,11,7,7,10,6,4,11,4,11,0,7,9,6,6,10,5,7,2,2,4,5,5,2,2,6,6,8,2,10,9,4,4,9,2,5,3,5,10,7,9,11,8,0,0,0,9,2,6,4,7,6,8,5,5,9,6,9,7,3,6,3,8,7,9,3,2,11,7,5,8,0,2,2,10,2,8,9,6,9,9,10,6,2,2,3,2,3,8,8,10,8,11,0,2,11,2,2,8,8,6,11,7,11,6,6,7,11,11,4,0,4,6,7,8,2,7,0,4,5,2,8,5,7,6,11,8,2,4,0,4,2,2,5,5,10,7,11,9,6,5
3,9,9,9,9,10,0,5,2,4,0,8,8,11,7,5,0,5,0,2,8,10,7,7,11,6,8,3,3,5,6,6,3,3,7,7,9,3,11,10,5,5,10,3,6,4,6,11,8,10,0,9,2,2,2,10,3,7,5,8,7,9,6,6,10,7,10,8,4,7,4,9,8,10,4,3,0,8,6,9,2,3,3,11,3,9,10,7,10,10,11,7,3,3,4,3,4,9,9,11,9,0,2,3,0,3,3,9,9,7,0,8,0,7,7,8,0,0,5,2,5,7,8,9,3,8,2,5,6,3,9,6,8,7,0,9,3,5,2,5,3,3,6,6,11,8,0,10,7,6
4,10,10,10,10,11,2,6,3,5,2,9,9,0,8,6,2,6,2,3,9,11,8,8,0,7,9,4,4,6,7,7,4,4,8,8,10,4,0,11,6,6,11,4,7,5,7,0,9,11,2,10,3,3,3,11,4,8,6,9,8,10,7,7,11,8,11,9,5,8,5,10,9,11,5,4,2,9,7,10,3,4,4,0,4,10,11,8,11,11,0,8,4,4,5,4,5,10,10,0,10,2,3,4,2,4,4,10,10,8,2,9,2,8,8,9,2,2,6,3,6,8,9,10,4,9,3,6,7,4,10,7,9,8,2,10,4,6,3,6,4,4,7,7,0,9,2,11,8,7
5,11,11,11,11,0,3,7,4,6,3,10,10,2,9,7,3,7,3,4,10,0,9,9,2,8,10,5,5,7,8,8,5,5,9,9,11,5,2,0,7,7,0,5,8,6,8,2,10,0,3,11,4,4,4,0,5,9,7,10,9,11,8,8,0,9,0,10,6,9,6,11,10,0,6,5,3,10,8,11,4,5,5,2,5,11,0,9,0,0,2,9,5,5,6,5,6,11,11,2,11,3,4,5,3,5,5,11,11,9,3,10,3,9,9,10,3,3,7,4,7,9,10,11,5,10,4,7,8,5,11,8,10,9,3,11,5,7,4,7,5,5,8,8,2,10,3,0,9,8
6,0,0,0,0,2,4,8,5,7,4,11,11,3,10,8,4,8,4,5,11,2,10,10,3,9,11,6,6,8,9,9,6,6,10,10,0,6,3,2,8,8,2,6,9,7,9,3,11,2,4,0,5,5,5,2,6,10,8,11,10,0,9,9,2,10,2,11,7,10,7,0,11,2,7,6,4,11,9,0,5,6,6,3,6,0,2,10,2,2,3,10,6,6,7,6,7,0,0,3,0,4,5,6,4,6,6,0,0,10,4,11,4,10,10,11,4,4,8,5,8,10,11,0,6,11,5,8,9,6,0,9,11,10,4,0,6,8,5,8,6,6,9,9,3,11,4,2,10,9
7,2,2,2,2,3,5,9,6,8,5,0,0,4,11,9,5,9,5,6,0,3,11,11,4,10,0,7,7,9,10,10,7,7,11,11,2,7,4,3,9,9,3,7,10,8,10,4,0,3,5,2,6,6,6,3,7,11,9,0,11,2,10,10,3,11,3,0,8,11,8,2,0,3,8,7,5,0,10,2,6,7,7,4,7,2,3,11,3,3,4,11,7,7,8,7,8,2,2,4,2,5,6,7,5,7,7,2,2,11,5,0,5,11,11,0,5,5,9,6,9,11,0,2,7,0,6,9,10,7,2,10,0,11,5,2,7,9,6,9,7,7,10,10,4,0,5,3,11,10
8,3,3,3,3,4,6,10,7,9,6,2,2,5,0,10,6,10,6,7,2,4,0,0,5,11,2,8,8,10,11,11,8,8,0,0,3,8,5,4,10,10,4,8,11,9,11,5,2,4,6,3,7,7,7,4,8,0,10,2,0,3,11,11,4,0,4,2,9,0,9,3,2,4,9,8,6,2,11,3,7,8,8,5,8,3,4,0,4,4,5,0,8,8,9,8,9,3,3,5,3,6,7,8,6,8,8,3,3,0,6,2,6,0,0,2,6,6,10,7,10,0,2,3,8,2,7,10,11,8,3,11,2,0,6,3,8,10,7,10,8,8,11,11,5,2,6,4,0,11
9,4,4,4,4,5,7,11,8,10,7,3,3,6,2,11,7,11,7,8,3,5,2,2,6,0,3,9,9,11,0,0,9,9,2,2,4,9,6,5,11,11,5,9,0,10,0,6,3,5,7,4,8,8,8,5,9,2,11,3,2,4,0,0,5,2,5,3,10,2,10,4,3,5,10,9,7,3,0,4,8,9,9,6,9,4,5,2,5,5,6,2,9,9,10,9,10,4,4,6,4,7,8,9,7,9,9,4,4,2,7,3,7,2,2,3,7,7,11,8,11,2,3,4,9,3,8,11,0,9,4,0,3,2,7,4,9,11,8,11,9,9,0,0,6,3,7,5,2,0
10,5,5,5,5,6,8,0,9,11,8,4,4,7,3,0,8,0,8,9,4,6,3,3,7,2,4,10,10,0,2,2,10,10,3,3,5,10,7,6,0,0,6,10,2,11,2,7,4,6,8,5,9,9,9,6,10,3,0,4,3,5,2,2,6,3,6,4,11,3,11,5,4,6,11,10,8,4,2,5,9,10,10,7,10,5,6,3,6,6,7,3,10,10,11,10,11,5,5,7,5,8,9,10,8,10,10,5,5,3,8,4,8,3,3,4,8,8,0,9,0,3,4,5,10,4,9,0,2,10,5,2,4,3,8,5,10,0,9,0,10,10,2,2,7,4,8,6,3,2
11,6,6,6,6,7,9,2,10,0,9,5,5,8,4,2,9,2,9,10,5,7,4,4,8,3,5,11,11,2,3,3,11,11,4,4,6,11,8,7,2,2,7,11,3,0,3,8,5,7,9,6,10,10,10,7,11,4,2,5,4,6,3,3,7,4,7,5,0,4,0,6,5,7,0,11,9,5,3,6,10,11,11,8,11,6,7,4,7,7,8,4,11,11,0,11,0,6,6,8,6,9,10,11,9,11,11,6,6,4,9,5,9,4,4,5,9,9,2,10,2,4,5,6,11,5,10,2,3,11,6,3,5,4,9,6,11,2,10,2,11,11,3,3,8,5,9,7,4,3
0,7,7,7,7,8,10,3,11,2,10,6,6,9,5,3,10,3,10,11,6,8,5,5,9,4,6,0,0,3,4,4,0,0,5,5,7,0,9,8,3,3,8,0,4,2,4,9,6,8,10,7,11,11,11,8,0,5,3,6,5,7,4,4,8,5,8,6,2,5,2,7,6,8,2,0,10,6,4,7,11,0,0,9,0,7,8,5,8,8,9,5,0,0,2,0,2,7,7,9,7,10,11,0,10,0,0,7,7,5,10,6,10,5,5,6,10,10,3,11,3,5,6,7,0,6,11,3,4,0,7,4,6,5,10,7,0,3,11,3,0,0,4,4,9,6,10,8,5,4
2,8,8,8,8,9,11,4,0,3,11,7,7,10,6,4,11,4,11,0,7,9,6,6,10,5,7,2,2,4,5,5,2,2,6,6,8,2,10,9,4,4,9,2,5,3,5,10,7,9,11,8,0,0,0,9,2,6,4,7,6,8,5,5,9,6,9,7,3,6,3,8,7,9,3,2,11,7,5,8,0,2,2,10,2,8,9,6,9,9,10,6,2,2,3,2,3,8,8,10,8,11,0,2,11,2,2,8,8,6,11,7,11,6,6,7,11,11,4,0,4,6,7,8,2,7,0,4,5,2,8,5,7,6,11,8,2,4,0,4,2,2,5,5,10,7,11,9,6,5
3,9,9,9,9,10,0,5,2,4,0,8,8,11,7,5,0,5,0,2,8,10,7,7,11,6,8,3,3,5,6,6,3,3,7,7,9,3,11,10,5,5,10,3,6,4,6,11,8,10,0,9,2,2,2,10,3,7,5,8,7,9,6,6,10,7,10,8,4,7,4,9,8,10,4,3,0,8,6,9,2,3,3,11,3,9,10,7,10,10,11,7,3,3,4,3,4,9,9,11,9,0,2,3,0,3,3,9,9,7,0,8,0,7,7,8,0,0,5,2,5,7,8,9,3,8,2,5,6,3,9,6,8,7,0,9,3,5,2,5,3,3,6,6,11,8,0,10,7,6
4,10,10,10,10,11,2,6,3,5,2,9,9,0,8,6,2,6,2,3,9,11,8,8,0,7,9,4,4,6,7,7,4,4,8,8,10,4,0,11,6,6,11,4,7,5,7,0,9,11,2,10,3,3,3,11,4,8,6,9,8,10,7,7,11,8,11,9,5,8,5,10,9,11,5,4,2,9,7,10,3,4,4,0,4,10,11,8,11,11,0,8,4,4,5,4,5,10,10,0,10,2,3,4,2,4,4,10,10,8,2,9,2,8,8,9,2,2,6,3,6,8,9,10,4,9,3,6,7,4,10,7,9,8,2,10,4,6,3,6,4,4,7,7,0,9,2,11,8,7
5,11,11,11,11,0,3,7,4,6,3,10,10,2,9,7,3,7,3,4,10,0,9,9,2,8,10,5,5,7,8,8,5,5,9,9,11,5,2,0,7,7,0,5,8,6,8,2,10,0,3,11,4,4,4,0,5,9,7,10,9,11,8,8,0,9,0,10,6,9,6,11,10,0,6,5,3,10,8,11,4,5,5,2,5,11,0,9,0,0,2,9,5,5,6,5,6,11,11,2,11,3,4,5,3,5,5,11,11,9,3,10,3,9,9,10,3,3,7,4,7,9,10,11,5,10,4,7,8,5,11,8,10,9,3,11,5,7,4,7,5,5,8,8,2,10,3,0,9,8
6,0,0,0,0,2,4,8,5,7,4,11,11,3,10,8,4,8,4,5,11,2,10,10,3,9,11,6,6,8,9,9,6,6,10,10,0,6,3,2,8,8,2,6,9,7,9,3,11,2,4,0,5,5,5,2,6,10,8,11,10,0,9,9,2,10,2,11,7,10,7,0,11,2,7,6,4,11,9,0,5,6,6,3,6,0,2,10,2,2,3,10,6,6,7,6,7,0,0,3,0,4,5,6,4,6,6,0,0,10,4,11,4,10,10,11,4,4,8,5,8,10,11,0,6,11,5,8,9,6,0,9,11,10,4,0,6,8,5,8,6,6,9,9,3,11,4,2,10,9
7,2,2,2,2,3,5,9,6,8,5,0,0,4,11,9,5,9,5,6,0,3,11,11,4,10,0,7,7,9,10,10,7,7,11,11,2,7,4,3,9,9,3,7,10,8,10,4,0,3,5,2,6,6,6,3,7,11,9,0,11,2,10,10,3,11,3,0,8,11,8,2,0,3,8,7,5,0,10,2,6,7,7,4,7,2,3,11,3,3,4,11,7,7,8,7,8,2,2,4,2,5,6,7,5,7,7,2,2,11,5,0,5,11,11,0,5,5,9,6,9,11,0,2,7,0,6,9,10,7,2,10,0,11,5,2,7,9,6,9,7,7,10,10,4,0,5,3,11,10
8,3,3,3,3,4,6,10,7,9,6,2,2,5,0,10,6,10,6,7,2,4,0,0,5,11,2,8,8,10,11,11,8,8,0,0,3,8,5,4,10,10,4,8,11,9,11,5,2,4,6,3,7,7,7,4,8,0,10,2,0,3,11,11,4,0,4,2,9,0,9,3,2,4,9,8,6,2,11,3,7,8,8,5,8,3,4,0,4,4,5,0,8,8,9,8,9,3,3,5,3,6,7,8,6,8,8,3,3,0,6,2,6,0,0,2,6,6,10,7,10,0,2,3,8,2,7,10,11,8,3,11,2,0,6,3,8,10,7,10,8,8,11,11,5,2,6,4,0,11
9,4,4,4,4,5,7,11,8,10,7,3,3,6,2,11,7,11,7,8,3,5,2,2,6,0,3,9,9,11,0,0,9,9,2,2,4,9,6,5,11,11,5,9,0,10,0,6,3,5,7,4,8,8,8,5,9,2,11,3,2,4,0,0,5,2,5,3,10,2,10,4,3,5,10,9,7,3,0,4,8,9,9,6,9,4,5,2,5,5,6,2,9,9,10,9,10,4,4,6,4,7,8,9,7,9,9,4,4,2,7,3,7,2,2,3,7,7,11,8,11,2,3,4,9,3,8,11,0,9,4,0,3,2,7,4,9,11,8,11,9,9,0,0,6,3,7,5,2,0
10,5,5,5,5,6,8,0,9,11,8,4,4,7,3,0,8,0,8,9,4,6,3,3,7,2,4,10,10,0,2,2,10,10,3,3,5,10,7,6,0,0,6,10,2,11,2,7,4,6,8,5,9,9,9,6,10,3,0,4,3,5,2,2,6,3,6,4,11,3,11,5,4,6,11,10,8,4,2,5,9,10,10,7,10,5,6,3,6,6,7,3,10,10,11,10,11,5,5,7,5,8,9,10,8,10,10,5,5,3,8,4,8,3,3,4,8,8,0,9,0,3,4,5,10,4,9,0,2,10,5,2,4,3,8,5,10,0,9,0,10,10,2,2,7,4,8,6,3,2
11,6,6,6,6,7,9,2,10,0,9,5,5,8,4,2,9,2,9,10,5,7,4,4,8,3,5,11,11,2,3,3,11,11,4,4,6,11,8,7,2,2,7,11,3,0,3,8,5,7,9,6,10,10,10,7,11,4,2,5,4,6,3,3,7,4,7,5,0,4,0,6,5,7,0,11,9,5,3,6,10,11,11,8,11,6,7,4,7,7,8,4,11,11,0,11,0,6,6,8,6,9,10,11,9,11,11,6,6,4,9,5,9,4,4,5,9,9,2,10,2,4,5,6,11,5,10,2,3,11,6,3,5,4,9,6,11,2,10,2,11,11,3,3,8,5,9,7,4,3
0,7,7,7,7,8,10,3,11,2,10,6,6,9,5,3,10,3,10,11,6,8,5,5,9,4,6,0,0,3,4,4,0,0,5,5,7,0,9,8,3,3,8,0,4,2,4,9,6,8,10,7,11,11,11,8,0,5,3,6,5,7,4,4,8,5,8,6,2,5,2,7,6,8,2,0,10,6,4,7,11,0,0,9,0,7,8,5,8,8,9,5,0,0,2,0,2,7,7,9,7,10,11,0,10,0,0,7,7,5,10,6,10,5,5,6,10,10,3,11,3,5,6,7,0,6,11,3,4,0,7,4,6,5,10,7,0,3,11,3,0,0,4,4,9,6,10,8,5,4
2,8,8,8,8,9,11,4,0,3,11,7,7,10,6,4,11,4,11,0,7,9,6,6,10,5,7,2,2,4,5,5,2,2,6,6,8,2,10,9,4,4,9,2,5,3,5,10,7,9,11,8,0,0,0,9,2,6,4,7,6,8,5,5,9,6,9,7,3,6,3,8,7,9,3,2,11,7,5,8,0,2,2,10,2,8,9,6,9,9,10,6,2,2,3,2,3,8,8,10,8,11,0,2,11,2,2,8,8,6,11,7,11,6,6,7,11,11,4,0,4,6,7,8,2,7,0,4,5,2,8,5,7,6,11,8,2,4,0,4,2,2,5,5,10,7,11,9,6,5
3,9,9,9,9,10,0,5,2,4,0,8,8,11,7,5,0,5,0,2,8,10,7,7,11,6,8,3,3,5,6,6,3,3,7,7,9,3,11,10,5,5,10,3,6,4,6,11,8,10,0,9,2,2,2,10,3,7,5,8,7,9,6,6,10,7,10,8,4,7,4,9,8,10,4,3,0,8,6,9,2,3,3,11,3,9,10,7,10,10,11,7,3,3,4,3,4,9,9,11,9,0,2,3,0,3,3,9,9,7,0,8,0,7,7,8,0,0,5,2,5,7,8,9,3,8,2,5,6,3,9,6,8,7,0,9,3,5,2,5,3,3,6,6,11,8,0,10,7,6
4,10,10,10,10,11,2,6,3,5,2,9,9,0,8,6,2,6,2,3,9,11,8,8,0,7,9,4,4,6,7,7,4,4,8,8,10,4,0,11,6,6,11,4,7,5,7,0,9,11,2,10,3,3,3,11,4,8,6,9,8,10,7,7,11,8,11,9,5,8,5,10,9,11,5,4,2,9,7,10,3,4,4,0,4,10,11,8,11,11,0,8,4,4,5,4,5,10,10,0,10,2,3,4,2,4,4,10,10,8,2,9,2,8,8,9,2,2,6,3,6,8,9,10,4,9,3,6,7,4,10,7,9,8,2,10,4,6,3,6,4,4,7,7,0,9,2,11,8,7
5,11,11,11,11,0,3,7,4,6,3,10,10,2,9,7,3,7,3,4,10,0,9,9,2,8,10,5,5,7,8,8,5,5,9,9,11,5,2,0,7,7,0,5,8,6,8,2,10,0,3,11,4,4,4,0,5,9,7,10,9,11,8,8,0,9,0,10,6,9,6,11,10,0,6,5,3,10,8,11,4,5,5,2,5,11,0,9,0,0,2,9,5,5,6,5,6,11,11,2,11,3,4,5,3,5,5,11,11,9,3,10,3,9,9,10,3,3,7,4,7,9,10,11,5,10,4,7,8,5,11,8,10,9,3,11,5,7,4,7,5,5,8,8,2,10,3,0,9,8
6,0,0,0,0,2,4,8,5,7,4,11,11,3,10,8,4,8,4,5,11,2,10,10,3,9,11,6,6,8,9,9,6,6,10,10,0,6,3,2,8,8,2,6,9,7,9,3,11,2,4,0,5,5,5,2,6,10,8,11,10,0,9,9,2,10,2,11,7,10,7,0,11,2,7,6,4,11,9,0,5,6,6,3,6,0,2,10,2,2,3,10,6,6,7,6,7,0,0,3,0,4,5,6,4,6,6,0,0,10,4,11,4,10,10,11,4,4,8,5,8,10,11,0,6,11,5,8,9,6,0,9,11,10,4,0,6,8,5,8,6,6,9,9,3,11,4,2,10,9
7,2,2,2,2,3,5,9,6,8,5,0,0,4,11,9,5,9,5,6,0,3,11,11,4,10,0,7,7,9,10,10,7,7,11,11,2,7,4,3,9,9,3,7,10,8,10,4,0,3,5,2,6,6,6,3,7,11,9,0,11,2,10,10,3,11,3,0,8,11,8,2,0,3,8,7,5,0,10,2,6,7,7,4,7,2,3,11,3,3,4,11,7,7,8,7,8,2,2,4,2,5,6,7,5,7,7,2,2,11,5,0,5,11,11,0,5,5,9,6,9,11,0,2,7,0,6,9,10,7,2,10,0,11,5,2,7,9,6,9,7,7,10,10,4,0,5,3,11,10
8,3,3,3,3,4,6,10,7,9,6,2,2,5,0,10,6,10,6,7,2,4,0,0,5,11,2,8,8,10,11,11,8,8,0,0,3,8,5,4,10,10,4,8,11,9,11,5,2,4,6,3,7,7,7,4,8,0,10,2,0,3,11,11,4,0,4,2,9,0,9,3,2,4,9,8,6,2,11,3,7,8,8,5,8,3,4,0,4,4,5,0,8,8,9,8,9,3,3,5,3,6,7,8,6,8,8,3,3,0,6,2,6,0,0,2,6,6,10,7,10,0,2,3,8,2,7,10,11,8,3,11,2,0,6,3,8,10,7,10,8,8,11,11,5,2,6,4,0,11
9,4,4,4,4,5,7,11,8,10,7,3,3,6,2,11,7,11,7,8,3,5,2,2,6,0,3,9,9,11,0,0,9,9,2,2,4,9,6,5,11,11,5,9,0,10,0,6,3,5,7,4,8,8,8,5,9,2,11,3,2,4,0,0,5,2,5,3,10,2,10,4,3,5,10,9,7,3,0,4,8,9,9,6,9,4,5,2,5,5,6,2,9,9,10,9,10,4,4,6,4,7,8,9,7,9,9,4,4,2,7,3,7,2,2,3,7,7,11,8,11,2,3,4,9,3,8,11,0,9,4,0,3,2,7,4,9,11,8,11,9,9,0,0,6,3,7,5,2,0
10,5,5,5,5,6,8,0,9,11,8,4,4,7,3,0,8,0,8,9,4,6,3,3,7,2,4,10,10,0,2,2,10,10,3,3,5,10,7,6,0,0,6,10,2,11,2,7,4,6,8,5,9,9,9,6,10,3,0,4,3,5,2,2,6,3,6,4,11,3,11,5,4,6,11,10,8,4,2,5,9,10,10,7,10,5,6,3,6,6,7,3,10,10,11,10,11,5,5,7,5,8,9,10,8,10,10,5,5,3,8,4,8,3,3,4,8,8,0,9,0,3,4,5,10,4,9,0,2,10,5,2,4,3,8,5,10,0,9,0,10,10,2,2,7,4,8,6,3,2
11,6,6,6,6,7,9,2,10,0,9,5,5,8,4,2,9,2,9,10,5,7,4,4,8,3,5,11,11,2,3,3,11,11,4,4,6,11,8,7,2,2,7,11,3,0,3,8,5,7,9,6,10,10,10,7,11,4,2,5,4,6,3,3,7,4,7,5,0,4,0,6,5,7,0,11,9,5,3,6,10,11,11,8,11,6,7,4,7,7,8,4,11,11,0,11,0,6,6,8,6,9,10,11,9,11,11,6,6,4,9,5,9,4,4,5,9,9,2,10,2,4,5,6,11,5,10,2,3,11,6,3,5,4,9,6,11,2,10,2,11,11,3,3,8,5,9,7,4,3
0,7,7,7,7,8,10,3,11,2,10,6,6,9,5,3,10,3,10,11,6,8,5,5,9,4,6,0,0,3,4,4,0,0,5,5,7,0,9,8,3,3,8,0,4,2,4,9,6,8,10,7,11,11,11,8,0,5,3,6,5,7,4,4,8,5,8,6,2,5,2,7,6,8,2,0,10,6,4,7,11,0,0,9,0,7,8,5,8,8,9,5,0,0,2,0,2,7,7,9,7,10,11,0,10,0,0,7,7,5,10,6,10,5,5,6,10,10,3,11,3,5,6,7,0,6,11,3,4,0,7,4,6,5,10,7,0,3,11,3,0,0,4,4,9,6,10,8,5,4
2,8,8,8,8,9,11,4,0,3,11,7,7,10,6,4,11,4,11,0,7,9,6,6,10,5,7,2,2,4,5,5,2,2,6,6,8,2,10,9,4,4,9,2,5,3,5,10,7,9,11,8,0,0,0,9,2,6,4,7,6,8,5,5,9,6,9,7,3,6,3,8,7,9,3,2,11,7,5,8,0,2,2,10,2,8,9,6,9,9,10,6,2,2,3,2,3,8,8,10,8,11,0,2,11,2,2,8,8,6,11,7,11,6,6,7,11,11,4,0,4,6,7,8,2,7,0,4,5,2,8,5,7,6,11,8,2,4,0,4,2,2,5,5,10,7,11,9,6,5
3,9,9,9,9,10,0,5,2,4,0,8,8,11,7,5,0,5,0,2,8,10,7,7,11,6,8,3,3,5,6,6,3,3,7,7,9,3,11,10,5,5,10,3,6,4,6,11,8,10,0,9,2,2,2,10,3,7,5,8,7,9,6,6,10,7,10,8,4,7,4,9,8,10,4,3,0,8,6,9,2,3,3,11,3,9,10,7,10,10,11,7,3,3,4,3,4,9,9,11,9,0,2,3,0,3,3,9,9,7,0,8,0,7,7,8,0,0,5,2,5,7,8,9,3,8,2,5,6,3,9,6,8,7,0,9,3,5,2,5,3,3,6,6,11,8,0,10,7,6
4,10,10,10,10,11,2,6,3,5,2,9,9,0,8,6,2,6,2,3,9,11,8,8,0,7,9,4,4,6,7,7,4,4,8,8,10,4,0,11,6,6,11,4,7,5,7,0,9,11,2,10,3,3,3,11,4,8,6,9,8,10,7,7,11,8,11,9,5,8,5,10,9,11,5,4,2,9,7,10,3,4,4,0,4,10,11,8,11,11,0,8,4,4,5,4,5,10,10,0,10,2,3,4,2,4,4,10,10,8,2,9,2,8,8,9,2,2,6,3,6,8,9,10,4,9,3,6,7,4,10,7,9,8,2,10,4,6,3,6,4,4,7,7,0,9,2,11,8,7
5,11,11,11,11,0,3,7,4,6,3,10,10,2,9,7,3,7,3,4,10,0,9,9,2,8,10,5,5,7,8,8,5,5,9,9,11,5,2,0,7,7,0,5,8,6,8,2,10,0,3,11,4,4,4,0,5,9,7,10,9,11,8,8,0,9,0,10,6,9,6,11,10,0,6,5,3,10,8,11,4,5,5,2,5,11,0,9,0,0,2,9,5,5,6,5,6,11,11,2,11,3,4,5,3,5,5,11,11,9,3,10,3,9,9,10,3,3,7,4,7,9,10,11,5,10,4,7,8,5,11,8,10,9,3,11,5,7,4,7,5,5,8,8,2,10,3,0,9,8
6,0,0,0,0,2,4,8,5,7,4,11,11,3,10,8,4,8,4,5,11,2,10,10,3,9,11,6,6,8,9,9,6,6,10,10,0,6,3,2,8,8,2,6,9,7,9,3,11,2,4,0,5,5,5,2,6,10,8,11,10,0,9,9,2,10,2,11,7,10,7,0,11,2,7,6,4,11,9,0,5,6,6,3,6,0,2,10,2,2,3,10,6,6,7,6,7,0,0,3,0,4,5,6,4,6,6,0,0,10,4,11,4,10,10,11,4,4,8,5,8,10,11,0,6,11,5,8,9,6,0,9,11,10,4,0,6,8,5,8,6,6,9,9,3,11,4,2,10,9
7,2,2,2,2,3,5,9,6,8,5,0,0,4,11,9,5,9,5,6,0,3,11,11,4,10,0,7,7,9,10,10,7,7,11,11,2,7,4,3,9,9,3,7,10,8,10,4,0,3,5,2,6,6,6,3,7,11,9,0,11,2,10,10,3,11,3,0,8,11,8,2,0,3,8,7,5,0,10,2,6,7,7,4,7,2,3,11,3,3,4,11,7,7,8,7,8,2,2,4,2,5,6,7,5,7,7,2,2,11,5,0,5,11,11,0,5,5,9,6,9,11,0,2,7,0,6,9,10,7,2,10,0,11,5,2,7,9,6,9,7,7,10,10,4,0,5,3,11,10
8,3,3,3,3,4,6,10,7,9,6,2,2,5,0,10,6,10,6,7,2,4,0,0,5,11,2,8,8,10,11,11,8,8,0,0,3,8,5,4,10,10,4,8,11,9,11,5,2,4,6,3,7,7,7,4,8,0,10,2,0,3,11,11,4,0,4,2,9,0,9,3,2,4,9,8,6,2,11,3,7,8,8,5,8,3,4,0,4,4,5,0,8,8,9,8,9,3,3,5,3,6,7,8,6,8,8,3,3,0,6,2,6,0,0,2,6,6,10,7,10,0,2,3,8,2,7,10,11,8,3,11,2,0,6,3,8,10,7,10,8,8,11,11,5,2,6,4,0,11
9,4,4,4,4,5,7,11,8,10,7,3,3,6,2,11,7,11,7,8,3,5,2,2,6,0,3,9,9,11,0,0,9,9,2,2,4,9,6,5,11,11,5,9,0,10,0,6,3,5,7,4,8,8,8,5,9,2,11,3,2,4,0,0,5,2,5,3,10,2,10,4,3,5,10,9,7,3,0,4,8,9,9,6,9,4,5,2,5,5,6,2,9,9,10,9,10,4,4,6,4,7,8,9,7,9,9,4,4,2,7,3,7,2,2,3,7,7,11,8,11,2,3,4,9,3,8,11,0,9,4,0,3,2,7,4,9,11,8,11,9,9,0,0,6,3,7,5,2,0
10,5,5,5,5,6,8,0,9,11,8,4,4,7,3,0,8,0,8,9,4,6,3,3,7,2,4,10,10,0,2,2,10,10,3,3,5,10,7,6,0,0,6,10,2,11,2,7,4,6,8,5,9,9,9,6,10,3,0,4,3,5,2,2,6,3,6,4,11,3,11,5,4,6,11,10,8,4,2,5,9,10,10,7,10,5,6,3,6,6,7,3,10,10,11,10,11,5,5,7,5,8,9,10,8,10,10,5,5,3,8,4,8,3,3,4,8,8,0,9,0,3,4,5,10,4,9,0,2,10,5,2,4,3,8,5,10,0,9,0,10,10,2,2,7,4,8,6,3,2
11,6,6,6,6,7,9,2,10,0,9,5,5,8,4,2,9,2,9,10,5,7,4,4,8,3,5,11,11,2,3,3,11,11,4,4,6,11,8,7,2,2,7,11,3,0,3,8,5,7,9,6,10,10,10,7,11,4,2,5,4,6,3,3,7,4,7,5,0,4,0,6,5,7,0,11,9,5,3,6,10,11,11,8,11,6,7,4,7,7,8,4,11,11,0,11,0,6,6,8,6,9,10,11,9,11,11,6,6,4,9,5,9,4,4,5,9,9,2,10,2,4,5,6,11,5,10,2,3,11,6,3,5,4,9,6,11,2,10,2,11,11,3,3,8,5,9,7,4,3
0,7,7,7,7,8,10,3,11,2,10,6,6,9,5,3,10,3,10,11,6,8,5,5,9,4,6,0,0,3,4,4,0,0,5,5,7,0,9,8,3,3,8,0,4,2,4,9,6,8,10,7,11,11,11,8,0,5,3,6,5,7,4,4,8,5,8,6,2,5,2,7,6,8,2,0,10,6,4,7,11,0,0,9,0,7,8,5,8,8,9,5,0,0,2,0,2,7,7,9,7,10,11,0,10,0,0,7,7,5,10,6,10,5,5,6,10,10,3,11,3,5,6,7,0,6,11,3,4,0,7,4,6,5,10,7,0,3,11,3,0,0,4,4,9,6,10,8,5,4
2,8,8,8,8,9,11,4,0,3,11,7,7,10,6,4,11,4,11,0,7,9,6,6,10,5,7,2,2,4,5,5,2,2,6,6,8,2,10,9,4,4,9,2,5,3,5,10,7,9,11,8,0,0,0,9,2,6,4,7,6,8,5,5,9,6,9,7,3,6,3,8,7,9,3,2,11,7,5,8,0,2,2,10,2,8,9,6,9,9,10,6,2,2,3,2,3,8,8,10,8,11,0,2,11,2,2,8,8,6,11,7,11,6,6,7,11,11,4,0,4,6,7,8,2,7,0,4,5,2,8,5,7,6,11,8,2,4,0,4,2,2,5,5,10,7,11,9,6,5
3,9,9,9,9,10,0,5,2,4,0,8,8,11,7,5,0,5,0,2,8,10,7,7,11,6,8,3,3,5,6,6,3,3,7,7,9,3,11,10,5,5,10,3,6,4,6,11,8,10,0,9,2,2,2,10,3,7,5,8,7,9,6,6,10,7,10,8,4,7,4,9,8,10,4,3,0,8,6,9,2,3,3,11,3,9,10,7,10,10,11,7,3,3,4,3,4,9,9,11,9,0,2,3,0,3,3,9,9,7,0,8,0,7,7,8,0,0,5,2,5,7,8,9,3,8,2,5,6,3,9,6,8,7,0,9,3,5,2,5,3,3,6,6,11,8,0,10,7,6
4,10,10,10,10,11,2,6,3,5,2,9,9,0,8,6,2,6,2,3,9,11,8,8,0,7,9,4,4,6,7,7,4,4,8,8,10,4,0,11,6,6,11,4,7,5,7,0,9,11,2,10,3,3,3,11,4,8,6,9,8,10,7,7,11,8,11,9,5,8,5,10,9,11,5,4,2,9,7,10,3,4,4,0,4,10,11,8,11,11,0,8,4,4,5,4,5,10,10,0,10,2,3,4,2,4,4,10,10,8,2,9,2,8,8,9,2,2,6,3,6,8,9,10,4,9,3,6,7,4,10,7,9,8,2,10,4,6,3,6,4,4,7,7,0,9,2,11,8,7
5,11,11,11,11,0,3,7,4,6,3,10,10,2,9,7,3,7,3,4,10,0,9,9,2,8,10,5,5,7,8,8,5,5,9,9,11,5,2,0,7,7,0,5,8,6,8,2,10,0,3,11,4,4,4,0,5,9,7,10,9,11,8,8,0,9,0,10,6,9,6,11,10,0,6,5,3,10,8,11,4,5,5,2,5,11,0,9,0,0,2,9,5,5,6,5,6,11,11,2,11,3,4,5,3,5,5,11,11,9,3,10,3,9,9,10,3,3,7,4,7,9,10,11,5,10,4,7,8,5,11,8,10,9,3,11,5,7,4,7,5,5,8,8,2,10,3,0,9,8
6,0,0,0,0,2,4,8,5,7,4,11,11,3,10,8,4,8,4,5,11,2,10,10,3,9,11,6,6,8,9,9,6,6,10,10,0,6,3,2,8,8,2,6,9,7,9,3,11,2,4,0,5,5,5,2,6,10,8,11,10,0,9,9,2,10,2,11,7,10,7,0,11,2,7,6,4,11,9,0,5,6,6,3,6,0,2,10,2,2,3,10,6,6,7,6,7,0,0,3,0,4,5,6,4,6,6,0,0,10,4,11,4,10,10,11,4,4,8,5,8,10,11,0,6,11,5,8,9,6,0,9,11,10,4,0,6,8,5,8,6,6,9,9,3,11,4,2,10,9
7,2,2,2,2,3,5,9,6,8,5,0,0,4,11,9,5,9,5,6,0,3,11,11,4,10,0,7,7,9,10,10,7,7,11,11,2,7,4,3,9,9,3,7,10,8,10,4,0,3,5,2,6,6,6,3,7,11,9,0,11,2,10,10,3,11,3,0,8,11,8,2,0,3,8,7,5,0,10,2,6,7,7,4,7,2,3,11,3,3,4,11,7,7,8,7,8,2,2,4,2,5,6,7,5,7,7,2,2,11,5,0,5,11,11,0,5,5,9,6,9,11,0,2,7,0,6,9,10,7,2,10,0,11,5,2,7,9,6,9,7,7,10,10,4,0,5,3,11,10
8,3,3,3,3,4,6,10,7,9,6,2,2,5,0,10,6,10,6,7,2,4,0,0,5,11,2,8,8,10,11,11,8,8,0,0,3,8,5,4,10,10,4,8,11,9,11,5,2,4,6,3,7,7,7,4,8,0,10,2,0,3,11,11,4,0,4,2,9,0,9,3,2,4,9,8,6,2,11,3,7,8,8,5,8,3,4,0,4,4,5,0,8,8,9,8,9,3,3,5,3,6,7,8,6,8,8,3,3,0,6,2,6,0,0,2,6,6,10,7,10,0,2,3,8,2,7,10,11,8,3,11,2,0,6,3,8,10,7,10,8,8,11,11,5,2,6,4,0,11
9,4,4,4,4,5,7,11,8,10,7,3,3,6,2,11,7,11,7,8,3,5,2,2,6,0,3,9,9,11,0,0,9,9,2,2,4,9,6,5,11,11,5,9,0,10,0,6,3,5,7,4,8,8,8,5,9,2,11,3,2,4,0,0,5,2,5,3,10,2,10,4,3,5,10,9,7,3,0,4,8,9,9,6,9,4,5,2,5,5,6,2,9,9,10,9,10,4,4,6,4,7,8,9,7,9,9,4,4,2,7,3,7,2,2,3,7,7,11,8,11,2,3,4,9,3,8,11,0,9,4,0,3,2,7,4,9,11,8,11,9,9,0,0,6,3,7,5,2,0
10,5,5,5,5,6,8,0,9,11,8,4,4,7,3,0,8,0,8,9,4,6,3,3,7,2,4,10,10,0,2,2,10,10,3,3,5,10,7,6,0,0,6,10,2,11,2,7,4,6,8,5,9,9,9,6,10,3,0,4,3,5,2,2,6,3,6,4,11,3,11,5,4,6,11,10,8,4,2,5,9,10,10,7,10,5,6,3,6,6,7,3,10,10,11,10,11,5,5,7,5,8,9,10,8,10,10,5,5,3,8,4,8,3,3,4,8,8,0,9,0,3,4,5,10,4,9,0,2,10,5,2,4,3,8,5,10,0,9,0,10,10,2,2,7,4,8,6,3,2
11,6,6,6,6,7,9,2,10,0,9,5,5,8,4,2,9,2,9,10,5,7,4,4,8,3,5,11,11,2,3,3,11,11,4,4,6,11,8,7,2,2,7,11,3,0,3,8,5,7,9,6,10,10,10,7,11,4,2,5,4,6,3,3,7,4,7,5,0,4,0,6,5,7,0,11,9,5,3,6,10,11,11,8,11,6,7,4,7,7,8,4,11,11,0,11,0,6,6,8,6,9,10,11,9,11,11,6,6,4,9,5,9,4,4,5,9,9,2,10,2,4,5,6,11,5,10,2,3,11,6,3,5,4,9,6,11,2,10,2,11,11,3,3,8,5,9,7,4,3
0,7,7,7,7,8,10,3,11,2,10,6,6,9,5,3,10,3,10,11,6,8,5,5,9,4,6,0,0,3,4,4,0,0,5,5,7,0,9,8,3,3,8,0,4,2,4,9,6,8,10,7,11,11,11,8,0,5,3,6,5,7,4,4,8,5,8,6,2,5,2,7,6,8,2,0,10,6,4,7,11,0,0,9,0,7,8,5,8,8,9,5,0,0,2,0,2,7,7,9,7,10,11,0,10,0,0,7,7,5,10,6,10,5,5,6,10,10,3,11,3,5,6,7,0,6,11,3,4,0,7,4,6,5,10,7,0,3,11,3,0,0,4,4,9,6,10,8,5,4
2,8,8,8,8,9,11,4,0,3,11,7,7,10,6,4,11,4,11,0,7,9,6,6,10,5,7,2,2,4,5,5,2,2,6,6,8,2,10,9,4,4,9,2,5,3,5,10,7,9,11,8,0,0,0,9,2,6,4,7,6,8,5,5,9,6,9,7,3,6,3,8,7,9,3,2,11,7,5,8,0,2,2,10,2,8,9,6,9,9,10,6,2,2,3,2,3,8,8,10,8,11,0,2,11,2,2,8,8,6,11,7,11,6,6,7,11,11,4,0,4,6,7,8,2,7,0,4,5,2,8,5,7,6,11,8,2,4,0,4,2,2,5,5,10,7,11,9,6,5
3,9,9,9,9,10,0,5,2,4,0,8,8,11,7,5,0,5,0,2,8,10,7,7,11,6,8,3,3,5,6,6,3,3,7,7,9,3,11,10,5,5,10,3,6,4,6,11,8,10,0,9,2,2,2,10,3,7,5,8,7,9,6,6,10,7,10,8,4,7,4,9,8,10,4,3,0,8,6,9,2,3,3,11,3,9,10,7,10,10,11,7,3,3,4,3,4,9,9,11,9,0,2,3,0,3,3,9,9,7,0,8,0,7,7,8,0,0,5,2,5,7,8,9,3,8,2,5,6,3,9,6,8,7,0,9,3,5,2,5,3,3,6,6,11,8,0,10,7,6
4,10,10,10,10,11,2,6,3,5,2,9,9,0,8,6,2,6,2,3,9,11,8,8,0,7,9,4,4,6,7,7,4,4,8,8,10,4,0,11,6,6,11,4,7,5,7,0,9,11,2,10,3,3,3,11,4,8,6,9,8,10,7,7,11,8,11,9,5,8,5,10,9,11,5,4,2,9,7,10,3,4,4,0,4,10,11,8,11,11,0,8,4,4,5,4,5,10,10,0,10,2,3,4,2,4,4,10,10,8,2,9,2,8,8,9,2,2,6,3,6,8,9,10,4,9,3,6,7,4,10,7,9,8,2,10,4,6,3,6,4,4,7,7,0,9,2,11,8,7
5,11,11,11,11,0,3,7,4,6,3,10,10,2,9,7,3,7,3,4,10,0,9,9,2,8,10,5,5,7,8,8,5,5,9,9,11,5,2,0,7,7,0,5,8,6,8,2,10,0,3,11,4,4,4,0,5,9,7,10,9,11,8,8,0,9,0,10,6,9,6,11,10,0,6,5,3,10,8,11,4,5,5,2,5,11,0,9,0,0,2,9,5,5,6,5,6,11,11,2,11,3,4,5,3,5,5,11,11,9,3,10,3,9,9,10,3,3,7,4,7,9,10,11,5,10,4,7,8,5,11,8,10,9,3,11,5,7,4,7,5,5,8,8,2,10,3,0,9,8
6,0,0,0,0,2,4,8,5,7,4,11,11,3,10,8,4,8,4,5,11,2,10,10,3,9,11,6,6,8,9,9,6,6,10,10,0,6,3,2,8,8,2,6,9,7,9,3,11,2,4,0,5,5,5,2,6,10,8,11,10,0,9,9,2,10,2,11,7,10,7,0,11,2,7,6,4,11,9,0,5,6,6,3,6,0,2,10,2,2,3,10,6,6,7,6,7,0,0,3,0,4,5,6,4,6,6,0,0,10,4,11,4,10,10,11,4,4,8,5,8,10,11,0,6,11,5,8,9,6,0,9,11,10,4,0,6,8,5,8,6,6,9,9,3,11,4,2,10,9
7,2,2,2,2,3,5,9,6,8,5,0,0,4,11,9,5,9,5,6,0,3,11,11,4,10,0,7,7,9,10,10,7,7,11,11,2,7,4,3,9,9,3,7,10,8,10,4,0,3,5,2,6,6,6,3,7,11,9,0,11,2,10,10,3,11,3,0,8,11,8,2,0,3,8,7,5,0,10,2,6,7,7,4,7,2,3,11,3,3,4,11,7,7,8,7,8,2,2,4,2,5,6,7,5,7,7,2,2,11,5,0,5,11,11,0,5,5,9,6,9,11,0,2,7,0,6,9,10,7,2,10,0,11,5,2,7,9,6,9,7,7,10,10,4,0,5,3,11,10
8,3,3,3,3,4,6,10,7,9,6,2,2,5,0,10,6,10,6,7,2,4,0,0,5,11,2,8,8,10,11,11,8,8,0,0,3,8,5,4,10,10,4,8,11,9,11,5,2,4,6,3,7,7,7,4,8,0,10,2,0,3,11,11,4,0,4,2,9,0,9,3,2,4,9,8,6,2,11,3,7,8,8,5,8,3,4,0,4,4,5,0,8,8,9,8,9,3,3,5,3,6,7,8,6,8,8,3,3,0,6,2,6,0,0,2,6,6,10,7,10,0,2,3,8,2,7,10,11,8,3,11,2,0,6,3,8,10,7,10,8,8,11,11,5,2,6,4,0,11
9,4,4,4,4,5,7,11,8,10,7,3,3,6,2,11,7,11,7,8,3,5,2,2,6,0,3,9,9,11,0,0,9,9,2,2,4,9,6,5,11,11,5,9,0,10,0,6,3,5,7,4,8,8,8,5,9,2,11,3,2,4,0,0,5,2,5,3,10,2,10,4,3,5,10,9,7,3,0,4,8,9,9,6,9,4,5,2,5,5,6,2,9,9,10,9,10,4,4,6,4,7,8,9,7,9,9,4,4,2,7,3,7,2,2,3,7,7,11,8,11,2,3,4,9,3,8,11,0,9,4,0,3,2,7,4,9,11,8,11,9,9,0,0,6,3,7,5,2,0
10,5,5,5,5,6,8,0,9,11,8,4,4,7,3,0,8,0,8,9,4,6,3,3,7,2,4,10,10,0,2,2,10,10,3,3,5,10,7,6,0,0,6,10,2,11,2,7,4,6,8,5,9,9,9,6,10,3,0,4,3,5,2,2,6,3,6,4,11,3,11,5,4,6,11,10,8,4,2,5,9,10,10,7,10,5,6,3,6,6,7,3,10,10,11,10,11,5,5,7,5,8,9,10,8,10,10,5,5,3,8,4,8,3,3,4,8,8,0,9,0,3,4,5,10,4,9,0,2,10,5,2,4,3,8,5,10,0,9,0,10,10,2,2,7,4,8,6,3,2
11,6,6,6,6,7,9,2,10,0,9,5,5,8,4,2,9,2,9,10,5,7,4,4,8,3,5,11,11,2,3,3,11,11,4,4,6,11,8,7,2,2,7,11,3,0,3,8,5,7,9,6,10,10,10,7,11,4,2,5,4,6,3,3,7,4,7,5,0,4,0,6,5,7,0,11,9,5,3,6,10,11,11,8,11,6,7,4,7,7,8,4,11,11,0,11,0,6,6,8,6,9,10,11,9,11,11,6,6,4,9,5,9,4,4,5,9,9,2,10,2,4,5,6,11,5,10,2,3,11,6,3,5,4,9,6,11,2,10,2,11,11,3,3,8,5,9,7,4,3
0,7,7,7,7,8,10,3,11,2,10,6,6,9,5,3,10,3,10,11,6,8,5,5,9,4,6,0,0,3,4,4,0,0,5,5,7,0,9,8,3,3,8,0,4,2,4,9,6,8,10,7,11,11,11,8,0,5,3,6,5,7,4,4,8,5,8,6,2,5,2,7,6,8,2,0,10,6,4,7,11,0,0,9,0,7,8,5,8,8,9,5,0,0,2,0,2,7,7,9,7,10,11,0,10,0,0,7,7,5,10,6,10,5,5,6,10,10,3,11,3,5,6,7,0,6,11,3,4,0,7,4,6,5,10,7,0,3,11,3,0,0,4,4,9,6,10,8,5,4
2,8,8,8,8,9,11,4,0,3,11,7,7,10,6,4,11,4,11,0,7,9,6,6,10,5,7,2,2,4,5,5,2,2,6,6,8,2,10,9,4,4,9,2,5,3,5,10,7,9,11,8,0,0,0,9,2,6,4,7,6,8,5,5,9,6,9,7,3,6,3,8,7,9,3,2,11,7,5,8,0,2,2,10,2,8,9,6,9,9,10,6,2,2,3,2,3,8,8,10,8,11,0,2,11,2,2,8,8,6,11,7,11,6,6,7,11,11,4,0,4,6,7,8,2,7,0,4,5,2,8,5,7,6,11,8,2,4,0,4,2,2,5,5,10,7,11,9,6,5
3,9,9,9,9,10,0,5,2,4,0,8,8,11,7,5,0,5,0,2,8,10,7,7,11,6,8,3,3,5,6,6,3,3,7,7,9,3,11,10,5,5,10,3,6,4,6,11,8,10,0,9,2,2,2,10,3,7,5,8,7,9,6,6,10,7,10,8,4,7,4,9,8,10,4,3,0,8,6,9,2,3,3,11,3,9,10,7,10,10,11,7,3,3,4,3,4,9,9,11,9,0,2,3,0,3,3,9,9,7,0,8,0,7,7,8,0,0,5,2,5,7,8,9,3,8,2,5,6,3,9,6,8,7,0,9,3,5,2,5,3,3,6,6,11,8,0,10,7,6
4,10,10,10,10,11,2,6,3,5,2,9,9,0,8,6,2,6,2,3,9,11,8,8,0,7,9,4,4,6,7,7,4,4,8,8,10,4,0,11,6,6,11,4,7,5,7,0,9,11,2,10,3,3,3,11,4,8,6,9,8,10,7,7,11,8,11,9,5,8,5,10,9,11,5,4,2,9,7,10,3,4,4,0,4,10,11,8,11,11,0,8,4,4,5,4,5,10,10,0,10,2,3,4,2,4,4,10,10,8,2,9,2,8,8,9,2,2,6,3,6,8,9,10,4,9,3,6,7,4,10,7,9,8,2,10,4,6,3,6,4,4,7,7,0,9,2,11,8,7
5,11,11,11,11,0,3,7,4,6,3,10,10,2,9,7,3,7,3,4,10,0,9,9,2,8,10,5,5,7,8,8,5,5,9,9,11,5,2,0,7,7,0,5,8,6,8,2,10,0,3,11,4,4,4,0,5,9,7,10,9,11,8,8,0,9,0,10,6,9,6,11,10,0,6,5,3,10,8,11,4,5,5,2,5,11,0,9,0,0,2,9,5,5,6,5,6,11,11,2,11,3,4,5,3,5,5,11,11,9,3,10,3,9,9,10,3,3,7,4,7,9,10,11,5,10,4,7,8,5,11,8,10,9,3,11,5,7,4,7,5,5,8,8,2,10,3,0,9,8
6,0,0,0,0,2,4,8,5,7,4,11,11,3,10,8,4,8,4,5,11,2,10,10,3,9,11,6,6,8,9,9,6,6,10,10,0,6,3,2,8,8,2,6,9,7,9,3,11,2,4,0,5,5,5,2,6,10,8,11,10,0,9,9,2,10,2,11,7,10,7,0,11,2,7,6,4,11,9,0,5,6,6,3,6,0,2,10,2,2,3,10,6,6,7,6,7,0,0,3,0,4,5,6,4,6,6,0,0,10,4,11,4,10,10,11,4,4,8,5,8,10,11,0,6,11,5,8,9,6,0,9,11,10,4,0,6,8,5,8,6,6,9,9,3,11,4,2,10,9
7,2,2,2,2,3,5,9,6,8,5,0,0,4,11,9,5,9,5,6,0,3,11,11,4,10,0,7,7,9,10,10,7,7,11,11,2,7,4,3,9,9,3,7,10,8,10,4,0,3,5,2,6,6,6,3,7,11,9,0,11,2,10,10,3,11,3,0,8,11,8,2,0,3,8,7,5,0,10,2,6,7,7,4,7,2,3,11,3,3,4,11,7,7,8,7,8,2,2,4,2,5,6,7,5,7,7,2,2,11,5,0,5,11,11,0,5,5,9,6,9,11,0,2,7,0,6,9,10,7,2,10,0,11,5,2,7,9,6,9,7,7,10,10,4,0,5,3,11,10
8,3,3,3,3,4,6,10,7,9,6,2,2,5,0,10,6,10,6,7,2,4,0,0,5,11,2,8,8,10,11,11,8,8,0,0,3,8,5,4,10,10,4,8,11,9,11,5,2,4,6,3,7,7,7,4,8,0,10,2,0,3,11,11,4,0,4,2,9,0,9,3,2,4,9,8,6,2,11,3,7,8,8,5,8,3,4,0,4,4,5,0,8,8,9,8,9,3,3,5,3,6,7,8,6,8,8,3,3,0,6,2,6,0,0,2,6,6,10,7,10,0,2,3,8,2,7,10,11,8,3,11,2,0,6,3,8,10,7,10,8,8,11,11,5,2,6,4,0,11
9,4,4,4,4,5,7,11,8,10,7,3,3,6,2,11,7,11,7,8,3,5,2,2,6,0,3,9,9,11,0,0,9,9,2,2,4,9,6,5,11,11,5,9,0,10,0,6,3,5,7,4,8,8,8,5,9,2,11,3,2,4,0,0,5,2,5,3,10,2,10,4,3,5,10,9,7,3,0,4,8,9,9,6,9,4,5,2,5,5,6,2,9,9,10,9,10,4,4,6,4,7,8,9,7,9,9,4,4,2,7,3,7,2,2,3,7,7,11,8,11,2,3,4,9,3,8,11,0,9,4,0,3,2,7,4,9,11,8,11,9,9,0,0,6,3,7,5,2,0
10,5,5,5,5,6,8,0,9,11,8,4,4,7,3,0,8,0,8,9,4,6,3,3,7,2,4,10,10,0,2,2,10,10,3,3,5,10,7,6,0,0,6,10,2,11,2,7,4,6,8,5,9,9,9,6,10,3,0,4,3,5,2,2,6,3,6,4,11,3,11,5,4,6,11,10,8,4,2,5,9,10,10,7,10,5,6,3,6,6,7,3,10,10,11,10,11,5,5,7,5,8,9,10,8,10,10,5,5,3,8,4,8,3,3,4,8,8,0,9,0,3,4,5,10,4,9,0,2,10,5,2,4,3,8,5,10,0,9,0,10,10,2,2,7,4,8,6,3,2
11,6,6,6,6,7,9,2,10,0,9,5,5,8,4,2,9,2,9,10,5,7,4,4,8,3,5,11,11,2,3,3,11,11,4,4,6,11,8,7,2,2,7,11,3,0,3,8,5,7,9,6,10,10,10,7,11,4,2,5,4,6,3,3,7,4,7,5,0,4,0,6,5,7,0,11,9,5,3,6,10,11,11,8,11,6,7,4,7,7,8,4,11,11,0,11,0,6,6,8,6,9,10,11,9,11,11,6,6,4,9,5,9,4,4,5,9,9,2,10,2,4,5,6,11,5,10,2,3,11,6,3,5,4,9,6,11,2,10,2,11,11,3,3,8,5,9,7,4,3
0,7,7,7,7,8,10,3,11,2,10,6,6,9,5,3,10,3,10,11,6,8,5,5,9,4,6,0,0,3,4,4,0,0,5,5,7,0,9,8,3,3,8,0,4,2,4,9,6,8,10,7,11,11,11,8,0,5,3,6,5,7,4,4,8,5,8,6,2,5,2,7,6,8,2,0,10,6,4,7,11,0,0,9,0,7,8,5,8,8,9,5,0,0,2,0,2,7,7,9,7,10,11,0,10,0,0,7,7,5,10,6,10,5,5,6,10,10,3,11,3,5,6,7,0,6,11,3,4,0,7,4,6,5,10,7,0,3,11,3,0,0,4,4,9,6,10,8,5,4
2,8,8,8,8,9,11,4,0,3,11,7,7,10,6,4,11,4,11,0,7,9,6,6,10,5,7,2,2,4,5,5,2,2,6,6,8,2,10,9,4,4,9,2,5,3,5,10,7,9,11,8,0,0,0,9,2,6,4,7,6,8,5,5,9,6,9,7,3,6,3,8,7,9,3,2,11,7,5,8,0,2,2,10,2,8,9,6,9,9,10,6,2,2,3,2,3,8,8,10,8,11,0,2,11,2,2,8,8,6,11,7,11,6,6,7,11,11,4,0,4,6,7,8,2,7,0,4,5,2,8,5,7,6,11,8,2,4,0,4,2,2,5,5,10,7,11,9,6,5
3,9,9,9,9,10,0,5,2,4,0,8,8,11,7,5,0,5,0,2,8,10,7,7,11,6,8,3,3,5,6,6,3,3,7,7,9,3,11,10,5,5,10,3,6,4,6,11,8,10,0,9,2,2,2,10,3,7,5,8,7,9,6,6,10,7,10,8,4,7,4,9,8,10,4,3,0,8,6,9,2,3,3,11,3,9,10,7,10,10,11,7,3,3,4,3,4,9,9,11,9,0,2,3,0,3,3,9,9,7,0,8,0,7,7,8,0,0,5,2,5,7,8,9,3,8,2,5,6,3,9,6,8,7,0,9,3,5,2,5,3,3,6,6,11,8,0,10,7,6
4,10,10,10,10,11,2,6,3,5,2,9,9,0,8,6,2,6,2,3,9,11,8,8,0,7,9,4,4,6,7,7,4,4,8,8,10,4,0,11,6,6,11,4,7,5,7,0,9,11,2,10,3,3,3,11,4,8,6,9,8,10,7,7,11,8,11,9,5,8,5,10,9,11,5,4,2,9,7,10,3,4,4,0,4,10,11,8,11,11,0,8,4,4,5,4,5,10,10,0,10,2,3,4,2,4,4,10,10,8,2,9,2,8,8,9,2,2,6,3,6,8,9,10,4,9,3,6,7,4,10,7,9,8,2,10,4,6,3,6,4,4,7,7,0,9,2,11,8,7
5,11,11,11,11,0,3,7,4,6,3,10,10,2,9,7,3,7,3,4,10,0,9,9,2,8,10,5,5,7,8,8,5,5,9,9,11,5,2,0,7,7,0,5,8,6,8,2,10,0,3,11,4,4,4,0,5,9,7,10,9,11,8,8,0,9,0,10,6,9,6,11,10,0,6,5,3,10,8,11,4,5,5,2,5,11,0,9,0,0,2,9,5,5,6,5,6,11,11,2,11,3,4,5,3,5,5,11,11,9,3,10,3,9,9,10,3,3,7,4,7,9,10,11,5,10,4,7,8,5,11,8,10,9,3,11,5,7,4,7,5,5,8,8,2,10,3,0,9,8
6,0,0,0,0,2,4,8,5,7,4,11,11,3,10,8,4,8,4,5,11,2,10,10,3,9,11,6,6,8,9,9,6,6,10,10,0,6,3,2,8,8,2,6,9,7,9,3,11,2,4,0,5,5,5,2,6,10,8,11,10,0,9,9,2,10,2,11,7,10,7,0,11,2,7,6,4,11,9,0,5,6,6,3,6,0,2,10,2,2,3,10,6,6,7,6,7,0,0,3,0,4,5,6,4,6,6,0,0,10,4,11,4,10,10,11,4,4,8,5,8,10,11,0,6,11,5,8,9,6,0,9,11,10,4,0,6,8,5,8,6,6,9,9,3,11,4,2,10,9
7,2,2,2,2,3,5,9,6,8,5,0,0,4,11,9,5,9,5,6,0,3,11,11,4,10,0,7,7,9,10,10,7,7,11,11,2,7,4,3,9,9,3,7,10,8,10,4,0,3,5,2,6,6,6,3,7,11,9,0,11,2,10,10,3,11,3,0,8,11,8,2,0,3,8,7,5,0,10,2,6,7,7,4,7,2,3,11,3,3,4,11,7,7,8,7,8,2,2,4,2,5,6,7,5,7,7,2,2,11,5,0,5,11,11,0,5,5,9,6,9,11,0,2,7,0,6,9,10,7,2,10,0,11,5,2,7,9,6,9,7,7,10,10,4,0,5,3,11,10
8,3,3,3,3,4,6,10,7,9,6,2,2,5,0,10,6,10,6,7,2,4,0,0,5,11,2,8,8,10,11,11,8,8,0,0,3,8,5,4,10,10,4,8,11,9,11,5,2,4,6,3,7,7,7,4,8,0,10,2,0,3,11,11,4,0,4,2,9,0,9,3,2,4,9,8,6,2,11,3,7,8,8,5,8,3,4,0,4,4,5,0,8,8,9,8,9,3,3,5,3,6,7,8,6,8,8,3,3,0,6,2,6,0,0,2,6,6,10,7,10,0,2,3,8,2,7,10,11,8,3,11,2,0,6,3,8,10,7,10,8,8,11,11,5,2,6,4,0,11
9,4,4,4,4,5,7,11,8,10,7,3,3,6,2,11,7,11,7,8,3,5,2,2,6,0,3,9,9,11,0,0,9,9,2,2,4,9,6,5,11,11,5,9,0,10,0,6,3,5,7,4,8,8,8,5,9,2,11,3,2,4,0,0,5,2,5,3,10,2,10,4,3,5,10,9,7,3,0,4,8,9,9,6,9,4,5,2,5,5,6,2,9,9,10,9,10,4,4,6,4,7,8,9,7,9,9,4,4,2,7,3,7,2,2,3,7,7,11,8,11,2,3,4,9,3,8,11,0,9,4,0,3,2,7,4,9,11,8,11,9,9,0,0,6,3,7,5,2,0
10,5,5,5,5,6,8,0,9,11,8,4,4,7,3,0,8,0,8,9,4,6,3,3,7,2,4,10,10,0,2,2,10,10,3,3,5,10,7,6,0,0,6,10,2,11,2,7,4,6,8,5,9,9,9,6,10,3,0,4,3,5,2,2,6,3,6,4,11,3,11,5,4,6,11,10,8,4,2,5,9,10,10,7,10,5,6,3,6,6,7,3,10,10,11,10,11,5,5,7,5,8,9,10,8,10,10,5,5,3,8,4,8,3,3,4,8,8,0,9,0,3,4,5,10,4,9,0,2,10,5,2,4,3,8,5,10,0,9,0,10,10,2,2,7,4,8,6,3,2
11,6,6,6,6,7,9,2,10,0,9,5,5,8,4,2,9,2,9,10,5,7,4,4,8,3,5,11,11,2,3,3,11,11,4,4,6,11,8,7,2,2,7,11,3,0,3,8,5,7,9,6,10,10,10,7,11,4,2,5,4,6,3,3,7,4,7,5,0,4,0,6,5,7,0,11,9,5,3,6,10,11,11,8,11,6,7,4,7,7,8,4,11,11,0,11,0,6,6,8,6,9,10,11,9,11,11,6,6,4,9,5,9,4,4,5,9,9,2,10,2,4,5,6,11,5,10,2,3,11,6,3,5,4,9,6,11,2,10,2,11,11,3,3,8,5,9,7,4,3
0,7,7,7,7,8,10,3,11,2,10,6,6,9,5,3,10,3,10,11,6,8,5,5,9,4,6,0,0,3,4,4,0,0,5,5,7,0,9,8,3,3,8,0,4,2,4,9,6,8,10,7,11,11,11,8,0,5,3,6,5,7,4,4,8,5,8,6,2,5,2,7,6,8,2,0,10,6,4,7,11,0,0,9,0,7,8,5,8,8,9,5,0,0,2,0,2,7,7,9,7,10,11,0,10,0,0,7,7,5,10,6,10,5,5,6,10,10,3,11,3,5,6,7,0,6,11,3,4,0,7,4,6,5,10,7,0,3,11,3,0,0,4,4,9,6,10,8,5,4
2,8,8,8,8,9,11,4,0,3,11,7,7,10,6,4,11,4,11,0,7,9,6,6,10,5,7,2,2,4,5,5,2,2,6,6,8,2,10,9,4,4,9,2,5,3,5,10,7,9,11,8,0,0,0,9,2,6,4,7,6,8,5,5,9,6,9,7,3,6,3,8,7,9,3,2,11,7,5,8,0,2,2,10,2,8,9,6,9,9,10,6,2,2,3,2,3,8,8,10,8,11,0,2,11,2,2,8,8,6,11,7,11,6,6,7,11,11,4,0,4,6,7,8,2,7,0,4,5,2,8,5,7,6,11,8,2,4,0,4,2,2,5,5,10,7,11,9,6,5
3,9,9,9,9,10,0,5,2,4,0,8,8,11,7,5,0,5,0,2,8,10,7,7,11,6,8,3,3,5,6,6,3,3,7,7,9,3,11,10,5,5,10,3,6,4,6,11,8,10,0,9,2,2,2,10,3,7,5,8,7,9,6,6,10,7,10,8,4,7,4,9,8,10,4,3,0,8,6,9,2,3,3,11,3,9,10,7,10,10,11,7,3,3,4,3,4,9,9,11,9,0,2,3,0,3,3,9,9,7,0,8,0,7,7,8,0,0,5,2,5,7,8,9,3,8,2,5,6,3,9,6,8,7,0,9,3,5,2,5,3,3,6,6,11,8,0,10,7,6
4,10,10,10,10,11,2,6,3,5,2,9,9,0,8,6,2,6,2,3,9,11,8,8,0,7,9,4,4,6,7,7,4,4,8,8,10,4,0,11,6,6,11,4,7,5,7,0,9,11,2,10,3,3,3,11,4,8,6,9,8,10,7,7,11,8,11,9,5,8,5,10,9,11,5,4,2,9,7,10,3,4,4,0,4,10,11,8,11,11,0,8,4,4,5,4,5,10,10,0,10,2,3,4,2,4,4,10,10,8,2,9,2,8,8,9,2,2,6,3,6,8,9,10,4,9,3,6,7,4,10,7,9,8,2,10,4,6,3,6,4,4,7,7,0,9,2,11,8,7
5,11,11,11,11,0,3,7,4,6,3,10,10,2,9,7,3,7,3,4,10,0,9,9,2,8,10,5,5,7,8,8,5,5,9,9,11,5,2,0,7,7,0,5,8,6,8,2,10,0,3,11,4,4,4,0,5,9,7,10,9,11,8,8,0,9,0,10,6,9,6,11,10,0,6,5,3,10,8,11,4,5,5,2,5,11,0,9,0,0,2,9,5,5,6,5,6,11,11,2,11,3,4,5,3,5,5,11,11,9,3,10,3,9,9,10,3,3,7,4,7,9,10,11,5,10,4,7,8,5,11,8,10,9,3,11,5,7,4,7,5,5,8,8,2,10,3,0,9,8
6,0,0,0,0,2,4,8,5,7,4,11,11,3,10,8,4,8,4,5,11,2,10,10,3,9,11,6,6,8,9,9,6,6,10,10,0,6,3,2,8,8,2,6,9,7,9,3,11,2,4,0,5,5,5,2,6,10,8,11,10,0,9,9,2,10,2,11,7,10,7,0,11,2,7,6,4,11,9,0,5,6,6,3,6,0,2,10,2,2,3,10,6,6,7,6,7,0,0,3,0,4,5,6,4,6,6,0,0,10,4,11,4,10,10,11,4,4,8,5,8,10,11,0,6,11,5,8,9,6,0,9,11,10,4,0,6,8,5,8,6,6,9,9,3,11,4,2,10,9
7,2,2,2,2,3,5,9,6,8,5,0,0,4,11,9,5,9,5,6,0,3,11,11,4,10,0,7,7,9,10,10,7,7,11,11,2,7,4,3,9,9,3,7,10,8,10,4,0,3,5,2,6,6,6,3,7,11,9,0,11,2,10,10,3,11,3,0,8,11,8,2,0,3,8,7,5,0,10,2,6,7,7,4,7,2,3,11,3,3,4,11,7,7,8,7,8,2,2,4,2,5,6,7,5,7,7,2,2,11,5,0,5,11,11,0,5,5,9,6,9,11,0,2,7,0,6,9,10,7,2,10,0,11,5,2,7,9,6,9,7,7,10,10,4,0,5,3,11,10
8,3,3,3,3,4,6,10,7,9,6,2,2,5,0,10,6,10,6,7,2,4,0,0,5,11,2,8,8,10,11,11,8,8,0,0,3,8,5,4,10,10,4,8,11,9,11,5,2,4,6,3,7,7,7,4,8,0,10,2,0,3,11,11,4,0,4,2,9,0,9,3,2,4,9,8,6,2,11,3,7,8,8,5,8,3,4,0,4,4,5,0,8,8,9,8,9,3,3,5,3,6,7,8,6,8,8,3,3,0,6,2,6,0,0,2,6,6,10,7,10,0,2,3,8,2,7,10,11,8,3,11,2,0,6,3,8,10,7,10,8,8,11,11,5,2,6,4,0,11
9,4,4,4,4,5,7,11,8,10,7,3,3,6,2,11,7,11,7,8,3,5,2,2,6,0,3,9,9,11,0,0,9,9,2,2,4,9,6,5,11,11,5,9,0,10,0,6,3,5,7,4,8,8,8,5,9,2,11,3,2,4,0,0,5,2,5,3,10,2,10,4,3,5,10,9,7,3,0,4,8,9,9,6,9,4,5,2,5,5,6,2,9,9,10,9,10,4,4,6,4,7,8,9,7,9,9,4,4,2,7,3,7,2,2,3,7,7,11,8,11,2,3,4,9,3,8,11,0,9,4,0,3,2,7,4,9,11,8,11,9,9,0,0,6,3,7,5,2,0
10,5,5,5,5,6,8,0,9,11,8,4,4,7,3,0,8,0,8,9,4,6,3,3,7,2,4,10,10,0,2,2,10,10,3,3,5,10,7,6,0,0,6,10,2,11,2,7,4,6,8,5,9,9,9,6,10,3,0,4,3,5,2,2,6,3,6,4,11,3,11,5,4,6,11,10,8,4,2,5,9,10,10,7,10,5,6,3,6,6,7,3,10,10,11,10,11,5,5,7,5,8,9,10,8,10,10,5,5,3,8,4,8,3,3,4,8,8,0,9,0,3,4,5,10,4,9,0,2,10,5,2,4,3,8,5,10,0,9,0,10,10,2,2,7,4,8,6,3,2
11,6,6,6,6,7,9,2,10,0,9,5,5,8,4,2,9,2,9,10,5,7,4,4,8,3,5,11,11,2,3,3,11,11,4,4,6,11,8,7,2,2,7,11,3,0,3,8,5,7,9,6,10,10,10,7,11,4,2,5,4,6,3,3,7,4,7,5,0,4,0,6,5,7,0,11,9,5,3,6,10,11,11,8,11,6,7,4,7,7,8,4,11,11,0,11,0,6,6,8,6,9,10,11,9,11,11,6,6,4,9,5,9,4,4,5,9,9,2,10,2,4,5,6,11,5,10,2,3,11,6,3,5,4,9,6,11,2,10,2,11,11,3,3,8,5,9,7,4,3
0,7,7,7,7,8,10,3,11,2,10,6,6,9,5,3,10,3,10,11,6,8,5,5,9,4,6,0,0,3,4,4,0,0,5,5,7,0,9,8,3,3,8,0,4,2,4,9,6,8,10,7,11,11,11,8,0,5,3,6,5,7,4,4,8,5,8,6,2,5,2,7,6,8,2,0,10,6,4,7,11,0,0,9,0,7,8,5,8,8,9,5,0,0,2,0,2,7,7,9,7,10,11,0,10,0,0,7,7,5,10,6,10,5,5,6,10,10,3,11,3,5,6,7,0,6,11,3,4,0,7,4,6,5,10,7,0,3,11,3,0,0,4,4,9,6,10,8,5,4
2,8,8,8,8,9,11,4,0,3,11,7,7,10,6,4,11,4,11,0,7,9,6,6,10,5,7,2,2,4,5,5,2,2,6,6,8,2,10,9,4,4,9,2,5,3,5,10,7,9,11,8,0,0,0,9,2,6,4,7,6,8,5,5,9,6,9,7,3,6,3,8,7,9,3,2,11,7,5,8,0,2,2,10,2,8,9,6,9,9,10,6,2,2,3,2,3,8,8,10,8,11,0,2,11,2,2,8,8,6,11,7,11,6,6,7,11,11,4,0,4,6,7,8,2,7,0,4,5,2,8,5,7,6,11,8,2,4,0,4,2,2,5,5,10,7,11,9,6,5
3,9,9,9,9,10,0,5,2,4,0,8,8,11,7,5,0,5,0,2,8,10,7,7,11,6,8,3,3,5,6,6,3,3,7,7,9,3,11,10,5,5,10,3,6,4,6,11,8,10,0,9,2,2,2,10,3,7,5,8,7,9,6,6,10,7,10,8,4,7,4,9,8,10,4,3,0,8,6,9,2,3,3,11,3,9,10,7,10,10,11,7,3,3,4,3,4,9,9,11,9,0,2,3,0,3,3,9,9,7,0,8,0,7,7,8,0,0,5,2,5,7,8,9,3,8,2,5,6,3,9,6,8,7,0,9,3,5,2,5,3,3,6,6,11,8,0,10,7,6
4,10,10,10,10,11,2,6,3,5,2,9,9,0,8,6,2,6,2,3,9,11,8,8,0,7,9,4,4,6,7,7,4,4,8,8,10,4,0,11,6,6,11,4,7,5,7,0,9,11,2,10,3,3,3,11,4,8,6,9,8,10,7,7,11,8,11,9,5,8,5,10,9,11,5,4,2,9,7,10,3,4,4,0,4,10,11,8,11,11,0,8,4,4,5,4,5,10,10,0,10,2,3,4,2,4,4,10,10,8,2,9,2,8,8,9,2,2,6,3,6,8,9,10,4,9,3,6,7,4,10,7,9,8,2,10,4,6,3,6,4,4,7,7,0,9,2,11,8,7
5,11,11,11,11,0,3,7,4,6,3,10,10,2,9,7,3,7,3,4,10,0,9,9,2,8,10,5,5,7,8,8,5,5,9,9,11,5,2,0,7,7,0,5,8,6,8,2,10,0,3,11,4,4,4,0,5,9,7,10,9,11,8,8,0,9,0,10,6,9,6,11,10,0,6,5,3,10,8,11,4,5,5,2,5,11,0,9,0,0,2,9,5,5,6,5,6,11,11,2,11,3,4,5,3,5,5,11,11,9,3,10,3,9,9,10,3,3,7,4,7,9,10,11,5,10,4,7,8,5,11,8,10,9,3,11,5,7,4,7,5,5,8,8,2,10,3,0,9,8
6,0,0,0,0,2,4,8,5,7,4,11,11,3,10,8,4,8,4,5,11,2,10,10,3,9,11,6,6,8,9,9,6,6,10,10,0,6,3,2,8,8,2,6,9,7,9,3,11,2,4,0,5,5,5,2,6,10,8,11,10,0,9,9,2,10,2,11,7,10,7,0,11,2,7,6,4,11,9,0,5,6,6,3,6,0,2,10,2,2,3,10,6,6,7,6,7,0,0,3,0,4,5,6,4,6,6,0,0,10,4,11,4,10,10,11,4,4,8,5,8,10,11,0,6,11,5,8,9,6,0,9,11,10,4,0,6,8,5,8,6,6,9,9,3,11,4,2,10,9
7,2,2,2,2,3,5,9,6,8,5,0,0,4,11,9,5,9,5,6,0,3,11,11,4,10,0,7,7,9,10,10,7,7,11,11,2,7,4,3,9,9,3,7,10,8,10,4,0,3,5,2,6,6,6,3,7,11,9,0,11,2,10,10,3,11,3,0,8,11,8,2,0,3,8,7,5,0,10,2,6,7,7,4,7,2,3,11,3,3,4,11,7,7,8,7,8,2,2,4,2,5,6,7,5,7,7,2,2,11,5,0,5,11,11,0,5,5,9,6,9,11,0,2,7,0,6,9,10,7,2,10,0,11,5,2,7,9,6,9,7,7,10,10,4,0,5,3,11,10
8,3,3,3,3,4,6,10,7,9,6,2,2,5,0,10,6,10,6,7,2,4,0,0,5,11,2,8,8,10,11,11,8,8,0,0,3,8,5,4,10,10,4,8,11,9,11,5,2,4,6,3,7,7,7,4,8,0,10,2,0,3,11,11,4,0,4,2,9,0,9,3,2,4,9,8,6,2,11,3,7,8,8,5,8,3,4,0,4,4,5,0,8,8,9,8,9,3,3,5,3,6,7,8,6,8,8,3,3,0,6,2,6,0,0,2,6,6,10,7,10,0,2,3,8,2,7,10,11,8,3,11,2,0,6,3,8,10,7,10,8,8,11,11,5,2,6,4,0,11
9,4,4,4,4,5,7,11,8,10,7,3,3,6,2,11,7,11,7,8,3,5,2,2,6,0,3,9,9,11,0,0,9,9,2,2,4,9,6,5,11,11,5,9,0,10,0,6,3,5,7,4,8,8,8,5,9,2,11,3,2,4,0,0,5,2,5,3,10,2,10,4,3,5,10,9,7,3,0,4,8,9,9,6,9,4,5,2,5,5,6,2,9,9,10,9,10,4,4,6,4,7,8,9,7,9,9,4,4,2,7,3,7,2,2,3,7,7,11,8,11,2,3,4,9,3,8,11,0,9,4,0,3,2,7,4,9,11,8,11,9,9,0,0,6,3,7,5,2,0
10,5,5,5,5,6,8,0,9,11,8,4,4,7,3,0,8,0,8,9,4,6,3,3,7,2,4,10,10,0,2,2,10,10,3,3,5,10,7,6,0,0,6,10,2,11,2,7,4,6,8,5,9,9,9,6,10,3,0,4,3,5,2,2,6,3,6,4,11,3,11,5,4,6,11,10,8,4,2,5,9,10,10,7,10,5,6,3,6,6,7,3,10,10,11,10,11,5,5,7,5,8,9,10,8,10,10,5,5,3,8,4,8,3,3,4,8,8,0,9,0,3,4,5,10,4,9,0,2,10,5,2,4,3,8,5,10,0,9,0,10,10,2,2,7,4,8,6,3,2
11,6,6,6,6,7,9,2,10,0,9,5,5,8,4,2,9,2,9,10,5,7,4,4,8,3,5,11,11,2,3,3,11,11,4,4,6,11,8,7,2,2,7,11,3,0,3,8,5,7,9,6,10,10,10,7,11,4,2,5,4,6,3,3,7,4,7,5,0,4,0,6,5,7,0,11,9,5,3,6,10,11,11,8,11,6,7,4,7,7,8,4,11,11,0,11,0,6,6,8,6,9,10,11,9,11,11,6,6,4,9,5,9,4,4,5,9,9,2,10,2,4,5,6,11,5,10,2,3,11,6,3,5,4,9,6,11,2,10,2,11,11,3,3,8,5,9,7,4,3
0,7,7,7,7,8,10,3,11,2,10,6,6,9,5,3,10,3,10,11,6,8,5,5,9,4,6,0,0,3,4,4,0,0,5,5,7,0,9,8,3,3,8,0,4,2,4,9,6,8,10,7,11,11,11,8,0,5,3,6,5,7,4,4,8,5,8,6,2,5,2,7,6,8,2,0,10,6,4,7,11,0,0,9,0,7,8,5,8,8,9,5,0,0,2,0,2,7,7,9,7,10,11,0,10,0,0,7,7,5,10,6,10,5,5,6,10,10,3,11,3,5,6,7,0,6,11,3,4,0,7,4,6,5,10,7,0,3,11,3,0,0,4,4,9,6,10,8,5,4
2,8,8,8,8,9,11,4,0,3,11,7,7,10,6,4,11,4,11,0,7,9,6,6,10,5,7,2,2,4,5,5,2,2,6,6,8,2,10,9,4,4,9,2,5,3,5,10,7,9,11,8,0,0,0,9,2,6,4,7,6,8,5,5,9,6,9,7,3,6,3,8,7,9,3,2,11,7,5,8,0,2,2,10,2,8,9,6,9,9,10,6,2,2,3,2,3,8,8,10,8,11,0,2,11,2,2,8,8,6,11,7,11,6,6,7,11,11,4,0,4,6,7,8,2,7,0,4,5,2,8,5,7,6,11,8,2,4,0,4,2,2,5,5,10,7,11,9,6,5
3,9,9,9,9,10,0,5,2,4,0,8,8,11,7,5,0,5,0,2,8,10,7,7,11,6,8,3,3,5,6,6,3,3,7,7,9,3,11,10,5,5,10,3,6,4,6,11,8,10,0,9,2,2,2,10,3,7,5,8,7,9,6,6,10,7,10,8,4,7,4,9,8,10,4,3,0,8,6,9,2,3,3,11,3,9,10,7,10,10,11,7,3,3,4,3,4,9,9,11,9,0,2,3,0,3,3,9,9,7,0,8,0,7,7,8,0,0,5,2,5,7,8,9,3,8,2,5,6,3,9,6,8,7,0,9,3,5,2,5,3,3,6,6,11,8,0,10,7,6
4,10,10,10,10,11,2,6,3,5,2,9,9,0,8,6,2,6,2,3,9,11,8,8,0,7,9,4,4,6,7,7,4,4,8,8,10,4,0,11,6,6,11,4,7,5,7,0,9,11,2,10,3,3,3,11,4,8,6,9,8,10,7,7,11,8,11,9,5,8,5,10,9,11,5,4,2,9,7,10,3,4,4,0,4,10,11,8,11,11,0,8,4,4,5,4,5,10,10,0,10,2,3,4,2,4,4,10,10,8,2,9,2,8,8,9,2,2,6,3,6,8,9,10,4,9,3,6,7,4,10,7,9,8,2,10,4,6,3,6,4,4,7,7,0,9,2,11,8,7
5,11,11,11,11,0,3,7,4,6,3,10,10,2,9,7,3,7,3,4,10,0,9,9,2,8,10,5,5,7,8,8,5,5,9,9,11,5,2,0,7,7,0,5,8,6,8,2,10,0,3,11,4,4,4,0,5,9,7,10,9,11,8,8,0,9,0,10,6,9,6,11,10,0,6,5,3,10,8,11,4,5,5,2,5,11,0,9,0,0,2,9,5,5,6,5,6,11,11,2,11,3,4,5,3,5,5,11,11,9,3,10,3,9,9,10,3,3,7,4,7,9,10,11,5,10,4,7,8,5,11,8,10,9,3,11,5,7,4,7,5,5,8,8,2,10,3,0,9,8
6,0,0,0,0,2,4,8,5,7,4,11,11,3,10,8,4,8,4,5,11,2,10,10,3,9,11,6,6,8,9,9,6,6,10,10,0,6,3,2,8,8,2,6,9,7,9,3,11,2,4,0,5,5,5,2,6,10,8,11,10,0,9,9,2,10,2,11,7,10,7,0,11,2,7,6,4,11,9,0,5,6,6,3,6,0,2,10,2,2,3,10,6,6,7,6,7,0,0,3,0,4,5,6,4,6,6,0,0,10,4,11,4,10,10,11,4,4,8,5,8,10,11,0,6,11,5,8,9,6,0,9,11,10,4,0,6,8,5,8,6,6,9,9,3,11,4,2,10,9
7,2,2,2,2,3,5,9,6,8,5,0,0,4,11,9,5,9,5,6,0,3,11,11,4,10,0,7,7,9,10,10,7,7,11,11,2,7,4,3,9,9,3,7,10,8,10,4,0,3,5,2,6,6,6,3,7,11,9,0,11,2,10,10,3,11,3,0,8,11,8,2,0,3,8,7,5,0,10,2,6,7,7,4,7,2,3,11,3,3,4,11,7,7,8,7,8,2,2,4,2,5,6,7,5,7,7,2,2,11,5,0,5,11,11,0,5,5,9,6,9,11,0,2,7,0,6,9,10,7,2,10,0,11,5,2,7,9,6,9,7,7,10,10,4,0,5,3,11,10
8,3,3,3,3,4,6,10,7,9,6,2,2,5,0,10,6,10,6,7,2,4,0,0,5,11,2,8,8,10,11,11,8,8,0,0,3,8,5,4,10,10,4,8,11,9,11,5,2,4,6,3,7,7,7,4,8,0,10,2,0,3,11,11,4,0,4,2,9,0,9,3,2,4,9,8,6,2,11,3,7,8,8,5,8,3,4,0,4,4,5,0,8,8,9,8,9,3,3,5,3,6,7,8,6,8,8,3,3,0,6,2,6,0,0,2,6,6,10,7,10,0,2,3,8,2,7,10,11,8,3,11,2,0,6,3,8,10,7,10,8,8,11,11,5,2,6,4,0,11
9,4,4,4,4,5,7,11,8,10,7,3,3,6,2,11,7,11,7,8,3,5,2,2,6,0,3,9,9,11,0,0,9,9,2,2,4,9,6,5,11,11,5,9,0,10,0,6,3,5,7,4,8,8,8,5,9,2,11,3,2,4,0,0,5,2,5,3,10,2,10,4,3,5,10,9,7,3,0,4,8,9,9,6,9,4,5,2,5,5,6,2,9,9,10,9,10,4,4,6,4,7,8,9,7,9,9,4,4,2,7,3,7,2,2,3,7,7,11,8,11,2,3,4,9,3,8,11,0,9,4,0,3,2,7,4,9,11,8,11,9,9,0,0,6,3,7,5,2,0
10,5,5,5,5,6,8,0,9,11,8,4,4,7,3,0,8,0,8,9,4,6,3,3,7,2,4,10,10,0,2,2,10,10,3,3,5,10,7,6,0,0,6,10,2,11,2,7,4,6,8,5,9,9,9,6,10,3,0,4,3,5,2,2,6,3,6,4,11,3,11,5,4,6,11,10,8,4,2,5,9,10,10,7,10,5,6,3,6,6,7,3,10,10,11,10,11,5,5,7,5,8,9,10,8,10,10,5,5,3,8,4,8,3,3,4,8,8,0,9,0,3,4,5,10,4,9,0,2,10,5,2,4,3,8,5,10,0,9,0,10,10,2,2,7,4,8,6,3,2
11,6,6,6,6,7,9,2,10,0,9,5,5,8,4,2,9,2,9,10,5,7,4,4,8,3,5,11,11,2,3,3,11,11,4,4,6,11,8,7,2,2,7,11,3,0,3,8,5,7,9,6,10,10,10,7,11,4,2,5,4,6,3,3,7,4,7,5,0,4,0,6,5,7,0,11,9,5,3,6,10,11,11,8,11,6,7,4,7,7,8,4,11,11,0,11,0,6,6,8,6,9,10,11,9,11,11,6,6,4,9,5,9,4,4,5,9,9,2,10,2,4,5,6,11,5,10,2,3,11,6,3,5,4,9,6,11,2,10,2,11,11,3,3,8,5,9,7,4,3
0,7,7,7,7,8,10,3,11,2,10,6,6,9,5,3,10,3,10,11,6,8,5,5,9,4,6,0,0,3,4,4,0,0,5,5,7,0,9,8,3,3,8,0,4,2,4,9,6,8,10,7,11,11,11,8,0,5,3,6,5,7,4,4,8,5,8,6,2,5,2,7,6,8,2,0,10,6,4,7,11,0,0,9,0,7,8,5,8,8,9,5,0,0,2,0,2,7,7,9,7,10,11,0,10,0,0,7,7,5,10,6,10,5,5,6,10,10,3,11,3,5,6,7,0,6,11,3,4,0,7,4,6,5,10,7,0,3,11,3,0,0,4,4,9,6,10,8,5,4
2,8,8,8,8,9,11,4,0,3,11,7,7,10,6,4,11,4,11,0,7,9,6,6,10,5,7,2,2,4,5,5,2,2,6,6,8,2,10,9,4,4,9,2,5,3,5,10,7,9,11,8,0,0,0,9,2,6,4,7,6,8,5,5,9,6,9,7,3,6,3,8,7,9,3,2,11,7,5,8,0,2,2,10,2,8,9,6,9,9,10,6,2,2,3,2,3,8,8,10,8,11,0,2,11,2,2,8,8,6,11,7,11,6,6,7,11,11,4,0,4,6,7,8,2,7,0,4,5,2,8,5,7,6,11,8,2,4,0,4,2,2,5,5,10,7,11,9,6,5
3,9,9,9,9,10,0,5,2,4,0,8,8,11,7,5,0,5,0,2,8,10,7,7,11,6,8,3,3,5,6,6,3,3,7,7,9,3,11,10,5,5,10,3,6,4,6,11,8,10,0,9,2,2,2,10,3,7,5,8,7,9,6,6,10,7,10,8,4,7,4,9,8,10,4,3,0,8,6,9,2,3,3,11,3,9,10,7,10,10,11,7,3,3,4,3,4,9,9,11,9,0,2,3,0,3,3,9,9,7,0,8,0,7,7,8,0,0,5,2,5,7,8,9,3,8,2,5,6,3,9,6,8,7,0,9,3,5,2,5,3,3,6,6,11,8,0,10,7,6
4,10,10,10,10,11,2,6,3,5,2,9,9,0,8,6,2,6,2,3,9,11,8,8,0,7,9,4,4,6,7,7,4,4,8,8,10,4,0,11,6,6,11,4,7,5,7,0,9,11,2,10,3,3,3,11,4,8,6,9,8,10,7,7,11,8,11,9,5,8,5,10,9,11,5,4,2,9,7,10,3,4,4,0,4,10,11,8,11,11,0,8,4,4,5,4,5,10,10,0,10,2,3,4,2,4,4,10,10,8,2,9,2,8,8,9,2,2,6,3,6,8,9,10,4,9,3,6,7,4,10,7,9,8,2,10,4,6,3,6,4,4,7,7,0,9,2,11,8,7
5,11,11,11,11,0,3,7,4,6,3,10,10,2,9,7,3,7,3,4,10,0,9,9,2,8,10,5,5,7,8,8,5,5,9,9,11,5,2,0,7,7,0,5,8,6,8,2,10,0,3,11,4,4,4,0,5,9,7,10,9,11,8,8,0,9,0,10,6,9,6,11,10,0,6,5,3,10,8,11,4,5,5,2,5,11,0,9,0,0,2,9,5,5,6,5,6,11,11,2,11,3,4,5,3,5,5,11,11,9,3,10,3,9,9,10,3,3,7,4,7,9,10,11,5,10,4,7,8,5,11,8,10,9,3,11,5,7,4,7,5,5,8,8,2,10,3,0,9,8
6,0,0,0,0,2,4,8,5,7,4,11,11,3,10,8,4,8,4,5,11,2,10,10,3,9,11,6,6,8,9,9,6,6,10,10,0,6,3,2,8,8,2,6,9,7,9,3,11,2,4,0,5,5,5,2,6,10,8,11,10,0,9,9,2,10,2,11,7,10,7,0,11,2,7,6,4,11,9,0,5,6,6,3,6,0,2,10,2,2,3,10,6,6,7,6,7,0,0,3,0,4,5,6,4,6,6,0,0,10,4,11,4,10,10,11,4,4,8,5,8,10,11,0,6,11,5,8,9,6,0,9,11,10,4,0,6,8,5,8,6,6,9,9,3,11,4,2,10,9
7,2,2,2,2,3,5,9,6,8,5,0,0,4,11,9,5,9,5,6,0,3,11,11,4,10,0,7,7,9,10,10,7,7,11,11,2,7,4,3,9,9,3,7,10,8,10,4,0,3,5,2,6,6,6,3,7,11,9,0,11,2,10,10,3,11,3,0,8,11,8,2,0,3,8,7,5,0,10,2,6,7,7,4,7,2,3,11,3,3,4,11,7,7,8,7,8,2,2,4,2,5,6,7,5,7,7,2,2,11,5,0,5,11,11,0,5,5,9,6,9,11,0,2,7,0,6,9,10,7,2,10,0,11,5,2,7,9,6,9,7,7,10,10,4,0,5,3,11,10
8,3,3,3,3,4,6,10,7,9,6,2,2,5,0,10,6,10,6,7,2,4,0,0,5,11,2,8,8,10,11,11,8,8,0,0,3,8,5,4,10,10,4,8,11,9,11,5,2,4,6,3,7,7,7,4,8,0,10,2,0,3,11,11,4,0,4,2,9,0,9,3,2,4,9,8,6,2,11,3,7,8,8,5,8,3,4,0,4,4,5,0,8,8,9,8,9,3,3,5,3,6,7,8,6,8,8,3,3,0,6,2,6,0,0,2,6,6,10,7,10,0,2,3,8,2,7,10,11,8,3,11,2,0,6,3,8,10,7,10,8,8,11,11,5,2,6,4,0,11
9,4,4,4,4,5,7,11,8,10,7,3,3,6,2,11,7,11,7,8,3,5,2,2,6,0,3,9,9,11,0,0,9,9,2,2,4,9,6,5,11,11,5,9,0,10,0,6,3,5,7,4,8,8,8,5,9,2,11,3,2,4,0,0,5,2,5,3,10,2,10,4,3,5,10,9,7,3,0,4,8,9,9,6,9,4,5,2,5,5,6,2,9,9,10,9,10,4,4,6,4,7,8,9,7,9,9,4,4,2,7,3,7,2,2,3,7,7,11,8,11,2,3,4,9,3,8,11,0,9,4,0,3,2,7,4,9,11,8,11,9,9,0,0,6,3,7,5,2,0
10,5,5,5,5,6,8,0,9,11,8,4,4,7,3,0,8,0,8,9,4,6,3,3,7,2,4,10,10,0,2,2,10,10,3,3,5,10,7,6,0,0,6,10,2,11,2,7,4,6,8,5,9,9,9,6,10,3,0,4,3,5,2,2,6,3,6,4,11,3,11,5,4,6,11,10,8,4,2,5,9,10,10,7,10,5,6,3,6,6,7,3,10,10,11,10,11,5,5,7,5,8,9,10,8,10,10,5,5,3,8,4,8,3,3,4,8,8,0,9,0,3,4,5,10,4,9,0,2,10,5,2,4,3,8,5,10,0,9,0,10,10,2,2,7,4,8,6,3,2
11,6,6,6,6,7,9,2,10,0,9,5,5,8,4,2,9,2,9,10,5,7,4,4,8,3,5,11,11,2,3,3,11,11,4,4,6,11,8,7,2,2,7,11,3,0,3,8,5,7,9,6,10,10,10,7,11,4,2,5,4,6,3,3,7,4,7,5,0,4,0,6,5,7,0,11,9,5,3,6,10,11,11,8,11,6,7,4,7,7,8,4,11,11,0,11,0,6,6,8,6,9,10,11,9,11,11,6,6,4,9,5,9,4,4,5,9,9,2,10,2,4,5,6,11,5,10,2,3,11,6,3,5,4,9,6,11,2,10,2,11,11,3,3,8,5,9,7,4,3
0,7,7,7,7,8,10,3,11,2,10,6,6,9,5,3,10,3,10,11,6,8,5,5,9,4,6,0,0,3,4,4,0,0,5,5,7,0,9,8,3,3,8,0,4,2,4,9,6,8,10,7,11,11,11,8,0,5,3,6,5,7,4,4,8,5,8,6,2,5,2,7,6,8,2,0,10,6,4,7,11,0,0,9,0,7,8,5,8,8,9,5,0,0,2,0,2,7,7,9,7,10,11,0,10,0,0,7,7,5,10,6,10,5,5,6,10,10,3,11,3,5,6,7,0,6,11,3,4,0,7,4,6,5,10,7,0,3,11,3,0,0,4,4,9,6,10,8,5,4
2,8,8,8,8,9,11,4,0,3,11,7,7,10,6,4,11,4,11,0,7,9,6,6,10,5,7,2,2,4,5,5,2,2,6,6,8,2,10,9,4,4,9,2,5,3,5,10,7,9,11,8,0,0,0,9,2,6,4,7,6,8,5,5,9,6,9,7,3,6,3,8,7,9,3,2,11,7,5,8,0,2,2,10,2,8,9,6,9,9,10,6,2,2,3,2,3,8,8,10,8,11,0,2,11,2,2,8,8,6,11,7,11,6,6,7,11,11,4,0,4,6,7,8,2,7,0,4,5,2,8,5,7,6,11,8,2,4,0,4,2,2,5,5,10,7,11,9,6,5
3,9,9,9,9,10,0,5,2,4,0,8,8,11,7,5,0,5,0,2,8,10,7,7,11,6,8,3,3,5,6,6,3,3,7,7,9,3,11,10,5,5,10,3,6,4,6,11,8,10,0,9,2,2,2,10,3,7,5,8,7,9,6,6,10,7,10,8,4,7,4,9,8,10,4,3,0,8,6,9,2,3,3,11,3,9,10,7,10,10,11,7,3,3,4,3,4,9,9,11,9,0,2,3,0,3,3,9,9,7,0,8,0,7,7,8,0,0,5,2,5,7,8,9,3,8,2,5,6,3,9,6,8,7,0,9,3,5,2,5,3,3,6,6,11,8,0,10,7,6
4,10,10,10,10,11,2,6,3,5,2,9,9,0,8,6,2,6,2,3,9,11,8,8,0,7,9,4,4,6,7,7,4,4,8,8,10,4,0,11,6,6,11,4,7,5,7,0,9,11,2,10,3,3,3,11,4,8,6,9,8,10,7,7,11,8,11,9,5,8,5,10,9,11,5,4,2,9,7,10,3,4,4,0,4,10,11,8,11,11,0,8,4,4,5,4,5,10,10,0,10,2,3,4,2,4,4,10,10,8,2,9,2,8,8,9,2,2,6,3,6,8,9,10,4,9,3,6,7,4,10,7,9,8,2,10,4,6,3,6,4,4,7,7,0,9,2,11,8,7
5,11,11,11,11,0,3,7,4,6,3,10,10,2,9,7,3,7,3,4,10,0,9,9,2,8,10,5,5,7,8,8,5,5,9,9,11,5,2,0,7,7,0,5,8,6,8,2,10,0,3,11,4,4,4,0,5,9,7,10,9,11,8,8,0,9,0,10,6,9,6,11,10,0,6,5,3,10,8,11,4,5,5,2,5,11,0,9,0,0,2,9,5,5,6,5,6,11,11,2,11,3,4,5,3,5,5,11,11,9,3,10,3,9,9,10,3,3,7,4,7,9,10,11,5,10,4,7,8,5,11,8,10,9,3,11,5,7,4,7,5,5,8,8,2,10,3,0,9,8
6,0,0,0,0,2,4,8,5,7,4,11,11,3,10,8,4,8,4,5,11,2,10,10,3,9,11,6,6,8,9,9,6,6,10,10,0,6,3,2,8,8,2,6,9,7,9,3,11,2,4,0,5,5,5,2,6,10,8,11,10,0,9,9,2,10,2,11,7,10,7,0,11,2,7,6,4,11,9,0,5,6,6,3,6,0,2,10,2,2,3,10,6,6,7,6,7,0,0,3,0,4,5,6,4,6,6,0,0,10,4,11,4,10,10,11,4,4,8,5,8,10,11,0,6,11,5,8,9,6,0,9,11,10,4,0,6,8,5,8,6,6,9,9,3,11,4,2,10,9
7,2,2,2,2,3,5,9,6,8,5,0,0,4,11,9,5,9,5,6,0,3,11,11,4,10,0,7,7,9,10,10,7,7,11,11,2,7,4,3,9,9,3,7,10,8,10,4,0,3,5,2,6,6,6,3,7,11,9,0,11,2,10,10,3,11,3,0,8,11,8,2,0,3,8,7,5,0,10,2,6,7,7,4,7,2,3,11,3,3,4,11,7,7,8,7,8,2,2,4,2,5,6,7,5,7,7,2,2,11,5,0,5,11,11,0,5,5,9,6,9,11,0,2,7,0,6,9,10,7,2,10,0,11,5,2,7,9,6,9,7,7,10,10,4,0,5,3,11,10
8,3,3,3,3,4,6,10,7,9,6,2,2,5,0,10,6,10,6,7,2,4,0,0,5,11,2,8,8,10,11,11,8,8,0,0,3,8,5,4,10,10,4,8,11,9,11,5,2,4,6,3,7,7,7,4,8,0,10,2,0,3,11,11,4,0,4,2,9,0,9,3,2,4,9,8,6,2,11,3,7,8,8,5,8,3,4,0,4,4,5,0,8,8,9,8,9,3,3,5,3,6,7,8,6,8,8,3,3,0,6,2,6,0,0,2,6,6,10,7,10,0,2,3,8,2,7,10,11,8,3,11,2,0,6,3,8,10,7,10,8,8,11,11,5,2,6,4,0,11
9,4,4,4,4,5,7,11,8,10,7,3,3,6,2,11,7,11,7,8,3,5,2,2,6,0,3,9,9,11,0,0,9,9,2,2,4,9,6,5,11,11,5,9,0,10,0,6,3,5,7,4,8,8,8,5,9,2,11,3,2,4,0,0,5,2,5,3,10,2,10,4,3,5,10,9,7,3,0,4,8,9,9,6,9,4,5,2,5,5,6,2,9,9,10,9,10,4,4,6,4,7,8,9,7,9,9,4,4,2,7,3,7,2,2,3,7,7,11,8,11,2,3,4,9,3,8,11,0,9,4,0,3,2,7,4,9,11,8,11,9,9,0,0,6,3,7,5,2,0
10,5,5,5,5,6,8,0,9,11,8,4,4,7,3,0,8,0,8,9,4,6,3,3,7,2,4,10,10,0,2,2,10,10,3,3,5,10,7,6,0,0,6,10,2,11,2,7,4,6,8,5,9,9,9,6,10,3,0,4,3,5,2,2,6,3,6,4,11,3,11,5,4,6,11,10,8,4,2,5,9,10,10,7,10,5,6,3,6,6,7,3,10,10,11,10,11,5,5,7,5,8,9,10,8,10,10,5,5,3,8,4,8,3,3,4,8,8,0,9,0,3,4,5,10,4,9,0,2,10,5,2,4,3,8,5,10,0,9,0,10,10,2,2,7,4,8,6,3,2
11,6,6,6,6,7,9,2,10,0,9,5,5,8,4,2,9,2,9,10,5,7,4,4,8,3,5,11,11,2,3,3,11,11,4,4,6,11,8,7,2,2,7,11,3,0,3,8,5,7,9,6,10,10,10,7,11,4,2,5,4,6,3,3,7,4,7,5,0,4,0,6,5,7,0,11,9,5,3,6,10,11,11,8,11,6,7,4,7,7,8,4,11,11,0,11,0,6,6,8,6,9,10,11,9,11,11,6,6,4,9,5,9,4,4,5,9,9,2,10,2,4,5,6,11,5,10,2,3,11,6,3,5,4,9,6,11,2,10,2,11,11,3,3,8,5,9,7,4,3
0,7,7,7,7,8,10,3,11,2,10,6,6,9,5,3,10,3,10,11,6,8,5,5,9,4,6,0,0,3,4,4,0,0,5,5,7,0,9,8,3,3,8,0,4,2,4,9,6,8,10,7,11,11,11,8,0,5,3,6,5,7,4,4,8,5,8,6,2,5,2,7,6,8,2,0,10,6,4,7,11,0,0,9,0,7,8,5,8,8,9,5,0,0,2,0,2,7,7,9,7,10,11,0,10,0,0,7,7,5,10,6,10,5,5,6,10,10,3,11,3,5,6,7,0,6,11,3,4,0,7,4,6,5,10,7,0,3,11,3,0,0,4,4,9,6,10,8,5,4
2,8,8,8,8,9,11,4,0,3,11,7,7,10,6,4,11,4,11,0,7,9,6,6,10,5,7,2,2,4,5,5,2,2,6,6,8,2,10,9,4,4,9,2,5,3,5,10,7,9,11,8,0,0,0,9,2,6,4,7,6,8,5,5,9,6,9,7,3,6,3,8,7,9,3,2,11,7,5,8,0,2,2,10,2,8,9,6,9,9,10,6,2,2,3,2,3,8,8,10,8,11,0,2,11,2,2,8,8,6,11,7,11,6,6,7,11,11,4,0,4,6,7,8,2,7,0,4,5,2,8,5,7,6,11,8,2,4,0,4,2,2,5,5,10,7,11,9,6,5
3,9,9,9,9,10,0,5,2,4,0,8,8,11,7,5,0,5,0,2,8,10,7,7,11,6,8,3,3,5,6,6,3,3,7,7,9,3,11,10,5,5,10,3,6,4,6,11,8,10,0,9,2,2,2,10,3,7,5,8,7,9,6,6,10,7,10,8,4,7,4,9,8,10,4,3,0,8,6,9,2,3,3,11,3,9,10,7,10,10,11,7,3,3,4,3,4,9,9,11,9,0,2,3,0,3,3,9,9,7,0,8,0,7,7,8,0,0,5,2,5,7,8,9,3,8,2,5,6,3,9,6,8,7,0,9,3,5,2,5,3,3,6,6,11,8,0,10,7,6
4,10,10,10,10,11,2,6,3,5,2,9,9,0,8,6,2,6,2,3,9,11,8,8,0,7,9,4,4,6,7,7,4,4,8,8,10,4,0,11,6,6,11,4,7,5,7,0,9,11,2,10,3,3,3,11,4,8,6,9,8,10,7,7,11,8,11,9,5,8,5,10,9,11,5,4,2,9,7,10,3,4,4,0,4,10,11,8,11,11,0,8,4,4,5,4,5,10,10,0,10,2,3,4,2,4,4,10,10,8,2,9,2,8,8,9,2,2,6,3,6,8,9,10,4,9,3,6,7,4,10,7,9,8,2,10,4,6,3,6,4,4,7,7,0,9,2,11,8,7
5,11,11,11,11,0,3,7,4,6,3,10,10,2,9,7,3,7,3,4,10,0,9,9,2,8,10,5,5,7,8,8,5,5,9,9,11,5,2,0,7,7,0,5,8,6,8,2,10,0,3,11,4,4,4,0,5,9,7,10,9,11,8,8,0,9,0,10,6,9,6,11,10,0,6,5,3,10,8,11,4,5,5,2,5,11,0,9,0,0,2,9,5,5,6,5,6,11,11,2,11,3,4,5,3,5,5,11,11,9,3,10,3,9,9,10,3,3,7,4,7,9,10,11,5,10,4,7,8,5,11,8,10,9,3,11,5,7,4,7,5,5,8,8,2,10,3,0,9,8
6,0,0,0,0,2,4,8,5,7,4,11,11,3,10,8,4,8,4,5,11,2,10,10,3,9,11,6,6,8,9,9,6,6,10,10,0,6,3,2,8,8,2,6,9,7,9,3,11,2,4,0,5,5,5,2,6,10,8,11,10,0,9,9,2,10,2,11,7,10,7,0,11,2,7,6,4,11,9,0,5,6,6,3,6,0,2,10,2,2,3,10,6,6,7,6,7,0,0,3,0,4,5,6,4,6,6,0,0,10,4,11,4,10,10,11,4,4,8,5,8,10,11,0,6,11,5,8,9,6,0,9,11,10,4,0,6,8,5,8,6,6,9,9,3,11,4,2,10,9
7,2,2,2,2,3,5,9,6,8,5,0,0,4,11,9,5,9,5,6,0,3,11,11,4,10,0,7,7,9,10,10,7,7,11,11,2,7,4,3,9,9,3,7,10,8,10,4,0,3,5,2,6,6,6,3,7,11,9,0,11,2,10,10,3,11,3,0,8,11,8,2,0,3,8,7,5,0,10,2,6,7,7,4,7,2,3,11,3,3,4,11,7,7,8,7,8,2,2,4,2,5,6,7,5,7,7,2,2,11,5,0,5,11,11,0,5,5,9,6,9,11,0,2,7,0,6,9,10,7,2,10,0,11,5,2,7,9,6,9,7,7,10,10,4,0,5,3,11,10
8,3,3,3,3,4,6,10,7,9,6,2,2,5,0,10,6,10,6,7,2,4,0,0,5,11,2,8,8,10,11,11,8,8,0,0,3,8,5,4,10,10,4,8,11,9,11,5,2,4,6,3,7,7,7,4,8,0,10,2,0,3,11,11,4,0,4,2,9,0,9,3,2,4,9,8,6,2,11,3,7,8,8,5,8,3,4,0,4,4,5,0,8,8,9,8,9,3,3,5,3,6,7,8,6,8,8,3,3,0,6,2,6,0,0,2,6,6,10,7,10,0,2,3,8,2,7,10,11,8,3,11,2,0,6,3,8,10,7,10,8,8,11,11,5,2,6,4,0,11
9,4,4,4,4,5,7,11,8,10,7,3,3,6,2,11,7,11,7,8,3,5,2,2,6,0,3,9,9,11,0,0,9,9,2,2,4,9,6,5,11,11,5,9,0,10,0,6,3,5,7,4,8,8,8,5,9,2,11,3,2,4,0,0,5,2,5,3,10,2,10,4,3,5,10,9,7,3,0,4,8,9,9,6,9,4,5,2,5,5,6,2,9,9,10,9,10,4,4,6,4,7,8,9,7,9,9,4,4,2,7,3,7,2,2,3,7,7,11,8,11,2,3,4,9,3,8,11,0,9,4,0,3,2,7,4,9,11,8,11,9,9,0,0,6,3,7,5,2,0
10,5,5,5,5,6,8,0,9,11,8,4,4,7,3,0,8,0,8,9,4,6,3,3,7,2,4,10,10,0,2,2,10,10,3,3,5,10,7,6,0,0,6,10,2,11,2,7,4,6,8,5,9,9,9,6,10,3,0,4,3,5,2,2,6,3,6,4,11,3,11,5,4,6,11,10,8,4,2,5,9,10,10,7,10,5,6,3,6,6,7,3,10,10,11,10,11,5,5,7,5,8,9,10,8,10,10,5,5,3,8,4,8,3,3,4,8,8,0,9,0,3,4,5,10,4,9,0,2,10,5,2,4,3,8,5,10,0,9,0,10,10,2,2,7,4,8,6,3,2
11,6,6,6,6,7,9,2,10,0,9,5,5,8,4,2,9,2,9,10,5,7,4,4,8,3,5,11,11,2,3,3,11,11,4,4,6,11,8,7,2,2,7,11,3,0,3,8,5,7,9,6,10,10,10,7,11,4,2,5,4,6,3,3,7,4,7,5,0,4,0,6,5,7,0,11,9,5,3,6,10,11,11,8,11,6,7,4,7,7,8,4,11,11,0,11,0,6,6,8,6,9,10,11,9,11,11,6,6,4,9,5,9,4,4,5,9,9,2,10,2,4,5,6,11,5,10,2,3,11,6,3,5,4,9,6,11,2,10,2,11,11,3,3,8,5,9,7,4,3
0,7,7,7,7,8,10,3,11,2,10,6,6,9,5,3,10,3,10,11,6,8,5,5,9,4,6,0,0,3,4,4,0,0,5,5,7,0,9,8,3,3,8,0,4,2,4,9,6,8,10,7,11,11,11,8,0,5,3,6,5,7,4,4,8,5,8,6,2,5,2,7,6,8,2,0,10,6,4,7,11,0,0,9,0,7,8,5,8,8,9,5,0,0,2,0,2,7,7,9,7,10,11,0,10,0,0,7,7,5,10,6,10,5,5,6,10,10,3,11,3,5,6,7,0,6,11,3,4,0,7,4,6,5,10,7,0,3,11,3,0,0,4,4,9,6,10,8,5,4
2,8,8,8,8,9,11,4,0,3,11,7,7,10,6,4,11,4,11,0,7,9,6,6,10,5,7,2,2,4,5,5,2,2,6,6,8,2,10,9,4,4,9,2,5,3,5,10,7,9,11,8,0,0,0,9,2,6,4,7,6,8,5,5,9,6,9,7,3,6,3,8,7,9,3,2,11,7,5,8,0,2,2,10,2,8,9,6,9,9,10,6,2,2,3,2,3,8,8,10,8,11,0,2,11,2,2,8,8,6,11,7,11,6,6,7,11,11,4,0,4,6,7,8,2,7,0,4,5,2,8,5,7,6,11,8,2,4,0,4,2,2,5,5,10,7,11,9,6,5
3,9,9,9,9,10,0,5,2,4,0,8,8,11,7,5,0,5,0,2,8,10,7,7,11,6,8,3,3,5,6,6,3,3,7,7,9,3,11,10,5,5,10,3,6,4,6,11,8,10,0,9,2,2,2,10,3,7,5,8,7,9,6,6,10,7,10,8,4,7,4,9,8,10,4,3,0,8,6,9,2,3,3,11,3,9,10,7,10,10,11,7,3,3,4,3,4,9,9,11,9,0,2,3,0,3,3,9,9,7,0,8,0,7,7,8,0,0,5,2,5,7,8,9,3,8,2,5,6,3,9,6,8,7,0,9,3,5,2,5,3,3,6,6,11,8,0,10,7,6
4,10,10,10,10,11,2,6,3,5,2,9,9,0,8,6,2,6,2,3,9,11,8,8,0,7,9,4,4,6,7,7,4,4,8,8,10,4,0,11,6,6,11,4,7,5,7,0,9,11,2,10,3,3,3,11,4,8,6,9,8,10,7,7,11,8,11,9,5,8,5,10,9,11,5,4,2,9,7,10,3,4,4,0,4,10,11,8,11,11,0,8,4,4,5,4,5,10,10,0,10,2,3,4,2,4,4,10,10,8,2,9,2,8,8,9,2,2,6,3,6,8,9,10,4,9,3,6,7,4,10,7,9,8,2,10,4,6,3,6,4,4,7,7,0,9,2,11,8,7
5,11,11,11,11,0,3,7,4,6,3,10,10,2,9,7,3,7,3,4,10,0,9,9,2,8,10,5,5,7,8,8,5,5,9,9,11,5,2,0,7,7,0,5,8,6,8,2,10,0,3,11,4,4,4,0,5,9,7,10,9,11,8,8,0,9,0,10,6,9,6,11,10,0,6,5,3,10,8,11,4,5,5,2,5,11,0,9,0,0,2,9,5,5,6,5,6,11,11,2,11,3,4,5,3,5,5,11,11,9,3,10,3,9,9,10,3,3,7,4,7,9,10,11,5,10,4,7,8,5,11,8,10,9,3,11,5,7,4,7,5,5,8,8,2,10,3,0,9,8
6,0,0,0,0,2,4,8,5,7,4,11,11,3,10,8,4,8,4,5,11,2,10,10,3,9,11,6,6,8,9,9,6,6,10,10,0,6,3,2,8,8,2,6,9,7,9,3,11,2,4,0,5,5,5,2,6,10,8,11,10,0,9,9,2,10,2,11,7,10,7,0,11,2,7,6,4,11,9,0,5,6,6,3,6,0,2,10,2,2,3,10,6,6,7,6,7,0,0,3,0,4,5,6,4,6,6,0,0,10,4,11,4,10,10,11,4,4,8,5,8,10,11,0,6,11,5,8,9,6,0,9,11,10,4,0,6,8,5,8,6,6,9,9,3,11,4,2,10,9
7,2,2,2,2,3,5,9,6,8,5,0,0,4,11,9,5,9,5,6,0,3,11,11,4,10,0,7,7,9,10,10,7,7,11,11,2,7,4,3,9,9,3,7,10,8,10,4,0,3,5,2,6,6,6,3,7,11,9,0,11,2,10,10,3,11,3,0,8,11,8,2,0,3,8,7,5,0,10,2,6,7,7,4,7,2,3,11,3,3,4,11,7,7,8,7,8,2,2,4,2,5,6,7,5,7,7,2,2,11,5,0,5,11,11,0,5,5,9,6,9,11,0,2,7,0,6,9,10,7,2,10,0,11,5,2,7,9,6,9,7,7,10,10,4,0,5,3,11,10
8,3,3,3,3,4,6,10,7,9,6,2,2,5,0,10,6,10,6,7,2,4,0,0,5,11,2,8,8,10,11,11,8,8,0,0,3,8,5,4,10,10,4,8,11,9,11,5,2,4,6,3,7,7,7,4,8,0,10,2,0,3,11,11,4,0,4,2,9,0,9,3,2,4,9,8,6,2,11,3,7,8,8,5,8,3,4,0,4,4,5,0,8,8,9,8,9,3,3,5,3,6,7,8,6,8,8,3,3,0,6,2,6,0,0,2,6,6,10,7,10,0,2,3,8,2,7,10,11,8,3,11,2,0,6,3,8,10,7,10,8,8,11,11,5,2,6,4,0,11
9,4,4,4,4,5,7,11,8,10,7,3,3,6,2,11,7,11,7,8,3,5,2,2,6,0,3,9,9,11,0,0,9,9,2,2,4,9,6,5,11,11,5,9,0,10,0,6,3,5,7,4,8,8,8,5,9,2,11,3,2,4,0,0,5,2,5,3,10,2,10,4,3,5,10,9,7,3,0,4,8,9,9,6,9,4,5,2,5,5,6,2,9,9,10,9,10,4,4,6,4,7,8,9,7,9,9,4,4,2,7,3,7,2,2,3,7,7,11,8,11,2,3,4,9,3,8,11,0,9,4,0,3,2,7,4,9,11,8,11,9,9,0,0,6,3,7,5,2,0
10,5,5,5,5,6,8,0,9,11,8,4,4,7,3,0,8,0,8,9,4,6,3,3,7,2,4,10,10,0,2,2,10,10,3,3,5,10,7,6,0,0,6,10,2,11,2,7,4,6,8,5,9,9,9,6,10,3,0,4,3,5,2,2,6,3,6,4,11,3,11,5,4,6,11,10,8,4,2,5,9,10,10,7,10,5,6,3,6,6,7,3,10,10,11,10,11,5,5,7,5,8,9,10,8,10,10,5,5,3,8,4,8,3,3,4,8,8,0,9,0,3,4,5,10,4,9,0,2,10,5,2,4,3,8,5,10,0,9,0,10,10,2,2,7,4,8,6,3,2
11,6,6,6,6,7,9,2,10,0,9,5,5,8,4,2,9,2,9,10,5,7,4,4,8,3,5,11,11,2,3,3,11,11,4,4,6,11,8,7,2,2,7,11,3,0,3,8,5,7,9,6,10,10,10,7,11,4,2,5,4,6,3,3,7,4,7,5,0,4,0,6,5,7,0,11,9,5,3,6,10,11,11,8,11,6,7,4,7,7,8,4,11,11,0,11,0,6,6,8,6,9,10,11,9,11,11,6,6,4,9,5,9,4,4,5,9,9,2,10,2,4,5,6,11,5,10,2,3,11,6,3,5,4,9,6,11,2,10,2,11,11,3,3,8,5,9,7,4,3
0,7,7,7,7,8,10,3,11,2,10,6,6,9,5,3,10,3,10,11,6,8,5,5,9,4,6,0,0,3,4,4,0,0,5,5,7,0,9,8,3,3,8,0,4,2,4,9,6,8,10,7,11,11,11,8,0,5,3,6,5,7,4,4,8,5,8,6,2,5,2,7,6,8,2,0,10,6,4,7,11,0,0,9,0,7,8,5,8,8,9,5,0,0,2,0,2,7,7,9,7,10,11,0,10,0,0,7,7,5,10,6,10,5,5,6,10,10,3,11,3,5,6,7,0,6,11,3,4,0,7,4,6,5,10,7,0,3,11,3,0,0,4,4,9,6,10,8,5,4
2,8,8,8,8,9,11,4,0,3,11,7,7,10,6,4,11,4,11,0,7,9,6,6,10,5,7,2,2,4,5,5,2,2,6,6,8,2,10,9,4,4,9,2,5,3,5,10,7,9,11,8,0,0,0,9,2,6,4,7,6,8,5,5,9,6,9,7,3,6,3,8,7,9,3,2,11,7,5,8,0,2,2,10,2,8,9,6,9,9,10,6,2,2,3,2,3,8,8,10,8,11,0,2,11,2,2,8,8,6,11,7,11,6,6,7,11,11,4,0,4,6,7,8,2,7,0,4,5,2,8,5,7,6,11,8,2,4,0,4,2,2,5,5,10,7,11,9,6,5
3,9,9,9,9,10,0,5,2,4,0,8,8,11,7,5,0,5,0,2,8,10,7,7,11,6,8,3,3,5,6,6,3,3,7,7,9,3,11,10,5,5,10,3,6,4,6,11,8,10,0,9,2,2,2,10,3,7,5,8,7,9,6,6,10,7,10,8,4,7,4,9,8,10,4,3,0,8,6,9,2,3,3,11,3,9,10,7,10,10,11,7,3,3,4,3,4,9,9,11,9,0,2,3,0,3,3,9,9,7,0,8,0,7,7,8,0,0,5,2,5,7,8,9,3,8,2,5,6,3,9,6,8,7,0,9,3,5,2,5,3,3,6,6,11,8,0,10,7,6
4,10,10,10,10,11,2,6,3,5,2,9,9,0,8,6,2,6,2,3,9,11,8,8,0,7,9,4,4,6,7,7,4,4,8,8,10,4,0,11,6,6,11,4,7,5,7,0,9,11,2,10,3,3,3,11,4,8,6,9,8,10,7,7,11,8,11,9,5,8,5,10,9,11,5,4,2,9,7,10,3,4,4,0,4,10,11,8,11,11,0,8,4,4,5,4,5,10,10,0,10,2,3,4,2,4,4,10,10,8,2,9,2,8,8,9,2,2,6,3,6,8,9,10,4,9,3,6,7,4,10,7,9,8,2,10,4,6,3,6,4,4,7,7,0,9,2,11,8,7
5,11,11,11,11,0,3,7,4,6,3,10,10,2,9,7,3,7,3,4,10,0,9,9,2,8,10,5,5,7,8,8,5,5,9,9,11,5,2,0,7,7,0,5,8,6,8,2,10,0,3,11,4,4,4,0,5,9,7,10,9,11,8,8,0,9,0,10,6,9,6,11,10,0,6,5,3,10,8,11,4,5,5,2,5,11,0,9,0,0,2,9,5,5,6,5,6,11,11,2,11,3,4,5,3,5,5,11,11,9,3,10,3,9,9,10,3,3,7,4,7,9,10,11,5,10,4,7,8,5,11,8,10,9,3,11,5,7,4,7,5,5,8,8,2,10,3,0,9,8
6,0,0,0,0,2,4,8,5,7,4,11,11,3,10,8,4,8,4,5,11,2,10,10,3,9,11,6,6,8,9,9,6,6,10,10,0,6,3,2,8,8,2,6,9,7,9,3,11,2,4,0,5,5,5,2,6,10,8,11,10,0,9,9,2,10,2,11,7,10,7,0,11,2,7,6,4,11,9,0,5,6,6,3,6,0,2,10,2,2,3,10,6,6,7,6,7,0,0,3,0,4,5,6,4,6,6,0,0,10,4,11,4,10,10,11,4,4,8,5,8,10,11,0,6,11,5,8,9,6,0,9,11,10,4,0,6,8,5,8,6,6,9,9,3,11,4,2,10,9
7,2,2,2,2,3,5,9,6,8,5,0,0,4,11,9,5,9,5,6,0,3,11,11,4,10,0,7,7,9,10,10,7,7,11,11,2,7,4,3,9,9,3,7,10,8,10,4,0,3,5,2,6,6,6,3,7,11,9,0,11,2,10,10,3,11,3,0,8,11,8,2,0,3,8,7,5,0,10,2,6,7,7,4,7,2,3,11,3,3,4,11,7,7,8,7,8,2,2,4,2,5,6,7,5,7,7,2,2,11,5,0,5,11,11,0,5,5,9,6,9,11,0,2,7,0,6,9,10,7,2,10,0,11,5,2,7,9,6,9,7,7,10,10,4,0,5,3,11,10
8,3,3,3,3,4,6,10,7,9,6,2,2,5,0,10,6,10,6,7,2,4,0,0,5,11,2,8,8,10,11,11,8,8,0,0,3,8,5,4,10,10,4,8,11,9,11,5,2,4,6,3,7,7,7,4,8,0,10,2,0,3,11,11,4,0,4,2,9,0,9,3,2,4,9,8,6,2,11,3,7,8,8,5,8,3,4,0,4,4,5,0,8,8,9,8,9,3,3,5,3,6,7,8,6,8,8,3,3,0,6,2,6,0,0,2,6,6,10,7,10,0,2,3,8,2,7,10,11,8,3,11,2,0,6,3,8,10,7,10,8,8,11,11,5,2,6,4,0,11
9,4,4,4,4,5,7,11,8,10,7,3,3,6,2,11,7,11,7,8,3,5,2,2,6,0,3,9,9,11,0,0,9,9,2,2,4,9,6,5,11,11,5,9,0,10,0,6,3,5,7,4,8,8,8,5,9,2,11,3,2,4,0,0,5,2,5,3,10,2,10,4,3,5,10,9,7,3,0,4,8,9,9,6,9,4,5,2,5,5,6,2,9,9,10,9,10,4,4,6,4,7,8,9,7,9,9,4,4,2,7,3,7,2,2,3,7,7,11,8,11,2,3,4,9,3,8,11,0,9,4,0,3,2,7,4,9,11,8,11,9,9,0,0,6,3,7,5,2,0
10,5,5,5,5,6,8,0,9,11,8,4,4,7,3,0,8,0,8,9,4,6,3,3,7,2,4,10,10,0,2,2,10,10,3,3,5,10,7,6,0,0,6,10,2,11,2,7,4,6,8,5,9,9,9,6,10,3,0,4,3,5,2,2,6,3,6,4,11,3,11,5,4,6,11,10,8,4,2,5,9,10,10,7,10,5,6,3,6,6,7,3,10,10,11,10,11,5,5,7,5,8,9,10,8,10,10,5,5,3,8,4,8,3,3,4,8,8,0,9,0,3,4,5,10,4,9,0,2,10,5,2,4,3,8,5,10,0,9,0,10,10,2,2,7,4,8,6,3,2
11,6,6,6,6,7,9,2,10,0,9,5,5,8,4,2,9,2,9,10,5,7,4,4,8,3,5,11,11,2,3,3,11,11,4,4,6,11,8,7,2,2,7,11,3,0,3,8,5,7,9,6,10,10,10,7,11,4,2,5,4,6,3,3,7,4,7,5,0,4,0,6,5,7,0,11,9,5,3,6,10,11,11,8,11,6,7,4,7,7,8,4,11,11,0,11,0,6,6,8,6,9,10,11,9,11,11,6,6,4,9,5,9,4,4,5,9,9,2,10,2,4,5,6,11,5,10,2,3,11,6,3,5,4,9,6,11,2,10,2,11,11,3,3,8,5,9,7,4,3
0,7,7,7,7,8,10,3,11,2,10,6,6,9,5,3,10,3,10,11,6,8,5,5,9,4,6,0,0,3,4,4,0,0,5,5,7,0,9,8,3,3,8,0,4,2,4,9,6,8,10,7,11,11,11,8,0,5,3,6,5,7,4,4,8,5,8,6,2,5,2,7,6,8,2,0,10,6,4,7,11,0,0,9,0,7,8,5,8,8,9,5,0,0,2,0,2,7,7,9,7,10,11,0,10,0,0,7,7,5,10,6,10,5,5,6,10,10,3,11,3,5,6,7,0,6,11,3,4,0,7,4,6,5,10,7,0,3,11,3,0,0,4,4,9,6,10,8,5,4
2,8,8,8,8,9,11,4,0,3,11,7,7,10,6,4,11,4,11,0,7,9,6,6,10,5,7,2,2,4,5,5,2,2,6,6,8,2,10,9,4,4,9,2,5,3,5,10,7,9,11,8,0,0,0,9,2,6,4,7,6,8,5,5,9,6,9,7,3,6,3,8,7,9,3,2,11,7,5,8,0,2,2,10,2,8,9,6,9,9,10,6,2,2,3,2,3,8,8,10,8,11,0,2,11,2,2,8,8,6,11,7,11,6,6,7,11,11,4,0,4,6,7,8,2,7,0,4,5,2,8,5,7,6,11,8,2,4,0,4,2,2,5,5,10,7,11,9,6,5
3,9,9,9,9,10,0,5,2,4,0,8,8,11,7,5,0,5,0,2,8,10,7,7,11,6,8,3,3,5,6,6,3,3,7,7,9,3,11,10,5,5,10,3,6,4,6,11,8,10,0,9,2,2,2,10,3,7,5,8,7,9,6,6,10,7,10,8,4,7,4,9,8,10,4,3,0,8,6,9,2,3,3,11,3,9,10,7,10,10,11,7,3,3,4,3,4,9,9,11,9,0,2,3,0,3,3,9,9,7,0,8,0,7,7,8,0,0,5,2,5,7,8,9,3,8,2,5,6,3,9,6,8,7,0,9,3,5,2,5,3,3,6,6,11,8,0,10,7,6
4,10,10,10,10,11,2,6,3,5,2,9,9,0,8,6,2,6,2,3,9,11,8,8,0,7,9,4,4,6,7,7,4,4,8,8,10,4,0,11,6,6,11,4,7,5,7,0,9,11,2,10,3,3,3,11,4,8,6,9,8,10,7,7,11,8,11,9,5,8,5,10,9,11,5,4,2,9,7,10,3,4,4,0,4,10,11,8,11,11,0,8,4,4,5,4,5,10,10,0,10,2,3,4,2,4,4,10,10,8,2,9,2,8,8,9,2,2,6,3,6,8,9,10,4,9,3,6,7,4,10,7,9,8,2,10,4,6,3,6,4,4,7,7,0,9,2,11,8,7
5,11,11,11,11,0,3,7,4,6,3,10,10,2,9,7,3,7,3,4,10,0,9,9,2,8,10,5,5,7,8,8,5,5,9,9,11,5,2,0,7,7,0,5,8,6,8,2,10,0,3,11,4,4,4,0,5,9,7,10,9,11,8,8,0,9,0,10,6,9,6,11,10,0,6,5,3,10,8,11,4,5,5,2,5,11,0,9,0,0,2,9,5,5,6,5,6,11,11,2,11,3,4,5,3,5,5,11,11,9,3,10,3,9,9,10,3,3,7,4,7,9,10,11,5,10,4,7,8,5,11,8,10,9,3,11,5,7,4,7,5,5,8,8,2,10,3,0,9,8
6,0,0,0,0,2,4,8,5,7,4,11,11,3,10,8,4,8,4,5,11,2,10,10,3,9,11,6,6,8,9,9,6,6,10,10,0,6,3,2,8,8,2,6,9,7,9,3,11,2,4,0,5,5,5,2,6,10,8,11,10,0,9,9,2,10,2,11,7,10,7,0,11,2,7,6,4,11,9,0,5,6,6,3,6,0,2,10,2,2,3,10,6,6,7,6,7,0,0,3,0,4,5,6,4,6,6,0,0,10,4,11,4,10,10,11,4,4,8,5,8,10,11,0,6,11,5,8,9,6,0,9,11,10,4,0,6,8,5,8,6,6,9,9,3,11,4,2,10,9
7,2,2,2,2,3,5,9,6,8,5,0,0,4,11,9,5,9,5,6,0,3,11,11,4,10,0,7,7,9,10,10,7,7,11,11,2,7,4,3,9,9,3,7,10,8,10,4,0,3,5,2,6,6,6,3,7,11,9,0,11,2,10,10,3,11,3,0,8,11,8,2,0,3,8,7,5,0,10,2,6,7,7,4,7,2,3,11,3,3,4,11,7,7,8,7,8,2,2,4,2,5,6,7,5,7,7,2,2,11,5,0,5,11,11,0,5,5,9,6,9,11,0,2,7,0,6,9,10,7,2,10,0,11,5,2,7,9,6,9,7,7,10,10,4,0,5,3,11,10
8,3,3,3,3,4,6,10,7,9,6,2,2,5,0,10,6,10,6,7,2,4,0,0,5,11,2,8,8,10,11,11,8,8,0,0,3,8,5,4,10,10,4,8,11,9,11,5,2,4,6,3,7,7,7,4,8,0,10,2,0,3,11,11,4,0,4,2,9,0,9,3,2,4,9,8,6,2,11,3,7,8,8,5,8,3,4,0,4,4,5,0,8,8,9,8,9,3,3,5,3,6,7,8,6,8,8,3,3,0,6,2,6,0,0,2,6,6,10,7,10,0,2,3,8,2,7,10,11,8,3,11,2,0,6,3,8,10,7,10,8,8,11,11,5,2,6,4,0,11
9,4,4,4,4,5,7,11,8,10,7,3,3,6,2,11,7,11,7,8,3,5,2,2,6,0,3,9,9,11,0,0,9,9,2,2,4,9,6,5,11,11,5,9,0,10,0,6,3,5,7,4,8,8,8,5,9,2,11,3,2,4,0,0,5,2,5,3,10,2,10,4,3,5,10,9,7,3,0,4,8,9,9,6,9,4,5,2,5,5,6,2,9,9,10,9,10,4,4,6,4,7,8,9,7,9,9,4,4,2,7,3,7,2,2,3,7,7,11,8,11,2,3,4,9,3,8,11,0,9,4,0,3,2,7,4,9,11,8,11,9,9,0,0,6,3,7,5,2,0
10,5,5,5,5,6,8,0,9,11,8,4,4,7,3,0,8,0,8,9,4,6,3,3,7,2,4,10,10,0,2,2,10,10,3,3,5,10,7,6,0,0,6,10,2,11,2,7,4,6,8,5,9,9,9,6,10,3,0,4,3,5,2,2,6,3,6,4,11,3,11,5,4,6,11,10,8,4,2,5,9,10,10,7,10,5,6,3,6,6,7,3,10,10,11,10,11,5,5,7,5,8,9,10,8,10,10,5,5,3,8,4,8,3,3,4,8,8,0,9,0,3,4,5,10,4,9,0,2,10,5,2,4,3,8,5,10,0,9,0,10,10,2,2,7,4,8,6,3,2
11,6,6,6,6,7,9,2,10,0,9,5,5,8,4,2,9,2,9,10,5,7,4,4,8,3,5,11,11,2,3,3,11,11,4,4,6,11,8,7,2,2,7,11,3,0,3,8,5,7,9,6,10,10,10,7,11,4,2,5,4,6,3,3,7,4,7,5,0,4,0,6,5,7,0,11,9,5,3,6,10,11,11,8,11,6,7,4,7,7,8,4,11,11,0,11,0,6,6,8,6,9,10,11,9,11,11,6,6,4,9,5,9,4,4,5,9,9,2,10,2,4,5,6,11,5,10,2,3,11,6,3,5,4,9,6,11,2,10,2,11,11,3,3,8,5,9,7,4,3
0,7,7,7,7,8,10,3,11,2,10,6,6,9,5,3,10,3,10,11,6,8,5,5,9,4,6,0,0,3,4,4,0,0,5,5,7,0,9,8,3,3,8,0,4,2,4,9,6,8,10,7,11,11,11,8,0,5,3,6,5,7,4,4,8,5,8,6,2,5,2,7,6,8,2,0,10,6,4,7,11,0,0,9,0,7,8,5,8,8,9,5,0,0,2,0,2,7,7,9,7,10,11,0,10,0,0,7,7,5,10,6,10,5,5,6,10,10,3,11,3,5,6,7,0,6,11,3,4,0,7,4,6,5,10,7,0,3,11,3,0,0,4,4,9,6,10,8,5,4
2,8,8,8,8,9,11,4,0,3,11,7,7,10,6,4,11,4,11,0,7,9,6,6,10,5,7,2,2,4,5,5,2,2,6,6,8,2,10,9,4,4,9,2,5,3,5,10,7,9,11,8,0,0,0,9,2,6,4,7,6,8,5,5,9,6,9,7,3,6,3,8,7,9,3,2,11,7,5,8,0,2,2,10,2,8,9,6,9,9,10,6,2,2,3,2,3,8,8,10,8,11,0,2,11,2,2,8,8,6,11,7,11,6,6,7,11,11,4,0,4,6,7,8,2,7,0,4,5,2,8,5,7,6,11,8,2,4,0,4,2,2,5,5,10,7,11,9,6,5
3,9,9,9,9,10,0,5,2,4,0,8,8,11,7,5,0,5,0,2,8,10,7,7,11,6,8,3,3,5,6,6,3,3,7,7,9,3,11,10,5,5,10,3,6,4,6,11,8,10,0,9,2,2,2,10,3,7,5,8,7,9,6,6,10,7,10,8,4,7,4,9,8,10,4,3,0,8,6,9,2,3,3,11,3,9,10,7,10,10,11,7,3,3,4,3,4,9,9,11,9,0,2,3,0,3,3,9,9,7,0,8,0,7,7,8,0,0,5,2,5,7,8,9,3,8,2,5,6,3,9,6,8,7,0,9,3,5,2,5,3,3,6,6,11,8,0,10,7,6
4,10,10,10,10,11,2,6,3,5,2,9,9,0,8,6,2,6,2,3,9,11,8,8,0,7,9,4,4,6,7,7,4,4,8,8,10,4,0,11,6,6,11,4,7,5,7,0,9,11,2,10,3,3,3,11,4,8,6,9,8,10,7,7,11,8,11,9,5,8,5,10,9,11,5,4,2,9,7,10,3,4,4,0,4,10,11,8,11,11,0,8,4,4,5,4,5,10,10,0,10,2,3,4,2,4,4,10,10,8,2,9,2,8,8,9,2,2,6,3,6,8,9,10,4,9,3,6,7,4,10,7,9,8,2,10,4,6,3,6,4,4,7,7,0,9,2,11,8,7
5,11,11,11,11,0,3,7,4,6,3,10,10,2,9,7,3,7,3,4,10,0,9,9,2,8,10,5,5,7,8,8,5,5,9,9,11,5,2,0,7,7,0,5,8,6,8,2,10,0,3,11,4,4,4,0,5,9,7,10,9,11,8,8,0,9,0,10,6,9,6,11,10,0,6,5,3,10,8,11,4,5,5,2,5,11,0,9,0,0,2,9,5,5,6,5,6,11,11,2,11,3,4,5,3,5,5,11,11,9,3,10,3,9,9,10,3,3,7,4,7,9,10,11,5,10,4,7,8,5,11,8,10,9,3,11,5,7,4,7,5,5,8,8,2,10,3,0,9,8
6,0,0,0,0,2,4,8,5,7,4,11,11,3,10,8,4,8,4,5,11,2,10,10,3,9,11,6,6,8,9,9,6,6,10,10,0,6,3,2,8,8,2,6,9,7,9,3,11,2,4,0,5,5,5,2,6,10,8,11,10,0,9,9,2,10,2,11,7,10,7,0,11,2,7,6,4,11,9,0,5,6,6,3,6,0,2,10,2,2,3,10,6,6,7,6,7,0,0,3,0,4,5,6,4,6,6,0,0,10,4,11,4,10,10,11,4,4,8,5,8,10,11,0,6,11,5,8,9,6,0,9,11,10,4,0,6,8,5,8,6,6,9,9,3,11,4,2,10,9
7,2,2,2,2,3,5,9,6,8,5,0,0,4,11,9,5,9,5,6,0,3,11,11,4,10,0,7,7,9,10,10,7,7,11,11,2,7,4,3,9,9,3,7,10,8,10,4,0,3,5,2,6,6,6,3,7,11,9,0,11,2,10,10,3,11,3,0,8,11,8,2,0,3,8,7,5,0,10,2,6,7,7,4,7,2,3,11,3,3,4,11,7,7,8,7,8,2,2,4,2,5,6,7,5,7,7,2,2,11,5,0,5,11,11,0,5,5,9,6,9,11,0,2,7,0,6,9,10,7,2,10,0,11,5,2,7,9,6,9,7,7,10,10,4,0,5,3,11,10
8,3,3,3,3,4,6,10,7,9,6,2,2,5,0,10,6,10,6,7,2,4,0,0,5,11,2,8,8,10,11,11,8,8,0,0,3,8,5,4,10,10,4,8,11,9,11,5,2,4,6,3,7,7,7,4,8,0,10,2,0,3,11,11,4,0,4,2,9,0,9,3,2,4,9,8,6,2,11,3,7,8,8,5,8,3,4,0,4,4,5,0,8,8,9,8,9,3,3,5,3,6,7,8,6,8,8,3,3,0,6,2,6,0,0,2,6,6,10,7,10,0,2,3,8,2,7,10,11,8,3,11,2,0,6,3,8,10,7,10,8,8,11,11,5,2,6,4,0,11
9,4,4,4,4,5,7,11,8,10,7,3,3,6,2,11,7,11,7,8,3,5,2,2,6,0,3,9,9,11,0,0,9,9,2,2,4,9,6,5,11,11,5,9,0,10,0,6,3,5,7,4,8,8,8,5,9,2,11,3,2,4,0,0,5,2,5,3,10,2,10,4,3,5,10,9,7,3,0,4,8,9,9,6,9,4,5,2,5,5,6,2,9,9,10,9,10,4,4,6,4,7,8,9,7,9,9,4,4,2,7,3,7,2,2,3,7,7,11,8,11,2,3,4,9,3,8,11,0,9,4,0,3,2,7,4,9,11,8,11,9,9,0,0,6,3,7,5,2,0
10,5,5,5,5,6,8,0,9,11,8,4,4,7,3,0,8,0,8,9,4,6,3,3,7,2,4,10,10,0,2,2,10,10,3,3,5,10,7,6,0,0,6,10,2,11,2,7,4,6,8,5,9,9,9,6,10,3,0,4,3,5,2,2,6,3,6,4,11,3,11,5,4,6,11,10,8,4,2,5,9,10,10,7,10,5,6,3,6,6,7,3,10,10,11,10,11,5,5,7,5,8,9,10,8,10,10,5,5,3,8,4,8,3,3,4,8,8,0,9,0,3,4,5,10,4,9,0,2,10,5,2,4,3,8,5,10,0,9,0,10,10,2,2,7,4,8,6,3,2
11,6,6,6,6,7,9,2,10,0,9,5,5,8,4,2,9,2,9,10,5,7,4,4,8,3,5,11,11,2,3,3,11,11,4,4,6,11,8,7,2,2,7,11,3,0,3,8,5,7,9,6,10,10,10,7,11,4,2,5,4,6,3,3,7,4,7,5,0,4,0,6,5,7,0,11,9,5,3,6,10,11,11,8,11,6,7,4,7,7,8,4,11,11,0,11,0,6,6,8,6,9,10,11,9,11,11,6,6,4,9,5,9,4,4,5,9,9,2,10,2,4,5,6,11,5,10,2,3,11,6,3,5,4,9,6,11,2,10,2,11,11,3,3,8,5,9,7,4,3
0,7,7,7,7,8,10,3,11,2,10,6,6,9,5,3,10,3,10,11,6,8,5,5,9,4,6,0,0,3,4,4,0,0,5,5,7,0,9,8,3,3,8,0,4,2,4,9,6,8,10,7,11,11,11,8,0,5,3,6,5,7,4,4,8,5,8,6,2,5,2,7,6,8,2,0,10,6,4,7,11,0,0,9,0,7,8,5,8,8,9,5,0,0,2,0,2,7,7,9,7,10,11,0,10,0,0,7,7,5,10,6,10,5,5,6,10,10,3,11,3,5,6,7,0,6,11,3,4,0,7,4,6,5,10,7,0,3,11,3,0,0,4,4,9,6,10,8,5,4
2,8,8,8,8,9,11,4,0,3,11,7,7,10,6,4,11,4,11,0,7,9,6,6,10,5,7,2,2,4,5,5,2,2,6,6,8,2,10,9,4,4,9,2,5,3,5,10,7,9,11,8,0,0,0,9,2,6,4,7,6,8,5,5,9,6,9,7,3,6,3,8,7,9,3,2,11,7,5,8,0,2,2,10,2,8,9,6,9,9,10,6,2,2,3,2,3,8,8,10,8,11,0,2,11,2,2,8,8,6,11,7,11,6,6,7,11,11,4,0,4,6,7,8,2,7,0,4,5,2,8,5,7,6,11,8,2,4,0,4,2,2,5,5,10,7,11,9,6,5
3,9,9,9,9,10,0,5,2,4,0,8,8,11,7,5,0,5,0,2,8,10,7,7,11,6,8,3,3,5,6,6,3,3,7,7,9,3,11,10,5,5,10,3,6,4,6,11,8,10,0,9,2,2,2,10,3,7,5,8,7,9,6,6,10,7,10,8,4,7,4,9,8,10,4,3,0,8,6,9,2,3,3,11,3,9,10,7,10,10,11,7,3,3,4,3,4,9,9,11,9,0,2,3,0,3,3,9,9,7,0,8,0,7,7,8,0,0,5,2,5,7,8,9,3,8,2,5,6,3,9,6,8,7,0,9,3,5,2,5,3,3,6,6,11,8,0,10,7,6
4,10,10,10,10,11,2,6,3,5,2,9,9,0,8,6,2,6,2,3,9,11,8,8,0,7,9,4,4,6,7,7,4,4,8,8,10,4,0,11,6,6,11,4,7,5,7,0,9,11,2,10,3,3,3,11,4,8,6,9,8,10,7,7,11,8,11,9,5,8,5,10,9,11,5,4,2,9,7,10,3,4,4,0,4,10,11,8,11,11,0,8,4,4,5,4,5,10,10,0,10,2,3,4,2,4,4,10,10,8,2,9,2,8,8,9,2,2,6,3,6,8,9,10,4,9,3,6,7,4,10,7,9,8,2,10,4,6,3,6,4,4,7,7,0,9,2,11,8,7
5,11,11,11,11,0,3,7,4,6,3,10,10,2,9,7,3,7,3,4,10,0,9,9,2,8,10,5,5,7,8,8,5,5,9,9,11,5,2,0,7,7,0,5,8,6,8,2,10,0,3,11,4,4,4,0,5,9,7,10,9,11,8,8,0,9,0,10,6,9,6,11,10,0,6,5,3,10,8,11,4,5,5,2,5,11,0,9,0,0,2,9,5,5,6,5,6,11,11,2,11,3,4,5,3,5,5,11,11,9,3,10,3,9,9,10,3,3,7,4,7,9,10,11,5,10,4,7,8,5,11,8,10,9,3,11,5,7,4,7,5,5,8,8,2,10,3,0,9,8
6,0,0,0,0,2,4,8,5,7,4,11,11,3,10,8,4,8,4,5,11,2,10,10,3,9,11,6,6,8,9,9,6,6,10,10,0,6,3,2,8,8,2,6,9,7,9,3,11,2,4,0,5,5,5,2,6,10,8,11,10,0,9,9,2,10,2,11,7,10,7,0,11,2,7,6,4,11,9,0,5,6,6,3,6,0,2,10,2,2,3,10,6,6,7,6,7,0,0,3,0,4,5,6,4,6,6,0,0,10,4,11,4,10,10,11,4,4,8,5,8,10,11,0,6,11,5,8,9,6,0,9,11,10,4,0,6,8,5,8,6,6,9,9,3,11,4,2,10,9
7,2,2,2,2,3,5,9,6,8,5,0,0,4,11,9,5,9,5,6,0,3,11,11,4,10,0,7,7,9,10,10,7,7,11,11,2,7,4,3,9,9,3,7,10,8,10,4,0,3,5,2,6,6,6,3,7,11,9,0,11,2,10,10,3,11,3,0,8,11,8,2,0,3,8,7,5,0,10,2,6,7,7,4,7,2,3,11,3,3,4,11,7,7,8,7,8,2,2,4,2,5,6,7,5,7,7,2,2,11,5,0,5,11,11,0,5,5,9,6,9,11,0,2,7,0,6,9,10,7,2,10,0,11,5,2,7,9,6,9,7,7,10,10,4,0,5,3,11,10
8,3,3,3,3,4,6,10,7,9,6,2,2,5,0,10,6,10,6,7,2,4,0,0,5,11,2,8,8,10,11,11,8,8,0,0,3,8,5,4,10,10,4,8,11,9,11,5,2,4,6,3,7,7,7,4,8,0,10,2,0,3,11,11,4,0,4,2,9,0,9,3,2,4,9,8,6,2,11,3,7,8,8,5,8,3,4,0,4,4,5,0,8,8,9,8,9,3,3,5,3,6,7,8,6,8,8,3,3,0,6,2,6,0,0,2,6,6,10,7,10,0,2,3,8,2,7,10,11,8,3,11,2,0,6,3,8,10,7,10,8,8,11,11,5,2,6,4,0,11
9,4,4,4,4,5,7,11,8,10,7,3,3,6,2,11,7,11,7,8,3,5,2,2,6,0,3,9,9,11,0,0,9,9,2,2,4,9,6,5,11,11,5,9,0,10,0,6,3,5,7,4,8,8,8,5,9,2,11,3,2,4,0,0,5,2,5,3,10,2,10,4,3,5,10,9,7,3,0,4,8,9,9,6,9,4,5,2,5,5,6,2,9,9,10,9,10,4,4,6,4,7,8,9,7,9,9,4,4,2,7,3,7,2,2,3,7,7,11,8,11,2,3,4,9,3,8,11,0,9,4,0,3,2,7,4,9,11,8,11,9,9,0,0,6,3,7,5,2,0
10,5,5,5,5,6,8,0,9,11,8,4,4,7,3,0,8,0,8,9,4,6,3,3,7,2,4,10,10,0,2,2,10,10,3,3,5,10,7,6,0,0,6,10,2,11,2,7,4,6,8,5,9,9,9,6,10,3,0,4,3,5,2,2,6,3,6,4,11,3,11,5,4,6,11,10,8,4,2,5,9,10,10,7,10,5,6,3,6,6,7,3,10,10,11,10,11,5,5,7,5,8,9,10,8,10,10,5,5,3,8,4,8,3,3,4,8,8,0,9,0,3,4,5,10,4,9,0,2,10,5,2,4,3,8,5,10,0,9,0,10,10,2,2,7,4,8,6,3,2
11,6,6,6,6,7,9,2,10,0,9,5,5,8,4,2,9,2,9,10,5,7,4,4,8,3,5,11,11,2,3,3,11,11,4,4,6,11,8,7,2,2,7,11,3,0,3,8,5,7,9,6,10,10,10,7,11,4,2,5,4,6,3,3,7,4,7,5,0,4,0,6,5,7,0,11,9,5,3,6,10,11,11,8,11,6,7,4,7,7,8,4,11,11,0,11,0,6,6,8,6,9,10,11,9,11,11,6,6,4,9,5,9,4,4,5,9,9,2,10,2,4,5,6,11,5,10,2,3,11,6,3,5,4,9,6,11,2,10,2,11,11,3,3,8,5,9,7,4,3
0,7,7,7,7,8,10,3,11,2,10,6,6,9,5,3,10,3,10,11,6,8,5,5,9,4,6,0,0,3,4,4,0,0,5,5,7,0,9,8,3,3,8,0,4,2,4,9,6,8,10,7,11,11,11,8,0,5,3,6,5,7,4,4,8,5,8,6,2,5,2,7,6,8,2,0,10,6,4,7,11,0,0,9,0,7,8,5,8,8,9,5,0,0,2,0,2,7,7,9,7,10,11,0,10,0,0,7,7,5,10,6,10,5,5,6,10,10,3,11,3,5,6,7,0,6,11,3,4,0,7,4,6,5,10,7,0,3,11,3,0,0,4,4,9,6,10,8,5,4
2,8,8,8,8,9,11,4,0,3,11,7,7,10,6,4,11,4,11,0,7,9,6,6,10,5,7,2,2,4,5,5,2,2,6,6,8,2,10,9,4,4,9,2,5,3,5,10,7,9,11,8,0,0,0,9,2,6,4,7,6,8,5,5,9,6,9,7,3,6,3,8,7,9,3,2,11,7,5,8,0,2,2,10,2,8,9,6,9,9,10,6,2,2,3,2,3,8,8,10,8,11,0,2,11,2,2,8,8,6,11,7,11,6,6,7,11,11,4,0,4,6,7,8,2,7,0,4,5,2,8,5,7,6,11,8,2,4,0,4,2,2,5,5,10,7,11,9,6,5
3,9,9,9,9,10,0,5,2,4,0,8,8,11,7,5,0,5,0,2,8,10,7,7,11,6,8,3,3,5,6,6,3,3,7,7,9,3,11,10,5,5,10,3,6,4,6,11,8,10,0,9,2,2,2,10,3,7,5,8,7,9,6,6,10,7,10,8,4,7,4,9,8,10,4,3,0,8,6,9,2,3,3,11,3,9,10,7,10,10,11,7,3,3,4,3,4,9,9,11,9,0,2,3,0,3,3,9,9,7,0,8,0,7,7,8,0,0,5,2,5,7,8,9,3,8,2,5,6,3,9,6,8,7,0,9,3,5,2,5,3,3,6,6,11,8,0,10,7,6
4,10,10,10,10,11,2,6,3,5,2,9,9,0,8,6,2,6,2,3,9,11,8,8,0,7,9,4,4,6,7,7,4,4,8,8,10,4,0,11,6,6,11,4,7,5,7,0,9,11,2,10,3,3,3,11,4,8,6,9,8,10,7,7,11,8,11,9,5,8,5,10,9,11,5,4,2,9,7,10,3,4,4,0,4,10,11,8,11,11,0,8,4,4,5,4,5,10,10,0,10,2,3,4,2,4,4,10,10,8,2,9,2,8,8,9,2,2,6,3,6,8,9,10,4,9,3,6,7,4,10,7,9,8,2,10,4,6,3,6,4,4,7,7,0,9,2,11,8,7
5,11,11,11,11,0,3,7,4,6,3,10,10,2,9,7,3,7,3,4,10,0,9,9,2,8,10,5,5,7,8,8,5,5,9,9,11,5,2,0,7,7,0,5,8,6,8,2,10,0,3,11,4,4,4,0,5,9,7,10,9,11,8,8,0,9,0,10,6,9,6,11,10,0,6,5,3,10,8,11,4,5,5,2,5,11,0,9,0,0,2,9,5,5,6,5,6,11,11,2,11,3,4,5,3,5,5,11,11,9,3,10,3,9,9,10,3,3,7,4,7,9,10,11,5,10,4,7,8,5,11,8,10,9,3,11,5,7,4,7,5,5,8,8,2,10,3,0,9,8
6,0,0,0,0,2,4,8,5,7,4,11,11,3,10,8,4,8,4,5,11,2,10,10,3,9,11,6,6,8,9,9,6,6,10,10,0,6,3,2,8,8,2,6,9,7,9,3,11,2,4,0,5,5,5,2,6,10,8,11,10,0,9,9,2,10,2,11,7,10,7,0,11,2,7,6,4,11,9,0,5,6,6,3,6,0,2,10,2,2,3,10,6,6,7,6,7,0,0,3,0,4,5,6,4,6,6,0,0,10,4,11,4,10,10,11,4,4,8,5,8,10,11,0,6,11,5,8,9,6,0,9,11,10,4,0,6,8,5,8,6,6,9,9,3,11,4,2,10,9
7,2,2,2,2,3,5,9,6,8,5,0,0,4,11,9,5,9,5,6,0,3,11,11,4,10,0,7,7,9,10,10,7,7,11,11,2,7,4,3,9,9,3,7,10,8,10,4,0,3,5,2,6,6,6,3,7,11,9,0,11,2,10,10,3,11,3,0,8,11,8,2,0,3,8,7,5,0,10,2,6,7,7,4,7,2,3,11,3,3,4,11,7,7,8,7,8,2,2,4,2,5,6,7,5,7,7,2,2,11,5,0,5,11,11,0,5,5,9,6,9,11,0,2,7,0,6,9,10,7,2,10,0,11,5,2,7,9,6,9,7,7,10,10,4,0,5,3,11,10
8,3,3,3,3,4,6,10,7,9,6,2,2,5,0,10,6,10,6,7,2,4,0,0,5,11,2,8,8,10,11,11,8,8,0,0,3,8,5,4,10,10,4,8,11,9,11,5,2,4,6,3,7,7,7,4,8,0,10,2,0,3,11,11,4,0,4,2,9,0,9,3,2,4,9,8,6,2,11,3,7,8,8,5,8,3,4,0,4,4,5,0,8,8,9,8,9,3,3,5,3,6,7,8,6,8,8,3,3,0,6,2,6,0,0,2,6,6,10,7,10,0,2,3,8,2,7,10,11,8,3,11,2,0,6,3,8,10,7,10,8,8,11,11,5,2,6,4,0,11
9,4,4,4,4,5,7,11,8,10,7,3,3,6,2,11,7,11,7,8,3,5,2,2,6,0,3,9,9,11,0,0,9,9,2,2,4,9,6,5,11,11,5,9,0,10,0,6,3,5,7,4,8,8,8,5,9,2,11,3,2,4,0,0,5,2,5,3,10,2,10,4,3,5,10,9,7,3,0,4,8,9,9,6,9,4,5,2,5,5,6,2,9,9,10,9,10,4,4,6,4,7,8,9,7,9,9,4,4,2,7,3,7,2,2,3,7,7,11,8,11,2,3,4,9,3,8,11,0,9,4,0,3,2,7,4,9,11,8,11,9,9,0,0,6,3,7,5,2,0
10,5,5,5,5,6,8,0,9,11,8,4,4,7,3,0,8,0,8,9,4,6,3,3,7,2,4,10,10,0,2,2,10,10,3,3,5,10,7,6,0,0,6,10,2,11,2,7,4,6,8,5,9,9,9,6,10,3,0,4,3,5,2,2,6,3,6,4,11,3,11,5,4,6,11,10,8,4,2,5,9,10,10,7,10,5,6,3,6,6,7,3,10,10,11,10,11,5,5,7,5,8,9,10,8,10,10,5,5,3,8,4,8,3,3,4,8,8,0,9,0,3,4,5,10,4,9,0,2,10,5,2,4,3,8,5,10,0,9,0,10,10,2,2,7,4,8,6,3,2
11,6,6,6,6,7,9,2,10,0,9,5,5,8,4,2,9,2,9,10,5,7,4,4,8,3,5,11,11,2,3,3,11,11,4,4,6,11,8,7,2,2,7,11,3,0,3,8,5,7,9,6,10,10,10,7,11,4,2,5,4,6,3,3,7,4,7,5,0,4,0,6,5,7,0,11,9,5,3,6,10,11,11,8,11,6,7,4,7,7,8,4,11,11,0,11,0,6,6,8,6,9,10,11,9,11,11,6,6,4,9,5,9,4,4,5,9,9,2,10,2,4,5,6,11,5,10,2,3,11,6,3,5,4,9,6,11,2,10,2,11,11,3,3,8,5,9,7,4,3
0,7,7,7,7,8,10,3,11,2,10,6,6,9,5,3,10,3,10,11,6,8,5,5,9,4,6,0,0,3,4,4,0,0,5,5,7,0,9,8,3,3,8,0,4,2,4,9,6,8,10,7,11,11,11,8,0,5,3,6,5,7,4,4,8,5,8,6,2,5,2,7,6,8,2,0,10,6,4,7,11,0,0,9,0,7,8,5,8,8,9,5,0,0,2,0,2,7,7,9,7,10,11,0,10,0,0,7,7,5,10,6,10,5,5,6,10,10,3,11,3,5,6,7,0,6,11,3,4,0,7,4,6,5,10,7,0,3,11,3,0,0,4,4,9,6,10,8,5,4
2,8,8,8,8,9,11,4,0,3,11,7,7,10,6,4,11,4,11,0,7,9,6,6,10,5,7,2,2,4,5,5,2,2,6,6,8,2,10,9,4,4,9,2,5,3,5,10,7,9,11,8,0,0,0,9,2,6,4,7,6,8,5,5,9,6,9,7,3,6,3,8,7,9,3,2,11,7,5,8,0,2,2,10,2,8,9,6,9,9,10,6,2,2,3,2,3,8,8,10,8,11,0,2,11,2,2,8,8,6,11,7,11,6,6,7,11,11,4,0,4,6,7,8,2,7,0,4,5,2,8,5,7,6,11,8,2,4,0,4,2,2,5,5,10,7,11,9,6,5
3,9,9,9,9,10,0,5,2,4,0,8,8,11,7,5,0,5,0,2,8,10,7,7,11,6,8,3,3,5,6,6,3,3,7,7,9,3,11,10,5,5,10,3,6,4,6,11,8,10,0,9,2,2,2,10,3,7,5,8,7,9,6,6,10,7,10,8,4,7,4,9,8,10,4,3,0,8,6,9,2,3,3,11,3,9,10,7,10,10,11,7,3,3,4,3,4,9,9,11,9,0,2,3,0,3,3,9,9,7,0,8,0,7,7,8,0,0,5,2,5,7,8,9,3,8,2,5,6,3,9,6,8,7,0,9,3,5,2,5,3,3,6,6,11,8,0,10,7,6
4,10,10,10,10,11,2,6,3,5,2,9,9,0,8,6,2,6,2,3,9,11,8,8,0,7,9,4,4,6,7,7,4,4,8,8,10,4,0,11,6,6,11,4,7,5,7,0,9,11,2,10,3,3,3,11,4,8,6,9,8,10,7,7,11,8,11,9,5,8,5,10,9,11,5,4,2,9,7,10,3,4,4,0,4,10,11,8,11,11,0,8,4,4,5,4,5,10,10,0,10,2,3,4,2,4,4,10,10,8,2,9,2,8,8,9,2,2,6,3,6,8,9,10,4,9,3,6,7,4,10,7,9,8,2,10,4,6,3,6,4,4,7,7,0,9,2,11,8,7
5,11,11,11,11,0,3,7,4,6,3,10,10,2,9,7,3,7,3,4,10,0,9,9,2,8,10,5,5,7,8,8,5,5,9,9,11,5,2,0,7,7,0,5,8,6,8,2,10,0,3,11,4,4,4,0,5,9,7,10,9,11,8,8,0,9,0,10,6,9,6,11,10,0,6,5,3,10,8,11,4,5,5,2,5,11,0,9,0,0,2,9,5,5,6,5,6,11,11,2,11,3,4,5,3,5,5,11,11,9,3,10,3,9,9,10,3,3,7,4,7,9,10,11,5,10,4,7,8,5,11,8,10,9,3,11,5,7,4,7,5,5,8,8,2,10,3,0,9,8
6,0,0,0,0,2,4,8,5,7,4,11,11,3,10,8,4,8,4,5,11,2,10,10,3,9,11,6,6,8,9,9,6,6,10,10,0,6,3,2,8,8,2,6,9,7,9,3,11,2,4,0,5,5,5,2,6,10,8,11,10,0,9,9,2,10,2,11,7,10,7,0,11,2,7,6,4,11,9,0,5,6,6,3,6,0,2,10,2,2,3,10,6,6,7,6,7,0,0,3,0,4,5,6,4,6,6,0,0,10,4,11,4,10,10,11,4,4,8,5,8,10,11,0,6,11,5,8,9,6,0,9,11,10,4,0,6,8,5,8,6,6,9,9,3,11,4,2,10,9
7,2,2,2,2,3,5,9,6,8,5,0,0,4,11,9,5,9,5,6,0,3,11,11,4,10,0,7,7,9,10,10,7,7,11,11,2,7,4,3,9,9,3,7,10,8,10,4,0,3,5,2,6,6,6,3,7,11,9,0,11,2,10,10,3,11,3,0,8,11,8,2,0,3,8,7,5,0,10,2,6,7,7,4,7,2,3,11,3,3,4,11,7,7,8,7,8,2,2,4,2,5,6,7,5,7,7,2,2,11,5,0,5,11,11,0,5,5,9,6,9,11,0,2,7,0,6,9,10,7,2,10,0,11,5,2,7,9,6,9,7,7,10,10,4,0,5,3,11,10
8,3,3,3,3,4,6,10,7,9,6,2,2,5,0,10,6,10,6,7,2,4,0,0,5,11,2,8,8,10,11,11,8,8,0,0,3,8,5,4,10,10,4,8,11,9,11,5,2,4,6,3,7,7,7,4,8,0,10,2,0,3,11,11,4,0,4,2,9,0,9,3,2,4,9,8,6,2,11,3,7,8,8,5,8,3,4,0,4,4,5,0,8,8,9,8,9,3,3,5,3,6,7,8,6,8,8,3,3,0,6,2,6,0,0,2,6,6,10,7,10,0,2,3,8,2,7,10,11,8,3,11,2,0,6,3,8,10,7,10,8,8,11,11,5,2,6,4,0,11
9,4,4,4,4,5,7,11,8,10,7,3,3,6,2,11,7,11,7,8,3,5,2,2,6,0,3,9,9,11,0,0,9,9,2,2,4,9,6,5,11,11,5,9,0,10,0,6,3,5,7,4,8,8,8,5,9,2,11,3,2,4,0,0,5,2,5,3,10,2,10,4,3,5,10,9,7,3,0,4,8,9,9,6,9,4,5,2,5,5,6,2,9,9,10,9,10,4,4,6,4,7,8,9,7,9,9,4,4,2,7,3,7,2,2,3,7,7,11,8,11,2,3,4,9,3,8,11,0,9,4,0,3,2,7,4,9,11,8,11,9,9,0,0,6,3,7,5,2,0
10,5,5,5,5,6,8,0,9,11,8,4,4,7,3,0,8,0,8,9,4,6,3,3,7,2,4,10,10,0,2,2,10,10,3,3,5,10,7,6,0,0,6,10,2,11,2,7,4,6,8,5,9,9,9,6,10,3,0,4,3,5,2,2,6,3,6,4,11,3,11,5,4,6,11,10,8,4,2,5,9,10,10,7,10,5,6,3,6,6,7,3,10,10,11,10,11,5,5,7,5,8,9,10,8,10,10,5,5,3,8,4,8,3,3,4,8,8,0,9,0,3,4,5,10,4,9,0,2,10,5,2,4,3,8,5,10,0,9,0,10,10,2,2,7,4,8,6,3,2
11,6,6,6,6,7,9,2,10,0,9,5,5,8,4,2,9,2,9,10,5,7,4,4,8,3,5,11,11,2,3,3,11,11,4,4,6,11,8,7,2,2,7,11,3,0,3,8,5,7,9,6,10,10,10,7,11,4,2,5,4,6,3,3,7,4,7,5,0,4,0,6,5,7,0,11,9,5,3,6,10,11,11,8,11,6,7,4,7,7,8,4,11,11,0,11,0,6,6,8,6,9,10,11,9,11,11,6,6,4,9,5,9,4,4,5,9,9,2,10,2,4,5,6,11,5,10,2,3,11,6,3,5,4,9,6,11,2,10,2,11,11,3,3,8,5,9,7,4,3
0,7,7,7,7,8,10,3,11,2,10,6,6,9,5,3,10,3,10,11,6,8,5,5,9,4,6,0,0,3,4,4,0,0,5,5,7,0,9,8,3,3,8,0,4,2,4,9,6,8,10,7,11,11,11,8,0,5,3,6,5,7,4,4,8,5,8,6,2,5,2,7,6,8,2,0,10,6,4,7,11,0,0,9,0,7,8,5,8,8,9,5,0,0,2,0,2,7,7,9,7,10,11,0,10,0,0,7,7,5,10,6,10,5,5,6,10,10,3,11,3,5,6,7,0,6,11,3,4,0,7,4,6,5,10,7,0,3,11,3,0,0,4,4,9,6,10,8,5,4
2,8,8,8,8,9,11,4,0,3,11,7,7,10,6,4,11,4,11,0,7,9,6,6,10,5,7,2,2,4,5,5,2,2,6,6,8,2,10,9,4,4,9,2,5,3,5,10,7,9,11,8,0,0,0,9,2,6,4,7,6,8,5,5,9,6,9,7,3,6,3,8,7,9,3,2,11,7,5,8,0,2,2,10,2,8,9,6,9,9,10,6,2,2,3,2,3,8,8,10,8,11,0,2,11,2,2,8,8,6,11,7,11,6,6,7,11,11,4,0,4,6,7,8,2,7,0,4,5,2,8,5,7,6,11,8,2,4,0,4,2,2,5,5,10,7,11,9,6,5
3,9,9,9,9,10,0,5,2,4,0,8,8,11,7,5,0,5,0,2,8,10,7,7,11,6,8,3,3,5,6,6,3,3,7,7,9,3,11,10,5,5,10,3,6,4,6,11,8,10,0,9,2,2,2,10,3,7,5,8,7,9,6,6,10,7,10,8,4,7,4,9,8,10,4,3,0,8,6,9,2,3,3,11,3,9,10,7,10,10,11,7,3,3,4,3,4,9,9,11,9,0,2,3,0,3,3,9,9,7,0,8,0,7,7,8,0,0,5,2,5,7,8,9,3,8,2,5,6,3,9,6,8,7,0,9,3,5,2,5,3,3,6,6,11,8,0,10,7,6
4,10,10,10,10,11,2,6,3,5,2,9,9,0,8,6,2,6,2,3,9,11,8,8,0,7,9,4,4,6,7,7,4,4,8,8,10,4,0,11,6,6,11,4,7,5,7,0,9,11,2,10,3,3,3,11,4,8,6,9,8,10,7,7,11,8,11,9,5,8,5,10,9,11,5,4,2,9,7,10,3,4,4,0,4,10,11,8,11,11,0,8,4,4,5,4,5,10,10,0,10,2,3,4,2,4,4,10,10,8,2,9,2,8,8,9,2,2,6,3,6,8,9,10,4,9,3,6,7,4,10,7,9,8,2,10,4,6,3,6,4,4,7,7,0,9,2,11,8,7
5,11,11,11,11,0,3,7,4,6,3,10,10,2,9,7,3,7,3,4,10,0,9,9,2,8,10,5,5,7,8,8,5,5,9,9,11,5,2,0,7,7,0,5,8,6,8,2,10,0,3,11,4,4,4,0,5,9,7,10,9,11,8,8,0,9,0,10,6,9,6,11,10,0,6,5,3,10,8,11,4,5,5,2,5,11,0,9,0,0,2,9,5,5,6,5,6,11,11,2,11,3,4,5,3,5,5,11,11,9,3,10,3,9,9,10,3,3,7,4,7,9,10,11,5,10,4,7,8,5,11,8,10,9,3,11,5,7,4,7,5,5,8,8,2,10,3,0,9,8
6,0,0,0,0,2,4,8,5,7,4,11,11,3,10,8,4,8,4,5,11,2,10,10,3,9,11,6,6,8,9,9,6,6,10,10,0,6,3,2,8,8,2,6,9,7,9,3,11,2,4,0,5,5,5,2,6,10,8,11,10,0,9,9,2,10,2,11,7,10,7,0,11,2,7,6,4,11,9,0,5,6,6,3,6,0,2,10,2,2,3,10,6,6,7,6,7,0,0,3,0,4,5,6,4,6,6,0,0,10,4,11,4,10,10,11,4,4,8,5,8,10,11,0,6,11,5,8,9,6,0,9,11,10,4,0,6,8,5,8,6,6,9,9,3,11,4,2,10,9
7,2,2,2,2,3,5,9,6,8,5,0,0,4,11,9,5,9,5,6,0,3,11,11,4,10,0,7,7,9,10,10,7,7,11,11,2,7,4,3,9,9,3,7,10,8,10,4,0,3,5,2,6,6,6,3,7,11,9,0,11,2,10,10,3,11,3,0,8,11,8,2,0,3,8,7,5,0,10,2,6,7,7,4,7,2,3,11,3,3,4,11,7,7,8,7,8,2,2,4,2,5,6,7,5,7,7,2,2,11,5,0,5,11,11,0,5,5,9,6,9,11,0,2,7,0,6,9,10,7,2,10,0,11,5,2,7,9,6,9,7,7,10,10,4,0,5,3,11,10
8,3,3,3,3,4,6,10,7,9,6,2,2,5,0,10,6,10,6,7,2,4,0,0,5,11,2,8,8,10,11,11,8,8,0,0,3,8,5,4,10,10,4,8,11,9,11,5,2,4,6,3,7,7,7,4,8,0,10,2,0,3,11,11,4,0,4,2,9,0,9,3,2,4,9,8,6,2,11,3,7,8,8,5,8,3,4,0,4,4,5,0,8,8,9,8,9,3,3,5,3,6,7,8,6,8,8,3,3,0,6,2,6,0,0,2,6,6,10,7,10,0,2,3,8,2,7,10,11,8,3,11,2,0,6,3,8,10,7,10,8,8,11,11,5,2,6,4,0,11
9,4,4,4,4,5,7,11,8,10,7,3,3,6,2,11,7,11,7,8,3,5,2,2,6,0,3,9,9,11,0,0,9,9,2,2,4,9,6,5,11,11,5,9,0,10,0,6,3,5,7,4,8,8,8,5,9,2,11,3,2,4,0,0,5,2,5,3,10,2,10,4,3,5,10,9,7,3,0,4,8,9,9,6,9,4,5,2,5,5,6,2,9,9,10,9,10,4,4,6,4,7,8,9,7,9,9,4,4,2,7,3,7,2,2,3,7,7,11,8,11,2,3,4,9,3,8,11,0,9,4,0,3,2,7,4,9,11,8,11,9,9,0,0,6,3,7,5,2,0
10,5,5,5,5,6,8,0,9,11,8,4,4,7,3,0,8,0,8,9,4,6,3,3,7,2,4,10,10,0,2,2,10,10,3,3,5,10,7,6,0,0,6,10,2,11,2,7,4,6,8,5,9,9,9,6,10,3,0,4,3,5,2,2,6,3,6,4,11,3,11,5,4,6,11,10,8,4,2,5,9,10,10,7,10,5,6,3,6,6,7,3,10,10,11,10,11,5,5,7,5,8,9,10,8,10,10,5,5,3,8,4,8,3,3,4,8,8,0,9,0,3,4,5,10,4,9,0,2,10,5,2,4,3,8,5,10,0,9,0,10,10,2,2,7,4,8,6,3,2
11,6,6,6,6,7,9,2,10,0,9,5,5,8,4,2,9,2,9,10,5,7,4,4,8,3,5,11,11,2,3,3,11,11,4,4,6,11,8,7,2,2,7,11,3,0,3,8,5,7,9,6,10,10,10,7,11,4,2,5,4,6,3,3,7,4,7,5,0,4,0,6,5,7,0,11,9,5,3,6,10,11,11,8,11,6,7,4,7,7,8,4,11,11,0,11,0,6,6,8,6,9,10,11,9,11,11,6,6,4,9,5,9,4,4,5,9,9,2,10,2,4,5,6,11,5,10,2,3,11,6,3,5,4,9,6,11,2,10,2,11,11,3,3,8,5,9,7,4,3
0,7,7,7,7,8,10,3,11,2,10,6,6,9,5,3,10,3,10,11,6,8,5,5,9,4,6,0,0,3,4,4,0,0,5,5,7,0,9,8,3,3,8,0,4,2,4,9,6,8,10,7,11,11,11,8,0,5,3,6,5,7,4,4,8,5,8,6,2,5,2,7,6,8,2,0,10,6,4,7,11,0,0,9,0,7,8,5,8,8,9,5,0,0,2,0,2,7,7,9,7,10,11,0,10,0,0,7,7,5,10,6,10,5,5,6,10,10,3,11,3,5,6,7,0,6,11,3,4,0,7,4,6,5,10,7,0,3,11,3,0,0,4,4,9,6,10,8,5,4
2,8,8,8,8,9,11,4,0,3,11,7,7,10,6,4,11,4,11,0,7,9,6,6,10,5,7,2,2,4,5,5,2,2,6,6,8,2,10,9,4,4,9,2,5,3,5,10,7,9,11,8,0,0,0,9,2,6,4,7,6,8,5,5,9,6,9,7,3,6,3,8,7,9,3,2,11,7,5,8,0,2,2,10,2,8,9,6,9,9,10,6,2,2,3,2,3,8,8,10,8,11,0,2,11,2,2,8,8,6,11,7,11,6,6,7,11,11,4,0,4,6,7,8,2,7,0,4,5,2,8,5,7,6,11,8,2,4,0,4,2,2,5,5,10,7,11,9,6,5
3,9,9,9,9,10,0,5,2,4,0,8,8,11,7,5,0,5,0,2,8,10,7,7,11,6,8,3,3,5,6,6,3,3,7,7,9,3,11,10,5,5,10,3,6,4,6,11,8,10,0,9,2,2,2,10,3,7,5,8,7,9,6,6,10,7,10,8,4,7,4,9,8,10,4,3,0,8,6,9,2,3,3,11,3,9,10,7,10,10,11,7,3,3,4,3,4,9,9,11,9,0,2,3,0,3,3,9,9,7,0,8,0,7,7,8,0,0,5,2,5,7,8,9,3,8,2,5,6,3,9,6,8,7,0,9,3,5,2,5,3,3,6,6,11,8,0,10,7,6
4,10,10,10,10,11,2,6,3,5,2,9,9,0,8,6,2,6,2,3,9,11,8,8,0,7,9,4,4,6,7,7,4,4,8,8,10,4,0,11,6,6,11,4,7,5,7,0,9,11,2,10,3,3,3,11,4,8,6,9,8,10,7,7,11,8,11,9,5,8,5,10,9,11,5,4,2,9,7,10,3,4,4,0,4,10,11,8,11,11,0,8,4,4,5,4,5,10,10,0,10,2,3,4,2,4,4,10,10,8,2,9,2,8,8,9,2,2,6,3,6,8,9,10,4,9,3,6,7,4,10,7,9,8,2,10,4,6,3,6,4,4,7,7,0,9,2,11,8,7
5,11,11,11,11,0,3,7,4,6,3,10,10,2,9,7,3,7,3,4,10,0,9,9,2,8,10,5,5,7,8,8,5,5,9,9,11,5,2,0,7,7,0,5,8,6,8,2,10,0,3,11,4,4,4,0,5,9,7,10,9,11,8,8,0,9,0,10,6,9,6,11,10,0,6,5,3,10,8,11,4,5,5,2,5,11,0,9,0,0,2,9,5,5,6,5,6,11,11,2,11,3,4,5,3,5,5,11,11,9,3,10,3,9,9,10,3,3,7,4,7,9,10,11,5,10,4,7,8,5,11,8,10,9,3,11,5,7,4,7,5,5,8,8,2,10,3,0,9,8
6,0,0,0,0,2,4,8,5,7,4,11,11,3,10,8,4,8,4,5,11,2,10,10,3,9,11,6,6,8,9,9,6,6,10,10,0,6,3,2,8,8,2,6,9,7,9,3,11,2,4,0,5,5,5,2,6,10,8,11,10,0,9,9,2,10,2,11,7,10,7,0,11,2,7,6,4,11,9,0,5,6,6,3,6,0,2,10,2,2,3,10,6,6,7,6,7,0,0,3,0,4,5,6,4,6,6,0,0,10,4,11,4,10,10,11,4,4,8,5,8,10,11,0,6,11,5,8,9,6,0,9,11,10,4,0,6,8,5,8,6,6,9,9,3,11,4,2,10,9
7,2,2,2,2,3,5,9,6,8,5,0,0,4,11,9,5,9,5,6,0,3,11,11,4,10,0,7,7,9,10,10,7,7,11,11,2,7,4,3,9,9,3,7,10,8,10,4,0,3,5,2,6,6,6,3,7,11,9,0,11,2,10,10,3,11,3,0,8,11,8,2,0,3,8,7,5,0,10,2,6,7,7,4,7,2,3,11,3,3,4,11,7,7,8,7,8,2,2,4,2,5,6,7,5,7,7,2,2,11,5,0,5,11,11,0,5,5,9,6,9,11,0,2,7,0,6,9,10,7,2,10,0,11,5,2,7,9,6,9,7,7,10,10,4,0,5,3,11,10
8,3,3,3,3,4,6,10,7,9,6,2,2,5,0,10,6,10,6,7,2,4,0,0,5,11,2,8,8,10,11,11,8,8,0,0,3,8,5,4,10,10,4,8,11,9,11,5,2,4,6,3,7,7,7,4,8,0,10,2,0,3,11,11,4,0,4,2,9,0,9,3,2,4,9,8,6,2,11,3,7,8,8,5,8,3,4,0,4,4,5,0,8,8,9,8,9,3,3,5,3,6,7,8,6,8,8,3,3,0,6,2,6,0,0,2,6,6,10,7,10,0,2,3,8,2,7,10,11,8,3,11,2,0,6,3,8,10,7,10,8,8,11,11,5,2,6,4,0,11
9,4,4,4,4,5,7,11,8,10,7,3,3,6,2,11,7,11,7,8,3,5,2,2,6,0,3,9,9,11,0,0,9,9,2,2,4,9,6,5,11,11,5,9,0,10,0,6,3,5,7,4,8,8,8,5,9,2,11,3,2,4,0,0,5,2,5,3,10,2,10,4,3,5,10,9,7,3,0,4,8,9,9,6,9,4,5,2,5,5,6,2,9,9,10,9,10,4,4,6,4,7,8,9,7,9,9,4,4,2,7,3,7,2,2,3,7,7,11,8,11,2,3,4,9,3,8,11,0,9,4,0,3,2,7,4,9,11,8,11,9,9,0,0,6,3,7,5,2,0
10,5,5,5,5,6,8,0,9,11,8,4,4,7,3,0,8,0,8,9,4,6,3,3,7,2,4,10,10,0,2,2,10,10,3,3,5,10,7,6,0,0,6,10,2,11,2,7,4,6,8,5,9,9,9,6,10,3,0,4,3,5,2,2,6,3,6,4,11,3,11,5,4,6,11,10,8,4,2,5,9,10,10,7,10,5,6,3,6,6,7,3,10,10,11,10,11,5,5,7,5,8,9,10,8,10,10,5,5,3,8,4,8,3,3,4,8,8,0,9,0,3,4,5,10,4,9,0,2,10,5,2,4,3,8,5,10,0,9,0,10,10,2,2,7,4,8,6,3,2
11,6,6,6,6,7,9,2,10,0,9,5,5,8,4,2,9,2,9,10,5,7,4,4,8,3,5,11,11,2,3,3,11,11,4,4,6,11,8,7,2,2,7,11,3,0,3,8,5,7,9,6,10,10,10,7,11,4,2,5,4,6,3,3,7,4,7,5,0,4,0,6,5,7,0,11,9,5,3,6,10,11,11,8,11,6,7,4,7,7,8,4,11,11,0,11,0,6,6,8,6,9,10,11,9,11,11,6,6,4,9,5,9,4,4,5,9,9,2,10,2,4,5,6,11,5,10,2,3,11,6,3,5,4,9,6,11,2,10,2,11,11,3,3,8,5,9,7,4,3
0,7,7,7,7,8,10,3,11,2,10,6,6,9,5,3,10,3,10,11,6,8,5,5,9,4,6,0,0,3,4,4,0,0,5,5,7,0,9,8,3,3,8,0,4,2,4,9,6,8,10,7,11,11,11,8,0,5,3,6,5,7,4,4,8,5,8,6,2,5,2,7,6,8,2,0,10,6,4,7,11,0,0,9,0,7,8,5,8,8,9,5,0,0,2,0,2,7,7,9,7,10,11,0,10,0,0,7,7,5,10,6,10,5,5,6,10,10,3,11,3,5,6,7,0,6,11,3,4,0,7,4,6,5,10,7,0,3,11,3,0,0,4,4,9,6,10,8,5,4
2,8,8,8,8,9,11,4,0,3,11,7,7,10,6,4,11,4,11,0,7,9,6,6,10,5,7,2,2,4,5,5,2,2,6,6,8,2,10,9,4,4,9,2,5,3,5,10,7,9,11,8,0,0,0,9,2,6,4,7,6,8,5,5,9,6,9,7,3,6,3,8,7,9,3,2,11,7,5,8,0,2,2,10,2,8,9,6,9,9,10,6,2,2,3,2,3,8,8,10,8,11,0,2,11,2,2,8,8,6,11,7,11,6,6,7,11,11,4,0,4,6,7,8,2,7,0,4,5,2,8,5,7,6,11,8,2,4,0,4,2,2,5,5,10,7,11,9,6,5
3,9,9,9,9,10,0,5,2,4,0,8,8,11,7,5,0,5,0,2,8,10,7,7,11,6,8,3,3,5,6,6,3,3,7,7,9,3,11,10,5,5,10,3,6,4,6,11,8,10,0,9,2,2,2,10,3,7,5,8,7,9,6,6,10,7,10,8,4,7,4,9,8,10,4,3,0,8,6,9,2,3,3,11,3,9,10,7,10,10,11,7,3,3,4,3,4,9,9,11,9,0,2,3,0,3,3,9,9,7,0,8,0,7,7,8,0,0,5,2,5,7,8,9,3,8,2,5,6,3,9,6,8,7,0,9,3,5,2,5,3,3,6,6,11,8,0,10,7,6
4,10,10,10,10,11,2,6,3,5,2,9,9,0,8,6,2,6,2,3,9,11,8,8,0,7,9,4,4,6,7,7,4,4,8,8,10,4,0,11,6,6,11,4,7,5,7,0,9,11,2,10,3,3,3,11,4,8,6,9,8,10,7,7,11,8,11,9,5,8,5,10,9,11,5,4,2,9,7,10,3,4,4,0,4,10,11,8,11,11,0,8,4,4,5,4,5,10,10,0,10,2,3,4,2,4,4,10,10,8,2,9,2,8,8,9,2,2,6,3,6,8,9,10,4,9,3,6,7,4,10,7,9,8,2,10,4,6,3,6,4,4,7,7,0,9,2,11,8,7
5,11,11,11,11,0,3,7,4,6,3,10,10,2,9,7,3,7,3,4,10,0,9,9,2,8,10,5,5,7,8,8,5,5,9,9,11,5,2,0,7,7,0,5,8,6,8,2,10,0,3,11,4,4,4,0,5,9,7,10,9,11,8,8,0,9,0,10,6,9,6,11,10,0,6,5,3,10,8,11,4,5,5,2,5,11,0,9,0,0,2,9,5,5,6,5,6,11,11,2,11,3,4,5,3,5,5,11,11,9,3,10,3,9,9,10,3,3,7,4,7,9,10,11,5,10,4,7,8,5,11,8,10,9,3,11,5,7,4,7,5,5,8,8,2,10,3,0,9,8
6,0,0,0,0,2,4,8,5,7,4,11,11,3,10,8,4,8,4,5,11,2,10,10,3,9,11,6,6,8,9,9,6,6,10,10,0,6,3,2,8,8,2,6,9,7,9,3,11,2,4,0,5,5,5,2,6,10,8,11,10,0,9,9,2,10,2,11,7,10,7,0,11,2,7,6,4,11,9,0,5,6,6,3,6,0,2,10,2,2,3,10,6,6,7,6,7,0,0,3,0,4,5,6,4,6,6,0,0,10,4,11,4,10,10,11,4,4,8,5,8,10,11,0,6,11,5,8,9,6,0,9,11,10,4,0,6,8,5,8,6,6,9,9,3,11,4,2,10,9
7,2,2,2,2,3,5,9,6,8,5,0,0,4,11,9,5,9,5,6,0,3,11,11,4,10,0,7,7,9,10,10,7,7,11,11,2,7,4,3,9,9,3,7,10,8,10,4,0,3,5,2,6,6,6,3,7,11,9,0,11,2,10,10,3,11,3,0,8,11,8,2,0,3,8,7,5,0,10,2,6,7,7,4,7,2,3,11,3,3,4,11,7,7,8,7,8,2,2,4,2,5,6,7,5,7,7,2,2,11,5,0,5,11,11,0,5,5,9,6,9,11,0,2,7,0,6,9,10,7,2,10,0,11,5,2,7,9,6,9,7,7,10,10,4,0,5,3,11,10
8,3,3,3,3,4,6,10,7,9,6,2,2,5,0,10,6,10,6,7,2,4,0,0,5,11,2,8,8,10,11,11,8,8,0,0,3,8,5,4,10,10,4,8,11,9,11,5,2,4,6,3,7,7,7,4,8,0,10,2,0,3,11,11,4,0,4,2,9,0,9,3,2,4,9,8,6,2,11,3,7,8,8,5,8,3,4,0,4,4,5,0,8,8,9,8,9,3,3,5,3,6,7,8,6,8,8,3,3,0,6,2,6,0,0,2,6,6,10,7,10,0,2,3,8,2,7,10,11,8,3,11,2,0,6,3,8,10,7,10,8,8,11,11,5,2,6,4,0,11
9,4,4,4,4,5,7,11,8,10,7,3,3,6,2,11,7,11,7,8,3,5,2,2,6,0,3,9,9,11,0,0,9,9,2,2,4,9,6,5,11,11,5,9,0,10,0,6,3,5,7,4,8,8,8,5,9,2,11,3,2,4,0,0,5,2,5,3,10,2,10,4,3,5,10,9,7,3,0,4,8,9,9,6,9,4,5,2,5,5,6,2,9,9,10,9,10,4,4,6,4,7,8,9,7,9,9,4,4,2,7,3,7,2,2,3,7,7,11,8,11,2,3,4,9,3,8,11,0,9,4,0,3,2,7,4,9,11,8,11,9,9,0,0,6,3,7,5,2,0
10,5,5,5,5,6,8,0,9,11,8,4,4,7,3,0,8,0,8,9,4,6,3,3,7,2,4,10,10,0,2,2,10,10,3,3,5,10,7,6,0,0,6,10,2,11,2,7,4,6,8,5,9,9,9,6,10,3,0,4,3,5,2,2,6,3,6,4,11,3,11,5,4,6,11,10,8,4,2,5,9,10,10,7,10,5,6,3,6,6,7,3,10,10,11,10,11,5,5,7,5,8,9,10,8,10,10,5,5,3,8,4,8,3,3,4,8,8,0,9,0,3,4,5,10,4,9,0,2,10,5,2,4,3,8,5,10,0,9,0,10,10,2,2,7,4,8,6,3,2
11,6,6,6,6,7,9,2,10,0,9,5,5,8,4,2,9,2,9,10,5,7,4,4,8,3,5,11,11,2,3,3,11,11,4,4,6,11,8,7,2,2,7,11,3,0,3,8,5,7,9,6,10,10,10,7,11,4,2,5,4,6,3,3,7,4,7,5,0,4,0,6,5,7,0,11,9,5,3,6,10,11,11,8,11,6,7,4,7,7,8,4,11,11,0,11,0,6,6,8,6,9,10,11,9,11,11,6,6,4,9,5,9,4,4,5,9,9,2,10,2,4,5,6,11,5,10,2,3,11,6,3,5,4,9,6,11,2,10,2,11,11,3,3,8,5,9,7,4,3
0,7,7,7,7,8,10,3,11,2,10,6,6,9,5,3,10,3,10,11,6,8,5,5,9,4,6,0,0,3,4,4,0,0,5,5,7,0,9,8,3,3,8,0,4,2,4,9,6,8,10,7,11,11,11,8,0,5,3,6,5,7,4,4,8,5,8,6,2,5,2,7,6,8,2,0,10,6,4,7,11,0,0,9,0,7,8,5,8,8,9,5,0,0,2,0,2,7,7,9,7,10,11,0,10,0,0,7,7,5,10,6,10,5,5,6,10,10,3,11,3,5,6,7,0,6,11,3,4,0,7,4,6,5,10,7,0,3,11,3,0,0,4,4,9,6,10,8,5,4
2,8,8,8,8,9,11,4,0,3,11,7,7,10,6,4,11,4,11,0,7,9,6,6,10,5,7,2,2,4,5,5,2,2,6,6,8,2,10,9,4,4,9,2,5,3,5,10,7,9,11,8,0,0,0,9,2,6,4,7,6,8,5,5,9,6,9,7,3,6,3,8,7,9,3,2,11,7,5,8,0,2,2,10,2,8,9,6,9,9,10,6,2,2,3,2,3,8,8,10,8,11,0,2,11,2,2,8,8,6,11,7,11,6,6,7,11,11,4,0,4,6,7,8,2,7,0,4,5,2,8,5,7,6,11,8,2,4,0,4,2,2,5,5,10,7,11,9,6,5
3,9,9,9,9,10,0,5,2,4,0,8,8,11,7,5,0,5,0,2,8,10,7,7,11,6,8,3,3,5,6,6,3,3,7,7,9,3,11,10,5,5,10,3,6,4,6,11,8,10,0,9,2,2,2,10,3,7,5,8,7,9,6,6,10,7,10,8,4,7,4,9,8,10,4,3,0,8,6,9,2,3,3,11,3,9,10,7,10,10,11,7,3,3,4,3,4,9,9,11,9,0,2,3,0,3,3,9,9,7,0,8,0,7,7,8,0,0,5,2,5,7,8,9,3,8,2,5,6,3,9,6,8,7,0,9,3,5,2,5,3,3,6,6,11,8,0,10,7,6
4,10,10,10,10,11,2,6,3,5,2,9,9,0,8,6,2,6,2,3,9,11,8,8,0,7,9,4,4,6,7,7,4,4,8,8,10,4,0,11,6,6,11,4,7,5,7,0,9,11,2,10,3,3,3,11,4,8,6,9,8,10,7,7,11,8,11,9,5,8,5,10,9,11,5,4,2,9,7,10,3,4,4,0,4,10,11,8,11,11,0,8,4,4,5,4,5,10,10,0,10,2,3,4,2,4,4,10,10,8,2,9,2,8,8,9,2,2,6,3,6,8,9,10,4,9,3,6,7,4,10,7,9,8,2,10,4,6,3,6,4,4,7,7,0,9,2,11,8,7
5,11,11,11,11,0,3,7,4,6,3,10,10,2,9,7,3,7,3,4,10,0,9,9,2,8,10,5,5,7,8,8,5,5,9,9,11,5,2,0,7,7,0,5,8,6,8,2,10,0,3,11,4,4,4,0,5,9,7,10,9,11,8,8,0,9,0,10,6,9,6,11,10,0,6,5,3,10,8,11,4,5,5,2,5,11,0,9,0,0,2,9,5,5,6,5,6,11,11,2,11,3,4,5,3,5,5,11,11,9,3,10,3,9,9,10,3,3,7,4,7,9,10,11,5,10,4,7,8,5,11,8,10,9,3,11,5,7,4,7,5,5,8,8,2,10,3,0,9,8
6,0,0,0,0,2,4,8,5,7,4,11,11,3,10,8,4,8,4,5,11,2,10,10,3,9,11,6,6,8,9,9,6,6,10,10,0,6,3,2,8,8,2,6,9,7,9,3,11,2,4,0,5,5,5,2,6,10,8,11,10,0,9,9,2,10,2,11,7,10,7,0,11,2,7,6,4,11,9,0,5,6,6,3,6,0,2,10,2,2,3,10,6,6,7,6,7,0,0,3,0,4,5,6,4,6,6,0,0,10,4,11,4,10,10,11,4,4,8,5,8,10,11,0,6,11,5,8,9,6,0,9,11,10,4,0,6,8,5,8,6,6,9,9,3,11,4,2,10,9
7,2,2,2,2,3,5,9,6,8,5,0,0,4,11,9,5,9,5,6,0,3,11,11,4,10,0,7,7,9,10,10,7,7,11,11,2,7,4,3,9,9,3,7,10,8,10,4,0,3,5,2,6,6,6,3,7,11,9,0,11,2,10,10,3,11,3,0,8,11,8,2,0,3,8,7,5,0,10,2,6,7,7,4,7,2,3,11,3,3,4,11,7,7,8,7,8,2,2,4,2,5,6,7,5,7,7,2,2,11,5,0,5,11,11,0,5,5,9,6,9,11,0,2,7,0,6,9,10,7,2,10,0,11,5,2,7,9,6,9,7,7,10,10,4,0,5,3,11,10
8,3,3,3,3,4,6,10,7,9,6,2,2,5,0,10,6,10,6,7,2,4,0,0,5,11,2,8,8,10,11,11,8,8,0,0,3,8,5,4,10,10,4,8,11,9,11,5,2,4,6,3,7,7,7,4,8,0,10,2,0,3,11,11,4,0,4,2,9,0,9,3,2,4,9,8,6,2,11,3,7,8,8,5,8,3,4,0,4,4,5,0,8,8,9,8,9,3,3,5,3,6,7,8,6,8,8,3,3,0,6,2,6,0,0,2,6,6,10,7,10,0,2,3,8,2,7,10,11,8,3,11,2,0,6,3,8,10,7,10,8,8,11,11,5,2,6,4,0,11
9,4,4,4,4,5,7,11,8,10,7,3,3,6,2,11,7,11,7,8,3,5,2,2,6,0,3,9,9,11,0,0,9,9,2,2,4,9,6,5,11,11,5,9,0,10,0,6,3,5,7,4,8,8,8,5,9,2,11,3,2,4,0,0,5,2,5,3,10,2,10,4,3,5,10,9,7,3,0,4,8,9,9,6,9,4,5,2,5,5,6,2,9,9,10,9,10,4,4,6,4,7,8,9,7,9,9,4,4,2,7,3,7,2,2,3,7,7,11,8,11,2,3,4,9,3,8,11,0,9,4,0,3,2,7,4,9,11,8,11,9,9,0,0,6,3,7,5,2,0
10,5,5,5,5,6,8,0,9,11,8,4,4,7,3,0,8,0,8,9,4,6,3,3,7,2,4,10,10,0,2,2,10,10,3,3,5,10,7,6,0,0,6,10,2,11,2,7,4,6,8,5,9,9,9,6,10,3,0,4,3,5,2,2,6,3,6,4,11,3,11,5,4,6,11,10,8,4,2,5,9,10,10,7,10,5,6,3,6,6,7,3,10,10,11,10,11,5,5,7,5,8,9,10,8,10,10,5,5,3,8,4,8,3,3,4,8,8,0,9,0,3,4,5,10,4,9,0,2,10,5,2,4,3,8,5,10,0,9,0,10,10,2,2,7,4,8,6,3,2
11,6,6,6,6,7,9,2,10,0,9,5,5,8,4,2,9,2,9,10,5,7,4,4,8,3,5,11,11,2,3,3,11,11,4,4,6,11,8,7,2,2,7,11,3,0,3,8,5,7,9,6,10,10,10,7,11,4,2,5,4,6,3,3,7,4,7,5,0,4,0,6,5,7,0,11,9,5,3,6,10,11,11,8,11,6,7,4,7,7,8,4,11,11,0,11,0,6,6,8,6,9,10,11,9,11,11,6,6,4,9,5,9,4,4,5,9,9,2,10,2,4,5,6,11,5,10,2,3,11,6,3,5,4,9,6,11,2,10,2,11,11,3,3,8,5,9,7,4,3
0,7,7,7,7,8,10,3,11,2,10,6,6,9,5,3,10,3,10,11,6,8,5,5,9,4,6,0,0,3,4,4,0,0,5,5,7,0,9,8,3,3,8,0,4,2,4,9,6,8,10,7,11,11,11,8,0,5,3,6,5,7,4,4,8,5,8,6,2,5,2,7,6,8,2,0,10,6,4,7,11,0,0,9,0,7,8,5,8,8,9,5,0,0,2,0,2,7,7,9,7,10,11,0,10,0,0,7,7,5,10,6,10,5,5,6,10,10,3,11,3,5,6,7,0,6,11,3,4,0,7,4,6,5,10,7,0,3,11,3,0,0,4,4,9,6,10,8,5,4
2,8,8,8,8,9,11,4,0,3,11,7,7,10,6,4,11,4,11,0,7,9,6,6,10,5,7,2,2,4,5,5,2,2,6,6,8,2,10,9,4,4,9,2,5,3,5,10,7,9,11,8,0,0,0,9,2,6,4,7,6,8,5,5,9,6,9,7,3,6,3,8,7,9,3,2,11,7,5,8,0,2,2,10,2,8,9,6,9,9,10,6,2,2,3,2,3,8,8,10,8,11,0,2,11,2,2,8,8,6,11,7,11,6,6,7,11,11,4,0,4,6,7,8,2,7,0,4,5,2,8,5,7,6,11,8,2,4,0,4,2,2,5,5,10,7,11,9,6,5
3,9,9,9,9,10,0,5,2,4,0,8,8,11,7,5,0,5,0,2,8,10,7,7,11,6,8,3,3,5,6,6,3,3,7,7,9,3,11,10,5,5,10,3,6,4,6,11,8,10,0,9,2,2,2,10,3,7,5,8,7,9,6,6,10,7,10,8,4,7,4,9,8,10,4,3,0,8,6,9,2,3,3,11,3,9,10,7,10,10,11,7,3,3,4,3,4,9,9,11,9,0,2,3,0,3,3,9,9,7,0,8,0,7,7,8,0,0,5,2,5,7,8,9,3,8,2,5,6,3,9,6,8,7,0,9,3,5,2,5,3,3,6,6,11,8,0,10,7,6
4,10,10,10,10,11,2,6,3,5,2,9,9,0,8,6,2,6,2,3,9,11,8,8,0,7,9,4,4,6,7,7,4,4,8,8,10,4,0,11,6,6,11,4,7,5,7,0,9,11,2,10,3,3,3,11,4,8,6,9,8,10,7,7,11,8,11,9,5,8,5,10,9,11,5,4,2,9,7,10,3,4,4,0,4,10,11,8,11,11,0,8,4,4,5,4,5,10,10,0,10,2,3,4,2,4,4,10,10,8,2,9,2,8,8,9,2,2,6,3,6,8,9,10,4,9,3,6,7,4,10,7,9,8,2,10,4,6,3,6,4,4,7,7,0,9,2,11,8,7
5,11,11,11,11,0,3,7,4,6,3,10,10,2,9,7,3,7,3,4,10,0,9,9,2,8,10,5,5,7,8,8,5,5,9,9,11,5,2,0,7,7,0,5,8,6,8,2,10,0,3,11,4,4,4,0,5,9,7,10,9,11,8,8,0,9,0,10,6,9,6,11,10,0,6,5,3,10,8,11,4,5,5,2,5,11,0,9,0,0,2,9,5,5,6,5,6,11,11,2,11,3,4,5,3,5,5,11,11,9,3,10,3,9,9,10,3,3,7,4,7,9,10,11,5,10,4,7,8,5,11,8,10,9,3,11,5,7,4,7,5,5,8,8,2,10,3,0,9,8
6,0,0,0,0,2,4,8,5,7,4,11,11,3,10,8,4,8,4,5,11,2,10,10,3,9,11,6,6,8,9,9,6,6,10,10,0,6,3,2,8,8,2,6,9,7,9,3,11,2,4,0,5,5,5,2,6,10,8,11,10,0,9,9,2,10,2,11,7,10,7,0,11,2,7,6,4,11,9,0,5,6,6,3,6,0,2,10,2,2,3,10,6,6,7,6,7,0,0,3,0,4,5,6,4,6,6,0,0,10,4,11,4,10,10,11,4,4,8,5,8,10,11,0,6,11,5,8,9,6,0,9,11,10,4,0,6,8,5,8,6,6,9,9,3,11,4,2,10,9
7,2,2,2,2,3,5,9,6,8,5,0,0,4,11,9,5,9,5,6,0,3,11,11,4,10,0,7,7,9,10,10,7,7,11,11,2,7,4,3,9,9,3,7,10,8,10,4,0,3,5,2,6,6,6,3,7,11,9,0,11,2,10,10,3,11,3,0,8,11,8,2,0,3,8,7,5,0,10,2,6,7,7,4,7,2,3,11,3,3,4,11,7,7,8,7,8,2,2,4,2,5,6,7,5,7,7,2,2,11,5,0,5,11,11,0,5,5,9,6,9,11,0,2,7,0,6,9,10,7,2,10,0,11,5,2,7,9,6,9,7,7,10,10,4,0,5,3,11,10
8,3,3,3,3,4,6,10,7,9,6,2,2,5,0,10,6,10,6,7,2,4,0,0,5,11,2,8,8,10,11,11,8,8,0,0,3,8,5,4,10,10,4,8,11,9,11,5,2,4,6,3,7,7,7,4,8,0,10,2,0,3,11,11,4,0,4,2,9,0,9,3,2,4,9,8,6,2,11,3,7,8,8,5,8,3,4,0,4,4,5,0,8,8,9,8,9,3,3,5,3,6,7,8,6,8,8,3,3,0,6,2,6,0,0,2,6,6,10,7,10,0,2,3,8,2,7,10,11,8,3,11,2,0,6,3,8,10,7,10,8,8,11,11,5,2,6,4,0,11
9,4,4,4,4,5,7,11,8,10,7,3,3,6,2,11,7,11,7,8,3,5,2,2,6,0,3,9,9,11,0,0,9,9,2,2,4,9,6,5,11,11,5,9,0,10,0,6,3,5,7,4,8,8,8,5,9,2,11,3,2,4,0,0,5,2,5,3,10,2,10,4,3,5,10,9,7,3,0,4,8,9,9,6,9,4,5,2,5,5,6,2,9,9,10,9,10,4,4,6,4,7,8,9,7,9,9,4,4,2,7,3,7,2,2,3,7,7,11,8,11,2,3,4,9,3,8,11,0,9,4,0,3,2,7,4,9,11,8,11,9,9,0,0,6,3,7,5,2,0
10,5,5,5,5,6,8,0,9,11,8,4,4,7,3,0,8,0,8,9,4,6,3,3,7,2,4,10,10,0,2,2,10,10,3,3,5,10,7,6,0,0,6,10,2,11,2,7,4,6,8,5,9,9,9,6,10,3,0,4,3,5,2,2,6,3,6,4,11,3,11,5,4,6,11,10,8,4,2,5,9,10,10,7,10,5,6,3,6,6,7,3,10,10,11,10,11,5,5,7,5,8,9,10,8,10,10,5,5,3,8,4,8,3,3,4,8,8,0,9,0,3,4,5,10,4,9,0,2,10,5,2,4,3,8,5,10,0,9,0,10,10,2,2,7,4,8,6,3,2
11,6,6,6,6,7,9,2,10,0,9,5,5,8,4,2,9,2,9,10,5,7,4,4,8,3,5,11,11,2,3,3,11,11,4,4,6,11,8,7,2,2,7,11,3,0,3,8,5,7,9,6,10,10,10,7,11,4,2,5,4,6,3,3,7,4,7,5,0,4,0,6,5,7,0,11,9,5,3,6,10,11,11,8,11,6,7,4,7,7,8,4,11,11,0,11,0,6,6,8,6,9,10,11,9,11,11,6,6,4,9,5,9,4,4,5,9,9,2,10,2,4,5,6,11,5,10,2,3,11,6,3,5,4,9,6,11,2,10,2,11,11,3,3,8,5,9,7,4,3
0,7,7,7,7,8,10,3,11,2,10,6,6,9,5,3,10,3,10,11,6,8,5,5,9,4,6,0,0,3,4,4,0,0,5,5,7,0,9,8,3,3,8,0,4,2,4,9,6,8,10,7,11,11,11,8,0,5,3,6,5,7,4,4,8,5,8,6,2,5,2,7,6,8,2,0,10,6,4,7,11,0,0,9,0,7,8,5,8,8,9,5,0,0,2,0,2,7,7,9,7,10,11,0,10,0,0,7,7,5,10,6,10,5,5,6,10,10,3,11,3,5,6,7,0,6,11,3,4,0,7,4,6,5,10,7,0,3,11,3,0,0,4,4,9,6,10,8,5,4
2,8,8,8,8,9,11,4,0,3,11,7,7,10,6,4,11,4,11,0,7,9,6,6,10,5,7,2,2,4,5,5,2,2,6,6,8,2,10,9,4,4,9,2,5,3,5,10,7,9,11,8,0,0,0,9,2,6,4,7,6,8,5,5,9,6,9,7,3,6,3,8,7,9,3,2,11,7,5,8,0,2,2,10,2,8,9,6,9,9,10,6,2,2,3,2,3,8,8,10,8,11,0,2,11,2,2,8,8,6,11,7,11,6,6,7,11,11,4,0,4,6,7,8,2,7,0,4,5,2,8,5,7,6,11,8,2,4,0,4,2,2,5,5,10,7,11,9,6,5
3,9,9,9,9,10,0,5,2,4,0,8,8,11,7,5,0,5,0,2,8,10,7,7,11,6,8,3,3,5,6,6,3,3,7,7,9,3,11,10,5,5,10,3,6,4,6,11,8,10,0,9,2,2,2,10,3,7,5,8,7,9,6,6,10,7,10,8,4,7,4,9,8,10,4,3,0,8,6,9,2,3,3,11,3,9,10,7,10,10,11,7,3,3,4,3,4,9,9,11,9,0,2,3,0,3,3,9,9,7,0,8,0,7,7,8,0,0,5,2,5,7,8,9,3,8,2,5,6,3,9,6,8,7,0,9,3,5,2,5,3,3,6,6,11,8,0,10,7,6
4,10,10,10,10,11,2,6,3,5,2,9,9,0,8,6,2,6,2,3,9,11,8,8,0,7,9,4,4,6,7,7,4,4,8,8,10,4,0,11,6,6,11,4,7,5,7,0,9,11,2,10,3,3,3,11,4,8,6,9,8,10,7,7,11,8,11,9,5,8,5,10,9,11,5,4,2,9,7,10,3,4,4,0,4,10,11,8,11,11,0,8,4,4,5,4,5,10,10,0,10,2,3,4,2,4,4,10,10,8,2,9,2,8,8,9,2,2,6,3,6,8,9,10,4,9,3,6,7,4,10,7,9,8,2,10,4,6,3,6,4,4,7,7,0,9,2,11,8,7
5,11,11,11,11,0,3,7,4,6,3,10,10,2,9,7,3,7,3,4,10,0,9,9,2,8,10,5,5,7,8,8,5,5,9,9,11,5,2,0,7,7,0,5,8,6,8,2,10,0,3,11,4,4,4,0,5,9,7,10,9,11,8,8,0,9,0,10,6,9,6,11,10,0,6,5,3,10,8,11,4,5,5,2,5,11,0,9,0,0,2,9,5,5,6,5,6,11,11,2,11,3,4,5,3,5,5,11,11,9,3,10,3,9,9,10,3,3,7,4,7,9,10,11,5,10,4,7,8,5,11,8,10,9,3,11,5,7,4,7,5,5,8,8,2,10,3,0,9,8
6,0,0,0,0,2,4,8,5,7,4,11,11,3,10,8,4,8,4,5,11,2,10,10,3,9,11,6,6,8,9,9,6,6,10,10,0,6,3,2,8,8,2,6,9,7,9,3,11,2,4,0,5,5,5,2,6,10,8,11,10,0,9,9,2,10,2,11,7,10,7,0,11,2,7,6,4,11,9,0,5,6,6,3,6,0,2,10,2,2,3,10,6,6,7,6,7,0,0,3,0,4,5,6,4,6,6,0,0,10,4,11,4,10,10,11,4,4,8,5,8,10,11,0,6,11,5,8,9,6,0,9,11,10,4,0,6,8,5,8,6,6,9,9,3,11,4,2,10,9
7,2,2,2,2,3,5,9,6,8,5,0,0,4,11,9,5,9,5,6,0,3,11,11,4,10,0,7,7,9,10,10,7,7,11,11,2,7,4,3,9,9,3,7,10,8,10,4,0,3,5,2,6,6,6,3,7,11,9,0,11,2,10,10,3,11,3,0,8,11,8,2,0,3,8,7,5,0,10,2,6,7,7,4,7,2,3,11,3,3,4,11,7,7,8,7,8,2,2,4,2,5,6,7,5,7,7,2,2,11,5,0,5,11,11,0,5,5,9,6,9,11,0,2,7,0,6,9,10,7,2,10,0,11,5,2,7,9,6,9,7,7,10,10,4,0,5,3,11,10
8,3,3,3,3,4,6,10,7,9,6,2,2,5,0,10,6,10,6,7,2,4,0,0,5,11,2,8,8,10,11,11,8,8,0,0,3,8,5,4,10,10,4,8,11,9,11,5,2,4,6,3,7,7,7,4,8,0,10,2,0,3,11,11,4,0,4,2,9,0,9,3,2,4,9,8,6,2,11,3,7,8,8,5,8,3,4,0,4,4,5,0,8,8,9,8,9,3,3,5,3,6,7,8,6,8,8,3,3,0,6,2,6,0,0,2,6,6,10,7,10,0,2,3,8,2,7,10,11,8,3,11,2,0,6,3,8,10,7,10,8,8,11,11,5,2,6,4,0,11
9,4,4,4,4,5,7,11,8,10,7,3,3,6,2,11,7,11,7,8,3,5,2,2,6,0,3,9,9,11,0,0,9,9,2,2,4,9,6,5,11,11,5,9,0,10,0,6,3,5,7,4,8,8,8,5,9,2,11,3,2,4,0,0,5,2,5,3,10,2,10,4,3,5,10,9,7,3,0,4,8,9,9,6,9,4,5,2,5,5,6,2,9,9,10,9,10,4,4,6,4,7,8,9,7,9,9,4,4,2,7,3,7,2,2,3,7,7,11,8,11,2,3,4,9,3,8,11,0,9,4,0,3,2,7,4,9,11,8,11,9,9,0,0,6,3,7,5,2,0
10,5,5,5,5,6,8,0,9,11,8,4,4,7,3,0,8,0,8,9,4,6,3,3,7,2,4,10,10,0,2,2,10,10,3,3,5,10,7,6,0,0,6,10,2,11,2,7,4,6,8,5,9,9,9,6,10,3,0,4,3,5,2,2,6,3,6,4,11,3,11,5,4,6,11,10,8,4,2,5,9,10,10,7,10,5,6,3,6,6,7,3,10,10,11,10,11,5,5,7,5,8,9,10,8,10,10,5,5,3,8,4,8,3,3,4,8,8,0,9,0,3,4,5,10,4,9,0,2,10,5,2,4,3,8,5,10,0,9,0,10,10,2,2,7,4,8,6,3,2
11,6,6,6,6,7,9,2,10,0,9,5,5,8,4,2,9,2,9,10,5,7,4,4,8,3,5,11,11,2,3,3,11,11,4,4,6,11,8,7,2,2,7,11,3,0,3,8,5,7,9,6,10,10,10,7,11,4,2,5,4,6,3,3,7,4,7,5,0,4,0,6,5,7,0,11,9,5,3,6,10,11,11,8,11,6,7,4,7,7,8,4,11,11,0,11,0,6,6,8,6,9,10,11,9,11,11,6,6,4,9,5,9,4,4,5,9,9,2,10,2,4,5,6,11,5,10,2,3,11,6,3,5,4,9,6,11,2,10,2,11,11,3,3,8,5,9,7,4,3
0,7,7,7,7,8,10,3,11,2,10,6,6,9,5,3,10,3,10,11,6,8,5,5,9,4,6,0,0,3,4,4,0,0,5,5,7,0,9,8,3,3,8,0,4,2,4,9,6,8,10,7,11,11,11,8,0,5,3,6,5,7,4,4,8,5,8,6,2,5,2,7,6,8,2,0,10,6,4,7,11,0,0,9,0,7,8,5,8,8,9,5,0,0,2,0,2,7,7,9,7,10,11,0,10,0,0,7,7,5,10,6,10,5,5,6,10,10,3,11,3,5,6,7,0,6,11,3,4,0,7,4,6,5,10,7,0,3,11,3,0,0,4,4,9,6,10,8,5,4
2,8,8,8,8,9,11,4,0,3,11,7,7,10,6,4,11,4,11,0,7,9,6,6,10,5,7,2,2,4,5,5,2,2,6,6,8,2,10,9,4,4,9,2,5,3,5,10,7,9,11,8,0,0,0,9,2,6,4,7,6,8,5,5,9,6,9,7,3,6,3,8,7,9,3,2,11,7,5,8,0,2,2,10,2,8,9,6,9,9,10,6,2,2,3,2,3,8,8,10,8,11,0,2,11,2,2,8,8,6,11,7,11,6,6,7,11,11,4,0,4,6,7,8,2,7,0,4,5,2,8,5,7,6,11,8,2,4,0,4,2,2,5,5,10,7,11,9,6,5
3,9,9,9,9,10,0,5,2,4,0,8,8,11,7,5,0,5,0,2,8,10,7,7,11,6,8,3,3,5,6,6,3,3,7,7,9,3,11,10,5,5,10,3,6,4,6,11,8,10,0,9,2,2,2,10,3,7,5,8,7,9,6,6,10,7,10,8,4,7,4,9,8,10,4,3,0,8,6,9,2,3,3,11,3,9,10,7,10,10,11,7,3,3,4,3,4,9,9,11,9,0,2,3,0,3,3,9,9,7,0,8,0,7,7,8,0,0,5,2,5,7,8,9,3,8,2,5,6,3,9,6,8,7,0,9,3,5,2,5,3,3,6,6,11,8,0,10,7,6
4,10,10,10,10,11,2,6,3,5,2,9,9,0,8,6,2,6,2,3,9,11,8,8,0,7,9,4,4,6,7,7,4,4,8,8,10,4,0,11,6,6,11,4,7,5,7,0,9,11,2,10,3,3,3,11,4,8,6,9,8,10,7,7,11,8,11,9,5,8,5,10,9,11,5,4,2,9,7,10,3,4,4,0,4,10,11,8,11,11,0,8,4,4,5,4,5,10,10,0,10,2,3,4,2,4,4,10,10,8,2,9,2,8,8,9,2,2,6,3,6,8,9,10,4,9,3,6,7,4,10,7,9,8,2,10,4,6,3,6,4,4,7,7,0,9,2,11,8,7
5,11,11,11,11,0,3,7,4,6,3,10,10,2,9,7,3,7,3,4,10,0,9,9,2,8,10,5,5,7,8,8,5,5,9,9,11,5,2,0,7,7,0,5,8,6,8,2,10,0,3,11,4,4,4,0,5,9,7,10,9,11,8,8,0,9,0,10,6,9,6,11,10,0,6,5,3,10,8,11,4,5,5,2,5,11,0,9,0,0,2,9,5,5,6,5,6,11,11,2,11,3,4,5,3,5,5,11,11,9,3,10,3,9,9,10,3,3,7,4,7,9,10,11,5,10,4,7,8,5,11,8,10,9,3,11,5,7,4,7,5,5,8,8,2,10,3,0,9,8
6,0,0,0,0,2,4,8,5,7,4,11,11,3,10,8,4,8,4,5,11,2,10,10,3,9,11,6,6,8,9,9,6,6,10,10,0,6,3,2,8,8,2,6,9,7,9,3,11,2,4,0,5,5,5,2,6,10,8,11,10,0,9,9,2,10,2,11,7,10,7,0,11,2,7,6,4,11,9,0,5,6,6,3,6,0,2,10,2,2,3,10,6,6,7,6,7,0,0,3,0,4,5,6,4,6,6,0,0,10,4,11,4,10,10,11,4,4,8,5,8,10,11,0,6,11,5,8,9,6,0,9,11,10,4,0,6,8,5,8,6,6,9,9,3,11,4,2,10,9
7,2,2,2,2,3,5,9,6,8,5,0,0,4,11,9,5,9,5,6,0,3,11,11,4,10,0,7,7,9,10,10,7,7,11,11,2,7,4,3,9,9,3,7,10,8,10,4,0,3,5,2,6,6,6,3,7,11,9,0,11,2,10,10,3,11,3,0,8,11,8,2,0,3,8,7,5,0,10,2,6,7,7,4,7,2,3,11,3,3,4,11,7,7,8,7,8,2,2,4,2,5,6,7,5,7,7,2,2,11,5,0,5,11,11,0,5,5,9,6,9,11,0,2,7,0,6,9,10,7,2,10,0,11,5,2,7,9,6,9,7,7,10,10,4,0,5,3,11,10
8,3,3,3,3,4,6,10,7,9,6,2,2,5,0,10,6,10,6,7,2,4,0,0,5,11,2,8,8,10,11,11,8,8,0,0,3,8,5,4,10,10,4,8,11,9,11,5,2,4,6,3,7,7,7,4,8,0,10,2,0,3,11,11,4,0,4,2,9,0,9,3,2,4,9,8,6,2,11,3,7,8,8,5,8,3,4,0,4,4,5,0,8,8,9,8,9,3,3,5,3,6,7,8,6,8,8,3,3,0,6,2,6,0,0,2,6,6,10,7,10,0,2,3,8,2,7,10,11,8,3,11,2,0,6,3,8,10,7,10,8,8,11,11,5,2,6,4,0,11
9,4,4,4,4,5,7,11,8,10,7,3,3,6,2,11,7,11,7,8,3,5,2,2,6,0,3,9,9,11,0,0,9,9,2,2,4,9,6,5,11,11,5,9,0,10,0,6,3,5,7,4,8,8,8,5,9,2,11,3,2,4,0,0,5,2,5,3,10,2,10,4,3,5,10,9,7,3,0,4,8,9,9,6,9,4,5,2,5,5,6,2,9,9,10,9,10,4,4,6,4,7,8,9,7,9,9,4,4,2,7,3,7,2,2,3,7,7,11,8,11,2,3,4,9,3,8,11,0,9,4,0,3,2,7,4,9,11,8,11,9,9,0,0,6,3,7,5,2,0
10,5,5,5,5,6,8,0,9,11,8,4,4,7,3,0,8,0,8,9,4,6,3,3,7,2,4,10,10,0,2,2,10,10,3,3,5,10,7,6,0,0,6,10,2,11,2,7,4,6,8,5,9,9,9,6,10,3,0,4,3,5,2,2,6,3,6,4,11,3,11,5,4,6,11,10,8,4,2,5,9,10,10,7,10,5,6,3,6,6,7,3,10,10,11,10,11,5,5,7,5,8,9,10,8,10,10,5,5,3,8,4,8,3,3,4,8,8,0,9,0,3,4,5,10,4,9,0,2,10,5,2,4,3,8,5,10,0,9,0,10,10,2,2,7,4,8,6,3,2
11,6,6,6,6,7,9,2,10,0,9,5,5,8,4,2,9,2,9,10,5,7,4,4,8,3,5,11,11,2,3,3,11,11,4,4,6,11,8,7,2,2,7,11,3,0,3,8,5,7,9,6,10,10,10,7,11,4,2,5,4,6,3,3,7,4,7,5,0,4,0,6,5,7,0,11,9,5,3,6,10,11,11,8,11,6,7,4,7,7,8,4,11,11,0,11,0,6,6,8,6,9,10,11,9,11,11,6,6,4,9,5,9,4,4,5,9,9,2,10,2,4,5,6,11,5,10,2,3,11,6,3,5,4,9,6,11,2,10,2,11,11,3,3,8,5,9,7,4,3
0,7,7,7,7,8,10,3,11,2,10,6,6,9,5,3,10,3,10,11,6,8,5,5,9,4,6,0,0,3,4,4,0,0,5,5,7,0,9,8,3,3,8,0,4,2,4,9,6,8,10,7,11,11,11,8,0,5,3,6,5,7,4,4,8,5,8,6,2,5,2,7,6,8,2,0,10,6,4,7,11,0,0,9,0,7,8,5,8,8,9,5,0,0,2,0,2,7,7,9,7,10,11,0,10,0,0,7,7,5,10,6,10,5,5,6,10,10,3,11,3,5,6,7,0,6,11,3,4,0,7,4,6,5,10,7,0,3,11,3,0,0,4,4,9,6,10,8,5,4
2,8,8,8,8,9,11,4,0,3,11,7,7,10,6,4,11,4,11,0,7,9,6,6,10,5,7,2,2,4,5,5,2,2,6,6,8,2,10,9,4,4,9,2,5,3,5,10,7,9,11,8,0,0,0,9,2,6,4,7,6,8,5,5,9,6,9,7,3,6,3,8,7,9,3,2,11,7,5,8,0,2,2,10,2,8,9,6,9,9,10,6,2,2,3,2,3,8,8,10,8,11,0,2,11,2,2,8,8,6,11,7,11,6,6,7,11,11,4,0,4,6,7,8,2,7,0,4,5,2,8,5,7,6,11,8,2,4,0,4,2,2,5,5,10,7,11,9,6,5
3,9,9,9,9,10,0,5,2,4,0,8,8,11,7,5,0,5,0,2,8,10,7,7,11,6,8,3,3,5,6,6,3,3,7,7,9,3,11,10,5,5,10,3,6,4,6,11,8,10,0,9,2,2,2,10,3,7,5,8,7,9,6,6,10,7,10,8,4,7,4,9,8,10,4,3,0,8,6,9,2,3,3,11,3,9,10,7,10,10,11,7,3,3,4,3,4,9,9,11,9,0,2,3,0,3,3,9,9,7,0,8,0,7,7,8,0,0,5,2,5,7,8,9,3,8,2,5,6,3,9,6,8,7,0,9,3,5,2,5,3,3,6,6,11,8,0,10,7,6
4,10,10,10,10,11,2,6,3,5,2,9,9,0,8,6,2,6,2,3,9,11,8,8,0,7,9,4,4,6,7,7,4,4,8,8,10,4,0,11,6,6,11,4,7,5,7,0,9,11,2,10,3,3,3,11,4,8,6,9,8,10,7,7,11,8,11,9,5,8,5,10,9,11,5,4,2,9,7,10,3,4,4,0,4,10,11,8,11,11,0,8,4,4,5,4,5,10,10,0,10,2,3,4,2,4,4,10,10,8,2,9,2,8,8,9,2,2,6,3,6,8,9,10,4,9,3,6,7,4,10,7,9,8,2,10,4,6,3,6,4,4,7,7,0,9,2,11,8,7
5,11,11,11,11,0,3,7,4,6,3,10,10,2,9,7,3,7,3,4,10,0,9,9,2,8,10,5,5,7,8,8,5,5,9,9,11,5,2,0,7,7,0,5,8,6,8,2,10,0,3,11,4,4,4,0,5,9,7,10,9,11,8,8,0,9,0,10,6,9,6,11,10,0,6,5,3,10,8,11,4,5,5,2,5,11,0,9,0,0,2,9,5,5,6,5,6,11,11,2,11,3,4,5,3,5,5,11,11,9,3,10,3,9,9,10,3,3,7,4,7,9,10,11,5,10,4,7,8,5,11,8,10,9,3,11,5,7,4,7,5,5,8,8,2,10,3,0,9,8
6,0,0,0,0,2,4,8,5,7,4,11,11,3,10,8,4,8,4,5,11,2,10,10,3,9,11,6,6,8,9,9,6,6,10,10,0,6,3,2,8,8,2,6,9,7,9,3,11,2,4,0,5,5,5,2,6,10,8,11,10,0,9,9,2,10,2,11,7,10,7,0,11,2,7,6,4,11,9,0,5,6,6,3,6,0,2,10,2,2,3,10,6,6,7,6,7,0,0,3,0,4,5,6,4,6,6,0,0,10,4,11,4,10,10,11,4,4,8,5,8,10,11,0,6,11,5,8,9,6,0,9,11,10,4,0,6,8,5,8,6,6,9,9,3,11,4,2,10,9
7,2,2,2,2,3,5,9,6,8,5,0,0,4,11,9,5,9,5,6,0,3,11,11,4,10,0,7,7,9,10,10,7,7,11,11,2,7,4,3,9,9,3,7,10,8,10,4,0,3,5,2,6,6,6,3,7,11,9,0,11,2,10,10,3,11,3,0,8,11,8,2,0,3,8,7,5,0,10,2,6,7,7,4,7,2,3,11,3,3,4,11,7,7,8,7,8,2,2,4,2,5,6,7,5,7,7,2,2,11,5,0,5,11,11,0,5,5,9,6,9,11,0,2,7,0,6,9,10,7,2,10,0,11,5,2,7,9,6,9,7,7,10,10,4,0,5,3,11,10
8,3,3,3,3,4,6,10,7,9,6,2,2,5,0,10,6,10,6,7,2,4,0,0,5,11,2,8,8,10,11,11,8,8,0,0,3,8,5,4,10,10,4,8,11,9,11,5,2,4,6,3,7,7,7,4,8,0,10,2,0,3,11,11,4,0,4,2,9,0,9,3,2,4,9,8,6,2,11,3,7,8,8,5,8,3,4,0,4,4,5,0,8,8,9,8,9,3,3,5,3,6,7,8,6,8,8,3,3,0,6,2,6,0,0,2,6,6,10,7,10,0,2,3,8,2,7,10,11,8,3,11,2,0,6,3,8,10,7,10,8,8,11,11,5,2,6,4,0,11
9,4,4,4,4,5,7,11,8,10,7,3,3,6,2,11,7,11,7,8,3,5,2,2,6,0,3,9,9,11,0,0,9,9,2,2,4,9,6,5,11,11,5,9,0,10,0,6,3,5,7,4,8,8,8,5,9,2,11,3,2,4,0,0,5,2,5,3,10,2,10,4,3,5,10,9,7,3,0,4,8,9,9,6,9,4,5,2,5,5,6,2,9,9,10,9,10,4,4,6,4,7,8,9,7,9,9,4,4,2,7,3,7,2,2,3,7,7,11,8,11,2,3,4,9,3,8,11,0,9,4,0,3,2,7,4,9,11,8,11,9,9,0,0,6,3,7,5,2,0
10,5,5,5,5,6,8,0,9,11,8,4,4,7,3,0,8,0,8,9,4,6,3,3,7,2,4,10,10,0,2,2,10,10,3,3,5,10,7,6,0,0,6,10,2,11,2,7,4,6,8,5,9,9,9,6,10,3,0,4,3,5,2,2,6,3,6,4,11,3,11,5,4,6,11,10,8,4,2,5,9,10,10,7,10,5,6,3,6,6,7,3,10,10,11,10,11,5,5,7,5,8,9,10,8,10,10,5,5,3,8,4,8,3,3,4,8,8,0,9,0,3,4,5,10,4,9,0,2,10,5,2,4,3,8,5,10,0,9,0,10,10,2,2,7,4,8,6,3,2
11,6,6,6,6,7,9,2,10,0,9,5,5,8,4,2,9,2,9,10,5,7,4,4,8,3,5,11,11,2,3,3,11,11,4,4,6,11,8,7,2,2,7,11,3,0,3,8,5,7,9,6,10,10,10,7,11,4,2,5,4,6,3,3,7,4,7,5,0,4,0,6,5,7,0,11,9,5,3,6,10,11,11,8,11,6,7,4,7,7,8,4,11,11,0,11,0,6,6,8,6,9,10,11,9,11,11,6,6,4,9,5,9,4,4,5,9,9,2,10,2,4,5,6,11,5,10,2,3,11,6,3,5,4,9,6,11,2,10,2,11,11,3,3,8,5,9,7,4,3
0,7,7,7,7,8,10,3,11,2,10,6,6,9,5,3,10,3,10,11,6,8,5,5,9,4,6,0,0,3,4,4,0,0,5,5,7,0,9,8,3,3,8,0,4,2,4,9,6,8,10,7,11,11,11,8,0,5,3,6,5,7,4,4,8,5,8,6,2,5,2,7,6,8,2,0,10,6,4,7,11,0,0,9,0,7,8,5,8,8,9,5,0,0,2,0,2,7,7,9,7,10,11,0,10,0,0,7,7,5,10,6,10,5,5,6,10,10,3,11,3,5,6,7,0,6,11,3,4,0,7,4,6,5,10,7,0,3,11,3,0,0,4,4,9,6,10,8,5,4
2,8,8,8,8,9,11,4,0,3,11,7,7,10,6,4,11,4,11,0,7,9,6,6,10,5,7,2,2,4,5,5,2,2,6,6,8,2,10,9,4,4,9,2,5,3,5,10,7,9,11,8,0,0,0,9,2,6,4,7,6,8,5,5,9,6,9,7,3,6,3,8,7,9,3,2,11,7,5,8,0,2,2,10,2,8,9,6,9,9,10,6,2,2,3,2,3,8,8,10,8,11,0,2,11,2,2,8,8,6,11,7,11,6,6,7,11,11,4,0,4,6,7,8,2,7,0,4,5,2,8,5,7,6,11,8,2,4,0,4,2,2,5,5,10,7,11,9,6,5
3,9,9,9,9,10,0,5,2,4,0,8,8,11,7,5,0,5,0,2,8,10,7,7,11,6,8,3,3,5,6,6,3,3,7,7,9,3,11,10,5,5,10,3,6,4,6,11,8,10,0,9,2,2,2,10,3,7,5,8,7,9,6,6,10,7,10,8,4,7,4,9,8,10,4,3,0,8,6,9,2,3,3,11,3,9,10,7,10,10,11,7,3,3,4,3,4,9,9,11,9,0,2,3,0,3,3,9,9,7,0,8,0,7,7,8,0,0,5,2,5,7,8,9,3,8,2,5,6,3,9,6,8,7,0,9,3,5,2,5,3,3,6,6,11,8,0,10,7,6
4,10,10,10,10,11,2,6,3,5,2,9,9,0,8,6,2,6,2,3,9,11,8,8,0,7,9,4,4,6,7,7,4,4,8,8,10,4,0,11,6,6,11,4,7,5,7,0,9,11,2,10,3,3,3,11,4,8,6,9,8,10,7,7,11,8,11,9,5,8,5,10,9,11,5,4,2,9,7,10,3,4,4,0,4,10,11,8,11,11,0,8,4,4,5,4,5,10,10,0,10,2,3,4,2,4,4,10,10,8,2,9,2,8,8,9,2,2,6,3,6,8,9,10,4,9,3,6,7,4,10,7,9,8,2,10,4,6,3,6,4,4,7,7,0,9,2,11,8,7
5,11,11,11,11,0,3,7,4,6,3,10,10,2,9,7,3,7,3,4,10,0,9,9,2,8,10,5,5,7,8,8,5,5,9,9,11,5,2,0,7,7,0,5,8,6,8,2,10,0,3,11,4,4,4,0,5,9,7,10,9,11,8,8,0,9,0,10,6,9,6,11,10,0,6,5,3,10,8,11,4,5,5,2,5,11,0,9,0,0,2,9,5,5,6,5,6,11,11,2,11,3,4,5,3,5,5,11,11,9,3,10,3,9,9,10,3,3,7,4,7,9,10,11,5,10,4,7,8,5,11,8,10,9,3,11,5,7,4,7,5,5,8,8,2,10,3,0,9,8
6,0,0,0,0,2,4,8,5,7,4,11,11,3,10,8,4,8,4,5,11,2,10,10,3,9,11,6,6,8,9,9,6,6,10,10,0,6,3,2,8,8,2,6,9,7,9,3,11,2,4,0,5,5,5,2,6,10,8,11,10,0,9,9,2,10,2,11,7,10,7,0,11,2,7,6,4,11,9,0,5,6,6,3,6,0,2,10,2,2,3,10,6,6,7,6,7,0,0,3,0,4,5,6,4,6,6,0,0,10,4,11,4,10,10,11,4,4,8,5,8,10,11,0,6,11,5,8,9,6,0,9,11,10,4,0,6,8,5,8,6,6,9,9,3,11,4,2,10,9
7,2,2,2,2,3,5,9,6,8,5,0,0,4,11,9,5,9,5,6,0,3,11,11,4,10,0,7,7,9,10,10,7,7,11,11,2,7,4,3,9,9,3,7,10,8,10,4,0,3,5,2,6,6,6,3,7,11,9,0,11,2,10,10,3,11,3,0,8,11,8,2,0,3,8,7,5,0,10,2,6,7,7,4,7,2,3,11,3,3,4,11,7,7,8,7,8,2,2,4,2,5,6,7,5,7,7,2,2,11,5,0,5,11,11,0,5,5,9,6,9,11,0,2,7,0,6,9,10,7,2,10,0,11,5,2,7,9,6,9,7,7,10,10,4,0,5,3,11,10
8,3,3,3,3,4,6,10,7,9,6,2,2,5,0,10,6,10,6,7,2,4,0,0,5,11,2,8,8,10,11,11,8,8,0,0,3,8,5,4,10,10,4,8,11,9,11,5,2,4,6,3,7,7,7,4,8,0,10,2,0,3,11,11,4,0,4,2,9,0,9,3,2,4,9,8,6,2,11,3,7,8,8,5,8,3,4,0,4,4,5,0,8,8,9,8,9,3,3,5,3,6,7,8,6,8,8,3,3,0,6,2,6,0,0,2,6,6,10,7,10,0,2,3,8,2,7,10,11,8,3,11,2,0,6,3,8,10,7,10,8,8,11,11,5,2,6,4,0,11
9,4,4,4,4,5,7,11,8,10,7,3,3,6,2,11,7,11,7,8,3,5,2,2,6,0,3,9,9,11,0,0,9,9,2,2,4,9,6,5,11,11,5,9,0,10,0,6,3,5,7,4,8,8,8,5,9,2,11,3,2,4,0,0,5,2,5,3,10,2,10,4,3,5,10,9,7,3,0,4,8,9,9,6,9,4,5,2,5,5,6,2,9,9,10,9,10,4,4,6,4,7,8,9,7,9,9,4,4,2,7,3,7,2,2,3,7,7,11,8,11,2,3,4,9,3,8,11,0,9,4,0,3,2,7,4,9,11,8,11,9,9,0,0,6,3,7,5,2,0
10,5,5,5,5,6,8,0,9,11,8,4,4,7,3,0,8,0,8,9,4,6,3,3,7,2,4,10,10,0,2,2,10,10,3,3,5,10,7,6,0,0,6,10,2,11,2,7,4,6,8,5,9,9,9,6,10,3,0,4,3,5,2,2,6,3,6,4,11,3,11,5,4,6,11,10,8,4,2,5,9,10,10,7,10,5,6,3,6,6,7,3,10,10,11,10,11,5,5,7,5,8,9,10,8,10,10,5,5,3,8,4,8,3,3,4,8,8,0,9,0,3,4,5,10,4,9,0,2,10,5,2,4,3,8,5,10,0,9,0,10,10,2,2,7,4,8,6,3,2
11,6,6,6,6,7,9,2,10,0,9,5,5,8,4,2,9,2,9,10,5,7,4,4,8,3,5,11,11,2,3,3,11,11,4,4,6,11,8,7,2,2,7,11,3,0,3,8,5,7,9,6,10,10,10,7,11,4,2,5,4,6,3,3,7,4,7,5,0,4,0,6,5,7,0,11,9,5,3,6,10,11,11,8,11,6,7,4,7,7,8,4,11,11,0,11,0,6,6,8,6,9,10,11,9,11,11,6,6,4,9,5,9,4,4,5,9,9,2,10,2,4,5,6,11,5,10,2,3,11,6,3,5,4,9,6,11,2,10,2,11,11,3,3,8,5,9,7,4,3
0,7,7,7,7,8,10,3,11,2,10,6,6,9,5,3,10,3,10,11,6,8,5,5,9,4,6,0,0,3,4,4,0,0,5,5,7,0,9,8,3,3,8,0,4,2,4,9,6,8,10,7,11,11,11,8,0,5,3,6,5,7,4,4,8,5,8,6,2,5,2,7,6,8,2,0,10,6,4,7,11,0,0,9,0,7,8,5,8,8,9,5,0,0,2,0,2,7,7,9,7,10,11,0,10,0,0,7,7,5,10,6,10,5,5,6,10,10,3,11,3,5,6,7,0,6,11,3,4,0,7,4,6,5,10,7,0,3,11,3,0,0,4,4,9,6,10,8,5,4
2,8,8,8,8,9,11,4,0,3,11,7,7,10,6,4,11,4,11,0,7,9,6,6,10,5,7,2,2,4,5,5,2,2,6,6,8,2,10,9,4,4,9,2,5,3,5,10,7,9,11,8,0,0,0,9,2,6,4,7,6,8,5,5,9,6,9,7,3,6,3,8,7,9,3,2,11,7,5,8,0,2,2,10,2,8,9,6,9,9,10,6,2,2,3,2,3,8,8,10,8,11,0,2,11,2,2,8,8,6,11,7,11,6,6,7,11,11,4,0,4,6,7,8,2,7,0,4,5,2,8,5,7,6,11,8,2,4,0,4,2,2,5,5,10,7,11,9,6,5
3,9,9,9,9,10,0,5,2,4,0,8,8,11,7,5,0,5,0,2,8,10,7,7,11,6,8,3,3,5,6,6,3,3,7,7,9,3,11,10,5,5,10,3,6,4,6,11,8,10,0,9,2,2,2,10,3,7,5,8,7,9,6,6,10,7,10,8,4,7,4,9,8,10,4,3,0,8,6,9,2,3,3,11,3,9,10,7,10,10,11,7,3,3,4,3,4,9,9,11,9,0,2,3,0,3,3,9,9,7,0,8,0,7,7,8,0,0,5,2,5,7,8,9,3,8,2,5,6,3,9,6,8,7,0,9,3,5,2,5,3,3,6,6,11,8,0,10,7,6
4,10,10,10,10,11,2,6,3,5,2,9,9,0,8,6,2,6,2,3,9,11,8,8,0,7,9,4,4,6,7,7,4,4,8,8,10,4,0,11,6,6,11,4,7,5,7,0,9,11,2,10,3,3,3,11,4,8,6,9,8,10,7,7,11,8,11,9,5,8,5,10,9,11,5,4,2,9,7,10,3,4,4,0,4,10,11,8,11,11,0,8,4,4,5,4,5,10,10,0,10,2,3,4,2,4,4,10,10,8,2,9,2,8,8,9,2,2,6,3,6,8,9,10,4,9,3,6,7,4,10,7,9,8,2,10,4,6,3,6,4,4,7,7,0,9,2,11,8,7
5,11,11,11,11,0,3,7,4,6,3,10,10,2,9,7,3,7,3,4,10,0,9,9,2,8,10,5,5,7,8,8,5,5,9,9,11,5,2,0,7,7,0,5,8,6,8,2,10,0,3,11,4,4,4,0,5,9,7,10,9,11,8,8,0,9,0,10,6,9,6,11,10,0,6,5,3,10,8,11,4,5,5,2,5,11,0,9,0,0,2,9,5,5,6,5,6,11,11,2,11,3,4,5,3,5,5,11,11,9,3,10,3,9,9,10,3,3,7,4,7,9,10,11,5,10,4,7,8,5,11,8,10,9,3,11,5,7,4,7,5,5,8,8,2,10,3,0,9,8
6,0,0,0,0,2,4,8,5,7,4,11,11,3,10,8,4,8,4,5,11,2,10,10,3,9,11,6,6,8,9,9,6,6,10,10,0,6,3,2,8,8,2,6,9,7,9,3,11,2,4,0,5,5,5,2,6,10,8,11,10,0,9,9,2,10,2,11,7,10,7,0,11,2,7,6,4,11,9,0,5,6,6,3,6,0,2,10,2,2,3,10,6,6,7,6,7,0,0,3,0,4,5,6,4,6,6,0,0,10,4,11,4,10,10,11,4,4,8,5,8,10,11,0,6,11,5,8,9,6,0,9,11,10,4,0,6,8,5,8,6,6,9,9,3,11,4,2,10,9
7,2,2,2,2,3,5,9,6,8,5,0,0,4,11,9,5,9,5,6,0,3,11,11,4,10,0,7,7,9,10,10,7,7,11,11,2,7,4,3,9,9,3,7,10,8,10,4,0,3,5,2,6,6,6,3,7,11,9,0,11,2,10,10,3,11,3,0,8,11,8,2,0,3,8,7,5,0,10,2,6,7,7,4,7,2,3,11,3,3,4,11,7,7,8,7,8,2,2,4,2,5,6,7,5,7,7,2,2,11,5,0,5,11,11,0,5,5,9,6,9,11,0,2,7,0,6,9,10,7,2,10,0,11,5,2,7,9,6,9,7,7,10,10,4,0,5,3,11,10
8,3,3,3,3,4,6,10,7,9,6,2,2,5,0,10,6,10,6,7,2,4,0,0,5,11,2,8,8,10,11,11,8,8,0,0,3,8,5,4,10,10,4,8,11,9,11,5,2,4,6,3,7,7,7,4,8,0,10,2,0,3,11,11,4,0,4,2,9,0,9,3,2,4,9,8,6,2,11,3,7,8,8,5,8,3,4,0,4,4,5,0,8,8,9,8,9,3,3,5,3,6,7,8,6,8,8,3,3,0,6,2,6,0,0,2,6,6,10,7,10,0,2,3,8,2,7,10,11,8,3,11,2,0,6,3,8,10,7,10,8,8,11,11,5,2,6,4,0,11
9,4,4,4,4,5,7,11,8,10,7,3,3,6,2,11,7,11,7,8,3,5,2,2,6,0,3,9,9,11,0,0,9,9,2,2,4,9,6,5,11,11,5,9,0,10,0,6,3,5,7,4,8,8,8,5,9,2,11,3,2,4,0,0,5,2,5,3,10,2,10,4,3,5,10,9,7,3,0,4,8,9,9,6,9,4,5,2,5,5,6,2,9,9,10,9,10,4,4,6,4,7,8,9,7,9,9,4,4,2,7,3,7,2,2,3,7,7,11,8,11,2,3,4,9,3,8,11,0,9,4,0,3,2,7,4,9,11,8,11,9,9,0,0,6,3,7,5,2,0
10,5,5,5,5,6,8,0,9,11,8,4,4,7,3,0,8,0,8,9,4,6,3,3,7,2,4,10,10,0,2,2,10,10,3,3,5,10,7,6,0,0,6,10,2,11,2,7,4,6,8,5,9,9,9,6,10,3,0,4,3,5,2,2,6,3,6,4,11,3,11,5,4,6,11,10,8,4,2,5,9,10,10,7,10,5,6,3,6,6,7,3,10,10,11,10,11,5,5,7,5,8,9,10,8,10,10,5,5,3,8,4,8,3,3,4,8,8,0,9,0,3,4,5,10,4,9,0,2,10,5,2,4,3,8,5,10,0,9,0,10,10,2,2,7,4,8,6,3,2
11,6,6,6,6,7,9,2,10,0,9,5,5,8,4,2,9,2,9,10,5,7,4,4,8,3,5,11,11,2,3,3,11,11,4,4,6,11,8,7,2,2,7,11,3,0,3,8,5,7,9,6,10,10,10,7,11,4,2,5,4,6,3,3,7,4,7,5,0,4,0,6,5,7,0,11,9,5,3,6,10,11,11,8,11,6,7,4,7,7,8,4,11,11,0,11,0,6,6,8,6,9,10,11,9,11,11,6,6,4,9,5,9,4,4,5,9,9,2,10,2,4,5,6,11,5,10,2,3,11,6,3,5,4,9,6,11,2,10,2,11,11,3,3,8,5,9,7,4,3
0,7,7,7,7,8,10,3,11,2,10,6,6,9,5,3,10,3,10,11,6,8,5,5,9,4,6,0,0,3,4,4,0,0,5,5,7,0,9,8,3,3,8,0,4,2,4,9,6,8,10,7,11,11,11,8,0,5,3,6,5,7,4,4,8,5,8,6,2,5,2,7,6,8,2,0,10,6,4,7,11,0,0,9,0,7,8,5,8,8,9,5,0,0,2,0,2,7,7,9,7,10,11,0,10,0,0,7,7,5,10,6,10,5,5,6,10,10,3,11,3,5,6,7,0,6,11,3,4,0,7,4,6,5,10,7,0,3,11,3,0,0,4,4,9,6,10,8,5,4
2,8,8,8,8,9,11,4,0,3,11,7,7,10,6,4,11,4,11,0,7,9,6,6,10,5,7,2,2,4,5,5,2,2,6,6,8,2,10,9,4,4,9,2,5,3,5,10,7,9,11,8,0,0,0,9,2,6,4,7,6,8,5,5,9,6,9,7,3,6,3,8,7,9,3,2,11,7,5,8,0,2,2,10,2,8,9,6,9,9,10,6,2,2,3,2,3,8,8,10,8,11,0,2,11,2,2,8,8,6,11,7,11,6,6,7,11,11,4,0,4,6,7,8,2,7,0,4,5,2,8,5,7,6,11,8,2,4,0,4,2,2,5,5,10,7,11,9,6,5
3,9,9,9,9,10,0,5,2,4,0,8,8,11,7,5,0,5,0,2,8,10,7,7,11,6,8,3,3,5,6,6,3,3,7,7,9,3,11,10,5,5,10,3,6,4,6,11,8,10,0,9,2,2,2,10,3,7,5,8,7,9,6,6,10,7,10,8,4,7,4,9,8,10,4,3,0,8,6,9,2,3,3,11,3,9,10,7,10,10,11,7,3,3,4,3,4,9,9,11,9,0,2,3,0,3,3,9,9,7,0,8,0,7,7,8,0,0,5,2,5,7,8,9,3,8,2,5,6,3,9,6,8,7,0,9,3,5,2,5,3,3,6,6,11,8,0,10,7,6
4,10,10,10,10,11,2,6,3,5,2,9,9,0,8,6,2,6,2,3,9,11,8,8,0,7,9,4,4,6,7,7,4,4,8,8,10,4,0,11,6,6,11,4,7,5,7,0,9,11,2,10,3,3,3,11,4,8,6,9,8,10,7,7,11,8,11,9,5,8,5,10,9,11,5,4,2,9,7,10,3,4,4,0,4,10,11,8,11,11,0,8,4,4,5,4,5,10,10,0,10,2,3,4,2,4,4,10,10,8,2,9,2,8,8,9,2,2,6,3,6,8,9,10,4,9,3,6,7,4,10,7,9,8,2,10,4,6,3,6,4,4,7,7,0,9,2,11,8,7
5,11,11,11,11,0,3,7,4,6,3,10,10,2,9,7,3,7,3,4,10,0,9,9,2,8,10,5,5,7,8,8,5,5,9,9,11,5,2,0,7,7,0,5,8,6,8,2,10,0,3,11,4,4,4,0,5,9,7,10,9,11,8,8,0,9,0,10,6,9,6,11,10,0,6,5,3,10,8,11,4,5,5,2,5,11,0,9,0,0,2,9,5,5,6,5,6,11,11,2,11,3,4,5,3,5,5,11,11,9,3,10,3,9,9,10,3,3,7,4,7,9,10,11,5,10,4,7,8,5,11,8,10,9,3,11,5,7,4,7,5,5,8,8,2,10,3,0,9,8
6,0,0,0,0,2,4,8,5,7,4,11,11,3,10,8,4,8,4,5,11,2,10,10,3,9,11,6,6,8,9,9,6,6,10,10,0,6,3,2,8,8,2,6,9,7,9,3,11,2,4,0,5,5,5,2,6,10,8,11,10,0,9,9,2,10,2,11,7,10,7,0,11,2,7,6,4,11,9,0,5,6,6,3,6,0,2,10,2,2,3,10,6,6,7,6,7,0,0,3,0,4,5,6,4,6,6,0,0,10,4,11,4,10,10,11,4,4,8,5,8,10,11,0,6,11,5,8,9,6,0,9,11,10,4,0,6,8,5,8,6,6,9,9,3,11,4,2,10,9
7,2,2,2,2,3,5,9,6,8,5,0,0,4,11,9,5,9,5,6,0,3,11,11,4,10,0,7,7,9,10,10,7,7,11,11,2,7,4,3,9,9,3,7,10,8,10,4,0,3,5,2,6,6,6,3,7,11,9,0,11,2,10,10,3,11,3,0,8,11,8,2,0,3,8,7,5,0,10,2,6,7,7,4,7,2,3,11,3,3,4,11,7,7,8,7,8,2,2,4,2,5,6,7,5,7,7,2,2,11,5,0,5,11,11,0,5,5,9,6,9,11,0,2,7,0,6,9,10,7,2,10,0,11,5,2,7,9,6,9,7,7,10,10,4,0,5,3,11,10
8,3,3,3,3,4,6,10,7,9,6,2,2,5,0,10,6,10,6,7,2,4,0,0,5,11,2,8,8,10,11,11,8,8,0,0,3,8,5,4,10,10,4,8,11,9,11,5,2,4,6,3,7,7,7,4,8,0,10,2,0,3,11,11,4,0,4,2,9,0,9,3,2,4,9,8,6,2,11,3,7,8,8,5,8,3,4,0,4,4,5,0,8,8,9,8,9,3,3,5,3,6,7,8,6,8,8,3,3,0,6,2,6,0,0,2,6,6,10,7,10,0,2,3,8,2,7,10,11,8,3,11,2,0,6,3,8,10,7,10,8,8,11,11,5,2,6,4,0,11
9,4,4,4,4,5,7,11,8,10,7,3,3,6,2,11,7,11,7,8,3,5,2,2,6,0,3,9,9,11,0,0,9,9,2,2,4,9,6,5,11,11,5,9,0,10,0,6,3,5,7,4,8,8,8,5,9,2,11,3,2,4,0,0,5,2,5,3,10,2,10,4,3,5,10,9,7,3,0,4,8,9,9,6,9,4,5,2,5,5,6,2,9,9,10,9,10,4,4,6,4,7,8,9,7,9,9,4,4,2,7,3,7,2,2,3,7,7,11,8,11,2,3,4,9,3,8,11,0,9,4,0,3,2,7,4,9,11,8,11,9,9,0,0,6,3,7,5,2,0
10,5,5,5,5,6,8,0,9,11,8,4,4,7,3,0,8,0,8,9,4,6,3,3,7,2,4,10,10,0,2,2,10,10,3,3,5,10,7,6,0,0,6,10,2,11,2,7,4,6,8,5,9,9,9,6,10,3,0,4,3,5,2,2,6,3,6,4,11,3,11,5,4,6,11,10,8,4,2,5,9,10,10,7,10,5,6,3,6,6,7,3,10,10,11,10,11,5,5,7,5,8,9,10,8,10,10,5,5,3,8,4,8,3,3,4,8,8,0,9,0,3,4,5,10,4,9,0,2,10,5,2,4,3,8,5,10,0,9,0,10,10,2,2,7,4,8,6,3,2
11,6,6,6,6,7,9,2,10,0,9,5,5,8,4,2,9,2,9,10,5,7,4,4,8,3,5,11,11,2,3,3,11,11,4,4,6,11,8,7,2,2,7,11,3,0,3,8,5,7,9,6,10,10,10,7,11,4,2,5,4,6,3,3,7,4,7,5,0,4,0,6,5,7,0,11,9,5,3,6,10,11,11,8,11,6,7,4,7,7,8,4,11,11,0,11,0,6,6,8,6,9,10,11,9,11,11,6,6,4,9,5,9,4,4,5,9,9,2,10,2,4,5,6,11,5,10,2,3,11,6,3,5,4,9,6,11,2,10,2,11,11,3,3,8,5,9,7,4,3
0,7,7,7,7,8,10,3,11,2,10,6,6,9,5,3,10,3,10,11,6,8,5,5,9,4,6,0,0,3,4,4,0,0,5,5,7,0,9,8,3,3,8,0,4,2,4,9,6,8,10,7,11,11,11,8,0,5,3,6,5,7,4,4,8,5,8,6,2,5,2,7,6,8,2,0,10,6,4,7,11,0,0,9,0,7,8,5,8,8,9,5,0,0,2,0,2,7,7,9,7,10,11,0,10,0,0,7,7,5,10,6,10,5,5,6,10,10,3,11,3,5,6,7,0,6,11,3,4,0,7,4,6,5,10,7,0,3,11,3,0,0,4,4,9,6,10,8,5,4
2,8,8,8,8,9,11,4,0,3,11,7,7,10,6,4,11,4,11,0,7,9,6,6,10,5,7,2,2,4,5,5,2,2,6,6,8,2,10,9,4,4,9,2,5,3,5,10,7,9,11,8,0,0,0,9,2,6,4,7,6,8,5,5,9,6,9,7,3,6,3,8,7,9,3,2,11,7,5,8,0,2,2,10,2,8,9,6,9,9,10,6,2,2,3,2,3,8,8,10,8,11,0,2,11,2,2,8,8,6,11,7,11,6,6,7,11,11,4,0,4,6,7,8,2,7,0,4,5,2,8,5,7,6,11,8,2,4,0,4,2,2,5,5,10,7,11,9,6,5
3,9,9,9,9,10,0,5,2,4,0,8,8,11,7,5,0,5,0,2,8,10,7,7,11,6,8,3,3,5,6,6,3,3,7,7,9,3,11,10,5,5,10,3,6,4,6,11,8,10,0,9,2,2,2,10,3,7,5,8,7,9,6,6,10,7,10,8,4,7,4,9,8,10,4,3,0,8,6,9,2,3,3,11,3,9,10,7,10,10,11,7,3,3,4,3,4,9,9,11,9,0,2,3,0,3,3,9,9,7,0,8,0,7,7,8,0,0,5,2,5,7,8,9,3,8,2,5,6,3,9,6,8,7,0,9,3,5,2,5,3,3,6,6,11,8,0,10,7,6
4,10,10,10,10,11,2,6,3,5,2,9,9,0,8,6,2,6,2,3,9,11,8,8,0,7,9,4,4,6,7,7,4,4,8,8,10,4,0,11,6,6,11,4,7,5,7,0,9,11,2,10,3,3,3,11,4,8,6,9,8,10,7,7,11,8,11,9,5,8,5,10,9,11,5,4,2,9,7,10,3,4,4,0,4,10,11,8,11,11,0,8,4,4,5,4,5,10,10,0,10,2,3,4,2,4,4,10,10,8,2,9,2,8,8,9,2,2,6,3,6,8,9,10,4,9,3,6,7,4,10,7,9,8,2,10,4,6,3,6,4,4,7,7,0,9,2,11,8,7
5,11,11,11,11,0,3,7,4,6,3,10,10,2,9,7,3,7,3,4,10,0,9,9,2,8,10,5,5,7,8,8,5,5,9,9,11,5,2,0,7,7,0,5,8,6,8,2,10,0,3,11,4,4,4,0,5,9,7,10,9,11,8,8,0,9,0,10,6,9,6,11,10,0,6,5,3,10,8,11,4,5,5,2,5,11,0,9,0,0,2,9,5,5,6,5,6,11,11,2,11,3,4,5,3,5,5,11,11,9,3,10,3,9,9,10,3,3,7,4,7,9,10,11,5,10,4,7,8,5,11,8,10,9,3,11,5,7,4,7,5,5,8,8,2,10,3,0,9,8
6,0,0,0,0,2,4,8,5,7,4,11,11,3,10,8,4,8,4,5,11,2,10,10,3,9,11,6,6,8,9,9,6,6,10,10,0,6,3,2,8,8,2,6,9,7,9,3,11,2,4,0,5,5,5,2,6,10,8,11,10,0,9,9,2,10,2,11,7,10,7,0,11,2,7,6,4,11,9,0,5,6,6,3,6,0,2,10,2,2,3,10,6,6,7,6,7,0,0,3,0,4,5,6,4,6,6,0,0,10,4,11,4,10,10,11,4,4,8,5,8,10,11,0,6,11,5,8,9,6,0,9,11,10,4,0,6,8,5,8,6,6,9,9,3,11,4,2,10,9
7,2,2,2,2,3,5,9,6,8,5,0,0,4,11,9,5,9,5,6,0,3,11,11,4,10,0,7,7,9,10,10,7,7,11,11,2,7,4,3,9,9,3,7,10,8,10,4,0,3,5,2,6,6,6,3,7,11,9,0,11,2,10,10,3,11,3,0,8,11,8,2,0,3,8,7,5,0,10,2,6,7,7,4,7,2,3,11,3,3,4,11,7,7,8,7,8,2,2,4,2,5,6,7,5,7,7,2,2,11,5,0,5,11,11,0,5,5,9,6,9,11,0,2,7,0,6,9,10,7,2,10,0,11,5,2,7,9,6,9,7,7,10,10,4,0,5,3,11,10
8,3,3,3,3,4,6,10,7,9,6,2,2,5,0,10,6,10,6,7,2,4,0,0,5,11,2,8,8,10,11,11,8,8,0,0,3,8,5,4,10,10,4,8,11,9,11,5,2,4,6,3,7,7,7,4,8,0,10,2,0,3,11,11,4,0,4,2,9,0,9,3,2,4,9,8,6,2,11,3,7,8,8,5,8,3,4,0,4,4,5,0,8,8,9,8,9,3,3,5,3,6,7,8,6,8,8,3,3,0,6,2,6,0,0,2,6,6,10,7,10,0,2,3,8,2,7,10,11,8,3,11,2,0,6,3,8,10,7,10,8,8,11,11,5,2,6,4,0,11
9,4,4,4,4,5,7,11,8,10,7,3,3,6,2,11,7,11,7,8,3,5,2,2,6,0,3,9,9,11,0,0,9,9,2,2,4,9,6,5,11,11,5,9,0,10,0,6,3,5,7,4,8,8,8,5,9,2,11,3,2,4,0,0,5,2,5,3,10,2,10,4,3,5,10,9,7,3,0,4,8,9,9,6,9,4,5,2,5,5,6,2,9,9,10,9,10,4,4,6,4,7,8,9,7,9,9,4,4,2,7,3,7,2,2,3,7,7,11,8,11,2,3,4,9,3,8,11,0,9,4,0,3,2,7,4,9,11,8,11,9,9,0,0,6,3,7,5,2,0
10,5,5,5,5,6,8,0,9,11,8,4,4,7,3,0,8,0,8,9,4,6,3,3,7,2,4,10,10,0,2,2,10,10,3,3,5,10,7,6,0,0,6,10,2,11,2,7,4,6,8,5,9,9,9,6,10,3,0,4,3,5,2,2,6,3,6,4,11,3,11,5,4,6,11,10,8,4,2,5,9,10,10,7,10,5,6,3,6,6,7,3,10,10,11,10,11,5,5,7,5,8,9,10,8,10,10,5,5,3,8,4,8,3,3,4,8,8,0,9,0,3,4,5,10,4,9,0,2,10,5,2,4,3,8,5,10,0,9,0,10,10,2,2,7,4,8,6,3,2
11,6,6,6,6,7,9,2,10,0,9,5,5,8,4,2,9,2,9,10,5,7,4,4,8,3,5,11,11,2,3,3,11,11,4,4,6,11,8,7,2,2,7,11,3,0,3,8,5,7,9,6,10,10,10,7,11,4,2,5,4,6,3,3,7,4,7,5,0,4,0,6,5,7,0,11,9,5,3,6,10,11,11,8,11,6,7,4,7,7,8,4,11,11,0,11,0,6,6,8,6,9,10,11,9,11,11,6,6,4,9,5,9,4,4,5,9,9,2,10,2,4,5,6,11,5,10,2,3,11,6,3,5,4,9,6,11,2,10,2,11,11,3,3,8,5,9,7,4,3
0,7,7,7,7,8,10,3,11,2,10,6,6,9,5,3,10,3,10,11,6,8,5,5,9,4,6,0,0,3,4,4,0,0,5,5,7,0,9,8,3,3,8,0,4,2,4,9,6,8,10,7,11,11,11,8,0,5,3,6,5,7,4,4,8,5,8,6,2,5,2,7,6,8,2,0,10,6,4,7,11,0,0,9,0,7,8,5,8,8,9,5,0,0,2,0,2,7,7,9,7,10,11,0,10,0,0,7,7,5,10,6,10,5,5,6,10,10,3,11,3,5,6,7,0,6,11,3,4,0,7,4,6,5,10,7,0,3,11,3,0,0,4,4,9,6,10,8,5,4
2,8,8,8,8,9,11,4,0,3,11,7,7,10,6,4,11,4,11,0,7,9,6,6,10,5,7,2,2,4,5,5,2,2,6,6,8,2,10,9,4,4,9,2,5,3,5,10,7,9,11,8,0,0,0,9,2,6,4,7,6,8,5,5,9,6,9,7,3,6,3,8,7,9,3,2,11,7,5,8,0,2,2,10,2,8,9,6,9,9,10,6,2,2,3,2,3,8,8,10,8,11,0,2,11,2,2,8,8,6,11,7,11,6,6,7,11,11,4,0,4,6,7,8,2,7,0,4,5,2,8,5,7,6,11,8,2,4,0,4,2,2,5,5,10,7,11,9,6,5
3,9,9,9,9,10,0,5,2,4,0,8,8,11,7,5,0,5,0,2,8,10,7,7,11,6,8,3,3,5,6,6,3,3,7,7,9,3,11,10,5,5,10,3,6,4,6,11,8,10,0,9,2,2,2,10,3,7,5,8,7,9,6,6,10,7,10,8,4,7,4,9,8,10,4,3,0,8,6,9,2,3,3,11,3,9,10,7,10,10,11,7,3,3,4,3,4,9,9,11,9,0,2,3,0,3,3,9,9,7,0,8,0,7,7,8,0,0,5,2,5,7,8,9,3,8,2,5,6,3,9,6,8,7,0,9,3,5,2,5,3,3,6,6,11,8,0,10,7,6
4,10,10,10,10,11,2,6,3,5,2,9,9,0,8,6,2,6,2,3,9,11,8,8,0,7,9,4,4,6,7,7,4,4,8,8,10,4,0,11,6,6,11,4,7,5,7,0,9,11,2,10,3,3,3,11,4,8,6,9,8,10,7,7,11,8,11,9,5,8,5,10,9,11,5,4,2,9,7,10,3,4,4,0,4,10,11,8,11,11,0,8,4,4,5,4,5,10,10,0,10,2,3,4,2,4,4,10,10,8,2,9,2,8,8,9,2,2,6,3,6,8,9,10,4,9,3,6,7,4,10,7,9,8,2,10,4,6,3,6,4,4,7,7,0,9,2,11,8,7
5,11,11,11,11,0,3,7,4,6,3,10,10,2,9,7,3,7,3,4,10,0,9,9,2,8,10,5,5,7,8,8,5,5,9,9,11,5,2,0,7,7,0,5,8,6,8,2,10,0,3,11,4,4,4,0,5,9,7,10,9,11,8,8,0,9,0,10,6,9,6,11,10,0,6,5,3,10,8,11,4,5,5,2,5,11,0,9,0,0,2,9,5,5,6,5,6,11,11,2,11,3,4,5,3,5,5,11,11,9,3,10,3,9,9,10,3,3,7,4,7,9,10,11,5,10,4,7,8,5,11,8,10,9,3,11,5,7,4,7,5,5,8,8,2,10,3,0,9,8
6,0,0,0,0,2,4,8,5,7,4,11,11,3,10,8,4,8,4,5,11,2,10,10,3,9,11,6,6,8,9,9,6,6,10,10,0,6,3,2,8,8,2,6,9,7,9,3,11,2,4,0,5,5,5,2,6,10,8,11,10,0,9,9,2,10,2,11,7,10,7,0,11,2,7,6,4,11,9,0,5,6,6,3,6,0,2,10,2,2,3,10,6,6,7,6,7,0,0,3,0,4,5,6,4,6,6,0,0,10,4,11,4,10,10,11,4,4,8,5,8,10,11,0,6,11,5,8,9,6,0,9,11,10,4,0,6,8,5,8,6,6,9,9,3,11,4,2,10,9
7,2,2,2,2,3,5,9,6,8,5,0,0,4,11,9,5,9,5,6,0,3,11,11,4,10,0,7,7,9,10,10,7,7,11,11,2,7,4,3,9,9,3,7,10,8,10,4,0,3,5,2,6,6,6,3,7,11,9,0,11,2,10,10,3,11,3,0,8,11,8,2,0,3,8,7,5,0,10,2,6,7,7,4,7,2,3,11,3,3,4,11,7,7,8,7,8,2,2,4,2,5,6,7,5,7,7,2,2,11,5,0,5,11,11,0,5,5,9,6,9,11,0,2,7,0,6,9,10,7,2,10,0,11,5,2,7,9,6,9,7,7,10,10,4,0,5,3,11,10
8,3,3,3,3,4,6,10,7,9,6,2,2,5,0,10,6,10,6,7,2,4,0,0,5,11,2,8,8,10,11,11,8,8,0,0,3,8,5,4,10,10,4,8,11,9,11,5,2,4,6,3,7,7,7,4,8,0,10,2,0,3,11,11,4,0,4,2,9,0,9,3,2,4,9,8,6,2,11,3,7,8,8,5,8,3,4,0,4,4,5,0,8,8,9,8,9,3,3,5,3,6,7,8,6,8,8,3,3,0,6,2,6,0,0,2,6,6,10,7,10,0,2,3,8,2,7,10,11,8,3,11,2,0,6,3,8,10,7,10,8,8,11,11,5,2,6,4,0,11
9,4,4,4,4,5,7,11,8,10,7,3,3,6,2,11,7,11,7,8,3,5,2,2,6,0,3,9,9,11,0,0,9,9,2,2,4,9,6,5,11,11,5,9,0,10,0,6,3,5,7,4,8,8,8,5,9,2,11,3,2,4,0,0,5,2,5,3,10,2,10,4,3,5,10,9,7,3,0,4,8,9,9,6,9,4,5,2,5,5,6,2,9,9,10,9,10,4,4,6,4,7,8,9,7,9,9,4,4,2,7,3,7,2,2,3,7,7,11,8,11,2,3,4,9,3,8,11,0,9,4,0,3,2,7,4,9,11,8,11,9,9,0,0,6,3,7,5,2,0
10,5,5,5,5,6,8,0,9,11,8,4,4,7,3,0,8,0,8,9,4,6,3,3,7,2,4,10,10,0,2,2,10,10,3,3,5,10,7,6,0,0,6,10,2,11,2,7,4,6,8,5,9,9,9,6,10,3,0,4,3,5,2,2,6,3,6,4,11,3,11,5,4,6,11,10,8,4,2,5,9,10,10,7,10,5,6,3,6,6,7,3,10,10,11,10,11,5,5,7,5,8,9,10,8,10,10,5,5,3,8,4,8,3,3,4,8,8,0,9,0,3,4,5,10,4,9,0,2,10,5,2,4,3,8,5,10,0,9,0,10,10,2,2,7,4,8,6,3,2
11,6,6,6,6,7,9,2,10,0,9,5,5,8,4,2,9,2,9,10,5,7,4,4,8,3,5,11,11,2,3,3,11,11,4,4,6,11,8,7,2,2,7,11,3,0,3,8,5,7,9,6,10,10,10,7,11,4,2,5,4,6,3,3,7,4,7,5,0,4,0,6,5,7,0,11,9,5,3,6,10,11,11,8,11,6,7,4,7,7,8,4,11,11,0,11,0,6,6,8,6,9,10,11,9,11,11,6,6,4,9,5,9,4,4,5,9,9,2,10,2,4,5,6,11,5,10,2,3,11,6,3,5,4,9,6,11,2,10,2,11,11,3,3,8,5,9,7,4,3
0,7,7,7,7,8,10,3,11,2,10,6,6,9,5,3,10,3,10,11,6,8,5,5,9,4,6,0,0,3,4,4,0,0,5,5,7,0,9,8,3,3,8,0,4,2,4,9,6,8,10,7,11,11,11,8,0,5,3,6,5,7,4,4,8,5,8,6,2,5,2,7,6,8,2,0,10,6,4,7,11,0,0,9,0,7,8,5,8,8,9,5,0,0,2,0,2,7,7,9,7,10,11,0,10,0,0,7,7,5,10,6,10,5,5,6,10,10,3,11,3,5,6,7,0,6,11,3,4,0,7,4,6,5,10,7,0,3,11,3,0,0,4,4,9,6,10,8,5,4
2,8,8,8,8,9,11,4,0,3,11,7,7,10,6,4,11,4,11,0,7,9,6,6,10,5,7,2,2,4,5,5,2,2,6,6,8,2,10,9,4,4,9,2,5,3,5,10,7,9,11,8,0,0,0,9,2,6,4,7,6,8,5,5,9,6,9,7,3,6,3,8,7,9,3,2,11,7,5,8,0,2,2,10,2,8,9,6,9,9,10,6,2,2,3,2,3,8,8,10,8,11,0,2,11,2,2,8,8,6,11,7,11,6,6,7,11,11,4,0,4,6,7,8,2,7,0,4,5,2,8,5,7,6,11,8,2,4,0,4,2,2,5,5,10,7,11,9,6,5
3,9,9,9,9,10,0,5,2,4,0,8,8,11,7,5,0,5,0,2,8,10,7,7,11,6,8,3,3,5,6,6,3,3,7,7,9,3,11,10,5,5,10,3,6,4,6,11,8,10,0,9,2,2,2,10,3,7,5,8,7,9,6,6,10,7,10,8,4,7,4,9,8,10,4,3,0,8,6,9,2,3,3,11,3,9,10,7,10,10,11,7,3,3,4,3,4,9,9,11,9,0,2,3,0,3,3,9,9,7,0,8,0,7,7,8,0,0,5,2,5,7,8,9,3,8,2,5,6,3,9,6,8,7,0,9,3,5,2,5,3,3,6,6,11,8,0,10,7,6
4,10,10,10,10,11,2,6,3,5,2,9,9,0,8,6,2,6,2,3,9,11,8,8,0,7,9,4,4,6,7,7,4,4,8,8,10,4,0,11,6,6,11,4,7,5,7,0,9,11,2,10,3,3,3,11,4,8,6,9,8,10,7,7,11,8,11,9,5,8,5,10,9,11,5,4,2,9,7,10,3,4,4,0,4,10,11,8,11,11,0,8,4,4,5,4,5,10,10,0,10,2,3,4,2,4,4,10,10,8,2,9,2,8,8,9,2,2,6,3,6,8,9,10,4,9,3,6,7,4,10,7,9,8,2,10,4,6,3,6,4,4,7,7,0,9,2,11,8,7
5,11,11,11,11,0,3,7,4,6,3,10,10,2,9,7,3,7,3,4,10,0,9,9,2,8,10,5,5,7,8,8,5,5,9,9,11,5,2,0,7,7,0,5,8,6,8,2,10,0,3,11,4,4,4,0,5,9,7,10,9,11,8,8,0,9,0,10,6,9,6,11,10,0,6,5,3,10,8,11,4,5,5,2,5,11,0,9,0,0,2,9,5,5,6,5,6,11,11,2,11,3,4,5,3,5,5,11,11,9,3,10,3,9,9,10,3,3,7,4,7,9,10,11,5,10,4,7,8,5,11,8,10,9,3,11,5,7,4,7,5,5,8,8,2,10,3,0,9,8
6,0,0,0,0,2,4,8,5,7,4,11,11,3,10,8,4,8,4,5,11,2,10,10,3,9,11,6,6,8,9,9,6,6,10,10,0,6,3,2,8,8,2,6,9,7,9,3,11,2,4,0,5,5,5,2,6,10,8,11,10,0,9,9,2,10,2,11,7,10,7,0,11,2,7,6,4,11,9,0,5,6,6,3,6,0,2,10,2,2,3,10,6,6,7,6,7,0,0,3,0,4,5,6,4,6,6,0,0,10,4,11,4,10,10,11,4,4,8,5,8,10,11,0,6,11,5,8,9,6,0,9,11,10,4,0,6,8,5,8,6,6,9,9,3,11,4,2,10,9
7,2,2,2,2,3,5,9,6,8,5,0,0,4,11,9,5,9,5,6,0,3,11,11,4,10,0,7,7,9,10,10,7,7,11,11,2,7,4,3,9,9,3,7,10,8,10,4,0,3,5,2,6,6,6,3,7,11,9,0,11,2,10,10,3,11,3,0,8,11,8,2,0,3,8,7,5,0,10,2,6,7,7,4,7,2,3,11,3,3,4,11,7,7,8,7,8,2,2,4,2,5,6,7,5,7,7,2,2,11,5,0,5,11,11,0,5,5,9,6,9,11,0,2,7,0,6,9,10,7,2,10,0,11,5,2,7,9,6,9,7,7,10,10,4,0,5,3,11,10
8,3,3,3,3,4,6,10,7,9,6,2,2,5,0,10,6,10,6,7,2,4,0,0,5,11,2,8,8,10,11,11,8,8,0,0,3,8,5,4,10,10,4,8,11,9,11,5,2,4,6,3,7,7,7,4,8,0,10,2,0,3,11,11,4,0,4,2,9,0,9,3,2,4,9,8,6,2,11,3,7,8,8,5,8,3,4,0,4,4,5,0,8,8,9,8,9,3,3,5,3,6,7,8,6,8,8,3,3,0,6,2,6,0,0,2,6,6,10,7,10,0,2,3,8,2,7,10,11,8,3,11,2,0,6,3,8,10,7,10,8,8,11,11,5,2,6,4,0,11
9,4,4,4,4,5,7,11,8,10,7,3,3,6,2,11,7,11,7,8,3,5,2,2,6,0,3,9,9,11,0,0,9,9,2,2,4,9,6,5,11,11,5,9,0,10,0,6,3,5,7,4,8,8,8,5,9,2,11,3,2,4,0,0,5,2,5,3,10,2,10,4,3,5,10,9,7,3,0,4,8,9,9,6,9,4,5,2,5,5,6,2,9,9,10,9,10,4,4,6,4,7,8,9,7,9,9,4,4,2,7,3,7,2,2,3,7,7,11,8,11,2,3,4,9,3,8,11,0,9,4,0,3,2,7,4,9,11,8,11,9,9,0,0,6,3,7,5,2,0
10,5,5,5,5,6,8,0,9,11,8,4,4,7,3,0,8,0,8,9,4,6,3,3,7,2,4,10,10,0,2,2,10,10,3,3,5,10,7,6,0,0,6,10,2,11,2,7,4,6,8,5,9,9,9,6,10,3,0,4,3,5,2,2,6,3,6,4,11,3,11,5,4,6,11,10,8,4,2,5,9,10,10,7,10,5,6,3,6,6,7,3,10,10,11,10,11,5,5,7,5,8,9,10,8,10,10,5,5,3,8,4,8,3,3,4,8,8,0,9,0,3,4,5,10,4,9,0,2,10,5,2,4,3,8,5,10,0,9,0,10,10,2,2,7,4,8,6,3,2
11,6,6,6,6,7,9,2,10,0,9,5,5,8,4,2,9,2,9,10,5,7,4,4,8,3,5,11,11,2,3,3,11,11,4,4,6,11,8,7,2,2,7,11,3,0,3,8,5,7,9,6,10,10,10,7,11,4,2,5,4,6,3,3,7,4,7,5,0,4,0,6,5,7,0,11,9,5,3,6,10,11,11,8,11,6,7,4,7,7,8,4,11,11,0,11,0,6,6,8,6,9,10,11,9,11,11,6,6,4,9,5,9,4,4,5,9,9,2,10,2,4,5,6,11,5,10,2,3,11,6,3,5,4,9,6,11,2,10,2,11,11,3,3,8,5,9,7,4,3
0,7,7,7,7,8,10,3,11,2,10,6,6,9,5,3,10,3,10,11,6,8,5,5,9,4,6,0,0,3,4,4,0,0,5,5,7,0,9,8,3,3,8,0,4,2,4,9,6,8,10,7,11,11,11,8,0,5,3,6,5,7,4,4,8,5,8,6,2,5,2,7,6,8,2,0,10,6,4,7,11,0,0,9,0,7,8,5,8,8,9,5,0,0,2,0,2,7,7,9,7,10,11,0,10,0,0,7,7,5,10,6,10,5,5,6,10,10,3,11,3,5,6,7,0,6,11,3,4,0,7,4,6,5,10,7,0,3,11,3,0,0,4,4,9,6,10,8,5,4
2,8,8,8,8,9,11,4,0,3,11,7,7,10,6,4,11,4,11,0,7,9,6,6,10,5,7,2,2,4,5,5,2,2,6,6,8,2,10,9,4,4,9,2,5,3,5,10,7,9,11,8,0,0,0,9,2,6,4,7,6,8,5,5,9,6,9,7,3,6,3,8,7,9,3,2,11,7,5,8,0,2,2,10,2,8,9,6,9,9,10,6,2,2,3,2,3,8,8,10,8,11,0,2,11,2,2,8,8,6,11,7,11,6,6,7,11,11,4,0,4,6,7,8,2,7,0,4,5,2,8,5,7,6,11,8,2,4,0,4,2,2,5,5,10,7,11,9,6,5
3,9,9,9,9,10,0,5,2,4,0,8,8,11,7,5,0,5,0,2,8,10,7,7,11,6,8,3,3,5,6,6,3,3,7,7,9,3,11,10,5,5,10,3,6,4,6,11,8,10,0,9,2,2,2,10,3,7,5,8,7,9,6,6,10,7,10,8,4,7,4,9,8,10,4,3,0,8,6,9,2,3,3,11,3,9,10,7,10,10,11,7,3,3,4,3,4,9,9,11,9,0,2,3,0,3,3,9,9,7,0,8,0,7,7,8,0,0,5,2,5,7,8,9,3,8,2,5,6,3,9,6,8,7,0,9,3,5,2,5,3,3,6,6,11,8,0,10,7,6
4,10,10,10,10,11,2,6,3,5,2,9,9,0,8,6,2,6,2,3,9,11,8,8,0,7,9,4,4,6,7,7,4,4,8,8,10,4,0,11,6,6,11,4,7,5,7,0,9,11,2,10,3,3,3,11,4,8,6,9,8,10,7,7,11,8,11,9,5,8,5,10,9,11,5,4,2,9,7,10,3,4,4,0,4,10,11,8,11,11,0,8,4,4,5,4,5,10,10,0,10,2,3,4,2,4,4,10,10,8,2,9,2,8,8,9,2,2,6,3,6,8,9,10,4,9,3,6,7,4,10,7,9,8,2,10,4,6,3,6,4,4,7,7,0,9,2,11,8,7
5,11,11,11,11,0,3,7,4,6,3,10,10,2,9,7,3,7,3,4,10,0,9,9,2,8,10,5,5,7,8,8,5,5,9,9,11,5,2,0,7,7,0,5,8,6,8,2,10,0,3,11,4,4,4,0,5,9,7,10,9,11,8,8,0,9,0,10,6,9,6,11,10,0,6,5,3,10,8,11,4,5,5,2,5,11,0,9,0,0,2,9,5,5,6,5,6,11,11,2,11,3,4,5,3,5,5,11,11,9,3,10,3,9,9,10,3,3,7,4,7,9,10,11,5,10,4,7,8,5,11,8,10,9,3,11,5,7,4,7,5,5,8,8,2,10,3,0,9,8
6,0,0,0,0,2,4,8,5,7,4,11,11,3,10,8,4,8,4,5,11,2,10,10,3,9,11,6,6,8,9,9,6,6,10,10,0,6,3,2,8,8,2,6,9,7,9,3,11,2,4,0,5,5,5,2,6,10,8,11,10,0,9,9,2,10,2,11,7,10,7,0,11,2,7,6,4,11,9,0,5,6,6,3,6,0,2,10,2,2,3,10,6,6,7,6,7,0,0,3,0,4,5,6,4,6,6,0,0,10,4,11,4,10,10,11,4,4,8,5,8,10,11,0,6,11,5,8,9,6,0,9,11,10,4,0,6,8,5,8,6,6,9,9,3,11,4,2,10,9
7,2,2,2,2,3,5,9,6,8,5,0,0,4,11,9,5,9,5,6,0,3,11,11,4,10,0,7,7,9,10,10,7,7,11,11,2,7,4,3,9,9,3,7,10,8,10,4,0,3,5,2,6,6,6,3,7,11,9,0,11,2,10,10,3,11,3,0,8,11,8,2,0,3,8,7,5,0,10,2,6,7,7,4,7,2,3,11,3,3,4,11,7,7,8,7,8,2,2,4,2,5,6,7,5,7,7,2,2,11,5,0,5,11,11,0,5,5,9,6,9,11,0,2,7,0,6,9,10,7,2,10,0,11,5,2,7,9,6,9,7,7,10,10,4,0,5,3,11,10
8,3,3,3,3,4,6,10,7,9,6,2,2,5,0,10,6,10,6,7,2,4,0,0,5,11,2,8,8,10,11,11,8,8,0,0,3,8,5,4,10,10,4,8,11,9,11,5,2,4,6,3,7,7,7,4,8,0,10,2,0,3,11,11,4,0,4,2,9,0,9,3,2,4,9,8,6,2,11,3,7,8,8,5,8,3,4,0,4,4,5,0,8,8,9,8,9,3,3,5,3,6,7,8,6,8,8,3,3,0,6,2,6,0,0,2,6,6,10,7,10,0,2,3,8,2,7,10,11,8,3,11,2,0,6,3,8,10,7,10,8,8,11,11,5,2,6,4,0,11
9,4,4,4,4,5,7,11,8,10,7,3,3,6,2,11,7,11,7,8,3,5,2,2,6,0,3,9,9,11,0,0,9,9,2,2,4,9,6,5,11,11,5,9,0,10,0,6,3,5,7,4,8,8,8,5,9,2,11,3,2,4,0,0,5,2,5,3,10,2,10,4,3,5,10,9,7,3,0,4,8,9,9,6,9,4,5,2,5,5,6,2,9,9,10,9,10,4,4,6,4,7,8,9,7,9,9,4,4,2,7,3,7,2,2,3,7,7,11,8,11,2,3,4,9,3,8,11,0,9,4,0,3,2,7,4,9,11,8,11,9,9,0,0,6,3,7,5,2,0
10,5,5,5,5,6,8,0,9,11,8,4,4,7,3,0,8,0,8,9,4,6,3,3,7,2,4,10,10,0,2,2,10,10,3,3,5,10,7,6,0,0,6,10,2,11,2,7,4,6,8,5,9,9,9,6,10,3,0,4,3,5,2,2,6,3,6,4,11,3,11,5,4,6,11,10,8,4,2,5,9,10,10,7,10,5,6,3,6,6,7,3,10,10,11,10,11,5,5,7,5,8,9,10,8,10,10,5,5,3,8,4,8,3,3,4,8,8,0,9,0,3,4,5,10,4,9,0,2,10,5,2,4,3,8,5,10,0,9,0,10,10,2,2,7,4,8,6,3,2
11,6,6,6,6,7,9,2,10,0,9,5,5,8,4,2,9,2,9,10,5,7,4,4,8,3,5,11,11,2,3,3,11,11,4,4,6,11,8,7,2,2,7,11,3,0,3,8,5,7,9,6,10,10,10,7,11,4,2,5,4,6,3,3,7,4,7,5,0,4,0,6,5,7,0,11,9,5,3,6,10,11,11,8,11,6,7,4,7,7,8,4,11,11,0,11,0,6,6,8,6,9,10,11,9,11,11,6,6,4,9,5,9,4,4,5,9,9,2,10,2,4,5,6,11,5,10,2,3,11,6,3,5,4,9,6,11,2,10,2,11,11,3,3,8,5,9,7,4,3
0,7,7,7,7,8,10,3,11,2,10,6,6,9,5,3,10,3,10,11,6,8,5,5,9,4,6,0,0,3,4,4,0,0,5,5,7,0,9,8,3,3,8,0,4,2,4,9,6,8,10,7,11,11,11,8,0,5,3,6,5,7,4,4,8,5,8,6,2,5,2,7,6,8,2,0,10,6,4,7,11,0,0,9,0,7,8,5,8,8,9,5,0,0,2,0,2,7,7,9,7,10,11,0,10,0,0,7,7,5,10,6,10,5,5,6,10,10,3,11,3,5,6,7,0,6,11,3,4,0,7,4,6,5,10,7,0,3,11,3,0,0,4,4,9,6,10,8,5,4
2,8,8,8,8,9,11,4,0,3,11,7,7,10,6,4,11,4,11,0,7,9,6,6,10,5,7,2,2,4,5,5,2,2,6,6,8,2,10,9,4,4,9,2,5,3,5,10,7,9,11,8,0,0,0,9,2,6,4,7,6,8,5,5,9,6,9,7,3,6,3,8,7,9,3,2,11,7,5,8,0,2,2,10,2,8,9,6,9,9,10,6,2,2,3,2,3,8,8,10,8,11,0,2,11,2,2,8,8,6,11,7,11,6,6,7,11,11,4,0,4,6,7,8,2,7,0,4,5,2,8,5,7,6,11,8,2,4,0,4,2,2,5,5,10,7,11,9,6,5
3,9,9,9,9,10,0,5,2,4,0,8,8,11,7,5,0,5,0,2,8,10,7,7,11,6,8,3,3,5,6,6,3,3,7,7,9,3,11,10,5,5,10,3,6,4,6,11,8,10,0,9,2,2,2,10,3,7,5,8,7,9,6,6,10,7,10,8,4,7,4,9,8,10,4,3,0,8,6,9,2,3,3,11,3,9,10,7,10,10,11,7,3,3,4,3,4,9,9,11,9,0,2,3,0,3,3,9,9,7,0,8,0,7,7,8,0,0,5,2,5,7,8,9,3,8,2,5,6,3,9,6,8,7,0,9,3,5,2,5,3,3,6,6,11,8,0,10,7,6
4,10,10,10,10,11,2,6,3,5,2,9,9,0,8,6,2,6,2,3,9,11,8,8,0,7,9,4,4,6,7,7,4,4,8,8,10,4,0,11,6,6,11,4,7,5,7,0,9,11,2,10,3,3,3,11,4,8,6,9,8,10,7,7,11,8,11,9,5,8,5,10,9,11,5,4,2,9,7,10,3,4,4,0,4,10,11,8,11,11,0,8,4,4,5,4,5,10,10,0,10,2,3,4,2,4,4,10,10,8,2,9,2,8,8,9,2,2,6,3,6,8,9,10,4,9,3,6,7,4,10,7,9,8,2,10,4,6,3,6,4,4,7,7,0,9,2,11,8,7
5,11,11,11,11,0,3,7,4,6,3,10,10,2,9,7,3,7,3,4,10,0,9,9,2,8,10,5,5,7,8,8,5,5,9,9,11,5,2,0,7,7,0,5,8,6,8,2,10,0,3,11,4,4,4,0,5,9,7,10,9,11,8,8,0,9,0,10,6,9,6,11,10,0,6,5,3,10,8,11,4,5,5,2,5,11,0,9,0,0,2,9,5,5,6,5,6,11,11,2,11,3,4,5,3,5,5,11,11,9,3,10,3,9,9,10,3,3,7,4,7,9,10,11,5,10,4,7,8,5,11,8,10,9,3,11,5,7,4,7,5,5,8,8,2,10,3,0,9,8
6,0,0,0,0,2,4,8,5,7,4,11,11,3,10,8,4,8,4,5,11,2,10,10,3,9,11,6,6,8,9,9,6,6,10,10,0,6,3,2,8,8,2,6,9,7,9,3,11,2,4,0,5,5,5,2,6,10,8,11,10,0,9,9,2,10,2,11,7,10,7,0,11,2,7,6,4,11,9,0,5,6,6,3,6,0,2,10,2,2,3,10,6,6,7,6,7,0,0,3,0,4,5,6,4,6,6,0,0,10,4,11,4,10,10,11,4,4,8,5,8,10,11,0,6,11,5,8,9,6,0,9,11,10,4,0,6,8,5,8,6,6,9,9,3,11,4,2,10,9
7,2,2,2,2,3,5,9,6,8,5,0,0,4,11,9,5,9,5,6,0,3,11,11,4,10,0,7,7,9,10,10,7,7,11,11,2,7,4,3,9,9,3,7,10,8,10,4,0,3,5,2,6,6,6,3,7,11,9,0,11,2,10,10,3,11,3,0,8,11,8,2,0,3,8,7,5,0,10,2,6,7,7,4,7,2,3,11,3,3,4,11,7,7,8,7,8,2,2,4,2,5,6,7,5,7,7,2,2,11,5,0,5,11,11,0,5,5,9,6,9,11,0,2,7,0,6,9,10,7,2,10,0,11,5,2,7,9,6,9,7,7,10,10,4,0,5,3,11,10
8,3,3,3,3,4,6,10,7,9,6,2,2,5,0,10,6,10,6,7,2,4,0,0,5,11,2,8,8,10,11,11,8,8,0,0,3,8,5,4,10,10,4,8,11,9,11,5,2,4,6,3,7,7,7,4,8,0,10,2,0,3,11,11,4,0,4,2,9,0,9,3,2,4,9,8,6,2,11,3,7,8,8,5,8,3,4,0,4,4,5,0,8,8,9,8,9,3,3,5,3,6,7,8,6,8,8,3,3,0,6,2,6,0,0,2,6,6,10,7,10,0,2,3,8,2,7,10,11,8,3,11,2,0,6,3,8,10,7,10,8,8,11,11,5,2,6,4,0,11
9,4,4,4,4,5,7,11,8,10,7,3,3,6,2,11,7,11,7,8,3,5,2,2,6,0,3,9,9,11,0,0,9,9,2,2,4,9,6,5,11,11,5,9,0,10,0,6,3,5,7,4,8,8,8,5,9,2,11,3,2,4,0,0,5,2,5,3,10,2,10,4,3,5,10,9,7,3,0,4,8,9,9,6,9,4,5,2,5,5,6,2,9,9,10,9,10,4,4,6,4,7,8,9,7,9,9,4,4,2,7,3,7,2,2,3,7,7,11,8,11,2,3,4,9,3,8,11,0,9,4,0,3,2,7,4,9,11,8,11,9,9,0,0,6,3,7,5,2,0
10,5,5,5,5,6,8,0,9,11,8,4,4,7,3,0,8,0,8,9,4,6,3,3,7,2,4,10,10,0,2,2,10,10,3,3,5,10,7,6,0,0,6,10,2,11,2,7,4,6,8,5,9,9,9,6,10,3,0,4,3,5,2,2,6,3,6,4,11,3,11,5,4,6,11,10,8,4,2,5,9,10,10,7,10,5,6,3,6,6,7,3,10,10,11,10,11,5,5,7,5,8,9,10,8,10,10,5,5,3,8,4,8,3,3,4,8,8,0,9,0,3,4,5,10,4,9,0,2,10,5,2,4,3,8,5,10,0,9,0,10,10,2,2,7,4,8,6,3,2
11,6,6,6,6,7,9,2,10,0,9,5,5,8,4,2,9,2,9,10,5,7,4,4,8,3,5,11,11,2,3,3,11,11,4,4,6,11,8,7,2,2,7,11,3,0,3,8,5,7,9,6,10,10,10,7,11,4,2,5,4,6,3,3,7,4,7,5,0,4,0,6,5,7,0,11,9,5,3,6,10,11,11,8,11,6,7,4,7,7,8,4,11,11,0,11,0,6,6,8,6,9,10,11,9,11,11,6,6,4,9,5,9,4,4,5,9,9,2,10,2,4,5,6,11,5,10,2,3,11,6,3,5,4,9,6,11,2,10,2,11,11,3,3,8,5,9,7,4,3
0,7,7,7,7,8,10,3,11,2,10,6,6,9,5,3,10,3,10,11,6,8,5,5,9,4,6,0,0,3,4,4,0,0,5,5,7,0,9,8,3,3,8,0,4,2,4,9,6,8,10,7,11,11,11,8,0,5,3,6,5,7,4,4,8,5,8,6,2,5,2,7,6,8,2,0,10,6,4,7,11,0,0,9,0,7,8,5,8,8,9,5,0,0,2,0,2,7,7,9,7,10,11,0,10,0,0,7,7,5,10,6,10,5,5,6,10,10,3,11,3,5,6,7,0,6,11,3,4,0,7,4,6,5,10,7,0,3,11,3,0,0,4,4,9,6,10,8,5,4
2,8,8,8,8,9,11,4,0,3,11,7,7,10,6,4,11,4,11,0,7,9,6,6,10,5,7,2,2,4,5,5,2,2,6,6,8,2,10,9,4,4,9,2,5,3,5,10,7,9,11,8,0,0,0,9,2,6,4,7,6,8,5,5,9,6,9,7,3,6,3,8,7,9,3,2,11,7,5,8,0,2,2,10,2,8,9,6,9,9,10,6,2,2,3,2,3,8,8,10,8,11,0,2,11,2,2,8,8,6,11,7,11,6,6,7,11,11,4,0,4,6,7,8,2,7,0,4,5,2,8,5,7,6,11,8,2,4,0,4,2,2,5,5,10,7,11,9,6,5
3,9,9,9,9,10,0,5,2,4,0,8,8,11,7,5,0,5,0,2,8,10,7,7,11,6,8,3,3,5,6,6,3,3,7,7,9,3,11,10,5,5,10,3,6,4,6,11,8,10,0,9,2,2,2,10,3,7,5,8,7,9,6,6,10,7,10,8,4,7,4,9,8,10,4,3,0,8,6,9,2,3,3,11,3,9,10,7,10,10,11,7,3,3,4,3,4,9,9,11,9,0,2,3,0,3,3,9,9,7,0,8,0,7,7,8,0,0,5,2,5,7,8,9,3,8,2,5,6,3,9,6,8,7,0,9,3,5,2,5,3,3,6,6,11,8,0,10,7,6
4,10,10,10,10,11,2,6,3,5,2,9,9,0,8,6,2,6,2,3,9,11,8,8,0,7,9,4,4,6,7,7,4,4,8,8,10,4,0,11,6,6,11,4,7,5,7,0,9,11,2,10,3,3,3,11,4,8,6,9,8,10,7,7,11,8,11,9,5,8,5,10,9,11,5,4,2,9,7,10,3,4,4,0,4,10,11,8,11,11,0,8,4,4,5,4,5,10,10,0,10,2,3,4,2,4,4,10,10,8,2,9,2,8,8,9,2,2,6,3,6,8,9,10,4,9,3,6,7,4,10,7,9,8,2,10,4,6,3,6,4,4,7,7,0,9,2,11,8,7
5,11,11,11,11,0,3,7,4,6,3,10,10,2,9,7,3,7,3,4,10,0,9,9,2,8,10,5,5,7,8,8,5,5,9,9,11,5,2,0,7,7,0,5,8,6,8,2,10,0,3,11,4,4,4,0,5,9,7,10,9,11,8,8,0,9,0,10,6,9,6,11,10,0,6,5,3,10,8,11,4,5,5,2,5,11,0,9,0,0,2,9,5,5,6,5,6,11,11,2,11,3,4,5,3,5,5,11,11,9,3,10,3,9,9,10,3,3,7,4,7,9,10,11,5,10,4,7,8,5,11,8,10,9,3,11,5,7,4,7,5,5,8,8,2,10,3,0,9,8
6,0,0,0,0,2,4,8,5,7,4,11,11,3,10,8,4,8,4,5,11,2,10,10,3,9,11,6,6,8,9,9,6,6,10,10,0,6,3,2,8,8,2,6,9,7,9,3,11,2,4,0,5,5,5,2,6,10,8,11,10,0,9,9,2,10,2,11,7,10,7,0,11,2,7,6,4,11,9,0,5,6,6,3,6,0,2,10,2,2,3,10,6,6,7,6,7,0,0,3,0,4,5,6,4,6,6,0,0,10,4,11,4,10,10,11,4,4,8,5,8,10,11,0,6,11,5,8,9,6,0,9,11,10,4,0,6,8,5,8,6,6,9,9,3,11,4,2,10,9
7,2,2,2,2,3,5,9,6,8,5,0,0,4,11,9,5,9,5,6,0,3,11,11,4,10,0,7,7,9,10,10,7,7,11,11,2,7,4,3,9,9,3,7,10,8,10,4,0,3,5,2,6,6,6,3,7,11,9,0,11,2,10,10,3,11,3,0,8,11,8,2,0,3,8,7,5,0,10,2,6,7,7,4,7,2,3,11,3,3,4,11,7,7,8,7,8,2,2,4,2,5,6,7,5,7,7,2,2,11,5,0,5,11,11,0,5,5,9,6,9,11,0,2,7,0,6,9,10,7,2,10,0,11,5,2,7,9,6,9,7,7,10,10,4,0,5,3,11,10
8,3,3,3,3,4,6,10,7,9,6,2,2,5,0,10,6,10,6,7,2,4,0,0,5,11,2,8,8,10,11,11,8,8,0,0,3,8,5,4,10,10,4,8,11,9,11,5,2,4,6,3,7,7,7,4,8,0,10,2,0,3,11,11,4,0,4,2,9,0,9,3,2,4,9,8,6,2,11,3,7,8,8,5,8,3,4,0,4,4,5,0,8,8,9,8,9,3,3,5,3,6,7,8,6,8,8,3,3,0,6,2,6,0,0,2,6,6,10,7,10,0,2,3,8,2,7,10,11,8,3,11,2,0,6,3,8,10,7,10,8,8,11,11,5,2,6,4,0,11
9,4,4,4,4,5,7,11,8,10,7,3,3,6,2,11,7,11,7,8,3,5,2,2,6,0,3,9,9,11,0,0,9,9,2,2,4,9,6,5,11,11,5,9,0,10,0,6,3,5,7,4,8,8,8,5,9,2,11,3,2,4,0,0,5,2,5,3,10,2,10,4,3,5,10,9,7,3,0,4,8,9,9,6,9,4,5,2,5,5,6,2,9,9,10,9,10,4,4,6,4,7,8,9,7,9,9,4,4,2,7,3,7,2,2,3,7,7,11,8,11,2,3,4,9,3,8,11,0,9,4,0,3,2,7,4,9,11,8,11,9,9,0,0,6,3,7,5,2,0
10,5,5,5,5,6,8,0,9,11,8,4,4,7,3,0,8,0,8,9,4,6,3,3,7,2,4,10,10,0,2,2,10,10,3,3,5,10,7,6,0,0,6,10,2,11,2,7,4,6,8,5,9,9,9,6,10,3,0,4,3,5,2,2,6,3,6,4,11,3,11,5,4,6,11,10,8,4,2,5,9,10,10,7,10,5,6,3,6,6,7,3,10,10,11,10,11,5,5,7,5,8,9,10,8,10,10,5,5,3,8,4,8,3,3,4,8,8,0,9,0,3,4,5,10,4,9,0,2,10,5,2,4,3,8,5,10,0,9,0,10,10,2,2,7,4,8,6,3,2
11,6,6,6,6,7,9,2,10,0,9,5,5,8,4,2,9,2,9,10,5,7,4,4,8,3,5,11,11,2,3,3,11,11,4,4,6,11,8,7,2,2,7,11,3,0,3,8,5,7,9,6,10,10,10,7,11,4,2,5,4,6,3,3,7,4,7,5,0,4,0,6,5,7,0,11,9,5,3,6,10,11,11,8,11,6,7,4,7,7,8,4,11,11,0,11,0,6,6,8,6,9,10,11,9,11,11,6,6,4,9,5,9,4,4,5,9,9,2,10,2,4,5,6,11,5,10,2,3,11,6,3,5,4,9,6,11,2,10,2,11,11,3,3,8,5,9,7,4,3
0,7,7,7,7,8,10,3,11,2,10,6,6,9,5,3,10,3,10,11,6,8,5,5,9,4,6,0,0,3,4,4,0,0,5,5,7,0,9,8,3,3,8,0,4,2,4,9,6,8,10,7,11,11,11,8,0,5,3,6,5,7,4,4,8,5,8,6,2,5,2,7,6,8,2,0,10,6,4,7,11,0,0,9,0,7,8,5,8,8,9,5,0,0,2,0,2,7,7,9,7,10,11,0,10,0,0,7,7,5,10,6,10,5,5,6,10,10,3,11,3,5,6,7,0,6,11,3,4,0,7,4,6,5,10,7,0,3,11,3,0,0,4,4,9,6,10,8,5,4
2,8,8,8,8,9,11,4,0,3,11,7,7,10,6,4,11,4,11,0,7,9,6,6,10,5,7,2,2,4,5,5,2,2,6,6,8,2,10,9,4,4,9,2,5,3,5,10,7,9,11,8,0,0,0,9,2,6,4,7,6,8,5,5,9,6,9,7,3,6,3,8,7,9,3,2,11,7,5,8,0,2,2,10,2,8,9,6,9,9,10,6,2,2,3,2,3,8,8,10,8,11,0,2,11,2,2,8,8,6,11,7,11,6,6,7,11,11,4,0,4,6,7,8,2,7,0,4,5,2,8,5,7,6,11,8,2,4,0,4,2,2,5,5,10,7,11,9,6,5
3,9,9,9,9,10,0,5,2,4,0,8,8,11,7,5,0,5,0,2,8,10,7,7,11,6,8,3,3,5,6,6,3,3,7,7,9,3,11,10,5,5,10,3,6,4,6,11,8,10,0,9,2,2,2,10,3,7,5,8,7,9,6,6,10,7,10,8,4,7,4,9,8,10,4,3,0,8,6,9,2,3,3,11,3,9,10,7,10,10,11,7,3,3,4,3,4,9,9,11,9,0,2,3,0,3,3,9,9,7,0,8,0,7,7,8,0,0,5,2,5,7,8,9,3,8,2,5,6,3,9,6,8,7,0,9,3,5,2,5,3,3,6,6,11,8,0,10,7,6
4,10,10,10,10,11,2,6,3,5,2,9,9,0,8,6,2,6,2,3,9,11,8,8,0,7,9,4,4,6,7,7,4,4,8,8,10,4,0,11,6,6,11,4,7,5,7,0,9,11,2,10,3,3,3,11,4,8,6,9,8,10,7,7,11,8,11,9,5,8,5,10,9,11,5,4,2,9,7,10,3,4,4,0,4,10,11,8,11,11,0,8,4,4,5,4,5,10,10,0,10,2,3,4,2,4,4,10,10,8,2,9,2,8,8,9,2,2,6,3,6,8,9,10,4,9,3,6,7,4,10,7,9,8,2,10,4,6,3,6,4,4,7,7,0,9,2,11,8,7
5,11,11,11,11,0,3,7,4,6,3,10,10,2,9,7,3,7,3,4,10,0,9,9,2,8,10,5,5,7,8,8,5,5,9,9,11,5,2,0,7,7,0,5,8,6,8,2,10,0,3,11,4,4,4,0,5,9,7,10,9,11,8,8,0,9,0,10,6,9,6,11,10,0,6,5,3,10,8,11,4,5,5,2,5,11,0,9,0,0,2,9,5,5,6,5,6,11,11,2,11,3,4,5,3,5,5,11,11,9,3,10,3,9,9,10,3,3,7,4,7,9,10,11,5,10,4,7,8,5,11,8,10,9,3,11,5,7,4,7,5,5,8,8,2,10,3,0,9,8
6,0,0,0,0,2,4,8,5,7,4,11,11,3,10,8,4,8,4,5,11,2,10,10,3,9,11,6,6,8,9,9,6,6,10,10,0,6,3,2,8,8,2,6,9,7,9,3,11,2,4,0,5,5,5,2,6,10,8,11,10,0,9,9,2,10,2,11,7,10,7,0,11,2,7,6,4,11,9,0,5,6,6,3,6,0,2,10,2,2,3,10,6,6,7,6,7,0,0,3,0,4,5,6,4,6,6,0,0,10,4,11,4,10,10,11,4,4,8,5,8,10,11,0,6,11,5,8,9,6,0,9,11,10,4,0,6,8,5,8,6,6,9,9,3,11,4,2,10,9
7,2,2,2,2,3,5,9,6,8,5,0,0,4,11,9,5,9,5,6,0,3,11,11,4,10,0,7,7,9,10,10,7,7,11,11,2,7,4,3,9,9,3,7,10,8,10,4,0,3,5,2,6,6,6,3,7,11,9,0,11,2,10,10,3,11,3,0,8,11,8,2,0,3,8,7,5,0,10,2,6,7,7,4,7,2,3,11,3,3,4,11,7,7,8,7,8,2,2,4,2,5,6,7,5,7,7,2,2,11,5,0,5,11,11,0,5,5,9,6,9,11,0,2,7,0,6,9,10,7,2,10,0,11,5,2,7,9,6,9,7,7,10,10,4,0,5,3,11,10
8,3,3,3,3,4,6,10,7,9,6,2,2,5,0,10,6,10,6,7,2,4,0,0,5,11,2,8,8,10,11,11,8,8,0,0,3,8,5,4,10,10,4,8,11,9,11,5,2,4,6,3,7,7,7,4,8,0,10,2,0,3,11,11,4,0,4,2,9,0,9,3,2,4,9,8,6,2,11,3,7,8,8,5,8,3,4,0,4,4,5,0,8,8,9,8,9,3,3,5,3,6,7,8,6,8,8,3,3,0,6,2,6,0,0,2,6,6,10,7,10,0,2,3,8,2,7,10,11,8,3,11,2,0,6,3,8,10,7,10,8,8,11,11,5,2,6,4,0,11
9,4,4,4,4,5,7,11,8,10,7,3,3,6,2,11,7,11,7,8,3,5,2,2,6,0,3,9,9,11,0,0,9,9,2,2,4,9,6,5,11,11,5,9,0,10,0,6,3,5,7,4,8,8,8,5,9,2,11,3,2,4,0,0,5,2,5,3,10,2,10,4,3,5,10,9,7,3,0,4,8,9,9,6,9,4,5,2,5,5,6,2,9,9,10,9,10,4,4,6,4,7,8,9,7,9,9,4,4,2,7,3,7,2,2,3,7,7,11,8,11,2,3,4,9,3,8,11,0,9,4,0,3,2,7,4,9,11,8,11,9,9,0,0,6,3,7,5,2,0
10,5,5,5,5,6,8,0,9,11,8,4,4,7,3,0,8,0,8,9,4,6,3,3,7,2,4,10,10,0,2,2,10,10,3,3,5,10,7,6,0,0,6,10,2,11,2,7,4,6,8,5,9,9,9,6,10,3,0,4,3,5,2,2,6,3,6,4,11,3,11,5,4,6,11,10,8,4,2,5,9,10,10,7,10,5,6,3,6,6,7,3,10,10,11,10,11,5,5,7,5,8,9,10,8,10,10,5,5,3,8,4,8,3,3,4,8,8,0,9,0,3,4,5,10,4,9,0,2,10,5,2,4,3,8,5,10,0,9,0,10,10,2,2,7,4,8,6,3,2
11,6,6,6,6,7,9,2,10,0,9,5,5,8,4,2,9,2,9,10,5,7,4,4,8,3,5,11,11,2,3,3,11,11,4,4,6,11,8,7,2,2,7,11,3,0,3,8,5,7,9,6,10,10,10,7,11,4,2,5,4,6,3,3,7,4,7,5,0,4,0,6,5,7,0,11,9,5,3,6,10,11,11,8,11,6,7,4,7,7,8,4,11,11,0,11,0,6,6,8,6,9,10,11,9,11,11,6,6,4,9,5,9,4,4,5,9,9,2,10,2,4,5,6,11,5,10,2,3,11,6,3,5,4,9,6,11,2,10,2,11,11,3,3,8,5,9,7,4,3
0,7,7,7,7,8,10,3,11,2,10,6,6,9,5,3,10,3,10,11,6,8,5,5,9,4,6,0,0,3,4,4,0,0,5,5,7,0,9,8,3,3,8,0,4,2,4,9,6,8,10,7,11,11,11,8,0,5,3,6,5,7,4,4,8,5,8,6,2,5,2,7,6,8,2,0,10,6,4,7,11,0,0,9,0,7,8,5,8,8,9,5,0,0,2,0,2,7,7,9,7,10,11,0,10,0,0,7,7,5,10,6,10,5,5,6,10,10,3,11,3,5,6,7,0,6,11,3,4,0,7,4,6,5,10,7,0,3,11,3,0,0,4,4,9,6,10,8,5,4
2,8,8,8,8,9,11,4,0,3,11,7,7,10,6,4,11,4,11,0,7,9,6,6,10,5,7,2,2,4,5,5,2,2,6,6,8,2,10,9,4,4,9,2,5,3,5,10,7,9,11,8,0,0,0,9,2,6,4,7,6,8,5,5,9,6,9,7,3,6,3,8,7,9,3,2,11,7,5,8,0,2,2,10,2,8,9,6,9,9,10,6,2,2,3,2,3,8,8,10,8,11,0,2,11,2,2,8,8,6,11,7,11,6,6,7,11,11,4,0,4,6,7,8,2,7,0,4,5,2,8,5,7,6,11,8,2,4,0,4,2,2,5,5,10,7,11,9,6,5
3,9,9,9,9,10,0,5,2,4,0,8,8,11,7,5,0,5,0,2,8,10,7,7,11,6,8,3,3,5,6,6,3,3,7,7,9,3,11,10,5,5,10,3,6,4,6,11,8,10,0,9,2,2,2,10,3,7,5,8,7,9,6,6,10,7,10,8,4,7,4,9,8,10,4,3,0,8,6,9,2,3,3,11,3,9,10,7,10,10,11,7,3,3,4,3,4,9,9,11,9,0,2,3,0,3,3,9,9,7,0,8,0,7,7,8,0,0,5,2,5,7,8,9,3,8,2,5,6,3,9,6,8,7,0,9,3,5,2,5,3,3,6,6,11,8,0,10,7,6
4,10,10,10,10,11,2,6,3,5,2,9,9,0,8,6,2,6,2,3,9,11,8,8,0,7,9,4,4,6,7,7,4,4,8,8,10,4,0,11,6,6,11,4,7,5,7,0,9,11,2,10,3,3,3,11,4,8,6,9,8,10,7,7,11,8,11,9,5,8,5,10,9,11,5,4,2,9,7,10,3,4,4,0,4,10,11,8,11,11,0,8,4,4,5,4,5,10,10,0,10,2,3,4,2,4,4,10,10,8,2,9,2,8,8,9,2,2,6,3,6,8,9,10,4,9,3,6,7,4,10,7,9,8,2,10,4,6,3,6,4,4,7,7,0,9,2,11,8,7
5,11,11,11,11,0,3,7,4,6,3,10,10,2,9,7,3,7,3,4,10,0,9,9,2,8,10,5,5,7,8,8,5,5,9,9,11,5,2,0,7,7,0,5,8,6,8,2,10,0,3,11,4,4,4,0,5,9,7,10,9,11,8,8,0,9,0,10,6,9,6,11,10,0,6,5,3,10,8,11,4,5,5,2,5,11,0,9,0,0,2,9,5,5,6,5,6,11,11,2,11,3,4,5,3,5,5,11,11,9,3,10,3,9,9,10,3,3,7,4,7,9,10,11,5,10,4,7,8,5,11,8,10,9,3,11,5,7,4,7,5,5,8,8,2,10,3,0,9,8
6,0,0,0,0,2,4,8,5,7,4,11,11,3,10,8,4,8,4,5,11,2,10,10,3,9,11,6,6,8,9,9,6,6,10,10,0,6,3,2,8,8,2,6,9,7,9,3,11,2,4,0,5,5,5,2,6,10,8,11,10,0,9,9,2,10,2,11,7,10,7,0,11,2,7,6,4,11,9,0,5,6,6,3,6,0,2,10,2,2,3,10,6,6,7,6,7,0,0,3,0,4,5,6,4,6,6,0,0,10,4,11,4,10,10,11,4,4,8,5,8,10,11,0,6,11,5,8,9,6,0,9,11,10,4,0,6,8,5,8,6,6,9,9,3,11,4,2,10,9
7,2,2,2,2,3,5,9,6,8,5,0,0,4,11,9,5,9,5,6,0,3,11,11,4,10,0,7,7,9,10,10,7,7,11,11,2,7,4,3,9,9,3,7,10,8,10,4,0,3,5,2,6,6,6,3,7,11,9,0,11,2,10,10,3,11,3,0,8,11,8,2,0,3,8,7,5,0,10,2,6,7,7,4,7,2,3,11,3,3,4,11,7,7,8,7,8,2,2,4,2,5,6,7,5,7,7,2,2,11,5,0,5,11,11,0,5,5,9,6,9,11,0,2,7,0,6,9,10,7,2,10,0,11,5,2,7,9,6,9,7,7,10,10,4,0,5,3,11,10
8,3,3,3,3,4,6,10,7,9,6,2,2,5,0,10,6,10,6,7,2,4,0,0,5,11,2,8,8,10,11,11,8,8,0,0,3,8,5,4,10,10,4,8,11,9,11,5,2,4,6,3,7,7,7,4,8,0,10,2,0,3,11,11,4,0,4,2,9,0,9,3,2,4,9,8,6,2,11,3,7,8,8,5,8,3,4,0,4,4,5,0,8,8,9,8,9,3,3,5,3,6,7,8,6,8,8,3,3,0,6,2,6,0,0,2,6,6,10,7,10,0,2,3,8,2,7,10,11,8,3,11,2,0,6,3,8,10,7,10,8,8,11,11,5,2,6,4,0,11
9,4,4,4,4,5,7,11,8,10,7,3,3,6,2,11,7,11,7,8,3,5,2,2,6,0,3,9,9,11,0,0,9,9,2,2,4,9,6,5,11,11,5,9,0,10,0,6,3,5,7,4,8,8,8,5,9,2,11,3,2,4,0,0,5,2,5,3,10,2,10,4,3,5,10,9,7,3,0,4,8,9,9,6,9,4,5,2,5,5,6,2,9,9,10,9,10,4,4,6,4,7,8,9,7,9,9,4,4,2,7,3,7,2,2,3,7,7,11,8,11,2,3,4,9,3,8,11,0,9,4,0,3,2,7,4,9,11,8,11,9,9,0,0,6,3,7,5,2,0
10,5,5,5,5,6,8,0,9,11,8,4,4,7,3,0,8,0,8,9,4,6,3,3,7,2,4,10,10,0,2,2,10,10,3,3,5,10,7,6,0,0,6,10,2,11,2,7,4,6,8,5,9,9,9,6,10,3,0,4,3,5,2,2,6,3,6,4,11,3,11,5,4,6,11,10,8,4,2,5,9,10,10,7,10,5,6,3,6,6,7,3,10,10,11,10,11,5,5,7,5,8,9,10,8,10,10,5,5,3,8,4,8,3,3,4,8,8,0,9,0,3,4,5,10,4,9,0,2,10,5,2,4,3,8,5,10,0,9,0,10,10,2,2,7,4,8,6,3,2
11,6,6,6,6,7,9,2,10,0,9,5,5,8,4,2,9,2,9,10,5,7,4,4,8,3,5,11,11,2,3,3,11,11,4,4,6,11,8,7,2,2,7,11,3,0,3,8,5,7,9,6,10,10,10,7,11,4,2,5,4,6,3,3,7,4,7,5,0,4,0,6,5,7,0,11,9,5,3,6,10,11,11,8,11,6,7,4,7,7,8,4,11,11,0,11,0,6,6,8,6,9,10,11,9,11,11,6,6,4,9,5,9,4,4,5,9,9,2,10,2,4,5,6,11,5,10,2,3,11,6,3,5,4,9,6,11,2,10,2,11,11,3,3,8,5,9,7,4,3
0,7,7,7,7,8,10,3,11,2,10,6,6,9,5,3,10,3,10,11,6,8,5,5,9,4,6,0,0,3,4,4,0,0,5,5,7,0,9,8,3,3,8,0,4,2,4,9,6,8,10,7,11,11,11,8,0,5,3,6,5,7,4,4,8,5,8,6,2,5,2,7,6,8,2,0,10,6,4,7,11,0,0,9,0,7,8,5,8,8,9,5,0,0,2,0,2,7,7,9,7,10,11,0,10,0,0,7,7,5,10,6,10,5,5,6,10,10,3,11,3,5,6,7,0,6,11,3,4,0,7,4,6,5,10,7,0,3,11,3,0,0,4,4,9,6,10,8,5,4
2,8,8,8,8,9,11,4,0,3,11,7,7,10,6,4,11,4,11,0,7,9,6,6,10,5,7,2,2,4,5,5,2,2,6,6,8,2,10,9,4,4,9,2,5,3,5,10,7,9,11,8,0,0,0,9,2,6,4,7,6,8,5,5,9,6,9,7,3,6,3,8,7,9,3,2,11,7,5,8,0,2,2,10,2,8,9,6,9,9,10,6,2,2,3,2,3,8,8,10,8,11,0,2,11,2,2,8,8,6,11,7,11,6,6,7,11,11,4,0,4,6,7,8,2,7,0,4,5,2,8,5,7,6,11,8,2,4,0,4,2,2,5,5,10,7,11,9,6,5
3,9,9,9,9,10,0,5,2,4,0,8,8,11,7,5,0,5,0,2,8,10,7,7,11,6,8,3,3,5,6,6,3,3,7,7,9,3,11,10,5,5,10,3,6,4,6,11,8,10,0,9,2,2,2,10,3,7,5,8,7,9,6,6,10,7,10,8,4,7,4,9,8,10,4,3,0,8,6,9,2,3,3,11,3,9,10,7,10,10,11,7,3,3,4,3,4,9,9,11,9,0,2,3,0,3,3,9,9,7,0,8,0,7,7,8,0,0,5,2,5,7,8,9,3,8,2,5,6,3,9,6,8,7,0,9,3,5,2,5,3,3,6,6,11,8,0,10,7,6
4,10,10,10,10,11,2,6,3,5,2,9,9,0,8,6,2,6,2,3,9,11,8,8,0,7,9,4,4,6,7,7,4,4,8,8,10,4,0,11,6,6,11,4,7,5,7,0,9,11,2,10,3,3,3,11,4,8,6,9,8,10,7,7,11,8,11,9,5,8,5,10,9,11,5,4,2,9,7,10,3,4,4,0,4,10,11,8,11,11,0,8,4,4,5,4,5,10,10,0,10,2,3,4,2,4,4,10,10,8,2,9,2,8,8,9,2,2,6,3,6,8,9,10,4,9,3,6,7,4,10,7,9,8,2,10,4,6,3,6,4,4,7,7,0,9,2,11,8,7
5,11,11,11,11,0,3,7,4,6,3,10,10,2,9,7,3,7,3,4,10,0,9,9,2,8,10,5,5,7,8,8,5,5,9,9,11,5,2,0,7,7,0,5,8,6,8,2,10,0,3,11,4,4,4,0,5,9,7,10,9,11,8,8,0,9,0,10,6,9,6,11,10,0,6,5,3,10,8,11,4,5,5,2,5,11,0,9,0,0,2,9,5,5,6,5,6,11,11,2,11,3,4,5,3,5,5,11,11,9,3,10,3,9,9,10,3,3,7,4,7,9,10,11,5,10,4,7,8,5,11,8,10,9,3,11,5,7,4,7,5,5,8,8,2,10,3,0,9,8
6,0,0,0,0,2,4,8,5,7,4,11,11,3,10,8,4,8,4,5,11,2,10,10,3,9,11,6,6,8,9,9,6,6,10,10,0,6,3,2,8,8,2,6,9,7,9,3,11,2,4,0,5,5,5,2,6,10,8,11,10,0,9,9,2,10,2,11,7,10,7,0,11,2,7,6,4,11,9,0,5,6,6,3,6,0,2,10,2,2,3,10,6,6,7,6,7,0,0,3,0,4,5,6,4,6,6,0,0,10,4,11,4,10,10,11,4,4,8,5,8,10,11,0,6,11,5,8,9,6,0,9,11,10,4,0,6,8,5,8,6,6,9,9,3,11,4,2,10,9
7,2,2,2,2,3,5,9,6,8,5,0,0,4,11,9,5,9,5,6,0,3,11,11,4,10,0,7,7,9,10,10,7,7,11,11,2,7,4,3,9,9,3,7,10,8,10,4,0,3,5,2,6,6,6,3,7,11,9,0,11,2,10,10,3,11,3,0,8,11,8,2,0,3,8,7,5,0,10,2,6,7,7,4,7,2,3,11,3,3,4,11,7,7,8,7,8,2,2,4,2,5,6,7,5,7,7,2,2,11,5,0,5,11,11,0,5,5,9,6,9,11,0,2,7,0,6,9,10,7,2,10,0,11,5,2,7,9,6,9,7,7,10,10,4,0,5,3,11,10
8,3,3,3,3,4,6,10,7,9,6,2,2,5,0,10,6,10,6,7,2,4,0,0,5,11,2,8,8,10,11,11,8,8,0,0,3,8,5,4,10,10,4,8,11,9,11,5,2,4,6,3,7,7,7,4,8,0,10,2,0,3,11,11,4,0,4,2,9,0,9,3,2,4,9,8,6,2,11,3,7,8,8,5,8,3,4,0,4,4,5,0,8,8,9,8,9,3,3,5,3,6,7,8,6,8,8,3,3,0,6,2,6,0,0,2,6,6,10,7,10,0,2,3,8,2,7,10,11,8,3,11,2,0,6,3,8,10,7,10,8,8,11,11,5,2,6,4,0,11
9,4,4,4,4,5,7,11,8,10,7,3,3,6,2,11,7,11,7,8,3,5,2,2,6,0,3,9,9,11,0,0,9,9,2,2,4,9,6,5,11,11,5,9,0,10,0,6,3,5,7,4,8,8,8,5,9,2,11,3,2,4,0,0,5,2,5,3,10,2,10,4,3,5,10,9,7,3,0,4,8,9,9,6,9,4,5,2,5,5,6,2,9,9,10,9,10,4,4,6,4,7,8,9,7,9,9,4,4,2,7,3,7,2,2,3,7,7,11,8,11,2,3,4,9,3,8,11,0,9,4,0,3,2,7,4,9,11,8,11,9,9,0,0,6,3,7,5,2,0
10,5,5,5,5,6,8,0,9,11,8,4,4,7,3,0,8,0,8,9,4,6,3,3,7,2,4,10,10,0,2,2,10,10,3,3,5,10,7,6,0,0,6,10,2,11,2,7,4,6,8,5,9,9,9,6,10,3,0,4,3,5,2,2,6,3,6,4,11,3,11,5,4,6,11,10,8,4,2,5,9,10,10,7,10,5,6,3,6,6,7,3,10,10,11,10,11,5,5,7,5,8,9,10,8,10,10,5,5,3,8,4,8,3,3,4,8,8,0,9,0,3,4,5,10,4,9,0,2,10,5,2,4,3,8,5,10,0,9,0,10,10,2,2,7,4,8,6,3,2
11,6,6,6,6,7,9,2,10,0,9,5,5,8,4,2,9,2,9,10,5,7,4,4,8,3,5,11,11,2,3,3,11,11,4,4,6,11,8,7,2,2,7,11,3,0,3,8,5,7,9,6,10,10,10,7,11,4,2,5,4,6,3,3,7,4,7,5,0,4,0,6,5,7,0,11,9,5,3,6,10,11,11,8,11,6,7,4,7,7,8,4,11,11,0,11,0,6,6,8,6,9,10,11,9,11,11,6,6,4,9,5,9,4,4,5,9,9,2,10,2,4,5,6,11,5,10,2,3,11,6,3,5,4,9,6,11,2,10,2,11,11,3,3,8,5,9,7,4,3
0,7,7,7,7,8,10,3,11,2,10,6,6,9,5,3,10,3,10,11,6,8,5,5,9,4,6,0,0,3,4,4,0,0,5,5,7,0,9,8,3,3,8,0,4,2,4,9,6,8,10,7,11,11,11,8,0,5,3,6,5,7,4,4,8,5,8,6,2,5,2,7,6,8,2,0,10,6,4,7,11,0,0,9,0,7,8,5,8,8,9,5,0,0,2,0,2,7,7,9,7,10,11,0,10,0,0,7,7,5,10,6,10,5,5,6,10,10,3,11,3,5,6,7,0,6,11,3,4,0,7,4,6,5,10,7,0,3,11,3,0,0,4,4,9,6,10,8,5,4
2,8,8,8,8,9,11,4,0,3,11,7,7,10,6,4,11,4,11,0,7,9,6,6,10,5,7,2,2,4,5,5,2,2,6,6,8,2,10,9,4,4,9,2,5,3,5,10,7,9,11,8,0,0,0,9,2,6,4,7,6,8,5,5,9,6,9,7,3,6,3,8,7,9,3,2,11,7,5,8,0,2,2,10,2,8,9,6,9,9,10,6,2,2,3,2,3,8,8,10,8,11,0,2,11,2,2,8,8,6,11,7,11,6,6,7,11,11,4,0,4,6,7,8,2,7,0,4,5,2,8,5,7,6,11,8,2,4,0,4,2,2,5,5,10,7,11,9,6,5
3,9,9,9,9,10,0,5,2,4,0,8,8,11,7,5,0,5,0,2,8,10,7,7,11,6,8,3,3,5,6,6,3,3,7,7,9,3,11,10,5,5,10,3,6,4,6,11,8,10,0,9,2,2,2,10,3,7,5,8,7,9,6,6,10,7,10,8,4,7,4,9,8,10,4,3,0,8,6,9,2,3,3,11,3,9,10,7,10,10,11,7,3,3,4,3,4,9,9,11,9,0,2,3,0,3,3,9,9,7,0,8,0,7,7,8,0,0,5,2,5,7,8,9,3,8,2,5,6,3,9,6,8,7,0,9,3,5,2,5,3,3,6,6,11,8,0,10,7,6
4,10,10,10,10,11,2,6,3,5,2,9,9,0,8,6,2,6,2,3,9,11,8,8,0,7,9,4,4,6,7,7,4,4,8,8,10,4,0,11,6,6,11,4,7,5,7,0,9,11,2,10,3,3,3,11,4,8,6,9,8,10,7,7,11,8,11,9,5,8,5,10,9,11,5,4,2,9,7,10,3,4,4,0,4,10,11,8,11,11,0,8,4,4,5,4,5,10,10,0,10,2,3,4,2,4,4,10,10,8,2,9,2,8,8,9,2,2,6,3,6,8,9,10,4,9,3,6,7,4,10,7,9,8,2,10,4,6,3,6,4,4,7,7,0,9,2,11,8,7
5,11,11,11,11,0,3,7,4,6,3,10,10,2,9,7,3,7,3,4,10,0,9,9,2,8,10,5,5,7,8,8,5,5,9,9,11,5,2,0,7,7,0,5,8,6,8,2,10,0,3,11,4,4,4,0,5,9,7,10,9,11,8,8,0,9,0,10,6,9,6,11,10,0,6,5,3,10,8,11,4,5,5,2,5,11,0,9,0,0,2,9,5,5,6,5,6,11,11,2,11,3,4,5,3,5,5,11,11,9,3,10,3,9,9,10,3,3,7,4,7,9,10,11,5,10,4,7,8,5,11,8,10,9,3,11,5,7,4,7,5,5,8,8,2,10,3,0,9,8
6,0,0,0,0,2,4,8,5,7,4,11,11,3,10,8,4,8,4,5,11,2,10,10,3,9,11,6,6,8,9,9,6,6,10,10,0,6,3,2,8,8,2,6,9,7,9,3,11,2,4,0,5,5,5,2,6,10,8,11,10,0,9,9,2,10,2,11,7,10,7,0,11,2,7,6,4,11,9,0,5,6,6,3,6,0,2,10,2,2,3,10,6,6,7,6,7,0,0,3,0,4,5,6,4,6,6,0,0,10,4,11,4,10,10,11,4,4,8,5,8,10,11,0,6,11,5,8,9,6,0,9,11,10,4,0,6,8,5,8,6,6,9,9,3,11,4,2,10,9
7,2,2,2,2,3,5,9,6,8,5,0,0,4,11,9,5,9,5,6,0,3,11,11,4,10,0,7,7,9,10,10,7,7,11,11,2,7,4,3,9,9,3,7,10,8,10,4,0,3,5,2,6,6,6,3,7,11,9,0,11,2,10,10,3,11,3,0,8,11,8,2,0,3,8,7,5,0,10,2,6,7,7,4,7,2,3,11,3,3,4,11,7,7,8,7,8,2,2,4,2,5,6,7,5,7,7,2,2,11,5,0,5,11,11,0,5,5,9,6,9,11,0,2,7,0,6,9,10,7,2,10,0,11,5,2,7,9,6,9,7,7,10,10,4,0,5,3,11,10
8,3,3,3,3,4,6,10,7,9,6,2,2,5,0,10,6,10,6,7,2,4,0,0,5,11,2,8,8,10,11,11,8,8,0,0,3,8,5,4,10,10,4,8,11,9,11,5,2,4,6,3,7,7,7,4,8,0,10,2,0,3,11,11,4,0,4,2,9,0,9,3,2,4,9,8,6,2,11,3,7,8,8,5,8,3,4,0,4,4,5,0,8,8,9,8,9,3,3,5,3,6,7,8,6,8,8,3,3,0,6,2,6,0,0,2,6,6,10,7,10,0,2,3,8,2,7,10,11,8,3,11,2,0,6,3,8,10,7,10,8,8,11,11,5,2,6,4,0,11
9,4,4,4,4,5,7,11,8,10,7,3,3,6,2,11,7,11,7,8,3,5,2,2,6,0,3,9,9,11,0,0,9,9,2,2,4,9,6,5,11,11,5,9,0,10,0,6,3,5,7,4,8,8,8,5,9,2,11,3,2,4,0,0,5,2,5,3,10,2,10,4,3,5,10,9,7,3,0,4,8,9,9,6,9,4,5,2,5,5,6,2,9,9,10,9,10,4,4,6,4,7,8,9,7,9,9,4,4,2,7,3,7,2,2,3,7,7,11,8,11,2,3,4,9,3,8,11,0,9,4,0,3,2,7,4,9,11,8,11,9,9,0,0,6,3,7,5,2,0
10,5,5,5,5,6,8,0,9,11,8,4,4,7,3,0,8,0,8,9,4,6,3,3,7,2,4,10,10,0,2,2,10,10,3,3,5,10,7,6,0,0,6,10,2,11,2,7,4,6,8,5,9,9,9,6,10,3,0,4,3,5,2,2,6,3,6,4,11,3,11,5,4,6,11,10,8,4,2,5,9,10,10,7,10,5,6,3,6,6,7,3,10,10,11,10,11,5,5,7,5,8,9,10,8,10,10,5,5,3,8,4,8,3,3,4,8,8,0,9,0,3,4,5,10,4,9,0,2,10,5,2,4,3,8,5,10,0,9,0,10,10,2,2,7,4,8,6,3,2
11,6,6,6,6,7,9,2,10,0,9,5,5,8,4,2,9,2,9,10,5,7,4,4,8,3,5,11,11,2,3,3,11,11,4,4,6,11,8,7,2,2,7,11,3,0,3,8,5,7,9,6,10,10,10,7,11,4,2,5,4,6,3,3,7,4,7,5,0,4,0,6,5,7,0,11,9,5,3,6,10,11,11,8,11,6,7,4,7,7,8,4,11,11,0,11,0,6,6,8,6,9,10,11,9,11,11,6,6,4,9,5,9,4,4,5,9,9,2,10,2,4,5,6,11,5,10,2,3,11,6,3,5,4,9,6,11,2,10,2,11,11,3,3,8,5,9,7,4,3
0,7,7,7,7,8,10,3,11,2,10,6,6,9,5,3,10,3,10,11,6,8,5,5,9,4,6,0,0,3,4,4,0,0,5,5,7,0,9,8,3,3,8,0,4,2,4,9,6,8,10,7,11,11,11,8,0,5,3,6,5,7,4,4,8,5,8,6,2,5,2,7,6,8,2,0,10,6,4,7,11,0,0,9,0,7,8,5,8,8,9,5,0,0,2,0,2,7,7,9,7,10,11,0,10,0,0,7,7,5,10,6,10,5,5,6,10,10,3,11,3,5,6,7,0,6,11,3,4,0,7,4,6,5,10,7,0,3,11,3,0,0,4,4,9,6,10,8,5,4
2,8,8,8,8,9,11,4,0,3,11,7,7,10,6,4,11,4,11,0,7,9,6,6,10,5,7,2,2,4,5,5,2,2,6,6,8,2,10,9,4,4,9,2,5,3,5,10,7,9,11,8,0,0,0,9,2,6,4,7,6,8,5,5,9,6,9,7,3,6,3,8,7,9,3,2,11,7,5,8,0,2,2,10,2,8,9,6,9,9,10,6,2,2,3,2,3,8,8,10,8,11,0,2,11,2,2,8,8,6,11,7,11,6,6,7,11,11,4,0,4,6,7,8,2,7,0,4,5,2,8,5,7,6,11,8,2,4,0,4,2,2,5,5,10,7,11,9,6,5
3,9,9,9,9,10,0,5,2,4,0,8,8,11,7,5,0,5,0,2,8,10,7,7,11,6,8,3,3,5,6,6,3,3,7,7,9,3,11,10,5,5,10,3,6,4,6,11,8,10,0,9,2,2,2,10,3,7,5,8,7,9,6,6,10,7,10,8,4,7,4,9,8,10,4,3,0,8,6,9,2,3,3,11,3,9,10,7,10,10,11,7,3,3,4,3,4,9,9,11,9,0,2,3,0,3,3,9,9,7,0,8,0,7,7,8,0,0,5,2,5,7,8,9,3,8,2,5,6,3,9,6,8,7,0,9,3,5,2,5,3,3,6,6,11,8,0,10,7,6
4,10,10,10,10,11,2,6,3,5,2,9,9,0,8,6,2,6,2,3,9,11,8,8,0,7,9,4,4,6,7,7,4,4,8,8,10,4,0,11,6,6,11,4,7,5,7,0,9,11,2,10,3,3,3,11,4,8,6,9,8,10,7,7,11,8,11,9,5,8,5,10,9,11,5,4,2,9,7,10,3,4,4,0,4,10,11,8,11,11,0,8,4,4,5,4,5,10,10,0,10,2,3,4,2,4,4,10,10,8,2,9,2,8,8,9,2,2,6,3,6,8,9,10,4,9,3,6,7,4,10,7,9,8,2,10,4,6,3,6,4,4,7,7,0,9,2,11,8,7
5,11,11,11,11,0,3,7,4,6,3,10,10,2,9,7,3,7,3,4,10,0,9,9,2,8,10,5,5,7,8,8,5,5,9,9,11,5,2,0,7,7,0,5,8,6,8,2,10,0,3,11,4,4,4,0,5,9,7,10,9,11,8,8,0,9,0,10,6,9,6,11,10,0,6,5,3,10,8,11,4,5,5,2,5,11,0,9,0,0,2,9,5,5,6,5,6,11,11,2,11,3,4,5,3,5,5,11,11,9,3,10,3,9,9,10,3,3,7,4,7,9,10,11,5,10,4,7,8,5,11,8,10,9,3,11,5,7,4,7,5,5,8,8,2,10,3,0,9,8
6,0,0,0,0,2,4,8,5,7,4,11,11,3,10,8,4,8,4,5,11,2,10,10,3,9,11,6,6,8,9,9,6,6,10,10,0,6,3,2,8,8,2,6,9,7,9,3,11,2,4,0,5,5,5,2,6,10,8,11,10,0,9,9,2,10,2,11,7,10,7,0,11,2,7,6,4,11,9,0,5,6,6,3,6,0,2,10,2,2,3,10,6,6,7,6,7,0,0,3,0,4,5,6,4,6,6,0,0,10,4,11,4,10,10,11,4,4,8,5,8,10,11,0,6,11,5,8,9,6,0,9,11,10,4,0,6,8,5,8,6,6,9,9,3,11,4,2,10,9
